{"type": "result", "data": {"idx": 0, "options": ["Media release", "Media tour", "Press room", "Promotional days/weeks"], "probs": [[0.009465127926780822, 0.9654693341792774, 0.015603465536445463, 0.009462072257496344], [0.006577658328594998, 0.9760143456587458, 0.012286769960479697, 0.005121225952179503], [0.0031298735122687418, 0.006621692487839423, 0.9827463170540045, 0.007502116845887297], [0.005164082567109241, 0.004555219730893747, 0.0066271637719579665, 0.9836535338300391], [0.004014311731996321, 0.007496700915997732, 0.9818740262078666, 0.006614961044139395], [0.004034158061784769, 0.004031404140781866, 0.0051769267789035555, 0.9867575109185298], [0.9652945699484278, 0.02003680231895432, 0.01072416767301794, 0.0039444599596000045], [0.9673584196398954, 0.020078061966683883, 0.009484798154052421, 0.0030787201393682297], [0.9685433921638277, 0.020102901007778427, 0.0073960021615827615, 0.003957704566811168], [0.9716676824519949, 0.017799012234933093, 0.008407657854072185, 0.0021256473589998867], [0.9683015977677292, 0.02277227126866945, 0.00652595099564929, 0.0024001798679521326], [0.9657074434660069, 0.022711262628124233, 0.00946868512158586, 0.00211260868428296], [0.0031314771048121673, 0.005849200162837521, 0.983510728134697, 0.007508594497653273], [0.0051647621953972754, 0.0045552166727776365, 0.006627158942854942, 0.9836528620889702], [0.005092706824840044, 0.9702916108573746, 0.010779683168216512, 0.013835999049568838], [0.004015745634002434, 0.9823120384579084, 0.010913103590472047, 0.0027591122176171745], [0.004025982343007965, 0.004559965935414025, 0.006634069331869317, 0.9847799822897086], [0.0031391015379699377, 0.005862407113878039, 0.9858261075718091, 0.00517238367634289], [0.004013668612655066, 0.007496711549406673, 0.9818755062650809, 0.006614113472857314], [0.00403181982989197, 0.004029067771634276, 0.0058617262297070245, 0.9860773860687667], [0.00663059960306458, 0.9839752471278661, 0.00663059960306458, 0.0027635535660047793], [0.006615093914181361, 0.9816141230874512, 0.009623406208266756, 0.00214737669010064], [0.00403181386265827, 0.004029451562854491, 0.005862817399706901, 0.9860759170747804], [0.004016853853687255, 0.007501978802665068, 0.982639422921967, 0.0058417443216805705]], "ideal": "B", "sampled": "B", "correct": true}}
{"type": "result", "data": {"idx": 1, "options": ["Quickly investigate to make certain your product is definitely the cause of the illness.", "Stop all sales of the product throughout the nation and issue a recall for that product.", "Stop sales of the product in the Albany, New York, market and issue a recall for that product.", "Issue a press release to the Albany, New York, market explaining how to treat the symptoms."], "probs": [[0.13151908772707516, 0.5894749474562783, 0.2168939753419016, 0.06211198937474501], [0.10951372724482786, 0.4330876960807545, 0.07527640052622601, 0.38212217604819165], [0.0665492127254994, 0.3829642888962367, 0.49177790415998757, 0.05870859411827635], [0.06038272627662533, 0.3065477734945591, 0.0603628369509088, 0.5727066631779067], [0.07053433436792199, 0.05491519407656589, 0.7583155119962642, 0.11623495945924789], [0.04542801325635758, 0.06608495565208262, 0.6271789985038948, 0.26130803248766504], [0.4189677331691974, 0.2540921625410476, 0.25417081087157883, 0.07276929331817618], [0.29863161290627016, 0.2325218652332043, 0.08555938430108435, 0.38328713745944115], [0.3755111061422683, 0.25806529192508865, 0.2924968141765181, 0.07392678765612487], [0.39272575103566176, 0.23817715649245275, 0.09929661826926597, 0.2698004741026195], [0.2546066806788442, 0.12028171238611354, 0.25470172027997234, 0.37040988655506996], [0.25062956656603397, 0.13411083416459454, 0.36475177508665085, 0.2505078240827206], [0.3298767208723163, 0.25684231517130673, 0.3299086689619127, 0.08337229489446428], [0.2732265584016922, 0.1877637742536013, 0.08868360272463909, 0.4503260645200674], [0.31554569456416875, 0.2784471060737408, 0.31562672708295897, 0.0903804721791315], [0.32989016663545834, 0.3298619736380623, 0.08340929572060027, 0.2568385639058791], [0.24897664411891254, 0.091582699236314, 0.2490405104948313, 0.4104001460499421], [0.16154006528832957, 0.06732559497033072, 0.5638302185979518, 0.20730412104338797], [0.055167989992346594, 0.0802441045652591, 0.7615706011476471, 0.10301730419474725], [0.03823941729816462, 0.08094501081191847, 0.5983622318726867, 0.2824533399172302], [0.07763399421226916, 0.44664513757059404, 0.12798091898827174, 0.3477399491288651], [0.08629405883406202, 0.4965368730765345, 0.18270456115733943, 0.23446450683206402], [0.05589477925541765, 0.4129161690103917, 0.11831544034174978, 0.4128736112924409], [0.05023355278006451, 0.2550328307148971, 0.5400615789185158, 0.1546720374865226]], "ideal": "B", "sampled": "B", "correct": true}}
{"type": "result", "data": {"idx": 2, "options": ["community relations", "consumer relations", "employee relations", "public issues"], "probs": [[0.0497517392026541, 0.8818706737788199, 0.03419383563960632, 0.03418375127891966], [0.03410973759358613, 0.8795731034011246, 0.05622547843406063, 0.030091680471228628], [0.043299552194874504, 0.049055606782502446, 0.8694571437076931, 0.03818769721492991], [0.019221248604479334, 0.019211968906104805, 0.03588224668134943, 0.9256845357080664], [0.03749992586297528, 0.05455644638122596, 0.8534064633765811, 0.054537164279217704], [0.02172323267563237, 0.03578953737133018, 0.019158731715877807, 0.9233284981371597], [0.8291612590996011, 0.09902124493220818, 0.046786332465710415, 0.025031163402480225], [0.8525528056796342, 0.07929976792437274, 0.04810184841563548, 0.020045577880357515], [0.8414655436217293, 0.10049872941718872, 0.0326322418948616, 0.025403484966220306], [0.8182810301903862, 0.09772972505468558, 0.05928653988252838, 0.02470270477239978], [0.8303575801630857, 0.1123766708121326, 0.025079335080584252, 0.03218641384419748], [0.8056614072223226, 0.12355218495671856, 0.035401513120767905, 0.03538489460019095], [0.038804061562397706, 0.04396250454655806, 0.8830105032521723, 0.034222930538871904], [0.017209543827079364, 0.015180036298588035, 0.028351794567897954, 0.9392586252064347], [0.056656673967065224, 0.8862595027265275, 0.026762720394160725, 0.03032110281224653], [0.04831463663114867, 0.8564580955074306, 0.0620292103962705, 0.033198057365150274], [0.01945824944103904, 0.028295000503223203, 0.015148444692616747, 0.937098305263121], [0.034042139236989934, 0.049526226693025505, 0.8778733773745658, 0.03855825659541876], [0.03458109652267724, 0.03457418610886536, 0.8916800419845605, 0.03916467528389687], [0.02196998828519263, 0.024886527285872918, 0.019379650594452683, 0.9337638337344818], [0.05588912622009749, 0.8741948056512538, 0.026400154601378584, 0.043515913427270014], [0.06240328981879026, 0.8613247480615888, 0.03339955148880267, 0.04287241053081831], [0.01948176100422867, 0.025000423237076314, 0.017184292345556264, 0.9383335233131387], [0.038404820051108596, 0.03839365163037887, 0.8739149895149876, 0.049286538703524924]], "ideal": "B", "sampled": "B", "correct": true}}
{"type": "result", "data": {"idx": 3, "options": ["1917", "1922", "1925", "1927"], "probs": [[0.25141015271697437, 0.5324636617893432, 0.15253862509783664, 0.06358756029584572], [0.23379285457036816, 0.49505152924585344, 0.1607196914935348, 0.11043592459024362], [0.2106640597471026, 0.3066035451693533, 0.44610553144476295, 0.03662686353878113], [0.2535077072949178, 0.36894044826126887, 0.2237736913900371, 0.1537781529537762], [0.18045024952914027, 0.26258235097702187, 0.49056843115111054, 0.06639896824272733], [0.22023916570486374, 0.2828918439297883, 0.3632403367877405, 0.13362865347760747], [0.5612647846486621, 0.3005005288848334, 0.09755823560340228, 0.040676450763102105], [0.5441170707348965, 0.29132958049906155, 0.10717416114437317, 0.05737918752166881], [0.41325030958246206, 0.2212654417909085, 0.28411043534151076, 0.08137381318511867], [0.481932394427559, 0.2580396792326666, 0.13815198631466763, 0.12187593992510683], [0.39181030084603663, 0.18513536589332313, 0.34587842480269165, 0.07717590835794859], [0.40190768822538986, 0.21516868677558423, 0.3130685798171865, 0.06985504508183941], [0.23957041679697388, 0.5073091832097939, 0.21147792899049725, 0.041642470902735], [0.29122431544602695, 0.4801942157163876, 0.12142461648879908, 0.10715685224878638], [0.28187387771287375, 0.5968709536169329, 0.09153313279190912, 0.02972203577828419], [0.2550400254256799, 0.6119106548094678, 0.08282063340656683, 0.0502286862582855], [0.2925764750803408, 0.2582261677525278, 0.292608572182984, 0.15658878488414743], [0.3360025957487377, 0.26172823296242836, 0.33610031756602143, 0.06616885362281245], [0.22038743554496582, 0.46664781764394064, 0.249804325370971, 0.06316042134012252], [0.2523150070559491, 0.4160855884110409, 0.19654492446170987, 0.13505447997130013], [0.23079374716688772, 0.6275235086598467, 0.09622509274730712, 0.04545765132595836], [0.227890044808028, 0.6195720252978241, 0.10765627747372955, 0.04488165232041835], [0.24904751032939032, 0.4653270105454806, 0.19399715379929244, 0.09162832522583667], [0.24962851495641322, 0.41171336323269275, 0.28293877942615636, 0.05571934228473767]], "ideal": "B", "sampled": "B", "correct": true}}
{"type": "result", "data": {"idx": 4, "options": ["Product-oriented", "Person-oriented", "Idea-oriented", "Message-oriented"], "probs": [[0.014985267741311174, 0.011670537813503948, 0.9272073920875756, 0.04613680225760919], [0.019771105818157695, 0.010584962233091804, 0.8407754190618157, 0.12886851278693476], [0.03356006221167836, 0.865795491490803, 0.029618749515497755, 0.07102569668202087], [0.03785943078575723, 0.8617377165814253, 0.08014308363197345, 0.020259768900844043], [0.04050178739594947, 0.8136844614079691, 0.035745235823839726, 0.11006851527224168], [0.04827022341317038, 0.8556707787441752, 0.07022808726939415, 0.025830910473260287], [0.02134506471775499, 0.012949189579935778, 0.9077087331233848, 0.057997012478924394], [0.025594840375274003, 0.01209271916523762, 0.7480679962559947, 0.21424444410349358], [0.05139599291703939, 0.12328137422931192, 0.021427112935278828, 0.8038955198183698], [0.09281896245630462, 0.25233753009075627, 0.6051892276880403, 0.04965427966489877], [0.028142755165139376, 0.024833488385044504, 0.015063730698312098, 0.931960025651504], [0.18266045358017918, 0.23456481280784844, 0.4965225461794067, 0.08625218733256568], [0.23229717167540737, 0.027746311077101, 0.02448826173500533, 0.7154682554124863], [0.07229217603427013, 0.023467824805371015, 0.8807790530032542, 0.02346094605710466], [0.172747127966316, 0.02649389325535122, 0.02649389325535122, 0.7742650854229816], [0.3932152341086555, 0.04145286494339243, 0.5050546846254623, 0.0602772162224897], [0.6893055841762749, 0.22382184235501293, 0.0565910286234624, 0.030281544745249862], [0.6784217927730343, 0.1943887762739999, 0.07151855500996722, 0.055670875842998624], [0.9178766660951733, 0.04569838891566799, 0.02158996987950011, 0.014834975009658568], [0.9306609104955207, 0.04089328566975157, 0.01932127912124981, 0.0091245246134779], [0.9097233224371808, 0.051327197307901695, 0.02424732331304623, 0.014702156841871232], [0.9372959101108601, 0.03634547800823629, 0.017169685968642753, 0.009188925812260848], [0.9427944644727064, 0.036556106925248674, 0.013451103439143706, 0.007198325062901131], [0.9391887731842568, 0.036418722291573995, 0.015185022609939657, 0.009207481814229581]], "ideal": "C", "sampled": "D", "correct": false}}
{"type": "result", "data": {"idx": 5, "options": ["to develop a vision statement", "to interpret trends for management", "to interpret the organization's business plan", "to consider the role public relations might play"], "probs": [[0.054688565427556506, 0.5880489944823634, 0.042594708498033165, 0.314667731492047], [0.06863740034730259, 0.651308829635005, 0.2114330514202203, 0.06862071849747203], [0.031788910897518514, 0.028061774808336742, 0.6386172616177985, 0.3015320525763462], [0.05679590457718134, 0.04423697533054918, 0.28846131892713206, 0.6105058010651374], [0.08677310754304961, 0.2359104673599864, 0.5659198333031213, 0.11139659169384261], [0.059964487470949915, 0.0872543855866315, 0.024996918530394364, 0.8277842083120243], [0.7812893186137162, 0.04409025121549034, 0.02082508747900042, 0.15379534259179306], [0.7351883053044413, 0.06840086727650418, 0.16411069033888984, 0.03230013698016461], [0.7695061010629046, 0.05575818971596858, 0.023243470245008425, 0.1514922388761184], [0.8763299085403454, 0.04944787601760131, 0.05603551181630173, 0.018186703525751514], [0.8076072680421342, 0.14036296907963716, 0.027644300152239877, 0.024385462625988678], [0.8284257284959967, 0.127068821153064, 0.025024368193041602, 0.01948108205789765], [0.04083397718050223, 0.028072916700530203, 0.7237995454936008, 0.20729356052536677], [0.07278093018186915, 0.03896815764903533, 0.19783908847668003, 0.6904118235924155], [0.08096189796114972, 0.2826074957564988, 0.038243696089734894, 0.5981869100926166], [0.10992585334186668, 0.6327229431182787, 0.20543261365540877, 0.051918589784445815], [0.09071923656272823, 0.11648580257195941, 0.03337374279502466, 0.7594212179702877], [0.14636335065989708, 0.2734853102862159, 0.5110280094432309, 0.06912332951065613], [0.5369039137355229, 0.09332240302432362, 0.28745326182759257, 0.08232042131256083], [0.3454477267839511, 0.0529948559274769, 0.032131642818180206, 0.5694257743703918], [0.5981936192395041, 0.32022647855729297, 0.038253242421045094, 0.043326659682157834], [0.7303007851501154, 0.20928555538781954, 0.03209967281295123, 0.028313986549113844], [0.36581201261215907, 0.07205114532829647, 0.030030087959212783, 0.5321067540003317], [0.70316438026344, 0.08400126326730946, 0.17783067654971652, 0.03500367981953404]], "ideal": "B", "sampled": "B", "correct": true}}
{"type": "result", "data": {"idx": 6, "options": ["When victims of abuse remain silent about the abuse", "When people hide their opinions if they do not agree with the majority", "When people hide their opinions if they are in disagreement with their close peers or family members", "When public relations uses opinion poll results to generate support for a particular issue"], "probs": [[0.0034381573989410046, 0.9531826209186068, 0.036956727751096576, 0.006422493831355523], [0.0036456432068321, 0.5406919931930998, 0.03457101207433353, 0.42109135142573456], [0.0022262579753926535, 0.09461559049378862, 0.8978190949747951, 0.005339056456023656], [0.005879562719891734, 0.19457947948063892, 0.029844375351642267, 0.7696965823478271], [0.0033366168800139004, 0.004854748619570454, 0.9248243814876235, 0.06698425291279221], [0.008423319062055644, 0.010814708626265315, 0.459772019247819, 0.52098995296386], [0.6342601282814975, 0.059007187398420584, 0.29968578108802685, 0.007046903132055094], [0.09958219026389455, 0.025180340407004485, 0.041508899772597876, 0.8337285694565031], [0.8496649692916296, 0.13031190951439423, 0.015564296856871013, 0.004458824237105156], [0.8461881667356456, 0.12978616612765506, 0.017564645229391936, 0.006461021807307404], [0.07106084803254269, 0.020359276813053204, 0.04309019253313912, 0.865489682521265], [0.12613365346547015, 0.040955972875935685, 0.822556693549823, 0.010353680008771161], [0.008422764044790795, 0.01081422812928318, 0.9733319909331866, 0.007431016792739424], [0.02202674594902394, 0.013355174311999196, 0.02827290490046479, 0.9363451747385121], [0.006590772875125914, 0.9780143388536529, 0.010865783464848136, 0.004529104706373137], [0.0074465237758494975, 0.9751594688936802, 0.012276605736009428, 0.005117401494460858], [0.03142255725788379, 0.01484034854779778, 0.03559728544504332, 0.9181398086492751], [0.012157362825061708, 0.013777134063988937, 0.9657104706913362, 0.008355032319613149], [0.003781322458134751, 0.004284799642016661, 0.9249320197262434, 0.06700185807360519], [0.007947729847871243, 0.009005029626188692, 0.49152362021297, 0.49152362021297], [0.005033477943440397, 0.45289243471798374, 0.02895476741789912, 0.5131193198206767], [0.004266474467086076, 0.9210482989251358, 0.06671659759593673, 0.007968628911841377], [0.005891608569558003, 0.283712924951648, 0.029903121442772768, 0.6804923449360212], [0.004793207062440717, 0.5537961607398662, 0.43126817649769883, 0.010142455599994342]], "ideal": "A", "sampled": "B", "correct": false}}
{"type": "result", "data": {"idx": 7, "options": ["Research and evaluation", "Strategy and evaluation", "Strategy and implementation", "Objectives and implementation"], "probs": [[0.3422730811749393, 0.38797503127785493, 0.18323409282470113, 0.08651779462250463], [0.26077719548802025, 0.33499743283179834, 0.1087261174239972, 0.2954992541561842], [0.3200051307360129, 0.4657923752271393, 0.15119395221725457, 0.06300854171959328], [0.3165842772486023, 0.460745645240603, 0.09072620082759328, 0.13194387658320142], [0.2536024820310356, 0.41826760005336183, 0.15385715776420436, 0.1742727600513982], [0.27798984280398675, 0.4045904398927945, 0.16865838074959685, 0.14876133645362188], [0.5241775923178551, 0.2806596039462162, 0.13256288578333747, 0.06259991785259128], [0.4889617641245326, 0.26180933733008827, 0.10914892959327586, 0.14007996885210325], [0.4814271402090242, 0.25777498269148297, 0.17714987957419526, 0.08364799742529758], [0.44400597609583137, 0.3052143913851465, 0.1633694843768357, 0.08741014804218644], [0.38820448426033893, 0.3024218903493871, 0.12604301615609556, 0.18333060913417837], [0.46315315361159787, 0.28101593253186546, 0.19315911827539997, 0.06267179548113669], [0.6001595563509142, 0.1720057046387665, 0.17202236413617275, 0.05581237477414655], [0.5401301343189207, 0.19875708072316084, 0.10638699600238428, 0.15472578885553417], [0.6034840063474195, 0.1959837181065647, 0.11887013785910247, 0.08166213758691335], [0.5872206687340026, 0.21607851979955914, 0.14850844441359307, 0.048192366952845254], [0.66490249828451, 0.19054370832707843, 0.05458702065120119, 0.08996677263721034], [0.6935815601986096, 0.1987727097282368, 0.07311852684175649, 0.03452720313139712], [0.43358575397097665, 0.20488848938486098, 0.18079483380940115, 0.1807309227347612], [0.36887796378371707, 0.22378339871538297, 0.2536094301808826, 0.15372920722001734], [0.4605286693427581, 0.27938057654570664, 0.09070160034593512, 0.16938915366560017], [0.47391535103785565, 0.2875523824004019, 0.174409330566012, 0.06412293589573045], [0.45145591248050987, 0.398540787386141, 0.061112652319655784, 0.08889064771369332], [0.4403673937667999, 0.3886872732311043, 0.11136077179037589, 0.059584561111719885]], "ideal": "A", "sampled": "C", "correct": false}}
{"type": "result", "data": {"idx": 8, "options": ["Defining the program", "Planning the program", "Taking action and implementing ideas", "Evaluation of the program"], "probs": [[0.2361141736641704, 0.7273970828085227, 0.019386306367019004, 0.017102437060287936], [0.2120529394342797, 0.7402691103315684, 0.022355349243667593, 0.025322600890484326], [0.021526989153059443, 0.15905479122359323, 0.807898651249558, 0.011519568273789397], [0.05382725990033908, 0.08874614702373805, 0.015426580718236913, 0.842000012257686], [0.025208043471982987, 0.12800994788341583, 0.8348769723554386, 0.011905036189162674], [0.06058872953328677, 0.07779746617787146, 0.02526454292379313, 0.8363492612650486], [0.2361173616330539, 0.7273927289597135, 0.019387574756138795, 0.017102334551093768], [0.2581652186228056, 0.7019374377562297, 0.02119667463938082, 0.018700668881583803], [0.15261130999883876, 0.056145664129291256, 0.7751609577124127, 0.016082068059457305], [0.3406052842689248, 0.07601451028849451, 0.021781911787311006, 0.5615982935552697], [0.15699758919437998, 0.03091978241112368, 0.7974815859921546, 0.01460104230234179], [0.2944201605507651, 0.05116916208271151, 0.031042695851868297, 0.6233679814146551], [0.04455853502147614, 0.8950667284502617, 0.03932852889922342, 0.02104620752903878], [0.02611326416278542, 0.8648066487609553, 0.01795095570969275, 0.09112913126656651], [0.03494950264907305, 0.7955434899469571, 0.15665180627444808, 0.012855201029521751], [0.034247977324040196, 0.8834436929881928, 0.018335287345689774, 0.06397304224207716], [0.02959818970785406, 0.013983371757326786, 0.8652731831781606, 0.09114525525665855], [0.016545565180853778, 0.01460382846582568, 0.9034296532774426, 0.0654209529758779], [0.04476436174402811, 0.8992563226998767, 0.03951288756490015, 0.016466427891195085], [0.03050528790982618, 0.8915444574837493, 0.020969659922866833, 0.05698059458355769], [0.048989076374639715, 0.5267151215918177, 0.4102625254222508, 0.014033276511291878], [0.04732292499917284, 0.8389341799115607, 0.02533756186806518, 0.08840533312120122], [0.027017588648662924, 0.02104280955455831, 0.8947630211020524, 0.05717658059472633], [0.016197928380697595, 0.026707881987187793, 0.8845146294590824, 0.07257956007303219]], "ideal": "B", "sampled": "B", "correct": true}}
{"type": "result", "data": {"idx": 9, "options": ["ingratiation", "downplaying", "distancing", "nonexistence"], "probs": [[0.17756371859785447, 0.10771207166548573, 0.09504300709023616, 0.6196812025464236], [0.07619865571522517, 0.052357897118458965, 0.819110986233613, 0.05233246083270283], [0.1619382041386388, 0.11126801287560592, 0.08664485001707242, 0.6401489328686828], [0.07399035493354293, 0.06528147616677375, 0.795471257195488, 0.06525691160419533], [0.27174683997675025, 0.44803478641746197, 0.06871744887264664, 0.2115009246331411], [0.25425755217341484, 0.47501562605471864, 0.07284600814907435, 0.19788081352279213], [0.155627423672185, 0.15560551896604824, 0.07349312775990333, 0.6152739295018634], [0.08079206972801434, 0.10370269455357993, 0.7665337947977979, 0.048971440820607816], [0.16006605027997592, 0.0970849765058362, 0.110011690099838, 0.6328372830143498], [0.06238932277448858, 0.03339044638090974, 0.8613718825045499, 0.042848348240051834], [0.2046410517428712, 0.49078245794270275, 0.12410466088993549, 0.18047182932449055], [0.23337910719297397, 0.4939287230783191, 0.06686423618625172, 0.2058279334424552], [0.15855904939499244, 0.13988461672204758, 0.07488605156131603, 0.626670282221644], [0.0829499044162184, 0.0731757189549717, 0.7869027050977864, 0.056971671431023545], [0.15063218546445578, 0.1034938081474849, 0.15056004894419847, 0.5953139573438608], [0.06285275865277615, 0.026200929857346664, 0.8677777693587679, 0.04316854203110929], [0.20353505896872254, 0.33546211312449764, 0.23059629704445453, 0.2304065307623253], [0.23000556570979988, 0.3790902551493976, 0.09586431227953698, 0.29503986676126553], [0.30296780481693203, 0.34315302029712824, 0.08678788463129275, 0.26709129015464694], [0.3223153602409604, 0.322221691543101, 0.10461006901693203, 0.2508528790990066], [0.2954857349100266, 0.17914050815698218, 0.2954386174383364, 0.2299351393946548], [0.39415728454586224, 0.18615512270622867, 0.11294835636457294, 0.30673923628333616], [0.29873443092002955, 0.20522459155093659, 0.2326546047790838, 0.26338637264995], [0.36998348046181173, 0.1979073212132389, 0.10598290315764401, 0.32612629506730534]], "ideal": "B", "sampled": "D", "correct": false}}
{"type": "result", "data": {"idx": 10, "options": ["It hasn't", "Doubled", "Tripled", "Quadrupled"], "probs": [[0.05704304054069325, 0.2896665854921871, 0.47765384854227727, 0.1756365253248424], [0.05177534795428746, 0.23205961696461688, 0.5567296603065279, 0.1594353746745677], [0.08258687150187563, 0.5386128063891501, 0.22454524022399666, 0.15425508178497765], [0.07493632807768069, 0.4886830600999949, 0.2964250654751151, 0.13995554624720932], [0.08700526828958524, 0.6429698110090141, 0.1266082572291939, 0.14341666337220677], [0.07037978251574115, 0.589321880540528, 0.19133836521255482, 0.14895997163117597], [0.18052520125081714, 0.12409118001548079, 0.49087149631347227, 0.20451212232022978], [0.09411979185236675, 0.0733005606071199, 0.6956603319050496, 0.1369193155354637], [0.1252140849703506, 0.3403415083544851, 0.09752465783574467, 0.4369197487394196], [0.15345658935820777, 0.36818055100451375, 0.324945966870121, 0.15341689266715744], [0.10024736897182138, 0.6536949215968727, 0.10025542305010593, 0.14580228628119993], [0.14625330267874168, 0.5784430503266772, 0.1462760716530436, 0.12902757524153755], [0.30897257649707305, 0.12881899262627208, 0.39686040268924117, 0.16534802808741367], [0.2782486933452489, 0.1314353774142649, 0.45891674664621823, 0.13139918249426802], [0.3646679141554894, 0.19517884819813922, 0.11839926947359017, 0.3217539680727812], [0.31213118692700487, 0.16705837346258973, 0.35378762021736104, 0.16702281929304436], [0.38450628344170845, 0.29950044081714244, 0.11021016378856437, 0.20578311185258474], [0.4028895496919193, 0.3137706815882671, 0.11545015870370309, 0.16788960991611052], [0.4658627509604938, 0.15125420688070282, 0.24943619964012595, 0.1334468424186774], [0.40100773276144186, 0.1301881589708459, 0.3539431875411553, 0.11486092062655692], [0.5220228420446527, 0.19205506800300107, 0.11649607677666521, 0.16942601307568103], [0.5014154835823115, 0.20902105852330066, 0.12681725430982843, 0.16274620348455943], [0.38824626220983655, 0.30234369182031323, 0.12606599737834912, 0.18334404849150107], [0.4489945437385079, 0.27232897076022544, 0.11354932848309456, 0.16512715691817212]], "ideal": "C", "sampled": "D", "correct": false}}
{"type": "result", "data": {"idx": 11, "options": ["They both require research monitoring.", "They both deal with acute risks.", "New organizational practices are developed as a result of each.", "Both have the potential to damage an organisation's reputation."], "probs": [[0.20058319269474, 0.3307693649612309, 0.3308370460363751, 0.13781039620765398], [0.28290347105128183, 0.363408695524612, 0.1040743769325364, 0.24961345639156976], [0.18308536979342557, 0.4393627708615997, 0.26654151476551274, 0.11101034447946201], [0.2581551151659754, 0.3758304528763704, 0.13823201172853058, 0.22778242012912361], [0.20541795780067898, 0.20546269108591186, 0.38385483046724145, 0.20526452054616767], [0.19540182045236976, 0.19540182045236976, 0.4138298393942814, 0.19536651960097903], [0.2091839729161891, 0.23707931878163918, 0.39087768802790607, 0.16285902017426568], [0.36314383145515594, 0.22044436631382439, 0.13364617525194758, 0.2827656268790721], [0.29035706574653364, 0.37289751329880166, 0.19963850379148473, 0.13710691706317996], [0.3440949464649853, 0.3037759823595501, 0.14349361611241374, 0.2086354549630509], [0.3082089859628469, 0.23998114046950542, 0.21187783232646598, 0.2399320411411817], [0.2492149546727186, 0.1940887959378943, 0.36267979848692566, 0.19401645080246144], [0.38593372698739237, 0.26541119811264957, 0.20675034818965973, 0.14190472661029835], [0.42423818098200033, 0.22716848652874475, 0.12159452536151599, 0.22699880702773895], [0.42259932651171095, 0.37308166739719045, 0.08326281234104627, 0.12105619365005232], [0.4220512210900733, 0.32875704762032254, 0.07337062060099271, 0.17582111058861144], [0.40315881944684934, 0.19055581445243872, 0.2158810218427652, 0.19040434415794671], [0.35365651635223927, 0.16712182015544064, 0.312224670269768, 0.16699699312255206], [0.1707726963953461, 0.2484728321639726, 0.3616045605296521, 0.2191499108110292], [0.16591080774330771, 0.2413988077190696, 0.3513815648296528, 0.24130881960796988], [0.20917619694345083, 0.39086771075484716, 0.1629712311036909, 0.23698486109801106], [0.17526356874143817, 0.37110000845059143, 0.25510212776494084, 0.19853429494302957], [0.15754728803486903, 0.48536748499632326, 0.17859104965669434, 0.17849417721211336], [0.13365717725183301, 0.411772220408552, 0.2830645528849605, 0.1715060493546545]], "ideal": "B", "sampled": "C", "correct": false}}
{"type": "result", "data": {"idx": 12, "options": ["1917", "1922", "1925", "1927"], "probs": [[0.25141015271697437, 0.5324636617893432, 0.15253862509783664, 0.06358756029584572], [0.23379285457036816, 0.49505152924585344, 0.1607196914935348, 0.11043592459024362], [0.2106640597471026, 0.3066035451693533, 0.44610553144476295, 0.03662686353878113], [0.2535077072949178, 0.36894044826126887, 0.2237736913900371, 0.1537781529537762], [0.18045024952914027, 0.26258235097702187, 0.49056843115111054, 0.06639896824272733], [0.22023916570486374, 0.2828918439297883, 0.3632403367877405, 0.13362865347760747], [0.5612647846486621, 0.3005005288848334, 0.09755823560340228, 0.040676450763102105], [0.5441170707348965, 0.29132958049906155, 0.10717416114437317, 0.05737918752166881], [0.41325030958246206, 0.2212654417909085, 0.28411043534151076, 0.08137381318511867], [0.481932394427559, 0.2580396792326666, 0.13815198631466763, 0.12187593992510683], [0.39181030084603663, 0.18513536589332313, 0.34587842480269165, 0.07717590835794859], [0.40190768822538986, 0.21516868677558423, 0.3130685798171865, 0.06985504508183941], [0.23957041679697388, 0.5073091832097939, 0.21147792899049725, 0.041642470902735], [0.29122431544602695, 0.4801942157163876, 0.12142461648879908, 0.10715685224878638], [0.28187387771287375, 0.5968709536169329, 0.09153313279190912, 0.02972203577828419], [0.2550400254256799, 0.6119106548094678, 0.08282063340656683, 0.0502286862582855], [0.2925764750803408, 0.2582261677525278, 0.292608572182984, 0.15658878488414743], [0.3360025957487377, 0.26172823296242836, 0.33610031756602143, 0.06616885362281245], [0.22038743554496582, 0.46664781764394064, 0.249804325370971, 0.06316042134012252], [0.2523150070559491, 0.4160855884110409, 0.19654492446170987, 0.13505447997130013], [0.23079374716688772, 0.6275235086598467, 0.09622509274730712, 0.04545765132595836], [0.227890044808028, 0.6195720252978241, 0.10765627747372955, 0.04488165232041835], [0.24904751032939032, 0.4653270105454806, 0.19399715379929244, 0.09162832522583667], [0.24962851495641322, 0.41171336323269275, 0.28293877942615636, 0.05571934228473767]], "ideal": "B", "sampled": "B", "correct": true}}
{"type": "result", "data": {"idx": 13, "options": ["270", "600", "2,800", "5,200"], "probs": [[0.20868058254304378, 0.1841231694110788, 0.3036284627389347, 0.3035677852069427], [0.2801484298337435, 0.24717414393491546, 0.19259241563585208, 0.28008501049548895], [0.2700386546310943, 0.30599390756958794, 0.23839187905728182, 0.18557555864203598], [0.20054416057631388, 0.29175996342721683, 0.33071627716815954, 0.17697959872830973], [0.2801690953664589, 0.28009721216593814, 0.24724834786493177, 0.19248534450267119], [0.22373082741634623, 0.2535480671963493, 0.3689533040580736, 0.15376780122923084], [0.30358578847037393, 0.30358578847037393, 0.18419867203185736, 0.20862975092739475], [0.258233863466463, 0.37572802409968464, 0.13822261369831207, 0.22781549863554032], [0.2624499895328835, 0.38190181482123786, 0.2316876139888794, 0.12396058155699921], [0.190962189012841, 0.31481294247994057, 0.2778769855464422, 0.21634788286077622], [0.2951120922005073, 0.20284963386527619, 0.37901724949349963, 0.12302102434071688], [0.19408915356575224, 0.2492154166087018, 0.3626062761597937, 0.19408915356575224], [0.3068711459329817, 0.39407092328899257, 0.186166346054534, 0.11289158462349172], [0.3395837438263169, 0.3395837438263169, 0.16042452626715897, 0.1604079859802072], [0.21510924925250827, 0.3130408683236929, 0.40199382292212243, 0.06985605940167644], [0.33073239529603277, 0.33073239529603277, 0.13791520481175268, 0.2006200044961818], [0.36462546741480584, 0.2506031877772311, 0.250659931396515, 0.134111413311448], [0.3342016289167938, 0.2603285273600286, 0.2027662962060118, 0.2027035474171658], [0.19287329675951403, 0.524337960041366, 0.15024183835894933, 0.1325469047401706], [0.2350748365148496, 0.43927702957882125, 0.18309654566448638, 0.1425515881418428], [0.16145716245071196, 0.3016727498988268, 0.4389312764802198, 0.09793881107024144], [0.3035526275331213, 0.303617209165729, 0.20869721470176364, 0.18413294849938608], [0.27258880705243743, 0.30888356374616066, 0.27265052765933706, 0.1458771014420648], [0.24102783972511901, 0.2730922021267251, 0.21272967119683403, 0.27315028685132187]], "ideal": "C", "sampled": "A", "correct": false}}
{"type": "result", "data": {"idx": 14, "options": ["Enabling", "Functional", "Normative", "Diffused"], "probs": [[0.10892218416750366, 0.6268039216073333, 0.08481173103287061, 0.17946216309229232], [0.12423215249880902, 0.630972118718166, 0.08537461971198322, 0.15942110897104167], [0.04134674493098284, 0.06815563344737711, 0.8303860076546578, 0.060111613866982244], [0.0673435655942987, 0.07630135430867485, 0.036038254929532894, 0.8203168250674936], [0.06587290459850438, 0.06587290459850438, 0.8024185837134523, 0.06583560698953891], [0.04899523987519605, 0.04898914902576289, 0.03366209453395583, 0.8683535164650852], [0.5859880665099273, 0.13077615687344624, 0.11538788359903326, 0.1678478929175932], [0.5112164463719188, 0.1292690894096242, 0.146465967686253, 0.213048496432204], [0.6159645456047825, 0.12131201745799057, 0.1070385897135669, 0.15568484712365996], [0.6379022740210969, 0.11087925233803363, 0.1256426600757363, 0.12557581346513325], [0.5573181675508058, 0.1409275573627556, 0.09683740426637148, 0.20491687072006715], [0.6561582185589494, 0.12921625567002742, 0.10064287632655312, 0.11398264934446997], [0.04622246496745897, 0.06724717717866086, 0.8193128413376777, 0.06721751641620251], [0.054803552125755356, 0.05479189569280345, 0.03322672732199554, 0.8571778247594456], [0.07411326301987864, 0.7969848540249767, 0.04495535769632366, 0.08394652515882106], [0.07506888051415682, 0.8071312572802972, 0.05159013878972683, 0.06620972331581913], [0.044297912790034186, 0.039092773088559345, 0.0268619610163106, 0.8897473530050959], [0.04866868430129451, 0.0551488451357272, 0.8627515676862502, 0.03343090277672807], [0.052468111445912506, 0.05946029105909419, 0.8207393547513915, 0.0673322426436018], [0.03102871184987604, 0.03515111668413267, 0.027366700792994553, 0.9064534705729967], [0.07523505557101502, 0.7138839522903433, 0.05169854428173413, 0.1591824477569076], [0.08474622476565749, 0.7096445401127762, 0.06598239243900196, 0.1396268425825643], [0.034772871755476026, 0.04464370234686242, 0.0238906435085196, 0.896692782289142], [0.042883593904286775, 0.06239526392190016, 0.8613400522603045, 0.03338108981350851]], "ideal": "C", "sampled": "B", "correct": false}}
{"type": "result", "data": {"idx": 15, "options": ["Audiences are more vulnerable and passive than ever before.", "Television viewing, in particular, creates increased activity in the right hemisphere of the brain.", "Active receivers are not uniformly affected by mass communication messages.", "Technology has led to increasingly passive recipients at the ends of message transmission systems."], "probs": [[0.016920870893209424, 0.031601177016516206, 0.9235959447792201, 0.027882007211054233], [0.01953537856577159, 0.0172341884061017, 0.022129134413170527, 0.9411012985149562], [0.018970188104889218, 0.9140349199832926, 0.04550444419048995, 0.021490447621328228], [0.016822908542008054, 0.9183950083826095, 0.04572419204452649, 0.01905789093085602], [0.01738972838626448, 0.013540066337779847, 0.01969936933942158, 0.949370835836534], [0.02169285932998778, 0.03155531035875598, 0.9221814411281465, 0.024570389083109795], [0.03916083976651608, 0.0304901606783649, 0.8912103326183156, 0.039138666836803344], [0.02489146035018102, 0.019376638891924022, 0.021958371436436377, 0.9337735292214585], [0.008282324020701486, 0.9571574604507139, 0.02251245005720718, 0.012047765371377419], [0.007335973786656513, 0.9606534089574056, 0.022593650606909734, 0.009416966549028112], [0.027597367657951344, 0.03126014757119387, 0.027586985273929245, 0.9135554993969255], [0.01943357672031484, 0.024944920229717234, 0.9361970476029989, 0.019424455346969], [0.9434002657308614, 0.025143457080328203, 0.019581743236796924, 0.011874533852013437], [0.9424126463249927, 0.028459874001796923, 0.017264832388311783, 0.011862647184898665], [0.9238970356209861, 0.04600036554882679, 0.013182335642376522, 0.016920263087810545], [0.9272851856520953, 0.04074206799213529, 0.01698663737660989, 0.014986108879159486], [0.9397140029662933, 0.03644032962648699, 0.013406388215638559, 0.010439279091581181], [0.9407554118417959, 0.03219411878627103, 0.015209157772601307, 0.011841311499331722], [0.019661428258379403, 0.013508601012156082, 0.019656382352708238, 0.9471735882767562], [0.03979214182155751, 0.027346517909975738, 0.9055239585335767, 0.02733738163489002], [0.027252776662623823, 0.039632744236941, 0.03087300472406615, 0.902241474276369], [0.019298575032355575, 0.03604323617995163, 0.9296331328136561, 0.01502505587403667], [0.015090113721523938, 0.9335922096589611, 0.031945769418537356, 0.01937190710097757], [0.015091431378181806, 0.9336222421874385, 0.03619858485647864, 0.015087741477900995]], "ideal": "C", "sampled": "C", "correct": true}}
{"type": "result", "data": {"idx": 16, "options": ["A politician", "A house of worship", "A government institution", "A publicly-traded company"], "probs": [[0.24631991612951545, 0.27901285468212844, 0.3583933657288774, 0.11627386335947865], [0.29139018865069105, 0.25709269512908467, 0.12146950351949505, 0.33004761260072923], [0.2602104343292094, 0.4287798563997768, 0.20262173570982467, 0.10838797346118918], [0.2234747840821657, 0.41729130843825396, 0.07252282335765065, 0.2867110840219297], [0.2702205221117601, 0.23836715872239328, 0.1446217319913386, 0.346790587074508], [0.23265945909080876, 0.205200970152362, 0.2636028229926674, 0.29853674766416183], [0.396495121782257, 0.16521757347071314, 0.3498673632430636, 0.08841994140396627], [0.3743854779833578, 0.22697950696318198, 0.10723895524569683, 0.29139605970776344], [0.3507126817633457, 0.5101260307382829, 0.06094472913560972, 0.07821655826276167], [0.3284057811038495, 0.47772591278762067, 0.05705622444334208, 0.1368120815651878], [0.3299657302744472, 0.25685273149143484, 0.08340257902518824, 0.32977895910892974], [0.3396877797958811, 0.16038875997200502, 0.33957587207032386, 0.16034758806179], [0.34046903756535335, 0.23391339529072686, 0.3004628762371317, 0.1251546908067881], [0.3223408662252884, 0.2509456499878262, 0.10462191388091543, 0.3220915698059699], [0.42028322185421446, 0.2887865559648787, 0.13642902467631424, 0.15450119740459267], [0.39738202091057917, 0.24099795517895653, 0.08865819870539046, 0.27296182510507383], [0.35839927994003506, 0.24624284159707657, 0.11635520568120422, 0.2790026726816841], [0.353560617742982, 0.21437017405095818, 0.18924736612617146, 0.24282184197988835], [0.2701181390576212, 0.18558421176055284, 0.238409959101381, 0.30588768998044497], [0.2193317794779618, 0.17073326792400617, 0.36156912556939275, 0.2483658269286393], [0.25101804356720153, 0.3222073864285695, 0.10462768218919893, 0.32214688771503003], [0.2411092334579335, 0.27308862991748306, 0.2731786031274218, 0.21262353339716158], [0.24983870235086628, 0.41180874140342894, 0.1179998403073519, 0.2203527158383529], [0.27337484327019573, 0.35097666002384803, 0.1878642802707318, 0.1877842163352244]], "ideal": "C", "sampled": "C", "correct": true}}
