{"type": "result", "data": {"idx": 0, "options": ["5 permanent members with veto power, 10 rotating members with no veto power", "5 permanent members and 10 rotating members, all with veto power", "10 permanent members with veto power, and 5 rotating members without veto power", "15 permanent members with veto power"], "probs": [[0.6887422395761256, 0.2533909749002397, 0.02356903134336717, 0.034297754080267556], [0.5707265286883912, 0.2696816693266201, 0.03220320204108196, 0.12738859984390674], [0.8123946966698788, 0.12459476569378386, 0.031502489701544116, 0.0315080478347931], [0.7919778212262377, 0.10721598544535767, 0.02710395487293771, 0.07370223835546691], [0.6060997797978318, 0.15327143553399586, 0.10534181366297836, 0.13528697090519398], [0.46671162987948217, 0.1180475849231544, 0.22051919501634432, 0.1947215900810191], [0.03163395857085551, 0.9245414240241285, 0.024635013465746303, 0.019189603839269632], [0.030714602305020884, 0.8974889220793117, 0.027103622418660836, 0.04469285309700654], [0.07647706007602802, 0.07648401146789258, 0.8222058017636343, 0.024833126592445052], [0.02138151518026643, 0.045237394373386336, 0.024215902440833638, 0.9091651879055136], [0.02946956987126803, 0.02946330207000293, 0.860960529971184, 0.080106597987545], [0.030772597311278408, 0.0348597831406048, 0.034856802908116526, 0.8995108165400002], [0.4882299430836133, 0.4309653453722178, 0.03537276479102605, 0.04543194665314284], [0.4316925179859242, 0.4317686927284663, 0.04015709430923764, 0.09638169487637191], [0.2978102112693282, 0.15942174966709055, 0.4910060404609821, 0.05176199850259909], [0.08267830490369263, 0.0936777323775639, 0.0390471338121811, 0.7845968288065623], [0.2917470931715089, 0.176986783725206, 0.33062282201321763, 0.2006433009900675], [0.16253939148246527, 0.1265742918232594, 0.06775649585823783, 0.6431298207360374], [0.20104020532385464, 0.6193500664307705, 0.05760361167803134, 0.12200611646734348], [0.1942919750107979, 0.5986150837062199, 0.05567481306801619, 0.15141812811496602], [0.10726876050506938, 0.1377216310152145, 0.6172254818930639, 0.13778412648665214], [0.11116056474410212, 0.11112824412451267, 0.05250312543889744, 0.7252080655924877], [0.22206766239366538, 0.4702055313651776, 0.13469084694556013, 0.17303595919559683], [0.10795288392208038, 0.12230219433482252, 0.06546364932523085, 0.7042812723178662]], "ideal": "A", "sampled": "A", "correct": true}}
{"type": "result", "data": {"idx": 1, "options": ["It allowed the US to intensify its involvement in Vietnam", "It illustrated the influence of public opinion on US foreign policy", "It enhanced Congressional control over the Vietnam War", "It curtailed US involvement in Vietnam"], "probs": [[0.9674889918742844, 0.01563934030680884, 0.007388888298959129, 0.009482779419947669], [0.9663106840738431, 0.01770286719256345, 0.006513743753270573, 0.00947270488032282], [0.9713146333780148, 0.013853798967381037, 0.007416797056288596, 0.007414770498315476], [0.9704634234447117, 0.01221751382312172, 0.006540955299171351, 0.010778107332995168], [0.9714213482065085, 0.00952706380337304, 0.00952810874728803, 0.009523479142830443], [0.9741800606942935, 0.0084306123285382, 0.0065671641072780436, 0.010822162769890233], [0.022225072294933743, 0.9451907340323701, 0.017310292736080733, 0.015273900836615395], [0.02525380733796797, 0.9477092533948804, 0.013520450972583727, 0.013516488194567805], [0.02184315078479846, 0.024748257026818914, 0.9286715612241488, 0.02473703086423379], [0.03514386726245464, 0.0310109519592617, 0.027367070416481946, 0.9064781102618017], [0.010604099221341224, 0.0174792462363229, 0.954439209383847, 0.017477445058488937], [0.021937937178991923, 0.017078907204262663, 0.028158357653277982, 0.9328247978634674], [0.009384741205501779, 0.9571008814999324, 0.013653475980587405, 0.01986090121397839], [0.010542631619530089, 0.9488392895482528, 0.015336558906834644, 0.0252815198253825], [0.010580963582188267, 0.019760465486686946, 0.9522237295998859, 0.01743484123123892], [0.009425560239751362, 0.015535313079366505, 0.013711192975769554, 0.9613279336051126], [0.008336366107175709, 0.010702776926539249, 0.9633207746922341, 0.01764008217405088], [0.009434812859458455, 0.010687294594220596, 0.017620371948252174, 0.9622575204980688], [0.010526117779422453, 0.9475309414657956, 0.01966389239671021, 0.022279048258071723], [0.008229632267002174, 0.951058486238545, 0.015372427808806507, 0.02533945358564626], [0.013189458235564767, 0.04061775351522343, 0.9244557525443631, 0.02173703560484867], [0.013438995951260432, 0.022147716993389036, 0.022149860897959582, 0.942263426057391], [0.013576410422976292, 0.017432457662358455, 0.9515644166875741, 0.017426715127091194], [0.01350677639983189, 0.017335654175154792, 0.02225941903853653, 0.9468981502864767]], "ideal": "A", "sampled": "A", "correct": true}}
{"type": "result", "data": {"idx": 2, "options": ["Terrorists", "Organized crime", "Drug traffickers", "China"], "probs": [[0.013771487770503799, 0.015584002668282722, 0.006496379326747225, 0.9641481301344662], [0.011270248592408449, 0.011257937439009198, 0.8943286745456877, 0.08314313932289467], [0.01556306315881319, 0.013721990143686616, 0.008322807438871952, 0.9623921391586282], [0.019032031260330592, 0.013071956087325231, 0.8087333424908074, 0.15916267006153678], [0.0198610149037691, 0.8443279216759385, 0.006446523098920394, 0.12936454022137195], [0.021618182572592553, 0.810873823709785, 0.007949526937653233, 0.15955846667996926], [0.01553747880553898, 0.017587038389485075, 0.006471153827354897, 0.9604043288776211], [0.01540017791330759, 0.01538714964092685, 0.840443310571946, 0.12876936177381956], [0.013752536138704705, 0.013735032864325685, 0.009438338494747168, 0.9630740924022224], [0.014633413059827525, 0.006905712050920751, 0.9042847560274214, 0.0741761187618303], [0.015336311683697968, 0.948340495754068, 0.003877627258458538, 0.03244556520377554], [0.021821544530427266, 0.9277080508110856, 0.0042977429072269925, 0.046172661651260036], [0.013694452541648845, 0.017560207560384816, 0.00940110778710456, 0.9593442320108617], [0.01645651480269562, 0.014506958827088376, 0.7923674977749869, 0.17666902849522906], [0.013587934773572565, 0.02535329537455795, 0.009328640621184693, 0.9517301291306848], [0.007995962112368742, 0.016903050131968873, 0.923064166157914, 0.05203682149774846], [0.016825816977361185, 0.918315899595555, 0.006188681832686783, 0.05866960149439697], [0.016554891683745743, 0.9032754095017574, 0.006087467400546569, 0.07408223131395021], [0.8954789771309674, 0.014474069946377519, 0.006837066353772936, 0.08320988646888218], [0.8758391067603655, 0.02334032001665884, 0.00858642433006337, 0.09223414879291233], [0.9373297306307097, 0.01716779288162825, 0.004343053147605927, 0.041159423240056184], [0.9186024054571329, 0.02447550526047714, 0.005132258262897367, 0.05178983091949263], [0.9239286493158203, 0.0169255981291683, 0.0070556385938500945, 0.052090113861161254], [0.9247032690857234, 0.016933277454401992, 0.006231876411460185, 0.0521315769484144]], "ideal": "D", "sampled": "D", "correct": true}}
{"type": "result", "data": {"idx": 3, "options": ["Richard Nixon", "George H. W. Bush", "Jimmy Carter", "Ronald Reagan"], "probs": [[0.9644538974793032, 0.01766812095617671, 0.005737298295906858, 0.012140683168613166], [0.9573442419183479, 0.019873015747147886, 0.007310121380729763, 0.015472620853774462], [0.958169112651359, 0.019888213737000393, 0.006458220203291004, 0.015484453308349671], [0.9581698356759865, 0.019888228173953557, 0.006457471408374666, 0.015484464641685281], [0.9553786782163916, 0.01983017157090446, 0.007295863906007754, 0.017495286206696225], [0.9573474733648734, 0.019871159580974754, 0.007310191338157049, 0.01547117561599487], [0.010602578605457352, 0.9541837295316806, 0.015418169634804092, 0.0197955221280579], [0.012051022666470282, 0.9570159359670438, 0.01546581748469589, 0.015467223781789968], [0.006877166879377477, 0.017547010009456156, 0.9580342444751191, 0.017541578536047257], [0.006549392363588755, 0.009526173587646541, 0.012228295211495035, 0.9716961387372697], [0.008308539256299902, 0.01208224202837667, 0.9596992717844033, 0.019909946830920098], [0.007402895438848862, 0.009502376705225383, 0.013825876615383278, 0.9692688511405425], [0.019705573792286157, 0.9493698812780135, 0.013539491699120861, 0.017385053130579472], [0.017361022433237863, 0.9476650899390268, 0.015313126059693294, 0.019660761468042035], [0.01360112619860479, 0.01059256870414401, 0.9533941780321363, 0.022412126965114867], [0.008395448976068183, 0.00950995707569683, 0.012207250631626913, 0.9698873432166081], [0.009404011017238895, 0.012068783795732466, 0.9586371128868726, 0.01989009220015608], [0.009500982621609156, 0.009499370502325745, 0.012191945913052423, 0.9688077008630127], [0.01367890925389998, 0.958761624982517, 0.012066761119009235, 0.01549270454457369], [0.012018920852532124, 0.9545649885176721, 0.013612179084251079, 0.019803911445544633], [0.015342751476024728, 0.013534206969869044, 0.9488211864403266, 0.022301855013779567], [0.008357119660055586, 0.010725284815645077, 0.015602859507029132, 0.9653147359172702], [0.010473330260293724, 0.025110473269170104, 0.9422635811774392, 0.02215261519309692], [0.007425606022948482, 0.009533047981435947, 0.010799019012047556, 0.972242326883568]], "ideal": "A", "sampled": "A", "correct": true}}
{"type": "result", "data": {"idx": 4, "options": ["on nuclear weapons signed between the United States and the Soviet Union.", "cutting conventional arms in Europe.", "to be rejected by the U.S. Senate.", "mandating the elimination of many long-range nuclear missiles."], "probs": [[0.11057751175121913, 0.03168636217804597, 0.04067270390465776, 0.8170634220660772], [0.1527571361858904, 0.04377181085041411, 0.6845194091110359, 0.11895164375265957], [0.07158671410457738, 0.029846253871789578, 0.026331575044131198, 0.8722354568795019], [0.4638816398518761, 0.07115680697162856, 0.4095367773602523, 0.05542477571624304], [0.5032121722244628, 0.20979034669317623, 0.07718551270606662, 0.2098119682762943], [0.5283604618024277, 0.24963291170705623, 0.10407462667878549, 0.11793199971173063], [0.007917040707516046, 0.05845548026844585, 0.018980226807887017, 0.914647252116151], [0.016147949669977138, 0.36737025502521276, 0.5345205931591309, 0.08196120204567924], [0.013796613665938491, 0.01217327090748804, 0.4565798380041436, 0.5174502773224299], [0.021419707444183145, 0.016684345712881892, 0.8036482243518627, 0.1582477223910723], [0.015215602847516586, 0.5037423728316384, 0.4445510522817696, 0.03649097193907544], [0.024270037955208976, 0.48739902723509154, 0.058202793796216616, 0.4301281409134829], [0.014038537323793782, 0.0914989154619382, 0.026214880175422364, 0.8682476669388457], [0.026449049135344613, 0.6019775326877259, 0.32217276393169036, 0.049400654145239094], [0.017552160247959643, 0.017548569068005258, 0.5124844464887629, 0.45241482409527217], [0.02526122942730821, 0.02526551723589822, 0.8362783325615823, 0.1131949206752112], [0.044714814577554086, 0.4240514509238502, 0.48058088176866043, 0.05065285262993528], [0.07401993869994969, 0.4259553551247934, 0.07399705051635823, 0.4260276555588987], [0.38794262658436784, 0.498293656742426, 0.0463443192176489, 0.06741939735555723], [0.34436912239096973, 0.5678752808268487, 0.04661884652480673, 0.04113675015737487], [0.21051416426324235, 0.05322631606601829, 0.6485150649052563, 0.08774445466548303], [0.39934653932362557, 0.07866031851563747, 0.06940642153686066, 0.4525867205238763], [0.2221679571335438, 0.04375868276326501, 0.684500988724259, 0.04957237127893221], [0.3827574211335145, 0.08541751479812845, 0.04035481335708266, 0.49147025061127436]], "ideal": "D", "sampled": "D", "correct": true}}
{"type": "result", "data": {"idx": 5, "options": ["It ended the influence of American exceptionalism entirely", "Exceptionalism was enhanced by America's status as the 'leader of the free world'", "The extension of American power globally challenged core assumptions of exceptionalism", "Both b and c"], "probs": [[0.032977219299164105, 0.2150384759497351, 0.16744912971987458, 0.5845351749312262], [0.06043935431443701, 0.34791215473110926, 0.1450154599771444, 0.44663303087730927], [0.031158399414105694, 0.13967390617214212, 0.2031926699374204, 0.6259750243763318], [0.03517583835911298, 0.42866210103208496, 0.20242298099809936, 0.3337390795107027], [0.052279721745539104, 0.11069830464694709, 0.34090661872156797, 0.4961153547859458], [0.030600140969389115, 0.073405913660613, 0.6964559632880974, 0.19953798198190043], [0.06810562201146914, 0.03647496518081059, 0.5033837429101801, 0.3920356697975401], [0.11468527488878515, 0.047828319890893534, 0.08932563515552736, 0.748160769964794], [0.12276597731410832, 0.6236298292723597, 0.05118745363992836, 0.2024167396736036], [0.20036805457802856, 0.48087008683468274, 0.2916375214396618, 0.027124337047626918], [0.13411941873208683, 0.22115997555950062, 0.04354548745268452, 0.601175118155728], [0.12098567907707088, 0.1995421915773997, 0.6146965392628461, 0.06477558998268333], [0.10990184159725744, 0.05885384450656904, 0.4926507371974938, 0.3385935765986797], [0.19250713502002445, 0.05517773018796751, 0.08026494919747208, 0.672050185494536], [0.13426240197705924, 0.682075120138173, 0.04940007580770853, 0.13426240197705924], [0.13962343645838138, 0.6260010143339708, 0.2032142922797455, 0.03116125682790228], [0.18298614091453755, 0.4390604213896188, 0.03604027269435236, 0.34191316490149126], [0.2799243795546737, 0.5231412960448033, 0.11672859588460671, 0.08020572841591629], [0.07973273664512959, 0.042694955105648136, 0.520131039862527, 0.3574412682866953], [0.04229323557659269, 0.019989954268442175, 0.6618264900569655, 0.2758903199979997], [0.0961995386906798, 0.23082993062400967, 0.045448979527839245, 0.6275215510574713], [0.08605319869779349, 0.300442538039175, 0.5613005558015528, 0.05220370736147876], [0.16741885610657362, 0.5845999325123, 0.03297767566709444, 0.21500353561403193], [0.1655133974797421, 0.577856366113577, 0.187621818371889, 0.06900841793479176]], "ideal": "D", "sampled": "C", "correct": false}}
{"type": "result", "data": {"idx": 6, "options": ["He believed that internal reform rather than international negotiation was the key to economic regeneration of the US", "He believed that German domination of Europe would be in US interests", "He always favoured isolationism", "All of the above"], "probs": [[0.8950229615561318, 0.050499866137823, 0.023854448678061635, 0.030622723527983536], [0.842360314484789, 0.07835171341726574, 0.05385461429022154, 0.02543335770772368], [0.8796133234289342, 0.06372272103904132, 0.026565243923890126, 0.03009871150813433], [0.8411964835321362, 0.0690652633030585, 0.06094988166656868, 0.028788371398236666], [0.792149537196113, 0.15601883383151482, 0.021116658596444907, 0.03071497027592721], [0.7927808312424388, 0.15614104560209008, 0.02394692644138564, 0.027131196614085456], [0.021050019540488834, 0.895069614066878, 0.04456027298914296, 0.039320093303490164], [0.020704691406181256, 0.8804522598626876, 0.07226135199363716, 0.02658169663749396], [0.010400683597240125, 0.017146363491115247, 0.9361597522147906, 0.036293200596854], [0.0116827887205732, 0.019257563898432098, 0.04075713040986592, 0.9283025168711287], [0.016631430388984174, 0.051223128174505805, 0.90795169094498, 0.024193750391530038], [0.013053453494379254, 0.04020332821712781, 0.03130450315137574, 0.9154387150371172], [0.014946245183194101, 0.9245720851124585, 0.03584546498640686, 0.02463620461794061], [0.018618641107217688, 0.8969651905431558, 0.057333662139100884, 0.027082506110525623], [0.014272179119955373, 0.03879580808956706, 0.8829884898286983, 0.06394352286177933], [0.018738349129912093, 0.027264137563715207, 0.050915715987087655, 0.903081797219285], [0.016733590737454968, 0.04547807396313058, 0.9134515470866358, 0.02433678811277865], [0.040540873094150796, 0.08583386794735755, 0.05897050963563459, 0.8146547492228571], [0.17245431551371346, 0.7729928106928201, 0.02059672987519036, 0.033956143818276094], [0.13935826094433665, 0.8021021125958986, 0.02744459610405615, 0.031095030255708606], [0.07201065545506445, 0.08161069832176306, 0.7743628870206278, 0.07201575910254468], [0.06865850195919876, 0.04719254307046387, 0.04718043215283269, 0.8369685227175047], [0.028022800874378397, 0.019261415615359177, 0.9279877335099992, 0.02472804990026322], [0.08417268778903458, 0.05106290391275094, 0.06553795139180432, 0.7992264568064101]], "ideal": "A", "sampled": "A", "correct": true}}
{"type": "result", "data": {"idx": 7, "options": ["A strand of neo-isolationist sentiment", "A strand of internationalist sentiment", "An expression of American cultural superiority", "Increased incorporation of public opinion in foreign policy making"], "probs": [[0.39034989618526544, 0.23685402082653137, 0.02828216220180427, 0.3445139206863989], [0.5589811288599651, 0.26416457090365575, 0.0667843903055222, 0.11006990983085696], [0.22579947760680305, 0.07331391150091916, 0.3722804049670794, 0.3286062058251984], [0.2618077700538153, 0.05842752101125556, 0.051548870102130405, 0.6282158387327987], [0.4392559062773588, 0.18317384071824583, 0.2664905567644943, 0.11107969613990111], [0.3795047188805083, 0.10876836869750352, 0.02426092380625864, 0.48746598851572953], [0.043946746077512686, 0.7791512491646402, 0.023522998784767702, 0.15337900587307937], [0.05980719714471456, 0.8258402469798644, 0.046577886436362674, 0.06777466933905842], [0.023525199576495206, 0.023531627565084152, 0.7791141488494051, 0.17382902390901556], [0.01379575050978079, 0.009480099395871504, 0.009479385071441545, 0.9672447649229061], [0.03060234301698519, 0.030607414999357596, 0.8942640965351645, 0.04452614534849273], [0.01382409088389035, 0.008384061164369254, 0.008383429727724889, 0.9694084181240155], [0.10323753591479397, 0.3181213854725448, 0.17020992076966976, 0.40843115774299144], [0.059949558293570696, 0.1629746212295955, 0.04667419862824856, 0.7304016217485853], [0.01117911220916828, 0.03038797798415316, 0.7835780600301975, 0.17485484967648107], [0.010749768464935278, 0.010747009887708471, 0.010746199637138815, 0.9677570219102174], [0.04766561409728096, 0.10092591380519066, 0.4522387632397712, 0.3991697087577572], [0.008413263055106143, 0.009531316665295263, 0.009531316665295263, 0.9725241035143033], [0.08589493889328866, 0.7194298277801341, 0.09734351747391218, 0.0973317157526651], [0.06291298696522646, 0.5971423509279397, 0.020423496558446406, 0.31952116544838743], [0.017355065338494895, 0.07778552716006812, 0.8362139244528696, 0.06864548294856747], [0.013695477009197562, 0.015514460758557709, 0.010662922247313996, 0.9601271398849307], [0.08338650935968597, 0.07360131928182767, 0.22663274067411351, 0.6163794305843728], [0.00953347357366933, 0.008411950681618596, 0.009530678674539895, 0.9725238969701722]], "ideal": "A", "sampled": "A", "correct": true}}
{"type": "result", "data": {"idx": 8, "options": ["The war reduced European population levels below that of the United States", "The United States seized German resources after the war", "European countries paid the United States for assistance", "The United States became a creditor country and financial centre, with European war spending boosting the US economy"], "probs": [[0.004561709460540751, 0.0031346256496980374, 0.007517762379829241, 0.9847859024099319], [0.0035397825503586428, 0.005834308563710071, 0.9810067601551337, 0.009619148630797582], [0.005168556012638946, 0.0040245658744205185, 0.005854381988772825, 0.9849524960241677], [0.002447160630054716, 0.0058673973423993935, 0.9865065098890259, 0.005178932038520028], [0.008364230042986148, 0.9665385674703709, 0.015621069162501569, 0.00947613322414133], [0.007346881638708714, 0.9620026447862005, 0.019963589394350736, 0.0106868840807401], [0.005157788310026771, 0.0035438616938057543, 0.008499232163497412, 0.98279911773267], [0.005792290096761494, 0.008424140439870621, 0.9735265173917842, 0.01225705197158372], [0.005167275642611822, 0.004558023043647847, 0.005852618226882525, 0.9844220829868578], [0.004016820331594577, 0.008499476106687156, 0.9823271012294159, 0.00515660223230236], [0.007414564517198247, 0.9708488618760848, 0.012219791344895098, 0.009516782161821865], [0.009446767281033474, 0.9634640341485341, 0.017644319911604686, 0.009444878558827717], [0.0058560406620848686, 0.00355120135561019, 0.00585352935064982, 0.9847392285316551], [0.004558116965017349, 0.005163424928350115, 0.9836478475704226, 0.006630610436209982], [0.00662995223096292, 0.003548434952658543, 0.005849411191851666, 0.9839722015245268], [0.004030275580677281, 0.004564829121357129, 0.9855435384068894, 0.005861356791076286], [0.010811979836025427, 0.973091657754595, 0.009539360139564237, 0.006557002169815299], [0.012252325687241354, 0.973100522742967, 0.009539941711316929, 0.005107209758474717], [0.9665390135079729, 0.015622647288467843, 0.009476138163164921, 0.008362200940394311], [0.9653217051655073, 0.015602971193079934, 0.01072316321290843, 0.008352160328504284], [0.9728930122368397, 0.012248823577694896, 0.007429286933701768, 0.007428877151763635], [0.969268928772912, 0.013827357594336932, 0.009502870135953722, 0.0074008433967972746], [0.9693961169423945, 0.013829173476181993, 0.008387354740711759, 0.008387354740711759], [0.9665360564855555, 0.015624272853732028, 0.009476599979804694, 0.008363070580907723]], "ideal": "D", "sampled": "D", "correct": true}}
{"type": "result", "data": {"idx": 9, "options": ["the president of the United States.", "the secretary of defense.", "the chairman of the Joint Chiefs of Staff.", "Congress."], "probs": [[0.012160779641349033, 0.009467894522432723, 0.012157018960299271, 0.9662143067759189], [0.009503491407775217, 0.010764315002499898, 0.9689727614115787, 0.010759432078146178], [0.01075093184662722, 0.00948140773219558, 0.012174369139316514, 0.9675932911818607], [0.012120976805834106, 0.015557061575009749, 0.9628884006999007, 0.00943356081925547], [0.02513521488781907, 0.9423655788399125, 0.017270145022388723, 0.01522906114987973], [0.025220023237829983, 0.9455452372738595, 0.01733085555554644, 0.011903883832764037], [0.013145694325054351, 0.051960016848574674, 0.013143463807677407, 0.9217508249186935], [0.010165301071280245, 0.05844913167333782, 0.914639609138813, 0.01674595801656892], [0.010853624030907028, 0.010846007674850024, 0.21781525135366597, 0.760485116840577], [0.012619031063084159, 0.009826144722074655, 0.8843888268876283, 0.09316599722721289], [0.017689445095947547, 0.8514795470318548, 0.10170904779507825, 0.02912195997711943], [0.015526412854525398, 0.5136540488544482, 0.01758138261724242, 0.45323815557378394], [0.011475068750995571, 0.0659689469674914, 0.011472863379093916, 0.9110831208024192], [0.012071642742411, 0.1297202526992793, 0.8461439411673205, 0.012064163290989156], [0.010866036414593288, 0.0095856689568307, 0.21806433726203547, 0.7614839572665405], [0.01141284973367802, 0.007843928469260403, 0.9063714809284089, 0.0743717407686527], [0.018071045053801353, 0.86979235148009, 0.09168917155398644, 0.020447431812122187], [0.017440997029883127, 0.6539449678937842, 0.019753167366956068, 0.30886086760937664], [0.8971142698283048, 0.0736477045639395, 0.0164439352547771, 0.012794090252978663], [0.8864995821414923, 0.08244706121279373, 0.018412553365802407, 0.012640803179911588], [0.18918827642385477, 0.037225374800089014, 0.7480079126872349, 0.02557843598882132], [0.0808417508019327, 0.029723748893936558, 0.020434055703705715, 0.869000444500425], [0.1729440048599147, 0.03403733662503294, 0.7748097506720902, 0.018208907742962153], [0.08091431547360699, 0.026257926151287084, 0.023169658464707775, 0.8696580998103981]], "ideal": "D", "sampled": "D", "correct": true}}
{"type": "result", "data": {"idx": 10, "options": ["The US ignored the Third World", "Local developments were viewed through a geopolitical lens", "The US unreservedly supported decolonization", "None of the above"], "probs": [[0.006558793489572477, 0.9730880290850992, 0.01081263875453289, 0.009540538570795487], [0.007415326670060141, 0.9710095383646812, 0.010789236828320049, 0.010785898036938583], [0.004491712229018717, 0.005766167044380457, 0.9696202435244862, 0.020121877102114622], [0.006577107772926642, 0.006574801818330914, 0.010840015020403425, 0.976008075288339], [0.01367759002562008, 0.012069023484447609, 0.9587612510514517, 0.015492135338480609], [0.008400609551330774, 0.012220372628685427, 0.008400609551330774, 0.970978408168653], [0.9761745155978484, 0.009571568281752017, 0.0058070360736720335, 0.008446879946727518], [0.9750790567789828, 0.009561249027298411, 0.0058012250642976, 0.00955846902942123], [0.9716909206772583, 0.012232765901634355, 0.006550191621368307, 0.00952612169973911], [0.9719289838981781, 0.012236939186700678, 0.0074252432624211055, 0.008408833552700109], [0.9659367897748835, 0.013778347661795453, 0.006511384687317607, 0.013773477776003386], [0.9708452666803955, 0.0122222505487296, 0.007415464485587115, 0.009517018185287723], [0.0064912170027186964, 0.0044618982664484915, 0.9633820812893349, 0.025664803341497948], [0.007445394693919071, 0.006569770832354604, 0.010830533255938581, 0.9751543011177878], [0.008328582361013505, 0.9623902076099157, 0.015555588903627399, 0.01372562102544342], [0.009389704053049536, 0.9575960352755846, 0.015479505599706874, 0.017534754971659024], [0.009487087908087331, 0.012176136575733954, 0.010747687970127425, 0.9675890874460513], [0.012017558090200858, 0.013617676536397783, 0.9545614077526257, 0.01980335752077568], [0.010663342037628065, 0.012081825521997469, 0.9596793927690167, 0.01757543957135778], [0.015552573937175863, 0.008326356352670546, 0.013725097379276492, 0.9623959722308771], [0.04064747051686485, 0.9251977445615405, 0.014955556408641617, 0.019199228412953108], [0.06516355591035264, 0.8996866184166642, 0.0186738995546826, 0.016475926018300526], [0.015561915899783221, 0.009438778817831358, 0.012118459446396005, 0.9628808457359894], [0.010528135886806414, 0.019667118492735888, 0.9475231624561268, 0.02228158306433093]], "ideal": "B", "sampled": "B", "correct": true}}
{"type": "result", "data": {"idx": 11, "options": ["It was the first time the US became involved in the Balkans", "It was the first time NATO used military force", "It was the first war won by airpower alone", "It was the first war to employ 'smart weapons'"], "probs": [[0.05244105700788406, 0.12578812287156108, 0.6387501978188898, 0.18302062220166512], [0.06178365665921446, 0.16793012190723505, 0.4565229108506247, 0.3137633104829258], [0.06120515887744331, 0.6580670769480619, 0.16637285795810916, 0.11435490611638569], [0.07691513344987082, 0.5015899166673964, 0.1845403991994674, 0.23695455058326537], [0.0543515435569056, 0.3544165882147935, 0.40152634233201295, 0.1897055257962879], [0.054502368780025984, 0.1153696196465997, 0.5858385649607639, 0.24428944651261042], [0.060748107272658836, 0.05360513885077376, 0.7399328891198031, 0.14571386465676425], [0.08835319692065516, 0.053594106537529065, 0.5085391553292508, 0.34951354111256505], [0.08225794442136343, 0.6888750451440312, 0.09322909612129764, 0.13563791421330773], [0.11536150338567898, 0.5860257700540775, 0.1678730534752741, 0.13073967298496939], [0.10718991180748469, 0.5443989796212995, 0.12147184077096727, 0.22693926770024853], [0.08642287551492492, 0.20733657477212827, 0.563711881581202, 0.14252866803174474], [0.5566837439882069, 0.12425418752325634, 0.1595310341942684, 0.1595310341942684], [0.5512619449761011, 0.12305933614157871, 0.09581955235776098, 0.22985916642455917], [0.6152971111150191, 0.15560898994784342, 0.07349820072577096, 0.15559569811136661], [0.5776903377009114, 0.18761087580300076, 0.0886130534687272, 0.14608573292736063], [0.36242972990756006, 0.17122988018402568, 0.10384673392076783, 0.3624936558876464], [0.4323528875767105, 0.2042650668337802, 0.20428484067409317, 0.15909720481541614], [0.10161808865111484, 0.06984102204928092, 0.5847717683347586, 0.24376912086484565], [0.11780383524464591, 0.07146683387836532, 0.5280724802686633, 0.2826568505083255], [0.2903247388810245, 0.1996170222673766, 0.13716545290870358, 0.3728927858428953], [0.1509571730369069, 0.1710734414243427, 0.5269975943635852, 0.15097179107516528], [0.11013777546407084, 0.559460677412429, 0.09720357413237932, 0.2331979728911208], [0.1307411073928218, 0.5859910380103296, 0.16788924113969766, 0.11537861335715097]], "ideal": "C", "sampled": "C", "correct": true}}
{"type": "result", "data": {"idx": 12, "options": ["The character of a state's leader", "The distribution of power in the international system", "The distribution of power within a state's governmental system", "A state's political ideology"], "probs": [[0.01347567329435072, 0.9445289444949307, 0.01347567329435072, 0.02851970881636775], [0.00916596027776246, 0.9346640618080279, 0.0151074368947218, 0.04106254091948786], [0.010575270076686958, 0.022383086061053912, 0.9516608773923676, 0.015380766369891552], [0.013652481146918312, 0.015461774675651576, 0.013646288782693548, 0.9572394552947365], [0.0064047843131515925, 0.006404081630239339, 0.9503520532874159, 0.03683908066919316], [0.01546457792314845, 0.012040736231014402, 0.01545711151001983, 0.9570375742358173], [0.9573436525588634, 0.015476748583563182, 0.007312159631276034, 0.019867439126297362], [0.9545101616676015, 0.013620480258397944, 0.006434565134942811, 0.025434792839057786], [0.9590870147900584, 0.013684620077016279, 0.007324849249460571, 0.019903515783464713], [0.9698140913830651, 0.012209201419069792, 0.005769528511612732, 0.012207178586252363], [0.954166112013284, 0.012013434403274657, 0.005009594826901435, 0.028810858656539873], [0.9682384900644674, 0.01219034420861387, 0.0057599858647791585, 0.013811179762139532], [0.010685734523564404, 0.01554390468473114, 0.9616673300276902, 0.012103030664014205], [0.012130229721374154, 0.012123123730137167, 0.012123123730137167, 0.9636235227183515], [0.0171069555824976, 0.9338433585041658, 0.017102565327954896, 0.03194712048538172], [0.017236953213763322, 0.9411056847131555, 0.01952858063814468, 0.022128781334936454], [0.01213024367991559, 0.012121964222243507, 0.01212313768868522, 0.9636246543091557], [0.009524126527290738, 0.010791065967630898, 0.9712807172350152, 0.008404090170063133], [0.005021862004073709, 0.005689143951757191, 0.9565633414997053, 0.0327256524444637], [0.013672524579690485, 0.012061730641734582, 0.01548597242626759, 0.9587797722523074], [0.007223285707022308, 0.9456040823050311, 0.010507583577969505, 0.0366650483099771], [0.010685848389565725, 0.9616625594626592, 0.012106516758081139, 0.015545075289693911], [0.012123760500922884, 0.012118593522995519, 0.012121015893144956, 0.9636366299829366], [0.008379229132888001, 0.013812251040326564, 0.9683136099498353, 0.009494909776950188]], "ideal": "B", "sampled": "B", "correct": true}}
{"type": "result", "data": {"idx": 13, "options": ["Leaders have incentives to lie", "If leaders revealed their programs, they would be more likely to be attacked", "Leaders will not always grant foreign monitors access to their nuclear programs", "ALL of the above"], "probs": [[0.07711456542925008, 0.046767520599586776, 0.046767520599586776, 0.8293503932715763], [0.09805999636667893, 0.1259262160444369, 0.387979594819375, 0.38803419266950917], [0.10565167816358387, 0.05655127046904999, 0.05656330315518876, 0.7812337481121774], [0.12385839123536899, 0.14037799075813454, 0.5554738929931954, 0.18028972491330106], [0.06231001414596063, 0.4064174905252002, 0.07063009615515968, 0.46064239907367943], [0.06745532824033229, 0.4399244437680302, 0.05254966333858814, 0.4400705645530494], [0.07503544650274355, 0.0662185485031331, 0.05156606512099521, 0.8071799397731281], [0.08449084625631731, 0.15784969022221734, 0.3788564047902606, 0.37880305863120467], [0.05321948970631173, 0.036577184885932604, 0.07741843360279342, 0.8327848917049623], [0.06614210012430961, 0.07495757434052056, 0.23094481168983136, 0.6279555137453384], [0.053331569825210576, 0.4466050647982838, 0.05334365094187231, 0.4467197143346333], [0.03716987067778253, 0.27462819727424154, 0.028953031241848896, 0.659248900706127], [0.09103696791359392, 0.0910275876333921, 0.05521671020891578, 0.7627187341440982], [0.12562433812445306, 0.23478545686703936, 0.49715337910061363, 0.14243682580789394], [0.06597115442836755, 0.04533629355390043, 0.08469934457360652, 0.8039932073441255], [0.06597096971615929, 0.06599718830830052, 0.15827579205108208, 0.7097560498244581], [0.0686549539150564, 0.3951908022128421, 0.08818606220655385, 0.4479681815655477], [0.04128930748056719, 0.18507467346333448, 0.041295737331669594, 0.7323402816244288], [0.3637781454283515, 0.06321937095633215, 0.04345984043991839, 0.529542643075398], [0.3899988982436883, 0.06777615592039782, 0.04112114603700005, 0.5011037996989138], [0.33981191153775464, 0.05905761548629601, 0.04059524703187582, 0.5605352258440736], [0.15499797346384583, 0.03052537306446524, 0.02693854810818947, 0.7875381052634994], [0.33822884270295067, 0.05188335715019616, 0.05189195884527014, 0.557995841201583], [0.1707746513594271, 0.029682906690468414, 0.03363801789230628, 0.7659044239577982]], "ideal": "D", "sampled": "D", "correct": true}}
{"type": "result", "data": {"idx": 14, "options": ["the Senate.", "the president.", "the Secretary of State.", "the chairman of the Joint Chiefs."], "probs": [[0.05016212630817332, 0.888997630853669, 0.03042486738900701, 0.03041537534915067], [0.033019108097000004, 0.7513515388697396, 0.025709835756991588, 0.1899195171762688], [0.03786952976616969, 0.07074229761120265, 0.8619064509184928, 0.02948172160413484], [0.027596759935168604, 0.04548968581865559, 0.013034356420192785, 0.913879197725983], [0.03020391291656444, 0.023517162416736657, 0.8823782406291922, 0.06390068393750664], [0.02682866129479708, 0.02682532715978156, 0.254511639719286, 0.6918343717261354], [0.7033827618573303, 0.13850427291666467, 0.07414643052133475, 0.08396653460467031], [0.164110294732481, 0.06838417332764801, 0.03230640796759452, 0.7351991238722765], [0.5422303635663684, 0.2901966549896329, 0.09422551024339956, 0.07334747110059914], [0.39849835481794377, 0.16609544988515212, 0.03706612051255589, 0.3983400746843482], [0.13749487082053236, 0.0573083211137421, 0.10703857508549021, 0.6981582328802354], [0.10848894974298914, 0.04520457035426685, 0.7071185391232221, 0.13918794067952192], [0.05617977414513655, 0.02653144154515474, 0.878696993687911, 0.03859179052179769], [0.03200247156301382, 0.019410478057692464, 0.013337776138069597, 0.9352492741412242], [0.06239979689688206, 0.861324298742203, 0.033400202170410946, 0.042875702090504], [0.048688186097468104, 0.8627677848255274, 0.026055698222673895, 0.062488330754330634], [0.043288968660410265, 0.03819317757028318, 0.04903563129797332, 0.8694822223713332], [0.044222254896872024, 0.02366752754778287, 0.887916323191505, 0.04419389426384005], [0.037363126800639475, 0.022664697796327064, 0.8503808958529767, 0.08959127945005675], [0.02603482198610528, 0.022972610872442515, 0.2797962551938159, 0.6711963118476363], [0.03738002012147378, 0.8505328930460905, 0.03298155463764724, 0.07910553209478843], [0.04727515650932978, 0.8379722302108181, 0.07794355851734885, 0.03680905466250325], [0.03989690408057305, 0.3784065715379383, 0.031061502991663933, 0.5506350212898248], [0.04353347241864804, 0.32161088456827064, 0.6009610048431793, 0.033894638069902096]], "ideal": "B", "sampled": "B", "correct": true}}
{"type": "result", "data": {"idx": 15, "options": ["Required the United States and Russia to demobilize their armies", "Required the United States and Russia to dismantle a significant number of their nuclear weapons", "Prohibited the acquisition of new military bases", "Prohibited short-range nuclear weapons"], "probs": [[0.008368235965158838, 0.9670950715370369, 0.013793951753298915, 0.010742740644505306], [0.006571418136366355, 0.9751509422508241, 0.010832270601224861, 0.007445368911584723], [0.00514768799200623, 0.007488967707075216, 0.9807535817746482, 0.006609762426270314], [0.0074431357617331835, 0.006567946719387524, 0.010828713861686665, 0.9751602035571926], [0.004545032120399652, 0.008489315597179135, 0.9811303961464113, 0.005835256036009882], [0.007442847689674515, 0.0065663804963701595, 0.010828164208389942, 0.9751626075055654], [0.9665356970573474, 0.015623771773048524, 0.00836494904309781, 0.0094755820265062], [0.9767558377910205, 0.010852365266847245, 0.006583382644655137, 0.005808414197477094], [0.9716920513556234, 0.01223370185806129, 0.006548788106010566, 0.009525458580304664], [0.9794296873563858, 0.009604033913597399, 0.005141989307154798, 0.005824289322861963], [0.9775113138988594, 0.010860860256372893, 0.0058144255654129185, 0.005813400179354821], [0.9775126220398099, 0.01086000313544068, 0.005814433351729791, 0.005812941373019597], [0.003138763358244161, 0.005173698523172253, 0.9858242850028903, 0.005863253015693214], [0.005819962262299396, 0.0058183724945640065, 0.009594565864093853, 0.9787670992790427], [0.006571546230465524, 0.9751521303756802, 0.01083147268296979, 0.007444850610884509], [0.0058344461495011615, 0.9811334375997529, 0.008487902379266086, 0.0045442137714797794], [0.004551403693913203, 0.004016210794062329, 0.008501545533154811, 0.9829308398788696], [0.0031477481706012134, 0.004041316587518095, 0.9887691468394629, 0.004041788302417796], [0.003136548665863226, 0.006638569728856557, 0.9850541907003957, 0.005170690804884482], [0.006569767881713654, 0.0057972390603803275, 0.012271639044135469, 0.9753613539137705], [0.0066022030102016365, 0.9797798398739536, 0.008476156744480094, 0.0051418002713646774], [0.00582835272431712, 0.9800256214918062, 0.00960651223028357, 0.004539513453593175], [0.004548482827287097, 0.004547629270104223, 0.008496089337509692, 0.982407798465099], [0.00314563021409399, 0.005185661797096472, 0.9881037992816855, 0.003564908607124095]], "ideal": "B", "sampled": "B", "correct": true}}
