{"type": "result", "data": {"idx": 0, "options": ["This type occurs in binary systems.", "This type occurs in young galaxies.", "This type produces gamma-ray bursts.", "This type produces high amounts of X-rays."], "probs": [[0.5373407601772839, 0.14462359248145593, 0.16646504400495993, 0.15157060323630014], [0.5220373712840963, 0.1383261341217077, 0.1804163103991244, 0.1592201840950716], [0.5405680101738621, 0.21841292732000514, 0.09999785124249203, 0.1410212111636407], [0.5689898985657391, 0.1905892973596422, 0.11927142027190181, 0.12114938370271691], [0.48223109591456664, 0.2501843794875187, 0.11101962294005921, 0.1565649015578554], [0.538384708016005, 0.21753035290034994, 0.12013556032979526, 0.12394937865384972], [0.08105467782942398, 0.7225233646476911, 0.08903015832843277, 0.10739179909445216], [0.07180148950854451, 0.7252669332042477, 0.09513175521174423, 0.10779982197546345], [0.07663571145837847, 0.07663882580109087, 0.7386409098560143, 0.10808455278451641], [0.08587444444819185, 0.11027250273507046, 0.06185737159442172, 0.741995681122316], [0.07688491618497095, 0.08989118708450625, 0.6961460035451987, 0.13707789308532403], [0.0727516535951825, 0.07990792928709728, 0.040180104680967735, 0.8071603123367525], [0.13299015163045402, 0.707865178514266, 0.07460597901790332, 0.08453869073737666], [0.14791959853301534, 0.6527155782981674, 0.1082282164933684, 0.09113660657544885], [0.10100267758718479, 0.12375601464616587, 0.6187883433758457, 0.1564529642908037], [0.07574727255776981, 0.08190791852271492, 0.05288364499504648, 0.7894611638244687], [0.20253952147335264, 0.17597407363046902, 0.47096044522225683, 0.1505259595739215], [0.07883893638925929, 0.11835997462310958, 0.04286714610872791, 0.7599339427789032], [0.11951077517465207, 0.6986397816424199, 0.0796179583418305, 0.10223148474109754], [0.13389871819977595, 0.6591394585368495, 0.10267237077178638, 0.10428945239158818], [0.10142557397532659, 0.11315255695308632, 0.5929258509350399, 0.19249601803654715], [0.06774625332899008, 0.065666736633471, 0.04109288098459768, 0.8254941289529413], [0.1587012708028402, 0.11793974040759385, 0.5897080897695204, 0.13365089892004556], [0.06748202986393982, 0.08268663039910552, 0.04029842345614307, 0.8095329161808116]], "ideal": "A", "sampled": "A", "correct": true}}
{"type": "result", "data": {"idx": 1, "options": ["Its speed relative to you", "Its composition", "Its size", "Its distance from you"], "probs": [[0.055931896148831976, 0.014364986700600456, 0.4757264848794027, 0.45397663217116485], [0.04911348483403873, 0.016973547822778493, 0.8179109480358818, 0.11600201920730094], [0.08952116148296177, 0.02952217599717605, 0.031426639218642326, 0.8495300232012198], [0.0749496298765306, 0.04764082672581813, 0.8058863907465843, 0.07152315255106693], [0.05427060567386732, 0.7976305961164325, 0.03672625441889882, 0.11137254369080138], [0.0949690260272944, 0.7355121318594813, 0.0684115285476317, 0.10110731346559261], [0.04605059067906804, 0.017208243688249643, 0.7204285456770396, 0.2163126198556427], [0.04626362578766864, 0.020853067630519865, 0.8201431355978823, 0.11274017088392917], [0.06480009829051955, 0.3847794220033725, 0.032587665939843524, 0.5178328136662644], [0.05413835062135638, 0.09209539637432115, 0.7712029727760302, 0.08256328012829225], [0.028092214887186932, 0.8211094155479715, 0.0208793618153006, 0.12991900764954095], [0.04094199872827902, 0.8224894325552655, 0.08943746250113474, 0.047131106115320696], [0.0700401800797839, 0.007268298916676981, 0.0142303603821893, 0.9084611605213498], [0.04510378310508443, 0.018802284240443168, 0.9060467919494465, 0.030047140605025946], [0.05219080522896396, 0.00734515513776251, 0.015189276575200378, 0.9252747629580732], [0.04056681652136522, 0.01916284270982497, 0.8950110810481702, 0.045259259620639654], [0.0571293074051114, 0.8528837386006304, 0.030108996978373395, 0.059877956915884836], [0.05284226627669404, 0.8529949695804049, 0.035205079474807686, 0.058957684568093416], [0.7124877385551487, 0.01294868219275637, 0.01649705091147797, 0.25806652824061693], [0.7283448318435726, 0.024922256404793123, 0.15267413312754563, 0.09405877852408862], [0.6534757863006935, 0.01466514784814455, 0.013352872381018488, 0.3185061933701435], [0.6263852574857848, 0.03645981393852236, 0.277973198610168, 0.05918172986552482], [0.8511491020686491, 0.033522451594730815, 0.02130911958613989, 0.0940193266504802], [0.8717778540069041, 0.025515795265175206, 0.022872828212405435, 0.07983352241551521]], "ideal": "D", "sampled": "D", "correct": true}}
{"type": "result", "data": {"idx": 2, "options": ["Because the molecules that compose the Earth's atmosphere have a blue-ish color.", "Because the sky reflects the color of the Earth's oceans.", "Because the atmosphere preferentially scatters short wavelengths.", "Because the Earth's atmosphere preferentially absorbs all other colors."], "probs": [[0.02325620692597264, 0.010815415550460606, 0.9437359588091625, 0.022192418614404224], [0.04092708215373681, 0.012679017326297452, 0.6710014333967925, 0.2753924670231732], [0.024903574306541977, 0.9201478717262479, 0.030042904574026204, 0.024905649293183903], [0.025924332244155683, 0.9139939477573233, 0.038921180818650335, 0.021160539079870647], [0.030203011868393415, 0.015916722412571534, 0.014047130467501718, 0.9398331351515333], [0.04260369849201215, 0.046791289584713965, 0.8693093073706967, 0.04129570445257722], [0.026559828274583554, 0.03574032515587616, 0.9076014862038762, 0.03009836026566412], [0.04926600849908379, 0.05582589799320905, 0.41253603790338955, 0.4823720555043176], [0.015453343498155652, 0.9413909420465997, 0.026704257478446933, 0.016451456876797683], [0.015223321602613348, 0.9419826925664527, 0.02756921778435288, 0.01522476794658101], [0.03614833340239892, 0.0923128385866075, 0.03559146208673425, 0.8359473658242593], [0.024671919619900607, 0.1511386964380727, 0.7920082201904475, 0.032181163651579206], [0.9608725890084593, 0.01067444001575228, 0.012676818131126477, 0.015776152744661993], [0.9644895401594211, 0.009909351567599064, 0.0141952431993246, 0.011405864973655156], [0.9526389570148126, 0.012966511407506083, 0.016391990246698462, 0.018002541230982872], [0.9585550696374082, 0.011513881492996784, 0.017285261000333656, 0.012645787769261358], [0.9677953791231353, 0.009789193121029473, 0.011994596658897459, 0.010420830996937788], [0.9710915368046309, 0.008943511430442848, 0.010294469369596979, 0.009670482295329302], [0.02466491080833384, 0.00852452536990583, 0.011652033036957147, 0.9551585306848032], [0.03387567653235692, 0.017574661718938303, 0.9157142910217241, 0.032835370626980664], [0.025667554876567116, 0.007587771724925055, 0.032960446112902504, 0.9337842271856053], [0.01978626179406276, 0.008120488692250656, 0.9535046591840813, 0.018588590229605188], [0.03941637578225742, 0.8833122927106573, 0.046087629882839536, 0.03118370152424574], [0.03786372195516339, 0.8892463577042538, 0.03786830033670096, 0.03502161990388191]], "ideal": "C", "sampled": "C", "correct": true}}
{"type": "result", "data": {"idx": 3, "options": ["The first time you drop a bowling ball and it falls to the ground proving your hypothesis.", "After you\u2019ve repeated your experiment many times.", "You can never prove your theory to be correct only \u201cyet to be proven wrong\u201d.", "When you and many others have tested the hypothesis."], "probs": [[0.06566811694797453, 0.42165591527470975, 0.18421317105755008, 0.32846279661976563], [0.07615040589813206, 0.3413283050516295, 0.17708860902490386, 0.40543267992533455], [0.057848195824409136, 0.23609003158432398, 0.3227267526952796, 0.3833350197959873], [0.06847859428430995, 0.2316912498723458, 0.4680883760315128, 0.23174177971183146], [0.04657836509012102, 0.5675489157882428, 0.11351928562789314, 0.272353433393743], [0.051680139354671584, 0.5471318073283514, 0.16949021271543008, 0.23169784050154693], [0.08331846320811503, 0.06800716268325521, 0.22301557325553586, 0.6256588007530939], [0.11699879826181285, 0.09549720513240287, 0.22911076074700182, 0.5583932357587824], [0.10025196523349056, 0.18441192687782745, 0.23681496355661122, 0.47852114423207076], [0.13462910455993904, 0.35474209050988476, 0.21184251341616178, 0.2987862914140144], [0.08142834307609458, 0.05865408961361633, 0.16710713815335163, 0.6928104290569375], [0.133069804285711, 0.08864662446595692, 0.3617904049596679, 0.41649316618866417], [0.1071417038886175, 0.0902279310008011, 0.3513720893040661, 0.4512582757065152], [0.09436168380089202, 0.09736182394601095, 0.5516983187883987, 0.2565781733646983], [0.2974075288055699, 0.1279184631005619, 0.2044363705777423, 0.37023763741612586], [0.5570044516960085, 0.09831482171029181, 0.13651420174664064, 0.20816652474705902], [0.2534974552958647, 0.35197973772313657, 0.17424679060395717, 0.22027601627704158], [0.5210104584172898, 0.23484420774018747, 0.09944882987935261, 0.14469650386317012], [0.18730142337007424, 0.10672571400086033, 0.15529803365692418, 0.5506748288721413], [0.1797891408025243, 0.13361437617396307, 0.3058757483653322, 0.38072073455818034], [0.14797763580085854, 0.04956890288084111, 0.13903147032595936, 0.663421990892341], [0.2407377272328752, 0.07938659639657668, 0.35584320288902477, 0.32403247338152336], [0.16846935449346037, 0.23029184339127745, 0.20324338970536077, 0.3979954123099014], [0.17090982362280632, 0.486948030619239, 0.11566427724125374, 0.22647786841670092]], "ideal": "C", "sampled": "C", "correct": true}}
{"type": "result", "data": {"idx": 4, "options": ["Titan is the only outer solar system moon with a thick atmosphere", "Titan is the only outer solar system moon with evidence for recent geologic activity", "Titan's atmosphere is composed mostly of hydrocarbons", "A and D"], "probs": [[0.1893457883017134, 0.1864122561275666, 0.2356645903151757, 0.3885773651555443], [0.19551919981429416, 0.19248624717713506, 0.3274703123084159, 0.28452424060015485], [0.22508288098358, 0.18086168707176495, 0.22864798390509988, 0.36540744793955515], [0.21393176911122097, 0.16402661798744256, 0.3639538883798949, 0.25808772442144157], [0.15805428747580558, 0.30945824651430204, 0.2029806910854047, 0.3295067748244877], [0.15385836590566992, 0.3467290452778665, 0.1885383008014119, 0.3108742879150517], [0.20323761108329455, 0.15582889549111045, 0.2303167019601326, 0.41061679136546236], [0.23208614144003498, 0.16716385628859123, 0.33772204793345095, 0.2630279542379228], [0.28022338209732767, 0.18377650603795373, 0.19261001909580042, 0.3433900926689182], [0.2050252499237634, 0.1781302173911816, 0.32766605885027716, 0.28917847373477784], [0.17776962682434194, 0.28854923177153624, 0.20147183246218078, 0.332209308841941], [0.17751728790045626, 0.2926792632948406, 0.19806725670207387, 0.3317361920026292], [0.23593237993742056, 0.1866393685154242, 0.22869133946992873, 0.3487369119772265], [0.23104484376981085, 0.16129441557701785, 0.3692522346604167, 0.2384085058927546], [0.24320159084753817, 0.23943463679049096, 0.21464455765260249, 0.30271921460936835], [0.18959689138423855, 0.19869765637318137, 0.32255566116922146, 0.2891497909733586], [0.16889216004113233, 0.3520070016032118, 0.20059041676899583, 0.27851042148666005], [0.15259753393491313, 0.29877984966002064, 0.21523315033001816, 0.33338946597504804], [0.222772159471522, 0.1555194659220784, 0.24855088444397203, 0.37315749006242754], [0.24660880861200446, 0.17215873299307619, 0.2544651329262899, 0.3267673253686294], [0.20822687444988808, 0.16731566189046448, 0.24730990824610488, 0.37714755531354255], [0.20911694126197422, 0.1706781310859353, 0.26438798315915124, 0.3558169443929392], [0.2565088531638644, 0.19062155199198735, 0.23358009405214156, 0.3192895006920067], [0.21366389195450522, 0.16902419692258064, 0.2537671814431683, 0.3635447295797458]], "ideal": "D", "sampled": "D", "correct": true}}
{"type": "result", "data": {"idx": 5, "options": ["m*v", "0.5*m/(R^3)", "0.5*m*(2GM/R)", "0.6*G(M^2)/R"], "probs": [[0.13333779770795975, 0.08610905834333882, 0.5193414764978921, 0.26121166735080936], [0.15860739158505585, 0.10903987435977988, 0.3746861228087425, 0.35766661114642173], [0.15519921146265467, 0.3964927193493065, 0.19624841183312325, 0.2520596572549156], [0.15824696891653478, 0.3949107048984052, 0.23212113175816126, 0.21472119432689873], [0.16665359336419094, 0.292602964986001, 0.23878981882299702, 0.301953622726811], [0.15345705815424188, 0.29133060137501826, 0.3352835128078824, 0.2199288275628575], [0.14274346295272422, 0.1111980560609493, 0.5142165230364776, 0.23184195784984887], [0.15318864233665436, 0.12704024664087119, 0.4100909240201495, 0.30968018690232496], [0.17030196143923826, 0.35511118699205035, 0.2187417777966533, 0.25584507367205805], [0.17776704793085052, 0.3649573216980125, 0.23930343269984716, 0.2179721975712898], [0.17007887361733048, 0.2676872908801374, 0.26350858804928695, 0.2987252473532451], [0.17364892103054733, 0.2733227271563267, 0.3401200124263388, 0.21290833928678718], [0.302605833044103, 0.23947293697178346, 0.2146343556631395, 0.2432868742209741], [0.2530570365691006, 0.21652403794334785, 0.3301351119267883, 0.20028381346076327], [0.2947464795191442, 0.21237488946057853, 0.24062713261143734, 0.25225149830883997], [0.291237447996184, 0.2098526836699901, 0.28236011088587676, 0.2165497573479491], [0.25974170532050755, 0.30858413761379627, 0.22928122708655896, 0.20239292987913718], [0.2725022909144222, 0.29942791312496114, 0.21902567657013408, 0.20904411929048256], [0.24806111667333006, 0.19025590374307222, 0.22241398194058762, 0.33926899754301004], [0.19846274855349424, 0.1924212815443593, 0.40102015726668366, 0.20809581253546278], [0.23623760312203543, 0.18404006837256653, 0.25153451049304804, 0.32818781791234997], [0.22379885767851293, 0.19149579454558663, 0.3808199535930834, 0.20388539408281703], [0.22586330913053485, 0.33920989395505224, 0.2259227051555073, 0.2090040916589056], [0.22975679303704033, 0.3241729727813951, 0.2125546526000125, 0.23351558148155202]], "ideal": "C", "sampled": "C", "correct": true}}
{"type": "result", "data": {"idx": 6, "options": ["it was stripped away by the magnetic field when it rapidly decreased in strength", "it was broken into hydrogen and oxygen by ultraviolet light and the hydrogen was lost through thermal escape", "it was consumed by a civilization of thirsty Martians", "it was vaporized during a period of intense volcanism and was lost to space through thermal escape"], "probs": [[0.02572811499469127, 0.5504191342989435, 0.07929046945237582, 0.34456228115398935], [0.03155733158221164, 0.6342409772287169, 0.29491021662990874, 0.039291474459162784], [0.029175189219610903, 0.03358512252584022, 0.788988741052999, 0.14825094710154987], [0.026929471287965655, 0.02198232867744478, 0.8922437908246955, 0.058844409109894094], [0.02318259917978537, 0.8437567382668305, 0.10233389644042723, 0.030726766012956933], [0.024442042151396816, 0.6820156294089569, 0.0685850204666097, 0.22495730787303655], [0.27443018450663664, 0.04920763131034173, 0.0575352010910226, 0.618826982991999], [0.46754767615240433, 0.06132616360382352, 0.4393060125100516, 0.03182014763372055], [0.3028832032544044, 0.047183885462574196, 0.10971271827147919, 0.5402201929115422], [0.15231433792964755, 0.06154123807718681, 0.7499636550608523, 0.03618076883231336], [0.7965590416332171, 0.0922089374882827, 0.06338446633915405, 0.04784755443934616], [0.7389227692124216, 0.11691814572746012, 0.07432825807239209, 0.06983082688772618], [0.03645408275391231, 0.03533664091334197, 0.6669764741692106, 0.26123280206353516], [0.03525126229534937, 0.02703083125077259, 0.8544343121771361, 0.08328359417674192], [0.030673515848410222, 0.6665413552816851, 0.10879356696693064, 0.193991561802974], [0.03017268419478659, 0.7546447739634694, 0.18203159217300402, 0.033150949568739936], [0.026904690297997448, 0.8374920249308535, 0.07202973524633208, 0.06357354942481697], [0.025222596295353828, 0.8489531451704107, 0.10136660395113857, 0.024457654483096933], [0.8467479896066646, 0.01841594640866567, 0.1146054782905257, 0.020230585594143945], [0.3953613101349486, 0.045771882615457664, 0.05877429333895245, 0.5000925138106413], [0.9229181614247507, 0.019761898063275624, 0.03310013636094441, 0.02421980405102923], [0.8830468251162011, 0.03216497887334254, 0.04536678302133451, 0.03942141288912184], [0.5711124666128053, 0.03947930537624887, 0.08358176365321998, 0.30582646425772575], [0.23211764142751584, 0.0696943487111723, 0.6614580252322414, 0.03672998452907046]], "ideal": "B", "sampled": "D", "correct": false}}
{"type": "result", "data": {"idx": 7, "options": ["Lunar rocks are composed of fragments pulverized by many impacts.", "Radioactive dating of lunar samples shows that they are older.", "The Moon's surface is more heavily eroded than the Earth's surface.", "The Moon's surface has more impact craters than the Earth's surface."], "probs": [[0.13081037801968706, 0.4861139880213701, 0.09277085820744287, 0.2903047756515], [0.16460883738398174, 0.2016934767289936, 0.5482921044598003, 0.08540558132722442], [0.07957016694692881, 0.028820409600162217, 0.7204763827062715, 0.17113304064663756], [0.06306376295825565, 0.02755206259147962, 0.6675809608708667, 0.24180321347939795], [0.16254001332922677, 0.5247608139443642, 0.2256868317906971, 0.08701234083571185], [0.12115734724116703, 0.5346724946659152, 0.07946813791591867, 0.2647020200769991], [0.2100857825379956, 0.11785839672487174, 0.10080996304949282, 0.5712458575876399], [0.16532539950165778, 0.0857703219468731, 0.6438078735763977, 0.10509640487507138], [0.22932537239471668, 0.1066531256725995, 0.13067573502359964, 0.5333457668090842], [0.06906139026649914, 0.04600598114197567, 0.8029127355115094, 0.08201989298001572], [0.13621493925753803, 0.7963556181242154, 0.0384252814217952, 0.029004161096451327], [0.13561355308501555, 0.7684199975917969, 0.047608805017880854, 0.048357644205306645], [0.1026871569151774, 0.05245009025071514, 0.609759922191918, 0.23510283054218942], [0.09400702967352088, 0.05111328892742737, 0.5162594106470421, 0.3386202706520097], [0.07351796656937196, 0.6352361723996031, 0.10050288291028418, 0.19074297802074075], [0.05898986626465901, 0.19043778377453208, 0.6647302605010702, 0.08584208935973867], [0.041044170213536756, 0.8245858211346759, 0.05523984652339985, 0.0791301620283875], [0.07154394473492504, 0.7114864521124594, 0.16124397225883264, 0.05572563079378285], [0.8188609081074688, 0.03225125311936007, 0.10411078000100545, 0.044777058672165686], [0.7673410968356821, 0.03478652057072117, 0.0419612579472959, 0.1559111245463008], [0.8659685510549119, 0.07334267060433768, 0.02963346312959928, 0.031055315111151175], [0.8867459461462733, 0.04414995841519777, 0.02762879482434064, 0.041475300514188254], [0.799128876561182, 0.030033343896432783, 0.044387213137246785, 0.12645056630513843], [0.7060562875488771, 0.028245979548919383, 0.21534330859973222, 0.05035442420247131]], "ideal": "B", "sampled": "D", "correct": false}}
{"type": "result", "data": {"idx": 8, "options": ["Iron", "Hydrogen", "Methane", "Helium"], "probs": [[0.2495773397199478, 0.4663326968332797, 0.1715880606660311, 0.1125019026807414], [0.051169117085093134, 0.08980436713508706, 0.8259881907237034, 0.0330383249561163], [0.12595417437426934, 0.06848459332949416, 0.44671372225141714, 0.35884750994481934], [0.10721996345625039, 0.04611773009049362, 0.6779678412745344, 0.1686944650787216], [0.13662666081015937, 0.46953669185711433, 0.3435717820777644, 0.05026486515496192], [0.15832132807227237, 0.5702436820701391, 0.1272614953060515, 0.14417349445153702], [0.054135364255029066, 0.7711756860657185, 0.0653193497481655, 0.10936959983108688], [0.026255092240791846, 0.052213774322790396, 0.8972489398407878, 0.024282193495629968], [0.023037498520927284, 0.0070817878353595, 0.9062648758507059, 0.0636158376930073], [0.02210852094917172, 0.010691043775732937, 0.8696504551771775, 0.09754997999791783], [0.041209711699320056, 0.7192238407781364, 0.19359129232635933, 0.04597515509618421], [0.03821623279879799, 0.7557686022013066, 0.06401310663887529, 0.1420020582610201], [0.06483820225033435, 0.6864659342928544, 0.13308492599031732, 0.11561093736649385], [0.0438891387149055, 0.7904440215548506, 0.09440992055268568, 0.07125691907755818], [0.0350142168967941, 0.021573689475694303, 0.8619895237415185, 0.08142256978599313], [0.045823911014508424, 0.05703011272142737, 0.6949360655326868, 0.20220991063137742], [0.03412516461765167, 0.04382230134665816, 0.8401749570042651, 0.08187757693142501], [0.06365319483060573, 0.48534698374216806, 0.2518213745361882, 0.19917844679103802], [0.05229047407793893, 0.8310383108355531, 0.0903743586188504, 0.026296856367657526], [0.03644921629379737, 0.8972209367988245, 0.027522175544505492, 0.03880767126287261], [0.03510527808985623, 0.02820850895077405, 0.9057040168617344, 0.03098219599763529], [0.14409910570429532, 0.3197271918849458, 0.17387362340957524, 0.36230007890118365], [0.02856170375086894, 0.010026809443433586, 0.9027976351675641, 0.05861385153813342], [0.08969804543442297, 0.03858179928071398, 0.6426435040489534, 0.2290766511359096]], "ideal": "D", "sampled": "A", "correct": false}}
{"type": "result", "data": {"idx": 9, "options": ["Near-Earth asteroids gradually disintegrate and spread out along their orbital path. When the Earth passes through the orbit of an asteroid we are bombarded by sand-sized particles which cause a meteor shower.", "Near-Earth asteroids disintegrate as they enter Earth's atmosphere creating hundreds of bright meteors that appear to radiate from a single location in the sky.", "The nuclei of comets disintigrate as they enter Earth's atmosphere creating hundreds of bright meteors that appear to radiate from a central location in the sky.", "The nuclei of comets gradually disintegrate and spread out along the comet's orbital path. When the Earth passes through the orbit of a comet we are bombarded by sand-sized particles which cause a meteor shower."], "probs": [[0.6943096336766885, 0.047249245151828774, 0.06259519442973048, 0.19584592664175224], [0.7134871520013261, 0.049317899953574815, 0.17485143364752181, 0.062343514297577285], [0.7529280949285526, 0.05454277368557647, 0.07339611812832392, 0.11913301315754699], [0.3221879685173449, 0.06148982207766976, 0.5567236687322007, 0.059598540572784645], [0.6128714817046271, 0.21853951105986047, 0.0816607865980739, 0.08692822053743847], [0.6335353490648685, 0.19626661374195534, 0.08310525428064802, 0.08709278281252812], [0.19007461904023448, 0.2087715094340592, 0.13064216854709312, 0.47051170287861316], [0.15567745284525616, 0.13109786586845434, 0.6062217345293311, 0.1070029466569583], [0.15842142640548193, 0.046103510829280714, 0.6073329425467703, 0.18814212011846707], [0.041232584097610686, 0.019477630939139196, 0.8680386350571427, 0.07125114980610735], [0.1135552518585168, 0.6743043466313512, 0.12088827763113145, 0.09125212377900052], [0.08410804655226375, 0.7266935055222584, 0.09681565241429888, 0.09238279541117894], [0.09234653068354645, 0.6718489872793679, 0.10142974921680903, 0.13437473272027664], [0.10472877876348055, 0.6027339753441702, 0.19567225612183406, 0.09686498967051524], [0.060216846679521104, 0.03377939697428143, 0.7569509602894111, 0.14905279595678642], [0.0740687815326372, 0.024810388251748007, 0.8477681767852964, 0.05335265333031845], [0.09625377720199105, 0.5715469845158591, 0.20062388926132724, 0.13157534892082268], [0.11065258912121828, 0.47325745572824407, 0.1334813843048351, 0.28260857074570256], [0.7209668002783369, 0.1252894270737947, 0.07028220605183991, 0.0834615664960285], [0.673119083123824, 0.15496594058586585, 0.07792250240386761, 0.09399247378644254], [0.6111210306707389, 0.0982175595030536, 0.1893245080316848, 0.10133690169452272], [0.7200067483651769, 0.07129169256209912, 0.09298324359198354, 0.11571831538074046], [0.8082344591422864, 0.036070999023220404, 0.09805324745727478, 0.05764129427721833], [0.7988809613365795, 0.03855077220848782, 0.06257478823136214, 0.09999347812357055]], "ideal": "D", "sampled": "D", "correct": true}}
{"type": "result", "data": {"idx": 10, "options": ["Radiation pressure from the Sun's light pushes the ions away.", "The conservation of the angular momentum in the tail keeps it always pointing away from the Sun.", "The ions are following Keplerian orbits that lead away from the Sun.", "The solar wind electromagnetically \"blows\" the ions directly away from the Sun."], "probs": [[0.3501511618189886, 0.15538187786521027, 0.16031237422747777, 0.33415458598832337], [0.2864311763252515, 0.18785207811438412, 0.23015947176417473, 0.29555727369618967], [0.3177360915651285, 0.10980843833338182, 0.22886085678479923, 0.34359461321669044], [0.2265831099714485, 0.11393506163661071, 0.33487862594711754, 0.32460320234482326], [0.18195008145240885, 0.39127785611544186, 0.196742388780566, 0.23002967355158332], [0.1733328505183486, 0.4158324548682453, 0.1506003529040627, 0.26023434160934333], [0.20850337170969696, 0.21179499361170315, 0.2020934731190014, 0.3776081614595985], [0.1725160104229187, 0.1865401333440505, 0.3652304545321705, 0.2757134016008603], [0.17847306758655934, 0.103294490218346, 0.27643248024154327, 0.4417999618535514], [0.2268729541502958, 0.1464825443252849, 0.33530417580983024, 0.29134032561458906], [0.21620490299103975, 0.3677979518939205, 0.1632051069336379, 0.2527920380814018], [0.21398189342889337, 0.3419570573530809, 0.16927779957035477, 0.27478324954767097], [0.11891755460503635, 0.18709236381567187, 0.2852817475510464, 0.40870833392824535], [0.11097080839104174, 0.16659316170646027, 0.42541705923867246, 0.2970189705638255], [0.12609238827388905, 0.10453837285979492, 0.25472515629124626, 0.5146440824750698], [0.15840271659681365, 0.14880979662779223, 0.36260239105160613, 0.330185095623788], [0.1411114291043604, 0.4346843685284961, 0.14788953570209754, 0.27631466656504594], [0.1401880234339716, 0.3931924104297359, 0.22055558858096416, 0.2460639774553283], [0.614789779370215, 0.06685518520422348, 0.155446110827238, 0.1629089244983236], [0.6029634160635118, 0.07314753895242108, 0.11873202895583364, 0.20515701592823354], [0.6372190475862634, 0.09620627401528783, 0.09772207222937074, 0.16885260606907807], [0.5999599232660774, 0.09642259991149334, 0.0994837827765651, 0.20413369394586417], [0.616738727377689, 0.07599723225076137, 0.10387685739138777, 0.20338718288016183], [0.578562464293908, 0.07829970470627626, 0.14628473576713363, 0.19685309513268212]], "ideal": "D", "sampled": "D", "correct": true}}
{"type": "result", "data": {"idx": 11, "options": ["By observing the duration of a solar eclipse.", "By measuring the size of Earth's shadow on the Moon in a lunar eclipse.", "By comparing the maximum altitude of the Sun in two cities at different latitudes at the same time on the same day.", "By sending fleets of ships around Earth."], "probs": [[0.022353945360203832, 0.012153903986473286, 0.9358760143696695, 0.0296161361836534], [0.016850558636051265, 0.006396200129911141, 0.012329382025924205, 0.9644238591081133], [0.01094345357440672, 0.9401129921684249, 0.027515129653525774, 0.021428424503642598], [0.009965837198895204, 0.9402953885641888, 0.02428681038202178, 0.025451963754894193], [0.013093186370366737, 0.00474236713079517, 0.019966380408338084, 0.9621980659905], [0.011194240019240926, 0.007574665168924925, 0.9467472195030832, 0.034483875208751014], [0.03452707126706064, 0.0165665356723151, 0.9045698163722176, 0.044336576588406666], [0.03431468052153353, 0.008151031022532357, 0.01522861313640951, 0.9423056752195246], [0.022251551144596114, 0.9316043279362616, 0.027695450814803447, 0.018448670004338856], [0.025000345238782234, 0.9237036211278863, 0.029231485303155256, 0.022064548230176246], [0.04575713454968053, 0.012316087468307521, 0.022653455445915377, 0.9192733224360966], [0.02098431861339054, 0.01464973239164803, 0.9064215044208177, 0.057944444474143736], [0.9674012253168521, 0.006518416233534768, 0.008635905739317412, 0.017444452610295657], [0.9662608334735391, 0.0067174339837923975, 0.008761615879122152, 0.018260116563546352], [0.9674551337334426, 0.00672570559038193, 0.008910507757235191, 0.016908652818940276], [0.9677204641954411, 0.006727564254446166, 0.008638726683269048, 0.016913244766843614], [0.9617375614067036, 0.008191812683480649, 0.011023812792735883, 0.019046813017079882], [0.9577960079857654, 0.008684395697146175, 0.011686675417329529, 0.021832920799758945], [0.014642488820784992, 0.007025979770473267, 0.013756559859256954, 0.9645749714494848], [0.011732962661312931, 0.016289973280934143, 0.9177189271840503, 0.05425813677370262], [0.02331924568041761, 0.019333267114366556, 0.025613365072107215, 0.9317341220331086], [0.015107410421022536, 0.03004528846409357, 0.9202636123342147, 0.03458368868066919], [0.008701547218930069, 0.959865572339532, 0.01730730603629282, 0.01412557430524508], [0.008045828982852589, 0.9596316911772907, 0.018419156037860526, 0.01390332370199608]], "ideal": "C", "sampled": "C", "correct": true}}
{"type": "result", "data": {"idx": 12, "options": ["a dwarf galaxy orbiting the Milky Way.", "the closest planetary nebula to the Earth.", "a bright star cluster discovered by Magellan.", "the outer arm of the Milky Way named after Magellan."], "probs": [[0.9665508856341862, 0.009776612733652473, 0.008764336807927675, 0.014908164724233638], [0.9700385552685076, 0.008392571246834986, 0.007292112483785669, 0.014276760900871741], [0.9734238117742138, 0.008036213705380274, 0.006662774181675866, 0.011877200238730096], [0.971114866466473, 0.008271588373011262, 0.007186969246149604, 0.013426575814366081], [0.9694769697656084, 0.008387699480243673, 0.008520315154414036, 0.013615015499733964], [0.9677893392248392, 0.008913091266769623, 0.009053978950038673, 0.014243590458352435], [0.018204766373520184, 0.9486395852350463, 0.01657812775686131, 0.01657752053457213], [0.01792286013789601, 0.9486358429838123, 0.01606813490420463, 0.017373161874086995], [0.022682014297553732, 0.017665361141185824, 0.9204572969763717, 0.039195327484888715], [0.02193680397897484, 0.006484789835962291, 0.009003428543762548, 0.9625749775413003], [0.0395445771645483, 0.02593431897446752, 0.9001612327032691, 0.034359871057715076], [0.021237752558148713, 0.00657943425951116, 0.010679700022884622, 0.9615031130594555], [0.013332238903682396, 0.9495746308467798, 0.015109485686625353, 0.021983644462912337], [0.014335248153837816, 0.9442571708444619, 0.016245930052234937, 0.025161650849465342], [0.01703565572321208, 0.010828814498450336, 0.9449104692165483, 0.02722506046178929], [0.015456820008878769, 0.004359970101000341, 0.00867094425530142, 0.9715122655348195], [0.019492271276231654, 0.011459139676158456, 0.9393242411756704, 0.02972434777193956], [0.01567834272954853, 0.005090203698540683, 0.00907440780201089, 0.9701570456698999], [0.02642643161793459, 0.9317186705467974, 0.01816444959039122, 0.023690448144876804], [0.02926157951612531, 0.9247794081479938, 0.018894474810748754, 0.02706453742513216], [0.026827697335262714, 0.016788564544557908, 0.9311798926756798, 0.025203845344499626], [0.013865537999744885, 0.004944077847286946, 0.008952798689459253, 0.9722375853635089], [0.022091387424582554, 0.012987041094721275, 0.9249162735006575, 0.040005297880038614], [0.016161538621281106, 0.005762767498357509, 0.008787406587123818, 0.9692882871932376]], "ideal": "A", "sampled": "A", "correct": true}}
{"type": "result", "data": {"idx": 13, "options": ["Actually water-ice is all over Mercury and not just at the poles.", "The pole is the only place fortunate enough to have had comet impacts", "Radar from the earth can only see Mercury's poles.", "These craters contain the only permanently shadowed regions on Mercury"], "probs": [[0.02260996207357921, 0.006181721976602283, 0.024449232731056748, 0.9467590831187618], [0.032644217869119516, 0.019800278181077234, 0.9247651178527596, 0.02279038599704368], [0.027481405848054877, 0.00716961663336073, 0.040619123913084976, 0.9247298535054994], [0.032797314345527136, 0.019585345011426527, 0.9148150119567593, 0.032802328586287045], [0.029404027767454315, 0.9148889881769768, 0.03280560922486473, 0.022901374730704083], [0.03414383841904811, 0.9087488287685523, 0.029668846078553468, 0.027438486633846074], [0.019901638468615236, 0.005441246915487748, 0.030348672880412583, 0.9443084416354844], [0.021373639748453195, 0.008910132156253489, 0.9525414260762282, 0.017174801919065206], [0.014641481129781414, 0.0044658299484974535, 0.01633524113741503, 0.9645574476843061], [0.030537385404772525, 0.01398156967476793, 0.920875255487708, 0.034605789332751616], [0.021773606417879676, 0.8974732282444203, 0.041323110041534925, 0.03943005519616508], [0.01714023833702763, 0.9214725072162471, 0.03356318705390861, 0.027824067292816716], [0.020909056734230633, 0.005370490902650324, 0.04158738013533317, 0.9321330721277858], [0.02127618229476198, 0.009441920880542373, 0.948332997957705, 0.02094889876699064], [0.015543457654713622, 0.004595144809714479, 0.01789222719156299, 0.9619691702440089], [0.029598562996899058, 0.013765290886412714, 0.9209295823336018, 0.03570656368308648], [0.026777326125824202, 0.8869546980072652, 0.04347112482795334, 0.04279685093895721], [0.01834109015253061, 0.9119709542381734, 0.039444829456488036, 0.03024312605280792], [0.93978534272779, 0.01011890496546591, 0.024656505469426777, 0.025439246737317255], [0.941800708142689, 0.01030024069983159, 0.023949466855421566, 0.02394958420205787], [0.9330593386516123, 0.014390937124783926, 0.021603834456796665, 0.03094588966680716], [0.9509296127527163, 0.011970565858960513, 0.01797048173012172, 0.019129339558201505], [0.938025813736709, 0.014243126566861754, 0.023119929723440662, 0.024611129872988604], [0.957854085780841, 0.009390575749108255, 0.015482920119498943, 0.017272418250551876]], "ideal": "D", "sampled": "D", "correct": true}}
{"type": "result", "data": {"idx": 14, "options": ["Virgo", "Laniakea", "Sculptor", "Bo\u00f6tes"], "probs": [[0.02524714239312381, 0.9328567130941527, 0.02773227076242446, 0.014163873650298938], [0.02772191921611246, 0.9326371017659815, 0.024088736463484785, 0.015552242454421257], [0.02142561035309066, 0.016687177490665752, 0.9401225202226017, 0.021764691833641957], [0.014190284131176486, 0.0055573892050411995, 0.015831316478133933, 0.9644210100856484], [0.024448770485262873, 0.021242595491734923, 0.9320461656512692, 0.022262468271733026], [0.01461055566783305, 0.006901963452903713, 0.016047484018404414, 0.9624399967608588], [0.969736422452412, 0.009071690082149735, 0.009360208199856153, 0.011831679165582126], [0.9708684005891598, 0.008802840562354952, 0.008666927055550203, 0.011661831692935078], [0.9614883431399083, 0.011193893344837886, 0.012488325602077344, 0.014829437813176449], [0.9531399061318899, 0.014248402782945408, 0.014028269762593781, 0.018583421222570902], [0.9619177946218703, 0.011554350585199645, 0.01192182720407361, 0.014606027488856406], [0.9537622029610683, 0.014036688507763122, 0.013605555087281616, 0.01859555334388698], [0.02068812877766529, 0.02036852868491294, 0.9365723361851631, 0.022371006252258706], [0.012490476247004624, 0.00711731279853224, 0.01846074974691754, 0.9619314611075456], [0.03762753651937421, 0.8976163796360493, 0.04331454601961446, 0.021441537724961927], [0.03568975427377509, 0.892245395389345, 0.04512201840197669, 0.026942831834903258], [0.01361268607871007, 0.009068591755765338, 0.03758787461409766, 0.9397308474514269], [0.027705984285734498, 0.021243886661021356, 0.9176278762902963, 0.033422252662947884], [0.020419992617488, 0.021401241448510293, 0.93899444631458, 0.01918431951942174], [0.011931973321513297, 0.00873012056944956, 0.016310011121462537, 0.9630278948875746], [0.030945375346215664, 0.9187486746827564, 0.03294550406223742, 0.017360445808790474], [0.02976897164525051, 0.911857962675423, 0.038228609897096213, 0.02014445568223028], [0.011568653590039899, 0.007587391078247083, 0.03244689906068167, 0.9483970561710313], [0.024762361852575392, 0.01783647494355144, 0.9293396429884714, 0.028061520115401785]], "ideal": "B", "sampled": "B", "correct": true}}
{"type": "result", "data": {"idx": 15, "options": ["Venus", "Mars", "Jupiter", "Saturn"], "probs": [[0.0022488971483960235, 0.0035657883927575837, 0.9887479837167427, 0.005437330642103769], [0.0014771178469553494, 0.001867304541204884, 0.006267905110492779, 0.990387672401347], [0.002401729784086404, 0.9920194030229331, 0.0026587641013928456, 0.0029201029915876158], [0.00265763942589182, 0.9917030698301158, 0.0024581689823733, 0.0031811216616190368], [0.0016482935551509258, 0.00241712035454614, 0.005279593105240164, 0.9906549928850628], [0.00192029945048369, 0.005600109373295832, 0.987051586365183, 0.005428004711037465], [0.002429634861197793, 0.003852363173532409, 0.9879346990946856, 0.005783302770584184], [0.0015847884823951542, 0.001809938631905185, 0.006171013878268388, 0.9904342589074313], [0.0026183452708758563, 0.9924287758274337, 0.0022929553281266354, 0.0026599234735638156], [0.002809670520067748, 0.9926278814572299, 0.002121070109323807, 0.0024413778133784794], [0.0018702390276071474, 0.0025764290785172455, 0.0035771331466823786, 0.9919761986471932], [0.001967715372862653, 0.005605429992190505, 0.9879923666610804, 0.004434487873866414], [0.9947151235258, 0.0023528009381056096, 0.0009507150108753361, 0.0019813604252190485], [0.9943797113102403, 0.0024266686234837857, 0.00105198172306358, 0.0021416382432123356], [0.9949626304823594, 0.0023533842462116557, 0.0008794879576793392, 0.0018044972137495855], [0.9951666261812574, 0.0023909258359889763, 0.000886557414459542, 0.0015558904682940824], [0.9941559717650986, 0.002836409338670811, 0.0010273757218210863, 0.0019802430744095215], [0.9949594268206637, 0.0025846665126702402, 0.0009003335842413145, 0.001555572982424656], [0.0020861096954312513, 0.001624736454323274, 0.004451184492672802, 0.9918379692575726], [0.002640931619613249, 0.00550418388679485, 0.9854195982772128, 0.006435286116379091], [0.0021373202325817553, 0.001638810875973151, 0.0035795532545626414, 0.9926443155368825], [0.0023379108190211546, 0.004797062613931328, 0.9884970688884623, 0.004367957578585187], [0.003805685260742425, 0.9913880684522822, 0.0022905620381963674, 0.002515684148779021], [0.003691561716557974, 0.9921809962911786, 0.0021201287127563, 0.002007313179507056]], "ideal": "C", "sampled": "C", "correct": true}}
