{"type": "result", "data": {"idx": 0, "options": ["r = k ln[A]", "r = k [A]^2", "r = k [A]", "r = k"], "probs": [[0.16066735263049187, 0.04324690803839342, 0.2690936206417275, 0.5269921185893872], [0.14321512512223178, 0.056088138330384736, 0.46236732477313497, 0.3383294116742485], [0.15497515747692053, 0.23635224467345325, 0.10820316280378575, 0.5004694349458404], [0.16829447446570686, 0.48708710069553873, 0.2195253968019305, 0.1250930279368239], [0.0907403833383507, 0.6706638981525779, 0.10445634352456297, 0.13413937488450844], [0.14117006956119274, 0.5672774910359542, 0.19298155603863185, 0.09857088326422128], [0.14842091056946133, 0.061876816687451576, 0.2952030212821496, 0.4944992513609375], [0.1335092594040262, 0.08225999526572185, 0.4378203320715006, 0.3464104131587513], [0.15010353250327818, 0.2150479756804244, 0.15012166721563858, 0.4847268245006588], [0.15682168069669467, 0.3534566110994128, 0.3534449881938559, 0.13627671991003665], [0.07607021003723967, 0.5710650511308447, 0.19427813544998912, 0.1585866032819265], [0.08601007377301292, 0.5787835465557879, 0.24505183068756473, 0.09015454888363449], [0.4681102648877316, 0.21102531177100145, 0.09967881363460017, 0.22118560960666675], [0.4813764332218076, 0.22389031766423448, 0.18561069772691874, 0.10912255128703914], [0.4283171870639872, 0.15514897142669493, 0.12662530490791363, 0.28990853650140425], [0.44666038955723764, 0.1804868063367783, 0.2667443275219633, 0.10610847648402076], [0.24948094971690235, 0.5282742105051141, 0.13996278508292107, 0.08228205459506248], [0.3835526038950151, 0.434705849526914, 0.10006688385599849, 0.08167466262207242], [0.26539029877541065, 0.2654328564905077, 0.08890348407024758, 0.3802733605638341], [0.21162661679217615, 0.2760502562276793, 0.39543046920103114, 0.1168926576791134], [0.16765719525584988, 0.0688139791061164, 0.0897490449923751, 0.6737797805456586], [0.2780850827415854, 0.26538184282510063, 0.3251537680300762, 0.1313793063032378], [0.13162006436462273, 0.700693845678832, 0.10251927374768265, 0.06516681610886266], [0.13934267017769122, 0.6546289432415685, 0.11024252992939242, 0.0957858565513478]], "ideal": "D", "sampled": "D", "correct": true}}
{"type": "result", "data": {"idx": 1, "options": ["all molecular bonds absorb IR radiation", "IR peak intensities are related to molecular mass", "most organic functional groups absorb in a characteristic region of the IR spectrum", "each element absorbs at a characteristic wavelength"], "probs": [[0.014530030700211657, 0.013651070768463875, 0.9277436533724818, 0.04407524505884268], [0.016846147542424573, 0.00847219451556445, 0.0397928004019641, 0.9348888574400469], [0.010295117370057253, 0.8986539111664682, 0.0539617122146645, 0.03708925914881008], [0.0118965122151215, 0.9022320910839229, 0.05089241529257029, 0.03497898130838535], [0.017527815114303527, 0.008678673836610922, 0.01621396654172883, 0.9575795444073567], [0.025480643825641167, 0.025884319992594322, 0.8845551279585963, 0.0640799081231683], [0.019498739633485803, 0.021754593142491695, 0.8967559709468895, 0.061990696177132945], [0.021411881658149008, 0.011826620980629081, 0.04128077768459145, 0.9254807195766305], [0.01593431067380806, 0.8703997633063648, 0.07033189306824045, 0.043334032851586726], [0.014150124380108943, 0.9036677696163951, 0.04714530508350495, 0.035036800819991075], [0.018185527824424324, 0.009888970281775303, 0.03850660458814897, 0.9334188972056514], [0.021339870743157668, 0.02134167192083898, 0.8935880374011768, 0.06373041983482661], [0.9611579017675986, 0.011191220765333975, 0.010848393480818792, 0.01680248388624856], [0.960724391824992, 0.011541158633095185, 0.010675295016399276, 0.01705915442551354], [0.9522845589695895, 0.012963049593646922, 0.013376416232068481, 0.021375975104695057], [0.966638954291493, 0.009477738016445615, 0.00849700135707911, 0.015386306234982251], [0.9609742190500151, 0.01101562383758284, 0.010678051999665433, 0.01733210501273656], [0.9715521788147595, 0.008406524322121422, 0.007419774685787541, 0.01262152207733157], [0.01723529406294771, 0.008533711584054174, 0.017786011180859335, 0.9564449830721388], [0.017822757295142176, 0.016229521421100276, 0.9287912214036164, 0.03715649978014114], [0.01578178310575426, 0.007283377781243951, 0.029954084475446587, 0.9469807545375551], [0.012624830417813253, 0.01063218467960585, 0.9424159237028716, 0.03432706109970929], [0.02142209551484458, 0.856096204820734, 0.07026354196611917, 0.05221815759830222], [0.016002022249717075, 0.8878443688141883, 0.05331329553954203, 0.042840313296552614]], "ideal": "C", "sampled": "C", "correct": true}}
{"type": "result", "data": {"idx": 2, "options": ["2", "3", "4", "5"], "probs": [[0.14365755868052324, 0.3501435063365058, 0.31877042415066803, 0.1874285107323029], [0.13533709740273164, 0.33506345246267283, 0.309840823532341, 0.21975862650225458], [0.14814304255384078, 0.3339462975509691, 0.3391608100540273, 0.1787498497411628], [0.1462585031839978, 0.35649424787771117, 0.29091987010907633, 0.20632737872921467], [0.14730440690806254, 0.3372913397635686, 0.3320221404684078, 0.18338211275996108], [0.14213312949110615, 0.29172682324521887, 0.36873956961610704, 0.19740047754756793], [0.22437688037366377, 0.17752433782458274, 0.4000523566784051, 0.19804642502334838], [0.2310270265544731, 0.1744224201971622, 0.31582070962218095, 0.27872984352618374], [0.2728801152695561, 0.3044841081935891, 0.2408388775596248, 0.18179689887722997], [0.284967665121783, 0.2636022010718762, 0.29404634672512164, 0.15738378698121908], [0.24756322784113202, 0.3280519442261198, 0.2254346594248082, 0.19895016840794], [0.23183947345558661, 0.24301625382032851, 0.3822927347468239, 0.14285153787726093], [0.26551354324417875, 0.185376140238823, 0.35178614183404067, 0.19732417458295753], [0.27360455829772506, 0.18228117716165543, 0.31006719526928594, 0.2340470691713335], [0.294372065084289, 0.2722868742798766, 0.24027761398584196, 0.19306344654999244], [0.2798501890595577, 0.2284283522798925, 0.3272085238249997, 0.1645129347355501], [0.327280774409264, 0.26302031855726027, 0.20805051360659804, 0.20164839332687767], [0.3102166446797767, 0.2341912160338581, 0.28692854303019555, 0.16866359615616963], [0.2623158834722056, 0.19194147334912434, 0.33163348840535417, 0.21410915467331587], [0.23333314406525005, 0.1654830152447891, 0.34488150987874044, 0.25630233071122044], [0.2614467363857029, 0.32543398956877095, 0.24949640779693188, 0.16362286614859423], [0.24841621515650908, 0.2644819020960494, 0.3190027475038053, 0.16809913514363625], [0.32211820727874224, 0.31226886711584034, 0.1671281829515542, 0.19848474255386322], [0.27639058641397596, 0.2596875765613443, 0.267912719638866, 0.19600911728581372]], "ideal": "D", "sampled": "C", "correct": false}}
{"type": "result", "data": {"idx": 3, "options": ["The I\u2212 : IO3\u2212 ratio is 3:1.", "The MnO4- : I- ratio is 6:5.", "The MnO4- : Mn2+ ratio is 3:1.", "The H+ : I\u2212 ratio is 2:1."], "probs": [[0.2100771218328207, 0.1943410485788554, 0.357421964371225, 0.23815986511709894], [0.21680029057480943, 0.21687355958548404, 0.24570653206195867, 0.3206196176777478], [0.22420879374314767, 0.2541511432319389, 0.2790791475219343, 0.24256091540297914], [0.22431320437125932, 0.2749473925428492, 0.2464004048577729, 0.2543389981281186], [0.21842079701561642, 0.15493067635743207, 0.2718726017241223, 0.35477592480282916], [0.22381550071385503, 0.15386575458895302, 0.3521816432123862, 0.27013710138480573], [0.23678882691793252, 0.18735459350817876, 0.32369702482689666, 0.2521595546469921], [0.23544942277776684, 0.1750146370199559, 0.24678114441037843, 0.3427547956918988], [0.2355465976169659, 0.262844866829617, 0.25076783439085065, 0.2508407010625665], [0.23087021362156335, 0.2657998462381423, 0.24965987725056235, 0.25367006278973203], [0.23513173353908345, 0.16163941734487447, 0.23886203051616195, 0.3643668184998801], [0.22987636116460036, 0.17906250591461872, 0.33451218406527483, 0.2565489487555061], [0.2583258863276849, 0.18039592415060335, 0.3068226414681803, 0.2544555479535315], [0.25495515790745105, 0.20175693639626768, 0.2630953051241579, 0.28019260047212335], [0.2298196221685124, 0.27299829907968104, 0.25243714073104834, 0.24474493792075822], [0.22056497302584113, 0.2833008127629457, 0.24996645373636558, 0.24616776037484758], [0.26773899391985295, 0.2085856018962652, 0.25156208495422766, 0.27211331912965414], [0.24854912972419566, 0.20292145918909602, 0.29984874870678774, 0.24868066227992056], [0.21509212894351482, 0.13676327873183422, 0.27623564825382096, 0.37190894397082996], [0.2227458688803173, 0.14385293637048535, 0.3560158663038415, 0.2773853283453558], [0.2136907992493383, 0.2008096694624829, 0.23842341840232237, 0.3470761127858564], [0.20740306320179738, 0.19488756394765247, 0.3474000433186951, 0.250309329431855], [0.21900328806852468, 0.26427678846319946, 0.2482075689906565, 0.26851235437761933], [0.21396040699490554, 0.24252833379038805, 0.2971063731079049, 0.24640488600680155]], "ideal": "B", "sampled": "C", "correct": false}}
{"type": "result", "data": {"idx": 4, "options": ["always", "only for constant pressure processes", "only for constant temperature processes", "only for constant volume processes"], "probs": [[0.20988487956123061, 0.4657099822121054, 0.14202647756267767, 0.1823786605639863], [0.20960590312813035, 0.5108036778955227, 0.13324456908298515, 0.1463458497933617], [0.21353441156495487, 0.4450919263351129, 0.15869793057794968, 0.18267573142198254], [0.20679385392358587, 0.4588457252600478, 0.14896122285550842, 0.18539919786085785], [0.24435560436454026, 0.42224893433109817, 0.1705999272533568, 0.16279553395100477], [0.2460203952248302, 0.39936596746274633, 0.17176041261267286, 0.1828532245997506], [0.3110825922451492, 0.31110396050966227, 0.19774440829730247, 0.18006903884788603], [0.306974227591838, 0.34248095237047516, 0.21431146240607377, 0.13623335753161306], [0.3013186678971533, 0.14685153563726208, 0.3930252784861452, 0.15880451787943944], [0.3226955878813567, 0.15007397754589988, 0.17821662391752946, 0.34901381055521397], [0.29192363777931474, 0.14227017546855011, 0.43826531706442734, 0.1275408695877078], [0.34829517676483773, 0.1594695573964754, 0.15456318623422918, 0.3376720795044577], [0.2955171553649176, 0.30491773199720973, 0.2230775273540319, 0.17648758518384072], [0.29808711114265546, 0.3173312747956496, 0.21471322430867903, 0.16986838965301593], [0.2717201851188714, 0.12057298304433062, 0.4622497203167068, 0.14545711142009116], [0.34177446871222344, 0.13595369659425804, 0.16399206463830968, 0.3582797699552088], [0.2746564447605135, 0.12772573529396725, 0.45286950464488335, 0.14474831520063594], [0.35205166479250927, 0.1467611596806762, 0.18552629094872433, 0.3156608844780902], [0.23487965670142139, 0.363820246649376, 0.24234947514193536, 0.15895062140726723], [0.24372076948355875, 0.3331495125645745, 0.23623244379974076, 0.18689727405212594], [0.24067706943178255, 0.12882382252226687, 0.5016621575000864, 0.1288369504458642], [0.297010932788517, 0.1666188860759247, 0.16661827512830674, 0.3697519059072516], [0.2454009576015928, 0.13765745273815247, 0.4657328267148163, 0.15120876284543844], [0.3039786102455031, 0.16788178191185732, 0.19936453992307554, 0.328775067819564]], "ideal": "B", "sampled": "A", "correct": false}}
{"type": "result", "data": {"idx": 5, "options": ["3 lines", "9 lines", "5 lines", "7 lines"], "probs": [[0.23129118175849608, 0.27051094977865414, 0.32624633089159816, 0.1719515374712516], [0.2294893310962905, 0.26840554465326855, 0.3288051636722376, 0.17329996047820334], [0.21444464259187815, 0.2248117077955036, 0.3592043954130446, 0.20153925409957366], [0.22818885401308234, 0.23922651647281737, 0.3373142728272386, 0.1952703565868617], [0.2061918228658478, 0.24114637074443243, 0.37344539161762375, 0.17921641467209606], [0.2406995928151054, 0.22976519507502416, 0.36142814694348935, 0.16810706506638107], [0.23207226632243277, 0.3485089799792483, 0.2671664555972718, 0.15225229800104711], [0.2392290425406014, 0.3482033752359915, 0.23191623840771497, 0.18065134371569214], [0.23424002082866585, 0.24555360876043056, 0.38028888610474143, 0.13991748420616212], [0.2622064092821892, 0.2623003760060684, 0.28357705893626817, 0.19191615567547424], [0.2471129895730271, 0.2550370838961026, 0.34315727092427056, 0.15469265550659975], [0.25588899848286445, 0.2481002956380699, 0.3087224960018426, 0.18728820977722302], [0.22667784509826192, 0.2957533431839237, 0.28660337415168824, 0.19096543746612615], [0.23954972560094762, 0.3077121858117539, 0.2631540753074036, 0.18958401317989493], [0.222672975716764, 0.2951032606993037, 0.31408033707816774, 0.16814342640576455], [0.2198711681030911, 0.2571426859666476, 0.35695967285875263, 0.1660264729715087], [0.24368179242788704, 0.2554685358983274, 0.32798527201776373, 0.1728643995560218], [0.20321958649452096, 0.24907045811694264, 0.35672770863995884, 0.19098224664857755], [0.2166271591975081, 0.3572943997832155, 0.25730182951196456, 0.16877661140731182], [0.22693262854527824, 0.34079139472363246, 0.27378817041688147, 0.15848780621420788], [0.23136984732801072, 0.2748573112809158, 0.31630882936774335, 0.17746401192333017], [0.2331705733973309, 0.26847653378201547, 0.3138258912625354, 0.1845270014581182], [0.2384884655237128, 0.24613612887782169, 0.36372721191583673, 0.15164819358262877], [0.24031626459590696, 0.28548767309052914, 0.28101428502925596, 0.19318177718430793]], "ideal": "B", "sampled": "A", "correct": false}}
{"type": "result", "data": {"idx": 6, "options": ["Neutrons", "Alpha particles", "Beta particles", "X-rays"], "probs": [[0.6465833397109433, 0.197211253789537, 0.09316608498559047, 0.06303932141392923], [0.6070418786909452, 0.24148290075992368, 0.05388914802092029, 0.0975860724282109], [0.6604081686853257, 0.12027345389147431, 0.1497009612336495, 0.06961741608955047], [0.593264224228281, 0.11866662990854006, 0.07311863488313827, 0.2149505108800407], [0.2968563812036205, 0.07744070309813006, 0.5130112980529777, 0.11269161754527168], [0.7113507879357848, 0.07735460880586913, 0.11796912373958825, 0.0933254794187579], [0.10428997173898293, 0.7355533344309595, 0.10431859686771398, 0.05583809686234356], [0.06148582552823334, 0.8359203053145259, 0.04570877721853847, 0.056885091838702266], [0.0744218056209609, 0.0527786594762478, 0.8129856909115067, 0.05981384389128457], [0.05584690781698225, 0.09209185940699095, 0.043504667018898505, 0.8085565656571283], [0.02876948770074036, 0.026198016981639684, 0.8953102321577409, 0.049722263059879084], [0.03741859623367957, 0.0249293277484805, 0.29437246751241125, 0.6432796084054286], [0.06013431071733834, 0.8048987447775571, 0.08351428868169619, 0.05145265572340838], [0.0354230193847223, 0.8585515041762082, 0.044796434016755565, 0.06122904232231391], [0.05944559766834775, 0.050852626935914864, 0.8338424028653708, 0.05585937243036658], [0.054183333299354444, 0.15438630945351156, 0.04287441010531581, 0.7485559470418182], [0.027374526941964558, 0.024541218242707507, 0.8927717357632058, 0.05531251895212215], [0.03886637630283839, 0.01954607562815839, 0.3519380839088585, 0.5896494640601447], [0.04166823889018522, 0.7988976627076831, 0.10156214716411636, 0.05787195113801529], [0.031933642169400464, 0.8500399188257004, 0.06452902261724092, 0.05349741628765817], [0.04565277018169164, 0.05954976468011935, 0.8094790101654334, 0.08531845487275559], [0.05008282456570721, 0.0706412464343195, 0.14270397432944507, 0.7365719545705282], [0.032671126491404995, 0.03166973868679986, 0.8696438410114681, 0.06601529371032702], [0.03941057899137332, 0.027090897124938493, 0.24526719152621707, 0.6882313322574711]], "ideal": "A", "sampled": "A", "correct": true}}
{"type": "result", "data": {"idx": 7, "options": ["Strong oxidizing conditions", "Low-spin electron configuration", "Metallic physical properties", "Unpaired electrons"], "probs": [[0.01708152129068102, 0.009144453245749315, 0.026049453519944497, 0.9477245718436251], [0.031834681058243545, 0.03722090701715829, 0.8741827140497591, 0.05676169777483905], [0.01951858839073534, 0.010287050501656956, 0.02930461340753317, 0.9408897476000745], [0.030816210947356124, 0.02940744583138863, 0.9008141906167672, 0.0389621525044881], [0.04816517287195696, 0.8277395459301738, 0.06688541248016355, 0.05720986861770559], [0.04800063228125287, 0.8249121657705274, 0.07095663782373879, 0.05613056402448097], [0.014531731881518076, 0.007194872616531648, 0.02081857661208645, 0.9574548187898638], [0.021897498176171416, 0.019939500693597772, 0.9313294545900246, 0.02683354644020624], [0.01461876914364588, 0.007125889346388192, 0.015085001327086003, 0.9631703400828799], [0.030540973570777202, 0.0296037966833495, 0.9068276471019149, 0.03302758254395845], [0.04626428497191867, 0.8463480853068518, 0.052436301947078795, 0.05495132767415072], [0.07077956304407969, 0.7976989268116006, 0.07190923499206692, 0.059612275052252764], [0.018392609755960007, 0.008422088957499132, 0.029395027603348025, 0.9437902735831928], [0.02863701655832324, 0.021958713203625996, 0.9193881269689149, 0.030016143169135808], [0.015051093546725229, 0.00700068082360294, 0.016793011419381807, 0.96115521411029], [0.03734340201456539, 0.03975490539503269, 0.877139700520833, 0.04576199196956886], [0.05462429732980796, 0.8547740077278646, 0.046009883794168316, 0.04459181104815912], [0.07698989658777906, 0.8151523470063449, 0.06187713145590945, 0.0459806248499666], [0.8485032034691212, 0.04712743526171154, 0.05340774177721393, 0.05096161939195333], [0.7725997027920934, 0.05957668318433358, 0.0664692674992765, 0.10135434642429643], [0.9043015967690388, 0.03345833325819806, 0.026060270810134407, 0.036179799062628804], [0.8839343021341338, 0.041341221095346395, 0.03823861664561762, 0.03648586002490212], [0.8557753402670892, 0.049040636992008946, 0.03318588373504488, 0.06199813890585697], [0.8967604412957302, 0.039400782963503335, 0.03266804272866366, 0.031170732912102792]], "ideal": "D", "sampled": "D", "correct": true}}
{"type": "result", "data": {"idx": 8, "options": ["1:1", "1:3", "1:6", "2:3"], "probs": [[0.2088916953194598, 0.2901061345299293, 0.3136583128112575, 0.18734385723935343], [0.20940143179887774, 0.31941161032420506, 0.2862870735580598, 0.1848998842188573], [0.2082103515529829, 0.2217018024877455, 0.3890987700371999, 0.18098907582207172], [0.21391519583239024, 0.2705123979996476, 0.31133198271064016, 0.20424042335732195], [0.21006537733751213, 0.2236775739969197, 0.3864837220809048, 0.1797733264846633], [0.21492604059591497, 0.2593347209234398, 0.33297721540510444, 0.1927620229755408], [0.2227341648306115, 0.30454071899377616, 0.3045204236125346, 0.16820469246307768], [0.22517585268641158, 0.3226741398253588, 0.2847249634901305, 0.1674250438980991], [0.2362748305643208, 0.2806773269097665, 0.31802419772616286, 0.16502364469974987], [0.221504184901978, 0.2510811723678737, 0.3378481616911426, 0.18956648093900563], [0.23035047946056939, 0.20980286596107536, 0.38588300343469356, 0.17396365104366168], [0.24505448338919084, 0.24513821301393068, 0.32473182674975337, 0.18507547674712507], [0.20618704220456083, 0.2411274915020444, 0.37346247589057435, 0.1792229903028204], [0.21948259230691586, 0.28191844466246613, 0.30480799984291895, 0.19379096308769908], [0.20509202776288465, 0.24746517834572926, 0.37733295556109786, 0.17010983823028822], [0.2025554387416595, 0.29024817239206524, 0.2947958575730635, 0.21240053119321184], [0.21368707714328125, 0.2311282455690045, 0.37515121694628006, 0.1800334602414342], [0.20478713240883092, 0.20484497872002755, 0.3948560294028265, 0.19551185936831503], [0.2163184647438711, 0.28221792820903546, 0.32481903802541273, 0.17664456892168068], [0.2200960135268418, 0.2916814175457566, 0.3056600184629677, 0.1825625503644339], [0.22289612887060894, 0.23003606495941065, 0.3733921050651999, 0.17367570100478055], [0.2300675213106877, 0.27329340574392613, 0.31454482671453243, 0.18209424613085368], [0.23594347343301114, 0.22875405037362812, 0.359877328833037, 0.1754251472603237], [0.20330766144310367, 0.1659763330945743, 0.4512065119769948, 0.17950949338532723]], "ideal": "C", "sampled": "B", "correct": false}}
{"type": "result", "data": {"idx": 9, "options": ["T1, unlike T2, is sensitive to very low-frequency molecular motions.", "T2, unlike T1, is sensitive to very low-frequency molecular motions.", "T1, unlike T2, is sensitive to molecular motions at the Larmor frequency.", "T2, unlike T1, is sensitive to molecular motions at the Larmor frequency."], "probs": [[0.23912838876453726, 0.25860132993849955, 0.23543194722467883, 0.26683833397228435], [0.2606641986804442, 0.22650072313816402, 0.22647609151834602, 0.28635898656304576], [0.28603182092523743, 0.2409022820023879, 0.21256614362755089, 0.2604997533448237], [0.20700147745923456, 0.24972827730065736, 0.3012065589126741, 0.24206368622743396], [0.2841625680736197, 0.2047180804237497, 0.23560553700985054, 0.27551381439278], [0.2300148606070339, 0.1848516166025323, 0.32441502806280387, 0.2607184946276299], [0.22645114022536833, 0.2908261076692073, 0.230029639131228, 0.2526931128741964], [0.23334002144774885, 0.2904585854350355, 0.2158159730246024, 0.2603854199926132], [0.28321543333082455, 0.20086321232694432, 0.2619618177151979, 0.25395953652703324], [0.19828971627488534, 0.2507180496585572, 0.2840728972844455, 0.26691933668211193], [0.2850920132221392, 0.1702476961629748, 0.30827026178122235, 0.23639002873366366], [0.2286876886854366, 0.18960405884277207, 0.322521537510091, 0.25918671486170036], [0.3284739406760607, 0.23661606443768596, 0.2055571881227041, 0.22935280666354924], [0.35094636152235387, 0.2230965312630876, 0.2063070355699727, 0.21965007154458585], [0.3442823691107973, 0.1901596692061901, 0.2055981965335704, 0.2599597650494422], [0.303362752416751, 0.21514704500748408, 0.2594995459729281, 0.22199065650283678], [0.28947874469427165, 0.2595256528069481, 0.2219550576292787, 0.22904054476950153], [0.3083361432890137, 0.22560772633692172, 0.2220912310570598, 0.24396489921700476], [0.2605608662618777, 0.25259473540947036, 0.20938698633324865, 0.2774574118954033], [0.27448279071809006, 0.23117913647931396, 0.2702524702018326, 0.22408560250076337], [0.2902501350201908, 0.28135181773758844, 0.20581925176593308, 0.22257879537628766], [0.31291809208664223, 0.21508361076523344, 0.2761527258454866, 0.1958455712026377], [0.24971675870305565, 0.30601021644393206, 0.2238525599017404, 0.22042046485127187], [0.258131898186748, 0.3065958344693104, 0.2074210607123622, 0.22785120653157945]], "ideal": "D", "sampled": "C", "correct": false}}
{"type": "result", "data": {"idx": 10, "options": ["3.02 ppm", "5.03 ppm", "10.56 ppm", "11.30 ppm"], "probs": [[0.19214735005803735, 0.2626992542093331, 0.31685916530477887, 0.22829423032785065], [0.2013197273011311, 0.25061038507414707, 0.32684985286975504, 0.22122003465496679], [0.21373491840207298, 0.27451055421138826, 0.32597898462197816, 0.18577554266456062], [0.1938260793492087, 0.24127404389352855, 0.3855607509227476, 0.17933912573451513], [0.20880537911941635, 0.2854759650321042, 0.3184615027815303, 0.18725715296694911], [0.1961406767172176, 0.2519060075031144, 0.38411673899624105, 0.1678365766834269], [0.20962393281747754, 0.2609435617662793, 0.31971216198585106, 0.2097203433303921], [0.20576773888449154, 0.24441144232111015, 0.33407357829558326, 0.21574724039881504], [0.2211591270172104, 0.29306476868642134, 0.3023485794011115, 0.18342752479525676], [0.19802177555271644, 0.24267483160416695, 0.40011860127686033, 0.1591847914662563], [0.2178483469453421, 0.3025332020317874, 0.2932028392560265, 0.18641561166684395], [0.20513586697911257, 0.2553493678314444, 0.38937646146695226, 0.15013830362249075], [0.22808622161381784, 0.2709216813609534, 0.31182402833896, 0.18916806858626878], [0.23356282360657696, 0.26061585154585815, 0.3294467280558108, 0.17637459669175407], [0.21512267632486953, 0.2806416833311321, 0.32300911313072667, 0.1812265271132717], [0.23310304133782608, 0.27258418769267434, 0.32370169500593227, 0.1706110758635673], [0.2326608493992104, 0.3386092034265402, 0.263687211381924, 0.1650427356923254], [0.22762026096245305, 0.31610005465714575, 0.2789380459907399, 0.1773416382896613], [0.21927968175246407, 0.27295790879867204, 0.3141702272799754, 0.19359218206888854], [0.22256541418036013, 0.26435573875910984, 0.334176982471977, 0.178901864488553], [0.2062562945095408, 0.2819842225918219, 0.3296678809343469, 0.18209160186429038], [0.22736282644382408, 0.2700628936020678, 0.3308853208687822, 0.1716889589853259], [0.22244768669622847, 0.366863120553073, 0.26011877474213874, 0.1505704179085598], [0.21747140584201477, 0.3476083278308397, 0.27070111033593647, 0.164219155891209]], "ideal": "D", "sampled": "C", "correct": false}}
{"type": "result", "data": {"idx": 11, "options": ["[The polarization relaxes exponentially: p(t) = [p(0) - peq]exp(-t/T1) + peq.]", "72.0 s", "56.6 s", "12.7 s"], "probs": [[0.17285343487759128, 0.21516508710720952, 0.4279097786740778, 0.18407169924112138], [0.17775102653434952, 0.23553753333995842, 0.39444325587187956, 0.1922681841538125], [0.18125990161810807, 0.26380314798725446, 0.34945792100433043, 0.205479029290307], [0.17244712544428153, 0.2671610275931839, 0.3767470643588893, 0.18364478250364527], [0.16298876458283418, 0.25648951145692495, 0.35055976580214004, 0.22996195805810085], [0.152936630549487, 0.26432408698281484, 0.3669596746065967, 0.2157796077611015], [0.20143232926807159, 0.2586925096230043, 0.3648149342635596, 0.1750602267453645], [0.19424268644277792, 0.2573803769256303, 0.3686761283002081, 0.17970080823138368], [0.18999881042117792, 0.2557308940351021, 0.38389496035409637, 0.17037533508962358], [0.21016191883497512, 0.24575298630609718, 0.305840833715648, 0.23824426104327967], [0.19747185429697728, 0.23091245610975678, 0.4052764112594987, 0.16633927823376726], [0.2127670356989998, 0.20950777897436784, 0.30010437218111596, 0.27762081304551633], [0.20758001757095582, 0.28379435633000827, 0.3165798594289427, 0.19204576657009328], [0.19757934189066467, 0.26180129601137125, 0.3578315696803935, 0.18278779231757053], [0.19118192154560631, 0.19422797234923356, 0.4377182619306044, 0.17687184407455572], [0.21147768742066228, 0.17263451935258375, 0.2982840702406472, 0.3176037228861068], [0.20660139876913913, 0.21996843991652215, 0.41743430983217666, 0.15599585138216204], [0.21459878339413233, 0.17518089187834557, 0.30268549014028506, 0.307534834487237], [0.1920573831596038, 0.254491742607957, 0.3216942500493958, 0.2317566240830434], [0.1939882251133545, 0.2693880377714046, 0.33004911255296676, 0.20657462446227412], [0.18605186875025978, 0.2075940016119013, 0.42596798054941476, 0.18038614898842417], [0.20395078037423175, 0.17447670252505387, 0.36364892934208926, 0.25792358765862516], [0.1892488719445631, 0.21448836898911333, 0.42656882957471187, 0.16969392939161174], [0.2011170088211489, 0.18030776228384918, 0.3642376985604636, 0.2543375302345383]], "ideal": "B", "sampled": "A", "correct": false}}
{"type": "result", "data": {"idx": 12, "options": ["4.6 mT", "27 G", "5.4 mT", "3.8 mT"], "probs": [[0.2089828904218803, 0.14364907992018383, 0.4029127178871325, 0.2444553116708033], [0.2126695716465128, 0.15082090417333163, 0.4100129718662729, 0.22649655221388265], [0.2174258594720453, 0.2881079699737203, 0.2836240912280204, 0.210842079226214], [0.23283572941914615, 0.2638808966664439, 0.3663650586969583, 0.13691831511745173], [0.2290045814432119, 0.29874541017053907, 0.27627735092213573, 0.1959726573641133], [0.23380877520150856, 0.252844799157512, 0.37369142288592355, 0.13965500265505587], [0.14318373797892198, 0.1283711790910142, 0.47700878973005484, 0.251436293100009], [0.13693100212635206, 0.12469874321167411, 0.5089288353411054, 0.22944141922086841], [0.1404823639776539, 0.12994824154942766, 0.48287680020753543, 0.24669259416538297], [0.1367613497324334, 0.12650803861318902, 0.4850307540137997, 0.2516998575405779], [0.12975871038321787, 0.1339018146486651, 0.4975514782133457, 0.23878799665477132], [0.1364174566381327, 0.12619114673015078, 0.4616407132665043, 0.2757506832652122], [0.22621098974436438, 0.29052137459825866, 0.2772047436793182, 0.2060628918780588], [0.23753465355740902, 0.27345531768664055, 0.3403154560536254, 0.148694572602325], [0.20285165005604974, 0.15555055206128307, 0.3850257338939667, 0.25657206388870046], [0.19840081932942444, 0.1497803583656866, 0.40087296360081226, 0.2509458586040767], [0.22050977583975542, 0.21712362117015818, 0.43863423347157104, 0.12373236941851537], [0.22665444689672948, 0.2910965171492028, 0.28212491515810073, 0.20012412069596694], [0.21554298491366886, 0.3186293135937895, 0.27251930666339963, 0.19330839472914202], [0.22662424561905692, 0.2820986635148951, 0.3402579280509107, 0.15101916271513724], [0.200506952377371, 0.1421988585121462, 0.41150006034580483, 0.24579412866467795], [0.19865510477760448, 0.13870440258732364, 0.3951660817268406, 0.26747441080823126], [0.20830482956528687, 0.19571834071562744, 0.484444868350577, 0.11153196126850871], [0.21429598009982562, 0.28396781853029884, 0.2839474635444134, 0.21778873772546212]], "ideal": "A", "sampled": "A", "correct": true}}
{"type": "result", "data": {"idx": 13, "options": ["1:19:36:84:126:126:84:36:19:1", "1:9:36:84:126:126:84:36:9:1", "1:9:35:82:120:120:82:35:9:1", "1:8:28:56:70:56:28:8:1"], "probs": [[0.23501891685105833, 0.2541694863133926, 0.306562563550734, 0.20424903318481508], [0.2405594396600716, 0.26016758052642325, 0.2902073393564592, 0.20906564035704592], [0.235244813183626, 0.16946647832088352, 0.4002135693785855, 0.19507513901690496], [0.2380307536492364, 0.26978606786968756, 0.2916807320923213, 0.2005024462887547], [0.2546524779140355, 0.15690923203178442, 0.3705617299472788, 0.21787656000690125], [0.2303225638943754, 0.15586917197315317, 0.37978803692345414, 0.2340202271090173], [0.276341991178892, 0.22208592127044932, 0.2896341853826201, 0.21193790206803853], [0.2702737965827976, 0.20404916391569855, 0.3015457897616145, 0.2241312496398893], [0.24877157426841923, 0.19682849331445376, 0.3347971290669531, 0.21960280325017392], [0.25454422070389005, 0.20457481726225446, 0.34257828164911913, 0.19830268028473635], [0.26650505461098856, 0.20437462016760147, 0.3215071760837443, 0.20761314903766562], [0.2867768023091833, 0.19713538295636, 0.32500045519796084, 0.19108735943649582], [0.252846580100699, 0.1879363739870176, 0.3622401220245572, 0.1969769237877262], [0.24190406498874142, 0.24196128544772008, 0.27414935824513753, 0.24198529121840096], [0.2607684135176243, 0.19081953166007148, 0.3145872652216083, 0.23382478950069588], [0.24928542597653938, 0.20035028157092916, 0.33029445510341193, 0.22006983724911958], [0.24005829153131378, 0.18124035269057853, 0.32307810069486437, 0.2556232549832433], [0.2766403133902335, 0.2366821659857803, 0.2810313873741011, 0.2056461331498851], [0.18636601467183653, 0.11305234158948756, 0.4685816887825903, 0.2319999548560856], [0.19387879486791318, 0.12134507185061899, 0.4508444901545368, 0.233931643026931], [0.24053116196783147, 0.1994458168875914, 0.3339929083255973, 0.22603011271897983], [0.1929893238572606, 0.12269250576519047, 0.5085489863069454, 0.17576918397060348], [0.2149479058922768, 0.1927187860904321, 0.3329665312886084, 0.2593667766286826], [0.24941866469003027, 0.1853903112433281, 0.3517853669736471, 0.2134056569929945]], "ideal": "D", "sampled": "B", "correct": false}}
{"type": "result", "data": {"idx": 14, "options": ["spin trapping provides more structural information than direct detection by EPR", "spin trapping makes it easy to quantify free radical intermediates", "steady state concentration of free radical intermediates is often too low to enable direct detection by EPR", "detection of spin adducts requires lower power than direct detection of radical intermediates"], "probs": [[0.0417455718784379, 0.03515520946182096, 0.8387537316557068, 0.08434548690403434], [0.14823080045622944, 0.08059935715736022, 0.20263066130971186, 0.5685391809766985], [0.06951412940374085, 0.7133583649763234, 0.10601826948262126, 0.11110923603731442], [0.060236595565017446, 0.7693157195275606, 0.09186927228247338, 0.07857841252494856], [0.11607777638772986, 0.06411186366215488, 0.15141575962967377, 0.6683946002204415], [0.04608099895143509, 0.03371500487294075, 0.8430172863629961, 0.07718670971262805], [0.03801130549877739, 0.048810857817679694, 0.8130053776467308, 0.1001724589368122], [0.10767002265292874, 0.07061962203857539, 0.19196873818164556, 0.6297416170268503], [0.018929972396538347, 0.8844935497728529, 0.03825121201559401, 0.058325265715014764], [0.03019361491439563, 0.8293471715312719, 0.06913421867119023, 0.07132499478314229], [0.08755123647004757, 0.053945448445146385, 0.15855816064142397, 0.699945154343382], [0.057962896647690956, 0.053609898773177074, 0.7637547650680496, 0.12467243941108239], [0.8332165193177712, 0.03180768459000816, 0.0485032069822031, 0.08647258901001759], [0.8622652823192, 0.028155099387966166, 0.0409677956885274, 0.06861182250430647], [0.7681764730586396, 0.05227578275051143, 0.06712768771192637, 0.11242005637892259], [0.6486862929479427, 0.08642864318499219, 0.10590081941551921, 0.15898424435154593], [0.7483550588170517, 0.06337896224889274, 0.07526976894839549, 0.11299620988566011], [0.684258551123495, 0.08045439780985225, 0.09406821849306486, 0.1412188324735879], [0.08473510389004171, 0.05221007449637621, 0.1419258133395301, 0.7211290081740519], [0.032873546114737674, 0.03236641493366239, 0.8481265865813998, 0.08663345227020013], [0.08578267884400995, 0.04888285060221297, 0.15779924743831006, 0.707535223015467], [0.044549291986085204, 0.03524349112576074, 0.8149705194437786, 0.10523669734437541], [0.05571000423749779, 0.8189864324505489, 0.06216291916521007, 0.06314064404674315], [0.0727081553441203, 0.7461907418106412, 0.08772237075152728, 0.09337873199371126]], "ideal": "D", "sampled": "C", "correct": false}}
{"type": "result", "data": {"idx": 15, "options": ["6.1445 x 10^-27 J T-1", "3.1445 x 10^-27 J T-1", "9.1445 x 10^-27 J T-1", "1.1445 x 10^-28 J T-1"], "probs": [[0.26956507159212095, 0.27821692407006016, 0.2961299971026586, 0.15608800713516033], [0.271940836883647, 0.3034823012434223, 0.25955025405447063, 0.16502660771846006], [0.23190545342315438, 0.34285526442510794, 0.27544625769941505, 0.14979302435232264], [0.21096125790030493, 0.33723817744884343, 0.2625964166290834, 0.18920414792176826], [0.23536422759111833, 0.2246474012297693, 0.37037094651160046, 0.1696174245675119], [0.24210479853116365, 0.22397500274325802, 0.3362046777865852, 0.1977155208389931], [0.25693756722231637, 0.2779133062965909, 0.29120934440575647, 0.17393978197533624], [0.2433219551796778, 0.2715430855479494, 0.3125074207470238, 0.17262753842534895], [0.22920039076298337, 0.22926822084367726, 0.3839308035041312, 0.15760058478920813], [0.2211435702051574, 0.2627030869652918, 0.3268987189368531, 0.18925462379269764], [0.23574934546155582, 0.24330594770701608, 0.32230701559081704, 0.19863769114061108], [0.23311528908537146, 0.2521352805263285, 0.3089019701902414, 0.2058474600980586], [0.26805522236363094, 0.3285419544683588, 0.2598617595215526, 0.14354106354645765], [0.25633497189409554, 0.32926751651753294, 0.25639621566933396, 0.15800129581903755], [0.28446371632042744, 0.2433878887970793, 0.3125018616826597, 0.15964653309983357], [0.29587170478723107, 0.27372664210443276, 0.26945805546927, 0.16094359753906617], [0.25080910696276953, 0.2214002045976283, 0.33235204711737737, 0.19543864122222476], [0.2479029558663576, 0.24796583876565234, 0.3336659023775891, 0.17046530289040093], [0.18026087492067985, 0.22091914208642935, 0.4127312784705168, 0.18608870442237396], [0.18137369098559325, 0.2366292546938437, 0.36647502676383675, 0.2155220274567263], [0.2038627862726435, 0.3013910352882355, 0.30610492822447066, 0.18864125011465027], [0.20126523375383862, 0.25055849923010215, 0.2975241585899518, 0.2506521083261074], [0.1888477709357173, 0.2463740183576144, 0.3698315432247697, 0.19494666738189861], [0.19055003848107402, 0.24859150500817181, 0.37316383795690633, 0.18769461845384786]], "ideal": "C", "sampled": "A", "correct": false}}
{"type": "result", "data": {"idx": 16, "options": ["I only", "II only", "III only", "I and III only"], "probs": [[0.18300427494603216, 0.23501746354137099, 0.27052259442485205, 0.3114556669877448], [0.18271799111449433, 0.20385953478175978, 0.37500813040845443, 0.23841434359529146], [0.17782629064409747, 0.17509535475098587, 0.29324556268041113, 0.3538327918245055], [0.17765043772325567, 0.16952987039151082, 0.3942267054723892, 0.2585929863128443], [0.1990526616374281, 0.32314315435039137, 0.2556474804622587, 0.22215670344992178], [0.20366835288651067, 0.31549345973714144, 0.25353186942289335, 0.22730631785345456], [0.19022604254292444, 0.2331075896653602, 0.2725407399697532, 0.3041256277219622], [0.1953704298726921, 0.2145952220167135, 0.36508085232061566, 0.22495349568997877], [0.18371449956590105, 0.18089186192407875, 0.3077243657914345, 0.32766927261858575], [0.19895822104249947, 0.1728723819808998, 0.360336011021105, 0.2678333858554957], [0.2169044814680656, 0.2873868217454987, 0.3012082143776712, 0.1945004823087645], [0.21158740868184397, 0.2847559281044725, 0.26752580405447, 0.23613085905921355], [0.16402812056051352, 0.18301483714218394, 0.3162347924954145, 0.336722249701888], [0.16293434035345297, 0.1579347174278538, 0.4227060864162673, 0.25642485570242596], [0.18076087119922665, 0.1894631498542597, 0.3123854882634516, 0.317390490583062], [0.1851997049682951, 0.16091425475486917, 0.4045859812602235, 0.24930005891661222], [0.2027684242568093, 0.2686562956000263, 0.30925078579302145, 0.2193244942501429], [0.20143851035492344, 0.288582256747765, 0.266910217171734, 0.24306901562557756], [0.2666505694115497, 0.24281686137350003, 0.27950800711882523, 0.21102456199612504], [0.2622109651303341, 0.2314325868851972, 0.2748562097274582, 0.23150023815701049], [0.28006407615722, 0.2181383520146623, 0.2935818135444791, 0.20821575818363858], [0.2739798724377357, 0.2100880890874583, 0.2740444838726657, 0.24188755450214028], [0.26086907021363165, 0.23024496551565812, 0.2821350823278173, 0.22675088184289297], [0.263391162974257, 0.22531278093420223, 0.267598446169581, 0.2436976098219598]], "ideal": "D", "sampled": "D", "correct": true}}
