{"type": "result", "data": {"idx": 0, "options": ["an average of 10 times, with an rms deviation of about 4", "an average of 10 times, with an rms deviation of about 3", "an average of 10 times, with an rms deviation of about 1", "an average of 10 times, with an rms deviation of about 0.1"], "probs": [[0.35763998434722233, 0.18557342224530735, 0.24970471482632167, 0.20708187848114867], [0.3592035823582561, 0.20471188729015125, 0.22481765185756872, 0.21126687839402392], [0.4216294523409164, 0.1757992628666903, 0.21538327311234645, 0.1871880115800469], [0.37626393327514435, 0.1952418474020853, 0.2506858222242466, 0.17780839699852374], [0.3787765091643491, 0.2334182192623186, 0.20597524325053748, 0.18183002822279487], [0.3320992985661315, 0.20147224369037792, 0.27110157222127634, 0.19532688542221419], [0.39051774069619155, 0.2191122039271978, 0.20582039695562046, 0.1845496583209902], [0.37207901266065363, 0.22928910173336828, 0.20551192799479473, 0.19311995751118335], [0.44654544864870727, 0.19210344205982363, 0.18911034994084092, 0.17224075925062818], [0.4053938029987461, 0.2007270127225806, 0.22743990676155343, 0.16643927741711986], [0.4111646956488416, 0.2533752770990243, 0.176870416198592, 0.1585896109535421], [0.35117593404119163, 0.216398134805974, 0.2529828548178414, 0.179443076234993], [0.328370451894348, 0.24030531940441338, 0.22572791574128218, 0.20559631285995641], [0.28625254967173774, 0.28189211240893647, 0.24108765298436258, 0.19076768483496323], [0.3435675203456634, 0.2553880512458998, 0.20518724618290382, 0.195857182125533], [0.29696509681600625, 0.29244292215228634, 0.23865215833560513, 0.17193982259610227], [0.3058752185843744, 0.2829713562409857, 0.2135697112549014, 0.19758371381973847], [0.29886135010619497, 0.28975274724219374, 0.21529340421053447, 0.19609249834107678], [0.42323179767573094, 0.15573088359077483, 0.1908024045395067, 0.23023491409398752], [0.4276561907204638, 0.1649103860418876, 0.2084596988809355, 0.1989737242567131], [0.5074884664137498, 0.15241422566375865, 0.17002270354018936, 0.1700746042823022], [0.44027461585207606, 0.16714382917150564, 0.21461188260310013, 0.1779696722733182], [0.4633785096857823, 0.16786382351018422, 0.18434769737431342, 0.18440996932972004], [0.46473109024986853, 0.17100138705746892, 0.18779632167433796, 0.1764712009183246]], "ideal": "B", "sampled": "D", "correct": false}}
{"type": "result", "data": {"idx": 1, "options": ["500 nm", "550 nm", "600 nm", "650 nm"], "probs": [[0.29325783686771717, 0.2843109709382503, 0.26292366178571003, 0.15950753030832251], [0.28293884219288934, 0.26175517231223827, 0.2576751449100065, 0.19763084048486593], [0.29539953779009775, 0.2265445969311966, 0.3096574154288634, 0.16839844974984225], [0.2820713179712852, 0.226702269491201, 0.29109146754376664, 0.20013494489374714], [0.29436576363480904, 0.2518570422874364, 0.2723223864759874, 0.18145480750176723], [0.2959247739041527, 0.24926770478176746, 0.2695121982569536, 0.18529532295712617], [0.30563305439129124, 0.29632263048058033, 0.23438425802103133, 0.16366005700709707], [0.29668255311193076, 0.28765146635644445, 0.23843197946405367, 0.17723400096757114], [0.3080317629859011, 0.2475739382321331, 0.2894396142455636, 0.1549546844364022], [0.3068914917730913, 0.23536860239033794, 0.2625597636866341, 0.19518014204993672], [0.30348748870102027, 0.2401356619396776, 0.2988574891643134, 0.15751936009498874], [0.30569657471884015, 0.22723648559778395, 0.2872575817595299, 0.17980935782384597], [0.2979305728663682, 0.2980232878926886, 0.23944470640775292, 0.16460143273319022], [0.29371326283518073, 0.2984351128507705, 0.23238895138595345, 0.17546267282809533], [0.29324923194997177, 0.24700148419047094, 0.3122353367352974, 0.1475139470242599], [0.2999546825585818, 0.25663661954220746, 0.25264826414442815, 0.1907604336547826], [0.2865540895606397, 0.2529511376082927, 0.28661730028453386, 0.1738774724465338], [0.2899879769692711, 0.2559780440077799, 0.2724771458759053, 0.18155683304704368], [0.3000580504262521, 0.3145734808088746, 0.21957870807144875, 0.1657897605934245], [0.30415029497977647, 0.32388783547692124, 0.2090867930985938, 0.1628750763447085], [0.29512517420232515, 0.2447252568194077, 0.3045655074152071, 0.15558406146306006], [0.30933431248751886, 0.26055452613243424, 0.25650832436661314, 0.17360283691343378], [0.2961599992145971, 0.23802788979290354, 0.2916307318680093, 0.17418137902449], [0.3109819087367781, 0.2538817302295519, 0.2578612344561814, 0.17727512647748858]], "ideal": "C", "sampled": "A", "correct": false}}
{"type": "result", "data": {"idx": 2, "options": ["There are no changes in the internal energy of the system.", "The temperature of the system remains constant during the process.", "The entropy of the system and its environment remains unchanged.", "The entropy of the system and its environment must increase."], "probs": [[0.1325367788637968, 0.07094647470351606, 0.603563345775622, 0.19295340055706517], [0.1553103007847724, 0.12096627301726805, 0.5683215129666683, 0.15540191313129123], [0.13914100163624057, 0.5012334287400543, 0.16019516646423362, 0.19943040305947152], [0.17892004281102486, 0.4570402434452267, 0.2371010297731729, 0.1269386838705755], [0.19482667780755686, 0.3113983339208152, 0.30184970034250347, 0.19192528782912452], [0.1826180950264022, 0.2535783123497425, 0.43822946202281593, 0.12557413050103938], [0.17661490070886252, 0.07960956035084829, 0.5614642071598841, 0.18231133168040503], [0.1900155948654031, 0.08976038343842406, 0.567468034401383, 0.1527559871947898], [0.12141837652113453, 0.6566845627213451, 0.12728850257714133, 0.094608558080379], [0.18258624865293024, 0.5043245258020407, 0.19140505439543307, 0.121684171049596], [0.3667761494381861, 0.26011583981642233, 0.22251676683932914, 0.15059124380606245], [0.34183645678346886, 0.21061761596051587, 0.28346345694035924, 0.164082470215656], [0.7170933617883082, 0.06168748180114291, 0.09261584453505682, 0.12860331177549209], [0.655113652024777, 0.08072533638099232, 0.16827206688044735, 0.09588894461378332], [0.6660951871574796, 0.0724329927813839, 0.11046263652401984, 0.1510091834371166], [0.4649644666804499, 0.11756293167350258, 0.27339051189484576, 0.14408208965120176], [0.6546951639969736, 0.11026929986347997, 0.13302808007548544, 0.10200745596406102], [0.5474744005691224, 0.1362788717693566, 0.15934677895343602, 0.1568999486080849], [0.23906947313735125, 0.22113492753179462, 0.29299172319534483, 0.24680387603550927], [0.2002465664882988, 0.16091379333322603, 0.5115011396416932, 0.127338500436782], [0.17257228234812028, 0.4076715348600243, 0.23594784382684136, 0.18380833886501408], [0.13614565538432677, 0.2465695364994462, 0.439622325841999, 0.177662482174228], [0.10247965194183861, 0.711649897294293, 0.12560035333867667, 0.06027009732519177], [0.1161372294228032, 0.6379421568505498, 0.14012948332043995, 0.10579113030620704]], "ideal": "C", "sampled": "C", "correct": true}}
{"type": "result", "data": {"idx": 3, "options": ["a dye laser", "a helium-neon laser", "an excimer laser", "a ruby laser"], "probs": [[0.4899132141745452, 0.12004359542025637, 0.25817581431573167, 0.13186737598946674], [0.49221673649295933, 0.1324640284367641, 0.20519444611437884, 0.17012478885589774], [0.5096530469638983, 0.1845710630402489, 0.17071877927023, 0.1350571106256227], [0.44992064084320293, 0.20278691639103424, 0.1965708971848941, 0.15072154548086872], [0.469858572738315, 0.13045672682242193, 0.2185151958689567, 0.1811695044703064], [0.41576361149943325, 0.13924858802646206, 0.276977913171841, 0.16800988720226367], [0.16544171930548107, 0.5686250927419718, 0.13295890492790033, 0.1329742829246468], [0.15291546055761487, 0.5863305242320103, 0.11016286744323138, 0.15059114766714352], [0.11061493512282289, 0.05475751784562209, 0.7561704656502382, 0.0784570812813168], [0.088366643573075, 0.04443617586834618, 0.19305069958407406, 0.6741464808745048], [0.07507282001391112, 0.04625054975976579, 0.794901218759913, 0.08377541136641008], [0.08942172542181873, 0.04358304226583953, 0.19535848205284012, 0.6716367501595016], [0.2124760816601499, 0.5599161773391369, 0.11735729434816826, 0.11025044655254491], [0.21316760458650963, 0.5360323706324455, 0.12147974785722815, 0.12932027682381675], [0.12347294195875842, 0.06712956280914231, 0.7333127587291166, 0.07608473640298268], [0.09061854941805184, 0.06948368147090109, 0.1802519234797124, 0.6596458455313347], [0.09965432919466727, 0.05767517013373078, 0.7600314418203308, 0.08263905875127116], [0.09309729690037616, 0.05473061880251953, 0.3406142801290629, 0.5115578040680414], [0.12978128951189039, 0.6490619262915507, 0.10109559755013499, 0.12006118654642386], [0.14053042884074451, 0.6300136666851845, 0.1147241523911579, 0.11473175198291302], [0.0962850785265347, 0.05839858421094051, 0.7576229257728605, 0.08769341138966423], [0.10321054529699822, 0.08691891962226088, 0.1869379863929225, 0.6229325485878184], [0.10732090552062146, 0.058349363934742, 0.7570067103717203, 0.07732302007291621], [0.0945004086232353, 0.05913880905445267, 0.33511820806696585, 0.5112425741553461]], "ideal": "A", "sampled": "A", "correct": true}}
{"type": "result", "data": {"idx": 4, "options": ["The Heisenberg uncertainty principle", "The Pauli exclusion principle", "The Bohr model of the atom", "Nuclear hyperfine coupling"], "probs": [[0.1102443580801073, 0.7900165399505703, 0.05721816910237801, 0.042520932766944325], [0.1363173436961043, 0.7373562308832575, 0.07770122550420885, 0.04862519981642936], [0.09178114373797915, 0.056546693628884266, 0.7933098407049335, 0.0583623218282031], [0.15175948506533163, 0.05084219523874124, 0.11639983197924703, 0.6809984876166801], [0.1645387743851037, 0.1029674153263064, 0.6823010610443221, 0.050192749144267745], [0.17520637101595585, 0.08675291031117055, 0.10630977627956713, 0.6317309422933065], [0.8376588670841716, 0.06875668854123622, 0.03918351722529879, 0.05440092704929345], [0.7470153926666292, 0.1093088862217932, 0.07632189135363143, 0.06735382965794613], [0.7238459963888427, 0.06324435354666132, 0.1277858979462547, 0.08512375201824122], [0.8116723432007426, 0.04369411792432132, 0.05354568036073384, 0.0910878584142023], [0.8006401687083696, 0.060779188048644586, 0.09269688312041972, 0.04588376002256601], [0.8683344254271259, 0.0425622320514411, 0.03529157169244787, 0.05381177072898516], [0.10723354160980404, 0.08890453923881322, 0.7106455126583459, 0.09321640639303691], [0.10573992562011689, 0.06121129359553204, 0.13165406489086678, 0.7013947157934842], [0.11752339101082879, 0.69823006687841, 0.10215201668456847, 0.08209452532619271], [0.10706492858557669, 0.7096528741882058, 0.0901998769327251, 0.09308232019349238], [0.1340319593249063, 0.07758152824556842, 0.29749147529577324, 0.49089503703375204], [0.10442204383379408, 0.06848509353887544, 0.7482343036590953, 0.07885855886823523], [0.25444656039212044, 0.258485430636066, 0.4196351076324465, 0.06743290123936703], [0.25222244856219533, 0.3729021846875175, 0.10193854569369408, 0.27293682095659305], [0.22176108505538444, 0.6521239498690151, 0.08033998579123341, 0.045774979184366946], [0.1927805102899879, 0.7279545691177759, 0.04303114504320933, 0.03623377544902687], [0.22224873798909217, 0.11530951667115756, 0.328554041543993, 0.33388770369575727], [0.15158592141108532, 0.07988157896241824, 0.7012496077033348, 0.06728289182316168]], "ideal": "B", "sampled": "B", "correct": true}}
{"type": "result", "data": {"idx": 5, "options": ["1/2", "1", "3/2", "5/2"], "probs": [[0.25262057778693275, 0.20624695716225952, 0.334779441323181, 0.20635302362762672], [0.2508052251862235, 0.20477221599003048, 0.3122478378661976, 0.23217472085754842], [0.3064207388687567, 0.19483656888985493, 0.2879598991588896, 0.21078279298249883], [0.3209906672667543, 0.22416367122537864, 0.2746479984255563, 0.1801976629823107], [0.29087086208813506, 0.19383529450287387, 0.27765970178183247, 0.23763414152715862], [0.27312344309936615, 0.1967897116941119, 0.3508316874153258, 0.17925515769119618], [0.2589651721148559, 0.24720016856106228, 0.2981802909725834, 0.19565436825149837], [0.25392524872116656, 0.2073307658625478, 0.29238678259388645, 0.24635720272239914], [0.2412981426667991, 0.23762789720346336, 0.39182499631040546, 0.12924896371933206], [0.2659880737399882, 0.28326224433741826, 0.26196285298937994, 0.18878682883321368], [0.25094074382270437, 0.26722810067884273, 0.3431481769806944, 0.13868297841775853], [0.24449736241782558, 0.2644650677247386, 0.3091945693957746, 0.1818430003616612], [0.35678288868648644, 0.2164750727269401, 0.24149246871280433, 0.1852495697737691], [0.36246796078937354, 0.22338887555401757, 0.2652746259278603, 0.1488685376287486], [0.30360097594804347, 0.18419428716827135, 0.34957210267779626, 0.16263263410588888], [0.31384317018956204, 0.19041072397744094, 0.3139532897740554, 0.1817928159589416], [0.33267121010692585, 0.16732253880567452, 0.3655066057155571, 0.13449964527184255], [0.37186333533383115, 0.1870509832910407, 0.25969773528363105, 0.18138794599149713], [0.4230435679300384, 0.18488278319548998, 0.21279878373396818, 0.17927486504050347], [0.4047255756882762, 0.1912413502288163, 0.2573523674559952, 0.14668070652691229], [0.3406615649918854, 0.17956500173412193, 0.2914879446043384, 0.18828548856965427], [0.3330509364271899, 0.17555119095477306, 0.31298342344015245, 0.17841444907788456], [0.37083835511189783, 0.19243638789029952, 0.29807070782990897, 0.13865454906789368], [0.43246135513860556, 0.19498905865453506, 0.21083095901103766, 0.16171862709582174]], "ideal": "C", "sampled": "C", "correct": true}}
{"type": "result", "data": {"idx": 6, "options": ["V_0/5", "V_0/3", "V_0/2", "2V_0/3"], "probs": [[0.30240934633554845, 0.17506964242093986, 0.32709827528456753, 0.19542273585894412], [0.31129705902801336, 0.2140316962981769, 0.25021928546310673, 0.224451959110703], [0.3052771207219785, 0.18234663113042365, 0.3150881936778531, 0.19728805436974473], [0.2945412870673614, 0.1902463400320506, 0.2855801752269895, 0.22963219757359854], [0.2912745773500992, 0.13131985067008028, 0.3921017050351001, 0.18530386684472033], [0.2881146414008906, 0.13194713191779925, 0.3878456411546894, 0.19209258542662075], [0.3050005526535851, 0.13537575706605648, 0.3857010419489993, 0.17392264823135914], [0.3398457067911017, 0.17915269196767125, 0.2647572080598597, 0.21624439308136734], [0.334967995625497, 0.21300740220491782, 0.26097231711859, 0.19105228495099522], [0.3252104472012386, 0.2494616471061743, 0.2455610000012974, 0.1797669055912897], [0.334476446095583, 0.18191722304666635, 0.2605716922703836, 0.22303463848736702], [0.31929196476908583, 0.13952576488981192, 0.3619267778365436, 0.17925549240455865], [0.2939738122519076, 0.13462657136246084, 0.36598570241801914, 0.20541391386761246], [0.27909263965676784, 0.1448394656036496, 0.35848960276833497, 0.21757829187124755], [0.3210163509827613, 0.19784349790750877, 0.2704106053561943, 0.21072954565353555], [0.32378802665178696, 0.23699001181706206, 0.2602513509803442, 0.17897061045080676], [0.3081689476658689, 0.16761066017858958, 0.27633333203413424, 0.24788706002140729], [0.29069396417372256, 0.12702074456403903, 0.41653802366057985, 0.16574726750165852], [0.3303147753649018, 0.15126736009791705, 0.357290346667492, 0.1611275177696892], [0.32177438369828226, 0.16698629654805036, 0.3218955003328442, 0.1893438193208232], [0.3330376098264368, 0.2677183111084262, 0.22898207261385403, 0.17026200635128297], [0.3296274346005644, 0.2568167890758719, 0.24504336741837968, 0.16851240880518403], [0.3324887554021729, 0.20814939090617848, 0.2510661034889625, 0.20829575010268614], [0.3278379689151339, 0.1868573697192766, 0.3228725742542843, 0.16243208701130524]], "ideal": "D", "sampled": "B", "correct": false}}
{"type": "result", "data": {"idx": 7, "options": ["0.25mc^2", "0.60mc^2", "0.67mc^2", "1.25mc^2"], "probs": [[0.20950704881741503, 0.24890849356162653, 0.41037532760385653, 0.13120912991710185], [0.24041110633012258, 0.2725579182912232, 0.2811799389018561, 0.20585103637679805], [0.2382384687423886, 0.3157872855347512, 0.2920195758050723, 0.15395466981778783], [0.23770077169990608, 0.31020280253463184, 0.2780208843963347, 0.1740755412691274], [0.2514963297892648, 0.28071979992444696, 0.2806919049523575, 0.18709196523393073], [0.2554428317208377, 0.2806974690975806, 0.2987714156026601, 0.16508828347892157], [0.2736605609426841, 0.21321593321336504, 0.3570694891058086, 0.1560540166381422], [0.27782090171306106, 0.21310433523337874, 0.3149355539326179, 0.1941392090209423], [0.24960805845160733, 0.3808479961498405, 0.22036955086723978, 0.14917439443131242], [0.23272258837510718, 0.3335467477242367, 0.29893287122440565, 0.13479779257625046], [0.25848873676788564, 0.36474757295931987, 0.22467330916442907, 0.1520903810083654], [0.24627844252870035, 0.3114865925153563, 0.3163519705112734, 0.12588299434466996], [0.34187787844200385, 0.19487904262492722, 0.3065877830605093, 0.15665529577255963], [0.3246780085936059, 0.20011361239508796, 0.29574501952171783, 0.17946335938958824], [0.3461077367663461, 0.24173496251676427, 0.23797525036824832, 0.17418205024864128], [0.30604724704927816, 0.23112100817391198, 0.30142335733334885, 0.161408387343461], [0.29593481728649706, 0.34083469682996426, 0.2166022742590585, 0.14662821152448016], [0.283573814708659, 0.31161789031542164, 0.26649708347329104, 0.1383112114026283], [0.2546343245048151, 0.1521056316954623, 0.3884458599364615, 0.20481418376326113], [0.28155836416809327, 0.16301503986137067, 0.37906716243812827, 0.17635943343240776], [0.33611033365078374, 0.23110293538354285, 0.24987854805708215, 0.18290818280859128], [0.2669478793504391, 0.2015798567582338, 0.4072362537432025, 0.12423601004812458], [0.3281890304867993, 0.26382865319763893, 0.24021232542024532, 0.16776999079531643], [0.2904853652344149, 0.2564645225952933, 0.30455915498187547, 0.1484909570884163]], "ideal": "A", "sampled": "C", "correct": false}}
{"type": "result", "data": {"idx": 8, "options": ["Planck\u2019s constant", "Boltzmann\u2019s constant", "The Rydberg constant", "The speed of light"], "probs": [[0.9569937175843236, 0.00828123709016843, 0.00960929743660663, 0.02511574778890127], [0.9290491600216616, 0.010321871001588859, 0.04279275455185001, 0.017836214324899475], [0.94188556857402, 0.01752591761921777, 0.013441644214603506, 0.027146869492158773], [0.9020453127295621, 0.024040664247988713, 0.05335069506603814, 0.020563327856411025], [0.9363252836624661, 0.03688347601868998, 0.010165335306541784, 0.01662590491230213], [0.9295638790080556, 0.04280832032914755, 0.01033122184552203, 0.01729657871727479], [0.004295317263681037, 0.972522870837225, 0.010149601392195865, 0.013032210406898127], [0.004987146672377812, 0.9734057123601821, 0.012642212128403659, 0.008964928739036338], [0.004981960362664831, 0.004982922419011543, 0.9799676044380075, 0.010067512680316167], [0.004649006529505334, 0.0022841919004455862, 0.01927286662797651, 0.9737939348420726], [0.0056086824365508305, 0.01169169490381842, 0.9735927435736893, 0.009106878985941496], [0.00550126675222035, 0.0038717256734514278, 0.004971213849307465, 0.9856557936250208], [0.008336996484103054, 0.9793402942453395, 0.005514219287166355, 0.006808489883391114], [0.009871700460432441, 0.9765285534829935, 0.007514364775221391, 0.006085381181352712], [0.008010736270407989, 0.00788823289896982, 0.9708879705878806, 0.013213060142741604], [0.0067668014157259435, 0.0030991312677099616, 0.023439991234506987, 0.9666940759820571], [0.011557916059737933, 0.01655943115806971, 0.9627358813830952, 0.009146771299097118], [0.009832504949885084, 0.008282677259877351, 0.00881657183489908, 0.9730682458553385], [0.02643816974866885, 0.9621207242695196, 0.005009793896645212, 0.006431311985166337], [0.0267281983982315, 0.9575836754147843, 0.007722209735519335, 0.007965916351464904], [0.007817422238653223, 0.006137267577038728, 0.9774567761091891, 0.00858853397511891], [0.011754986486765082, 0.002543210210512956, 0.006245049465607523, 0.9794567537371144], [0.009999291928419397, 0.007668503992881936, 0.9737760382829694, 0.008556165695729239], [0.021210400201945163, 0.005119388396477628, 0.012669812026967864, 0.9610003992746093]], "ideal": "A", "sampled": "A", "correct": true}}
{"type": "result", "data": {"idx": 9, "options": ["mc/2", "mc/(2^(1/2))", "mc", "(3^(1/2))mc"], "probs": [[0.2136619080641359, 0.23838856527890823, 0.40554586007519255, 0.1424036664817633], [0.22936438021750394, 0.3553580939414387, 0.2599695026614573, 0.15530802307960012], [0.19372958231612272, 0.22300757797823845, 0.42991892139663973, 0.1533439182089991], [0.19535289702846123, 0.27554208037482003, 0.34831780191753026, 0.18078722057918842], [0.2260359443806855, 0.2225692040271278, 0.4030651271853645, 0.1483297243068222], [0.21681564074900825, 0.21683326882191076, 0.4051447031177135, 0.16120638721136749], [0.2410427814636405, 0.35633090665846484, 0.2775050740784819, 0.12512123769941275], [0.2596549236720471, 0.3720628397055234, 0.22920380654404482, 0.13907842997838468], [0.2092172699037473, 0.24083202123093359, 0.4430427947877494, 0.1069079139775697], [0.27804018721423823, 0.25719107727763546, 0.29602228376422174, 0.16874645164390456], [0.29595736548198154, 0.18235581164788983, 0.386106502557127, 0.13558032021300162], [0.31574231853519985, 0.2103625567101067, 0.2966705604594892, 0.17722456419520424], [0.23097584681775402, 0.21034068807379144, 0.38691915807367716, 0.17176430693477734], [0.24683693765647904, 0.22131057569948231, 0.28864338591580485, 0.24320910062823378], [0.17826385263019778, 0.2117243345846306, 0.5001249163805527, 0.10988689630461884], [0.2094184756069573, 0.334761083092592, 0.2526676356539782, 0.20315280554647244], [0.23432311762497726, 0.265566770192751, 0.3203433501451248, 0.17976676193714689], [0.23524032530816388, 0.23528811333210778, 0.31172776219111725, 0.21774379906861105], [0.2661930699735842, 0.2041368992165306, 0.37550492209926056, 0.15416510861062457], [0.26024757384127084, 0.19646703875883947, 0.3670874754471543, 0.17619791185273534], [0.23957098241946445, 0.1808737719138521, 0.44080065009956265, 0.13875459546712077], [0.27253408049403455, 0.23316582239816927, 0.2947462586688177, 0.1995538383389785], [0.25907073966479843, 0.2114742375087406, 0.327560563505352, 0.20189445922110894], [0.247751586047419, 0.15506186051790594, 0.36057294486054964, 0.2366136084741254]], "ideal": "D", "sampled": "B", "correct": false}}
{"type": "result", "data": {"idx": 10, "options": ["square", "hexagon", "cube", "tetrahedron"], "probs": [[0.1394495691862126, 0.7658931158814813, 0.0521234991372314, 0.042533815695074646], [0.18931468252392938, 0.6207811374516147, 0.10456394636845891, 0.08534023355599704], [0.3605369653977299, 0.12075186609574529, 0.3960410385632922, 0.12267012984323263], [0.3808130323506058, 0.14453034101471415, 0.31085640188923297, 0.16380022464544705], [0.29925712717120584, 0.44925120133697277, 0.12672784828820258, 0.1247638231036188], [0.2890387047967938, 0.5153075821789962, 0.09096262941511976, 0.10469108350909023], [0.8374028738689251, 0.0510793845969069, 0.05880631462040842, 0.0527114268137596], [0.5880510631196428, 0.13536497545781181, 0.16077988859059286, 0.11580407273195246], [0.8420999708086065, 0.043254554589644084, 0.05642846268170396, 0.058217011820045385], [0.8177253860025113, 0.05309586780242256, 0.0760732372403464, 0.05310550885471965], [0.7291039500823419, 0.09866566641126867, 0.07806721514484019, 0.09416316826154929], [0.8340391603353358, 0.06331475597331315, 0.04932029949025309, 0.05332578410109802], [0.167087701436743, 0.10292826438517862, 0.6018641500785471, 0.12811988399953123], [0.21766481450004735, 0.13408869903203166, 0.5141393695001066, 0.1341071168678143], [0.224936586406358, 0.5069421197607425, 0.09829051559205633, 0.16983077814084305], [0.22522855433655734, 0.4919656895538963, 0.15242946046547354, 0.13037629554407285], [0.20630037628807654, 0.6256661963905115, 0.07357289586543758, 0.09446053135597438], [0.23846374489875924, 0.5458837842397213, 0.11623619477790009, 0.09941627598361931], [0.31302278297921676, 0.11695639439377681, 0.46996982480446153, 0.10005099772254487], [0.6862865549874888, 0.0958232198739265, 0.12500312271230177, 0.09288710232628294], [0.5306810258695512, 0.28405073917165213, 0.08397827484315401, 0.10128996001564256], [0.4532263812907157, 0.3937846925199595, 0.07172283158523719, 0.08126609450408762], [0.7782542530804253, 0.06388164168222003, 0.06490332487537644, 0.09296078026197821], [0.5951591995579534, 0.10023399889512863, 0.20895108022467782, 0.09565572122224017]], "ideal": "D", "sampled": "B", "correct": false}}
{"type": "result", "data": {"idx": 11, "options": ["0.024 m", "0.048 m", "0.121 m", "0.242 m"], "probs": [[0.27484099712251964, 0.24643252766246096, 0.29264585925071723, 0.1860806158643022], [0.2903981251783564, 0.21928222801999225, 0.26039824275151996, 0.22992140395013136], [0.2755951973821897, 0.21135546180314285, 0.3377663837209548, 0.17528295699371266], [0.2689688543552732, 0.23374949741632983, 0.29090908600325627, 0.2063725621251407], [0.28442708078799134, 0.19249913381348988, 0.3274656284640438, 0.195608156834475], [0.2745224359888586, 0.18872300632152736, 0.32610879802909365, 0.21064575956052034], [0.271227300139961, 0.3026830851729025, 0.25889012214932766, 0.16719949243780885], [0.27961635586803446, 0.29314747449804424, 0.23188836870258783, 0.19534780083133343], [0.2975603684121888, 0.25458744545100537, 0.2884884519361323, 0.15936373410067353], [0.2788582443912121, 0.26204353568317673, 0.2789349257667079, 0.18016329405890322], [0.29265350536539464, 0.2503947652684807, 0.2793355327466271, 0.17761619651949756], [0.27831288754670896, 0.21680058213687678, 0.33060761790236404, 0.1742789123140502], [0.2809697603609401, 0.2188709312795001, 0.3038882224289208, 0.19627108583063893], [0.27626173038928387, 0.2363651998781112, 0.2851204701901184, 0.20225259944248658], [0.26671530005866295, 0.25457362476009815, 0.31684265953900936, 0.1618684155422295], [0.281564354868389, 0.28164997694060023, 0.2604807018973223, 0.17630496619368846], [0.29607018384252376, 0.2696657736379583, 0.26547032196444476, 0.16879372045507318], [0.28553149952213214, 0.2560272292842908, 0.2768282674521025, 0.1816130036414746], [0.28552663748876006, 0.19324313390174958, 0.3186246501875877, 0.20260557832190268], [0.31074059932523745, 0.19756565084763558, 0.30601958349325514, 0.18567416623387178], [0.2602935796453315, 0.21583561157491626, 0.3503746970802619, 0.1734961115994903], [0.29100699097009103, 0.21971657034693134, 0.3098746034155737, 0.17940183516740388], [0.2965229362989097, 0.2658833483822493, 0.2658803979524212, 0.17171331726641978], [0.2803471767725494, 0.24746508141263504, 0.29388148465440816, 0.17830625706040742]], "ideal": "D", "sampled": "C", "correct": false}}
{"type": "result", "data": {"idx": 12, "options": ["Specific heat", "Thermal conductivity", "Electrical resistivity", "Hall coefficient"], "probs": [[0.08521049722804362, 0.03840977812650491, 0.564515369016563, 0.31186435552888847], [0.032139318472833626, 0.02075306472834626, 0.8965292610600216, 0.050578355638798526], [0.12019078640075108, 0.11650807633539884, 0.10281428979139262, 0.6604868473724574], [0.036982045124975785, 0.048999429474332924, 0.8823785912462629, 0.031639934054428366], [0.05318036028919463, 0.8452908553323286, 0.04996881354042414, 0.05155997073805258], [0.07464903870406203, 0.7781591108467525, 0.10046639666694064, 0.046725453682244796], [0.05408075259916906, 0.02986881589682573, 0.6094791076838519, 0.3065713237201533], [0.019328105976793346, 0.0199438815550245, 0.9171562091406869, 0.043571803227495286], [0.044670238420814044, 0.2492056600618653, 0.03881566168254392, 0.6673084397347767], [0.029758510809057264, 0.052235435619975706, 0.8975481334094629, 0.02045792006150408], [0.011763410027954545, 0.949607993882772, 0.015588438557824979, 0.02304015743144848], [0.02987658838086073, 0.8872801247432108, 0.06131718766648018, 0.02152609910944821], [0.08192567694333214, 0.020716922780077755, 0.05631116892471849, 0.8410462312518716], [0.026626428757336146, 0.026217054712570693, 0.924376379418754, 0.022780137011339175], [0.03738502781707866, 0.008343250482120458, 0.01909648252544277, 0.935175239075358], [0.027150646970205087, 0.016214663468439715, 0.9425462175314635, 0.014088471929891643], [0.03028225379002166, 0.9424834952666249, 0.012238871285501461, 0.014995379557851933], [0.04631412901679615, 0.9162137901246752, 0.021209892312130066, 0.016262188446398564], [0.6622653257493224, 0.07090317087416469, 0.08289223476232437, 0.1839392685141886], [0.47299433278399017, 0.06921348797448922, 0.41096333124435797, 0.04682884789716263], [0.7433182970937353, 0.04326832910139818, 0.04751961536171839, 0.16589375834314807], [0.3719092087427873, 0.06071180487789736, 0.5327885428856365, 0.03459044339367887], [0.7884170611769176, 0.15526496581641994, 0.025744313939514357, 0.030573658967148136], [0.7642996452785347, 0.14587971838370958, 0.05623811960101488, 0.033582516636740826]], "ideal": "D", "sampled": "D", "correct": true}}
{"type": "result", "data": {"idx": 13, "options": ["two hydrogen atoms and one helium atom", "four hydrogen atoms and one helium atom", "six hydrogen atoms and two helium atoms", "three helium atoms and one carbon atom"], "probs": [[0.4466492797982387, 0.3590159389090943, 0.11295864645783044, 0.08137613473483661], [0.37144255634408135, 0.43444415922588847, 0.06766565143385386, 0.12644763289617633], [0.4430383973417941, 0.18472644409587796, 0.2952142015517451, 0.07702095691058285], [0.30212696483311846, 0.22815474185585075, 0.08135020489623633, 0.3883680883147944], [0.2693617423909281, 0.07839274639277768, 0.5033970624717456, 0.14884844864454855], [0.32663362241597105, 0.10774247026133556, 0.19510425043824578, 0.3705196567844476], [0.2759607433996805, 0.5321587919656745, 0.11153355984764562, 0.08034690468699933], [0.22201180788083041, 0.5944438862123661, 0.0646357055506299, 0.11890860025617357], [0.3178510997120237, 0.22543607021182202, 0.3835086924133772, 0.07320413756277708], [0.2401340383011164, 0.3839281980628834, 0.07678393790001922, 0.299153825635981], [0.2804231303586808, 0.09999564140041618, 0.5079775376411301, 0.11160369049977287], [0.3299646576919605, 0.09455567315599474, 0.26521455448554554, 0.31026511456649924], [0.2532908637068514, 0.3803847758120249, 0.2655192335095666, 0.10080512687155711], [0.189858649425415, 0.4701359674639839, 0.08428270557311843, 0.2557226774374826], [0.2494077737992691, 0.28715876383797906, 0.36871916876143696, 0.09471429350131487], [0.17756182218149638, 0.382013743809612, 0.0813285571453388, 0.3590958767635528], [0.2109455897377666, 0.08523907448065926, 0.47554006813524174, 0.22827526754633243], [0.2461964148539708, 0.097946430518742, 0.3935468010930204, 0.26231035343426673], [0.12251939608537213, 0.42116337540488125, 0.31297065689835424, 0.14334657151139235], [0.11657440003014925, 0.498742196649672, 0.18928522010702398, 0.1953981831131547], [0.13661895894560402, 0.3954697607877226, 0.3177530216518136, 0.15015825851485973], [0.11938376901421842, 0.47239244683418086, 0.184966611619671, 0.2232571724319297], [0.16165333984665814, 0.16168233750633848, 0.4753030538083657, 0.2013612687386377], [0.16012079773552193, 0.1786724600215031, 0.4090442894132534, 0.25216245272972154]], "ideal": "B", "sampled": "A", "correct": false}}
{"type": "result", "data": {"idx": 14, "options": ["Lines in the infrared, visible, and ultraviolet regions of the spectrum reveal primarily the nuclear structure of the sample.", "The wavelengths identified in an absorption spectrum of an element are among those in its emission spectrum.", "Absorption spectra can be used to determine which elements are present in distant stars.", "Spectral analysis can be used to identify the composition of galactic dust."], "probs": [[0.2911517489640544, 0.2032937018387707, 0.282240527143841, 0.22331402195333389], [0.29224997755942855, 0.18579384682704744, 0.32103037830957176, 0.2009257972039522], [0.2086207977961776, 0.16766187538062913, 0.41500037174243853, 0.20871695498075477], [0.2441719453971895, 0.12474066669929841, 0.20889264187442994, 0.4221947459290821], [0.23468076040008432, 0.19459229995737096, 0.3635412508413429, 0.2071856887012018], [0.23496404377470922, 0.12192446755593879, 0.2173503209522382, 0.4257611676171138], [0.2968452362969276, 0.19471113962107292, 0.2877671208024482, 0.22067650317955123], [0.27753855121110776, 0.17921998026843897, 0.34012008662875215, 0.20312138179170114], [0.26487309132658776, 0.19997421203005625, 0.304929976208264, 0.23022272033509197], [0.27767633477625575, 0.1711010017150159, 0.24129109389835882, 0.3099315695103695], [0.24120592402138935, 0.19690373267615147, 0.34558853394016015, 0.21630180926229906], [0.26725590226361867, 0.16990730164736167, 0.2550611197693395, 0.3077756762196802], [0.1852979864083597, 0.13348544040434174, 0.4807747745264042, 0.20044179856089436], [0.23490644989048792, 0.13180223106019928, 0.22071962056336963, 0.41257169838594315], [0.2248143240473955, 0.22486266341718475, 0.3323284883362611, 0.21799452409915865], [0.25694517830098246, 0.20651292539635027, 0.24522674052806606, 0.2913151556746012], [0.1991257160312062, 0.1457162117387466, 0.36068017899423915, 0.29447789313580797], [0.20663651563464625, 0.13553761752308746, 0.43077319443526724, 0.22705267230699902], [0.19401418538004978, 0.15837258806906557, 0.44421013190819847, 0.20340309454268618], [0.23034036274392547, 0.13544290449201227, 0.2233020678951319, 0.41091466476893035], [0.2184735815588858, 0.18984226521991268, 0.38955747419022946, 0.20212667893097203], [0.26533949767885856, 0.18527184701008362, 0.2532323934366253, 0.2961562617744325], [0.2011532604321364, 0.1449158169941853, 0.37008779685837906, 0.2838431256152993], [0.19863086038721697, 0.134424004971175, 0.4272340961039226, 0.23971103843768543]], "ideal": "A", "sampled": "B", "correct": false}}
{"type": "result", "data": {"idx": 15, "options": ["Bosons have symmetric wave functions and obey the Pauli exclusion principle.", "Bosons have antisymmetric wave functions and do not obey the Pauli exclusion principle.", "Fermions have symmetric wave functions and obey the Pauli exclusion principle.", "Fermions have antisymmetric wave functions and obey the Pauli exclusion principle."], "probs": [[0.283899256078799, 0.19826374046797984, 0.224657840249062, 0.29317916310415915], [0.26672494408801256, 0.15440618990307745, 0.31193780895928475, 0.26693105694962527], [0.1754368718603184, 0.08552563317048073, 0.31777197592913276, 0.4212655189400681], [0.19459301996546324, 0.10582016758232465, 0.44559661869731704, 0.25399019365489506], [0.26758695044802433, 0.2514638937976412, 0.22540401255922543, 0.255545143095109], [0.2744449511226777, 0.2205867784645044, 0.28771076868811446, 0.21725750162470345], [0.2539231332240773, 0.20730782788753646, 0.20730401319004385, 0.3314650255983424], [0.2665266016894306, 0.2244986824616201, 0.25840591611644675, 0.2505687996325025], [0.2661928911596446, 0.24244829242333088, 0.22074746251126398, 0.2706113538057605], [0.2695227861134896, 0.20670120416004734, 0.3201757073082229, 0.20360030231824014], [0.28108516332676514, 0.2057141661438268, 0.24050679800489524, 0.2726938724245128], [0.2841224543113399, 0.2213406761660066, 0.258787352173049, 0.23574951724960447], [0.20959946823407516, 0.06294809374996507, 0.20004704890704983, 0.5274053890089099], [0.2710149641646663, 0.07765857180248814, 0.42651148793203836, 0.22481497600080722], [0.3236637018695552, 0.21567080270068426, 0.21231918892170148, 0.24834630640805905], [0.35153409311334494, 0.16608416785003632, 0.30550851959647607, 0.17687321934014266], [0.32349994775398117, 0.23309314248615112, 0.18728777764354845, 0.25611913201631925], [0.32705883650454365, 0.21793364960459502, 0.2079517338046381, 0.24705577998622322], [0.44530027099266667, 0.1379824604269751, 0.17443089115983348, 0.24228637732052474], [0.4149702632395852, 0.10493883843643473, 0.2808659865848746, 0.19922491163910547], [0.3709532618151691, 0.10967908798551494, 0.18657682834189987, 0.3327908217574161], [0.4061531126093023, 0.11822056769142501, 0.2836398482039053, 0.1919864713953674], [0.4496031373053091, 0.15787220940633678, 0.15542612404616846, 0.23709852914218568], [0.40471773129475896, 0.1768624729676269, 0.19122838402181744, 0.2271914116157967]], "ideal": "D", "sampled": "D", "correct": true}}
{"type": "result", "data": {"idx": 16, "options": ["The Heisenberg uncertainty principle", "The Pauli exclusion principle", "The Bohr model of the atom", "Nuclear hyperfine coupling"], "probs": [[0.1102443580801073, 0.7900165399505703, 0.05721816910237801, 0.042520932766944325], [0.1363173436961043, 0.7373562308832575, 0.07770122550420885, 0.04862519981642936], [0.09178114373797915, 0.056546693628884266, 0.7933098407049335, 0.0583623218282031], [0.15175948506533163, 0.05084219523874124, 0.11639983197924703, 0.6809984876166801], [0.1645387743851037, 0.1029674153263064, 0.6823010610443221, 0.050192749144267745], [0.17520637101595585, 0.08675291031117055, 0.10630977627956713, 0.6317309422933065], [0.8376588670841716, 0.06875668854123622, 0.03918351722529879, 0.05440092704929345], [0.7470153926666292, 0.1093088862217932, 0.07632189135363143, 0.06735382965794613], [0.7238459963888427, 0.06324435354666132, 0.1277858979462547, 0.08512375201824122], [0.8116723432007426, 0.04369411792432132, 0.05354568036073384, 0.0910878584142023], [0.8006401687083696, 0.060779188048644586, 0.09269688312041972, 0.04588376002256601], [0.8683344254271259, 0.0425622320514411, 0.03529157169244787, 0.05381177072898516], [0.10723354160980404, 0.08890453923881322, 0.7106455126583459, 0.09321640639303691], [0.10573992562011689, 0.06121129359553204, 0.13165406489086678, 0.7013947157934842], [0.11752339101082879, 0.69823006687841, 0.10215201668456847, 0.08209452532619271], [0.10706492858557669, 0.7096528741882058, 0.0901998769327251, 0.09308232019349238], [0.1340319593249063, 0.07758152824556842, 0.29749147529577324, 0.49089503703375204], [0.10442204383379408, 0.06848509353887544, 0.7482343036590953, 0.07885855886823523], [0.25444656039212044, 0.258485430636066, 0.4196351076324465, 0.06743290123936703], [0.25222244856219533, 0.3729021846875175, 0.10193854569369408, 0.27293682095659305], [0.22176108505538444, 0.6521239498690151, 0.08033998579123341, 0.045774979184366946], [0.1927805102899879, 0.7279545691177759, 0.04303114504320933, 0.03623377544902687], [0.22224873798909217, 0.11530951667115756, 0.328554041543993, 0.33388770369575727], [0.15158592141108532, 0.07988157896241824, 0.7012496077033348, 0.06728289182316168]], "ideal": "B", "sampled": "B", "correct": true}}
