{"type": "result", "data": {"idx": 0, "options": ["It is hard not to verify in our peers the same weakened intelligence due to emotions that we observe in our everyday patients.", "The arrogance of our consciousness, which in general, belongs to the strongest defense mechanisms, blocks the unconscious complexes.", "Because of this, it is difficult to convince people of the unconscious, and in turn to teach them what their conscious knowledge contradicts.", "It is difficult to convince people of the unconscious, and in turn to teach them what their conscious knowledge contradicts."], "probs": [[0.11399943465344131, 0.1176395573918568, 0.41709015079954315, 0.35127085705515876], [0.1125048861723824, 0.13786991710260602, 0.37477217146429936, 0.3748530251607122], [0.14757170221437615, 0.3486358030875318, 0.214752784789568, 0.28903970980852406], [0.14424694428281698, 0.2695633648261561, 0.3407399799748271, 0.24544971081619982], [0.10030993147912319, 0.3787205545130182, 0.1706693781046472, 0.3503001358032114], [0.11079616678446967, 0.296594585499391, 0.33084955315187803, 0.26175969446426134], [0.141379537290793, 0.1370566954633135, 0.4028507530711184, 0.3187130140747751], [0.13857961525601847, 0.14525941878650867, 0.38875287104252887, 0.327408094814944], [0.1406304538109339, 0.26694196459961805, 0.27539473769295003, 0.317032843796498], [0.15318593381303527, 0.18773019311934955, 0.32437604662512465, 0.3347078263424905], [0.12850411426487174, 0.24014661071501692, 0.2763835530657884, 0.35496572185432296], [0.12259974709120025, 0.1840890292910716, 0.349334646746313, 0.34397657677141513], [0.3550144029794445, 0.1527121617429084, 0.23651402481473582, 0.25575941036291133], [0.2574694156389259, 0.1274752616754849, 0.38058117028245275, 0.23447415230313645], [0.32741027579296395, 0.1453070767777828, 0.24717238174630513, 0.2801102655829481], [0.29046419692806785, 0.16043418883319993, 0.30445272181048355, 0.24464889232824863], [0.22321720419082067, 0.3051668107204446, 0.2339612990383791, 0.23765468595035563], [0.22584329399254274, 0.2992637037492766, 0.21892686000821363, 0.2559661421499671], [0.4080915627044174, 0.13251296779639699, 0.1958319337222267, 0.2635635356769589], [0.2986579239069781, 0.1264810860030532, 0.40197679396424263, 0.1728841960257261], [0.39995985622935504, 0.12587480996034306, 0.2426241333614038, 0.23154120034889808], [0.26867265707574695, 0.1085708785799746, 0.40341715823924823, 0.21933930600503024], [0.18906980106146004, 0.3533270218612243, 0.24663270619873695, 0.21097047077857872], [0.19407443077744366, 0.35153015035735624, 0.21654384804037724, 0.23785157072482283]], "ideal": "D", "sampled": "C", "correct": false}}
{"type": "result", "data": {"idx": 1, "options": ["Tdc", "Tcd", "Tcc", "dTc"], "probs": [[0.35628878535807434, 0.23735771717204754, 0.2689636607353591, 0.13738983663451904], [0.3791946172335039, 0.22293336687242865, 0.2647378444406893, 0.13313417135337818], [0.3351886223806992, 0.13126894318258442, 0.3980875013435779, 0.13545493299313846], [0.29242843822339154, 0.16150652111206457, 0.25808471823264273, 0.2879803223319012], [0.2898350569365149, 0.15514494014783142, 0.42838086396997355, 0.12663913884568007], [0.36345558813371215, 0.20389835230608744, 0.1827717694044362, 0.2498742900557642], [0.4278647366910187, 0.205307382403755, 0.23630921892409584, 0.13051866188113043], [0.4202145698278331, 0.19240036891563522, 0.2509373761602247, 0.13644768499630688], [0.43779373209163874, 0.12941878164927614, 0.3203304194862159, 0.11245706667286923], [0.2575579545008183, 0.13787193389539157, 0.22378730438218838, 0.38078280712160173], [0.31840958713670975, 0.14129958834874878, 0.42850443078011163, 0.11178639363442988], [0.41862161210825893, 0.19469333273291736, 0.1857751961097669, 0.20090985894905677], [0.25910091119956347, 0.21481805298156664, 0.3829611044847626, 0.14311993123410727], [0.2442295064188469, 0.2189447828436648, 0.27676655096474745, 0.26005915967274085], [0.25953146425972656, 0.27201208064202187, 0.3034489407318033, 0.1650075142664483], [0.19650563595714082, 0.18752470610650693, 0.23704943058504443, 0.3789202272513078], [0.22468581793445586, 0.1777514964164366, 0.3763045966248909, 0.22125808892421667], [0.20818087456528725, 0.15962690113378705, 0.4271930455734306, 0.2049991786274951], [0.33982700554407286, 0.26885173699166004, 0.20937620031407325, 0.18194505705019387], [0.37060815920569196, 0.29782984323421213, 0.12033012032043425, 0.21123187713966166], [0.35563391973446756, 0.22256867916993867, 0.21911415782039922, 0.20268324317519454], [0.35990924206365793, 0.307882407493338, 0.12056614393954346, 0.21164220640346057], [0.3083407076390412, 0.1456604047170773, 0.25167859348160326, 0.2943202940622782], [0.27584366651659475, 0.140896775761866, 0.3029800833744864, 0.28027947424705285]], "ideal": "A", "sampled": "B", "correct": false}}
{"type": "result", "data": {"idx": 2, "options": ["Some large houses are bigger than some apartments.", "Some houses are bigger than all large apartments.", "Some large apartments are bigger than some houses.", "Some houses are bigger thatn some large apartments."], "probs": [[0.2687573690628861, 0.2565479538102505, 0.2447236143594097, 0.2299710626674537], [0.2070352193341397, 0.14915666805996033, 0.46666515762914407, 0.1771429548767559], [0.2800789516895916, 0.20497738128307166, 0.24335560562793127, 0.27158806129940544], [0.31114297638489274, 0.23129079888995044, 0.2746001440816677, 0.1829660805434891], [0.27881929762978985, 0.2579466767696871, 0.2745184652663312, 0.18871556023419186], [0.29313492335226954, 0.275464858452775, 0.2669273872864439, 0.16447283080851152], [0.21572258219119123, 0.3140101824091834, 0.2643394548729801, 0.2059277804266453], [0.21829581583784308, 0.2760540585845931, 0.3329101552169924, 0.17273997026057142], [0.233333428180722, 0.23342112151041886, 0.2728218015984255, 0.26042364861043366], [0.24550360046123348, 0.2655429362482843, 0.3304034916906532, 0.15854997149982905], [0.22685809631300066, 0.261203546885622, 0.3052994836039631, 0.2066388730974143], [0.2417596280333039, 0.29631662365811245, 0.2614304423070784, 0.20049330590150524], [0.292283475369789, 0.20732359586072974, 0.24233280119856793, 0.25806012747091334], [0.319466724339966, 0.22309429448523704, 0.28639511551355396, 0.171043865561243], [0.29819338177768456, 0.16472775496112207, 0.293602870661334, 0.24347599249985938], [0.17374827029293205, 0.10540778386204426, 0.552376736857794, 0.16846720888722969], [0.35424981045532944, 0.20830907235907217, 0.2674262265210086, 0.1700148905645898], [0.33726627636356943, 0.21781820705793292, 0.25861043506093867, 0.18630508141755894], [0.23049322455286436, 0.31029818383625135, 0.28242693190214824, 0.176781659608736], [0.2266791760694799, 0.34580519791959735, 0.2692198753087714, 0.15829575060215137], [0.2474066951292693, 0.2593828919546401, 0.2847904137330884, 0.2084199990830022], [0.26751078368331666, 0.2804530984085382, 0.259293388964833, 0.19274272884331214], [0.26650629239118234, 0.30687085705522205, 0.2623928565237645, 0.16422999392983106], [0.27266115760047016, 0.3042968601964655, 0.26018918333399693, 0.1628527987690674]], "ideal": "C", "sampled": "D", "correct": false}}
{"type": "result", "data": {"idx": 3, "options": ["Valid", "Invalid. Counterexample when G and H are true", "Invalid. Counterexample when G is true and H is false", "Invalid. Counterexample when H is true and G is false"], "probs": [[0.2142262639520856, 0.18614948071390766, 0.2624877432096931, 0.3371365120243136], [0.21422521661872082, 0.18614801865832042, 0.26248783895074246, 0.33713892567221626], [0.19996261892647582, 0.3297591556243029, 0.19687439792682523, 0.273403827422396], [0.19886497854889126, 0.35459762279723156, 0.3032678320213701, 0.14326956653250705], [0.20646230826233197, 0.2912212989023201, 0.20647326061499235, 0.2958431321203555], [0.2078029333174605, 0.3120106113835502, 0.3373343893945485, 0.14285206580444082], [0.23044080226622735, 0.1376116316661204, 0.34058181463000214, 0.29136575133765014], [0.2293478548297416, 0.143532723174047, 0.3184258043447596, 0.3086936175514518], [0.26480675135597087, 0.20950337064411367, 0.25666347525925987, 0.2690264026406556], [0.338264718397495, 0.1957910569207802, 0.1810605593860633, 0.2848836651956615], [0.2500173970801736, 0.18874319823454275, 0.25001933423107087, 0.3112200703542128], [0.33133674158324566, 0.1917806892170559, 0.21061162962314842, 0.26627093947655], [0.3176342939307836, 0.21494213385048233, 0.19568807467912003, 0.27173549743961406], [0.31921254745594063, 0.2372411499320429, 0.3242559054043223, 0.1192903971076942], [0.3083446805374243, 0.15997792242226147, 0.26374013801203106, 0.26793725892828313], [0.3636050901233482, 0.16136013162788826, 0.18283161936095912, 0.2922031587878044], [0.325434456000998, 0.2872367586574838, 0.2236702359592832, 0.16365854928223497], [0.3501054942257774, 0.2684650420874113, 0.15535837410326908, 0.22607108948354218], [0.3026720971362739, 0.21132025750312758, 0.20162156823113675, 0.2843860770294617], [0.3003243945069488, 0.20642567092366296, 0.3737799031922511, 0.11947003127713711], [0.2874614553244326, 0.15876345098273614, 0.26173558438581135, 0.29203950920701993], [0.3487436823010937, 0.164747270399953, 0.20183678270104943, 0.2846722644979039], [0.31260017954860203, 0.30780066432560055, 0.21485091214047217, 0.16474824388532527], [0.3393032404129609, 0.28132618728415093, 0.16027595817673623, 0.21909461402615193]], "ideal": "A", "sampled": "C", "correct": false}}
{"type": "result", "data": {"idx": 4, "options": ["If it's not the case that both Izzy plays Minecraft and Ashleigh stops by then Russell makes dinner.", "If it's both not the case that Izzy plays Minecraft and Ashleigh stops by then Russell makes dinner.", "Izzy playing Minecraft and Ashleigh stopping by entails that Russell makes dinner.", "Russell's making dinner is a sufficient condition for Izzy not playing Minecraft and Ashleigh stopping by."], "probs": [[0.2601313447770427, 0.1679727386051969, 0.3785399721804194, 0.193355944337341], [0.25248936568624236, 0.19666886913803094, 0.26464039873338974, 0.28620136634233695], [0.28461939953257076, 0.2551722634200193, 0.2551564681903322, 0.2050518687570777], [0.23988590417233624, 0.2289369484870096, 0.2676365891535691, 0.2635405580870851], [0.2752338688580216, 0.13002382411288096, 0.347967212582112, 0.24677509434698544], [0.24161282589346297, 0.13137718446533067, 0.3354834167852753, 0.291526572755931], [0.24414938322025773, 0.27670406880138815, 0.30866798295468956, 0.17047856492366453], [0.22912787705967716, 0.29425596310963265, 0.23642543741408736, 0.2401907223166028], [0.2599984523393294, 0.1528578766815039, 0.4027443111766899, 0.18439935970247678], [0.21029290318131985, 0.13578633281937366, 0.2420635814462582, 0.41185718245304825], [0.19510277704183215, 0.08261564318007074, 0.4905486525318286, 0.23173292714626847], [0.19248999453951712, 0.08676883414205101, 0.29354076562767517, 0.4272004055907567], [0.23757786338403694, 0.3003684788532153, 0.26505868834411866, 0.19699496931862906], [0.19911339277034926, 0.27219499371585715, 0.2478222361475766, 0.280869377266217], [0.2354902361915989, 0.23551614931129852, 0.3426713994200791, 0.18632221497702342], [0.20529977363381846, 0.20532370489798019, 0.2400413679824229, 0.3493351533857784], [0.1846270453289383, 0.11199086408666876, 0.4429502585746765, 0.2604318319097164], [0.17889157492934118, 0.10517388777711366, 0.39693207454791624, 0.3190024626456289], [0.15756029593383547, 0.30853108947758007, 0.28982238274100697, 0.2440862317475775], [0.14953807886166545, 0.2794198858112751, 0.3166042754693688, 0.2544377597576907], [0.15280928171564753, 0.2855194295812066, 0.328620294556547, 0.23305099404659882], [0.1562643921775659, 0.24587358165497167, 0.2965676740026786, 0.30129435206478383], [0.16382895896670938, 0.22048426329327944, 0.38095663129324775, 0.23473014634676345], [0.15935476360150205, 0.18926126044975444, 0.3535824172379012, 0.29780155861084234]], "ideal": "B", "sampled": "A", "correct": false}}
{"type": "result", "data": {"idx": 5, "options": ["Some houses are smaller than all apartments.", "Every house is bigger than every apartment.", "Some apartment is smaller than every house.", "Some houses are bigger than every apartment."], "probs": [[0.21555167755641244, 0.3610983842413886, 0.23307732092608757, 0.19027261717611132], [0.21985121904048568, 0.3514232530414333, 0.28675468898663287, 0.14197083883144815], [0.20853349875113447, 0.1502237193169532, 0.38962984661780425, 0.25161293521410805], [0.23021295321348478, 0.16846374914654658, 0.286527659171067, 0.3147956383689017], [0.2233797129261674, 0.30065947320048264, 0.3199898254552895, 0.15597098831806047], [0.22450065762535887, 0.27947361588820846, 0.2076433624034089, 0.2883823639830238], [0.28472089764608843, 0.14097587762853395, 0.2360557168486097, 0.3382475077767679], [0.21049571035187523, 0.11093705891453495, 0.5292776226468098, 0.14928960798678], [0.2747401214938761, 0.14035355625079557, 0.2207729154374091, 0.3641334067179192], [0.24731981014759308, 0.14315886367442532, 0.43411188019607905, 0.1754094458819025], [0.3339223364830577, 0.3089091273508251, 0.20896770680745028, 0.14820082925866693], [0.33029547303253803, 0.33038800925181594, 0.19723521444332098, 0.142081303172325], [0.217371794818536, 0.14482288276927163, 0.38754019714801696, 0.2502651251641754], [0.22411560830351626, 0.1540578488808407, 0.3471444288186462, 0.2746821138969968], [0.21658174890606924, 0.2915322010504418, 0.20031960602666815, 0.2915664439168208], [0.22884352843922057, 0.31287539468371456, 0.2984895750356681, 0.15979150174139678], [0.25194581589725, 0.23305890757319558, 0.22940740793415393, 0.28558786849540047], [0.23313448178127322, 0.22955605727457304, 0.38439590307796395, 0.15291355776618976], [0.31449482310390897, 0.14626996435654704, 0.3734896238294717, 0.16574558861007227], [0.29832691395766847, 0.13448882302025383, 0.21826969410188363, 0.34891456882019406], [0.2898180782505134, 0.36646765466840087, 0.17855395374896743, 0.1651603132321183], [0.2789926826674895, 0.3697131573784187, 0.19477185605008762, 0.15652230380400414], [0.3180614425166975, 0.1676377653039755, 0.2290997747162564, 0.28520101736307063], [0.27478664701237215, 0.1470987476693703, 0.4061355231872044, 0.17197908203105308]], "ideal": "D", "sampled": "B", "correct": false}}
{"type": "result", "data": {"idx": 6, "options": ["Valid", "Invalid. Counterexample when K and L are true", "Invalid. Counterexample when K is true and L is false", "Invalid. Counterexample when L is true and K is false"], "probs": [[0.21267353535521277, 0.20940903381060924, 0.2160316906937236, 0.3618857400404544], [0.2179662422643012, 0.2112922957855547, 0.2112665018774525, 0.3594749599726916], [0.20602285290786568, 0.2604856607274546, 0.2092747483614061, 0.3242167379032736], [0.2011996090389696, 0.3531955532852605, 0.2707630733988585, 0.1748417641769114], [0.2083127268670667, 0.23981096859376783, 0.20831932808216347, 0.343556976357002], [0.192538800705175, 0.29364198880898046, 0.3541672282187708, 0.1596519821670737], [0.2557401580632246, 0.1600521755042904, 0.2897958966860685, 0.2944117696464166], [0.2615847147194057, 0.17156864233498562, 0.26570700199968933, 0.3011396408459194], [0.27424814766121564, 0.16377581628495183, 0.29193764551977386, 0.2700383904340587], [0.34303012997996946, 0.1671942199181348, 0.17248593526077868, 0.31728971474111706], [0.2616907357907865, 0.1445329785202452, 0.28295809027703256, 0.3108181953119358], [0.3406514620051992, 0.15843116291183434, 0.20025866028102407, 0.30065871470194244], [0.3091745238065957, 0.24081272298016793, 0.2091958727092816, 0.24081688040395474], [0.34245533002807926, 0.27093395789934355, 0.26257443621047005, 0.12403627576210714], [0.2919451209031127, 0.16636102894189228, 0.2919451209031127, 0.24974872915188231], [0.3571139328884688, 0.16870384167986646, 0.168688687198708, 0.3054935381329567], [0.3527937881712054, 0.2074182660285578, 0.27050075335331936, 0.16928719234691747], [0.3744563515773925, 0.19127266392095468, 0.17688110732576368, 0.2573898770758892], [0.2924693568126355, 0.23873369749086473, 0.21065637781087587, 0.2581405677856239], [0.3064775879984038, 0.22777530681148467, 0.3419122193762152, 0.12383488571389638], [0.27320740031263135, 0.15813480551650497, 0.29540971358757095, 0.2732480804832927], [0.34316463297644745, 0.16466708970411295, 0.19860844904011576, 0.2935598281793238], [0.331236283076286, 0.26619075139538373, 0.238583714426518, 0.16398925100181225], [0.3541426009458421, 0.24726090954362975, 0.16991992039888748, 0.22867656901164068]], "ideal": "D", "sampled": "C", "correct": false}}
{"type": "result", "data": {"idx": 7, "options": ["The university increases financial aid.", "The university does not increase financial aid.", "The board of trustees prevents it.", "The president fails to approve it."], "probs": [[0.07051505515470317, 0.6798962112527197, 0.12771349320024483, 0.12187524029233232], [0.06360190490127791, 0.6630564285171556, 0.15260562311171488, 0.1207360433698516], [0.06859688817901556, 0.053428675035265216, 0.7977589188039682, 0.08021551788175099], [0.08103854087617425, 0.05152039152583273, 0.12167187597619888, 0.7457691915217941], [0.07235804145537902, 0.06588973800261248, 0.7904988467610721, 0.0712533736809364], [0.08117109475835745, 0.06128285033922363, 0.14472719917692473, 0.7128188556254942], [0.2921555129043818, 0.12372169266064618, 0.15885815496221528, 0.4252646393727567], [0.3281996147423379, 0.12653794147525108, 0.3231529487735503, 0.22210949490886076], [0.3574233001497101, 0.16886630401015956, 0.1378117928097154, 0.33589860293041496], [0.364871461209781, 0.20792720590159613, 0.2886883530122927, 0.13851297977633023], [0.296204030484143, 0.30568110939783766, 0.19126941261762995, 0.20684544740038938], [0.34302774579414314, 0.2889109296645534, 0.23579261055901993, 0.13226871388228348], [0.0605256447900121, 0.05598319714695368, 0.8229529291423483, 0.06053822882068592], [0.09792855235061437, 0.0603435775526086, 0.16147699709891303, 0.680250872897864], [0.08159299148041219, 0.7991496412418401, 0.07202566286421128, 0.04723170431353648], [0.08280022128291595, 0.7984111128610499, 0.08027478725348473, 0.03851387850254942], [0.07786785210389276, 0.04950590895936128, 0.08553389618312361, 0.7870923426536224], [0.10789700760134463, 0.07188548753354419, 0.773072207226847, 0.04714529753826422], [0.06211114699641433, 0.05655937697772343, 0.8314116727803158, 0.0499178031455464], [0.09653519935822139, 0.0576536542202778, 0.131963795502146, 0.7138473508193548], [0.11665333408897849, 0.7261708594481419, 0.10458837015144318, 0.05258743621143645], [0.12518729128344974, 0.7095582405190104, 0.11223892741005989, 0.05301554068748002], [0.09431069842462791, 0.05721561833454222, 0.09432605407083622, 0.7541476290699937], [0.1524172064636622, 0.08033014503945432, 0.7161907855521003, 0.05106186284478317]], "ideal": "B", "sampled": "B", "correct": true}}
{"type": "result", "data": {"idx": 8, "options": ["E \u2283 F", "F \u2283 G", "H \u2283 ~E", "~H"], "probs": [[0.17035046885662947, 0.11710517845463957, 0.4087478141727054, 0.3037965384160255], [0.18319912651142575, 0.13198497103414505, 0.3370282746795586, 0.3477876276748706], [0.1823579181463702, 0.2612949765239117, 0.27380196889296804, 0.28254513633675005], [0.1857426939084559, 0.257942441943458, 0.30629200196618606, 0.25002286208190005], [0.19831355505133047, 0.16704024870633347, 0.27538467271508676, 0.35926152342724926], [0.18222918290033238, 0.15110332586878517, 0.37988327231706426, 0.2867842188138182], [0.1751914348306618, 0.149880634976548, 0.39488286364425496, 0.2800450664485353], [0.19091395178402876, 0.1793890515063552, 0.3148193814371398, 0.31487761517247626], [0.17432697566631747, 0.2659050365477114, 0.30601913890048543, 0.2537488487854857], [0.17373114109080334, 0.25684047890898304, 0.3002430036472397, 0.2691853762529739], [0.18203740362604223, 0.15332560696635042, 0.3348794082926434, 0.32975758101496394], [0.15969208957838427, 0.14317713459763046, 0.38920087939174597, 0.30792989633223933], [0.25749299694982153, 0.1742676548267278, 0.2575359122953345, 0.31070343582811616], [0.2551554593281376, 0.18965036805463956, 0.30782716317836734, 0.24736700933885553], [0.25114694595763026, 0.15966987432896126, 0.3175414767128032, 0.27164170290060524], [0.23998016831800129, 0.15741119256266975, 0.3130474481581758, 0.2895611908611532], [0.24400698808323676, 0.18421851214276508, 0.3037177693750402, 0.268056730298958], [0.23550188889982496, 0.18059869377891297, 0.2668991128371355, 0.3170003043841265], [0.19353073833437617, 0.1507600247709195, 0.2645741402838301, 0.3911350965108743], [0.17601157198541853, 0.14145318740821405, 0.42232673097420265, 0.2602085095321648], [0.18011490998851165, 0.13598631321024018, 0.33656936880560695, 0.3473294078956412], [0.1597237175481571, 0.118720556457104, 0.44112987307808454, 0.28042585281665433], [0.19804402579073646, 0.22098578008226052, 0.32659171488260363, 0.25437847914439937], [0.19277536579863638, 0.21849967211535576, 0.28054216083251166, 0.30818280115349617]], "ideal": "D", "sampled": "C", "correct": false}}
{"type": "result", "data": {"idx": 9, "options": ["L", "~L", "L \u2022 ~L", "L \u2228 ~L"], "probs": [[0.06301990409019316, 0.04133400862501764, 0.17402198131967495, 0.7216241058651143], [0.06687635952637032, 0.05810735023225674, 0.7419861581998639, 0.13303013194150898], [0.12388128878339069, 0.14260079071437445, 0.16933921103973967, 0.5641787093624951], [0.11993028281452409, 0.19774903190945942, 0.5546352042576123, 0.12768548091840418], [0.15013754142604624, 0.5241417210152868, 0.15015229357540685, 0.17556844388326012], [0.14229942644753482, 0.5718054089599441, 0.1563019431032111, 0.12959322138930995], [0.07889863044055112, 0.06340277147104033, 0.1863503293033579, 0.6713482686850507], [0.080087445668318, 0.07642479985188129, 0.7029014825118022, 0.14058627186799857], [0.10040846911831545, 0.09143075818605575, 0.15311647493749117, 0.6550442976581377], [0.12616232600272173, 0.17245847755995516, 0.514886461812318, 0.1864927345250051], [0.12683867839921661, 0.5341397284566799, 0.17611516223062015, 0.1629064308134833], [0.13805000894030303, 0.5461169047440422, 0.16653462248968556, 0.14929846372596922], [0.17436928655618278, 0.11799103501769338, 0.144565638634285, 0.5630740396918388], [0.15607707084587288, 0.13991136743285337, 0.5983957007048485, 0.10561586091642519], [0.1772344397037235, 0.1075050003159947, 0.16912978759855174, 0.54613077228173], [0.11571707402924242, 0.09744832518544361, 0.6556917330608963, 0.13114286762441765], [0.21094017043001317, 0.5646175825719312, 0.1405256560382635, 0.08391659085979218], [0.22227498390277162, 0.5589043151283593, 0.12469257970513316, 0.09412812116373599], [0.46124566515039855, 0.1342318146884999, 0.14975168630093297, 0.25477083376016857], [0.496048606823678, 0.1399203708616105, 0.2004307538134707, 0.16360026840124078], [0.44790521927027965, 0.1303513218384467, 0.17817329134013637, 0.24357016745113724], [0.458488349458052, 0.1313617327202426, 0.2066670511953285, 0.20348286652637693], [0.5520635842724914, 0.12909628449579552, 0.1792381405651145, 0.13960199056659858], [0.5787963278247424, 0.12132552040315331, 0.15578791632458477, 0.14409023534751944]], "ideal": "D", "sampled": "D", "correct": true}}
{"type": "result", "data": {"idx": 10, "options": ["(\u2200x)[Kx \u2283 (\u2200y)(Py \u2283 Lxy)]", "(\u2200x)[Kx \u2283 (\u2200y)(Lxy \u2283 Py)]", "(\u2200x)(\u2200y)[(Kx \u2022 Py) \u2283 Lyx]", "(\u2200x)[(Kx \u2022 (\u2200y)(Py)) \u2283 Lxy]"], "probs": [[0.27682933713743396, 0.26013136561909456, 0.24053187005511817, 0.22250742708835328], [0.29954119621079295, 0.2949808151730714, 0.1995513826542805, 0.20592660586185513], [0.2798382424980182, 0.20800607524240383, 0.30736846644690957, 0.20478721571266842], [0.2948788658252692, 0.21919034092632975, 0.25621607515311967, 0.2297147179952814], [0.33475944895316534, 0.1820421692851261, 0.2863584799235577, 0.19683990173815089], [0.3113385233370615, 0.18306799776714217, 0.2705190858129076, 0.23507439298288865], [0.27768400722474607, 0.24511967962197526, 0.2608772554863473, 0.21631905756693132], [0.3076636836767046, 0.275862757474355, 0.2114697428055196, 0.2050038159434208], [0.26609372296969336, 0.1772913730774443, 0.35254817146864154, 0.20406673238422077], [0.2723115777464905, 0.18719485495641056, 0.2723288630921858, 0.2681647041049131], [0.2782214970443458, 0.15609544841163187, 0.37442487665061497, 0.19125817779340742], [0.2849188702280681, 0.1701682333452968, 0.2554185352156666, 0.2894943611109685], [0.20957076547434322, 0.2910311519808609, 0.28647065159793983, 0.21292743084685606], [0.2439832167386446, 0.28980936733538487, 0.24400130674779297, 0.22220610907817753], [0.21759862547133071, 0.23533075344203733, 0.31172310373875284, 0.23534751724787914], [0.22626072644739464, 0.2485590763785648, 0.25640808387182684, 0.26877211320221367], [0.24366301658791037, 0.20204320849012314, 0.3490631035971728, 0.20523067122479366], [0.22996854779804807, 0.21948242185305175, 0.3094803392577635, 0.24106869099113665], [0.22592855651013943, 0.2683622498785973, 0.2725437540654426, 0.23316543944582066], [0.2634194493030343, 0.22536811230313153, 0.28933197257009635, 0.22188046572373785], [0.22674311894467394, 0.2198179378750103, 0.300411872566392, 0.2530270705139237], [0.23394878459235904, 0.22680396039035539, 0.25696050052461133, 0.28228675439267426], [0.2511306627996767, 0.21152003967077185, 0.32249038447223655, 0.21485891295731485], [0.22671479997967098, 0.23034244313063512, 0.2777988438536563, 0.2651439129360376]], "ideal": "A", "sampled": "A", "correct": true}}
{"type": "result", "data": {"idx": 11, "options": ["Logically equivalent", "Contradictory", "Neither logically equivalent nor contradictory, but consistent", "Inconsistent"], "probs": [[0.1806864616196438, 0.17791746820097393, 0.4267833892094984, 0.2146126808698839], [0.1665748730176317, 0.15897934916608125, 0.2746729429682772, 0.39977283474800984], [0.17430314351635293, 0.39908420447731857, 0.25763411004046183, 0.16897854186586667], [0.17377372084310388, 0.39171269532101244, 0.23755025861271958, 0.19696332512316408], [0.18453863376480956, 0.16545515018126217, 0.2770632000688413, 0.372943015885087], [0.18676421600990115, 0.17275621510078137, 0.4079914214200505, 0.23248814736926696], [0.2020297795332104, 0.15492266415000455, 0.421121448236315, 0.22192610798047005], [0.18688230493110655, 0.13048815920371515, 0.28058189568965053, 0.4020476400755278], [0.20402222565723366, 0.3364466676309031, 0.24230588609081546, 0.21722522052104778], [0.1994083493395923, 0.334021439162555, 0.24055656732040526, 0.22601364407744742], [0.20127594759383008, 0.21098456017145314, 0.2505277245671725, 0.3372117675675443], [0.20541397306888656, 0.21870120379967556, 0.3605628150089362, 0.21532200802250168], [0.3306244461186909, 0.16627054658078874, 0.282821787097564, 0.22028322010295637], [0.3321383843665223, 0.15691502156901269, 0.2753728288826223, 0.23557376508184263], [0.3198812996985899, 0.18229060416456874, 0.27793885102886684, 0.21988924500797447], [0.3178863227049515, 0.1701796650716356, 0.2719253897395006, 0.24000862238391235], [0.32470753785700984, 0.17934934793109308, 0.26921501753022264, 0.22672809658167442], [0.32546467070699503, 0.16887352120489224, 0.27840608770456515, 0.22725572028354754], [0.19996122119984655, 0.1353261708187063, 0.29098008759479227, 0.3737325202866549], [0.21072854413560582, 0.15419407417117498, 0.3999451458046013, 0.2351322357886179], [0.19771559846119224, 0.16394673799146445, 0.27453712970031935, 0.3638005337470239], [0.1954745261317081, 0.19550680204781265, 0.37683806942622694, 0.23218060229425233], [0.19718318000352392, 0.3407784198909908, 0.2454253139592964, 0.21661308604618892], [0.19497661871678787, 0.3476570649889267, 0.2464986665747033, 0.21086764961958215]], "ideal": "B", "sampled": "C", "correct": false}}
{"type": "result", "data": {"idx": 12, "options": ["E \u2283 F", "F \u2283 G", "G \u2283 E", "~~F"], "probs": [[0.19973185061210277, 0.17630019256795174, 0.304635068605624, 0.3193328881143215], [0.199335098197129, 0.1678847497447892, 0.32872130932510696, 0.30405884263297484], [0.19376994621082191, 0.1509339772709755, 0.34551494904243996, 0.30978112737576263], [0.1862419313195997, 0.13208779100850523, 0.31686969171858503, 0.36480058585331004], [0.1973641812603997, 0.2005060910978083, 0.2963380515279071, 0.30579167601388496], [0.2025363505439982, 0.184442644829266, 0.2683640202123982, 0.3446569843143376], [0.2436081952150668, 0.2084111304135994, 0.2761078815796219, 0.2718727926917119], [0.2378745078802653, 0.20995771882818637, 0.28253266212499073, 0.26963511106655763], [0.24468494188379988, 0.1580049442492356, 0.3242366708263371, 0.27307344294062735], [0.23422699815334574, 0.14890582636140112, 0.29155516187084085, 0.32531201351441225], [0.24295724925949486, 0.16963537035676235, 0.31201949712494126, 0.2753878831588015], [0.23526706588099924, 0.16948303073490495, 0.2883060190298136, 0.3069438842542822], [0.24900278817611574, 0.16851501416242315, 0.2957635863688402, 0.28671861119262093], [0.23051938528381988, 0.15845972843613745, 0.300709348844656, 0.31031153733538663], [0.23218048654471818, 0.17805232901814727, 0.32242794282913284, 0.2673392415080017], [0.2309621148297282, 0.17990591970566316, 0.2830377133680751, 0.3060942519965335], [0.2472412996157928, 0.16994961841270131, 0.2891047553562387, 0.2937043265152671], [0.23047151356036005, 0.16345195957730727, 0.30064613520018263, 0.30543039156215], [0.21906409971097535, 0.2090706055593397, 0.27697916486945573, 0.29488612976022915], [0.21517521140807844, 0.1929157078073228, 0.26368135211215116, 0.3282277285724476], [0.19657523902590573, 0.22630211904632908, 0.2998078688536192, 0.277314772974146], [0.2030276446429225, 0.2230331384008672, 0.2690293410440667, 0.30490987581214357], [0.22083429660921855, 0.19799065292895815, 0.2792170005874217, 0.30195804977440155], [0.21032609670222877, 0.2007333248871498, 0.2875433053546688, 0.30139727295595264]], "ideal": "D", "sampled": "B", "correct": false}}
{"type": "result", "data": {"idx": 13, "options": ["Valid", "Invalid. Counterexample when E, F, and G are true", "Invalid. Counterexample when E and F are true and G is false", "Invalid. Counterexample when E, F, and G are false"], "probs": [[0.2820982122764482, 0.2609367150086509, 0.22668179052833237, 0.23028328208656845], [0.27774809049636623, 0.24900744475947728, 0.2163195259497595, 0.2569249386943969], [0.2724938907203606, 0.268308571898673, 0.2224106871140905, 0.23678685016687587], [0.27207177063868365, 0.2596501630389272, 0.2086119589414613, 0.2596661072809278], [0.2729308266228075, 0.2564334830916765, 0.23346240468279802, 0.23717328550271796], [0.27993099210258493, 0.26301170805376956, 0.22494271544694264, 0.23211458429670287], [0.31956317541438745, 0.21624987993089692, 0.2733432013514999, 0.19084374320321568], [0.3200836276712896, 0.22001501081218608, 0.25321204222328675, 0.20668931919323758], [0.32541095722325514, 0.17149580757846392, 0.30570122141014416, 0.1973920136881368], [0.3618867831216912, 0.15324457793292193, 0.20300007447060148, 0.2818685643747854], [0.29537555132273163, 0.1485383637318732, 0.2953813329731881, 0.26070475187220704], [0.3478262566653938, 0.1383656499382033, 0.19208747778011098, 0.3217206155162919], [0.33186413845486373, 0.25447704627123685, 0.22455052359986336, 0.18910829157403608], [0.3262014187904259, 0.24243917291240935, 0.21061146884872836, 0.22074793934843637], [0.3056780741159127, 0.1636311138053686, 0.3104977355661097, 0.22019307641260902], [0.3579846811537183, 0.15159280144865922, 0.174467394499397, 0.3159551227982255], [0.29983925369603276, 0.15556666021629198, 0.29984300878859727, 0.244751077199078], [0.35913992994829586, 0.15208174739990968, 0.18631934182924503, 0.30245898072254945], [0.3238128922909669, 0.22964362113433548, 0.2561614436798996, 0.19038204279479803], [0.34067431088855527, 0.23053640124876643, 0.24924664196859797, 0.17954264579408033], [0.3059568611686384, 0.1637826810976194, 0.291951081367412, 0.2383093762663302], [0.35584132799400886, 0.14834762666090134, 0.18174637310635408, 0.3140646721387357], [0.33628954003172845, 0.17177506557363917, 0.30620087558847287, 0.18573451870615948], [0.36236053982027683, 0.15106597905838964, 0.21302075584928187, 0.2735527251720517]], "ideal": "C", "sampled": "A", "correct": false}}
{"type": "result", "data": {"idx": 14, "options": ["Valid", "Invalid. Counterexample when H, I, and J are false", "Invalid. Counterexample when H and I are true and J is false", "Invalid. Counterexample when I is true and H and J are false"], "probs": [[0.24246406191451533, 0.22427887878143804, 0.2541100046662195, 0.27914705453782707], [0.24712741740746758, 0.22504875396994467, 0.24330555262674028, 0.2845182758958475], [0.24531566335238578, 0.23412352005654372, 0.2199072903147162, 0.3006535261763543], [0.2533780336126627, 0.2614707052446201, 0.2782995402534658, 0.20685172078925135], [0.23312469171822398, 0.22954789143811793, 0.25604811689749074, 0.28127929984616734], [0.24209425572401053, 0.23838249556966473, 0.2920384195762426, 0.22748482903008213], [0.3099491364981872, 0.1880136289994436, 0.2822142926906739, 0.21982294171169525], [0.3148718867842958, 0.18225542252194507, 0.2651498694497399, 0.23772282114401924], [0.2956194413434633, 0.20640199807019313, 0.2528567128907628, 0.24512184759558078], [0.35983478183931583, 0.19874088158651887, 0.17813063727806708, 0.2632936991960982], [0.30017747281037915, 0.18209029327540377, 0.2527747900695029, 0.2649574437447142], [0.36451129472285393, 0.18046279933155382, 0.20447171308417134, 0.25055419276142094], [0.31907304039822365, 0.2125749565493056, 0.21589472684457992, 0.25245727610789076], [0.33150251708582473, 0.22433269843204515, 0.2748287237956853, 0.1693360605864448], [0.28785156365224834, 0.1666144107573319, 0.26209183497280336, 0.2834421905176163], [0.35479216178122974, 0.17292732715692405, 0.1959348233175372, 0.276345687644309], [0.31850758666351614, 0.26409751567729095, 0.23302825140154995, 0.18436664615764295], [0.37092510078676433, 0.22854758584094514, 0.1924340134343286, 0.20809329983796193], [0.3129276632949707, 0.2254252731574654, 0.225391387916914, 0.23625567553064994], [0.31339198814762903, 0.23292312370777135, 0.2722832004793873, 0.18140168756521227], [0.28028399584721087, 0.232400349724905, 0.2360238055953932, 0.25129184873249094], [0.3396827083391822, 0.21593866393608135, 0.19968802329951468, 0.24469060432522174], [0.29114968449392165, 0.2778675936739214, 0.23394855061660855, 0.19703417111554844], [0.3370621254265329, 0.2505159117107798, 0.1981479405882685, 0.21427402217441877]], "ideal": "D", "sampled": "C", "correct": false}}
{"type": "result", "data": {"idx": 15, "options": ["(\u2203x){Fx \u2022 (\u2200y)[Dy \u2283 (\u2203z)(Vz \u2022 Rxyz)]}", "(\u2203x){Fx \u2022 (\u2203y)[Vy \u2022 (\u2203z)(Dz \u2022 Rxyz)]}", "(\u2203x){Fx \u2022 (\u2203y)(\u2203z)[(Vy \u2022 Dz) \u2022 Rxzy]}", "(\u2200x){Fx \u2283 (\u2203y)[Vy . (\u2203z)(Dz \u2022 Rxyz)]}"], "probs": [[0.2567819058638329, 0.21628746388179837, 0.3002439140973255, 0.22668671605704324], [0.25494644423180113, 0.21474308093342132, 0.29809970104842165, 0.23221077368635584], [0.20412419460902995, 0.11815651464213615, 0.4390046857755278, 0.23871460487330604], [0.2099148653912998, 0.11962849135926201, 0.27811964642691056, 0.39233699672252764], [0.2528722399014193, 0.17113610375314706, 0.3456800734210074, 0.2303115828244262], [0.20270571996611692, 0.13505923344157883, 0.2261557660426313, 0.4360792804496729], [0.2759255848824898, 0.1987875759041475, 0.2891975727149006, 0.23608926639846212], [0.2820509629853997, 0.2032064466987529, 0.2734084386342279, 0.24133415158161942], [0.2663863559339338, 0.15420491762101993, 0.3367839107059832, 0.24262481563906307], [0.2768827419731708, 0.16280751171283317, 0.30414036366491487, 0.2561693825490811], [0.2768835342582285, 0.18162783437260163, 0.2601367455420011, 0.28135188572716874], [0.2682072698113066, 0.18728851432915902, 0.24044898565172282, 0.30405523010781155], [0.20734853422509789, 0.17464078440586384, 0.37551536033226907, 0.24249532093676923], [0.20281485023280654, 0.1372580101540221, 0.2564072944922235, 0.4035198450209479], [0.23218267461771516, 0.23223576745346125, 0.3173954689961531, 0.21818608883267046], [0.22736536776637198, 0.213644408751688, 0.30125259452273156, 0.2577376288592084], [0.1900584733261264, 0.11711292759720024, 0.2222209291104225, 0.47060766986625086], [0.2262428585398878, 0.1708145762930551, 0.3504599682704817, 0.2524825967965754], [0.20495899935814055, 0.13235708171401936, 0.4339710965603733, 0.2287128222674668], [0.20660786328633843, 0.1355263143642321, 0.25316610929818495, 0.4046997129512445], [0.2668897847100901, 0.17507420739381468, 0.30722776510068767, 0.2508082426954075], [0.2578474619406026, 0.1745114799341612, 0.2660620549958429, 0.3015790030293933], [0.2077390371392198, 0.12602677752267527, 0.28398087194730887, 0.3822533132907961], [0.218351693306761, 0.13246546181199473, 0.37733891433719235, 0.2718439304440519]], "ideal": "B", "sampled": "B", "correct": true}}
{"type": "result", "data": {"idx": 16, "options": ["The university raises tuition.", "The governor approves of it.", "The board of trustees recommends it.", "None of the above"], "probs": [[0.14258433024281447, 0.19490929817288935, 0.3698874280926587, 0.29261894339163746], [0.23864975213630046, 0.16923415406987272, 0.42549758511255603, 0.16661850858127078], [0.17315232494005067, 0.1814782145217643, 0.3553366607767152, 0.2900327996614698], [0.2272180548912146, 0.18259010663024255, 0.3988307595202621, 0.19136107885828077], [0.1448380394086851, 0.16413492451859055, 0.29722673583714393, 0.3938003001355805], [0.17440734022270965, 0.171718947346371, 0.27873762193197843, 0.3751360903989409], [0.2065541564235044, 0.17125242691633577, 0.35693451226756184, 0.26525890429259796], [0.20591851759999374, 0.16808061049567788, 0.449847274230925, 0.17615359757340335], [0.2005813956320004, 0.3307640402029812, 0.19443483027815314, 0.2742197337868652], [0.22660518196801918, 0.33497525006852885, 0.35104680842480623, 0.0873727594386457], [0.1528602883919291, 0.22594819143980846, 0.2600707787036337, 0.3611207413646287], [0.1926314177132314, 0.2937789769540806, 0.3892049077000957, 0.12438469753259232], [0.17081905899723845, 0.16301468013086956, 0.43626701827454956, 0.22989924249734242], [0.1785566428770393, 0.15038136464128962, 0.415223728888367, 0.2558382634933041], [0.16448614489836158, 0.3428914350790048, 0.22137293877095385, 0.27124948115167974], [0.17793551912854758, 0.3827225720975572, 0.34845145235259756, 0.09089045632129764], [0.1659329508685096, 0.20333797924663785, 0.20017996130103846, 0.43054910848381406], [0.18319061931376845, 0.2504324484140546, 0.45350438966887024, 0.11287254250330667], [0.1347318936204368, 0.19001838637341376, 0.24021786149291124, 0.4350318584132382], [0.1722891032523481, 0.21781864760128028, 0.250717103456221, 0.3591751455901506], [0.1628639621659953, 0.29495750193138537, 0.2562649066310369, 0.28591362917158236], [0.1617728870416967, 0.3217868708709893, 0.3118954207616458, 0.2045448212256682], [0.18557649295928524, 0.27005427268265414, 0.23832207205528771, 0.3060471622027729], [0.1759305376799548, 0.32365103019447783, 0.2946909797503844, 0.20572745227518294]], "ideal": "D", "sampled": "B", "correct": false}}
