{"type": "result", "data": {"idx": 0, "options": ["The formation of the non-aligned movement", "Global disarmanent and nuclear non-proliferation", "The Green Revolution in agriculture", "Mobilization of pan-Asian ideology"], "probs": [[0.9824673117435262, 0.005488195356880428, 0.006724786717620677, 0.005319706081972717], [0.983776742075856, 0.005082446892538499, 0.007056681823039596, 0.004084129108565881], [0.9802903029198385, 0.005920986129342291, 0.007485402807913882, 0.0063033080429052415], [0.9871733196085773, 0.004228109286673549, 0.004866950511447537, 0.003731620493301533], [0.9875718582338523, 0.004164192670011117, 0.0052643756278415365, 0.002999573368295085], [0.9895129282782114, 0.0036821610232848803, 0.003799368428836962, 0.0030055421696667754], [0.005149042151787699, 0.9661251152606086, 0.020367186192023497, 0.008358656295580174], [0.009160989176520216, 0.9492393356087241, 0.03299292625978642, 0.008606748854969235], [0.0022418434037883043, 0.003418429447430904, 0.9780293630367113, 0.0163103640120695], [0.0031868773548037565, 0.002190395420835207, 0.00866312411609474, 0.9859596030082662], [0.006490412811978443, 0.0071284222525973065, 0.9633680060107656, 0.02301315882465868], [0.002169572860421179, 0.0016897371679639405, 0.004182139627805411, 0.9919585502438094], [0.004040123562319746, 0.9582760649881383, 0.029393062964359, 0.008290748385182912], [0.003995743063863766, 0.9626786586832918, 0.024865498451186213, 0.008460099701658131], [0.002588656875343488, 0.0034834483718805664, 0.9811844776996549, 0.012743416953121036], [0.0030405442361080516, 0.0021901061572428904, 0.008936967986100709, 0.9858323815205483], [0.0026197650794508587, 0.0029686618094916933, 0.9775910076375489, 0.016820565373508522], [0.0015020840941437673, 0.0012649287354867744, 0.005713467073846026, 0.9915195199965234], [0.008069835189071086, 0.9475283136444191, 0.0345135238934777, 0.009888327173032103], [0.005828974501932383, 0.9652087247009705, 0.018239720821655547, 0.010722579875441509], [0.00451777221559075, 0.005892328427035211, 0.9756727772808731, 0.013917121976500947], [0.0021368476344223127, 0.0015391929794130376, 0.003930448856970867, 0.9923935104291938], [0.0018252382636531775, 0.0026145789806218383, 0.9756252952083151, 0.019934887447409854], [0.001639253391960745, 0.001237422060180948, 0.004186158360717574, 0.9929371660871408]], "ideal": "A", "sampled": "A", "correct": true}}
{"type": "result", "data": {"idx": 1, "options": ["How societies shared strategically important technologies with each other", "Why European states went on to attain military superiority over non-Western powers in the modern era", "Why Silk Road commerce dwindled across the breadth of Eurasia after 1500 C.E.", "How the medieval climatic optimum affected the process of cultural diffusion"], "probs": [[0.0697424994759834, 0.876719637188567, 0.03562492438003077, 0.01791293885541878], [0.07782031783365866, 0.863302668885489, 0.03793044479761162, 0.020946568383240754], [0.03766507901252517, 0.022141889855744782, 0.9126357129282512, 0.02755731810347885], [0.14495391408154265, 0.0493184651774713, 0.09214053782632257, 0.7135870828146634], [0.06421703817243625, 0.05667092538850946, 0.8328565096979531, 0.046255526641101156], [0.11468264288526378, 0.044215030304912445, 0.04491231523135727, 0.7961900114784665], [0.8524288509817314, 0.06781971163650709, 0.03925268242319898, 0.040498754858562566], [0.8512142261596988, 0.07674013995802859, 0.034054928712499405, 0.03799070506977325], [0.7234121179874167, 0.09197141503282816, 0.11626676070322496, 0.0683497061765302], [0.8220406967826354, 0.06048642550428509, 0.04785024515041091, 0.06962263246266864], [0.708964721242924, 0.12911206771137781, 0.09899746101844059, 0.06292574992725755], [0.8449088989220533, 0.062169260383538094, 0.03890591337659488, 0.05401592721781373], [0.026396249470315596, 0.06332086261923935, 0.8742016878670089, 0.03608119994343613], [0.06019856295507864, 0.39256947497507433, 0.11604127070560562, 0.4311906912642414], [0.017830295788159298, 0.9290405889697649, 0.03834570608230893, 0.014783409059766859], [0.017160501561859852, 0.9225223975290175, 0.04117099921790639, 0.019146101591216252], [0.05531932764945815, 0.05036793629929427, 0.5500656941353105, 0.3442470418159371], [0.013188694944164267, 0.01918915386950615, 0.9392600234734515, 0.028362127612878117], [0.05613286043741445, 0.16758346922322742, 0.7394695977482842, 0.036814072491073886], [0.09143343669118699, 0.22987433032487462, 0.05375343993238131, 0.6249387929515571], [0.012685704242553766, 0.9617694656057506, 0.016548001181564385, 0.008996828870131245], [0.010263798508829598, 0.9684285882086237, 0.014252257186836552, 0.007055355995710177], [0.05065900841344013, 0.027976354633410246, 0.5037247547445469, 0.4176398821086027], [0.015655953479266554, 0.013183410314968483, 0.9536941077175366, 0.01746652838822839]], "ideal": "B", "sampled": "B", "correct": true}}
{"type": "result", "data": {"idx": 2, "options": ["They kept horses in their court, which would have come from the Mongols.", "The Ghanian king had adopted the Chinese tradition of the kow-tow .", "The king adorned himself with gold and jewels, probably from India.", "The people in his court wore silk robes."], "probs": [[0.11443166348362312, 0.039546034931564236, 0.393308159719504, 0.4527141417653086], [0.11533003127419951, 0.04112186966243634, 0.09125446391304043, 0.7522936350503238], [0.18463244092502942, 0.2997048884242548, 0.14838464998861414, 0.3672780205621016], [0.22349700329452957, 0.20670233664829796, 0.22355552015453195, 0.3462451398026405], [0.13856970694666176, 0.051779711354647665, 0.07190496924189908, 0.7377456123567915], [0.18563887613376434, 0.09630592983225982, 0.33103469257497503, 0.3870205013590008], [0.1269403781053397, 0.07462352268852386, 0.31921829930454654, 0.4792177998015899], [0.11671419304186731, 0.06345565947397, 0.10464852102946548, 0.7151816263546972], [0.10751504209646456, 0.43875562159601045, 0.16142443950146496, 0.29230489670606], [0.12105503971204183, 0.3239759979827082, 0.19348981253768474, 0.3614791496675652], [0.11423394763721793, 0.05834423352756191, 0.08229880524639671, 0.7451230134888235], [0.10702346236835954, 0.0833491291778048, 0.3795457438440436, 0.430081664509792], [0.5767536334639302, 0.07332378843658431, 0.1018175811015349, 0.2481049968979506], [0.41990825529667797, 0.08939962088167741, 0.23194347319667716, 0.2587486505249674], [0.5442930933819364, 0.06706810592037074, 0.11059431483397397, 0.2780444857637189], [0.38295902371454904, 0.08954672925967334, 0.21486601921011522, 0.3126282277156624], [0.6184738876809144, 0.08239957742458998, 0.10749616768961691, 0.19163036710487866], [0.6514883636776795, 0.07084228097684064, 0.09387366472736038, 0.18379569051811945], [0.14013663929345438, 0.05487798122005013, 0.07047988966059783, 0.7345054897258977], [0.22563841623396014, 0.10170018457275849, 0.2765368963185449, 0.3961245027747365], [0.12038945594979114, 0.044288284012864935, 0.0741858104117963, 0.7611364495255476], [0.12166951595520213, 0.0483954399775747, 0.41820660229315554, 0.41172844167406764], [0.20838037068694426, 0.3773469345380812, 0.15488861835773987, 0.25938407631723465], [0.19129053041349056, 0.4178417684888494, 0.14900674146423898, 0.24186095953342107]], "ideal": "D", "sampled": "C", "correct": false}}
{"type": "result", "data": {"idx": 3, "options": ["the Arab-Israeli conflict.", "the Korean War.", "the Cold War.", "the Vietnam conflicts."], "probs": [[0.0784836617372604, 0.12542046324949893, 0.6272621013953888, 0.16883377351785175], [0.09709953226371573, 0.11897382529458299, 0.4285690358279027, 0.35535760651379855], [0.039414962850371035, 0.8298478350771588, 0.07600032197667665, 0.054736879995793505], [0.043220328898346094, 0.8415895480151546, 0.08204412990618026, 0.03314599308031906], [0.20203495324669957, 0.2986184700819027, 0.2052738547905726, 0.29407272178082516], [0.07674141457898366, 0.09256900970366949, 0.7514875026533469, 0.07920207296400004], [0.05605843579121474, 0.043658978582144244, 0.7987369179115124, 0.10154566761512862], [0.12464377377793671, 0.08838651612481536, 0.4088150645256603, 0.3781546454715876], [0.05865183559444889, 0.8355455522230014, 0.07077106938207348, 0.0350315427004762], [0.08245785157114549, 0.7948167678582129, 0.0878023991408641, 0.03492298132977754], [0.15043245623749768, 0.28999734741549377, 0.15047341952656346, 0.4090967767204451], [0.13398541608592193, 0.3699876991288499, 0.3758873371097614, 0.1201395475754668], [0.8543866641913052, 0.02746178140891088, 0.05999876070162344, 0.058152793598160515], [0.8005917697807269, 0.03744045564995905, 0.1002237949595203, 0.06174397950979375], [0.7423499597695518, 0.059985373533807146, 0.08730110173372585, 0.11036356486291521], [0.6661114195730194, 0.09595340519531133, 0.14634955327615287, 0.09158562185551629], [0.8172852243916505, 0.06204063329149575, 0.0692289756685375, 0.05144516654831617], [0.8430398232016182, 0.05647564417654205, 0.056490746504704495, 0.043993786017135265], [0.18702720661162278, 0.2556565777897458, 0.20227273409348784, 0.3550434814051435], [0.042714460341521716, 0.04476505767656197, 0.871751297462242, 0.04076918441967434], [0.09325154070821166, 0.04138151573804882, 0.09623844841097409, 0.7691284950427654], [0.12740650012372418, 0.1825046877377701, 0.5892786031802149, 0.1008102088582909], [0.03379947028603129, 0.8995564796886214, 0.0476799618774647, 0.018964088047882577], [0.03425458901276929, 0.9116720777056962, 0.037633945210316835, 0.016439387971217672]], "ideal": "C", "sampled": "C", "correct": true}}
{"type": "result", "data": {"idx": 4, "options": ["They became a part of Japan\u2019s territory.", "The Americans established freedom for all Koreans.", "The Korean economy never recovered.", "Korea remains divided into two nations near the 38th parallel."], "probs": [[0.0035648219061139423, 0.0022660784784964854, 0.005436426096557845, 0.9887326734188318], [0.0033516727797797434, 0.0027355213213671654, 0.9894023703696331, 0.004510435429220015], [0.0028244146842972763, 0.0018963098521755767, 0.005035626577227562, 0.9902436487862996], [0.003908765384182936, 0.0026864421732809276, 0.9869598464422958, 0.006444945900240353], [0.004302029641728047, 0.9736732569967302, 0.016753297859169403, 0.005271415402372312], [0.004128977423304245, 0.9793852610905012, 0.01158193806004631, 0.004903823326148227], [0.002697611356244121, 0.0019431212399105705, 0.004178706860781944, 0.9911805604430634], [0.0036810177343245564, 0.0032484302786634895, 0.9893892868865471, 0.0036812650004647528], [0.002570630101507827, 0.0018661330414033721, 0.005703785153639622, 0.9898594516034491], [0.003716277220462751, 0.0026147116645651837, 0.9834067898368138, 0.01026222117815817], [0.00392316191546996, 0.9751967263378788, 0.015762854483360716, 0.00511725716329049], [0.003429000564146197, 0.9810948033137432, 0.01056377495320391, 0.004912421068906694], [0.002957010523200088, 0.001909272004168891, 0.005881350249219405, 0.9892523671234116], [0.0038533078615902885, 0.002690013608497566, 0.9882711318467441, 0.005185546583168032], [0.003095027265824266, 0.002211983696066141, 0.00665611166214693, 0.9880368772759627], [0.0037254715711734945, 0.002683326360556191, 0.9858259267750623, 0.00776527519320804], [0.005492754349077496, 0.9681942583682606, 0.019476503376701402, 0.0068364838059604815], [0.005012935447158227, 0.9704643108300727, 0.01722826952924429, 0.007294484093524822], [0.9852633169386272, 0.004856816685388963, 0.0067437960750900035, 0.003136070200893848], [0.9878947755175786, 0.004230988175750203, 0.005184594392500512, 0.002689641814170667], [0.98450763948443, 0.005086011194485106, 0.007173206299660285, 0.003233142921424597], [0.9859776032178313, 0.004785010831284492, 0.006049569411060938, 0.0031878164398232295], [0.9868407722337249, 0.00409645672307055, 0.006247043242679951, 0.0028157277005245933], [0.9872189065912961, 0.00422809713419553, 0.005779850122459477, 0.0027731460520489227]], "ideal": "D", "sampled": "D", "correct": true}}
{"type": "result", "data": {"idx": 5, "options": ["Optimistic, encouraged", "Understanding, accepting", "Cynical, enthusiastic", "Sincere, resigned"], "probs": [[0.17039847689650314, 0.07443757493119578, 0.7063427698342245, 0.04882117823807656], [0.19042243770924494, 0.09136096727534093, 0.3394753165008144, 0.3787412784145997], [0.2847027411378538, 0.6316699232056336, 0.060617940889135684, 0.02300939466737688], [0.3016154107668519, 0.5635121308961066, 0.10103009685471664, 0.03384236138232477], [0.26695811944734354, 0.22131173475341007, 0.09821031314799306, 0.4135198325512533], [0.1958793147281475, 0.13047756545008313, 0.6225441236740107, 0.05109899604775867], [0.08558530029025484, 0.054398848510253325, 0.8248907130265097, 0.0351251380729821], [0.1230118917622662, 0.09579770051927211, 0.3450126570487868, 0.4361777505696749], [0.12383320672658547, 0.7705661495819742, 0.0812148584095321, 0.02438578518190824], [0.11993407590904374, 0.7821189847788294, 0.07505575650614689, 0.022891182705980045], [0.17724940348511162, 0.14242034087989522, 0.2745446059917589, 0.40578564954323426], [0.07648762628179301, 0.057733743017619084, 0.8353529317917616, 0.030425698808826333], [0.902886538297172, 0.026015593702559944, 0.05955226513573138, 0.011545602764536625], [0.8129419238972938, 0.05036889109943947, 0.11175263880105077, 0.02493654610221589], [0.8557794013529246, 0.029743371251386232, 0.09752827045903101, 0.016948956836658112], [0.843850054109088, 0.0388542850575485, 0.09616901473788686, 0.021126645995476707], [0.8349683755551017, 0.04494693807887179, 0.09817714841908211, 0.02190753784694438], [0.880978933094162, 0.034696081790543724, 0.0679340029178316, 0.01639098209746268], [0.20366639352042687, 0.19739667020395843, 0.11787656956946549, 0.4810603666061492], [0.14085428940043548, 0.10304697240778647, 0.7042802237864466, 0.051818514305331374], [0.1594464218333305, 0.08805174576471318, 0.3121957848399664, 0.4403060474619899], [0.08366931416008586, 0.05401918412247687, 0.8320076054696426, 0.030303896147794697], [0.1307752432744099, 0.7764959349014017, 0.070001937572367, 0.02272688415182148], [0.09959974735575691, 0.833998011952715, 0.04854341151015191, 0.01785882908137623]], "ideal": "C", "sampled": "C", "correct": true}}
{"type": "result", "data": {"idx": 6, "options": ["Revolutionary progressivism does not always concern itself with gender equality.", "Women typically assume leadership roles during times of revolution.", "Women rarely support revolutions and therefore receive little benefit from them.", "Revolutionary movements are generally uninterested in women's rights."], "probs": [[0.9723839244312107, 0.006251839041332961, 0.009683662174374968, 0.011680574253081322], [0.9761215720128612, 0.005895610131542448, 0.009131945923881458, 0.00885087183171492], [0.9797405517447145, 0.004754871089659268, 0.007027681857344016, 0.008476895208282157], [0.9761960428735936, 0.005538851571763171, 0.00913260627836597, 0.009132499176277281], [0.9817639917489956, 0.00469081398878771, 0.006825542771245029, 0.006719651390971554], [0.9804934883619447, 0.0049868693461503875, 0.007486633985565514, 0.007033008206339389], [0.014360998670591135, 0.9167981690027739, 0.048586961163369906, 0.02025387106326507], [0.018237605689132356, 0.9067320226716253, 0.055309373879862206, 0.019720997659380058], [0.08194099775124132, 0.04596342330116228, 0.675507338908636, 0.19658823993896035], [0.053139822174318896, 0.01985690239218525, 0.13360189273367765, 0.7934013825998182], [0.030003702097345295, 0.020945466935707438, 0.9190440721689295, 0.030006758698017798], [0.026620283497086835, 0.012973789946961068, 0.021728385055541494, 0.9386775414004106], [0.023769303932557582, 0.9203356417807036, 0.03458707747088323, 0.021307976715855586], [0.04008659988015046, 0.8571577443811544, 0.07727376169342312, 0.02548189394527196], [0.13593788089150852, 0.04553177461048716, 0.5723578780074817, 0.24617246639052254], [0.07164248794482914, 0.01958579730796116, 0.20731500529609537, 0.7014567093511144], [0.06574823157571605, 0.24813441179102094, 0.6436644387693602, 0.04245291776390282], [0.041091486042140156, 0.3838435637596192, 0.05035090724711815, 0.5247140428511224], [0.041909441152543574, 0.9102693156813402, 0.032641675167984094, 0.015179567898132155], [0.05419597306750647, 0.8885428167641614, 0.04221064440631597, 0.015050565662016225], [0.05722852188702689, 0.01947038168200533, 0.8814288015686814, 0.041872294762286384], [0.0445435027607461, 0.010095585626013084, 0.022051923872150266, 0.9233089876410906], [0.04121800231436275, 0.013381062095747968, 0.9236792889165064, 0.021721646573382856], [0.024700053838873037, 0.005775951036753224, 0.013016936792242438, 0.9565070582321313]], "ideal": "A", "sampled": "A", "correct": true}}
{"type": "result", "data": {"idx": 7, "options": ["Sub-Saharan Africans relied on European merchants to sustain population growth through the constant importation of New World foodstuffs.", "Sub-Saharan Africans consolidated new states and kingdoms by trading with the Europeans for firearms.", "Sub-Saharan Africans depended on European merchants as the sole purchasers of slaves.", "Sub-Saharan Africans allied with European powers to evict Muslim and Arab merchant princes from encroaching on their sovereignty."], "probs": [[0.06673546259831553, 0.02455006487143509, 0.813112841684828, 0.09560163074542131], [0.08262998640690708, 0.026000913326825786, 0.06958621020510149, 0.8217828899611657], [0.09749829859440559, 0.6358173062586072, 0.13750790626245174, 0.12917648878453541], [0.05949714912245341, 0.6200285095852885, 0.10281267245902187, 0.2176616687332362], [0.0813131493735973, 0.026398412727281124, 0.3701871946499697, 0.5221012431491519], [0.034657992548226005, 0.013572011192171612, 0.8530291349818215, 0.09874086117778087], [0.08018569557849484, 0.018173154238584285, 0.8226944115379182, 0.07894673854500268], [0.0876610842989421, 0.019256726837979743, 0.06120074463623328, 0.8318814441268448], [0.2220775700012565, 0.47015829290690136, 0.1574877398299962, 0.15027639716184596], [0.18735300096836224, 0.5014046652557225, 0.12677898057184067, 0.18446335310407463], [0.06974287403758014, 0.019366991182939497, 0.07424526787077237, 0.836644866808708], [0.057867384195035516, 0.01440397897831762, 0.877450682472918, 0.05027795425372882], [0.41606795473655817, 0.07817479163986418, 0.3092106557387053, 0.19654659778487235], [0.2834293617918986, 0.05848853814545917, 0.14476897198519367, 0.5133131279774485], [0.47332454428297455, 0.15854211386260622, 0.17687987052936627, 0.19125347122505293], [0.48350068823632647, 0.1321802217935598, 0.15945240313916723, 0.22486668673094648], [0.2890270140188098, 0.0854352738007486, 0.21146813663120767, 0.4140695754492339], [0.11501576707473696, 0.03676014752035245, 0.7384675712947151, 0.10975651401019555], [0.08367418743285122, 0.028468547551851877, 0.24982194601052538, 0.6380353189047715], [0.04385937024447152, 0.015638229902452724, 0.7897747864328121, 0.1507276133202637], [0.09098715469802246, 0.19874194558573083, 0.11683876240334914, 0.5934321372128976], [0.09543053059815729, 0.2117239087608329, 0.60319209092784, 0.08965346961316982], [0.08757928981028655, 0.49620285647896845, 0.14216826007325775, 0.27404959353748726], [0.11383515764879022, 0.49450866119846804, 0.23359574723285603, 0.15806043381988566]], "ideal": "B", "sampled": "C", "correct": false}}
{"type": "result", "data": {"idx": 8, "options": ["Hitler's belief that Poland's territorial borders should not be violated", "A rising intolerance of ethnic and political minority groups", "A widespread belief in Germany that it had been unfairly treated at the end of World War I", "Hitler's attempted collaboration with Italian leader Benito Mussolini"], "probs": [[0.0046847243483214744, 0.005476955753819296, 0.9806644851621711, 0.009173834635688109], [0.0037464847112215465, 0.001769735156243483, 0.003010739817392508, 0.9914730402151425], [0.004596128062891415, 0.9772241774194625, 0.013723912925237048, 0.004455781492408979], [0.004536016445690032, 0.9796271469153908, 0.011228486130433276, 0.004608350408485893], [0.005767370629998041, 0.002519593598493555, 0.006236651507034139, 0.9854763841644743], [0.006199281737138535, 0.004194635948240637, 0.9795421479538738, 0.010063934260746966], [0.004907938249580701, 0.004985215672531851, 0.9803446062091372, 0.009762239768750168], [0.003926640668925465, 0.0016626698628629754, 0.0028731025419546363, 0.9915375868262569], [0.005784446093200044, 0.9729380323196702, 0.016480967930353956, 0.004796553556775741], [0.006178906227079116, 0.976327604362239, 0.012680349952914666, 0.004813139357767225], [0.005516289531153933, 0.0021267567447353516, 0.004573677033178584, 0.9877832765909321], [0.004411674500678563, 0.004411647957982804, 0.9830611038579057, 0.00811557358343289], [0.9869540630609814, 0.004941969625722529, 0.004430709341923464, 0.003673257871372546], [0.9869147718289284, 0.00494177478910803, 0.003849255922630298, 0.004294197359333265], [0.9883854431926308, 0.004299887940252918, 0.004168241302810223, 0.0031464274643060613], [0.9857161144404573, 0.005770477641163959, 0.004356457166637798, 0.004156950651740949], [0.9877570749658785, 0.00403682346149602, 0.003974836032393772, 0.0042312654402317474], [0.9866982163659861, 0.004641344429035814, 0.004499254854084164, 0.00416118425089386], [0.006733021072656857, 0.002678238722884412, 0.00652650914422538, 0.9840622309602334], [0.00769103064049059, 0.004812928073048311, 0.9764775951130943, 0.01101844607336681], [0.005180611030898842, 0.0022632643616452295, 0.005021797707736011, 0.9875343267997199], [0.004204672126795748, 0.004993140962681551, 0.981899341263713, 0.008902845546809682], [0.003694087002409468, 0.9774723605261466, 0.0141628643372477, 0.0046706880341962475], [0.004121046978568198, 0.9774785636878052, 0.013943462631202146, 0.004456926602424533]], "ideal": "C", "sampled": "C", "correct": true}}
{"type": "result", "data": {"idx": 9, "options": ["was justifiable according to local military custom, even if it violated Western military norms.", "can be viewed as a reaction to the systemic brute force with which the British governed India.", "should be praised as a brave patriotic blow against British colonial oppression.", "seems to have been the product of a well-organized and long-premeditated conspiracy."], "probs": [[0.013652532471382742, 0.8993591756102484, 0.06025305477369657, 0.02673523704467226], [0.01317799722269091, 0.9097662423143987, 0.05463547545050315, 0.022420284912407207], [0.013993745837748171, 0.00862150556515329, 0.9512348885311889, 0.026149859965909607], [0.016483638556766503, 0.008419752182861747, 0.03128941752664341, 0.9438071916337283], [0.00958263500665668, 0.006484043011816435, 0.9626683923721433, 0.021264929509383534], [0.009632622333232116, 0.005196964569582987, 0.017177143191919955, 0.9679932698052649], [0.9490905654463545, 0.010543393518473547, 0.019395443835756854, 0.02097059709941504], [0.9580975884197794, 0.009690930578530946, 0.016231943966571367, 0.01597953693511823], [0.9360979501320946, 0.013352564197596844, 0.02271711237767274, 0.02783237319263579], [0.9557936101943331, 0.009974555640927201, 0.01644804974624211, 0.01778378431849758], [0.9596569543328123, 0.009556302212418944, 0.015273478804445286, 0.015513264550323426], [0.9595121976259798, 0.00897602554280448, 0.015756324224529307, 0.015755452506686425], [0.02016974689885407, 0.009091345008247504, 0.9422891498847656, 0.02844975810813281], [0.02718613475144143, 0.012254633905291806, 0.045540019738013034, 0.9150192115052537], [0.02615512686876565, 0.8663534408230593, 0.0733729442254644, 0.03411848798271057], [0.02123252492029459, 0.8890771467759666, 0.06242248228365158, 0.02726784592008716], [0.018528327775391498, 0.008222761754585552, 0.0223553670164978, 0.9508935433535252], [0.013014738323465287, 0.007187769165162278, 0.9565905152577088, 0.02320697715366367], [0.009645827755928944, 0.005670678713214252, 0.9690233517262354, 0.015660141704621388], [0.0093649669388654, 0.004529122570659627, 0.015205130081942173, 0.9709007803085328], [0.010528277624329636, 0.9332947151422293, 0.04036935053430877, 0.015807656599132323], [0.009604506372528944, 0.93510516230175, 0.03920263869673332, 0.01608769252898772], [0.011763619131832636, 0.005557277645445055, 0.017941996261235826, 0.9647371068614865], [0.010061761424244453, 0.006599051451483058, 0.9645370302404503, 0.018802156783822136]], "ideal": "B", "sampled": "B", "correct": true}}
{"type": "result", "data": {"idx": 10, "options": ["A factory owner is forcing him to do so.", "He doesn\u2019t earn enough on his own.", "The children need discipline.", "Their labor is only moderately difficult."], "probs": [[0.014855177857121156, 0.9632698157484527, 0.014857274264206142, 0.007017732030219985], [0.01842786485652843, 0.9601605532202686, 0.015042448415148676, 0.006369133408054235], [0.008822894646068806, 0.006764396086809488, 0.9732588519549353, 0.01115385721218633], [0.005110696405438829, 0.0021471474242561023, 0.0032237556181519927, 0.9895184004521531], [0.006677186234796931, 0.004661248007469638, 0.9757899899217155, 0.012871575736017939], [0.005352425469460153, 0.0020960304269897144, 0.0036791798746135308, 0.9888723641289366], [0.9926438081241757, 0.0018002091136896479, 0.0027454978345533582, 0.002810484827581241], [0.9924482153539861, 0.0018862244994047738, 0.002899214173245404, 0.002766345873363771], [0.9918799665852353, 0.0018999306971226124, 0.0032072614870347683, 0.0030128411306073323], [0.9911186419296958, 0.0019434930923636492, 0.003306526297918535, 0.0036313385800219693], [0.9915543963325626, 0.0019292076213676883, 0.0033600347222572722, 0.003156361223812425], [0.9905195017391288, 0.0019271958887652498, 0.0036292871445520606, 0.003924015127553867], [0.007788627243034293, 0.008162011707059198, 0.9735679405727735, 0.010481420377132959], [0.0045102539918691256, 0.0024330755115429255, 0.0035131017407494533, 0.9895435686558385], [0.005792070815179787, 0.9741753624583805, 0.013260041751216659, 0.006772524875223021], [0.005667176434854775, 0.9681817273233764, 0.016659070797629447, 0.009492025344139359], [0.005598790471900342, 0.0027715647539989976, 0.004570268469709403, 0.9870593762043912], [0.004065252031836834, 0.004678914930263851, 0.9643258147286673, 0.02693001820923202], [0.007223516973964607, 0.00733691852557863, 0.9763075413340989, 0.009132023066357893], [0.005515241680766861, 0.0028389199482680406, 0.004004238282977675, 0.9876415999879874], [0.005271484848992597, 0.9737724243681044, 0.015255519465178302, 0.005700571217724709], [0.005010092400453716, 0.9699051835351334, 0.016951401582197878, 0.008133322382214918], [0.0060505780291354285, 0.002748563055732305, 0.004639846050841445, 0.9865610127642909], [0.004712279016118826, 0.004567122160768481, 0.9711862565452084, 0.019534342177904243]], "ideal": "B", "sampled": "B", "correct": true}}
{"type": "result", "data": {"idx": 11, "options": ["Uneasy allies", "Comrades-in-arms", "Mortal enemies", "Distant strangers"], "probs": [[0.948114251552864, 0.018775601637557197, 0.01848638498920057, 0.014623761720378188], [0.9426839648257245, 0.02148674173945902, 0.020827793785947044, 0.015001499548869432], [0.9324557467656875, 0.026450515766573444, 0.022626617162499824, 0.018467120205239187], [0.9431336073194796, 0.022883339627173354, 0.019883685730208673, 0.014099367223138329], [0.9331714326028597, 0.024866976665239057, 0.02486934408747925, 0.01709224654442196], [0.9318084420808226, 0.024830595732753705, 0.026024864159859922, 0.01733609792656379], [0.02992771482958354, 0.9024166741915399, 0.04708582990977029, 0.02056978096910618], [0.027557778675366764, 0.9126289365899075, 0.04335714357285258, 0.016456141061873115], [0.018784473599914937, 0.025674865170801742, 0.9339186657222696, 0.021621995407013792], [0.01618110932079281, 0.00813651077240821, 0.020139764804802705, 0.9555426150019962], [0.02091624544709617, 0.029496134582830513, 0.917692105949146, 0.03189551392092736], [0.015261210918590777, 0.008971704962988051, 0.031316622134034064, 0.9444504618843871], [0.032462493435086205, 0.9340382583123388, 0.023751804363940147, 0.009747443788634815], [0.04429488099370002, 0.9179814132099401, 0.026868325635901337, 0.010855380060458528], [0.03842364902879942, 0.03553535674507007, 0.9023679553417577, 0.02367303878437276], [0.028635304098298456, 0.011039987081973577, 0.02648545771774897, 0.933839251001979], [0.06889661323078913, 0.04885344679980806, 0.85261746550041, 0.029632474368992794], [0.03207640865465946, 0.013164058914837752, 0.04595000874313207, 0.9088095235873707], [0.030886838417999368, 0.9169008153662153, 0.03668101750043656, 0.015531328615348783], [0.04234821794274107, 0.8914445602842562, 0.0465128910355512, 0.019694330637451456], [0.018970729806467083, 0.02217862353757186, 0.9285337620720158, 0.030316884483945334], [0.01488126151896331, 0.007140225214587185, 0.027804009419385805, 0.9501745037470637], [0.044185071603082736, 0.05165610394558684, 0.8737901334400434, 0.03036869091128699], [0.02291965494504876, 0.010826508509811289, 0.036060034589517176, 0.9301938018556227]], "ideal": "A", "sampled": "A", "correct": true}}
{"type": "result", "data": {"idx": 12, "options": ["Issue a casus belli to go to war with the Kingdom of Zulu", "Tax the Zulu kingdom to cover damages attributed to them", "Sever its responsibility to protect citizens who chose to live in South Africa", "Liberate the Zulus from British colonialism"], "probs": [[0.73366388970715, 0.09182651750539712, 0.1142857423736195, 0.06022385031383329], [0.7470443748934024, 0.07997561781635244, 0.08513857994306466, 0.08784142724718047], [0.8273038061392085, 0.06379301115745278, 0.0689807914403589, 0.03992239116297982], [0.7030721096565954, 0.09971484243722468, 0.0893887776229168, 0.10782427018326317], [0.3089057206798638, 0.13494861124596558, 0.4425027966056826, 0.11364287136848801], [0.628823224050413, 0.08918387389627477, 0.16924893831268786, 0.11274396364062438], [0.2113099004085995, 0.6408202814628932, 0.10625872291981689, 0.0416110951086904], [0.15558799462152842, 0.7308218178948095, 0.0723605945784265, 0.041229592805235575], [0.2598252334904905, 0.16259187700600536, 0.5087351874309946, 0.06884770197250951], [0.29445402495059186, 0.2766168589635652, 0.14351121438299522, 0.2854179016028477], [0.07405575129590256, 0.030870431053536623, 0.783896421327583, 0.11117739622297784], [0.1961059838917549, 0.07102374625950487, 0.37215473689657114, 0.36071553285216906], [0.3076496582476262, 0.4546840881242812, 0.1408576753211274, 0.09680857820696524], [0.34145723316192955, 0.375022457876066, 0.1296068785779306, 0.15391343028407387], [0.10514489050226987, 0.06181041661353144, 0.7892126020568995, 0.04383209072729921], [0.2729436538227739, 0.12496160341925329, 0.12302916117359232, 0.4790655814843805], [0.22283808220667234, 0.10362781274391622, 0.43631245381306183, 0.23722165113634958], [0.18472509359546638, 0.11380490829111899, 0.3616867715009977, 0.3397832265124169], [0.14385471164824143, 0.450096692837715, 0.2729990278657197, 0.1330495675483239], [0.10828626558168183, 0.6633658059531858, 0.15034878812526162, 0.07799914023987066], [0.12863017521532907, 0.11351493660331884, 0.6331771564358807, 0.1246777316454714], [0.17340266961215411, 0.34485576067181634, 0.24839403102885316, 0.23334753858717636], [0.1425007922060084, 0.094924780565687, 0.5906798418968275, 0.1718945852314771], [0.17787673272454874, 0.15454108320682708, 0.36499054584769836, 0.3025916381209258]], "ideal": "A", "sampled": "A", "correct": true}}
{"type": "result", "data": {"idx": 13, "options": ["Pan-Africanism", "Communism", "African socialism", "Neocolonialism"], "probs": [[0.9830618586703503, 0.005406218162531578, 0.0068345815541173026, 0.0046973415130007745], [0.9890078443015607, 0.0036231491895013443, 0.0035119243663779207, 0.0038570820425599976], [0.9893930748618822, 0.003624551316669988, 0.003681929865331116, 0.003300443856116673], [0.9909839940623415, 0.0031052346848587024, 0.0032545091672709528, 0.0026562619855288678], [0.9881467701052538, 0.003853455605863993, 0.0035641551701308003, 0.0044356190187514345], [0.9872769332444294, 0.0042284318235834345, 0.004644331623467721, 0.0038503032085194272], [0.02385395292913808, 0.9381405454936895, 0.02922942781523727, 0.008776073661935096], [0.024531277294609907, 0.9498140840883489, 0.016342936970570335, 0.009311701546470881], [0.021339156884122478, 0.06996846576282588, 0.8795232650990703, 0.029169112153981342], [0.02172437285596243, 0.11562446620086414, 0.021390665051486714, 0.8412604957916867], [0.013879185605055676, 0.008550696687293724, 0.9579963178027909, 0.019573799804859668], [0.018514991115109816, 0.008345468108842465, 0.4486089423548355, 0.5245305983212122], [0.06119822483739569, 0.8993499444278683, 0.0275871888803989, 0.011864641754337067], [0.06729616430150717, 0.9004642837339872, 0.022543896044422227, 0.009695655820083372], [0.020726867230394862, 0.010101412525429303, 0.9530286289574431, 0.016143091186732662], [0.0311129337166374, 0.005846279242423433, 0.009945643193627498, 0.9530951437473116], [0.012398512645921247, 0.004855317377322849, 0.9697518045168261, 0.012994365359929858], [0.014119653421992551, 0.002571581764415862, 0.00856507816157502, 0.9747436865520166], [0.013899799654277544, 0.9594148501094122, 0.017849362470552795, 0.008835987665757463], [0.022318356077512102, 0.9343557087158593, 0.035114746278517586, 0.008211188828111017], [0.012422919231598157, 0.011135784968173473, 0.9565883125587077, 0.01985298314152073], [0.02031729123337672, 0.012914472804730934, 0.4344319571289519, 0.5323362787329404], [0.014757198486266132, 0.06310881016762544, 0.8989158397421402, 0.02321815150396828], [0.015938669055591527, 0.062062984686064006, 0.02392993995477641, 0.8980684062035681]], "ideal": "A", "sampled": "A", "correct": true}}
{"type": "result", "data": {"idx": 14, "options": ["Agriculture fueled industrialization in cities as excess labor flowed from the countryside to urban centers.", "Agricultural surpluses allowed the state to invest more heavily in modernizing agricultural production.", "Agricultural efficiency reduced prices of basic commodities, raising the standard of living across the whole of China.", "Agriculture was collectivized, with the result that entire communities shared fields instead of individuals owning the land as private property."], "probs": [[0.006105484392584797, 0.0029756810687417605, 0.010885429381309306, 0.9800334050573641], [0.004025164349363257, 0.0030383005336612834, 0.9850551649896779, 0.007881370027297505], [0.006480070858794092, 0.002875626569467978, 0.013507069328877986, 0.9771372331428599], [0.005805923540068695, 0.0035214072670477752, 0.9765245994983512, 0.014148069594532296], [0.0054776282157470305, 0.9655106311399239, 0.02270657952933301, 0.006305161014996044], [0.0037302424650426384, 0.9717239986656754, 0.018945604347977544, 0.00560015442130447], [0.005400021388958627, 0.0023226206384426994, 0.010089581511794466, 0.9821877763608042], [0.003911461667986488, 0.0021266047771354587, 0.9876126017768977, 0.006349331677980334], [0.007596447567361812, 0.0028833912102840704, 0.009755047929932927, 0.9797651131924212], [0.0076012080279920236, 0.003534856706157745, 0.9802501168696871, 0.008613818296163095], [0.009923335970350965, 0.9659682985914013, 0.018541441995370816, 0.005566923342876873], [0.008364812793435124, 0.9669491425385364, 0.01945108250261413, 0.005234962065414363], [0.010378113906723644, 0.0041932911408357225, 0.021296733857497134, 0.9641318609949435], [0.007101282826592266, 0.0039216502857860516, 0.9748532612206358, 0.01412380556698597], [0.009677536255900048, 0.003910221698035444, 0.014304041970020465, 0.972108199976044], [0.006216681147776346, 0.0038902603289379485, 0.982275718508116, 0.007617339915169673], [0.00892572533956585, 0.9542568130730414, 0.028815852014006122, 0.008001609473386552], [0.01150208885990269, 0.9428408048371918, 0.03655756972165908, 0.009099536481246392], [0.9747653906699046, 0.005035807535200228, 0.014124201118614677, 0.00607460057628049], [0.9789605130589795, 0.004325917917498937, 0.010707377445085837, 0.006006191478435787], [0.9820478559112574, 0.004140835004300909, 0.009045029441920932, 0.004766279542520693], [0.9815983553718292, 0.004011605533339423, 0.009474724676210584, 0.004915314318620831], [0.9777795443781867, 0.004388742511915229, 0.011034009720166204, 0.00679770328973189], [0.9779009053519293, 0.004254238140620104, 0.012119937478080194, 0.005724918929370391]], "ideal": "D", "sampled": "D", "correct": true}}
{"type": "result", "data": {"idx": 15, "options": ["The expulsion of Christian missionaries from Japan", "The adoption of Chinese imperial customs in the Japanese court", "The annexation of Manchuria by the Japanese", "Commodore Perry forcing Japan to open its ports to trade"], "probs": [[0.0497259872900477, 0.028332637778440146, 0.1192883557667226, 0.8026530190647896], [0.011758191531760484, 0.01232245846029539, 0.9637869017423019, 0.01213244816564227], [0.028311963366402768, 0.01690579271710296, 0.0315853555902778, 0.9231968882262165], [0.0172676517870535, 0.03126721479424921, 0.9282267843495293, 0.02323834896916796], [0.010466362324273473, 0.9570768452291774, 0.025906253543172688, 0.006550538803376532], [0.008546917602903461, 0.9575897943285313, 0.028915952565058824, 0.00494733540350642], [0.07313399761183867, 0.051859073335706884, 0.14773698149634232, 0.7272699474561121], [0.018024792573967524, 0.029256907702402506, 0.939111454464538, 0.013606845159091911], [0.07240373954026623, 0.05054539140282914, 0.17920318666077614, 0.6978476822961285], [0.018845630702471996, 0.027851614942680826, 0.9080896921958369, 0.045213062059010295], [0.029136705068844946, 0.920746173273457, 0.042395880744616025, 0.007721240813082015], [0.009735717081625638, 0.9625870557696754, 0.023356336616556634, 0.004320890432142271], [0.02799840236166588, 0.016204214597218235, 0.028440493761091364, 0.9273568891800245], [0.01291442497212784, 0.018498841445337644, 0.9488925580334909, 0.019694175449043533], [0.04403052248951327, 0.027126191629116066, 0.12348825584295972, 0.8053550299384109], [0.010643124787052248, 0.012250038892432882, 0.9432793809467194, 0.03382745527379547], [0.016680011121677274, 0.9396921025869985, 0.03586993680142104, 0.007757949389903098], [0.011986351097145463, 0.952280736473631, 0.02787099884796732, 0.00786191348125626], [0.9777881254399257, 0.00599870060459356, 0.012900015797503736, 0.0033131580579770243], [0.9764153369854847, 0.006376626051983735, 0.01414811991707154, 0.003059916945460067], [0.9543497147613174, 0.01220253971297464, 0.02750015124753145, 0.0059475941781765435], [0.9719683708017721, 0.007777240737071018, 0.015958890614532158, 0.004295497746624731], [0.9608802623475331, 0.009872197609273128, 0.024435601344394788, 0.004811938598798965], [0.9719865191289592, 0.00765684097400416, 0.015711926675846026, 0.00464471312119067]], "ideal": "D", "sampled": "D", "correct": true}}
