{"type": "result", "data": {"idx": 0, "options": ["total revenue is greater than total cost at its greatest distance", "total revenue is equal to total cost", "marginal product is at its highest point", "total product is at its highest point"], "probs": [[0.07666523982310278, 0.6322340557012746, 0.14326951333250942, 0.14783119104311324], [0.08040128887091598, 0.6036958873769707, 0.1456241799931391, 0.17027864365897427], [0.050297943693888625, 0.03197369086334456, 0.7278529052851275, 0.18987546005763936], [0.10026122813444663, 0.05537805023730808, 0.137062839941599, 0.7072978815866463], [0.06266625481712304, 0.03801198831614664, 0.7062364509315903, 0.19308530583514], [0.11700885432566557, 0.07674826221697936, 0.2477431687369249, 0.5584997146204301], [0.136220397581253, 0.13840003516482186, 0.21101609184741954, 0.5143634753065056], [0.08749839793013343, 0.0736955266177798, 0.1713395442096845, 0.6674665311424023], [0.17174561320017925, 0.0877364575775148, 0.2275593429576289, 0.512958586164677], [0.19854193923872124, 0.10301911829871908, 0.3709909915553081, 0.32744795080725153], [0.08551441896725649, 0.04797847997470053, 0.1501033738197821, 0.7164037271382608], [0.0898568481117037, 0.06472836434193872, 0.6851962208062667, 0.16021856664009082], [0.03753539595889413, 0.030162742751687486, 0.7195781562447828, 0.21272370494463558], [0.08814610858162654, 0.053471514222901126, 0.16470289921179823, 0.6936794778836741], [0.1704587203873013, 0.07107075356034083, 0.199309693251808, 0.5591608327005498], [0.19498916732100444, 0.0787953779471333, 0.4678358558903749, 0.25837959874148736], [0.08375680726603767, 0.04554431665195629, 0.12380228605455637, 0.7468965899274497], [0.23281748835034713, 0.10828676135401587, 0.28087287250875614, 0.3780228776868808], [0.04155403888066843, 0.034452455052317484, 0.6921313017586291, 0.23186220420838494], [0.09574903087102624, 0.06280499138218917, 0.28146294595356325, 0.5599830316932214], [0.09473605378509302, 0.054840535076327815, 0.1715690167814709, 0.6788543942571083], [0.09218444032251374, 0.059526000831202096, 0.6813309268120804, 0.1669586319342037], [0.07357362662083322, 0.04604900537222898, 0.1251727663612933, 0.7552046015456445], [0.17661436163528446, 0.15347922075464188, 0.2779055576926554, 0.3920008598174183]], "ideal": "A", "sampled": "B", "correct": false}}
{"type": "result", "data": {"idx": 1, "options": ["Increase capital and decrease labor so that the marginal product of capital falls and the marginal product of labor rises.", "Increase capital and decrease labor so that the marginal product of capital rises and the marginal product of labor falls.", "Decrease capital and increase labor so that the marginal product of capital rises and the marginal product of labor falls.", "Decrease capital and increase labor so that the marginal product of capital falls and the marginal product of labor rises."], "probs": [[0.28029842017167494, 0.21165836486065856, 0.23612198934941575, 0.27192122551825076], [0.27864740956902007, 0.18279377713722586, 0.31096767249381274, 0.2275911406999413], [0.24417360341182004, 0.11717766656118335, 0.4090996766895907, 0.22954905323740596], [0.22046621317648327, 0.10915922466860035, 0.4318317513134334, 0.238542810741483], [0.30260995929224993, 0.16201314811317688, 0.3172635530292688, 0.2181133394653044], [0.28340407334444634, 0.19182017382701613, 0.27052929030106904, 0.2542464624274685], [0.3241557824906768, 0.18474574660518675, 0.2646462360452149, 0.22645223475892157], [0.2882881462285717, 0.1861821412853979, 0.27090725299987156, 0.25462245938615885], [0.34647247708063333, 0.15139435455766864, 0.29185423686944895, 0.21027893139224907], [0.27568329610228254, 0.15958926793481137, 0.31742773875822117, 0.24729969710468488], [0.31948756092498004, 0.15819818722801057, 0.29558946461043045, 0.22672478713657893], [0.3025420145034152, 0.1569962124516823, 0.2933430206486653, 0.24711875229623723], [0.18706394215626168, 0.0940763030742962, 0.49305313411917007, 0.225806620550272], [0.23278877830528225, 0.18711555559896528, 0.2990264385349474, 0.28106922746080504], [0.22968410979972698, 0.19652751964723594, 0.3091937739477509, 0.26459459650528616], [0.2678407132357739, 0.18998149035461329, 0.29426932331957206, 0.2479084729900407], [0.21435345707180348, 0.175004199129724, 0.28855180737470926, 0.3220905363237632], [0.23602518085227728, 0.16225634271882136, 0.3382042595673515, 0.26351421676154985], [0.2555853166262822, 0.1870500622063099, 0.31327611671647065, 0.2440885043509372], [0.32686572776646483, 0.19831075966892242, 0.23921525119512382, 0.23560826126948892], [0.23521900525153394, 0.16684571155497474, 0.3588155561150251, 0.23911972697846623], [0.26144908044625353, 0.22725355148666473, 0.26156724665979136, 0.2497301213072904], [0.25641878367026333, 0.14614170386981634, 0.3242588880526777, 0.2731806243072426], [0.24361623496240295, 0.13884512044254874, 0.2894107185453803, 0.328127925949668]], "ideal": "C", "sampled": "B", "correct": false}}
{"type": "result", "data": {"idx": 2, "options": ["the supply curve intersects the demand curve", "neither party has an incentive to deviate from his or her strategy", "the marginal revenue curve intersects the marginal cost curve", "the equilibrium is unstable and each party would like to switch strategies"], "probs": [[0.03390540542149713, 0.7841569155260679, 0.11655192777633445, 0.06538575117610046], [0.029887712152843037, 0.7832671052953939, 0.11283708603280045, 0.07400809641896264], [0.02001051418283152, 0.02529777027413591, 0.892059326082669, 0.0626323893603635], [0.011470829105371338, 0.01129354814288023, 0.0364607839981229, 0.9407748386536255], [0.017730936459158346, 0.024618484874349884, 0.8817983029353625, 0.07585227563112917], [0.010690592387599484, 0.012305356744271172, 0.04363255267351478, 0.9333714980946145], [0.9123090486405947, 0.016708833290642655, 0.030261291241756198, 0.04072082672700644], [0.9134463087376707, 0.016993028318205313, 0.03125997469514763, 0.038300688148976345], [0.9203555565890543, 0.014875600085269235, 0.027365136837895418, 0.037403706387780976], [0.9217431977278626, 0.015612811503634014, 0.030099102691640317, 0.03254488797686309], [0.9141884479349499, 0.017274404743718413, 0.030800014700639904, 0.03773713252069173], [0.9267630697493634, 0.015454251457338019, 0.027988717386140748, 0.029793961307157786], [0.020853920683188042, 0.026779252168065575, 0.8870939941969782, 0.06527283285176819], [0.012906623696683528, 0.012510191322478164, 0.04038905175020355, 0.9341941331306347], [0.040074487027886116, 0.7564386269520508, 0.12740412590503936, 0.07608276001502376], [0.038513087880130394, 0.7500389441109369, 0.132387045977796, 0.07906092193113677], [0.011156565076035631, 0.01169257104395696, 0.04771890704090126, 0.9294319567391062], [0.017723499029252625, 0.02385106704751931, 0.8814122162009415, 0.07701321762228659], [0.011972432034729889, 0.023079039548152075, 0.8938384659568437, 0.0711100623602743], [0.007066637370713254, 0.008524326158184818, 0.028841607614748483, 0.9555674287563535], [0.024780174576359056, 0.7956749751609892, 0.1043659070158362, 0.07517894314681559], [0.024016136911248435, 0.8209173846435557, 0.09651842954066056, 0.05854804880453527], [0.006946868993249858, 0.008249942905610371, 0.03065635361369824, 0.9541468343874415], [0.013232278557058753, 0.02511217066841722, 0.8994843868033019, 0.06217116387122216]], "ideal": "B", "sampled": "B", "correct": true}}
{"type": "result", "data": {"idx": 3, "options": ["goods X and Y are normal goods.", "goods X and Y are inferior goods.", "goods X and Y are complementary goods.", "goods X and Y are substitute goods."], "probs": [[0.02383877294786328, 0.014690766067544356, 0.03751281875586632, 0.923957642128726], [0.022300113862576267, 0.023011705804635567, 0.9051900263137995, 0.049498153918988666], [0.023586462921722992, 0.013029364822194552, 0.03486694632241807, 0.9285172258336644], [0.026510262760438427, 0.028223672773758708, 0.799611744206115, 0.14565432015968785], [0.039319507627282355, 0.8412107793100482, 0.06485252057539898, 0.05461719238727051], [0.04396992065883585, 0.8301311629258653, 0.07028983951639609, 0.055609076798902764], [0.021794390276227593, 0.014522041422608692, 0.03594160881559192, 0.9277419593855718], [0.025803499822588057, 0.029243667448976343, 0.8548413791829319, 0.0901114534455037], [0.027994662155461335, 0.016984192431343387, 0.04138310199248893, 0.9136380433207063], [0.022773209066204694, 0.026215751558657307, 0.8157185592243759, 0.1352924800507621], [0.036750511015825126, 0.8369922793004422, 0.06657311443641228, 0.05968409514732041], [0.03890487609272882, 0.8323580149825238, 0.06938257171089877, 0.05935453711384856], [0.022334345838273047, 0.011772360278736523, 0.030061180679772107, 0.9358321131032183], [0.0231586922525309, 0.022100676260553752, 0.8294896041049867, 0.12525102728192863], [0.025962149746798866, 0.013684590308462983, 0.029889296484369905, 0.9304639633603683], [0.016315572357227102, 0.016835956308922838, 0.8636812775982322, 0.10316719363561788], [0.05373773443039211, 0.8152253201788737, 0.06091604063488628, 0.07012090465584785], [0.04707394864023328, 0.8220101455215023, 0.062387676913369626, 0.06852822882489476], [0.8978367970107605, 0.026281142509250607, 0.03322200974325839, 0.04266005063673049], [0.9019826624136729, 0.026402141939296003, 0.0355272641099689, 0.03608793143706225], [0.9092844727006305, 0.023124967123166917, 0.030635384705135247, 0.03695517537106731], [0.9072793433955721, 0.02343756072279657, 0.03409962992831241, 0.03518346585331891], [0.9237828677754404, 0.020411651199288006, 0.02746631339911796, 0.02833916752615362], [0.9235319012618158, 0.019778736764813787, 0.02745870543584613, 0.029230656437524243]], "ideal": "D", "sampled": "D", "correct": true}}
{"type": "result", "data": {"idx": 4, "options": ["causes the equilibrium price to be artificially high", "causes the equilibrium price to be artificially low", "exists when markets cannot reach equilibrium", "results in an equilibrium that does not maximize the total benefit to society"], "probs": [[0.013834795081334289, 0.01405354600658146, 0.04608375549479596, 0.9260279033172882], [0.020869899496910125, 0.0303673306673215, 0.9159214255785141, 0.03284134415725429], [0.015318387818214535, 0.012900235809115595, 0.05264552579148783, 0.9191358504811821], [0.01690541251705619, 0.02618645572141652, 0.8811115851407086, 0.07579654652081869], [0.04320486958781488, 0.7782596261960636, 0.13106874973802046, 0.047466754378101085], [0.04216304421003235, 0.7959663867154473, 0.10771378873701609, 0.05415678023750424], [0.014251169070284972, 0.014476389866461723, 0.046734111021777894, 0.9245383299414754], [0.02156013472542858, 0.029471163197715297, 0.9170967493292587, 0.03187195264759746], [0.01790624241276187, 0.014845691149730661, 0.06250752310085345, 0.904740543236654], [0.019097117918650507, 0.027789233560196084, 0.864769468348827, 0.08834418007232647], [0.05081210171343167, 0.7587963172303636, 0.14035072607594778, 0.05004085488025694], [0.05051212926675841, 0.778297450333032, 0.1121151931808411, 0.05907522711936852], [0.011021697505346054, 0.009281529570859363, 0.04714051493758859, 0.932556257886206], [0.01687932765642638, 0.021675225425859486, 0.8936090501756274, 0.06783639664208675], [0.011690639883698074, 0.009844932552205561, 0.049226928669031, 0.9292374987950653], [0.019446247876027813, 0.024203443055029965, 0.880599817478534, 0.07575049149040819], [0.030423996109543015, 0.7491165921132745, 0.1281518225405969, 0.09230758913658559], [0.03127683524365208, 0.7582104089454706, 0.11995831145372685, 0.09055444425715041], [0.7152499755664727, 0.03972191474157603, 0.21814787995164556, 0.026880229640305644], [0.8702827196110673, 0.03072208225615352, 0.04833914353696254, 0.050656054495816616], [0.7480993991582306, 0.03842423175229728, 0.18622659457110127, 0.027249774418370815], [0.8363783981841676, 0.03911419876379524, 0.05691869607882955, 0.0675887068732076], [0.8047087607910715, 0.044690816591141526, 0.06709836272749553, 0.08350205979029145], [0.7978232682088682, 0.047166456797732, 0.06549392298358302, 0.08951635190981677]], "ideal": "D", "sampled": "D", "correct": true}}
{"type": "result", "data": {"idx": 5, "options": ["Collusive output levels tend to increase, driving the price above competitive levels.", "Consumer surplus falls as the price is driven downward.", "Collusive output levels tend to decrease, driving the price down to competitive levels.", "Joint profit maximization costs society consumer surplus as the price rises above competitive levels."], "probs": [[0.5135949406585575, 0.07753893963333255, 0.19801919750436411, 0.21084692210374587], [0.4833961822902409, 0.08269232443351814, 0.2932102026147904, 0.14070129056145053], [0.4765973651186068, 0.10801131196721632, 0.18664724983906458, 0.22874407297511232], [0.45647794343792797, 0.07687408533574863, 0.30887559283323535, 0.15777237829308802], [0.5957164586271241, 0.14371569024926661, 0.15540559125164013, 0.10516225977196915], [0.5341079631618523, 0.18748318448713214, 0.15543694213575907, 0.12297191011525652], [0.09525801666281795, 0.5929582979514542, 0.17526050693698775, 0.1365231783487401], [0.0859100695139707, 0.5517422124710939, 0.2372771124983115, 0.1250706054166239], [0.08044785855561942, 0.05978415421945754, 0.5413781899160763, 0.31838979720884675], [0.08674230262276894, 0.0624792990198367, 0.4617431174925763, 0.3890352807648181], [0.09907323312477032, 0.05645158943426161, 0.7556395107698564, 0.08883566657111175], [0.11534396500292123, 0.10503069191303728, 0.16525078803143162, 0.6143745549526098], [0.10341563305898664, 0.366758712346506, 0.1391984106281917, 0.39062724386631564], [0.10973976051618442, 0.24734262182346053, 0.4997058919996823, 0.14321172556067274], [0.08923113392200659, 0.04281497783860624, 0.4978211430176821, 0.3701327451217051], [0.09880474356027955, 0.05206705706890882, 0.4641454586540257, 0.38498274061678595], [0.12091193551499795, 0.30883200573073993, 0.4288093255563726, 0.14144673309788955], [0.11959362263921418, 0.3516067554276818, 0.18241119387801624, 0.34638842795508773], [0.2903456156487755, 0.5177430625727785, 0.11732803546197233, 0.07458328621647371], [0.5676239601486146, 0.26398246887705834, 0.10666163771289214, 0.06173193316143489], [0.3501342495538235, 0.056267376354662536, 0.5257150471536175, 0.06788332683789652], [0.2268403209164659, 0.07717949038698158, 0.20020838230554056, 0.495771806291012], [0.25892668188227724, 0.07896496119410028, 0.5397624212034475, 0.12234593562017498], [0.44853379008657357, 0.09853179373842848, 0.1346926888201805, 0.3182417272548174]], "ideal": "D", "sampled": "A", "correct": false}}
{"type": "result", "data": {"idx": 6, "options": ["Perfectly horizontal demand curve.", "Highly inelastic demand curve.", "Highly elastic demand curve.", "A demand curve consisting of two discontinuous segments."], "probs": [[0.06168349688939439, 0.02098867747680606, 0.0911853049300809, 0.8261425206037186], [0.05896318659369217, 0.03807321907144614, 0.8401744302254092, 0.06278916400945257], [0.047512304918043785, 0.016421333259589447, 0.09304942363034688, 0.8430169380920198], [0.03981846355484206, 0.027800478399346767, 0.8787791849453459, 0.05360187300046525], [0.14952232387723358, 0.6704109510231443, 0.10941773978026494, 0.07064898521935721], [0.1373780534583438, 0.6979926147813179, 0.09444290973972218, 0.0701864219206161], [0.10506435562329611, 0.04380188977044849, 0.16533008659240037, 0.685803667913855], [0.08605822719886808, 0.05302196703832649, 0.7917483949604235, 0.06917141070238193], [0.09898054127017092, 0.040625623085587856, 0.1396182007672322, 0.720775634777009], [0.09824120192250764, 0.06443043269515387, 0.7492408733687866, 0.08808749191355182], [0.1585765367269608, 0.5624347454291236, 0.16110693276791616, 0.11788178497599938], [0.1631964569644384, 0.5610139881852435, 0.1582068181146901, 0.11758273663562803], [0.10044835360526021, 0.044578055709795124, 0.21945416743075755, 0.6355194231541871], [0.07066113606373872, 0.047073987078042015, 0.8218063237710487, 0.06045855298717055], [0.09460503214415455, 0.04133346085334223, 0.14205515912450226, 0.7220063477780009], [0.09636039214094193, 0.06940822995945951, 0.7464674654864789, 0.08776391231311963], [0.13937874136961467, 0.5870596169838356, 0.15797109900325348, 0.11559054254329629], [0.1421040104264976, 0.5801167323692227, 0.16878866915122603, 0.10899058795305366], [0.7844686419723039, 0.08397833163220707, 0.08140396980048313, 0.05014905649500583], [0.8066496222156921, 0.07986383109536893, 0.06726087604065836, 0.046225670548280584], [0.7563696873513567, 0.08485711857253754, 0.1039815663000801, 0.05479162767602569], [0.7759400778815578, 0.07926216897906861, 0.07804433430049948, 0.0667534187388741], [0.7394580995620069, 0.08970127464224288, 0.10821331391365137, 0.06262731178209884], [0.759482724304186, 0.08388528784527069, 0.08259490691949956, 0.07403708083104378]], "ideal": "D", "sampled": "D", "correct": true}}
{"type": "result", "data": {"idx": 7, "options": ["Higher risk job.", "Investment in human capital.", "Increase in production of SUVs.", "Racial discrimination."], "probs": [[0.07571490853267739, 0.09423857181321942, 0.664593934946358, 0.1654525846077452], [0.12178969090665744, 0.0963575279749509, 0.2922109474028107, 0.489641833615581], [0.16973114011974563, 0.2508760988461435, 0.26705622670364104, 0.3123365342304698], [0.13787992708138463, 0.1884734984588947, 0.5123893770775224, 0.1612571972821983], [0.16320312782072094, 0.22310913099609833, 0.20313701613583746, 0.41055072494734324], [0.11166807176038994, 0.14795183031630457, 0.5852825801023742, 0.1550975177209313], [0.07791465132931338, 0.08558020461257733, 0.6838921679911922, 0.15261297596691703], [0.1328972826430937, 0.09135079787686408, 0.30426217969212954, 0.4714897396879127], [0.10774228961602432, 0.6706174165222896, 0.15925984438987065, 0.06238044937181541], [0.1554343698715194, 0.5599162631748134, 0.23337423028798931, 0.05127513656567798], [0.21172051760584418, 0.1623570371214228, 0.236231497986282, 0.389690947186451], [0.09661693798069873, 0.10126103384330767, 0.7141267603359251, 0.08799526774006844], [0.24404923251737626, 0.1369017640080974, 0.28534337450179037, 0.33370562887273597], [0.15799239353813782, 0.13727209233412488, 0.5515606505712067, 0.15317486345653059], [0.25496367377365103, 0.14756387910451702, 0.2800401830405153, 0.31743226398131663], [0.22605076598388527, 0.16282189012048046, 0.49382862811685035, 0.11729871567878394], [0.28868065141773225, 0.3649823774027139, 0.18933460678754166, 0.1570023642920122], [0.28460196505925056, 0.3433382911141586, 0.23967403885334213, 0.1323857048732487], [0.24245804862176082, 0.13391012949722994, 0.21736021467063418, 0.4062716071103751], [0.14332273814619953, 0.13050551905676291, 0.5850219813152546, 0.1411497613817829], [0.2684918045729128, 0.1288346052040965, 0.22968044874755503, 0.37299314137543566], [0.11029721296885055, 0.1103050137269091, 0.6864929948021846, 0.09290477840205572], [0.27060923784080815, 0.4532849029232243, 0.1667335827998554, 0.10937227633611214], [0.31311180303844593, 0.3548544286856583, 0.21860416207092556, 0.11342960610497019]], "ideal": "C", "sampled": "C", "correct": true}}
{"type": "result", "data": {"idx": 8, "options": ["all requirements for price discrimination", "required in order for a firm to earn short-run profits", "all sources of elastic demand", "all barriers to entry"], "probs": [[0.3140268734363483, 0.1817456673353561, 0.20919506492936396, 0.2950323941989317], [0.2995321407684346, 0.24068191286478785, 0.2602527102530116, 0.1995332360137659], [0.23623235873352036, 0.14553794480206453, 0.26354819926291045, 0.35468149710150465], [0.1384185490580714, 0.24294974311471526, 0.4264276730694663, 0.1922040346577471], [0.37399242439083796, 0.26937548126195693, 0.16857688629660714, 0.188055207950598], [0.3440742348121652, 0.2517312579379146, 0.1677008495029379, 0.23649365764698224], [0.03434194585700446, 0.02674734934806808, 0.09336172684061773, 0.8455489778543097], [0.10904483238462671, 0.19440431269866695, 0.5804598590356734, 0.11609099578103295], [0.02195804177036317, 0.017645101861045284, 0.0828777321875833, 0.8775191240810082], [0.04948113017115259, 0.10313436964246278, 0.6220730294078469, 0.2253114706785377], [0.2591473653018134, 0.48421916988263, 0.13032453731817145, 0.1263089273973851], [0.25686388822514306, 0.5354415097976506, 0.10060456244230705, 0.10709003943489927], [0.06349971818848062, 0.05347367688321898, 0.16731323113131905, 0.7157133736969813], [0.05151891508060427, 0.1715995130680102, 0.6277778358502266, 0.14910373590115886], [0.05458257380942362, 0.04970031973970034, 0.18757834936131432, 0.7081387569895617], [0.09098583187785358, 0.1263260505571982, 0.5574564171037992, 0.22523170036114892], [0.09680609019645409, 0.4765841541925383, 0.2049752698997052, 0.22163448561130242], [0.10756474548212817, 0.5052868390845211, 0.18299747465942928, 0.2041509406739214], [0.8852891560750089, 0.04140394105827168, 0.03379638500138231, 0.039510517765337164], [0.8544233044149238, 0.046717975909617994, 0.0369619314486388, 0.06189678812681948], [0.8841624091207134, 0.042002665046256576, 0.03375327005195041, 0.04008165568107959], [0.8945452836615946, 0.03523095429279622, 0.02967024310143847, 0.04055351884417068], [0.8352446777919044, 0.04786138394616032, 0.04158792830939775, 0.07530600985253752], [0.8672294034309358, 0.039930996597447144, 0.03993487089909736, 0.05290472897251967]], "ideal": "D", "sampled": "D", "correct": true}}
{"type": "result", "data": {"idx": 9, "options": ["increasing-cost industry", "constant-cost industry", "decreasing-cost industry", "profit-making industry"], "probs": [[0.413263977520861, 0.18338836603926317, 0.2627231376149145, 0.14062451872496126], [0.4048033413003392, 0.16356942571140232, 0.14893279080494293, 0.28269444208331557], [0.4210204983598565, 0.21842702732821734, 0.23991962728665003, 0.12063284692527616], [0.4672710299024611, 0.25406798717819123, 0.14476980267507533, 0.13389118014427231], [0.3621608316536185, 0.17650806902074032, 0.2734100520337399, 0.18792104719190125], [0.32464430216648654, 0.1792919662309998, 0.34027550128090306, 0.15578823022161056], [0.299493423089434, 0.2684984722912489, 0.28138988368707685, 0.15061822083224022], [0.28114683271060764, 0.29469589274248653, 0.1759617976954987, 0.2481954767514071], [0.28905809784198344, 0.2551177815872952, 0.29365334786975417, 0.1621707726009672], [0.26413334200522476, 0.24052833735112125, 0.181556423930741, 0.313781896612913], [0.23356186547214275, 0.17909424538890437, 0.4164298896501238, 0.1709139993888291], [0.2378127496544952, 0.17952238556504274, 0.36267120723290097, 0.21999365744756105], [0.32142482162553965, 0.25428969423283454, 0.28817502520108434, 0.1361104588405415], [0.3644996528782581, 0.3118137074424885, 0.1668992762562734, 0.15678736332298002], [0.33872800052569557, 0.2022722750022713, 0.2989758759743252, 0.16002384839770795], [0.31775869022060627, 0.1810755621564772, 0.17826824315981105, 0.3228975043631055], [0.25012090054273106, 0.1948040963572934, 0.3935578645802013, 0.16151713841977416], [0.29723178451570487, 0.188943201614106, 0.2749302901073455, 0.23889472366284367], [0.21769317465452268, 0.283964318781902, 0.283964318781902, 0.2143781876816734], [0.22252732676859702, 0.2902688806798535, 0.28134245980891737, 0.2058613326426321], [0.19963763057269146, 0.22624034503103846, 0.36154826394434514, 0.2125737603519249], [0.20499472928961757, 0.23597421452946712, 0.30778185447302786, 0.25124920160788744], [0.21620977446317252, 0.2528000062689702, 0.3246217820637845, 0.20636843710407277], [0.2226900689769598, 0.25237133344357754, 0.26039048250722263, 0.26454811497224]], "ideal": "B", "sampled": "A", "correct": false}}
{"type": "result", "data": {"idx": 10, "options": ["Amount of wood used to make a desk.", "Number of pickles put on a sandwich.", "The size of a McDonald\u2019s kitchen.", "Number of teacher\u2019s assistants in local high schools."], "probs": [[0.21383581734790139, 0.09053280813782866, 0.3694585804352466, 0.3261727939790234], [0.23479441771257958, 0.09484831030802456, 0.43182020409959254, 0.23853706777980332], [0.27396730524785684, 0.14211899471955422, 0.25334633486819486, 0.3305673650643941], [0.3035611600441509, 0.1624647278165694, 0.3837032134060776, 0.15027089863320212], [0.2722891447142551, 0.14573562982402885, 0.21538146365300131, 0.36659376170871477], [0.32803752478936615, 0.1549321230295432, 0.3546400036039959, 0.16239034847709474], [0.2188856880973851, 0.1327502657489507, 0.3038778783898387, 0.3444861676638255], [0.22051459877244756, 0.13165992693269807, 0.4055709600873175, 0.24225451410753684], [0.23709018526090556, 0.13936637340582503, 0.3044109344178011, 0.31913250681546834], [0.2287713140020481, 0.15477696059586568, 0.42075043912494764, 0.19570128617713856], [0.23694746900059, 0.1816629672364416, 0.2770052634500202, 0.3043843002129482], [0.2479721977454466, 0.19924232955496857, 0.3233882880897277, 0.22939718450985716], [0.2656661550012837, 0.09620622472839442, 0.21344744997983953, 0.4246801701904824], [0.37623381050290655, 0.11653697315873146, 0.3479283995887144, 0.15930081664964757], [0.2444735746997979, 0.08715755426639793, 0.33412483082257677, 0.33424404011122744], [0.24343961474845266, 0.08954142033158388, 0.5073673724620806, 0.1596515923578828], [0.4552009403250396, 0.15008935330797385, 0.23984210190758776, 0.1548676043593988], [0.3652748952358796, 0.16985105960306568, 0.24329391884475118, 0.22158012621630355], [0.23054304085389457, 0.09460262560653235, 0.19412613636274015, 0.48072819707683295], [0.30616390245827235, 0.10914908185777711, 0.38699954167609435, 0.19768747390785615], [0.21962532545108715, 0.09154344286177868, 0.2909461476322745, 0.39788508395485966], [0.233853837870861, 0.10214760321676908, 0.43009887006442066, 0.23389968874794928], [0.37381433879847875, 0.1684728686570604, 0.28656974004964714, 0.17114305239481367], [0.3029669956396194, 0.1647010668068813, 0.317463769767595, 0.2148681676859043]], "ideal": "C", "sampled": "D", "correct": false}}
{"type": "result", "data": {"idx": 11, "options": ["Price rises, but quantity is ambiguous.", "Price falls, but quantity is ambiguous.", "Price is ambiguous, but quantity rises.", "Price is ambiguous, but quantity falls."], "probs": [[0.26978433531483775, 0.1854571280511103, 0.28723237343586666, 0.25752616309818527], [0.26328685484746484, 0.19267053613121024, 0.2847328143321928, 0.25930979458913217], [0.28537452218063003, 0.2055984437260069, 0.27234995362419323, 0.23667708036916982], [0.292420744866693, 0.1918166726635805, 0.2879434227655477, 0.22781915960417884], [0.3030375883132806, 0.1896769432485706, 0.2674713472377714, 0.23981412110037736], [0.28618504741354805, 0.18481866462711055, 0.29532765459064814, 0.23366863326869322], [0.25497533728723043, 0.20174927105603024, 0.2800949388419911, 0.2631804527147482], [0.2539633067570464, 0.20094538930703754, 0.2746445998062982, 0.2704467040296179], [0.2713902051722631, 0.19551746287320743, 0.2934957778015094, 0.23959655405302002], [0.266245140630494, 0.19790882180685654, 0.29707963481080224, 0.23876640265184723], [0.2585690578772979, 0.2110855696722546, 0.27962296781689694, 0.25072240453355055], [0.2637771289151246, 0.19915598035382517, 0.28526215892376483, 0.2518047317072854], [0.2355669552512792, 0.2588046750345605, 0.25080027800078136, 0.25482809161337894], [0.23495935691154748, 0.2207814389013571, 0.30174698523403765, 0.24251221885305776], [0.23172409030635813, 0.22118774713413608, 0.28844342492448, 0.25864473753502576], [0.23746172019870967, 0.20961386516320274, 0.3297568113880844, 0.22316760315000322], [0.2369638951657755, 0.24077535859506413, 0.28145579384017305, 0.24080495229898727], [0.241064015618656, 0.2567032315579135, 0.2648048440073098, 0.23742790871612068], [0.23349778949349762, 0.21602066300324035, 0.27734139058272744, 0.2731401568205346], [0.2245599627270252, 0.1921215653227373, 0.3478872179637159, 0.23543125388652156], [0.2335018550147839, 0.21601806900752182, 0.2730414013744749, 0.27743867450321935], [0.24218001237533587, 0.1946410627575466, 0.3208972119696747, 0.24228171279744282], [0.23776831511956056, 0.2492662295668534, 0.2824133252095894, 0.23055213000399666], [0.2307160897642368, 0.2456768115666766, 0.27403448254264046, 0.24957261602644615]], "ideal": "C", "sampled": "A", "correct": false}}
{"type": "result", "data": {"idx": 12, "options": ["A bumper crop of oranges in Florida", "A decrease in the price of Tang", "Expectations of lower future prices for orange juice", "Expectations of higher future income among juice drinkers"], "probs": [[0.28253741332465654, 0.15123321790523447, 0.3461617981815687, 0.22006757048854028], [0.297225803107103, 0.18600931761788894, 0.25028064844489684, 0.26648423073011124], [0.4597304483426934, 0.1800308021764316, 0.1744825328763107, 0.18575621650456428], [0.42668416654874736, 0.21792895898600428, 0.1984167217066189, 0.15697015265862943], [0.5177748357068739, 0.1604016470868417, 0.1371912102917097, 0.1846323068145747], [0.3385113674507373, 0.1756277627880254, 0.3332670827393132, 0.15259378692192416], [0.2189846238728843, 0.37843124363074687, 0.2520556336960432, 0.15052849870032556], [0.19522479501054718, 0.40065193764423607, 0.21779753457528722, 0.18632573266992955], [0.16281117254639, 0.11366933413696056, 0.586393407131305, 0.1371260860853445], [0.2095701600593793, 0.13961628944000873, 0.19997566042439646, 0.4508378899762155], [0.1276473374317939, 0.082423618075422, 0.6383048152664182, 0.15162422912636583], [0.15955842966258227, 0.09381080511562939, 0.332566469805941, 0.4140642953158473], [0.29421576854624676, 0.38984182473098955, 0.17028000949110494, 0.14566239713165874], [0.31552171393082395, 0.4520515923590241, 0.15139225034770773, 0.0810344432624442], [0.12542621883558316, 0.06507373649031171, 0.721927111687046, 0.08757293288705907], [0.20178830320920824, 0.0999017640863032, 0.19865987896929588, 0.49965005363519266], [0.22062139200144557, 0.08640038800570253, 0.6092331817367795, 0.08374503815607232], [0.21690351253598414, 0.09625777071327986, 0.16630383205920013, 0.5205348845915359], [0.23926885780190157, 0.4266232613289392, 0.16704209396125516, 0.16706578680790404], [0.24861001048038212, 0.4229847378695101, 0.2263672728403449, 0.10203797870976289], [0.11446550253969942, 0.06421467948277446, 0.7013334348692557, 0.11998638300827047], [0.16424209000198298, 0.07758893874695567, 0.3879036633871295, 0.37026530776393185], [0.2252468764556705, 0.13662683962409367, 0.5156447886905009, 0.12248149512973489], [0.20271952468510263, 0.13505288473305255, 0.16805843769258808, 0.4941691527892567]], "ideal": "D", "sampled": "A", "correct": false}}
{"type": "result", "data": {"idx": 13, "options": ["Demand is downward-sloping.", "The demand curve lies above the marginal revenue curve.", "Price is determined by the equilibrium in the entire market.", "Average revenue differs from price."], "probs": [[0.12014170437377697, 0.07757533629861088, 0.5556585995170107, 0.24662435971060143], [0.09600730948677477, 0.04828048106440715, 0.12329611880106545, 0.7324160905477526], [0.1493967159893768, 0.41911015677226093, 0.21403800372468884, 0.2174551234136734], [0.1491139695691391, 0.4054428572151359, 0.2070609741843431, 0.23838219893138185], [0.10166294379402971, 0.048782692717445994, 0.14338848789073752, 0.7061658754977868], [0.09012531628953302, 0.06910780353175267, 0.5878656707802322, 0.25290120929848203], [0.11637877273524613, 0.0949934302173461, 0.5382509987486878, 0.25037679819872], [0.0957062123830639, 0.0512341723162609, 0.1229097283630762, 0.730149886837599], [0.15127130890551532, 0.4049342749627528, 0.22360544728172593, 0.22018896875000596], [0.15789257223655243, 0.39704242936339856, 0.18462655221503294, 0.26043844608501604], [0.09134529564117366, 0.04593658091389939, 0.14372988097321862, 0.7189882423717083], [0.10050026479850922, 0.058171128461307155, 0.5267127030602322, 0.3146159035799514], [0.4805484556834698, 0.15121439548453702, 0.17404792229723676, 0.1941892264347564], [0.44929912012347106, 0.17053596419572217, 0.16789331780344202, 0.21227159777736473], [0.48618169807318423, 0.15298712935946449, 0.173359670026833, 0.18747150244051825], [0.47277794692491193, 0.16085806966776608, 0.14646082061437904, 0.2199031626929429], [0.46135969340239846, 0.13425931733276897, 0.18641046243265189, 0.21797052673218067], [0.45966341161587065, 0.1217978203978552, 0.18001069931423763, 0.23852806857203648], [0.10487255215841541, 0.054411924279832866, 0.14562173891504707, 0.6950937845467047], [0.09990170522598503, 0.08817247234764768, 0.5402143556813523, 0.2717114666450149], [0.10455456891406015, 0.058655945703487186, 0.1545465593494007, 0.682242925933052], [0.11213809160228068, 0.07829195421956212, 0.49489199403254486, 0.3146779600456123], [0.14780701306526586, 0.3659291837690802, 0.21848783032555735, 0.26777597274009657], [0.15718430279113582, 0.3328458070422159, 0.2251940667404048, 0.28477582332624346]], "ideal": "C", "sampled": "C", "correct": true}}
{"type": "result", "data": {"idx": 14, "options": ["money.", "plant and equipment.", "where the central government is located.", "the center of the economy."], "probs": [[0.008201302784540102, 0.9264520663947589, 0.03823522085433955, 0.027111409866361423], [0.009744526185582442, 0.9269938156858651, 0.03483368935600995, 0.0284279686725424], [0.0023856448554368014, 0.005376535741398304, 0.9704638372879061, 0.02177398201525884], [0.0019180558475036572, 0.0031377119109829827, 0.008267582102078048, 0.9866766500394353], [0.0023931694776615038, 0.005696746875597496, 0.9735165248821271, 0.01839355866461381], [0.001372342120749782, 0.0026868989351036526, 0.00814856033854785, 0.9877921985055987], [0.9800149040636196, 0.006059219300785267, 0.007721576720205202, 0.006204299815389978], [0.9823640387260286, 0.0053600434997896984, 0.006568920200749191, 0.005706997473432469], [0.9786980192168189, 0.0065941270710579425, 0.007955792392554525, 0.006752061219568624], [0.9779243276496807, 0.006905054116594972, 0.007585184502477839, 0.007585433631246454], [0.9807403780932941, 0.0061112704372774515, 0.007035678826086273, 0.006112672543342228], [0.9803701343452074, 0.0063523102634997705, 0.006353597816998619, 0.006923957474294251], [0.002627739969541161, 0.007603932119995811, 0.9655985770818065, 0.024169750728656528], [0.0014062510548550026, 0.003000297945264526, 0.007086273968369882, 0.9885071769315106], [0.006021413522299978, 0.9369120057572871, 0.029648294848883948, 0.027418285771529043], [0.006581974512235231, 0.9397862908011007, 0.029737957919959975, 0.023893776666704163], [0.0014590338496239296, 0.0034188372998981103, 0.008799699370885695, 0.9863224293795922], [0.0026524402717351416, 0.006826693657051473, 0.9670589501588557, 0.02346191581235776], [0.0024578631555511317, 0.007168315729165639, 0.9689690352411571, 0.021404785774126148], [0.001078818668685338, 0.0025082428312708928, 0.007315317335188968, 0.9890976210648548], [0.005950932712069177, 0.9405856360072135, 0.02840096957315115, 0.025062461607566255], [0.006197244670192996, 0.941959639067239, 0.029344576100110785, 0.022498540062457266], [0.0011203484475568503, 0.0029515872821680622, 0.008150366037346138, 0.9877776981329289], [0.0020393631346108366, 0.005415399225891739, 0.9697418092309633, 0.022803428308534074]], "ideal": "B", "sampled": "B", "correct": true}}
{"type": "result", "data": {"idx": 15, "options": ["Ray pulls weeds, since he has absolute advantage in cooking.", "Dorothy pulls weeds, since she has absolute advantage in cooking.", "Dorothy cooks, since she has comparative advantage in cooking.", "Ray cooks, since he has comparative advantage in cooking."], "probs": [[0.048408956351005235, 0.04076929907264606, 0.5899678734490464, 0.3208538710273023], [0.046503202768837126, 0.03855782201987172, 0.5001244320909742, 0.4148145430203169], [0.04502883432143845, 0.6122525079822264, 0.12436893531007888, 0.21834972228625624], [0.05215512455465918, 0.6356773356174135, 0.14632093977826757, 0.16584659994965975], [0.032068491217777696, 0.5598641079094241, 0.10355346726002988, 0.3045139335127683], [0.05209916907175686, 0.6059104889906093, 0.17631054185520623, 0.16567979998242768], [0.04476696207979412, 0.0371174479688236, 0.5370966887405708, 0.38101890111081144], [0.04180544629947558, 0.031560119355890655, 0.5595335980672901, 0.3671008361773437], [0.03867579638077915, 0.6244658254373928, 0.13088178682092003, 0.20597659126090798], [0.060164429689622795, 0.5800804538450743, 0.20360306055002172, 0.1561520558152811], [0.04261926363284829, 0.6266151326743733, 0.12728551550479186, 0.20348008808798657], [0.05659127403501824, 0.6582020716665241, 0.16901535297775958, 0.116191301220698], [0.2601616142466144, 0.10677875070946732, 0.26021189076560114, 0.3728477441783172], [0.26209453526780285, 0.08779067061829847, 0.44594181908504626, 0.20417297492885245], [0.30240280334318004, 0.12606872992651802, 0.23925938422848472, 0.3322690824018172], [0.3512501611581814, 0.14642653921491308, 0.2570263666543721, 0.2452969328725334], [0.3013324692345459, 0.21706284256995428, 0.2071354954164392, 0.2744691926790606], [0.28034891422200003, 0.24362047415232163, 0.2083856817103103, 0.26764492981536797], [0.27323125568736506, 0.12125069849840112, 0.314541087363152, 0.2909769583510818], [0.3885104117677087, 0.136382388106989, 0.23567642620347184, 0.23943077382183048], [0.28742349144922397, 0.11796949802649498, 0.21363098917255322, 0.38097602125172786], [0.34554459611463395, 0.11942094207341515, 0.33498786878252323, 0.2000465929294277], [0.3410232808387516, 0.20365164261577112, 0.18544050220301783, 0.26988457424245943], [0.39577544321297764, 0.17291258531439585, 0.20217511357096343, 0.22913685780166307]], "ideal": "D", "sampled": "D", "correct": true}}
