{"type": "result", "data": {"idx": 0, "options": ["a currency.", "a well-connected transportation infrastructure.", "government activity.", "a banking service."], "probs": [[0.2825446170665099, 0.35715938143078274, 0.19419397701160257, 0.16610202439110477], [0.2845882645893897, 0.3327044695564188, 0.20180786241921936, 0.18089940333497218], [0.21353307263406576, 0.206951066313026, 0.4052303429116134, 0.1742855180412948], [0.171297684294737, 0.18812267480399505, 0.2165457606099067, 0.42403388019136123], [0.2071168453354673, 0.2170439096627735, 0.39305204734823584, 0.18278719755352338], [0.18183848260014807, 0.22985428569402508, 0.24854886529344344, 0.33975836631238343], [0.3113344265010393, 0.33662151785372874, 0.17464665806563656, 0.17739739747959538], [0.34177285429397825, 0.30635073777949984, 0.17456467447919422, 0.17731173334732772], [0.27181566568921817, 0.1573021309606526, 0.34902603470846705, 0.22185616854166218], [0.25442133815001333, 0.16425614568402042, 0.2280649108619964, 0.35325760520396987], [0.2819354789878798, 0.1907524884934335, 0.3508817798907085, 0.17643025252797817], [0.2797246575075805, 0.21783627567497083, 0.20465348658899357, 0.2977855801284551], [0.21981858877399912, 0.2778665381710042, 0.2958056882353007, 0.20650918471969598], [0.18201045284897624, 0.2566660199305657, 0.22652171409974536, 0.33480181302071266], [0.17368608970225605, 0.19375102508739805, 0.36770606585202265, 0.2648568192583232], [0.17630804810686065, 0.21600791487906099, 0.2730775136513992, 0.33460652326267915], [0.15356110263661402, 0.10553300536907889, 0.43068484109334, 0.3102210508009671], [0.16019558427533176, 0.12281915178205775, 0.3444828586089983, 0.37250240523361217], [0.19515942035153966, 0.3533833026532603, 0.270958572599018, 0.180498704296182], [0.1541239516021847, 0.3314116397589328, 0.21735378255320978, 0.2971106259856727], [0.17571035025746864, 0.3231725096379403, 0.3334489464426378, 0.16766819356195328], [0.1646443705202095, 0.36527611713106095, 0.1986028641680102, 0.2714766480807193], [0.12664874651648195, 0.11002653001796818, 0.40249972950365825, 0.3608249938618916], [0.14158561191399394, 0.13093767473560972, 0.4033538220410298, 0.32412289120936655]], "ideal": "B", "sampled": "B", "correct": true}}
{"type": "result", "data": {"idx": 1, "options": ["zero population growth.", "rapid growth rate.", "homeostatic plateau.", "demographic momentum."], "probs": [[0.006097147703447146, 0.005054875274123437, 0.010053700761770496, 0.978794276160659], [0.012954869248261398, 0.008106983578164936, 0.9519349204740704, 0.02700322659950328], [0.005081683632910905, 0.00508187315704626, 0.005849752310345788, 0.983986690799697], [0.013397567072642952, 0.012784104888234433, 0.9248061844139818, 0.049012143525140835], [0.020161474328126195, 0.941721448914911, 0.013019816150721149, 0.025097260506241646], [0.025862299946979486, 0.9407664834642089, 0.013845342702951017, 0.019525873785860574], [0.00589972263785919, 0.0057183382547655644, 0.01119699599037391, 0.9771849430170013], [0.009983293701843133, 0.009676140723083999, 0.9567605843213461, 0.023579981153726705], [0.005919097624470638, 0.005648161000006683, 0.008091356197556446, 0.9803413850779662], [0.011074548379816033, 0.011426066765796206, 0.9221220439845202, 0.05537734076986749], [0.01284110069559076, 0.9436146536899249, 0.01839731618058752, 0.025146929333896846], [0.014360445528261694, 0.9459213020476336, 0.01815637315873415, 0.02156187916537057], [0.005244021318078965, 0.00462803338969794, 0.005943081357694334, 0.9841848638345287], [0.009437078582751997, 0.009290830205315645, 0.9478113623846279, 0.03346072872730437], [0.0051593857516851966, 0.00414581942850487, 0.007163927770922914, 0.983530866948887], [0.0075871063790116855, 0.006096439392885291, 0.9336448841704186, 0.052671569957684405], [0.015912500373848188, 0.8965230009019735, 0.01950005017305716, 0.06806444845112117], [0.016068251226231726, 0.8774650798810457, 0.018211636286457313, 0.0882550325062652], [0.9832793621214753, 0.0029632716816362413, 0.003331984877927231, 0.01042538121896126], [0.9831339977775196, 0.002894191671210567, 0.003383887583506071, 0.010587922867763737], [0.9795581241295809, 0.0033713321490878227, 0.0039418417052223, 0.013128701916109044], [0.9794869764838972, 0.0033188156388201853, 0.004066618519569455, 0.013127589257713252], [0.9836445338165776, 0.0028066065003055063, 0.0032814713159147607, 0.01026738826720212], [0.9846055155922439, 0.0027017510235139556, 0.0030378721011214793, 0.009654861183120733]], "ideal": "D", "sampled": "D", "correct": true}}
{"type": "result", "data": {"idx": 2, "options": ["push factors.", "pull factors.", "distance decay.", "migration selectivity."], "probs": [[0.005761707570097041, 0.0062300072863613505, 0.9691150025016367, 0.018893282541904845], [0.0036449033134249033, 0.003941325352032726, 0.012525898026949568, 0.9798878732075929], [0.006476361098800161, 0.9317781033175956, 0.02561821148379713, 0.036127323999807094], [0.005398204196443646, 0.9368123222448189, 0.02419616913419348, 0.03359330432454398], [0.004000859932602326, 0.0045337743688953856, 0.012133541916904887, 0.9793318236815974], [0.005748080819763993, 0.0090432394730573, 0.9370749427793473, 0.04813373682783139], [0.006316798953232262, 0.006517463118943942, 0.9674007624445986, 0.019764975383225226], [0.004059595059252996, 0.004123791124374608, 0.01352176350734185, 0.9782948502090305], [0.007367522438784724, 0.9354483458878693, 0.02416067158796802, 0.03302345998537798], [0.006636315092711614, 0.9399832582463379, 0.02316626371102542, 0.030214162849925057], [0.004256688684018247, 0.004602800724180529, 0.012318230280814328, 0.9788222802109869], [0.007003456991251973, 0.010190236885422069, 0.9318538512722772, 0.05095245475104876], [0.9845989056661193, 0.0029671947463251872, 0.0037805415934344853, 0.008653357894121057], [0.9851360301710197, 0.0029228015279775146, 0.003417320309950437, 0.008523847891052313], [0.9828644368887706, 0.003202637106173067, 0.004144796196386657, 0.009788129708669656], [0.9849597955191113, 0.0027452386384296612, 0.0033637348586857746, 0.008931230883773325], [0.9853591459116345, 0.002878170326149503, 0.003499154769504948, 0.008263528892711052], [0.9846877220919682, 0.0028316055997688137, 0.0035518253128190764, 0.00892884689544395], [0.0036617754903753817, 0.003156820307416663, 0.008784828694425052, 0.9843965754077829], [0.0045417814805574575, 0.005227804897405876, 0.9071605635506875, 0.08306984997134916], [0.004141467566107089, 0.003225586099621151, 0.010092173563369364, 0.9825407726709023], [0.005896834577521002, 0.005715657400284086, 0.9030674691957332, 0.08532003872646164], [0.008596748016696382, 0.948322047030842, 0.018202049452458485, 0.02487915540000308], [0.009392462482071299, 0.9433899671648177, 0.01782668522871483, 0.029390885024396147]], "ideal": "C", "sampled": "C", "correct": true}}
{"type": "result", "data": {"idx": 3, "options": ["First", "Second", "Third", "Fourth"], "probs": [[0.18242607868044505, 0.1560360947659059, 0.607606714223059, 0.05393111223059], [0.15400094823486538, 0.1256975046956755, 0.3015398889019582, 0.41876165806750093], [0.2229938060857023, 0.4231858820592312, 0.3048277905792661, 0.04899252117580037], [0.23489056000244374, 0.36955066685667615, 0.30638679174130684, 0.08917198129957325], [0.23251494243245133, 0.3490554015945558, 0.2939533525272799, 0.124476303345713], [0.14505188543896932, 0.09076989677903313, 0.7140454239366593, 0.050132793745338224], [0.40629688960750315, 0.16936973177284612, 0.3758017816414111, 0.04853159687823958], [0.33626114843858973, 0.1976830957396157, 0.2384640155839886, 0.22759174013780592], [0.2270172471705024, 0.5196961357556689, 0.18822865887445905, 0.06505795809936968], [0.23636070243678262, 0.5163021164065192, 0.17294714110771586, 0.07439003994898225], [0.3602395868083957, 0.17284483746021104, 0.3384456835912386, 0.12846989204015466], [0.1224080615968818, 0.04364563395646552, 0.7983215300492688, 0.03562477429738387], [0.6942917548701623, 0.1169420603484232, 0.15253428772352529, 0.036231896957889295], [0.6752197472741135, 0.10852113145538277, 0.16809650577881288, 0.048162615391690825], [0.7262632438620127, 0.14079675107943376, 0.09677571357748617, 0.036164291381067304], [0.6647403262580341, 0.13934077128685593, 0.15067639858597992, 0.04524250376912998], [0.6471423168578594, 0.15613480586529338, 0.14441630979737274, 0.0523065673794745], [0.5908791046326226, 0.1615412295277266, 0.18022995366700562, 0.06734971207264519], [0.5571851688275964, 0.16993862262204662, 0.15965926526634264, 0.11321694318401429], [0.3679889467585823, 0.12134941756517212, 0.4370506437956143, 0.07361099178063125], [0.45560526164378556, 0.22909816755897375, 0.1650291507521772, 0.15026741994506349], [0.1715628044764289, 0.10244482678309219, 0.65774321059457, 0.06824915804590893], [0.37905492089123977, 0.4501635036985504, 0.10692887485130187, 0.06385270045890798], [0.5054768542829682, 0.3367350744316703, 0.09351442801654779, 0.06427364316881375]], "ideal": "A", "sampled": "C", "correct": false}}
{"type": "result", "data": {"idx": 4, "options": ["Most women work in agriculture", "The percentage of women economically active in the labor force declined worldwide", "The percentage of women in the total labor force declined", "Women spend more hours per day working than men in all regions except Anglo America and Australia"], "probs": [[0.23404521540312348, 0.22689945317325588, 0.26947044520453695, 0.26958488611908366], [0.18064124342061952, 0.22488234264740578, 0.41370021059845813, 0.1807762032335166], [0.23743025956163752, 0.21623311934692985, 0.22661691901801823, 0.31971970197341437], [0.1935996143862663, 0.28621393865783795, 0.329458152163732, 0.19072829469216374], [0.21477910874126319, 0.2182106971522512, 0.30776232477925186, 0.2592478692272338], [0.21870191718986978, 0.18133050471713566, 0.3441514125740804, 0.25581616541891417], [0.3135215575323072, 0.15281797592437768, 0.28552319743782095, 0.24813726900549418], [0.24589883521418976, 0.1885781642182291, 0.3415027958261044, 0.2240202046414768], [0.31045545736775093, 0.21677645069682427, 0.19432238363815507, 0.2784457081972697], [0.312107908988531, 0.3025779909122654, 0.30258868994560295, 0.08272541005360058], [0.26968841938396265, 0.35738505844520796, 0.1561197293805009, 0.2168067926903285], [0.3057220737334429, 0.3106056017433877, 0.28282652777425693, 0.10084579664891248], [0.35455991757662225, 0.1573603553209195, 0.2325674374893962, 0.25551228951306204], [0.35342604445001846, 0.201419147850088, 0.24679723747284724, 0.19835757012704633], [0.2913596120590559, 0.15355776706464627, 0.2034394056426518, 0.351643215133646], [0.291162727064858, 0.20975597044399927, 0.39192720951745236, 0.10715409287369035], [0.3524628491325089, 0.26198642024677277, 0.16140117711605972, 0.2241495534046586], [0.4458119472033389, 0.2834332413732653, 0.18016261665938496, 0.09059219466401085], [0.24559550350825995, 0.15613326661416105, 0.3154392289120309, 0.28283200086554805], [0.2345176408806661, 0.14449620676074498, 0.3466770155880976, 0.27430913667049134], [0.2802339535706242, 0.20506316726933438, 0.20189549327702216, 0.31280738578301925], [0.2910452062223502, 0.22669444837058295, 0.34036933420886334, 0.1418910110982035], [0.26013294634998096, 0.2561518924025413, 0.19335666873180482, 0.29035849241567285], [0.3079493457993269, 0.33828208810987287, 0.19887060229752948, 0.15489796369327072]], "ideal": "D", "sampled": "C", "correct": false}}
{"type": "result", "data": {"idx": 5, "options": ["safety.", "better climate.", "better schools.", "overcrowding."], "probs": [[0.34466086375221033, 0.215698296511879, 0.18740899206652187, 0.2522318475693888], [0.26034134235846307, 0.1934829027238288, 0.36720549509421335, 0.1789702597234948], [0.39071550379190517, 0.1904291333003777, 0.1460109927208594, 0.2728443700868577], [0.23282590608498316, 0.2054873433213178, 0.43507203842389774, 0.12661471206980132], [0.31656113263779273, 0.41943904753305306, 0.13405275343508105, 0.12994706629407315], [0.3194472694242252, 0.4102436777466468, 0.1509124144488933, 0.11939663828023472], [0.25937341868151037, 0.23252510329171036, 0.27186550877160615, 0.23623596915517314], [0.1801397502242193, 0.18586906788874646, 0.4673510491380641, 0.16664013264897015], [0.25387528157861516, 0.2832497315831395, 0.2619820197859384, 0.20089296695230696], [0.25016752442080437, 0.25413933961843715, 0.3756316983837891, 0.12006143747696932], [0.22713087022108377, 0.43108760253146033, 0.22017801790023542, 0.12160350924722046], [0.2598830318121326, 0.44912469079322725, 0.18431023859983786, 0.10668203869480228], [0.302836796526523, 0.2631400744908146, 0.201760733054944, 0.2322623958277184], [0.17220333680556738, 0.18332291045007257, 0.5223381803503919, 0.1221355722939681], [0.26763143335195017, 0.26766019259219437, 0.25944482504381605, 0.20526354891203943], [0.26798433062734583, 0.2517813443885792, 0.34959509965261676, 0.13063922523145818], [0.2094953460149628, 0.5267895341855359, 0.18782209928343294, 0.07589302041606844], [0.18041492739457232, 0.6810529167739388, 0.09361158893848144, 0.04492056679300754], [0.6236797291752005, 0.16785926364802903, 0.13279263080255616, 0.07566837627421423], [0.6243937424871665, 0.16288159300601085, 0.14374874102380628, 0.06897592338301634], [0.5122108053727392, 0.17980212641207402, 0.21022056824178478, 0.09776649987340197], [0.5180443409004353, 0.19972934870519662, 0.19358895284410443, 0.08863735745026363], [0.5576782226004822, 0.16744464634174552, 0.19577327368685882, 0.07910385727091347], [0.6717776710099971, 0.14528211866853832, 0.1204467085316077, 0.06249350168985686]], "ideal": "D", "sampled": "D", "correct": true}}
{"type": "result", "data": {"idx": 6, "options": ["Vietnam", "United Kingdom", "Germany", "Bolivia"], "probs": [[0.32899187031127053, 0.2369855947862154, 0.18171188640494654, 0.25231064839756756], [0.28627123572731605, 0.21611509570955462, 0.2526824696800014, 0.2449311987831279], [0.32687188652786703, 0.19520659125312811, 0.21107506203366347, 0.2668464600853414], [0.30641225433880026, 0.1917757271303049, 0.2704619209266734, 0.2313500975042214], [0.29018450645240573, 0.21232054268145897, 0.26426441262297895, 0.23323053814315636], [0.3105116486238866, 0.21679475901343098, 0.2307980954416266, 0.24189549682105582], [0.2813049340355704, 0.2769835673586775, 0.19337192752132054, 0.24833957098443155], [0.24859186255209823, 0.2525441423564179, 0.22995864537915683, 0.268905349612327], [0.24777435133027384, 0.16251605989672888, 0.34948427002338944, 0.2402253186496078], [0.26003984389207646, 0.19027974276665657, 0.32368902333387445, 0.2259913899073925], [0.2575678642239434, 0.2345579669192405, 0.24201538748177923, 0.26585878127503687], [0.26979160306139977, 0.2574760317544953, 0.23080885408000748, 0.24192351100409745], [0.2815437996566026, 0.26451725553362615, 0.20925917352905918, 0.24467977118071205], [0.25471271979591625, 0.26282655168129443, 0.23932907275914034, 0.24313165566364897], [0.23770905247066715, 0.18227837031086522, 0.3459266228904094, 0.23408595422805822], [0.251952569993837, 0.20890801586690677, 0.3235767926060988, 0.21556262143315744], [0.25078850608361486, 0.2469343655021263, 0.2393566632127321, 0.2629204651015268], [0.2736795842373873, 0.265292555067236, 0.23049966988642726, 0.23052819070894945], [0.30913471711860174, 0.23704671504143612, 0.24458969762576951, 0.20922887011419264], [0.32585041188246744, 0.24986961108344774, 0.20715929001700353, 0.2171206869170813], [0.300600175538404, 0.24156819641511232, 0.23784007484084305, 0.21999155310564064], [0.325351943777691, 0.2655720333318965, 0.1854043994538035, 0.22367162333660898], [0.3092412146390549, 0.22627750711197395, 0.248531497946309, 0.21594978020266214], [0.31490406555626277, 0.24527848551695125, 0.2164614453878802, 0.22335600343890583]], "ideal": "D", "sampled": "D", "correct": true}}
{"type": "result", "data": {"idx": 7, "options": ["Chain migration", "Cluster migration", "Circular migration", "International migration"], "probs": [[0.05569120474298358, 0.050708532464417394, 0.8314503438030347, 0.06214991888956434], [0.10442352138274467, 0.0740505892850826, 0.353293860619295, 0.4682320286128777], [0.09965036734202615, 0.6601330588087945, 0.13410611349414248, 0.10611046025503687], [0.1367726854409706, 0.5003557502935108, 0.2363436362711857, 0.12652792789433295], [0.1498429924099806, 0.2214783131854785, 0.15221895275977962, 0.47645974154476123], [0.14148398269356002, 0.2483268174402498, 0.5016771741334534, 0.10851202563273686], [0.13881925057317726, 0.1324659466417127, 0.622244848745934, 0.10646995393917595], [0.14623733843992115, 0.09590969876870521, 0.3000892303643774, 0.45776373232699624], [0.10761107015381788, 0.712885624926553, 0.12005972489070256, 0.05944357992892646], [0.1406062159072616, 0.5475631600471563, 0.19523041821093984, 0.11660020573464225], [0.21972991851352655, 0.305101279959884, 0.1793579783760656, 0.29581082305052386], [0.1518491095265062, 0.2279646077550518, 0.4902527562595336, 0.1299335263589084], [0.7930987323641456, 0.062117155380881896, 0.10403726085188308, 0.04074685130308933], [0.636298043760781, 0.10550339243801, 0.19712742647087728, 0.061071137230331723], [0.7300967086135911, 0.07815932598165881, 0.1530440621378571, 0.038699903166893014], [0.5407071749377991, 0.12064322172868233, 0.2475669700223519, 0.09108263321116673], [0.5455201078048291, 0.2617471710887447, 0.12757184560601573, 0.06516087540041043], [0.49293651395293325, 0.2557386273965187, 0.152713395016124, 0.09861146353442402], [0.05257059897591138, 0.02226114571067653, 0.0894325345938598, 0.8357357206195523], [0.06415634262910351, 0.042738101353498106, 0.8192421119851043, 0.07386344393229406], [0.11329700627837584, 0.06980373605680196, 0.26759770111153247, 0.5493015564532897], [0.05624863609572227, 0.042459529679856764, 0.8267485652549191, 0.07454326886950187], [0.20297837081934206, 0.6451308197893365, 0.09893201969876841, 0.052958789592553034], [0.19809389555173304, 0.6007759108712096, 0.12592679542370308, 0.07520339805335426]], "ideal": "C", "sampled": "C", "correct": true}}
{"type": "result", "data": {"idx": 8, "options": ["Religious differences", "A national holiday", "An attack by another country", "A charismatic national leader"], "probs": [[0.7267961555498933, 0.08954761243124101, 0.06866198828623013, 0.1149942436326356], [0.7086060589692235, 0.09439953345308794, 0.07949691205796673, 0.1174974954197219], [0.7227051961102366, 0.10089782029719213, 0.060252391693711944, 0.11614459179885922], [0.6485196705810529, 0.13173214599170677, 0.09790176532549529, 0.121846418001745], [0.7649112314528071, 0.07455264003368506, 0.05204907412288243, 0.10848705429062533], [0.7444857316826656, 0.08752457703702923, 0.06403793125986912, 0.10395175992043601], [0.45362643754793164, 0.22106669009700158, 0.13620108770561434, 0.1891057845494524], [0.3444476630610094, 0.2946096237966627, 0.15525209337422988, 0.20569061966809798], [0.34816585543991724, 0.19836615910779334, 0.2355808273726929, 0.2178871579795965], [0.31206322833378414, 0.2046472606068491, 0.2078784878118485, 0.27541102314751825], [0.2699286260952247, 0.1586733263967709, 0.32560156802254603, 0.24579647938545837], [0.276786109537975, 0.14358746583720639, 0.17052046733286966, 0.4091059571919489], [0.36778484675231793, 0.4167324179968017, 0.07589261006870081, 0.13959012508217955], [0.3897298624480328, 0.3836573108936725, 0.09402059858281359, 0.1325922279754811], [0.3120017163440485, 0.20460048586465426, 0.2586576784198502, 0.22474011927144702], [0.31584639765947436, 0.16905019441270988, 0.15154045006043285, 0.3635629577673829], [0.3808527701966417, 0.16378221402265586, 0.2966049997690248, 0.15876001591167765], [0.324934860288347, 0.1272387615541904, 0.11054922309755788, 0.4372771549599047], [0.2201487883816145, 0.553464513474827, 0.07973085937081623, 0.1466558386727423], [0.2798400902420611, 0.454208119293572, 0.11848642283942844, 0.14746536752493847], [0.23905435202115377, 0.1543355136955421, 0.3820170163726259, 0.2245931178106782], [0.2596597036510371, 0.13470282948603027, 0.18412507794259905, 0.4215123888203336], [0.27964778001705787, 0.18626629646940346, 0.3590805094664064, 0.17500541394713223], [0.25446013940725976, 0.14726341537287363, 0.09215794238350297, 0.5061185027363636]], "ideal": "A", "sampled": "A", "correct": true}}
{"type": "result", "data": {"idx": 9, "options": ["Mediterranean climate", "Limited forest cover", "Growth of manufacturing", "Access to trade routes"], "probs": [[0.05881429813655808, 0.027782544387398935, 0.048763818852332184, 0.8646393385237108], [0.08668166529656021, 0.06341830936577078, 0.7973125011833749, 0.05258752405429411], [0.06335342401775662, 0.03444583970305378, 0.1300093926366342, 0.7721913435425554], [0.05284126691458929, 0.05367424558466633, 0.8397990212412404, 0.05368546615950398], [0.326625812391264, 0.5139096069889104, 0.09808287571597935, 0.06138170480384629], [0.34690483625702123, 0.48166464677856313, 0.08772135328992131, 0.0837091635744943], [0.03634453923704108, 0.012560992098132311, 0.02786916384466262, 0.923225304720164], [0.0853628863200749, 0.05511514305174116, 0.810106074427833, 0.049415896100350964], [0.06320707605307974, 0.028939107915197153, 0.04846741712392248, 0.8593863988078007], [0.06793825783232203, 0.05291135590890079, 0.8278548079697936, 0.051295578188983545], [0.26818854912836854, 0.6044373804385241, 0.07928407575400441, 0.04808999457910293], [0.3157018038412851, 0.5541129483251226, 0.07268468777229363, 0.05750055996129871], [0.08882891352767722, 0.038206245604038847, 0.09310249948649965, 0.7798623412817842], [0.08783623706172076, 0.06840768557710364, 0.7709198112151959, 0.07283626604597972], [0.052683517037184956, 0.022308794654674682, 0.033491782653567524, 0.8915159055545728], [0.06776431593140655, 0.05530849280728958, 0.8257614565532624, 0.05116573460804145], [0.22733991472942852, 0.6579268590752422, 0.0726723440544971, 0.042060882040832144], [0.25500095648006543, 0.631221849593634, 0.07082113088916225, 0.042956062937138266], [0.797704073783942, 0.06861706592367768, 0.08023078469846122, 0.05344807549391905], [0.8243518864539355, 0.06456419944613309, 0.0465087845531223, 0.06457512944680903], [0.8360050568938222, 0.06547553286718825, 0.05689327960319452, 0.04162613053579498], [0.8369613444892307, 0.06555076809970374, 0.04721981747013159, 0.050268069840934036], [0.7551401256759813, 0.09904605149232318, 0.0808476731100297, 0.06496614962166578], [0.7557826412225179, 0.09312401433478336, 0.09460172519328726, 0.05649161914941151]], "ideal": "D", "sampled": "D", "correct": true}}
{"type": "result", "data": {"idx": 10, "options": ["high birth rates with high but fluctuating death rates.", "declining birth rates with continuing high death rates.", "low birth rates with continuing high death rates.", "high birth rates with declining death rates."], "probs": [[0.252753882633378, 0.05728526764056456, 0.1290937806198034, 0.560867069006254], [0.27194658526919596, 0.06163318592363843, 0.6128686802862604, 0.05355154842090524], [0.2369587886924154, 0.05540993828811284, 0.12102669587827636, 0.5866045770411954], [0.4350842463951567, 0.06992360568439022, 0.3900151455765316, 0.10497700224392144], [0.5193913253304968, 0.11232626277786659, 0.15840578903790142, 0.2098766227537352], [0.4555268381590023, 0.1264945658991845, 0.16242226230566525, 0.25555633353614793], [0.16756696506058183, 0.18693738798044676, 0.18988000986346268, 0.4556156369955087], [0.16534492876396586, 0.35556007288953045, 0.3237399563620626, 0.1553550418844411], [0.1711961120074617, 0.07248855759536459, 0.2530099285220627, 0.503305401775111], [0.17640921033103732, 0.08076404515674981, 0.6157491573522151, 0.1270775870599977], [0.23344774791109707, 0.5261240396959996, 0.11738888302678811, 0.12303932926611517], [0.2432601487879106, 0.5745608295605334, 0.11137765065774631, 0.07080137089380965], [0.18862703159611097, 0.0963412508817347, 0.1690841738847065, 0.5459475435374478], [0.26931401281900164, 0.19097166682444627, 0.28668241835700375, 0.2530319018995483], [0.07984316974313575, 0.03891233296433882, 0.5288626472292575, 0.352381849963268], [0.16128216682251773, 0.07156626879453253, 0.6897602080609068, 0.07739135622204296], [0.5600808262264931, 0.12893673776290893, 0.11740082501191104, 0.1935816108986869], [0.7422100138918175, 0.095846531623408, 0.09290197283064702, 0.06904148155412745], [0.33222533269031557, 0.2145008018695906, 0.23192995892053409, 0.22134390641955973], [0.301330417364505, 0.20073057709117115, 0.2103612571744366, 0.28757774826988725], [0.4436836772164525, 0.2031370221897922, 0.1820908310515758, 0.17108846944217942], [0.621389324741591, 0.14992087966253545, 0.10631178239182625, 0.1223780131040473], [0.3846376721284299, 0.15785555069490592, 0.20912236840057175, 0.24838440867609238], [0.5348240295955378, 0.15809581153289468, 0.16311488039992922, 0.1439652783716384]], "ideal": "A", "sampled": "D", "correct": false}}
{"type": "result", "data": {"idx": 11, "options": ["Crude birth rate", "Replacement level", "Mortality rate", "Total fertility rate"], "probs": [[0.013088718413770985, 0.5926051475889306, 0.023339775298279217, 0.37096635859901916], [0.013876426160686626, 0.9000510663795706, 0.06318621074267171, 0.022886296617071075], [0.009963564887971715, 0.006848969537586088, 0.5526490464708751, 0.4305384190035671], [0.007766800307906288, 0.007647368893206164, 0.6884204421042932, 0.2961653885945943], [0.009556243886198216, 0.7958323158575926, 0.16942528952595337, 0.02518615063025578], [0.010024846770879746, 0.5737291178502529, 0.0339214554859046, 0.3823245797929627], [0.44411421231316006, 0.07480779359121388, 0.029761186143771073, 0.451316807851855], [0.6705029010102203, 0.0729153677748244, 0.23177054522103988, 0.024811185893915517], [0.3774576827720903, 0.04951575810979, 0.04875278145499988, 0.5242737775631198], [0.5698869162495253, 0.0639411270499668, 0.3147867018774806, 0.05138525472302737], [0.7994489669410907, 0.17023179155139082, 0.01739409249891054, 0.012925148908607903], [0.5329316575998478, 0.42166505040738844, 0.022702644324129672, 0.022700647568634033], [0.010245588019249083, 0.024580300675939335, 0.5682996105381896, 0.396874500666622], [0.007721992050564878, 0.013767320379280202, 0.48533131673056534, 0.49317937073958956], [0.010912628491267645, 0.5018546251131477, 0.030137873920260728, 0.4570948723753239], [0.011064061873298028, 0.8521705253088454, 0.0657069905302774, 0.07105842218757916], [0.008595006587586513, 0.2217018318422194, 0.030958123675011693, 0.7387450377951824], [0.009705631314809915, 0.639349713903034, 0.30674610376461, 0.04419855091754617], [0.04418934467561707, 0.03284126861771663, 0.9017641459456947, 0.02120524066097168], [0.13283733626356528, 0.03307077562267355, 0.03255922622476587, 0.8015326617889953], [0.022615571246733843, 0.947064845081777, 0.0168116377072104, 0.013507945864278696], [0.0201278336254589, 0.9403332541501497, 0.01776855153215958, 0.02177036059223189], [0.10130607797758653, 0.025220235102516548, 0.050946480097375124, 0.8225272067225218], [0.04167963874400636, 0.020959604217108165, 0.9053988320905736, 0.031961924848311875]], "ideal": "B", "sampled": "B", "correct": true}}
{"type": "result", "data": {"idx": 12, "options": ["Islam", "Christianity", "Hinduism", "Buddhism"], "probs": [[0.40987263579022587, 0.1416543818252298, 0.3346056813186451, 0.11386730096589918], [0.4275054676400004, 0.15484162240616062, 0.3128426186223339, 0.10481029123150505], [0.572606680587018, 0.2207671097416681, 0.15657651364512898, 0.050049695926184926], [0.5523960466340014, 0.17935175791038205, 0.203270192350903, 0.06498200300471349], [0.4897997597770734, 0.30177695905127655, 0.1470967149779647, 0.06132656609368537], [0.4925818369405344, 0.20858852252381538, 0.22557891566913202, 0.07325072476651814], [0.1729804406127535, 0.4928292104726841, 0.22921867884032626, 0.10497166997423614], [0.1374316015168832, 0.578681447348191, 0.18789387537545527, 0.09599307565947045], [0.17637463700682343, 0.23368359654370793, 0.4648086635963129, 0.12513310275315573], [0.16698347030400326, 0.29309958216597204, 0.36481595035719516, 0.17510099707282956], [0.15280021497867047, 0.3782295527939825, 0.35535937014603397, 0.11361086198131305], [0.1775008211479537, 0.3475670360768796, 0.29733188608302147, 0.17760025659214518], [0.12293816425318699, 0.7650343817733799, 0.08584404783867938, 0.02618340603475367], [0.16681074161046477, 0.6807876431606976, 0.10605947621477177, 0.046342138914065786], [0.189721098982744, 0.07786570885599145, 0.652052313677478, 0.08036087838378655], [0.20522534233588086, 0.1525266869950747, 0.47726546290913524, 0.1649825076599092], [0.31479984518717846, 0.2692913412778499, 0.31984803077360296, 0.09606078266136865], [0.2755023816287509, 0.5479569989792141, 0.11309186283789757, 0.06344875645413733], [0.11081978035746014, 0.7693303894351214, 0.0890660145143948, 0.03078381559302357], [0.22879481398557555, 0.5575686713405011, 0.15484972354282814, 0.05878679103109518], [0.1871251938621613, 0.07801130529474884, 0.6041728943603987, 0.1306906063826912], [0.2540330815686837, 0.10590630225430561, 0.497489675605289, 0.14257094047172167], [0.32610319826831763, 0.2661867638341597, 0.311261582668978, 0.09644845512854468], [0.27788069427392603, 0.5356866636979342, 0.12142745968338332, 0.06500518224475645]], "ideal": "A", "sampled": "A", "correct": true}}
{"type": "result", "data": {"idx": 13, "options": ["redline area.", "threshold.", "range.", "hinterland."], "probs": [[0.00875570093910554, 0.019277383250520693, 0.01325025451284453, 0.9587166611975292], [0.01162304222272524, 0.05996377288533611, 0.9092448759322284, 0.01916830885971025], [0.005490062599273928, 0.007989371895298006, 0.01083577206630966, 0.9756847933391184], [0.01052824592014127, 0.02688793087688933, 0.947963533925159, 0.014620289177810383], [0.008685027648672761, 0.9656369534277773, 0.018247597758934617, 0.007430421064615256], [0.005825515017580254, 0.9723123318471919, 0.014996419682747212, 0.006865733352480577], [0.008270143746096664, 0.009670461779213112, 0.01062155728811689, 0.9714378370865733], [0.009457765410391094, 0.02611644079972896, 0.9500013258289863, 0.01442446786089355], [0.007687171730334598, 0.00768861202074774, 0.008313928096735413, 0.9763102880521822], [0.021571582864148158, 0.04158568886057305, 0.9175021341969786, 0.01934059397830024], [0.013769482137634315, 0.9506111105777592, 0.024552955798990896, 0.011066451385615567], [0.01426705318915965, 0.9546989593418163, 0.022103711970422935, 0.008930275398601157], [0.0057241462738909805, 0.007237373912335986, 0.008730456114591785, 0.9783080235991812], [0.009201241478995675, 0.02501459251958711, 0.9535917228215192, 0.012192443079897983], [0.0050741691810848024, 0.00575078675650224, 0.006517013407130276, 0.9826580305552827], [0.012444110605009733, 0.030325785729529545, 0.9435600165935302, 0.013670086971930524], [0.01747107353528645, 0.9541592783619582, 0.02043116877494451, 0.007938479227810796], [0.01948609708162754, 0.9539792870685256, 0.019798704808403123, 0.006735910941443745], [0.9906835088590521, 0.00320320409584329, 0.0038943216739626882, 0.00221896527114186], [0.9908439596154837, 0.003178801030491623, 0.003775154049218244, 0.0022020852048064447], [0.9899132105545847, 0.003276593934783548, 0.004375093551932372, 0.002435101858699395], [0.9905044449301456, 0.003202622760515711, 0.003986015921040465, 0.0023069162882982486], [0.9905175954168645, 0.00315302953004677, 0.003986044237283996, 0.002343330715804776], [0.9908181049582263, 0.0030095659906832915, 0.0038646304431699126, 0.002307698507920442]], "ideal": "D", "sampled": "D", "correct": true}}
{"type": "result", "data": {"idx": 14, "options": ["the central city and its developed areas.", "the central city and its surrounding suburbs.", "the central city and its hinterlands.", "the central city and the adjacent counties."], "probs": [[0.18330209626054156, 0.49058163948301736, 0.16432350137720614, 0.16179276277923493], [0.2121733864800512, 0.3666145528028448, 0.25594360707051095, 0.1652684535465931], [0.11938097927412318, 0.09896740324048436, 0.615875496215961, 0.16577612116943136], [0.1624082177715018, 0.10323216020028622, 0.3385085165162132, 0.39585110541199875], [0.09932317953767482, 0.09778157239850953, 0.7003991268023478, 0.10249612116146778], [0.2206985338781215, 0.24621022890950092, 0.27900961940108987, 0.25408161771128773], [0.3989835439804752, 0.2458055983958247, 0.1637503949016848, 0.19146046262201527], [0.2943073940418231, 0.21197857908179124, 0.3036675588632345, 0.19004646791315113], [0.43653084144193194, 0.16058588504931473, 0.17638305353496106, 0.22650021987379226], [0.35229227993220635, 0.16640580194733848, 0.30134547651810434, 0.1799564415023508], [0.29404896143556297, 0.23627319061835916, 0.29406693223756764, 0.1756109156085102], [0.33759577046858297, 0.2798743080887878, 0.21797912011475393, 0.16455080122787524], [0.11296953752320361, 0.10126203071217829, 0.6107634764873389, 0.17500495517727924], [0.17241437474531787, 0.13014325304304616, 0.3650218193609798, 0.3324205527506562], [0.21661999496707757, 0.29608907851463406, 0.23792011678938907, 0.24937080962889926], [0.2169591188213827, 0.2700099944798349, 0.3059734403781093, 0.20705744622067304], [0.18377558611320133, 0.19870957434113187, 0.28465628196944925, 0.33285855747621756], [0.12326121604538906, 0.11399468288163869, 0.6163396972473466, 0.1464044037256256], [0.11244446699355788, 0.15131109838677972, 0.6272389841403243, 0.10900545037933813], [0.18537879540791413, 0.3104739877412382, 0.26974827852377753, 0.23439893822707014], [0.22128737141736568, 0.3945101860063038, 0.22479009776310724, 0.15941234471322333], [0.22552362418189884, 0.4485350317586208, 0.18697986283488663, 0.13896148112459372], [0.2291100425391286, 0.21861740431763374, 0.24390057817198255, 0.30837197487125506], [0.18451141643965266, 0.19336251286849238, 0.45670538197534155, 0.1654206886165134]], "ideal": "B", "sampled": "B", "correct": true}}
{"type": "result", "data": {"idx": 15, "options": ["Buddhism", "Christianity", "Islam", "Hinduism"], "probs": [[0.1486550784851257, 0.23027511968135847, 0.19088607387806783, 0.43018372785544795], [0.1690752804110252, 0.3110179602788805, 0.30616718527593234, 0.21373957393416193], [0.13254297173315976, 0.15989736197474108, 0.3895800825438758, 0.3179795836482233], [0.18191725827054603, 0.2029709757499518, 0.38513423730161966, 0.22997752857788253], [0.15880076703927948, 0.6183912799514187, 0.13372723856517957, 0.08908071434412221], [0.17747887702778103, 0.6099145916997245, 0.11459188736437409, 0.09801464380812036], [0.11865461704926239, 0.2716453691422895, 0.20825745318429373, 0.4014425605241544], [0.12646207760037392, 0.32298112486193903, 0.3179430128358492, 0.23261378460183788], [0.1053918000095461, 0.1821279647701025, 0.2955931324986429, 0.4168871026217085], [0.1166091446941456, 0.2393104356082512, 0.32705796736361215, 0.31702245223399106], [0.10099804400387724, 0.35256466265967457, 0.39947441216288765, 0.14696288107356054], [0.12943096264750423, 0.3254406105335861, 0.25342580295910666, 0.29170262375980305], [0.13138016665515287, 0.20035313960834106, 0.36277167904409946, 0.3054950145924066], [0.17734986541881897, 0.25407546756110977, 0.30644893643175747, 0.2621257304883138], [0.13356774247933437, 0.26566217743707393, 0.22022657271647145, 0.3805435072671203], [0.1530327281337206, 0.3342992811628984, 0.25232132138822577, 0.26034666921515515], [0.14455268216334713, 0.33093563705161816, 0.31085518925822175, 0.21365649142681298], [0.16065155686254137, 0.30017809418618413, 0.2864075430825439, 0.25276280576873056], [0.19215645037276574, 0.6203542993368808, 0.10612284470124907, 0.08136640548910443], [0.23044775884017668, 0.5615766392871947, 0.10885931063728818, 0.09911629113534046], [0.2353120998197369, 0.2466392925122784, 0.35882173588957184, 0.15922687167841287], [0.3521854719680564, 0.2238938410105698, 0.21030444454663003, 0.2136162423747438], [0.2269282178013024, 0.2165665904404671, 0.374154619784766, 0.18235057187346448], [0.2358752778458324, 0.21146340436390804, 0.33788531049003795, 0.21477600720022158]], "ideal": "D", "sampled": "D", "correct": true}}
{"type": "result", "data": {"idx": 16, "options": ["World cities contain the headquarters of many transnational corporations.", "World cities are well connected to secondary-level world cities.", "World cities contain many offices of multinational organizations.", "World cities are found only in the northern and western hemispheres."], "probs": [[0.08342212934189894, 0.0439630659189647, 0.09307256062671958, 0.7795422440124168], [0.07110641899373948, 0.07932934826854157, 0.741115611899155, 0.10844862073856396], [0.09691327796213205, 0.05187644775659609, 0.17826506589222085, 0.672945208289051], [0.06809318962220577, 0.04130327793475591, 0.7322395606852377, 0.15836397165780058], [0.087359311140369, 0.6981167352570611, 0.08737302765955315, 0.1271509258430167], [0.07792978152376584, 0.6629207831762328, 0.10165733085619114, 0.15749210434381017], [0.1293982204584391, 0.05228313922478156, 0.1294061031723281, 0.6889125370444512], [0.10380057448150806, 0.06198438678143436, 0.732009134189123, 0.10220590444793466], [0.14985635411368656, 0.055998642141164554, 0.12231634451316498, 0.6718286591319839], [0.11918296486164945, 0.0679107447211968, 0.7417303212477566, 0.0711759690693971], [0.12777552197751454, 0.6696315506866236, 0.0949662565339945, 0.10762667070186735], [0.15536783865578746, 0.6341118310370502, 0.11018379195696654, 0.10033653825019585], [0.10608756936351928, 0.04562976380837252, 0.19821221372783712, 0.6500704530002711], [0.08274694068943958, 0.04096491778055798, 0.7376828972807322, 0.13860524414927022], [0.1041835686874539, 0.04999003502908604, 0.09941979381243779, 0.7464066023710223], [0.08972303501570764, 0.08561795885289383, 0.7514169159419666, 0.07324209008943193], [0.08151896280894745, 0.7616385305631148, 0.07902617713252794, 0.07781632939540982], [0.11179553878255735, 0.6957683795711614, 0.08572886436244335, 0.10670721718383788], [0.8293977091897767, 0.04464814977825799, 0.061989518322911726, 0.06396462260905351], [0.782948133334647, 0.0532793288875016, 0.0716980469464411, 0.09207449073141032], [0.7925746971557626, 0.061115745821754865, 0.07257930675327492, 0.0737302501692076], [0.8009176104289013, 0.054502132259407296, 0.07567179061327035, 0.06890846659842104], [0.8076368184081386, 0.0462805827063387, 0.06734145607643764, 0.078741142709085], [0.8263575792122728, 0.045185030995022635, 0.06372322877388274, 0.06473416091882174]], "ideal": "D", "sampled": "D", "correct": true}}
