{"type": "result", "data": {"idx": 0, "options": ["too much curvature of the cornea and lens", "too little curvature of the cornea and lens", "too much curvature of the iris and lens", "too little curvature of the iris and lens"], "probs": [[0.5818369913600803, 0.3937148403743582, 0.01411880721798121, 0.010329360947580263], [0.6007719170635956, 0.3759755649012079, 0.014129793118085647, 0.00912272481711086], [0.09231503478846367, 0.02334117187589146, 0.862416283372533, 0.02192750986311189], [0.2515037097009405, 0.051096283655664064, 0.09398123015985686, 0.6034187763835386], [0.54347875360636, 0.08871847074835972, 0.329645441012613, 0.03815733453266722], [0.4822682766356694, 0.09797992753859966, 0.06131472467866996, 0.35843707104706096], [0.865000974412269, 0.10659045108455664, 0.013982382816214433, 0.014426191586959975], [0.8883131650971485, 0.08134573068429708, 0.014815015502984601, 0.015526088615569792], [0.4742699967059824, 0.058439725447705475, 0.4318448699246234, 0.035445407821688674], [0.5325676062507888, 0.06562536771454602, 0.05791475001903107, 0.3438922759156341], [0.291278380653851, 0.04537149340801458, 0.636257206284329, 0.02709291955380542], [0.1132216946870065, 0.019985484776287716, 0.03000222455419266, 0.8367905958825131], [0.04038814947761981, 0.04721927410545446, 0.87729921562539, 0.03509336069153568], [0.10836668814305561, 0.49334769333403794, 0.23302649928475078, 0.16525911913815566], [0.12077948764791438, 0.5945553338003433, 0.2478295181995407, 0.03683566025220164], [0.13045527234047355, 0.6943740947501992, 0.0984763964685132, 0.07669423634081408], [0.1957917896816348, 0.3278987851961831, 0.3330557792921698, 0.14325364573001234], [0.16320460151011135, 0.30971498447968066, 0.42333401822289973, 0.1037463956873083], [0.162053424141992, 0.5150393939069341, 0.2844168894531194, 0.038490292397954484], [0.17023610845264953, 0.6130998590794928, 0.11340432712824035, 0.10325970523961726], [0.10654086120673119, 0.33860069683167404, 0.5083125110498363, 0.04654593081175839], [0.08335837162253483, 0.43680040020151856, 0.139602410919469, 0.3402388171564776], [0.1633874177769352, 0.12527346609770215, 0.4582494198817721, 0.25308969614359056], [0.2231507334359466, 0.15823635693154411, 0.4874232185505655, 0.13118969098194377]], "ideal": "A", "sampled": "B", "correct": false}}
{"type": "result", "data": {"idx": 1, "options": ["OCD.", "schizophrenia.", "conversion disorder.", "antisocial personality disorder."], "probs": [[0.014581655667809591, 0.975627752150033, 0.005985905245679578, 0.003804686836477859], [0.014817215711526268, 0.9759938889539663, 0.006082403858404687, 0.00310649137610269], [0.008996228398832311, 0.007116510499067225, 0.9769893155835114, 0.006897945418589078], [0.00778622844036364, 0.004436540019443762, 0.014322502757220927, 0.9734547286829717], [0.014041537643567085, 0.009956763014294606, 0.9692642890622984, 0.00673741017983982], [0.012208151447920814, 0.008260682101307532, 0.009361875103045977, 0.9701692912477257], [0.934152351162302, 0.02096228696118769, 0.02609195728364772, 0.01879340449286261], [0.9129979193724833, 0.025497280958188526, 0.04764066480625934, 0.013864134763068811], [0.912121350204412, 0.03481688557615713, 0.027980238001542982, 0.025081526117887873], [0.8963951651234588, 0.038771998927761675, 0.045334597111207776, 0.019498238737571654], [0.9434939071291576, 0.02761342191399525, 0.017014677860070528, 0.011877992996776568], [0.9352333696584014, 0.028685318803385533, 0.021655614388397346, 0.014425697049815675], [0.0074749689656311985, 0.006006261749918574, 0.9791593903789293, 0.007359378805520891], [0.006585479792124776, 0.0036369343233067695, 0.012113599399951283, 0.9776639863846172], [0.03716843095029491, 0.9438227141649962, 0.011337756782129553, 0.007671098002579328], [0.048488716527858564, 0.9293920206405063, 0.015023111056423245, 0.007096151675211936], [0.013395011068139138, 0.007752741014784609, 0.009649516757533573, 0.9692027310595427], [0.030745439974243356, 0.014297645949625046, 0.9417331471771835, 0.013223766798948128], [0.012635861077592238, 0.007663892044384114, 0.9730414647115553, 0.006658782066468389], [0.019076320330525486, 0.005055001686832061, 0.012318336726916472, 0.963550341155726], [0.055700379276400556, 0.9275821839450389, 0.010467495797791238, 0.006249940880769292], [0.06072543606095309, 0.920762128445535, 0.01159140941825384, 0.006921025975258153], [0.026203831508721593, 0.00824590022642091, 0.012188166310603085, 0.9533621018542544], [0.027338184439020946, 0.01291333326280748, 0.9488739379187947, 0.010874544279376883]], "ideal": "B", "sampled": "B", "correct": true}}
{"type": "result", "data": {"idx": 2, "options": ["Homeostatic regulation", "Goal-setting", "Expectancy-value", "Hierarchy of needs"], "probs": [[0.0017891448915298566, 0.002059311283579643, 0.009374213799951164, 0.9867773299249394], [0.002525574120570134, 0.005516494752205945, 0.9876613845913533, 0.004296546435870531], [0.001657779691735369, 0.0019381582936168695, 0.0077859875590934515, 0.9886180743555543], [0.00200002385423089, 0.005609310727241674, 0.9887116603357065, 0.0036790049828209436], [0.006302879057761966, 0.9805279761438306, 0.009463220633282908, 0.0037059240651245292], [0.005924105952599866, 0.9810350451922274, 0.009768652306865555, 0.00327219644830716], [0.001437164375406023, 0.0021239598859725396, 0.009975469780477463, 0.986463405858144], [0.0021594546895950003, 0.005962607158060413, 0.9873059082285487, 0.004572029823795906], [0.0014381772598915268, 0.002158972771368011, 0.009232463759173333, 0.9871703861095671], [0.002060126818491338, 0.00560009994710828, 0.9870785898277079, 0.0052611833066924275], [0.0044166119958491705, 0.9841976958409627, 0.007998698513286521, 0.003386993549901549], [0.004405200480974275, 0.9816218017550178, 0.01008483953673127, 0.003888158127276704], [0.001708867533199416, 0.0021602045383286375, 0.008411063647204753, 0.9877198641812672], [0.0017933796253811554, 0.005611080357149883, 0.9890286213321702, 0.003566918585298778], [0.001531315556532913, 0.0021260269746405614, 0.008950673363767427, 0.9873919840050591], [0.00219374170796118, 0.005963262567585085, 0.987411189636393, 0.00443180598806079], [0.004285011126073378, 0.9851751675185505, 0.00763990663876396, 0.00289991461661214], [0.004766536100131423, 0.9823317250945915, 0.009188962467598755, 0.0037127762376782595], [0.992554816731893, 0.003416122105978253, 0.0021715867773316436, 0.0018574742847970484], [0.9936493674670567, 0.002925219491574673, 0.001859525342412068, 0.0015658875989565833], [0.9915969356951608, 0.0036329303348069278, 0.0026999651413971053, 0.0020701687286351473], [0.9908180944322559, 0.00386415729064372, 0.0025343377638704693, 0.002783410413229945], [0.9933095323092193, 0.0031618325671497667, 0.0018881698561530632, 0.0016404651674779523], [0.9920549920770155, 0.0036345836457414627, 0.0020710730317629322, 0.002239351145480066]], "ideal": "D", "sampled": "D", "correct": true}}
{"type": "result", "data": {"idx": 3, "options": ["measures what it purports to measure", "yields consistent results on successive administrations", "has been piloted and statistically analyzed", "includes norms based on a representative sample of the general population"], "probs": [[0.9736518367123335, 0.005789988735656417, 0.00709486434313388, 0.013463310108876279], [0.9763814027174353, 0.005124038148874459, 0.006579998163202101, 0.011914560870488118], [0.9707227425155348, 0.006748750392943375, 0.008015199627046074, 0.014513307364475687], [0.9746781966291798, 0.0061698546140785595, 0.007442896564548446, 0.011709052092193242], [0.9760441082432885, 0.005625655228266641, 0.006786400330374142, 0.011543836098070775], [0.9737840144714363, 0.006359873088730983, 0.007207249131109358, 0.012648863208723354], [0.0072827630880484846, 0.9691672676833165, 0.012784570278285286, 0.010765398850349692], [0.0064418170349055, 0.9713522123490741, 0.0122269007450411, 0.009979069770979277], [0.005707020345169975, 0.00656887309085563, 0.9750611279591949, 0.012662978504779591], [0.003170584477568557, 0.002886990008999169, 0.012938451611529558, 0.9810039738019027], [0.005873632093608553, 0.008028610530158062, 0.9726511143918388, 0.013446642884394552], [0.003572477137280212, 0.003628883160078262, 0.017312386800830193, 0.9754862528018113], [0.008365390011203672, 0.9671504155849198, 0.014232812932002561, 0.010251381371873994], [0.007528655546379006, 0.9709859305626456, 0.013215546935903351, 0.00826986685507203], [0.006768751241142877, 0.0073189645340363835, 0.9738441516816813, 0.012068132443139474], [0.003929477928409724, 0.003577998626552253, 0.015542285684072293, 0.9769502376609657], [0.007292206384380096, 0.008796291038402225, 0.970286310110107, 0.01362519236711068], [0.003327549058671863, 0.0031753360106553845, 0.011083012587803677, 0.9824141022428691], [0.009714256455947399, 0.960626345207603, 0.016787926452646058, 0.01287147178380344], [0.010649611062522518, 0.9588638978428139, 0.01783790781814822, 0.012648583176515411], [0.006451731853508926, 0.0075431097148812, 0.9727654322111859, 0.013239726120423923], [0.004721144248564666, 0.00410200012620868, 0.018098872363909294, 0.9730779831613173], [0.00849397571953015, 0.00918438004389878, 0.966697214136652, 0.015624429999919124], [0.005131159084756044, 0.0044582631437407975, 0.012309720996438503, 0.9781008566750646]], "ideal": "A", "sampled": "A", "correct": true}}
{"type": "result", "data": {"idx": 4, "options": ["the provision of a free, appropriate public education for students with disabilities", "the provision of bilingual education for English-language learners", "schools being held responsible for providing tests that do not discriminate on the basis of race", "the assignment of similar funding to athletic activities for boys and girls"], "probs": [[0.9668691452743752, 0.009187185120344964, 0.010575348554015148, 0.013368320951264688], [0.9605051564360331, 0.011537223465696304, 0.012672253329447875, 0.01528536666882269], [0.9650584647083705, 0.009761381152962226, 0.01141325034057048, 0.013766903698096767], [0.9700729602283655, 0.008392755246177585, 0.009511173115963579, 0.012023111309493304], [0.9594584130604197, 0.012461099960982429, 0.01207888706182527, 0.01600159981677258], [0.9674116505835845, 0.0096334999234221, 0.009786236837165797, 0.013168612555827618], [0.23254099901638833, 0.6729191496452606, 0.048746679243141446, 0.04579317199520965], [0.2289702147016437, 0.6322379111611415, 0.06560462712585531, 0.07318724691135955], [0.09606591599722403, 0.018916502175034988, 0.84304661028022, 0.04197097144752095], [0.03845170093327683, 0.007454466915029579, 0.02225556942474835, 0.9318382626269452], [0.05578341717419879, 0.011511689072276763, 0.8864549414047296, 0.04624995224879482], [0.05265447638890322, 0.011566892690131494, 0.03095560571342958, 0.9048230251075357], [0.3039631786645377, 0.5504317180554043, 0.05985927097162906, 0.08574583220842896], [0.2346163645725639, 0.5717049496066302, 0.07383200110495873, 0.11984668461584712], [0.027502999021487128, 0.00879067158909812, 0.9398090986375345, 0.023897230651880298], [0.013018627924803286, 0.003343617387424141, 0.011854384260474126, 0.9717833703272984], [0.05109906225966364, 0.011051180961661375, 0.837789360051238, 0.10006039662743689], [0.007983616229012105, 0.002434990269892354, 0.007046011456048062, 0.9825353819450475], [0.29729340141929683, 0.45333392436740716, 0.0851805899619944, 0.16419208415130157], [0.25940042924820494, 0.48464411853357653, 0.10814087917424318, 0.14781457294397532], [0.02580697709253634, 0.008120733850495781, 0.9241790322991622, 0.04189325665780567], [0.020782512487025527, 0.005954526527634767, 0.017501815263435083, 0.9557611456219046], [0.08283472728241087, 0.0199849175270693, 0.704559021516478, 0.19262133357404182], [0.01005019240878864, 0.003017778302375657, 0.008463765291487332, 0.9784682638973483]], "ideal": "C", "sampled": "A", "correct": false}}
{"type": "result", "data": {"idx": 5, "options": ["0%", "25%", "50%", "75%"], "probs": [[0.27068035581920186, 0.3317200094850933, 0.25039698551786926, 0.14720264907783556], [0.234533302923433, 0.2874257478597704, 0.2576414865700606, 0.22039946254673598], [0.2572298645715976, 0.2738814055645766, 0.3103658556627806, 0.1585228741010453], [0.2944765090647906, 0.3235016166840347, 0.20886392889318373, 0.17315794525799091], [0.23221858535526363, 0.2673313995133157, 0.3432788056769059, 0.15717120935451478], [0.18344897426624593, 0.23930817903818657, 0.44712552738930705, 0.13011731920626046], [0.21533162087538663, 0.3496025968141461, 0.3233295260296219, 0.11173625618084536], [0.20962767853901054, 0.30987916988555975, 0.31971789954156743, 0.16077525193386227], [0.24117117346411757, 0.33491919439421275, 0.28646255390350056, 0.13744707813816912], [0.2593526724010929, 0.37159682635539437, 0.2117218727382055, 0.15732862840530723], [0.24508900937967354, 0.36231186982346425, 0.2529199719176096, 0.1396791487792526], [0.1957056802416176, 0.23244965142702292, 0.49214139895638215, 0.07970326927497733], [0.25707771988506706, 0.35147144863262575, 0.273728128141685, 0.11772270324062217], [0.30189429529832607, 0.35860260474687633, 0.2174989263495221, 0.12200417350527551], [0.27582072797906804, 0.3487538941041478, 0.2673919756831763, 0.10803340213360783], [0.2711009701152318, 0.3945470481310154, 0.224800573451693, 0.10955140820205982], [0.3214934207245177, 0.25437280206237056, 0.30208662320046265, 0.12204715391264905], [0.29035695302723447, 0.2685879964638881, 0.32909475527785115, 0.11196029513102634], [0.2173558227192444, 0.31140826737411875, 0.35844702902813874, 0.11278888077849812], [0.21687695058684964, 0.28292306833234826, 0.3928171039305142, 0.10738287705028784], [0.2715101484542909, 0.27156161706965093, 0.32249134678816616, 0.13443688758789205], [0.22863124990058215, 0.23592623278899777, 0.43397514320966496, 0.10146737400075513], [0.2256688525824076, 0.4351143337749168, 0.22571844364796423, 0.11349836989471138], [0.22115886710642615, 0.4132875316942316, 0.262686002406167, 0.10286759869317519]], "ideal": "A", "sampled": "C", "correct": false}}
{"type": "result", "data": {"idx": 6, "options": ["variance", "mean", "range", "median"], "probs": [[0.9855425737182868, 0.009968769517413833, 0.0023494911794873724, 0.002139165484812036], [0.9841237750309578, 0.011104957297728126, 0.0024974136831772257, 0.0022738538881367618], [0.9843919402264905, 0.011107909634281932, 0.0023467333819862505, 0.0021534166572413013], [0.9876682099906399, 0.008816422439653332, 0.0016959479296532202, 0.001819419540053608], [0.9828677842203227, 0.011442805026480974, 0.0032530453173449272, 0.00243636533585134], [0.98428406865168, 0.010433803581090391, 0.002764801798785461, 0.002517325868444049], [0.008362959880661458, 0.9819442407064295, 0.006616067456873105, 0.0030767318560358985], [0.007734820354232802, 0.9819949415527629, 0.006616366788157884, 0.00365387120484643], [0.00538770221058883, 0.0087454247499273, 0.9797615745533045, 0.006105298386179366], [0.0033774776939186966, 0.003595532210017209, 0.011426152849185597, 0.9816008371468785], [0.0045530035669406905, 0.006729114357520255, 0.9832257745657464, 0.005492107409792642], [0.005347094010012827, 0.005431633877676597, 0.016729977315911887, 0.9724912946963987], [0.016671191550466345, 0.9690240904463461, 0.009955503018193488, 0.0043492148849940465], [0.011728960252064295, 0.9765668646838934, 0.00745592183530168, 0.004248253128740605], [0.004678164514110932, 0.008877924511426539, 0.9791979212946506, 0.0072459895798119775], [0.004209908350533911, 0.004412213950765835, 0.023481486519726688, 0.9678963910789735], [0.0038285754167238974, 0.00557073864583561, 0.9818366292392561, 0.00876405659818438], [0.003858169673496414, 0.0037985978593873216, 0.018121372438209268, 0.974221859928907], [0.009549080355704996, 0.9741251783398768, 0.011884714656637712, 0.004441026547780555], [0.008081309552995578, 0.9789897866894539, 0.008603007591887205, 0.004325896065663296], [0.005993097829788459, 0.009728060901079607, 0.9769356968860682, 0.007343144283063787], [0.009085941830374276, 0.01166723918517286, 0.037661003860746584, 0.9415858150237063], [0.006772629859223147, 0.008298325281985148, 0.9742737329815743, 0.010655311777217395], [0.006358285273210123, 0.006875373752176306, 0.028054730446828775, 0.9587116104277847]], "ideal": "A", "sampled": "A", "correct": true}}
{"type": "result", "data": {"idx": 7, "options": ["They need provide supervision only to school psychologists who are not fully certified or licensed and to any school psychology interns.", "They should provide professional but not administrative supervision.", "They are eligible to serve as supervisors after one year of experience as a school psychologist.", "They should hold the Nationally Certified School Psychologist credential or the state school psychologist credential."], "probs": [[0.18964207170497377, 0.13033896683343216, 0.19566735623310355, 0.4843516051284905], [0.20570538322938633, 0.17595011959849266, 0.3236410223028963, 0.29470347476922465], [0.17081967885378785, 0.090014618850456, 0.25246251943595066, 0.48670318275980545], [0.18969103268072687, 0.1187043237857059, 0.4480118650939412, 0.24359277833962603], [0.2058053345147401, 0.28573996251556866, 0.24826227495962702, 0.26019242791006425], [0.2199399107492594, 0.31506075513011444, 0.24156951181947933, 0.22342982220114682], [0.1767254471602144, 0.09026172756246126, 0.17129012940601246, 0.5617226957713118], [0.21117414300560067, 0.14742220325320182, 0.3481803743598595, 0.293223279281338], [0.209957475716692, 0.11063935359267117, 0.1911704795354807, 0.48823269105515615], [0.21440633917132765, 0.13628356969683908, 0.3119696862367563, 0.33734040479507693], [0.21858232885525808, 0.2941447452289057, 0.21520517443642925, 0.2720677513794069], [0.21951702889145766, 0.29082024961246306, 0.18485981775043997, 0.3048029036456393], [0.16649734102377306, 0.09052113779925357, 0.31106428467591396, 0.4319172364010594], [0.18481309985477984, 0.12311077300138161, 0.44336081207372946, 0.2487153149701091], [0.18482367554825294, 0.1231193756701659, 0.17362838852436252, 0.5184285601572186], [0.18508780000743116, 0.18508821723994454, 0.3099814951109849, 0.3198424875416394], [0.19582367233201148, 0.3080830321612287, 0.23255594418935907, 0.26353735121740074], [0.1790130260554796, 0.2951505437920799, 0.248547758903865, 0.27728867114857547], [0.32192085149409366, 0.17230673646117958, 0.24300789064742598, 0.26276452129730077], [0.33280541001782343, 0.19872347120189632, 0.2287423359191109, 0.23972878276116935], [0.36650684472233674, 0.18142911789987162, 0.19618117807333843, 0.2558828592044532], [0.359631779781396, 0.1865715245290148, 0.17803636355136931, 0.2757603320382199], [0.3215353440688084, 0.18320367955516073, 0.22447582742598265, 0.27078514885004823], [0.3087150752235688, 0.1576725989422482, 0.24807174501322535, 0.28554058072095767]], "ideal": "D", "sampled": "D", "correct": true}}
{"type": "result", "data": {"idx": 8, "options": ["at the beginning of the list", "in the middle of the list", "at the end of the list", "distributed throughout the list"], "probs": [[0.08273647616878671, 0.020594527674340914, 0.8099613679326809, 0.08670762812419147], [0.04546743732535882, 0.012626834494702734, 0.028454811014104776, 0.9134509170658337], [0.27692842480751223, 0.14144025741593258, 0.3555913269164215, 0.22603999076013373], [0.1624516458070117, 0.07673955993851884, 0.07673973130187894, 0.6840690628525905], [0.03324922919880821, 0.009090476583844728, 0.030275365676456435, 0.9273849284408906], [0.08508794880845001, 0.025548469279404868, 0.3996506042632653, 0.48971297754887977], [0.10175544187202724, 0.05707849326860774, 0.7063577805967092, 0.1348082841626558], [0.035088874297993324, 0.01251238168655693, 0.018492052177381074, 0.9339066917380687], [0.2365338143588567, 0.14572364277661157, 0.40236302589061307, 0.21537951687391865], [0.20808085332039464, 0.1242550658104351, 0.06547753365850877, 0.6021865471106614], [0.020502579429353414, 0.005874555368008344, 0.03077968168171959, 0.9428431834209187], [0.05501147520056461, 0.013067167726289297, 0.05765464661752774, 0.8742667103556183], [0.21340096948699352, 0.0961860610233648, 0.3986970364066288, 0.2917159329830129], [0.11411809687398537, 0.047573946060695455, 0.05828909820983579, 0.7800188587554834], [0.16842855307425503, 0.03214431602969989, 0.6661857291873639, 0.13324140160868125], [0.1267719725401096, 0.030586628604208688, 0.05368120750398705, 0.7889601912516947], [0.09013524073457961, 0.023884360189663844, 0.23017706403399465, 0.6558033349417619], [0.09459547264622488, 0.020780912126859764, 0.04132806598668019, 0.8432955491402352], [0.04794218194242217, 0.01763801576759055, 0.0436544102379294, 0.8907653919520578], [0.10117664413282247, 0.07637198439308186, 0.5058670156509535, 0.3165843557231422], [0.07036148404156234, 0.01697623451869121, 0.1072911903503827, 0.8053710909893638], [0.09675895211581295, 0.026869765621535223, 0.13860419513012542, 0.7377670870325264], [0.1850513247223119, 0.10219563695057948, 0.31479043234404785, 0.39796260588306076], [0.18653122661935345, 0.07419842315024776, 0.08811340283212925, 0.6511569472982696]], "ideal": "A", "sampled": "C", "correct": false}}
{"type": "result", "data": {"idx": 9, "options": ["Piaget's cognitive development theory", "Erikson's psychosocial stage theory", "Kohlberg's moral development theory", "Ainsworth's social attachment theory"], "probs": [[0.0034405286770108436, 0.984706345096837, 0.004217044673063503, 0.00763608145308872], [0.0021728719552116297, 0.9859676346324208, 0.0040927226593917825, 0.007766770652975788], [0.0031392529638101757, 0.0035023125335246624, 0.9866068226672833, 0.006751611735381911], [0.0018117092124058634, 0.0018259292272175388, 0.004590150326657677, 0.9917722111337189], [0.002639774689784919, 0.0036083712662477764, 0.9852288058916867, 0.008523048052280558], [0.002455175623190269, 0.0019422838245434194, 0.004515758718798322, 0.991086781733468], [0.993060688457804, 0.002461762965204789, 0.001815551383006012, 0.002661997093985131], [0.9941791929250955, 0.0020753867070545697, 0.0015186969014830477, 0.002226723366366831], [0.9925197098628977, 0.0028098918039858294, 0.0019467652960443109, 0.0027236329370721596], [0.993032181136266, 0.002559763440526143, 0.001787403408283104, 0.002620651914924752], [0.993145099105497, 0.002423809120531759, 0.0017057217035312791, 0.002725369970439941], [0.9924577590294321, 0.002681019980050628, 0.0019164685150511896, 0.002944752375466105], [0.003137256428833555, 0.004156396959028044, 0.9859591087243978, 0.006747237787740506], [0.0018404069308348122, 0.0019590908392283666, 0.004312505523148408, 0.9918879966067884], [0.002585814736804263, 0.9880723408917026, 0.0038228174849396206, 0.005519026786553476], [0.001981524438669035, 0.9874841772755805, 0.0038809430167758585, 0.006653355168974649], [0.002285531553091684, 0.002081037112376056, 0.005790791511962182, 0.98984263972257], [0.002827352703884801, 0.003956344108131081, 0.9835746610214899, 0.009641642066494207], [0.003034040018881291, 0.004082952983880578, 0.9838233330299646, 0.009059673867273552], [0.0028915818181951326, 0.0021155761207558507, 0.004374824119434947, 0.9906180178416141], [0.0020276167914616513, 0.9870555720783855, 0.004161656289061867, 0.006755154741091054], [0.0022791225050962324, 0.9868283487738768, 0.004032714137078759, 0.006859814483948131], [0.0025089027006291575, 0.002080014024577412, 0.00606567964388575, 0.9893454035309077], [0.0029426445242237208, 0.0036623014019760945, 0.9844700507523693, 0.008925003221430965]], "ideal": "B", "sampled": "B", "correct": true}}
{"type": "result", "data": {"idx": 10, "options": ["aptitude", "projective", "achievement", "intelligence"], "probs": [[0.08480323737035814, 0.05828363882045536, 0.6882468974086008, 0.16866622630058575], [0.06687573442499249, 0.04524884439923144, 0.5687822783733196, 0.3190931427024565], [0.15076040403946453, 0.6652364431507141, 0.0628517074604829, 0.12115144524933848], [0.15957215902318728, 0.6718772849328172, 0.10798027687126265, 0.060570279072732894], [0.08121009120960582, 0.0603501140565895, 0.06325082277160528, 0.7951889718621994], [0.09739064806505743, 0.12902362162731712, 0.7310360993072964, 0.04254963090032901], [0.09640268307260266, 0.10754481037036603, 0.6797583153146114, 0.11629419114241984], [0.10749699174282848, 0.07273542880284609, 0.2385044544696722, 0.5812631248846533], [0.20200102917317056, 0.2893582495948918, 0.27611686953773007, 0.23252385159420752], [0.14216052629839712, 0.1943090942743912, 0.46614488058248754, 0.19738549874472416], [0.14372900555273088, 0.33945230657795944, 0.155419473496019, 0.36139921427329064], [0.13193312679202654, 0.3422184688171796, 0.3939031479531952, 0.1319452563375986], [0.32215761895118994, 0.23569732726469036, 0.11487547221468906, 0.32726958146943064], [0.36453510677737483, 0.2975279257509045, 0.2428419779217896, 0.09509498944993108], [0.22912451281156926, 0.13260538677133193, 0.3661524896530852, 0.27211761066401363], [0.10973233237961831, 0.08154207847753979, 0.6515328592215338, 0.15719272982130808], [0.25738570091534724, 0.4734180271152101, 0.19429290292704288, 0.0749033689423998], [0.2570077948989023, 0.5032097438136766, 0.11054497952327956, 0.12923748166414156], [0.1669036708340406, 0.09509916284856318, 0.08795857935727201, 0.6500385868601242], [0.1547689220406501, 0.1837953424759249, 0.6026882246935995, 0.05874751068982541], [0.11534191366102703, 0.059838915539984786, 0.15044502520131448, 0.6743741454976737], [0.13491865187019064, 0.10507390765844629, 0.6047047015595897, 0.15530273881177345], [0.32377972954418194, 0.41575765295820044, 0.17331670093802423, 0.08714591645959341], [0.31741798393857223, 0.41400558369200285, 0.11143191323703686, 0.15714451903238802]], "ideal": "C", "sampled": "C", "correct": true}}
{"type": "result", "data": {"idx": 11, "options": ["proximity and similarity", "top-down processing and bottom-up processing", "binocular and monocular cues", "size and shape constancy"], "probs": [[0.09788809658525217, 0.18288747955697068, 0.5722635514841984, 0.1469608722735787], [0.07970215557542981, 0.12937523712507834, 0.12345404452610881, 0.6674685626733831], [0.0645642052186223, 0.786713594218547, 0.07668559940371769, 0.072036601059113], [0.07782731717561298, 0.7047349599868161, 0.09687564977405339, 0.12056207296351754], [0.09091475063207756, 0.08278204684879674, 0.20489663341596592, 0.6214065690031597], [0.07790245918077879, 0.14107272132619675, 0.5757427257896605, 0.20528209360336397], [0.13051500720693351, 0.14334687375562105, 0.5850056322078178, 0.1411324867296277], [0.13129154651758826, 0.0808883490614287, 0.13129923551636252, 0.6565208688046206], [0.27223759785463875, 0.594679710974384, 0.05980791501174356, 0.07327477605923366], [0.31531950593328734, 0.5281103213489168, 0.08621079409593421, 0.07035937852186168], [0.15537397113651294, 0.11728784482193286, 0.06278074208039082, 0.6645574418611634], [0.18247027557403334, 0.29619979634750393, 0.4309922722222138, 0.09033765575624893], [0.7659690151053912, 0.16566104691574235, 0.034185885360819276, 0.03418405251804724], [0.7705796611769459, 0.14034199085879637, 0.04280130745930735, 0.04627704040495036], [0.8742971429198317, 0.08793617194439615, 0.01962110640962938, 0.01814557862614279], [0.8526294778964228, 0.09870500061397593, 0.026984222079810927, 0.021681299309790313], [0.8803465379410137, 0.08582282988109059, 0.01468231524897657, 0.01914831682891908], [0.8580425300890981, 0.10573905606871078, 0.018957968622804355, 0.017260445119386746], [0.08244241519594787, 0.054919998635522015, 0.18291994527656177, 0.6797176407919683], [0.05630966584965382, 0.0781824728971492, 0.7304053224220028, 0.1351025387311941], [0.07632356909764847, 0.07059118922314149, 0.05761595463778577, 0.7954692869414243], [0.11040773072371071, 0.11041125484851651, 0.7200800555266115, 0.059100958801161285], [0.07376892668529716, 0.8184195769817466, 0.04270144869715987, 0.06511004753579634], [0.10501075022835245, 0.8007024675461203, 0.05118604480578417, 0.0431007373197431]], "ideal": "C", "sampled": "C", "correct": true}}
{"type": "result", "data": {"idx": 12, "options": ["be paralyzed", "fall into a coma", "suffer severe speech impairment", "die"], "probs": [[0.6215796238464056, 0.13653589275097833, 0.0665475626764372, 0.17533692062617887], [0.6213148646533593, 0.09984744041614316, 0.17254051050187766, 0.10629718432861988], [0.526072497352616, 0.09579927727508608, 0.1875857459283077, 0.19054247934399018], [0.43131519323704065, 0.08492589930920184, 0.30112112238497873, 0.18263778496877872], [0.5772287931048137, 0.17062105490976626, 0.14368914280421824, 0.10846100908120185], [0.4657003283034971, 0.23784981665616955, 0.10230498014857535, 0.194144874791758], [0.7485484609088536, 0.05682328893199628, 0.06854760565011832, 0.1260806444090318], [0.7291979951993142, 0.04809238123619302, 0.145853120353831, 0.07685650311066179], [0.7255085001829668, 0.04710716683531854, 0.12607773949319373, 0.10130659338852092], [0.6493607967823599, 0.04350089022076889, 0.2075553412494921, 0.09958297164737916], [0.7039306706683437, 0.09378273714302876, 0.09090656718517322, 0.11138002490345432], [0.6939817121972683, 0.0984205312810805, 0.06660164196571507, 0.14099611445593607], [0.19662563207827263, 0.23350122220712569, 0.30935799611458087, 0.2605151495000208], [0.19004776148230038, 0.124633509642342, 0.46311266605731005, 0.22220606271804758], [0.19549555167077712, 0.5483121438763235, 0.11315234341539941, 0.14303996093749996], [0.1961533158248209, 0.36079484758337727, 0.2854253989981106, 0.1576264374936912], [0.1847521094011107, 0.4363381629200272, 0.14166173548565894, 0.23724799209320319], [0.16602217154100815, 0.3460309608241878, 0.27805508008963115, 0.2098917874451729], [0.6656030465414335, 0.0782568162471538, 0.15564739818541953, 0.10049273892599306], [0.5995410814179207, 0.09485407384700412, 0.08503485660227575, 0.2205699880327994], [0.5166270213299989, 0.3084886417749287, 0.06992057069318505, 0.10496376610188732], [0.5787051168588164, 0.23749325547803957, 0.05056869478770231, 0.13323293277544165], [0.6265675518268753, 0.06301012728493323, 0.08348384623115652, 0.22693847455703492], [0.6073546227993796, 0.06708066709918521, 0.11235301605671613, 0.21321169394471903]], "ideal": "D", "sampled": "B", "correct": false}}
{"type": "result", "data": {"idx": 13, "options": ["achievement", "standardized", "projective", "triarchic"], "probs": [[0.030288650735411055, 0.9423482137018366, 0.016729575209755806, 0.010633560252996534], [0.02900581655330937, 0.9457491738130313, 0.015528096937350234, 0.009716912596309137], [0.008985580909044952, 0.02122110694889522, 0.9457438026381906, 0.024049509403869268], [0.004845595396039789, 0.0031778914480797326, 0.008774603614001803, 0.9832019094418787], [0.012822452967280419, 0.029813096310626383, 0.9275477035266992, 0.029816747095393916], [0.005133199400273507, 0.003697406760190804, 0.012705317659198549, 0.9784640760803371], [0.9881201381220328, 0.004298816845465664, 0.004435656054772845, 0.003145388877728686], [0.9907653372813773, 0.0034634845451164704, 0.003463762079278249, 0.002307415994227987], [0.9895636646386013, 0.0035690600620743498, 0.004172959237957956, 0.002694315961366303], [0.9903611032552763, 0.003516567648134715, 0.003628469322830665, 0.002493859673758321], [0.9924438732266796, 0.0027019535562968246, 0.0029677243845781715, 0.0018864487324453602], [0.9913606933517524, 0.0030583458449780073, 0.0034120633333117024, 0.0021688973699578863], [0.010170648605864788, 0.022214795957416288, 0.9446919374727027, 0.02292261786401619], [0.0045514485643864035, 0.0033299953210859014, 0.009051978922530901, 0.9830665770919967], [0.019533760596054, 0.9561178246398176, 0.015945697341660924, 0.008402717322467413], [0.022767133354471995, 0.9531857876379437, 0.014702048931678913, 0.009345029975905356], [0.005502445420308584, 0.004352891191461505, 0.02012756392620508, 0.9700170993620248], [0.007925124978391845, 0.0132722400601464, 0.9600836803563887, 0.018718954505073097], [0.016211230276000566, 0.042048610664334005, 0.9132853728489634, 0.028454786110702082], [0.007298506530488163, 0.0047866209789098795, 0.016707227091369476, 0.9712076452992324], [0.04180062984947104, 0.9222123137579656, 0.023820678058183834, 0.012166378234379518], [0.046976786620639456, 0.9146148791717712, 0.023624614150310773, 0.014783719957278525], [0.008080539812044804, 0.005730089167841607, 0.022311750368322312, 0.9638776205517913], [0.010309691664687355, 0.020185614247103755, 0.9427598828027495, 0.02674481118545946]], "ideal": "B", "sampled": "B", "correct": true}}
{"type": "result", "data": {"idx": 14, "options": ["discrimination", "spontaneous recovery", "trace conditioning", "generalization"], "probs": [[0.0039850338302502035, 0.004659032442151747, 0.016009965887540945, 0.9753459677400571], [0.009504461323665395, 0.01146498933723137, 0.9696724666732629, 0.009358082565840376], [0.004530220790920724, 0.005053839628993334, 0.011935991957112408, 0.9784799475229735], [0.009087560113503208, 0.01185297889716155, 0.9716415972005581, 0.007417863688777125], [0.01159951285063369, 0.965861088726902, 0.015611913162668266, 0.0069274851597960155], [0.013119039096633704, 0.9640520105309811, 0.015582684218032388, 0.007246266054352794], [0.0032051027546282393, 0.00545199289195134, 0.015054203035611521, 0.9762887012178089], [0.010750827788961657, 0.02311821369953869, 0.9529573684268902, 0.013173589984609452], [0.005873487853483261, 0.012433368833004823, 0.038904115934219136, 0.9427890272792928], [0.01815262290994993, 0.02767886469263654, 0.9312195985105647, 0.02294891378684883], [0.016534675527002312, 0.9315414774805639, 0.032890224188638295, 0.019033622703795498], [0.01378759713395725, 0.9369544193953258, 0.02919449597092937, 0.02006348739978762], [0.004056932209648547, 0.005128387580939925, 0.013302665495764802, 0.9775120146136467], [0.012233622496254995, 0.020810544701927784, 0.9569701649471353, 0.009985667754681913], [0.0050818462083765574, 0.00762847389649648, 0.03366030948251029, 0.9536293703126166], [0.018955981286373633, 0.020178362649977126, 0.9424916469760557, 0.01837400898759353], [0.02317984393312755, 0.9116489852364329, 0.04683240112628956, 0.01833876960415003], [0.016514454588989858, 0.9303456259821983, 0.034424466300368765, 0.01871545302844304], [0.7755899121429009, 0.1480096335564674, 0.04585578835504857, 0.030544665845583123], [0.8359011192852766, 0.09827714156144075, 0.04097235095535852, 0.024849388097924134], [0.716273684034826, 0.05352821340136456, 0.18979132668467094, 0.04040677577913839], [0.8455769857369989, 0.05321227286946114, 0.06520373997178301, 0.03600700132175698], [0.8656374215214074, 0.04242568090133795, 0.06886953859832622, 0.023067358878928388], [0.8739716777903503, 0.05248102780887495, 0.046319140771488264, 0.027228153529286477]], "ideal": "D", "sampled": "D", "correct": true}}
{"type": "result", "data": {"idx": 15, "options": ["the mere-exposure effect.", "self-serving bias.", "equipotentiality.", "the fundamental attribution error."], "probs": [[0.08975061782850766, 0.10996442875948076, 0.08301100198749321, 0.7172739513245183], [0.10191358107606234, 0.18167846309093344, 0.5509693149142932, 0.16543864081871093], [0.08647422878209304, 0.08123192553446648, 0.3998642742173281, 0.4324295713661124], [0.053996529722516, 0.06023609341347559, 0.6787496118127264, 0.20701776495128202], [0.0965424528308317, 0.7246624608554764, 0.11645948748032242, 0.06233559873336954], [0.07779356778533984, 0.7267183606589421, 0.07308768425830714, 0.12240038719741093], [0.10385651653287196, 0.062015390493880745, 0.07840052071024599, 0.7557275721630012], [0.09806396796795344, 0.09806220963080173, 0.6495811230472677, 0.15429269925397718], [0.11451840996810667, 0.07279118529380343, 0.11100017112129464, 0.7016902335167953], [0.04970212169160354, 0.057206785884587656, 0.8148893530994258, 0.07820173922438306], [0.1318595905417812, 0.7588898821492773, 0.05761022334752892, 0.051640303861412516], [0.11785900241720404, 0.7930339243859703, 0.048373976476741055, 0.04073309662008453], [0.09651327132213579, 0.13399273155779823, 0.33687043186633736, 0.43262356515372863], [0.06809356671727347, 0.11765289612304898, 0.6262207590508767, 0.18803277800880078], [0.08202656907691196, 0.3913451993231047, 0.12905059128793503, 0.39757764021204833], [0.06414998684778138, 0.39298293628440784, 0.4666819889864354, 0.07618508778137534], [0.04594189112412168, 0.8669881464535645, 0.04523538612275002, 0.041834576199563864], [0.043940683472612305, 0.8690215788236368, 0.05821852334376408, 0.028819214259986754], [0.8831120551495285, 0.032673177239683535, 0.061045212908829846, 0.023169554601958072], [0.8694306112265334, 0.04003211527698391, 0.03319009430214518, 0.05734717909433743], [0.8156071346471311, 0.1310787452352607, 0.030177180219109066, 0.023136939798499116], [0.8023907509753675, 0.15076437901668618, 0.025793550378244563, 0.02105131952970176], [0.8236246691150952, 0.05183422186769098, 0.056932226122111206, 0.06760888279510256], [0.7061578499162755, 0.06671623760695722, 0.19609997799335455, 0.031025934383412754]], "ideal": "D", "sampled": "D", "correct": true}}
{"type": "result", "data": {"idx": 16, "options": ["grounding a teenager for staying out past curfew", "spanking a child for misbehavior", "permanently revoking the driving privileges of a third-time DWI driver", "refusing to return the boss' phone call after not getting the expected raise"], "probs": [[0.17268544433774244, 0.10807017980925371, 0.21159346399575502, 0.5076509117572489], [0.16864458461008208, 0.19412050271534578, 0.42401803620309164, 0.21321687637148048], [0.1824055950217473, 0.13986305057420123, 0.2915065710547186, 0.38622478324933285], [0.20039736625344193, 0.20677063740895854, 0.3985743701484274, 0.19425762608917216], [0.24746777867382339, 0.2718072154307589, 0.2939034910532931, 0.18682151474212455], [0.28287832240146915, 0.2699411052230602, 0.18552886332034296, 0.26165170895512774], [0.19362329810217782, 0.11206734680309846, 0.199783244699374, 0.4945261102953497], [0.17938460140543533, 0.20327926867241483, 0.4042882560640367, 0.21304787375811318], [0.1884391903688819, 0.10571163891688855, 0.1689280867407671, 0.5369210838734624], [0.18846622388365042, 0.2135721327683162, 0.3521265439653913, 0.24583509928264213], [0.29259058394202403, 0.30190163397896796, 0.15909236430883386, 0.2464154176701742], [0.29214544407242204, 0.2702091456772997, 0.19160754343177042, 0.24603786671850783], [0.18570387744811553, 0.12179417181023905, 0.2538440671998294, 0.438657883441816], [0.21421983835939162, 0.18040117619617801, 0.35877841707456526, 0.2466005682698651], [0.19139473280925956, 0.1008641950749637, 0.1538003545383817, 0.553940717477395], [0.21586308202765062, 0.19965155718195018, 0.32407027962648094, 0.26041508106391825], [0.30290458326703795, 0.35973182617018745, 0.1386892692092497, 0.1986743212535249], [0.29549089409517687, 0.36206763722247454, 0.16319666832275384, 0.17924480025959472], [0.3565126795779086, 0.1792729118612138, 0.27336858478277476, 0.19084582367810285], [0.3920830248214573, 0.15596479408320982, 0.15596671633303227, 0.29598546466230063], [0.43746718480778163, 0.2132126678899797, 0.1293238304929878, 0.2199963167092509], [0.3828655836030277, 0.20494146948406294, 0.17257891850800455, 0.23961402830490477], [0.39330522980207594, 0.18871637530450033, 0.1718307363143425, 0.24614765847908118], [0.32542465659293746, 0.20049633677550377, 0.282753663507722, 0.19132534302383675]], "ideal": "D", "sampled": "D", "correct": true}}
