{"type": "result", "data": {"idx": 0, "options": ["ADD.", "AIDA.", "PESTLE.", "SWOT."], "probs": [[0.049859624954705584, 0.9264329187051886, 0.015692481959534155, 0.008014974280571624], [0.0491705519529426, 0.9280334598427039, 0.014767174464008952, 0.008028813640344532], [0.028290400542194345, 0.00947716002702154, 0.9518229453042413, 0.010409494026542855], [0.04030232834848292, 0.004117698366067543, 0.00871752379757464, 0.9468624493878749], [0.03146188905092912, 0.009301119140793943, 0.9488599900348077, 0.010377001673469218], [0.040971009612403526, 0.0038114214493423395, 0.007580219991098666, 0.9476373488471554], [0.9911161743911281, 0.0027841193090960715, 0.0027411282971250388, 0.0033585779026507417], [0.9916140570043867, 0.002382579757172222, 0.0025364314545932307, 0.003466931683847914], [0.9905081061601707, 0.0026968458940755833, 0.002870900986608039, 0.003924146859145654], [0.9897293649453653, 0.0029136541999209968, 0.0029138006503900095, 0.004443180104323633], [0.9909277345074918, 0.0023440329319197256, 0.0027405965949148024, 0.003987635865673614], [0.9878698577229478, 0.0032442689374157976, 0.003619420105583917, 0.005266453134052516], [0.04079604665364076, 0.07622759313179521, 0.8589856331695068, 0.023990726945057175], [0.04474769719768467, 0.028447774496949553, 0.013230748096446528, 0.9135737801089192], [0.061981934412888684, 0.9110720063377007, 0.016172330659225465, 0.010773728490185147], [0.05115153711455008, 0.9212201365450274, 0.015849322300439724, 0.01177900393998278], [0.03637946161391398, 0.006323221843141628, 0.2029434667876172, 0.7543538496553271], [0.03348574405158615, 0.011573645252768279, 0.933981415906707, 0.0209591946889385], [0.026684296326540253, 0.016963479454191233, 0.9409045847929097, 0.015447639326358835], [0.039049229166457096, 0.006179332519603144, 0.008186769388812114, 0.9465846688251276], [0.07074569309950712, 0.9034560506968062, 0.014602036513087266, 0.01119621959059932], [0.06366026649893794, 0.9069330450089711, 0.01584927799549687, 0.013557410396594107], [0.03835815335566787, 0.006666995370106258, 0.17193733802530967, 0.7830375131489162], [0.03665463174540789, 0.011901234297294415, 0.9308785944763635, 0.020565539380934257]], "ideal": "B", "sampled": "B", "correct": true}}
{"type": "result", "data": {"idx": 1, "options": ["The realm of understanding.", "Personal selling.", "Noise.", "Feedback."], "probs": [[0.0058217569149672166, 0.00425987124313139, 0.010059215880739315, 0.9798591558611621], [0.006443021463699716, 0.009979497812268482, 0.9415524167172808, 0.0420250639067509], [0.007830623190109237, 0.006594849457998326, 0.006099072480238205, 0.9794754547716542], [0.00891605698108495, 0.011812882547919635, 0.9683445565667564, 0.010926503804238952], [0.02055384784937691, 0.9309213195217106, 0.02293521360426974, 0.025589618924642735], [0.022072793091384907, 0.9391750938558514, 0.02747473390592315, 0.011277379046840535], [0.008364320369155402, 0.009187618894232126, 0.014680517902692312, 0.9677675427339202], [0.010370818220944298, 0.018489318623917568, 0.9192700977925092, 0.05186976526262887], [0.01046443318976002, 0.013024743159871318, 0.11790153688870272, 0.8586092866616659], [0.007968014379926933, 0.008351411026069412, 0.9654365513636632, 0.018244023130340428], [0.016780976516956172, 0.7365390794833157, 0.10607160079296926, 0.14060834310675893], [0.01133107042443449, 0.7582926294621374, 0.05845560986812746, 0.17192069014530068], [0.023668250827161688, 0.195148727131644, 0.020567350992396517, 0.7606156709487978], [0.026710593224476838, 0.3988567464016785, 0.5536217513656391, 0.02081090890820561], [0.013312725821509679, 0.010867239531823692, 0.05604827582854373, 0.9197717587181229], [0.007757958082488974, 0.008655457929585468, 0.9547535206179287, 0.028833063269996774], [0.015869600460289426, 0.9521863317701765, 0.021694169985655588, 0.010249897683878488], [0.015285978006797669, 0.9462151473584678, 0.017597325046105824, 0.02090154948862867], [0.4797290807512966, 0.35661723807668466, 0.05820911684561562, 0.1054445642264031], [0.6007405913517202, 0.2708293406488967, 0.10119046675625998, 0.027239601143123144], [0.285289087468982, 0.12081532769072925, 0.23288020244294635, 0.36101538229734237], [0.2253829437842764, 0.06874862750310828, 0.09250608417184576, 0.6133623444407695], [0.2946450781348485, 0.0927189312882131, 0.5860652468863577, 0.0265707435905806], [0.3801124932965132, 0.13138757448987212, 0.06403192781714143, 0.42446800429647324]], "ideal": "A", "sampled": "D", "correct": false}}
{"type": "result", "data": {"idx": 2, "options": ["In the late 1800s.", "In the early 1900s.", "In the 1920s.", "After the end of the Second World War."], "probs": [[0.23212019059183742, 0.3223147545887935, 0.27567817525737626, 0.16988687946199282], [0.249884486180322, 0.3310968976228007, 0.2787966561755896, 0.1402219599212877], [0.2525584659836686, 0.21603901360200603, 0.3733063284186789, 0.1580961918956465], [0.28287547823938214, 0.2535991072401125, 0.2918888330167706, 0.17163658140373478], [0.27252471850359195, 0.17873445417784137, 0.40282542109671393, 0.14591540612185275], [0.31598189940842064, 0.22061546473406166, 0.28328437032376647, 0.18011826543375123], [0.28883678976766003, 0.29804907449787155, 0.2432539317809317, 0.16986020385353673], [0.3071246055318372, 0.2931013913725353, 0.2546454591900138, 0.14512854380561369], [0.3016341581395508, 0.2207026150497239, 0.3161527765054339, 0.1615104502052914], [0.28750866648659945, 0.19761836526801893, 0.3109095096277225, 0.20396345851765907], [0.28308246169573004, 0.22395520410582226, 0.3692589186342109, 0.12370341546423679], [0.30236603628747166, 0.2506993264126016, 0.2546510251893873, 0.1922836120105394], [0.21462002074628606, 0.23944857357359697, 0.36513438273094956, 0.1807970228491674], [0.24435290294019704, 0.29021356804211607, 0.29478375438411536, 0.1706497745335715], [0.21828921137057372, 0.2716906368460762, 0.35994368787980763, 0.15007646380354248], [0.2229948308394652, 0.2775484579889319, 0.3145101619270324, 0.18494654914457045], [0.22049196214944294, 0.22398027954099017, 0.38103592250678725, 0.17449183570277965], [0.22310157278323917, 0.20314716079902737, 0.3736772314128782, 0.20007403490485529], [0.20707233503939243, 0.2920563046606604, 0.36920229376425073, 0.13166906643569645], [0.23419000649241145, 0.325191989872481, 0.2869764735869275, 0.15364152994818], [0.22431540152697627, 0.2663980384441345, 0.39993792172339765, 0.10934863820549154], [0.23957903680789785, 0.275780051919062, 0.289023399324125, 0.19561751184891513], [0.2177277854883, 0.20454618908448138, 0.3943112017872962, 0.18341482353992244], [0.21318747320502146, 0.17674084442631208, 0.3683943528525581, 0.24167732941610834]], "ideal": "C", "sampled": "B", "correct": false}}
{"type": "result", "data": {"idx": 3, "options": ["The level of tangibility associated with the type of product.", "Performance-value.", "Variations in supply and demand.", "The way in which the service is delivered."], "probs": [[0.20767116544554148, 0.1891247480918587, 0.3820488452529328, 0.221155241109667], [0.2868475572947776, 0.19718230964980157, 0.2780671375999866, 0.2379029953554342], [0.20305542343231878, 0.3620964830439318, 0.25275411822720883, 0.18209397519654055], [0.21898643528816447, 0.3555519613601882, 0.22597120506506424, 0.1994903981865831], [0.2820658343440481, 0.2032037346874563, 0.30503975887467194, 0.2096906719938236], [0.23777487517341145, 0.18521666248947932, 0.35700839222365266, 0.22000007001345656], [0.2112470810461579, 0.21129662740933738, 0.3594186168289756, 0.21803767461552914], [0.27043256563868706, 0.22076611547596126, 0.2662799099757215, 0.2425214088096302], [0.21607411953963687, 0.3194284153176227, 0.2908115126666325, 0.17368595237610784], [0.21067741511145485, 0.29256609079296325, 0.2541594505055899, 0.242597043489992], [0.23293789422977818, 0.17585944161621794, 0.3723028710798511, 0.21889979297415277], [0.21321934240231633, 0.16869750132647002, 0.335492571290118, 0.2825905848810957], [0.33464523647888, 0.22647621887928135, 0.27317291088393114, 0.16570563365790747], [0.3286505741356636, 0.21896992806569943, 0.23675289826690532, 0.21562659943173165], [0.2865666320678143, 0.20644578902836438, 0.32478211855104666, 0.18220546025277465], [0.2883933825263084, 0.18623389579332025, 0.2667571047688563, 0.25861561681151507], [0.2737097997136915, 0.17675275835485865, 0.34605934696820806, 0.2034780948632417], [0.2790787434573419, 0.17742238408274308, 0.2971194297636629, 0.2463794425962521], [0.2613544023582889, 0.2417642320012223, 0.30560563833075266, 0.1912757272097361], [0.22128425536327043, 0.21452608702421694, 0.34280285235791635, 0.22138680515459624], [0.20839269705162514, 0.1782763046875356, 0.4080962295066773, 0.20523476865416196], [0.18956113142205785, 0.164720194989663, 0.3654451126306154, 0.2802735608576637], [0.19559969913196495, 0.3030273525701718, 0.31754471902220777, 0.18382822917565542], [0.19454243197455381, 0.2875843260124535, 0.28310378539402115, 0.23476945651897155]], "ideal": "B", "sampled": "C", "correct": false}}
{"type": "result", "data": {"idx": 4, "options": ["found guilty under the Sherman Antitrust Act and face prison time", "found guilty under the Magnuson-Moss Warranty Act and face large fines", "found guilty under the Adamson Act and face prison time and fines", "found not guilty because retailers are allowed to set their own price levels"], "probs": [[0.884004638911542, 0.04007527813307245, 0.04267594067870675, 0.03324414217667877], [0.7784415308701049, 0.07829557928489445, 0.07831648561358003, 0.06494640413142064], [0.9063165816738749, 0.036258824301084534, 0.029607191789196543, 0.027817402135844098], [0.7857629421830319, 0.08412728207082848, 0.0665717179538281, 0.06353805769231152], [0.8421771996046759, 0.048264722547104635, 0.0522046006835261, 0.057353477064693424], [0.7659219020721597, 0.0723637353163676, 0.08463136231993751, 0.07708300019153513], [0.052973593375582204, 0.8828305461513966, 0.04751443683798061, 0.016681423535040634], [0.05190493484973204, 0.8649933272941799, 0.05615400495020192, 0.02694773280588619], [0.11540831667300443, 0.22254000684829892, 0.6146463774075623, 0.047405298971134324], [0.08654985672729561, 0.05677243757543467, 0.0839224318024312, 0.7727552737948385], [0.07364934183980176, 0.034794547826859805, 0.8304466882784964, 0.061109421954841925], [0.09335956672089261, 0.06939510027333794, 0.24607277257312082, 0.5911725603326486], [0.246526158299541, 0.6398101615216447, 0.07641562272927944, 0.037248057349534826], [0.19297777454247847, 0.6136074891902833, 0.11895701324006379, 0.07445772292717444], [0.1257706366390363, 0.04926316015713999, 0.7955343645084516, 0.029431838595372142], [0.09922389912680496, 0.040732433753656316, 0.09038216148400144, 0.7696615055355372], [0.15565717566670725, 0.097422132573715, 0.6661046295566379, 0.08081606210293987], [0.11088974566226675, 0.04999810736129931, 0.07991212456783, 0.759200022308604], [0.0689040859137998, 0.8401527278752491, 0.05627005462873464, 0.034673131482216436], [0.10715187552857651, 0.744325048639703, 0.09460515628749211, 0.053917919444228406], [0.059836088713442655, 0.03357178667490061, 0.8529094925726463, 0.05368263193901047], [0.0992314994006912, 0.06308962592118776, 0.26565802886386597, 0.572020845714255], [0.13482625379327967, 0.2767596460077674, 0.4354686308822089, 0.15294546921674404], [0.11827000101136129, 0.1183101223899642, 0.09215471628193657, 0.6712651602167379]], "ideal": "A", "sampled": "A", "correct": true}}
{"type": "result", "data": {"idx": 5, "options": ["A composite analysis of all environmental factors inside and outside the firm.", "A series of business decisions that aid in selling a product.", "The relationship between a firm's marketing strengths and its business weaknesses.", "A blending of four strategic elements to satisfy specific target markets."], "probs": [[0.00811437359200101, 0.0035451484795069074, 0.004845976906573077, 0.983494500921919], [0.00895851034339388, 0.006353064130688127, 0.957931542100691, 0.026756883325226986], [0.008971324231376249, 0.003005319288656025, 0.013260554582699138, 0.9747628017972686], [0.008029434896449335, 0.0038529215699644663, 0.9578030784776289, 0.030314564955957312], [0.010192882078744383, 0.9469712199260437, 0.02124816512014269, 0.021587732775069195], [0.011429498716106337, 0.9370861663440362, 0.02135786925699335, 0.03012646558286416], [0.008379943585413578, 0.002763693267716927, 0.004416592400362897, 0.9844397706465066], [0.009182120323965953, 0.0034314632507035712, 0.9516183967882498, 0.03576801953708068], [0.00775383880035111, 0.0028085206401236612, 0.004558919198548206, 0.984878721260977], [0.010253069839833585, 0.003599530383918162, 0.9525154425498087, 0.03363195712643953], [0.01783712231349616, 0.9296025754088729, 0.022204477627275978, 0.030355824550354956], [0.01802011896263285, 0.924566455201161, 0.024254796923389492, 0.033158628812816615], [0.007707433723170979, 0.0028803357072455004, 0.010372806897308516, 0.979039423572275], [0.007206260840157428, 0.0038575595871695382, 0.9440788210284952, 0.04485735844417782], [0.008234918312268517, 0.0042062868427565955, 0.004918087855803934, 0.9826407068891709], [0.009868187776807993, 0.0075667679212459895, 0.9458830605158108, 0.03668198368613519], [0.01163983391433705, 0.939533911178969, 0.021751130989162117, 0.027075123817531865], [0.011288650353779264, 0.9401227848411544, 0.025050664364743545, 0.023537900340322812], [0.9715434821937403, 0.006445355190035943, 0.008148710170492802, 0.013862452345730953], [0.9625744805231529, 0.007702811143937242, 0.009738559820080633, 0.01998414841282926], [0.9713421129292102, 0.0073019715128216246, 0.008537983751562209, 0.0128179317064059], [0.9672569017499943, 0.00811175814169039, 0.009939937832814485, 0.014691402175500726], [0.9610493021906745, 0.007690694974093225, 0.010350126888885109, 0.02090987584634713], [0.9624543677523777, 0.008071513755503261, 0.011563209686428209, 0.017910908705690808]], "ideal": "D", "sampled": "D", "correct": true}}
{"type": "result", "data": {"idx": 6, "options": ["Gatekeepers.", "Buyers.", "Users.", "Initiators."], "probs": [[0.9861209341049668, 0.005094642724313244, 0.004357815697383226, 0.004426607373336662], [0.9861613534013881, 0.005256595101744929, 0.004223880367452432, 0.00435817102941449], [0.9861269094468524, 0.005015698451704416, 0.004290255813226364, 0.004567136188216732], [0.9831043394777613, 0.006126468575485299, 0.004922906060437584, 0.00584628578631577], [0.9855080287242011, 0.005505180008879114, 0.004493304546677885, 0.004493486620241968], [0.9820341695522974, 0.006514502374607204, 0.005234735673578751, 0.006216592299516598], [0.029698149528478705, 0.938752509026609, 0.017736297792773775, 0.01381304355213853], [0.029241533081253233, 0.9388564550123353, 0.01830149620742723, 0.013600515598984243], [0.013130666419996016, 0.006603076458901612, 0.9649125317274394, 0.015353725293662917], [0.044565055971434786, 0.014696740694424228, 0.059039347472687735, 0.8816988557614532], [0.013296649054221201, 0.0081926218649828, 0.9619598606927857, 0.016550868288010244], [0.026372255214470147, 0.009552212235355443, 0.019294844543041336, 0.9447806879071331], [0.026389378732167686, 0.9451967362416468, 0.017582017713734802, 0.01083186721245075], [0.03016713393350702, 0.9387574605837486, 0.018300036767625042, 0.012775368615119327], [0.013256057416548471, 0.00842671891267006, 0.9590264066593469, 0.019290816911434507], [0.02918491059611091, 0.011792260076005317, 0.036320779879264214, 0.9227020493486195], [0.009325197944685167, 0.005745600472189368, 0.9663804222003818, 0.018548779282743694], [0.03245116594652455, 0.017370508043696536, 0.05876194367697253, 0.8914163822328064], [0.0110556158071973, 0.9648980781961293, 0.013977979652901302, 0.010068326243772073], [0.014138782514008602, 0.9610346039255346, 0.013284492416432146, 0.011542121044024604], [0.010537651507731137, 0.007243109788887146, 0.9637216202141072, 0.01849761838927451], [0.014260449614619343, 0.004852437303208949, 0.01145898693962839, 0.9694281260425434], [0.0072978910994771365, 0.0040941732052627786, 0.9710978193453604, 0.017510116249899586], [0.015800964218109902, 0.006691056359094624, 0.029520534223425262, 0.9479874450993702]], "ideal": "A", "sampled": "A", "correct": true}}
{"type": "result", "data": {"idx": 7, "options": ["Motive development.", "An attitude.", "A self-concept.", "Product evaluation."], "probs": [[0.6640684007934259, 0.1413902789212934, 0.11011750995011649, 0.08442381023516418], [0.563228487912122, 0.17448090015097079, 0.17177666722010412, 0.0905139446168031], [0.6289011005092675, 0.12578986115278581, 0.16152041547171794, 0.08378862276622873], [0.49267476101696356, 0.1502614505243951, 0.17295152148726187, 0.18411226687137944], [0.4919796136119605, 0.2892294313984793, 0.12635198610806522, 0.09243896878149495], [0.4379426803900253, 0.29634246006369663, 0.12352950032660749, 0.14218535911967056], [0.08326533063109529, 0.7307706205160579, 0.08070630195107005, 0.1052577468017767], [0.0661445488427339, 0.7453679497194573, 0.0876286036256885, 0.10085889771212035], [0.08949540832885321, 0.058691260131995666, 0.5928141761000764, 0.25899915533907475], [0.04385924776740243, 0.027879320497694992, 0.03310670380122257, 0.89515472783368], [0.03799876603115199, 0.039202057041594046, 0.6630983951234766, 0.2597007817037774], [0.04399373959280847, 0.03071306974846469, 0.04132813407291577, 0.883965056485811], [0.09414584399144298, 0.788429277797831, 0.06781450064877652, 0.04961037746194954], [0.07733094345760659, 0.7338172464612677, 0.07979055136580587, 0.10906125861531982], [0.08950476759131885, 0.084079709488697, 0.7040707802042083, 0.12234474261577578], [0.0797633617992538, 0.11248849540733877, 0.05070232321378062, 0.7570458194796268], [0.05962028003491409, 0.049424745321638916, 0.5928221366439338, 0.29813283789951317], [0.07031163258244467, 0.08614725233584819, 0.11061752091951811, 0.732923594062189], [0.04915969598577927, 0.7571836966777971, 0.08627878487981316, 0.10737782235661049], [0.05661487859842526, 0.6480169956618212, 0.0849901517031164, 0.21037797393663704], [0.02724612036527582, 0.030870984409042346, 0.713740551488495, 0.22814234363718683], [0.056081913197087684, 0.039151649772366064, 0.08033329217698529, 0.824433144753561], [0.046969315495284845, 0.040172881176838905, 0.5375274259051362, 0.37533037732274005], [0.04352050468365179, 0.03607976660934857, 0.05948523560190802, 0.8609144930050916]], "ideal": "A", "sampled": "A", "correct": true}}
{"type": "result", "data": {"idx": 8, "options": ["Promotion.", "Product.", "Target market.", "Pricing."], "probs": [[0.3428105124020951, 0.16707712413879497, 0.44720036804975716, 0.04291199530935279], [0.20582002355931173, 0.11017718089185222, 0.1329035957841593, 0.5510991996646768], [0.22656162756089607, 0.6160248700963805, 0.12320132919513983, 0.03421217304758358], [0.1973268658123746, 0.5892802388484056, 0.12159690078477675, 0.09179599445444306], [0.28952772461149473, 0.10819727200845147, 0.263658356841922, 0.33861664643813183], [0.18432507054396793, 0.09415043214624201, 0.5252414384349567, 0.19628305877483332], [0.1644664457593933, 0.20791457842210523, 0.5742114439502471, 0.05340753176825436], [0.12462652192607448, 0.08566245754929293, 0.10495966317794897, 0.6847513572466836], [0.17154825391347608, 0.6277078681548975, 0.15869302277539232, 0.04205085505623404], [0.20552892103312256, 0.5765892438487569, 0.13481811089413573, 0.08306372412398483], [0.12470361217492676, 0.081789684830185, 0.10835669610737918, 0.685150006787509], [0.17925931778634085, 0.20315142276567363, 0.443781471860458, 0.17380778748752748], [0.5253084379700296, 0.2224481883787418, 0.1994060307453251, 0.05283734280590351], [0.41487398739480713, 0.23642313478012966, 0.17569944260747583, 0.17300343511758734], [0.6071157084958998, 0.15592191202578554, 0.17395871033861277, 0.06300366903970185], [0.6206804055997028, 0.16446489461650904, 0.11663384995114891, 0.09822084973263928], [0.44858157323771586, 0.18411424361499257, 0.16504825143643298, 0.20225593161085859], [0.5208716159148461, 0.1828517980905996, 0.18003193227493808, 0.11624465361961625], [0.1672390773469276, 0.1453224504449577, 0.21815848863214996, 0.4692799834759647], [0.12170692078643942, 0.14010764135108367, 0.45945022774176464, 0.2787352100207122], [0.13661510056265955, 0.08684557124503771, 0.12440525272150352, 0.6521340753707993], [0.2431870883934958, 0.20804177532562063, 0.3651485795184688, 0.18362255666241475], [0.16260108834670453, 0.41534875076875305, 0.19618586288474715, 0.22586429789979526], [0.1891969647575058, 0.4832794213789047, 0.20144788029110233, 0.12607573347248713]], "ideal": "C", "sampled": "C", "correct": true}}
{"type": "result", "data": {"idx": 9, "options": ["Classical conditioning.", "Operant conditioning.", "Social learning.", "Behavioural learning."], "probs": [[0.1275842868178903, 0.09629813823566244, 0.6686586984277854, 0.10745887641866189], [0.15769103402842263, 0.16525878256782517, 0.5091265515343825, 0.16792363176936978], [0.24387369139014428, 0.3837152576168893, 0.251652290957875, 0.12075875993509146], [0.2159672331005308, 0.3505847375358665, 0.3345474525680201, 0.09890057669558264], [0.19453819384027526, 0.27868840510872245, 0.3523202292614557, 0.17445317168954666], [0.18607321379708178, 0.2793448269087873, 0.4395232796229483, 0.09505867957118261], [0.1235976637626396, 0.22033809944043434, 0.5627516121134529, 0.09331262458347307], [0.11759378847491347, 0.24129940746769862, 0.5271028915049749, 0.11400391245241298], [0.11569832522825971, 0.2527200933901096, 0.552051079636393, 0.07953050164523769], [0.13909401659206286, 0.30862049405942715, 0.41530925536119767, 0.1369762338873123], [0.11286024171267225, 0.22098216741530868, 0.5822709884995734, 0.0838866022724457], [0.1239855204987119, 0.24276445579597997, 0.5220811042752898, 0.11116891933001839], [0.23202403233151056, 0.2755496542707156, 0.3538399391094649, 0.13858637418830896], [0.18498477639495783, 0.24507098781044448, 0.47244654696780475, 0.09749768872679294], [0.12727703057985518, 0.09911961778663114, 0.6775158592566153, 0.09608749227689835], [0.1600544327345539, 0.1677336121590133, 0.541547544865508, 0.1306644101409247], [0.23972081064028783, 0.2360070540069792, 0.42739982478219707, 0.09687231047053589], [0.23507720229659115, 0.24254964289623912, 0.34207433458722203, 0.18029882011994772], [0.17405550180125137, 0.2454743534081079, 0.38621962066602894, 0.19425052402461182], [0.15534726709643826, 0.199468609639046, 0.5773102984632095, 0.0678738247013063], [0.09180946784009553, 0.06716749171490577, 0.7336655367723404, 0.10735750357265829], [0.10818173312600658, 0.07914210345973213, 0.7394693713482655, 0.07320679196599575], [0.23632695753429442, 0.35480359913772563, 0.3333227981779381, 0.07554664505004183], [0.22163070075588315, 0.42725987944920285, 0.18376102494068072, 0.16734839475423327]], "ideal": "A", "sampled": "C", "correct": false}}
{"type": "result", "data": {"idx": 10, "options": ["To break down large markets into smaller markets.", "To provide an opportunity to surpass competitors.", "By grouping together customers with similar needs, it provides a commercially viable method of serving these customers.", "To allow the achievement of greater market share."], "probs": [[0.13198918004512258, 0.05333029438520907, 0.6397560190532902, 0.17492450641637813], [0.040075214870775054, 0.01451508457661411, 0.018349907572691865, 0.927059792879919], [0.21868730566791195, 0.5945602324558894, 0.09555677005691886, 0.09119569171927976], [0.23260135599728946, 0.5668674622376018, 0.10651556987717176, 0.09401561178793699], [0.03322707746832669, 0.012224264020463135, 0.012811754387421008, 0.9417369040237892], [0.11035115106267177, 0.05549047059025078, 0.7426372655090537, 0.09152111273802369], [0.07813280366074546, 0.2157524755289152, 0.5096051286249298, 0.19650959208540955], [0.03656227738520546, 0.02675064817319666, 0.022178556268479033, 0.9145085180731188], [0.09224039796326128, 0.7033513554485088, 0.10618630604355733, 0.09822194044467263], [0.07170472293375131, 0.7243475913277118, 0.08000694214497629, 0.12394074349356067], [0.03308276231244519, 0.017433930847809802, 0.09574136222233907, 0.8537419445174059], [0.06189276196701047, 0.030640495538472257, 0.7542168994992785, 0.15324984289523877], [0.9146405253097588, 0.030334658239699008, 0.021178964049956565, 0.033845852300585594], [0.9034128197922556, 0.03502894427471122, 0.024841965908141955, 0.03671626992489123], [0.7879710578265481, 0.04308644890400485, 0.11003806228764727, 0.058904430881799745], [0.5747136815637035, 0.10799124734461714, 0.04572985593397224, 0.2715652150577071], [0.8132259794184482, 0.0437773607180169, 0.09414853785986603, 0.048848121903668856], [0.44593574439481903, 0.1541246238769353, 0.041484674272007575, 0.3584549573562381], [0.029206401577463778, 0.018565659014081543, 0.014235816374217856, 0.9379921229342368], [0.06837620922977176, 0.19787244807455404, 0.6191919672351599, 0.11455937536051428], [0.03418078556588652, 0.015407025410746197, 0.08200675034430398, 0.8684054385790633], [0.06434299254860074, 0.026823251423528812, 0.7365705007354807, 0.17226325519238975], [0.08966249103236337, 0.727802206045411, 0.10817559504706678, 0.07435970777515888], [0.07021429493640505, 0.7433438411109946, 0.07593560331204545, 0.1105062605405549]], "ideal": "C", "sampled": "C", "correct": true}}
{"type": "result", "data": {"idx": 11, "options": ["Repeat purchases.", "Buyphases.", "Buyclasses.", "Tenders."], "probs": [[0.024616390464228425, 0.6974279879826254, 0.19064868984700112, 0.0873069316061451], [0.01488203118641368, 0.7877124105183227, 0.08565567600500955, 0.11174988219025403], [0.01423853978386041, 0.04454969358824227, 0.8539598329696497, 0.08725193355824756], [0.011824193948987769, 0.04192094695719441, 0.0353034415525179, 0.9109514174412999], [0.011664194702616431, 0.03170727488790295, 0.8982929964996209, 0.05833553380985967], [0.02636470096776745, 0.06732906902124744, 0.159016159087623, 0.7472900708233621], [0.7397732954410025, 0.11705280443012835, 0.08700027575219724, 0.05617362427667191], [0.6126727278611506, 0.14327522683870855, 0.0816469615125381, 0.16240508368760273], [0.6984623162494437, 0.24520185296230682, 0.027948267587492436, 0.028387563100757063], [0.7465961644293707, 0.2105997522206833, 0.022905035155444353, 0.019899048094501565], [0.6397252869140269, 0.14728232283982237, 0.05859301985184035, 0.15439937029431045], [0.4415436602399837, 0.19903033599073305, 0.30830305237400824, 0.05112295129527495], [0.12979329927765834, 0.1339151094136566, 0.6002342610916143, 0.13605733011707075], [0.09588036715916874, 0.10367865086959258, 0.06906862041642348, 0.7313723614548152], [0.14904710871051058, 0.757129263163332, 0.046910864064038556, 0.04691276396211889], [0.13099964817422657, 0.7902388785246081, 0.044580453706001506, 0.03418101949516388], [0.14436620165475136, 0.11421336423467145, 0.05229412447313584, 0.6891263095374414], [0.044017586078997556, 0.0848472547716386, 0.7926446134087654, 0.07849054564059844], [0.01692073122945797, 0.04253871088635426, 0.8545813002507658, 0.0859592575334219], [0.02135989291067667, 0.03633616607128625, 0.08854268608731093, 0.8537612548307262], [0.0162969092898443, 0.8900889125005095, 0.046437065259306035, 0.047177112850340146], [0.018394089912523556, 0.872846497653484, 0.07745820187304277, 0.03130121046094969], [0.01792561139841423, 0.1206086544042254, 0.036785793857565446, 0.824679940239795], [0.01452667989614815, 0.06021539791016887, 0.8712676000628911, 0.05399032203079192]], "ideal": "C", "sampled": "B", "correct": false}}
{"type": "result", "data": {"idx": 12, "options": ["Winner's curse.", "Winner's price.", "Winner's reward.", "Loss-leader pricing."], "probs": [[0.9926591895651891, 0.0027882602856248257, 0.0020724595073543374, 0.002480090541831774], [0.9934151380723104, 0.002462562628172622, 0.0018446848763191703, 0.0022776143231977904], [0.9911853442250568, 0.0034111351195628965, 0.0025753737612360743, 0.002828146794144277], [0.9915529185676369, 0.003205723922175842, 0.002477653863280522, 0.00276370354690667], [0.9920109548694735, 0.0031085165803110422, 0.002459428282630156, 0.002421100167585269], [0.9916302880127563, 0.0032564422040400596, 0.00251682127070627, 0.002596448412497373], [0.006392152637370637, 0.9639069133655035, 0.01658254455764906, 0.013118389339476793], [0.0054909146747227815, 0.9680134449197401, 0.015401698340028648, 0.011093941965508529], [0.004134724555181938, 0.003824292376341789, 0.9808001928317324, 0.011240790136743882], [0.002609062067223349, 0.002197119223926428, 0.0059724619092335115, 0.9892213566996167], [0.0053975922829314306, 0.004914936680024286, 0.9817091963357127, 0.007978274601331535], [0.0027794603702403007, 0.0027364539878127897, 0.00451181936874723, 0.9899722661731997], [0.005301518640781088, 0.9643080483848213, 0.016850126301367646, 0.013540306573029903], [0.006076304065978281, 0.9602579792299268, 0.019312623328748158, 0.014353093275346753], [0.0038725338752532397, 0.004972788608962478, 0.9778457487901058, 0.013308928625678512], [0.002196737478442461, 0.0025682459969221085, 0.006161004061844243, 0.9890740123627911], [0.0057121042106114085, 0.00678373690952053, 0.975963225853063, 0.011540932926805], [0.0025237344916709823, 0.0027718364767682253, 0.00741794271647518, 0.9872864862150856], [0.007948334470070016, 0.9782121905458466, 0.008202079859022878, 0.005637395025060482], [0.01046425019188089, 0.9721469359089299, 0.010631083593911218, 0.006757730205278006], [0.00421163373334359, 0.016399814905643864, 0.9682907005747317, 0.011097850686280912], [0.003398845546162095, 0.004164503268987021, 0.004364590000567211, 0.9880720610842837], [0.004181978344924442, 0.006895342462087741, 0.9766290309649214, 0.012293648128066425], [0.0025663967050549214, 0.0024874973854356703, 0.006553819819228472, 0.988392285990281]], "ideal": "A", "sampled": "A", "correct": true}}
{"type": "result", "data": {"idx": 13, "options": ["Price bundling.", "Price elasticity.", "Price inelasticity.", "Price inflation."], "probs": [[0.02121071596271466, 0.9308382022507303, 0.026401295376212334, 0.021549786310342663], [0.019766426558730395, 0.9234207071160907, 0.026190386341834068, 0.030622479883344853], [0.012819242722093834, 0.01672103077341779, 0.9420136256226527, 0.028446100781835734], [0.007699613884860076, 0.0048945983616208244, 0.009582892941557926, 0.9778228947119612], [0.014443512517106767, 0.009928165307793233, 0.9514352374665469, 0.024193084608553052], [0.006273192012868868, 0.004114445380884028, 0.013489904150911116, 0.976122458355336], [0.9610401543178518, 0.009874440884967554, 0.01679650534292411, 0.012288899354256482], [0.9296206643210536, 0.016764000004924815, 0.018125679437660226, 0.03548965613636136], [0.9657046134922429, 0.011069266052289478, 0.011069077925130651, 0.012157042430336914], [0.9656632748493627, 0.010897173778586948, 0.010896981926132487, 0.012542569345917876], [0.9409210277875905, 0.015939676449693158, 0.016445360371607928, 0.02669393529110843], [0.9379863144049562, 0.016394200626233632, 0.02922510170336353, 0.01639438316544668], [0.013997971488701291, 0.011605770824964164, 0.9513138773341647, 0.02308238025216976], [0.008712899105324308, 0.004450580655372726, 0.01034749412072131, 0.9764890260185817], [0.028955867133577118, 0.9153253315828397, 0.03385768786292237, 0.021861113320660864], [0.030296902084400838, 0.9138792411594188, 0.034335904779276206, 0.02148795187690417], [0.009551330599332861, 0.004442269541061256, 0.011343164348879126, 0.9746632354107267], [0.012846931815781866, 0.009548065945248983, 0.9589094023145468, 0.018695599824422374], [0.013617105222665932, 0.010120577694483001, 0.9548357332914165, 0.021426583691434613], [0.005296952686494646, 0.003998668610734102, 0.011937164875670378, 0.9787672137271008], [0.01972292312014887, 0.9359054916483854, 0.02166529129356663, 0.022706293837899065], [0.021883337097940967, 0.9308283843988917, 0.027667594923597584, 0.01962068347956979], [0.006803084547472582, 0.004603536277692511, 0.009594312751892724, 0.9789990663229422], [0.012883702683122831, 0.016288235099316095, 0.9467531044915817, 0.024074957625979443]], "ideal": "B", "sampled": "B", "correct": true}}
{"type": "result", "data": {"idx": 14, "options": ["Relationship marketing.", "Service mix.", "Market exchanges.", "Service failure."], "probs": [[0.042292500040111015, 0.022993846783229892, 0.7981528907973057, 0.13656076227935343], [0.06392507492577573, 0.02503382507587319, 0.15578096193681623, 0.7552601379615349], [0.08867232651083858, 0.7542910665367282, 0.06694559303366493, 0.09009101381876837], [0.11356254259292752, 0.7641635764121851, 0.07566160933398398, 0.04661227156090339], [0.08124742667751274, 0.036054048316118824, 0.035500734621902556, 0.8471977902844658], [0.1259295670397468, 0.14722086816792668, 0.6103522913371389, 0.11649727335518763], [0.052668936935120265, 0.057844746914083305, 0.7272026673631145, 0.16228364868768194], [0.08165543905624303, 0.0666458129825489, 0.16756459319862296, 0.6841341546625851], [0.06692902094889001, 0.7661194654566368, 0.07826134548747615, 0.08869016800699708], [0.06041864305130448, 0.7960351704755112, 0.07289187609420465, 0.07065431027897964], [0.07813093356494615, 0.10190879932177216, 0.07814419559890139, 0.7418160714143803], [0.07976895542392834, 0.2344645779491481, 0.5895220661781782, 0.09624440034874547], [0.5943580797065159, 0.15748692777441686, 0.08563349928221224, 0.16252149313685504], [0.7021776332424601, 0.12988444967931376, 0.10938880428488701, 0.05854911269333915], [0.526364024479473, 0.1086175210023272, 0.20939528784002553, 0.15562316657817435], [0.47466490728872923, 0.105906749638161, 0.2501515503756491, 0.16927679259746062], [0.7437425324653357, 0.11054027787136818, 0.08745949840516525, 0.058257691158130856], [0.6955641248289024, 0.12086227829803842, 0.060784359986054644, 0.12278923678700453], [0.08548002832519092, 0.030007308849049313, 0.03400711771890207, 0.8505055450068577], [0.15661870408335862, 0.12196924899697269, 0.6293213554385216, 0.09209069138114709], [0.07837892600333626, 0.022810517683951568, 0.05558677586384946, 0.8432237803488627], [0.08014921516156764, 0.0299481243583181, 0.8223981689345028, 0.06750449144561149], [0.3048573022456599, 0.5267869037314882, 0.09594103335594487, 0.0724147605669071], [0.2836359654489848, 0.5553805065976365, 0.07172427857026621, 0.08925924928311248]], "ideal": "C", "sampled": "C", "correct": true}}
{"type": "result", "data": {"idx": 15, "options": ["Search marketing.", "Internet advertising.", "Permission-based email marketing.", "Social web marketing."], "probs": [[0.012215520411760527, 0.012026778590760836, 0.9556127180491826, 0.02014498284829605], [0.008730355230578492, 0.004189374189635178, 0.008462768572623595, 0.9786175019071627], [0.027403034190113678, 0.9366043738252487, 0.01883878984137361, 0.017153802043263958], [0.025012925683067056, 0.938943510581445, 0.018021284491517898, 0.018022279143970053], [0.007145478549156566, 0.003649934276199447, 0.00784865970492837, 0.9813559273697156], [0.013203039751741379, 0.01044494564499104, 0.9552487721128223, 0.02110324239044526], [0.011698998384615137, 0.010164983338785646, 0.9591419760822497, 0.01899404209434953], [0.009277749811894878, 0.004452048784652034, 0.009278866467774568, 0.9769913348356785], [0.0250254582581094, 0.9394035058452004, 0.01889531630400662, 0.01667571949268359], [0.024538681571541213, 0.9356459402693247, 0.020994910210769362, 0.018820467848364705], [0.008719896697836219, 0.004385134570387521, 0.009429599873686495, 0.9774653687580898], [0.014250924395635602, 0.010426979889657932, 0.9535867917234956, 0.021735303891210856], [0.9848273948115348, 0.004633011555896588, 0.003901974749448716, 0.006637618783119901], [0.9848547356740929, 0.004561290042511443, 0.003841579339829841, 0.006742394843565826], [0.9839117300669111, 0.004927210527743823, 0.003990793061070293, 0.007170266244274738], [0.9834169433788666, 0.00492477511234439, 0.004147669383264499, 0.007510612025524456], [0.986391545054529, 0.00415962723394597, 0.0033955111003692254, 0.006053316511155826], [0.9857051054829122, 0.004356200666393464, 0.0036976047531101933, 0.006241088997584114], [0.007481092631652789, 0.003762151602702241, 0.008346770008427816, 0.9804099856572172], [0.011484692118051238, 0.009978636380692189, 0.9563936795055519, 0.022142991895704744], [0.008456476528057841, 0.00425262029046049, 0.009288655206736099, 0.9780022478747455], [0.012017513339574458, 0.011290020859502894, 0.9549260796439302, 0.021766386056992493], [0.03198395067061799, 0.9350690662701734, 0.01685906090533798, 0.016087922053870586], [0.034427569403164764, 0.9308718736746274, 0.018432850599975986, 0.01626770622223176]], "ideal": "C", "sampled": "C", "correct": true}}
{"type": "result", "data": {"idx": 16, "options": ["Vehicle.", "Courier.", "Transportation.", "Distribution channel."], "probs": [[0.0062093205662158086, 0.003429372611414633, 0.008757445829363872, 0.9816038608930057], [0.011035426008764232, 0.008867756801308935, 0.9046594845074245, 0.07543733258250226], [0.005748405000339162, 0.003432737869250593, 0.008235036889347852, 0.9825838201410624], [0.012580720747680383, 0.010761343773487995, 0.9244964240434916, 0.05216151133533999], [0.01934289725261705, 0.9177880476582364, 0.02728214720918624, 0.03558690777996033], [0.022392871926228002, 0.9231254726854267, 0.022396781618257484, 0.03208487367008786], [0.005652679348101018, 0.0035932672496238865, 0.009320406765621259, 0.9814336465366539], [0.011508959334841685, 0.009844668997064671, 0.9144351617835809, 0.0642112097845128], [0.00581781416122696, 0.0039367473342822555, 0.011215066304621504, 0.9790303720998693], [0.009774164662651996, 0.00903996027871203, 0.9222233358054703, 0.05896253915316567], [0.012552928232757861, 0.9370138585784934, 0.021692416044640905, 0.02874079704410788], [0.013908677863905348, 0.930647265364554, 0.02154541366213048, 0.03389864300941013], [0.005492820214501121, 0.0033842447981106477, 0.007164819991338032, 0.9839581148960502], [0.010709833432481351, 0.01232751840473757, 0.9345921942744279, 0.04237045378835326], [0.005475233283843641, 0.0034804710193416387, 0.010229998159964013, 0.9808142974368507], [0.008408326607800278, 0.008023688524026733, 0.913144642881196, 0.070423341886977], [0.013373110962334471, 0.9377680727773919, 0.023474172896548896, 0.025384643263724742], [0.012643095364781117, 0.929116378482993, 0.025945960095426393, 0.03229456595679944], [0.956145884349384, 0.007771317880029319, 0.006752693061913137, 0.02933010460867353], [0.9594554628440104, 0.007100369064673425, 0.005795828156497308, 0.02764833983481888], [0.9528628875182299, 0.009341632297821343, 0.007163471292744992, 0.030632008791203796], [0.9487336170615702, 0.010056977345971801, 0.007712081899923655, 0.033497323592534316], [0.9560733440504083, 0.008534474700261885, 0.006966517340371918, 0.028425663808957835], [0.9488005200182392, 0.00974831094445929, 0.00847058477956895, 0.03298058415773255]], "ideal": "D", "sampled": "D", "correct": true}}
