{"type": "result", "data": {"idx": 0, "options": ["jus in bello.", "jus ad bellum.", "moral nihilism.", "all of the above"], "probs": [[0.9613298155041604, 0.014827104262390879, 0.012294405280021889, 0.011548674853426782], [0.9415897664686378, 0.01779338333153703, 0.02799838390294929, 0.01261846619687587], [0.9488431037601611, 0.01849985460566031, 0.016328915647853524, 0.016328125886325037], [0.9613464966144725, 0.013085371552305672, 0.016288448957834146, 0.009279682775387684], [0.9412230471423949, 0.027120829257283968, 0.018642772421303726, 0.01301335107901737], [0.9484690192950784, 0.025276006230714045, 0.01486163084183923, 0.011393343532368292], [0.3052321558426504, 0.5977273360143659, 0.04398502990219365, 0.0530554781407901], [0.24135226368505622, 0.579099604118069, 0.13126325801584668, 0.0482848740810281], [0.1678914601618761, 0.06176400276049244, 0.6746519307810727, 0.09569260619655884], [0.3109539058209272, 0.12762081241461526, 0.3636624406313095, 0.1977628410331481], [0.24136760738549096, 0.32480692739216277, 0.3918769642621415, 0.04194850086020474], [0.3046552745795987, 0.33462720108777216, 0.12703083075710905, 0.23368669347552012], [0.054193562138813565, 0.7367099899297362, 0.10780968194689061, 0.10128676588455951], [0.03818725393191133, 0.8427610333705516, 0.07838667869986023, 0.04066503389767683], [0.0688576569743934, 0.4780531071558305, 0.24418508241670528, 0.20890415335307083], [0.06486167613077472, 0.6351404047463393, 0.17094449315124857, 0.12905342587163743], [0.04888244444672449, 0.08315387647770237, 0.8142630598105356, 0.053700619165037565], [0.06944464560318808, 0.12974251088648076, 0.628873326052323, 0.17193951735800808], [0.04986492208537196, 0.9122364588081288, 0.02145308644447586, 0.016445532562023434], [0.041346954990679384, 0.9267947794664032, 0.017789121523721925, 0.014069143919195505], [0.06978076539725901, 0.7387767268251935, 0.14776566292881768, 0.0436768447487298], [0.07297331703146753, 0.7257920963747676, 0.060518796353718186, 0.1407157901400467], [0.0728306992306761, 0.1403910520124508, 0.7244625527247838, 0.06231569593208931], [0.1078384021078633, 0.15447649703440175, 0.5831570755067782, 0.15452802525095669]], "ideal": "A", "sampled": "A", "correct": true}}
{"type": "result", "data": {"idx": 1, "options": ["violates human dignity.", "fails a prima facie duty of honesty.", "is tantamount to asserting that you are infallible.", "is a risk worth taking of the speech is dangerous enough."], "probs": [[0.1437089783914915, 0.21913478429315955, 0.4496811165860962, 0.18747512062925276], [0.14013190774904935, 0.21704602562769434, 0.38095197645419016, 0.26187009006906614], [0.18704185724065236, 0.3549773553393759, 0.2556881124578184, 0.20229267486215324], [0.1695120978476708, 0.4754684283574741, 0.14728692784702574, 0.20773254584782938], [0.16750260194958916, 0.23256068622411316, 0.3279790677690075, 0.2719576439572902], [0.1309946645813521, 0.13944252041737343, 0.510130055348674, 0.21943275955260055], [0.2046318619548511, 0.1473914362731492, 0.44007357294817484, 0.20790312872382488], [0.1775400595213292, 0.1471840379796686, 0.41282265854657035, 0.2624532438524318], [0.25144536799332573, 0.3546285244246457, 0.15015614926244195, 0.2437699582195866], [0.25303494927736986, 0.4802303313728754, 0.1354483067853901, 0.13128641246436465], [0.18214544519044262, 0.4874959056706428, 0.1510108523672945, 0.17934779667162], [0.21836664970991004, 0.455153159701871, 0.2183734297376969, 0.10810676075052207], [0.4927839416018301, 0.15505916675600284, 0.16507344698416992, 0.18708344455799714], [0.5031162724788854, 0.15585880676702366, 0.13125087906229238, 0.20977404159179858], [0.45568428117969983, 0.21864392186964493, 0.12654850074200702, 0.1991232961086482], [0.49669631960292593, 0.24976020864252668, 0.11984023392073383, 0.13370323773381357], [0.5868276690777966, 0.1119961017856017, 0.12494673020126382, 0.17622949883533787], [0.5441971623426805, 0.10715387414642555, 0.22334907288661318, 0.12529989052428087], [0.2449880613138085, 0.22657788472824142, 0.2909422007192958, 0.2374918531386543], [0.15058893636995888, 0.16282672416251096, 0.4496190152442411, 0.23696532412328905], [0.19627431033079065, 0.4287424683142119, 0.16272403298181262, 0.2122591882731848], [0.1670283749370868, 0.46123094280379867, 0.2587138596493337, 0.11302682250978086], [0.15773844402482592, 0.4783975241896085, 0.1705662735057878, 0.19329775817977773], [0.17521002180061118, 0.44746660201842947, 0.24710115402408234, 0.130222222056877]], "ideal": "C", "sampled": "C", "correct": true}}
{"type": "result", "data": {"idx": 2, "options": ["obscures the harms of noncoerced, consensual sex by implying that because what is coerced is bad what is noncoerced is good.", "obscures the harms of rape by equating all sex with nonconsensual sex.", "by not acknowledging a distinction between what is good and what noncoerced, has led to the acknowledgement of the harms of consensual sex.", "All of the above"], "probs": [[0.19801646454264904, 0.09651067080953243, 0.1667737935893203, 0.5386990709584982], [0.3536493129130808, 0.14743664639553314, 0.28427740505061805, 0.21463663554076795], [0.20304041342491486, 0.07127798082421287, 0.1557076813233772, 0.569973924327495], [0.37670719058461144, 0.12619161416532887, 0.3075699164027872, 0.18953127874727246], [0.3086170025891646, 0.25192622451004726, 0.16267043628627295, 0.27678633651451523], [0.33759198092410625, 0.26710513629485105, 0.15951076386034943, 0.23579211882069326], [0.21026273069663273, 0.1179562061907114, 0.1975651681225622, 0.4742158948900937], [0.3151040405573496, 0.16606322171282947, 0.315256360242946, 0.2035763773868749], [0.18906280678203743, 0.06741525332574304, 0.22107857792965985, 0.5224433618625597], [0.2901772260375716, 0.1436598598813402, 0.25217911598544795, 0.3139837979956402], [0.20726518639734764, 0.2500556148346889, 0.2313216362859199, 0.31135756238204354], [0.23246964809954052, 0.2436705976480954, 0.19582419095465312, 0.328035563197711], [0.14768405807344695, 0.06976501902854983, 0.10976531764383124, 0.672785605154172], [0.2680104116530988, 0.28091252265911326, 0.2639074662646117, 0.18716959932317623], [0.13864504359911192, 0.05870731525753592, 0.1808510748290493, 0.6217965662143029], [0.23341378567268828, 0.17619389293816065, 0.29055491086915314, 0.29983741041999795], [0.14699144878990958, 0.16145253420426017, 0.46732763147639406, 0.22422838542943618], [0.19621633576029368, 0.20888683820324927, 0.22239129905835026, 0.3725055268781068], [0.2366166832347017, 0.360889407890008, 0.15045917401752495, 0.2520347347577654], [0.232457776383559, 0.43444491466506935, 0.14326600088537567, 0.18983130796599595], [0.2684469084737616, 0.27271439267735803, 0.18170867451452125, 0.2771300242343591], [0.29230900724858544, 0.2349024046751676, 0.16147532576271453, 0.31131326221353245], [0.25479374415161293, 0.20475214682318565, 0.2933820863235103, 0.24707202260169112], [0.3050066025252095, 0.1557853119153554, 0.18797033093391677, 0.3512377545255183]], "ideal": "A", "sampled": "D", "correct": false}}
{"type": "result", "data": {"idx": 3, "options": ["its quantity alone.", "its quality alone.", "both its quantity and its quality.", "neither its quantity nor its quality."], "probs": [[0.014454028608100578, 0.022387426406851454, 0.9373829390029406, 0.02577560588210745], [0.02073683306661597, 0.013390529275905097, 0.026632046946825513, 0.9392405906106535], [0.01374227823906437, 0.9340256390734858, 0.03565189591293096, 0.016580186674518892], [0.016912289304569884, 0.9381725818323213, 0.02877459118641272, 0.016140537576696076], [0.05632523189757419, 0.04121219278323626, 0.1484163386506059, 0.7540462365685836], [0.03316954201721221, 0.03642997537494723, 0.8967027390810032, 0.033697743426837415], [0.01652645394980982, 0.02189468817900077, 0.9311729640286068, 0.030405893742582613], [0.02307719361663709, 0.012162419900671689, 0.02784172775870047, 0.9369186586239907], [0.07867686508313479, 0.7703117188809273, 0.09344258228084756, 0.057568833655090315], [0.06589349432256694, 0.8028945415732678, 0.07825971481456748, 0.05295224918959782], [0.05043908038994041, 0.029194782437619814, 0.06682890428880578, 0.853537232783634], [0.030548732626010922, 0.027815447860929283, 0.9070144222467246, 0.034621397166335194], [0.9436941093173874, 0.020526667940091302, 0.019284635672552057, 0.01649458696996922], [0.9229284558376438, 0.027870822798917706, 0.024216214282684643, 0.02498450698075382], [0.9179321047824248, 0.034498503491635954, 0.02563910424845031, 0.02193028737748895], [0.9198597535245656, 0.03403455562350487, 0.026096918998687983, 0.02000877175324154], [0.9524350931689596, 0.014462725542705739, 0.01886367899600224, 0.014238502192332454], [0.8932299136387768, 0.02739880080647296, 0.052814711384842394, 0.026556574069907777], [0.026226942299560643, 0.014039914553807728, 0.049005614232200505, 0.9107275288144311], [0.015757000160263948, 0.016257852405124753, 0.9450538806327142, 0.022931266701897022], [0.061017186441108005, 0.03423128496224318, 0.06198700984750662, 0.8427645186491421], [0.04338974440573263, 0.04691583592845972, 0.8581592311871314, 0.051535188378676246], [0.05593374266784574, 0.7967667430444741, 0.09222867167137898, 0.05507084251630116], [0.09388138632674135, 0.6517499878872358, 0.1647769559688585, 0.08959166971716434]], "ideal": "C", "sampled": "C", "correct": true}}
{"type": "result", "data": {"idx": 4, "options": ["the animal.", "the wider effects on human beings.", "both A and B", "neither A nor B"], "probs": [[0.1943961141629168, 0.35756291020998743, 0.29182858141807816, 0.1562123941090176], [0.1729551527780915, 0.29421254551132064, 0.3777821305346879, 0.15505017107589997], [0.06234780837749397, 0.17761125065721492, 0.5824087391749714, 0.17763220169031968], [0.12209356193792474, 0.09508934899479991, 0.17219055210390022, 0.6106265368633751], [0.04439045612868503, 0.0803804725115568, 0.6731087188620142, 0.20212035239774392], [0.11391891387033018, 0.08466031097982739, 0.13529293943371404, 0.6661278356161284], [0.27974727538599087, 0.34816089009617396, 0.2754132428831624, 0.09667859153467276], [0.23786710554764876, 0.2780939679775791, 0.38012093868210894, 0.10391798769266317], [0.14553202145089653, 0.18686115043749094, 0.5846870323174991, 0.08291979569411345], [0.2974927127063805, 0.235341116762469, 0.23904614148133677, 0.22812002894981373], [0.12011488286498288, 0.19803280993536965, 0.6005778415917078, 0.0812744655079397], [0.37812176906442996, 0.29912886466266875, 0.16263039650826158, 0.16011896966463968], [0.15769989001812584, 0.4858005859574915, 0.2481091729203237, 0.10839035100405899], [0.20783091460084083, 0.4683937588344387, 0.15935137391429935, 0.16442395255042114], [0.19582885355906768, 0.4847152196524966, 0.23255805495620224, 0.0868978717322335], [0.23644105654562175, 0.5084597695166929, 0.1434091691563294, 0.11169000468135588], [0.2041650341308483, 0.10265875989136053, 0.4390459521810486, 0.2541302536967426], [0.2688499688833323, 0.10204036532812147, 0.41641145940431223, 0.21269820628423403], [0.10699539044912691, 0.35638866356010707, 0.2954435988286273, 0.24117234706213872], [0.15586495165659572, 0.3100055111633849, 0.16592590261937062, 0.3682036344606488], [0.15687007966752622, 0.3763376417925477, 0.3023804976879099, 0.16441178075201615], [0.19118226142349123, 0.4658831198310815, 0.16610533492410118, 0.17682928372132609], [0.12997516988408195, 0.08658310770122633, 0.41308778520267925, 0.3703539371120125], [0.189434751225078, 0.0982752138201417, 0.4837644895322445, 0.2285255453225358]], "ideal": "B", "sampled": "B", "correct": true}}
{"type": "result", "data": {"idx": 5, "options": ["skin cell nuclear transfer", "stem cell nuclear transmission", "somatic cell nuclear transfer", "none of the above"], "probs": [[0.003340892405492313, 0.0023143516707895915, 0.9863280989512103, 0.0080166568725078], [0.008340933103827367, 0.002564201338971208, 0.009306303978570914, 0.9797885614786305], [0.006248961612548574, 0.9722089084420588, 0.011861040150790056, 0.009681089694602553], [0.009213264356747889, 0.9699338944571754, 0.013619481033759238, 0.007233360052317498], [0.005842292122592891, 0.002592849038208985, 0.008635406244798445, 0.9829294524943997], [0.003730312742620601, 0.0054278337256103495, 0.9871974135212225, 0.003644439910546513], [0.0030153334161244025, 0.005722523381888256, 0.977743298875436, 0.013518844226551361], [0.007464611594702475, 0.003724817730395535, 0.01052839490006954, 0.9782821756748324], [0.007758887353825312, 0.9624097781007048, 0.017904076423313646, 0.011927258022156242], [0.011836749378698087, 0.9554363674659884, 0.021776737717770927, 0.01095014533754259], [0.007127959643258961, 0.004257033517173384, 0.03976182581803045, 0.9488531809215373], [0.004475143070976315, 0.006117433670722119, 0.9819112999792542, 0.007496123179047305], [0.990034466880257, 0.003226038708899507, 0.0023978448708075794, 0.004341649440035904], [0.9874055379394292, 0.004502060626422977, 0.003589962590736921, 0.004502438743410859], [0.9906781937595501, 0.002871157083189874, 0.002494967932014205, 0.003955681125245744], [0.9877558775835332, 0.003912872796722872, 0.0036478023472510043, 0.0046834471724928745], [0.9888073670012874, 0.003766940617771846, 0.004302575454877759, 0.0031231168260630756], [0.9889434704306641, 0.0036231605661426304, 0.003948817784474604, 0.0034845511187186927], [0.005944304841645853, 0.0035499578172584908, 0.00594525525644092, 0.9845604819846547], [0.006313944589455906, 0.10351488592961036, 0.8805421541827573, 0.009629015198176459], [0.006651944738296423, 0.005871365594378505, 0.014993263870585496, 0.9724834256967396], [0.009490365126188397, 0.10528357286710383, 0.8680375185186463, 0.01718854338806143], [0.02230282787893546, 0.9635249396381319, 0.008873837851929795, 0.00529839453100283], [0.019445618350012763, 0.966929541784989, 0.007920441109969423, 0.005704398655028748]], "ideal": "C", "sampled": "C", "correct": true}}
{"type": "result", "data": {"idx": 6, "options": ["we allow the patient to harm him- or herself.", "we force doctors to harm the patient.", "we harm the patient's family.", "we harm the patient."], "probs": [[0.3292825221686098, 0.16817905007111086, 0.1351396590336128, 0.3673987686266665], [0.27462290077903023, 0.14025794622342228, 0.38729665351233306, 0.19782249938521443], [0.3177366317687116, 0.1366540389629116, 0.16228673141415798, 0.38332259775421884], [0.2508572190238185, 0.15697725670095558, 0.370761402166877, 0.2214041220083489], [0.2723930911511129, 0.3285701972769829, 0.19016740080794997, 0.2088693106639543], [0.28585740921022956, 0.3090849518466855, 0.16805247960794298, 0.23700515923514195], [0.18750945383628134, 0.494050450839596, 0.1309090794085599, 0.1875310158155628], [0.17492785974232733, 0.4755260816760705, 0.19515692931039255, 0.1543891291712096], [0.19267396914036505, 0.07545033208942403, 0.4920480324141078, 0.23982766625610308], [0.21373212494599417, 0.08635305676753853, 0.33626848706420637, 0.3636463311222609], [0.16672484575034868, 0.10597460715903068, 0.6292751430835873, 0.09802540390703324], [0.23306308930741826, 0.16526770331307386, 0.13074413914744984, 0.47092506813205803], [0.2098981173111426, 0.42402133973204764, 0.1355259438546962, 0.23055459900211353], [0.19878157082678805, 0.32265798792035455, 0.30312056971496465, 0.17543987143789275], [0.19877283865528905, 0.10639293807852097, 0.4550284580439817, 0.2398057651222083], [0.19868219488905453, 0.10307157345788845, 0.3654542673894169, 0.33279196416364015], [0.2086568300906874, 0.2221123559319802, 0.3605493223634017, 0.20868149151393067], [0.20926586657857757, 0.2298352798638797, 0.19355102794765003, 0.3673478255098927], [0.19253254795529812, 0.4840480305089906, 0.14533787123915953, 0.17808155019655175], [0.20569265193212438, 0.4492874510030796, 0.1577171706655435, 0.1873027262992525], [0.1963816524433911, 0.15056786981007184, 0.45663862055030924, 0.19641185709622783], [0.23542898627035516, 0.17224352266827941, 0.13840939562058704, 0.45391809534077837], [0.21505665456503814, 0.15489551192618908, 0.408134454326728, 0.22191337908204475], [0.23764327520204304, 0.12328358177030443, 0.1880015460661037, 0.4510715968615488]], "ideal": "D", "sampled": "A", "correct": false}}
{"type": "result", "data": {"idx": 7, "options": ["preventive", "proportional", "equality", "retaliatory"], "probs": [[0.21884946663347868, 0.3184383450456667, 0.240365850928667, 0.22234633729218758], [0.17312484461946026, 0.28993954387568177, 0.3841216747340389, 0.15281393667081908], [0.18971197305212714, 0.2019512504137267, 0.3489577471860973, 0.2593790292480489], [0.16570957241736275, 0.2449059741601092, 0.41017029983460146, 0.17921415348792655], [0.23235624921121717, 0.42075600743592356, 0.18964449699677982, 0.15724324625607944], [0.22203001211032317, 0.4148138114284199, 0.19289900020214137, 0.17025717615911556], [0.39419689770571276, 0.21431270239594238, 0.21099171040332404, 0.1804986893950208], [0.22954910991280558, 0.2259844839346922, 0.41568472977296095, 0.12878167627954126], [0.37538773936415154, 0.23490402800189913, 0.18874921465265385, 0.20095901788129542], [0.29083583189374307, 0.26480088029837356, 0.3047989651971086, 0.13956432251077477], [0.3036184495526005, 0.4487291406864789, 0.11705379495888915, 0.13059861470203146], [0.2830362554422944, 0.45942126673139594, 0.1358005373982765, 0.12174194032803316], [0.20603775669007818, 0.2092847047643484, 0.3241577397833299, 0.2605197986622435], [0.18165141883617336, 0.25219700489493524, 0.3727472237198499, 0.19340435244904144], [0.26326400823535445, 0.3380433123382636, 0.18378490755463325, 0.2149077717717487], [0.2279695719252545, 0.32149150964383044, 0.2837231158926482, 0.16681580243826685], [0.2520984150529893, 0.3392386188650433, 0.1963335751744509, 0.21232939080751645], [0.2367839628700466, 0.3339233348345122, 0.25603139016405363, 0.17326131203138756], [0.2232871651426188, 0.20650166271052048, 0.4237514435821213, 0.1464597284647394], [0.2998911022775154, 0.2194002997298364, 0.21599791739198762, 0.26471068050066054], [0.3291022430164991, 0.36715357944939275, 0.15067264211649017, 0.15307153531761794], [0.323689554952343, 0.35550824333909853, 0.1815694299392542, 0.1392327716693043], [0.30971402388268066, 0.23746493810223546, 0.18784611205139007, 0.2649749258636938], [0.25733418420367854, 0.25334240136037844, 0.33563737578182967, 0.1536860385541133]], "ideal": "B", "sampled": "D", "correct": false}}
{"type": "result", "data": {"idx": 8, "options": ["consequentialism", "Kantianism", "virtue ethics", "contractualism"], "probs": [[0.361779776311979, 0.1966603693661404, 0.29073008077888707, 0.15082977344299356], [0.3689488901298844, 0.21350330647911556, 0.21691808622762604, 0.200629717063374], [0.32058240049360703, 0.41158861444716777, 0.14227621897966153, 0.1255527659795637], [0.3194856917576957, 0.44351681732036474, 0.12127912698010423, 0.11571836384183534], [0.36016912338020196, 0.23251224254763309, 0.20524226738672222, 0.20207636658544276], [0.3387430062364003, 0.21194683329052452, 0.29897445882809276, 0.15033570154498244], [0.19828670611276386, 0.453854700304841, 0.21780412870572102, 0.13005446477667412], [0.19886813166828488, 0.5158002741506353, 0.15489869615829593, 0.13043289792278387], [0.19260172775861378, 0.235959327432103, 0.4142142606154951, 0.1572246840937881], [0.18516136704023783, 0.2164576202414539, 0.16089484093964476, 0.4374861716786635], [0.17487819825073778, 0.15191868040578446, 0.5472266052203456, 0.12597651602313217], [0.17926383550948877, 0.1557309673788673, 0.2608626562353178, 0.40414254077632616], [0.5952634633403767, 0.20248440792668362, 0.105078597204948, 0.09717353142799164], [0.5790283930301761, 0.23028405125913598, 0.0990699172475261, 0.09161763836316185], [0.5107247423139876, 0.1485980655327132, 0.23022130987060496, 0.1104558821826942], [0.4704385259146376, 0.15754952555661875, 0.13907515586788013, 0.23293679256086353], [0.5090321670396245, 0.15766076037227625, 0.23307101874385522, 0.10023605374424407], [0.47580288417937117, 0.16440216705340716, 0.13848003330991582, 0.22131491535730585], [0.19723272007118572, 0.47311749889396065, 0.16353587289223107, 0.16611390804262252], [0.19836817384214103, 0.4199213620612114, 0.23195084581513045, 0.14975961818151715], [0.16646914928369816, 0.12564102742424244, 0.5632362709419634, 0.14465355225009605], [0.18112737888887104, 0.14552263480392313, 0.3130017425402402, 0.3603482436669656], [0.21107284176054655, 0.3479737794635613, 0.2840720243798151, 0.15688135429607705], [0.2114826833163025, 0.37697856319555384, 0.15235104346321104, 0.25918770992493256]], "ideal": "D", "sampled": "A", "correct": false}}
{"type": "result", "data": {"idx": 9, "options": ["institutional adequacy", "dispersion of causes and effects", "fragmentation of agency", "all of the above"], "probs": [[0.07104910591804801, 0.1457852059850996, 0.17863752637637562, 0.6045281616204767], [0.15188926909505168, 0.2665739734673351, 0.30209992233175764, 0.2794368350058556], [0.04024817271693747, 0.042179720763379856, 0.29743133864440957, 0.6201407677752732], [0.17370209354961513, 0.131115840825974, 0.3096875594200087, 0.38549450610440217], [0.13772734998279404, 0.17962643502346498, 0.3253076076182261, 0.3573386072755149], [0.13905306987880334, 0.14124070948384684, 0.21878750434043645, 0.5009187161969133], [0.3047365753126412, 0.08867619666535423, 0.12703786410498225, 0.4795493638170223], [0.3676268673850983, 0.1103725781098073, 0.2732100425414958, 0.24879051186359863], [0.5305124678830017, 0.06958188323224798, 0.08797128759849385, 0.3119343611862565], [0.5225635002641735, 0.09817919193695018, 0.22476604930616753, 0.15449125839270872], [0.3623395588805997, 0.2267237322306685, 0.11050822667051115, 0.3004284821182206], [0.3836400279829699, 0.24005515930307478, 0.12072011107667412, 0.2555847015372812], [0.04283728876003742, 0.039617759013851506, 0.3165633442261645, 0.6009816078999466], [0.23802761376462891, 0.1274016778430841, 0.2826864378961397, 0.3518842703961473], [0.08980734913069027, 0.2681169887547892, 0.1786259316809941, 0.4634497303335265], [0.17471104598218928, 0.352932477663443, 0.2582409939173755, 0.2141154823369922], [0.14720466950858824, 0.12990163458928286, 0.1495324693401005, 0.5733612264620284], [0.1797854846600072, 0.22373705433345462, 0.26573084990315154, 0.3307466110033866], [0.23346105662062913, 0.18466973967479888, 0.2028466819241445, 0.37902252168042744], [0.2610908785363842, 0.13127638593905278, 0.16339937094305182, 0.4442333644815112], [0.4539479511384916, 0.16439205039007526, 0.1147772569516876, 0.2668827414197455], [0.4105097169535751, 0.2375669074908643, 0.1252014878922004, 0.22672188756336023], [0.3148761297484434, 0.13971431135585563, 0.15346826154043627, 0.3919412972552647], [0.237313091731182, 0.26472997662757974, 0.2160939574025544, 0.28186297413868383]], "ideal": "D", "sampled": "B", "correct": false}}
{"type": "result", "data": {"idx": 10, "options": ["the problem of massive world overpopulation over generations.", "the problem that the bad effects of current carbon dioxide emissions will fall largely on future generations.", "the problem that the compounding effects of greenhouse gas emissions require the current generation to, in effect, cooperate with future generations.", "the problem that countries are possibly biased toward the interests of the current generation, which largely benefits from carbon dioxide emissions."], "probs": [[0.02011739100032035, 0.8691462708701628, 0.06394626384804493, 0.046790074181471936], [0.014825924836675773, 0.9175137017709362, 0.024070455633255862, 0.043589917659132144], [0.030232518908338443, 0.8565537332631911, 0.06921455263399347, 0.043999195094477035], [0.04135998027149466, 0.5800674643542573, 0.053116467636227745, 0.32545608763802036], [0.020978399309370205, 0.011406206818672696, 0.9351142121411302, 0.032501181630826846], [0.05548007640031328, 0.039341815337004406, 0.3618392738834988, 0.5433388342791835], [0.09559329066795737, 0.01882357937260041, 0.8389855809934145, 0.04659754886602778], [0.8072764927422739, 0.035469149651390273, 0.04626393007489804, 0.11099042743143786], [0.4468137529884662, 0.4756813845447578, 0.03040823091543639, 0.0470966314513396], [0.5925292416257891, 0.31717428798166847, 0.05686636683421671, 0.03343010345832566], [0.8194238726637567, 0.04275492735825772, 0.03032030943729698, 0.10750089044068856], [0.4313134284729096, 0.05314642229998934, 0.48122150059612584, 0.034318648530975215], [0.2130233261677187, 0.02176125412250267, 0.6164758984567925, 0.1487395211529861], [0.09504633770692714, 0.021208518487819863, 0.02293389207484861, 0.8608112516304044], [0.685149327265114, 0.24431416935967937, 0.027411811663713453, 0.04312469161149312], [0.6375527369384075, 0.28738138023240484, 0.05072677498040693, 0.024339107748780765], [0.1213473390875088, 0.03165672943230003, 0.017483813061278764, 0.8295121183189124], [0.19578809377793785, 0.0569749678883548, 0.7162563559951854, 0.030980582238521917], [0.018158144720405077, 0.006576761155256961, 0.9462419847506236, 0.029023109273714293], [0.035990612357552666, 0.010311811700623064, 0.6792195748620001, 0.27447800097982417], [0.01612296928624804, 0.9373153095545109, 0.01690038710031302, 0.029661333958927998], [0.024281385136275282, 0.8833616716865267, 0.06918249268026627, 0.023174450396931737], [0.027725650253034646, 0.797898478706657, 0.029061071842434172, 0.14531479909787415], [0.03557052083782815, 0.5394024838351431, 0.40713807860576334, 0.017888916621265336]], "ideal": "D", "sampled": "B", "correct": false}}
{"type": "result", "data": {"idx": 11, "options": ["it fails to reconcile prima facie duties.", "it can run counter to a person's being able to integrate her commitments at various levels.", "it can run counter to the idea that persons are atomistic and individually rational actors.", "it fails to recognize that possibility that the persons are best understood in relation to one another."], "probs": [[0.09196031623573081, 0.4527360026211995, 0.10260884882583413, 0.3526948322172356], [0.11429857376342517, 0.4738534057124454, 0.22036103737861906, 0.19148698304551037], [0.1559496682424586, 0.0931178710748856, 0.17129361755396838, 0.5796388430286874], [0.10254837246715774, 0.058429850791245304, 0.5811249255268824, 0.2578968511147145], [0.1196636271532514, 0.4960896709614538, 0.17414811833669092, 0.2100985834486039], [0.11572822095989065, 0.5269234736711106, 0.1509692359492517, 0.20637906931974706], [0.25314360665871766, 0.08886633746281951, 0.09609379546803576, 0.561896260310427], [0.23204977915053998, 0.10961305440682444, 0.40733609151724054, 0.2510010748253951], [0.16236047747524104, 0.03457055677445526, 0.06358917175322361, 0.7394797938970801], [0.16579531247253562, 0.0659477252992637, 0.5971552711352978, 0.17110169099290293], [0.2377489514262779, 0.41084370544356186, 0.15114416769756403, 0.20026317533259622], [0.26911927068877983, 0.41686002658192145, 0.15822843187145905, 0.15579227075783963], [0.15330584574158532, 0.08334925894126165, 0.3195676552865367, 0.44377723993061635], [0.08356628068050852, 0.047614817458706986, 0.6890552228563269, 0.17976367890445755], [0.13177322340829287, 0.2620900370697116, 0.11630551204060416, 0.48983122738139134], [0.1456760102807634, 0.2556794171220945, 0.3899117533512128, 0.20873281914592923], [0.04926474843338722, 0.7588901066682748, 0.0825184832419797, 0.10932666155635826], [0.07298023252949473, 0.7145764827013695, 0.10455836354640605, 0.10788492112272972], [0.46077099094573143, 0.11833398699818373, 0.18912680304299875, 0.23176821891308605], [0.5111661552871707, 0.11054405568924772, 0.14419656990516652, 0.234093219018415], [0.5482918701263122, 0.13648064636535556, 0.1343760212283468, 0.18085146217998546], [0.5734169228348069, 0.13200762163318094, 0.14728026968438473, 0.14729518574762734], [0.525209717024351, 0.1481428422162382, 0.12092153546611925, 0.20572590519329148], [0.5075927896648766, 0.1387648263618937, 0.15482264524904427, 0.1988197386241854]], "ideal": "B", "sampled": "D", "correct": false}}
{"type": "result", "data": {"idx": 12, "options": ["often have to be made quickly and without immediate authorization.", "should be made with visibility and accountability by the highest-level officials.", "have no objective answer.", "none of the above"], "probs": [[0.9111603923877301, 0.03069439845421933, 0.02839073299349929, 0.029754476064551266], [0.7858256795252454, 0.07309142781601732, 0.09533934435498677, 0.04574354820375055], [0.6576044264849068, 0.06930999147303245, 0.17979898243243161, 0.0932865995096291], [0.4525724058380524, 0.07504589613084359, 0.18005186034776366, 0.29232983758334036], [0.5976306466591553, 0.1272406038771259, 0.21311139520859748, 0.06201735415512131], [0.5074588769343915, 0.13032776407326804, 0.12244392458862334, 0.2397694343037171], [0.1673648226916857, 0.7501943194510232, 0.04948011468020127, 0.03296074307708981], [0.2066455128572846, 0.6671460568452035, 0.08220821240653019, 0.044000217790981726], [0.11365042007677435, 0.05368465617154867, 0.7647848810025495, 0.06788004264912749], [0.10951233439415935, 0.028569718340931183, 0.10129934293840909, 0.7606186042265004], [0.0763977643072129, 0.09809847298895064, 0.7839617231920599, 0.04154203941177649], [0.11975747778446577, 0.04992437977041749, 0.06117458108863156, 0.7691435612564852], [0.08391468908607234, 0.4066742627908844, 0.3424817595848555, 0.16692928843818772], [0.07036506855742032, 0.5282109733433219, 0.1741948542402363, 0.22722910375902144], [0.06237028887851339, 0.5736176349631862, 0.21435241319199505, 0.14965966286630533], [0.06227372935434663, 0.4125347717716967, 0.1494220042473338, 0.3757694945266229], [0.043508264190638433, 0.04930355661680988, 0.7960406363099353, 0.11114754278261643], [0.0668806051115776, 0.06382120304927975, 0.6756933826174157, 0.19360480912172692], [0.12022457926095868, 0.68126403771037, 0.13414882022180158, 0.06436256270686967], [0.079686984411854, 0.7104444503073735, 0.09920027106008349, 0.110668294120689], [0.10314249246281121, 0.5157727002581761, 0.30321547385998304, 0.07786933331902962], [0.07778604501719853, 0.31254733304267424, 0.07780441069877862, 0.5318622111413486], [0.08790004866585231, 0.06431085519876423, 0.6809282200709306, 0.16686087596445293], [0.10687222518369562, 0.0781929675608854, 0.615202037135725, 0.19973277001969397]], "ideal": "B", "sampled": "A", "correct": false}}
{"type": "result", "data": {"idx": 13, "options": ["to minimize damage incurred by all individual living beings.", "to minimize the suffering of all sentient creatures.", "to promote the functional integrity of ecosystems.", "to promote human welfare."], "probs": [[0.11974520623245821, 0.07611264060830973, 0.5803678458239068, 0.2237743072353253], [0.12804106925974207, 0.09367685041716728, 0.4133943657710369, 0.36488771445205376], [0.14525013103374101, 0.36519245397946454, 0.1672056814028213, 0.32235173348397317], [0.12818996797993332, 0.3539714567601084, 0.3223242807412326, 0.19551429441872567], [0.12476511206805276, 0.2993234492992722, 0.16022554454073004, 0.41568589399194505], [0.11253680287666289, 0.23455557224789148, 0.4966315328578228, 0.15627609191762282], [0.1483459958027972, 0.11023978066535726, 0.4641963791236719, 0.27721784430817364], [0.1567065049533374, 0.1259184870332407, 0.27080120423106957, 0.44657380368235233], [0.1880476260614531, 0.28675259438653916, 0.15111758488921256, 0.3740821945627952], [0.14524524345272424, 0.2671534498410532, 0.3827298695279849, 0.2048714370782376], [0.13888495496821074, 0.13673550704157966, 0.15739908260911767, 0.5669804552810919], [0.12260444749394203, 0.12070038463829505, 0.5942392127277567, 0.16245595504000618], [0.13129340697823652, 0.0821620262553498, 0.08747384342304622, 0.6990707232433675], [0.10106502999438895, 0.0762858505023797, 0.6800967212881814, 0.1425523981150499], [0.13470136631433466, 0.09258018377839958, 0.08835205348085384, 0.6843663963264119], [0.10668613840083943, 0.08707204525100726, 0.6435309099770604, 0.16271090627109286], [0.09118667717299912, 0.6738893188193287, 0.10830341700712375, 0.12662058690054848], [0.07659939786764136, 0.749944174580999, 0.07661256304502613, 0.09684386440633348], [0.44203200618734273, 0.13480829186817792, 0.1286492996795498, 0.2945104021649296], [0.44554733561668763, 0.14239834035405577, 0.23480859046601707, 0.17724573346323952], [0.523568253033843, 0.10974189229173666, 0.11148298115349409, 0.25520687342092624], [0.6059024152774963, 0.09005428581367558, 0.15320841509930797, 0.15083488370952006], [0.6699235934850667, 0.09802604319626264, 0.08255668605699071, 0.14949367716167997], [0.7551373669836865, 0.06807426210391176, 0.05915138737672509, 0.11763698343567663]], "ideal": "D", "sampled": "D", "correct": true}}
{"type": "result", "data": {"idx": 14, "options": ["consequentialism", "virtue ethics", "both A and B", "neither A nor B"], "probs": [[0.40116468358139323, 0.26310400388041616, 0.23586094285611692, 0.09987036958207365], [0.36693748828079586, 0.36694923039581545, 0.13929031787909923, 0.12682296334428944], [0.23461125788726733, 0.1855895668082614, 0.40542578693150333, 0.17437338827296794], [0.20023702976379054, 0.16600799064144428, 0.265305213147538, 0.36844976634722715], [0.1825954601645747, 0.1490276918535492, 0.512177183084186, 0.1561996647976901], [0.2275785607279603, 0.17178871503790155, 0.3260323252664359, 0.27460039886770227], [0.6921502167575945, 0.12027711391897931, 0.12217761558131192, 0.06539505364211434], [0.7818313269348599, 0.07986379443749773, 0.08910132231827649, 0.04920355620936587], [0.5857023858007279, 0.1527827450234134, 0.12667129008716038, 0.13484357898869836], [0.5078749958886458, 0.17827355432358152, 0.17280518546791473, 0.14104626421985791], [0.5319681763117019, 0.16223515568541375, 0.17543224988613568, 0.13036441801674872], [0.5248436849062763, 0.173068341996822, 0.16515953591066743, 0.13692843708623426], [0.21044650907518983, 0.20397176120794003, 0.4386589861276785, 0.1469227434891916], [0.1778852439379058, 0.2588275295586583, 0.18069587107592266, 0.38259135532751326], [0.22176300647911112, 0.3892167922231793, 0.24357984193451773, 0.14544035926319188], [0.21758139455499098, 0.4827394556924678, 0.15919335422106126, 0.14048579543148], [0.1904036821174404, 0.2191526260879139, 0.2562298736281782, 0.3342138180664675], [0.21331611591405533, 0.1489133558856549, 0.4176690044234108, 0.2201015236768789], [0.19454363027179672, 0.26180909110900125, 0.3692394517559531, 0.17440782676324895], [0.14644746044460366, 0.30523814838342794, 0.22332949268582875, 0.32498489838613964], [0.2172080362457971, 0.42531426469262296, 0.18292819906646002, 0.17454949989511995], [0.19285002976887994, 0.4848472854823528, 0.16241101192946794, 0.1598916727192993], [0.1645742307565674, 0.2249463133304981, 0.25096183264839883, 0.3595176231645356], [0.2064762917039616, 0.15343356935187602, 0.4303514466592315, 0.2097386921849309]], "ideal": "C", "sampled": "B", "correct": false}}
{"type": "result", "data": {"idx": 15, "options": ["will be seen as curiosities.", "will be scrutinized in relation to the person they are clones of.", "both of the above", "none of the above"], "probs": [[0.18610852851411236, 0.3643828007499676, 0.3215870500471758, 0.1279216205887442], [0.10642937141872208, 0.2848399366105846, 0.1810569816961722, 0.42767371017452105], [0.18439880286397523, 0.252040151511859, 0.34455246243238763, 0.21900858309177818], [0.19088211301337873, 0.11944732780736259, 0.2096611833160776, 0.4800093757631811], [0.12344547737062896, 0.1585144651220336, 0.43094541333939357, 0.2870946440679439], [0.18700253028795283, 0.11702375461551809, 0.24014470694479093, 0.45582900805173815], [0.35755204085255304, 0.14221386186209165, 0.37471606206973196, 0.12551803511562337], [0.1922612642854964, 0.15939490798049835, 0.22832771922393325, 0.420016108410072], [0.5986218468090998, 0.18543538143374896, 0.119732502414811, 0.09621026924234023], [0.6259339041660315, 0.13965385076955705, 0.15101583750573136, 0.08339640745868014], [0.24880348892097667, 0.18780765865928423, 0.165737191847166, 0.3976516604725731], [0.5250563220548214, 0.15278786988473433, 0.21548550631504754, 0.10667030164539668], [0.5165014112521856, 0.1285526266996867, 0.202270516665303, 0.15267544528282467], [0.21231636336444026, 0.11724926571301891, 0.15294317435052843, 0.5174911964720124], [0.4287648243019478, 0.26004187700282605, 0.1458845051449979, 0.16530879345022823], [0.3442201953618079, 0.3900525874960343, 0.13908991670037807, 0.12663730034177972], [0.21569001146588568, 0.14593852217251346, 0.18164969300821496, 0.4567217732533859], [0.32029775736400534, 0.15366627732368288, 0.3463567598222071, 0.1796792053901047], [0.1742907911364787, 0.24967937168962404, 0.20699059961156413, 0.36903923746233314], [0.16870526590660123, 0.08616592541594598, 0.2003711566045671, 0.5447576519728856], [0.18405746744479556, 0.28509290297874035, 0.14112899336874304, 0.389720636107721], [0.2510293349065885, 0.3888091328706217, 0.16464499636896093, 0.19551653575382888], [0.1809598085246296, 0.15969315407606172, 0.21831041897602918, 0.4410366183232795], [0.2568881732895926, 0.17111281538942533, 0.36231361736269774, 0.2096853938582843]], "ideal": "C", "sampled": "B", "correct": false}}
{"type": "result", "data": {"idx": 16, "options": ["because dead people no longer exist, and thus cannot benefit from choosing to die.", "because some things (e.g., long-term torture) are worse than death.", "because there has yet to be a satisfactory philosophical explanation of why death is bad.", "because death is, by definition, undesirable."], "probs": [[0.17474061957903916, 0.149460756042819, 0.3642210201158031, 0.31157760416233876], [0.14218706103016227, 0.09037549927486478, 0.45190886331910124, 0.31552857627587166], [0.16030649304613728, 0.3612753963869379, 0.17884955874380462, 0.29956855172312014], [0.1501522131182102, 0.19891934984062798, 0.2849646933821099, 0.36596374355905187], [0.11013409829028929, 0.41567112442899745, 0.20577415055310275, 0.2684206266276105], [0.13455410099838558, 0.2634507378158163, 0.2939208105818438, 0.30807435050395426], [0.29440645257886017, 0.2639029700463253, 0.2087707283517781, 0.23291984892303644], [0.25984661994223235, 0.251851282933463, 0.24032434102503253, 0.24797775599927213], [0.23972879766232988, 0.3655499354138528, 0.18964823230777078, 0.20507303451604655], [0.23660511048790397, 0.3183924494657748, 0.25187240924942134, 0.19313003069689988], [0.21559062276724836, 0.47091846951724964, 0.14817693607253826, 0.16531397154296376], [0.19552930571549745, 0.42047505466049023, 0.21142494131410083, 0.17257069820991147], [0.2529209403189855, 0.23028920706060121, 0.19698904768708106, 0.31980080483333223], [0.19389301582029056, 0.12324213062170569, 0.2910901686935974, 0.3917746847644064], [0.21804129425367952, 0.2799736177649184, 0.2509792372041528, 0.25100585067724923], [0.1933534231597587, 0.18163595413698144, 0.4223503360780576, 0.20266028652520224], [0.1753517161722196, 0.3487447343979092, 0.19563277679367067, 0.28027077253620053], [0.16186368420862937, 0.35912555683170694, 0.25071146343031947, 0.2282992954293442], [0.3182335949415503, 0.1479889386153228, 0.18418664405053872, 0.3495908222925882], [0.27327213502988773, 0.10535115316503207, 0.26488129091240453, 0.35649542079267565], [0.3328403283746045, 0.22521032726316104, 0.18671140351084478, 0.25523794075138967], [0.2542728071730611, 0.19802514321499534, 0.3368748871552141, 0.21082716235672944], [0.20609823174350156, 0.34516329084108677, 0.1580311828400292, 0.2907072944753824], [0.19495590029197443, 0.358595192396544, 0.2075408845932367, 0.23890802261824481]], "ideal": "A", "sampled": "D", "correct": false}}
