{"type": "result", "data": {"idx": 0, "options": ["164%", "1.64%", "0.45%", "183%"], "probs": [[0.30112196806769187, 0.3413342142559022, 0.22384373685527975, 0.13370008072112616], [0.2767138994442702, 0.3186090195274921, 0.2855934415295203, 0.11908363939871736], [0.23852593415157716, 0.10922196086810448, 0.5377437632065831, 0.11450834167373525], [0.28312072155028595, 0.1380095630746161, 0.4318803250357762, 0.14698939023932175], [0.2731676338376902, 0.429960121991849, 0.20951959020368088, 0.08735265386677989], [0.2403080940235822, 0.44917440776314854, 0.15765934865532383, 0.15285814945794543], [0.24926868825837686, 0.23791400376819638, 0.33032589163082, 0.18249141624260676], [0.1983398526461246, 0.18930138927744342, 0.4759640764112761, 0.13639468156515586], [0.30471879950703784, 0.21953770370540304, 0.2819139151057382, 0.1938295815818209], [0.31525519487089454, 0.23803013560775826, 0.269752502414431, 0.17696216700691622], [0.25518214509928866, 0.1781850443737462, 0.45509865536386607, 0.1115341550630991], [0.28780678769472445, 0.18013811646502237, 0.3754921071002532, 0.15656298863999993], [0.1455861776921598, 0.14561480282281034, 0.5411211251671403, 0.1676778942178895], [0.15606268678908689, 0.1635886826106445, 0.47344019845997676, 0.20690843204029186], [0.16028666494673988, 0.39073252674010156, 0.26436087486484505, 0.18461993334831353], [0.1593937003362779, 0.44724062747119736, 0.2548013963265934, 0.13856427576593142], [0.15460090920881442, 0.16720146691338914, 0.47640231675541056, 0.20179530702238585], [0.16854034362538076, 0.13975140450987433, 0.5793784856216886, 0.11232976614305627], [0.3874153407853408, 0.3936903686347967, 0.14257393457267137, 0.07632035590719118], [0.30664438920067133, 0.43946285361016574, 0.14950339940195528, 0.10438935768720761], [0.34346441966426833, 0.1524423279807562, 0.4144568926183776, 0.08963635963659793], [0.414914634671185, 0.20868721446776264, 0.25174855995828305, 0.12464959080276929], [0.29175950832784275, 0.14446463550461913, 0.38667353308348673, 0.17710232298405137], [0.25139751278635675, 0.13458939984318594, 0.4772517538412468, 0.13676133342921054]], "ideal": "A", "sampled": "B", "correct": false}}
{"type": "result", "data": {"idx": 1, "options": ["No effect No effect", "No effect Understated", "Understated No effect", "Understated Understated"], "probs": [[0.17775665751577036, 0.19834186725843972, 0.388272654621894, 0.2356288205038959], [0.17701725923760706, 0.24969530475168866, 0.3989328503050753, 0.17435458560562897], [0.17863160795382846, 0.2946075621186595, 0.2899477308729778, 0.2368130989545342], [0.11686231891311744, 0.22530032544865217, 0.5077032748968298, 0.15013408064140066], [0.15153117115257603, 0.347009446214415, 0.28757541531245695, 0.21388396722055203], [0.17027389018841224, 0.30842296205127434, 0.3661719669384747, 0.15513118072183868], [0.2665830810610639, 0.1404964157724489, 0.42602899031507935, 0.16689151275140787], [0.2615347011472488, 0.13570322574039076, 0.4811032949575021, 0.12165877805485832], [0.309216279309839, 0.3505406886310922, 0.1846629938097704, 0.15558003814929833], [0.2446258122518221, 0.3344697132626173, 0.29975850057044784, 0.12114597381511277], [0.2799195730382299, 0.4405950736736262, 0.13643625783856075, 0.1430490953495831], [0.2620045957603381, 0.36387066675976076, 0.24233455546762625, 0.1317901819122749], [0.24438096182797658, 0.14595331902623893, 0.32376275910609276, 0.28590295993969167], [0.1797387639940074, 0.097726608007164, 0.5803047547722276, 0.142229873126601], [0.35131177302662114, 0.29596012827774654, 0.12924207745690153, 0.2234860211387308], [0.25227260962992365, 0.22266210945200696, 0.40952802310555764, 0.11553725771251172], [0.1732764146535097, 0.42905662738135314, 0.16795939705955443, 0.22970756080558272], [0.19171883449602473, 0.4322155181961502, 0.23127818449923548, 0.14478746270858958], [0.19978156237284758, 0.09148078206427261, 0.3791227255578587, 0.3296149299050211], [0.2608715036380414, 0.0959714069266223, 0.4798488687966564, 0.1633082205386799], [0.31605548605307876, 0.3365677397083761, 0.16143538537304694, 0.18594138876549818], [0.2800481319147442, 0.29355633255884017, 0.29812276360391576, 0.12827277182249988], [0.26670449969485666, 0.25856336948670167, 0.23172459003992263, 0.24300754067851907], [0.27486750480764205, 0.26646447179037014, 0.31148225065931195, 0.14718577264267582]], "ideal": "B", "sampled": "D", "correct": false}}
{"type": "result", "data": {"idx": 2, "options": ["Nonsampling risk arises from the possibility that, when a substantive test is restricted to a sample, conclusions might be different than if the auditor had tested each item in the population.", "Nonsampling risk can arise because an auditor failed to recognize misstatements.", "Sampling risk is derived from the uncertainty in applying audit procedures to specific risks.", "Sampling risk includes the possibility of selecting audit procedures that are not appropriate to achieve the specific objective."], "probs": [[0.379355139732862, 0.14175353097967183, 0.19685495214550375, 0.2820363770419624], [0.42635397389302754, 0.1384126436098876, 0.1922157612911103, 0.24301762110597458], [0.5705248925459907, 0.11591200216117699, 0.12535682786331795, 0.18820627732951437], [0.6472176650303367, 0.09179043502584885, 0.11426368950539981, 0.1467282103384146], [0.5507827564756463, 0.12289719648613995, 0.1329132805009871, 0.19340676643722657], [0.6012672050902866, 0.1061261346950918, 0.12028646199052152, 0.1723201981241], [0.2156522040047823, 0.3447114927636037, 0.20264931625036411, 0.23698698688124986], [0.2491618580242573, 0.34065302760867855, 0.20026503503294615, 0.20992007923411796], [0.1843347808137845, 0.11007823705038765, 0.42871895003316873, 0.27686803200265914], [0.158618622334312, 0.07262764504118803, 0.1107590703206279, 0.657994662203872], [0.22271094055796195, 0.13299049633887428, 0.40339220167227213, 0.24090636133089163], [0.15444265879795252, 0.06961898019284375, 0.10452419907762181, 0.6714141618315819], [0.23112412596047968, 0.2832422171773726, 0.18869977625212228, 0.29693388051002545], [0.24891469257452314, 0.3456843638513544, 0.18215943056790915, 0.2232415129062133], [0.19760930683431804, 0.11986767588748663, 0.38101020735425034, 0.30151280982394496], [0.1516170420323855, 0.0672910765025265, 0.12186293102459586, 0.6592289503404921], [0.2022824764389542, 0.14345240805282763, 0.3551370256059429, 0.29912808980227523], [0.15425521133787648, 0.07519035040580341, 0.08930344878734194, 0.6812509893689782], [0.2833511615514872, 0.2746882520248458, 0.19177967879581967, 0.2501809075278473], [0.2844896529482531, 0.30769475374438743, 0.18956910997017626, 0.21824648323718318], [0.22562093044694184, 0.12460805007928379, 0.38994328055229865, 0.2598277388214757], [0.11843433264079625, 0.04426240003910899, 0.08803607930409231, 0.7492671879160024], [0.22571432083716653, 0.11894922436442835, 0.3607911982594725, 0.29454525643893265], [0.14816551184796337, 0.059872413729130144, 0.08444325678043661, 0.7075188175424699]], "ideal": "B", "sampled": "A", "correct": false}}
{"type": "result", "data": {"idx": 3, "options": ["Inspect inventory items that were ordered before the year end but arrived after the year end.", "Test internal control activities that were previously reported to management as inadequate.", "Review the client's cutoff bank statements for several months after the year end.", "Compare the latest available interim financial statements with the statements being audited."], "probs": [[0.11759938122941245, 0.06007216043519056, 0.35671745474543926, 0.4656110034899577], [0.13454123190856374, 0.057870527370051446, 0.48461974926043055, 0.3229684913609543], [0.1684839576314289, 0.12328662722069975, 0.11950223891732148, 0.5887271761305499], [0.23806682297788662, 0.274082942334248, 0.28724525644021187, 0.2006049781476535], [0.12965849233848406, 0.09487774363519295, 0.10585021384268797, 0.669613550083635], [0.2656675239287259, 0.24575754631449584, 0.3058728231798783, 0.1827021064769], [0.07828211666930528, 0.04899512157851573, 0.3454898245959227, 0.5272329370562563], [0.09070894357758633, 0.045617525719471815, 0.38799352461673153, 0.47568000598621035], [0.056533609527661205, 0.027990250383335236, 0.05743650815234515, 0.8580396318366584], [0.12414699509046005, 0.11664367155472034, 0.4267200092067771, 0.3324893240480425], [0.02734611473467277, 0.019394457534780443, 0.03248081700813541, 0.9207786106224114], [0.1750701237242595, 0.19534817370695132, 0.3073346087524961, 0.32224709371629306], [0.09163134441765493, 0.035330969441900714, 0.06811147851436292, 0.8049262075260815], [0.1255066208868841, 0.07378777030455232, 0.6179932311745302, 0.1827123775340334], [0.055917041230128535, 0.021560880938533707, 0.06047371899839266, 0.862048358732945], [0.08611527437327943, 0.03821711770952646, 0.5886759998635719, 0.2869916079536222], [0.2794210785606742, 0.33190687003809216, 0.21096887239333384, 0.17770317890789983], [0.24962592496643982, 0.3748490642448848, 0.14451295980053114, 0.23101205088814425], [0.11471024135870812, 0.04857733780335916, 0.0879678856324132, 0.7487445351055195], [0.3296337225594418, 0.12909920897084545, 0.3854912335931581, 0.15577583477655463], [0.028843877126639363, 0.01428082362985427, 0.030232844219325178, 0.9266424549241812], [0.42625869904139896, 0.09218966558360293, 0.31193031039435337, 0.1696213248806447], [0.5585158646653972, 0.12269229271583501, 0.1730511655447311, 0.14574067697403678], [0.5850079437129828, 0.10653938700164196, 0.1433868503655586, 0.16506581881981663]], "ideal": "D", "sampled": "D", "correct": true}}
{"type": "result", "data": {"idx": 4, "options": ["Accounting Standards Updates.", "Emerging Issues Task Force Releases.", "Statements of Financial Accounting Standards.", "Staff Technical Bulletins."], "probs": [[0.9788607706784032, 0.004979823752149565, 0.006704659554268312, 0.009454745915178961], [0.9780064193446243, 0.0049366263010444, 0.006099328191028381, 0.010957626063302865], [0.9793576454007733, 0.004905010167089755, 0.00620372100990433, 0.009533623322232641], [0.9801167073425827, 0.004539799984450865, 0.005652832353234941, 0.009690660219731447], [0.9779970398454575, 0.00453010954007362, 0.006342397455728823, 0.011130453058740095], [0.9798744126555045, 0.0043309923493341776, 0.006255825942567868, 0.009538768952593457], [0.014096417500716054, 0.9221950170731849, 0.039881198156840394, 0.023827367169258668], [0.014188755876738658, 0.9282063011441049, 0.031264766261441895, 0.026340176617714553], [0.032500109413178796, 0.026952401709663443, 0.893195060978347, 0.04735242779881071], [0.03305884825951343, 0.011790369647112105, 0.017157135545569382, 0.937993646447805], [0.02374741188834423, 0.009523049687831783, 0.9060119757804967, 0.06071756254332728], [0.030266923855074717, 0.009452001199533325, 0.031728923347147234, 0.9285521514982448], [0.015609402105267973, 0.9370669623019174, 0.029190169331343267, 0.01813346616147133], [0.014926588495074075, 0.9390499184551252, 0.026222093161451764, 0.019801399788348942], [0.026205094089260843, 0.01209541017281253, 0.9246987544522934, 0.03700074118563322], [0.02695872946651263, 0.0070895048129285265, 0.01410119390120473, 0.951850571719354], [0.024289292163966667, 0.010697797298405353, 0.9267559957352525, 0.038256914702375536], [0.02688945003796584, 0.006961622963844561, 0.016702170460590873, 0.9494467564375987], [0.013148059319527007, 0.9300238619097484, 0.030842075552157584, 0.025986003118567], [0.012683243688453956, 0.9328927454170596, 0.031422382265737604, 0.02300162852874887], [0.022806664437984927, 0.011205755864330015, 0.8978018567470429, 0.06818572285064216], [0.025775599343731942, 0.008501676235027485, 0.026603170752407524, 0.939119553568833], [0.02338256981840153, 0.023027894225830313, 0.9062877122471795, 0.0473018236085886], [0.02845981225022357, 0.009684926423373073, 0.017677911745939235, 0.9441773494804642]], "ideal": "A", "sampled": "A", "correct": true}}
{"type": "result", "data": {"idx": 5, "options": ["\u2212$3", "\u2212$27", "$3", "$500"], "probs": [[0.24706408010837289, 0.29346662319546873, 0.2757091182834004, 0.18376017831275804], [0.21711327456915755, 0.2876834911965263, 0.32601237779594283, 0.16919085633837336], [0.22938889727434375, 0.36098839215356515, 0.2442569921253598, 0.16536571834673128], [0.22471022452910086, 0.33740778785000514, 0.2627658106282331, 0.1751161768926609], [0.19698805224469124, 0.34582729578312194, 0.29120342618875933, 0.1659812256834275], [0.23572404329022822, 0.36520394135035894, 0.2394855582551253, 0.15958645700428747], [0.2817628425340647, 0.22292264135817635, 0.2953648312893908, 0.19994968471836813], [0.2731928743687404, 0.19374420659559058, 0.3620134781829061, 0.17104944075276293], [0.30215631111483304, 0.23169918465090325, 0.2883991426895263, 0.1777453614447374], [0.2666062374652117, 0.20765468166696685, 0.3588329797798236, 0.16690610098799782], [0.2647313335113041, 0.32954629236420424, 0.2264864728514249, 0.17923590117306668], [0.2664067029802809, 0.331636890811678, 0.22438510247079835, 0.17757130363724274], [0.2433689981455621, 0.3175485431830431, 0.2551712095482286, 0.1839112490231662], [0.2410168837805377, 0.28186018992256967, 0.286313580559758, 0.19080934563713467], [0.24872219930668255, 0.31452242005484843, 0.24883202086630668, 0.18792335967216234], [0.21795496800939942, 0.254873745553673, 0.36510965508532106, 0.1620616312516065], [0.2299666817261284, 0.290782119442023, 0.300026859312649, 0.17922433941919963], [0.19353720591984933, 0.3093688853245889, 0.3093720741728465, 0.18772183448271523], [0.193245884857435, 0.24819485470860508, 0.3905265570708016, 0.16803270326315833], [0.23271395263728922, 0.1990815400878189, 0.3494359850534048, 0.2187685221214871], [0.2897066858033714, 0.24401775727268962, 0.2638674754793073, 0.20240808134463167], [0.28481722733382114, 0.23989161549407298, 0.26348031581685294, 0.21181084125525287], [0.2305506203920159, 0.19724749320631904, 0.36856848547004256, 0.20363340083162249], [0.23311853159730003, 0.22956648246388126, 0.3612034349375789, 0.1761115509012398]], "ideal": "C", "sampled": "D", "correct": false}}
{"type": "result", "data": {"idx": 6, "options": ["Overstated Understated", "Understated Overstated", "Overstated No effect", "No effect No effect"], "probs": [[0.2841099883066616, 0.3824523204913444, 0.21116462977099654, 0.12227306133099737], [0.30709629332641547, 0.4199663871116769, 0.15444308057542724, 0.11849423888648035], [0.23864215542327047, 0.22423401319133107, 0.37552731483562496, 0.16159651644977346], [0.25316200751797885, 0.22000694123638945, 0.2653527061858135, 0.2614783449598182], [0.2564877088031451, 0.100450356314733, 0.4945210140979941, 0.14854092068412783], [0.2582657634953679, 0.10937255619862696, 0.3817606269931502, 0.2506010532128549], [0.3215346729891235, 0.33184276016739844, 0.22449865113929982, 0.12212391560417818], [0.354125531351219, 0.3655176191129203, 0.14996555296759181, 0.13039129646826889], [0.24977164712350228, 0.19455777686551062, 0.39923898571429733, 0.15643159019668976], [0.3119117319271981, 0.2014265060223378, 0.2110727131155657, 0.2755890488348984], [0.30364628679112426, 0.10171553428526674, 0.44884461189491465, 0.14579356692869436], [0.2347682749210711, 0.06940506501405382, 0.32596388941670035, 0.36986277054817474], [0.21564907476083864, 0.3727716616249337, 0.2561500446584984, 0.15542921885572925], [0.20585896335814372, 0.3448876830657537, 0.21577471696515518, 0.2334786365109474], [0.18779670539691795, 0.3855385356251642, 0.2608020421960341, 0.16586271668188368], [0.1945002910821975, 0.38701488313745613, 0.1799195638083111, 0.23856526187203528], [0.20735020679249352, 0.15171905764725896, 0.4459847179196167, 0.19494601754063084], [0.1915320845790279, 0.13165984654123714, 0.4595674734977029, 0.21724059528203207], [0.17374996580308702, 0.3247533987919572, 0.34561940509172057, 0.15587723021323524], [0.17334926126653957, 0.3091465830493771, 0.32391804453471634, 0.19358611104936696], [0.19686776104287926, 0.36797597452334435, 0.29100426594976836, 0.14415199838400802], [0.19451803256888156, 0.3258970428065953, 0.27867156679632415, 0.20091335772819893], [0.14147100708838675, 0.20912139670897156, 0.4497104681708014, 0.1996971279318403], [0.12383714033308318, 0.1693043026644673, 0.48235951666029886, 0.22449904024215062]], "ideal": "D", "sampled": "B", "correct": false}}
{"type": "result", "data": {"idx": 7, "options": ["$100", "$104.29", "$96.71", "$97.33"], "probs": [[0.092117913744461, 0.639882807666767, 0.19508583987107458, 0.07291343861769745], [0.10154507383839904, 0.6626369405816732, 0.16488732518758062, 0.07093066029234711], [0.06828964475496567, 0.7945585816506767, 0.0863720547829174, 0.050779718711440165], [0.06476380458245899, 0.7896417113841616, 0.10035701503639269, 0.04523746889698672], [0.07353480017107601, 0.7550242565209646, 0.0989985025499373, 0.07244244065802202], [0.0751228087593496, 0.771267230188004, 0.10113672881902373, 0.05247323213362263], [0.2492206393958638, 0.20342421252029677, 0.45846792803399244, 0.08888721994984698], [0.30860568239455205, 0.2055935340017694, 0.3901702310563205, 0.095630552447358], [0.3317058583253956, 0.3166229928229629, 0.21756733303375936, 0.1341038157178821], [0.427990457850472, 0.2516692353531072, 0.21863853464575908, 0.10170177205066172], [0.32364152894236176, 0.3089100626126947, 0.22596790710907788, 0.1414805012358656], [0.420400818684362, 0.25109138521072083, 0.22861347579278926, 0.09989432021212787], [0.3109540319805772, 0.2039560213186333, 0.39314016402947305, 0.09194978257131642], [0.48167226540670927, 0.15885626558013463, 0.2921970355726479, 0.06727443334050817], [0.4400373434558151, 0.21118140449907136, 0.214491220423515, 0.13429003152159852], [0.5293549338150774, 0.1745977861602185, 0.191760332801838, 0.10428694712286615], [0.4683691472107808, 0.21786255616136815, 0.1952792195160264, 0.11848907701182461], [0.5171929885112826, 0.21905251029610517, 0.13494413285431078, 0.1288103682383015], [0.2779134039860244, 0.20981795531579556, 0.39815973031233526, 0.11410891028584479], [0.43217772563082824, 0.18590609865941785, 0.31134447684262456, 0.07057169876712935], [0.3752019162876007, 0.21720081889246715, 0.24610558516463635, 0.1614916795552958], [0.5184679223997954, 0.18203533372084374, 0.19076927715007905, 0.10872746662928177], [0.5115967645403935, 0.2200946660056259, 0.16101110390379286, 0.10729746545018769], [0.5540617745118237, 0.2204631732218278, 0.10743665029104546, 0.11803840187530307]], "ideal": "D", "sampled": "C", "correct": false}}
{"type": "result", "data": {"idx": 8, "options": ["It will be reclassified as an asset held for sale.", "It will be classified as a current asset.", "It will no longer be depreciated.", "It will be valued at historical cost."], "probs": [[0.23449431706846732, 0.1689218903748434, 0.39277479633895945, 0.2038089961177298], [0.2067873210519492, 0.125439332792126, 0.4734393428305111, 0.1943340032254137], [0.24707178786478606, 0.175232057242033, 0.35955674289703493, 0.218139411896146], [0.21585623070990853, 0.14608142213795347, 0.4942299870422967, 0.1438323600098413], [0.2301601882024889, 0.269168492094057, 0.3097688211225324, 0.19090249848092164], [0.20515705910317567, 0.2475340814620629, 0.40177414402674383, 0.14553471530801762], [0.2369164018437428, 0.12485924081966558, 0.4224252261702451, 0.21579913106634652], [0.22422618827624702, 0.09796747418306882, 0.49757789819066095, 0.1802284392500232], [0.2903847819046994, 0.19963364601322559, 0.2728379205885132, 0.2371436513935618], [0.2677404662025594, 0.1702244481341025, 0.38360674328564326, 0.17842834227769483], [0.28258775819730864, 0.2417831348599665, 0.26551138560765103, 0.21011772123507383], [0.23865639805409322, 0.2350287700205144, 0.3314219365470697, 0.1948928952783227], [0.34919930021250045, 0.15497330060501832, 0.28061172781480215, 0.21521567126767907], [0.28853532239091917, 0.14510628363370784, 0.4069692431434934, 0.15938915073187956], [0.37928616431606543, 0.19375407405116654, 0.2449088357902707, 0.18205092574249732], [0.3631324333989674, 0.188422405183356, 0.2741472247332618, 0.17429793658441478], [0.35526763526627986, 0.25198419401415795, 0.2599539315413118, 0.13279423907825036], [0.36532217260522193, 0.20820064840618951, 0.2511217295872383, 0.17535544930135025], [0.316097041453192, 0.14249148538799264, 0.30641066111806614, 0.23500081194074918], [0.24229136829013745, 0.1359288583836781, 0.4388264249966731, 0.18295334822951134], [0.33623233408256736, 0.19463513539557178, 0.2618909839823332, 0.20724154643952766], [0.27516068665379545, 0.18622587239226324, 0.3372044465922541, 0.20140899426168715], [0.3229961000657113, 0.23637371548513011, 0.2806723629947262, 0.15995782135443237], [0.30632384695554676, 0.1887633446038744, 0.31610863455625415, 0.18880417378432465]], "ideal": "D", "sampled": "D", "correct": true}}
{"type": "result", "data": {"idx": 9, "options": ["$28,000", "$132,000", "$160,000", "$188,000"], "probs": [[0.19213645444582475, 0.2668504456439561, 0.3426180830645384, 0.19839501674568072], [0.19868268070618306, 0.2633056044315247, 0.33284527060041297, 0.2051664441618793], [0.1910297011524322, 0.1823228935820591, 0.46567017039946107, 0.1609772347660476], [0.20254926985113703, 0.21233027314000757, 0.37266955886540076, 0.21245089804345463], [0.19682298891994554, 0.2162286075171459, 0.41038263451499646, 0.1765657689479121], [0.1893899589587603, 0.22148935494592203, 0.3709438442812955, 0.21817684171402216], [0.23855939860580047, 0.2878557188201539, 0.3016447469535536, 0.17194013552049198], [0.24410814443286336, 0.2766948218354384, 0.30867155003419355, 0.17052548359750466], [0.2487893067953567, 0.24499171634610453, 0.3454937081070675, 0.16072526865147124], [0.2752310797434639, 0.24677826442505355, 0.2796180712669462, 0.19837258446453634], [0.2529693396416263, 0.2610732174298292, 0.3300118344699244, 0.15594560835862012], [0.2741302929285307, 0.25360072412341184, 0.3058935494681341, 0.16637543337992342], [0.20649477789015094, 0.24915173281087438, 0.38591772418948306, 0.1584357650094916], [0.20392873302724446, 0.2619325337415904, 0.33632804463397076, 0.19781068849719435], [0.19906451095716904, 0.354987831824194, 0.31326132830181286, 0.1326863288168241], [0.22535330054890632, 0.3491686880239363, 0.2325716465479022, 0.1929063647792552], [0.20902578219132825, 0.2726992625813288, 0.33936342087923216, 0.17891153424811082], [0.2277866371578667, 0.27058098523834545, 0.32131505966892554, 0.18031731783486227], [0.23444733720006533, 0.234504691771204, 0.37477968256241473, 0.15626828836631593], [0.22918752858079275, 0.23652582925543472, 0.34415151223756335, 0.19013512982620917], [0.24638683724343313, 0.3067223383667958, 0.3019598975183619, 0.14493092677140917], [0.2708788433138203, 0.3022798805447172, 0.25453903509994963, 0.17230224094151284], [0.24984338131562012, 0.24990803745596066, 0.33108223467979747, 0.1691663464486217], [0.26988821816892317, 0.24967176837701668, 0.29189246455056483, 0.1885475488034953]], "ideal": "C", "sampled": "B", "correct": false}}
{"type": "result", "data": {"idx": 10, "options": ["$100", "$2", "$500", "$200"], "probs": [[0.32138272637815046, 0.18605929334002858, 0.2749725836989597, 0.21758539648286124], [0.3752156327938299, 0.23488481780542822, 0.2539547568027894, 0.13594479249795247], [0.3280090987354333, 0.2363384067775899, 0.251557379935858, 0.18409511445111867], [0.37842744021166824, 0.19638931456644443, 0.27692684115789434, 0.14825640396399295], [0.362261184282961, 0.2490757853094539, 0.23033115382685748, 0.1583318764807276], [0.36439840087818154, 0.2317085781970946, 0.23167961033887335, 0.1722134104858505], [0.2685660003498149, 0.2859670987752022, 0.22269848481431664, 0.2227684159606662], [0.27255576846258206, 0.32886558767844765, 0.2331867664819227, 0.16539187727704754], [0.24848262213614145, 0.18184149805400787, 0.339730630475005, 0.22994524923484566], [0.23126844025615845, 0.18880691278446018, 0.39972267744167855, 0.1802019694177028], [0.24923663581610728, 0.19720732261376395, 0.40467162142138985, 0.14888442004873892], [0.24004944441154846, 0.3035474328826079, 0.24773504589300432, 0.2086680767128393], [0.3990168511615007, 0.20386516742060656, 0.2383235210191774, 0.15879446029871536], [0.3713101016199363, 0.20511993190621225, 0.28035191951951904, 0.1432180468543324], [0.2190489172716437, 0.13927082716025962, 0.435779094652467, 0.20590116081562967], [0.2454439958137995, 0.1853250794817737, 0.39234881362935053, 0.17688211097507622], [0.4164245724261615, 0.19985581932453497, 0.2526345848784536, 0.13108502327084992], [0.3496656469601256, 0.2188965561602647, 0.24417184654672797, 0.18726595023288176], [0.3687845115175935, 0.3011078789364013, 0.19438479549155696, 0.13572281395444818], [0.3489033281454228, 0.2939141690437134, 0.21167258916168644, 0.14550991354917733], [0.28161134431014745, 0.12695821574239546, 0.4644582915183087, 0.12697214832914838], [0.2920795591753836, 0.17999767718906257, 0.33627339192027633, 0.1916493716152775], [0.3725782521418209, 0.22605405071936363, 0.2642521779197794, 0.13711551911903613], [0.32317031962156717, 0.24402766326486122, 0.25973864226104315, 0.17306337475252848]], "ideal": "D", "sampled": "A", "correct": false}}
{"type": "result", "data": {"idx": 11, "options": ["$0", "$15,000", "$20,000", "$40,000"], "probs": [[0.1352662782315135, 0.4648899872103356, 0.3296518125696684, 0.07019192188848247], [0.15493058936414897, 0.34917834279146176, 0.4019044966664552, 0.09398657107793403], [0.15123907994845467, 0.43091838905498037, 0.3355947682582303, 0.08224776263833466], [0.1490804988810314, 0.38673644965941356, 0.363291380046551, 0.10089167131300407], [0.13714760949276145, 0.3448358578586215, 0.40949700498947383, 0.1085195275591432], [0.13235798674031715, 0.3542618207914294, 0.3830375430057499, 0.1303426493625035], [0.23570213682748414, 0.2357149965293057, 0.45440121464950955, 0.07418165189370063], [0.2179146790908015, 0.1723857023428639, 0.5067445484267205, 0.10295507003961414], [0.3191932987967824, 0.2906599895267103, 0.3094209386185195, 0.08072577295798787], [0.24719638734951996, 0.2715170206536195, 0.3829288951488866, 0.0983576967479739], [0.24395736867761827, 0.3960344761509451, 0.2517242412633983, 0.10828391380803827], [0.22690863228827682, 0.3921264292764012, 0.2737463630835741, 0.10721857525174794], [0.32794020261393114, 0.17830229306326256, 0.40818886546309563, 0.08556863875971063], [0.2569566800836321, 0.17386459719180025, 0.46534069814636697, 0.10383802447820067], [0.38902750109470297, 0.24346541669329452, 0.2846572144351365, 0.08284986767686603], [0.2967921539366307, 0.23849906380323355, 0.36369887532678447, 0.10100990683335126], [0.2987284526498602, 0.3603809314435531, 0.23266964108392085, 0.1082209747226658], [0.30310076923767765, 0.34350523861050625, 0.24358167114774915, 0.10981232090406691], [0.2918015383012739, 0.20055939558163943, 0.4051841561255722, 0.10245490989151441], [0.28331938172040855, 0.21055576046271776, 0.3933994442322883, 0.11272541348458537], [0.31888426664121555, 0.2903830853359472, 0.2949600661644388, 0.09577258175839849], [0.264569662050682, 0.32932113616388575, 0.2730208553690624, 0.13308834631636987], [0.2914597727251859, 0.340796231522196, 0.2654067338374031, 0.10233726181521498], [0.25821076764644707, 0.3475268145695606, 0.2623270051162627, 0.13193541256772964]], "ideal": "B", "sampled": "D", "correct": false}}
{"type": "result", "data": {"idx": 12, "options": ["Engagement performance.", "Risk analysis.", "Safeguarding of assets.", "Information processing."], "probs": [[0.535589996936928, 0.15831828233743736, 0.10887541701953199, 0.1972163036061027], [0.5146266911653671, 0.15942392399527788, 0.09377078478496936, 0.2321785999543857], [0.58474645378942, 0.1206600388468824, 0.11886087272494614, 0.17573263453875146], [0.5176468894244568, 0.1229466600985567, 0.10687528896472677, 0.2525311614122598], [0.47306721692916875, 0.1420389839560957, 0.1314354221177478, 0.25345837689698775], [0.5157855267855065, 0.1345479220288835, 0.11696199587968104, 0.23270455520592898], [0.4799455332284213, 0.1821826371043139, 0.13759171756334485, 0.20028011200391993], [0.44415143791570244, 0.19406195460976408, 0.1123637274797692, 0.2494228798947643], [0.42353879138946676, 0.1396775352911289, 0.22685850478351963, 0.2099251684358847], [0.4590177603950701, 0.1274660993607445, 0.10738790194194367, 0.3061282382022418], [0.42758215538239597, 0.11155193544321629, 0.2052593288249454, 0.25560658024944233], [0.4352495442883027, 0.11005436053978168, 0.15048553753332386, 0.3042105575385917], [0.4956983999845121, 0.19112964608264585, 0.13348514733685188, 0.1796868064959902], [0.48050705783825703, 0.16349087044858418, 0.11418183466463018, 0.24182023694852858], [0.5468515834686417, 0.1258910465992422, 0.1495694093192468, 0.1776879605128693], [0.5640470041089618, 0.11639099342214902, 0.08789289389683072, 0.2316691084720585], [0.4776884401400233, 0.1189084446799261, 0.1704000903316765, 0.23300302474837406], [0.5113181838782735, 0.11588176565732113, 0.12340689642654569, 0.24939315393785966], [0.23977412760216013, 0.31778999825324655, 0.18687448934651138, 0.255561384698082], [0.2705932976300116, 0.297303987889242, 0.17758672731471684, 0.2545159870660295], [0.23582241288184874, 0.19865025873954803, 0.271632526365066, 0.2938948019135372], [0.25651179290303217, 0.18771484121083665, 0.18200990150597926, 0.3737634642801519], [0.19416732794835623, 0.1610263263865269, 0.357420319917516, 0.28738602564760085], [0.2542118316241878, 0.1775181064941641, 0.18610011697487164, 0.38216994480677646]], "ideal": "A", "sampled": "A", "correct": true}}
{"type": "result", "data": {"idx": 13, "options": ["$18,000", "$22,500", "$25,000", "$40,500"], "probs": [[0.2048801389930346, 0.3224280630134349, 0.2801007502945963, 0.19259104759893417], [0.2061377522379663, 0.30001689639592066, 0.290769116964062, 0.203076234302051], [0.19600576452449547, 0.24784858891644038, 0.39606908549980985, 0.1600765609592543], [0.18942906603875106, 0.21137379652947344, 0.3595625001028108, 0.23963463722896466], [0.19427503021838266, 0.3009861841937701, 0.3410479280480005, 0.1636908574398467], [0.20053622423396184, 0.278497342417067, 0.3106676982132024, 0.21029873503576882], [0.25069392098503623, 0.2797453742901688, 0.271122817237725, 0.19843788738706997], [0.23847096731979475, 0.2619767901923101, 0.29223917238051195, 0.20731307000738317], [0.24490398895985566, 0.23742134084179065, 0.3145234678229124, 0.20315120227544128], [0.22871703715668665, 0.22521860224085122, 0.32768808815516154, 0.21837627234730062], [0.23797208849279314, 0.2533793373635549, 0.320292046029366, 0.18835652801428593], [0.23038976235454742, 0.2694193760694762, 0.31496504415350185, 0.18522581732247453], [0.1851904634889406, 0.26952820210359724, 0.35705663686231615, 0.188224697445146], [0.18363978909683282, 0.22860287936419418, 0.33260565001601905, 0.25515168142295397], [0.19293331757841284, 0.3181887756380405, 0.289689498496263, 0.19918840818728362], [0.19217181203827793, 0.3024176656897442, 0.28407281634351045, 0.22133770582846743], [0.18871545424454464, 0.25401003680133094, 0.33649541949813805, 0.22077908935598634], [0.18856863479797137, 0.2787628222339201, 0.3469122933774911, 0.18575624949061742], [0.21743506385088804, 0.32144753205854704, 0.3019536851370168, 0.1591637188535481], [0.22151649495905554, 0.28899599807072557, 0.284490155348485, 0.20499735152173387], [0.2277714623121262, 0.3315026860202041, 0.27912814738771635, 0.16159770417995334], [0.22472593186038567, 0.34277015921026033, 0.2627820670341924, 0.16972184179516162], [0.2287632903596493, 0.28925745814359055, 0.2892354640303261, 0.19274378736643408], [0.21365942058810825, 0.31585744020164486, 0.3013751506504045, 0.16910798845984243]], "ideal": "B", "sampled": "B", "correct": true}}
{"type": "result", "data": {"idx": 14, "options": ["$100 billion", "$80 billion", "$20 billion", "$10 billion"], "probs": [[0.2663644214249855, 0.33682348818952035, 0.24257175260484778, 0.15424033768064638], [0.2780709266384527, 0.33032912012611626, 0.23057441411096813, 0.16102553902446293], [0.24977147948883907, 0.16640761740939133, 0.4249797228295763, 0.15884118017219329], [0.2668904244532832, 0.21787812329684905, 0.3072473865180602, 0.20798406563180752], [0.2323511963588705, 0.1324044963283683, 0.4920371701793692, 0.14320713703339202], [0.24267782268481577, 0.20762459931681534, 0.30684238669188046, 0.2428551912064884], [0.330789541133786, 0.2830138248371266, 0.22739552297993745, 0.15880111094914995], [0.3340377956609681, 0.2770068769032012, 0.22606880481078165, 0.16288652252504907], [0.3087558149982687, 0.17595016954569845, 0.3499493002541591, 0.16534471510187373], [0.3316152791874625, 0.2043463614768268, 0.27497808483604064, 0.18906027439967008], [0.28372935303382024, 0.15671483147707532, 0.3819096499868683, 0.1776461654022361], [0.32381275292973116, 0.19953867791087804, 0.27702903744788304, 0.19961953161150778], [0.21013674451003284, 0.18547731912482682, 0.4380682473648849, 0.16631768890025542], [0.23898582158083012, 0.22107467053109991, 0.34779566522935007, 0.19214384255871989], [0.21603724036385055, 0.3000356807999434, 0.30471929450684443, 0.1792077842293616], [0.22470809851885, 0.3120799110827681, 0.2797031145963976, 0.1835088757019843], [0.20198609233842174, 0.17829378213133323, 0.38340426058815835, 0.23631586484208666], [0.18870268394864162, 0.17185157069940873, 0.4320633668505242, 0.2073823784014254], [0.17766399415051523, 0.1300024817753596, 0.5560504710706761, 0.13628305290344905], [0.20329526670614245, 0.24149026693940043, 0.3352438907062709, 0.2199705755481862], [0.19185813341183555, 0.28363926061056627, 0.3264310754935668, 0.1980715303840313], [0.18927083343547818, 0.3121633138295782, 0.31211512347571824, 0.1864507291592254], [0.21801663608134209, 0.2358149105698252, 0.3027557685257863, 0.24341268472304642], [0.18702776170804133, 0.22215014031840705, 0.41502674173059045, 0.17579535614296116]], "ideal": "C", "sampled": "B", "correct": false}}
{"type": "result", "data": {"idx": 15, "options": ["Receivable confirmations received from the client\u2019s customers.", "Prenumbered receiving reports completed by the client\u2019s employees.", "Prior months\u2019 bank statements obtained from the client.", "Municipal property tax bills prepared in the client\u2019s name."], "probs": [[0.24164752709549997, 0.2738850847277291, 0.2572997058790098, 0.22716768219776115], [0.2091279116323701, 0.1995820492431004, 0.31402369394667795, 0.27726634507785153], [0.19820810543749137, 0.18622615551434277, 0.39430468640584665, 0.22126105254231918], [0.23341994779696537, 0.18181439690516993, 0.32416846378874203, 0.26059719140912263], [0.20041507184975332, 0.20680913069618717, 0.3009345412510429, 0.2918412561030166], [0.21819044972548185, 0.22515222763480627, 0.2891210658428193, 0.26753625669689257], [0.5723444777190412, 0.1144761032361751, 0.15167672909618696, 0.16150268984859673], [0.46578175375816305, 0.11414565294570023, 0.21328367668503237, 0.20678891651110434], [0.5546646713655845, 0.1276941746345618, 0.1317601203786697, 0.18588103352118393], [0.4050449370181091, 0.12547606041553444, 0.33586880060847435, 0.13361020185788208], [0.45090818400642285, 0.1463960110994809, 0.13330450652696801, 0.26939129826712827], [0.4397353797908438, 0.17767767772703225, 0.22817030336882557, 0.15441663901329833], [0.2111706819570287, 0.13010343520224124, 0.42668406879556825, 0.2320418139451618], [0.25678626082931455, 0.13115810051974525, 0.35107073707453523, 0.26098490147640496], [0.2772021334669271, 0.26872474352898246, 0.20928500902474703, 0.2447881138793434], [0.2525190522627549, 0.14615485471851972, 0.45739349290673464, 0.14393260001199074], [0.2520565801036092, 0.19028160824727813, 0.19633614402548735, 0.36132566752362527], [0.24669612186754783, 0.18334343083883023, 0.4399131369124959, 0.130047310281126], [0.21124930205506648, 0.09374270377690863, 0.3826075408387341, 0.3124004532292908], [0.2692042766597952, 0.12519584035236095, 0.3003731831441027, 0.3052266997437411], [0.31271425634049566, 0.17543557885747108, 0.15726748491949552, 0.3545826797825377], [0.3803126981613913, 0.1768762995219514, 0.2739851894992126, 0.1688258127174447], [0.2767837982613792, 0.17871858444093502, 0.2155912848434519, 0.32890633235423383], [0.27950120242486126, 0.13203183026473303, 0.4682194136594481, 0.12024755355095765]], "ideal": "B", "sampled": "B", "correct": true}}
{"type": "result", "data": {"idx": 16, "options": ["$10,000", "$25,000", "$44,000", "59000"], "probs": [[0.1650643795563619, 0.2557508647186113, 0.40871307249750455, 0.17047168312752223], [0.15281543361827593, 0.19326123881286805, 0.4935963226897099, 0.16032700477914613], [0.18285858629305446, 0.3313019275333981, 0.25799036023421074, 0.22784912583933667], [0.18100840121200196, 0.3331354011729325, 0.28048074660596956, 0.205375450909096], [0.1394531172211525, 0.3619344639992718, 0.3047558159748681, 0.19385660270470761], [0.15969203172976215, 0.29849862604585564, 0.38927471053768564, 0.15253463158669658], [0.19903095657715558, 0.1729689589854649, 0.43491153220689927, 0.19308855213048023], [0.1778966128807615, 0.15221039010393686, 0.46167949068571834, 0.20821350622958332], [0.20333670683665342, 0.3354221980064126, 0.23413673738691523, 0.2271043576700187], [0.2065255698418218, 0.34607396959447306, 0.2531543856686049, 0.19424607479510028], [0.18747810458817551, 0.30449440164816033, 0.2815708433832038, 0.22645665028046033], [0.18473726509154215, 0.260644286844892, 0.4036875664784148, 0.15093088148515105], [0.23304510013187618, 0.20254434360292736, 0.3236860229458194, 0.24072453321937706], [0.2374166548014689, 0.193848878125833, 0.36220067735864686, 0.20653378961405122], [0.24736821280377697, 0.25533037994736624, 0.2717977423426249, 0.22550366480623193], [0.2507013342919385, 0.24693016337473267, 0.3271394024888456, 0.1752290997444832], [0.24739759773809517, 0.2893993685581681, 0.30326656859762247, 0.15993646500611425], [0.2426305674871976, 0.2838281052450412, 0.311707521769414, 0.16183380539834719], [0.1865008799023821, 0.198603260476447, 0.3596532100027743, 0.25524264951839665], [0.18250088935758227, 0.15371920624981553, 0.46624250604742934, 0.19753739824517288], [0.2158966660283676, 0.23720890281212506, 0.28614053127288436, 0.26075389978662294], [0.19903821344287254, 0.19909477825244448, 0.44177953720978413, 0.16008747099489887], [0.1998864948498915, 0.3795322945125384, 0.22660891232350455, 0.19397229821406556], [0.20058350263020258, 0.3808764218903181, 0.22387786207344504, 0.19466221330603425]], "ideal": "C", "sampled": "C", "correct": true}}
