{"type": "result", "data": {"idx": 0, "options": ["k = 0 and n = 1", "k = 1 and n = 0", "k = n = 1", "k > 1"], "probs": [[0.30930760960626424, 0.28163314282511376, 0.16816942642690033, 0.24088982104172166], [0.4415852328339029, 0.07554758170502836, 0.28069328631574464, 0.2021738990453241], [0.4051812766033161, 0.15379316644939153, 0.19139733338238132, 0.24962822346491106], [0.15042372774880586, 0.0417717380147848, 0.6235015097587654, 0.18430302437764395]], "ideal": "B", "sampled": "B", "correct": true}}
{"type": "result", "data": {"idx": 1, "options": ["0", "1", "2", "3"], "probs": [[0.05416965887672853, 0.11832275376945314, 0.49043447448136096, 0.3370731127724574], [0.20515991745327702, 0.20198915896780004, 0.30799508091707645, 0.28485584256184643], [0.46657458837546567, 0.12756303871355687, 0.24206966567287597, 0.1637927071381015], [0.3884404940712987, 0.03968377827847779, 0.43336549881273295, 0.13851022873749055]], "ideal": "D", "sampled": "C", "correct": false}}
{"type": "result", "data": {"idx": 2, "options": ["n = 1 and r = 6", "n = 1 and r = 7", "n = 2 and r = 5", "n = 2 and r = 6"], "probs": [[0.3461614445649692, 0.1972464264062561, 0.2654178063181519, 0.19117432261062273], [0.3070130806041576, 0.10124684652215997, 0.2545307113103474, 0.337209361463335], [0.26959875825925006, 0.082226434689579, 0.37431622384432467, 0.27385858310684624], [0.2757709406270268, 0.2890271928327494, 0.30288330620130893, 0.13231856023891486]], "ideal": "D", "sampled": "A", "correct": false}}
{"type": "result", "data": {"idx": 3, "options": ["4", "8", "16", "2sqrt(2)"], "probs": [[0.08435467198968806, 0.1017524861350412, 0.328458917423234, 0.4854339243520367], [0.03519464538359434, 0.05283387572719481, 0.6436585567511428, 0.268312922038068], [0.08001076816664267, 0.3164603866412507, 0.43935499607006534, 0.16417384902204127], [0.501384991988805, 0.16534553601577784, 0.21230438099654247, 0.12096509089887465]], "ideal": "A", "sampled": "D", "correct": false}}
{"type": "result", "data": {"idx": 4, "options": ["2/69", "1/30", "2/23", "12/125"], "probs": [[0.07190169130377601, 0.1894372977494679, 0.4837426569103541, 0.25491835393640194], [0.03014264729050804, 0.18755433590320647, 0.6649354918545864, 0.11736752485169903], [0.08422963877156803, 0.38344242307935844, 0.39560862487453485, 0.13671931317453864], [0.07482665421651508, 0.13762886048521697, 0.6363893482549784, 0.15115513694328955]], "ideal": "C", "sampled": "D", "correct": false}}
{"type": "result", "data": {"idx": 5, "options": ["(S, +, x) is closed under addition modulo 10.", "(S, +, x) is closed under multiplication modulo 10.", "(S, +, x) has an identity under addition modulo 10.", "(S, +, x) has no identity under multiplication modulo 10."], "probs": [[0.1437352645760738, 0.038087127140766945, 0.33946145715579673, 0.4787161510273625], [0.20655186059393535, 0.06105753352182533, 0.519281712383049, 0.2131088934011903], [0.06744664957032648, 0.6812097480302058, 0.11295264297304018, 0.13839095932642748], [0.8541026137889393, 0.03311780245226084, 0.06383554208743077, 0.0489440415713691]], "ideal": "D", "sampled": "D", "correct": true}}
{"type": "result", "data": {"idx": 6, "options": ["12*sqrt(2)", "6*sqrt(2)", "4*sqrt(2)", "1/(2*sqrt(2))"], "probs": [[0.4379075169125386, 0.15134176610386912, 0.32038274404182954, 0.09036797284176276], [0.5340824762501876, 0.10682854134883518, 0.26029324722885827, 0.09879573507211895], [0.3832582377727865, 0.0882362681627054, 0.22530857565640536, 0.30319691830810275], [0.2662063697433322, 0.0632323660329747, 0.45997044200889703, 0.210590822114796]], "ideal": "C", "sampled": "B", "correct": false}}
{"type": "result", "data": {"idx": 7, "options": ["0", "10%", "25%", "50%"], "probs": [[0.044192296669482434, 0.07635861088507079, 0.5821291955533547, 0.29731989679209203], [0.06365751108829448, 0.06567873451522255, 0.576313291510725, 0.29435046278575805], [0.12532785813735017, 0.09460362257466554, 0.6566841152402645, 0.12338440394771974], [0.05942697081216899, 0.09952266398524398, 0.6096555976114416, 0.2313947674911454]], "ideal": "C", "sampled": "A", "correct": false}}
{"type": "result", "data": {"idx": 8, "options": ["None", "I only", "II only", "III only"], "probs": [[0.03775590454063323, 0.02986775844399387, 0.09947416630022136, 0.8329021706151515], [0.007104126868135983, 0.02023804784062124, 0.042179235107317324, 0.9304785900839254], [0.015360712431298716, 0.08304077821732725, 0.18423070815484044, 0.7173678010965335], [0.19038587664856618, 0.03990785002378014, 0.11547621997426365, 0.65423005325339]], "ideal": "C", "sampled": "A", "correct": false}}
{"type": "result", "data": {"idx": 9, "options": ["Every compact space is complete", "Every complete space is compact", "Neither (a) nor (b).", " Both (a) and (b)."], "probs": [[0.02372803383473744, 0.019671455280192353, 0.9186843752515859, 0.03791613553348434], [0.09712565957349267, 0.24806327722636187, 0.44917656691702595, 0.20563449618311946], [0.7481019579776531, 0.03783773300237022, 0.1112178054849354, 0.10284250343504121], [0.654110340323325, 0.05286719020943114, 0.08716253513301644, 0.2058599342342274]], "ideal": "A", "sampled": "C", "correct": false}}
{"type": "result", "data": {"idx": 10, "options": ["10", "20", "25", "45"], "probs": [[0.011224465338073246, 0.2940406419314801, 0.13674304893987085, 0.5579918436905758], [0.18363933522091222, 0.03730878728419665, 0.3652147405457907, 0.41383713684910045], [0.7514580767393446, 0.13685176284925654, 0.08300470869175697, 0.028685451619641845], [0.9179101570689406, 0.02859853947686957, 0.031904151817836464, 0.021587151536353308]], "ideal": "D", "sampled": "D", "correct": true}}
{"type": "result", "data": {"idx": 11, "options": ["1/64", "15/64", "1/4", "3/8"], "probs": [[0.09538415251061437, 0.0314549176261955, 0.7386446732036602, 0.13451625655952987], [0.24018170652913423, 0.08431357395740344, 0.5584480332307277, 0.11705668618273464], [0.0763026131725978, 0.06733721744851993, 0.6489446404279263, 0.20741552885095596], [0.04651251686052912, 0.5323431352500173, 0.3491035310436193, 0.07204081674583425]], "ideal": "B", "sampled": "A", "correct": false}}
{"type": "result", "data": {"idx": 12, "options": ["0", "1", "2", "3"], "probs": [[0.5609079734640012, 0.02108026905527666, 0.06699281347414465, 0.35101894390657745], [0.4802602945013343, 0.010446287664010274, 0.03646054806831856, 0.47283286966633686], [0.12540135984448822, 0.013217345502364598, 0.7681904851577748, 0.09319080939537239], [0.3779506115084726, 0.2680223007829857, 0.10999430051831888, 0.2440327870902228]], "ideal": "A", "sampled": "A", "correct": true}}
{"type": "result", "data": {"idx": 13, "options": ["4", "7", "10", "13"], "probs": [[0.2629566670859654, 0.15458843909497944, 0.40728555285051604, 0.17516934086853916], [0.24166011398074908, 0.09030378267623976, 0.39844064701569154, 0.2695954562273196], [0.08682870346460474, 0.19264047187783306, 0.5751197590777487, 0.14541106547981353], [0.18025676488604214, 0.1747149184001562, 0.4062250498261164, 0.23880326678768524]], "ideal": "B", "sampled": "A", "correct": false}}
{"type": "result", "data": {"idx": 14, "options": ["0.64", "0.72", "0.81", "0.95"], "probs": [[0.1804102455113105, 0.11831922699992757, 0.412968657055779, 0.28830187033298293], [0.1061821917406157, 0.0729796839052357, 0.33744977178215746, 0.48338835247199113], [0.049966297666453316, 0.037717267586115745, 0.6379411172382279, 0.27437531740920307], [0.06622373613042783, 0.09486422050706125, 0.5374356743385315, 0.3014763689239795]], "ideal": "D", "sampled": "A", "correct": false}}
{"type": "result", "data": {"idx": 15, "options": ["I only", "II only", "III only", "I and II only"], "probs": [[0.18177832119173154, 0.14606583878770776, 0.05719948857746051, 0.6149563513431002], [0.15696461059581304, 0.0840190332758696, 0.3765427424299032, 0.38247361359841414], [0.0714100828055414, 0.40457892715296717, 0.24157828270149137, 0.2824327072400001], [0.5248646178679168, 0.2440888005555622, 0.10831276406987768, 0.12273381740664327]], "ideal": "D", "sampled": "D", "correct": true}}
{"type": "result", "data": {"idx": 16, "options": ["I only", "II only", "III only", "I and II only"], "probs": [[0.07854733322716571, 0.21352478064231736, 0.12749889016743218, 0.5804289958630847], [0.14315094905559908, 0.1700083267523706, 0.3434156681799598, 0.3434250559120705], [0.056254897214106356, 0.2902126117362926, 0.3089141936274326, 0.3446182973221685], [0.10391480242357308, 0.3461057764071026, 0.24928552842734428, 0.30069389264198004]], "ideal": "B", "sampled": "D", "correct": false}}
{"type": "result", "data": {"idx": 17, "options": ["-1/4", "-1/(4sqrt(2))", "0", "sqrt(2)"], "probs": [[0.13527557655637465, 0.3853876407174615, 0.3001251905893724, 0.17921159203679138], [0.4073910207800951, 0.05020264647851982, 0.3948595313674128, 0.14754680127397227], [0.019787645574952866, 0.05213504326457074, 0.5604934336862192, 0.36758387737425724], [0.15235179207137228, 0.08413922535116822, 0.5486542418451542, 0.21485474063230534]], "ideal": "C", "sampled": "B", "correct": false}}
{"type": "result", "data": {"idx": 18, "options": ["I and II only", "III only", "I and III only", "I, II, and III"], "probs": [[0.2573600170658963, 0.08098387153345844, 0.18829016806441035, 0.47336594323623493], [0.10104195403943664, 0.2386381863801776, 0.3813326202448081, 0.27898723923557767], [0.26463275356529015, 0.21264831085914848, 0.29987352189780087, 0.2228454135777605], [0.18532818277818114, 0.30556791562410374, 0.20354525439573493, 0.3055586471019802]], "ideal": "D", "sampled": "D", "correct": true}}
{"type": "result", "data": {"idx": 19, "options": ["3", "e", "sqrt(5)", "0"], "probs": [[0.13239216605900772, 0.20829531237940255, 0.43409600202725573, 0.22521651943433402], [0.733947331132008, 0.05443014163404188, 0.14227987718440946, 0.06934264994954056], [0.6040418968506319, 0.03684765982436939, 0.25576786157046594, 0.10334258165453275], [0.05612194516648182, 0.039798412319769175, 0.46261721672477013, 0.44146242568897887]], "ideal": "A", "sampled": "C", "correct": false}}
{"type": "result", "data": {"idx": 20, "options": ["I only", "II only", "III only", "I, II, and III"], "probs": [[0.11716609889592407, 0.21890548892465259, 0.0688796801307749, 0.5950487319486485], [0.09201276943643295, 0.0366023812041071, 0.4459014186647764, 0.4254834305946835], [0.12085702768676415, 0.1551981291974898, 0.41531428267038345, 0.3086305603453626], [0.21267059760158344, 0.2999373420763686, 0.2906992180458958, 0.19669284217615216]], "ideal": "D", "sampled": "D", "correct": true}}
{"type": "result", "data": {"idx": 21, "options": ["None", "One", "Four", "Five"], "probs": [[0.06597560095054578, 0.06394601803217681, 0.35113469809164066, 0.5189436828256367], [0.1771960652532984, 0.1358618546629628, 0.2876209828678942, 0.39932109711584457], [0.19518891847516395, 0.04355262414165729, 0.4682423085210413, 0.29301614876213744], [0.26294358443047766, 0.037293425603114064, 0.3825888606120583, 0.31717412925434996]], "ideal": "D", "sampled": "D", "correct": true}}
{"type": "result", "data": {"idx": 22, "options": ["I only", "II only", "III only", "I and II only"], "probs": [[0.10290907267332398, 0.17506256381581295, 0.15692121841151122, 0.5651071449993519], [0.16816683863657664, 0.14161790048932016, 0.3397157641778514, 0.35049949659625185], [0.060251807496492865, 0.33608017244763533, 0.32067570923314204, 0.2829923107227298], [0.26565957066740375, 0.3106020986723242, 0.2574921548109054, 0.1662461757493666]], "ideal": "B", "sampled": "D", "correct": false}}
{"type": "result", "data": {"idx": 23, "options": ["2/81", "1/18", "2/27", "1/9"], "probs": [[0.13038189902166905, 0.21163556292973906, 0.46225172965451494, 0.19573080829407694], [0.10089311002676066, 0.23458880183735045, 0.5369759797512951, 0.1275421082845938], [0.1645171344115726, 0.288744986028407, 0.34828823801372466, 0.1984496414462958], [0.05514782666608556, 0.32743522521559326, 0.44754719729716425, 0.16986975072115695]], "ideal": "A", "sampled": "D", "correct": false}}
{"type": "result", "data": {"idx": 24, "options": ["True, True", "True, False", "False, True", "False, False"], "probs": [[0.4674899647288426, 0.15177901313842002, 0.21403777916135483, 0.1666932428713826], [0.2969695715219022, 0.06033534501496267, 0.21058629450651825, 0.4321087888566169], [0.10119923212106562, 0.027237968683347887, 0.6703050039265555, 0.201257795169031], [0.11849548528682237, 0.0840291467203253, 0.42672514712081194, 0.3707502207720404]], "ideal": "B", "sampled": "A", "correct": false}}
{"type": "result", "data": {"idx": 25, "options": ["I and II only", "I and III only", "II and III only", "III only"], "probs": [[0.08392487840669491, 0.1951348421587795, 0.13837041577968984, 0.5825698635548358], [0.1507500856964042, 0.14384929834357862, 0.22630527613284127, 0.4790953397271759], [0.14987970887115856, 0.2048663347754652, 0.1302191614974456, 0.5150347947559306], [0.13208971115093754, 0.11476383955632555, 0.2467796930979612, 0.5063667560947758]], "ideal": "D", "sampled": "D", "correct": true}}
{"type": "result", "data": {"idx": 26, "options": ["9/2 days", "5 days", "41/8 days", "36/7 days"], "probs": [[0.2546494006855946, 0.1922303437994415, 0.3024141490157028, 0.25070610639926105], [0.11531088585975177, 0.14577390360696135, 0.44901201459009554, 0.2899031958431913], [0.17734280226841379, 0.19478249547917897, 0.30167940255963005, 0.3261952995927772], [0.3715732610247511, 0.12253782623068873, 0.3330874666293485, 0.17280144601521163]], "ideal": "D", "sampled": "D", "correct": true}}
{"type": "result", "data": {"idx": 27, "options": ["1/2", "1", "sqrt(2)", "pi"], "probs": [[0.003393623639901513, 0.054768381837977796, 0.8978311161191728, 0.04400687830294796], [0.010249384281099774, 0.3846010169911764, 0.5423665329015718, 0.06278306572615207], [0.3485312798479126, 0.267228993753022, 0.33780345694848346, 0.04643626935058197], [0.06527403044997108, 0.09497281233741424, 0.6290497230038551, 0.2107034341087596]], "ideal": "A", "sampled": "C", "correct": false}}
{"type": "result", "data": {"idx": 28, "options": ["f has all of its relative extrema on the line x = y.", "f has all of its relative extrema on the parabola x = y^2.", "f has a relative minimum at (0, 0).", "f has an absolute minimum at (2/3, 2/3)."], "probs": [[0.20700077324896865, 0.023962441383095667, 0.5805607925415476, 0.1884759927263881], [0.442058937444024, 0.06570902270288749, 0.25188370785925124, 0.24034833189383725], [0.14552168492440878, 0.03622384728045678, 0.603185412960585, 0.2150690547345494], [0.212402129706457, 0.26025665967201334, 0.1603333425510533, 0.3670078679704764]], "ideal": "A", "sampled": "A", "correct": true}}
{"type": "result", "data": {"idx": 29, "options": ["5", "6", "12", "15"], "probs": [[0.03461486755597123, 0.05278347666970926, 0.6040703496161556, 0.30853130605816387], [0.22509174046649685, 0.25908884403498894, 0.34323108192826235, 0.17258833347025185], [0.2682822028407229, 0.1962832495650819, 0.42871874247139014, 0.10671580502280503], [0.6918088844606547, 0.08262574733433696, 0.1362262825250468, 0.08933908557996151]], "ideal": "B", "sampled": "D", "correct": false}}
{"type": "result", "data": {"idx": 30, "options": ["S(n0 + 1) is not true.", "S(n0 - 1) is not true.", "S(n) is not true for any n <= n0", "S(n) is not true for any n >= n0"], "probs": [[0.10074593275889514, 0.02547292449030248, 0.6884804469922204, 0.1853006956585819], [0.04724183604807807, 0.6031531476878105, 0.1598176908217768, 0.18978732534233467], [0.6556536627909575, 0.035296027008222826, 0.15331830254137255, 0.15573200755944708], [0.7583920528366953, 0.03547088135731639, 0.0421226332023929, 0.16401443250359546]], "ideal": "C", "sampled": "C", "correct": true}}
{"type": "result", "data": {"idx": 31, "options": ["(0, 0, 1)", "(3/7, 3/14, 9/14)", "(7/15, 8/15, 1/15)", "(5/6, 1/3, 1/3)"], "probs": [[0.05019536763509929, 0.388729583842314, 0.3430311781728314, 0.21804387024975527], [0.23413684881944827, 0.062043968146827416, 0.24537888011557354, 0.45844030281815074], [0.14936092633527867, 0.029411992329137247, 0.5549560836422935, 0.2662709975932905], [0.06489654609990987, 0.07354173140331291, 0.5519465824350017, 0.30961513996177553]], "ideal": "B", "sampled": "B", "correct": true}}
{"type": "result", "data": {"idx": 32, "options": ["For no such integer n", "For 3, 5, 7, and 11 only", "For 3, 5, 7, 9, and 11 only", "For 4, 6, 8, and 10 only"], "probs": [[0.17207620571777282, 0.5383968077596144, 0.1616515911448231, 0.1278753952777896], [0.690944681857643, 0.14258930298138264, 0.0799837124265276, 0.08648230263444677], [0.6427270817317109, 0.13263771035416036, 0.08563553604845818, 0.13899967176567055], [0.7627462431390454, 0.05439813584148983, 0.06769806613588339, 0.11515755478358142]], "ideal": "B", "sampled": "B", "correct": true}}
{"type": "result", "data": {"idx": 33, "options": ["1", "2", "3", "4"], "probs": [[0.008709404988322305, 0.04934283773419079, 0.522282745601992, 0.4196650115754949], [0.08533233530461311, 0.11663849824452029, 0.32205436110337216, 0.47597480524749447], [0.5713826800541403, 0.09040785988231947, 0.2202948845592799, 0.11791457540426031], [0.27419985155104964, 0.09931049045852601, 0.32058499215570946, 0.30590466573471486]], "ideal": "C", "sampled": "C", "correct": true}}
{"type": "result", "data": {"idx": 34, "options": ["I only", "II only", "III only", "I, II, and III"], "probs": [[0.14945624334982294, 0.13608885773284432, 0.054982744318232725, 0.6594721544991], [0.1039764670043641, 0.1023748306902297, 0.47336059962780674, 0.3202881025775995], [0.1261127292983781, 0.29326999184536784, 0.33751702305279613, 0.24310025570345792], [0.5201858800101758, 0.22028070357801047, 0.16626780975783445, 0.0932656065539792]], "ideal": "D", "sampled": "D", "correct": true}}
{"type": "result", "data": {"idx": 35, "options": ["x^2 + y^2 + z^2 + 8 = 6y", "(x^2 + y^2 + z^2)^2 = 8 + 36(x^2 + z^2)", "(x^2 + y^2 + z^2 + 8)^2 = 36(x^2 + z^2)", "(x^2 + y^2 + z^2 + 8)^2 = 36(x^2 + y^2)"], "probs": [[0.15505492656793562, 0.028683023470969998, 0.5761069048065014, 0.24015514505459298], [0.18842767177128023, 0.504274964282153, 0.127498045550948, 0.1797993182956187], [0.24315921919055378, 0.24316488163214436, 0.25483216371563827, 0.25884373536166355], [0.21067854916938297, 0.09645801108452211, 0.38149658125919267, 0.31136685838690226]], "ideal": "D", "sampled": "C", "correct": false}}
{"type": "result", "data": {"idx": 36, "options": ["y = 2x + 1", "y = 2x", "y = x + 2", "y = x + 1"], "probs": [[0.05532040922014807, 0.6532405139828744, 0.06569589796183996, 0.22574317873513752], [0.07317447738819212, 0.02489723969008512, 0.5938453727768639, 0.3080829100448588], [0.10564540010691024, 0.5365380484360942, 0.21341412621348424, 0.14440242514351131], [0.12151792734777138, 0.1007446430578267, 0.5981428071119984, 0.17959462238240348]], "ideal": "A", "sampled": "D", "correct": false}}
{"type": "result", "data": {"idx": 37, "options": ["2", "3", "4", "5"], "probs": [[0.3434651987368561, 0.14544014197802071, 0.3329049547308088, 0.17818970445431442], [0.16425741473027233, 0.12995182885635528, 0.29282628177934933, 0.4129644745340231], [0.027123487119022134, 0.025085751565802707, 0.8438149265417736, 0.10397583467340153], [0.10035051626115668, 0.4863145991360441, 0.29038052233635575, 0.12295436216644347]], "ideal": "A", "sampled": "A", "correct": true}}
{"type": "result", "data": {"idx": 38, "options": ["True, True", "True, False", "False, True", "False, False"], "probs": [[0.23254084134194208, 0.12447521645710334, 0.4210888335174415, 0.22189510858351308], [0.17361105262738577, 0.19368948906315325, 0.20297924589478325, 0.4297202123146777], [0.12874068702187255, 0.030105487406387035, 0.5769924692826391, 0.26416135618910125], [0.06584532156611599, 0.05048871303158509, 0.48655089288447706, 0.39711507241782185]], "ideal": "A", "sampled": "A", "correct": true}}
{"type": "result", "data": {"idx": 39, "options": ["1", "2", "3", "4"], "probs": [[0.10893207691605801, 0.08483828363990477, 0.31032504497792757, 0.4959045943661096], [0.1791955884041321, 0.10869082985598867, 0.2954534435857861, 0.4166601380540931], [0.141193526092857, 0.19299394177941653, 0.5246162492200078, 0.14119628280771868], [0.30073775202326536, 0.23422003837061361, 0.3251840319241557, 0.13985817758196534]], "ideal": "C", "sampled": "D", "correct": false}}
{"type": "result", "data": {"idx": 40, "options": ["the entire real axis", "a point", "a ray", "an open finite interval"], "probs": [[0.3296949617462254, 0.06698294974320734, 0.36211025993553725, 0.24121182847502995], [0.16976003347129762, 0.19847546515864214, 0.2431739568467153, 0.3885905444233449], [0.27177511358610446, 0.014861075202092847, 0.484505743170028, 0.2288580679417747], [0.23165989610202833, 0.30691794472599326, 0.25049120931776464, 0.21093094975421378]], "ideal": "B", "sampled": "A", "correct": false}}
{"type": "result", "data": {"idx": 41, "options": ["finite", "cyclic", "of order two", "abelian"], "probs": [[0.21357050058560076, 0.03379321767514037, 0.05233846487315096, 0.7002978167661079], [0.2798810088319148, 0.03908184286805111, 0.3272234000601, 0.3538137481399341], [0.4705191815135301, 0.19924107043508263, 0.12467878217732763, 0.2055609657740596], [0.793099490011543, 0.04138314181445006, 0.047630732785103325, 0.11788663528890354]], "ideal": "D", "sampled": "D", "correct": true}}
{"type": "result", "data": {"idx": 42, "options": ["3", "4", "5", "8"], "probs": [[0.2761328662129035, 0.12841568065573422, 0.4922675746624613, 0.103183878368901], [0.2756918031343529, 0.2981002882107972, 0.16721681999655078, 0.2589910885582991], [0.32268524742734817, 0.12835817571502514, 0.4844150181811162, 0.06454155857651049], [0.35463538762360935, 0.20848461983503228, 0.3384003340859567, 0.09847965835540166]], "ideal": "D", "sampled": "A", "correct": false}}
{"type": "result", "data": {"idx": 43, "options": ["II only", "III only", "I and II only", "II and III only"], "probs": [[0.16679275531271373, 0.2012003123916744, 0.16420859586172112, 0.46779833633389073], [0.06383397508760977, 0.3093532894916972, 0.19057517744146033, 0.4362375578792327], [0.08681254897748955, 0.22873559762288304, 0.19260481141522312, 0.4918470418844043], [0.23311656290731556, 0.23679874384429722, 0.1209405635895622, 0.409144129558825]], "ideal": "A", "sampled": "D", "correct": false}}
{"type": "result", "data": {"idx": 44, "options": ["1", "3", "5", "7"], "probs": [[0.14086698519024432, 0.08411769136383718, 0.0923821960439611, 0.6826331273019574], [0.07538345258791847, 0.05181151120338073, 0.48394544645917065, 0.38885958964953016], [0.1355386608628894, 0.06109358446353463, 0.656816569878732, 0.1465511846948439], [0.4149319888971363, 0.308358375821844, 0.09258449214642, 0.18412514303459973]], "ideal": "D", "sampled": "D", "correct": true}}
{"type": "result", "data": {"idx": 45, "options": ["True, True", "True, False", "False, True", "False, False"], "probs": [[0.18185430763333435, 0.19059489665509668, 0.47912511224723825, 0.1484256833643307], [0.28561819874659855, 0.13492811410698377, 0.1370414264636431, 0.44241226058277455], [0.07132288095491995, 0.041280723677249026, 0.6873636745763179, 0.2000327206915131], [0.04665127291843324, 0.07692333138136237, 0.5094557886182877, 0.3669696069819167]], "ideal": "A", "sampled": "A", "correct": true}}
{"type": "result", "data": {"idx": 46, "options": ["\u03c0/12", "\u03c0/6", "\u03c0/3", "2\u03c0/3"], "probs": [[0.034216693000797875, 0.08602194847698318, 0.6766083533411369, 0.2031530050810821], [0.1533048462215604, 0.29093244885673836, 0.44360447256006685, 0.11215823226163439], [0.16935338748194245, 0.06133706942562607, 0.38765932228424643, 0.381650220708185], [0.07085784016481968, 0.021275889839648784, 0.7269231920048428, 0.18094307789068872]], "ideal": "B", "sampled": "B", "correct": true}}
{"type": "result", "data": {"idx": 47, "options": ["3", "pi", "3pi", "3/2"], "probs": [[0.006001584499545061, 0.7326785652804192, 0.12148822640850224, 0.1398316237115335], [0.3209463631715325, 0.06675092080498608, 0.38113382170908666, 0.23116889421439477], [0.0075694973094363556, 0.012096030411106153, 0.2606510173147474, 0.7196834548647101], [0.002110691162206814, 0.07858641769070442, 0.7813812075058747, 0.13792168354121406]], "ideal": "B", "sampled": "B", "correct": true}}
{"type": "result", "data": {"idx": 48, "options": ["Only (II)", "Only (IV )", "(I) and (IV )", "(II) and (III)"], "probs": [[0.2701381762810979, 0.1915826662556178, 0.05662915897271853, 0.4816499983905658], [0.343764483894304, 0.2719711363043611, 0.08557501434424096, 0.29868936535709395], [0.3768386955968338, 0.0339790603420142, 0.21812111570898574, 0.37106112825216625], [0.37753999624708817, 0.23263326874730642, 0.08165522648965388, 0.30817150841595153]], "ideal": "C", "sampled": "A", "correct": false}}
{"type": "result", "data": {"idx": 49, "options": ["f is Riemann integrable.", "There does not exist a countably infinite E of R such that f is nondifferentiable at every x \\in E.", "There does not exist an uncountable subset E of R such that f is nondifferentiable at every x \\in E.", "None of the above."], "probs": [[0.09700435015350417, 0.3035079353560959, 0.25557438488633677, 0.3439133295040631], [0.527146252266325, 0.07476675119719832, 0.31973375199416537, 0.0783532444423113], [0.25961114406307345, 0.1082248623128871, 0.2988148749282239, 0.33334911859581556], [0.1680787503551251, 0.07342998682718306, 0.5177289843041536, 0.2407622784135382]], "ideal": "D", "sampled": "B", "correct": false}}
{"type": "result", "data": {"idx": 50, "options": ["the open first quadrant", "a closed curve", "a ray in the open first quadrant", "a single point"], "probs": [[0.07899458078242029, 0.38282001585142245, 0.12427816723948941, 0.41390723602666785], [0.3577051331990721, 0.09779490853822889, 0.22385236930368538, 0.3206475888590136], [0.1977279907318507, 0.027609942364051458, 0.399433816893595, 0.37522824991050285], [0.1692858487198344, 0.061314582818575575, 0.5380125641284802, 0.23138700423310976]], "ideal": "A", "sampled": "B", "correct": false}}
{"type": "result", "data": {"idx": 51, "options": ["1", "2", "p >= 1", "infinity"], "probs": [[0.2712749697076844, 0.15947737456498973, 0.5479998302209829, 0.021247825406343034], [0.6016587866563748, 0.34282268526983495, 0.013930547633561177, 0.04158798034022901], [0.09541975775533616, 0.01893674820547348, 0.24366628886684644, 0.6419772050723439], [0.0028727946950427028, 0.025604931971556548, 0.1749771132903888, 0.7965451599430119]], "ideal": "B", "sampled": "C", "correct": false}}
{"type": "result", "data": {"idx": 52, "options": ["f is a homeomorphism.", "f is continuous and one-to-one", "f is continuous.", "f is one-to-one"], "probs": [[0.02781883244005744, 0.05798003055327974, 0.6953880760295139, 0.21881306087714888], [0.13464491067970416, 0.44149288530703173, 0.20531074700686608, 0.21855145690639802], [0.10562569565707826, 0.056537932944244626, 0.11600754991444721, 0.7218288213842299], [0.0394439710233944, 0.022474702926591414, 0.29145513170647114, 0.6466261942435431]], "ideal": "C", "sampled": "C", "correct": true}}
{"type": "result", "data": {"idx": 53, "options": ["12", "16", "12*sqrt(3)", "16*sqrt(3)"], "probs": [[0.03290664539147082, 0.052587693844187974, 0.8355675681263717, 0.0789380925379695], [0.028104340946974105, 0.7363041227149708, 0.19206321654430067, 0.043528319693754425], [0.76997873784626, 0.05078791317897136, 0.15162191499473104, 0.027611433880037572], [0.6217076228064538, 0.1063677005837862, 0.22168305679192898, 0.050241619717831074]], "ideal": "C", "sampled": "C", "correct": true}}
{"type": "result", "data": {"idx": 54, "options": ["4", "7", "8", "12"], "probs": [[0.28458768126502876, 0.07308992742761228, 0.34869140383094505, 0.29363098737641385], [0.14097258657256567, 0.0708872984411058, 0.5663535082720633, 0.22178660661426516], [0.22467240839902483, 0.13208191798308405, 0.46826699560567037, 0.17497867791222074], [0.42436142486973566, 0.19735563701338016, 0.2068221805239868, 0.17146075749289738]], "ideal": "A", "sampled": "D", "correct": false}}
{"type": "result", "data": {"idx": 55, "options": ["|x| \u2265 0", "|x \u00b7 y| \u2264 |x||y|", "|x| = 0 if and only if x = 0", "|x + y| = |x| + |y|"], "probs": [[0.006292863856761055, 0.0014041611233970245, 0.013531867646506594, 0.9787711072733353], [0.0026834546373249047, 0.004859133584588411, 0.9857112090248752, 0.006746202653211457], [0.03867935761422556, 0.043150354172444685, 0.8400355576628836, 0.07813473045044611], [0.060187666929592744, 0.05229267791553678, 0.79283093512142, 0.09468871993345045]], "ideal": "D", "sampled": "D", "correct": true}}
{"type": "result", "data": {"idx": 56, "options": ["4", "5", "6", "7"], "probs": [[0.17954979300045185, 0.07722757525781668, 0.3571008933097385, 0.386121738331993], [0.35597459867130665, 0.07010069175403545, 0.24467155731235987, 0.329253152162298], [0.3736631440890107, 0.129147192635758, 0.19691989704129373, 0.3002697661339376], [0.3828592399870507, 0.05346410487895298, 0.1365217452942859, 0.42715490973971043]], "ideal": "B", "sampled": "C", "correct": false}}
{"type": "result", "data": {"idx": 57, "options": ["1 only", "2 only", "0 and 1 only", "0, 1, and 2 only"], "probs": [[0.053476461408177405, 0.056042795143795295, 0.22869815312618366, 0.6617825902218436], [0.11753641944875953, 0.06697135068700963, 0.5106076927400596, 0.3048845370241713], [0.09591407399346484, 0.4576135013362133, 0.19376452409598127, 0.25270790047434055], [0.7149548433422377, 0.08276456537060292, 0.09090398860743683, 0.11137660257972251]], "ideal": "D", "sampled": "D", "correct": true}}
{"type": "result", "data": {"idx": 58, "options": ["2", "\u03c0", "4", "3\u03c0/2"], "probs": [[0.06622640985262963, 0.4153133754110281, 0.3608276951198863, 0.1576325195164559], [0.20069061965316143, 0.09045941718729555, 0.48143641949236665, 0.22741354356717636], [0.026505603988714814, 0.3437368520193751, 0.47722815751387504, 0.15252938637803504], [0.22602190243444062, 0.10029772742801572, 0.47107506144607364, 0.20260530859147002]], "ideal": "C", "sampled": "B", "correct": false}}
{"type": "result", "data": {"idx": 59, "options": ["9", "8", "0", "-5"], "probs": [[0.29971142406514834, 0.2334318597936765, 0.2334244390149604, 0.23343227702621475], [0.24631818575962944, 0.11455397795737199, 0.34199088044045295, 0.2971369557425456], [0.0048773557851573696, 0.06946762514647174, 0.6191510436417044, 0.3065039753266665], [0.0048446926511974304, 0.4161471423729444, 0.33437219825596703, 0.24463596661989112]], "ideal": "A", "sampled": "A", "correct": true}}
{"type": "result", "data": {"idx": 60, "options": ["None", "One", "Two", "Three"], "probs": [[0.08493916436361751, 0.21023006108595502, 0.30588223615561105, 0.3989485382948164], [0.08309242440192238, 0.18435180714028346, 0.3235474953861903, 0.4090082729716038], [0.07073514689804672, 0.13849402504474978, 0.5065963049170645, 0.28417452304013896], [0.11189727525745911, 0.04812675359411113, 0.5955656192436014, 0.2444103518048283]], "ideal": "B", "sampled": "B", "correct": true}}
{"type": "result", "data": {"idx": 61, "options": ["20!/2^(10)", "10!/2^9", "10^(20) - 2^(10)", "10^(20) - 100"], "probs": [[0.531590171575885, 0.08678166696726211, 0.24721843370138674, 0.1344097276554662], [0.4932190220121069, 0.11354792269796525, 0.14131284511769873, 0.25192021007222914], [0.1622965412143055, 0.061601561528174795, 0.5577026951782291, 0.21839920197929058], [0.02408115673187173, 0.4202415236518439, 0.27132551092141416, 0.28435180859487014]], "ideal": "A", "sampled": "A", "correct": true}}
{"type": "result", "data": {"idx": 62, "options": ["It is possible to place an linear order relation \u2264 on the complex numbers C such that (C, +, \u00d7, \u2264) is not an ordered field.", "It is possible to place a linear order relation on the complex numbers C which make (C, +, \u00d7, \u2264) an ordered field.", "Neither (a) nor (b)", "Both (a) and (b)."], "probs": [[0.06097067737430685, 0.4576435233892755, 0.3620106928145899, 0.11937510632182774], [0.0671698586786481, 0.02249964345483964, 0.12947584378973612, 0.7808546539767761], [0.21976828916871768, 0.07959989042380747, 0.4876190467187908, 0.213012773588684], [0.18353585213316503, 0.0765129522711657, 0.46869279183630164, 0.27125840365936765]], "ideal": "A", "sampled": "A", "correct": true}}
{"type": "result", "data": {"idx": 63, "options": ["1/4", "1/3", "1/2", "2/3"], "probs": [[0.036352237174460844, 0.040553068386175097, 0.7651945040799846, 0.1579001902593795], [0.025279661685083936, 0.3079630141918163, 0.5936129103633455, 0.07314441365975421], [0.42492767531008546, 0.22045336333017349, 0.20072337683930383, 0.15389558442043721], [0.11778709642266835, 0.04541024700575696, 0.3922851202180633, 0.44451753625351137]], "ideal": "D", "sampled": "C", "correct": false}}
{"type": "result", "data": {"idx": 64, "options": ["The integers under addition", "The nonzero integers under multiplication", "The nonzero real numbers under multiplication", "The complex numbers under addition"], "probs": [[0.0778618397752976, 0.08686243190930372, 0.3031809993496073, 0.5320947288657913], [0.16861573236870822, 0.34598679120329484, 0.08090440363904335, 0.4044930726889536], [0.10776286410561131, 0.03136127395075953, 0.37030490677371647, 0.49057095506991266], [0.15115388637186838, 0.18520345895843143, 0.14423499369579598, 0.5194076608739042]], "ideal": "B", "sampled": "C", "correct": false}}
{"type": "result", "data": {"idx": 65, "options": ["4x + 6y", "x + y + 5", "9x + 4y", "4x - 9y"], "probs": [[0.4643501867731454, 0.10524442634059922, 0.1531276828921541, 0.27727770389410134], [0.4749131768363465, 0.1219716068350422, 0.09648552196080494, 0.30662969426780634], [0.4473191699230015, 0.07652903689553638, 0.12229130962570378, 0.35386048345575827], [0.3890275416734341, 0.1647281671110197, 0.11864774104731544, 0.32759655006823074]], "ideal": "D", "sampled": "A", "correct": false}}
{"type": "result", "data": {"idx": 66, "options": ["0", "-2", "-sqrt(34)", "-sqrt(35)"], "probs": [[0.029261673093920262, 0.07590128056497623, 0.6979696359921972, 0.19686741024890628], [0.23688084590691344, 0.28131789804619406, 0.16797686122099234, 0.3138243947259001], [0.1667107262810427, 0.022562150834418874, 0.6491449144600656, 0.1615822083244728], [0.2151218077252673, 0.20209807441013225, 0.4278315348297765, 0.15494858293482403]], "ideal": "C", "sampled": "C", "correct": true}}
{"type": "result", "data": {"idx": 67, "options": ["II only", "III only", "I and II only", "I and III only"], "probs": [[0.18948419249037352, 0.10797225602402213, 0.348524925461391, 0.35401862592421335], [0.2000620901366059, 0.2451468930849591, 0.2197341257193258, 0.3350568909591092], [0.2603105979990107, 0.1965079663946806, 0.21920943911295815, 0.32397199639335056], [0.3043011381276955, 0.15064966452627396, 0.160359693148198, 0.38468950409783254]], "ideal": "D", "sampled": "C", "correct": false}}
{"type": "result", "data": {"idx": 68, "options": ["\u03c0/3", "\u03c0/4", "\u03c0", "2\u03c0"], "probs": [[0.279280441927828, 0.055860047623924804, 0.6392852389479394, 0.02557427140030777], [0.030748114014113294, 0.34644152859965527, 0.5365758867528235, 0.08623447053340795], [0.00926976702659455, 0.1192767984641722, 0.8151118017911781, 0.05634163261805505], [0.2825459729069582, 0.3252139011216176, 0.2961091895476609, 0.09613093632376328]], "ideal": "A", "sampled": "A", "correct": true}}
{"type": "result", "data": {"idx": 69, "options": ["Sunday", "Monday", "Tuesday", "Wednesday"], "probs": [[0.47965740559241243, 0.12910368075393433, 0.20630903492972716, 0.1849298786239261], [0.07459412759282937, 0.056749965909783706, 0.7417635419530596, 0.12689236444432736], [0.17263864364921164, 0.2758891941902389, 0.4408754208438764, 0.1105967412166731], [0.4233893376442993, 0.3049637237984904, 0.19084161023296295, 0.0808053282242473]], "ideal": "A", "sampled": "D", "correct": false}}
{"type": "result", "data": {"idx": 70, "options": ["\u221248/\u03c0 cm/min", "\u22124/(3\u03c0) cm/min", "\u22128/(3\u03c0) cm/min", "\u221216/(3\u03c0) cm/min"], "probs": [[0.07530689463180919, 0.2932500926335486, 0.4135243419449563, 0.21791867068968584], [0.24212400205056578, 0.1638431771163642, 0.3869228833641418, 0.20710993736892822], [0.24360098161938468, 0.08962290265736567, 0.4551217020156946, 0.21165441360755508], [0.12341123348904627, 0.2572324631232386, 0.4657618209051647, 0.15359448238255036]], "ideal": "D", "sampled": "B", "correct": false}}
{"type": "result", "data": {"idx": 71, "options": ["The system is consistent.", "The system has infinitely many solutions.", "The sum of any two solutions is a solution.", "Every solution is a scalar multiple of (-5, 1, 1, 0)."], "probs": [[0.08602516568554769, 0.022094972933977244, 0.3565765995789853, 0.5353032617014898], [0.20439787468189133, 0.042182244245183825, 0.5643796807735514, 0.18904020019937343], [0.19271381538885024, 0.13454592914750219, 0.4769860221274929, 0.19575423323615465], [0.44119976610002776, 0.07316529277596218, 0.28045172541211894, 0.20518321561189112]], "ideal": "D", "sampled": "D", "correct": true}}
{"type": "result", "data": {"idx": 72, "options": ["f(c)", "f(e^c)", "f(1/c)", "f(log c)"], "probs": [[0.3180136524424971, 0.08694361538063552, 0.3230264330940173, 0.2720162989828501], [0.24633003768841782, 0.25022220609070045, 0.17196746168801108, 0.33148029443287064], [0.5258590558917262, 0.03523181737893237, 0.22973370464183177, 0.2091754219875096], [0.46869988828085113, 0.17243489107449392, 0.17242723187786932, 0.18643798866678563]], "ideal": "D", "sampled": "C", "correct": false}}
{"type": "result", "data": {"idx": 73, "options": ["I only", "II only", "III only", "I and II only"], "probs": [[0.1221044555968301, 0.09811946369171426, 0.08794977097636769, 0.691826309635088], [0.22636651147253217, 0.12117387646812386, 0.2228626376591295, 0.4295969743002145], [0.23134720779070006, 0.1075947832538723, 0.29706873158812835, 0.36398927726729924], [0.21924258766366075, 0.1350788324936256, 0.20277136562227047, 0.44290721412044315]], "ideal": "D", "sampled": "D", "correct": true}}
{"type": "result", "data": {"idx": 74, "options": ["1/(2e)", "1/e", "e^2/2", "2e"], "probs": [[0.5418875459138467, 0.1458552842823719, 0.1815155974526504, 0.130741572251131], [0.3857054641877626, 0.1738607837896999, 0.26927279048091324, 0.1711609614416242], [0.289124058999955, 0.18962259228852144, 0.37125288669049905, 0.1500004619210245], [0.2793409394545724, 0.169436673471475, 0.35313039139139274, 0.19809199558255985]], "ideal": "C", "sampled": "A", "correct": false}}
{"type": "result", "data": {"idx": 75, "options": ["H = 50", "T >= 60", "51 <= H <= 55", "H >= 48 and T >= 48"], "probs": [[0.29784679853689644, 0.1863923398426396, 0.21791108275128462, 0.29784977876917934], [0.1230583433806768, 0.31919951796918117, 0.1604996698710903, 0.3972424686790518], [0.3422222358639543, 0.12013467131542836, 0.2793167468778851, 0.25832634584273223], [0.1619980584817638, 0.09673675605471876, 0.08019593118235398, 0.6610692541811635]], "ideal": "D", "sampled": "C", "correct": false}}
{"type": "result", "data": {"idx": 76, "options": ["True, True", "True, False", "False, True", "False, False"], "probs": [[0.1214719080364853, 0.23052399661250392, 0.46565251150086573, 0.182351583750145], [0.24893096000511755, 0.06006009868296271, 0.26087857618205734, 0.4301303650298624], [0.06993473281420992, 0.026133594885833895, 0.5855653252673647, 0.31836634693259147], [0.03611972220496068, 0.026017894196686746, 0.4908888599236795, 0.44697352357467307]], "ideal": "D", "sampled": "B", "correct": false}}
{"type": "result", "data": {"idx": 77, "options": ["2", "1", "0", "-1"], "probs": [[0.3427739389974735, 0.27544772211765917, 0.3121367348100029, 0.06964160397486446], [0.879011876554095, 0.03923272479781232, 0.046588932176405466, 0.0351664663716873], [0.43306681908408495, 0.12408805642746439, 0.2506612985681392, 0.1921838258203115], [0.26010395450321305, 0.10843689559104185, 0.4288732036676719, 0.2025859461380732]], "ideal": "C", "sampled": "B", "correct": false}}
