{"type": "result", "data": {"idx": 0, "options": ["7 N", "5 N", "10 N", "12 N"], "probs": [[0.373615987644028, 0.2196736949657055, 0.2128837279533811, 0.19382658933688543], [0.31585968949585214, 0.257836532172252, 0.23472913656550898, 0.19157464166638685], [0.12210595350858296, 0.5141404445287171, 0.180459812376797, 0.183293789485903], [0.2184586855321025, 0.34374169023983, 0.1701416547447421, 0.26765796938332537]], "ideal": "A", "sampled": "D", "correct": false}}
{"type": "result", "data": {"idx": 1, "options": ["weight of fluid.", "volume of fluid.", "density of fluid.", "All of these."], "probs": [[0.1324138939248232, 0.03564083948375014, 0.05785455926674224, 0.7740907072246844], [0.7752035591529001, 0.005827325645304541, 0.20542084558615648, 0.013548269515638858], [0.14187779492666402, 0.6067924868903557, 0.06915092955020982, 0.1821787885327704], [0.42898864612214516, 0.06376683426307984, 0.31388105535880345, 0.19336346415597153]], "ideal": "B", "sampled": "D", "correct": false}}
{"type": "result", "data": {"idx": 2, "options": ["totally internally reflects", "passes into the air above", "is absorbed", "None of these"], "probs": [[0.8495443124906644, 0.0675967186841453, 0.0193663125044626, 0.06349265622072768], [0.19701630227624886, 0.015432809518192639, 0.11052262888823611, 0.6770282592173223], [0.03964841755991308, 0.03236137785933255, 0.6011728106279483, 0.3268173938528061], [0.024086463386473297, 0.44052369901337285, 0.32734094949492987, 0.208048888005224]], "ideal": "B", "sampled": "A", "correct": false}}
{"type": "result", "data": {"idx": 3, "options": ["always.", "sometimes.", "never.", "on planet Earth only."], "probs": [[0.807110803987805, 0.02805438719650355, 0.16143173032419447, 0.003403078391496932], [0.6299178693546439, 0.10283656570533575, 0.08392869060286066, 0.18331687423715973], [0.3576181845270954, 0.014307945100593774, 0.5714949395471354, 0.056578930725175454], [0.23277702838545444, 0.6038510180262456, 0.10169392040214037, 0.06167803308615949]], "ideal": "B", "sampled": "A", "correct": false}}
{"type": "result", "data": {"idx": 4, "options": ["changes", "aligns with the electric field", "is at right angles to the electric field", "converts to magnetic energy"], "probs": [[0.981474106015624, 0.003248472247173599, 0.012747614702553776, 0.0025298069346485646], [0.005346860965137826, 0.12753938683598987, 0.009095376746180208, 0.8580183753526921], [0.00801169585108657, 0.002642166383792041, 0.9857910133592994, 0.003555124305821959], [0.010668675709570958, 0.9604780100530729, 0.017317951554238424, 0.01153536258311774]], "ideal": "A", "sampled": "A", "correct": true}}
{"type": "result", "data": {"idx": 5, "options": ["red", "yellow-green", "blue", "violet"], "probs": [[0.023170728924661304, 0.3028368145770032, 0.6213682478452707, 0.052624208553064794], [0.004169707902240046, 0.9811922900206856, 0.011071503826345506, 0.0035664981507288114], [0.12402497016995358, 0.8214842432179199, 0.03872202502289359, 0.015768761489232883], [0.8382682952878512, 0.0925974928582243, 0.03859836580352732, 0.03053584595039715]], "ideal": "D", "sampled": "C", "correct": false}}
{"type": "result", "data": {"idx": 6, "options": ["mass distorts spacetime.", "gravity affects clocks.", "light can\u2019t escape from a black hole.", "All of these."], "probs": [[0.11019387732365384, 0.004141317639566487, 0.0052351881232749675, 0.8804296168135047], [0.05675568148496378, 0.006994002602271971, 0.45349464531251027, 0.482755670500254], [0.018416537391984275, 0.7130384482706044, 0.044180467989385915, 0.2243645462480254], [0.9545569178876173, 0.010439996344036527, 0.007064331144564349, 0.027938754523781806]], "ideal": "D", "sampled": "D", "correct": true}}
{"type": "result", "data": {"idx": 7, "options": ["voltage", "energy", "Both of these", "Neither of these"], "probs": [[0.9382914471653949, 0.0070537390686659105, 0.043206563106029425, 0.011448250559909712], [0.15356340141994965, 0.35158516413718094, 0.021781002130383045, 0.47307043221248635], [0.20685631131014837, 0.00834119603113304, 0.768600109741532, 0.016202382817186597], [0.23505769009418143, 0.6594156855596154, 0.02678916139072894, 0.0787374628554743]], "ideal": "A", "sampled": "A", "correct": true}}
{"type": "result", "data": {"idx": 8, "options": ["chaotic", "ordered", "positioned by amplitude", "in phase"], "probs": [[0.01565373049803452, 0.9534914004202864, 0.012977600362932794, 0.01787726861874635], [0.9875542697017274, 0.0018916308495159065, 0.004681831591549466, 0.0058722677572071195], [0.008895132098109748, 0.0021129027813692977, 0.03804071019923736, 0.9509512548212836], [0.024487162671792014, 0.006694599658078226, 0.963002038503989, 0.005816199066140726]], "ideal": "B", "sampled": "B", "correct": true}}
{"type": "result", "data": {"idx": 9, "options": ["amplitude", "wavelength", "frequency", "energy"], "probs": [[0.009595857983590882, 0.0025626833219642405, 0.009014632600235006, 0.9788268259942099], [0.008095820812612627, 0.003348750066332974, 0.9654926594104559, 0.02306276961059848], [0.022283950937684066, 0.918457853375861, 0.021939380238518432, 0.03731881534793641], [0.9946336254269069, 0.001542927737402878, 0.0021421288943264255, 0.0016813178413637208]], "ideal": "D", "sampled": "D", "correct": true}}
{"type": "result", "data": {"idx": 10, "options": ["the same", "opposite", "Either of these", "Need more information"], "probs": [[0.0890727796262256, 0.8192930206363903, 0.06316576426844717, 0.028468435368936878], [0.9343289701528766, 0.0362323125706828, 0.020967558480877814, 0.008471158695562734], [0.21382898060260044, 0.0052306814972239895, 0.23485408688197063, 0.546086250918205], [0.051686342222815485, 0.03902160704839118, 0.8743198415397504, 0.03497220908904297]], "ideal": "B", "sampled": "B", "correct": true}}
{"type": "result", "data": {"idx": 11, "options": ["conduction", "convection", "radiation", "radioactivity"], "probs": [[0.022315452216015066, 0.005384118844065672, 0.9489140059381651, 0.023386422901754154], [0.012226341991319544, 0.9713246781678614, 0.007711264280057291, 0.008737715460761726], [0.9916441083664725, 0.0012555076112117515, 0.004181374430904876, 0.0029190094914108705], [0.004426935831520162, 0.0013714787064627683, 0.00789190575049195, 0.9863096796115252]], "ideal": "C", "sampled": "C", "correct": true}}
{"type": "result", "data": {"idx": 12, "options": ["half, 1 A", "2 A", "Depends on which lamp is closer to the battery", "Not enough information to say"], "probs": [[0.9266910423137711, 0.016453240640611513, 0.028873091164566687, 0.027982625781050718], [0.23333458919082808, 0.0026748599227470137, 0.0452347730853947, 0.7187557777010302], [0.028278560877525075, 0.009399281983499626, 0.8394925509337412, 0.12282960610523405], [0.12843819152677444, 0.4625804790776395, 0.3775080796327392, 0.03147324966284687]], "ideal": "B", "sampled": "A", "correct": false}}
{"type": "result", "data": {"idx": 13, "options": ["increase.", "decrease.", "remain unchanged.", "None of these."], "probs": [[0.8957548198980305, 0.03528561838270217, 0.06096390301380434, 0.007995658605462948], [0.12872994256499803, 0.013154646698952043, 0.12874843490648555, 0.7293669757295643], [0.05580716473958324, 0.033331871898741275, 0.8731036033301798, 0.03775735993149571], [0.013355826163180188, 0.6140966477702604, 0.31362790187469813, 0.05891962409186123]], "ideal": "A", "sampled": "A", "correct": true}}
{"type": "result", "data": {"idx": 14, "options": ["2mg", "mg", "mg/2", "mg/4"], "probs": [[0.110708223431785, 0.151338668917463, 0.6272436473225695, 0.1107094602281824], [0.26532744567937444, 0.36841701359590245, 0.291417798626553, 0.07483774199817014], [0.43979761624240066, 0.2930101694105502, 0.16435132775946498, 0.10284088648758415], [0.24727641428278854, 0.1323701232969956, 0.3125976780073219, 0.30775578431289397]], "ideal": "B", "sampled": "C", "correct": false}}
{"type": "result", "data": {"idx": 15, "options": ["less.", "equal.", "greater.", "none because it sinks."], "probs": [[0.9783316409305932, 0.0029490631206216446, 0.010054524853097463, 0.008664770995687625], [0.006740760949576702, 0.0016652552778025616, 0.006534430159682578, 0.9850595535129382], [0.01972792865384498, 0.00822478443406596, 0.9507166786598982, 0.02133060815219086], [0.012905010537737783, 0.9483579776040874, 0.024114319155296746, 0.014622692602878141]], "ideal": "A", "sampled": "A", "correct": true}}
{"type": "result", "data": {"idx": 16, "options": ["red.", "green.", "white minus red.", "a mixture of green and yellow."], "probs": [[0.9420713746840264, 0.008025266707646998, 0.031247317787700502, 0.01865604072062618], [0.014327483878015856, 0.002302995601072505, 0.009695243815325372, 0.9736742766055863], [0.05971764825268005, 0.007022150881097025, 0.9054896941754188, 0.027770506590804118], [0.023053544198085363, 0.9502116670864402, 0.015845584133904224, 0.010889204481570141]], "ideal": "A", "sampled": "A", "correct": true}}
{"type": "result", "data": {"idx": 17, "options": ["speed", "frequency", "wavelength", "All of these"], "probs": [[0.38041990562284916, 0.28267144069261113, 0.21341615854115042, 0.12349249504338926], [0.2689485431978637, 0.3346960768682694, 0.3399855424114069, 0.05636983742245997], [0.19562981437783722, 0.22872804911447964, 0.3830439333817596, 0.1925982030259235], [0.18709885863095904, 0.05530379277692762, 0.632968835845971, 0.12462851264614236]], "ideal": "B", "sampled": "B", "correct": true}}
{"type": "result", "data": {"idx": 18, "options": ["volume", "mass", "weight", "density"], "probs": [[0.9471716147075763, 0.027292489608783183, 0.01905336389562769, 0.0064825316880128365], [0.026138252521092555, 0.009616067954474995, 0.057092459918184485, 0.9071532195062479], [0.06839516064135116, 0.02763481085944103, 0.8463749947772559, 0.05759503362195198], [0.09533358115742296, 0.8631086123551086, 0.02647382324178735, 0.015083983145681061]], "ideal": "D", "sampled": "A", "correct": false}}
{"type": "result", "data": {"idx": 19, "options": ["transverse waves", "longitudinal waves", "all waves", "None of these"], "probs": [[0.9849040603772767, 0.004120897791055315, 0.0057660671274354135, 0.005208974604232491], [0.027703297486915742, 0.004666486473590708, 0.31706307590113614, 0.6505671400383575], [0.02666791322071733, 0.011292638029338987, 0.9255902747764847, 0.03644917387345894], [0.09879781351052562, 0.8273113435692561, 0.024212140664127038, 0.04967870215609127]], "ideal": "A", "sampled": "A", "correct": true}}
{"type": "result", "data": {"idx": 20, "options": ["buoyant force", "mass", "weight", "All of these"], "probs": [[0.03218589602886534, 0.07030882423752703, 0.6775423035263618, 0.21996297610724588], [0.36320024995748296, 0.2616267819562203, 0.30585503803007247, 0.06931792995622427], [0.8356659504941315, 0.10792555779546338, 0.022977344946247494, 0.03343114666415762], [0.22265797685350147, 0.11373469892694638, 0.2728155830764975, 0.39079174104305464]], "ideal": "A", "sampled": "C", "correct": false}}
{"type": "result", "data": {"idx": 21, "options": ["thermal energy.", "vibrational kinetic energy.", "average translational kinetic energy.", "rotational kinetic energy."], "probs": [[0.12830975674357484, 0.055189479239706914, 0.7860243930366356, 0.03047637088008259], [0.34720313809593745, 0.5052594146728119, 0.029405938020668706, 0.11813150911058203], [0.9856834968313906, 0.0034730715776013026, 0.00782624583188826, 0.003017185659119916], [0.004918375992503618, 0.4862863430011627, 0.037495601988365074, 0.4712996789179686]], "ideal": "C", "sampled": "C", "correct": true}}
{"type": "result", "data": {"idx": 22, "options": ["move farther than the input piston", "exceed the force input", "exceed the input piston\u2019s speed", "produce increased energy"], "probs": [[0.6743990024549017, 0.04962718676720644, 0.0857446693828636, 0.19022914129502824], [0.46586626503130457, 0.021790599326525495, 0.16611760760234445, 0.3462255279398255], [0.3557016034597953, 0.026174881146649495, 0.3090630540478303, 0.3090604612457249], [0.19555211648034906, 0.4012963592991183, 0.28454054247098515, 0.11861098164954749]], "ideal": "D", "sampled": "A", "correct": false}}
{"type": "result", "data": {"idx": 23, "options": ["decreases", "increases", "remains unchanged", "may increase or decrease"], "probs": [[0.03487392481138449, 0.8717827973268398, 0.08365939327850284, 0.009683884483272806], [0.9263116499951581, 0.016966975056310264, 0.04986648465392268, 0.006854890194608951], [0.5364804563611452, 0.02080220985192227, 0.3986806050281559, 0.044036728658776614], [0.13228258637076923, 0.02524773431966254, 0.8231132121654017, 0.019356467044166492]], "ideal": "C", "sampled": "B", "correct": false}}
{"type": "result", "data": {"idx": 24, "options": ["half the bend.", "the same bend if the branch doesn\u2019t break.", "twice the bend.", "4 times the bend."], "probs": [[0.254270205846057, 0.09803855396270254, 0.6196069232062331, 0.028084316885007406], [0.36446779826934855, 0.5472352483796887, 0.07177540632448304, 0.016521546926479624], [0.9291471811026675, 0.012259108122464179, 0.04019334642380786, 0.018400364251060456], [0.09217183126126324, 0.01993582386957675, 0.8345505366549212, 0.05334180811423883]], "ideal": "C", "sampled": "C", "correct": true}}
{"type": "result", "data": {"idx": 25, "options": ["increases but less than doubles", "doubles", "more than doubles", "depends on factors not stated"], "probs": [[0.030029313484826178, 0.919775603038628, 0.019694302771143188, 0.030500780605402587], [0.6577153670748195, 0.09328756395712326, 0.0515167786830511, 0.19748029018500612], [0.12520422250054059, 0.01861081117111843, 0.0771355567315199, 0.7790494094968211], [0.050193636856518974, 0.012110538599017097, 0.8623489608148324, 0.07534686362963158]], "ideal": "A", "sampled": "B", "correct": false}}
{"type": "result", "data": {"idx": 26, "options": ["1 minute.", "2 minutes.", "5 minutes.", "9 minutes."], "probs": [[0.12297962971231277, 0.25636515782788216, 0.43602783782973203, 0.18462737453007305], [0.2099521191201084, 0.26134473472223996, 0.3251946914644889, 0.20350845459316272], [0.29780364033582024, 0.16449286041999023, 0.3706395327674252, 0.16706396637676438], [0.21277371268685533, 0.18489604084454506, 0.4366087056791059, 0.16572154068949368]], "ideal": "D", "sampled": "C", "correct": false}}
{"type": "result", "data": {"idx": 27, "options": ["move at a constant speed in a straight line", "accelerate at a constant rate in a straight line", "come to rest", "increase its amount of inertia"], "probs": [[0.9594546626186177, 0.006365063786973293, 0.02638229605386878, 0.007797977440540241], [0.06724626551479165, 0.011151158218597228, 0.021832318913339466, 0.8997702572532716], [0.023021581956971973, 0.0090159601988322, 0.9488772691969094, 0.019085188547286434], [0.020754023836036375, 0.9249651420845765, 0.033688755973445346, 0.020592078005941813]], "ideal": "A", "sampled": "A", "correct": true}}
{"type": "result", "data": {"idx": 28, "options": ["everyday low speeds.", "relativistic speeds.", "Both of these.", "Neither of these."], "probs": [[0.011281810447597107, 0.345592967857291, 0.5970892176085587, 0.04603600398655313], [0.8602891935217472, 0.06953767505053296, 0.044195535367149444, 0.02597759596057049], [0.1634137831055766, 0.01921637603202224, 0.04984056734408038, 0.7675292734183208], [0.057347739783907566, 0.020135158808346272, 0.6772695198827264, 0.24524758142501976]], "ideal": "C", "sampled": "B", "correct": false}}
{"type": "result", "data": {"idx": 29, "options": ["evaporation", "condensation", "Both", "Neither"], "probs": [[0.05145357852871156, 0.08485305326469994, 0.8304724576951588, 0.03322091041142975], [0.18258790261883764, 0.3632377006516725, 0.1235639201674595, 0.33061047646203034], [0.13652570544308112, 0.03243024646911568, 0.5233876108599842, 0.3076564371278189], [0.05459516861009414, 0.10862342995519154, 0.07121309369774191, 0.7655683076369724]], "ideal": "C", "sampled": "C", "correct": true}}
{"type": "result", "data": {"idx": 30, "options": ["shorter", "taller", "equal in height", "inoperable"], "probs": [[0.3234896864393393, 0.16523043365956097, 0.5010428149412501, 0.0102370648598496], [0.7657861073027278, 0.1876751767643842, 0.03160885950745741, 0.014929856325430528], [0.0277719314104163, 0.005469163467026287, 0.9342916698285786, 0.03246723519397883], [0.05234643463396009, 0.012434303805606525, 0.6477760696053038, 0.28744319185512957]], "ideal": "B", "sampled": "B", "correct": true}}
{"type": "result", "data": {"idx": 31, "options": ["force due to gravity is the same on each.", "air resistance is always zero in free fall.", "inertia of both rocks is the same.", "ratio of force to mass is the same."], "probs": [[0.9116972081098756, 0.005337529462261401, 0.058286502822674655, 0.024678759505188292], [0.0034188773710484848, 0.389058483912479, 0.5572839568192386, 0.05023868179723392], [0.8583216118232981, 0.02082769770429454, 0.09936295504263483, 0.021487735329772516], [0.9817214467246197, 0.006719448099250842, 0.0044067256569726545, 0.007152379419156793]], "ideal": "D", "sampled": "D", "correct": true}}
{"type": "result", "data": {"idx": 32, "options": ["increases but less than doubles", "doubles", "more than doubles", "depends on factors not stated"], "probs": [[0.03632306368497944, 0.9080292399635641, 0.023089142398275177, 0.03255855385318128], [0.5661022066503905, 0.1837964057738567, 0.07197196780915564, 0.17812941966659715], [0.19922447202597598, 0.048824861640816064, 0.1286281794180988, 0.6233224868151092], [0.0608908053495962, 0.012965360873985629, 0.8538364298008109, 0.07230740387560727]], "ideal": "C", "sampled": "B", "correct": false}}
{"type": "result", "data": {"idx": 33, "options": ["equals mass moving at the speed of light squared.", "equals moving mass.", "is fundamentally different than mass.", "and mass are closely related."], "probs": [[0.5377843058892156, 0.021854663825551877, 0.03438282180187067, 0.4059782083833619], [0.017887329539318625, 0.0041180499499239055, 0.9466012044365045, 0.03139341597425297], [0.009360309150264465, 0.9111426257561752, 0.041301088271769044, 0.038195976721791265], [0.990924772040576, 0.0034912908324345807, 0.0030096983428955703, 0.0025742386840937642]], "ideal": "D", "sampled": "D", "correct": true}}
{"type": "result", "data": {"idx": 34, "options": ["light leaving the Sun is slowed by gravity.", "light passing the Sun is deflected.", "a clock on the Sun\u2019s surface runs faster than on Earth.", "All of these."], "probs": [[0.02649438969333457, 0.4770614259629632, 0.019384814641006613, 0.4770593696026956], [0.6397141193448256, 0.006371044191472378, 0.30221596078973456, 0.05169887557396752], [0.021693587991821174, 0.5956066524524813, 0.03256778987829689, 0.3501319695774006], [0.9088202759894526, 0.011989806983037992, 0.011263916517268841, 0.06792600041024059]], "ideal": "D", "sampled": "D", "correct": true}}
{"type": "result", "data": {"idx": 35, "options": ["reduces by 2", "reduces by 4", "increases by 2", "increases by 4"], "probs": [[0.8720991781171801, 0.03489037298499747, 0.0863516496532715, 0.006658799144550971], [0.7448119894972759, 0.03376589884956642, 0.20362907180013634, 0.01779303975302133], [0.7472193337798478, 0.07515674181666643, 0.16414951000406194, 0.013474414299423802], [0.4164410282886207, 0.1936889026156748, 0.35621587295451734, 0.03365419604118714]], "ideal": "A", "sampled": "A", "correct": true}}
{"type": "result", "data": {"idx": 36, "options": ["increases", "decreases", "remains the same", "Not enough information to say"], "probs": [[0.03452471196858637, 0.013520068198057567, 0.9478319083322709, 0.004123311401085091], [0.02558565750730897, 0.9161508270138383, 0.04855261842063098, 0.009710896958221712], [0.9055307464442361, 0.006597584082096507, 0.0842282544540379, 0.0036434149196294292], [0.07190684919899727, 0.07897445499871349, 0.7492855134655367, 0.0998331822367525]], "ideal": "A", "sampled": "C", "correct": false}}
{"type": "result", "data": {"idx": 37, "options": ["30 km/h", "40 km/h", "50 km/h", "60 km/h"], "probs": [[0.1612385756354369, 0.3308735090683934, 0.265848116004592, 0.24203979919157767], [0.046758837993237476, 0.6871912478713443, 0.16068182884040003, 0.10536808519501815], [0.49692153166874964, 0.2240019838586852, 0.11263065542483501, 0.1664458289477302], [0.5424462515881148, 0.09426989335168032, 0.22613704033812732, 0.1371468146220776]], "ideal": "C", "sampled": "C", "correct": true}}
{"type": "result", "data": {"idx": 38, "options": ["amplitude", "polarization", "momentum", "frequency"], "probs": [[0.0008255758991020463, 0.0003750506452112297, 0.004463020846779607, 0.9943363525089071], [0.0022531101899113974, 0.0010235395303885546, 0.9905507730627707, 0.006172577116929356], [0.0053723187420490655, 0.9846509139245229, 0.005046882076258207, 0.00492988515716984], [0.993617902956872, 0.0017740294860950296, 0.0033402450601043338, 0.0012678223969286653]], "ideal": "D", "sampled": "D", "correct": true}}
{"type": "result", "data": {"idx": 39, "options": ["electrons", "protons", "neutrons", "ions"], "probs": [[0.9838333828498771, 0.004347509486465301, 0.00837997957009478, 0.0034391279935628146], [0.010415183835099748, 0.01108736872665196, 0.055431387014056824, 0.9230660603241915], [0.016414320673266973, 0.061949780946193814, 0.8962126864324363, 0.02542321184810289], [0.16259034345937573, 0.7879300169726604, 0.027816306742473085, 0.02166333272549072]], "ideal": "A", "sampled": "A", "correct": true}}
{"type": "result", "data": {"idx": 40, "options": ["less.", "more.", "the same.", "Need more information."], "probs": [[0.6304262538171035, 0.0568535574669502, 0.27114422237615277, 0.04157596623979353], [0.1314058635991575, 0.021491606346757463, 0.09030799802292809, 0.756794531931157], [0.03796166587762113, 0.01343237473003641, 0.8916268110660329, 0.05697914822630953], [0.024004049447419247, 0.6856181642233836, 0.21229508227729013, 0.07808270395190695]], "ideal": "C", "sampled": "A", "correct": false}}
{"type": "result", "data": {"idx": 41, "options": ["overlapping one another", "constructively interfering", "moving slower than the source producing them", "All of these"], "probs": [[0.10014662481334557, 0.01767797454680216, 0.10661147891223982, 0.7755639216276125], [0.16854000042777803, 0.014729010829917576, 0.616577385071724, 0.20015360357058035], [0.23516689589812473, 0.6196285781569609, 0.05166155966748649, 0.09354296617742783], [0.5279164451407043, 0.03824656183533095, 0.15125747417934995, 0.2825795187446147]], "ideal": "D", "sampled": "D", "correct": true}}
{"type": "result", "data": {"idx": 42, "options": ["cold day", "hot day", "day with steady temperature", "None of these"], "probs": [[0.2632069865857088, 0.06760115125396492, 0.4766285681499111, 0.1925632939104152], [0.5587606387864038, 0.101760699576687, 0.28988733668790656, 0.049591324849002597], [0.30950543281321147, 0.13951101897751925, 0.2647379934523012, 0.2862455546569681], [0.13278826074420697, 0.05200142606578156, 0.47078345974980707, 0.3444268533402044]], "ideal": "B", "sampled": "B", "correct": true}}
{"type": "result", "data": {"idx": 43, "options": ["half", "twice", "the same", "None of these"], "probs": [[0.5649020148887972, 0.24298020021583233, 0.18340525268388963, 0.008712532111480785], [0.7112359178744657, 0.2037912415251393, 0.04546992344915254, 0.03950291705124244], [0.1534775866296863, 0.009966847959197186, 0.7673786646257297, 0.06917690068538684], [0.005417540588171823, 0.21640568647000252, 0.4042851566225548, 0.3738916162192708]], "ideal": "C", "sampled": "A", "correct": false}}
{"type": "result", "data": {"idx": 44, "options": ["hot to cold ever", "cold to hot ever", "hot to cold without external energy", "cold to hot without external energy"], "probs": [[0.1019293968065456, 0.021704234547499725, 0.8017941755998311, 0.07457219294612351], [0.02210149383828769, 0.8294651615651781, 0.08741210514156489, 0.06102123935496923], [0.9559372911376903, 0.012611699762558135, 0.01670737503712851, 0.01474363396262302], [0.9438957124435129, 0.010486395263246028, 0.024764623882565204, 0.020853268310675823]], "ideal": "D", "sampled": "C", "correct": false}}
{"type": "result", "data": {"idx": 45, "options": ["hydrogen.", "oxygen.", "nitrogen.", "But all have the same speed on average."], "probs": [[0.7421137275113654, 0.0301587303981538, 0.1174251371453361, 0.11030240484514467], [0.1451601914074505, 0.025627446859045964, 0.06856734688084429, 0.7606450147526592], [0.20743577160899618, 0.011522433708645733, 0.7588362685960571, 0.022205525986300944], [0.4939505935812594, 0.3043706413562085, 0.08063615148654349, 0.12104261347598858]], "ideal": "A", "sampled": "A", "correct": true}}
{"type": "result", "data": {"idx": 46, "options": ["greater", "less", "the same", "Any of these"], "probs": [[0.09798193904489097, 0.01624727279245939, 0.8333261167416764, 0.05244467132097317], [0.4333928114637119, 0.3482559174135127, 0.19232413994731362, 0.026027131075461757], [0.7540307471736322, 0.10863019282111087, 0.097376791436692, 0.039962268468564974], [0.3379812428116482, 0.015562894245262861, 0.1986944312456625, 0.44776143159742643]], "ideal": "C", "sampled": "C", "correct": true}}
{"type": "result", "data": {"idx": 47, "options": ["less than 0.8 N", "0.8 N", "greater than 0.8 N", "dependent on the orientation of its body"], "probs": [[0.3413864279278324, 0.44528335002281, 0.20069959463851908, 0.0126306273108385], [0.4650625547895372, 0.3402769755386576, 0.036428740417410545, 0.1582317291543947], [0.13408193627724593, 0.008983535186569854, 0.7026031946365922, 0.15433133379959205], [0.11338091725006062, 0.0883055559331204, 0.716648583911582, 0.08166494280523698]], "ideal": "B", "sampled": "B", "correct": true}}
{"type": "result", "data": {"idx": 48, "options": ["along and parallel to the wave", "perpendicular to the wave", "Both of these", "Neither of these"], "probs": [[0.6273224464168476, 0.009090841907774913, 0.3410910427981107, 0.02249566877726675], [0.10492231659120761, 0.25971580594298316, 0.11889434463874088, 0.5164675327270684], [0.22816463386262406, 0.013076694078432993, 0.7028460678657296, 0.055912604093213324], [0.21768173704963695, 0.44669840083262713, 0.051705692085347615, 0.28391416993238827]], "ideal": "A", "sampled": "A", "correct": true}}
{"type": "result", "data": {"idx": 49, "options": ["the work done on them", "motion", "Both of these", "Neither of these"], "probs": [[0.013100028467823032, 0.008865374732359986, 0.947576546154559, 0.030458050545258], [0.02282203572157285, 0.7442333766802698, 0.20025487314828433, 0.03268971434987306], [0.6683109297648111, 0.020999580302007523, 0.30123084016599877, 0.009458649667182666], [0.051255973958761386, 0.04969777818835171, 0.03207554608121979, 0.8669707016716671]], "ideal": "A", "sampled": "C", "correct": false}}
{"type": "result", "data": {"idx": 50, "options": ["voltage", "energy", "Both of these", "Neither of these"], "probs": [[0.9396433307659579, 0.006954378968445119, 0.041937534093825175, 0.011464756071771874], [0.17592374111172976, 0.3391753256807511, 0.02134307735482719, 0.463557855752692], [0.21205803335086604, 0.008159293632748291, 0.763683900125919, 0.016098772790466603], [0.24348845842176375, 0.6517886057440943, 0.026896292299957776, 0.07782664343418416]], "ideal": "A", "sampled": "A", "correct": true}}
{"type": "result", "data": {"idx": 51, "options": ["inside the nucleus", "outside the nucleus", "Either of these", "Neither of these"], "probs": [[0.955866542652469, 0.004603273543982061, 0.0307269290789662, 0.008803254624582793], [0.007663741166376247, 0.0024305447615918297, 0.017002888685283726, 0.9729028252867482], [0.010842414147841851, 0.002457621389284348, 0.9760258653578346, 0.010674099005039179], [0.10349934328249889, 0.8666958000858866, 0.013682796275477105, 0.016122060256137404]], "ideal": "A", "sampled": "A", "correct": true}}
{"type": "result", "data": {"idx": 52, "options": ["absorbed", "reflected", "scattered", "refracted"], "probs": [[0.06518438712763147, 0.07047999180163436, 0.845366868576629, 0.018968752394105164], [0.2287660636799884, 0.44790490456129317, 0.11503944287700682, 0.20828958878171158], [0.46667134235597724, 0.044091615328720135, 0.41185709369694073, 0.0773799485183619], [0.25999427226557553, 0.4708055327481927, 0.17051790907045578, 0.098682285815776]], "ideal": "A", "sampled": "C", "correct": false}}
{"type": "result", "data": {"idx": 53, "options": ["destruction", "interference", "resonance", "amplification"], "probs": [[0.004131135430323799, 0.9349137317313415, 0.04954879237935984, 0.011406340358974788], [0.968407820539545, 0.011632251898394333, 0.016925427209781088, 0.0030345002522796016], [0.031956702824727734, 0.04797245987739276, 0.19273197864376876, 0.7273388585541107], [0.0045428425849112575, 0.006209451516389647, 0.9810217599905653, 0.00822594580813384]], "ideal": "B", "sampled": "B", "correct": true}}
{"type": "result", "data": {"idx": 54, "options": ["all the colors together", "two or more appropriate colors", "light when a prism is held upside down", "None of these"], "probs": [[0.948421471569177, 0.011754286199803525, 0.02161949807298231, 0.018204744058037105], [0.9223028475380401, 0.005484431659702136, 0.06681347245683632, 0.005399248245421443], [0.060987194177113346, 0.03421301289481995, 0.8160639446803808, 0.08873584814768593], [0.21722176183327446, 0.4819649647745213, 0.23857926786735684, 0.0622340054248474]], "ideal": "D", "sampled": "A", "correct": false}}
{"type": "result", "data": {"idx": 55, "options": ["about 1 A", "2 A", "Depends on which lamp is closer to the battery", "Not enough information to say"], "probs": [[0.9496192480134347, 0.024917869573936904, 0.012334158988328205, 0.013128723324300186], [0.8582135699411452, 0.001020869083834339, 0.058404119264386975, 0.08236144161063352], [0.011086723855921606, 0.0034617532207587825, 0.9523531070733104, 0.03309841575000919], [0.036154870815709735, 0.5313393601754413, 0.42030058324587133, 0.012205185662977682]], "ideal": "D", "sampled": "A", "correct": false}}
{"type": "result", "data": {"idx": 56, "options": ["Speed only", "Wavelength only", "Both speed and wavelength", "Neither of these"], "probs": [[0.04381340045580303, 0.1787962188258362, 0.7410690270487746, 0.03632135356958608], [0.933910662124104, 0.04233705868977283, 0.021288111170359978, 0.002464167915763168], [0.8575822259901522, 0.10243071855099635, 0.030753534257397873, 0.009233521101453614], [0.020882577445379576, 0.054168450881499915, 0.11647397242021375, 0.8084749991529068]], "ideal": "C", "sampled": "C", "correct": true}}
{"type": "result", "data": {"idx": 57, "options": ["2 Hz", "4 Hz", "8 Hz", "16 Hz"], "probs": [[0.10148406961819588, 0.7499125738793334, 0.048693102755242655, 0.09991025364722804], [0.2637509644419484, 0.4776260745578348, 0.06565392615018062, 0.1929690347500362], [0.16964333995011752, 0.17503671085519548, 0.4006542801358845, 0.2546656689588025], [0.12466911875464433, 0.2809568491796181, 0.28095157416828087, 0.3134224577974567]], "ideal": "B", "sampled": "B", "correct": true}}
{"type": "result", "data": {"idx": 58, "options": ["frequency", "period", "wavelength", "amplitude"], "probs": [[0.19779112990313885, 0.04847126460297188, 0.04145977970042246, 0.7122778256934668], [0.02134323593807716, 0.004837398646574392, 0.9510995004362901, 0.022719864879058284], [0.024092799454073836, 0.14758777864345618, 0.8104151026350019, 0.01790431916746803], [0.993055768689495, 0.003160749164460001, 0.001576962216494522, 0.0022065198295505542]], "ideal": "D", "sampled": "D", "correct": true}}
{"type": "result", "data": {"idx": 59, "options": ["charged", "uncharged", "Either of these", "Neither of these"], "probs": [[0.21794420020091831, 0.14072367779483724, 0.3825134590618646, 0.2588186628423798], [0.5056947839188872, 0.09803972699080236, 0.19194120798838557, 0.20432428100192487], [0.10388594303456682, 0.07720323596449663, 0.345991552973202, 0.47291926792773453], [0.5068919695920392, 0.11853513953793189, 0.30268112047477513, 0.0718917702952538]], "ideal": "C", "sampled": "B", "correct": false}}
{"type": "result", "data": {"idx": 60, "options": ["absorbed", "transmitted", "scattered", "polarized"], "probs": [[0.06194308466312049, 0.016671757320507193, 0.9102801826385871, 0.01110497527778514], [0.10817747410919742, 0.8643430349808617, 0.012137765825381716, 0.015341724984559062], [0.9819337202731225, 0.002472553818919516, 0.013575929532651706, 0.0020177962753062566], [0.14071282743000527, 0.039074659343626715, 0.05958309769034601, 0.760629415436022]], "ideal": "C", "sampled": "C", "correct": true}}
{"type": "result", "data": {"idx": 61, "options": ["thorium-242", "thorium-238", "thorium-234", "radium-214"], "probs": [[0.9775148201792362, 0.00658726278005426, 0.00819762115154412, 0.007700295789165454], [0.9809826161622904, 0.003947390767498319, 0.0067144088509581866, 0.00835558411925302], [0.8691625278530044, 0.01201866430228725, 0.06496472420115044, 0.05385408354355786], [0.19505962727503445, 0.1776305585921994, 0.42605665321857905, 0.20125316081418712]], "ideal": "C", "sampled": "B", "correct": false}}
{"type": "result", "data": {"idx": 62, "options": ["toward you", "away from you", "Both of these", "None of these"], "probs": [[0.020746302004333392, 0.022086084163357764, 0.9245295227056367, 0.032638091026672145], [0.032053925571423995, 0.839737725766038, 0.0536810838180905, 0.07452726474444749], [0.5214601560361706, 0.03333824003384517, 0.27053402843846985, 0.1746675753915144], [0.03447796397646722, 0.03139377412587756, 0.030906515521661012, 0.9032217462759942]], "ideal": "C", "sampled": "C", "correct": true}}
{"type": "result", "data": {"idx": 63, "options": ["charge", "energy", "mass", "all of these"], "probs": [[0.28568460416723707, 0.01336235826269752, 0.4784521175923523, 0.22250091987771312], [0.2509558294073557, 0.5744661902235493, 0.15461205520469776, 0.01996592506439721], [0.821146954238203, 0.12791424821639977, 0.02055749270132534, 0.030381304744071854], [0.7063169439195265, 0.02379565113659115, 0.05446683211936678, 0.21542057272451554]], "ideal": "D", "sampled": "C", "correct": false}}
{"type": "result", "data": {"idx": 64, "options": ["unchanged", "twice as much", "half as much", "four times as much"], "probs": [[0.010205433522351983, 0.11680143118671267, 0.8496347514593143, 0.023358383731620965], [0.7431598248767388, 0.07711807452787582, 0.16843814879664193, 0.011283951698743392], [0.1433350284005788, 0.6035106732576276, 0.2151756121362474, 0.03797868610554615], [0.8335602729024485, 0.004443323942845714, 0.15419883360143374, 0.007797569453272024]], "ideal": "B", "sampled": "D", "correct": false}}
{"type": "result", "data": {"idx": 65, "options": ["breaking the sound barrier", "pulling out of a subsonic dive", "flying faster than sound", "Each of these produces a sonic boom"], "probs": [[0.8303256072081107, 0.029778555444110275, 0.06504183013592497, 0.0748540071118541], [0.028530170019512396, 0.6596660189328878, 0.08386019090104935, 0.2279436200465505], [0.6750051906592751, 0.0554126693389512, 0.21241572668786446, 0.05716641321390915], [0.05086350857329306, 0.7593374277839068, 0.0751774968649704, 0.11462156667782969]], "ideal": "C", "sampled": "A", "correct": false}}
{"type": "result", "data": {"idx": 66, "options": ["becomes slightly radioactive", "doesn\u2019t become radioactive", "will spoil faster", "should be avoided"], "probs": [[0.8079605773024742, 0.07171230829267114, 0.09353191491707809, 0.026795199387776556], [0.2605339772882521, 0.028779378787668806, 0.024234463351417827, 0.6864521804726612], [0.10975072674893381, 0.022298073684590677, 0.8110146627455235, 0.056936536720952016], [0.13242570511908258, 0.7386678153828738, 0.07785324432523719, 0.05105323507280635]], "ideal": "B", "sampled": "A", "correct": false}}
{"type": "result", "data": {"idx": 67, "options": ["fluorescence.", "coherence.", "polarization.", "de-excitation."], "probs": [[0.9853127895589333, 0.0031608728663364755, 0.006744175013238715, 0.004782162461491524], [0.010407463171441865, 0.004840291815163548, 0.03307574091082179, 0.9516765040025728], [0.021926654541398354, 0.010358212533969638, 0.9471166746621369, 0.020598458162495097], [0.020405518193074748, 0.9530260107909196, 0.015646312617381097, 0.01092215829862447]], "ideal": "D", "sampled": "A", "correct": false}}
{"type": "result", "data": {"idx": 68, "options": ["reflected or converted to internal energy in the material.", "mainly reflected.", "mainly refracted.", "transmitted at a lower frequency."], "probs": [[0.934004366758666, 0.015821981171524533, 0.02489183312718068, 0.025281818842628694], [0.20940778406338692, 0.023131932242310423, 0.025012397250945884, 0.7424478863433568], [0.02650450769196092, 0.00901844209706743, 0.9056742288805306, 0.058802821230441], [0.007501788434509526, 0.8947924886935609, 0.059009324612006635, 0.038696398159923]], "ideal": "A", "sampled": "A", "correct": true}}
{"type": "result", "data": {"idx": 69, "options": ["1/100 as much", "10 times as much", "100 times as much", "1000 times as much"], "probs": [[0.19478941798830926, 0.05849060592060704, 0.5549434832878858, 0.1917764927031979], [0.13430951034016742, 0.07896052005989558, 0.10460347291513288, 0.6821264965848042], [0.0834500712617138, 0.011653007795196953, 0.8428826746196592, 0.062014246223430054], [0.11409596287635217, 0.4306700187890216, 0.24536724358532344, 0.20986677464930276]], "ideal": "C", "sampled": "A", "correct": false}}
{"type": "result", "data": {"idx": 70, "options": ["direction", "energy", "Both of these", "Neither of these"], "probs": [[0.597954970599372, 0.023188841767112892, 0.3570761275805749, 0.021780059952940294], [0.10482815648958464, 0.7165060549765135, 0.056111835184017675, 0.12255395324988413], [0.4676355627639603, 0.0073272705500391855, 0.4900874995212441, 0.03494966706475643], [0.06418883489006047, 0.3063591271978154, 0.029851632606712922, 0.5996004052054112]], "ideal": "A", "sampled": "C", "correct": false}}
{"type": "result", "data": {"idx": 71, "options": ["more dense", "less dense", "more slippery", "warmer"], "probs": [[0.13128517713521187, 0.7795011487512994, 0.05388029724431989, 0.03533337676916889], [0.2407216287183739, 0.00918935521187388, 0.0200714711640582, 0.730017544805694], [0.0768406944811163, 0.00737455797480724, 0.036297792223750805, 0.8794869552203256], [0.0240591956292247, 0.015293035079430603, 0.9170843575416484, 0.04356341164969625]], "ideal": "A", "sampled": "B", "correct": false}}
{"type": "result", "data": {"idx": 72, "options": ["frequency.", "wavelength.", "air temperature.", "All of these."], "probs": [[0.006490393442878691, 0.0030658489091794586, 0.011938041825522652, 0.9785057157224192], [0.017464430529304114, 0.014478805082440378, 0.9388087733404168, 0.02924799094783867], [0.07292303630381913, 0.902431001797095, 0.008118280520131162, 0.016527681278954716], [0.9631361763063708, 0.006695762138789781, 0.011389894176460195, 0.018778167278379228]], "ideal": "C", "sampled": "D", "correct": false}}
{"type": "result", "data": {"idx": 73, "options": ["conduction", "convection", "radiation", "All of these, although radiation is greatest"], "probs": [[0.022918736352046665, 0.006464749921322903, 0.846716148571687, 0.12390036505494349], [0.02927848593642631, 0.8828985414634962, 0.04903428517011996, 0.03878868732995749], [0.9644594576504498, 0.011953318228771485, 0.007249850154714728, 0.01633737386606401], [0.5600849358172637, 0.015642980024649266, 0.03932535253448911, 0.3849467315235979]], "ideal": "C", "sampled": "C", "correct": true}}
{"type": "result", "data": {"idx": 74, "options": ["like any other force", "multiplied by a lever arm", "that is fictitious", "that accelerates things"], "probs": [[0.040126659794224376, 0.8991641585576017, 0.038892959106219004, 0.021816222441954906], [0.9884043065665511, 0.004649638817238553, 0.0038246222635390467, 0.003121432252671275], [0.03671409493648661, 0.008321195598405717, 0.06545048748894193, 0.8895142218761657], [0.035519128539635285, 0.024796797437155262, 0.9018740745174861, 0.037809999405723264]], "ideal": "B", "sampled": "B", "correct": true}}
