{"type": "result", "data": {"idx": 0, "options": ["Offerings", "Prayers", "Apparitions", "Idols"], "probs": [[0.0006992214873171548, 0.001134953315198146, 0.021248226424172605, 0.9769175986733121], [0.005569902389573899, 0.01235744191923459, 0.9664514693366468, 0.015621186254544693], [0.005364281470794702, 0.9908139747637137, 0.0016879691897990388, 0.002133774475692557], [0.9965893793735595, 0.001311984438845742, 0.0008946967042907753, 0.0012039393833039981]], "ideal": "D", "sampled": "D", "correct": true}}
{"type": "result", "data": {"idx": 1, "options": ["Daoism", "Yin-Yang School", "Mengzi", "Humanistic Buddhism"], "probs": [[0.8840573868788636, 0.006750141150339066, 0.03072782364941386, 0.07846464822138344], [0.013640212285966445, 0.003558310063316989, 0.011486258049711867, 0.9713152195010047], [0.016231342423395898, 0.0037367409381908606, 0.6689470282443205, 0.3110848882940927], [0.016015427914548512, 0.5303638797583038, 0.11650516012040729, 0.33711553210674045]], "ideal": "B", "sampled": "A", "correct": false}}
{"type": "result", "data": {"idx": 2, "options": ["325 CE", "119 CE", "451 CE", "596 CE"], "probs": [[0.04442665452274441, 0.05275795353625532, 0.308384753175193, 0.5944306386658073], [0.062392892997463284, 0.08528144024427843, 0.7601150442015454, 0.09221062245671283], [0.016171207464280923, 0.8424918179685724, 0.09305938643769479, 0.04827758802945191], [0.6019721344539926, 0.10460827299098582, 0.20804160426183746, 0.08537798819318408]], "ideal": "D", "sampled": "D", "correct": true}}
{"type": "result", "data": {"idx": 3, "options": ["Akitu", "Wag and Thoth", "Bast", "Nehebkau"], "probs": [[0.9942996084297009, 0.001654701802769839, 0.0016939238716269763, 0.0023517657959022963], [0.002627800203049419, 0.0005594948855304283, 0.0009296631850597256, 0.9958830416263604], [0.013224992368735587, 0.003092548437580247, 0.9716410333979916, 0.012041425695692559], [0.0030542753779436013, 0.9900830283344318, 0.002132208995319628, 0.004730487192304886]], "ideal": "A", "sampled": "A", "correct": true}}
{"type": "result", "data": {"idx": 4, "options": ["Zazen", "Tariki", "Kami", "Ikebana"], "probs": [[0.00034558486067700874, 0.0005147471413232218, 0.0006609483635506171, 0.9984787195344491], [0.0013871267129868213, 0.001559588921582564, 0.9821403036677335, 0.014912980597697028], [0.0025485683322409285, 0.9810852980779105, 0.008757498626217906, 0.007608634863630745], [0.9953780217009314, 0.0015082366885666126, 0.001508238900457472, 0.0016055026100445303]], "ideal": "D", "sampled": "D", "correct": true}}
{"type": "result", "data": {"idx": 5, "options": ["Harmony and balance", "Devotion and piety", "Love and passion", "Goodwill and love"], "probs": [[0.044494610523982056, 0.9078161170235096, 0.01662701563721223, 0.031062256715296076], [0.9665831247367705, 0.004764900209494733, 0.008902135613732012, 0.019749839340002674], [0.029075894285245655, 0.14766242988672612, 0.06155479280366773, 0.7617068829243605], [0.22322449993877247, 0.024274672677463565, 0.666440350253239, 0.08606047703052495]], "ideal": "A", "sampled": "B", "correct": false}}
{"type": "result", "data": {"idx": 6, "options": ["Shabad", "Khalse", "Nam", "Guru"], "probs": [[0.9911480071928733, 0.002986746231660765, 0.0026358117951374755, 0.0032294346803284388], [0.0073807760189754665, 0.005930661527020469, 0.004765408822880875, 0.9819231535311231], [0.01739789494393034, 0.007252588034432717, 0.892349014445513, 0.08300050247612395], [0.011030689661528918, 0.9624147499354393, 0.01681999608549631, 0.009734564217535444]], "ideal": "A", "sampled": "A", "correct": true}}
{"type": "result", "data": {"idx": 7, "options": ["Muhammad's miraculous ascent to heaven", "Muhammad's migration to Mecca", "Muhammad's first community in Mecca", "Muhammad's revelations of the Qur'an"], "probs": [[0.9910386648210289, 0.002783649623604015, 0.002872020720558186, 0.0033056647348089266], [0.0007712097891317963, 0.0013016629267272768, 0.0014074361362468725, 0.9965196910478941], [0.004697699420877262, 0.006522155346980418, 0.9529665763869131, 0.03581356874522925], [0.013879294233726084, 0.9579508162593771, 0.016482313013475563, 0.01168757639342123]], "ideal": "A", "sampled": "A", "correct": true}}
{"type": "result", "data": {"idx": 8, "options": ["Laws of Dharma", "Laws of Karma", "Laws of Vishnu", "Laws of Manu"], "probs": [[0.003011519882891622, 0.0020697925427469463, 0.0033075330891655583, 0.9916111543851959], [0.002124485185744535, 0.0017070866918068156, 0.98649721742249, 0.009671210599958716], [0.0035054845691988574, 0.9872991764190039, 0.005345294103402229, 0.003850044808394994], [0.9962979674870533, 0.0015945244794765537, 0.0008944601928824633, 0.001213047740587674]], "ideal": "D", "sampled": "D", "correct": true}}
{"type": "result", "data": {"idx": 9, "options": ["The Holy Book", "The Narrative", "The Recitation", "The Pillars"], "probs": [[0.015468363031270048, 0.0060575500579205755, 0.9569983715376985, 0.02147571527311082], [0.009044998555666395, 0.9669027378119132, 0.017434794832141734, 0.006617468700278677], [0.9580485261218395, 0.012443060876914542, 0.025531403543416632, 0.003977009357829239], [0.0022788236321766436, 0.6939594613900848, 0.023377710364290906, 0.28038400451344764]], "ideal": "C", "sampled": "C", "correct": true}}
{"type": "result", "data": {"idx": 10, "options": ["Mother of Light", "Father of Goodness", "Ineffable Lover", "Eternal Spirit"], "probs": [[0.6417414331832391, 0.16226036322046133, 0.12835872937103385, 0.0676394741252657], [0.5195517059540884, 0.12340642041387355, 0.15358187599989986, 0.20345999753213823], [0.16739263636540164, 0.050261440883703004, 0.6123167640739362, 0.1700291585769592], [0.24792118749875824, 0.34421281464474773, 0.1785742113452997, 0.22929178641119435]], "ideal": "B", "sampled": "A", "correct": false}}
{"type": "result", "data": {"idx": 11, "options": ["Bushido", "Shinto", "Nichiren", "Soto Zen"], "probs": [[0.010874121935301899, 0.014182619735639463, 0.5405786145692336, 0.434364643659825], [0.015440771214276996, 0.11409268366438056, 0.804435353872896, 0.06603119114844638], [0.05363963304044502, 0.8522827243422307, 0.049608995777965965, 0.04446864673935824], [0.9542601801402858, 0.01182618935482414, 0.014717969261405367, 0.019195661143484668]], "ideal": "D", "sampled": "D", "correct": true}}
{"type": "result", "data": {"idx": 12, "options": ["Sangat", "Langar", "Gurdwara", "Panth"], "probs": [[0.005192024739149078, 0.9740936358696478, 0.011164730642386964, 0.009549608648816132], [0.9953737751990659, 0.0017771330711065958, 0.0016181091610594244, 0.001230982468768039], [0.003642329748159348, 0.0009651290112264301, 0.0011283462043715981, 0.9942641949362426], [0.011068627673683117, 0.0045425731516152, 0.7881919984539529, 0.19619680062074876]], "ideal": "B", "sampled": "B", "correct": true}}
{"type": "result", "data": {"idx": 13, "options": ["Buddhism", "Daoism", "Confucianism", "Shamanism"], "probs": [[0.01074059044971288, 0.9225655546254956, 0.01855818558429158, 0.04813566924049993], [0.940535824007562, 0.003499826111484351, 0.003725562400778381, 0.052238787380175275], [0.006315830427719478, 0.04740271915498426, 0.09281067193161209, 0.8534707783856842], [0.008713790391275527, 0.011188732421255208, 0.7254438367260893, 0.25465364036138005]], "ideal": "B", "sampled": "B", "correct": true}}
{"type": "result", "data": {"idx": 14, "options": ["Worship", "Submission", "Obedience", "Faith"], "probs": [[0.002959970460349101, 0.9899789943528586, 0.0038605375268964655, 0.0032004975598957687], [0.9926350408789318, 0.002832046453169914, 0.0027881436781526103, 0.0017447688897455878], [0.0018955371985059008, 0.013157627991252236, 0.003029062515344041, 0.9819177721948978], [0.008781669027719641, 0.007511394818648119, 0.9535311187631462, 0.03017581729048605]], "ideal": "B", "sampled": "B", "correct": true}}
{"type": "result", "data": {"idx": 15, "options": ["Suffering", "Soul", "Impermanence", "No-self"], "probs": [[0.0013954030933794367, 0.039524910103407904, 0.0014623797400947927, 0.9576173069631179], [0.006065530040280686, 0.0032977623931263198, 0.9733576014389396, 0.017279106027653424], [0.0028609478988636705, 0.9872331347042873, 0.0046438024030152755, 0.00526211489383373], [0.992599047649959, 0.002240264370307348, 0.003415980792503724, 0.0017447070872299354]], "ideal": "D", "sampled": "D", "correct": true}}
{"type": "result", "data": {"idx": 16, "options": ["Spiritual narratives", "Redemption narratives", "Birth narratives", "Theological narratives"], "probs": [[0.05126070010926419, 0.016904231662974074, 0.8144973758388869, 0.11733769228887475], [0.013028758337013677, 0.9723215618337754, 0.010147040316175453, 0.004502639413035456], [0.9785944072958549, 0.008599979263241932, 0.00758951517853078, 0.0052160981623723505], [0.007083784409891374, 0.017532747453475685, 0.00304674663584889, 0.9723367214007841]], "ideal": "C", "sampled": "C", "correct": true}}
{"type": "result", "data": {"idx": 17, "options": ["Vajrayana", "Theravada", "Mahayana", "Mahavira"], "probs": [[0.03465909992781273, 0.022730077403021985, 0.9079518008724513, 0.03465902169671399], [0.011057220167204469, 0.9647194161054998, 0.01333762044601708, 0.01088574318127864], [0.9879827733034984, 0.004365782822350683, 0.003676373132833063, 0.003975070641317853], [0.008418463626670675, 0.004436234227504108, 0.014098338918328936, 0.9730469631274963]], "ideal": "C", "sampled": "C", "correct": true}}
{"type": "result", "data": {"idx": 18, "options": ["Svetambara", "Jina", "Agama", "Digambara"], "probs": [[0.6320360153604977, 0.03621897729928912, 0.21842785233358225, 0.11331715490663093], [0.2681796986681444, 0.0792742026205538, 0.339012900615831, 0.3135331979954708], [0.33342676109366876, 0.14795788569915827, 0.395955816022355, 0.12265953708481793], [0.7174255045428001, 0.17858351259567143, 0.053620220683343794, 0.05037076207818467]], "ideal": "D", "sampled": "A", "correct": false}}
{"type": "result", "data": {"idx": 19, "options": ["The Shema", "The Sefirot", "Deuteronomy", "The Decalogue"], "probs": [[0.9936965975978899, 0.001994732821947369, 0.0019947493529235212, 0.002313920127239254], [0.0013844435553996921, 0.001012883781176706, 0.0019221124024184756, 0.9956805601610051], [0.012137668860446513, 0.007595583156768832, 0.9492724320300837, 0.030994315852700988], [0.008611481968734274, 0.9799265643225364, 0.006399544202623832, 0.005062409406105446]], "ideal": "A", "sampled": "A", "correct": true}}
{"type": "result", "data": {"idx": 20, "options": ["Brahminic orthodoxy", "Legalistic asceticism", "Bhakti devotionals", "Unorthodox practices"], "probs": [[0.9755115927912014, 0.006371026353704442, 0.0074483113047608945, 0.010669069450333262], [0.023665021992413212, 0.006270715936993349, 0.009865148877366439, 0.960199113093227], [0.07265246726453646, 0.02433603838155728, 0.8314853983238096, 0.07152609593009661], [0.09948842382336452, 0.8594880142635098, 0.01702081556168847, 0.024002746251437126]], "ideal": "A", "sampled": "A", "correct": true}}
{"type": "result", "data": {"idx": 21, "options": ["The Battle of Uhud", "The Battle of Camel", "The Battle of the Trench", "The Battle of Badr"], "probs": [[0.2114102471308141, 0.015800658082104964, 0.36528490745511016, 0.4075041872319708], [0.36353019417957344, 0.12176753760800316, 0.43850222878991796, 0.07620003932250544], [0.95112931098786, 0.01688477758317587, 0.013149809936563839, 0.018836101392400245], [0.8031436144268272, 0.035287841888059175, 0.08204655287304698, 0.07952199071206661]], "ideal": "C", "sampled": "D", "correct": false}}
{"type": "result", "data": {"idx": 22, "options": ["Remembering the Divine Name", "Meditating on the sacred hymns", "Remembering that death is inevitable", "Meditating on the goodness of the created world"], "probs": [[0.9856256741266285, 0.00425447824344505, 0.005336381762839505, 0.004783465767086978], [0.010399558758658974, 0.0035382900149729386, 0.004989796421963305, 0.9810723547044048], [0.08381365968228621, 0.01676385660159614, 0.8598316891007245, 0.039590794515393095], [0.04252351601966768, 0.9380854111952752, 0.010751847567192822, 0.008639225117864227]], "ideal": "A", "sampled": "A", "correct": true}}
{"type": "result", "data": {"idx": 23, "options": ["Confucianism", "Buddhism", "Christianity", "Daoism"], "probs": [[0.6361880443992121, 0.16085425377192952, 0.10385831676558396, 0.09909938496327449], [0.25183872677438957, 0.1871515684807597, 0.10498482028936994, 0.45602488435548083], [0.1297357318243407, 0.08508276764007619, 0.6286901060474874, 0.15649139438809573], [0.2605123221613725, 0.42951375241752837, 0.2126275002743763, 0.09734642504672288]], "ideal": "A", "sampled": "A", "correct": true}}
{"type": "result", "data": {"idx": 24, "options": ["Disciple", "Faithful", "Devotee", "Enlightened"], "probs": [[0.29404931139552953, 0.11336626084217162, 0.03457536394466855, 0.5580090637176303], [0.20333724530229905, 0.22332283103503192, 0.03761464603416054, 0.5357252775285085], [0.9098174347861449, 0.025409427578827828, 0.026629117474725367, 0.038144020060301945], [0.6438974605548362, 0.09276224481805259, 0.022732814305869087, 0.2406074802212421]], "ideal": "A", "sampled": "C", "correct": false}}
{"type": "result", "data": {"idx": 25, "options": ["The sages of the Zhuangzi", "The Songs of the South", "The Duke of Zhou", "The Confucian \"sage kings\""], "probs": [[0.6919055087456436, 0.1617959463702165, 0.07885287073736932, 0.06744567404677054], [0.31991310951153756, 0.2164681638123241, 0.25706555670714004, 0.2065531698689983], [0.24818161877946918, 0.299368581164685, 0.23682374544088858, 0.2156260545149572], [0.2956104576292066, 0.4104231297559395, 0.16072408853354153, 0.1332423239813123]], "ideal": "A", "sampled": "A", "correct": true}}
{"type": "result", "data": {"idx": 26, "options": ["Anointed one", "God", "Prophet", "The line of David"], "probs": [[0.9878116478678117, 0.0036757614738353625, 0.0056048422143168495, 0.0029077483440360023], [0.003159634080092002, 0.003694004197007702, 0.015797184129777812, 0.9773491774931224], [0.023302400377571912, 0.008983975021855281, 0.9454782721420937, 0.022235352358479087], [0.01407378121482381, 0.9713716240141206, 0.010458841343060786, 0.004095753327994811]], "ideal": "A", "sampled": "A", "correct": true}}
{"type": "result", "data": {"idx": 27, "options": ["Soul", "Sound", "Non-matter", "Non-soul"], "probs": [[0.019363421236332345, 0.016305713953277914, 0.8628737247840204, 0.10145713992636937], [0.028308085128139086, 0.8535544545661674, 0.041188248801955867, 0.07694921140373762], [0.7947231585628401, 0.0824648730904369, 0.0477271044578967, 0.07508486378882624], [0.11482987697906524, 0.16193627464974378, 0.06243193568392472, 0.6608019125872663]], "ideal": "D", "sampled": "C", "correct": false}}
{"type": "result", "data": {"idx": 28, "options": ["A collection of statues", "Veneration of ancestors", "Seated meditation", "Funeral rituals"], "probs": [[0.0014411417661204316, 0.002129880394089398, 0.9889950359813109, 0.0074339417584792355], [0.0022779486528577684, 0.9936785067349858, 0.002561235791482506, 0.0014823087206738714], [0.9937190563417099, 0.0019334003164292006, 0.002173780701324589, 0.0021737625405362886], [0.00023750019957213142, 0.0007372922010741244, 0.0006160301643195514, 0.9984091773350342]], "ideal": "C", "sampled": "C", "correct": true}}
{"type": "result", "data": {"idx": 29, "options": ["Asceticism", "Bodily pleasure", "Music", "Sexual union"], "probs": [[0.003971211926198199, 0.32549133490008686, 0.013021219619927485, 0.6575162334537875], [0.12692374817900523, 0.03416117847273683, 0.7654565172756508, 0.07345855597260717], [0.01433091850178127, 0.9586856125336946, 0.01728663657755528, 0.009696832286968922], [0.99207717158782, 0.0030604377382330906, 0.003868797327485859, 0.000993593246460999]], "ideal": "D", "sampled": "D", "correct": true}}
{"type": "result", "data": {"idx": 30, "options": ["Loving and forgiving", "Wrathful and merciful", "Judging and vengeful", "Transcendent and immanent"], "probs": [[0.06980065740689534, 0.10810922427477584, 0.6520118469833553, 0.17007827123497346], [0.13380758069520782, 0.6091467640730632, 0.18870520646292352, 0.0683404486688054], [0.07490839585185806, 0.768499411014376, 0.07037362990946279, 0.08621856312430308], [0.21179866679307535, 0.030512686942342493, 0.5848257326288205, 0.17286291353576158]], "ideal": "B", "sampled": "C", "correct": false}}
{"type": "result", "data": {"idx": 31, "options": ["Palestine and Babylonia", "Babylonia and Europe", "Palestine and Spain", "Spain and France"], "probs": [[0.9578341146567633, 0.007545581940736992, 0.023979665463463293, 0.010640637839036486], [0.16743277557396255, 0.047972740301764454, 0.010374528693030167, 0.7742199553312428], [0.07277917346607642, 0.012846419993228192, 0.8729062355915871, 0.041468170849108324], [0.02170851000259778, 0.624590069438907, 0.029672346580564956, 0.3240290738779302]], "ideal": "A", "sampled": "A", "correct": true}}
{"type": "result", "data": {"idx": 32, "options": ["Buddhism", "Hinduism", "Judaism", "Islam"], "probs": [[0.972229021309836, 0.010146294280055786, 0.006654129540425255, 0.010970554769682929], [0.4695537440331904, 0.09997727087605025, 0.04722589679215096, 0.38324308819860836], [0.1114978699310764, 0.03194511848082445, 0.21492138133619013, 0.641635630151909], [0.04613253989345519, 0.8177329618857726, 0.03537168003693558, 0.10076281808383655]], "ideal": "A", "sampled": "A", "correct": true}}
{"type": "result", "data": {"idx": 33, "options": ["Kali yuga", "Maha yuga", "Krita yuga", "Satya yuga"], "probs": [[0.9871221273009677, 0.0014497121283122871, 0.006248234915449425, 0.00517992555527055], [0.005983963567423354, 0.0031044441148457367, 0.015521207993687626, 0.9753903842240432], [0.004799471998870925, 0.0027777214020888895, 0.9004375617129712, 0.09198524478606895], [0.0074712210372807585, 0.9049994886156708, 0.03145486882636549, 0.056074421420682904]], "ideal": "A", "sampled": "A", "correct": true}}
{"type": "result", "data": {"idx": 34, "options": ["Hymns", "Laws", "Ethics", "Myths"], "probs": [[0.9839508245724155, 0.005496407565580293, 0.006948139270538138, 0.0036046284914660895], [0.006910408120030976, 0.0064918014559755, 0.0079539331393425, 0.978643857184651], [0.024527146952993684, 0.015348810415133578, 0.8646210270139775, 0.09550301551789524], [0.017309026355666803, 0.9599455352671418, 0.013480559582428473, 0.00926487869476291]], "ideal": "A", "sampled": "A", "correct": true}}
{"type": "result", "data": {"idx": 35, "options": ["Pure Land", "Tendai", "Shingon", "Soto Zen"], "probs": [[0.9741766596978765, 0.005976585759766066, 0.00616629803366835, 0.013680456408689147], [0.003012708034487504, 0.0020706070687077625, 0.0029200190902926443, 0.9919966657065121], [0.01316662800475248, 0.004768665937223123, 0.9230562559334737, 0.05900845002455066], [0.005020008257824475, 0.9717164622353153, 0.008276625101411365, 0.014986904305448868]], "ideal": "A", "sampled": "A", "correct": true}}
{"type": "result", "data": {"idx": 36, "options": ["Sita", "Rama", "Kali", "Durga"], "probs": [[0.9922430033753789, 0.0020550491037959755, 0.001771585657034463, 0.003930361763790719], [0.0010139285215404784, 0.0007958407553983021, 0.00148682598939786, 0.9967034046336634], [0.009295926376456673, 0.003815065116342129, 0.9631510918193272, 0.023737916587873976], [0.007108879474648748, 0.9757737108247653, 0.00424499160654156, 0.01287241799404439]], "ideal": "A", "sampled": "A", "correct": true}}
{"type": "result", "data": {"idx": 37, "options": ["Rumi", "Rabi'a", "Fatimah", "Khadija"], "probs": [[0.0028675059107443413, 0.9818024721198746, 0.005399354315096619, 0.009930667554284487], [0.4340570580731748, 0.014852923381108744, 0.035630181527756884, 0.5154598369179596], [0.0014237730289355527, 0.0011440426058376986, 0.004969474006395289, 0.9924627102588315], [0.005877605027713618, 0.005970206902004832, 0.9731432132650051, 0.015008974705276493]], "ideal": "B", "sampled": "B", "correct": true}}
{"type": "result", "data": {"idx": 38, "options": ["Andal", "Devi", "Ganga", "Kali"], "probs": [[0.9908294246797824, 0.00310472986246624, 0.003056641253355274, 0.0030092041043961078], [0.0037447180549294396, 0.0018537716896961127, 0.0036295232200296433, 0.9907719869353447], [0.032667566648745365, 0.005676788658839128, 0.939894406264705, 0.021761238327710535], [0.007296650560676349, 0.9860149540025153, 0.0028131621331819864, 0.003875233203626347]], "ideal": "A", "sampled": "A", "correct": true}}
{"type": "result", "data": {"idx": 39, "options": ["Paul of Tarsus", "Clare of Assisi", "Francis of Assisi", "John of the Cross"], "probs": [[0.021240382688959978, 0.013501301217011251, 0.9318424378322885, 0.03341587816174031], [0.11310036429435014, 0.8758158029148383, 0.006899281362641384, 0.004184551328170183], [0.9912754224717413, 0.0029408058402063215, 0.002677664141133978, 0.003106107446918405], [0.007682707147287644, 0.0008034643142326391, 0.03135041704541729, 0.9601634113930624]], "ideal": "C", "sampled": "C", "correct": true}}
{"type": "result", "data": {"idx": 40, "options": ["Epistemology", "Morality", "Religion", "Aesthetics"], "probs": [[0.027446962401207874, 0.8948584623420022, 0.02876482098414364, 0.04892975417264628], [0.9868203138650041, 0.0043606477559109385, 0.0035591059347459346, 0.005259932344338994], [0.948759595003591, 0.005820708224083033, 0.01139646837176526, 0.03402322830056076], [0.03973877002789388, 0.012310530112482381, 0.8365004731800614, 0.1114502265795624]], "ideal": "B", "sampled": "B", "correct": true}}
{"type": "result", "data": {"idx": 41, "options": ["Greek Orthodox", "Roman Catholic", "Puritans", "Quakers"], "probs": [[0.003775014468801971, 0.0019738169755756253, 0.9680474213717639, 0.026203747083858482], [0.004201183897359141, 0.9657148421068837, 0.012940555411923854, 0.017143418483833252], [0.993705066432027, 0.002242734961187998, 0.0017741482580852907, 0.002278050248699634], [0.06620618370441751, 0.0015939585068748053, 0.003853687358474303, 0.9283461703302334]], "ideal": "D", "sampled": "C", "correct": false}}
{"type": "result", "data": {"idx": 42, "options": ["Peter", "Paul", "Jesus", "Matthew"], "probs": [[0.9956462471801015, 0.0014283789059346833, 0.0017776456919547457, 0.0011477281220090715], [0.0014530015147393108, 0.0009235892774624201, 0.0004866991356464997, 0.9971367099721518], [0.0115592368311157, 0.00425245508762482, 0.9774983151535414, 0.006689992827718166], [0.003643773938591839, 0.9946611499766426, 0.0007880466745009386, 0.0009070293102646685]], "ideal": "A", "sampled": "A", "correct": true}}
{"type": "result", "data": {"idx": 43, "options": ["1935", "2000", "1965", "1975"], "probs": [[0.6825449901456424, 0.017356445255738557, 0.293562013728057, 0.006536550770562022], [0.012839810323557648, 0.11444037618645769, 0.1380408639862526, 0.734678949403732], [0.005494667331739102, 0.002220059979463397, 0.9760089355262146, 0.01627633706258293], [0.011738724961676323, 0.8760316934453417, 0.08406978813437178, 0.02815979335861019]], "ideal": "A", "sampled": "A", "correct": true}}
{"type": "result", "data": {"idx": 44, "options": ["Householders who supported renouncers", "Orthodox interpreters of the scriptures", "Women ascetics who lived in communities", "Temple-dwelling renouncers"], "probs": [[0.1375493779434773, 0.013408168010631626, 0.019508713045539916, 0.8295337409003511], [0.09052454527545552, 0.025137895294296296, 0.6382652413497608, 0.24607231798048732], [0.2403951489773312, 0.6637706904292336, 0.0340958058970406, 0.06173835459639449], [0.9719946680774995, 0.004943729225849832, 0.00983174487435887, 0.013229857722291863]], "ideal": "D", "sampled": "D", "correct": true}}
{"type": "result", "data": {"idx": 45, "options": ["Thoughtfulness", "Non-action", "Spontaneity", "Meditation"], "probs": [[0.013609275321860721, 0.014946941396194152, 0.9393029281995879, 0.032140854982357234], [0.00896437221722779, 0.9733826897829368, 0.008964407607487006, 0.00868853029234833], [0.9874420500692064, 0.002998932832050175, 0.005263287286781561, 0.004295729711961824], [0.001391068652421722, 0.0012180719955307605, 0.23031503945856047, 0.767075819793487]], "ideal": "C", "sampled": "C", "correct": true}}
{"type": "result", "data": {"idx": 46, "options": ["hand gestures", "saints", "religious clothing", "temples"], "probs": [[0.9965513586571381, 0.0020965089125186145, 0.0007834338071656413, 0.000568698523177694], [0.00038215867044133446, 0.0011588777354934615, 0.0009458532973157676, 0.9975131101967494], [0.0008031972052920217, 0.002306050541202302, 0.9903215231167746, 0.006569229036731046], [0.001120749675454654, 0.9953295570583645, 0.0024289214882317585, 0.001120771677949122]], "ideal": "A", "sampled": "A", "correct": true}}
{"type": "result", "data": {"idx": 47, "options": ["Julius Caesar", "Alexander the Great", "Cyrus of Persia", "Antiochus IV Epiphanes"], "probs": [[0.0015927165363669115, 0.0013101396699547433, 0.00189140621331284, 0.9952057374803656], [0.0061078003153200834, 0.004197872951878699, 0.935256014196188, 0.05443831243661318], [0.0021700993453550228, 0.9690830857377227, 0.010434269776861606, 0.018312545040060586], [0.9929352972722976, 0.0021891355374307024, 0.0016654546863054858, 0.003210112403966261]], "ideal": "D", "sampled": "D", "correct": true}}
{"type": "result", "data": {"idx": 48, "options": ["30", "40", "33", "52"], "probs": [[0.01830959374055894, 0.011914285531858889, 0.939113382542646, 0.03066273808493622], [0.06255170236262247, 0.612317218397628, 0.17271305822246746, 0.15241802091728204], [0.06222061323831496, 0.0750528112900304, 0.7943897694599886, 0.06833680591166603], [0.010551259549472182, 0.6579099689010488, 0.19146227485782233, 0.14007649659165664]], "ideal": "A", "sampled": "C", "correct": false}}
{"type": "result", "data": {"idx": 49, "options": ["Serpent", "Eagle", "Cheetah", "Cow"], "probs": [[0.0006239199846845656, 0.000718140373681851, 0.0031441093061439036, 0.9955138302354897], [0.004186085132724895, 0.004252026033362933, 0.9774006413196967, 0.014161247414215428], [0.008897896131027488, 0.9661603197923557, 0.015616822418518101, 0.009324961558098699], [0.9875721223413509, 0.004099570852150491, 0.006760085913904511, 0.0015682207925940307]], "ideal": "D", "sampled": "D", "correct": true}}
{"type": "result", "data": {"idx": 50, "options": ["Community", "Scripture", "Worship", "Apprenticeship"], "probs": [[0.8517516508368744, 0.030070562808801615, 0.08566376821328188, 0.032514018041042064], [0.026628945670231687, 0.031132459767379023, 0.7085755840507754, 0.23366301041161394], [0.01703225095063279, 0.20111204906529778, 0.7242361387359625, 0.05761956114810694], [0.004569236273778703, 0.9269061260284825, 0.04009392931831399, 0.028430708279424757]], "ideal": "A", "sampled": "A", "correct": true}}
{"type": "result", "data": {"idx": 51, "options": ["Construction of the Second Temple", "Destruction of the Second Temple", "The Christianization of the Roman Empire", "The emergence of Islam"], "probs": [[0.015983974589269312, 0.9004038588182326, 0.025146365210034567, 0.05846580128246349], [0.9937775620186565, 0.0012386891619838429, 0.002278272735607702, 0.002705475983751914], [0.0036307082581999014, 0.005120123155485128, 0.015526549059874845, 0.9757226194264401], [0.017195999044084576, 0.010268229645901536, 0.8285557945100832, 0.1439799766999307]], "ideal": "B", "sampled": "B", "correct": true}}
{"type": "result", "data": {"idx": 52, "options": ["Genshin", "Dogen", "Honen", "Shinran"], "probs": [[0.009855644803967972, 0.009258518951741448, 0.7829305550686317, 0.1979552810756588], [0.004476279796936559, 0.6240893982739012, 0.3500794647349699, 0.02135485709419225], [0.12580849100146257, 0.8333025488482758, 0.013681196466123528, 0.02720776358413807], [0.12013812271429267, 0.014803923540227085, 0.0046583626158666095, 0.8603995910296136]], "ideal": "C", "sampled": "C", "correct": true}}
{"type": "result", "data": {"idx": 53, "options": ["Pakistan", "Iraq", "Indonesia", "Turkey"], "probs": [[0.05069637644637977, 0.00577756340392217, 0.9127771210686463, 0.030748938981051736], [0.007112596541006587, 0.9171320660288029, 0.010348862556486742, 0.06540647477370377], [0.9725705019162212, 0.0023920336372591695, 0.016219230752297545, 0.008818233594222093], [0.051243968684644876, 0.3727746335250984, 0.016378656150093866, 0.5596027415401629]], "ideal": "C", "sampled": "C", "correct": true}}
{"type": "result", "data": {"idx": 54, "options": ["Gregory", "Augustine", "Athanasius", "Francis"], "probs": [[0.30806897001895633, 0.22715198958354674, 0.42108264717910066, 0.043696393118396244], [0.004521001620414899, 0.0062279349424743105, 0.02813035368376014, 0.9611207096533506], [0.0029206986834725535, 0.007939260958358667, 0.5787484335338906, 0.4103916067242782], [0.002692886474956552, 0.7236803358213929, 0.23311636015295176, 0.040510417450698805]], "ideal": "A", "sampled": "A", "correct": true}}
{"type": "result", "data": {"idx": 55, "options": ["Enlightened being", "Worthy ones", "Saintly ones", "Sages"], "probs": [[0.07507898713701437, 0.7235602193612513, 0.11628530259970238, 0.08507549080203196], [0.35103366036953154, 0.1251663276812909, 0.06595795650089296, 0.45784205534828454], [0.15942591848244483, 0.043584753626229114, 0.45416647126083104, 0.342822856530495], [0.03141626143857923, 0.322295049251365, 0.5313725134447341, 0.11491617576532161]], "ideal": "A", "sampled": "B", "correct": false}}
{"type": "result", "data": {"idx": 56, "options": ["Guru Ram Das", "Guru Tegh Bahadur", "Guru Gobind Singh", "Guru Har Rai"], "probs": [[0.001460342734454334, 0.9866326113777624, 0.004940246528510951, 0.006966799259272332], [0.99554790322994, 0.001805433336092234, 0.0010780769589418511, 0.001568586375025929], [0.0008275219596588981, 0.001176146941629968, 0.0013120873153886028, 0.9966842436833225], [0.0017168738154236332, 0.0032836030469034056, 0.9691720580716779, 0.025827464965994945]], "ideal": "B", "sampled": "B", "correct": true}}
{"type": "result", "data": {"idx": 57, "options": ["Guru Nanak", "Guru Arjan", "Guru Hargobind", "Guru Ram Das"], "probs": [[0.003356673489542377, 0.00598391558790798, 0.9753790403694234, 0.01528037045312625], [0.002007573997572273, 0.9846087310340851, 0.006040486271643179, 0.007343208596699471], [0.996546830940085, 0.0015824828927980669, 0.0008082628792759342, 0.0010624231878409972], [0.002325727595433003, 0.002740390122629881, 0.003925425451134153, 0.991008456730803]], "ideal": "C", "sampled": "C", "correct": true}}
{"type": "result", "data": {"idx": 58, "options": ["In the community", "In faith in God", "In ascetic renunciation", "In the life of the householder"], "probs": [[0.024285911968471886, 0.7322790458301781, 0.06398562198269615, 0.17944942011865386], [0.5930868055216125, 0.02773925134229142, 0.19254973943004455, 0.18662420360605153], [0.023479074167798306, 0.12111430048790582, 0.04056833248794756, 0.8148382927563483], [0.06867880344824089, 0.03563012554007425, 0.4478463699209562, 0.4478447009907286]], "ideal": "D", "sampled": "B", "correct": false}}
{"type": "result", "data": {"idx": 59, "options": ["God is eternal and merciful to those who offer worship", "Humans can align themselves with life energy through worship of kami", "Justice will be the final outcome in the next world", "Power and force are the most divine attributes"], "probs": [[0.0029894367371783833, 0.9690905824227755, 0.012009776215746597, 0.015910204524299608], [0.996030751965186, 0.0016447003066768432, 0.0010132802458954612, 0.0013112673822416989], [0.0007531624077059356, 0.0014292507731799675, 0.0015333680939171315, 0.996284218625197], [0.004788116123699459, 0.009824575933119273, 0.9713142590149093, 0.014073048828271994]], "ideal": "A", "sampled": "B", "correct": false}}
{"type": "result", "data": {"idx": 60, "options": ["Durga", "Sri Lakshmi", "Kali", "Mahavira"], "probs": [[0.01498357651525841, 0.8845454881911986, 0.06508496718241819, 0.0353859680111248], [0.8594822698056357, 0.050815395316384494, 0.04415128417428435, 0.045551050603695485], [0.0037358458063801534, 0.002909473296800166, 0.7231383125954848, 0.27021636820133493], [0.005136493616106746, 0.07666733199734213, 0.8242601637425186, 0.09393601054403253]], "ideal": "B", "sampled": "B", "correct": true}}
{"type": "result", "data": {"idx": 61, "options": ["China", "Silla", "Goguryeo", "Joseon"], "probs": [[0.24374213048590027, 0.4413596522771923, 0.15253159856855236, 0.16236661856835505], [0.43374097989246535, 0.2081120044993667, 0.15956633029126374, 0.19858068521690417], [0.38726499190645153, 0.14930552397914057, 0.28333470669523375, 0.18009477731917412], [0.10669852633156526, 0.5678682838130119, 0.1652602826599877, 0.16017290709543514]], "ideal": "B", "sampled": "A", "correct": false}}
{"type": "result", "data": {"idx": 62, "options": ["Madhva", "Patanjali", "Ramanuja", "Aryabhatta"], "probs": [[0.0036384082531735196, 0.9854618002998023, 0.006744575418280375, 0.004155215928743723], [0.9907810358575226, 0.0031534634447766834, 0.003009066532309943, 0.003056434065390756], [0.0009214755346442497, 0.0014725170696636989, 0.0027510149775090316, 0.994854992318183], [0.006304227678873083, 0.005308708584289842, 0.9503676788590166, 0.03801938477782046]], "ideal": "B", "sampled": "B", "correct": true}}
{"type": "result", "data": {"idx": 63, "options": ["It was visited by Moses.", "It is a haram.", "It was built by Abraham.", "It is a square building."], "probs": [[0.994964396893064, 0.0006484399044640123, 0.002794704798526076, 0.0015924583039458268], [0.0017877551344806586, 0.00034659810464419906, 0.012027740517580411, 0.9858379061432947], [0.005195525825068724, 0.0026537125806225335, 0.8602316784459455, 0.13191908304836328], [0.0041456413127175865, 0.9093378880971791, 0.07011983445567292, 0.016396636034430354]], "ideal": "A", "sampled": "A", "correct": true}}
{"type": "result", "data": {"idx": 64, "options": ["Parvati", "Ganesha", "Vishnu", "Sita"], "probs": [[0.0043061625772889195, 0.9898528631719692, 0.002434517446560256, 0.0034064567041816036], [0.9809684839228819, 0.004201445299631547, 0.006209339069502427, 0.008620731607984105], [0.002079434938917684, 0.0010134402028489152, 0.0006803904586910758, 0.9962267342995423], [0.007710872547129612, 0.002926741265292431, 0.9636813841650351, 0.0256810019225428]], "ideal": "B", "sampled": "B", "correct": true}}
{"type": "result", "data": {"idx": 65, "options": ["Sri Lakshmi", "Mahavira", "Rsabha", "Nanak"], "probs": [[0.009256362698596938, 0.9590602888916754, 0.02400959413236206, 0.007673754177365622], [0.987907302979983, 0.006156259200168144, 0.003563002710522281, 0.002373435009326602], [0.028394753069178123, 0.01147256714547361, 0.01982280106342385, 0.9403098786219244], [0.01870676498913937, 0.012461418261508577, 0.9155412894399948, 0.053290527209357286]], "ideal": "C", "sampled": "B", "correct": false}}
{"type": "result", "data": {"idx": 66, "options": ["Ban Zhao", "Laozi", "Menicus", "Liu Xiang"], "probs": [[0.9903965003418307, 0.006172036756517193, 0.001796097612361173, 0.00163536518929093], [0.0019211994200792509, 0.006448809271743313, 0.0041636348010238074, 0.9874663564071536], [0.02234310800196514, 0.01660427467128906, 0.9353357786430357, 0.025716838583710072], [0.0036303735514342196, 0.9832876785324395, 0.008309935181313418, 0.0047720126348129175]], "ideal": "A", "sampled": "A", "correct": true}}
{"type": "result", "data": {"idx": 67, "options": ["36,000", "12,000", "24,000", "7,000"], "probs": [[0.5131906790042722, 0.1746069911751336, 0.1403014191799914, 0.17190091054060283], [0.23900927244703118, 0.05009978934472794, 0.48282363286519336, 0.2280673052430475], [0.35345723348046726, 0.18919479482635132, 0.1777334468028104, 0.279614524790371], [0.1967011736367025, 0.1103405969301973, 0.502306911923809, 0.19065131740929112]], "ideal": "A", "sampled": "B", "correct": false}}
{"type": "result", "data": {"idx": 68, "options": ["Ultimate Reality", "The gurus", "The community", "Sikh worship"], "probs": [[0.9868181115170325, 0.004032946118162791, 0.005178541448527518, 0.0039704008162771975], [0.0031094038160894427, 0.0015881405786742464, 0.0029670390565623337, 0.992335416448674], [0.03466369019583302, 0.008233417254115744, 0.8398368795781289, 0.11726601287192234], [0.06133874117896075, 0.9013964608474485, 0.022921404753804206, 0.014343393119786498]], "ideal": "A", "sampled": "A", "correct": true}}
{"type": "result", "data": {"idx": 69, "options": ["Sansar", "Hukam", "Mantar", "Karam"], "probs": [[0.014837536774234676, 0.9324357977615796, 0.014837659708820696, 0.03788900565536507], [0.9941816097494146, 0.0018602009562739279, 0.0018171151758456492, 0.002141074018465852], [0.004161579394867846, 0.003672600313110495, 0.005179165337037827, 0.9869866548549838], [0.008054991579342894, 0.004114123218107345, 0.9310376541237342, 0.05679323097881561]], "ideal": "B", "sampled": "B", "correct": true}}
{"type": "result", "data": {"idx": 70, "options": ["30", "29", "27", "47"], "probs": [[0.007044579469072237, 0.00843126059489254, 0.951950384912096, 0.03257377492393919], [0.006898505310423573, 0.9693439119116589, 0.010768404893595136, 0.012989177784322344], [0.9882345187202197, 0.002908974008350975, 0.007545311005040353, 0.0013111961663889366], [0.003398628107670645, 0.009457489199412961, 0.9497387727896551, 0.03740510980326121]], "ideal": "C", "sampled": "C", "correct": true}}
{"type": "result", "data": {"idx": 71, "options": ["Zen Buddhism", "Chan Buddhism", "Humanistic Buddhism", "Pure Land Buddhism"], "probs": [[0.025667843239954597, 0.013109896721419908, 0.6937566009589654, 0.26746565897966007], [0.07711766115484206, 0.7667947610727691, 0.10706851909535205, 0.04901905857703673], [0.9534417488657748, 0.00905968015239121, 0.018017332059419536, 0.019481238822414395], [0.6507808262399226, 0.027713664445412386, 0.23204468597923414, 0.08946082323543081]], "ideal": "C", "sampled": "C", "correct": true}}
{"type": "result", "data": {"idx": 72, "options": ["They worshipped exclusively outside of the temple", "They believed that nakedness was an elemental expression of non-attachment", "They included women within the ranks of the leadership", "They believed that the omniscient Jina must eat and sleep"], "probs": [[0.07171472468523031, 0.8874798796407711, 0.01960645886118699, 0.02119893671281158], [0.990299339238823, 0.003007779866349321, 0.003007777538043036, 0.0036851032567847175], [0.02469478331163175, 0.009670806930624987, 0.009520844440168449, 0.9561135652175748], [0.05445175315856732, 0.01713431834992084, 0.8788343185645681, 0.04957960982694381]], "ideal": "B", "sampled": "B", "correct": true}}
{"type": "result", "data": {"idx": 73, "options": ["Namokar Mantra", "The Liberation Mantra", "Ahimsa", "Archaryas"], "probs": [[0.9913078280669676, 0.0027844218910240415, 0.002677778247752836, 0.003229971694255549], [0.001146649086185698, 0.001415926590914609, 0.002708018470535558, 0.9947294057523641], [0.011535178206060896, 0.014133315861053153, 0.9307979561109144, 0.043533549721971494], [0.013864750819161734, 0.9421027756875467, 0.023219170092694995, 0.020813303300596504]], "ideal": "A", "sampled": "A", "correct": true}}
{"type": "result", "data": {"idx": 74, "options": ["Second century CE", "Fifth century CE", "Fifth century BCE", "Eighteenth century CE"], "probs": [[0.05407165378118999, 0.05846548871655478, 0.8726806073474729, 0.014782250054782276], [0.01685320878793355, 0.9493678812450528, 0.02164009164013215, 0.012138818226881553], [0.06880626685812521, 0.020659539423204802, 0.8923024947508563, 0.018231698867813693], [0.001883251381421107, 0.37317753942216786, 0.5429644907726792, 0.08197471832373188]], "ideal": "B", "sampled": "C", "correct": false}}
{"type": "result", "data": {"idx": 75, "options": ["7", "42", "24", "13"], "probs": [[0.03263041352429709, 0.0712710539085594, 0.7543598952555303, 0.1417386372116132], [0.05528987636398488, 0.3132397147069907, 0.4557596778411285, 0.17571073098789594], [0.2869009769499576, 0.04331581066801975, 0.5444448176227082, 0.1253383946593144], [0.11538360983132466, 0.5171175847873174, 0.13074720517933588, 0.2367516001020221]], "ideal": "C", "sampled": "C", "correct": true}}
