{"type": "result", "data": {"idx": 0, "options": ["Planetary density will decrease.", "Planetary years will become longer.", "Planetary days will become shorter.", "Planetary gravity will become stronger."], "probs": [[0.001975809008862811, 0.03368064791408357, 0.9616838779981787, 0.002659664978874991], [0.00445441090309731, 0.014380133073217817, 0.00278756103226127, 0.9783778948914236], [0.0007052859980775128, 0.9932108672515102, 0.005170770533792054, 0.000913076116620235], [0.0010039377464449298, 0.9947469303297116, 0.0022981508308396012, 0.0019509809930038395], [0.0010867071524358726, 0.006922347462237049, 0.07737215823013205, 0.9146187870551951], [0.0007293984486981946, 0.006350289105385894, 0.9877362985639954, 0.005184013781920516], [0.014033261037977847, 0.011636292637256698, 0.9688327554589311, 0.0054976907658343495], [0.018164785196391777, 0.004452513902765095, 0.007003070639147387, 0.9703796301616957], [0.050745099919649386, 0.942740085280495, 0.002507488715698222, 0.004007325984157337], [0.043447095370406905, 0.9510865095385846, 0.0037676826590817176, 0.0016987123319267684], [0.035957517136566516, 0.009831960831683202, 0.0032929893923211526, 0.9509175325394291], [0.01817510126979383, 0.016812244765142037, 0.9621130419728572, 0.002899611892206885], [0.9923064016944834, 0.003207695173822996, 0.0024785143084163777, 0.0020073887232772295], [0.9910758167413904, 0.002761678146711253, 0.001573470564052442, 0.004589034447845906], [0.9777626707106364, 0.019209053288438426, 0.0004885438701234088, 0.002539732030801756], [0.9796642562033782, 0.018080232482120536, 0.0008391279176709002, 0.0014163832968303901], [0.9893101301342141, 0.005231143826107852, 0.0005824006422089922, 0.004876325297469098], [0.990246126814781, 0.006026895310160359, 0.002473351802689758, 0.0012536259723689117], [0.0018051650174913496, 0.003269141652172323, 0.09477298357178549, 0.9001527096585509], [0.0015330233488959988, 0.004471117391241302, 0.9883869357269, 0.00560892343296275], [0.0094554678903721, 0.045113050955558065, 0.00204507361483114, 0.9433864074392387], [0.004331799858988593, 0.057961461248534345, 0.9356912553970735, 0.0020154833954034597], [0.001416843816870513, 0.9954841499045225, 0.0012505298652184778, 0.001848476313388491], [0.0008851791225512952, 0.9938179658258867, 0.004822828826448433, 0.0004740261251136443]], "ideal": "C", "sampled": "C", "correct": true}}
{"type": "result", "data": {"idx": 1, "options": ["buildings will be built faster", "buildings will be made safer", "building designs will look nicer", "building materials will be cheaper"], "probs": [[0.001903705508713967, 0.9940970419852624, 0.002107881682584706, 0.0018913707234389312], [0.0019485685444869327, 0.993955573075252, 0.0023328138530763092, 0.0017630444271847913], [0.0011812949260940927, 0.004254363539704319, 0.9935836937897428, 0.0009806476444587904], [0.00105784328930953, 0.0020873841522850763, 0.00247844788387919, 0.9943763245745262], [0.0014140042132549573, 0.003966054782696743, 0.9937336799280931, 0.0008862609759551036], [0.0010417327322652598, 0.002440982547048235, 0.0018280033035912825, 0.9946892813170952], [0.9921503607843881, 0.0049668174701993474, 0.0010826732485467744, 0.0018001483968657136], [0.9921165360786294, 0.005124115830950002, 0.0011705640991364933, 0.001588783891284133], [0.9934964337857605, 0.0036961157573029988, 0.0011273228531823957, 0.0016801275037541736], [0.993602362084367, 0.003667720484606331, 0.0009130410348576722, 0.001816876296168975], [0.9931652443741451, 0.0036947596327149483, 0.001446955443599029, 0.001693040449540946], [0.9928956492003604, 0.00375193491273084, 0.0011623612910955788, 0.0021900544958131504], [0.0009066964036336502, 0.003476131153404189, 0.9946804389826233, 0.0009367333603389382], [0.0011617104999338858, 0.0020872292080888954, 0.0022214940283659577, 0.9945295661636112], [0.0010358897503550152, 0.9948919043124681, 0.002687267786709313, 0.0013849380504675592], [0.001360983492639346, 0.9944310343584488, 0.002209490199617953, 0.0019984918492938985], [0.0009482409710050412, 0.0014346976671385674, 0.003309018207991487, 0.9943080430538649], [0.0008072615360901597, 0.002094160306599791, 0.9956235833045063, 0.001474994752803797], [0.0010678578686462664, 0.0038760740880511646, 0.994176295155618, 0.0008797727876845641], [0.0008370319574460939, 0.0028093597959223987, 0.001799528553570162, 0.9945540795930613], [0.0013076991054914494, 0.993525157015321, 0.0034457580257497233, 0.0017213857534378078], [0.0015284594004149048, 0.9932927423102029, 0.002789851761712071, 0.002388946427670085], [0.0007739334127943985, 0.0018277603377085691, 0.0033348849445183812, 0.9940634212049786], [0.0007699430908442129, 0.00283867996482186, 0.9951204341454943, 0.0012709426988395693]], "ideal": "B", "sampled": "B", "correct": true}}
{"type": "result", "data": {"idx": 2, "options": ["Chemical energy is absorbed through the roots.", "Light energy is converted to chemical energy.", "Chlorophyll in the leaf captures light energy.", "Sunlight is converted into chlorophyll."], "probs": [[0.012411536855692962, 0.5668844675114859, 0.408437020432214, 0.012266975100607048], [0.02530562304388109, 0.3336761522316662, 0.014312535564674343, 0.6267056890597784], [0.010016984872764, 0.7313148709015881, 0.2488407402005904, 0.009827403925057536], [0.03576629887773027, 0.42621930317962037, 0.012662291195333231, 0.5253521066473161], [0.012511203087567375, 0.01672695952622022, 0.6034759293702935, 0.36728590791591886], [0.026982623675926527, 0.01856758918140688, 0.05409058475070259, 0.900359202291964], [0.014847133519458452, 0.012708638177985544, 0.9558559192278031, 0.016588308974752927], [0.029449815805286127, 0.014590198607481779, 0.012866776818740459, 0.9430932086684917], [0.08482052677241336, 0.8779170218749569, 0.010064061145567934, 0.02719839010706174], [0.051378853446484775, 0.9260352818848977, 0.016569366622928617, 0.006016497945688889], [0.02017403098544109, 0.012342969218997722, 0.005473681429343992, 0.9620093182662172], [0.05825071083260954, 0.03321689553877304, 0.8910039164536578, 0.017528477074959567], [0.06897887381428745, 0.017459911727120952, 0.8544409942639047, 0.05912022009468684], [0.06702801811460166, 0.008873080147971965, 0.014841500452311586, 0.9092574011851148], [0.6113290059136152, 0.3171935609266997, 0.0131950813299942, 0.05828235172969093], [0.6318530929822471, 0.3329993728271273, 0.023561797638756887, 0.011585736451868653], [0.07304158122235113, 0.01723291739192408, 0.008070237070103733, 0.901655264215621], [0.4368839263479132, 0.02928664162462146, 0.5110052227462932, 0.022824209181172093], [0.008253219913245732, 0.0055479223572206604, 0.3429671384101398, 0.6432317192193938], [0.009482537805579686, 0.005409707017472408, 0.38194091005667646, 0.6031668450202714], [0.016979926962718807, 0.02396194713420152, 0.005302328427203139, 0.9537557973758766], [0.019257062149991882, 0.1033676393057718, 0.8657562571185436, 0.01161904132569269], [0.04012212728557865, 0.04622593435235739, 0.008816466059510267, 0.9048354722025537], [0.026567410056443974, 0.7134196591450885, 0.25049819956593955, 0.009514731132527893]], "ideal": "C", "sampled": "C", "correct": true}}
{"type": "result", "data": {"idx": 3, "options": ["the control", "the hypothesis statement", "the dependent (responding) variable", "the independent (manipulated) variable"], "probs": [[0.028543519064159736, 0.0283286275403492, 0.044902182647538286, 0.8982256706479528], [0.027053839044720054, 0.05055327449328127, 0.842125669820737, 0.08026721654126164], [0.05826623216553521, 0.12335228692321731, 0.011385350722042924, 0.8069961300892046], [0.028716981826535908, 0.15284346763979764, 0.8137821741107697, 0.004657376322896776], [0.010426714927926664, 0.9688949502780206, 0.00571844163157047, 0.014959893062482268], [0.0066872016890058075, 0.9546951767646593, 0.036742670476942706, 0.00187495096939215], [0.015342767191661656, 0.03888267238448896, 0.03651650212183366, 0.9092580582020157], [0.01940974900421214, 0.08109709347765603, 0.8130183542557452, 0.08647480316238657], [0.019219022850862844, 0.0582872051517539, 0.028624403262656358, 0.8938693686347269], [0.009322534881022327, 0.09639999637459337, 0.8800447238084185, 0.01423274483596579], [0.03030316531355971, 0.6482130686868552, 0.05037360202451135, 0.27111016387507375], [0.012278054805330457, 0.8886843894035789, 0.08012848324236536, 0.01890907244872529], [0.0998507002254814, 0.04570956197771019, 0.009360725146347797, 0.8450790125504606], [0.043665073421311845, 0.07486691258915286, 0.8774320404698905, 0.00403597341964477], [0.05655236153329783, 0.013330145700441906, 0.02214247726946607, 0.9079750153967941], [0.027114373752315207, 0.02932234765825459, 0.9268419465436961, 0.016721331945734042], [0.029301117140789923, 0.9479505107579371, 0.02161871756950292, 0.0011296544317699834], [0.04218485635439945, 0.9455007441418604, 0.006132077507913762, 0.006182321895826464], [0.8075958792278969, 0.061752060041799284, 0.006769369109783088, 0.1238826915205207], [0.8330850466525472, 0.058922111035573176, 0.10422324220739136, 0.003769600004488269], [0.5977224617938145, 0.02666208480535431, 0.03476450912657664, 0.3408509441742546], [0.8464823067890828, 0.023629941880144688, 0.10587834940479014, 0.024009401825982407], [0.9041394752221849, 0.0702273978972111, 0.02244728246503059, 0.0031858443155734903], [0.9128069531449985, 0.06925795416876034, 0.005218226139785133, 0.01271686644645603]], "ideal": "D", "sampled": "D", "correct": true}}
{"type": "result", "data": {"idx": 4, "options": ["They have each lost kinetic energy.", "They have each gained the same amount of potential energy.", "They have each lost the same amount of potential energy.", "They have each gained one-half of their maximum kinetic energy."], "probs": [[0.15816782413331498, 0.17508526144661044, 0.5269417166182958, 0.13980519770177877], [0.31837784158251836, 0.21538059204931517, 0.34425630233757115, 0.12198526393059532], [0.3797776883527037, 0.2609345238861419, 0.1724638738321493, 0.18682391382900504], [0.41305964355076485, 0.2227470394688816, 0.28830097626326473, 0.07589234061708879], [0.23887418564067972, 0.5340403397449323, 0.10765366415576953, 0.11943181035861845], [0.22691523318779738, 0.4994553737370414, 0.15473404516563272, 0.1188953478095285], [0.2319513867890515, 0.12709755436713763, 0.4437188241205656, 0.19723223462324527], [0.2310059408691886, 0.11347116713717471, 0.455961562763582, 0.19956132913005467], [0.21639891569988062, 0.5110658793321121, 0.052206599802993206, 0.220328605065014], [0.28292732690242656, 0.5284775357189441, 0.15142272016397207, 0.03717241711465732], [0.3122189640686621, 0.22659552095054603, 0.2375001162053073, 0.22368539867548454], [0.3064791330346756, 0.19782188974924794, 0.44599185386292306, 0.04970712325315335], [0.4279590419115116, 0.11514831735090342, 0.20685983575719766, 0.2500328048803873], [0.3102509928892098, 0.097619546975573, 0.3801368417935387, 0.21199261824167853], [0.24681993561958507, 0.34805367430704237, 0.06143053058458579, 0.3436958593887868], [0.4814209240775821, 0.3332879381523307, 0.12951005034571159, 0.05578108732437565], [0.33422314121292207, 0.20425249025410866, 0.2502900585195454, 0.21123430991342382], [0.36685009036884925, 0.22070050977312103, 0.36116744295065095, 0.05128195680737876], [0.18290787252042956, 0.5503449234432636, 0.12280647742986181, 0.14394072650644502], [0.24088837562906446, 0.5556809388391946, 0.10041608064982592, 0.10301460478191503], [0.25448644537893855, 0.21764417314802986, 0.4035945892466025, 0.12427479212642906], [0.2250730212541899, 0.21643796238466423, 0.35138210127144776, 0.20710691498969813], [0.2293654003320866, 0.2205672776647561, 0.36094180821569827, 0.18912551368745906], [0.3070304622857848, 0.24094674940352007, 0.3618209280794929, 0.09020186013120227]], "ideal": "D", "sampled": "C", "correct": false}}
{"type": "result", "data": {"idx": 5, "options": ["a non-infectious, cell-cycle disease", "an infectious, cell-cycle disease", "a non-infectious, chronic disease", "an infectious, chronic disease"], "probs": [[0.0059673420146715075, 0.886101094623322, 0.029851189811536682, 0.07808037345046988], [0.0036995031140492816, 0.9344366714040431, 0.049138373642252965, 0.012725451739654614], [0.011647379046347113, 0.0625117645769486, 0.4407692559382052, 0.4850716003384991], [0.013431967540606276, 0.08233351621263073, 0.5286616436300363, 0.37557287251672666], [0.004476809915422839, 0.8603240330804733, 0.11827837039724333, 0.016920786506860526], [0.007853737056287275, 0.8735366413974993, 0.07227344769854006, 0.04633617374767331], [0.1113751960974541, 0.26315965853742224, 0.25914701430669246, 0.3663181309584312], [0.12391761596813194, 0.2543960492476039, 0.426286276936473, 0.19540005774779115], [0.19456169007263063, 0.1515701413003032, 0.18572163579990927, 0.4681465327271569], [0.10907769039556833, 0.29891693143661424, 0.5589439189032476, 0.03306145916456981], [0.04791162660008396, 0.7921462264797076, 0.06815242944373769, 0.09178971737647079], [0.050512273047701804, 0.8221980363135313, 0.09084315630944298, 0.03644653422932394], [0.009906535838027291, 0.04077053761559983, 0.48898639632545965, 0.46033653012091325], [0.009348955004472437, 0.03758487477522749, 0.476080447387771, 0.4769857227325291], [0.07535386661385758, 0.4205659831513264, 0.10801027472704267, 0.39606987540777333], [0.02036735202434486, 0.44951980715473727, 0.49402933663739196, 0.03608350408352586], [0.007093842979450247, 0.9442985529810441, 0.01702920138813805, 0.03157840255136756], [0.006044112630659167, 0.9405786424791732, 0.03792568680706217, 0.0154515579831054], [0.3924886060949685, 0.07261020824723663, 0.48870826672920087, 0.046192918828593985], [0.43594692509184924, 0.0653131356280871, 0.35594178896780077, 0.14279815021226291], [0.5823298865668747, 0.18034123419928877, 0.04815937721722666, 0.18916950191660983], [0.6954107569024102, 0.19005649430386826, 0.06829964063529263, 0.04623310805842892], [0.613565295961428, 0.28084908552997895, 0.026954169008404975, 0.07863144940018807], [0.6487660117350246, 0.30164851386890007, 0.03229357530031436, 0.017291898995760963]], "ideal": "B", "sampled": "D", "correct": false}}
{"type": "result", "data": {"idx": 6, "options": ["to repare for migration before winter", "to provide warmth during the cold winter months", "to store food that will be eaten over the winter months", "to protect the grasses and seeds from decay before winter"], "probs": [[0.009730291832791888, 0.040663239784719654, 0.9127944970490587, 0.03681197123342981], [0.04572055215851912, 0.09914449010426837, 0.6734881595004746, 0.1816467981367379], [0.0035797023652260652, 0.9706678095133938, 0.010871277123700743, 0.014881210897679319], [0.003410386873047953, 0.9765800365967662, 0.013719271954743976, 0.006290304475441916], [0.031898722049384286, 0.7382539509988675, 0.04795610904214043, 0.18189121780960782], [0.0394499757723543, 0.4277373051454941, 0.508987676502254, 0.023825042479897685], [0.013132461556892471, 0.018530981146104443, 0.8663765890022125, 0.10195996819479058], [0.02976707254606082, 0.03220439034873268, 0.8123266892817532, 0.12570184772345322], [0.027614574876646425, 0.7076154946573269, 0.010835606603730969, 0.2539343237622958], [0.007404694560505308, 0.9494332365965026, 0.03987398493248975, 0.0032880838105023937], [0.12309358439705026, 0.4435143532278885, 0.013934293023793225, 0.419457769251268], [0.06148491182998626, 0.7559411683376019, 0.1773671842848109, 0.00520673544760093], [0.8778792496189006, 0.013972797234456729, 0.029563260780066956, 0.07858469226657566], [0.8616214923323157, 0.019494508658111434, 0.09517980205979858, 0.02370419684977436], [0.857058392880382, 0.047210837487843604, 0.007357215443260156, 0.08837355408851418], [0.9183892273197033, 0.0378995486701356, 0.03941770126901307, 0.004293522641148049], [0.9387313046346898, 0.03639118200463454, 0.0061311361948761245, 0.018746377065799544], [0.9392837006326533, 0.035846453543292044, 0.02026962486175921, 0.00460022086229545], [0.4618983474760546, 0.026063931405795843, 0.0555881323872708, 0.4564495886308787], [0.03066729312827074, 0.0299746592318543, 0.9118072781886167, 0.027550769351258216], [0.32070939325934517, 0.11799083877518904, 0.012736073136364144, 0.5485636947291016], [0.2860257886023514, 0.1763086742840219, 0.5281316568604196, 0.009533880153207094], [0.09615479947823571, 0.8647345118394644, 0.010809474392068974, 0.02830121419023094], [0.05119922095023924, 0.9024698284420372, 0.041642156172791905, 0.004688794334931714]], "ideal": "C", "sampled": "C", "correct": true}}
{"type": "result", "data": {"idx": 7, "options": ["There was once more water in the area.", "The area was once grassland.", "The climate in the area was once tropical.", "There are active faults in the area."], "probs": [[0.0048549879220020796, 0.006485716082199003, 0.9859962031636956, 0.0026630927321032822], [0.018723807859752393, 0.0060824067526620675, 0.0034925626116918706, 0.9717012226758936], [0.004114266573281269, 0.991617350227357, 0.002577968170974007, 0.0016904149283877802], [0.003987979479591371, 0.9917217169955557, 0.003109887606658738, 0.0011804158181941621], [0.025013861953916465, 0.006684477381203067, 0.0031823073229066867, 0.9651193532419737], [0.006911868404230343, 0.009600862172052832, 0.9798978814827293, 0.003589387840987566], [0.002740560615916687, 0.010759053019830786, 0.9845243874795504, 0.001975998784702089], [0.007436824592939175, 0.011703121825635572, 0.003683197361858804, 0.9771768561195664], [0.0014955133315656215, 0.9873695142657907, 0.010152901285409284, 0.000982071017234377], [0.0025902426650439695, 0.9898715495314133, 0.0020047785747163275, 0.005533429128826419], [0.0029450400002063613, 0.0033915225436022575, 0.013513492802821159, 0.9801499445533702], [0.002331959625117662, 0.005774546136603763, 0.9793742021293729, 0.012519292008905645], [0.9859763535864395, 0.009151182656616751, 0.0017336080001362313, 0.0031388556568074807], [0.9864609119886828, 0.008534152471205259, 0.0027071751093544357, 0.002297760330757477], [0.9841341939287817, 0.005455713235139103, 0.00722748131857046, 0.003182611417508805], [0.984655696741241, 0.005207756316655991, 0.0024989686328012765, 0.007637578209301733], [0.9798419344537358, 0.006707420017289986, 0.011058450528634422, 0.002392194900339807], [0.9842842408196444, 0.006842309739005437, 0.001976189241092361, 0.00689726010025781], [0.006997055689167619, 0.010590424533265733, 0.0033330558081919627, 0.9790794638693747], [0.003629976653308706, 0.017189770189244984, 0.9768704213498358, 0.0023098317076105115], [0.002941912450742371, 0.0026387031387839236, 0.015177357927801654, 0.979242026382672], [0.002710543917122157, 0.005393266901880587, 0.9814152277882121, 0.010480961292785102], [0.002010673011706494, 0.9789552493878514, 0.01780322158687742, 0.0012308559135647023], [0.0032309659836983373, 0.9845070409230355, 0.0032606139398702405, 0.009001379053395849]], "ideal": "C", "sampled": "C", "correct": true}}
{"type": "result", "data": {"idx": 8, "options": ["The chicken population would go down.", "Populations of mice and rats would increase.", "Another bird of prey would replace the hawk.", "The chickens would have a lower rate of disease."], "probs": [[0.05091068458994348, 0.5307098562305675, 0.40726688007060496, 0.011112579008884047], [0.10294044131807252, 0.3765701991304834, 0.01949598289267945, 0.5009933765587646], [0.04955450108014098, 0.7635182814497345, 0.17585429842002132, 0.011072918950103197], [0.046844879147261625, 0.7926231900528963, 0.013639254879250691, 0.14689267582059135], [0.059756123243601134, 0.018962019098936522, 0.3605350372310689, 0.5607468203263934], [0.05525391227249641, 0.026733013116251394, 0.6737081470570924, 0.2443049274541598], [0.14645556558487177, 0.4766251266783268, 0.3600748046844686, 0.01684450295233281], [0.23080422153850214, 0.39874512250269395, 0.02267254160618958, 0.34777811425261435], [0.1857252217906539, 0.5209717604470516, 0.274748734876548, 0.018554282785746515], [0.18143647160727824, 0.567674421627746, 0.020844255494800495, 0.2300448511701753], [0.1263669109522302, 0.02865372917041997, 0.5161240600255321, 0.32885529975181765], [0.13990765683020287, 0.03948134845129542, 0.504309536341082, 0.31630145827741973], [0.46148782104318187, 0.21125372848682314, 0.3027858379406592, 0.024472612429335735], [0.4441606617244849, 0.2197633493515999, 0.020442965988950464, 0.31563302283496475], [0.25303398960201406, 0.5792265482616493, 0.1535620833684521, 0.014177378667884469], [0.20651049458365217, 0.5975578727237534, 0.021597515013019365, 0.17433411757957504], [0.5253001792617021, 0.03834092803500119, 0.19932795093724864, 0.23703094166604805], [0.2140403706174425, 0.02439802703150972, 0.34755408499131424, 0.4140075172597335], [0.031252834360662445, 0.16253383153292483, 0.3335599240781607, 0.472653409928252], [0.026620471429134044, 0.22123895177828248, 0.4759803900110499, 0.2761601866815336], [0.01369242849680269, 0.3293098542718673, 0.4503007278823828, 0.2066969892489472], [0.01834713882775346, 0.4210433896806081, 0.30814159253415374, 0.2524678788574847], [0.01746697592735447, 0.687239132162499, 0.14862721137457197, 0.14666668043557454], [0.014604725003779637, 0.24138112514736507, 0.19699540581508762, 0.5470187439337677]], "ideal": "B", "sampled": "C", "correct": false}}
{"type": "result", "data": {"idx": 9, "options": ["the atom", "the electron", "the nucleus", "the proton"], "probs": [[0.979721910706258, 0.014526190291021162, 0.0022996646981952697, 0.0034522342045255157], [0.9790502047089941, 0.014180529722808366, 0.002408378575614409, 0.004360886892583142], [0.9616525436430177, 0.008854783382513873, 0.025828669554714506, 0.003664003319753966], [0.9592358181165891, 0.008426876077263053, 0.0022165762039216943, 0.030120729502226207], [0.9639227345744192, 0.008403614536244546, 0.023943314600240385, 0.0037303361890958665], [0.9691471664783521, 0.007339718471451281, 0.0025976423328538108, 0.020915472617342792], [0.009730151114514071, 0.9698259161359438, 0.012307297927125782, 0.008136634722416327], [0.011075532282329208, 0.966723618276668, 0.011705600834504388, 0.010495248506498462], [0.01514854101386284, 0.028304273488089345, 0.9525613829855936, 0.003985802412454298], [0.14021449496231497, 0.028263578471867844, 0.01064650654798974, 0.8208754199178274], [0.02091152936600307, 0.031397185777938895, 0.9398702846849597, 0.007821000071098306], [0.1388983598048423, 0.022853060032422778, 0.01213826443339595, 0.826110315629339], [0.0019460084231489691, 0.9849700373129231, 0.010524550497109052, 0.002559403666818913], [0.0025756496895134482, 0.984056102026153, 0.0034139416917027456, 0.009954306492630741], [0.009295507351240028, 0.06606046205715096, 0.9197415400934508, 0.004902490398158191], [0.05489772762173275, 0.08370923561917731, 0.014435202419625716, 0.8469578342394642], [0.005193643272508786, 0.020866496499047045, 0.9230709904592825, 0.05086886966916166], [0.013153238906682525, 0.01526119825708535, 0.31137170028256433, 0.6602138624536678], [0.003454985049345605, 0.8589506592334775, 0.13175846740086872, 0.005835888216308173], [0.00506931780677885, 0.9149112538198573, 0.016758326912959566, 0.06326110136040428], [0.005964788575296332, 0.07440007272662318, 0.9140707321459144, 0.00556440645216613], [0.040965438672585966, 0.08740785090272327, 0.014382339912481173, 0.8572443704122096], [0.0036439994835590407, 0.019394963494597198, 0.9349115853111536, 0.04204945161069012], [0.00964055074924507, 0.015289164408824977, 0.38222034088764656, 0.5928499438542834]], "ideal": "A", "sampled": "A", "correct": true}}
{"type": "result", "data": {"idx": 10, "options": ["life processes", "size differences", "plasma membranes", "energy molecules"], "probs": [[0.01579205771077001, 0.7379460705163436, 0.23956274698550392, 0.006699124687382411], [0.044196600964792075, 0.8026596127543453, 0.03185028138772896, 0.12129350479313368], [0.011654640680302402, 0.8048080250250125, 0.17678085247764888, 0.006756481717036219], [0.06058417655004857, 0.5706142558546072, 0.01696200220428302, 0.35183956529106114], [0.024737479919516293, 0.03545636897374614, 0.8005554913425608, 0.1392506596641768], [0.04372229968122241, 0.026955024012694624, 0.5328219880365667, 0.3965006881695163], [0.3255124221204779, 0.07380749508639033, 0.5896156607870932, 0.011064421906038612], [0.5139265079056132, 0.0872689339702067, 0.033897858235940034, 0.36490669978824003], [0.19598696062774362, 0.7284405390174472, 0.06936229916528455, 0.006210201089524581], [0.28874337724082466, 0.6409375678869477, 0.02563857850481219, 0.04468047626741549], [0.4718098360296786, 0.2195075003253022, 0.10862800461198435, 0.20005465893303484], [0.342644560735677, 0.1723884137119232, 0.44706408666231645, 0.03790293879008331], [0.4701407038440857, 0.22213812563267768, 0.29889646698435685, 0.008824703438879755], [0.48660002433522975, 0.11380867165121718, 0.014355662602829614, 0.3852356413107234], [0.6063986411786022, 0.3455881727719291, 0.04031300887668456, 0.0077001770727841675], [0.663038469906358, 0.2808471823663876, 0.01925718347045935, 0.03685716415679509], [0.5101925407090464, 0.039051384982012875, 0.07123544360356497, 0.3795206306053758], [0.46266280515816566, 0.044770138305685415, 0.46272929414213054, 0.029837762294018393], [0.09761439081023533, 0.03855139317441053, 0.7159510120787705, 0.1478832038365836], [0.21762502029131403, 0.032113380487677465, 0.2666636387240683, 0.48359796039694025], [0.22064093339080718, 0.6190907104811951, 0.03437865756791801, 0.1258896984600797], [0.14209391625219578, 0.6574175565332242, 0.1825299320616002, 0.017958595052979833], [0.2751753011430156, 0.17773169144900763, 0.07823327869710842, 0.46885972861086833], [0.17772056690708224, 0.23555956996255734, 0.5562666949600009, 0.0304531680703595]], "ideal": "B", "sampled": "B", "correct": true}}
{"type": "result", "data": {"idx": 11, "options": ["The Sun influences the formation of waves.", "The Sun creates water particles.", "The Sun's rays cause organisms to come to the surface.", "The Sun provides minerals."], "probs": [[0.4932263868601747, 0.05039191020259403, 0.3782574960990111, 0.07812420673822011], [0.3567284020668542, 0.0517937090062434, 0.02905293532130959, 0.5624249535055929], [0.5900313831647116, 0.14572153929757617, 0.21538844622235656, 0.048858631215355657], [0.4783684980147812, 0.12674680539810987, 0.08056266725096137, 0.31432202923614755], [0.2726696532941502, 0.024781965640017466, 0.15906677241026537, 0.5434816085555669], [0.3286457085924946, 0.02698681523371193, 0.40914824905735814, 0.23521922701643533], [0.005045342354930731, 0.9769431538157501, 0.010602317951814367, 0.007409185777504698], [0.00654264390319471, 0.9713841035497642, 0.007652668716377665, 0.014420583730663367], [0.004975963513173804, 0.012908993624211967, 0.9711510195284635, 0.010964023234150742], [0.008952016828755436, 0.006812502078059814, 0.009986964859164909, 0.9742485161340199], [0.003495454707357253, 0.009283100353092724, 0.9770996885832769, 0.010121756256273151], [0.012080634650407686, 0.0069942761374617145, 0.02659407193371897, 0.9543310171784116], [0.0035389972921517432, 0.9815550207851229, 0.008970620823838418, 0.005935360998886925], [0.004465038259949873, 0.972165650561179, 0.011586775858505179, 0.011782535220365906], [0.005372230496209369, 0.01965419786350924, 0.9621738315429856, 0.012799739997295782], [0.011111069521276325, 0.009000757927046276, 0.008129466612006019, 0.9717587058396714], [0.0036666595135090257, 0.012503962447858463, 0.9705099316614837, 0.013319446277148782], [0.01113357474663276, 0.008148800233921638, 0.058797616996898464, 0.9219200079225471], [0.006283826533912689, 0.9625736281287963, 0.012211788199968005, 0.018930757037323012], [0.0053160257177821794, 0.9745777168135399, 0.011797873716776021, 0.008308383651901867], [0.010493311681085693, 0.05288328329716957, 0.915898926480577, 0.02072447844116767], [0.024783426124628933, 0.02744003838756054, 0.02989526334100403, 0.9178812720468065], [0.007362417245159931, 0.026311840467607105, 0.9497196455707934, 0.016606096616439563], [0.01746225774946457, 0.017467983520802043, 0.04600807398863695, 0.9190616846410964]], "ideal": "A", "sampled": "A", "correct": true}}
{"type": "result", "data": {"idx": 12, "options": ["32\u00b0 F", "41\u00b0 F", "78\u00b0 F", "98\u00b0 F"], "probs": [[0.04515908235054658, 0.19160178087670873, 0.5129417719222811, 0.25029736475046366], [0.051216106947315175, 0.1746128331406766, 0.11363174121672118, 0.660539318595287], [0.047190180148301446, 0.6025186552056659, 0.18665834564121803, 0.1636328189048146], [0.044693112597781845, 0.7442475570396447, 0.0875096178052908, 0.12354971245728257], [0.04142149259634775, 0.054024133928549996, 0.09631008008060327, 0.808244293294499], [0.016125298163423535, 0.06038374451812681, 0.8671557839393351, 0.056335173279114525], [0.06875919396280905, 0.3602486767949074, 0.38962381203397456, 0.181368317108309], [0.06608762991800589, 0.24172088730863828, 0.06405553632044425, 0.6281359463529116], [0.027443537434717825, 0.8405526263906071, 0.09357771259061688, 0.0384261234840581], [0.020674523527519827, 0.8521308109881219, 0.10338215251923599, 0.023812512865122194], [0.10122360957725189, 0.2524655740271948, 0.20932213804027727, 0.4369886782552761], [0.01463954903768877, 0.16623820455705704, 0.7934123917252592, 0.02570985457999497], [0.23426395652335705, 0.2379048466444529, 0.33036908504043416, 0.19746211169175587], [0.28802956220717685, 0.29247979416305847, 0.1172622709329239, 0.3022283725968407], [0.3351883092075192, 0.3979400754804785, 0.17661235172100914, 0.09025926349099318], [0.13006178221618248, 0.1892230460198344, 0.6110446771168071, 0.06967049454717607], [0.24029649017721977, 0.4777988039313429, 0.14802855692898798, 0.1338761488624494], [0.17818544640736952, 0.6937973419477153, 0.10233227179906694, 0.025684939745848328], [0.04154184024677304, 0.08590233220063419, 0.22633795634166679, 0.646217871110926], [0.03851960240857899, 0.21992118736363098, 0.4996325987809177, 0.24192661134687232], [0.06149866660436922, 0.1545919088340152, 0.18075426594425206, 0.6031551585173636], [0.00870294295554142, 0.06634481104865945, 0.8950248572242526, 0.029927388671546495], [0.00852414163078284, 0.8901871218931278, 0.06153114397292456, 0.0397575924031648], [0.006419581346203661, 0.9235510878534443, 0.051295198376550985, 0.018734132323800987]], "ideal": "C", "sampled": "C", "correct": true}}
{"type": "result", "data": {"idx": 13, "options": ["Repeat the investigation.", "Write a report of the results.", "Make a table for recording data.", "Make daily observations of the light bulbs."], "probs": [[0.05561509395984523, 0.01657644076628999, 0.6171892099045192, 0.31061925526934564], [0.024953679549253243, 0.00993051431611415, 0.5861757106733505, 0.3789400953612821], [0.0750938038242146, 0.7826335821321467, 0.03205043366099379, 0.11022218028264487], [0.03921607275120911, 0.8652628369509064, 0.06938013679254387, 0.026140953405340544], [0.031831038840811114, 0.6395845579740004, 0.02598511253137306, 0.3025992905538154], [0.01976833656491465, 0.18905110444043532, 0.7717047842747359, 0.019475774619914135], [0.014574892432121995, 0.06792707126939714, 0.8342183669947506, 0.0832796692037303], [0.011456155053910863, 0.035291525104269764, 0.49486080145169276, 0.4583915182901266], [0.020522653912040636, 0.7408129597023336, 0.1528502681666165, 0.08581411811900921], [0.020142104249570525, 0.28915980132206726, 0.5842282110140943, 0.106469883314268], [0.003753513631215771, 0.8698138751722639, 0.05825344950862913, 0.06817916158789114], [0.0065420085035467, 0.60771347331297, 0.37443331647415506, 0.0113112016093283], [0.5617900511127324, 0.10069203413273804, 0.041317518950285057, 0.29620039570424456], [0.6563725593099126, 0.1113816147816114, 0.19094065185478976, 0.041305173953686256], [0.38663796882839124, 0.027569142160498446, 0.3688326601296409, 0.21696022878146945], [0.21201006326230057, 0.01972035574471211, 0.5673989257777438, 0.20087065511524357], [0.23191989480784173, 0.6502432093255501, 0.10698664713167227, 0.010850248634935816], [0.2815190003662818, 0.5640865655495985, 0.036059652021528714, 0.11833478196259106], [0.28040464247319086, 0.0565182835132885, 0.02015124901138836, 0.6429258249021323], [0.17040704252508548, 0.04515575633922076, 0.7639149455108075, 0.02052225552488627], [0.11655305111648954, 0.012777663417843652, 0.21946097419599378, 0.651208311169673], [0.13918346488712677, 0.01675719813448645, 0.7182286375037427, 0.12583069937464417], [0.09698354686718312, 0.8575796691747284, 0.03567810070123496, 0.009758683156853477], [0.11397905264470326, 0.8035722700740354, 0.020435898808868, 0.06201277837239337]], "ideal": "C", "sampled": "C", "correct": true}}
{"type": "result", "data": {"idx": 14, "options": ["ozone", "methane", "water vapor", "carbon dioxide"], "probs": [[0.011921942942106195, 0.013302719902728901, 0.05426977100668234, 0.9205055660484825], [0.005993505096803287, 0.015916989114036932, 0.9696951494006972, 0.008394356288462516], [0.013222949996740088, 0.02285180685530206, 0.03429707993047135, 0.9296281631174865], [0.006968766086735608, 0.021978671445357107, 0.9493944744877229, 0.021658087880184463], [0.0033640303497571022, 0.8770706856926832, 0.10797922563542282, 0.011586058222136843], [0.0036831987399762434, 0.77133806292067, 0.20423980427811053, 0.020738933961243187], [0.017767417495723928, 0.0063370063337518925, 0.11767783310504004, 0.8582177429654841], [0.011160938499477274, 0.007672748358543219, 0.958952225459321, 0.022214087582658432], [0.03778946750723346, 0.13089811727456396, 0.014914752830667443, 0.8163976622875352], [0.010192304022773317, 0.05299803557198521, 0.9323169428746395, 0.004492717430601997], [0.008934079269138077, 0.9411859686691448, 0.011295937426930398, 0.038584014534786694], [0.005004064873098754, 0.7606922026006682, 0.22830501602211048, 0.005998716404122632], [0.030570476402083654, 0.0066651332807696195, 0.031539232470455036, 0.9312251577466917], [0.02781099407963587, 0.007606515070487972, 0.9069979638142022, 0.05758452693567396], [0.04853835421186897, 0.024031494285414918, 0.009483389007869745, 0.9179467623948464], [0.015002803423545832, 0.022352356263172498, 0.9581344435380876, 0.004510396675194082], [0.015186681426947003, 0.962517619491863, 0.005720918423204921, 0.01657478055798504], [0.00748029456941583, 0.9354584360621152, 0.05528092821402769, 0.0017803410544412462], [0.17921664386440314, 0.01680815086669509, 0.22296460676645485, 0.5810105984024468], [0.04394171279994131, 0.014272194286957536, 0.8895484150621411, 0.05223767775096006], [0.18617561145578376, 0.40043430845177375, 0.017864213955147187, 0.39552586603729534], [0.04547244894347655, 0.10412087138509411, 0.8383404497066196, 0.012066229864809774], [0.0316230161267249, 0.9464093768593757, 0.005412152811551594, 0.016555454102347877], [0.021239962110184116, 0.9543747758749205, 0.020912170096449415, 0.0034730918184459306]], "ideal": "C", "sampled": "D", "correct": false}}
{"type": "result", "data": {"idx": 15, "options": ["0 degrees Celsius", "32 degrees Celsius", "100 degrees Celsius", "212 degrees Celsius"], "probs": [[0.7331583904035788, 0.24170862995665995, 0.008806207918078283, 0.01632677162168298], [0.7781842364676405, 0.19365581904213688, 0.012382261476884584, 0.015777682913338066], [0.012779763118909883, 0.00541178043176507, 0.976479255365919, 0.00532920098340611], [0.047070283613379116, 0.006321467482118967, 0.014243841222902709, 0.9323644075815992], [0.02290327168531489, 0.01367709714231453, 0.9589780067971555, 0.004441624275215086], [0.05959778750907715, 0.011921294232181513, 0.008928397819169313, 0.919552520339572], [0.0007295679118790394, 0.9958235849416526, 0.0021955322511181784, 0.0012513147953501671], [0.0006439491650908957, 0.9959731173541633, 0.0023929044741145497, 0.0009900289066312276], [0.0011643796654732988, 0.003091883664319215, 0.9945514367848045, 0.0011922997854029516], [0.002553370234093802, 0.0020679585930056077, 0.0036289680106165382, 0.991749703062284], [0.0009360754481933614, 0.003166765587218411, 0.9950446352206165, 0.0008525236439717566], [0.00206797302272852, 0.002514224408631371, 0.003601106552761567, 0.9918166959158785], [0.0004124709695962762, 0.9880546648391816, 0.010310652374585975, 0.0012222117166361358], [0.000581247602916254, 0.9873516343670333, 0.0046442238529609495, 0.007422894077089451], [0.0011472716246151327, 0.24390484924016043, 0.7513853475236113, 0.0035625315116131367], [0.001997475262087655, 0.02065324951590953, 0.004130723384532403, 0.9732185517374704], [0.0008901711513065785, 0.004520799478553967, 0.9916467025719592, 0.002942326698180305], [0.0005366395579325575, 0.0026416449103215476, 0.15962550743966267, 0.8371962079920832], [0.0005944942167686167, 0.9941617128504583, 0.004191834428155858, 0.0010519584046172353], [0.0017704034147732438, 0.9537605320127641, 0.0038375878733371343, 0.040631476599125506], [0.0012105155831441624, 0.017928065183508073, 0.9789564906005378, 0.0019049285328099973], [0.0022936749180016767, 0.008793102363529788, 0.0026816215179766563, 0.9862316011004919], [0.0010212426559271484, 0.00556417780015012, 0.9884256223622302, 0.004988957081692474], [0.0007069152942115898, 0.002907502298847298, 0.13056193591783655, 0.8658236463891046]], "ideal": "A", "sampled": "A", "correct": true}}
{"type": "result", "data": {"idx": 16, "options": ["exclude research on teeth or bones", "predict what the next discovery will be", "analyze new data as it becomes available", "delete earlier reports that were missing the new findings"], "probs": [[0.011425232934171374, 0.023265170753722753, 0.9518333843069107, 0.013476211905195221], [0.009561181642605094, 0.008439345901384947, 0.01190101310860516, 0.9700984592474048], [0.010704614474379287, 0.9790911053462659, 0.005021124294050419, 0.005183155785304373], [0.0070301347007286534, 0.9804475457388045, 0.009247992698259056, 0.0032743267622077766], [0.013530346640362331, 0.018641922147341176, 0.009157460864273454, 0.958670270248023], [0.014380490800481751, 0.03559780076179653, 0.9404319198818709, 0.00958978845585078], [0.008896302762345296, 0.018985389505864158, 0.9591603039423219, 0.012958003689468645], [0.006356544063857339, 0.008826715791007687, 0.008555057409041883, 0.9762616826360931], [0.002695169106923397, 0.9902496821172625, 0.004377553391785119, 0.0026775952840289636], [0.0025079974160427173, 0.9886796638891648, 0.005070904674054724, 0.003741433920737714], [0.006741941123090743, 0.011561132422575211, 0.008392581320622467, 0.9733043450337115], [0.0071779948676325474, 0.025854685610365143, 0.955835973482466, 0.011131345939536363], [0.9673557234041673, 0.014685965975995204, 0.0040473614320666205, 0.013910949087770859], [0.9676461440872259, 0.014127390843067656, 0.00677965042918599, 0.011446814540520408], [0.9689165863606717, 0.012880633609489645, 0.006377051601044716, 0.011825728328793993], [0.9650281352180952, 0.011958400327872452, 0.009027261923138553, 0.013986202430893813], [0.9682668917204084, 0.016018789929129928, 0.006999561972248805, 0.008714756278212887], [0.9655930967997209, 0.016353728202341912, 0.005310560561249127, 0.012742614336688005], [0.013391563650968722, 0.014826619878024694, 0.007398044166112583, 0.964383772204894], [0.017833851741098757, 0.03255407224224746, 0.93733980706415, 0.012272268852503787], [0.014121974869604748, 0.011439870153117117, 0.011174401308873448, 0.9632637535684047], [0.019870287606828848, 0.034610407918541954, 0.9290234866687431, 0.016495817705886043], [0.004426185485391159, 0.9865069186223625, 0.006598763829384247, 0.002468131962862057], [0.0067852313889769705, 0.9840869535979409, 0.0047051010758529885, 0.004422713837229238]], "ideal": "C", "sampled": "C", "correct": true}}
