{"type": "result", "data": {"idx": 0, "options": ["0", "4", "2", "6"], "probs": [[0.054799622918782806, 0.3599649082892027, 0.22527819110130867, 0.35995727759068874], [0.061501531220436584, 0.34840129665776887, 0.3271537136842079, 0.2629434583375935], [0.03929122873561504, 0.2857266261391449, 0.36117854307498126, 0.31380360195024026], [0.046083713062324325, 0.23399811889926203, 0.34592222071893336, 0.37399594721949536], [0.04755516840234103, 0.3513422531430724, 0.29591228243408485, 0.3051902959205061], [0.05177583144235494, 0.35653619078384474, 0.19999659012990642, 0.3916913875438803], [0.19571399660734493, 0.08961368687723074, 0.36576126684560406, 0.3489110495698186], [0.21843630080806423, 0.0841857602402705, 0.3894683601259889, 0.3079095787256687], [0.23893151758867076, 0.283726695562366, 0.14039607368887866, 0.3369457130600835], [0.23841628310748755, 0.2744129203257844, 0.28319658684488136, 0.2039742096218572], [0.2456305687305755, 0.3105662327704084, 0.12347972197522708, 0.3203234764237943], [0.2583441823966978, 0.3369534779671411, 0.18031597520968595, 0.22438636432647463], [0.14334702592308562, 0.07795854759101634, 0.4556438491047782, 0.323050577281111], [0.15057753043903171, 0.07571368387560237, 0.26425409214830303, 0.5094546934370354], [0.193393139844996, 0.3393965399643647, 0.1483310530122122, 0.31887926707842573], [0.1836068420629396, 0.31738100053874063, 0.3124928630663377, 0.18651929423199257], [0.1842133007598821, 0.28076313130302777, 0.1326886335520884, 0.4023349342850122], [0.17030063024639125, 0.2636714214681977, 0.3605878318129641, 0.20544011637245763], [0.19721579121296604, 0.08480653236394049, 0.41735666076300787, 0.3006210155600653], [0.19472541699107423, 0.08503037888262771, 0.2746710813268344, 0.4455731226994679], [0.21900577118614126, 0.31372078544794885, 0.12280117067830908, 0.34447227258761237], [0.2233339161192119, 0.3404132111889449, 0.1793619006943136, 0.256890971897517], [0.2022078631502752, 0.20855009118108458, 0.12649433418813089, 0.4627477113804953], [0.17742293643099932, 0.20110041519300573, 0.39364297271511184, 0.22783367556086848]], "ideal": "B", "sampled": "B", "correct": true}}
{"type": "result", "data": {"idx": 1, "options": ["8", "2", "24", "120"], "probs": [[0.17655076183329382, 0.3049648458708152, 0.27346336413287775, 0.2450210280630153], [0.192885318611126, 0.30346331583993463, 0.15990803838751935, 0.3437433270614343], [0.1970621784319943, 0.2866517230869804, 0.282252041746487, 0.23403405663454185], [0.23219448858190025, 0.31737708729006575, 0.21471532515006686, 0.23571309887798156], [0.1573819442296162, 0.13893667224611492, 0.39554474936481926, 0.30813663405945246], [0.1458871102504695, 0.13074167482175814, 0.46336740188519643, 0.26000381294259], [0.19415671161767697, 0.26129075693881265, 0.31036891413172113, 0.23418361721178013], [0.20621613134905942, 0.23745479734814132, 0.17103689228913826, 0.38529217891366274], [0.17191236431752083, 0.17189865571088345, 0.4455962322581522, 0.21059274761344685], [0.22257499946961704, 0.21901966977452073, 0.2190158551070412, 0.3393894755488218], [0.15741984761104227, 0.12260706615952897, 0.42128614137859405, 0.29868694475081287], [0.14164713586976913, 0.11746361955872843, 0.43637815231291516, 0.3045110921585754], [0.17789360316660902, 0.2932449437649164, 0.3537934111722523, 0.1750680417962243], [0.19949913276666467, 0.308872386534747, 0.16273690265955013, 0.32889157793903867], [0.16938798029680888, 0.3018646323598032, 0.3367851219215029, 0.19196226532186184], [0.18401570798386427, 0.31281794060755475, 0.17008277244682063, 0.333083578861748], [0.1599227745914092, 0.12842157267828688, 0.4081952601747293, 0.303460392455588], [0.1728614577552779, 0.1501490612799522, 0.3437430997385114, 0.33324638112627114], [0.11565542706491788, 0.2952732719983892, 0.3243292725716297, 0.2647420282650411], [0.12314167785658031, 0.2998588375864201, 0.290818412762582, 0.2861810716944128], [0.12601841148185383, 0.2837604371358239, 0.29278937774375324, 0.2974317735385581], [0.12349161393785307, 0.2871265536390934, 0.27393730022404617, 0.3154445320990137], [0.12178181611503296, 0.2702795261119303, 0.2920047332409894, 0.31593392443205354], [0.12598599810639674, 0.2883292567579636, 0.2883239526088143, 0.2973607924268378]], "ideal": "C", "sampled": "A", "correct": false}}
{"type": "result", "data": {"idx": 2, "options": ["0", "1", "0,1", "0,4"], "probs": [[0.09610019900252918, 0.09462966476977434, 0.39828508807060925, 0.41098504805707314], [0.12345854989155648, 0.11240201935470648, 0.30550755458767404, 0.45863187606604366], [0.1272070605069143, 0.305173302089078, 0.21630627925056617, 0.35131335805345176], [0.12919090501451372, 0.22661656664629476, 0.3621444485321555, 0.2820480797070211], [0.10908467146555617, 0.25343283358939184, 0.1562582995551932, 0.4812241952898633], [0.13184558016846973, 0.250242057952319, 0.3066362326305924, 0.3112761291486297], [0.10328531604958138, 0.11347348519158869, 0.35499717185457935, 0.4282440268042552], [0.12661077868172135, 0.1347839863336533, 0.28982518703812904, 0.44878004784649583], [0.11311489429810699, 0.394795560929256, 0.16980936624482065, 0.322280178427821], [0.12107342869948476, 0.30924777081435706, 0.30924747289261745, 0.2604313274935748], [0.12830609122643288, 0.25903196697129516, 0.20495411573486572, 0.40770782596741795], [0.13088549647132686, 0.22622253010510554, 0.2815252384911599, 0.36136673483240733], [0.23160631370309132, 0.16689189517765785, 0.2013137125228602, 0.4001880784963895], [0.20318511796540314, 0.14407988492746654, 0.3794788094590871, 0.27325618754802894], [0.2379553511798646, 0.16103220090467235, 0.1634689065208739, 0.43754354129458883], [0.2178135926186277, 0.15688066174665094, 0.3823611105761634, 0.24294463495855678], [0.22784887092663744, 0.23504180490748044, 0.16153552903358423, 0.3755737950322843], [0.2578551536524023, 0.26589982045599103, 0.19765161077922264, 0.27859341501238394], [0.18076245158237672, 0.12040342790972308, 0.12424273841607915, 0.5745913819918507], [0.23862564568326566, 0.15643074343022145, 0.347041128478088, 0.25790248230840024], [0.20633510937047464, 0.11940223511242357, 0.15565583164963404, 0.5186068237674678], [0.20563082774536898, 0.1266199742839003, 0.44199042998910254, 0.22575876788161608], [0.22211079382635968, 0.21526213163419106, 0.2021940732077127, 0.36043300123172395], [0.2520271984633516, 0.2639786817302168, 0.1704478277097246, 0.31354629199669665]], "ideal": "D", "sampled": "C", "correct": false}}
{"type": "result", "data": {"idx": 3, "options": ["True, True", "False, False", "True, False", "False, True"], "probs": [[0.2580653101099396, 0.23120024299599792, 0.2968711884557298, 0.2138632583383429], [0.2253498210380587, 0.19580074072186895, 0.2849090379135323, 0.2939404002265499], [0.24625640381275912, 0.35282221841194145, 0.18019508791460256, 0.2207262897606959], [0.22559533509733531, 0.31811231837582027, 0.20861523587378158, 0.24767711055307345], [0.2417663812360834, 0.2306466613098021, 0.2494474894314044, 0.2781394679226956], [0.23270250746060347, 0.18984316257913164, 0.31790595999452587, 0.2595483698657361], [0.15113284461210091, 0.26513379817362054, 0.31005494960842805, 0.27367840750586114], [0.17265948727062208, 0.2891293102794238, 0.2398021840489838, 0.298409018300957], [0.1557905780676762, 0.22317050213046072, 0.3796795073998063, 0.241359412302055], [0.16494587028382496, 0.22182814477517335, 0.20522328785916572, 0.4080026969818348], [0.13817490323432144, 0.17466202395812172, 0.3756821971426921, 0.31148087556488774], [0.1385566948483475, 0.17517177406029713, 0.22485227975363756, 0.46141925123772853], [0.19048641549901274, 0.36141191144385515, 0.19963193764681617, 0.24846973531030195], [0.17627906656198697, 0.30956684673256274, 0.24096428048596225, 0.2731898061194983], [0.1849890612043725, 0.13321230204083243, 0.41684523386286104, 0.26495340279191915], [0.1849886427799692, 0.1354101048585275, 0.2691068678325837, 0.4104943844289053], [0.1742239480362839, 0.2068115611481575, 0.3574617600516882, 0.26150273066386737], [0.18569993088624276, 0.2499061802509795, 0.23843072859420023, 0.32596316016857535], [0.21344145824045158, 0.36873849477446013, 0.17972910942081, 0.23809093746426535], [0.1859460553439411, 0.3584384661899115, 0.22780821602804713, 0.22780726233809864], [0.19158317082927132, 0.16129576272260893, 0.3362598101636571, 0.3108612561844488], [0.19851813190392228, 0.16457262760671415, 0.23574555669381808, 0.40116368369554456], [0.19192793591204155, 0.2010742899135978, 0.37552862276879095, 0.23146915130556753], [0.21439134302824167, 0.2627258392523719, 0.16957491901248528, 0.3533078986069004]], "ideal": "B", "sampled": "A", "correct": false}}
{"type": "result", "data": {"idx": 4, "options": ["2x^2 + 5", "6x^2 + 4x + 6", "0", "x^2 + 1"], "probs": [[0.14663615967275442, 0.4587883381753177, 0.14894254166407575, 0.24563296038785032], [0.1632193697221881, 0.45775609024700964, 0.19689702747044097, 0.18212751246037046], [0.09771897827729807, 0.053952701807391576, 0.6176306137090503, 0.23069770610627421], [0.14617314581704263, 0.056353637596125064, 0.2372523495349146, 0.5602208669518979], [0.17920950955460244, 0.1485598930771926, 0.48729627699458894, 0.18493432027362394], [0.16321820021020172, 0.2163082732702258, 0.117552665362659, 0.5029208610569238], [0.3306180195538183, 0.2457553055900819, 0.1538242006256876, 0.26980247413041053], [0.33481037926514573, 0.2301562746234753, 0.24126431364637538, 0.1937690323649886], [0.3160267062171816, 0.09054339293553124, 0.2967154571132104, 0.29671444363405697], [0.3098463002880816, 0.09015521354931862, 0.24891148338483174, 0.3510870026777734], [0.27641305318203224, 0.16762297391265327, 0.36600309497274663, 0.18996087783256468], [0.32423113237927476, 0.22985695528782868, 0.14611511753763906, 0.29979679469526865], [0.029072068211917924, 0.17797624551590496, 0.5571149923109395, 0.23583669386124814], [0.03021861651382964, 0.23402296836855224, 0.20008378776980273, 0.5356746272478207], [0.04435683400953186, 0.43734358297872467, 0.22697717048295998, 0.29132241242877194], [0.041787896256706585, 0.45267280480154076, 0.20399771261602062, 0.30154158622573307], [0.023626652471330365, 0.18873345289384133, 0.341813794070154, 0.4458261004646805], [0.030648529482768493, 0.23000794838003147, 0.45756992250574224, 0.28177359953145625], [0.11879770408187149, 0.26345764412988165, 0.45537168752471174, 0.16237296416353067], [0.10742410781080408, 0.33615794206217836, 0.11797296105029619, 0.43844498897673806], [0.17813325902197424, 0.28909404252166865, 0.3489139366986461, 0.18385876165770787], [0.16419553836434267, 0.37597107351755993, 0.13830411742744186, 0.3215292705906668], [0.1008328432057274, 0.05230557659556546, 0.38058695982229074, 0.4662746202764329], [0.10157137745931687, 0.06762838922911915, 0.5322180119574285, 0.2985822212541448]], "ideal": "B", "sampled": "B", "correct": true}}
{"type": "result", "data": {"idx": 5, "options": ["True, True", "False, False", "True, False", "False, True"], "probs": [[0.2220786250950513, 0.24392559805172098, 0.3083859225466511, 0.22560985420657464], [0.19534235703852854, 0.21792119978660957, 0.30252589106276245, 0.28421055201209705], [0.22977084878921472, 0.35038098478845237, 0.17897587248309527, 0.24087229383923583], [0.20974925480319884, 0.3298709362948099, 0.20327064935360686, 0.2571091594483826], [0.2311127336870289, 0.2536916627793458, 0.22756571896329084, 0.2876298844703327], [0.21551250980644862, 0.21892459811419812, 0.3135521790117997, 0.25201071296753896], [0.18064887630792706, 0.2178664903659364, 0.34272952724778427, 0.25875510597837476], [0.2003727343915799, 0.24554050749537695, 0.25323430229467453, 0.30085245571835506], [0.17204706760937635, 0.2463949321261796, 0.36409946817587596, 0.21745853198855442], [0.1859652429553369, 0.2622681604853128, 0.20427264002275816, 0.3474939564365787], [0.14772893084092467, 0.17543638687163235, 0.38310110066851993, 0.29373358151892087], [0.15684635630341126, 0.1862562771810875, 0.2626625874165394, 0.3942347789989842], [0.20398613733068127, 0.32592374943847274, 0.20397856830053107, 0.2661115448303249], [0.1891397989395954, 0.28839686513462776, 0.24285552306069194, 0.27960781276507074], [0.19448728289935946, 0.16896585738954625, 0.37479907571245913, 0.2617477838986329], [0.1843758841210057, 0.1601957842997959, 0.2945041444645496, 0.3609241870146343], [0.1835998011588443, 0.1984852873315428, 0.3708471901009265, 0.2470677213086956], [0.1976379878954282, 0.23840111232460676, 0.25781124700658326, 0.30614965267339195], [0.2307485248713287, 0.35746139497020935, 0.16615692432503457, 0.2456331557334267], [0.1985183413603069, 0.32230131124441, 0.24709845477137418, 0.23208189252390765], [0.19116748961239832, 0.15844813329295945, 0.33032051373876675, 0.32006386325588587], [0.20073768074512385, 0.1638595441256799, 0.28302706517649495, 0.35237570985268807], [0.19448949121792883, 0.22036205638626394, 0.35770664344677305, 0.2274418088490329], [0.22537626525674787, 0.29397842035082683, 0.1727498499868317, 0.30789546430559306]], "ideal": "A", "sampled": "A", "correct": true}}
{"type": "result", "data": {"idx": 6, "options": ["True, True", "False, False", "True, False", "False, True"], "probs": [[0.27201194972993475, 0.24001857312206573, 0.2761551441556692, 0.21181433289232848], [0.25122707362146934, 0.2216788493738393, 0.2512193258156487, 0.27587475108905296], [0.2827237858368377, 0.34105997539841093, 0.15612661164091127, 0.22008962702385124], [0.2546473279844247, 0.3168907588550822, 0.17773285150993842, 0.2507290615505659], [0.28177893738546034, 0.23000821245278544, 0.21938546025996988, 0.2688273898017825], [0.26514314421195956, 0.1851816092426501, 0.3005344218145542, 0.2491408246308461], [0.14286490955381656, 0.2752098687233206, 0.30231800636611034, 0.2796072152567386], [0.1584939421097822, 0.29596621784690236, 0.23052405400821702, 0.31501578593508534], [0.1393240534903594, 0.21245293108203608, 0.4290554601517915, 0.21916755517579906], [0.14807815822680567, 0.21545277142280841, 0.18725478105198595, 0.4492142891984114], [0.12207675842644922, 0.17211956198705042, 0.3940397792653682, 0.31176390022114264], [0.1263795555251116, 0.18388261603190517, 0.20524986990470848, 0.48448795843826137], [0.17825374255884674, 0.4080028915350586, 0.16225053436084586, 0.2514928314452476], [0.16934125350290466, 0.3640528850781729, 0.18312669582552044, 0.28347916549340096], [0.16640867148209507, 0.13160829239063457, 0.4521995254900419, 0.24978351053722597], [0.16760824033031285, 0.13684133298097337, 0.2326649701579184, 0.46288545643080603], [0.14954295185311742, 0.1920157022157332, 0.4194303296642286, 0.23901101616693], [0.1777419990054141, 0.2626920065807843, 0.18920832500792276, 0.37035766930588976], [0.21436447668939138, 0.38207527262656815, 0.15685915403755754, 0.2467010965464948], [0.18608930098950346, 0.36434234495571083, 0.21428398124041637, 0.23528437271435598], [0.17590977589187692, 0.14587506946204984, 0.3444794934664285, 0.3337356610796556], [0.17883922104384628, 0.15539693369723243, 0.23681582905092236, 0.4289480161080111], [0.1705616466053276, 0.21560127451383296, 0.38432009367116404, 0.22951698510967375], [0.20179068276047374, 0.2758763804979896, 0.14538522408721055, 0.3769477125543385]], "ideal": "A", "sampled": "A", "correct": true}}
{"type": "result", "data": {"idx": 7, "options": ["True, True", "False, False", "True, False", "False, True"], "probs": [[0.16847124797924587, 0.2568316477391794, 0.30981024687451053, 0.264886857307079], [0.15249698957618446, 0.2116930389748797, 0.31302276845026467, 0.3227872028986736], [0.1743518343124961, 0.34647168821047397, 0.20058267036379518, 0.27859380701323894], [0.1643399913400034, 0.3071610746344244, 0.23549883137886995, 0.2930001025467058], [0.1665563671308803, 0.24224349577149573, 0.27032599972951493, 0.32087413726809905], [0.1551448013382626, 0.2153030990619802, 0.344191969928779, 0.285360129571004], [0.14724684729992765, 0.20449108279341235, 0.3645399383885971, 0.2837221314180652], [0.15455264719011624, 0.2285127080466255, 0.2844188452785077, 0.33251579938476555], [0.15078812942485126, 0.20937407277409287, 0.3911539892086754, 0.2486838084923826], [0.15202636908604633, 0.21110904791997098, 0.25469680985334375, 0.3821677730406298], [0.13882102227398616, 0.18386017357136974, 0.3545309183561678, 0.3227878856984786], [0.13979663681741894, 0.17946495352032232, 0.28250239558074525, 0.3982360139815156], [0.14982950805430728, 0.31721108317770874, 0.23943419161682908, 0.2935252170511451], [0.14736891480396042, 0.2751757372441146, 0.27517490279828627, 0.302280445053641], [0.15650479399294046, 0.1540531694320995, 0.4059995043542362, 0.28344253212073733], [0.14579663031757972, 0.15042769116315668, 0.3135490719383364, 0.39022660648091645], [0.15800797400636085, 0.20610289351469227, 0.34529436654408063, 0.29059476583485433], [0.15412045688129705, 0.22774134477997082, 0.29697970339271623, 0.32115849484599324], [0.1639104150490982, 0.27869722390524104, 0.278695137040386, 0.27869722390524104], [0.1518679683374783, 0.258297926382041, 0.3315369535453295, 0.2582971516351658], [0.1623639634529231, 0.18676770073182877, 0.33300257617731743, 0.3178657595379454], [0.16348185722689743, 0.19118506211965264, 0.28250214417804276, 0.3628309363754105], [0.1644620364360364, 0.21792043993708685, 0.3706434090672834, 0.24697411445959547], [0.176159603345864, 0.26440108658333294, 0.20910295216050392, 0.35033635781031514]], "ideal": "D", "sampled": "A", "correct": false}}
{"type": "result", "data": {"idx": 8, "options": ["0", "4", "2", "6"], "probs": [[0.059067248114433236, 0.3562577410417669, 0.24478425954986874, 0.33989075119392725], [0.06428970764727099, 0.33404764616462934, 0.32891228308249687, 0.2727503630055957], [0.043326915352607784, 0.2801437453128429, 0.3829593574350676, 0.29356998179945154], [0.04645586359018346, 0.23402704005011418, 0.2822404005382624, 0.43727669572144373], [0.04917805205685135, 0.3386774204938777, 0.30839180260389937, 0.30375272474536796], [0.05268908238228977, 0.34357255458541447, 0.20205985734961368, 0.40167850558267554], [0.18033224051761992, 0.09205589610933006, 0.42582553785360705, 0.3017863254194424], [0.2022965803622603, 0.0869839564590036, 0.3720859071029256, 0.3386335559758161], [0.22489332863943434, 0.3171774918003685, 0.14076176083398734, 0.31716741862620984], [0.22675479180217184, 0.3050039519623356, 0.2649506729389555, 0.20329058319652435], [0.22061992462968624, 0.3210845584638163, 0.12183875625469279, 0.3364567605518052], [0.23249259175023365, 0.3435877931874453, 0.20207036904091452, 0.22184924592139493], [0.18911153760315882, 0.08258845899620679, 0.4260433812952664, 0.3022566220053726], [0.18959886887445346, 0.07782735222556542, 0.19251454857817263, 0.5400592302218126], [0.24970714134996044, 0.34651820584345217, 0.14224371880834957, 0.26153093389822557], [0.23158258782263616, 0.3215303897796031, 0.2665943786245957, 0.18029264367317674], [0.22061938758317634, 0.270298081554397, 0.12183909401283292, 0.38724343674959333], [0.19071165214207084, 0.2301307532487989, 0.39139518810074403, 0.18776240640838596], [0.15398043831558975, 0.0824211149531197, 0.46690311840689747, 0.29669532822437955], [0.15124705735570282, 0.08221310504466964, 0.31516212511439146, 0.45137771238525304], [0.17482750465954694, 0.33693523188905444, 0.12396812282450247, 0.36426914052690246], [0.17858069052401623, 0.36640847955609757, 0.19919044757876853, 0.2558203822411424], [0.16653470070795504, 0.2276925105106638, 0.12379305402523004, 0.4819797346561502], [0.1494445460567336, 0.21072082078841806, 0.418987686611715, 0.22084694644313208]], "ideal": "B", "sampled": "B", "correct": true}}
{"type": "result", "data": {"idx": 9, "options": ["1", "2", "2,3", "6"], "probs": [[0.12167493256761801, 0.15139645468483004, 0.4114435596936809, 0.31548505295386453], [0.09016011008865488, 0.11219210111270485, 0.14185356507736752, 0.6557942236212764], [0.13221511726894844, 0.3537543196201831, 0.2670856922251954, 0.2469448707856861], [0.13012065637921735, 0.3271056618344246, 0.17783259463841944, 0.36494108704796197], [0.09553144047551419, 0.1189063702170242, 0.1624840787326295, 0.6230781104748361], [0.11254140889570806, 0.11973808176119703, 0.31563059229384394, 0.45208991694927236], [0.1558111316119559, 0.148719283092456, 0.3855831607928441, 0.30988642440273184], [0.10951718503468497, 0.11836465687943445, 0.12214557375139791, 0.6499725842344807], [0.18145553834613248, 0.38411945412351994, 0.24419556005630347, 0.19022944737403272], [0.17300614453268948, 0.354775043917176, 0.1870319524995561, 0.285186858950578], [0.10949598889199753, 0.12029560519485386, 0.14964796075345002, 0.6205604450597149], [0.15129101003860992, 0.1512830815027371, 0.4517621915690494, 0.24566371678958945], [0.2656713426791099, 0.14906810713490506, 0.3154594549689228, 0.269801095117064], [0.24827006620823688, 0.13078809023244944, 0.13493474437781539, 0.4860070990814734], [0.2494654424956515, 0.2781413887712919, 0.27813554693878834, 0.1942576216942584], [0.2432050998841936, 0.26712150074942154, 0.17250200699825935, 0.3171713922681266], [0.24481785060163633, 0.1416384713223355, 0.19059506675345295, 0.42294861122256167], [0.23367968111094856, 0.13734822198344326, 0.30471884967838453, 0.3242532471272222], [0.09567720359428487, 0.1228432906446167, 0.1577616974105311, 0.6237178082505471], [0.11232449064374661, 0.12928994197938357, 0.2781056655418207, 0.4802799017350463], [0.0885388685392332, 0.13493969968964692, 0.1903751567153447, 0.5861462749557489], [0.12263441111497786, 0.16761364921557248, 0.3493809576704954, 0.3603709818989581], [0.12226931892877037, 0.38258808270317535, 0.1923930994455787, 0.30274949882248026], [0.11531110794995376, 0.3388851663881936, 0.22230173769362047, 0.32350198786823686]], "ideal": "C", "sampled": "C", "correct": true}}
{"type": "result", "data": {"idx": 10, "options": ["True, True", "False, False", "True, False", "False, True"], "probs": [[0.23712613107719133, 0.2262499882782035, 0.32405074139081813, 0.212573139153772], [0.2110926867397218, 0.19826555989832367, 0.288363017013061, 0.3022787362488905], [0.23719157042273512, 0.361567988562842, 0.1818828464568328, 0.21935759445759995], [0.21878448966134695, 0.31815095835370266, 0.1991192456793157, 0.26394530620563195], [0.2517465089685495, 0.22561296572831968, 0.23281435922728327, 0.2898261659758448], [0.2384394432056526, 0.1946036518713572, 0.29666473319912, 0.270292171623867], [0.14637002291605233, 0.19689853131370397, 0.35644182470476865, 0.3002896209654846], [0.16508700859931244, 0.2256392656559645, 0.2598267893077733, 0.3494469363369355], [0.15407956691970257, 0.19777772782129363, 0.4058066401200259, 0.24233606503897542], [0.1594501222360666, 0.20156227459446036, 0.23196022843487832, 0.4070273746345923], [0.1257540270931493, 0.1666469866376638, 0.3813910690669565, 0.3262079171022276], [0.13478726756716367, 0.1729950640395697, 0.22927533028124963, 0.4629423380120141], [0.1792074870580185, 0.34545497344982307, 0.2062974781035266, 0.2690400612886411], [0.16872931987948514, 0.2961757719178088, 0.23427966403193667, 0.30081524407076626], [0.1734471075498083, 0.13304091039351204, 0.41620555206885207, 0.2773064298878485], [0.17029349278222433, 0.12268108908929128, 0.2722156708893264, 0.43480974713916665], [0.15774062710922204, 0.1932601420270218, 0.3723572550176919, 0.27664197574606], [0.16734441934400737, 0.23971486770237369, 0.28023796139707846, 0.31270275145656123], [0.1804718027214255, 0.33211015602620936, 0.18046262233445282, 0.30695541881789845], [0.155666476826169, 0.30960634947587734, 0.25271412494040996, 0.2820130486575416], [0.15411513884175015, 0.14031184768120436, 0.3472927110722548, 0.35828030230476404], [0.1594488945622483, 0.1429637860822877, 0.2842132505848172, 0.41337406867064486], [0.15481175337431521, 0.17812313151016015, 0.4077603739483815, 0.2593047410671403], [0.18205856338780596, 0.25274643386108164, 0.17374772604195304, 0.39144727660914524]], "ideal": "C", "sampled": "A", "correct": false}}
{"type": "result", "data": {"idx": 11, "options": ["symmetric only", "anti-symmetric only", "both symmetric and anti-symmetric", "an equivalence relation"], "probs": [[0.07404534957893814, 0.06287230973610701, 0.14380919858691515, 0.7192731419980415], [0.08015043620634496, 0.04748992348079391, 0.6709355623923982, 0.20142407782046692], [0.10677004865527817, 0.08991807941286979, 0.13917742046095108, 0.6641344513708973], [0.10987750367794431, 0.07147852235558297, 0.603546166314651, 0.21509780755182584], [0.07395395248551064, 0.5725057560003648, 0.09953090573856496, 0.25400938567552783], [0.1009257385796031, 0.5538414985521323, 0.11434678421327349, 0.23088597855497875], [0.05312125189366493, 0.07259554866017807, 0.2324941362610521, 0.6417890630850828], [0.06707542573881121, 0.06658314379723514, 0.617109231705547, 0.24923219865842938], [0.0737447767879884, 0.11964674797203971, 0.17958775619787906, 0.627020718942089], [0.0813004941880091, 0.07342279618629076, 0.6547391129440967, 0.1905375965816187], [0.06288156112860928, 0.4644125621036476, 0.13307307423396544, 0.33963280243377714], [0.08668007843089498, 0.5146454962294329, 0.1594229743081192, 0.2392514509315653], [0.11513339711206037, 0.14321022268466868, 0.14784499911824728, 0.5938113809850215], [0.12384832424887031, 0.1127355953891348, 0.5053645487936679, 0.2580515314683384], [0.14324895937180096, 0.12065373491769149, 0.1782875504388824, 0.5578097551715988], [0.14794872268620918, 0.09856867588915992, 0.5414638340675227, 0.212018767257125], [0.1273598863717359, 0.4659319140941324, 0.17960686183716446, 0.22710133759695503], [0.13749507458117344, 0.4578732860473671, 0.16324565862284895, 0.2413859806485989], [0.2769372151986076, 0.06679200041919317, 0.13076932659506535, 0.5255014576871203], [0.4158598980305954, 0.10030253597758872, 0.18447828366295516, 0.29935928222885455], [0.30376284766458744, 0.07325422803901428, 0.152727396690267, 0.4702555275061308], [0.3621405635409245, 0.10213384210969398, 0.24491235279311868, 0.2908132414562563], [0.42975319905141735, 0.08460785701314373, 0.2729750433171175, 0.21266390051832154], [0.4612788308308058, 0.09224360608078427, 0.2319697227948084, 0.21450784019359545]], "ideal": "C", "sampled": "D", "correct": false}}
{"type": "result", "data": {"idx": 12, "options": ["1", "2", "5", "11"], "probs": [[0.08937089579222429, 0.2142627613334125, 0.30227771837572165, 0.3940886243986377], [0.10645091289071086, 0.2514672570547454, 0.2985789709868894, 0.3435028589676636], [0.10528599834620823, 0.21947252827050248, 0.3508011824911091, 0.32444029079219683], [0.12282508866983345, 0.2259827513713519, 0.4287552625892286, 0.22243689726958343], [0.11764214979163365, 0.31988470798354146, 0.20010579497411057, 0.36236734715070607], [0.11450854513016782, 0.26220920548545956, 0.3261660833772947, 0.2971161659070872], [0.16362012924117877, 0.20684056435928758, 0.23076470929230866, 0.39877459700721013], [0.16361985389686481, 0.20684009143138637, 0.23076554387257991, 0.3987745106991538], [0.1551760044620062, 0.28104276473559475, 0.2087608547856372, 0.3550203759167614], [0.1341791981701722, 0.2176813108668836, 0.4468231280153027, 0.20131636284763918], [0.1521248190531195, 0.3428168428770948, 0.17787427729863248, 0.32718406067115224], [0.1454107229715473, 0.31742273336253957, 0.2937312411585965, 0.24343530240731406], [0.1711912756497696, 0.15580471781188024, 0.3049994077179583, 0.36800459872037844], [0.18169233307849741, 0.1577579027468729, 0.3611652695970132, 0.29938449447760224], [0.16091632291900654, 0.28250705629874456, 0.24160134065710717, 0.3149752800251413], [0.14295227949531802, 0.22143824683974514, 0.40721879273629363, 0.22839068082865308], [0.16740784251410606, 0.3892550919882866, 0.16739544321814886, 0.2759416221794461], [0.15983770660705732, 0.38925546162786717, 0.19572194494238754, 0.2551848867226751], [0.1840879244083527, 0.13892176239622359, 0.255609839800581, 0.421380473294853], [0.18962818096511885, 0.1344379584457932, 0.33796639372550447, 0.33796746676356904], [0.18691949256119014, 0.19582846182034386, 0.2893356837409836, 0.32791636177748124], [0.17338937456074563, 0.1816893304222489, 0.38460754313883044, 0.2603137517781605], [0.17436537461051793, 0.2874253588519074, 0.191449910728649, 0.34675935570891203], [0.15946938163672073, 0.27130839485272235, 0.27130207586698457, 0.2979201475435583]], "ideal": "A", "sampled": "D", "correct": false}}
{"type": "result", "data": {"idx": 13, "options": ["(x \u2212 2)(x + 2)(x \u2212 1)", "(x + 1)(x + 4)(x \u2212 2)", "(x + 1)(x \u2212 4)(x \u2212 2)", "(x - 1)(x \u2212 4)(x \u2212 2)"], "probs": [[0.2903274430629687, 0.13087656741030237, 0.2059525581795966, 0.3728434312471352], [0.30542907544720677, 0.13549875197861008, 0.21312917835554918, 0.3459429941186478], [0.284711962231983, 0.14540427751236293, 0.1987490919312905, 0.37113466822436664], [0.3318767384844036, 0.15921859990406656, 0.25835622542225306, 0.25054843608926614], [0.3059165171827259, 0.15625058291354119, 0.24584297380244338, 0.291989926001303], [0.3000938474887832, 0.1485781758027615, 0.28640468632722965, 0.26492329028122563], [0.23197229883834622, 0.18935242555025902, 0.3074023381558199, 0.2712729373555757], [0.2160995392761268, 0.20302549652671034, 0.24099020496405962, 0.33988475913310323], [0.24836082843851484, 0.1506712658478215, 0.2561589756646706, 0.3448089299489822], [0.2658775516214191, 0.17712368622837527, 0.21032232385618985, 0.34667643819402827], [0.2590570180120206, 0.12433635189976872, 0.2396331192087708, 0.37697351077944513], [0.31307226642627056, 0.1346771707518938, 0.1625115579040766, 0.38973900481774754], [0.2508038320443856, 0.21123081772428184, 0.26690354310554826, 0.2710618070257727], [0.2615802779633464, 0.19745846506104744, 0.34655336107953555, 0.1944078957960451], [0.2319992503050918, 0.13015912698665114, 0.2432164874120279, 0.394625135196218], [0.28083812164369704, 0.15274772831827424, 0.23283938780858093, 0.3335747621294353], [0.2832124021514228, 0.18871994469377645, 0.23119492151208476, 0.29687273154272803], [0.28275812368456876, 0.191306958476704, 0.17970515404015477, 0.34622976369857295], [0.2742452083914119, 0.16898627985978465, 0.31085893018021554, 0.24590958146857464], [0.2615154434864376, 0.1512636067069585, 0.3804086090319261, 0.2068123406746754], [0.24646882092828876, 0.11462468730171868, 0.3369052424130639, 0.30200124925694033], [0.2988715915529987, 0.1306331312949627, 0.12855325448920343, 0.44194202256283643], [0.2827238448034715, 0.14672916951144208, 0.296378803724709, 0.2741681818603891], [0.27668716141024574, 0.14578866040638788, 0.18729744245771815, 0.39022673562563603]], "ideal": "C", "sampled": "A", "correct": false}}
{"type": "result", "data": {"idx": 14, "options": ["6", "12", "30", "105"], "probs": [[0.11459365320517208, 0.24247651445476276, 0.21072894705933878, 0.43220088518071836], [0.18682973001731967, 0.3079322813432308, 0.30328823369179025, 0.20194975484764743], [0.17481687325087777, 0.20752046561214282, 0.217524144564887, 0.4001385164721044], [0.16568463758138605, 0.18776905611751493, 0.46464254272356686, 0.18190376347753184], [0.24870225029402787, 0.168235899049481, 0.31423790138197927, 0.2688239491745124], [0.22599406424054683, 0.15529587756617128, 0.2519773520744563, 0.36673270601882646], [0.11243641615822625, 0.24182232224355577, 0.1796851188476651, 0.46605614265056367], [0.14677632948170663, 0.27423653749808313, 0.2534746979711685, 0.3255124349490288], [0.13847299319510897, 0.19218749998077875, 0.2930329823063535, 0.3763065244177458], [0.1416314052382092, 0.19057662655244642, 0.5098152887308062, 0.15797667937853596], [0.1738414229909743, 0.25292877774208494, 0.28221932668976907, 0.2910104724771839], [0.17789107135532803, 0.2754229450786289, 0.271267449172402, 0.27541853429364016], [0.08767676593380255, 0.19756008779256712, 0.31574547298740074, 0.39901767318621556], [0.10317276013412745, 0.18972312436083558, 0.3894435283400375, 0.3176605870649986], [0.12858349410500725, 0.19914691100347354, 0.4085368986534987, 0.26373269613800754], [0.1671482360599825, 0.23940808564526625, 0.36502569869909435, 0.22841797949565618], [0.14796324562144306, 0.3603474048773018, 0.17846305511936353, 0.31322629428190585], [0.13270383813377257, 0.3840288347101466, 0.20226649493668086, 0.2810008321194134], [0.17872374965054297, 0.19629100819418877, 0.36083068234157645, 0.2641545597137035], [0.16472545477696668, 0.15958855176987774, 0.33259271125385464, 0.34309328209928824], [0.14808517352305542, 0.1369673934614241, 0.4855821019871228, 0.22936533092840977], [0.1988887117758164, 0.16237597829611247, 0.2553968485131771, 0.38333846131489335], [0.14759569484659432, 0.15222592458698403, 0.3828029862846914, 0.31737539418174265], [0.17359565372475672, 0.1848162633335286, 0.25658681582957005, 0.385001267012156]], "ideal": "C", "sampled": "D", "correct": false}}
{"type": "result", "data": {"idx": 15, "options": ["True, True", "False, False", "True, False", "False, True"], "probs": [[0.2026993605031409, 0.2522571418457977, 0.3042676896843261, 0.2407758078667265], [0.20162347284317736, 0.22835311882834133, 0.3072361315259326, 0.2627872767025269], [0.1974255930666656, 0.3357296943926914, 0.21339994960340358, 0.25344476283724454], [0.1911983979297177, 0.30545343596188207, 0.23793915490840378, 0.26540901110000104], [0.20870473426328526, 0.2596133111542198, 0.2596127745948212, 0.27206917988765184], [0.19573794480761983, 0.22527248853591658, 0.32771179352299656, 0.2512777730334566], [0.19766704503211424, 0.22756404656720236, 0.3208343825776544, 0.25393452572303027], [0.19742205166749122, 0.24563195481407618, 0.26980393056398677, 0.28714206285444765], [0.18596967298746264, 0.19792287737139788, 0.3697120393291974, 0.24639541021193134], [0.19964403193275002, 0.21245240797001966, 0.24846922590082657, 0.3394343340963945], [0.17884226605617046, 0.18737759567370582, 0.3342236692512552, 0.29955646891888177], [0.1814491897462401, 0.19023155829164454, 0.2441969740142148, 0.3841222778478899], [0.19627479193951833, 0.29921379559175104, 0.24046937814479422, 0.26404203422390216], [0.1894114919169111, 0.2508209253552559, 0.27988227105411867, 0.2798853115736919], [0.21072819838133172, 0.16933158103195453, 0.36966844019285056, 0.2502717802938639], [0.19361189618103172, 0.1579589100959336, 0.3190874195004174, 0.3293417741226303], [0.2136326601866708, 0.22387421207940056, 0.2966269198292409, 0.26586620780470016], [0.20020529767116987, 0.23046555039503733, 0.2868609715738699, 0.2824681802599367], [0.214366687591083, 0.30712400448520477, 0.2318078024170937, 0.24670150540663377], [0.18902262734908418, 0.2708139821991662, 0.2974313890068778, 0.24273200134486175], [0.2072842057353689, 0.18872040388738853, 0.31615735282025814, 0.28783803745699826], [0.20733470180615338, 0.18876627180504896, 0.2620241130559672, 0.341874913232821], [0.20743424448357656, 0.2313486011834223, 0.32620638536639207, 0.23501076886661074], [0.2115844254557452, 0.2717578631234138, 0.2182849523720669, 0.2983727589487774]], "ideal": "B", "sampled": "A", "correct": false}}
{"type": "result", "data": {"idx": 16, "options": ["1", "-1", "i", "-i"], "probs": [[0.12806288920670714, 0.25878986774527624, 0.22472896624101993, 0.3884182767070079], [0.1200751460797317, 0.24244764789056852, 0.2790655135006859, 0.35841169242901844], [0.11391454606305884, 0.20950088095964392, 0.1967990243449764, 0.47978554853231814], [0.12008818912132493, 0.2242858938591175, 0.2971693746210788, 0.3584565422984701], [0.1120168010367902, 0.31422849476959813, 0.3093400697425762, 0.2644146343510401], [0.11695428078967052, 0.3659660560244139, 0.21850270912581807, 0.2985769539601086], [0.21842211955386406, 0.20510504748353722, 0.20509974256580749, 0.3713730902967892], [0.1993523740621089, 0.17322014618841447, 0.30394970513961334, 0.32347777450987286], [0.2025510461157309, 0.24429372511472294, 0.16273643694501597, 0.3904187917245282], [0.16814351212944573, 0.20280985243068866, 0.3291758348830897, 0.2998708004567617], [0.18031021306222728, 0.40624750614017724, 0.14709199000638004, 0.26635029069122595], [0.16761466492322888, 0.37768313187461766, 0.1868865672036674, 0.26781563589849694], [0.18024227711083646, 0.11276950250230088, 0.16923896978839378, 0.5377492504984478], [0.201184060011546, 0.12988567351740768, 0.3266544206828099, 0.3422758456882463], [0.1993532180841432, 0.181522136605377, 0.14819079385030215, 0.47093385136018867], [0.17620309874903697, 0.1735066943764007, 0.3731303351556949, 0.2771598716188538], [0.17738194374423072, 0.46020038086736087, 0.13818071636722873, 0.2242369589211912], [0.17654924963846721, 0.437060265827969, 0.16322461152274437, 0.2231658729108184], [0.21195114357332442, 0.17031230793992666, 0.28958055144325556, 0.3281559969434911], [0.24085595905269488, 0.20288316305092932, 0.23717801361994123, 0.3190828641764448], [0.1904647774235627, 0.372846810973233, 0.15541167846572962, 0.28127673303747325], [0.179843612573356, 0.3689393262596057, 0.19753056762340984, 0.2536864934436275], [0.20313695043778435, 0.37939247171245927, 0.160641512568756, 0.25682906518101045], [0.17557001878999495, 0.3491618857653957, 0.21181441885596664, 0.26345367648864004]], "ideal": "C", "sampled": "D", "correct": false}}
{"type": "result", "data": {"idx": 17, "options": ["(1,1)", "(3,1)", "(1,6)", "(3,6)"], "probs": [[0.09207294008933622, 0.25811762466096105, 0.25005742127145164, 0.39975201387823867], [0.06837649426344118, 0.21059685335748105, 0.3997011652758229, 0.3213254870032546], [0.08199287135352859, 0.17080822924145073, 0.35601715423751035, 0.39118174506750303], [0.07874288866411785, 0.15661725321320488, 0.35839340974168515, 0.4062464482810029], [0.0754482200300824, 0.32275084814567856, 0.2985798550443109, 0.30322107667994], [0.0700197536595377, 0.30421510686663933, 0.28126376974006956, 0.34450136963375894], [0.0973099054134092, 0.1372253170733288, 0.1965549904454111, 0.5689097869678511], [0.13381676839113138, 0.17177364546400908, 0.35794698995087476, 0.3364625960939861], [0.13283848038069926, 0.16029807998754658, 0.26418733559670493, 0.4426761039350502], [0.1232629461168735, 0.15102952088497815, 0.3855612547114603, 0.3401462781866823], [0.15003597810658187, 0.2758749560650435, 0.22521493602915676, 0.3488741296992323], [0.13235002144124347, 0.21157244843519638, 0.20827366220647014, 0.44780386781709103], [0.11470013804208819, 0.1320894149211436, 0.23902486731791273, 0.5141855796188618], [0.11775255996447553, 0.12732826908529837, 0.36280919092319514, 0.3921099799270367], [0.14506421531038788, 0.1892546310449598, 0.2046361218814406, 0.46104503166320066], [0.12781797333316866, 0.16662652769950814, 0.4392005750962899, 0.2663549237710452], [0.16907927646595036, 0.2831985595454681, 0.20080231337727608, 0.34691985051131896], [0.15225111158411533, 0.2510042511070029, 0.2890927186631138, 0.3076519185457677], [0.23125695577277727, 0.09944525300712173, 0.35821257343833385, 0.3110852176817627], [0.2166445511518646, 0.09610530634347475, 0.3301929869321568, 0.35705715547248057], [0.2404273063881679, 0.173138057303529, 0.19621068886404258, 0.3902239473442503], [0.23356070847928503, 0.16310603583153285, 0.26882568469884804, 0.33450757089033517], [0.21524741881353224, 0.14796827321205208, 0.18117118982885802, 0.4556131180455593], [0.2421360916486052, 0.15152667818036034, 0.3362564387445511, 0.27008079132647206]], "ideal": "C", "sampled": "D", "correct": false}}
