{"type": "result", "data": {"idx": 0, "options": ["r = k ln[A]", "r = k [A]^2", "r = k [A]", "r = k"], "probs": [[0.1135356574875487, 0.06222839258933727, 0.40894449955955753, 0.4152914502635591], [0.11201977373825794, 0.07465632374106762, 0.22634472050702462, 0.5869791819136436], [0.05686541907470954, 0.4614647790182836, 0.12226430487270072, 0.35940549693430346], [0.0590019778036027, 0.5684065719142689, 0.1761628564206892, 0.19642859376143576], [0.08001383280848004, 0.25241141649402604, 0.0988035674408345, 0.5687711831566783], [0.08820770055918979, 0.2570953639550184, 0.4240933144843946, 0.2306036209013968], [0.11658407316252502, 0.06286727064404365, 0.41991820552026593, 0.400630450573171], [0.13135535714111046, 0.07031362729101431, 0.32519258438060333, 0.4731384310872779], [0.07647870959917834, 0.3976790272449953, 0.09594125078945906, 0.42990101226637945], [0.09033921129421543, 0.46239858478281315, 0.28490954173660626, 0.16235266208637092], [0.07405580201877865, 0.3345334134098682, 0.12697548991834173, 0.4644352945529998], [0.08400239075762017, 0.4434097849887863, 0.31937142187358875, 0.1532164022799988], [0.24088620876632655, 0.08259190922094908, 0.09882729994270528, 0.5776945819700148], [0.29224656504235463, 0.09790146479281055, 0.39940637852961325, 0.21044559153522843], [0.2103243295413734, 0.12169793294305896, 0.0962460905868659, 0.5717316468287148], [0.27316923399480464, 0.1580623355695865, 0.3561510305109821, 0.2126173998246455], [0.23893170088082757, 0.31155796863573615, 0.26638505132522744, 0.18312527905820347], [0.28642382830020935, 0.39750313546589044, 0.18495552172898683, 0.1311175144049085], [0.08748602996739847, 0.18521598900909098, 0.10072628623955984, 0.6265716946839387], [0.09632038359376917, 0.2274170436319817, 0.4523869181404388, 0.22387565453381597], [0.08478401760869544, 0.12335394780105668, 0.10388180500605818, 0.6879802294841953], [0.10228948138360215, 0.1442709151368984, 0.5795116509827063, 0.17392795239681055], [0.07470413883071178, 0.4911477047891291, 0.26705465639866993, 0.16709349988150676], [0.0661844012594328, 0.5807035137312124, 0.20390582391169865, 0.14920626099763715]], "ideal": "D", "sampled": "C", "correct": false}}
{"type": "result", "data": {"idx": 1, "options": ["all molecular bonds absorb IR radiation", "IR peak intensities are related to molecular mass", "most organic functional groups absorb in a characteristic region of the IR spectrum", "each element absorbs at a characteristic wavelength"], "probs": [[0.006470409845619498, 0.008637226473851883, 0.8608640158093878, 0.12402834777114324], [0.002316041274089424, 0.0011370372506429958, 0.01005742055899303, 0.9864895008162624], [0.0084080590534374, 0.8783743385254746, 0.034057645382472565, 0.07915995693862687], [0.007722316558297982, 0.8926291035909437, 0.03891395475737634, 0.060734624993382696], [0.0022967838348181674, 0.0158097383428058, 0.011124735633006201, 0.9707687420893681], [0.005884227008800968, 0.024390559432241603, 0.9147788345047371, 0.05494637895420015], [0.0018753697267992458, 0.009599429942914203, 0.8570380638217109, 0.1314871364085678], [0.0007846112704016302, 0.0014536947606757448, 0.007859704207560715, 0.9899019896613498], [0.004395125363712594, 0.850582783298855, 0.05108794595099537, 0.09393414528644393], [0.004204386226419648, 0.807619663976012, 0.06628653574194901, 0.12188941395562657], [0.0011256632988642288, 0.0042507173252630676, 0.010515908145490714, 0.9841077111303634], [0.0028630820407813105, 0.02416950208294286, 0.8129408565941035, 0.16002655918218361], [0.9157337483410308, 0.012562666983029845, 0.0268016597744778, 0.04490192480144702], [0.9207760412760297, 0.014091591739609395, 0.025311995367431957, 0.039820371516950594], [0.9227993177897532, 0.012658182583652547, 0.02401710133946204, 0.04052539818714582], [0.8977589286173712, 0.011480053811510798, 0.03245244367038309, 0.0583085738007098], [0.9165842180029192, 0.019474433192059267, 0.02106004455260762, 0.042881304152413306], [0.9054903165717596, 0.01607359894460794, 0.025291351415460586, 0.053144732968156236], [0.010757599713846175, 0.0030118203844911695, 0.010185321656857134, 0.9760452581448135], [0.01831459317660294, 0.01269043052305279, 0.9176251640242962, 0.051369812176037685], [0.014270629333308485, 0.0034971486219985367, 0.012789991106068528, 0.9694422308386084], [0.04438453401208293, 0.015339554774857267, 0.8371022097240158, 0.10317370138902884], [0.015704475375738835, 0.9058547493079642, 0.032994550328921714, 0.04544622488737176], [0.018068379151584678, 0.8842998036556944, 0.03885208428505934, 0.05877973280766685]], "ideal": "C", "sampled": "C", "correct": true}}
{"type": "result", "data": {"idx": 2, "options": ["2", "3", "4", "5"], "probs": [[0.06494374966122984, 0.37963800906574985, 0.28198094049156813, 0.2734373006814581], [0.09340923057682178, 0.34163642106097075, 0.17179409111663269, 0.3931602571455561], [0.08137779595253589, 0.3701843199724769, 0.3167060570607274, 0.23173182691424793], [0.10579659828101803, 0.4119397434542359, 0.22049787964782727, 0.2617657785169069], [0.08856999020877034, 0.10352387143453712, 0.37868272469265135, 0.4292234135640406], [0.09584514152791099, 0.10860324790598627, 0.25248619078419976, 0.5430654196818901], [0.11457242808520869, 0.16932334224205522, 0.43239687074044936, 0.2837073588322861], [0.10643406901775819, 0.12840378901043645, 0.15244692356365067, 0.6127152183081715], [0.14711557717980947, 0.32132762128171743, 0.2387968278859348, 0.29275997355253297], [0.17153310014128995, 0.34110509443605186, 0.21340390212627194, 0.27395790319638047], [0.1312436081104658, 0.13966727936678763, 0.18508006917723194, 0.5440090432455085], [0.13611118228771982, 0.1361102882710161, 0.4062475078878158, 0.32153102145345425], [0.07740920376964511, 0.09053291382656095, 0.6280416276420637, 0.2040162546617169], [0.08385925614383027, 0.08648276143986612, 0.18028630653588534, 0.6493716757804293], [0.13016171072258628, 0.35946239136952085, 0.2671529528006886, 0.2432229450071863], [0.13820332287157788, 0.35844177609192224, 0.2242694011048709, 0.27908549983162295], [0.09028954002526485, 0.12343774728565157, 0.12941781709704517, 0.6568548954920256], [0.13049521013107163, 0.15979203099842132, 0.34374721921128154, 0.3659655395592318], [0.06587136795848525, 0.08192549899487624, 0.436112924447517, 0.4160902084991083], [0.07348851623857998, 0.08593865198016569, 0.31420755090566826, 0.5263652807755911], [0.09974549516035812, 0.1833734836732881, 0.17775513576879975, 0.5391258852975475], [0.09919053375618653, 0.19422695391571676, 0.386251918871103, 0.32033059335699304], [0.06844360854637524, 0.18597197204205335, 0.13602738534727848, 0.6095570339642681], [0.07820275427197822, 0.25248840518143356, 0.3450314934759732, 0.32427734697060295]], "ideal": "D", "sampled": "B", "correct": false}}
{"type": "result", "data": {"idx": 3, "options": ["The I\u2212 : IO3\u2212 ratio is 3:1.", "The MnO4- : I- ratio is 6:5.", "The MnO4- : Mn2+ ratio is 3:1.", "The H+ : I\u2212 ratio is 2:1."], "probs": [[0.11529218405638675, 0.2765898446356092, 0.2638987280192164, 0.3442192431888019], [0.10720766671222029, 0.23418466548147507, 0.3626350389421366, 0.2959726287641513], [0.10279943376789835, 0.21767513104279912, 0.3476962725528253, 0.3318291625364727], [0.11251200486061987, 0.23087391649829045, 0.34112446608402397, 0.3154896124570554], [0.11298697698155782, 0.28394792701606364, 0.2710110465370268, 0.3320540493653541], [0.10369578668231108, 0.2648721922596236, 0.23374890288689085, 0.3976831180711888], [0.12758215156613598, 0.2070539876442631, 0.25369189601322173, 0.41167196467637557], [0.12279101120171629, 0.2024873660769524, 0.3610376169990564, 0.31368400562229537], [0.12953518929668922, 0.21364649541290426, 0.2575986275877357, 0.3992196876026672], [0.12524714465968267, 0.20971409231813257, 0.3403300888158727, 0.32470867410632054], [0.11365045216199857, 0.2685505748084839, 0.23327546804078525, 0.3845235048887407], [0.11895359108669022, 0.2853783783369592, 0.22923307620627878, 0.36643495427008665], [0.12362271491957434, 0.17703297399169013, 0.36334496435664354, 0.3359993466320817], [0.12501876882227286, 0.1790975115520069, 0.34525404936951676, 0.35062967015619906], [0.1345412198397502, 0.26345590420584, 0.2362340205536377, 0.36576885530076825], [0.12601073855466546, 0.23540559290920093, 0.32185399839911794, 0.31672967003699937], [0.13089532494437192, 0.2686162061489881, 0.2815611855291422, 0.31892728327748127], [0.12372985539711895, 0.253918055439186, 0.3208182925891341, 0.3015337964745628], [0.1521410814044063, 0.17240373480792834, 0.3272255272419334, 0.3482296564457167], [0.13328816236612248, 0.15098147006108478, 0.305135871874679, 0.41059449559813443], [0.14518122740697945, 0.24309758642981733, 0.2468852929232892, 0.36483589313989806], [0.1458960062794247, 0.24050406478107902, 0.29007276989843744, 0.323527158941055], [0.13443572142936838, 0.2396788301468728, 0.27154912986912655, 0.3543363184546164], [0.1196472721218347, 0.20351372392332445, 0.3984833855353783, 0.27835561831945793]], "ideal": "B", "sampled": "D", "correct": false}}
{"type": "result", "data": {"idx": 4, "options": ["always", "only for constant pressure processes", "only for constant temperature processes", "only for constant volume processes"], "probs": [[0.12758205487786933, 0.1716527571213395, 0.11085324686679572, 0.5899119410339898], [0.2045937487111643, 0.2841789968832539, 0.3220190718380938, 0.1892081824674946], [0.1607593688778169, 0.1213925942686017, 0.24522259624319204, 0.4726254405104018], [0.18252029996060393, 0.12550493258590986, 0.2871427933334951, 0.40483197401998533], [0.2595249993854912, 0.251708591342428, 0.298825774579518, 0.1899406345925693], [0.20657170790679838, 0.20022026257719794, 0.1419843745266348, 0.45122365488936367], [0.17812563611004656, 0.30301529445796466, 0.14772156322576183, 0.37113750610622154], [0.20203029866283495, 0.31787058946635055, 0.32275120225550213, 0.15734790951531835], [0.17015844751848655, 0.08037953650205035, 0.44137773734527613, 0.3080842785341994], [0.11368497990907372, 0.04316555855071758, 0.2091701205517985, 0.6339793408883867], [0.1917528708452079, 0.23129528221000603, 0.3996064554300046, 0.1773453914147999], [0.14054013869227958, 0.15433559835236554, 0.10439506981964303, 0.6007291930356953], [0.0852847235301186, 0.31426675772197016, 0.2605433490328521, 0.3399051696150473], [0.08630658261883872, 0.30615260927371635, 0.2384009975467824, 0.3691398104606693], [0.11169719822391025, 0.18566993338417062, 0.3869605634075687, 0.315672304884357], [0.08093958034629768, 0.11151918432452661, 0.1453935004435151, 0.6621477347856622], [0.09697016825933566, 0.2151713855432723, 0.34392847817907285, 0.34392996791834446], [0.08129106159892802, 0.13096634691488426, 0.13303921949391714, 0.6547033718922906], [0.16215288306171496, 0.3709390985360064, 0.2888864220998365, 0.17802159620242383], [0.14212781146465223, 0.31037777621528834, 0.14896077728995896, 0.39853363493008287], [0.17444179496420098, 0.16394153045604484, 0.46703796888497034, 0.19457870559478996], [0.12440727055162139, 0.11872882256434442, 0.0946767232356352, 0.6621871835483942], [0.1349152452517277, 0.07392817551427433, 0.43562531604751614, 0.35553126308647], [0.10196512653118656, 0.04667732239795963, 0.1382292284405776, 0.7131283225302499]], "ideal": "B", "sampled": "A", "correct": false}}
{"type": "result", "data": {"idx": 5, "options": ["3 lines", "9 lines", "5 lines", "7 lines"], "probs": [[0.16931628331719453, 0.18884390163312187, 0.37548389023311796, 0.26635592471657227], [0.17712918342548115, 0.2071540892478482, 0.25780968199165233, 0.3579070452350254], [0.1741195249939819, 0.174116424997577, 0.3985302916644362, 0.25323375824398703], [0.16172804447394976, 0.18332866019177935, 0.3881318362662067, 0.2668114589680829], [0.18962702589245495, 0.21819322196738394, 0.30768898756465596, 0.28449076447548777], [0.17751692324478008, 0.20424937153409164, 0.3640535859833124, 0.2541801191378105], [0.1077385045444415, 0.38185863889094773, 0.27515998786807905, 0.2352428685965326], [0.10669403123668657, 0.3552244614440746, 0.2480441496487653, 0.2900373575704805], [0.11302750820650506, 0.1545241270711973, 0.5145806122141856, 0.2178677524081306], [0.13257270844188598, 0.1989755821454112, 0.2849094455592966, 0.38354226375341277], [0.11474984030274658, 0.14282420055999723, 0.45385359612246867, 0.2885723629147937], [0.11781643006424068, 0.14430694038709124, 0.35160251099323653, 0.38627411845542564], [0.11104812144360204, 0.32623149792319966, 0.33135577601800636, 0.23136460451518012], [0.11300179327906355, 0.3762888063265298, 0.27519361935677616, 0.2355157809376191], [0.13466425864556072, 0.13673766623923253, 0.43461917106082537, 0.2939789039543756], [0.1442911797462974, 0.14209185203119154, 0.28271239965396316, 0.43090456846855435], [0.14160600454374575, 0.13305884419405042, 0.4160113517497996, 0.30932379941241084], [0.17163563124512612, 0.1562516632179397, 0.3308076718476012, 0.34130503358933956], [0.10815903596688159, 0.3603510400860484, 0.25951864085250964, 0.27197128299456724], [0.10653070440061795, 0.36603361048531213, 0.2678679218313756, 0.2595677631826831], [0.14062937132384826, 0.14062716609841783, 0.3649865629885486, 0.353756899489192], [0.13989710770666317, 0.13134988928450966, 0.3303191069290244, 0.3984338959798093], [0.1162295437642772, 0.14467332419843257, 0.4968814545732757, 0.24221567736400876], [0.1478316484659181, 0.18689091791696744, 0.2634253889964709, 0.40185204452065015]], "ideal": "B", "sampled": "A", "correct": false}}
{"type": "result", "data": {"idx": 6, "options": ["Neutrons", "Alpha particles", "Beta particles", "X-rays"], "probs": [[0.5689874046113234, 0.16557284724688276, 0.14614979562711894, 0.11928995241466003], [0.41536491735769676, 0.1434643415973423, 0.06318164346320894, 0.37798909748174253], [0.5542679090033747, 0.22390811104186262, 0.11439075744939561, 0.10743322240536438], [0.5175488415870387, 0.20592452562760305, 0.07061158277074218, 0.20591504991463108], [0.48123475637653046, 0.08698440058352135, 0.11609381815980553, 0.3156870247801447], [0.5152344175376307, 0.07783770455952141, 0.1672638779708262, 0.23966399983201128], [0.04086298826361624, 0.675233475479832, 0.1308436227398247, 0.15305991341674569], [0.03442478005501681, 0.5385479203303606, 0.0740295140133015, 0.3529977855013358], [0.05289053652388638, 0.1472185521134651, 0.6195986616710104, 0.1802922495916488], [0.023460875952786314, 0.05943651235121777, 0.04383465962047029, 0.8732679519755048], [0.017182760143842582, 0.04025296705173331, 0.5263323292634455, 0.41623194344099074], [0.02165246094008882, 0.03433164955752261, 0.0656687318528715, 0.87834715754953], [0.0513029897321269, 0.6811323380807158, 0.12023242399241135, 0.14733224809475856], [0.051221754560008194, 0.6094896112414693, 0.08118988622358109, 0.2580987478749317], [0.0738592767741836, 0.1143858758149866, 0.6479368671727243, 0.16381798013811388], [0.029794135074202244, 0.05268775429003369, 0.040383514467860475, 0.8771345960678877], [0.03284760604744302, 0.046308227834565445, 0.5865463648616679, 0.33429780115630875], [0.026984012491638353, 0.03546907412792942, 0.05802278308392272, 0.8795241301964999], [0.017462130954101304, 0.6105069066671837, 0.10121859943659908, 0.27081236284210025], [0.021598832493380515, 0.5929321387440042, 0.13443142579183687, 0.2510376028707607], [0.011712978910674776, 0.0668993702453169, 0.5869138652446172, 0.3344737854993966], [0.011941012829424226, 0.03946126601197653, 0.050658755614196894, 0.8979389654444083], [0.017946426834827913, 0.16126155849692322, 0.5288019197572402, 0.29199009481101523], [0.015766494924012945, 0.11116937747253404, 0.06434153438010044, 0.808722593123342]], "ideal": "A", "sampled": "A", "correct": true}}
{"type": "result", "data": {"idx": 7, "options": ["Strong oxidizing conditions", "Low-spin electron configuration", "Metallic physical properties", "Unpaired electrons"], "probs": [[0.0019332282036376171, 0.007705616254533635, 0.027525839201079712, 0.9628353162407577], [0.006295465470125177, 0.03650231519818225, 0.780312812195563, 0.17688940703612913], [0.0022876573865038673, 0.010012182278327814, 0.028524894978268517, 0.9591752652568828], [0.003738796350374946, 0.016113717578426105, 0.8798681759009112, 0.10027931007029325], [0.006614931271599615, 0.7528662605630045, 0.0898974142046273, 0.15062139386078283], [0.006954998017560425, 0.7041046836998541, 0.0841070082135928, 0.20483330996899818], [0.007601102676868841, 0.003453214919674852, 0.03174469470352297, 0.9572009875999189], [0.020097353903509352, 0.00831643827638347, 0.874970326657144, 0.09661588106297128], [0.015063631565129776, 0.024265547962490912, 0.014261694756376023, 0.9464091256159939], [0.04789368050021066, 0.04789248824614239, 0.8619694081051015, 0.04224442304853199], [0.031056026858403314, 0.8198585221046942, 0.03463955211875995, 0.11444589881814485], [0.05313811758010727, 0.7930134910383291, 0.09772296969906413, 0.05612542158250027], [0.007294368366631403, 0.003967514148478593, 0.02586385085173426, 0.9628742665331604], [0.013363060418913974, 0.006513565690257095, 0.9079035189432257, 0.07221985484758629], [0.008652253217021353, 0.01919562790166425, 0.010765088263576153, 0.9613870305177453], [0.04908431843079082, 0.06922924726957246, 0.8302239326749633, 0.05146250152466015], [0.023469241734526414, 0.867159171166272, 0.02618369081015926, 0.0831878961890514], [0.036811152198794474, 0.8511759479831067, 0.07795118383242151, 0.034061715885671015], [0.700282640532447, 0.024724033938242754, 0.12361027485602666, 0.1513830505732788], [0.6743698118192257, 0.02495187955432883, 0.12476452378423229, 0.17591378474221286], [0.7588113181486106, 0.09650279378588918, 0.030121913784182726, 0.11456397418132365], [0.7423217962123241, 0.09438077451479304, 0.10695215280728576, 0.05634527636558636], [0.7954098277006497, 0.06280776366793156, 0.02722186293030916, 0.1145605456011172], [0.7917439973910534, 0.06349840202575012, 0.10714868701806148, 0.03760891346511095]], "ideal": "D", "sampled": "D", "correct": true}}
{"type": "result", "data": {"idx": 8, "options": ["1:1", "1:3", "1:6", "2:3"], "probs": [[0.16333513365166213, 0.3403302419764826, 0.17651228407778194, 0.3198223401940802], [0.16799505108753335, 0.3340230377483003, 0.268340610650104, 0.22964130041405667], [0.16909237012363323, 0.17995410529277264, 0.3931113736522656, 0.25784215083132267], [0.1568830269755602, 0.16969921057721954, 0.24685447416802647, 0.4265632881791882], [0.15002933557967138, 0.2435291828726512, 0.4013640395511179, 0.20507744189656568], [0.136966808671433, 0.2597645713692203, 0.18139535297725723, 0.4218732668820961], [0.16797372409652572, 0.3500955074108424, 0.1962879612026031, 0.28564280719003504], [0.17137105519264706, 0.34077653872910185, 0.25729090434104734, 0.23056150163722244], [0.1665486481760141, 0.12771796703306593, 0.4744779038299841, 0.2312554808609179], [0.15200891642104608, 0.11836989975515258, 0.34771800366017785, 0.38190318006361207], [0.163720983281258, 0.19448168458657364, 0.4380384213119167, 0.20375891072024585], [0.1702919320063559, 0.21203582613055835, 0.2153305466267161, 0.4023416951363764], [0.08875933811070359, 0.3350008878281153, 0.35648684092529515, 0.21975293303588025], [0.09261030157295456, 0.3333120321739676, 0.20218402907107685, 0.3718936370819897], [0.09997925885192215, 0.2805164423899615, 0.41430453112243004, 0.20519976753569244], [0.09071188696376756, 0.2464893897755311, 0.19496896731947802, 0.4678297558412182], [0.09192165227424162, 0.1800539529017497, 0.4121073536575983, 0.31591704106641705], [0.08516161252461649, 0.1590873242474713, 0.316462363620126, 0.4392886995077745], [0.15149396064929022, 0.3059065803505749, 0.32568134474152927, 0.21691811415861184], [0.13110716578610604, 0.27734269811025325, 0.1877432981329685, 0.40380683787067856], [0.14650683817084348, 0.20656781490133225, 0.43046961548568, 0.21645573134213839], [0.15615125218957512, 0.24172774676946202, 0.19728863126803015, 0.4048323696729274], [0.1315791167265034, 0.09044369209951536, 0.4813851693734491, 0.29659202170055066], [0.13808158810834545, 0.09058793324726432, 0.418751077747241, 0.3525794007971434]], "ideal": "C", "sampled": "A", "correct": false}}
{"type": "result", "data": {"idx": 9, "options": ["T1, unlike T2, is sensitive to very low-frequency molecular motions.", "T2, unlike T1, is sensitive to very low-frequency molecular motions.", "T1, unlike T2, is sensitive to molecular motions at the Larmor frequency.", "T2, unlike T1, is sensitive to molecular motions at the Larmor frequency."], "probs": [[0.2602570875418584, 0.07812589773171404, 0.49364743116099324, 0.1679695834654405], [0.300087933406667, 0.12123160934024572, 0.3096044389862578, 0.2690760181668242], [0.336917147837043, 0.3369116645960333, 0.1567367754500185, 0.16943441201691223], [0.3295932472858282, 0.3195779311679287, 0.19994877936912833, 0.15088004207712183], [0.37158389139308867, 0.21167017352527936, 0.2083716562849204, 0.2083742786967189], [0.32429907987394563, 0.19670348469928464, 0.22649319972601117, 0.2525042356007416], [0.15857192715866636, 0.1253670215886939, 0.3803672289739088, 0.33569382217873744], [0.14405444117802516, 0.1212850986116307, 0.443626076529598, 0.29103438358074657], [0.20547290992166242, 0.18996486143858157, 0.3281607252696153, 0.27640150327013613], [0.1418657429036245, 0.1878890053904555, 0.3454971564561286, 0.3247480951497858], [0.22744872858208337, 0.24587868918637457, 0.3523336847480315, 0.17433889738350458], [0.18435185617153219, 0.2680974065968212, 0.21889595317509117, 0.3286547839565503], [0.3794894631618611, 0.27765490132283704, 0.12319765258789014, 0.21965798282739435], [0.40229728467001075, 0.2597333832703605, 0.2153029670855526, 0.12266636487409521], [0.32820646017069616, 0.13260196867883536, 0.13064608174192224, 0.4085454893085299], [0.3191338121497659, 0.13942256250206544, 0.45000069439021073, 0.091442930857952], [0.37400296933133464, 0.10064183752761142, 0.3981647293616829, 0.1271904636793836], [0.38086098533303264, 0.14233525741419506, 0.24584636838251078, 0.23095738877026886], [0.19643724539942597, 0.14369512547333282, 0.1505296892587422, 0.5093379397684938], [0.25905262126341294, 0.14759310826765187, 0.49953609766337714, 0.0938181727055582], [0.24295201445989958, 0.1722630554714684, 0.14503556611625332, 0.43974936385237356], [0.25101147917220884, 0.13856783664352543, 0.4990778289638934, 0.11134285512036611], [0.27908969165569775, 0.1590779227107317, 0.3699138035594769, 0.1919185819740884], [0.2768920433961357, 0.17336186067134898, 0.3237657730065768, 0.2259803228259337]], "ideal": "D", "sampled": "C", "correct": false}}
{"type": "result", "data": {"idx": 10, "options": ["3.02 ppm", "5.03 ppm", "10.56 ppm", "11.30 ppm"], "probs": [[0.14626414948019278, 0.24111784687433255, 0.24490018531927216, 0.3677178182261976], [0.13722968909018715, 0.21255042132418694, 0.24074947764920218, 0.4094704118364187], [0.14160785352852648, 0.16821375934571914, 0.35058122954305887, 0.3395971574827036], [0.1398824388179926, 0.18247325874021944, 0.4242598018316698, 0.253384500510138], [0.12990459912414584, 0.18618031332853105, 0.30203517744720654, 0.3818799100001122], [0.1168956623010818, 0.18384975416976265, 0.41432740792351325, 0.2849271755056438], [0.1746098977987722, 0.2173377781039252, 0.26617515141110265, 0.34187717258618305], [0.15479161546947667, 0.1926271633653986, 0.2512180800196804, 0.4013631410454518], [0.1814256991365094, 0.21548034638604519, 0.23659796740166555, 0.3664959869757765], [0.15074631044555092, 0.19968266830735512, 0.4498901406238299, 0.19968088052328387], [0.15869837041418972, 0.2308345243072286, 0.2237522543292853, 0.386714850849305], [0.12918920222703914, 0.20012220997789493, 0.44395059015536914, 0.22673799753968005], [0.11140154628552333, 0.1522325280036928, 0.3767275884804061, 0.35963833713037946], [0.11368071558889048, 0.15055090218450334, 0.39657733065719003, 0.3391910514693993], [0.12709691977609927, 0.2031499753738543, 0.32962638476025163, 0.3401267199897906], [0.118292447349207, 0.18908736319064912, 0.42602097812272266, 0.2665992112374288], [0.10547408463520369, 0.33520387233093546, 0.1970198203632568, 0.3623022225706122], [0.11323336216805767, 0.3713586583337747, 0.22169118260597429, 0.2937167967921954], [0.14980477484665894, 0.14284171312206861, 0.35917062215718365, 0.34818288977408474], [0.14368348515136906, 0.1458759223216674, 0.396723848236479, 0.3137167441904927], [0.16638854443538606, 0.1915289688843832, 0.30590463620385244, 0.33617785037638653], [0.13941136782692357, 0.1761484298834031, 0.4360297307557063, 0.24841047143397504], [0.12975103613710273, 0.3112400017590417, 0.2172566951832082, 0.3417522668206677], [0.13440607811749158, 0.3276353736183689, 0.23962166281173045, 0.29833688535241715]], "ideal": "D", "sampled": "D", "correct": true}}
{"type": "result", "data": {"idx": 11, "options": ["[The polarization relaxes exponentially: p(t) = [p(0) - peq]exp(-t/T1) + peq.]", "72.0 s", "56.6 s", "12.7 s"], "probs": [[0.11724885505255879, 0.2726865093113954, 0.2812298957695752, 0.3288347397664858], [0.12235172489944188, 0.31232897500589873, 0.267152273905568, 0.2981670260890758], [0.12905322800763944, 0.3733319861887925, 0.2448997984458869, 0.25271498725767805], [0.12289472732353686, 0.37262263598127016, 0.25614722507214077, 0.2483354115230427], [0.1154040755586683, 0.29022788316753634, 0.29022669140019375, 0.3041413497736289], [0.11518855165545819, 0.3181321120461836, 0.2988427680739143, 0.26783656812444684], [0.04496682771622657, 0.5967987264033017, 0.15823860682892252, 0.19999583895153425], [0.042973360455417005, 0.6313393138285709, 0.1475847756368224, 0.1781025499791959], [0.04840507881562311, 0.09332430345159747, 0.7114180363738509, 0.14685258125893544], [0.058158767026489165, 0.07011747582678649, 0.11747136457593797, 0.7542523924708119], [0.040166999154967506, 0.07623871020431097, 0.7344135210291423, 0.14918076951158], [0.0586073039581279, 0.0729511762108545, 0.12026147810510537, 0.7481800416259005], [0.043467111500047194, 0.6436248353046438, 0.13698103050253077, 0.1759270225927719], [0.042739677971312895, 0.663239146972688, 0.141271631805627, 0.1527495431503537], [0.04236462967278975, 0.0809999288242002, 0.7451557385752796, 0.13147970282773075], [0.05580578157083012, 0.07106731658213354, 0.12094760236501648, 0.7521792993819963], [0.03878516184260711, 0.07475784078082198, 0.7552492112005006, 0.13120778607609232], [0.05665703497975757, 0.06941469546776875, 0.10421286743799761, 0.7697154020144579], [0.03937925100025506, 0.615827848672317, 0.13528006954648747, 0.2095128306809282], [0.03860803340223164, 0.64303872466443, 0.13696025730247016, 0.18139298453087724], [0.033458456224754185, 0.0692318400090525, 0.7496889712157069, 0.14762073245046825], [0.044909005257186906, 0.06954314021014438, 0.1382299526422114, 0.7473179017904309], [0.03311976517205721, 0.07124014045035587, 0.7540149165724467, 0.14162517770513147], [0.04542660587471252, 0.06709890354246008, 0.13138802887339796, 0.7560864616094055]], "ideal": "B", "sampled": "A", "correct": false}}
{"type": "result", "data": {"idx": 12, "options": ["4.6 mT", "27 G", "5.4 mT", "3.8 mT"], "probs": [[0.11085745921123315, 0.09339702565899505, 0.45952536652384257, 0.3362201485059236], [0.11518430115264426, 0.09546658146261562, 0.43459359803060466, 0.35475551925413595], [0.14720477586475045, 0.18027719769377012, 0.16672659675921403, 0.505791429582286], [0.186698610309257, 0.22527434889675035, 0.33284068173114484, 0.2551863589628318], [0.12453231355896903, 0.1549282879164397, 0.16237264523411718, 0.5581667531904696], [0.17202554329253797, 0.19802240342653618, 0.375773565955762, 0.2541784872251597], [0.1315964040267059, 0.11255058888932161, 0.3749977947441695, 0.3808552122398099], [0.13843203805035367, 0.11840973794159425, 0.3425271622826153, 0.40063106162544376], [0.13880709718611678, 0.11505994052627902, 0.3381531570419305, 0.40797980514567467], [0.1309777699270275, 0.1102853696002885, 0.3293238129741782, 0.4294130473985188], [0.11738947178007507, 0.11201492009952801, 0.3672302737968768, 0.40336533422351456], [0.11818261204002214, 0.10267541512211377, 0.32621043702804764, 0.4529315357098108], [0.13867762207104928, 0.15966984505464737, 0.16992103068966102, 0.5317315020846503], [0.18262571048868032, 0.21020480203473196, 0.3413042580041496, 0.26586522937244694], [0.11249887272134827, 0.10083793592202737, 0.4179914082285559, 0.3686717830280689], [0.11150162682982699, 0.0953880408052863, 0.42743510956805153, 0.365675222696854], [0.14429411980276483, 0.20019540391679985, 0.3859818385881252, 0.2695286375923182], [0.11769574046651074, 0.16860135160312617, 0.16090771466819143, 0.5527951931621671], [0.11755927847977289, 0.15820524986507004, 0.1632072422936968, 0.561028229261468], [0.15444644880524722, 0.2356239252667693, 0.3591695802085934, 0.2507600456193865], [0.09570709741254271, 0.10034350967734475, 0.4426240480178922, 0.36132534479222667], [0.10260414815533597, 0.09491147735759559, 0.4387178372970596, 0.36376653709001533], [0.13501622517750086, 0.20581076812794646, 0.3906206016712568, 0.26855240492330373], [0.11700299762476996, 0.18700158458847285, 0.15501914739563807, 0.540976270291133]], "ideal": "A", "sampled": "A", "correct": true}}
{"type": "result", "data": {"idx": 13, "options": ["1:19:36:84:126:126:84:36:19:1", "1:9:36:84:126:126:84:36:9:1", "1:9:35:82:120:120:82:35:9:1", "1:8:28:56:70:56:28:8:1"], "probs": [[0.1317010529707076, 0.27022827718952686, 0.3361384575844644, 0.2619322121553184], [0.12929101613760566, 0.245389286766536, 0.2453894655930265, 0.37993023140282484], [0.13124465006949276, 0.26101606105177216, 0.37382283931130195, 0.2339164494674256], [0.12043218754301695, 0.2470833401632194, 0.22498758422046888, 0.40749688797329386], [0.12182911843256047, 0.2661111728055969, 0.34179446108820727, 0.27026524757363996], [0.1201200021574924, 0.2663553468168271, 0.311521078426809, 0.3020035724988763], [0.15466603471432125, 0.1986072037863997, 0.37109098570157856, 0.2756357756977055], [0.14601643860678104, 0.1681106457928128, 0.31888400442662646, 0.36698891107377235], [0.14062792792030926, 0.3168914247116078, 0.25854354856504314, 0.28393709870304473], [0.13965151296389816, 0.3002900631125114, 0.2778302106084709, 0.28222821321512465], [0.13135055766673134, 0.28246819715502935, 0.24535971071563406, 0.34082153436260987], [0.12611713586582654, 0.2546678170191361, 0.37626395328217355, 0.24295109373285614], [0.13110636770496192, 0.21618520059607385, 0.43652072771837713, 0.2161877038805915], [0.12008044614859198, 0.2074340507356616, 0.266404195849754, 0.40608130716597884], [0.14537071114808736, 0.293662625494534, 0.26729992574236544, 0.29366673751503025], [0.14547508893572178, 0.2848399884092263, 0.28484070345548584, 0.28484421909959534], [0.12288870900496532, 0.26005527532960204, 0.24442784424741534, 0.37262817131800363], [0.12303490145468807, 0.25240883331819797, 0.3910628544488979, 0.23349341067823276], [0.11412462817744067, 0.2824340417824286, 0.346146823116538, 0.2572945068236095], [0.11105960785474779, 0.2706839555222821, 0.3475686674168032, 0.27068776910619613], [0.10949968892698249, 0.3168917848184989, 0.2467024380844693, 0.326906088070054], [0.11276838061166318, 0.3065633247139657, 0.3419551046014769, 0.23871318997292326], [0.10655686413479873, 0.2597318460504228, 0.2897573572731229, 0.3439539324416725], [0.11195499081019113, 0.2995946102563314, 0.3240121158792022, 0.26443828295426774]], "ideal": "D", "sampled": "B", "correct": false}}
{"type": "result", "data": {"idx": 14, "options": ["spin trapping provides more structural information than direct detection by EPR", "spin trapping makes it easy to quantify free radical intermediates", "steady state concentration of free radical intermediates is often too low to enable direct detection by EPR", "detection of spin adducts requires lower power than direct detection of radical intermediates"], "probs": [[0.015328426518811625, 0.08892966773344915, 0.7104402804245339, 0.1853016252232118], [0.01565835390906184, 0.25466604936707293, 0.12806322135107726, 0.6016123752727865], [0.025210996113719932, 0.4399688035245801, 0.37038133074050117, 0.1644388695212008], [0.021460508214535053, 0.6124354073004549, 0.09847093870519905, 0.26763314567979973], [0.018988185439808417, 0.023261171008903795, 0.45274629754709417, 0.5050043459041758], [0.022849549459884856, 0.03650896535727928, 0.5889992618665746, 0.35164222321624644], [0.015302975360166633, 0.07079083855216084, 0.7318071614254009, 0.18209902456229407], [0.020735959550425044, 0.1592893320389217, 0.13841279072194798, 0.6815619175887234], [0.027515688591906538, 0.6309049638056365, 0.1302593836393642, 0.2113199638630924], [0.024127067303497327, 0.44826327762631035, 0.2761339807185589, 0.25147567425163664], [0.02029263943791123, 0.12522963387234773, 0.1334027766884921, 0.7210749499012719], [0.02258723141553026, 0.12404182998656815, 0.4465835628822901, 0.40678737561560646], [0.10686410958766308, 0.051692540374181785, 0.61515421572827, 0.22628913420990496], [0.12082409941160056, 0.05574194432419588, 0.170452601896253, 0.6529813542679354], [0.08820579410003701, 0.5039358880369944, 0.14661470708815216, 0.26124361067481905], [0.08087096353714254, 0.3224919394690651, 0.3075951617093246, 0.28904193518448235], [0.14819086230592748, 0.09716716304366625, 0.12090367728616937, 0.633738297264253], [0.09195154506118576, 0.06221656459533191, 0.6183469308574624, 0.22748495938599747], [0.011116066707803645, 0.04537707284938563, 0.3459115860881889, 0.5975952742546392], [0.013677478032865379, 0.06270497004557243, 0.5949036714311053, 0.3287138803904346], [0.009683499610617588, 0.3059378981847161, 0.11255788286299515, 0.571820719241671], [0.011513373544122029, 0.3161522527476799, 0.375470227917527, 0.2968641456906823], [0.023734196925912696, 0.42733291851799055, 0.1150126640250123, 0.433920220431074], [0.017671761406089902, 0.20215873757079283, 0.5581169193254216, 0.22205258159770003]], "ideal": "D", "sampled": "C", "correct": false}}
{"type": "result", "data": {"idx": 15, "options": ["6.1445 x 10^-27 J T-1", "3.1445 x 10^-27 J T-1", "9.1445 x 10^-27 J T-1", "1.1445 x 10^-28 J T-1"], "probs": [[0.3455123791209978, 0.1937475043213357, 0.19997104303042668, 0.2607690734272363], [0.3381471631115887, 0.22875643724203248, 0.2435241146090435, 0.189572284937344], [0.34156445873532293, 0.24596789619627102, 0.1588101826501299, 0.2536574623182851], [0.20350172554232557, 0.13977090438588852, 0.1686980755359866, 0.48802929443580745], [0.16843590487846688, 0.11576325294756198, 0.5189385618888176, 0.19686228018517857], [0.2424716049653887, 0.1640820218605661, 0.24624111497639614, 0.3472052580976445], [0.23328768783217088, 0.23693584940535448, 0.190426155030478, 0.33935030763200486], [0.23795604685365288, 0.24160334894412824, 0.2824990417867629, 0.2379415623154518], [0.24430414399478495, 0.24428924223227155, 0.20253551698954128, 0.3088710966833982], [0.21100052202087774, 0.21428359795843205, 0.20451353786884205, 0.37020234205183206], [0.21851666559585495, 0.17285077278142238, 0.34911382995319035, 0.25951873156954], [0.22923086409773047, 0.19003908383892262, 0.20871084051300007, 0.3720192114503669], [0.378719343118557, 0.16811022463438519, 0.18458859564199123, 0.2685818365050636], [0.2448988580731093, 0.11750042436320315, 0.15808801439577425, 0.47951270306791566], [0.32720007635929627, 0.1474784971463607, 0.30740306358957503, 0.21791836280476448], [0.32113584110487925, 0.15409004210455443, 0.17191288906192853, 0.3528612276286228], [0.2498886376571607, 0.1563717662008572, 0.28759174052880926, 0.30614785551318086], [0.1914399877541907, 0.11976635339012558, 0.43119634139935775, 0.2575973173563214], [0.2639590897739969, 0.14345011685184272, 0.3838273431924727, 0.20876345008168312], [0.3130372122327979, 0.17018593642672517, 0.2362297133874676, 0.28054713785300534], [0.3003783286173283, 0.22685942032963072, 0.2197750654357366, 0.25298718551728855], [0.2905743718821469, 0.2059558184784066, 0.18458905391741964, 0.318880755622023], [0.31157229734439307, 0.14491507838254344, 0.24636244631502743, 0.2971501778580323], [0.2631939682818395, 0.12622114056569736, 0.29808924187010205, 0.31249564918236916]], "ideal": "C", "sampled": "B", "correct": false}}
{"type": "result", "data": {"idx": 16, "options": ["I only", "II only", "III only", "I and III only"], "probs": [[0.022399872699682872, 0.01771457637305249, 0.0512660824769959, 0.9086194683502824], [0.0825389876380916, 0.06428313482840874, 0.33160252942626867, 0.5215753480072204], [0.037635866775381, 0.021960966598169315, 0.0564964503979982, 0.8839067161284442], [0.07153722756968608, 0.056153180684625555, 0.6376915972352553, 0.2346179944104399], [0.11762818563077794, 0.32985381713536227, 0.0944884912068264, 0.4580295059270358], [0.1273405069461766, 0.32010603847519703, 0.28714216337356285, 0.26541129110505957], [0.021745739724711034, 0.01248985954236662, 0.06244017867677811, 0.9033242219561495], [0.08809738399605872, 0.041605382483926985, 0.322333904965517, 0.547963328454484], [0.03135164285273389, 0.030373349693604782, 0.05085562496894342, 0.8874193823846994], [0.07495939779249909, 0.069280692562178, 0.4311765887712748, 0.4245833207740493], [0.13294064167655145, 0.22253538987527885, 0.1733400664441975, 0.4711839019039812], [0.11182100265894324, 0.16015823469925022, 0.29931503894914313, 0.4287057235926718], [0.036293395829025646, 0.014780879812626128, 0.07624502394405021, 0.8726807003142899], [0.068430578723382, 0.030139335706483805, 0.53421815034112, 0.36721193512901396], [0.03918081159618263, 0.02958275015932322, 0.06664033941810812, 0.8645960987264092], [0.07776554814596615, 0.054293590400733824, 0.44752179051684243, 0.4204190708364624], [0.1256327594400467, 0.36942840117270886, 0.14699087394364094, 0.3579479653436005], [0.11975722641510027, 0.3413085541965122, 0.14001474004846687, 0.3989194792399299], [0.2554241637326929, 0.09248835385446608, 0.15981872858060905, 0.4922687537322244], [0.25565161182936463, 0.10658382790794184, 0.2597947016137973, 0.37796985854889403], [0.2942312341244474, 0.08900320962945613, 0.20852009729351342, 0.40824545885258157], [0.2798242102759087, 0.07410836290782973, 0.2754220171371659, 0.3706454095790936], [0.28739493160794277, 0.21035577581158513, 0.14454815155900672, 0.3577011409214644], [0.277104537570181, 0.17883666145302124, 0.16540396137484856, 0.37865483950196016]], "ideal": "D", "sampled": "D", "correct": true}}
