{"type": "result", "data": {"idx": 0, "options": ["7 N", "5 N", "10 N", "12 N"], "probs": [[0.1831637738786408, 0.2835153557007094, 0.27911572439173155, 0.25420514592890525], [0.15493899844281517, 0.2475881465100726, 0.3081379397183728, 0.2893349152287384], [0.21891580097414776, 0.2854336965601232, 0.196308319686785, 0.29934218267894547], [0.22660745181860378, 0.27762015764929404, 0.3049606224285009, 0.19081176800360194], [0.18365304808301874, 0.28449206573548136, 0.2146480643578046, 0.31720682172368336], [0.19378896114751296, 0.30011987337594204, 0.2864403916996881, 0.21965077367684488], [0.1802329663991618, 0.2503045910467726, 0.311349661219714, 0.258112781234338], [0.14164850567055146, 0.20610553552298871, 0.36165522518206245, 0.29059073352438397], [0.2044834380512791, 0.25048729781027085, 0.3022386676206771, 0.2427905964177852], [0.19410780577254316, 0.2377924469006574, 0.3740142904412672, 0.1940854567855445], [0.15825544360071692, 0.27325852523870925, 0.2864416900303188, 0.2820443410302425], [0.18424310949356804, 0.30374556801262653, 0.28982377668830145, 0.22218754570550445], [0.13272046782967772, 0.3232798406376649, 0.3037432108669514, 0.2402564805657062], [0.13760350379737332, 0.3403717315343569, 0.26516514115351625, 0.2568596234147532], [0.13868405632676017, 0.26733351794047583, 0.27148056874769133, 0.3225018568850842], [0.1396614193713267, 0.27343720617451756, 0.30028818475151775, 0.28661318960264964], [0.1695895606065911, 0.2710285225525523, 0.28836078521800085, 0.271021131522855], [0.17007826255310132, 0.28934179341612637, 0.251246971988927, 0.2893329719418455], [0.1738854666007204, 0.26104941867402576, 0.29572127361590056, 0.26934384100934156], [0.19056715848141587, 0.2905255417496878, 0.28173280989080607, 0.2371744897781028], [0.17874657040557518, 0.2367228724288924, 0.2900690859224951, 0.29446147114303733], [0.18468509347261358, 0.26461559526122036, 0.28609205845433755, 0.2646072527118537], [0.1902452008077974, 0.24420047061570993, 0.31354743134355717, 0.25200689713292246], [0.20704621260112654, 0.2744140522292934, 0.23095237752373435, 0.2875873575458582]], "ideal": "A", "sampled": "D", "correct": false}}
{"type": "result", "data": {"idx": 1, "options": ["weight of fluid.", "volume of fluid.", "density of fluid.", "All of these."], "probs": [[0.04425452780524034, 0.022599804068487026, 0.051331306969808345, 0.881814361056478], [0.17291028160036476, 0.08627746771141089, 0.5118668991095976, 0.22894535147861467], [0.037720428191682254, 0.02200307161296296, 0.0678058570384491, 0.8724706430569267], [0.17034503592512626, 0.08700944726064613, 0.4703530955047574, 0.272292421209457], [0.20987602886984694, 0.22330366959592923, 0.356964059499619, 0.20985624193461394], [0.27396830097670455, 0.2698190838804307, 0.220111321221644, 0.2361012938212304], [0.06495650496027804, 0.021748887528247537, 0.05137011857563215, 0.8619244888358415], [0.24002487985150897, 0.07374662351685085, 0.48100939671803067, 0.20521909981361547], [0.11302619106646059, 0.03935577367182272, 0.050954361007223975, 0.7966636741544701], [0.290738475769776, 0.07067806480591855, 0.5023735610744292, 0.136209898249907], [0.33724950731525527, 0.27082755533725944, 0.19059104947707206, 0.20133188777041244], [0.42146916935975465, 0.28521833846296923, 0.20217515699674432, 0.09113733508053815], [0.041760270509550924, 0.02613019641167799, 0.0667250185551429, 0.8653845144236232], [0.11775020840137093, 0.09461897165374165, 0.5073473827641085, 0.28028343708079057], [0.04788173616132409, 0.07708569094292228, 0.046046749896493544, 0.8289858228992862], [0.11744123730425554, 0.16049944881174372, 0.5471626675328577, 0.17489664625110915], [0.1678987183645182, 0.36655518861439035, 0.180092576266171, 0.2854535166549209], [0.16180599220844818, 0.2884287942224768, 0.43321840732130024, 0.11654680614776941], [0.177192852020061, 0.35780306765686687, 0.14922304977330614, 0.31578103044975053], [0.15031067998319908, 0.30354784740747115, 0.1503041231635291, 0.395837349345796], [0.1645970363102463, 0.39487813724909643, 0.12820398803063082, 0.31232083831002366], [0.20515845941993552, 0.49212763928222886, 0.1454352731305811, 0.15727862806724063], [0.18828515778539756, 0.2254077695575061, 0.13455277003600358, 0.45175430252108745], [0.21087196303052233, 0.2244316669437418, 0.3587205394673673, 0.20597583045836673]], "ideal": "B", "sampled": "D", "correct": false}}
{"type": "result", "data": {"idx": 2, "options": ["totally internally reflects", "passes into the air above", "is absorbed", "None of these"], "probs": [[0.48902512466166986, 0.13061900753006264, 0.18127170506697277, 0.19908416264131165], [0.4392723826227138, 0.12099040113702199, 0.2580848787294713, 0.18165233741079792], [0.4453771279448526, 0.10255487170496229, 0.2497830891628714, 0.2022849110873162], [0.36611049251591765, 0.08560678449132679, 0.2400785536029489, 0.30820416928978606], [0.36821900097229016, 0.16848203355169078, 0.2693156116873762, 0.1939833536886484], [0.38584584040021574, 0.15458575519765347, 0.16849720471668073, 0.29107119958544514], [0.056865620436690134, 0.611339762040134, 0.16980673407451485, 0.16198788334867517], [0.05517661868716465, 0.5930012013570132, 0.2018644726825237, 0.14995770717327656], [0.029647469859299495, 0.06783492103239971, 0.7180113025886242, 0.18450630641965488], [0.020227600068561627, 0.043838618442083, 0.10269533614963168, 0.8332384452397055], [0.027349108078764627, 0.07727348034575142, 0.7509718370887006, 0.14440557438679724], [0.022891285669361904, 0.055359472117443756, 0.1083356693990564, 0.8134135727141562], [0.04681823100412879, 0.651323351341328, 0.16209964190636078, 0.13975877564820333], [0.03672903858434432, 0.6017237685889991, 0.18645318420054294, 0.1750940085261024], [0.03118268622591094, 0.06599007130717968, 0.7041957597752041, 0.198631482591703], [0.021852402511234194, 0.04519510724176007, 0.11272597597190864, 0.8202265141751166], [0.027050933940241724, 0.06489918422780144, 0.7423639023676889, 0.1656859793642586], [0.02905744883647492, 0.06445770839065737, 0.15112836567711768, 0.7553564769957625], [0.09902418229785655, 0.671458041691256, 0.13429437384244824, 0.09522340206844465], [0.0786535515533932, 0.6686931386113126, 0.1317625507315866, 0.12089075900368919], [0.05171189362366486, 0.08864166277732222, 0.7135048921943664, 0.14614155130464085], [0.03555252286938371, 0.05767326900243852, 0.09148150279195418, 0.8152927052362499], [0.03302102832451149, 0.06365465979733138, 0.7342806565894383, 0.16904365518874415], [0.025196349098281893, 0.03723467563576918, 0.10944168904874992, 0.8281272861172077]], "ideal": "B", "sampled": "A", "correct": false}}
{"type": "result", "data": {"idx": 3, "options": ["always.", "sometimes.", "never.", "on planet Earth only."], "probs": [[0.3516801325879233, 0.27400586327942505, 0.278157131253689, 0.09615687277894439], [0.29371040887165045, 0.26733253373685445, 0.1313475086381446, 0.30760954865336126], [0.3340348160158823, 0.2483181461391564, 0.3188835284458425, 0.09876350929911942], [0.19655448345385335, 0.16041295845519052, 0.12494790843415723, 0.5180846495568044], [0.23807457182643318, 0.09107692508524837, 0.48833713614606244, 0.18251136684225377], [0.2356769796024866, 0.09371910391685105, 0.3536224207907964, 0.3169814955898466], [0.1560278327906383, 0.5195529480438669, 0.2341441440455584, 0.09027507501994218], [0.15801633925964687, 0.4430018189812483, 0.11740667715700615, 0.2815751645020784], [0.10894898896826738, 0.1942023176161136, 0.6171433586951681, 0.07970533462046822], [0.08120678906724006, 0.09133905932814396, 0.06893197712660892, 0.7585221743779851], [0.04712704687324423, 0.055090175129310325, 0.7666700541491137, 0.13111272374833094], [0.07519129717587339, 0.06481262868849695, 0.32149874872820816, 0.5384973253074438], [0.14115920225416118, 0.4417493414306162, 0.3230763278494564, 0.09401512836575521], [0.12338338307986552, 0.28008114808159623, 0.12722107303118604, 0.46931439570734634], [0.1440522210053449, 0.22485191123458634, 0.5395454290543157, 0.09155043860576542], [0.10167775787191523, 0.10405439581035629, 0.08293847842855452, 0.7113293677891956], [0.08685545112307841, 0.05184824470883814, 0.6830839533872533, 0.17821235068084373], [0.09100895659818138, 0.06060874795819817, 0.3327655963724025, 0.515616698971228], [0.05629252221236472, 0.5255149105264115, 0.21233301850823533, 0.205859548652972], [0.07125548142107432, 0.5021017146296484, 0.1967157484875843, 0.22992705536167196], [0.046464953465712756, 0.1499497981372659, 0.6310500141648607, 0.17253523413213726], [0.06648400599869182, 0.12819951721843686, 0.22660558397145655, 0.5787108927114059], [0.03946815630288218, 0.11690144067797463, 0.6368160431100327, 0.20681435980910398], [0.05007801718147937, 0.11919260926384159, 0.27512293149501765, 0.5556064419596797]], "ideal": "B", "sampled": "A", "correct": false}}
{"type": "result", "data": {"idx": 4, "options": ["changes", "aligns with the electric field", "is at right angles to the electric field", "converts to magnetic energy"], "probs": [[0.4268175062084284, 0.2302569748981568, 0.24696986925036604, 0.09595564954305237], [0.23705701706118648, 0.2563386284397442, 0.07061386456052829, 0.43599048983856026], [0.42247538968473386, 0.1654515174684278, 0.3140300164483657, 0.0980430762984637], [0.27616900123622024, 0.1755663125475458, 0.07850098381070113, 0.46976370230553444], [0.20508643658757225, 0.027117057565454055, 0.31273782661468313, 0.4550586791323029], [0.15589580700948816, 0.024279387189713512, 0.27148851667945584, 0.548336289021351], [0.23048080971636017, 0.17261350403469788, 0.4582378070587531, 0.13866787909020195], [0.13150381462024824, 0.10732583193747999, 0.07209754883719313, 0.6890728045050709], [0.20809676698973836, 0.5109239969596546, 0.15471620833359492, 0.1262630276169899], [0.1876356278855828, 0.5180641633110495, 0.0914299761676064, 0.20287023253577677], [0.1259986320289214, 0.022236388587393238, 0.1383224775705733, 0.7134425017131097], [0.12267227077402074, 0.02414952267861917, 0.6525551356781324, 0.2006230707692048], [0.2284199929800974, 0.17103746645034063, 0.495131200828759, 0.10541133964081047], [0.19908243484685667, 0.1468412292770877, 0.0911759886020648, 0.5629003471740156], [0.29085426998571484, 0.4366262208276798, 0.1594584188407972, 0.11306109024579865], [0.2646936235335622, 0.4163109948025918, 0.09437090147491711, 0.22462448008893277], [0.21968875266303492, 0.030438935965187125, 0.17107888817019565, 0.5787934231015585], [0.16407453091123306, 0.03576936937739031, 0.6098539955922836, 0.19030210401910375], [0.018163403389961127, 0.06641978282531416, 0.37627834835219526, 0.5391384653325225], [0.016925493565901065, 0.0501468775855491, 0.25661211415095286, 0.6763155145975971], [0.019129619540231946, 0.2640313569090905, 0.14923169806480016, 0.567607325385845], [0.021249282046237404, 0.2979328655681662, 0.3484695670123683, 0.3323482852732158], [0.020069329998915166, 0.23501051200869774, 0.14478650228941878, 0.6001336556029696], [0.02465349474935879, 0.28426163747004807, 0.3885230818110284, 0.30256178586955024]], "ideal": "A", "sampled": "C", "correct": false}}
{"type": "result", "data": {"idx": 5, "options": ["red", "yellow-green", "blue", "violet"], "probs": [[0.09491919402056159, 0.1615114457627443, 0.1800651268435932, 0.5635042332731003], [0.09131287312823325, 0.13916212915975912, 0.4355449112581626, 0.33398008635385074], [0.10063837778174947, 0.16587614118778435, 0.10710427634756133, 0.6263812045829226], [0.09265629504538729, 0.2222920481158539, 0.5502869967767031, 0.13476465996206172], [0.11469668063066893, 0.3589089177599984, 0.12598392905897599, 0.4004104724503569], [0.1250051182187921, 0.43627726046084814, 0.21594150093407857, 0.2227761202862874], [0.09931382065551009, 0.2964059761875853, 0.1662695479821601, 0.43801065507474385], [0.09570743769644137, 0.30908249662069776, 0.3139628817679707, 0.2812471838148959], [0.08806672987549609, 0.5482707878676584, 0.1241910669448792, 0.2394714152119837], [0.06819255380159274, 0.46614858041848833, 0.2915556487334809, 0.17410321694642522], [0.08427790217839574, 0.6629613303293849, 0.10483923204760667, 0.1479215353446359], [0.07843897277890005, 0.6465208100810456, 0.12146725641941002, 0.15357296062064357], [0.13101726935795283, 0.1906004357854921, 0.1269845480682526, 0.5513977466882835], [0.1513909099232895, 0.24575833922387758, 0.41142356804442776, 0.19142718270839915], [0.14102949694002653, 0.16483754028463443, 0.1622715509526868, 0.5318614117226332], [0.11457468564421784, 0.12781728521764837, 0.39357735734638066, 0.3640306716917526], [0.13562536046123003, 0.48852312627343786, 0.13781701143421607, 0.238034501731122], [0.11494817574274617, 0.40117211136685343, 0.11860543562230214, 0.36527427716809235], [0.33842312516945644, 0.19900038498846093, 0.11878917700309138, 0.34378731273898555], [0.40351764398903084, 0.2262911939962945, 0.17356258757378545, 0.19662857434090802], [0.33223821978406803, 0.18345053423909113, 0.20456445949457386, 0.27974678638228534], [0.321781765111526, 0.17224260961587023, 0.2391345549806154, 0.266841070191995], [0.40066185826651446, 0.1670043946695267, 0.12030786584510594, 0.31202588111885343], [0.32808846070916736, 0.13255476278186568, 0.10484600267420909, 0.4345107737347764]], "ideal": "D", "sampled": "D", "correct": true}}
{"type": "result", "data": {"idx": 6, "options": ["mass distorts spacetime.", "gravity affects clocks.", "light can\u2019t escape from a black hole.", "All of these."], "probs": [[0.01313049044144101, 0.0043296918443844834, 0.00999415449189782, 0.9725456631222957], [0.23193441693336, 0.0690945819227028, 0.4299382044837806, 0.2690327965601772], [0.012698883340611533, 0.0019632304706856825, 0.015437772853155542, 0.9699001132355365], [0.16390525768734807, 0.013672331272307282, 0.2723606689453322, 0.5500617419949777], [0.31020124082687744, 0.11504632915793009, 0.04720371753716697, 0.5275487123780017], [0.30185541547708644, 0.11197856898948677, 0.030849117325543705, 0.5553168981078718], [0.006792247462018599, 0.018452168950750268, 0.013194120115977735, 0.9615614633712473], [0.07053080289371554, 0.2745327246695123, 0.40887007071370796, 0.24606640162304436], [0.005791103001529773, 0.002302305076050942, 0.04080119405743706, 0.951105397764997], [0.014770254162216114, 0.005924095985113425, 0.08635711299749572, 0.892948536755197], [0.0677707069326715, 0.09048077460937053, 0.3333431288881278, 0.5084053894698245], [0.014790869584239618, 0.02086538124863189, 0.012950990015939294, 0.951392759051176], [0.003968128135559288, 0.009446760420055753, 0.015810046740481722, 0.9707750646039031], [0.022892393239838243, 0.21047034377101476, 0.292257787605811, 0.474379475283347], [0.0037525000967795594, 0.0031113975817143413, 0.023348445771097303, 0.9697876564504095], [0.009561163342657029, 0.01744301401642798, 0.0921083569017103, 0.880887465639211], [0.02232074932417773, 0.06164680437215425, 0.20529619816290745, 0.7107362480407343], [0.009331466868184911, 0.01785356178012525, 0.020706477244184156, 0.9521084940075203], [0.07552966426795593, 0.1346963037049862, 0.0561444489668423, 0.7336295829601999], [0.051393493165057355, 0.0938147262799852, 0.025239036590200062, 0.8295527438647756], [0.11770017489686922, 0.1038432576269536, 0.2981623089406391, 0.4802942584355422], [0.022601332510659534, 0.01145327205067529, 0.012292380425082492, 0.9536530149135904], [0.08610491905360478, 0.022824587492187506, 0.2550241453380867, 0.6360463480160896], [0.022988805881095146, 0.006434306923350081, 0.016165444236754575, 0.954411442858781]], "ideal": "D", "sampled": "A", "correct": false}}
{"type": "result", "data": {"idx": 7, "options": ["voltage", "energy", "Both of these", "Neither of these"], "probs": [[0.5421755851276678, 0.059441976680793956, 0.35558353286888306, 0.04279890522263536], [0.6597071524999929, 0.06281532044482308, 0.11194478716549364, 0.16553273978969849], [0.571803492479903, 0.2700484988569405, 0.09552385522291611, 0.06262415334025188], [0.5718753735942838, 0.265930174132097, 0.08173864000358498, 0.08045581217003289], [0.43457143443627055, 0.057441130491799504, 0.12445038950101805, 0.3835370454709302], [0.6354034141222531, 0.09897277333040878, 0.18485662834353625, 0.08076718410379427], [0.06595042784981124, 0.40396465064711345, 0.4576729630718592, 0.07241195833119535], [0.05842196419487089, 0.421669905087741, 0.13586854652918948, 0.38403958408820954], [0.03058167578243146, 0.08185164635591807, 0.8202498641934416, 0.06731681356822736], [0.02196032163859603, 0.04367327404099896, 0.043332642252495036, 0.89103376196793], [0.022331247914694912, 0.029579563933467914, 0.6275060637928588, 0.32058312425898366], [0.02057356199580448, 0.025409800794623582, 0.06536896165266023, 0.8886476754569281], [0.20253713603531914, 0.5771840002645905, 0.11187955071892974, 0.10839931288117315], [0.20839487031832518, 0.6030651998935244, 0.11065879842144702, 0.07788113126671524], [0.12889986459872438, 0.15074875361148934, 0.6151437403870257, 0.10520764130278959], [0.12436949862717463, 0.1262646761682162, 0.07197710597628244, 0.6773887191283179], [0.15155479929238969, 0.06570210267939318, 0.6950666263510038, 0.08767647157719084], [0.11645442973148037, 0.061371588809206984, 0.26657426362941006, 0.5555997177299284], [0.11015802297966179, 0.34462674197020815, 0.10269488397312518, 0.44252035097698994], [0.11654743811702807, 0.3972961195179413, 0.40973019543637174, 0.07642624682866024], [0.06862596085279161, 0.09017632538185293, 0.40412134013364814, 0.437076373531707], [0.07447761114118734, 0.10261899310572609, 0.1744441115435152, 0.6484592841095839], [0.13837536669284642, 0.14960899523464624, 0.6198769422180092, 0.0921386957544727], [0.08451289282392269, 0.1566879904184106, 0.16289608430857774, 0.595903032349073]], "ideal": "A", "sampled": "A", "correct": true}}
{"type": "result", "data": {"idx": 8, "options": ["chaotic", "ordered", "positioned by amplitude", "in phase"], "probs": [[0.05747544970812912, 0.6084184293895114, 0.1456312108587513, 0.18847490994362448], [0.08255676424242468, 0.6803787762001204, 0.15189720464608894, 0.0851672548113551], [0.021481069586553558, 0.05440834009600243, 0.8509014181210832, 0.07320917209633876], [0.023202360971884203, 0.07668582084194368, 0.13772961531453157, 0.76238220277163], [0.07204299363257546, 0.14114898344328047, 0.7164223951174699, 0.07038562770667064], [0.025211622542778308, 0.08460247262371791, 0.09967194667906161, 0.7905139580544545], [0.5822169677205936, 0.13408010648384988, 0.16166450369316823, 0.1220384220023789], [0.6071642415407683, 0.1453216101502081, 0.14763058663885925, 0.09988356157014831], [0.5865749365549497, 0.14494012804103454, 0.10683390404256404, 0.16165103126144725], [0.5889101882520857, 0.13978684366554808, 0.1535668069271369, 0.11773616105524462], [0.5873729665186503, 0.181880207854582, 0.09660880319171392, 0.13413802233508113], [0.5348752876053832, 0.15570340303151448, 0.1643590268790967, 0.14506228238399027], [0.039953197241641605, 0.029223533506106573, 0.8407994202330479, 0.09002384891922174], [0.048904621403508944, 0.02808481636077077, 0.19339753156249498, 0.7296130305732215], [0.06568783082788728, 0.6899806307266586, 0.11261308211897025, 0.13171845622649883], [0.0705806174836447, 0.6905551627110448, 0.1424752745024218, 0.09638894520289362], [0.05088766445964495, 0.0788176641010125, 0.08064239928206884, 0.7896522720572737], [0.08974847273866318, 0.10909784165361705, 0.7056802962937571, 0.09547338921396256], [0.05808191219542419, 0.038393912195962374, 0.7958640515558411, 0.10766012395279234], [0.03385933557774167, 0.020699900325560915, 0.09951785278969588, 0.845922911206988], [0.1465365612407437, 0.60268001897594, 0.1214840590687721, 0.1292993606145396], [0.1557067667246833, 0.5143118405294534, 0.22466741236768822, 0.10531398027816574], [0.06458394268862717, 0.10077860042096447, 0.0841692763356189, 0.7504681804548051], [0.12977367861895395, 0.12000323235014468, 0.653790474930965, 0.09643261399995476]], "ideal": "B", "sampled": "B", "correct": true}}
{"type": "result", "data": {"idx": 9, "options": ["amplitude", "wavelength", "frequency", "energy"], "probs": [[0.03117512655146268, 0.02281328937142531, 0.04904191491010561, 0.8969696690670154], [0.06143249680036944, 0.045289663106163294, 0.27757851293732494, 0.6156993270561557], [0.033091326284128135, 0.01729395047788779, 0.05583146365267177, 0.8937832594852949], [0.08788829987455048, 0.04888959951530463, 0.31638642548549206, 0.5468356750246699], [0.058459591158967344, 0.2056276554119369, 0.09267661753136827, 0.6432361357977103], [0.06611938418704237, 0.22710958833569123, 0.09920605113177294, 0.6075649762454796], [0.030250745499755573, 0.025870603700867297, 0.0530807994769764, 0.8907978512223891], [0.05443645036232973, 0.04729737660852453, 0.3036547650219084, 0.5946114079072659], [0.02919083944424597, 0.02476585208993593, 0.04519545854132903, 0.9008478498244998], [0.070812611697486, 0.07777376763956971, 0.3030137471008075, 0.5483998734621353], [0.06294636961763404, 0.31722104102869025, 0.09676424588963083, 0.5230683433640312], [0.061782253495856476, 0.28789980177772584, 0.12093217995347705, 0.5293857646729335], [0.03565403231800524, 0.021978851966050504, 0.0579045983221123, 0.8844625172938186], [0.07411561206384046, 0.05216937532677985, 0.3428454794573875, 0.5308695330519811], [0.03298955800752071, 0.023025834698285397, 0.038267586919878256, 0.9057170202743284], [0.08057906940410758, 0.0716688878569054, 0.35819542563864704, 0.48955661700033865], [0.0661772323568475, 0.28985069588292867, 0.09407248403460053, 0.5498995876256151], [0.0770338724715267, 0.3269268719339016, 0.10529184213687934, 0.4907474133576968], [0.44348485771672896, 0.02463740183705623, 0.1020789702294354, 0.4297987701167644], [0.4698228942419866, 0.024711739978535926, 0.08424560856143325, 0.42121975711803644], [0.5849980459319223, 0.029362949960889242, 0.10486496234182585, 0.28077404166536923], [0.5741747535791606, 0.02858081015315901, 0.10869590737501492, 0.2885485287926856], [0.4604783098056551, 0.03284184278705228, 0.0872250683215122, 0.4194547789857856], [0.5380349717217768, 0.038055501339258016, 0.10265224729206532, 0.32125727954692046]], "ideal": "D", "sampled": "D", "correct": true}}
{"type": "result", "data": {"idx": 10, "options": ["the same", "opposite", "Either of these", "Need more information"], "probs": [[0.19593300630727656, 0.524407450965282, 0.18115078676235166, 0.09850875586510091], [0.19144128569715096, 0.5122629234760911, 0.14003000283035427, 0.15626578789640277], [0.08204223890650694, 0.1212258330176443, 0.6977902133681766, 0.0989417146076785], [0.0630633073880441, 0.10481511142191943, 0.06983479812624885, 0.7622867829637852], [0.06544569963096444, 0.05686433483199484, 0.698346432977612, 0.17934353245942566], [0.06826509210062938, 0.04512094843196771, 0.12955947605629597, 0.757054483311088], [0.3486841967667781, 0.32254694563886255, 0.21816244893680475, 0.11060640855755519], [0.3249629815863905, 0.3352022604388154, 0.1488002444739036, 0.1910345134009041], [0.3667554000840101, 0.29471131365876646, 0.19032670248433117, 0.1482065836728945], [0.34702096845149444, 0.28766524812952343, 0.1446850524393823, 0.22062873087959023], [0.31763658828884767, 0.17260901008958868, 0.30785715678863523, 0.20189724473294451], [0.332569388703584, 0.19545863822755605, 0.30740612415778046, 0.16456584881108316], [0.08620390588624832, 0.19730298287539286, 0.6075281052176993, 0.10896500592065461], [0.07411201411481681, 0.14846113918108408, 0.08008985657860887, 0.6973369900254887], [0.08908060399504382, 0.6788695783470932, 0.12954814872778, 0.10250166883007054], [0.10174885271902814, 0.6586442829958263, 0.10582787224263479, 0.1337789919425289], [0.08300893109212877, 0.05401430517808471, 0.3132194314334965, 0.5497573321963086], [0.05427211109417353, 0.054267581126590664, 0.6929555784725339, 0.1985047292067016], [0.05416062438600887, 0.17754906119061498, 0.582204491400479, 0.18608582292288306], [0.040512484236029565, 0.13285621885807902, 0.1413976029879181, 0.685233693817961], [0.07399072962737252, 0.5215461964493594, 0.22426856162857814, 0.18019451219469315], [0.07667120992001746, 0.527861013230908, 0.27394081909580964, 0.12152695765327376], [0.051367118852534525, 0.12037157611183578, 0.1671212892476427, 0.6611400156879983], [0.04167294090327394, 0.10153188046535003, 0.6315183399748177, 0.2252768385565448]], "ideal": "B", "sampled": "B", "correct": true}}
{"type": "result", "data": {"idx": 11, "options": ["conduction", "convection", "radiation", "radioactivity"], "probs": [[0.020774805894674318, 0.038799666750373815, 0.897142863525116, 0.04328266372982629], [0.007427376809000771, 0.008155603588043491, 0.011412541243937254, 0.973004478259038], [0.05030548278341592, 0.5894254462627744, 0.24954035131065078, 0.11072871954316382], [0.039006427128497535, 0.6494151693263154, 0.07281620081222426, 0.23876220263297723], [0.004903305798181229, 0.0033444554884417867, 0.012621316685100432, 0.9791309219282682], [0.02378253467841068, 0.01911078121431597, 0.716950229289624, 0.2401564547176403], [0.02004267035902441, 0.04481514576803446, 0.885936545185912, 0.049205638587016515], [0.008828678048743717, 0.010735970521721261, 0.014107765599496658, 0.9663275857300413], [0.03463673755249777, 0.5721805065350583, 0.27876231375634886, 0.11442044205612605], [0.025070637479351832, 0.6830347583698486, 0.0736623124565644, 0.21823229159425836], [0.005821859085789536, 0.005020543653130421, 0.017517130834850955, 0.9716404663262377], [0.027593569192393606, 0.02435765172470519, 0.6040424173270581, 0.34400636165584736], [0.6953027363185202, 0.0863139239898019, 0.15271075373412257, 0.06567258585757345], [0.5058328277942551, 0.08789350111633787, 0.05328185543932198, 0.35299181555010634], [0.5981381416002844, 0.08033230068116044, 0.24548176470040864, 0.07604779291816444], [0.6506101646935403, 0.06197820268065064, 0.04429720196189897, 0.24311443056389084], [0.6850489111599578, 0.02986586092021174, 0.10919204995083527, 0.17589317786901298], [0.715028921199908, 0.031186795351427276, 0.09163905723005289, 0.16214522611860074], [0.0043084294940664925, 0.008372027309191595, 0.027655547399019702, 0.9596639956977078], [0.010798069904868784, 0.0324763428981447, 0.2457497567348436, 0.7109758303621454], [0.007076317932668721, 0.013213584293217171, 0.04577098737793888, 0.9339391102961964], [0.014107478928995549, 0.03775063151940015, 0.33395655813268266, 0.614185331318941], [0.01617394765581503, 0.04501104498169601, 0.18942863423440348, 0.7493863730281103], [0.02032455258714594, 0.07147054094045406, 0.1973666944444336, 0.7108382119279882]], "ideal": "C", "sampled": "C", "correct": true}}
{"type": "result", "data": {"idx": 12, "options": ["half, 1 A", "2 A", "Depends on which lamp is closer to the battery", "Not enough information to say"], "probs": [[0.2651732914635865, 0.17665952104037985, 0.16603493110724304, 0.392132256288785], [0.28955628517718207, 0.25952148410168624, 0.22546159211115188, 0.22546063850998743], [0.25924990982546064, 0.14317352816756534, 0.1896730532401438, 0.40790350866685054], [0.2683494491652768, 0.21902109842992906, 0.24429001712392223, 0.26833943518086784], [0.2951339030025295, 0.16294598587234352, 0.27730906747799583, 0.2646110435471525], [0.2632213537022978, 0.1253831060430911, 0.29373566385561445, 0.31765987629899345], [0.07515209001647281, 0.4861719595905172, 0.14370297165903617, 0.29497297863396216], [0.07819552743422019, 0.5825514223063472, 0.14722615491686725, 0.19202689524256633], [0.09874733210042018, 0.14256314662217193, 0.4323194929899457, 0.32637002818748223], [0.07558442906352689, 0.19597255828410842, 0.1433463257651041, 0.5850966867872451], [0.09241127321154097, 0.10803347294715535, 0.57958874770042, 0.21996650604089169], [0.08221875815877246, 0.08416939010694756, 0.21154942897096277, 0.6220624226633259], [0.08265620414100472, 0.35600047848842736, 0.17628984964011063, 0.3850534676304535], [0.0987607598060086, 0.3967273721857572, 0.17053053238438082, 0.3339813355238625], [0.07246594778933903, 0.13540365101477675, 0.4724978275873788, 0.3196325735084951], [0.08095667600209468, 0.17265224558827472, 0.16227115615258328, 0.5841199221570313], [0.09199126915595936, 0.08179313623388688, 0.4707316111788971, 0.35548398333125997], [0.08031659410418052, 0.0953274437505109, 0.19260468360324887, 0.6317512784420807], [0.05503590873582854, 0.3941016102358485, 0.26248961468721915, 0.28837286624109737], [0.06101169881345598, 0.3325289001384832, 0.24707535468698844, 0.35938404626107867], [0.04114055169217275, 0.16516398335950355, 0.5170874274722708, 0.2766080373760615], [0.04332466434971734, 0.14886630224023387, 0.20992152245360693, 0.5978875108564111], [0.0496521828159284, 0.21067475237473676, 0.36983796258525825, 0.3698351021240962], [0.040061670276043244, 0.20343702892407212, 0.2034353606138221, 0.5530659400860997]], "ideal": "B", "sampled": "A", "correct": false}}
{"type": "result", "data": {"idx": 13, "options": ["increase.", "decrease.", "remain unchanged.", "None of these."], "probs": [[0.4744578149038892, 0.32623112243825164, 0.12001471098953831, 0.07929635156831691], [0.45147758263262033, 0.3569750058143632, 0.09913184275716597, 0.09241556869585282], [0.4450978081304686, 0.16761792506397302, 0.3105611825344512, 0.07672308417111363], [0.42527020566797286, 0.18871729478536095, 0.11992590910039912, 0.2660865903462897], [0.317447935463589, 0.10469955800503845, 0.47639795897120374, 0.1014545474601665], [0.4319383535435964, 0.1297845889559012, 0.2276880902112891, 0.21058896718921727], [0.263015596323659, 0.5567693666242579, 0.11049832733346852, 0.06971670961860563], [0.24522152370349157, 0.5882980230273676, 0.08812307178783856, 0.07835738138132971], [0.21155586940900103, 0.15601001814641705, 0.5576081563133932, 0.07482595603120248], [0.18915479077557543, 0.16180430993141456, 0.10202126777081946, 0.547019631422181], [0.13676764151540519, 0.07149770681493861, 0.6999121525031415, 0.09182249906649873], [0.2354296154648172, 0.10862300988322093, 0.1804763884547977, 0.475470986097152], [0.11988219210992297, 0.4777802681994248, 0.3334921975696504, 0.06884534202101554], [0.1045144365047977, 0.46831916233382415, 0.1341694332362889, 0.29299696782509516], [0.12209399907847905, 0.31180393480449675, 0.49028980671864514, 0.07581225929838087], [0.0863439482659035, 0.24204058249350063, 0.10013423299504151, 0.5714812361455386], [0.08395075592000581, 0.0752790025217703, 0.6603141522755687, 0.18045608918264913], [0.08389027395501912, 0.07289952584063224, 0.46422853808381626, 0.3789816620205279], [0.08082013532594197, 0.5029266113023069, 0.28197830056818973, 0.13427495270357698], [0.09610070145806095, 0.5616582905983264, 0.15115765173845666, 0.1910833561051469], [0.0677733802344945, 0.2576328626504832, 0.5289309669959396, 0.1456627900190729], [0.08475446671379584, 0.2610881789321554, 0.15105440440195028, 0.5031029498520785], [0.06043768785481465, 0.17763943945281988, 0.5303342946749137, 0.23158857791745469], [0.05518112369450056, 0.1699284282176503, 0.3542474910612422, 0.4206429569266232]], "ideal": "A", "sampled": "A", "correct": true}}
{"type": "result", "data": {"idx": 14, "options": ["2mg", "mg", "mg/2", "mg/4"], "probs": [[0.07556944152074538, 0.30371156481571004, 0.4216235419103418, 0.1990954516532146], [0.06691672197557205, 0.28840172742735476, 0.2505457689501792, 0.39413578154688045], [0.07471422472957422, 0.43334884465591295, 0.2670856960186232, 0.2248512344959008], [0.08352393359980036, 0.4659330224763443, 0.1973106285128891, 0.2532324153109535], [0.06495452124261165, 0.28665757553708654, 0.23769712135410972, 0.41069078176618984], [0.0669012281812913, 0.22632042020945792, 0.4501896971552367, 0.25658865435402534], [0.1780107096072117, 0.1633532529795116, 0.433637590051395, 0.22499844726188079], [0.14293587077383355, 0.1452498402821928, 0.29805424188015744, 0.41376004696383945], [0.11200460726899804, 0.5141240681546037, 0.1694194518089684, 0.20445187266744888], [0.12540957288472715, 0.5279558128689993, 0.20670991965815175, 0.13992469448811096], [0.11373925432574024, 0.3264763321636951, 0.17202520451824896, 0.3877592088923096], [0.12759104574318747, 0.2964232936315183, 0.431438857252369, 0.14454680327292538], [0.31796066989307886, 0.174239150102149, 0.31794052116686783, 0.18985965873789262], [0.34140479652596106, 0.16642533107984178, 0.2384548037581429, 0.2537150685360434], [0.32354129381597113, 0.2810376782869463, 0.19618428322266543, 0.19923674457441945], [0.33550406897827334, 0.2961760199353177, 0.23061139034905545, 0.13770852063735464], [0.2907858460863741, 0.17358667979292255, 0.16820847446622111, 0.3674189995544974], [0.3521064856268116, 0.23830982857368735, 0.24587205338990295, 0.16371163230959956], [0.22674997286888013, 0.14420415543703938, 0.26104562459979136, 0.3680002469942772], [0.1943712688795877, 0.1225770735213028, 0.444870467567663, 0.2381811899314475], [0.22587035839170447, 0.2055936251392983, 0.19618600100461325, 0.3723500153643854], [0.20999857364129595, 0.20351818441447128, 0.4443790581709425, 0.1421041836732904], [0.24100961629754616, 0.27737657201427063, 0.17225749703792925, 0.3093563145502563], [0.2649698459495031, 0.31477219609196766, 0.2607984930983325, 0.15945946476018574]], "ideal": "B", "sampled": "C", "correct": false}}
{"type": "result", "data": {"idx": 15, "options": ["less.", "equal.", "greater.", "none because it sinks."], "probs": [[0.4920622222185801, 0.24359513295506863, 0.19120726634306223, 0.07313537838327944], [0.4639217937372056, 0.22257184881292863, 0.10108726961763231, 0.2124190877322375], [0.4255644076741249, 0.27467925647364433, 0.2349957338859271, 0.06476060186631329], [0.34727692509925606, 0.25814539774538153, 0.11105745387814105, 0.28352022317720943], [0.37211710668173237, 0.07862900304991112, 0.38407856095849596, 0.16517532920986452], [0.3130700022737804, 0.06361928666282095, 0.4212445231342181, 0.20206618782917282], [0.27546329341644005, 0.37655541643271395, 0.26715307465824945, 0.08082821539258629], [0.2915060017870902, 0.3461964936684518, 0.11682221323411564, 0.2454752912103575], [0.2751840667616391, 0.23172114232280508, 0.40653824971940966, 0.08655654109614687], [0.2069634579616173, 0.1514143834621878, 0.1048872095411626, 0.5367349489350215], [0.19385828550159862, 0.04391975832632296, 0.606460601825186, 0.15576135424690285], [0.1987592159184645, 0.05872779519740484, 0.37700215094395095, 0.3655108378401812], [0.24739605344377752, 0.3655915176808592, 0.3079496957318148, 0.07906273304353362], [0.21270281803200883, 0.3142944852249925, 0.1330895940048541, 0.33991310263813806], [0.24415418374736902, 0.3286238815664696, 0.37232051977152936, 0.054901414814643196], [0.2158643116223094, 0.2730071840867974, 0.1202025685683554, 0.3909259356225349], [0.13295289210542016, 0.04929412888229697, 0.7022066849326941, 0.1155462939795938], [0.15016177189443022, 0.06611016914601021, 0.5322577424373202, 0.2514703164222493], [0.0647166577253623, 0.40268823485163885, 0.2766775372683719, 0.25591757005461474], [0.054280701956043266, 0.37658237409271195, 0.32211853246818767, 0.24701839138303847], [0.04399151276281428, 0.11960638525241564, 0.5792567375415406, 0.25714536434321245], [0.048146216746849095, 0.16546823921711254, 0.2769503387475664, 0.5094352051884498], [0.034250067771984326, 0.12527220439190784, 0.6509938962138411, 0.18948383152225948], [0.034519560033611854, 0.14417689678801449, 0.4138305193105378, 0.40747302376784517]], "ideal": "A", "sampled": "A", "correct": true}}
{"type": "result", "data": {"idx": 16, "options": ["red.", "green.", "white minus red.", "a mixture of green and yellow."], "probs": [[0.27443218496536453, 0.07739652321275617, 0.36937649060801175, 0.27879480111388455], [0.3746189180986559, 0.09109210394188623, 0.2962067627328089, 0.23808221512664327], [0.22662311658677048, 0.37360420211123063, 0.08015427014308502, 0.3196184110589145], [0.3062312023343729, 0.4121754048367679, 0.12276068203316923, 0.15883271069569288], [0.3619233547244807, 0.2732590704807116, 0.14175520447046708, 0.22306237022433667], [0.4009488096060388, 0.26296851936149146, 0.1778709659707757, 0.15821170496170295], [0.02694437715671808, 0.4414815917247427, 0.3130361278984174, 0.21853790312012472], [0.027298850315039702, 0.5787864507821945, 0.19390623409993793, 0.2000084647028177], [0.031753673153808004, 0.07790359422579361, 0.768733160149542, 0.12160957237084775], [0.024974852228280657, 0.08059058334150679, 0.07399315340960955, 0.8204414109206007], [0.0164094167339497, 0.057229956704099874, 0.7779091057478723, 0.14845152071408377], [0.021538125011629335, 0.05167724311864526, 0.06635673384988833, 0.8604278979198408], [0.055781648758161946, 0.6847534741498966, 0.078024312427086, 0.18144056456484392], [0.060624850142864034, 0.7212257776918368, 0.08679684123944346, 0.1313525308258672], [0.05605701842018551, 0.05391422519309056, 0.6989354053614888, 0.19109335092521815], [0.05338095235291449, 0.045288824759875904, 0.09820068208486321, 0.8031295407023704], [0.06319852490839555, 0.03864737034855164, 0.7819178778438537, 0.11623622679919011], [0.07993338079352472, 0.07223323347759064, 0.09567585650424724, 0.7521575291246226], [0.020698868507149252, 0.718342960381153, 0.11274693899023941, 0.14821123202146166], [0.027374228572863667, 0.722368706885588, 0.12760144201621285, 0.12265562242532213], [0.02517686741357429, 0.05626900969423724, 0.685313422395247, 0.23324070039691652], [0.024398008970167973, 0.030135069655459885, 0.06527405958752569, 0.8801928616868216], [0.02630408047793497, 0.047622357483033194, 0.8053777503288361, 0.12069581161018395], [0.025951820076230495, 0.04734788445339357, 0.060808125937023734, 0.8658921694333431]], "ideal": "A", "sampled": "A", "correct": true}}
{"type": "result", "data": {"idx": 17, "options": ["speed", "frequency", "wavelength", "All of these"], "probs": [[0.06703303534732018, 0.11312829871215417, 0.13222713378991183, 0.6876115320506065], [0.13637472532560402, 0.23941775641972746, 0.4990739688900706, 0.1251335492645997], [0.03186343735074014, 0.04089771586420386, 0.22461259205153244, 0.7026262546335328], [0.030262746004715988, 0.03916043677523243, 0.12537385880168594, 0.8052029583183686], [0.0752770007361953, 0.21599432629359983, 0.5430538460064587, 0.16567482686374135], [0.03837259549069717, 0.1307753987341331, 0.13491745892759877, 0.6959345467475591], [0.12188466993344678, 0.09057880758213331, 0.11815739419431778, 0.6693791281901192], [0.1981013750257214, 0.15794854637554884, 0.5301973469157342, 0.1137527315830206], [0.07348819418120121, 0.04458887221510288, 0.15685759869167748, 0.725065334812031], [0.13660994034471394, 0.08479085795013833, 0.4045635346784554, 0.37403566692669726], [0.11802518459843504, 0.2679154050545984, 0.40855964365705333, 0.20549976658989721], [0.10624709618403369, 0.2470498112551432, 0.11576481096809442, 0.530938281492705], [0.044864379017279306, 0.07453082172849784, 0.20581211221090356, 0.6747926869433291], [0.05164613586005438, 0.09645614189727002, 0.27908550071049376, 0.572812221432179], [0.0564611702751197, 0.10797996180448792, 0.14758395406107558, 0.6879749137593272], [0.08705166873090839, 0.20889773126904865, 0.4561034252907218, 0.2479471746093213], [0.04020913116679491, 0.08988294126550063, 0.25594422768758845, 0.6139636997800921], [0.06122849275822022, 0.1946043610133352, 0.474139643475662, 0.2700275026527894], [0.1664280169086206, 0.4056264708802591, 0.24223935299921592, 0.18570615911189492], [0.10271507214143295, 0.20103674959483983, 0.09575271609647983, 0.6004954620672706], [0.19277768596876985, 0.3833560542334756, 0.20204582618154385, 0.22182043351621228], [0.1486006729230444, 0.21625058663660893, 0.0915750184154718, 0.5435737219248622], [0.07966060235078812, 0.08753753908596447, 0.25318852088219806, 0.579613337581053], [0.1273404332868726, 0.12526921407872546, 0.2632135816021804, 0.48417677093222067]], "ideal": "B", "sampled": "D", "correct": false}}
