{"type": "result", "data": {"idx": 0, "options": ["99% of the time in repeated samples, the interval would contain the true value of the parameter", "99% of the time in repeated samples, the interval would contain the estimated value of the parameter", "99% of the time in repeated samples, the null hypothesis will be rejected", "99% of the time in repeated samples, the null hypothesis will not be rejected when it was false"], "probs": [[0.5698576474936626, 0.26491306972333717, 0.07074363267141902, 0.09448565001158542], [0.49261741674026277, 0.28072986552677914, 0.08104418310293929, 0.145608534530042], [0.30078900462373115, 0.04504755572600811, 0.5444244157313771, 0.1097390238188927], [0.33281447249933227, 0.04401496927076941, 0.07428964460669964, 0.5488809135231945], [0.31641357430802597, 0.05627816516623748, 0.4824143360804888, 0.14489392434525794], [0.3788813068353064, 0.05288588547704109, 0.08928675185137498, 0.47894605573629534], [0.5851012841114688, 0.2328505797900302, 0.07796060800124877, 0.10408752799723837], [0.481075944044398, 0.26569302717974935, 0.08693485387325516, 0.16629617480258427], [0.3875275776671734, 0.058059241237178476, 0.4324454917577584, 0.12196768923788112], [0.4219867199144151, 0.0520183915624515, 0.09059870360575167, 0.4353961848173664], [0.31474251290984523, 0.06397636938095323, 0.46538218479567406, 0.1558989328135255], [0.4363942526965751, 0.06905191149194129, 0.1094628459749993, 0.38509098973646955], [0.040136315812971064, 0.44532601040826425, 0.3869711803043438, 0.12756649337442613], [0.022130221747641968, 0.39847858074295933, 0.08350442603003885, 0.4958867713793584], [0.05368742227825902, 0.48243415526452693, 0.3212972675998295, 0.14258115475739014], [0.03516472629668469, 0.31351887714462984, 0.09266377436730971, 0.5586526220913718], [0.032595736906988845, 0.04971415466118212, 0.5644348734318816, 0.3532552348999581], [0.05363300543828347, 0.06220730255077238, 0.5205855435577073, 0.36357414835323004], [0.12430510007926515, 0.27130852509978526, 0.45444930872981354, 0.1499370659911211], [0.10573962747892059, 0.45198724482964225, 0.12166511440817687, 0.3206080131832512], [0.1578446863983832, 0.3725565021389677, 0.30419592690553204, 0.16540288445712692], [0.17273856392061673, 0.40160987519630026, 0.14099078963054024, 0.28466077115255306], [0.11422513510376636, 0.07606741088694555, 0.5157147671418488, 0.29399268676743007], [0.14919668680923237, 0.08631836142346622, 0.4814983631172838, 0.2829865885500157]], "ideal": "A", "sampled": "B", "correct": false}}
{"type": "result", "data": {"idx": 1, "options": ["ADF is a single equation approach to unit root testing while PP is a systems approach", "PP tests reverse the DF null and alternative hypotheses so that there is stationarity under the null hypothesis of the PP test", "The PP test incorporates an automatic correction for autocorrelated residuals in the test regression", "PP tests have good power in small samples whereas DF tests do not."], "probs": [[0.04279644352101388, 0.10183247879184107, 0.3843483497519122, 0.47102272783523064], [0.042958995072427036, 0.14874888667512984, 0.1312790340591776, 0.6770130840932415], [0.03287354514297467, 0.2861633283743227, 0.2646730439108786, 0.4162900824718301], [0.029621954112206913, 0.28102408860234496, 0.19617647463539917, 0.49317748255005783], [0.030129690871869806, 0.058089442683932915, 0.3018165639412943, 0.6099643024028987], [0.032787659215422184, 0.0631912740562514, 0.28083319048592886, 0.623187876142386], [0.06691128840796445, 0.04670412449133943, 0.4292807081814975, 0.4571038788191936], [0.06568941359987113, 0.050396119068746116, 0.19925384866577112, 0.6846606185656104], [0.07722878563539769, 0.2913174986394243, 0.19412811836714264, 0.43732559725803355], [0.09457721484778635, 0.30527117618694494, 0.1559320926346742, 0.44421951623057976], [0.04450577586479674, 0.0512508815049582, 0.08381723624001597, 0.8204261062902255], [0.10186625726287571, 0.057129036748714834, 0.2902693951311374, 0.5507353107572921], [0.1379526650187306, 0.08173699738231746, 0.3750241378063965, 0.4052861996925639], [0.11385804513796696, 0.06959810017234017, 0.2817930272865104, 0.5347508273031771], [0.16972390765778134, 0.15935004418434856, 0.17228448410315475, 0.49864156395470755], [0.19927050973267718, 0.17045869101356914, 0.24029299541988847, 0.3899778037338569], [0.10494465080853468, 0.1099509308622706, 0.11165573415730606, 0.6734486840718822], [0.1356329725329967, 0.09040298914685475, 0.4050537007754698, 0.3689103374446865], [0.0316958459951171, 0.0645497385774346, 0.31509748826786793, 0.5886569270595453], [0.032779276345270794, 0.062199060372922554, 0.32837008121181344, 0.5766515819700058], [0.019993161254953873, 0.20827924193841982, 0.07782804285589022, 0.6938995538507404], [0.046854969238323725, 0.2132952787728335, 0.2739667541462727, 0.46588299774257075], [0.031768910082214614, 0.24790867221732515, 0.10661895148474307, 0.6137034661157394], [0.05109958899463665, 0.23075984498037802, 0.32549596363882266, 0.3926446022861592]], "ideal": "C", "sampled": "C", "correct": true}}
{"type": "result", "data": {"idx": 2, "options": ["It would rise more quickly for negative disturbances than for positive ones of the same magnitude", "It would be symmetrical about zero", "It would rise less quickly for negative disturbances than for positive ones of the same magnitude", "It would be zero for all positive disturbances"], "probs": [[0.44531470327504613, 0.12366213987246474, 0.34130276192660136, 0.08972039482589636], [0.4153382658347664, 0.17580828659023026, 0.06995461669550511, 0.33889883077949623], [0.42199318315648154, 0.2442093762757528, 0.27668423951887144, 0.0571132009488759], [0.31783765877412695, 0.3031881227334829, 0.07091473594246143, 0.3080594824499509], [0.291040165743884, 0.04095968664557239, 0.38576241009257367, 0.2822377374179725], [0.2493659512721904, 0.03649679621718898, 0.5199508051938907, 0.19418644721675035], [0.10659816286312108, 0.5943784650149981, 0.222222248695474, 0.07680112332638975], [0.08059595531949393, 0.5680413690765385, 0.070029389257186, 0.28133328624675924], [0.08161800167385355, 0.5156849552535291, 0.33817500507308773, 0.0645220378995242], [0.06481617109637387, 0.6346845007425368, 0.06334750648183286, 0.2371518215792763], [0.07214962216158445, 0.03744785952893495, 0.6137855565560866, 0.2766169616533986], [0.055126913133655905, 0.03189724678361129, 0.5479341810073675, 0.36504165897535784], [0.4173276838260008, 0.2377239293393853, 0.28667894352332896, 0.05826944321127268], [0.3193999284006762, 0.2864325567753551, 0.0696545064639329, 0.32451300826002727], [0.4026654291099771, 0.09792283821861494, 0.42194523151077407, 0.07746650106062386], [0.4807158329236044, 0.17969350730589062, 0.06982389531739946, 0.2697667643531161], [0.3293732546726047, 0.034733606022604446, 0.4231171024918817, 0.21277603671291148], [0.2978587516771504, 0.03967536312473751, 0.47606853811142613, 0.18639734698669433], [0.05979750696882994, 0.28300364969114356, 0.4595380542460936, 0.19766078899392614], [0.05805883584888897, 0.35284863687337503, 0.1566442561996652, 0.4324482709780615], [0.04819779260966887, 0.19974022341290804, 0.47907233890388057, 0.272989644973535], [0.03497375853308383, 0.15673207483352639, 0.42624040256169454, 0.38205376397170915], [0.047035505314096594, 0.3728367227988309, 0.2561258530125657, 0.324001918774506], [0.04880941686400256, 0.27860873798269004, 0.45221295973143905, 0.22036888532186177]], "ideal": "A", "sampled": "A", "correct": true}}
{"type": "result", "data": {"idx": 3, "options": ["There is nothing in the model to ensure that the estimated probabilities lie between zero and one", "Even if the probabilities are truncated at zero and one, there will probably be many observations for which the probability is either exactly zero or exactly one", "The error terms will be heteroscedastic and not normally distributed", "The model is much harder to estimate than a standard regression model with a continuous dependent variable"], "probs": [[0.27762534941810363, 0.2954462019816823, 0.19679972226544248, 0.23012872623476982], [0.2729524845924209, 0.30932532946235347, 0.26464665894723044, 0.1530755268980055], [0.29736535060653035, 0.1403839532550823, 0.1979964918981504, 0.3642542041402474], [0.2957300429969759, 0.17387306047165504, 0.27350175337549887, 0.25689514305585415], [0.2912970440211176, 0.2065707097566919, 0.28225896674568884, 0.2198732793764998], [0.2939484577471415, 0.1989772467544536, 0.2475563561787796, 0.25951793921963373], [0.15735379789074586, 0.36010421409226073, 0.2020254587177453, 0.2805165291992582], [0.1555227059817438, 0.4035593859461361, 0.2646480100962822, 0.17626989787584763], [0.2014194514377527, 0.13842935604075945, 0.3120099343648844, 0.34814125805661333], [0.20495973912504778, 0.16467432973663476, 0.24731253094831088, 0.3830534000900155], [0.17273290426731946, 0.3078592992860225, 0.3078607296604038, 0.21154706668626377], [0.18205488242093482, 0.2820510313380044, 0.1849807440207117, 0.3509133421203331], [0.1667507298070814, 0.18896670614345032, 0.1979959414670006, 0.44628662248247863], [0.18339818664777705, 0.18339610014954902, 0.3704483413369512, 0.2627573717657066], [0.16628275361646816, 0.1688453395868524, 0.27835261578341247, 0.3865192909132645], [0.17409659400546657, 0.20034278765176858, 0.30545446544230404, 0.32010615280045696], [0.15250690449104906, 0.31770458009650454, 0.15250243343274641, 0.3772860818796841], [0.16032075487978883, 0.2368740317314322, 0.21233024806346668, 0.3904749652252964], [0.28247197655260886, 0.19409579456207499, 0.2453590006507716, 0.2780732281345557], [0.2923104226071685, 0.16923352338822067, 0.2923052361748997, 0.24615081772969516], [0.25418292522791935, 0.19179823344355412, 0.3262101132811638, 0.2278087279473601], [0.2494224246273955, 0.21011040435832634, 0.2101074240164826, 0.33035974689779185], [0.34131080643477824, 0.15625422596173777, 0.16113173020577776, 0.34130323729771483], [0.28177496960963605, 0.15089930184091455, 0.19985175800643482, 0.3674739704430111]], "ideal": "D", "sampled": "D", "correct": true}}
{"type": "result", "data": {"idx": 4, "options": ["The population is the total collection of all items of interest", "The population can be infinite", "In theory, the sample could be larger than the population", "A random sample is one where each individual item from the population is equally likely to be drawn."], "probs": [[0.1355021251002699, 0.16088977644437186, 0.3627907868977163, 0.34081731145765176], [0.13054503044951207, 0.17023028662607062, 0.19904579289375762, 0.5001788899306338], [0.12930883906329377, 0.34065747099293997, 0.15592173526744563, 0.374111954576306], [0.11187440757951989, 0.29954204393371103, 0.14598633669170197, 0.44259721169508365], [0.15343855337739565, 0.10711247020458901, 0.1418373663230317, 0.5976116099950003], [0.18532874616248224, 0.1466256915988069, 0.3984840414099887, 0.26956152072871914], [0.16787127522317305, 0.14137560879465952, 0.3962865069555284, 0.2944666089266366], [0.19763611294700267, 0.15637360830173186, 0.2275377301920361, 0.41845254845924035], [0.13123032398169499, 0.36230120463010584, 0.14416470393134395, 0.3623037673568659], [0.15759681561756683, 0.42821809834501506, 0.2054443839703468, 0.20874070196708028], [0.20249388130059015, 0.20249030582641261, 0.14585562913151523, 0.4491601836415045], [0.2430454538520138, 0.20788540183481583, 0.353757540551351, 0.19531160366182826], [0.296635646174483, 0.15149175469394413, 0.15881267761653692, 0.39305992141504675], [0.2864863926779201, 0.12517108568357982, 0.15825950794298993, 0.4300830135954852], [0.2727764582008863, 0.15067364191721552, 0.1604384812458065, 0.4161114185360789], [0.35083168464975806, 0.1848166401714731, 0.2448710120415662, 0.21948066303721267], [0.30270134078384575, 0.1301138038816954, 0.17246376706234007, 0.3947210881721422], [0.37065442295895346, 0.12806953565668475, 0.31204712242048205, 0.18922891886387774], [0.17765015069491116, 0.10774983321785415, 0.13198224529602628, 0.5826177706912009], [0.20791453345581778, 0.1301451971830359, 0.3594166457488471, 0.30252362351229733], [0.15135286270061918, 0.1797903112816512, 0.12351949120183621, 0.5453373347159157], [0.19934424074123633, 0.19629019352852145, 0.37841470492265383, 0.22595086070759737], [0.1774730843746873, 0.3585977061507794, 0.18027466619876598, 0.28365454317578914], [0.1934627284703067, 0.35029750974297214, 0.23703021660551615, 0.21920954508122634]], "ideal": "C", "sampled": "C", "correct": true}}
{"type": "result", "data": {"idx": 5, "options": ["Asymptotically, the values of the two test statistics will be equal", "The Q test has better small-sample properties than the Q*", "The Q test is sometimes over-sized for small samples", "As the sample size tends towards infinity, both tests will show a tendency to always reject the null hypothesis of zero autocorrelation coefficients."], "probs": [[0.1553152030557216, 0.11184603185785628, 0.5172117269928442, 0.21562703799356406], [0.08767506739747688, 0.1400592904168769, 0.10409472637003872, 0.6681709157155885], [0.14052500327316356, 0.426074770624147, 0.1748249430567553, 0.2585752829459335], [0.13770027851439037, 0.3984324566433603, 0.15844548913433695, 0.30542177560792677], [0.0989715536240852, 0.12504195421324243, 0.15080289208717337, 0.6251835999754812], [0.1790021549553765, 0.12112458009596258, 0.5343069360991456, 0.16556632874950303], [0.1913233486451033, 0.09321903615793593, 0.5118090996470195, 0.2036485154499336], [0.11080783581370589, 0.1217354629578806, 0.11983930853069451, 0.6476173925977058], [0.1804467403155742, 0.4131335689990872, 0.1519949974333966, 0.25442469315194094], [0.16372033793976093, 0.3689381074800486, 0.1662776765954567, 0.30106387788473365], [0.09517372288554715, 0.13015268557570164, 0.12416791407773722, 0.6505056773610062], [0.1975129809672164, 0.13366803417921252, 0.4450661223374354, 0.22375286241614603], [0.3267044477174548, 0.1642078206189792, 0.26248000331638777, 0.24660772824717797], [0.3265385206647692, 0.16681245146952142, 0.1950144810870917, 0.31163454667859597], [0.29492623105999577, 0.202761593886667, 0.16808889182282122, 0.33422328313052796], [0.26416283469139235, 0.1932393450054265, 0.17589972798690062, 0.36669809221629307], [0.314533499298071, 0.18205399126729058, 0.19377234098894333, 0.3096401683456848], [0.25299521185618457, 0.19096647838238656, 0.2693507718293069, 0.28668753783211043], [0.09889238817184959, 0.11928117644028811, 0.1269679051842956, 0.6548585301035675], [0.18764899318873923, 0.11378543641835512, 0.5430301174427201, 0.15553545285018539], [0.08718792566437854, 0.14152623595020167, 0.1172832466277901, 0.6540025916576115], [0.16294793826300785, 0.14158710475512504, 0.42255158930669245, 0.27291336757519885], [0.1632131232103635, 0.4436009441673426, 0.15576119795659243, 0.23742473456571384], [0.14723909813889316, 0.41948346383675683, 0.14955307448546282, 0.283724363438887]], "ideal": "B", "sampled": "C", "correct": false}}
{"type": "result", "data": {"idx": 6, "options": ["Includes too many variables", "Includes as few variables as possible to explain the data", "Is a well-specified model", "Is a mis-specified model"], "probs": [[0.0073094056506247335, 0.9422104865595621, 0.020180441317887148, 0.030299666371902855], [0.006812906665215779, 0.9495012176111951, 0.01408933517472401, 0.029596540448844463], [0.005636458416286244, 0.006536515373903567, 0.9625685033943681, 0.025258522715432514], [0.004429207730514112, 0.004642423725506235, 0.011580763005807466, 0.9793476054381953], [0.007218435598450963, 0.006569371166698437, 0.9525826577327187, 0.03362953540214574], [0.0042892424219710314, 0.002924865505250004, 0.014621227888884059, 0.9781646640838886], [0.90860490191084, 0.01434499937285444, 0.028532438662534815, 0.04851765995379276], [0.9297336323651333, 0.01423232639335754, 0.021364403018125065, 0.03466963812339045], [0.9030761640564179, 0.02903421089599849, 0.016545645579095866, 0.051343979368472265], [0.9178246493909202, 0.025634397481388797, 0.01775914302866994, 0.038781809999046866], [0.8596074384293855, 0.02204348320137947, 0.05204783675277887, 0.06630124151644172], [0.9144634686009596, 0.016755384953298594, 0.028928951629888084, 0.039852194715872986], [0.007729945279668089, 0.01178068978519571, 0.9360244486044051, 0.04446491623073952], [0.004793015958675834, 0.005021496087140719, 0.010546208778638485, 0.9796392790755382], [0.012688079695611044, 0.9471170805594529, 0.011374465590801984, 0.028820374054157764], [0.012203216907596839, 0.946896243562646, 0.013613524839788203, 0.02728701458996459], [0.0027679445004306926, 0.0018578904503073884, 0.01012400119515077, 0.9852501637541297], [0.01680436794064231, 0.007753445730051925, 0.9464153001495301, 0.02902688607977087], [0.0058382277788731635, 0.012750902141055509, 0.9224442210439534, 0.0589666489361167], [0.0020964093230105467, 0.004234235527669017, 0.012351169626401145, 0.9813181854229395], [0.010004370015678624, 0.9511971889804627, 0.010735686227437584, 0.028062754676425567], [0.009209849194339238, 0.9540326388549578, 0.016799699872781265, 0.019957811977936144], [0.001546145392934035, 0.0023746695555072433, 0.007430675237808627, 0.9886485097137693], [0.01095679061900298, 0.009666813393532377, 0.9560004232815529, 0.02337597260592454]], "ideal": "A", "sampled": "B", "correct": false}}
{"type": "result", "data": {"idx": 7, "options": ["They can be interpreted as continuously compounded changes in the prices", "They can be added over time to give returns for longer time periods", "They can be added across a portfolio of assets to give portfolio returns", "They are usually fat-tailed"], "probs": [[0.10765491901143925, 0.08257294484522552, 0.09648680260208525, 0.7132853334412719], [0.15457121443918884, 0.07893458063914394, 0.29790803371291336, 0.46858617110874595], [0.10329233501436677, 0.09700512892174724, 0.09401344100752855, 0.705689094956349], [0.13694789635612464, 0.0941064531063345, 0.25192486989123264, 0.5170207805463316], [0.1633408155308731, 0.19703396306447957, 0.11225168464913231, 0.5273735366555198], [0.15857970326023596, 0.20057466384646153, 0.11249603352187589, 0.5283495992714322], [0.08256769976367927, 0.12009865114689855, 0.0728643051317691, 0.7244693438576814], [0.11184582556105797, 0.13492181959317837, 0.24432441471799937, 0.5089079400277506], [0.08918526549857934, 0.08381369757922308, 0.11451790835419368, 0.7124831284680018], [0.16444964858382716, 0.1320971509399594, 0.32694581151262375, 0.37650738886358953], [0.14076501396705537, 0.1594442142177252, 0.13429510439682585, 0.5654956673183916], [0.15714304703426854, 0.18669234913156088, 0.14090459099412547, 0.5152600127400325], [0.07976539092341363, 0.11967859719628365, 0.07848351971456222, 0.7220724920657626], [0.09923309715543761, 0.13145529189649297, 0.20688636374434163, 0.5624252471037512], [0.11038042569027817, 0.084617336709389, 0.12906218386955906, 0.6759400536307595], [0.16968899392931805, 0.11127485600679646, 0.31203292616498357, 0.40700322379890735], [0.1166749165597648, 0.13859333269985902, 0.14298985728271463, 0.6017418933576419], [0.15928257211065486, 0.17771358433455706, 0.15672036375749324, 0.5062834796973188], [0.20864322641109695, 0.21523700687993924, 0.09852439842033368, 0.47759536818862897], [0.1988524559970795, 0.21496710883909748, 0.10156409097210553, 0.48461634409172893], [0.22915390976696848, 0.13466105981648194, 0.14345183813524345, 0.49273319218130424], [0.22585680632993077, 0.1653049195050148, 0.1307547270109469, 0.4780835470541068], [0.19291859533854122, 0.12454341962978852, 0.1501850643221765, 0.5323529206094804], [0.22072916957517347, 0.1745829079347565, 0.15175335300529674, 0.45293456938477267]], "ideal": "C", "sampled": "D", "correct": false}}
{"type": "result", "data": {"idx": 8, "options": ["(ii) and (iv) only", "(i) and (iii) only", "(i), (ii), and (iii) only", "(i), (ii), (iii), and (iv)"], "probs": [[0.02921674754484828, 0.03134974584864438, 0.20927937119344048, 0.7301541353130563], [0.04856847548861939, 0.05292954094964757, 0.6808050588155367, 0.21769692464618742], [0.03734156600564062, 0.07253966635926282, 0.06655427462201775, 0.8235644929130527], [0.05350073453826022, 0.12341017985444958, 0.5888439598269565, 0.2342451256803491], [0.046522878428048246, 0.32549622900290137, 0.08296169689624427, 0.5450191955728017], [0.061502382778725884, 0.5273514571703195, 0.14184992929671075, 0.2692962306542551], [0.029027465127056697, 0.028795325984248478, 0.16968608468670238, 0.7724911241020015], [0.047854286678018915, 0.04861383596157685, 0.6923579865631838, 0.2111738906972352], [0.028255272215007857, 0.04514985766423245, 0.04108875210105158, 0.8855061179196905], [0.06683589111082183, 0.1287765691843615, 0.6049375836491567, 0.19944995595567935], [0.04926775179046015, 0.5254492929595682, 0.07514360322835738, 0.35013935192161477], [0.0635652260989762, 0.5797569877453832, 0.13993526739617426, 0.2167425186594505], [0.055288928562939293, 0.029123297675432314, 0.05790953353200808, 0.8576782401296034], [0.0624365577803777, 0.04710668927430085, 0.6921442486694365, 0.19831250417586063], [0.03318503894593953, 0.019979949346170693, 0.028618528924080858, 0.9182164826837929], [0.07702553209179798, 0.05904670451929031, 0.6918263623944471, 0.17210140089448767], [0.07625114556851999, 0.5171453767796588, 0.08308037676107682, 0.32352310079074664], [0.07422787487112995, 0.5703026401295699, 0.11401539031507743, 0.24145409458423794], [0.21209611244719842, 0.07271193113300929, 0.10176939003384743, 0.613422566285935], [0.2935550285093706, 0.10226735465959658, 0.27156386944633915, 0.33261374728468], [0.24793204812449793, 0.0877094784867838, 0.0877066774741763, 0.5766517958145564], [0.29691904444836537, 0.11805862377239397, 0.3061855667953583, 0.27883676488388787], [0.28054612672191476, 0.21168311701829756, 0.09320568760911177, 0.41456506855068803], [0.3292128955057058, 0.26863366725139315, 0.12497579031663987, 0.2771776468262499]], "ideal": "B", "sampled": "D", "correct": false}}
{"type": "result", "data": {"idx": 9, "options": ["Less than -1", "Between -1 and 0", "Between 0 and 1", "Bigger than 1"], "probs": [[0.21438697050153066, 0.38212743237753805, 0.2391615188014204, 0.1643240782195102], [0.16933690941571045, 0.40630165009948116, 0.11280514281006472, 0.31155629757474207], [0.24164156321985547, 0.38608079418433966, 0.22344018338937008, 0.1488374591064212], [0.19299757543551513, 0.3549823565871443, 0.1624737309982828, 0.28954633687906733], [0.15697305771474385, 0.05819425102597628, 0.4472246072249745, 0.33760808393432484], [0.15589833444204468, 0.06598579625630514, 0.4582782954055902, 0.3198375737960637], [0.26517539013819563, 0.21645940671305344, 0.3149761868272292, 0.2033890162215209], [0.23438118980218445, 0.19434083471331537, 0.09033099435554652, 0.48094698102896455], [0.2996391229991119, 0.38461555424363064, 0.15543092805353204, 0.16031439460371205], [0.2947195382315066, 0.3498962830915402, 0.15284852888360773, 0.20253564969334373], [0.24927545056825243, 0.08093718540688509, 0.1419668063286435, 0.5278205575962299], [0.21027477259356464, 0.07613729663563457, 0.45203921319091717, 0.2615487174798628], [0.3410691178247049, 0.18835696445197597, 0.3305625868017225, 0.14001133082160716], [0.2851275131041332, 0.1525735301633139, 0.12071141121804499, 0.4415875454145299], [0.4489793947521401, 0.18713656131647427, 0.20873664084245705, 0.155147402988939], [0.49060223060705965, 0.19817161188690852, 0.12795861192403532, 0.18326754548198262], [0.32035770703398425, 0.20364204066302954, 0.10731140452911166, 0.36868884767387305], [0.4033750111580215, 0.24844574516778806, 0.12891980578564968, 0.21925943778853954], [0.22306836601348498, 0.09444264425584001, 0.39142827402775976, 0.2910607156029087], [0.22563223622474662, 0.09261120929409795, 0.46297211728265075, 0.21878443709849768], [0.308920523321735, 0.2600760462813442, 0.17875251744752796, 0.25225091284938145], [0.28617363743668545, 0.24465956754336557, 0.2815260409781999, 0.18764075394174815], [0.2343003550162134, 0.4514987088446909, 0.11067638624912789, 0.20352454978995982], [0.27227161970590735, 0.40876603871799877, 0.11348441968440037, 0.20547792179168584]], "ideal": "C", "sampled": "C", "correct": true}}
{"type": "result", "data": {"idx": 10, "options": ["(ii) and (iv) only", "(i) and (iii) only", "(i), (ii), and (iv) only", "(i), (ii), (iii), and (iv)"], "probs": [[0.060184795885076414, 0.05923301569985125, 0.33568299655734696, 0.5448991917577427], [0.04511993582448815, 0.049145645475231425, 0.6783855480088682, 0.22734887059140005], [0.07229768412103492, 0.16546684827776323, 0.08718949776547798, 0.6750459697357017], [0.07093668077742551, 0.1662796610190108, 0.48858274275244623, 0.2742009153511168], [0.07160843533314024, 0.4351087986136328, 0.10334517924216688, 0.389937586711061], [0.07607528829536467, 0.5445615986857891, 0.13772940722329546, 0.2416337056955399], [0.06623012640811761, 0.05240062372472482, 0.24805406213459413, 0.6333151876325744], [0.050871762142959465, 0.04150041439990157, 0.7245405501445839, 0.18308727321257595], [0.07189721179562476, 0.09374316000305853, 0.06148693321531287, 0.7728726948860258], [0.09333952502829583, 0.1090836080837735, 0.5806344612824383, 0.2169424055054927], [0.057389075316855866, 0.5035082241140536, 0.06501465698508405, 0.37408804348400093], [0.07383037470090949, 0.5896021859495739, 0.12957154176256716, 0.2069958974869212], [0.0985343053349735, 0.06025381244404583, 0.06617382594807295, 0.7750380561729033], [0.0741038783775455, 0.04391658364969818, 0.6709162907136246, 0.21106324715913982], [0.07763867715971644, 0.045989575187116105, 0.054624789197687075, 0.8217469583554956], [0.09395860654820024, 0.05833194094058842, 0.6519922895190038, 0.1957171628921988], [0.11232714738543037, 0.47295618104366843, 0.09461617402214509, 0.3201004974487592], [0.11429386894210393, 0.4886420617754354, 0.11428570235225569, 0.28277836683019575], [0.19618663236349831, 0.09711420618615793, 0.16516890688775349, 0.541530254462598], [0.23381694693238841, 0.11397512252126624, 0.35650786776336507, 0.2957000626829763], [0.1781510655228106, 0.12240759239951893, 0.08748367621893217, 0.6119576657587273], [0.23121096121519746, 0.1691903108342657, 0.2834441531437456, 0.3161545747068057], [0.2583440462188983, 0.22439449275535378, 0.10438179283415008, 0.41287966809160276], [0.26231478950136267, 0.25424299105890463, 0.1517869635498257, 0.3316552557898875]], "ideal": "B", "sampled": "D", "correct": false}}
{"type": "result", "data": {"idx": 11, "options": ["(ii) and (iv) only", "(i) and (iii) only", "(i), (ii), and (iii) only", "(i), (ii), (iii), and (iv)"], "probs": [[0.023992251298438023, 0.017686867154720818, 0.15162424791555634, 0.8066966335312897], [0.03333080822813365, 0.025957192905034995, 0.7182907749641876, 0.2224212238026496], [0.02756826102076762, 0.03272481337506494, 0.04835346100581215, 0.8913534644983395], [0.04449501348644625, 0.06032855723011107, 0.6288451224856555, 0.26633130669780725], [0.03742824803498722, 0.39291582929388197, 0.0883400913069383, 0.48131583126417915], [0.045188081758303064, 0.5128772337924409, 0.14031114552531898, 0.30162353882391224], [0.018129238115963273, 0.015380538257111644, 0.12670258457209835, 0.8397876389548451], [0.02437423882229358, 0.021167288797674915, 0.7520415828641674, 0.20241688941586092], [0.013978940847494393, 0.017121072088389692, 0.026520288560153794, 0.9423796984039712], [0.0389225331633795, 0.06123223560724373, 0.6231762001080803, 0.27666903102128537], [0.03272707545799259, 0.4998754378473468, 0.07203981694403094, 0.3953576696506151], [0.04025901801541479, 0.5341906633993965, 0.12109787936412765, 0.30445243912106934], [0.030801273122328623, 0.015368955060922373, 0.032293671469567416, 0.9215361002471765], [0.03742637099166, 0.023793999613015496, 0.7516103391437169, 0.18716929015159833], [0.01681739633485588, 0.007175842804561847, 0.021423707760001274, 0.9545830530005912], [0.041422434825445595, 0.02695109497848516, 0.689533919158526, 0.24209255093754245], [0.054090150344515385, 0.50933520169167, 0.09205370741924139, 0.3445209404445731], [0.04639266066304621, 0.506832409803088, 0.09301918101454697, 0.35375574841933116], [0.31860478916546786, 0.06033396517436359, 0.11181249683038015, 0.5092487487298075], [0.3809376385995182, 0.06465097102232333, 0.23844575547995112, 0.31596563479820666], [0.37206864396322586, 0.06216524136444778, 0.11706115726643541, 0.44870495730590976], [0.3105764098180136, 0.06513110419815281, 0.2829740942833918, 0.3413183916004534], [0.41558819437358485, 0.10023724600514268, 0.11182973499754689, 0.3723448245237324], [0.40972906048994734, 0.11030916233391817, 0.10688512407181007, 0.3730766530043317]], "ideal": "D", "sampled": "D", "correct": true}}
{"type": "result", "data": {"idx": 12, "options": ["Forecasts can only be made for time-series data", "Mis-specified models are certain to produce inaccurate forecasts", "Structural forecasts are simpler to produce than those from time series models", "In-sample forecasting ability is a poor test of model adequacy"], "probs": [[0.13097908795032423, 0.18469098903799697, 0.1155356619824514, 0.5687942609292491], [0.17240959992057403, 0.2754617038390376, 0.25885471246423336, 0.29327398367614815], [0.1353897111718059, 0.12514089932232125, 0.12324201761906864, 0.6162273717868137], [0.13149887103639515, 0.09396219974554329, 0.20365758368293133, 0.5708813454351295], [0.1541127096658937, 0.34729860405620466, 0.17743678089319023, 0.3211519052846928], [0.0964143354468687, 0.19320002149027568, 0.09641367966639641, 0.6139719632964394], [0.17249014694884524, 0.10462347800845209, 0.13013078715639095, 0.5927555877863274], [0.23739312551701108, 0.15570606489928304, 0.24496567692214052, 0.3619351325615462], [0.18020417418090823, 0.07228205315459334, 0.20107910258136155, 0.5464346699831405], [0.1708049673622845, 0.07698384264081769, 0.11739060181922269, 0.6348205880776808], [0.20525231529363835, 0.2717998307951817, 0.29401853750497015, 0.22892931630620522], [0.1520024235888831, 0.18619250151818678, 0.1060966897767702, 0.5557083850161665], [0.13771833329691296, 0.1056129091524348, 0.15847136700822118, 0.5981973904424345], [0.09408740475422075, 0.058403572335647816, 0.13053546492355564, 0.7169735578865633], [0.1395756324726168, 0.11387563150349968, 0.16826938465641642, 0.5782793512674536], [0.13787588830562084, 0.10087741130015175, 0.13360022285229387, 0.6276464774419157], [0.07789192143494059, 0.12746446525476832, 0.10566395299014457, 0.688979660220158], [0.13330737908420007, 0.2197409434921702, 0.11133461363317318, 0.535617063690478], [0.3345083677135224, 0.13101052600656618, 0.24856909831637625, 0.28591200786354126], [0.21245991352034085, 0.059473613583334015, 0.08388740603480573, 0.6441790667615117], [0.3360140472340604, 0.16387195397449494, 0.26178527927610157, 0.23832871941533879], [0.24429729720843618, 0.10183164503736687, 0.11183518531086302, 0.5420358723433407], [0.2108743391562017, 0.05678761166932784, 0.10281417529364621, 0.6295238737808184], [0.2639848330725985, 0.0904896196572798, 0.09560992700038322, 0.5499156201697344]], "ideal": "D", "sampled": "D", "correct": true}}
{"type": "result", "data": {"idx": 13, "options": ["An AR and an MA model", "An AR and an ARMA model", "An MA and an ARMA model", "Different models from within the ARMA family"], "probs": [[0.08041562028895691, 0.04136762015359824, 0.0791298107191044, 0.7990869487383205], [0.109893841545132, 0.05790757526291629, 0.524034980489157, 0.30816360260279063], [0.06262022634359529, 0.030988774630100722, 0.10082128588397178, 0.8055697130423569], [0.06661661885367806, 0.030025643486676742, 0.448142158457889, 0.4552155791017407], [0.10293713974244152, 0.39755698427684694, 0.18498134641787933, 0.31452452946282583], [0.08626971607311908, 0.36312753684280014, 0.10567759014099659, 0.4449251568430771], [0.07398409956433762, 0.03778533086416541, 0.06738878091274769, 0.8208417885587564], [0.0996318155636906, 0.05210471521465879, 0.5645355066177812, 0.28372796250387244], [0.06634605499495333, 0.03363025667964773, 0.07879347512758506, 0.821230213097833], [0.09908187892294554, 0.04606078515678086, 0.5567215143466945, 0.2981358214735803], [0.08747509708190712, 0.47659072878722764, 0.1283035912745559, 0.30763058275632094], [0.08583217983064483, 0.48248045889539043, 0.12013154361342852, 0.3115558175605409], [0.06034581052229656, 0.034643636389865395, 0.08509504564440976, 0.8199155073434303], [0.07185385410392803, 0.03937523497521763, 0.5064068697683473, 0.38236404105251226], [0.0755926718216335, 0.04729045995480015, 0.08975337596904218, 0.7873634921545047], [0.08863217358624702, 0.054173528951486465, 0.5429806778620125, 0.31421361950026755], [0.0561494987659274, 0.43132439525708444, 0.11979851060199886, 0.3927275952749671], [0.06502003035644059, 0.4304972929819965, 0.1794759858985106, 0.32500669066305116], [0.18547877988815203, 0.20061410105823596, 0.22734829464063636, 0.38655882431297267], [0.15067821219418184, 0.14151990346965743, 0.13931562437881811, 0.5684862598573381], [0.1722904262267288, 0.20464433214793962, 0.24676177509603062, 0.3763034664292979], [0.184843434245185, 0.2264729730590561, 0.1848350307511203, 0.4038485618446477], [0.18242482207328384, 0.1489677529343885, 0.21001032149579624, 0.45859710339652776], [0.20306001500647305, 0.17643913005042908, 0.2229520498873557, 0.3975488049557392]], "ideal": "B", "sampled": "D", "correct": false}}
{"type": "result", "data": {"idx": 14, "options": ["A cyclical pattern in the residuals", "An alternating pattern in the residuals", "A complete randomness in the residuals", "Residuals that are all close to zero"], "probs": [[0.2973700735925669, 0.14954326733764306, 0.34227745376284097, 0.21080920520696142], [0.2316617262462283, 0.11833797562560583, 0.13615732878551876, 0.5138429692426236], [0.2962037064337392, 0.07551957844035856, 0.43098097884949027, 0.19729573617640528], [0.186649768954144, 0.04263564689869723, 0.08813313458888823, 0.6825814494582836], [0.18656639725747362, 0.04035558834942332, 0.5835956304025174, 0.1894823838905792], [0.19546794062533265, 0.05219641375111761, 0.10139301579543741, 0.6509426297281113], [0.35267344231108283, 0.13177048538840477, 0.3016173693188978, 0.21393870288159078], [0.2957532403371616, 0.1063036304055261, 0.13981192663882988, 0.4581312025184657], [0.2295580297668084, 0.04591385930361041, 0.5592093410704202, 0.16531876975914792], [0.12384862986379944, 0.022905732754267546, 0.07055735220237834, 0.7826882850795654], [0.1891607066081019, 0.04057564545145283, 0.600778255941075, 0.169485391899349], [0.15495106765425704, 0.04203622539520788, 0.0641020321821279, 0.7389106746683964], [0.18865236835463722, 0.21038516830601442, 0.3308854470074922, 0.2700770162318447], [0.11469872858795412, 0.10444495210603687, 0.09967689448667791, 0.6811794247193365], [0.11676120525928563, 0.08215383059607227, 0.6024931683332158, 0.19859179571144348], [0.040983735991887135, 0.028837502318915846, 0.053856796264291434, 0.8763219653249291], [0.07870570659313242, 0.02456154532718468, 0.6090595315049404, 0.2876732164747252], [0.06330772371310854, 0.017170364260703248, 0.2949572582387823, 0.6245646536874055], [0.06196155568876981, 0.46878100287219066, 0.31226929772326895, 0.15698814361577923], [0.041413258543443, 0.3749749489173745, 0.046566250333455246, 0.5370455421057482], [0.03794020076922087, 0.4958687358954827, 0.34082417401854753, 0.12536688921676098], [0.025823389181058903, 0.304962360777088, 0.03393865928525261, 0.6352755906566059], [0.04022306800279665, 0.020233004967411972, 0.6751866367795389, 0.2643572901502797], [0.036051385644100147, 0.013904518624434592, 0.2644384595533079, 0.6856056360781568]], "ideal": "B", "sampled": "A", "correct": false}}
{"type": "result", "data": {"idx": 15, "options": ["(ii) and (iv) only", "(i) and (iii) only", "(i), (ii), and (iii) only", "(i), (ii), (iii), and (iv)"], "probs": [[0.07930484930104155, 0.09340144136055166, 0.22758127515095103, 0.5997124340874526], [0.0878946022052893, 0.10278317599312138, 0.5385727522672403, 0.2707494694343606], [0.09482293784932899, 0.16252402217898068, 0.13895790363931182, 0.6036951362323628], [0.09748403850035448, 0.1864102234884098, 0.4404556455769973, 0.27565009233424337], [0.07708746544399876, 0.34274946787820415, 0.12609064979984397, 0.4540724167779705], [0.08169063167439002, 0.4847313932241794, 0.15738764474723035, 0.27619033025418704], [0.07802778019578364, 0.07741218428475641, 0.24041658082858053, 0.6041434545908698], [0.07961800032421654, 0.0895661070590681, 0.5441102283305491, 0.2867056641861473], [0.07448645539116663, 0.11538558748868229, 0.1034184683648426, 0.706709488655298], [0.09133659669175022, 0.14590781993645985, 0.5504250494453858, 0.21233053382639144], [0.08326270108495462, 0.3503602079989406, 0.10199561680757929, 0.46438147400853147], [0.09754115882218357, 0.4406671375592527, 0.19860862117215963, 0.26318308234641663], [0.10474289443220414, 0.10315056877575324, 0.17004451585169533, 0.622062020840363], [0.09854508736556164, 0.09701456366286679, 0.5323890304205252, 0.27205131845102715], [0.08461590180614448, 0.09969021416259521, 0.11293556701622134, 0.7027583169150362], [0.10738599236496914, 0.11977186015950858, 0.5626020109380052, 0.21024013643751205], [0.1260299454860214, 0.3069948088144494, 0.09146491344666362, 0.47551033215284244], [0.1162461809952363, 0.4185533022888674, 0.16385993172637497, 0.30134058488951027], [0.15224630010955745, 0.1167137293796981, 0.20803230323738775, 0.5230076671733569], [0.15664205566075315, 0.12013219373458073, 0.297398974876253, 0.425826775628413], [0.15928800332252788, 0.13621398226571976, 0.19821687390872345, 0.5062811404030539], [0.16821943157383618, 0.1352539042576635, 0.3618147485507142, 0.3347119155177986], [0.16679647875883025, 0.22454118878543092, 0.12588533724773368, 0.4827769951079951], [0.18464528539299938, 0.26034626816084927, 0.19355277381947994, 0.36145567252664873]], "ideal": "A", "sampled": "D", "correct": false}}
