{"type": "result", "data": {"idx": 0, "options": ["p = 4", "p = 8", "p = 12", "p = 24"], "probs": [[0.20499001790509205, 0.17262727016479346, 0.20827543263159715, 0.4141072791985135], [0.1851896750294515, 0.1560057258706489, 0.20031506914749825, 0.4584895298524092], [0.18935118231248346, 0.1148140958063251, 0.38844655336930345, 0.3073881684118896], [0.19058428421619655, 0.126969063330356, 0.3093594165461543, 0.37308723580728853], [0.1518919792312865, 0.1182475926342731, 0.4676078361802643, 0.26225259185416505], [0.14014536275996614, 0.1162119639640446, 0.4816825000370637, 0.26196017313893283], [0.12601576093698783, 0.40048192565968815, 0.1567769161963741, 0.3167253971069329], [0.11377762317639312, 0.36718302202297515, 0.14599601117381353, 0.37304334352682544], [0.13931516940238575, 0.1228865246958324, 0.5254811649931652, 0.2123171408086051], [0.17251507058323265, 0.1779999274993047, 0.3171733435255174, 0.3323116582919402], [0.12770920350486475, 0.15639173386209373, 0.35794911401318846, 0.357949948519848], [0.11221798179989859, 0.1122110664661781, 0.4300312197079933, 0.3455397319259127], [0.15922740892260603, 0.34236373482357196, 0.2666644450021292, 0.23174441115167604], [0.13198175384872077, 0.31668599143299214, 0.16945302594122882, 0.3818792286770532], [0.19729814982878216, 0.1942365791280374, 0.3984814103450987, 0.20998386059807658], [0.1550750780814848, 0.20219724978994807, 0.18705554490221296, 0.4556721271263369], [0.15810998112391264, 0.2998377912273375, 0.21266983023148225, 0.3293823973172635], [0.15442796887432036, 0.23193232443339976, 0.24303854304693767, 0.37060116354535], [0.06318970872850024, 0.466633153398997, 0.19156281113086085, 0.27861432664163144], [0.05671120623806725, 0.43898794769305205, 0.18299362960964402, 0.3213072163592385], [0.06867544376470244, 0.35426678372500253, 0.3654978191179605, 0.2115599532923359], [0.05877880410045426, 0.28928799764824803, 0.15977959362275787, 0.4921536045285538], [0.04490906316669615, 0.4127080903923275, 0.2881631501324077, 0.2542196962085489], [0.04346212744137922, 0.3845194242125686, 0.18163970188239367, 0.3903787463636665]], "ideal": "C", "sampled": "A", "correct": false}}
{"type": "result", "data": {"idx": 1, "options": ["5", "7", "8", "9"], "probs": [[0.2590066256755187, 0.15708775681343054, 0.2714483417239687, 0.312457275687102], [0.19045703649785747, 0.1191574562628134, 0.1964344427730028, 0.49395106436632114], [0.18887024553605378, 0.1565160240222672, 0.35282252184331303, 0.3017912084983607], [0.22046395613619926, 0.1743189582938632, 0.27441118927555397, 0.3308058961943913], [0.16774924222006357, 0.1434527772584219, 0.33353375432918503, 0.35526422609232433], [0.18274428007436455, 0.15393331204469235, 0.3110318641885145, 0.35229054359243633], [0.1814233461183181, 0.33378074835144655, 0.19936352137137206, 0.28543238405885824], [0.15883726229565698, 0.29202815719096226, 0.17995255468214996, 0.36918202573122577], [0.17273338938458477, 0.17004646303203738, 0.3491178683710217, 0.3081022791123625], [0.19875885318003114, 0.17812465351375062, 0.2217053459336402, 0.40141114727257327], [0.14650616877814, 0.1559055612653039, 0.35697418801068537, 0.3406140818458653], [0.1460178602523388, 0.15297557362723224, 0.36698500176196314, 0.33402156425846063], [0.19336382009767483, 0.24829218103777334, 0.27270234890693995, 0.28564164985761903], [0.20437580546005663, 0.2666349436507236, 0.19203835225225255, 0.3369508985369628], [0.20557042787367377, 0.19604696573722424, 0.3085912728188245, 0.28979133347028424], [0.2072795656792198, 0.18286341891812902, 0.24609221852769475, 0.36376479677496376], [0.20073687582093996, 0.17167533107798133, 0.2967003991277995, 0.330887393873262], [0.21496957973808578, 0.18676992359830324, 0.21496403691942478, 0.3832964596441937], [0.17993666530826743, 0.27880892952578124, 0.22045706502798104, 0.3207973400379779], [0.18410962880427081, 0.2678558155089225, 0.1930149827509798, 0.3550195728358228], [0.17456459514556621, 0.1718775106500949, 0.30639420614196267, 0.34716368796238334], [0.17885916489805612, 0.1628641910092579, 0.31888430139282015, 0.33939234259986095], [0.16028245289095602, 0.19323962298979694, 0.2561014153441015, 0.3903765086751528], [0.18618438595693867, 0.19204228870378226, 0.18910895619729617, 0.4326643690419785]], "ideal": "C", "sampled": "A", "correct": false}}
{"type": "result", "data": {"idx": 2, "options": ["1 over 5", "\u22125", "\u22121 over 5", "5"], "probs": [[0.18337732339431206, 0.2178009339361138, 0.42656259654173817, 0.1722591460278295], [0.18044649401116156, 0.2544267638892029, 0.1832503073687208, 0.381876434630908], [0.2096009791516568, 0.4233375512525091, 0.1821281448350617, 0.18493332466077853], [0.19226609968722566, 0.4470197277772058, 0.14965825753122666, 0.21105591490434733], [0.17417678772191136, 0.14671280943467324, 0.22018834343671154, 0.458922059306721], [0.18164481654521222, 0.13928406011017863, 0.44946066067986473, 0.22961046256474926], [0.26227721484081085, 0.23882770136042372, 0.3213650764827416, 0.17753000721600534], [0.24087938360432407, 0.24856596703998168, 0.2060793697309315, 0.30447527952475617], [0.27808237406603104, 0.3303214286639859, 0.18810930229526734, 0.2034868948747222], [0.2203955059431795, 0.28742430719613477, 0.16129412451831235, 0.33088606224235456], [0.24380869039776973, 0.2219517043564549, 0.19582458448493767, 0.3384150206608308], [0.2464647157943055, 0.22790592662868375, 0.21411095457654258, 0.31151840290047367], [0.2919981239765493, 0.28759696374046245, 0.18566788308021978, 0.23473702910277497], [0.2795802521237981, 0.29764391350542924, 0.14735672336552064, 0.27541911090524573], [0.235206423703368, 0.2582695531225441, 0.331743849447383, 0.17478017362672324], [0.22107336655089704, 0.2504895505182336, 0.16955545441498646, 0.35888162841588844], [0.21313936756913238, 0.13977258306360152, 0.4372528136418452, 0.20983523562542603], [0.2097464423818036, 0.13124396832987756, 0.2910501684549301, 0.36795942073338195], [0.12240222396099648, 0.2844762885868482, 0.27568488432012056, 0.31743660303202165], [0.14041991784094454, 0.32136697307116374, 0.3067147092559297, 0.2314983997319428], [0.1380661508860206, 0.358153748261672, 0.22058139513272912, 0.28319870561958366], [0.14382155537813696, 0.3848118675612847, 0.22280546372974147, 0.24856111323083058], [0.16067008610369757, 0.4102048428754659, 0.21291621233036867, 0.21620885859046163], [0.12967500720799885, 0.32576319451805275, 0.26593333217403403, 0.2786284659998956]], "ideal": "D", "sampled": "C", "correct": false}}
{"type": "result", "data": {"idx": 3, "options": ["4", "5", "6", "7"], "probs": [[0.16504501858974105, 0.26782239918907375, 0.3034632342133226, 0.2636693479078702], [0.14710030334319535, 0.19177459574251499, 0.29711570098130297, 0.3640093998329945], [0.16211535187640694, 0.25122107267602056, 0.3432574513982704, 0.24340612394930963], [0.1838666215771599, 0.2632155946445161, 0.3276730969378714, 0.225244686740448], [0.14136279801989585, 0.24047943511003475, 0.29467440312767135, 0.32348336364240565], [0.1618710153248722, 0.25073294388689166, 0.27538754941127436, 0.31200849127696983], [0.15029244906157604, 0.20217465876435575, 0.3440322952847707, 0.30350059678929275], [0.13408756360550234, 0.16180487969910304, 0.297469385710366, 0.4066381708849995], [0.19363311773463698, 0.29056209575969466, 0.21596661995277133, 0.29983816645289274], [0.2169261278780492, 0.27416895657570184, 0.36889192501523094, 0.1400129904310256], [0.1540958382572419, 0.2788770152820396, 0.18583508623335496, 0.38119206012734674], [0.17588897520108068, 0.2900027972464807, 0.34980638964778776, 0.18430183780467108], [0.15330729118576877, 0.18784523701229688, 0.3854465003637155, 0.2734009713382384], [0.164454185089057, 0.18337390516316926, 0.2930015245518499, 0.35917038509591903], [0.20581735411942814, 0.2644045178740528, 0.2814905781432014, 0.24828754976332593], [0.197296820902479, 0.20998781088247467, 0.3923767867565994, 0.20033858135844246], [0.19983469307036086, 0.24475155327401224, 0.17626802842450828, 0.37914572513112615], [0.23047576780814602, 0.28686420532515544, 0.2131323378587422, 0.26952768890796514], [0.1368622370151242, 0.14796974185044498, 0.354776242542226, 0.36039177849219944], [0.1463670145578582, 0.14416751878997974, 0.30517318373901314, 0.40429228281315593], [0.1632130366242291, 0.2196059071566196, 0.23754673631330547, 0.3796343198058531], [0.16640832813978826, 0.20070976924084033, 0.3750414718172466, 0.25784043070212015], [0.1699471951679291, 0.20168665206919603, 0.18080744924773123, 0.4475587034151382], [0.1935113229805294, 0.256379497578065, 0.2729801423943966, 0.2771290369470048]], "ideal": "B", "sampled": "C", "correct": false}}
{"type": "result", "data": {"idx": 4, "options": ["4t = 112; $448", "4t = 112; $28", "t over 4 = 112; $448", "t over 4 = 112; $28"], "probs": [[0.25998740563790596, 0.1731954221375716, 0.276817417079823, 0.28999975504471937], [0.22242065821820972, 0.15527265127218687, 0.31347203680071106, 0.30883465360889956], [0.22476792045992464, 0.13209610044051145, 0.25466653614012025, 0.3884694428594386], [0.25116883293903147, 0.15230591865554613, 0.2982622070528725, 0.2982630412525817], [0.16761096209893542, 0.3034629742148322, 0.28515270977619017, 0.24377335381004864], [0.18506760373241413, 0.32470243528794746, 0.18505657757568944, 0.3051733833039553], [0.3042277265057614, 0.08990953655409471, 0.19031665598447228, 0.4155460808556726], [0.30568365307446127, 0.062105033653319895, 0.4050354117830207, 0.22717590138920285], [0.3600948544253314, 0.0815985563159984, 0.1867537496706781, 0.3715528394880051], [0.2171873094303413, 0.0786791703984806, 0.5376209507633971, 0.16651256930778136], [0.4238881747812796, 0.21315823338047177, 0.14650013431094153, 0.21645345742730226], [0.41583141953879726, 0.22609863285828644, 0.15541184019568843, 0.20265810730722283], [0.19851995172210968, 0.17519175653689434, 0.16456902757455075, 0.46171926406644087], [0.2515058849280633, 0.17555798538990058, 0.3330421921646683, 0.23989393741736362], [0.1722708716043098, 0.28836203892713524, 0.1804399093968715, 0.35892717997167783], [0.1871428581458691, 0.3232379015775389, 0.26391269268924616, 0.22570654748735258], [0.17300380521044914, 0.13478206340253293, 0.3838299219341201, 0.30838420935289296], [0.1455166294952735, 0.12841830334886895, 0.4274833646065967, 0.29858170244926807], [0.2895973793354169, 0.07557091549582741, 0.40214061568707876, 0.23269108938167196], [0.48197140016388496, 0.09943175806038641, 0.18006147146019746, 0.23853537021553306], [0.37095083252740346, 0.3074422889380124, 0.11672601092544431, 0.2048808675091232], [0.44171388875580203, 0.3083813780120146, 0.1152466825475524, 0.13465805058462704], [0.30548661858637965, 0.07258380069705804, 0.19119447312476134, 0.4307351074917901], [0.1475898720661168, 0.027725306742677393, 0.6410950396204457, 0.1835897814707682]], "ideal": "B", "sampled": "D", "correct": false}}
{"type": "result", "data": {"idx": 5, "options": ["9", "11", "26", "32"], "probs": [[0.1063959521462293, 0.25123550645892384, 0.3830762105387034, 0.2592923307561441], [0.1344215160411557, 0.3125365055745219, 0.25930542380627497, 0.2937365544780433], [0.11163242602482087, 0.4279483667158984, 0.18406893187010923, 0.27635027528918554], [0.12325924170807273, 0.39777429487025595, 0.282031275679006, 0.19693518764265477], [0.12671506889702278, 0.3554658796491687, 0.20898145914944818, 0.3088375922043691], [0.1280741243342128, 0.337440868377585, 0.30252341268722394, 0.23196159450097434], [0.12013714071423687, 0.21084081249444264, 0.39408753178516315, 0.27493451490615217], [0.14307235780778046, 0.2590313252244644, 0.27563184303799654, 0.3222644738297667], [0.13832825419761757, 0.288362868031658, 0.24660939851455851, 0.32669947915616177], [0.168973679283887, 0.320836728421296, 0.3157087907612795, 0.19448080143353336], [0.1439083264439741, 0.23727470809888226, 0.2336110893034384, 0.3852058760537258], [0.15733600401415143, 0.2475270163746855, 0.34370421245668503, 0.25143276705449846], [0.1336885208684432, 0.2920259417515823, 0.23830790814455788, 0.33597762913541224], [0.13234654826672387, 0.284700746548587, 0.34329997320789457, 0.23965273187678987], [0.12999492985131803, 0.2795050550904131, 0.2882916216851829, 0.3022083932731062], [0.15310205361535772, 0.33963793242184204, 0.30447716601204033, 0.20278284785075554], [0.17188096181173154, 0.27880651431078773, 0.27465486129663397, 0.27465766248085516], [0.17090486906775496, 0.2731914403865671, 0.2954068616214383, 0.26049682882424796], [0.11178029442524498, 0.2722654684480584, 0.22574693124733522, 0.3902073057793512], [0.1115373967811473, 0.26323056693018587, 0.3892277117837924, 0.23600432440486355], [0.11244538971776222, 0.27835320204414415, 0.25735235121860967, 0.3518490569194803], [0.12404494153068568, 0.30692041106914525, 0.364542638875448, 0.2044920084247165], [0.14687370502191793, 0.23830914794330507, 0.33621928862048267, 0.2785978583142903], [0.1384498370492244, 0.22475848554328412, 0.3481837315457368, 0.28860794576175003]], "ideal": "C", "sampled": "C", "correct": true}}
{"type": "result", "data": {"idx": 6, "options": ["1.1 over 11", "11 over 11", "12 over 11", "11 over 12"], "probs": [[0.2936735856991361, 0.09532689494164015, 0.35981376132355397, 0.2511857579356888], [0.33741028848592747, 0.09814623838245906, 0.2668415783363185, 0.29760189469530185], [0.20618522905020875, 0.36742967481357525, 0.15319614907038112, 0.2731889469658423], [0.16252221538869913, 0.25177139013396355, 0.13687306534139085, 0.44883332903592965], [0.173980241783776, 0.13136610485733938, 0.4375462404312717, 0.2571074128276082], [0.17410107430806804, 0.10560587329219472, 0.3154642891506222, 0.4048287631491101], [0.1486721669255924, 0.3246659306210877, 0.3297884246013859, 0.19687347775195355], [0.15666347846935103, 0.37582223248601354, 0.24651589211894462, 0.22099839682567432], [0.12418346630043424, 0.2507941034651323, 0.44712393303799897, 0.17789849709641686], [0.0913143407213799, 0.2260753048912576, 0.22607178847103573, 0.456538565816334], [0.10635596414751092, 0.14542341546555568, 0.4766728397731329, 0.2715477805137828], [0.08234743793531094, 0.12171359592672329, 0.43825468020754293, 0.3576842858304234], [0.21688450528429312, 0.431307150440956, 0.13151607261073453, 0.22029227156398687], [0.19339044643664557, 0.34476809788967255, 0.13294921863076142, 0.32889223694291564], [0.2883734919756982, 0.13405091589923707, 0.34232099788146003, 0.2352545941435994], [0.1992256411026094, 0.08569484559139677, 0.2519506930946621, 0.463128820111338], [0.2198828480075169, 0.1909420707998545, 0.31985841476185684, 0.2693166663307665], [0.18225823474415048, 0.16589488847455258, 0.35131320692862966, 0.30053366975267404], [0.1604582413926692, 0.1155769109696415, 0.5778038311007975, 0.14616101643686824], [0.18338012603798445, 0.1473587797141802, 0.29300009432905266, 0.37626099981877825], [0.13918569201624298, 0.43559719537537805, 0.17323613336693724, 0.25198097914143774], [0.1296629422983191, 0.34696511576266265, 0.23110355819714967, 0.2922683836418643], [0.17725321472252625, 0.28759738505240645, 0.1772437979059762, 0.3579056022190987], [0.12168766072387385, 0.13786146959352352, 0.5714556808972951, 0.16899518868528374]], "ideal": "C", "sampled": "A", "correct": false}}
{"type": "result", "data": {"idx": 7, "options": ["3.6", "36", "0.01272", "12.72"], "probs": [[0.12002884226965894, 0.07167384493784579, 0.5377267834147845, 0.2705705292776915], [0.14686449554101805, 0.08502857312306761, 0.39308939996218095, 0.37501753127373283], [0.0796559736894141, 0.5703085159910092, 0.1195685939035483, 0.23046691631603464], [0.10437666087357544, 0.5302685801681774, 0.1641846668925061, 0.20117009196574778], [0.19693206051222625, 0.3564854295854929, 0.19387052284239228, 0.2527119869598845], [0.1823811555998117, 0.26537925201684615, 0.38622623455670857, 0.16601335772664086], [0.07142482037768254, 0.2912945018578483, 0.4307143006157789, 0.2065663770486847], [0.07263700870950926, 0.3520492764835338, 0.2496332499435398, 0.32568046476342455], [0.05164623837259849, 0.5816099739491314, 0.14943319260752927, 0.21731059497073502], [0.061090008089147795, 0.5619044497122732, 0.20028090563554216, 0.17672463646306202], [0.060465899184254414, 0.4263058237061884, 0.18629738836069482, 0.32693088864886094], [0.07416840465356904, 0.4265353660233257, 0.36501117178363146, 0.13428505743947539], [0.46167240944328447, 0.07080247255766006, 0.1452637744755162, 0.3222613434235442], [0.5228878697876077, 0.08141240596027532, 0.21786758183826546, 0.17783214231386885], [0.4671001461618776, 0.07508420345609913, 0.1745816889063576, 0.2832339613756586], [0.4738792203505405, 0.08496255057381692, 0.2919901886083942, 0.14916804036725365], [0.5430369204634835, 0.12501681704751, 0.15565799215771237, 0.17628827023128754], [0.4895641640803579, 0.11268618814755711, 0.16652368495310094, 0.23122596271897702], [0.33403072206886386, 0.15773601126340955, 0.18446988984046156, 0.3237633767272601], [0.30228937448072474, 0.14503852420613983, 0.38822623229126374, 0.16444586892186638], [0.25467546073423186, 0.10780304382598342, 0.2839688175764301, 0.35355267776334887], [0.30011004264579905, 0.11934694499235896, 0.4365980717654404, 0.14394494049639026], [0.18913015640552205, 0.5386661789140724, 0.12020028869671999, 0.1520033758836746], [0.1707839173184906, 0.5346619987832554, 0.14379872821870715, 0.15075535557955383]], "ideal": "B", "sampled": "C", "correct": false}}
{"type": "result", "data": {"idx": 8, "options": ["159.26", "2.224", "14,111", "126.26"], "probs": [[0.40877068058489463, 0.2898481222362103, 0.12276359833091784, 0.17861759874796793], [0.44631915703680125, 0.18312012400747724, 0.3164198335329603, 0.05414088532276468], [0.3728528012351504, 0.06898139112621741, 0.2812822434933035, 0.2768835640453251], [0.22522605691839095, 0.059206785623988886, 0.531732484512212, 0.1838346728454159], [0.3157008958679302, 0.4316616320538238, 0.18848589680865221, 0.0641515751695984], [0.26446089301674097, 0.501550510740349, 0.10518276307350645, 0.12880583306939497], [0.27591949697710727, 0.3950653224229812, 0.13026433574284477, 0.19875084475706314], [0.260081164587714, 0.21221406061902884, 0.46348093128885415, 0.06422384340438855], [0.22239194191455328, 0.06994096995071088, 0.4220627762290792, 0.28560431180567686], [0.24391820196038325, 0.07794953270627346, 0.46291275906080537, 0.21521950617253977], [0.3410921163198031, 0.30592657719511435, 0.28736555333252434, 0.065615753052562], [0.29890841006319613, 0.40854342024000195, 0.1325999552880004, 0.1599482143087855], [0.02707957845483803, 0.43005034899984773, 0.28205789317401575, 0.2608121792712811], [0.025197219273487195, 0.35330035886486216, 0.40041799664542965, 0.2210844251162235], [0.029573736832837174, 0.2290002653054149, 0.40818758350005796, 0.33323841426170187], [0.031682578184810795, 0.2529474435269264, 0.4582759529691176, 0.2570940252191479], [0.025429792485404692, 0.47983843921559044, 0.23393627903059505, 0.2607954891683988], [0.023610020036285862, 0.4597513466917556, 0.24220555047829584, 0.27443308269366484], [0.5762783274171648, 0.1785017555161742, 0.17849704635374808, 0.0667228706129045], [0.5685692457074785, 0.21248156817112795, 0.10520135295510505, 0.11374783306626118], [0.5420932250434567, 0.1505432249037855, 0.25199538140059524, 0.05536816855215374], [0.5029945162618196, 0.2231733050908671, 0.11048625512450655, 0.1633459234228035], [0.38703951316511614, 0.06318543115955914, 0.37530834432528865, 0.17446671125002577], [0.4282537867339841, 0.06879356648532334, 0.22218010269652302, 0.2807725439841722]], "ideal": "D", "sampled": "D", "correct": true}}
{"type": "result", "data": {"idx": 9, "options": ["0.72", "0.702", "10.0571", "7.2"], "probs": [[0.3618449917000408, 0.18763409745772328, 0.12116186251507152, 0.3293590482271657], [0.4126548155896735, 0.18898857570918542, 0.13612378728145424, 0.26223282131968345], [0.430721443702768, 0.1214762320191148, 0.18239421422132054, 0.26540810995679154], [0.29224300782570595, 0.09484996532660296, 0.4384716146460256, 0.1744354121016717], [0.4099181816531168, 0.11926434030321197, 0.18469061540474105, 0.28612686253893793], [0.40090898022140836, 0.12226232145596092, 0.2588020619553895, 0.21802663626724145], [0.08774114796968167, 0.5719466323771923, 0.11624663995261568, 0.22406557960048673], [0.09363582673870877, 0.5737240681744641, 0.12805176956401682, 0.20458833542281799], [0.1634385679577569, 0.09911091634914987, 0.5033516362810866, 0.2340988793120251], [0.13925286648103943, 0.08311125236385206, 0.2601902209275627, 0.5174456601275753], [0.07655177564086726, 0.05176554475428701, 0.7373895343466186, 0.13429314515821947], [0.13404623829594628, 0.07636130330347556, 0.24269002882699006, 0.5469024294735872], [0.2515365777785297, 0.3438303233135766, 0.1959684471317395, 0.20866465167613965], [0.22626158980219388, 0.2771656694583625, 0.29059428319438524, 0.20597845744504292], [0.18560034393240438, 0.19145477140630926, 0.4314954784466736, 0.1914494061145965], [0.13370487634727402, 0.1379756637887442, 0.18278372903212256, 0.5455357307318411], [0.1666351982260649, 0.3813447315397887, 0.25414733561226777, 0.19787273452188764], [0.1150638322512058, 0.25538740337015053, 0.1673680396315244, 0.46218072464711996], [0.11860867891008328, 0.5400641873293826, 0.15467203232831808, 0.18665510133221927], [0.12792312774747105, 0.5302024304961314, 0.16160076801496487, 0.18027367364145264], [0.11859137103055344, 0.1475761838410752, 0.5839413404227556, 0.1498911046056288], [0.14528800826812152, 0.21804499937049068, 0.1751914951604011, 0.46147549710098107], [0.21351214609259336, 0.43798178893548617, 0.17150738542970884, 0.1769986794422207], [0.14380487023107333, 0.24096726412544822, 0.15795866012046544, 0.45726920542301963]], "ideal": "D", "sampled": "A", "correct": false}}
{"type": "result", "data": {"idx": 10, "options": ["150 + 400 + 200", "200 + 400 + 200", "200 + 450 + 200", "200 + 500 + 200"], "probs": [[0.09595197447425717, 0.29565294144807003, 0.3349588072341546, 0.2734362767435233], [0.08415617912355745, 0.2716780190313179, 0.15231558042744858, 0.49185022131769973], [0.09015874581741504, 0.26075728160602424, 0.4040749697038992, 0.24500900277266024], [0.09657374519050826, 0.30692070181053216, 0.15675697487634527, 0.43974857802260764], [0.08057034289299735, 0.11718831159570542, 0.493405281268565, 0.3088360641427372], [0.09595162651640311, 0.1374518040351118, 0.4101537948922812, 0.35644277445620925], [0.1025437753759, 0.38110129675408394, 0.24609209160940554, 0.27026283616061575], [0.0898587690590968, 0.3552663406509368, 0.14589120096394656, 0.40898368922601297], [0.1273084449505322, 0.1767364182327148, 0.43060784057837886, 0.26534729613839114], [0.12465406951047683, 0.2944677172290777, 0.2087644045966112, 0.37211380856382775], [0.11079650852825333, 0.10737442070989058, 0.4663623353254774, 0.31546673533637154], [0.09516958190924714, 0.1112813275884653, 0.5225207739429142, 0.2710283164593662], [0.11494165246374487, 0.4336168121595711, 0.192393557717365, 0.25904797755931863], [0.10885069937329066, 0.36822912983799, 0.14883021664830937, 0.3740899540403974], [0.11312365199900148, 0.3074277882587175, 0.312310774705903, 0.2671377849363646], [0.11378829631627523, 0.33963874477942013, 0.1734821981001056, 0.3730907607041925], [0.13075801008501375, 0.12477167588272561, 0.43559682097078495, 0.3088734929614687], [0.1066197094103935, 0.1207745227898624, 0.5087232264735281, 0.2638825412262331], [0.08686295264243453, 0.4018775018318483, 0.17823267987064667, 0.33302686555507033], [0.09340014650836043, 0.34720832512727795, 0.30154833084233884, 0.25784319742201633], [0.08509751394887895, 0.31107166995576485, 0.26199340009277794, 0.3418374159025714], [0.08447700059895107, 0.2993149946145824, 0.33935303940428235, 0.27685496528218956], [0.1022996650479752, 0.2915025319262726, 0.31030068349531503, 0.2958971194304426], [0.08306801822031837, 0.2724433752302591, 0.3964574391384317, 0.24803116731100214]], "ideal": "C", "sampled": "A", "correct": false}}
{"type": "result", "data": {"idx": 11, "options": ["21", "7", "1", "None of these"], "probs": [[0.053789047858238306, 0.07643602628454078, 0.7716677282647173, 0.09810719749248327], [0.06183922346109062, 0.10194298894074443, 0.11738459906744002, 0.7188331884307171], [0.06292310977656589, 0.6063693732452352, 0.20944600223747187, 0.12126151464074313], [0.05035419831574885, 0.6181248508680877, 0.10411944249808401, 0.22740150821809021], [0.03247716832048661, 0.016848301148017674, 0.19423800306787598, 0.7564365273636114], [0.031435797299749164, 0.016189939835182396, 0.5317288263517175, 0.42064543641335683], [0.14586339994073227, 0.1227892782618595, 0.614174935876091, 0.11717238582133449], [0.15295980363397707, 0.13501150900954983, 0.1436755802346954, 0.5683531070217832], [0.13120831687808548, 0.5975420648779233, 0.1607359193330923, 0.11051369881092196], [0.13906293689646596, 0.6328833719031881, 0.1368566540722464, 0.09119703702809338], [0.10326752457595316, 0.03249896019141094, 0.12456143873128554, 0.7396720764013645], [0.12868214372985934, 0.043797566135204656, 0.7065995335665856, 0.12092075646834698], [0.24658786624098974, 0.17211980650467065, 0.4064893510218624, 0.17480297613248136], [0.1640483848936323, 0.10264966827092227, 0.14255997829328765, 0.5907419684421745], [0.23145273022121957, 0.37572957046841576, 0.25024111898173484, 0.1425765802286346], [0.2494282221840978, 0.41117924005428863, 0.20998367624389608, 0.12940886141771135], [0.24988613177603758, 0.05798403520185568, 0.21044780209325137, 0.4816820308288611], [0.1907874478011046, 0.04256866102484945, 0.5697650406484314, 0.19687885042562953], [0.0234107683824607, 0.057928789947966366, 0.16761717706357493, 0.7510432645059932], [0.016684081935933986, 0.04679671194606237, 0.6065998500728076, 0.32991935594517446], [0.046698277790439655, 0.24476799304040275, 0.14844508747107538, 0.5600886415980822], [0.04569676914171759, 0.23380245434673114, 0.6065309149071743, 0.11396986150436754], [0.05376596673251416, 0.42619087285181234, 0.17220854414808878, 0.3478346161676081], [0.05360676697544716, 0.3521365366689092, 0.4451730438478844, 0.14908365240774027]], "ideal": "D", "sampled": "C", "correct": false}}
{"type": "result", "data": {"idx": 12, "options": ["8", "9", "49", "63"], "probs": [[0.2747334031655199, 0.3313774375685809, 0.1277156712331627, 0.2661734879327208], [0.27243692517628754, 0.3285710343813575, 0.13072004597273448, 0.268271994369642], [0.2257156403160658, 0.09558199612180227, 0.3552208018178043, 0.3234815616443353], [0.22203931329983123, 0.09856662779181541, 0.3661853795574279, 0.31320867925093876], [0.21402383405775582, 0.09205308954794936, 0.4060511017338891, 0.2878719745604013], [0.2385621471907445, 0.11268574208207013, 0.3472069958514251, 0.3015451147757559], [0.2162209799133841, 0.3794379569904888, 0.1352695084000457, 0.2690715545960776], [0.2202232609668345, 0.3925751753665992, 0.12158134924823374, 0.26562021431834115], [0.2191232853632985, 0.11731085223712329, 0.34472281570348157, 0.3188430465961046], [0.21131094674428758, 0.1301279009247027, 0.43358905410907095, 0.22497209812194613], [0.20498869400958458, 0.10304088417704407, 0.40751633154976885, 0.28445409016359846], [0.21623358710873294, 0.12130014289287908, 0.362123311017972, 0.30034295888040563], [0.19595366583148854, 0.18996638643143754, 0.3332884293999127, 0.2807915182371573], [0.15604982290766573, 0.1511620080654246, 0.33015576679859754, 0.3626324021282951], [0.20877251447417908, 0.12465084511503688, 0.372111814640641, 0.2944648256701392], [0.176541289545605, 0.10707005740011023, 0.3916464473181567, 0.32474220563612355], [0.23242839542485458, 0.36547672761616784, 0.13452091815116626, 0.26757395870781986], [0.22624398161994136, 0.3396604188292225, 0.12496163313584248, 0.30913396631498374], [0.17666466107750844, 0.23757844108808052, 0.324742835195501, 0.26101406253890636], [0.15711039041127822, 0.1986100427598833, 0.26733179157182757, 0.3769477751570186], [0.15995793142562892, 0.15262723117336535, 0.40219331418993143, 0.2852215231110582], [0.15212411628370315, 0.16200915817385503, 0.3481839045662642, 0.33768282087617313], [0.19568471021679887, 0.35424677376630576, 0.12243646239945721, 0.32763205351744623], [0.19648882560655004, 0.3394786694988473, 0.11918441695324124, 0.34484808784133264]], "ideal": "A", "sampled": "A", "correct": true}}
{"type": "result", "data": {"idx": 13, "options": ["6", "11", "8", "5"], "probs": [[0.17884055557594924, 0.20910853759858541, 0.2726995858973643, 0.3393513208281092], [0.1711708999666271, 0.20974454414620983, 0.37381797512689924, 0.245266580660259], [0.1865544630459197, 0.3027713824481614, 0.23940412398297434, 0.2712700304229412], [0.16459937360167234, 0.25103931981594524, 0.3948637425897657, 0.1894975638926001], [0.16236100494920713, 0.37158060038003193, 0.16747800927927983, 0.29858038529148917], [0.15517830663104726, 0.3286533436354945, 0.2680938883429694, 0.24807446129048524], [0.15430409109882048, 0.23156967424552422, 0.20763815392823345, 0.40648808062742997], [0.14726070922420628, 0.2544583178677698, 0.34773460742388074, 0.25054636538412695], [0.14261955276828095, 0.169356680017328, 0.17472307486035935, 0.5133006922540149], [0.1805720492833454, 0.23550434440079163, 0.2467295293466913, 0.33719407686916775], [0.17058223843639334, 0.33919351126735303, 0.22600332084758015, 0.2642209293486574], [0.14579514532177093, 0.2766801903664431, 0.1872986374104839, 0.3902260268012857], [0.1667753702929811, 0.292760826126357, 0.19814091137409917, 0.3423228921065584], [0.16543348973444735, 0.27713404476316245, 0.3728414684686891, 0.18459099693369657], [0.17996067959067333, 0.2040068221265052, 0.2104708498331264, 0.40556164834969105], [0.19693128744965244, 0.2412416571536004, 0.2568622136348473, 0.30496484166189586], [0.15920699692264975, 0.3369549511837217, 0.3117995550602324, 0.1920384967333918], [0.15531871449718268, 0.3338217931115029, 0.18729827632282017, 0.323561215968478], [0.17713174127756415, 0.3012696694224092, 0.22033249575726963, 0.30126609344276545], [0.1587381403399311, 0.2874245460374904, 0.292057015325934, 0.2617802981966292], [0.21905665534575236, 0.2520154091941796, 0.25200855360455277, 0.2769193817554999], [0.21255915573567633, 0.22988790691452526, 0.212545505840004, 0.34500743140979123], [0.1665536981661292, 0.2661798589147886, 0.36946590047089906, 0.1978005423481674], [0.1983978337487969, 0.3220603159305765, 0.2546636763187386, 0.22487817390188544]], "ideal": "A", "sampled": "D", "correct": false}}
{"type": "result", "data": {"idx": 14, "options": ["10 bars of soap for $23.20", "16 bars of soap for $36.48", "13 bars of soap for $29.51", "12 bars of soap for $27.60"], "probs": [[0.16107381388306266, 0.22713513170915653, 0.3463145397727742, 0.26547651453497834], [0.1601805501583323, 0.20571519683216805, 0.4219217357191388, 0.21218251719035655], [0.1972935407596147, 0.17690336172305682, 0.3103378001175768, 0.31546529729974804], [0.17202269939182646, 0.16408491604937625, 0.43242053509668293, 0.2314718493621099], [0.1599362136411928, 0.23648030186292765, 0.3440324613082536, 0.25955102308762246], [0.17240994693677011, 0.25885269199441613, 0.2932812550565111, 0.2754561059122865], [0.15370967306808425, 0.30106117022498585, 0.29178155586627974, 0.2534476007406468], [0.1488085815544666, 0.2824704195333699, 0.36840483524913553, 0.20031616356303658], [0.16726128107684732, 0.2181669479675903, 0.3430563630235489, 0.2715154078320104], [0.18022426352890097, 0.2278394022017972, 0.321364376189041, 0.27057195798024597], [0.15285613779322238, 0.3086303652805147, 0.3391492465206419, 0.1993642503056181], [0.15845202357565352, 0.32494951798007593, 0.2824685404005849, 0.23412991794369484], [0.14195508418847652, 0.33540693056855503, 0.2531408771021646, 0.26949710804082533], [0.13431493611178186, 0.3220993627043324, 0.32209703775207466, 0.22148866333179512], [0.14807636133444377, 0.190187580071876, 0.4287056727152718, 0.23303038577841656], [0.14903463416117907, 0.2101807566406276, 0.39887264780627946, 0.24191196129193485], [0.1494559506964668, 0.28791198634351867, 0.3418763105351625, 0.22075575232483688], [0.15690363272974717, 0.3321109048559375, 0.23552940043568, 0.27545606187862093], [0.15541933954091383, 0.3237686884398958, 0.29471109660131306, 0.22610087531787468], [0.1739763817698815, 0.38603036323754153, 0.21999618039807484, 0.2199970744944991], [0.16726154178278843, 0.2323290791780123, 0.3889591651808161, 0.2114502137583797], [0.17725047403354233, 0.3110338918332405, 0.25781076042540085, 0.25390487360782565], [0.19460822907197015, 0.1491905721169953, 0.42509595055010885, 0.23110524816092207], [0.20205460465731664, 0.1623753669966676, 0.32279074887611386, 0.3127792793698985]], "ideal": "C", "sampled": "A", "correct": false}}
{"type": "result", "data": {"idx": 15, "options": ["5 minutes", "14 minutes", "34 minutes", "70 minutes"], "probs": [[0.07411016820101271, 0.4197269542451135, 0.2178004269191294, 0.28836245053473764], [0.0777075419707886, 0.43996579626354937, 0.23927236446069028, 0.24305429720497124], [0.07658972961812807, 0.28022220210570525, 0.3541820396484122, 0.2890060285277788], [0.07715329664924385, 0.2778324482826388, 0.3300770012814911, 0.3149372536866326], [0.07484321813710311, 0.29129522720262874, 0.35135998808134317, 0.2825015664789187], [0.08075936460005353, 0.3195991687703882, 0.24879448264232018, 0.3508469838872382], [0.20435116010456641, 0.1591810368919928, 0.26660053714683435, 0.3698672657566123], [0.22498224632224678, 0.17797968616492735, 0.20812910295098486, 0.3889089644618471], [0.24417687308306207, 0.23293854710042786, 0.17861020572951194, 0.3442743739869924], [0.23318981966139404, 0.19338363313013776, 0.3611245410362306, 0.21230200607223235], [0.20047066451344792, 0.2783533655573822, 0.16371621120566238, 0.3574597586235019], [0.19763804970840487, 0.2071538313063221, 0.3415504562744518, 0.2536576626108279], [0.156124378273227, 0.1039379783134882, 0.46603346560258496, 0.27390417771071224], [0.1552887547603641, 0.11542633171463218, 0.31373852019744347, 0.4155463932275603], [0.21258396872559127, 0.3091554571410164, 0.22979135812263132, 0.24846921591074328], [0.19693067186226323, 0.27346985120930606, 0.219752496206336, 0.3098469806220893], [0.18628623003207, 0.316893332982188, 0.13208054446759757, 0.3647398924181515], [0.1793058814796754, 0.23385821091531983, 0.28658430477420654, 0.3002516027308173], [0.13954924654267944, 0.07471749524084954, 0.4949312053776279, 0.29080205273883686], [0.1586233696189176, 0.08627068996694431, 0.37462519727926524, 0.3804807430348487], [0.17236966583105118, 0.33227434494272184, 0.21118086199469094, 0.28417512713154236], [0.17031480626056683, 0.2895855812777249, 0.2678538707672452, 0.2722457415944572], [0.18457619557575547, 0.2949216923260936, 0.14160180141360607, 0.378900310584551], [0.15027353587554418, 0.19299441292170383, 0.3232409936429967, 0.33349105745976143]], "ideal": "B", "sampled": "B", "correct": true}}
{"type": "result", "data": {"idx": 16, "options": ["18", "24", "25", "29"], "probs": [[0.17981749896001586, 0.2873537911769041, 0.39281573946546394, 0.14001297029762266], [0.19226724394912478, 0.29785221813766133, 0.1671119345925858, 0.34276860322063446], [0.16345971948196625, 0.3740227146894098, 0.3249455876367718, 0.13757197809185903], [0.17224877614911951, 0.4907195097213367, 0.17773171066017973, 0.15930000336937122], [0.13477136114379923, 0.17578383425654223, 0.3662065765590089, 0.32323822794065526], [0.20291374890572833, 0.3142473286853409, 0.2861626282453726, 0.19667629406355333], [0.1190319046341126, 0.5679025678944151, 0.21888277916782975, 0.0941827482036422], [0.09422602959717906, 0.5955912187043675, 0.1228402084091593, 0.1873425431893178], [0.12573134858673626, 0.554650510491004, 0.21043333452807805, 0.109184806294194], [0.11409517189016206, 0.5977252256621853, 0.16859760003130275, 0.11958200231634364], [0.12988854034307967, 0.4062496907797065, 0.21740417812058432, 0.2464575906566358], [0.12195524910450452, 0.3583987040968493, 0.3937924794076887, 0.12585356729096375], [0.09778490019701311, 0.6474563924080102, 0.14904618441288328, 0.10571252288209981], [0.08088222890296047, 0.6362654675495372, 0.12927924406742788, 0.1535730593800746], [0.13951638204976285, 0.31929790684094783, 0.4100991662777883, 0.13108654473151993], [0.13184220239865488, 0.4389645833617055, 0.19787272996421856, 0.23132048417542814], [0.12638060559532396, 0.35457917014626256, 0.3489563259435279, 0.17008389821486794], [0.11806287613232842, 0.38115038966307774, 0.3061847610447412, 0.1946019730598473], [0.08541927699415505, 0.5231073463454483, 0.16985000472871498, 0.22162337183165687], [0.08810660985598487, 0.5831826411105304, 0.18352579658630125, 0.14518495234715922], [0.09285642792867824, 0.33966290437513574, 0.2859376351231688, 0.2815430324730048], [0.08422374421306597, 0.34907910883272797, 0.4018015087319159, 0.16489563812230837], [0.08857368688354784, 0.5097950989156673, 0.2727178281310891, 0.12891338596969631], [0.08388829113884919, 0.5216103278743037, 0.21416095670224367, 0.18034042418458573]], "ideal": "B", "sampled": "A", "correct": false}}
{"type": "result", "data": {"idx": 17, "options": ["(60/6)\u201412=a", "(60\u201412)/6=a", "(60-6)-12=a", "(60+12)/6=a"], "probs": [[0.12364774169512172, 0.6178520508925922, 0.09475519196845714, 0.16374501534381294], [0.13904925416210853, 0.5248943827459616, 0.2639122171454757, 0.07214414584646613], [0.08940160119383127, 0.05135461162722973, 0.7141624211986242, 0.14508136588028314], [0.14309406397708072, 0.07422991008686484, 0.5840456520828551, 0.19863037375319892], [0.1675119672184368, 0.2986187797749777, 0.44828743556670453, 0.08558181733988125], [0.17253020132902866, 0.468828193081985, 0.09980985385168403, 0.2588317516372985], [0.20769678863076907, 0.48298688715559457, 0.111163808998269, 0.19815251511536588], [0.2188834474430845, 0.30395208762709197, 0.39012828235927194, 0.08703618247056405], [0.3098840895208458, 0.11226667299751948, 0.35112876796642367, 0.22672046941520876], [0.24255179548075242, 0.08514125341693496, 0.5297394529064119, 0.14256749809592126], [0.3081556637855421, 0.3774799148391911, 0.24001495563828956, 0.0743494656369795], [0.3349748157429753, 0.43675719617455844, 0.10699306561941803, 0.12127492236306334], [0.05419047529368344, 0.14274341615901873, 0.619788735888233, 0.1832773725590489], [0.05496813809090196, 0.2387640059149498, 0.4748309525104187, 0.23143690338374467], [0.0349528548217665, 0.6392122068347335, 0.1641982643983985, 0.1616366738451054], [0.038518058451680506, 0.6264207498269275, 0.20982394185947886, 0.1252372497619315], [0.04456304826550014, 0.4196756932227599, 0.24279451959298265, 0.29296673881877083], [0.0526263023335649, 0.3769975711789162, 0.4204551387528991, 0.14992098763461928], [0.09950774496301105, 0.1720209170961255, 0.6289714607566158, 0.09949987708424679], [0.09999764562182778, 0.4277827364780917, 0.10645725703122484, 0.3657623607688563], [0.162609797556372, 0.5087799617606379, 0.24023116198229955, 0.0883790786007036], [0.15974034822253275, 0.5661142777437653, 0.11686290706093662, 0.15728246687274253], [0.14222275539779514, 0.1024197002957754, 0.37474894981305035, 0.3806085943933928], [0.07814659991491942, 0.06086520130552821, 0.7301043391310009, 0.13088385954854398]], "ideal": "B", "sampled": "B", "correct": true}}
