{"type": "result", "data": {"idx": 0, "options": ["It is hard not to verify in our peers the same weakened intelligence due to emotions that we observe in our everyday patients.", "The arrogance of our consciousness, which in general, belongs to the strongest defense mechanisms, blocks the unconscious complexes.", "Because of this, it is difficult to convince people of the unconscious, and in turn to teach them what their conscious knowledge contradicts.", "It is difficult to convince people of the unconscious, and in turn to teach them what their conscious knowledge contradicts."], "probs": [[0.02598845954368242, 0.05456836295974629, 0.23340463049744864, 0.6860385468991337], [0.03697036596285402, 0.06337441488944445, 0.3169846228622545, 0.5826705961854338], [0.05984679888242697, 0.299308128980433, 0.21215287260987925, 0.4286921994272791], [0.04859253679775257, 0.15566143729407886, 0.5430305856105567, 0.2527154401976118], [0.056135180567305126, 0.3154792522591337, 0.20376738311740902, 0.42461818395615275], [0.0428549758278511, 0.2881217014579164, 0.4065407455853938, 0.26248257702884004], [0.027087899693616854, 0.05917857436860311, 0.15833417169260777, 0.7553993541451798], [0.03860714906603569, 0.07385351168191792, 0.19762668665326286, 0.6899126524988001], [0.055610654963461896, 0.3174008119351522, 0.28907917702365815, 0.33790935597773697], [0.04847731824686198, 0.1815648046107681, 0.49328079781389345, 0.27667707922846446], [0.06965836923664523, 0.23930151481816916, 0.3482055351490247, 0.34283458069615685], [0.049994445175849556, 0.16920241377848605, 0.4597408521443439, 0.3210622888013265], [0.14261970772867533, 0.2705739863750664, 0.2705736287151139, 0.31623267708113534], [0.10269200985884303, 0.19182215565123426, 0.4390669884399378, 0.26641884594997506], [0.13490944220982704, 0.21218569773472562, 0.3137585105376176, 0.33914634941783156], [0.11910747300428651, 0.24821491858834138, 0.3237883411434495, 0.30888926716391857], [0.061010396232217615, 0.43702231371010736, 0.2490298840570568, 0.25293740590062685], [0.07123656089507195, 0.4035871646072691, 0.2563627891296078, 0.2688134852680564], [0.1408942232853253, 0.2115767057857741, 0.1926514941178018, 0.4548775767111021], [0.15393661098389497, 0.24975600014785576, 0.3579066402697024, 0.2384007484985618], [0.16276435948653634, 0.16276233272687102, 0.31355229805777685, 0.3609210096288058], [0.1374904972112573, 0.1632505359035218, 0.47252306845504555, 0.2267358983301643], [0.12001613593814685, 0.32620964191283913, 0.27908530045051994, 0.2746889215984955], [0.12470917186770122, 0.2900552800364569, 0.3086115996222899, 0.2766239483735589]], "ideal": "D", "sampled": "D", "correct": true}}
{"type": "result", "data": {"idx": 1, "options": ["Tdc", "Tcd", "Tcc", "dTc"], "probs": [[0.17298608632302406, 0.2678193092399248, 0.1929907529143838, 0.366203851422677], [0.17483853207117092, 0.23891838611002597, 0.306917781455401, 0.2793253002633991], [0.16262890636645408, 0.12660378583092835, 0.3083831096491874, 0.4023841980534271], [0.16116448915130435, 0.12355170077005875, 0.241848184188394, 0.47343562579023957], [0.14991401606180435, 0.2673312704553168, 0.3276321229935639, 0.2551225903893239], [0.1490781431724187, 0.30594245905216644, 0.13356003935531438, 0.41141935832009796], [0.23380765971666398, 0.25271262638504427, 0.19386819290333987, 0.3196115208949501], [0.23502791625097916, 0.2074206404087369, 0.32620546272234346, 0.23134598051793787], [0.22086598405902297, 0.15907713734963685, 0.21401211361315475, 0.4060447648781829], [0.18018912430812667, 0.13183728707831702, 0.2277807166480905, 0.4601928718654753], [0.18314026158074206, 0.23147131853323274, 0.38749176978011585, 0.1978966500059061], [0.19388543722496884, 0.30496404987012204, 0.16078384364101433, 0.3403666691638927], [0.12105027034976079, 0.1506448530127558, 0.36134585555467186, 0.36695902098281447], [0.1212946158558694, 0.15333052520526078, 0.2954252219288825, 0.42994963690998944], [0.13151351050357096, 0.24175631051710583, 0.23430771677166978, 0.3924224621076385], [0.1165624490525171, 0.18914466445834974, 0.2544697433647095, 0.4398231430244018], [0.11665569375514354, 0.25880290607005807, 0.3073881172187202, 0.317153282856081], [0.11403822803000327, 0.24136072131004768, 0.3198595193368516, 0.3247415312230943], [0.1702212322818073, 0.3601886780957296, 0.22197448302860692, 0.24761560649384187], [0.16091224410886742, 0.3569496061888994, 0.11957379812148783, 0.3625643514807498], [0.17662696759152147, 0.32490600136732756, 0.2570447775434745, 0.24142225339769807], [0.18155420352990917, 0.3445184597038191, 0.16017344838133765, 0.31375388828493195], [0.20294275375598572, 0.18192878128430906, 0.23003314036892641, 0.3850953244907638], [0.17485904495845941, 0.15189299917638746, 0.2793613849930648, 0.3938865707720732]], "ideal": "A", "sampled": "B", "correct": false}}
{"type": "result", "data": {"idx": 2, "options": ["Some large houses are bigger than some apartments.", "Some houses are bigger than all large apartments.", "Some large apartments are bigger than some houses.", "Some houses are bigger thatn some large apartments."], "probs": [[0.16931870851049072, 0.2973584913009754, 0.35302636844470314, 0.18029643164383957], [0.1649429593263529, 0.31790711242166275, 0.1455262469134652, 0.37162368123851564], [0.18144815457335092, 0.3338158261575879, 0.28547000605859657, 0.19926601311044953], [0.15572981426708543, 0.29094231988734354, 0.15572433243423756, 0.3976035333113662], [0.14698622571510608, 0.10419375672186434, 0.4743932420868458, 0.27442677537618465], [0.1690835638483465, 0.10578093771299156, 0.399193431783637, 0.32594206655502667], [0.16980685413594968, 0.2670862721664232, 0.3767073517486776, 0.18639952184895783], [0.1760323369224328, 0.3666945752260107, 0.1760254829463347, 0.28124760480523], [0.16445523621303537, 0.2546667082071621, 0.3945776803377959, 0.18630037514200268], [0.1736119795327136, 0.34525317716060067, 0.17641350236871897, 0.30472134083796304], [0.16666273234572676, 0.09346243811477653, 0.3872775329378914, 0.35259729650159516], [0.17469987305114199, 0.10431625130799567, 0.3017759784668257, 0.4192078970740387], [0.23133131132262724, 0.2622026393648736, 0.2924789928945931, 0.21398705631791587], [0.20398652909573403, 0.24230783944801673, 0.16650378162181595, 0.38720184973444216], [0.2009602446420749, 0.28323301401025763, 0.3210825018040612, 0.19472423944360354], [0.20425606737758972, 0.3164408730692616, 0.17751215891882452, 0.3017909005343214], [0.2122870633097143, 0.13488817536235778, 0.3137193665990231, 0.3391053946289133], [0.21621921910290529, 0.1396658390877922, 0.32450115273878033, 0.3196137889705181], [0.13257377878644183, 0.25561305461584294, 0.3603506191607208, 0.25146254733700163], [0.1298883938366048, 0.22436413433883523, 0.3530264327744694, 0.29272103895009804], [0.12424992005436372, 0.3025801181438966, 0.27987044229612024, 0.2932995194055965], [0.1330624752974073, 0.32421567032539295, 0.2565918162309736, 0.28613003804623394], [0.13590256229410888, 0.2347971199400607, 0.3416355223946597, 0.28766479527115374], [0.13895561580139612, 0.272036274727074, 0.3333330550986386, 0.2556750542728747]], "ideal": "C", "sampled": "B", "correct": false}}
{"type": "result", "data": {"idx": 3, "options": ["Valid", "Invalid. Counterexample when G and H are true", "Invalid. Counterexample when G is true and H is false", "Invalid. Counterexample when H is true and G is false"], "probs": [[0.08699852241519201, 0.2637186634742062, 0.2595730098063479, 0.3897098042042474], [0.07990692435920733, 0.2347542638917544, 0.315940945421202, 0.36939786622784204], [0.09530070433999238, 0.31231012358192334, 0.22147942367518658, 0.3709097483028907], [0.0872976628132051, 0.2566221634391142, 0.2998440132571984, 0.35623616039048145], [0.09375759685306115, 0.2934550066691573, 0.21802088556518343, 0.39476651081260955], [0.08966217492567843, 0.2595050322252287, 0.2848975134880697, 0.36593527926104075], [0.15064392455152598, 0.15307643178771613, 0.3671855220425721, 0.32909412151819634], [0.1406339807080266, 0.14062545814803637, 0.40673607642063986, 0.3120044846233078], [0.16700173960524292, 0.2507297692635965, 0.2751469357162568, 0.307121555314914], [0.16118467250446059, 0.21684997404702125, 0.2168516431875925, 0.405113710160913], [0.1397796304076529, 0.33520091654601675, 0.21984969933859527, 0.3051697536077452], [0.13809008509309387, 0.27884200726358704, 0.17727007619015941, 0.40579783135315917], [0.20157320776300555, 0.18642389440973073, 0.2469767416107809, 0.3650261561164811], [0.1777225398262151, 0.15440064532804765, 0.4467185514531182, 0.2211582632926425], [0.19534531960394105, 0.15456015120258632, 0.24307238180887955, 0.4070221472845908], [0.18164183850592627, 0.11016361698574006, 0.3237118246647823, 0.3844827197435696], [0.17043977395653817, 0.2854314886939777, 0.24038738016765396, 0.3037413570818277], [0.18739098887743222, 0.21899501608549388, 0.18445063169617334, 0.40916336324091274], [0.1863126088397438, 0.1722626251700914, 0.27102754435683435, 0.37039722153332894], [0.1798196330619235, 0.15136768114592636, 0.44506419577494816, 0.22374848991721336], [0.17703277867317288, 0.15382807485032135, 0.2169463164839298, 0.45219282989257353], [0.16956815033792622, 0.11120787059650883, 0.3371594588682715, 0.3820645200973058], [0.17027658839790694, 0.267786457777376, 0.2438680532720783, 0.31806890045266084], [0.19217554909030898, 0.2110866295310219, 0.18337446638719, 0.41336335489147935]], "ideal": "A", "sampled": "D", "correct": false}}
{"type": "result", "data": {"idx": 4, "options": ["If it's not the case that both Izzy plays Minecraft and Ashleigh stops by then Russell makes dinner.", "If it's both not the case that Izzy plays Minecraft and Ashleigh stops by then Russell makes dinner.", "Izzy playing Minecraft and Ashleigh stopping by entails that Russell makes dinner.", "Russell's making dinner is a sufficient condition for Izzy not playing Minecraft and Ashleigh stopping by."], "probs": [[0.10303642387990021, 0.11493596398679622, 0.5229806183499469, 0.2590469936833566], [0.11300009250569512, 0.1451676918104127, 0.3535789174394772, 0.38825329814440346], [0.08375328655294804, 0.3364649585420734, 0.18007468045482358, 0.39970707435014935], [0.09734899332885417, 0.35617711516018435, 0.18468039075657358, 0.36179350065440136], [0.10507682279778811, 0.27669326986554343, 0.19622486882631512, 0.4220050384103306], [0.12228025405406656, 0.24699203548620868, 0.27128888950820396, 0.35943882085151035], [0.09956973951068025, 0.1590863338651961, 0.45320728759921686, 0.28813663892489466], [0.10108998076103672, 0.18886467025416537, 0.31644312875124614, 0.3936022201335466], [0.090634923435427, 0.29246057944463977, 0.2748843774943957, 0.3420201195255505], [0.09638364703936814, 0.29225225598183757, 0.15161950002656102, 0.45974459685223434], [0.1002354011483128, 0.23293675400621852, 0.2944668686821306, 0.37236097606333357], [0.11961806258920307, 0.23056138023198297, 0.1767351977717232, 0.4730853593071106], [0.08272039054558473, 0.3428332012402492, 0.16714399382758727, 0.4073024142865677], [0.0953407654734297, 0.3432585342112498, 0.21813912642446162, 0.3432615737908673], [0.08094526889071425, 0.2959316890364643, 0.2825039752111745, 0.34061906676164183], [0.08906988707039648, 0.30132222662315467, 0.1976669533747372, 0.41194093283170136], [0.09363123642798259, 0.1495358673781154, 0.49828901197202924, 0.2585438841218811], [0.09187824556481311, 0.1885104370234643, 0.41828727038728836, 0.30132404692442427], [0.10253015326181794, 0.3061114377457956, 0.24984590910756302, 0.3415124997848441], [0.11671800205287029, 0.275666139198037, 0.22500288792891787, 0.38261297072017114], [0.10173074426206646, 0.2809509797366344, 0.3182994409896447, 0.2990188349116811], [0.11030118237444488, 0.2817530961223612, 0.15796804882644616, 0.4499776725767501], [0.10084566067167351, 0.12953194829095344, 0.5200821239223119, 0.2495402670150574], [0.09637191187460416, 0.1317055123143236, 0.49728316071999634, 0.2746394149910902]], "ideal": "B", "sampled": "A", "correct": false}}
{"type": "result", "data": {"idx": 5, "options": ["Some houses are smaller than all apartments.", "Every house is bigger than every apartment.", "Some apartment is smaller than every house.", "Some houses are bigger than every apartment."], "probs": [[0.1238675330379422, 0.23869053137808507, 0.1774012233505815, 0.46004071213337994], [0.10346468149093964, 0.16529331815817425, 0.5254211627345239, 0.20582083751636235], [0.10615686421415312, 0.12031611584155981, 0.29764440849910573, 0.4758826113451764], [0.0999241239736833, 0.12635144839674023, 0.3327843994286161, 0.44094002810096133], [0.12013550831020267, 0.20754395545102802, 0.42583310831978316, 0.24648742781898034], [0.10956839360061332, 0.2588039154572942, 0.14063436433563037, 0.49099332650646316], [0.15623597323991426, 0.1421955223450247, 0.15623150375150305, 0.5453370005635773], [0.11647295060579563, 0.11830089875616694, 0.5821003306069131, 0.18312581993111818], [0.11890062700991097, 0.1226817465513428, 0.17297407540507512, 0.585443550933678], [0.13783832757631737, 0.13356157237430732, 0.5117793764133134, 0.2168207235360563], [0.15480977857614533, 0.427537874951879, 0.19582522661045978, 0.22182711976151007], [0.15238660503618162, 0.43418328519621924, 0.20512877986078212, 0.20830132980679908], [0.09585236345456498, 0.13516619136189417, 0.1819297595732163, 0.5870516855103071], [0.10193254651694535, 0.14831616638502446, 0.31396529339979506, 0.43578599359824205], [0.11049175497570755, 0.15822308060888607, 0.27347080711862576, 0.45781435719677566], [0.11719225080106868, 0.1601564131869534, 0.4707018478489664, 0.2519494880630184], [0.12746159870745494, 0.21010820320788226, 0.20363881532934613, 0.4587913826553117], [0.14404748095907974, 0.19091719328616963, 0.39160151252227127, 0.27343381313248655], [0.17226661915387345, 0.11659148024474712, 0.4756432331486862, 0.23549866735268782], [0.1669971799961096, 0.1384286803555249, 0.1384285611549673, 0.5561455783934055], [0.197759653515455, 0.4121049895504617, 0.15161201131822966, 0.23852334551586063], [0.18616309429496336, 0.3879351951736223, 0.18322800934372097, 0.24267370108770037], [0.163100613628206, 0.11566973223524568, 0.1606552503060036, 0.5605744037305462], [0.16959065267017812, 0.10615975021393803, 0.506439552942104, 0.217810044073769]], "ideal": "D", "sampled": "D", "correct": true}}
{"type": "result", "data": {"idx": 6, "options": ["Valid", "Invalid. Counterexample when K and L are true", "Invalid. Counterexample when K is true and L is false", "Invalid. Counterexample when L is true and K is false"], "probs": [[0.08941920343305029, 0.34836435070680105, 0.254870780819668, 0.3073456649405003], [0.08260319542160423, 0.3215895522417872, 0.2839913122897331, 0.31181593994687057], [0.0797945877216823, 0.3806821002666884, 0.22379955474006719, 0.31572375717155615], [0.09055001718697293, 0.36949596642252946, 0.2139357767875525, 0.32601823950292724], [0.08114767794436586, 0.3636342824798038, 0.22407088319139426, 0.331147156284418], [0.09096066489379931, 0.3596619528626726, 0.22171019458772687, 0.32766718755580176], [0.16028847516106673, 0.15539648350042182, 0.41576863337849557, 0.26854640786002804], [0.14079109386095529, 0.13443371480475752, 0.46177942228036223, 0.2629957689539127], [0.1950790698615878, 0.2504857070833916, 0.2751469755782181, 0.279288247376814], [0.1797239326957379, 0.22720173391815723, 0.19436150929684864, 0.39871282398925795], [0.1671447310319114, 0.31229051338446534, 0.2180456980573962, 0.30251905742622587], [0.16175686806502138, 0.26660246544006866, 0.177614751184315, 0.3940259152106088], [0.17652427880747232, 0.17920021920656232, 0.31957808581602815, 0.32469741606994873], [0.18726642293437368, 0.167847628543714, 0.44237785213756825, 0.20250809628435626], [0.1854802062103924, 0.2006103267237016, 0.22735157046489782, 0.38655789650099465], [0.18082198098644153, 0.1672584921466926, 0.2632167142001639, 0.3887028125667034], [0.19976535200920525, 0.24102266739193395, 0.2862039368495097, 0.2730080436493374], [0.18839059279855463, 0.18251926946169095, 0.19131007189467075, 0.4377800657450842], [0.17090836249831567, 0.1682143623658011, 0.3561988702519997, 0.304678404783895], [0.17630139474059278, 0.15321812558903355, 0.46440762095144716, 0.20607285861892627], [0.16858877716064477, 0.1939701597379009, 0.20019671071614756, 0.4372443522853171], [0.17693661686699055, 0.16617986296619544, 0.2825405679720319, 0.37434295209477136], [0.20428313115798735, 0.22429550200189846, 0.2835178269376562, 0.28790353980244426], [0.19207680974526292, 0.16422681419209184, 0.2109915653570388, 0.4327048106055948]], "ideal": "D", "sampled": "D", "correct": true}}
{"type": "result", "data": {"idx": 7, "options": ["The university increases financial aid.", "The university does not increase financial aid.", "The board of trustees prevents it.", "The president fails to approve it."], "probs": [[0.06514099062582238, 0.5801786143643115, 0.1378443532047319, 0.21683604170512516], [0.052767036884556154, 0.5947021511992967, 0.15026628878216805, 0.20226452303399176], [0.0662916705888877, 0.11457182367868037, 0.49783198996452155, 0.3213045156679127], [0.04838319020707086, 0.08229495262849479, 0.13577211736858144, 0.7335497396958391], [0.049958576539537, 0.13366488783756852, 0.5287907169450948, 0.28758581857781107], [0.044337262720542725, 0.09837594228794881, 0.13035158576936265, 0.7269352091221687], [0.3872583561425425, 0.1745839001183354, 0.18007396137000387, 0.25808378226911605], [0.40283483435499284, 0.19030956677674224, 0.22241012355023163, 0.18444547521804333], [0.31932148717396847, 0.2687819526074088, 0.12114687440367643, 0.29074968571496357], [0.3352522441563645, 0.2491740715752928, 0.31009261672402644, 0.10548106744431426], [0.3864555121148889, 0.3410406132745741, 0.10894057269007333, 0.1635633018204807], [0.3908741453734523, 0.2685530526961697, 0.2370576396628163, 0.10351516216757152], [0.0831856631879228, 0.103566049063805, 0.5687743568748467, 0.24447393077344592], [0.0836790542472263, 0.09045081991466035, 0.21702797388791994, 0.6088421518502081], [0.11667339101283938, 0.583142392511119, 0.1166680258337109, 0.18351619054231652], [0.11050201781948696, 0.5879881052858874, 0.22318698362056144, 0.07832289317405655], [0.07095770621115312, 0.2718453438193996, 0.10814020204014814, 0.5490567478292663], [0.11018201908432845, 0.35011452555250355, 0.45656866673107704, 0.08313478853209505], [0.07531703120743793, 0.08806991450275109, 0.5653930628679356, 0.2712199913218895], [0.06817577995487226, 0.06921121145031346, 0.16344304630488435, 0.6991699621899434], [0.0949760138670056, 0.5820240673580319, 0.12195012201034072, 0.20104979666463163], [0.0949762849142325, 0.5727462392695756, 0.2387713217017001, 0.0935061540145011], [0.06256454230897779, 0.22522133836197294, 0.09991560142351551, 0.6122985178055427], [0.1031737473356229, 0.25541566884496253, 0.5489258553524499, 0.09248472836695582]], "ideal": "B", "sampled": "B", "correct": true}}
{"type": "result", "data": {"idx": 8, "options": ["E \u2283 F", "F \u2283 G", "H \u2283 ~E", "~H"], "probs": [[0.09778309787428408, 0.12365798205230216, 0.5288071874308441, 0.24975173254257596], [0.06915219629420266, 0.09020586299213902, 0.1419597690320965, 0.6986821715815732], [0.08087704409837428, 0.4953605709908516, 0.10882566695843662, 0.3149367178523443], [0.09399994182058641, 0.5161108290832733, 0.15734798135365044, 0.2325412476424969], [0.09619068426118968, 0.21678504511208885, 0.0977116714527056, 0.5893125990740279], [0.1166652697514669, 0.22843468074813483, 0.4402638943076177, 0.2146361550927685], [0.10875694261266335, 0.1711218445157985, 0.45087101614047126, 0.26925019663108585], [0.07814316488624883, 0.11727140853517765, 0.1706855487107914, 0.6338998777677698], [0.07759983402445694, 0.5137963698803049, 0.12020747163812855, 0.2883963243570925], [0.0814824632738756, 0.5229149034210174, 0.14073803724352368, 0.2548645959615966], [0.11256772900579401, 0.22744461819270656, 0.20070773948443768, 0.45927991321705586], [0.1137747484585228, 0.2159417724215198, 0.4294417017732725, 0.2408417772466914], [0.21036333668011223, 0.21694565892283682, 0.17982970173655904, 0.39286130256048735], [0.23346544950904638, 0.2446878050353281, 0.24468524160151936, 0.2771615037540892], [0.20359833578955727, 0.2826791874946623, 0.18833010983762047, 0.32539236677817973], [0.21192382713064997, 0.26782075266154576, 0.24389384203703496, 0.27636157807077677], [0.24280608306707133, 0.20446751194450813, 0.3022426423898403, 0.25048376249858717], [0.249917070648318, 0.21706686435205014, 0.21706549337306458, 0.31595057152656203], [0.09829035321114178, 0.15957750445222268, 0.10139802153084332, 0.6407341207057806], [0.12408377398945149, 0.231796789259892, 0.43307585533438375, 0.21104358131628592], [0.11526803547670864, 0.16508080188478594, 0.15262527038456344, 0.5670258921539242], [0.12378516366719307, 0.16662621779968234, 0.47460722095441216, 0.23498139747871946], [0.09424452416830219, 0.47875746958324183, 0.17065342012529838, 0.2563445860231649], [0.09506696149888422, 0.4828110377127483, 0.13834743122700424, 0.28377456946133983]], "ideal": "D", "sampled": "C", "correct": false}}
{"type": "result", "data": {"idx": 9, "options": ["L", "~L", "L \u2022 ~L", "L \u2228 ~L"], "probs": [[0.06800813912233153, 0.05295679449015776, 0.12502007301696358, 0.7540149932705413], [0.08761771535936476, 0.06508411393266025, 0.6271412420438497, 0.22015692856410385], [0.0699597410928876, 0.07923488716838777, 0.08704746586695808, 0.7637579057717633], [0.0985838277647743, 0.0883858213774299, 0.6230800769280257, 0.1899502738297729], [0.12073693773185, 0.4851030429217504, 0.1502673106646185, 0.2438927085817927], [0.12167385508630918, 0.41145019544016626, 0.16116085403109823, 0.30571509534241925], [0.07155122320143933, 0.06409973797198631, 0.10738122890372274, 0.7569678098228426], [0.10003696708618326, 0.09545466815757873, 0.5756441961411208, 0.2288641685151325], [0.06946252706683552, 0.06945918949936111, 0.11450222534146427, 0.7465760579923478], [0.10639735952768029, 0.07666617870890405, 0.5576478667042973, 0.25928859495912104], [0.0962548090181095, 0.4811691593144458, 0.16893344095944363, 0.2536425906080186], [0.10475831083876415, 0.45488735020675425, 0.13246145953094285, 0.30789287932353776], [0.07178894525377941, 0.05417458588100557, 0.06537489134167805, 0.808661577423537], [0.09024250082279538, 0.08346183519086316, 0.6261633951696021, 0.20013226871671685], [0.07843961878365295, 0.06012434961412328, 0.105536129952472, 0.7558999015497546], [0.10764422010181278, 0.07057928422606884, 0.563644561545983, 0.2581319340261136], [0.09664473855795867, 0.5738298787459539, 0.12807396738354984, 0.20145141521253052], [0.09622335212273635, 0.5709352176379163, 0.10561579141025643, 0.22722563872907753], [0.30009766172058844, 0.17104378266657624, 0.13111714372191835, 0.3977414117909175], [0.2531839723592785, 0.1535662945998316, 0.3151801890615444, 0.27806954387935645], [0.29838611710371743, 0.11500696128218044, 0.23232445932463616, 0.354282462189465], [0.29209214672620465, 0.11618726597519956, 0.26594616214980576, 0.3257744250487702], [0.24921875751969366, 0.30524836598020566, 0.20023985402167158, 0.24529302237841705], [0.2635052584724146, 0.30817917491318064, 0.14334245887965802, 0.2849731076347348]], "ideal": "D", "sampled": "D", "correct": true}}
{"type": "result", "data": {"idx": 10, "options": ["(\u2200x)[Kx \u2283 (\u2200y)(Py \u2283 Lxy)]", "(\u2200x)[Kx \u2283 (\u2200y)(Lxy \u2283 Py)]", "(\u2200x)(\u2200y)[(Kx \u2022 Py) \u2283 Lyx]", "(\u2200x)[(Kx \u2022 (\u2200y)(Py)) \u2283 Lxy]"], "probs": [[0.11825455229261851, 0.1980332983514004, 0.2837428492031859, 0.39996930005278375], [0.12474802365759964, 0.17051048886083342, 0.4857768724902932, 0.21896461489129238], [0.1292802993261892, 0.21984689145298483, 0.26513617739795226, 0.38573663172288014], [0.1184535803755132, 0.14291783996332946, 0.5067398277865954, 0.23188875177458576], [0.11285495223066544, 0.3700896398004867, 0.26658485983399527, 0.25047054803486546], [0.10555543267791904, 0.3250071578856251, 0.27812674343865734, 0.29131066589778604], [0.11482164655177085, 0.20154913773612626, 0.3071471490423831, 0.37648206656972044], [0.11639396481946511, 0.16930029621089784, 0.48995683072747537, 0.22434890814217415], [0.12012455616304141, 0.16162043419606786, 0.37597454039986183, 0.3422804691410353], [0.10712899682849066, 0.12134539809925542, 0.39186841632189934, 0.3796571886503539], [0.11575844424983447, 0.2864433972011015, 0.35653083845518774, 0.24126731999385848], [0.10977459583109549, 0.26739714042806034, 0.21501834727220878, 0.407809916368617], [0.08352237956278902, 0.2825378268556034, 0.1824181484205845, 0.45152164506100456], [0.08106942996463934, 0.17152909743373418, 0.5200807222161755, 0.22732075028544393], [0.08801895310013433, 0.28417761086664156, 0.20788616212365563, 0.41991727380957466], [0.07472102795297625, 0.16835520437151352, 0.4167978357306628, 0.34012593184484047], [0.08496674255030036, 0.27001698630049625, 0.3991690407391916, 0.24584723031001757], [0.08680856597662383, 0.28006111285910157, 0.2844586012718375, 0.3486717197924309], [0.12723684646170813, 0.3299101257915641, 0.2693521114769628, 0.27350091616974714], [0.12039803301322673, 0.2842458048052594, 0.33235532260357675, 0.2630008394779191], [0.12178108030983675, 0.32081605407127983, 0.28297549410165207, 0.2744273714172323], [0.10934151505058431, 0.2705550540626947, 0.20108682626329932, 0.41901660452341005], [0.11695029878888956, 0.15991134233103813, 0.455319438272431, 0.26781892050764744], [0.11243378114148304, 0.16613688408470723, 0.341063412534071, 0.38036592213974496]], "ideal": "A", "sampled": "D", "correct": false}}
{"type": "result", "data": {"idx": 11, "options": ["Logically equivalent", "Contradictory", "Neither logically equivalent nor contradictory, but consistent", "Inconsistent"], "probs": [[0.08369667808289757, 0.1717822842568923, 0.4524865108066888, 0.2920345267535146], [0.0896242398255101, 0.15238238252945369, 0.3030589158233628, 0.454934461721658], [0.09456594008359799, 0.26518349206906605, 0.33014330505052636, 0.3101072626968012], [0.10226960550200218, 0.26936781940904314, 0.34605608807256805, 0.282306486916366], [0.08202461542738917, 0.13316453531433733, 0.2062786874811231, 0.5785321616771706], [0.09521820919363283, 0.18652288247025955, 0.4201726282235084, 0.2980862800126095], [0.0906584772985213, 0.15188291356163103, 0.4825151722976244, 0.27494343674221555], [0.0920285191515521, 0.10758755071414088, 0.27900629849966957, 0.5213776315346641], [0.11732979589057686, 0.3393951278720868, 0.24832443906564736, 0.29495063707168634], [0.11585046526180051, 0.3149411058670377, 0.23401020747300522, 0.3351982212981663], [0.09035822659561288, 0.15616801153240845, 0.19133419804117727, 0.562139563730785], [0.09889294136706801, 0.17348357095468228, 0.4033739093687211, 0.3242495782095261], [0.29057043389626813, 0.15077661542162357, 0.2815302409898138, 0.27712270959229307], [0.29032572627256126, 0.17055404810378885, 0.2947139169964099, 0.24440630852723774], [0.2725357729073586, 0.20903568054280686, 0.21904911560494159, 0.2993794308448784], [0.23120884101292866, 0.18872165715330264, 0.2878427648618713, 0.2922267368719071], [0.24793190126717432, 0.2403552596473478, 0.255861187374954, 0.25585165161053414], [0.2435967771315653, 0.23247848133395502, 0.2803431059972652, 0.2435816354372005], [0.09730068789221041, 0.10041083147430846, 0.23341818015196553, 0.5688703003815184], [0.11548372207682492, 0.14819432104544297, 0.4223679098800893, 0.3139540468976541], [0.09034737172302404, 0.12343033421368264, 0.19729389436792846, 0.588928399595361], [0.1114550913726833, 0.1453868431005999, 0.38892082348981577, 0.354237241936912], [0.13173614074745352, 0.28348024357389784, 0.28788150169908083, 0.2969021138795666], [0.12354122862185972, 0.2741684701226294, 0.3105508679146306, 0.2917394332408915]], "ideal": "B", "sampled": "C", "correct": false}}
{"type": "result", "data": {"idx": 12, "options": ["E \u2283 F", "F \u2283 G", "G \u2283 E", "~~F"], "probs": [[0.11244576929579943, 0.1294117212141001, 0.23806576045289463, 0.5200767489372001], [0.09927839501698359, 0.09774791472498431, 0.5201761551234447, 0.28279753503456323], [0.11452251041767246, 0.23135190133076478, 0.17189529177329896, 0.48223029637825854], [0.10176360094841665, 0.1227575135288952, 0.485651913454836, 0.2898269719678464], [0.11103564532084763, 0.34743201639127286, 0.18311570974359997, 0.35841662844427996], [0.11353153416838202, 0.35522340891557136, 0.1704095293200207, 0.3608355274960326], [0.14832311227959574, 0.17346367341545543, 0.12695303931200186, 0.5512601748929544], [0.11871960103550344, 0.1063853006029571, 0.5156214267016235, 0.2592736715599226], [0.12760136118510992, 0.17179581934814225, 0.1799750368582574, 0.5206277825084733], [0.11569603547705816, 0.12313892093293619, 0.4793618489358028, 0.28180319455418534], [0.1406328290618431, 0.3168930102140449, 0.2585428730405381, 0.28393128758358094], [0.14295164366873686, 0.32714688244174717, 0.21789424690433198, 0.31200722688519095], [0.17310625058464554, 0.1265888623240039, 0.22228797366246045, 0.4780169133288988], [0.15031482307954416, 0.11172267428612241, 0.41489123367634967, 0.32307126885796755], [0.2025644582168819, 0.11360886309050319, 0.1903407111056876, 0.4934859674869183], [0.18363866912713522, 0.1013990057379599, 0.3826336635122123, 0.3323286615226831], [0.2111941665508867, 0.17785696327690995, 0.22839000832217696, 0.3825588617500363], [0.22418923649490816, 0.18583623325428916, 0.2788714602450484, 0.31110306990573977], [0.20850382326723302, 0.15991283770550568, 0.3281214211383547, 0.3034619177889134], [0.2258661322264601, 0.1902093614331091, 0.20571168067264953, 0.37821282556777636], [0.22861787724123966, 0.16209034098836964, 0.2714486287914477, 0.3378431528789621], [0.22275886606829115, 0.16550792549879845, 0.2773071930031058, 0.3344260153298237], [0.19278037088504246, 0.1958251238657407, 0.22194896138204315, 0.38944554376716883], [0.20730973852053197, 0.23135093111149127, 0.2500276876560463, 0.3113116426119256]], "ideal": "D", "sampled": "D", "correct": true}}
{"type": "result", "data": {"idx": 13, "options": ["Valid", "Invalid. Counterexample when E, F, and G are true", "Invalid. Counterexample when E and F are true and G is false", "Invalid. Counterexample when E, F, and G are false"], "probs": [[0.12239191736781904, 0.3432770571111984, 0.3325412993887046, 0.20178972603228457], [0.11757624473437213, 0.35648449590633347, 0.29569153434014156, 0.23024772491915246], [0.1251610347854248, 0.397795935734313, 0.2608077888510142, 0.2162352405292354], [0.14311075814035018, 0.4407749306479428, 0.1726512814097694, 0.24346302970192515], [0.1281066227928779, 0.3270194944559611, 0.3270250390822429, 0.21784884356889292], [0.1231089085811632, 0.3346922570451361, 0.2731781181478616, 0.2690207161258569], [0.17129444738510355, 0.20668916756532255, 0.4585476868903147, 0.16346869805925668], [0.18584503757037316, 0.17460337235095366, 0.41879995863407293, 0.22075163134458547], [0.1863116046092765, 0.33206720172083126, 0.3120489908862648, 0.16957220268362505], [0.14993232446795118, 0.31229229144485027, 0.17250783744420553, 0.3652675465429924], [0.17910806196476772, 0.25662128019818903, 0.26883188082583576, 0.29543877691120507], [0.17886764677710043, 0.2261010946273304, 0.28592403304294534, 0.3091072254526245], [0.22711606329098533, 0.21330793562816994, 0.34627194022227037, 0.21330406075855968], [0.25290855520794486, 0.24130198485863416, 0.2528960409357166, 0.25289341889772593], [0.23123874263833366, 0.23122831158799467, 0.28763186185888434, 0.24990108381478504], [0.1914416002350119, 0.20388416698478545, 0.179832134110204, 0.4248420985699979], [0.2255282183300513, 0.14786393992490288, 0.29865656923180367, 0.32795127241322736], [0.21143875816987834, 0.145266171511303, 0.23584105532119407, 0.4074540148976364], [0.17151722915464457, 0.17700200429607582, 0.43798469612953383, 0.2134960703197553], [0.16873046928960564, 0.197166825258861, 0.4307130597434256, 0.20338964560810524], [0.1796181335837092, 0.24944918584795592, 0.26544576164511025, 0.3054869188232097], [0.17424905335784693, 0.21684980385759145, 0.2457887203827211, 0.3631124223018281], [0.1857012856073193, 0.2966636265276836, 0.2829935060669294, 0.23464158169806526], [0.16236511216361163, 0.26782160548216033, 0.2150891273753404, 0.354724154878899]], "ideal": "C", "sampled": "C", "correct": true}}
{"type": "result", "data": {"idx": 14, "options": ["Valid", "Invalid. Counterexample when H, I, and J are false", "Invalid. Counterexample when H and I are true and J is false", "Invalid. Counterexample when I is true and H and J are false"], "probs": [[0.11543363700558909, 0.31373445482155266, 0.3340068815905937, 0.23682502648227102], [0.11329003521117324, 0.29394103969382623, 0.34912256033415573, 0.2436463646608574], [0.1349147193999529, 0.4153265147390351, 0.20559346232267722, 0.24416530343833506], [0.132977501040481, 0.4095172198700331, 0.2091593608234269, 0.24834591816604767], [0.12092786597052997, 0.366716131486526, 0.24818583493929897, 0.2641701675036512], [0.12040011384634197, 0.3650745667725772, 0.24322535164755976, 0.27129996763350916], [0.16262658526324975, 0.15272894665560485, 0.48540647864532693, 0.1992379893358168], [0.1461266096640521, 0.13940468334862735, 0.5019492852754293, 0.21251942161190177], [0.19800950623779515, 0.34203640690724074, 0.21740744246026583, 0.24254664429470926], [0.18890304987640025, 0.27496937464351984, 0.17204007311399327, 0.3640875022660754], [0.18560299503403485, 0.3990171842424809, 0.19145347465581802, 0.22392634596765218], [0.1786242144657337, 0.3039909367921807, 0.17311827577123856, 0.3442665728708478], [0.25297135689331884, 0.19094076262694618, 0.3147316991094478, 0.24135618127028546], [0.24421117324618838, 0.18437044054038196, 0.3782613891947415, 0.19315699691867463], [0.29029355836186643, 0.16796904960232972, 0.28564307471048206, 0.2560943172253331], [0.24577146652981216, 0.13161036170573703, 0.29178323184255844, 0.3308349398218937], [0.2563283073536022, 0.25631281384821303, 0.28145853473317894, 0.20590034396502976], [0.23383795395546847, 0.2162409884767236, 0.18217459429804153, 0.3677464631697562], [0.21619684827580982, 0.18212864691406377, 0.36791581057117045, 0.2337586941389662], [0.21966861825631728, 0.17643450129008525, 0.4039022336243501, 0.1999946467292332], [0.2447914782019018, 0.230006931499883, 0.26468016255586096, 0.2605214276423528], [0.20975718030079998, 0.18227524290307598, 0.20974359054790417, 0.39822398614822063], [0.2268458142972659, 0.2693161035265105, 0.30057270668584546, 0.20326537539037687], [0.20953909438687965, 0.2230777557774738, 0.19377383478100577, 0.37360931495462973]], "ideal": "D", "sampled": "C", "correct": false}}
{"type": "result", "data": {"idx": 15, "options": ["(\u2203x){Fx \u2022 (\u2200y)[Dy \u2283 (\u2203z)(Vz \u2022 Rxyz)]}", "(\u2203x){Fx \u2022 (\u2203y)[Vy \u2022 (\u2203z)(Dz \u2022 Rxyz)]}", "(\u2203x){Fx \u2022 (\u2203y)(\u2203z)[(Vy \u2022 Dz) \u2022 Rxzy]}", "(\u2200x){Fx \u2283 (\u2203y)[Vy . (\u2203z)(Dz \u2022 Rxyz)]}"], "probs": [[0.07459143482281715, 0.17077653083022354, 0.3449687949169125, 0.40966323933005466], [0.07551200895485585, 0.23267997944463856, 0.17566932550600547, 0.5161386859945026], [0.07087261411840572, 0.14319747116969986, 0.44777844079049417, 0.3381514738214019], [0.07290916797651847, 0.15435373251761003, 0.26669818669566797, 0.5060389127101748], [0.06855309721748792, 0.26295445816314034, 0.1696880334726336, 0.4988044110467399], [0.05506539064883604, 0.181907517640471, 0.18483694313361293, 0.5781901484770747], [0.08017030077987834, 0.16447900394822307, 0.4071039106139062, 0.3482467845579695], [0.09285890135740298, 0.22269663562110717, 0.19046393056572472, 0.4939805323557553], [0.06738920176733014, 0.30200020165518665, 0.1774902899991597, 0.45312030647833185], [0.0979097970013313, 0.3525343079883089, 0.23852413528236152, 0.3110317596280077], [0.07567172145880804, 0.25994599305032123, 0.13912643063657923, 0.525255854754324], [0.08899627498588604, 0.2418196501233301, 0.38647197302211805, 0.28271210176867345], [0.07129567203481792, 0.26904099377613305, 0.3144515707134662, 0.34521176337559073], [0.07238477029615965, 0.20297809867220679, 0.20615088757186606, 0.5184862433597871], [0.05406663635619624, 0.34164443215576695, 0.1857199961063507, 0.41856893528166617], [0.07508030320024031, 0.4252879337803007, 0.19787562663429326, 0.3017561362851739], [0.060832108274675986, 0.2683342282907785, 0.13709764375465117, 0.533736019579892], [0.07001772559960667, 0.2522106046665725, 0.4094460155956647, 0.26832565403815734], [0.07805621370914995, 0.18148605393214143, 0.1814853388631713, 0.5589723933955634], [0.06934084479083565, 0.10900978789087548, 0.17419454120567837, 0.6474548260126167], [0.07917355957293797, 0.20533512301183846, 0.157358532947618, 0.5581327843676073], [0.0975410720687786, 0.1583250841648617, 0.39819063581653125, 0.34594320784983607], [0.063954329497787, 0.19392299441838326, 0.13534337840095415, 0.6067792975829069], [0.08418955015725983, 0.16226081181449406, 0.45515799488790676, 0.2983916430403288]], "ideal": "B", "sampled": "B", "correct": true}}
{"type": "result", "data": {"idx": 16, "options": ["The university raises tuition.", "The governor approves of it.", "The board of trustees recommends it.", "None of the above"], "probs": [[0.1441533007009449, 0.18796696407511432, 0.38569065795328616, 0.282189077170678], [0.07441968454988675, 0.11892220871866431, 0.11171587149174923, 0.6949422351396912], [0.15627680013810677, 0.19448218137269438, 0.41825835385741483, 0.23098266453178248], [0.14860210267906693, 0.1849842849780524, 0.13113568886582233, 0.5352779233770454], [0.15701819111874116, 0.09981396791195757, 0.22843289505509898, 0.5147349458141959], [0.14235957234676394, 0.09046794658644407, 0.23830690811687308, 0.528865572849919], [0.14028239608688864, 0.19484829085938285, 0.3584393415584851, 0.30642997139524253], [0.0959405532564042, 0.15818628512108318, 0.13951052754322, 0.6063626339793152], [0.13320223958316338, 0.35624052436793363, 0.23733247310008387, 0.27322476284881964], [0.16248294459873366, 0.4279720710229907, 0.1840830153510182, 0.22546196892726902], [0.14174040422718912, 0.09149977642686029, 0.20618828222239374, 0.5605715370235627], [0.11826165094084219, 0.0800389697343496, 0.4901043607922461, 0.3115950184325493], [0.18560052972193358, 0.22393100781152067, 0.35213179651972826, 0.23833666584680432], [0.1951970892338439, 0.2585448054475919, 0.15197697147331368, 0.39428113374526236], [0.18547929480900624, 0.3411432676783359, 0.22380784700223935, 0.24956959041040705], [0.21326579577409233, 0.4047787225836883, 0.16870130729124622, 0.21325417425098503], [0.19892229622547122, 0.09848241192043594, 0.225407878262794, 0.47718741349128074], [0.21855527593695245, 0.09700476479174763, 0.4082712684776529, 0.27616869069364064], [0.0407459610196625, 0.22547283672857, 0.22546908193920243, 0.5083121202125731], [0.037934070006149796, 0.1823592236275661, 0.20017540503730627, 0.5795313012289979], [0.042372858112860484, 0.25152757440721213, 0.22893658164406402, 0.4771629857358499], [0.03657044757159177, 0.20865828758728594, 0.29888077870395185, 0.45589048603716287], [0.037997818070616286, 0.22741240381776578, 0.19750198958982437, 0.5370877884218082], [0.03971170731752145, 0.25710432291015406, 0.30520152018038954, 0.3979824494919376]], "ideal": "D", "sampled": "C", "correct": false}}
