{"type": "result", "data": {"idx": 0, "options": ["10%", "20%", "40%", "80%"], "probs": [[0.05664496223335214, 0.4025879384138074, 0.4421348006450369, 0.09863229860780999], [0.06985042734981019, 0.3306715879015519, 0.0876119439825016, 0.5118660406661139], [0.07460419726476243, 0.27055924442292795, 0.5552705063730939, 0.09956605183920407], [0.11175535563071885, 0.4706737097382466, 0.15758195264033642, 0.2599889818907128], [0.08710905564527052, 0.07569039684172618, 0.521023216107301, 0.3161773313057038], [0.0673971207367037, 0.06434092529500368, 0.5777024815333465, 0.2905594723349413], [0.0904871266477193, 0.1125856439653247, 0.6789112142231423, 0.11801601506378898], [0.0708038361729178, 0.09228655858625412, 0.05178748830080454, 0.7851221168400334], [0.2017529908385139, 0.6024238636691093, 0.1204598885130839, 0.07536325687931977], [0.21204357825407552, 0.5854444736032732, 0.1368391434305395, 0.06567280461211912], [0.0911258806606894, 0.06768712262184974, 0.10735461564719934, 0.7338323809702755], [0.17348010005315784, 0.10688164431845028, 0.5688740505914537, 0.15076420493693915], [0.34779147762754764, 0.07351492097288267, 0.5138515993960944, 0.06484200190344612], [0.5254603774908349, 0.09205494452303867, 0.15297124463519368, 0.22951343325093015], [0.5332045233183378, 0.25171134892552305, 0.15038844134608398, 0.06469568631006416], [0.48886198728518987, 0.30596512103325235, 0.10737907011200919, 0.09779382146953877], [0.25638674555646773, 0.14150191906732254, 0.08448268009647751, 0.5176286551797296], [0.5160527098285194, 0.18686958404542584, 0.1897929446918103, 0.10728476133426516], [0.027820293849250714, 0.04883082384696857, 0.504888732601763, 0.41846014960202216], [0.019761594037284988, 0.039001221712070336, 0.7416618733583552, 0.1995753107922993], [0.03333000541768716, 0.10932507851041351, 0.1219560852542823, 0.7353888307176174], [0.048936847056779205, 0.1904856071834092, 0.6051397558821157, 0.15543778977767433], [0.04542203040298737, 0.2218490710906592, 0.0910202706840826, 0.6417086277222603], [0.0733600404108492, 0.505308640909504, 0.21396137648998445, 0.20736994208968226]], "ideal": "C", "sampled": "C", "correct": true}}
{"type": "result", "data": {"idx": 1, "options": ["About $300", "About $3k", "About $8k", "About $15k"], "probs": [[0.11835076882428398, 0.11651761824792811, 0.49828772037435753, 0.26684389245343637], [0.12092899075243302, 0.12092684485322279, 0.4492708234033585, 0.3088733408909795], [0.12059493817080455, 0.22885356384112174, 0.3656756870102365, 0.2848758108778556], [0.1287728218972792, 0.24825982066622537, 0.31880678489600883, 0.30416057244050504], [0.11366550667728297, 0.21902113589819278, 0.37260174839414445, 0.2947116089303737], [0.10463113715769524, 0.22854347905957192, 0.35941682078776915, 0.3074085628949575], [0.09821474551479344, 0.14979039289192542, 0.45412682661072507, 0.2978680348825554], [0.10559392397911463, 0.146607530092268, 0.43749771647565894, 0.31030082935296377], [0.10676050035598529, 0.43581493460198795, 0.14368521247552155, 0.31373935246650425], [0.11537544255842752, 0.396528919776982, 0.34452286190040654, 0.14357277566417756], [0.11188811604510904, 0.4709729613689374, 0.1529630360852833, 0.2641758864006695], [0.12001419638975594, 0.4060523189692776, 0.33133767463965114, 0.14259580990130855], [0.12378250849601186, 0.15893645219998376, 0.3112776584181448, 0.4060033807858651], [0.11911943773395563, 0.13920385168728075, 0.5011263897979742, 0.24055032068076465], [0.14390680725534946, 0.3000112692086834, 0.13304018611566598, 0.42304173732031886], [0.1473796300597993, 0.32185326144584364, 0.4007305436641889, 0.13003656473014946], [0.14809367031833956, 0.44218946554828253, 0.15773356780971462, 0.2519832962236567], [0.16209444890738642, 0.4076615667930073, 0.2802379920415741, 0.15000599215805008], [0.15162375900903238, 0.11444944065536788, 0.35255866319180557, 0.3813681370437936], [0.15770836898918603, 0.10503658365246005, 0.45626841448233224, 0.28098663277603353], [0.16384222649990182, 0.36918401961195285, 0.13588058791949, 0.3310931658686488], [0.1557854313295717, 0.3679618752796111, 0.3511154222322493, 0.12513727105856132], [0.16821690681434237, 0.39721440133092034, 0.14843719685658865, 0.2861314948981542], [0.1707599795636404, 0.37299822275056876, 0.3190517712983112, 0.1371900262874975]], "ideal": "B", "sampled": "D", "correct": false}}
{"type": "result", "data": {"idx": 2, "options": ["52%", "62%", "72%", "82%"], "probs": [[0.045878412158725776, 0.2206169046554202, 0.3015589229374099, 0.4319457601484335], [0.08771914870267657, 0.24403524079487507, 0.3132495082760263, 0.35499610212642224], [0.08363351629694966, 0.26785693526536564, 0.1479673205103977, 0.5005422278272806], [0.09344485746761892, 0.3017397725577924, 0.41891587214160386, 0.18589949773299635], [0.12317618648003656, 0.27758982901011187, 0.14855960697291662, 0.4506743774369426], [0.11185047407573742, 0.28547138932483573, 0.18730132611312872, 0.41537681038628105], [0.09656970631982058, 0.10041178066645688, 0.34230498827277167, 0.4607135246409504], [0.14503650673833823, 0.09150008400314116, 0.31666834250983894, 0.4467950666486822], [0.1678744745160053, 0.2600430453224184, 0.10841164189196362, 0.463670838169607], [0.19549141072941417, 0.3123306564751465, 0.3325964338766749, 0.15958149881874722], [0.2406243465751307, 0.31862284981010636, 0.10675684083501386, 0.3339959626797514], [0.22708782169875238, 0.3201056421997031, 0.24929550781979445, 0.20351102818174652], [0.15698927318728775, 0.08337711517660361, 0.13855023472143813, 0.6210833768146767], [0.19403709839612496, 0.09164452479060865, 0.3738900275344357, 0.3404283491788072], [0.15727220323649968, 0.079673352202423, 0.08028184790405271, 0.6827725965570064], [0.20280493013007864, 0.12398769124320161, 0.4361094176146672, 0.23709796091204166], [0.28207590429476537, 0.35093640940096377, 0.09371737399017496, 0.27327031221407333], [0.32737961462666526, 0.37692716930970516, 0.12041463211529918, 0.17527858384834458], [0.34764256962048584, 0.07513359223139918, 0.12389391763346876, 0.45332992041466047], [0.39165583005869337, 0.07533012789497427, 0.17653456064948744, 0.3564794812968408], [0.38948315224941993, 0.08827686212384442, 0.08760206784228079, 0.43463791768444454], [0.4246179381290522, 0.10817123655171922, 0.19741021482469281, 0.2698006103945321], [0.4309670702169916, 0.11964715958956638, 0.08094286680643331, 0.3684429032870047], [0.5220081510530656, 0.11115497910926203, 0.108527309195791, 0.25830956054188364]], "ideal": "C", "sampled": "D", "correct": false}}
{"type": "result", "data": {"idx": 3, "options": ["China", "United States", "Germany", "Japan"], "probs": [[0.21196058779924953, 0.43490611643918947, 0.29425205263857646, 0.0588812430229684], [0.18869769124955493, 0.3261326870013724, 0.13804553481812212, 0.3471240868309687], [0.24307248523058447, 0.3220609303141886, 0.34818599389915905, 0.08668059045606107], [0.2573552251199832, 0.27371632378618677, 0.16347257575870358, 0.30545587523512], [0.11557569547619409, 0.09732061937863601, 0.2092929957092531, 0.5778106893358909], [0.15637385378031493, 0.13171456431262085, 0.3808589995422619, 0.3310525822648076], [0.18090976422436686, 0.4619125841177051, 0.2937007807550421, 0.06347687080289137], [0.16737904396586933, 0.3599076716674455, 0.1345387537059465, 0.33817453056073277], [0.1399116026122258, 0.26980917571292856, 0.5117784480997079, 0.07850077347513085], [0.05413149572371949, 0.06038641771758238, 0.07750433611482638, 0.8079777503438916], [0.06280289571811727, 0.084468561235336, 0.4030512870890377, 0.44967725585752016], [0.03111674286030517, 0.0308720525214672, 0.11030229180458102, 0.8277089127136412], [0.18054317664649905, 0.49072088788863316, 0.2546389301904127, 0.07409700517446036], [0.18882059502886406, 0.46014738616662065, 0.14036475103551732, 0.21066726766901617], [0.14683428840484028, 0.2919572702258445, 0.48138405818587626, 0.07982438308345652], [0.06724992986975727, 0.08116343722244183, 0.09342919829782653, 0.7581574345099975], [0.06763710117415084, 0.08411755108031475, 0.4995716812370449, 0.34867366640848263], [0.03696912486208889, 0.03470974621409895, 0.10043491368599407, 0.8278862151377915], [0.056361809470837944, 0.2487573049503181, 0.23008130079000336, 0.4647995846888552], [0.058645929230635885, 0.3121984357229776, 0.4008044096433556, 0.2283512253030549], [0.034759751420376635, 0.12225095523726304, 0.4543304891294429, 0.38865880411292564], [0.02064399613207349, 0.049525685709158496, 0.15501447968577317, 0.7748158383730096], [0.03303589869973963, 0.10746910970313084, 0.5808125684233347, 0.2786824230737575], [0.022082088121693124, 0.042240369023427315, 0.10700433321977118, 0.8286732095351049]], "ideal": "A", "sampled": "A", "correct": true}}
{"type": "result", "data": {"idx": 4, "options": ["by 5 fold", "by 10 fold", "by 15 fold", "by 20 fold"], "probs": [[0.16972536567604402, 0.18070980796849992, 0.312084829923291, 0.3374799963321486], [0.15177605994252952, 0.14945324714785718, 0.23137776466597867, 0.4673929281436184], [0.14247966045017438, 0.2104763651319331, 0.31595285634309717, 0.33109111797479146], [0.13906171224463054, 0.19607051533266678, 0.2807930950217992, 0.3840746773008998], [0.1339328908116443, 0.13185498223458408, 0.3017915434183753, 0.43242058343539197], [0.14980425960703087, 0.140645230035792, 0.3025236581287289, 0.40702685212844436], [0.11479102729599559, 0.1778255050592263, 0.3536923594632313, 0.353691108081572], [0.10220266564188019, 0.16593619652434996, 0.3147717673751608, 0.417089370358592], [0.1359914204387699, 0.17456219434226974, 0.3312956271642154, 0.35815075795475265], [0.1561719256612462, 0.21013508552946894, 0.2871773498994214, 0.34651563880984715], [0.12017517594107725, 0.12792452586025224, 0.2839156678782067, 0.46798463022047726], [0.13940907810556305, 0.14160408133654998, 0.3093230927750512, 0.40966374768284375], [0.14305452276463437, 0.162213970852191, 0.31758483898361717, 0.3771466672995773], [0.13721286986218464, 0.1394070470645863, 0.37304373885733977, 0.350336344115897], [0.16836137587230732, 0.21609169858154534, 0.26467821762121335, 0.3508687078249299], [0.150170947706178, 0.1649391284320697, 0.3718685463570061, 0.31302137740474173], [0.1832104753050587, 0.16941515501489687, 0.2279973240328505, 0.41937704554721417], [0.203277486594192, 0.19094278776685059, 0.2956874093492813, 0.3100923161896723], [0.1159857387192461, 0.18251905493453277, 0.31522142451340246, 0.38627378173281346], [0.12048845930516036, 0.16467478856675977, 0.33788778115246015, 0.3769489708756272], [0.13246748182679627, 0.19582585657291107, 0.26345753741060646, 0.4082491240896818], [0.13954855733265883, 0.1792224866021868, 0.31937206382673783, 0.36185689213841216], [0.13088046057426184, 0.1788564617501638, 0.2995940390575911, 0.39066903851797896], [0.15334444605505668, 0.2267124726586815, 0.3003272723612719, 0.3196158088249859]], "ideal": "C", "sampled": "C", "correct": true}}
{"type": "result", "data": {"idx": 5, "options": ["Lower respiratory infections", "Preterm birth complications", "Diarrheal diseases", "Malaria"], "probs": [[0.32823070818287325, 0.08047423632854862, 0.558264185735017, 0.03303086965354143], [0.07881294449282274, 0.04490236117037636, 0.04218292424227802, 0.8341017699945172], [0.5685780748127214, 0.30921210190758225, 0.0943359722962297, 0.027873850883440476], [0.5025110792047927, 0.36749479189379686, 0.060952801026279556, 0.0690413277751287], [0.08541301932378008, 0.041639701624611156, 0.07539752466159398, 0.7975497542900004], [0.21014738082264925, 0.09042353890893824, 0.6573939524544372, 0.042035127713957], [0.05065067014840723, 0.17401710881768367, 0.743887108275389, 0.03144511265849686], [0.015574159716263764, 0.047583144005154496, 0.03885204473376024, 0.8979906514448245], [0.038888887891535336, 0.21354262130256035, 0.7110317292562438, 0.03653676144965508], [0.01718531460856461, 0.07124331730508401, 0.08332627967481769, 0.8282450883115275], [0.014498272295267992, 0.03479437541283125, 0.3979570331453652, 0.5527503190465423], [0.016833725025242493, 0.043647202778875134, 0.5317714662557114, 0.4077476058401731], [0.8153981922661346, 0.097353958265915, 0.06585562404635502, 0.02139222532160925], [0.8010421991766042, 0.11363174591742041, 0.04664731774460543, 0.038678737061346974], [0.5029680005681415, 0.071360577632605, 0.4040782955971664, 0.021593126102090587], [0.24710381902762352, 0.07423395254717272, 0.0765487753642897, 0.6021134529609133], [0.3950699157582578, 0.07783437460775576, 0.49956499322168374, 0.027530716312299967], [0.18056184373007403, 0.05771887260653294, 0.11127818033018233, 0.6504411032332122], [0.009395709312872006, 0.05623427234021619, 0.06886987319294731, 0.8655001450539418], [0.01545701171357425, 0.13353703670254163, 0.8055688697137121, 0.045437081770190214], [0.007658274462043834, 0.025900189096788, 0.4082577130130854, 0.5581838233280777], [0.00764693346768324, 0.0295484438189022, 0.5113114516615176, 0.45149317095188896], [0.014704556118480818, 0.2527176599918906, 0.6865820567082984, 0.04599572708132788], [0.009431637096054539, 0.09235881526484835, 0.08808255564983118, 0.810126991889265]], "ideal": "A", "sampled": "C", "correct": false}}
{"type": "result", "data": {"idx": 6, "options": ["10%", "20%", "30%", "40%"], "probs": [[0.09936859161645545, 0.19604706099726785, 0.3549780045571717, 0.34960634272910995], [0.1234860599012811, 0.2534348638639949, 0.3923541778381594, 0.2307248982965638], [0.09725006115248451, 0.25029174252808095, 0.17752242254945597, 0.4749357736699657], [0.12317309212629583, 0.33740255549310916, 0.4008751265010192, 0.1385492257795813], [0.10931078370074429, 0.29246410083067725, 0.15904774424319076, 0.4391773711253997], [0.12967432141001053, 0.34700884321728304, 0.2073250107428519, 0.3159918245298362], [0.10376987472847586, 0.08148888801977024, 0.41701584610434933, 0.397725391047403], [0.14963521199148744, 0.09660310453934186, 0.46084977532942667, 0.2929119080397673], [0.16589682012588639, 0.2033720350374615, 0.11950678246506372, 0.5112243622715944], [0.2028002713333141, 0.27715145486153436, 0.397040505088111, 0.12300776861702822], [0.20680312897281572, 0.2827336731297118, 0.11786600687371575, 0.39259719092375706], [0.2856482312843805, 0.3444818682367303, 0.19933917328990708, 0.17053072708898898], [0.16383251725461964, 0.06940331614246295, 0.18568050071609357, 0.5810836657868231], [0.22361009807027718, 0.10808234891091723, 0.5448495451733142, 0.12345800774550895], [0.17893690625350933, 0.0964876707330917, 0.11918781612164343, 0.6053876067917738], [0.258336211883452, 0.16164341997646117, 0.439501711752526, 0.14051865628755492], [0.35908907684349806, 0.3119747330461467, 0.11119223031124015, 0.21774395969913476], [0.36503660865832277, 0.297888490159361, 0.1725055656619356, 0.16456933542037624], [0.2854396529840931, 0.0738636278891543, 0.21218367261973364, 0.42851304640701277], [0.4113800196999206, 0.0889912649224282, 0.3410612834826147, 0.1585674317950425], [0.2549177546058735, 0.13222133755642856, 0.1364913144989367, 0.47636959323875516], [0.42700340125216424, 0.16980232102644383, 0.25097429322340425, 0.15221998439799425], [0.31449427842754746, 0.21291930411524165, 0.1270906157754686, 0.3454958015817371], [0.343751458309428, 0.22546580727992896, 0.22546264846628192, 0.20532008584436848]], "ideal": "C", "sampled": "D", "correct": false}}
{"type": "result", "data": {"idx": 7, "options": ["29%", "49%", "69%", "89%"], "probs": [[0.24720057918141042, 0.3486306671368879, 0.21471982427138295, 0.1894489293103283], [0.3784016139882788, 0.3666729996030266, 0.11357926880678121, 0.14134611750192944], [0.27268008185824777, 0.36689472030492437, 0.17880988075734067, 0.18161531697950972], [0.3311035403480823, 0.38090107736038353, 0.1316076146025122, 0.15638776758902004], [0.3269106700275337, 0.19214070794881782, 0.20141398119968684, 0.27953464072397144], [0.3296770980260582, 0.1737510770437451, 0.15103690566980965, 0.3455349191603727], [0.36386403771457887, 0.22771889502761414, 0.13809402140191676, 0.2703230457558756], [0.44878934809995596, 0.24405015688506823, 0.08838942612431765, 0.21877106879065608], [0.3201142809410595, 0.4309562388225435, 0.09766836486535647, 0.15126111527103858], [0.31230146477131343, 0.4138635079398374, 0.19545737101308044, 0.07837765617576702], [0.33936065974867463, 0.290283428046541, 0.13708440262151364, 0.23327150948328046], [0.3286587714137331, 0.30399140434211197, 0.22597759703316336, 0.14137222711098968], [0.426082008661181, 0.14272095160298492, 0.147233186900396, 0.28396385273543573], [0.5387078660758449, 0.1473778663301885, 0.1362625074253944, 0.17765176006855732], [0.5140991033586331, 0.23532516088034017, 0.15915827637750055, 0.09141745928354959], [0.4721705894361579, 0.182009516775652, 0.23009948289468096, 0.11572041079351832], [0.42559169427775545, 0.26639137394210005, 0.08716884167570835, 0.22084809000443228], [0.4263253145700857, 0.2839701446809953, 0.1279444928653457, 0.16176004778356998], [0.26611859366850305, 0.2138699822525334, 0.2619593237960935, 0.25805210018287866], [0.33036758569231933, 0.19729269081297346, 0.1942350496549508, 0.27810467373975306], [0.36645988863878354, 0.2365747027348449, 0.2944281391802146, 0.1025372693461668], [0.39287466714746505, 0.1915546321380126, 0.2617463077644739, 0.15382439285004523], [0.32859784472696707, 0.21886208818274752, 0.10833037241298363, 0.3442096945773169], [0.31641224921802463, 0.2543960407858465, 0.1748031189915131, 0.2543885909046252]], "ideal": "C", "sampled": "C", "correct": true}}
{"type": "result", "data": {"idx": 8, "options": ["18%", "38%", "58%", "78%"], "probs": [[0.06312209599977317, 0.33597993207160426, 0.3308474379132624, 0.2700505339153544], [0.12525801856809035, 0.42360858907142057, 0.34571995368644204, 0.10541343857404799], [0.10328945598784618, 0.36601193698761025, 0.17030743459568945, 0.3603911723288501], [0.08819641601111448, 0.3300595263661418, 0.4374667673334419, 0.14427729018931512], [0.14881005486981258, 0.36254841049855285, 0.168578294600863, 0.32006323993078], [0.15873691683883237, 0.4051265255067419, 0.18266053580498237, 0.253476021749428], [0.1462461250089111, 0.14404735728934404, 0.42333406776317956, 0.28637244983857285], [0.25049491505625004, 0.18616084166124552, 0.35888042385554453, 0.20446381932696833], [0.21291059881007102, 0.39162383029103937, 0.11762076007304559, 0.27784481072584755], [0.20049727274737789, 0.40488224611870605, 0.31037210385852465, 0.08424837717537638], [0.19860403786492395, 0.4272179238629275, 0.09832146639402044, 0.27585657177814366], [0.2248749358153007, 0.4990490998672015, 0.15943233993256542, 0.1166436242849358], [0.4587992555910833, 0.11598574455409794, 0.1797070471115103, 0.24550795264330574], [0.34129411711513313, 0.11077600984036866, 0.3988939949615679, 0.1490358779829449], [0.564975996591469, 0.18055735933607017, 0.12030612952232955, 0.1341605144501351], [0.4067933805338446, 0.17776000977673487, 0.32180894703221563, 0.09363766255720207], [0.407844981125379, 0.40783627707864795, 0.06923461083604, 0.11508413085991277], [0.407476934579958, 0.414058937549095, 0.09167375640028387, 0.0867903713706734], [0.6000983258897448, 0.07935019765416339, 0.14037969263184633, 0.1801717837242555], [0.6320287967525801, 0.07851989879384304, 0.16496525323352415, 0.12448605112003232], [0.5727544624820029, 0.14710055632317362, 0.09423743184890122, 0.1859075492459329], [0.6192525886418964, 0.15176638686303986, 0.14711956588300712, 0.08186145851204799], [0.6691268583859639, 0.1565423109550171, 0.05986120912211844, 0.11446962143688315], [0.6295080416736972, 0.16946958406503043, 0.11378914002286224, 0.08723323413840195]], "ideal": "C", "sampled": "D", "correct": false}}
{"type": "result", "data": {"idx": 9, "options": ["11%", "26%", "41%", "56%"], "probs": [[0.030660925912417352, 0.27322498926420263, 0.30471749833658146, 0.39139658638679387], [0.07545512737340168, 0.45855150217745255, 0.362832038246637, 0.10316133210250487], [0.048471460188562285, 0.24807989599520222, 0.20241519212129272, 0.5010334515949374], [0.06655065285861667, 0.3567782675679878, 0.4107382773179086, 0.1659328021554704], [0.07636439711672066, 0.321310817782122, 0.18311449314260436, 0.4192102918585544], [0.08898442044876663, 0.4279270667512354, 0.16501689675148387, 0.318071615948535], [0.1163469864568225, 0.11457400529282362, 0.4323932467736681, 0.3366857613766869], [0.19043975259869178, 0.1394092484458215, 0.5097538674797581, 0.1603971313757376], [0.20743154279810191, 0.32645707228211995, 0.09644567631036749, 0.369665708509409], [0.17328327339500438, 0.39660389320459755, 0.3555670070839536, 0.07454582621642543], [0.24903279273322843, 0.36230351080313977, 0.09301596955595123, 0.2956477268076911], [0.2908008066668529, 0.41628068160296616, 0.17908324251733307, 0.11383526911285298], [0.2146081342354823, 0.10620582901313089, 0.23192968603757674, 0.44725635061381885], [0.2864221514331177, 0.13954809825443218, 0.4231358574808383, 0.15089389273160925], [0.42105928699291867, 0.19893027708950822, 0.12064681317073583, 0.25936362264681173], [0.291985597600749, 0.2070220314243249, 0.3927858590445334, 0.10820651183040943], [0.3632672629716473, 0.3632577278675666, 0.07915620287526283, 0.19431880618554043], [0.3951723027363953, 0.3712267480311686, 0.13444541160536333, 0.09915553752704645], [0.3562093581095245, 0.08862702428755241, 0.1818818717395763, 0.3732817457633558], [0.5996495968483364, 0.10175571080326778, 0.15393662583945572, 0.14465806640894371], [0.5405641606634224, 0.15479939876556106, 0.10895234054824743, 0.19568409992277327], [0.5874406463463551, 0.16822668091787288, 0.1484430234545687, 0.09588964918120702], [0.5571668375496562, 0.14991622333156449, 0.07135331956527505, 0.2215636194535086], [0.6254894864373323, 0.15808453137641112, 0.11749040812689934, 0.0989355739593667]], "ideal": "B", "sampled": "D", "correct": false}}
{"type": "result", "data": {"idx": 10, "options": ["23%", "38%", "53%", "68%"], "probs": [[0.10384358940228493, 0.32989451474122744, 0.30522883742637097, 0.2610330583301054], [0.15116496870260696, 0.36263675335086465, 0.3201431995042247, 0.16605507834228664], [0.12244088257182123, 0.4621573740269055, 0.18664299375587926, 0.2287587495454028], [0.09973660501390162, 0.41992206260398585, 0.302485832521735, 0.17785549976038578], [0.14638466977285294, 0.48736208791395025, 0.153337829674867, 0.2129154125383258], [0.11609305365943895, 0.466551178363871, 0.163694709524072, 0.25366105835262637], [0.1777169149978112, 0.1592851679743167, 0.400337104363773, 0.26266081256411905], [0.19155681704231217, 0.14919087036256595, 0.45219803121555585, 0.2070542812795613], [0.2417463956937649, 0.22355374039136433, 0.1234959245321876, 0.41120393928267396], [0.262668796741141, 0.25460857549123034, 0.22811917700380777, 0.2546034506638437], [0.1925205770659563, 0.40749474076650477, 0.087468086473571, 0.3125165955939712], [0.19459692196371642, 0.4453386574414758, 0.11798754561449386, 0.24207687488031787], [0.4375542047716752, 0.1512680186341307, 0.19118350590930078, 0.2199942705848899], [0.350790230265247, 0.13316658661119812, 0.31929245552769786, 0.196750727495878], [0.4653888290374677, 0.1583499336424709, 0.12330536609487207, 0.25295587112518675], [0.44390352700669716, 0.15578569941973813, 0.2032696487241805, 0.19704112474938199], [0.3764667016611406, 0.38842750550100946, 0.08532692479560745, 0.14977886794225248], [0.3423509690474129, 0.3877657684647298, 0.0950488831128863, 0.17483437927496268], [0.6026846509184031, 0.1000045306440456, 0.13247811275472937, 0.16483270558280644], [0.6168858487667251, 0.08615135065504029, 0.13346307655266576, 0.16349972392554754], [0.6259365513067754, 0.10540657298425427, 0.08080565303419256, 0.18785122257479303], [0.6660545098204581, 0.08082031073876841, 0.08734695657452483, 0.16577822276625231], [0.5917944011177391, 0.14270617012459397, 0.0734863707798091, 0.19201305787786738], [0.6157204817943391, 0.12512745936721448, 0.09082039170371248, 0.16833166703474375]], "ideal": "D", "sampled": "D", "correct": true}}
{"type": "result", "data": {"idx": 11, "options": ["5%", "10%", "15%", "25%"], "probs": [[0.08710632507537001, 0.1760401130919811, 0.40285335744305656, 0.3340002042895932], [0.09406559943575184, 0.20069995357225723, 0.46681988465772856, 0.2384145622342634], [0.09400984127601346, 0.23086708301650577, 0.2698068669373199, 0.4053162086701564], [0.12892669570629986, 0.3240155431288386, 0.41606180303900897, 0.13099595802584835], [0.12252541991057068, 0.2399153218410829, 0.36578537666970584, 0.27177388147863046], [0.11293368699135867, 0.22634935770990663, 0.37894852915472416, 0.28176842604400626], [0.08080987714140182, 0.07891641712067851, 0.4723810567705738, 0.3678926488673585], [0.08809448442510258, 0.07777583045674513, 0.5069259175958343, 0.3272037674223063], [0.12880403452029493, 0.2685910695503828, 0.20583542646098998, 0.39676946936832835], [0.11899812314727351, 0.27230211357537926, 0.516753640638551, 0.09194612253877345], [0.1528558830152411, 0.3340262989642827, 0.19936417711040783, 0.3137536408100652], [0.14833886105028346, 0.3188869606446993, 0.3393932938007778, 0.1933808844042359], [0.12865977647550483, 0.06524556241987432, 0.2641446317372236, 0.5419500292674105], [0.15458368666045588, 0.08400779166130729, 0.6207509392454571, 0.14065758233276246], [0.17885921820486553, 0.13503042071467442, 0.18459358656363517, 0.50151677441682], [0.14943659564207537, 0.14259871868627638, 0.5820963082929326, 0.1258683772787108], [0.2849852736785755, 0.36605601102477064, 0.1649566568843049, 0.18400205831233427], [0.24554708074445092, 0.3252752384423018, 0.23797175581888788, 0.1912059248943446], [0.2828053714319332, 0.08102148243455175, 0.32553726969674057, 0.3106358763367521], [0.27614379987944065, 0.08625066702805977, 0.4699951953219594, 0.1676103376705423], [0.2903219999286457, 0.1372279946490665, 0.19960915692554945, 0.3728408483967344], [0.2976099742661443, 0.1427033930123919, 0.3820767322467806, 0.17760990037469168], [0.307130923196944, 0.28833210128693787, 0.18334906654583843, 0.22118790887028855], [0.2423414900477396, 0.25808979517046315, 0.2922702628530164, 0.20729845182877715]], "ideal": "B", "sampled": "D", "correct": false}}
{"type": "result", "data": {"idx": 12, "options": ["2%", "4%", "9%", "18%"], "probs": [[0.05950626004555211, 0.10857138361031418, 0.34517339903880395, 0.48674895720534905], [0.06976415851526613, 0.1387880122696278, 0.631791828288154, 0.15965600082696615], [0.0683846263520699, 0.1705882082736165, 0.11728561954101115, 0.64374154573328], [0.1257544836744348, 0.3237683290610064, 0.41557463069723627, 0.1349025564673185], [0.10384622422146314, 0.4204855487270332, 0.14309364991348072, 0.33257457703801385], [0.13417890694431556, 0.5562127898509486, 0.1644504776639657, 0.14515782544076705], [0.1035146290804854, 0.09502883861458797, 0.29954313513791464, 0.5019133970670261], [0.12515926589987036, 0.10537467347682893, 0.5694701619777228, 0.19999589854556235], [0.11075639958142368, 0.16887885748080958, 0.09323043253788253, 0.6271343102998624], [0.15703751307777722, 0.27132239270763997, 0.4473974296081399, 0.12424266450642142], [0.17641963239307695, 0.4368186290607704, 0.0959602802109042, 0.2908014582352467], [0.1982735343297729, 0.5064029423905294, 0.1384461582504934, 0.15687736492920193], [0.16259324671866213, 0.09118459735736362, 0.12273562372682785, 0.6234865320971611], [0.2732327227474083, 0.13527295601709755, 0.4507329420806079, 0.14076137905488362], [0.19134728621046126, 0.12162392090104701, 0.11606473333184344, 0.5709640594566272], [0.24271089973099688, 0.15419560697954127, 0.4605008999488344, 0.1425925932406247], [0.3671696303177259, 0.3847397180260616, 0.0950264479412334, 0.15306420361499531], [0.3569163147664848, 0.3798566820381976, 0.1167536367955131, 0.14647336629982047], [0.4771992690182495, 0.07149654811156889, 0.1284585360670774, 0.3228456467030827], [0.6147824175932506, 0.0906451249810416, 0.1965457255790711, 0.09802673174663924], [0.43728441269438106, 0.14869470633943338, 0.10883326868315103, 0.3051876121830375], [0.5316733280992535, 0.17527391883409663, 0.15220361184074366, 0.14084914112592753], [0.4970407743895553, 0.21043875083356192, 0.11528875794688552, 0.17723171673001223], [0.48498219739598114, 0.2053742339831213, 0.13675281338384992, 0.17289075513703178]], "ideal": "C", "sampled": "D", "correct": false}}
{"type": "result", "data": {"idx": 13, "options": ["minimum wage legislation", "land reform", "progressive taxation", "increased access to education"], "probs": [[0.35225299873389876, 0.27438186931183856, 0.12364144740604656, 0.2497236844482365], [0.3660139511634045, 0.24771200484299555, 0.16762147571848976, 0.21865256817510575], [0.2963895643809195, 0.14904998934343203, 0.3747511903478273, 0.1798092558278282], [0.22451783586811247, 0.14491681200567263, 0.20449153931512126, 0.4260738127110884], [0.2969142907256969, 0.13380713466474028, 0.341591178510423, 0.22768739599913473], [0.18167605705534728, 0.17605999446474802, 0.09138687195648396, 0.5508770764234091], [0.1834860077536447, 0.4267815654911431, 0.11847649288893862, 0.2712559337662748], [0.19106774459102593, 0.40434348505975504, 0.18813230973316467, 0.21645646051604941], [0.18742621889751676, 0.2025662969893413, 0.3499354308977983, 0.2600720531153261], [0.05951460772893949, 0.12305644848386267, 0.14161011595460538, 0.6758188277325928], [0.15590621666746537, 0.14418425577291608, 0.4729536906608374, 0.22695583679877615], [0.05634033176164368, 0.11652558813539142, 0.09076536213576994, 0.7363687178671947], [0.015312327422412677, 0.08813127299859694, 0.7040606635013364, 0.19249573597766362], [0.016417047926145706, 0.1053959470950054, 0.1907724747108986, 0.6874145301679673], [0.03244259748827789, 0.28467711592760414, 0.4275009917520563, 0.2553792947320643], [0.019947957803886942, 0.12514901771342424, 0.1462690873393563, 0.7086339370433183], [0.012267108459254158, 0.06182183332889037, 0.16672780066360116, 0.7591832574482713], [0.00997072439703451, 0.052666525465986005, 0.3007368779438408, 0.6366258720931584], [0.025017196518107177, 0.15934494519664505, 0.6012262498726467, 0.21441160831258027], [0.023290745120167967, 0.1471288860211688, 0.07063338991408795, 0.7589469788445592], [0.03296045982998241, 0.2116711183400702, 0.49194007357586717, 0.2634283481540864], [0.019732374644909206, 0.0722138294167843, 0.08179628293593723, 0.8262575129023637], [0.018008268469092252, 0.06794127997290975, 0.17763377190996837, 0.7364166795480225], [0.015386240813194438, 0.06181788516246253, 0.22615203285530364, 0.6966438410690641]], "ideal": "A", "sampled": "A", "correct": true}}
{"type": "result", "data": {"idx": 14, "options": ["36%", "56%", "76%", "96%"], "probs": [[0.23709411282816734, 0.23709190738138158, 0.29959265990933864, 0.22622131978110901], [0.35282952273691437, 0.2749369764141255, 0.19484584030048782, 0.177387660448469], [0.3242607144001748, 0.2193906776274388, 0.22634318965684244, 0.23000541821554069], [0.34639576562295993, 0.2575392446288077, 0.21347276895190515, 0.18259222069634795], [0.273020006748347, 0.17912523015666793, 0.2335754648400258, 0.31427929815494465], [0.2522333104671631, 0.16542990569660204, 0.24831881810162826, 0.3340179656346046], [0.22351524800847056, 0.31518491452610997, 0.23425055544736811, 0.2270492819180594], [0.23318740750391984, 0.2903194945134125, 0.12098575380325359, 0.35550734407941015], [0.31054982526187785, 0.26562674232832534, 0.2202117249092431, 0.20361170740056228], [0.33687605673022497, 0.2926891796677834, 0.22091817611149742, 0.14951658739051432], [0.25583266950273553, 0.19297272276399086, 0.2328791490461197, 0.31831545858717514], [0.21802284673848002, 0.1386749679916221, 0.23583785805554125, 0.40746432711436525], [0.1546871352661759, 0.32743241136014206, 0.30301268832381667, 0.21486776494986196], [0.14097904665215572, 0.2633972741351101, 0.14768664493524858, 0.44793703417750613], [0.16679530306798684, 0.30671669285906117, 0.40634220557903533, 0.12014579839390147], [0.15967349162556996, 0.31762729484545305, 0.15722561465189655, 0.36547359877708885], [0.17131234839248385, 0.1971953983213214, 0.29596690144778315, 0.33552535173839626], [0.14528749747303726, 0.172509996666217, 0.36502987139604876, 0.31717263436469306], [0.08350035342183051, 0.261231868052041, 0.2868640193485872, 0.36840375907754846], [0.09132432746794403, 0.22415078259105847, 0.23867539770855536, 0.44584949213243735], [0.08943806846832078, 0.3096275398552495, 0.3914250783509037, 0.20950931322551528], [0.07044744781129392, 0.211942412864722, 0.23269317977367276, 0.4849169594503064], [0.09009271196094133, 0.19677989863106612, 0.34545561389230195, 0.36767177541569773], [0.07380046549122676, 0.22035200103844674, 0.3750198705863341, 0.3308276627839928]], "ideal": "B", "sampled": "A", "correct": false}}
{"type": "result", "data": {"idx": 15, "options": ["6%", "13%", "27%", "46%"], "probs": [[0.042547102943125026, 0.2773642578976281, 0.4502189006669606, 0.22986973839228647], [0.05856472886042275, 0.22973641438576256, 0.11553544044106133, 0.5961634162127639], [0.07288884638851509, 0.35893387363780743, 0.29739656205982856, 0.27078071781384516], [0.068249773217166, 0.43828694310617483, 0.3467187308351057, 0.146744552741549], [0.078505832274461, 0.11696335184095312, 0.28055003243692755, 0.5239807833476543], [0.06488110697035565, 0.1077871750592396, 0.39426025909286305, 0.43307145877755554], [0.06306906540563914, 0.07845291587840586, 0.6168449978619032, 0.24163302075403395], [0.13343602224761983, 0.09919421396590354, 0.11060244798918505, 0.6567673156972934], [0.2218055918805068, 0.5844719975466309, 0.07311930646025017, 0.1206031040126215], [0.18824256482622725, 0.5117341784526265, 0.2531778526812879, 0.04684540393986305], [0.2304078976113068, 0.1851128171125644, 0.07362607083704231, 0.5108532143390724], [0.23865323503927086, 0.19177803296407508, 0.44579133568788015, 0.12377739620878239], [0.5107441493485825, 0.05554491370010234, 0.23376326537032308, 0.19994767148100043], [0.43112997736219616, 0.06561157204452728, 0.3925492626041234, 0.11070918788916738], [0.7235423222361793, 0.1180924673151052, 0.08507237212531783, 0.07329283822341802], [0.4754297343751808, 0.1449280640773772, 0.30205343899268555, 0.0775887624547457], [0.58879168912827, 0.24533881410070715, 0.03454156270157725, 0.1313279339694684], [0.6177477500433841, 0.2457630901900322, 0.05792888732484751, 0.07856027234173293], [0.17070902978298466, 0.03159707766986405, 0.1329721132581989, 0.6647217791889326], [0.32647300357670866, 0.04087180385178787, 0.4900582750710977, 0.14259691740039912], [0.3486822046362596, 0.0714240114831864, 0.07251917155270504, 0.507374612227845], [0.48654599398268034, 0.08721703456871792, 0.34494456721772104, 0.08129240413089492], [0.5421243909614617, 0.23687972779420888, 0.04774090096890857, 0.1732549801754055], [0.5839480817434319, 0.20824342517569822, 0.09459775237204565, 0.11321074060883855]], "ideal": "B", "sampled": "C", "correct": false}}
{"type": "result", "data": {"idx": 16, "options": ["34%", "49%", "64%", "79%"], "probs": [[0.12463909446460585, 0.24792644155448137, 0.32836578089957674, 0.29906868298134237], [0.149785451835435, 0.21789718076873943, 0.28417701806371926, 0.3481403492321127], [0.15700650855917753, 0.25076432089612494, 0.22133786111912776, 0.3708913093255645], [0.1530821577603596, 0.2370617532742202, 0.3727985672531202, 0.2370575216123063], [0.15261130786145416, 0.298865614366988, 0.21523445027998991, 0.3332886273915625], [0.14882691045385343, 0.30057501808622744, 0.2304950763467012, 0.3201029950132127], [0.2047423227370088, 0.180688500736803, 0.30252410296815996, 0.31204507345802296], [0.20703620638147208, 0.17431900703994582, 0.2070295311048913, 0.4116152553736974], [0.23218353946165443, 0.30297955447735897, 0.15234178946971247, 0.31249511649128187], [0.20889474950826728, 0.29446987310843314, 0.32352141025991277, 0.17311396702338147], [0.23282185411141293, 0.3037492612132499, 0.15504647718579495, 0.3083824073895379], [0.22178052741769178, 0.30318689466758403, 0.26339229178359114, 0.21164028603115298], [0.2998460349688876, 0.1605457978659872, 0.19972872831137473, 0.33987943875374643], [0.3474597118246593, 0.15419680535410238, 0.22780809039532357, 0.27053539232591023], [0.36304323995602955, 0.2418231089409771, 0.17150603887499818, 0.22362761212800375], [0.31254464225908346, 0.18960048251565476, 0.3225442172566246, 0.17531065786863242], [0.34881859534147747, 0.33807285985576896, 0.12052080267021671, 0.19258774203256318], [0.3396055160395906, 0.33422804820608876, 0.15539341975326282, 0.1707730159010656], [0.34257410371005903, 0.1261181569508181, 0.17775468709319078, 0.3535530521459271], [0.4162621475982952, 0.12305086752768565, 0.2159405667631746, 0.24474641801085134], [0.3784214981826518, 0.15540019803547941, 0.12682989335386047, 0.339348410328016], [0.45122927687930814, 0.15590686371273846, 0.22683146633361004, 0.16603239297433853], [0.4878249325109652, 0.19398522168572094, 0.09833280314735833, 0.2198570425559569], [0.48345899690815036, 0.1922876664474934, 0.14076290855016158, 0.18349042799418983]], "ideal": "A", "sampled": "D", "correct": false}}
{"type": "result", "data": {"idx": 17, "options": ["62%", "72%", "82%", "92%"], "probs": [[0.18653105465719577, 0.322264054515661, 0.2590300994015815, 0.23217479132556856], [0.28345586345864443, 0.3527801589184773, 0.1359849584373238, 0.22777901908556267], [0.27396754262755707, 0.17690397507124286, 0.35184216232545246, 0.19728631987574322], [0.4651220785493148, 0.18494955842341693, 0.226693644623531, 0.12323471830373975], [0.3369837521222674, 0.08723784266176694, 0.3477132568673369, 0.22806514824861862], [0.41170347550949854, 0.0823541789592711, 0.2786101731312128, 0.22733217230000807], [0.29004727622678833, 0.26415937953612817, 0.20898127870577787, 0.23681206543131397], [0.3162671360369846, 0.2581357798064468, 0.10934616389676517, 0.31625092015978234], [0.3708573586387145, 0.31738013042820606, 0.15710203395761088, 0.154660476875477], [0.35694196846322923, 0.3054177200822017, 0.24157288334563415, 0.09606742800894359], [0.41069987469550434, 0.17665999368190802, 0.17116032435047893, 0.24147980717210527], [0.2981040936916362, 0.14306950554313974, 0.38890753035166054, 0.16991887031357158], [0.24173721957638092, 0.17959035555189887, 0.28250025166089765, 0.29617217311081917], [0.3369226721675624, 0.20117438278643582, 0.14037876001584873, 0.3215241849301628], [0.38355255378796443, 0.27636640041015353, 0.198970958839736, 0.14111008686215618], [0.3417633451257209, 0.25802511641924253, 0.18295824567064053, 0.2172532926844179], [0.3596703019140477, 0.25491455877528146, 0.13441374944980136, 0.2510013897608663], [0.3447761457910748, 0.23696825291610832, 0.20912797941580902, 0.2091276217770048], [0.15934839449729135, 0.15934344647625287, 0.2930363518889706, 0.3882718070374683], [0.21023963743485036, 0.18264165260747445, 0.22036054965232701, 0.3867581602053442], [0.23890067794857775, 0.2666013258801986, 0.28368625585371776, 0.21081174021751478], [0.20655214984392115, 0.22338953481113993, 0.30053189726898144, 0.2695264179759658], [0.2432028459368163, 0.27981851165408034, 0.1497970657462516, 0.3271815765628482], [0.21109419003562419, 0.24685632087130424, 0.27102534056483163, 0.27102414842823624]], "ideal": "C", "sampled": "B", "correct": false}}
