{"type": "result", "data": {"idx": 0, "options": ["The formation of the non-aligned movement", "Global disarmanent and nuclear non-proliferation", "The Green Revolution in agriculture", "Mobilization of pan-Asian ideology"], "probs": [[0.7619152185103502, 0.029552660425534255, 0.01892643223482423, 0.1896056887292882], [0.8467398342350506, 0.029898961506457794, 0.09204897437901881, 0.031312229779486694], [0.7080896463853443, 0.011539576217744447, 0.04318683225986717, 0.23718394503705797], [0.618900986792011, 0.0130537483707986, 0.24618083087081724, 0.12186443386635828], [0.9026415195113506, 0.03639460388645026, 0.03474182108824194, 0.026222055413946007], [0.8857151215858244, 0.0330232497408049, 0.015594895033649248, 0.0656667335397463], [0.0143292047133974, 0.8523402757227294, 0.02495908283301693, 0.10837143663083787], [0.013914786875198815, 0.8741831962722731, 0.07289333400714194, 0.039008682745383785], [0.007775581561215803, 0.00370232858451082, 0.8640345699238615, 0.12448751983039447], [0.002508732321460942, 0.0010797256859213092, 0.022886871110240375, 0.9735246707823951], [0.012460952255071461, 0.01663277895337982, 0.9227832152732197, 0.04812305341834807], [0.0019771643595486187, 0.0026180555929688227, 0.0034421522924634722, 0.991962627654997], [0.0030929137547141207, 0.6570827718370389, 0.07847310203487204, 0.2613512122733432], [0.0032002977150991695, 0.6392247812163908, 0.1297754218841379, 0.2277994990843794], [0.0019826555185902656, 0.004433560538490009, 0.8784120470772976, 0.11517173676563579], [0.0006606452688854029, 0.0010882618502343218, 0.008560258178242408, 0.9896908346026488], [0.0032275783751643757, 0.0157689917098537, 0.8469293233411797, 0.13407410647378423], [0.0007432098726424202, 0.002634642937728788, 0.00584494719151985, 0.990777199898109], [0.05486016696803995, 0.8448694710110466, 0.058851641268654484, 0.04141872065226073], [0.03864845901426407, 0.838960701081753, 0.028265519542883547, 0.094125320261104], [0.03557029639411798, 0.011548381780350041, 0.9030928265582235, 0.049788495167292564], [0.0034362475146158043, 0.002117607721138274, 0.003716079996552932, 0.990730064667697], [0.016013682619082526, 0.004342935045443952, 0.873669830393263, 0.10597355184220865], [0.001889279877424537, 0.000580601565157916, 0.0037279508504528655, 0.9938021676069556]], "ideal": "A", "sampled": "A", "correct": true}}
{"type": "result", "data": {"idx": 1, "options": ["How societies shared strategically important technologies with each other", "Why European states went on to attain military superiority over non-Western powers in the modern era", "Why Silk Road commerce dwindled across the breadth of Eurasia after 1500 C.E.", "How the medieval climatic optimum affected the process of cultural diffusion"], "probs": [[0.07039880154809204, 0.8443794852849615, 0.047250872773574266, 0.03797084029337531], [0.05226550865478959, 0.8634276620883916, 0.04166549444620391, 0.04264133471061554], [0.20314975240957325, 0.049385292707440145, 0.6660389084996622, 0.0814260462833367], [0.15774032617813402, 0.03601732819094942, 0.08844554603846774, 0.717796799492463], [0.14052952949065975, 0.048929168948397474, 0.7246563866034447, 0.08588491485750716], [0.1405322855228052, 0.056346912328224204, 0.055029041661214126, 0.7480917603877691], [0.7028875774680424, 0.1474053303226189, 0.083279449896058, 0.06642764221326994], [0.7644121896679328, 0.11906810366674093, 0.05757353085681471, 0.058946175708502184], [0.6330806966564286, 0.05117526431302454, 0.24412078694174405, 0.07162325198878144], [0.7336898077476582, 0.05358670336152357, 0.06362340536524314, 0.14910008342556086], [0.6966286185413934, 0.060888435576287134, 0.17073355701097503, 0.0717493887713167], [0.7232320190421254, 0.06318760969791129, 0.06671804994119204, 0.1468623212187865], [0.04836183208216978, 0.07852094403515787, 0.7624239096076024, 0.11069331417505847], [0.024987311884869617, 0.06135574904251685, 0.06684500057892082, 0.8468119383936945], [0.04653098011446967, 0.7106568223267467, 0.14665091391434631, 0.09616128354442964], [0.03676212781828635, 0.7795247522225965, 0.06600108796468829, 0.11771203189442267], [0.023504614151982354, 0.034184905043213934, 0.13953446097809832, 0.8027760197267167], [0.03684263407972635, 0.049567131448918944, 0.7573330681825412, 0.15625716618883095], [0.022865050123914196, 0.041726417341536114, 0.8443299614629547, 0.0910785709716], [0.020044525106229144, 0.051197317186023245, 0.04960652160120938, 0.8791516360065266], [0.01522690970539538, 0.8507140716133792, 0.07148542802610303, 0.06257359055512586], [0.018560112641359643, 0.8398609336001872, 0.0558202599812815, 0.08575869367719283], [0.016486098502950873, 0.017537296794988277, 0.10744157312931545, 0.8585350314727443], [0.029761437577749315, 0.02838563050696797, 0.8232561096280216, 0.11859682218727743]], "ideal": "B", "sampled": "B", "correct": true}}
{"type": "result", "data": {"idx": 2, "options": ["They kept horses in their court, which would have come from the Mongols.", "The Ghanian king had adopted the Chinese tradition of the kow-tow .", "The king adorned himself with gold and jewels, probably from India.", "The people in his court wore silk robes."], "probs": [[0.15275583499823786, 0.0544999847346254, 0.4056596912511645, 0.3870844889159648], [0.08724555405942007, 0.04121666582700654, 0.11203593881596337, 0.7595018411976004], [0.14774725788419776, 0.34094455007643604, 0.08688251874074183, 0.42442567319862096], [0.17948055599786872, 0.2305367047213915, 0.42392772886830965, 0.16605501031243441], [0.0998237832528484, 0.10796026115382876, 0.06053928925668225, 0.731676666236633], [0.16987493673778195, 0.09832524669797094, 0.597455477595444, 0.1343443388687838], [0.08926227180092944, 0.05205596824966868, 0.5773432752555429, 0.2813384845938509], [0.03885017970432874, 0.03824291844492245, 0.08551174155774462, 0.8373951601930223], [0.0812030697198011, 0.2562042425213434, 0.08578251826966427, 0.576810169389183], [0.11403933733141595, 0.28010798240374496, 0.40097340822514177, 0.20487927193969926], [0.04292097748262566, 0.05260277163252299, 0.06245743473885216, 0.8420188160459903], [0.09021448388114872, 0.07838076664388378, 0.7099975279662434, 0.12140722140874181], [0.6157993503198839, 0.08670079533240532, 0.06004090243189561, 0.23745895181582258], [0.46228193168395343, 0.07785523115991427, 0.31772959772780107, 0.14213323932832467], [0.5704068973110421, 0.05104667245419041, 0.07307598454976334, 0.3054704455850067], [0.5371100846010396, 0.05112823822361341, 0.2346343865245102, 0.17712729055085502], [0.5772325145404547, 0.15056008320844635, 0.1093366395660164, 0.162870762585087], [0.6464978831749538, 0.1523761774418671, 0.07086980231796276, 0.13025613696523358], [0.09665009307145328, 0.10454061799095059, 0.05052590980849262, 0.7482833790290944], [0.1864614210214691, 0.07834522054022952, 0.6305998968006857, 0.10459346153760764], [0.10451591936546321, 0.044601349062966436, 0.07240453353738119, 0.7784781979341883], [0.14713582397832692, 0.05330535219170411, 0.6803805707261554, 0.11917825300380662], [0.15083243817693834, 0.555935366618259, 0.10698638289125206, 0.1862458122135251], [0.14713220657320136, 0.6192883312856485, 0.09646156494421643, 0.13711789709693234]], "ideal": "D", "sampled": "C", "correct": false}}
{"type": "result", "data": {"idx": 3, "options": ["the Arab-Israeli conflict.", "the Korean War.", "the Cold War.", "the Vietnam conflicts."], "probs": [[0.04693904277820571, 0.06073975906497432, 0.7874176685410856, 0.10490352951572497], [0.08647150001036802, 0.05163440124611653, 0.04179728161514989, 0.8200968170283531], [0.05988218486369299, 0.7703651705553223, 0.07626891014817212, 0.09348373433280398], [0.07145517427303984, 0.7859953527676863, 0.05969053150776508, 0.08285894135150065], [0.17511067486024015, 0.06051321339065745, 0.07186106877991197, 0.692515042869195], [0.08487290447680405, 0.03593481468056355, 0.786712178160173, 0.09248010258248242], [0.038986205154225365, 0.0689899415397767, 0.7651825794141222, 0.1268412737918978], [0.054426232316464936, 0.19144880474252599, 0.0646448504929445, 0.6894801123480792], [0.020959614769368588, 0.8243509249964671, 0.06507692352884709, 0.08961253660533176], [0.02414907833563321, 0.8448369241777677, 0.026937628396595106, 0.1040763689900187], [0.03215477864027472, 0.021588514642648736, 0.17939745139286192, 0.7668592552241991], [0.027321470334102173, 0.01736303031065199, 0.7919030394825078, 0.16341245977271354], [0.8623276208846138, 0.052628739201036966, 0.03118049184304639, 0.053863147971279], [0.8814671258380139, 0.05294043614183313, 0.02207003090973329, 0.04352240701044355], [0.8534317391239765, 0.03552211139429621, 0.044183453053732294, 0.06686269632798593], [0.8485138658855931, 0.034236537974126145, 0.017480668733230766, 0.09976892730704087], [0.850358183860706, 0.027774819224488476, 0.06356234023564156, 0.058304656579169195], [0.8492843842497353, 0.027298038416718868, 0.020437622730457683, 0.10297995450310413], [0.041616365073520005, 0.31238689031514033, 0.10629990183309442, 0.5396968426782398], [0.03245827994446489, 0.09244578087863776, 0.7618525021972183, 0.1132434368796888], [0.02605749314328056, 0.04829502685438182, 0.23221747644465052, 0.6934300034576976], [0.018381061378714387, 0.03892298803298377, 0.7876531518436058, 0.15504279864471443], [0.03487453917235515, 0.5988916555141698, 0.23459190053466958, 0.13164190467879938], [0.033411714539613696, 0.6654082986279749, 0.07829134606037239, 0.22288864067201733]], "ideal": "C", "sampled": "C", "correct": true}}
{"type": "result", "data": {"idx": 4, "options": ["They became a part of Japan\u2019s territory.", "The Americans established freedom for all Koreans.", "The Korean economy never recovered.", "Korea remains divided into two nations near the 38th parallel."], "probs": [[0.001834278110760462, 0.0033473250783099488, 0.007307844584196684, 0.9875105521267261], [0.0031848166557289, 0.005089304108944144, 0.9467520878249446, 0.04497379131036668], [0.001929349443771475, 0.0032055104309978238, 0.011446174141162757, 0.98341896588408], [0.00345700406298715, 0.005107181669714101, 0.9070585923013533, 0.08437722186594045], [0.006262685336830035, 0.9072274937471171, 0.03988530919407823, 0.04662451162195419], [0.005172831238843814, 0.8972437434750808, 0.0273115046471782, 0.0702719205388952], [0.0016212982317465759, 0.002889129606351343, 0.0065595222981255676, 0.9889300497637733], [0.003431953677996504, 0.004374182477515914, 0.9513545327703655, 0.040839330974134835], [0.0013671986382781545, 0.0021178081508855568, 0.005890401595165442, 0.9906245915156936], [0.003249856156562547, 0.004617520343915583, 0.9663897269873318, 0.025742896412209254], [0.005413749240587297, 0.9460775483632008, 0.019037196227538324, 0.02947150606867951], [0.004360652021547511, 0.9487082373738707, 0.02064367458739303, 0.026287435917170206], [0.0017779917912667934, 0.002282651277801298, 0.008410753001662235, 0.9875286038292604], [0.00402435754210974, 0.0047416535934639275, 0.9242486006973706, 0.0669853880670372], [0.0018359364334900726, 0.0034291118017071177, 0.006357085612543719, 0.9883778660522626], [0.0039085984871846825, 0.008670623577450676, 0.9561972835285666, 0.031223494306811136], [0.006360022375255724, 0.9143585691032066, 0.024365164536960724, 0.054916243884575555], [0.006370822907006363, 0.923025614848353, 0.031596656982030694, 0.03900690516262332], [0.8810986714251483, 0.020570709592188326, 0.05089475231966765, 0.04743586656300871], [0.8818860401134184, 0.01996583737253048, 0.03671048411629947, 0.061437638297728324], [0.8919875155726992, 0.03683997925147215, 0.029132426952485278, 0.04204007812334316], [0.9185552646838783, 0.02546572860117084, 0.025274352885230174, 0.03070465372969725], [0.896781871795053, 0.03506043809372574, 0.023160506828484778, 0.04499718318274017], [0.9117999125422458, 0.028200158878029923, 0.0297663807854328, 0.030233547694307316]], "ideal": "D", "sampled": "D", "correct": true}}
{"type": "result", "data": {"idx": 5, "options": ["Optimistic, encouraged", "Understanding, accepting", "Cynical, enthusiastic", "Sincere, resigned"], "probs": [[0.18973390135537074, 0.21499430397381175, 0.2676146598176156, 0.3276571347532143], [0.20670290941317912, 0.223538763027238, 0.22354305408695765, 0.3462152733726363], [0.2058393242542568, 0.44948428783133276, 0.10029043165658924, 0.24438595615783895], [0.19486375312065016, 0.3935988610225859, 0.2009528617447449, 0.2105845240120305], [0.20843861019966797, 0.39535349753935106, 0.12442445040837967, 0.2717834417525988], [0.20328561403784784, 0.4043389090841146, 0.21304116271079526, 0.17933431406725273], [0.13066151799887113, 0.22930465562303576, 0.3841303839643598, 0.25590344231373474], [0.12673860669179118, 0.24820284496824221, 0.139183715515146, 0.4858748327248305], [0.13491815022133027, 0.5015191930494548, 0.1267281972375416, 0.23683445939168374], [0.1400887917594544, 0.5124193182285275, 0.12365263180379396, 0.2238392581082027], [0.13226453274832506, 0.1301821177098389, 0.1724329310409384, 0.565120418400883], [0.1144344192019151, 0.10258109047261588, 0.4931044601932605, 0.28988003003219603], [0.298234275268172, 0.3487777558568257, 0.09385661011014688, 0.2591313586648347], [0.28893309050933025, 0.28452453039658127, 0.2216427561434199, 0.2048996228506532], [0.27941020866160104, 0.19502401507203418, 0.1668145311568567, 0.3587512450094978], [0.3350506430710397, 0.20000518558594946, 0.17387575167195768, 0.2910684195710531], [0.24845596470798773, 0.4360780782614199, 0.1393030745630963, 0.17616288236750333], [0.26124363338038076, 0.47313434156377976, 0.08032639102415333, 0.1852956339317049], [0.16936604313561468, 0.3758196314688119, 0.10196008212417201, 0.35285424317139946], [0.19158745199905644, 0.3208711226820726, 0.33113946304773384, 0.15640196217113708], [0.15028238795701634, 0.1502744624061854, 0.1989822162358522, 0.5004609333009696], [0.11319966923088097, 0.09988042721903444, 0.5528706136949796, 0.23404928975510503], [0.1475199351478696, 0.5651035684849809, 0.12033965704397426, 0.16703683922316506], [0.13675842722686074, 0.6031274565456227, 0.07319787902889002, 0.18691623709862798]], "ideal": "C", "sampled": "C", "correct": true}}
{"type": "result", "data": {"idx": 6, "options": ["Revolutionary progressivism does not always concern itself with gender equality.", "Women typically assume leadership roles during times of revolution.", "Women rarely support revolutions and therefore receive little benefit from them.", "Revolutionary movements are generally uninterested in women's rights."], "probs": [[0.3182271394842685, 0.18415251636420144, 0.0890769731849057, 0.40854337086661807], [0.39932281808490083, 0.21712795144171015, 0.182805484441932, 0.2007437459314427], [0.2569217861936491, 0.1354211998296932, 0.07191805337315077, 0.5357389605035043], [0.3762741557692498, 0.14736948563620017, 0.14967930323386264, 0.3266770552606995], [0.3191489919316173, 0.14614755815454042, 0.10523870726454458, 0.4294647425493099], [0.3577449119199056, 0.12363032528847058, 0.09401305999076377, 0.42461170270086623], [0.059827697769159846, 0.6284520964310819, 0.08771533456503862, 0.22400487113473372], [0.06075019755142414, 0.6631988852909657, 0.10829989447814738, 0.1677510225794638], [0.11449597226646048, 0.11448834163390684, 0.4598799820267872, 0.3111357039728293], [0.07192776762280172, 0.0847440764737836, 0.17668147811334042, 0.6666466776900668], [0.0835283017401069, 0.29841257330348553, 0.43418301230904705, 0.18387611254735717], [0.06276944414211286, 0.2520259648474214, 0.08986794627969633, 0.5953366446307634], [0.10592935474999676, 0.2769155722599733, 0.0667868169366442, 0.5503682559533863], [0.1298079367277893, 0.5382077039696959, 0.13394867547293246, 0.19803568372958374], [0.13433537545222043, 0.055134770951458516, 0.37682289098359967, 0.4337069625127098], [0.0965725455637643, 0.04932080048274106, 0.21936427035490197, 0.63474238349861], [0.17876961972916672, 0.23308975052731343, 0.4422380853816324, 0.14590254426188565], [0.06794759504011967, 0.1308790602717764, 0.05945435425577191, 0.7417189903323419], [0.12505322341525596, 0.4298183050250298, 0.1156993121655978, 0.32942915929410904], [0.11767190284270539, 0.4269143609696166, 0.11765992090145923, 0.337753815186207], [0.13673292872094692, 0.11511749598479405, 0.5493059245579497, 0.19884365063633036], [0.08252684868123436, 0.12012067503122058, 0.10601339611815574, 0.6913390800694135], [0.18145503975521735, 0.20561917445162256, 0.4285637563718022, 0.18436202932135543], [0.07527795165860311, 0.14968845821490387, 0.0718493561171751, 0.7031842339093226]], "ideal": "A", "sampled": "A", "correct": true}}
{"type": "result", "data": {"idx": 7, "options": ["Sub-Saharan Africans relied on European merchants to sustain population growth through the constant importation of New World foodstuffs.", "Sub-Saharan Africans consolidated new states and kingdoms by trading with the Europeans for firearms.", "Sub-Saharan Africans depended on European merchants as the sole purchasers of slaves.", "Sub-Saharan Africans allied with European powers to evict Muslim and Arab merchant princes from encroaching on their sovereignty."], "probs": [[0.35458451736516094, 0.0499174435993523, 0.48475427561705214, 0.11074376331843706], [0.2504053464283449, 0.0599517465505631, 0.06040629501320003, 0.629236611907865], [0.4889559869285297, 0.16903895974627717, 0.2346010870108752, 0.10740396621431128], [0.4506683408319045, 0.25285133973242196, 0.08018785029926591, 0.21629246903639604], [0.24032047782456206, 0.020839535946620705, 0.09561752179697124, 0.6432224643318459], [0.3209037740698029, 0.02325107883063806, 0.4969894481625337, 0.1588556988370249], [0.07579718013053369, 0.5686944641894501, 0.26041920356618165, 0.09508915201380991], [0.023838003951050766, 0.3446951916618169, 0.045229540401926664, 0.586237263885179], [0.07535130462962769, 0.09599309535116218, 0.7370698809054287, 0.09158571901377396], [0.021695274096483877, 0.06680735907874538, 0.03181442191955997, 0.8796829448051983], [0.017094517746506242, 0.008798637447991023, 0.6616198278129751, 0.31248701689255287], [0.019570643103617648, 0.006659754602813451, 0.26177782426644414, 0.7119917779271318], [0.2696069105767439, 0.4176124274304463, 0.20038269071564416, 0.11239797117717674], [0.20591550146684257, 0.525641890655239, 0.07511671660590967, 0.1933258911720046], [0.15071705739452848, 0.05249387127728546, 0.7186248445602694, 0.07816422666789688], [0.18087274376310405, 0.06809724101048796, 0.06863867033855717, 0.6823913447878434], [0.13834755518037067, 0.030652218984488635, 0.6813109806165791, 0.14968924511857204], [0.15976083973117547, 0.025089733082696707, 0.08824741006016537, 0.7269020170259444], [0.00694163410142582, 0.16555415347159153, 0.06186925215886636, 0.7656349601681375], [0.017591196388440235, 0.4716626417415538, 0.30459766000850813, 0.20614850176148855], [0.006080129519370287, 0.01108976669163714, 0.6807810415428535, 0.3020490621461453], [0.0062841855988098085, 0.009650468741964527, 0.24695110370660084, 0.7371142418526038], [0.013680299718538628, 0.09348478988249566, 0.7126062985481092, 0.18022861175085678], [0.004947631097033761, 0.04045937834155546, 0.03431929845847419, 0.9202736920029168]], "ideal": "B", "sampled": "A", "correct": false}}
{"type": "result", "data": {"idx": 8, "options": ["Hitler's belief that Poland's territorial borders should not be violated", "A rising intolerance of ethnic and political minority groups", "A widespread belief in Germany that it had been unfairly treated at the end of World War I", "Hitler's attempted collaboration with Italian leader Benito Mussolini"], "probs": [[0.008250007226350596, 0.00267861480200108, 0.9839894664049071, 0.0050819114667395825], [0.00336175173677453, 0.0018561962012369766, 0.003082693501723587, 0.9916993584602687], [0.009797101914659464, 0.9686168682403391, 0.01425122392122383, 0.00733480582380068], [0.007570908423019955, 0.9761607577895376, 0.007692083488552939, 0.008576250198890509], [0.0031307641738564295, 0.0008899661426977473, 0.004848596096251117, 0.9911306734872071], [0.00579640607149383, 0.001205784067973143, 0.9824987862201853, 0.010499023540349246], [0.009776597168586684, 0.002936287391546993, 0.9815869267349306, 0.005700188604930082], [0.0037185828826671262, 0.0017837730000894256, 0.0032563528022817386, 0.9912412912149625], [0.01160237390023176, 0.9729046239217051, 0.009616730528847497, 0.005876271549198938], [0.00845561351151931, 0.9770850309988932, 0.00921004472198531, 0.005249310667608034], [0.0037475107546359387, 0.0010169490109928755, 0.0038976090904905727, 0.9913379310438714], [0.011150094118411379, 0.0028179827303646764, 0.9801105590518454, 0.00592136399937446], [0.9828673922743686, 0.005364249673751755, 0.007217687833832557, 0.004550670118064698], [0.9832312091213912, 0.006576052492346859, 0.004697870186699147, 0.005494868099544863], [0.9819057278247406, 0.007153571600258067, 0.006023696447433535, 0.0049170040275827226], [0.9845538818348955, 0.00585386940315632, 0.004384292225942953, 0.005207956435999509], [0.9815523763272789, 0.006116764240283694, 0.006165757479867359, 0.00616510185257366], [0.9820633361231641, 0.004479934024520096, 0.007615726909526977, 0.005841002842789096], [0.002240138134673518, 0.0011342554564606029, 0.004853175640602359, 0.9917724306682602], [0.0056204284545973565, 0.001597731231027803, 0.9829168272871456, 0.009865012927238698], [0.0017886064024134486, 0.0011274221890125355, 0.0035001521244656763, 0.9935838191841189], [0.00799699686429994, 0.0027869225367553162, 0.9843257358654043, 0.004890344633555823], [0.009885761682283022, 0.9695525454806957, 0.010441753802949837, 0.010119938934050044], [0.009988322820689158, 0.9642630072641784, 0.017791860179579462, 0.007956809635573154]], "ideal": "C", "sampled": "C", "correct": true}}
{"type": "result", "data": {"idx": 9, "options": ["was justifiable according to local military custom, even if it violated Western military norms.", "can be viewed as a reaction to the systemic brute force with which the British governed India.", "should be praised as a brave patriotic blow against British colonial oppression.", "seems to have been the product of a well-organized and long-premeditated conspiracy."], "probs": [[0.008968531547873741, 0.9005274017562238, 0.026771003785834933, 0.0637330628100648], [0.007204139147591758, 0.9145443641368245, 0.040804860613030396, 0.03744663600256456], [0.004410384511579135, 0.0033285403651762166, 0.922750547682594, 0.06951052734067636], [0.0006677241149708255, 0.0008641556289786656, 0.005374988415307371, 0.9930931317407561], [0.006420748525344358, 0.008048937558625568, 0.9603403112555884, 0.025190002560465545], [0.0007237343619361969, 0.0017629885309499236, 0.0027301732786984448, 0.9947831037284052], [0.8070540864282811, 0.04244985502349295, 0.033314018004338426, 0.11718204044385945], [0.8214082239022569, 0.03391639456862651, 0.06586928525332471, 0.07880609617579756], [0.8136213157198187, 0.02763005334967742, 0.05283845256296806, 0.10591017826754416], [0.7624562451453111, 0.034840075767196506, 0.0848708282436423, 0.11783285074384221], [0.8898988931094247, 0.029754122113706486, 0.032421249604673213, 0.04792573507218668], [0.849422955801595, 0.0429629279859343, 0.033980797820788854, 0.07363331829166851], [0.002999836140349147, 0.003942042309413445, 0.9274327196690784, 0.06562540178115525], [0.0005886197557509605, 0.001433643135361847, 0.006275690277622254, 0.991702046731271], [0.00584822480876572, 0.8538345025749301, 0.045980657779546415, 0.09433661473673535], [0.00525596847189019, 0.8430214673161257, 0.05104388503948951, 0.10067867907247922], [0.00041559791246574, 0.0013005096632517073, 0.003371643141814296, 0.9949122491824457], [0.0019575419354680872, 0.004479021381144848, 0.9159896992140526, 0.07757373736935236], [0.00540088885973153, 0.005701905394147961, 0.9661682812026853, 0.02272892444341108], [0.0008458740065350389, 0.0017486761086473127, 0.0026252495593941587, 0.9947802002254136], [0.006441495254001049, 0.9556197449863033, 0.01581097540611135, 0.022127784253589487], [0.0059425008258789875, 0.9532979710304951, 0.01328711520576758, 0.02747241283785166], [0.0005643828296152869, 0.0007131681636583537, 0.002489769964868114, 0.9962326789418501], [0.003858677917797393, 0.0031980793161006937, 0.936258374671666, 0.05668486799442685]], "ideal": "B", "sampled": "B", "correct": true}}
{"type": "result", "data": {"idx": 10, "options": ["A factory owner is forcing him to do so.", "He doesn\u2019t earn enough on his own.", "The children need discipline.", "Their labor is only moderately difficult."], "probs": [[0.15406522283396992, 0.537594499526437, 0.1469705098767537, 0.16136976766285652], [0.14810135905730165, 0.47076303477451537, 0.13697824295998814, 0.2441573631082008], [0.12113557540578727, 0.05812448659544855, 0.6651888531750544, 0.1555510847236993], [0.08608883640728003, 0.05470574400942243, 0.08022145167848317, 0.7789839678047997], [0.08303565583928654, 0.0588868517117983, 0.6427064256563947, 0.21537106669251319], [0.06726541582248184, 0.054904801559522154, 0.08978180121484325, 0.7880479813031659], [0.5341794827100418, 0.3139709409453357, 0.06738192871576136, 0.08446764752887975], [0.46642568832467896, 0.3203965608860804, 0.081684214985592, 0.13149353570364344], [0.2891032229651673, 0.050637207152197515, 0.5571665644755105, 0.10309300530713159], [0.4409994623765778, 0.05351146466792676, 0.06452459873281399, 0.4409644741226805], [0.225275633097674, 0.03400630512098811, 0.6124050848087842, 0.12831297687255142], [0.23349036480914195, 0.025387689706429722, 0.07638138425698979, 0.6647405611274189], [0.031163150375656815, 0.043949417036007216, 0.8100244449008752, 0.11486298758747564], [0.016801997948758026, 0.03668459660540648, 0.036407586891916935, 0.9101058184539303], [0.053634618736693465, 0.11001112908864065, 0.7173818463049603, 0.11897240576970276], [0.026991428704322938, 0.16145026342334282, 0.06521137998810173, 0.7463469277842057], [0.010705216194346601, 0.024689437826637364, 0.2200716561153047, 0.7445336897637321], [0.007010027769876153, 0.01426312483134433, 0.2179219911865857, 0.7608048561121932], [0.02911157849466684, 0.04951827943315209, 0.733094057671152, 0.18827608430101636], [0.027538442412836574, 0.059195909882618886, 0.07027327521494285, 0.8429923723895832], [0.04212772285629599, 0.09639987970122443, 0.7178962872082263, 0.1435761101342475], [0.01544848296858683, 0.14885401961247013, 0.07967271958876603, 0.7560247777301629], [0.008844975716645649, 0.017993076283330106, 0.47511285972327744, 0.4980490881767548], [0.00516006963735449, 0.01050970307229669, 0.3294210464963229, 0.6549091806940148]], "ideal": "B", "sampled": "B", "correct": true}}
{"type": "result", "data": {"idx": 11, "options": ["Uneasy allies", "Comrades-in-arms", "Mortal enemies", "Distant strangers"], "probs": [[0.3545710074149829, 0.0483533797167459, 0.49226611868276304, 0.10480949408551085], [0.35459085165333554, 0.05397402038254524, 0.32796026506839876, 0.2634748627957155], [0.5122146783247723, 0.35180384475997034, 0.059266019219003825, 0.07671545759627439], [0.5519966155655632, 0.3048178755585198, 0.07828147603651475, 0.06490403273938034], [0.47690310567283556, 0.1324791678877303, 0.10152203872400387, 0.2890956876154304], [0.6012201707943139, 0.09817546599760921, 0.22820304086120563, 0.07240132224686699], [0.019552682223360887, 0.7163794822413911, 0.15248644934813785, 0.11158138608711693], [0.014380557876316247, 0.7145507724696698, 0.10134949694037823, 0.16971917261362418], [0.031745023355143606, 0.05795806765734236, 0.7876180355579564, 0.12267887332957361], [0.01828803952696255, 0.13725392122795443, 0.0669165274697496, 0.7775415116753166], [0.019126468661806482, 0.028937746095620394, 0.7760110281398876, 0.1759247570026861], [0.014461695891829749, 0.040564171342831426, 0.23158607407149037, 0.7133880585938588], [0.0667197324815188, 0.8129531695000739, 0.045868702431789546, 0.07445839548663684], [0.06721445072680349, 0.7939811177419627, 0.06720694133828063, 0.0715974900929638], [0.050546545046779405, 0.014940409814773445, 0.8549865817461522, 0.07952646329231075], [0.03590276436130635, 0.012410252923959045, 0.047194263812931514, 0.9044927188017894], [0.08728750437197345, 0.02481241723647532, 0.7904957709400015, 0.09740430735157227], [0.0404784881750158, 0.01823952304785413, 0.041756876691267035, 0.8995251119858593], [0.07624398489193805, 0.734852674104078, 0.06518844706730278, 0.12371489383669564], [0.08476078396859149, 0.7204618944358556, 0.12724800820954105, 0.06752931328599238], [0.044449170434507114, 0.020833767949228598, 0.7999358175237451, 0.13478124399251903], [0.03648802878991524, 0.023021330710427782, 0.2019811552946385, 0.7385094851049978], [0.0751569463885659, 0.050855072869004224, 0.7833378880408278, 0.09065009260160213], [0.043630702068770205, 0.05687906353511455, 0.05058802943084136, 0.8489022048652511]], "ideal": "A", "sampled": "A", "correct": true}}
{"type": "result", "data": {"idx": 12, "options": ["Issue a casus belli to go to war with the Kingdom of Zulu", "Tax the Zulu kingdom to cover damages attributed to them", "Sever its responsibility to protect citizens who chose to live in South Africa", "Liberate the Zulus from British colonialism"], "probs": [[0.5725068333986278, 0.2010183736084467, 0.17194755309702367, 0.05452723979587445], [0.5233377720338068, 0.28901744433510906, 0.04680621021345351, 0.14083857331766644], [0.6871750401594936, 0.12418063729411596, 0.14639804695112518, 0.042246275495255205], [0.7188118310759503, 0.13295332052831604, 0.031833963320721095, 0.1164008849750206], [0.6608587647828237, 0.025631080923039763, 0.20477496288516545, 0.10873519130895663], [0.7329561379328816, 0.02338122325122662, 0.10156870702159597, 0.14209393169430706], [0.21107054653953092, 0.6303592882257776, 0.11035236330113156, 0.048217801833575526], [0.2026120363380929, 0.6438201722692357, 0.045919247654147975, 0.10764854363849713], [0.27839856066583085, 0.07259187144325731, 0.5797184513190886, 0.06929111647181517], [0.4801185602701981, 0.10544400329044012, 0.04643131605709277, 0.3680061202822593], [0.3741212315952611, 0.025659163076087677, 0.48789157757397694, 0.11232802765466982], [0.4498760790245111, 0.029448613557499052, 0.11112286180587061, 0.40955244551210246], [0.3086361835523496, 0.30399304461876303, 0.31351004301701263, 0.07386072871187865], [0.2993501072008251, 0.396522855512082, 0.0598515337895837, 0.24427550339751844], [0.2101700603918441, 0.06362508789141928, 0.657454492058689, 0.0687503595580269], [0.2426086847435697, 0.20109684635285263, 0.05085356963321521, 0.5054408991703623], [0.3015959039418836, 0.02150747285503561, 0.3753256350432647, 0.3015709880598115], [0.18771821366206928, 0.016794296634005557, 0.2264171529014522, 0.5690703367024469], [0.04128137004010378, 0.13018150664335595, 0.6506168411748016, 0.1779202820417181], [0.03062248406147483, 0.3020924606744141, 0.11197186627976552, 0.5553131888843342], [0.03150008450308022, 0.06665515283518825, 0.7573130069467601, 0.144531755614987], [0.022167836722373328, 0.16254432316737916, 0.08700945665704439, 0.728278383353182], [0.0191261629847507, 0.032020186694546204, 0.3901926908958318, 0.5586609593248723], [0.013542073051307424, 0.0221499842113281, 0.15252173140131933, 0.8117862112360252]], "ideal": "A", "sampled": "A", "correct": true}}
{"type": "result", "data": {"idx": 13, "options": ["Pan-Africanism", "Communism", "African socialism", "Neocolonialism"], "probs": [[0.8993305911531191, 0.010803826244050458, 0.04476590239405777, 0.04509968010879302], [0.9050129424312412, 0.009975774574145278, 0.021459870669208812, 0.06355141222539114], [0.9139759794573047, 0.03890954840499835, 0.011962372590760847, 0.035152099446955895], [0.9210915953310661, 0.036570832318270366, 0.02573259933254558, 0.016604972918106767], [0.8722897746475686, 0.029169737480890967, 0.010814164607593643, 0.0877263231639327], [0.902313416690128, 0.02923750454875903, 0.04421928887826953, 0.02422978978285714], [0.00802188491147724, 0.7105638690212124, 0.11781826807243274, 0.1635959778948755], [0.006761186851201125, 0.7284844211405118, 0.06567279630861267, 0.19908159559969205], [0.011945001291052667, 0.08619968222255196, 0.7105484324950991, 0.19130688389129485], [0.002146258485954951, 0.011872486854395122, 0.012841074653763463, 0.9731401799058913], [0.0019042585613148482, 0.006909135422296894, 0.7861174114790409, 0.20506919443735935], [0.0021658424508557953, 0.006074982107689296, 0.05454911268231768, 0.9372100626591212], [0.07507644606761835, 0.782661031302541, 0.042784355796303734, 0.09947816673355618], [0.08514949903916456, 0.7953775437165571, 0.07171508529655961, 0.0477578718477355], [0.07663440829577077, 0.014281083065953422, 0.7614602000698019, 0.1476243084684569], [0.010936787285451336, 0.002558585418298935, 0.009805983376380677, 0.9766986438198598], [0.051506170346696065, 0.03709329197237345, 0.8376487889915628, 0.07375174858934946], [0.027130664284324264, 0.019698870112875928, 0.01139795643573503, 0.9417725090670825], [0.007471156881567873, 0.8906437906706315, 0.017778260138594595, 0.08410679220921385], [0.00870062946571949, 0.9014736309901923, 0.04929361290536442, 0.04053212653872283], [0.009380072331079091, 0.0048306377148603875, 0.837954658032425, 0.14783463182163967], [0.00985432380930128, 0.004136823685875123, 0.0927391778267496, 0.8932696745780576], [0.02300153240805075, 0.096082206465805, 0.7920439108589771, 0.08887235016717267], [0.008858735581811415, 0.0463878252622526, 0.012688013165553205, 0.9320654258903943]], "ideal": "A", "sampled": "A", "correct": true}}
{"type": "result", "data": {"idx": 14, "options": ["Agriculture fueled industrialization in cities as excess labor flowed from the countryside to urban centers.", "Agricultural surpluses allowed the state to invest more heavily in modernizing agricultural production.", "Agricultural efficiency reduced prices of basic commodities, raising the standard of living across the whole of China.", "Agriculture was collectivized, with the result that entire communities shared fields instead of individuals owning the land as private property."], "probs": [[0.0012443143056090297, 0.005079380181688144, 0.011005373407356444, 0.9826709320053266], [0.009822397107591706, 0.016833354391124405, 0.9190180164870737, 0.05432623191421417], [0.0009949530639805028, 0.003017636920913612, 0.018050933728421113, 0.9779364761866994], [0.006906641945548465, 0.013001824530744634, 0.8632723158655424, 0.11681921755817896], [0.016544313632128684, 0.7973521969738275, 0.09522117855224697, 0.09088231074181169], [0.01258422565314047, 0.8286250680894257, 0.037572394024294985, 0.12121831213315057], [0.003617346047414591, 0.006154095567508384, 0.01071292549498692, 0.9795156327900933], [0.029833806046170745, 0.018371706295190835, 0.9066621494806307, 0.04513233807802838], [0.002736568647996229, 0.005071740509138471, 0.010990152214905537, 0.9812015385279401], [0.04291391751033142, 0.025026175705284804, 0.8549734380297437, 0.07708646865465595], [0.034580607541472894, 0.8710288338313775, 0.04168874818801725, 0.052701810339152624], [0.026958868862789347, 0.8854597543013624, 0.03007105059080957, 0.05751032614502772], [0.0008287848631172273, 0.0028698658125161994, 0.014126722050720852, 0.9821746271736262], [0.006235829927581312, 0.011736704024406725, 0.8897338572120632, 0.09229360873595267], [0.0007636474490532966, 0.0035023006865033887, 0.009445734274417375, 0.9862883174900346], [0.010988873464315032, 0.022553897455227557, 0.8730164357566431, 0.09344079322383289], [0.01655159741330016, 0.7908579906742162, 0.05300620170897083, 0.1395842101034873], [0.018313759281781913, 0.7724024281708118, 0.09973251800396099, 0.10955129444346969], [0.6837070303318321, 0.03767079810206903, 0.19889658088886877, 0.07972559057723383], [0.5606849145486581, 0.04976303430036029, 0.04426486988349525, 0.34528718116748325], [0.8463611762597328, 0.057607913020095484, 0.03660138042477339, 0.05942953019539939], [0.8123204159113093, 0.06882380198197689, 0.04271511375956418, 0.07614066824713353], [0.5929556568226526, 0.04540112204360364, 0.049060472294421974, 0.31258274873931413], [0.6403563059731514, 0.039387688114062284, 0.22128348429362438, 0.09897252151915016]], "ideal": "D", "sampled": "D", "correct": true}}
{"type": "result", "data": {"idx": 15, "options": ["The expulsion of Christian missionaries from Japan", "The adoption of Chinese imperial customs in the Japanese court", "The annexation of Manchuria by the Japanese", "Commodore Perry forcing Japan to open its ports to trade"], "probs": [[0.019456807762112022, 0.015870521327031685, 0.04183998854372933, 0.9228326822671404], [0.04402110489916198, 0.029551288020751607, 0.804877282498351, 0.12155032448172702], [0.03287606007204901, 0.048962286425769656, 0.036658992788709786, 0.8815026606134667], [0.13733284393338946, 0.15088738793844467, 0.543447716281397, 0.16833205174678673], [0.0409254864913447, 0.7846142284952035, 0.0614297936088255, 0.11303049130465127], [0.0591978827045066, 0.7614802665212914, 0.08547878244502631, 0.09384306822916035], [0.013313401427511452, 0.02317733435693, 0.04467379323575292, 0.918835470879829], [0.03369556212769002, 0.03970773773475182, 0.8291205014830025, 0.09747619855456896], [0.017704458862555696, 0.03748279147538077, 0.043829701069669554, 0.9009830484923944], [0.06622400333048653, 0.12085030688262004, 0.6137217686055865, 0.19920392108132956], [0.02618730522993226, 0.8149348984553028, 0.08069090433267354, 0.07818689188210964], [0.027625693125053714, 0.7945493782534915, 0.07990885827740747, 0.09791607024404834], [0.035864641152718334, 0.04325050473817449, 0.045323951283182506, 0.8755609027259286], [0.13271064309508915, 0.10829512518809899, 0.6133491364508237, 0.14564509516599317], [0.03161827438004893, 0.019944459897404853, 0.04565395553808661, 0.9027833100844759], [0.11456532561925786, 0.058077159495720024, 0.629370394685483, 0.19798712009955838], [0.12363912415807232, 0.5895316417906287, 0.14457554240149376, 0.14225369154979448], [0.1022522124545798, 0.588447395173085, 0.1122579066978153, 0.1970424855745267], [0.6071435639333062, 0.1559550524935653, 0.10550888974154642, 0.13139249373156647], [0.552302304036869, 0.17923501604072817, 0.15089725561497505, 0.11756542420743539], [0.6349879970396749, 0.08268060799860578, 0.17365075014281756, 0.10868064471888422], [0.573970011325878, 0.08335521891683957, 0.21457039659196533, 0.1281043730652909], [0.5357011479741883, 0.1609196142008102, 0.19106318024783436, 0.11231605747717384], [0.5605742012561399, 0.16310689758926084, 0.1231153532640419, 0.15320354779056963]], "ideal": "D", "sampled": "D", "correct": true}}
