{"type": "result", "data": {"idx": 0, "options": ["(0, \u2013 3)", "(4, 1)", "(2, 2)", "(\u2013 4, \u20132)"], "probs": [[0.18386631886236618, 0.19887667190759709, 0.18971900761689442, 0.42753800151313637], [0.1986150599159528, 0.2147206621902481, 0.343258474847277, 0.24340580294652797], [0.1720238893036135, 0.17470447267029288, 0.2208505037183616, 0.43242113420772593], [0.18362226818048574, 0.17519238760736897, 0.3430562195754634, 0.2981291245366756], [0.18970381908980607, 0.2512190775192734, 0.25121901791833745, 0.3078580853725893], [0.2065747870934257, 0.27810810274778586, 0.1852020586789019, 0.33011505137988073], [0.15261251750357044, 0.2556451889536994, 0.18984149716584145, 0.4019007962768828], [0.16638819028072652, 0.2617170466851465, 0.3259252301052716, 0.24596953282886128], [0.1449211832058334, 0.1919179196589235, 0.2502727367308017, 0.41288816030443565], [0.14992646985881566, 0.18959822464768855, 0.3225464509730623, 0.3379288544204269], [0.16382440372467863, 0.29662916349578394, 0.2238755211214001, 0.31567091155814336], [0.16520739504117282, 0.3086673030923551, 0.16520059885833902, 0.36092470290811457], [0.13881647977800374, 0.24746565177604338, 0.21840926257249746, 0.3953086057734494], [0.15482879694211815, 0.24346650828751715, 0.28913100615577764, 0.3125736885145688], [0.136707545462786, 0.1868671608932701, 0.25533785622189203, 0.42108743732207043], [0.1430718522755488, 0.18652364498002166, 0.3325166166607053, 0.3378878859837298], [0.15578640089704587, 0.26492348032491314, 0.23379166477059501, 0.34549845390744], [0.14307169025762786, 0.26733269454030584, 0.21826073344526958, 0.37133488165680245], [0.1811582653886122, 0.22900267118808854, 0.25146342045283604, 0.33837564287046884], [0.20620840679980695, 0.2527149790867875, 0.1848357326282882, 0.3562408813851113], [0.19424415916526755, 0.2099859735698187, 0.2654109440775819, 0.33035892308732584], [0.1987367795733003, 0.21826142782383326, 0.17529163387849475, 0.4077101586243777], [0.19241204590137273, 0.15956598909633615, 0.27127117040516713, 0.37675079449711774], [0.19629497092117992, 0.1787111679713883, 0.2641581011441068, 0.3608357598633306]], "ideal": "D", "sampled": "D", "correct": true}}
{"type": "result", "data": {"idx": 1, "options": ["2500", "2", "50", "25"], "probs": [[0.23938573002017463, 0.2078863983843962, 0.25487997748840124, 0.29784789400703465], [0.18591867897972011, 0.1745622827599756, 0.21398749739937797, 0.42553154076093275], [0.2725010295441125, 0.2993508916602289, 0.20571118984800457, 0.22243688884764917], [0.2932198266913933, 0.25073083776246513, 0.27538731911659575, 0.18066201632955256], [0.22723500189806262, 0.2698404730572707, 0.18253806345818938, 0.3203864614864602], [0.24390411508382678, 0.24389541340318746, 0.35473116332916643, 0.15746930808382617], [0.11426381523321036, 0.3520480477551123, 0.2917463305723574, 0.24194180633932644], [0.09610990993563992, 0.3006458749633902, 0.25717316419532704, 0.34607105080561257], [0.08356655441535155, 0.27833648911423486, 0.4311758616232025, 0.2069210947472098], [0.09015966532511935, 0.2266985839750812, 0.4951431391786662, 0.1879986114211325], [0.08435565918977392, 0.3779270710009161, 0.2897938826505504, 0.24792338705876524], [0.06453112633521105, 0.3125556331792962, 0.4842161442592023, 0.13869709612627756], [0.16921642383209526, 0.34183551755921054, 0.2502730945746067, 0.23867496393408164], [0.1919486509950582, 0.3067123249635196, 0.32649287072723626, 0.1748461532141677], [0.13586922281901512, 0.17443962802857432, 0.43188062384401665, 0.25781052520839914], [0.1392881270633663, 0.14819489768984279, 0.5336854781001955, 0.17883149704660087], [0.1709255138256076, 0.32938328858299915, 0.2998388719078671, 0.19985232558351942], [0.18692020022133649, 0.3955518468374532, 0.19899720233728638, 0.21853075050391824], [0.18113662455545534, 0.19895113482046015, 0.21176529408168143, 0.40814694644242216], [0.22671904870735698, 0.18508119762391645, 0.4170382539732313, 0.1711614995954894], [0.1885285819489065, 0.15873131979961358, 0.3059803119081711, 0.3467597862432904], [0.13635875716720935, 0.12610005455242157, 0.5830011600818735, 0.15454002809850104], [0.19888445520649717, 0.3833432938355196, 0.24758672969791, 0.17018552116006713], [0.19424615538937254, 0.4377917508886054, 0.18825389106654786, 0.1797082025554687]], "ideal": "C", "sampled": "C", "correct": true}}
{"type": "result", "data": {"idx": 2, "options": ["392", "336", "300", "297"], "probs": [[0.13347734482500362, 0.18537371424891103, 0.2825703310817381, 0.3985786097443205], [0.14650782987403504, 0.19399578094077455, 0.2737117435032639, 0.3857846455819241], [0.18339997435973393, 0.1722862713830808, 0.4332047845199948, 0.21110896963717543], [0.20276423127541407, 0.16809411062431956, 0.334222914374356, 0.29491874362592135], [0.14223371935806345, 0.1587132834761676, 0.2873847554401194, 0.41166824162564664], [0.142478226923902, 0.15895710559340065, 0.2925120027002302, 0.40605266468246476], [0.2939862027103831, 0.2185344252379401, 0.2475842157989241, 0.23989515615275114], [0.21472636076055374, 0.15710691236088156, 0.23949804150650172, 0.3886686852720731], [0.2539418097574165, 0.18007847109177832, 0.31595097415161777, 0.2500287448991854], [0.2688364709971736, 0.1905774207076718, 0.3142422021348231, 0.22634390606032972], [0.19194533744899378, 0.15421447229273938, 0.22795778970929936, 0.425882400448953], [0.19385214065674403, 0.15576432062058673, 0.30492742629788105, 0.3454561123247981], [0.16628610228703514, 0.24185189125592318, 0.35746050593087214, 0.23440150042616728], [0.19609872993946373, 0.26373697840289734, 0.2764298764853892, 0.2637344150722369], [0.1629704419268692, 0.29516605905775417, 0.37890086442402016, 0.1629626344913664], [0.18823731904536026, 0.34619025850783064, 0.22008979464746808, 0.24548262769935136], [0.17383373073898964, 0.13965008494377806, 0.32982913686669163, 0.35668704735055085], [0.15800302893147877, 0.13944001136025477, 0.3294214149998955, 0.3731355446083565], [0.2043753104153114, 0.14491762174471962, 0.2749321220950465, 0.3757749456449201], [0.23016390887721538, 0.1710646984424017, 0.26910416542762616, 0.3296672271527431], [0.24796059428401893, 0.2329400325890769, 0.30374280510441987, 0.21535656792248345], [0.20828229367956302, 0.2049830735275355, 0.2590605766745099, 0.32767405601839034], [0.20926029107892002, 0.12697101088298296, 0.42289647370939376, 0.2408722242287015], [0.16797443258649827, 0.11914289334996962, 0.37865669011211184, 0.33422598385143015]], "ideal": "A", "sampled": "B", "correct": false}}
{"type": "result", "data": {"idx": 3, "options": ["\\frac{7}{9}", "\\frac{8}{9}", "\\frac{5}{9}", "\\frac{9}{11}"], "probs": [[0.1965605383826879, 0.29031694458617624, 0.26858689172083094, 0.2445356252102959], [0.17712743981992576, 0.24987693561982063, 0.17993167996855158, 0.3930639444917055], [0.18691604604882667, 0.3491614430121886, 0.20852143249675298, 0.25540107834222286], [0.17800384231665498, 0.2888520141804416, 0.19545839379547306, 0.3376857496074216], [0.16394354738389336, 0.19787549668695403, 0.30175714188098773, 0.33642381394816806], [0.159670873120886, 0.18969693445814265, 0.3330069481673652, 0.3176252441536092], [0.17981294775447113, 0.2919904034653299, 0.27856406931769656, 0.24963257936250577], [0.16306920721324733, 0.24484234094743884, 0.18198481021641252, 0.410103641522917], [0.16699566347161537, 0.34277109870106853, 0.2546385333053352, 0.23559470442198416], [0.17478679916299283, 0.31660980970606667, 0.19199334294355117, 0.31661004808740495], [0.15782066595739466, 0.20261147252069225, 0.29488536961575323, 0.3446824918061753], [0.15576459457077085, 0.1879879683163661, 0.3510733991760384, 0.30517403783682767], [0.2166519426515464, 0.3253976133455921, 0.1796655968746936, 0.27828484702818373], [0.20061415090775148, 0.26983979169014044, 0.1884004073563327, 0.3411456499457546], [0.23633174035448928, 0.31323035733727955, 0.17846675173331894, 0.2719711504749159], [0.2264718270432963, 0.27322505737983505, 0.1906969820947878, 0.30960613338207227], [0.17543947493729986, 0.19265002352669558, 0.2937365355548318, 0.3381739658811637], [0.21067080320071016, 0.21737987237740378, 0.274868377614619, 0.2970809467072826], [0.1331655485250853, 0.2648589723062501, 0.27755379849747813, 0.32442168057120196], [0.1442903207839074, 0.2824692320802088, 0.2531736135100465, 0.3200668335258407], [0.15358647981593476, 0.2868987152431638, 0.21328300516108567, 0.34623179967980716], [0.13954643140320944, 0.2649236357445103, 0.30008510510496333, 0.295444827647308], [0.13783733178415578, 0.2871429566627084, 0.27395897082162163, 0.30106074063150534], [0.1499422338654413, 0.3028065468721117, 0.271550482684646, 0.2757007364777798]], "ideal": "B", "sampled": "C", "correct": false}}
{"type": "result", "data": {"idx": 4, "options": ["(-inf, 10)", "(-inf, 9)", "(-inf, 8)", "(-inf, 7)"], "probs": [[0.15039457798979602, 0.2810051842058507, 0.2402337130764112, 0.3283665246279478], [0.11432890928732474, 0.20057400965946393, 0.25367708743251877, 0.43141999352069166], [0.11184664472539638, 0.30866820942817164, 0.32356449421745864, 0.2559206515289536], [0.0996242312359786, 0.2666337982742297, 0.20766655523680236, 0.4260754151529821], [0.10114423769454113, 0.28810287592276623, 0.24647480619988996, 0.3642780800828015], [0.09179964728042847, 0.25341786904911984, 0.2741693606815718, 0.380613122888885], [0.16264208235943733, 0.27228230566455097, 0.25176915894826263, 0.3133064529277303], [0.1383096676947283, 0.22790509525807423, 0.22094639490754503, 0.41283884203965787], [0.16406632752500122, 0.3066392983676991, 0.2502431149748685, 0.27905125903243627], [0.15696710030977362, 0.3073340871290772, 0.22836508289708618, 0.30733372956408056], [0.11734115416941453, 0.25225870796101224, 0.17350418533650103, 0.45689595243305287], [0.10840147100740459, 0.23681624750180494, 0.29931556952593813, 0.35546671186485723], [0.1412216333356855, 0.24411064013179726, 0.33369787242168564, 0.28096985401084873], [0.12880304066119536, 0.22256158894132044, 0.16273922467573612, 0.48589614562174094], [0.20813412312626256, 0.2846668934810809, 0.21813869276361225, 0.28906029052904975], [0.19143348929825932, 0.2659008616292236, 0.21694458629147678, 0.32572106268103346], [0.13450838399548967, 0.23239368251701661, 0.19882773037670531, 0.43427020301080554], [0.16294748781944293, 0.29976699172627197, 0.27291499513990325, 0.26437052521439897], [0.14136095571398533, 0.24804678149849035, 0.27685431408709804, 0.33373794860043143], [0.1272004564407201, 0.19702196671267233, 0.3405744992835945, 0.3352030774630181], [0.15491072488675273, 0.22192398259250912, 0.20202582140409348, 0.42113947101664984], [0.1471159692849701, 0.21071921684985445, 0.3584403369625873, 0.2837244768025808], [0.12005188605796306, 0.20103784057535456, 0.26634032753621956, 0.4125699457304739], [0.15649779013384268, 0.30639535275691343, 0.25390542812368494, 0.28320142888556393]], "ideal": "C", "sampled": "C", "correct": true}}
{"type": "result", "data": {"idx": 5, "options": ["396", "72", "66", "36"], "probs": [[0.235873010759051, 0.3174191572913412, 0.2215840205623217, 0.22512381128727968], [0.183498177641567, 0.2842123904535399, 0.2248807121660402, 0.30740871963884703], [0.25757213993007966, 0.2344965326693694, 0.23815843818301996, 0.26977288911753655], [0.2616904847515157, 0.24203503072746882, 0.23458966109437987, 0.2616848233266536], [0.16357830471587462, 0.2270499118334617, 0.27392498074236493, 0.33544680260830495], [0.2200973300843518, 0.2871073041755245, 0.2827136159292378, 0.21008174971089147], [0.26663807033300585, 0.3022803507959085, 0.19204021633911814, 0.23904136243196064], [0.1924099072619826, 0.2250019760022087, 0.23953097337356677, 0.3430571432622353], [0.23501766594428958, 0.28787489250396003, 0.21071914402489073, 0.26638829742685266], [0.23828575244082362, 0.2829569218278094, 0.2873527018832843, 0.19140462374808814], [0.2181968890644865, 0.27569996091803584, 0.18376100500587128, 0.32234214491158747], [0.2604387062929967, 0.31412959354161635, 0.240785622787456, 0.18464607727796098], [0.13173401050910874, 0.2832360028917954, 0.3061891269832583, 0.27884085951583043], [0.1285280149305503, 0.29439587899786185, 0.2328817631302006, 0.34419434284140454], [0.1196322875950733, 0.2736802899522995, 0.29150326817843997, 0.31518415417419193], [0.14807571681878787, 0.299070418704239, 0.3234851137696278, 0.22936875060735054], [0.12527837810095857, 0.28229406693799153, 0.2065935222675898, 0.3858340325934406], [0.11415359160249244, 0.27371398178279693, 0.36283611171595354, 0.2492963147987496], [0.17702787393156436, 0.19130711985557605, 0.3306052169157921, 0.3010597891970612], [0.26077862048598277, 0.2910484451380598, 0.20314972268009995, 0.24502321159585072], [0.1849409348496836, 0.3144500297781195, 0.22302231593546154, 0.27758671933674106], [0.21680166066190887, 0.36303356665409264, 0.21337869707109025, 0.2067860755129138], [0.19395006201525541, 0.30513620891269533, 0.22311698369278538, 0.27779674527928133], [0.17090234570582222, 0.29076972460956785, 0.30468667765140073, 0.233641251933214]], "ideal": "B", "sampled": "B", "correct": true}}
{"type": "result", "data": {"idx": 6, "options": ["0.16", "0.24", "0.3", "0.5"], "probs": [[0.2524442797066518, 0.31909016127467105, 0.2159420065916899, 0.21252355232699224], [0.262241757460924, 0.3262101795669402, 0.2009519765574551, 0.21059608631467375], [0.2100853152829995, 0.171509437521226, 0.3803696960365501, 0.23803555105922902], [0.254916262185808, 0.21132997988236848, 0.22146197870968545, 0.31229177912213113], [0.21277100706396657, 0.17639236305680278, 0.3620589514084549, 0.24877767837078105], [0.23620845314792907, 0.21179239028394214, 0.2290033195274502, 0.3229958369406843], [0.27197517712348074, 0.29394406630950504, 0.2052000555281162, 0.22888070093890317], [0.261296639360802, 0.273747699760023, 0.19120873602839855, 0.27374692475075724], [0.26245377826487487, 0.2075196710075735, 0.30200086407235993, 0.22802568655519695], [0.2829268992996258, 0.23092886091025414, 0.22030939800241048, 0.265834841687727], [0.2359001097233128, 0.21147750311479355, 0.2935276986199064, 0.25909468844196837], [0.2521999743462109, 0.23693827982241686, 0.22961369397786838, 0.2812480517535094], [0.10646152139363828, 0.33304663541430657, 0.32792034846339796, 0.23257149462865043], [0.11108727058352207, 0.38769310814472857, 0.2175292761324869, 0.2836903450392681], [0.12123445632554125, 0.3193730019655416, 0.32938532304216667, 0.23000721856674405], [0.12622388591116138, 0.3596172537725131, 0.22509762118835921, 0.28906123902797165], [0.1077367528375704, 0.2389056021070119, 0.33180661082890056, 0.32155103412651653], [0.11087015009052327, 0.25763034858977407, 0.3206345019664655, 0.31086499925321825], [0.13637247467061542, 0.33207028797140686, 0.28860856977154403, 0.24294866748642713], [0.15491057056230056, 0.3774395267101466, 0.20837374536774927, 0.25927615725980946], [0.140506688064513, 0.3642557382985076, 0.2707513768180873, 0.22448619671889797], [0.14966178414281428, 0.39428481886625916, 0.201415933318561, 0.2546374635723714], [0.17470699961200073, 0.17751265966786672, 0.32132705786121907, 0.3264532827589067], [0.1640657114743438, 0.17749098512237266, 0.3164054446510854, 0.3420378586522036]], "ideal": "C", "sampled": "B", "correct": false}}
{"type": "result", "data": {"idx": 7, "options": ["42", "12", "36", "39"], "probs": [[0.2182650567407, 0.25927617727205554, 0.2673332475199598, 0.2551255183672897], [0.21560564726122197, 0.2519831822079669, 0.193260601928638, 0.3391505685021663], [0.23215189840922337, 0.26730066933518776, 0.17807857611019404, 0.32246885604541237], [0.2641955354782211, 0.2812824254615331, 0.25198383565491367, 0.20253820330532463], [0.20459256129685657, 0.2318115627896529, 0.15686013197040244, 0.4067357438430935], [0.25442884136268124, 0.2666324830036153, 0.224514602871743, 0.25442407266195355], [0.18784663534207924, 0.2819468296049086, 0.27340329689750864, 0.2568032380555205], [0.18046740302809985, 0.2883991019124969, 0.214407450574598, 0.3167260443847858], [0.1763948202482285, 0.2775868929065869, 0.30493078911462956, 0.24108749763055976], [0.14697544523047718, 0.24999935925084807, 0.30615158958216876, 0.29687360583651], [0.21323423848171896, 0.32027158961616753, 0.27828576612228995, 0.18820840567984026], [0.18371897734662418, 0.28906110165150894, 0.28002859225957866, 0.2471913286422926], [0.25244318950051164, 0.27294853016104526, 0.15063456649164117, 0.323973713746807], [0.29094710771228477, 0.2909429961739978, 0.26482739878797174, 0.1532824972257744], [0.23001122076057798, 0.26883039899762695, 0.25247180316611734, 0.24868657697567056], [0.22756946124469252, 0.25393622589015225, 0.19765571796920384, 0.32083859479594395], [0.31958288648546335, 0.2956522884228692, 0.24511687223707807, 0.13964795275459385], [0.2469502756744121, 0.26708893997915967, 0.1429440589998697, 0.3430167252465637], [0.20398214550497876, 0.22399920227063924, 0.1401365030005434, 0.4318821491238438], [0.2828928853055965, 0.2784950095337816, 0.17695857744593407, 0.26165352761471744], [0.2192682801286054, 0.2685863014586273, 0.21255012653425082, 0.29959529177850946], [0.20544765818257715, 0.23278727214536432, 0.27221590606666973, 0.2895491635053936], [0.29297176357823373, 0.307127032027338, 0.19213885461860467, 0.20776234967582866], [0.2268095498894943, 0.26928604049224775, 0.17382780543903473, 0.33007660407922834]], "ideal": "A", "sampled": "C", "correct": false}}
{"type": "result", "data": {"idx": 8, "options": ["\\frac{125}{648}", "\\frac{25}{648}", "\\frac{625}{648}", "\\frac{1}{648}"], "probs": [[0.1863281656186938, 0.3269820621233239, 0.16971924293130897, 0.3169705292266527], [0.19446196094138515, 0.33593472472438574, 0.30590745538553843, 0.16369585884869425], [0.1868928640444308, 0.22546287654455763, 0.2595211079489489, 0.32812315136206643], [0.17737154796275686, 0.21398849433962297, 0.2502437140124045, 0.3583962435852195], [0.21079338707788015, 0.2665673094758602, 0.3214930129935252, 0.20114629035275025], [0.22055781200062868, 0.2921988057098832, 0.16135728432816462, 0.3258860978613396], [0.18945636435031196, 0.29345510982778433, 0.20483397232052888, 0.3122545534013785], [0.21313856090120095, 0.30541744315809116, 0.33032141747786614, 0.15112257836284523], [0.1854732014324785, 0.2069591022524715, 0.2871789386745257, 0.3203887575405036], [0.18093356868605856, 0.19863204121000685, 0.24343771900398295, 0.37699667099994316], [0.20962381274391972, 0.28640992449213176, 0.29105061341022637, 0.21291564925371328], [0.22366353143309703, 0.2871427211188985, 0.16371639450127642, 0.3254773528467196], [0.12692518884377418, 0.314130411110345, 0.2728824017234125, 0.2860619982224964], [0.13295410392253376, 0.32913950792659674, 0.2563788114676478, 0.2815275765832131], [0.1312447137165401, 0.2910494892670315, 0.2910508006823233, 0.2866549962340965], [0.13389808527616812, 0.2924431375056429, 0.2424018201562966, 0.3312569569619082], [0.14294778106870168, 0.2469471797892597, 0.26708951390198626, 0.3430155251400561], [0.14760430471041444, 0.235867646928288, 0.28909736511580403, 0.32743068314548507], [0.17312045883494778, 0.2639465729177958, 0.36063888569019176, 0.20229408245705602], [0.17592844828283105, 0.2991068197638061, 0.22585755443119468, 0.29910717742215964], [0.1696811666869309, 0.29321080072186323, 0.31225543566485864, 0.22485259682635073], [0.18166627441617678, 0.30423428498489247, 0.21914294016587368, 0.2949565003330485], [0.17053565615633567, 0.20251418355938755, 0.27685504673277095, 0.3500951134515096], [0.17399612106140713, 0.2003656788007062, 0.30060995353066605, 0.3250282465071999]], "ideal": "C", "sampled": "B", "correct": false}}
{"type": "result", "data": {"idx": 9, "options": ["8", "12", "10", "4"], "probs": [[0.18545087199481883, 0.216822394565042, 0.3059445764514343, 0.2917821568886973], [0.1964387027908303, 0.25613336699071326, 0.20266103607040997, 0.34476689404803934], [0.21640812534635956, 0.25704700343793857, 0.25289796684487686, 0.2736469042708418], [0.19556007626112523, 0.2551255700948532, 0.22167892592601926, 0.3276354276180072], [0.16774864897567135, 0.23647815167856215, 0.25173876389217814, 0.3440344353535811], [0.16467603585547633, 0.24719145855962588, 0.27563397693574376, 0.31249852854915877], [0.17039225449961964, 0.21200978761400777, 0.3232016763496188, 0.29439628143677005], [0.19360697176582095, 0.2485343479053305, 0.2126458611398849, 0.3452128190889685], [0.16677107255535076, 0.2243919257380754, 0.23892047093108656, 0.36991653067547925], [0.17397491506354792, 0.2491744742351774, 0.2198750760987683, 0.35697553450249897], [0.1628649650918048, 0.22256082856375461, 0.28567825622310167, 0.3288959500213314], [0.15602810074838416, 0.21328250726858586, 0.32523360571914883, 0.3054557861638734], [0.19324040423492567, 0.24426139868230656, 0.27246042363818856, 0.29003777334458364], [0.1689281910919224, 0.24960213174423448, 0.2658360494781513, 0.31563362758570873], [0.20266425795699564, 0.23696626497219328, 0.22610135186683353, 0.33426812510396986], [0.1880144441932328, 0.2375764581924547, 0.22329325004042241, 0.3511158474738828], [0.16469617308796408, 0.2549125536225756, 0.26297108962558463, 0.3174201835638685], [0.17309912129124602, 0.2558578287035197, 0.2766105791605721, 0.29443247074466694], [0.1701905838327444, 0.22549050345061952, 0.24392532008117543, 0.36039359253545356], [0.14573728680388187, 0.22568000930278762, 0.2897586087582184, 0.33882409503512906], [0.16992532198883317, 0.24719110429709332, 0.228637322524146, 0.35424625108993235], [0.16209291490227914, 0.23959346748489346, 0.2550954373510335, 0.3432181801618108], [0.16774845976253375, 0.2440472567569309, 0.25979671558062445, 0.3284075677999037], [0.1800793730943936, 0.2539357215590291, 0.3159554285644918, 0.25002947668207803]], "ideal": "B", "sampled": "C", "correct": false}}
{"type": "result", "data": {"idx": 10, "options": ["13", "14", "1", "2"], "probs": [[0.2531782427454766, 0.2780748602265438, 0.24535948361300872, 0.22338741331497544], [0.2244914331291464, 0.2751453516165391, 0.27929496910175944, 0.22106824605255934], [0.2910207628252018, 0.23022379250578426, 0.24120880624884186, 0.23754663832017703], [0.2829985085500549, 0.2169448626804833, 0.3257204066927714, 0.1743362219766828], [0.23694344882105847, 0.3137188918862872, 0.21240070697622992, 0.23693695221642908], [0.24707546647229336, 0.29809389985977935, 0.307370466309809, 0.1474601672581228], [0.15981313919297008, 0.24368149065592742, 0.33304647356803696, 0.2634588964830577], [0.1456511620940892, 0.2639473424802633, 0.3386627494224339, 0.2517387459032056], [0.1612393402851799, 0.21359683392834503, 0.34663490346726816, 0.27852892221922365], [0.16492148904385442, 0.2325434955117448, 0.3129857091491056, 0.28954930619530006], [0.14111733704807775, 0.2763660299493923, 0.3229958956001978, 0.2595207373023367], [0.15259255646313621, 0.27636597640598315, 0.32323965119538567, 0.24780181583549996], [0.16601993761489897, 0.33007629442389086, 0.2033677273177096, 0.30053604054350536], [0.15556013011786693, 0.2998763969426533, 0.37899622510071773, 0.1655672477387421], [0.1703933932811488, 0.18711116030427555, 0.30367134735282847, 0.3388240989617641], [0.1721446909988442, 0.20131862425724817, 0.3760191139700571, 0.2505175706738431], [0.14772755788899217, 0.23232757474997423, 0.42729499673687266, 0.19264987052415308], [0.21235580038094667, 0.29948575890510387, 0.19331033157174615, 0.2948481090422331], [0.21103855875496214, 0.29756930107749613, 0.22458027737923258, 0.2668118626883262], [0.2106020445506443, 0.2702950547818393, 0.3472075533569387, 0.17189534721057007], [0.19434042094976836, 0.23437398395093204, 0.30566163526475687, 0.2656239597345474], [0.20386215187801696, 0.22387615354152962, 0.3413057357375397, 0.2309559587429184], [0.21545936993836678, 0.24792334950834688, 0.3608370017960813, 0.1757802786572096], [0.25513279570741126, 0.28930464684575097, 0.18383632221453275, 0.27172623513231053]], "ideal": "D", "sampled": "A", "correct": false}}
{"type": "result", "data": {"idx": 11, "options": ["30", "64", "2048", "60"], "probs": [[0.16494120888168295, 0.3035028115728589, 0.3130246011838474, 0.2185313782616025], [0.13891949949340832, 0.2807609297805602, 0.23632706669078815, 0.34399250393524766], [0.17326473043936047, 0.29474881561106886, 0.34456413810091235, 0.18742231574863813], [0.16846107827037765, 0.3051748419329378, 0.27343605043015456, 0.2529280292665342], [0.12102885846195856, 0.19957282373742335, 0.3503186686979488, 0.32907964900268005], [0.13914679900744414, 0.20883676611720753, 0.3285713638355527, 0.32344507093981195], [0.20041888019766851, 0.19736375067931436, 0.3105069995022076, 0.29171036952082596], [0.18840416583753522, 0.19743612181868633, 0.2783866540843872, 0.3357730581593714], [0.2600456917158006, 0.29935190351644786, 0.18446970765383236, 0.2561326970139113], [0.26025858959361625, 0.29052617848803536, 0.21581882190924015, 0.23339640990911295], [0.21204045887694434, 0.21545409273019056, 0.30859121293444247, 0.2639142353584274], [0.23477451630416768, 0.2461230179695036, 0.33621991963552395, 0.18288254599079679], [0.21619085796220613, 0.24121082164778507, 0.3195774909648644, 0.22302082932514886], [0.22815315186849452, 0.2585443949475994, 0.21105834212041197, 0.30224411096349857], [0.18188876150766348, 0.3505849586869217, 0.2227768659760201, 0.24474941372939904], [0.17727175887830168, 0.3364660490749387, 0.1800745781016655, 0.30618761384508664], [0.23154320997478936, 0.27511235534138245, 0.2543616612291425, 0.23898277335470242], [0.21723633615686508, 0.2662919148008665, 0.2501812642342059, 0.26629048470809175], [0.12890970689826176, 0.21582020817506523, 0.2995592914796809, 0.3557107933469967], [0.13597334154064936, 0.2105455711786165, 0.3063574655028359, 0.34712362167791466], [0.14530306826248188, 0.2588516978914147, 0.29792228898159356, 0.29792294476448977], [0.16899099683157412, 0.2874227075246359, 0.35213418929214263, 0.19145210625162695], [0.17214411990937872, 0.31156050279128955, 0.21425843868055983, 0.3020369385187638], [0.17857198831803364, 0.30855505089669044, 0.3285707040373529, 0.18430225664793976]], "ideal": "D", "sampled": "C", "correct": false}}
{"type": "result", "data": {"idx": 12, "options": ["0", "1", "2", "4"], "probs": [[0.1760301031625809, 0.2641598285303144, 0.2602514431113937, 0.2995586250957159], [0.1684414790866888, 0.2449648788739017, 0.2909773449578182, 0.2956162969816084], [0.18459857032352658, 0.2602850851311343, 0.3616123351752449, 0.19350400927008723], [0.1757861193657034, 0.2766110317639956, 0.20873821269572979, 0.33886463607457673], [0.16294882323078347, 0.26046584302501863, 0.2951270780349541, 0.28145825560926135], [0.15456454338356534, 0.2712731904155556, 0.24697599414605279, 0.32718627195481953], [0.1949765027813404, 0.29715388167849477, 0.29715233184928014, 0.21071728359087769], [0.20523148845668757, 0.31790817948901956, 0.2253669728236618, 0.2514933591306244], [0.19126667537215522, 0.23068451967870637, 0.37446183324190113, 0.20358697160725456], [0.1935104683688799, 0.23708954019552725, 0.19655509261615198, 0.3728448987194344], [0.17739531231675193, 0.194848328274824, 0.36967015332255704, 0.2580862059858602], [0.17812775053681237, 0.19875535296252766, 0.2632129446269297, 0.35990395177372403], [0.16370243673647766, 0.3059068582341723, 0.33593408359097937, 0.19445662133837602], [0.15908243922737553, 0.31131620193442583, 0.22780901003963497, 0.3017923486985569], [0.16956141193539076, 0.21105933376897612, 0.4331012939393938, 0.18627796025624424], [0.17617417827976492, 0.22976420372199152, 0.20925234428823164, 0.38480927361000494], [0.1494185324905336, 0.18017642794453867, 0.36401030961430786, 0.30639472985062494], [0.16077147744889245, 0.18786666747435307, 0.27758529188534137, 0.37377656309141866], [0.17397743876692184, 0.2571107707209461, 0.2866532130028207, 0.2822585774093049], [0.16347785167991166, 0.24929754390323614, 0.29593181693566833, 0.2912927873811775], [0.1784721601608914, 0.2021485498728105, 0.3386195474514432, 0.28075974241486024], [0.1751547953308204, 0.21457364680796825, 0.2509435513705414, 0.35932800639068785], [0.17348784150261518, 0.2029059370022608, 0.30447740763877235, 0.3191288137563449], [0.18018049051834376, 0.220825340532145, 0.23498320582767923, 0.36401096302183766]], "ideal": "D", "sampled": "A", "correct": false}}
{"type": "result", "data": {"idx": 13, "options": ["92", "93", "94.5", "95"], "probs": [[0.04286742734110825, 0.15803915683253816, 0.5691774244069305, 0.22991599131945487], [0.02704800061734968, 0.1269936861558926, 0.14848354765487284, 0.6974747654718579], [0.058956104617965965, 0.40302607869124313, 0.34468355202407525, 0.1933342645667338], [0.07348977241466993, 0.4792462109541826, 0.2565914875649938, 0.190672528966159], [0.025838832552810394, 0.10878486565311023, 0.2197642338723046, 0.6456120678217622], [0.05107920373605979, 0.1714792305161067, 0.4310714640275023, 0.3463701016203542], [0.07719832113547209, 0.15353806145958415, 0.5277330003838592, 0.24153061692110817], [0.03863450483580529, 0.11352070591647921, 0.14134975994387097, 0.7064950292038548], [0.10406357348363404, 0.4811693202819144, 0.22032293320768417, 0.19444417292677993], [0.11110233538380698, 0.4534216311665008, 0.2927594221293512, 0.14271661122033436], [0.03717425187301692, 0.12769548760498226, 0.14466312300583736, 0.6904671374161615], [0.07905795163244225, 0.20182021567662717, 0.5235304935084196, 0.19559133908249732], [0.2575715818568756, 0.2102064238154379, 0.30126757351978783, 0.23095442070790456], [0.2793005106334998, 0.23144596808793402, 0.23510612552958818, 0.25414739564898414], [0.2761273085012614, 0.34911998964701685, 0.17272861426760985, 0.2020240874841185], [0.2543992130499829, 0.31640510544195494, 0.2624491692185661, 0.16674651218950212], [0.28690325981606263, 0.3054569616222543, 0.1660353643190032, 0.24160441414267364], [0.2612025068577436, 0.2868294438484642, 0.27804045182630627, 0.17392759736750366], [0.03692559400358255, 0.10436556629057496, 0.1566076799858093, 0.702101159620043], [0.09551710464374728, 0.17577205769068294, 0.3898668753319034, 0.3388439622336775], [0.045592329094160874, 0.1667399032942697, 0.1382980606325497, 0.64936970687903], [0.09957034959410209, 0.28349885904996486, 0.41901989583430954, 0.1979108954216105], [0.11732742730757513, 0.42900587259033957, 0.20913184929823672, 0.24453485070384204], [0.11622937423194357, 0.37504399108510844, 0.32596652904159906, 0.1827601055413423]], "ideal": "B", "sampled": "C", "correct": false}}
{"type": "result", "data": {"idx": 14, "options": ["R <= T <= M <= L", "L <= T <= M <= R", "R <= M <= T <= L", "L <= M <= T <= R"], "probs": [[0.17485101684510992, 0.2708166532717059, 0.27496723208811286, 0.2793650976950524], [0.16199088575435117, 0.25878821036191246, 0.24694602981409722, 0.3322748739696448], [0.13841408612305434, 0.3319888156234099, 0.1592811856021853, 0.3703159125513685], [0.13808147417776456, 0.3262098901028135, 0.17189485522636702, 0.3638137803930483], [0.17421925958782988, 0.26565622080443463, 0.24953977841896596, 0.3105847410887632], [0.17424048264265438, 0.2168493566717875, 0.363122458052343, 0.24578770253319618], [0.19631623360117897, 0.13930038885496585, 0.30887278803398227, 0.35551058940986624], [0.18466199373940595, 0.10355884959001599, 0.4430301901247216, 0.26874896644587976], [0.1948037242875939, 0.1565980933737796, 0.3066000986925528, 0.34199808354609174], [0.17447384265281865, 0.11263165668350318, 0.46687812846057686, 0.2460163721030879], [0.15477001734009854, 0.3598177995243517, 0.08409577452969191, 0.40131640850587563], [0.1512486770563256, 0.34618992103936275, 0.09167429216557473, 0.4108871096387423], [0.13919736563735088, 0.30402777757349003, 0.16019415419408106, 0.3965807024950594], [0.14137809452313105, 0.3183965197863405, 0.1678658999655384, 0.3723594856249836], [0.17741544709707968, 0.2500599437286117, 0.3262482459195411, 0.24627636315474866], [0.17383227109630078, 0.25707906867945096, 0.2778291108004104, 0.29125954932384396], [0.1858400790795224, 0.2832706722370434, 0.23858155171913653, 0.29230769686427915], [0.18398637542339485, 0.28934047366778304, 0.21853047924049482, 0.3081426715683211], [0.17751553358243313, 0.12587102578829618, 0.4463388974302339, 0.25027454309902986], [0.18725943087435815, 0.1503916723132466, 0.3723106965381988, 0.29003820017420223], [0.15870482186626284, 0.3574420187707004, 0.08490461503243338, 0.39894854423060283], [0.15636613360103407, 0.3361594772800372, 0.08904442437362244, 0.4184299646453179], [0.20544774343103855, 0.17028851640602627, 0.26366925962601834, 0.3605944804369227], [0.1892010120956568, 0.12407808080323551, 0.40695338871705644, 0.27976751828406266]], "ideal": "D", "sampled": "D", "correct": true}}
{"type": "result", "data": {"idx": 15, "options": ["16", "2\\sqrt{2}", "5", "5+2\\sqrt{13}"], "probs": [[0.13649810152599245, 0.23574485701399622, 0.25100627516456214, 0.3767507661954433], [0.16052929426420112, 0.20934939940772931, 0.24487128823723978, 0.3852500179908356], [0.15186227119082674, 0.21752812225131765, 0.2426738332225765, 0.3879357732352853], [0.18799569345648529, 0.24902138252354214, 0.3100553561197109, 0.25292756780026787], [0.18199196702807696, 0.2690081236280064, 0.2194537572176156, 0.32954615202631987], [0.18972836372284158, 0.3078954560278916, 0.29397885525420153, 0.2083973248950598], [0.12202235256805051, 0.15919014676233312, 0.2583150729246043, 0.46047242764501206], [0.1632342037895903, 0.16066435709486496, 0.31961597979838774, 0.3564854592171503], [0.15221045030947392, 0.22140747999661628, 0.28878053202053106, 0.3376015375733975], [0.14710102665130967, 0.18884235663722104, 0.3935510556675076, 0.27050556094396694], [0.1933667381667191, 0.2858860136149497, 0.26855245085867335, 0.2521947972596637], [0.1897280763081356, 0.29837356039484547, 0.2759101501463292, 0.23598821305068382], [0.11689524992389261, 0.23243496835017172, 0.23609696571849367, 0.4145728159074418], [0.16704014773431364, 0.2930375967750624, 0.29303747754409026, 0.24688477784651552], [0.13794652458455597, 0.28759494672929803, 0.2536610709142864, 0.32079745767186557], [0.1396551383859698, 0.2778294818978491, 0.28222501988011106, 0.3002903597360756], [0.15452976729247686, 0.32197868114419786, 0.321979694237656, 0.20151185722568762], [0.16785459980235107, 0.3840287523364676, 0.22582852695401773, 0.22228812080717006], [0.24051574108824325, 0.22243818130997056, 0.1815381605466984, 0.35550791695508244], [0.24845208576172653, 0.2729801025401044, 0.29959290745819867, 0.17897490413996484], [0.24710801067255006, 0.20485811640657017, 0.23574385341689713, 0.3122900194039769], [0.25565430225839975, 0.22561195430430384, 0.2895826791058075, 0.22915106423148318], [0.25098560169960404, 0.2934541335735916, 0.29345276275770177, 0.1621075018691092], [0.3239841086478482, 0.29491852292504944, 0.18456720838221627, 0.19653015994489348]], "ideal": "D", "sampled": "D", "correct": true}}
{"type": "result", "data": {"idx": 16, "options": ["8", "3", "6", "9"], "probs": [[0.1568643321205698, 0.2044682352565627, 0.3269016271977964, 0.3117658053250762], [0.1873825439646687, 0.20898446775728644, 0.35546598896952014, 0.24816699920852994], [0.21047871031683527, 0.2788418109749761, 0.19472476628878713, 0.31595471231939454], [0.21170057634466388, 0.27176026764605493, 0.31766352561564964, 0.19887563029362415], [0.2000777080925165, 0.31469616083135804, 0.1849351159723983, 0.30029101500373284], [0.23233275106956136, 0.32767515063933017, 0.21828667250360326, 0.22170542568749796], [0.14844146441127062, 0.30468666275574946, 0.2373029591513205, 0.30956891358166483], [0.14795397702975316, 0.27221594481789957, 0.3837861607232178, 0.19604391732913448], [0.11370506394093131, 0.23326218116576267, 0.3239526771961647, 0.3290800775971523], [0.13428172742968475, 0.23925736045774298, 0.39452854041156465, 0.23193237160101254], [0.16068831655145938, 0.3296687986203734, 0.2568970025185962, 0.252745882209552], [0.16807444928409954, 0.344927176214194, 0.1965081285327971, 0.29049024586892697], [0.19800206433569054, 0.29247946638051425, 0.18310420749769443, 0.32641426168610616], [0.18557449461670866, 0.27859710858349396, 0.3413476420342447, 0.1944807546655451], [0.16345596454307312, 0.2098389956098573, 0.291257913433307, 0.33544712631376755], [0.16479914505597576, 0.2050781885391751, 0.3542455222338782, 0.27587714407097585], [0.19980948864588535, 0.2953726627382314, 0.29537194760559576, 0.20944590091030474], [0.2058147930154526, 0.3090807215604883, 0.17602430017590034, 0.3090801851481642], [0.21035734761261546, 0.27005169068185686, 0.2038808833466853, 0.3157100782588359], [0.23770449292884122, 0.28665476153972963, 0.23037324853207003, 0.24526749689935193], [0.20571842560027778, 0.22243913148912142, 0.29935045632800006, 0.272491986482594], [0.1889693064781227, 0.22094722103276776, 0.2880836227342086, 0.3019998496549062], [0.2324267055004921, 0.2717271090232607, 0.29394318962910904, 0.20190299574714324], [0.23325216828892426, 0.28145851746302153, 0.19040522537226742, 0.2948840887758047]], "ideal": "A", "sampled": "D", "correct": false}}
{"type": "result", "data": {"idx": 17, "options": ["-2", "-4", "-1", "1"], "probs": [[0.09236634239913118, 0.22147624239041525, 0.3377054472767158, 0.3484519678337252], [0.09869130890054069, 0.23314002660965022, 0.34445851076058503, 0.32371015362923594], [0.10308577741465351, 0.28025583992658837, 0.2512034513826938, 0.3654549311760764], [0.09993722279884057, 0.25126649746721036, 0.4014374551653062, 0.24735882446863086], [0.11157629252769752, 0.25537077630686456, 0.2893037562051424, 0.3437491748603011], [0.11244472289708612, 0.26150640045410056, 0.32523140121220523, 0.3008174753366018], [0.12514106342639297, 0.2776215505792291, 0.2776196431082616, 0.31961774278610994], [0.13539651282746537, 0.2822607151358578, 0.2866539088652418, 0.29568886307142883], [0.13086370466948638, 0.25610322594695645, 0.3041962997284726, 0.30883676955509076], [0.13025366572742375, 0.24328594003823364, 0.33764339459456066, 0.2888169995397881], [0.15995589155457465, 0.2595844979488334, 0.27203612133547644, 0.30842348906109707], [0.15678109859609227, 0.25445666846525494, 0.2354062650871466, 0.3533559677514878], [0.0890592198581274, 0.27443062402409363, 0.31569057655061344, 0.3208195794671651], [0.08675056711103056, 0.2673827390991471, 0.34307734821444547, 0.3027893454753644], [0.07684229502592216, 0.24424785931395845, 0.3842505709785038, 0.29465927458162783], [0.0825230775016658, 0.25415019689631374, 0.3212860228165154, 0.3420407026855112], [0.10346461993432104, 0.32350497721764004, 0.26417357524888574, 0.30885682749915266], [0.09246629530468341, 0.29392673483482806, 0.23618934040660114, 0.37741762935389916], [0.13759392144089796, 0.19094148054622487, 0.27346831526059134, 0.39799628265227927], [0.12186919720454784, 0.18295053670778372, 0.3934786495915986, 0.30170161639609405], [0.13222266715208716, 0.2282988413461623, 0.30716346711895076, 0.3323150242827936], [0.12366148248665836, 0.2137449976732632, 0.2875946521950958, 0.37499886754498896], [0.14687253628959862, 0.23464725269614384, 0.28762983185486873, 0.3308503790593822], [0.1208146093969658, 0.19009875762229517, 0.24027608286474023, 0.44881055001598624]], "ideal": "B", "sampled": "D", "correct": false}}
