{"type": "result", "data": {"idx": 0, "options": ["too much curvature of the cornea and lens", "too little curvature of the cornea and lens", "too much curvature of the iris and lens", "too little curvature of the iris and lens"], "probs": [[0.5220833767243437, 0.3118356278496641, 0.03812506009389202, 0.1279559352320855], [0.557666979583228, 0.3176570992821898, 0.03915811952989678, 0.08551780150468272], [0.3178835691792044, 0.04403990695739238, 0.44825268460229867, 0.18982383916110698], [0.3336012616024944, 0.05574428979483373, 0.11001932612129355, 0.500635122381354], [0.32416237082132293, 0.03441910182459177, 0.5345656640446639, 0.10685286320944559], [0.40438700402901023, 0.049451234018043966, 0.05827116838509913, 0.4878905934678318], [0.7388903039112281, 0.1455355111151255, 0.023762390046086566, 0.0918117948275493], [0.8009608572837987, 0.11544715116422756, 0.024191216681771863, 0.05940077477018496], [0.4611969266038724, 0.03189337626344351, 0.38843734575678196, 0.1184723512759047], [0.522590488165729, 0.03937945757825232, 0.061478060265835, 0.37655199389016597], [0.7086235164449797, 0.03937666660947475, 0.17373834546218056, 0.07826147138335196], [0.6073116713475282, 0.0410100889435367, 0.03167203512824804, 0.32000620448071165], [0.014743706250566774, 0.22000731183290062, 0.49567842903065046, 0.2695705527858719], [0.014390832988833955, 0.28028145111637404, 0.24341200444367941, 0.46191571135111664], [0.023255274803700522, 0.3337219870113758, 0.30393568497177653, 0.3390870531131595], [0.018511714843628763, 0.20045197623615163, 0.4179863661656604, 0.36304994265456053], [0.014196776604329707, 0.04237431834931872, 0.280613677629405, 0.662815227316917], [0.014373788098183822, 0.04064720426363689, 0.26291736213471933, 0.6820616454034731], [0.11755851041667403, 0.4103995943913968, 0.22314315815273342, 0.2488987369392032], [0.07788465864475012, 0.2573270748213108, 0.25341702084419454, 0.4113712455897509], [0.127430053115494, 0.3747099805630517, 0.27413456325297275, 0.22372540296850016], [0.11397105478661193, 0.42339127865338694, 0.10053747778379575, 0.36210018867620003], [0.07428816355084401, 0.034549576312157694, 0.2236478849114845, 0.6675143751255125], [0.11950046296047827, 0.044644880745794036, 0.30026567349518396, 0.535588982698558]], "ideal": "A", "sampled": "B", "correct": false}}
{"type": "result", "data": {"idx": 1, "options": ["OCD.", "schizophrenia.", "conversion disorder.", "antisocial personality disorder."], "probs": [[0.021931425202200573, 0.8897137686495615, 0.03616654796451063, 0.0521882580837307], [0.027714409747595436, 0.8823476051367358, 0.046022392424579034, 0.043915592591097494], [0.008723753257085302, 0.006636001640542895, 0.9396481634172202, 0.0449920815851411], [0.004064107926562274, 0.0028352480688702353, 0.007074319791024152, 0.9860263241135295], [0.022064321638414486, 0.02810472503295052, 0.9095529963519827, 0.040277956876675826], [0.006253704117116732, 0.012537211052229979, 0.008485041100515813, 0.9727240436301358], [0.9382430786925264, 0.022072697168189583, 0.010669358561657828, 0.029014865477608728], [0.9313907850606888, 0.025613228555840254, 0.022085969078471622, 0.020910017204983016], [0.9247096793645869, 0.03289759179771432, 0.009498176165680987, 0.03289455257203782], [0.9147138021296075, 0.03837125448006433, 0.018406275678253693, 0.02850866761206791], [0.9097191331609285, 0.05954725520529532, 0.012574528909865781, 0.018159082623914403], [0.9096071064649633, 0.05590944434986085, 0.013915845222128922, 0.020567603863064835], [0.010258872762340106, 0.0091207864238418, 0.9450881537566748, 0.03553218695712798], [0.004349120333392236, 0.003387615394109845, 0.007995318219850308, 0.9842679459526639], [0.013920820077806617, 0.9308028967641079, 0.021885162635177438, 0.033391120422903944], [0.02004363768655108, 0.9142954174385906, 0.03437250390104509, 0.031288440873799776], [0.006136070086661626, 0.00988263867247888, 0.0072838486477243, 0.9766974424931273], [0.01715327575257229, 0.01715166673348412, 0.936964352982319, 0.02873070443164368], [0.04392142819836176, 0.02463072096614438, 0.9028819122730805, 0.028565938462419484], [0.012843512042894571, 0.006307161105693906, 0.007607910261257097, 0.9732414164901501], [0.04602244856622664, 0.9032453569236354, 0.02685415067426022, 0.02387804373589615], [0.04909063595081223, 0.8903614981246529, 0.03193048427362231, 0.028617381550898813], [0.01292244559149312, 0.00895305911249808, 0.006651673458215014, 0.9714728217377708], [0.03239253017281948, 0.026040798848566027, 0.9104147635291929, 0.031151907349406194]], "ideal": "B", "sampled": "B", "correct": true}}
{"type": "result", "data": {"idx": 2, "options": ["Homeostatic regulation", "Goal-setting", "Expectancy-value", "Hierarchy of needs"], "probs": [[0.001752031859760489, 0.002080936374676579, 0.0070375673430768445, 0.9891294643225024], [0.0040706612725629355, 0.006767529493767957, 0.9432963952052597, 0.0458654139284206], [0.0021233318241047987, 0.006337033551680818, 0.006142242310034284, 0.9853973922141784], [0.0072015919294998254, 0.021660340959314787, 0.949982701370307, 0.021155365640853754], [0.007505956359965381, 0.9376592812896635, 0.015521231634591797, 0.039313530615768165], [0.0059630257711841324, 0.9418098576976307, 0.026929832253797116, 0.025297284177404008], [0.0014267542947352043, 0.004096719185776725, 0.007834395909529408, 0.9866421305099797], [0.002436254692976873, 0.01074350530654439, 0.9375320668687411, 0.04928817303173867], [0.0013879692717653595, 0.005280482451272403, 0.01082747169292758, 0.9825040764840293], [0.002626622062218528, 0.011062133591194774, 0.9500608682182582, 0.03625037602834804], [0.004884918762944562, 0.9230754509508536, 0.023474150692993453, 0.04856547949319084], [0.00415566127891629, 0.9254006405127939, 0.028171447043288316, 0.04227225106499796], [0.0036392057115687626, 0.005252525131608875, 0.005420162082280153, 0.9856881069745607], [0.009166143648042652, 0.012233666346545371, 0.9640703526209958, 0.01452983728439964], [0.002999302960118284, 0.002354304390565479, 0.0071959068693556155, 0.9874504856799488], [0.006584285673444496, 0.0060920449603954355, 0.9622715370440085, 0.02505213222217061], [0.0141548492033544, 0.9467815336545666, 0.018311158026888045, 0.02075245901519769], [0.011844937738422866, 0.9557387528080804, 0.01062248947039552, 0.021793819883090145], [0.9485295729900647, 0.0139676248513456, 0.010791636260230188, 0.026711165798336534], [0.9504029991576964, 0.010814824219350804, 0.022176538737782314, 0.016605637785156308], [0.9477736840420359, 0.009439115558040773, 0.015686800405272358, 0.02710039989465603], [0.9511478280171686, 0.008553775793585657, 0.019287193096358096, 0.02101120299289769], [0.9484346982327948, 0.019079426890402745, 0.013850676747186173, 0.01863519802960389], [0.955866462722984, 0.018211409623823414, 0.007712327632780911, 0.018209799920388185]], "ideal": "D", "sampled": "D", "correct": true}}
{"type": "result", "data": {"idx": 3, "options": ["measures what it purports to measure", "yields consistent results on successive administrations", "has been piloted and statistically analyzed", "includes norms based on a representative sample of the general population"], "probs": [[0.9612216450122182, 0.004740143753341499, 0.005006880055207371, 0.02903133107920849], [0.9572883354898436, 0.0024311532442068185, 0.015355571437519745, 0.02492493972840782], [0.9401185053043877, 0.002923290538232616, 0.013309144858391733, 0.04364905919897434], [0.942342596644918, 0.002466686795016562, 0.02034051100764491, 0.034850205452429804], [0.9515952729764663, 0.0044753215450257025, 0.015869503429207038, 0.028059901949313737], [0.9454467917862962, 0.0054950445998943505, 0.009714624159174935, 0.039343539354626283], [0.0016059339221065844, 0.9573762442751232, 0.0074836115532276445, 0.03353421014956073], [0.001254554346925603, 0.937710875802624, 0.02171862260637077, 0.03931594714406097], [0.0008948362344467783, 0.0012325012865391535, 0.950895429318678, 0.04697723306031699], [0.0004677415365518206, 0.0005096946569152403, 0.002627969680264841, 0.9963945940262885], [0.0008554463696131909, 0.001524892452228836, 0.9681578354200627, 0.02946182565810914], [0.0005135439544421144, 0.0007128350051157168, 0.0027978818648246428, 0.995975739075631], [0.0016654120890408006, 0.8970108233305432, 0.03216746936851324, 0.06915629511190287], [0.0013784825102311545, 0.9025037781583756, 0.03610927901259893, 0.060008460218780896], [0.0011262269893013207, 0.0015276379105105748, 0.9544154872627867, 0.04293064773742281], [0.0006046843996840209, 0.0006852692501889785, 0.003095781472172337, 0.9956142647779554], [0.0009331738350902442, 0.001812888931511696, 0.946690671552115, 0.05056326558129548], [0.0005550172714526622, 0.0008010294368726761, 0.003167823801574816, 0.9954761293901144], [0.00262524642954537, 0.9058983873738377, 0.029820808448928166, 0.061655557647679], [0.002659005425023016, 0.9247576856341303, 0.013931066705880419, 0.05865224213497591], [0.0018298911538295575, 0.0012482327080652513, 0.9631762113663759, 0.03374566467175384], [0.0008876859124311684, 0.0005556830349073822, 0.002249380601876455, 0.9963072503507655], [0.0014420262532564452, 0.0015841130723415191, 0.9296541508149251, 0.06731970975948445], [0.0006494924963804864, 0.0005641411836506656, 0.0022145447098299506, 0.9965718215101419]], "ideal": "A", "sampled": "A", "correct": true}}
{"type": "result", "data": {"idx": 4, "options": ["the provision of a free, appropriate public education for students with disabilities", "the provision of bilingual education for English-language learners", "schools being held responsible for providing tests that do not discriminate on the basis of race", "the assignment of similar funding to athletic activities for boys and girls"], "probs": [[0.9840047115893771, 0.005124991632379257, 0.005288489248713097, 0.005581807429529295], [0.9855039747727997, 0.0040909869054762465, 0.003392326549970257, 0.007012711671748885], [0.984985430409918, 0.005090589775705017, 0.004422347047314907, 0.005501632667059776], [0.985547342470405, 0.004636793914508021, 0.003016523998839929, 0.006799339516237428], [0.985751774068992, 0.0032888359961802025, 0.003997996472271824, 0.006961393362575023], [0.9848598057781025, 0.0031841752796893242, 0.004669730392675943, 0.00728628844954233], [0.01548529613855502, 0.913758076642509, 0.03153268270261333, 0.03922394441630871], [0.010371713265453884, 0.9259405019877823, 0.013843138595364231, 0.04984464605138779], [0.01641815850753247, 0.015181691103788912, 0.9319972722772476, 0.03640287801145281], [0.005245314318447631, 0.005580659244538693, 0.005408964072676538, 0.9837650622643521], [0.009258017280960654, 0.008296071030578606, 0.9220976746519042, 0.06034823693653935], [0.006147172810164647, 0.004063580416436067, 0.011133475930303534, 0.9786557707430846], [0.022447909245625824, 0.9252598949303363, 0.025833711285827503, 0.026458484438220287], [0.011194350325613943, 0.9467959616281981, 0.010117626624586257, 0.031892061321604825], [0.012650382941213508, 0.009476076426755917, 0.9442751661465016, 0.03359837438554205], [0.004865322247378831, 0.003531463040807638, 0.005097756528783125, 0.986505458083015], [0.014079455670062736, 0.006650443194325302, 0.891676765268396, 0.08759333576721427], [0.0055393485048351974, 0.002657063579440181, 0.007995506776730062, 0.9838080810390055], [0.02033101754614344, 0.8775971510577475, 0.0359579176591776, 0.06611391363692004], [0.01505219499257393, 0.8885118930068215, 0.02900327729413865, 0.06743263460648968], [0.011651280580637956, 0.007519333376048477, 0.9252583613344427, 0.055571024608881504], [0.006985491894628964, 0.0037959045542171753, 0.015617749209236581, 0.973600854241924], [0.020110135100632063, 0.016676450320770322, 0.875825832923044, 0.0873875815555785], [0.008805157993049982, 0.008598643223927026, 0.01193262004065691, 0.9706635786423735]], "ideal": "C", "sampled": "A", "correct": false}}
{"type": "result", "data": {"idx": 5, "options": ["0%", "25%", "50%", "75%"], "probs": [[0.041936806254744545, 0.26930393712811884, 0.4236111648758133, 0.2651480916413283], [0.04322068590838823, 0.20791344571279397, 0.17507137272823656, 0.5737944955505783], [0.050174115931225054, 0.44726465439042223, 0.20471302008496003, 0.29784820949340357], [0.05131400890278266, 0.4195220995252732, 0.2974276827005632, 0.23173620877137024], [0.05403520523369062, 0.15886450734666943, 0.14921677734266173, 0.6378835099769565], [0.05924355076744171, 0.20363383251115927, 0.4587818473374953, 0.27834076928390505], [0.13464640224708868, 0.1367201363527479, 0.5327146677818515, 0.19591879351832206], [0.1556428982973193, 0.16833643732324569, 0.2907728902004174, 0.3852477740790273], [0.16677205992665503, 0.4326677035684662, 0.1616417747036949, 0.23891846170118167], [0.14955797078616592, 0.3940890075785443, 0.22109792805133063, 0.23525509348395754], [0.12906259214717097, 0.15079566394614574, 0.13309037697063245, 0.5870513668360345], [0.14186616268091787, 0.1331960548745333, 0.4873636553457254, 0.23757412699881983], [0.4670415629677126, 0.13171615948753473, 0.17724672592194163, 0.22399555152282086], [0.40976873063530583, 0.14383589407581948, 0.28595843697258405, 0.16043693821627578], [0.4111337155789374, 0.1661403593821666, 0.1356204579974299, 0.2871054669414759], [0.4043477073525611, 0.16591558958704866, 0.20644663019408713, 0.22329007276630064], [0.41406401787072045, 0.2590338977417826, 0.12829639107678678, 0.1986056932107196], [0.42412587245783756, 0.2379448006072674, 0.1178128516273822, 0.2201164752075103], [0.20473981603542238, 0.14296382123641557, 0.23208537634370668, 0.4202109862844524], [0.21448046271999052, 0.13208171721700762, 0.4611807754175714, 0.1922570445454398], [0.18945597503898068, 0.16211139158252766, 0.16455180478195874, 0.48388082849654185], [0.19826916142210388, 0.13417289119319561, 0.41313649334280633, 0.2544214539418905], [0.24368463703315127, 0.31302636962357744, 0.1839831151434076, 0.25930587809986066], [0.24914808856815224, 0.2868649850655485, 0.16345345358029092, 0.30053347268601743]], "ideal": "A", "sampled": "C", "correct": false}}
{"type": "result", "data": {"idx": 6, "options": ["variance", "mean", "range", "median"], "probs": [[0.698142858145742, 0.0639033790865497, 0.1533032003680744, 0.08465056229965229], [0.6874007544088004, 0.053832714131637725, 0.10057433829055479, 0.15819219306902568], [0.8315825054112624, 0.062174763372442876, 0.04407112682768264, 0.06217160428861088], [0.8163679228835952, 0.0639707181204104, 0.04129012793659242, 0.07837123095941087], [0.7790344296728465, 0.03559912650007134, 0.0847439690676344, 0.10062247465942295], [0.7318092223480412, 0.041289379330152226, 0.15098044448931244, 0.07592095373251513], [0.02480129289771616, 0.2928031456622303, 0.4903338302631736, 0.19206173107686483], [0.02382435023556568, 0.29036133629730737, 0.16030847928395664, 0.5255058340831574], [0.030601154395754046, 0.1027526898591416, 0.33673806503443066, 0.5299080906106592], [0.031113204242471312, 0.1507702877742262, 0.20287562821805308, 0.615240879665258], [0.016556864119661382, 0.11768985996912558, 0.13330239200059146, 0.7324508838106262], [0.011086865440312189, 0.08003061832094818, 0.6699674593156439, 0.23891505682309366], [0.023574521929853383, 0.8246957825459896, 0.06066688232968249, 0.09106281309448391], [0.02597933286021953, 0.7771183886377255, 0.06184819003045686, 0.13505408837157354], [0.062088330040361184, 0.08761377482377918, 0.6368634629834772, 0.21343443205236542], [0.03665518664736969, 0.05591797378168268, 0.15931107030057035, 0.7481157691703776], [0.0658129250963681, 0.06789354607397734, 0.7413828244685323, 0.124910704261105], [0.04515950800504553, 0.05117426852805539, 0.133764481734049, 0.769901741632875], [0.047130180912216144, 0.5352963243025144, 0.13112994555425092, 0.28644354913100556], [0.036376817481360714, 0.4296999347200192, 0.4164914357674804, 0.11743181193114927], [0.02501466716982126, 0.11935626819684647, 0.34527250893357636, 0.510356555599746], [0.015232068175573241, 0.07979667524977435, 0.4312334296729362, 0.47373782680170384], [0.041746399224743595, 0.13586589516548792, 0.7006284024758821, 0.12175930303390016], [0.04902595629130291, 0.2393455996101658, 0.1807100620319936, 0.5309183819665196]], "ideal": "A", "sampled": "A", "correct": true}}
{"type": "result", "data": {"idx": 7, "options": ["They need provide supervision only to school psychologists who are not fully certified or licensed and to any school psychology interns.", "They should provide professional but not administrative supervision.", "They are eligible to serve as supervisors after one year of experience as a school psychologist.", "They should hold the Nationally Certified School Psychologist credential or the state school psychologist credential."], "probs": [[0.029046520773526367, 0.07075711977385246, 0.05821095617029627, 0.8419854031823107], [0.07619513845483138, 0.12368985692397999, 0.6085403017135482, 0.1915747028076271], [0.03470873435917246, 0.08589614752290411, 0.10775068262676137, 0.771644435391151], [0.04582279369492812, 0.07857523922153507, 0.63737946568226, 0.23822250130125988], [0.08081592296358446, 0.49511236472419196, 0.2529295058891475, 0.1711422063230884], [0.057136258420794256, 0.3813711936360205, 0.09418347844813606, 0.4673090693950548], [0.06939257813179628, 0.08171745448670746, 0.06725347416009166, 0.7816364931214262], [0.14039377244527684, 0.08856858540323637, 0.5820619549312606, 0.18897568712023158], [0.061229640262572625, 0.08308024488307234, 0.07386248487048973, 0.7818276298838625], [0.11738975899629024, 0.10200418442166483, 0.586979789889998, 0.19362626659204538], [0.16467947313861714, 0.47631360644950016, 0.1408695647887181, 0.2181373555231774], [0.19715015557078816, 0.46557139261328634, 0.16601536820312743, 0.1712630835128105], [0.04980202708695374, 0.06969448456864122, 0.12522987190755372, 0.7552736163368744], [0.05971021552344131, 0.060195937775033695, 0.6124531959679136, 0.2676406506335983], [0.045520190544859965, 0.10916897427883668, 0.08773765019340159, 0.757573184882879], [0.06617436906696877, 0.14015687439496335, 0.5991874645309835, 0.19448129190708383], [0.054023241703796236, 0.47390409595578575, 0.09705341100578965, 0.3750192512346337], [0.06294329633081315, 0.4871443093123544, 0.26494217496721273, 0.18497021928961427], [0.4021259063785444, 0.11164194368321949, 0.3132509310100754, 0.17298121882816692], [0.263192495785616, 0.10388428731958774, 0.08410779834713923, 0.5488154184476689], [0.43731045335891217, 0.2491783644072549, 0.13124151116331897, 0.1822696709705139], [0.43818050064714376, 0.26168935372127267, 0.12852404563105832, 0.17160609990054904], [0.2615302539313037, 0.1378454700812628, 0.08833531479809373, 0.5122889610893339], [0.30425833920457446, 0.10518481127924525, 0.4031474346577032, 0.18740941475847184]], "ideal": "D", "sampled": "D", "correct": true}}
{"type": "result", "data": {"idx": 8, "options": ["at the beginning of the list", "in the middle of the list", "at the end of the list", "distributed throughout the list"], "probs": [[0.1890697794383927, 0.12596315024400107, 0.3371125863532736, 0.3478544838643536], [0.23316171150782827, 0.15527404476753717, 0.23315128165111884, 0.37841296197352486], [0.20183776099696046, 0.13870791592650428, 0.21159599300645737, 0.44785832997006325], [0.19463527590815322, 0.1275967322739699, 0.43173912800703623, 0.2460288637108247], [0.24295921246061522, 0.21779923527303507, 0.15687721757659637, 0.3823643345897516], [0.24100461828031114, 0.24099573692567297, 0.29519685609015, 0.2228027886038629], [0.1820351481772825, 0.1710437149527348, 0.23012723585573897, 0.41679390091424123], [0.21521718177961144, 0.19592387378252302, 0.20531982485634007, 0.383539119481535], [0.19756461725433214, 0.1689885967348486, 0.29205915765199686, 0.34138762825880736], [0.22833386635990757, 0.18632589655507387, 0.15213512368851273, 0.43320511329649], [0.25151958917237266, 0.10164337798227159, 0.3386807541094159, 0.3081562786359311], [0.250251478839965, 0.116334558005993, 0.20104809976041696, 0.43236586329363413], [0.17700843183867185, 0.1662612984909255, 0.1975063927980296, 0.45922387677238363], [0.17859641760010947, 0.16516290217303659, 0.38402672896096796, 0.2722139511658953], [0.17070363789500634, 0.11550829579386106, 0.44956655352625846, 0.2642215126848587], [0.19131423578897805, 0.1421081499926077, 0.20046184498524142, 0.4661157691331693], [0.18992689570872442, 0.1928485041514022, 0.40204370162524683, 0.21518089841464805], [0.1804503475448419, 0.16689134172745507, 0.13844375750396856, 0.5142145531237321], [0.09967099384889626, 0.39425950252636993, 0.12401545778147478, 0.3820540457432734], [0.1048520353245473, 0.395700864075893, 0.23995859985677628, 0.25948850064280377], [0.12317640633421659, 0.17639251933415817, 0.44359797322460276, 0.2568331010070304], [0.10927237010540494, 0.19484909056609978, 0.2834791974540748, 0.4123993417744159], [0.1165839937079481, 0.3535133876419283, 0.3220179628876311, 0.20788465566250053], [0.12375506197743683, 0.29670208342661264, 0.11263707536431879, 0.46690577913161574]], "ideal": "A", "sampled": "A", "correct": true}}
{"type": "result", "data": {"idx": 9, "options": ["Piaget's cognitive development theory", "Erikson's psychosocial stage theory", "Kohlberg's moral development theory", "Ainsworth's social attachment theory"], "probs": [[0.004014947902622598, 0.9015570254516757, 0.021535896556678525, 0.07289212998901032], [0.003398831480311966, 0.87818672859335, 0.032756207837733906, 0.08565823198858316], [0.0033746775279933287, 0.002775549348056606, 0.9281785781276899, 0.06567119489627311], [0.0009002086437251684, 0.0008857824142184146, 0.003907183308104014, 0.9943068255339392], [0.0015590780781618546, 0.003711193617477463, 0.9147551570482363, 0.07997457115610918], [0.0006089694120235149, 0.0012893298951502856, 0.003165878166470423, 0.9949358224263772], [0.8772705659831714, 0.01835107754357576, 0.04649660243706009, 0.057881753936167964], [0.8663924560866566, 0.01798186743639803, 0.0528690436702674, 0.06275663270666881], [0.854475281140284, 0.030170101084066304, 0.048950585093237, 0.0664040325824262], [0.851532273267589, 0.029360822670072246, 0.061187178031969915, 0.057919725930383956], [0.8702457419535101, 0.030495691103746204, 0.036200687402209025, 0.06305787944053153], [0.8365877084122398, 0.02648306391589812, 0.06605464292851851, 0.07087458464333583], [0.0028363788738602967, 0.006541882204110619, 0.9051248606469893, 0.08549687817506389], [0.0006081706591948637, 0.0019325199394057315, 0.004219642177307028, 0.9932396671240884], [0.005154743317499861, 0.894504410126859, 0.02459761122945992, 0.07574323522619252], [0.004704501655384506, 0.8827793115948308, 0.03292847211893853, 0.07958771453085824], [0.000562469361459643, 0.0017324771715292726, 0.0048192923349652935, 0.9928857610320281], [0.002404545080612792, 0.005674733544323736, 0.9177415220133223, 0.07417919926171994], [0.002071662243103383, 0.004741945066478132, 0.9037174366931957, 0.08946895589724083], [0.0007118414951250321, 0.0016161902086553178, 0.003756841860578216, 0.9939151263356186], [0.003559730313569615, 0.9125503646097723, 0.017791738312928032, 0.06609816666374278], [0.003496690200073894, 0.8827416877486167, 0.027708680423082742, 0.08605294152824249], [0.0007159196583896781, 0.0018855769424304238, 0.005245369065535897, 0.9921531342336511], [0.0032294492972873914, 0.006473617999218088, 0.9095569458292547, 0.0807399867742598]], "ideal": "B", "sampled": "B", "correct": true}}
{"type": "result", "data": {"idx": 10, "options": ["aptitude", "projective", "achievement", "intelligence"], "probs": [[0.07708893489904808, 0.05597083422374986, 0.4873032723747708, 0.3796369584024361], [0.06421208616249575, 0.04733543462764869, 0.14233841419360288, 0.7461140649162546], [0.10697685310110801, 0.6868848442325672, 0.08866757533235461, 0.11747072723399396], [0.11644299708354178, 0.6913207353980998, 0.10435664018568074, 0.08787962723269675], [0.07961033592518603, 0.20647495449415815, 0.09755730560726335, 0.6163574038733741], [0.09435069468269723, 0.2795113868587452, 0.5472900352729935, 0.07884788308558258], [0.022341082778578387, 0.07501918560461508, 0.7226974955012543, 0.17994223601555037], [0.019640766904485657, 0.053809618865529714, 0.08466513158000982, 0.8418844825499683], [0.028702606220857588, 0.24987869772676358, 0.5995947035152558, 0.12182399243712969], [0.04605119805770742, 0.5566242081695035, 0.2587796118167159, 0.13854498185608233], [0.02940233257142327, 0.05538664718476747, 0.14476461045979083, 0.7704464096840309], [0.030744274945976414, 0.07787509116578917, 0.7806744737105883, 0.11070616007766156], [0.3181345541534446, 0.4773254220430566, 0.09113038773225185, 0.11340963597124648], [0.353759162320715, 0.46875168926323013, 0.08941573873787714, 0.08807340957818413], [0.29717411775802366, 0.10933654876076265, 0.4676121226582042, 0.1258772107229957], [0.5952121385888424, 0.13916338005975573, 0.1328120916211698, 0.13281238963023678], [0.3999746172854794, 0.39362912749170176, 0.1318588809005793, 0.0745373742222277], [0.41923934206194813, 0.40019747156285407, 0.1093875727615605, 0.07117561351363051], [0.06348523215874857, 0.15346484722408008, 0.08472685164413157, 0.6983230688730332], [0.11846393551701968, 0.3376299310046207, 0.44723286381433724, 0.09667326956403585], [0.0576097113741915, 0.05629784269324768, 0.1615966086477667, 0.7244958371848145], [0.0819667392529143, 0.07763437550142857, 0.6811071440618844, 0.15929174108378363], [0.09524082331310003, 0.6818056734914499, 0.15701958915281983, 0.06593391394261325], [0.08968739659224614, 0.7506926637160395, 0.09847641985106306, 0.06114351974062999]], "ideal": "C", "sampled": "C", "correct": true}}
{"type": "result", "data": {"idx": 11, "options": ["proximity and similarity", "top-down processing and bottom-up processing", "binocular and monocular cues", "size and shape constancy"], "probs": [[0.008408390080851508, 0.006099935794872018, 0.9198817844491505, 0.06560988957513779], [0.006951039132930583, 0.004348869311423491, 0.012199302534784278, 0.9765007889208727], [0.0275465239260214, 0.7505178066286077, 0.05969616483009345, 0.16223950451528205], [0.024149010864639553, 0.6998947071903084, 0.07851397378497385, 0.19744230806006008], [0.007008612762075229, 0.007576427630173591, 0.008385148103063974, 0.977029811404694], [0.007009379774452434, 0.011026200950345743, 0.8828953274766511, 0.09906909169854908], [0.010066067751984572, 0.013232029086441976, 0.8848927200602063, 0.0918091830013615], [0.01011948290654925, 0.00892819461287458, 0.018909026702756966, 0.9620432956778117], [0.02334691912968594, 0.8490105750035604, 0.03817431846260783, 0.0894681873041669], [0.02726216181561805, 0.8346442657388917, 0.06959644071386575, 0.06849713163161175], [0.010354923518197381, 0.012291863711563015, 0.015915952838819997, 0.9614372598314244], [0.014656435286778426, 0.020353958461336908, 0.8998105751128002, 0.06517903103910268], [0.8518340860266529, 0.02593577458188134, 0.03516787848931344, 0.08706226080213232], [0.7974598678675289, 0.02728887794011248, 0.06391195022045783, 0.11133930387190094], [0.8095695884093104, 0.04126301656430129, 0.04461683455871475, 0.10455056036768652], [0.7756266639087671, 0.04884619449459913, 0.1050112312918481, 0.0705159102047671], [0.7682999434977384, 0.0677125886441772, 0.03651049473668261, 0.12747697302138467], [0.7972893755463365, 0.07073661374275006, 0.045314014649190784, 0.0866599959617443], [0.01735035588298273, 0.010849015840448646, 0.009956368884256623, 0.9618442592923244], [0.020354161805605214, 0.016736900827466854, 0.8587400682823646, 0.1041688689845887], [0.02197368328302872, 0.007595045790734336, 0.021300371862678316, 0.9491308989635737], [0.023015601136989035, 0.009973592073537282, 0.9190613743874697, 0.04794943230199908], [0.04109228573885912, 0.7814584364388631, 0.04374443940326119, 0.13370483831899913], [0.04980802038384694, 0.8036806590331522, 0.05056633180231766, 0.09594498868069612]], "ideal": "C", "sampled": "C", "correct": true}}
{"type": "result", "data": {"idx": 12, "options": ["be paralyzed", "fall into a coma", "suffer severe speech impairment", "die"], "probs": [[0.17798797142428638, 0.30761992423873313, 0.10058676690750462, 0.4138053373294879], [0.2537183042239104, 0.4182851687111864, 0.23465917288053406, 0.09333735408436347], [0.2078285625439625, 0.04710307570938403, 0.4610642282449425, 0.28400413340169445], [0.2983860243288388, 0.06763817814633946, 0.16469403770262697, 0.46928175972219355], [0.2426960465608225, 0.08258703412593006, 0.5469048569297973, 0.12781206228345424], [0.29125165133132436, 0.09307671751282609, 0.11229894640769769, 0.5033726846481691], [0.32349723099188776, 0.10333613856366974, 0.1171269925241554, 0.45603963782029955], [0.42264015635356417, 0.2370759687798543, 0.23340816937106215, 0.10687570539552677], [0.354321639636383, 0.06062133852198101, 0.20194229387037685, 0.3831147278712521], [0.45727942529507987, 0.07885889660001752, 0.38500629769287803, 0.07885538031203555], [0.5195982782769233, 0.2066919080630931, 0.14430320502803565, 0.12940660853194777], [0.5337928365148746, 0.24833691804252836, 0.11189681258076639, 0.10597343276182479], [0.011637688375601982, 0.17775375708672617, 0.5308050233074713, 0.27980353113020057], [0.01098811371647639, 0.26196851519722847, 0.21386839233708851, 0.5131749786492148], [0.012549532133965742, 0.5168075964457862, 0.20247437086349607, 0.26816850045672047], [0.02039081035218268, 0.6148180882767984, 0.2644376739996691, 0.10035342727134593], [0.012600746836838973, 0.08278552487678537, 0.24334278006379473, 0.661270948122566], [0.021897600539238667, 0.08459248692501656, 0.7426401546828462, 0.15086975775291123], [0.06929299279671054, 0.25957079588929655, 0.5162040588225448, 0.15493215239144076], [0.05239533703478231, 0.2618366885748651, 0.1049656698183727, 0.5808023044719478], [0.05574029920403687, 0.6133902541608395, 0.17581375262774585, 0.1550556939073694], [0.056070980086331317, 0.6831637154324397, 0.1283083643008107, 0.13245694008041892], [0.06594171902010561, 0.04160882694526658, 0.2213774998534102, 0.6710719540811989], [0.10637663158265165, 0.066582312886569, 0.672278260358784, 0.1547627950720173]], "ideal": "D", "sampled": "B", "correct": false}}
{"type": "result", "data": {"idx": 13, "options": ["achievement", "standardized", "projective", "triarchic"], "probs": [[0.03268898482001118, 0.9477898896813367, 0.01519871352663992, 0.004322411872014898], [0.03406276087789585, 0.9424366877427379, 0.012528620573756205, 0.010971930705610327], [0.016543273176074014, 0.014833743795735385, 0.9615077523632758, 0.007115230564910802], [0.0050981372183539105, 0.00409826634558906, 0.004258393531628076, 0.9865452028044107], [0.014789395959889174, 0.0066658984837510964, 0.958643936880674, 0.01990076857567578], [0.0028955143928932705, 0.0012846703355605092, 0.004699511936844682, 0.9911203032347146], [0.9843081678703429, 0.0074580259562121685, 0.005851576462447593, 0.002382229611009372], [0.9847082500939728, 0.007228462043996647, 0.002898857666841581, 0.00516443009521003], [0.9860230736567589, 0.008081811372207254, 0.003786987313419414, 0.0021081275576017152], [0.9836073361672413, 0.009058913818873568, 0.0029877246826421787, 0.004346025231227558], [0.9859047782231025, 0.004357247829702299, 0.003874268168898521, 0.005863705678295988], [0.9873678926645486, 0.004132123031650152, 0.004066915060548453, 0.00443306914325205], [0.01665162559350712, 0.016651148698446912, 0.9601231675911882, 0.006574058016845636], [0.003682288229608811, 0.003624941557596318, 0.003275675288031668, 0.9894170948247509], [0.018404236664144216, 0.9662795801416981, 0.01133736547090636, 0.003978817623261079], [0.019551929070449732, 0.9644883366999408, 0.009095919466399007, 0.006863814663203749], [0.0029129671200512864, 0.0013343549459115271, 0.005978103274672284, 0.989774574559366], [0.008446005139264114, 0.004215344375174042, 0.9764902964634113, 0.01084835392216363], [0.013658610202829631, 0.012933283009945222, 0.9575684485230164, 0.015839658164209063], [0.002347020100421146, 0.0015636864174015243, 0.004117405496362058, 0.9919718878857913], [0.018239121248099677, 0.9576480168081847, 0.01186580363291577, 0.012247058210793775], [0.01927940443877384, 0.9577723613675966, 0.013775116676121123, 0.009173117417489341], [0.0017296514225730525, 0.001587406625611025, 0.0052428475185379644, 0.9914400943332582], [0.004812076082043559, 0.005040822283966316, 0.9831491489234679, 0.006997952610503247]], "ideal": "B", "sampled": "B", "correct": true}}
{"type": "result", "data": {"idx": 14, "options": ["discrimination", "spontaneous recovery", "trace conditioning", "generalization"], "probs": [[0.06549767493658878, 0.02795677171413658, 0.5439758632720506, 0.36256968997722144], [0.061832388974432675, 0.028977878820544645, 0.771003918098085, 0.1381858140069391], [0.07512784743323939, 0.27487366622448794, 0.040217027775696905, 0.6097814584665933], [0.08740548370739666, 0.21802160443247914, 0.5742120495942397, 0.12036086216588877], [0.06183307868288745, 0.6342974410448461, 0.05166741428290966, 0.25220206588935945], [0.07215083986965991, 0.6182023569364261, 0.21705143114918465, 0.09259537194472864], [0.022998504586457212, 0.0789883275825337, 0.5151721534455784, 0.3828410142854273], [0.02252238694642108, 0.08910908790832106, 0.6952647738623938, 0.19310375118287385], [0.030106918186503736, 0.3813471648585247, 0.09124485737806054, 0.49730105947691833], [0.02203927052784897, 0.3845968862656128, 0.4427022006219564, 0.15066164248456815], [0.018298061250674645, 0.5601045579097741, 0.09735711823024555, 0.3242402625093039], [0.016756989319471963, 0.46733226345817963, 0.37551770261857526, 0.140393044503769], [0.2370520176615501, 0.08855892701367271, 0.06896499935123734, 0.6054240558735515], [0.19167891934478953, 0.07331410812565738, 0.6187213941669149, 0.11628557826263042], [0.3213337593055865, 0.0528645615956631, 0.13600170241438544, 0.4897999765843579], [0.2091241535067523, 0.03180242659306702, 0.6240559823748026, 0.13501743742537572], [0.494385854966986, 0.19971111398510036, 0.17077310527492537, 0.13512992567299437], [0.5180353401430661, 0.1680847374962089, 0.11736155563815691, 0.1965183666225803], [0.3183036955244119, 0.2680216510895179, 0.06413530028263431, 0.34953935300346073], [0.26733753997325577, 0.18957923199319227, 0.44774709692014575, 0.09533613101341165], [0.39189725665253095, 0.07654949426458615, 0.1633483193885861, 0.3682049295942897], [0.16185890022616875, 0.038145819989291375, 0.6815946098997447, 0.11840066978480474], [0.3146807565526688, 0.45773742895153857, 0.12706474798379022, 0.1005170664120158], [0.24660717765930498, 0.5059077106046859, 0.055454623044927195, 0.19203048859107996]], "ideal": "D", "sampled": "D", "correct": true}}
{"type": "result", "data": {"idx": 15, "options": ["the mere-exposure effect.", "self-serving bias.", "equipotentiality.", "the fundamental attribution error."], "probs": [[0.08028134294344856, 0.24736951133905466, 0.05064012167930874, 0.6217090239381721], [0.15039488983712276, 0.37231243138056774, 0.33373862055833203, 0.14355405812398347], [0.13308030777813482, 0.05210255700526486, 0.23709681503168537, 0.5777203200849056], [0.17340103793357795, 0.06182000209008464, 0.18744090828787502, 0.5773380515884352], [0.17424089273746424, 0.32038896763217894, 0.36312426054447355, 0.1422458789858649], [0.10684633827294675, 0.27287592562058566, 0.0603784579903462, 0.5598992780161549], [0.28127015186608184, 0.2058253938501363, 0.04925908977899544, 0.46364536440478676], [0.3823026428759476, 0.2317974883015877, 0.2797666579633315, 0.10613321075914571], [0.2443873970768248, 0.045899734455471054, 0.17602610565827073, 0.5336867627094397], [0.18254223416098644, 0.03797420208845681, 0.5450522651838269, 0.23443129846671165], [0.26657279500601744, 0.4679565911161451, 0.16428692061138922, 0.10118369316646697], [0.2111847356566757, 0.42016538315648233, 0.05639726440036632, 0.31225261668648246], [0.022278066362999158, 0.32224637836432035, 0.18651280905451573, 0.4689627461181768], [0.023045775376017225, 0.35772079490661013, 0.13796134111050795, 0.4812720885068554], [0.012093480991075182, 0.13000574016922342, 0.21777259590366616, 0.6401281828360412], [0.01699917478233216, 0.07678108317678603, 0.5673634534011713, 0.338856288539719], [0.016118421619722035, 0.3159956907056437, 0.1218567983768045, 0.5460290891978111], [0.019164361284767825, 0.29049164392946614, 0.3344313461261164, 0.35591264855966803], [0.4111334985700641, 0.1635752367251985, 0.3056630229423244, 0.11962824166241892], [0.3115444653087227, 0.1775033734611592, 0.05048002373670948, 0.4604721373934085], [0.2802944711276077, 0.4411857881642201, 0.1597995373917929, 0.11872020321637917], [0.20303117021839118, 0.3975090465414596, 0.05420634806080395, 0.3452534350793394], [0.33078176553445704, 0.05233433467402865, 0.13573051657520516, 0.4811533831163242], [0.19981396603061372, 0.04122646051226402, 0.5023926780692592, 0.25656689528787807]], "ideal": "D", "sampled": "D", "correct": true}}
{"type": "result", "data": {"idx": 16, "options": ["grounding a teenager for staying out past curfew", "spanking a child for misbehavior", "permanently revoking the driving privileges of a third-time DWI driver", "refusing to return the boss' phone call after not getting the expected raise"], "probs": [[0.03985992941357222, 0.049228246298964023, 0.06518865642676085, 0.8457231677607066], [0.061944565864163054, 0.05055561000336386, 0.522635420049988, 0.3648644039824595], [0.043375130727405196, 0.025700646137859075, 0.2418602668548484, 0.6890639561798787], [0.06689181259969271, 0.02767782537088885, 0.6449571216304728, 0.2604732402989618], [0.11012534077814555, 0.26004443593567467, 0.17323891474571715, 0.45659130844045837], [0.08367284827670621, 0.22214411593293976, 0.08049613608564661, 0.6136868996047273], [0.03565721823834037, 0.023582786959218033, 0.08358262717621767, 0.857177367526201], [0.07428793460389692, 0.026491968806459158, 0.5889019447048658, 0.3103181517847796], [0.048931429538379416, 0.06739765184403958, 0.043191397948213625, 0.8404795205693552], [0.11056570377056377, 0.056900523797970705, 0.726245714010388, 0.10628805832106086], [0.0951555211568274, 0.47947814793834287, 0.057708063262939986, 0.36765826754190134], [0.12029800956846046, 0.5649028657764527, 0.14513291601768463, 0.1696662085374172], [0.048471272430059144, 0.024769286175652116, 0.19180008460181652, 0.7349593566924648], [0.08388450170334354, 0.02724394389145704, 0.3789923727380142, 0.509879181567169], [0.06058843669080623, 0.20498666819754793, 0.04099090796619146, 0.6934339870454498], [0.09009249606057762, 0.36767713619142217, 0.39135241578498703, 0.1508779518630224], [0.08741127257056178, 0.20326359908911693, 0.05304354371642509, 0.6562815845238971], [0.11642057832058175, 0.24076823002122244, 0.46394764565793173, 0.17886354590025416], [0.27292095890775403, 0.054560914981365866, 0.2226296026208324, 0.44988852339006824], [0.17259654899098342, 0.04684177566559581, 0.08678463100638667, 0.6937770442370499], [0.25782654100864144, 0.27003259964630455, 0.06027479753264009, 0.41186606171242085], [0.36694593360447897, 0.21912016746079607, 0.15783511901264474, 0.25609877982208973], [0.12600854381654927, 0.05638003228111713, 0.05769153270901201, 0.7599198910933065], [0.19395873729184246, 0.03451346429768578, 0.6361655379381177, 0.13536226037237062]], "ideal": "D", "sampled": "D", "correct": true}}
