{"type": "result", "data": {"idx": 0, "options": ["0.005 C", "0.01 C", "0.02 C", "0.5 C"], "probs": [[0.15285727040362737, 0.17592550533862977, 0.28103849108066015, 0.39017873307707657], [0.15943076667398684, 0.19238319540611704, 0.2888162669201052, 0.3593697708997969], [0.16016319185214145, 0.23669400813103825, 0.236692696912557, 0.36645010300426967], [0.14685717512927884, 0.2239988875808262, 0.28759581038841114, 0.3415481268014896], [0.1372302708548206, 0.21255074603049723, 0.2771316500700249, 0.37308733294465113], [0.14649093867635, 0.216430839868561, 0.24523791428156702, 0.3918403070735279], [0.15336395947057588, 0.1291834914340508, 0.3196563490920986, 0.3977961999032562], [0.162379509468467, 0.1388120716501559, 0.2436812388895551, 0.4551271798918154], [0.1803270782934364, 0.21084091194320795, 0.23891921584031736, 0.3699127938230324], [0.1482179009461355, 0.18740115442817307, 0.28567792458975216, 0.378703019935933], [0.1346825987735687, 0.24774087099567882, 0.2515247257376291, 0.3660518043931052], [0.14917687843849736, 0.26611221714120775, 0.19164959501786147, 0.39306130930244], [0.18993635777195708, 0.11699904994714062, 0.34372663222198735, 0.3493379599589272], [0.20010398134441043, 0.12916763703322717, 0.21975260849814085, 0.45097577302421477], [0.19961625507973205, 0.12111032685535429, 0.3450102582181016, 0.3342631597468063], [0.1728581399665478, 0.10986518285805576, 0.24755800810352682, 0.46971866897187553], [0.16189128245277834, 0.2046151529476875, 0.23916367807857178, 0.3943298864209561], [0.17468990029075143, 0.23876886554867266, 0.18029701909843335, 0.4062442149621491], [0.16514771828327515, 0.1503735045513455, 0.2943960310189708, 0.39008274604642657], [0.16699847663544276, 0.14062624323036219, 0.2978501776146652, 0.3945251024195356], [0.18876239374228304, 0.11995762308031764, 0.31597365246225667, 0.37530633061513047], [0.18144795326237384, 0.11355489632920435, 0.25592077335441155, 0.449076376953992], [0.18154730484337045, 0.13698088433814073, 0.27249283816906705, 0.40897897254941534], [0.1797161427172796, 0.1377136079367395, 0.21670055000825794, 0.46586969923771676]], "ideal": "B", "sampled": "D", "correct": false}}
{"type": "result", "data": {"idx": 1, "options": ["the electric field produced by a finite-length charged rod", "the electric field produced by an infinitely long charged cylinder", "the electric field produced by an infinite plane of charge", "the magnetic field produced by an infinitely long, straight current-carrying wire"], "probs": [[0.170809963734532, 0.10860393642737333, 0.25639413690178614, 0.46419196283629754], [0.18144310892196197, 0.11355594228345695, 0.30866806435781663, 0.39633288433674785], [0.15627139343429944, 0.24209703418236025, 0.14235093169332702, 0.4592806405900087], [0.1631081056108404, 0.21279622783248864, 0.2566218442698262, 0.36747382218684016], [0.1695789006193374, 0.270786377653848, 0.2666324043626266, 0.2930023172641836], [0.17411741040614295, 0.2380964956575787, 0.2915735584219717, 0.2962125354142898], [0.19775581952436763, 0.08374263390725331, 0.3063960316812897, 0.41210551478709656], [0.21400427474626527, 0.08918076091403136, 0.2971367639258655, 0.39967820031383966], [0.17702592467744266, 0.17983420233978165, 0.1467462026292055, 0.49639367025356573], [0.1972911674397077, 0.16103310561912612, 0.34086018617766006, 0.30081554066350247], [0.20290833749845327, 0.29056420855620013, 0.23354745789492845, 0.272979995950414], [0.2032490641456366, 0.2414569234789629, 0.3249486727305057, 0.23034533954490313], [0.2561372738664905, 0.11195508908245547, 0.1679892902429589, 0.4639183467080909], [0.2436246067539888, 0.09996625866996296, 0.28487679707522323, 0.37153233740084524], [0.2406959139215195, 0.10594716361930041, 0.14365931734889817, 0.5096976050103023], [0.2316625350222219, 0.10045474152967768, 0.3703145766553882, 0.29756814669273324], [0.2497583680792942, 0.25366375458235946, 0.21362172729460915, 0.28295614994374557], [0.24203767451480956, 0.26583830208769826, 0.27852823966738527, 0.21359578363012804], [0.23974807568681775, 0.20508008654010054, 0.24731309939820587, 0.3078587382748837], [0.21972846787696731, 0.1557638512714443, 0.31469556712160585, 0.30981211362999017], [0.2556798864497259, 0.20537495633434047, 0.18412621442172952, 0.3548189426941879], [0.2282065878067865, 0.15934342154662928, 0.3372384042941478, 0.2752115862524208], [0.2304992008825973, 0.2571135252571655, 0.19716624903878652, 0.31522102472144636], [0.23086477090826663, 0.28739087375232053, 0.22023978052088863, 0.26150457471852095]], "ideal": "A", "sampled": "D", "correct": false}}
{"type": "result", "data": {"idx": 2, "options": ["electric field outside the object is zero", "the electric field outside the object is equal to the electric field inside the object", "the electric field outside the object is directly proportional to the distance away from the center of mass of the object", "the electric field outside the object, but very close to the surface, is equal to the surface charge density at any location divided by the permittivity of free space"], "probs": [[0.0383916212325243, 0.04931438254363438, 0.11644912128640304, 0.79584487483745], [0.030894631651345844, 0.04673619963464991, 0.7541101815089009, 0.16825898710508136], [0.03907725729240637, 0.08144749465781928, 0.06966352316632164, 0.8098117247834273], [0.04412603747444294, 0.08245004779173581, 0.7406275151458435, 0.1327963994879964], [0.058928154043417426, 0.6000392493408057, 0.12376850981076204, 0.21726408670503075], [0.06037183082003855, 0.6289392592163222, 0.17469386274199575, 0.13599504712164434], [0.05469423614070033, 0.025041767270192795, 0.10382739014154123, 0.8164366063475673], [0.042052074134196316, 0.025312638629141633, 0.7811623736799181, 0.1514729134567609], [0.04109035593906491, 0.05155852939752525, 0.04240065119085882, 0.8649504633725323], [0.1115171484480726, 0.08484066155532785, 0.683098623798441, 0.12054356609816903], [0.08914478540987399, 0.5543640686234637, 0.09054395396891593, 0.26594719189772453], [0.13060827034139905, 0.5673040710014763, 0.19297040844995028, 0.10911725010719867], [0.045867311377389294, 0.032285666980448505, 0.07622725927808938, 0.8456197622640876], [0.044932379202235403, 0.04563213589380115, 0.7901541210491654, 0.1192813637547898], [0.04151757705008869, 0.04560586162867297, 0.04597202293467447, 0.8669045382865449], [0.08547039369943973, 0.07545519860612428, 0.7213165099095866, 0.11775789768484102], [0.07124729651701027, 0.6397584804839272, 0.10280337674597208, 0.18619084615308087], [0.10268200082229144, 0.6050452709672297, 0.15297377817001817, 0.1392989499404605], [0.592397800092056, 0.0789357053657908, 0.1451665042066316, 0.1834999902355136], [0.6407063555124706, 0.09596135099343493, 0.14295949356997376, 0.12037279982411969], [0.6285369799974374, 0.11098584086229166, 0.09126322946581424, 0.16921394957445046], [0.6354884497574429, 0.12810228870359566, 0.1396969725193675, 0.09671228891957157], [0.6494970800241043, 0.11555624457336498, 0.09882665927534831, 0.13612001602718235], [0.6308226654328729, 0.11571918407481822, 0.15208776231753013, 0.10137038807479828]], "ideal": "D", "sampled": "D", "correct": true}}
{"type": "result", "data": {"idx": 3, "options": ["Less, because the tension in the string varies directly with the wave speed, which varies inversely with the wavelength.", "Greater, because the tension in the string varies directly with the wave speed, which varies inversely with the wavelength.", "Greater, because the tension in the string varies directly with the wave speed, which varies directly with the wavelength.", "Less, because the tension in the string varies directly with the wave speed, which varies directly with the wavelength."], "probs": [[0.4299329697443919, 0.1763920026071879, 0.19372455596097354, 0.19995047158745285], [0.48717997169939303, 0.17643552366603107, 0.19682433129337057, 0.13956017324118675], [0.37353790260768044, 0.24877768536454756, 0.21960317693214854, 0.15808123499562937], [0.4342752318555912, 0.2675445316213652, 0.14097328782053137, 0.15720694860253037], [0.376223034466521, 0.1722415339165663, 0.2709938648266024, 0.18054156669031643], [0.37455946568247156, 0.17971003001263078, 0.17152868761331352, 0.27420181659157816], [0.47186688196005877, 0.18772191649005845, 0.18479085012485652, 0.1556203513250443], [0.4252938192141457, 0.18579176607488448, 0.21716183031620406, 0.17175258429477192], [0.3474560595887701, 0.17201870338515896, 0.2973974616956469, 0.18312777523041796], [0.34041650713681026, 0.19096526315002757, 0.16336915476904412, 0.30524907484410013], [0.3923835348053049, 0.18825565212554124, 0.2656554496280169, 0.1537053633411306], [0.4357391260175591, 0.2156722547838324, 0.1329177945630187, 0.2156708245356082], [0.39863483246404763, 0.27828510149532765, 0.14890705789355793, 0.17417300804708463], [0.3752462790524956, 0.296873786529688, 0.15881272512345357, 0.16906720919436882], [0.31836093018342576, 0.17578207322211734, 0.27660937173898303, 0.22924762475547986], [0.34956799608239897, 0.21201065128522548, 0.1703885433507215, 0.2680328091816723], [0.3459483109562904, 0.15588469788705972, 0.3100568709555547, 0.18811012010110076], [0.4111336085787645, 0.16345290427813283, 0.2342518133763101, 0.19116167366679815], [0.3183227872846343, 0.1930918389732635, 0.21200881819262302, 0.27657655544949733], [0.36015387307916485, 0.2289093570647844, 0.1783653708417631, 0.23257139891428133], [0.39677887470046364, 0.2644354402197379, 0.16542473304904817, 0.17336095193074375], [0.3805711965604337, 0.2873168638952529, 0.1467100493158495, 0.18540189012848218], [0.3940439653744103, 0.1518562572595327, 0.2792954500108516, 0.17480432725521097], [0.3408632803718455, 0.15846710725713692, 0.27371380456099276, 0.22695580771001833]], "ideal": "C", "sampled": "A", "correct": false}}
{"type": "result", "data": {"idx": 4, "options": ["I only", "II only", "II and III only", "(E) I, II, and III"], "probs": [[0.04993770733919879, 0.05356202898540317, 0.14551694320639724, 0.7509833203690106], [0.0761441443642478, 0.09475732965282975, 0.5714572548118879, 0.25764127107101675], [0.06162356996121975, 0.16235139476877816, 0.09246804293413524, 0.6835569922358826], [0.09053072639277153, 0.236585727652738, 0.408956614059326, 0.2639269317951703], [0.08144285034082256, 0.3916472593940392, 0.1533387305683188, 0.37357115959682213], [0.08528269297481478, 0.35060682533863763, 0.19666595443513102, 0.3674445271514255], [0.04697703940527069, 0.03381551068722444, 0.19019623033187238, 0.7290112194756416], [0.06281847256032518, 0.05994107040691809, 0.5556946701347731, 0.3215457867979902], [0.06467151496351844, 0.1885482204164628, 0.0785831614067297, 0.6681971031132665], [0.0940034201779065, 0.2741677522096123, 0.4116165742432637, 0.22021225326922927], [0.09981169706159486, 0.35646653231482367, 0.15821212640669582, 0.38550964411689514], [0.10120788367518183, 0.3344695998887961, 0.3615668702299877, 0.20275564610604804], [0.13202343282259774, 0.05251157994646401, 0.10770800837823061, 0.7077569787526848], [0.1545634257776934, 0.07709367256348362, 0.443625868010575, 0.3247170335482545], [0.13002214947812632, 0.06848469374482195, 0.07641783024332212, 0.725075326433744], [0.1680104003911553, 0.08992353183793493, 0.4859226412544602, 0.2561434264164439], [0.22590009330896169, 0.3338197915613148, 0.14578565143781752, 0.2944944635918968], [0.22389224567964985, 0.32079754921224296, 0.2170366232904671, 0.23827358171765553], [0.14490833599829334, 0.09729288699836429, 0.13818359853782025, 0.6196151783655324], [0.15443808515046584, 0.12214131965205495, 0.3166671772262735, 0.40675341787120994], [0.14659973895349412, 0.12742917713149152, 0.12742584004274185, 0.5985452437722957], [0.14038936036930327, 0.1566177557237251, 0.4750917228409021, 0.22790116096607893], [0.16594474356827105, 0.2957263687281218, 0.14639714260779974, 0.3919317449957948], [0.18057443560356942, 0.2014412747190007, 0.3425661773540816, 0.27541811222334667]], "ideal": "D", "sampled": "D", "correct": true}}
{"type": "result", "data": {"idx": 5, "options": ["Equal to the block\u2019s gravitational potential energy when it was released, because total mechanical energy must be conserved.", "Equal to the block\u2019s gravitational potential energy when it was released, because the gain in kinetic energy compensates for the mechanical energy lost to thermal energy on the rough incline.", "Less than the block\u2019s gravitational potential energy when it was released, because the gravitational potential energy was converted both to thermal energy and to kinetic energy.", "Less than the block\u2019s gravitational potential energy when it was released, because the work done by the friction force must be greater than the block\u2019s gain in kinetic energy."], "probs": [[0.13381099271342137, 0.09412990016242789, 0.34696503665435735, 0.42509407036978925], [0.11668500259145063, 0.07894890604859013, 0.6208282961553693, 0.18353779510455984], [0.134787208258618, 0.19008711660157718, 0.4153304794742097, 0.2597951955655914], [0.15294106077604766, 0.20578558197014357, 0.372753785864138, 0.2685195712896914], [0.1416070475792432, 0.42284767736025874, 0.20922797700959167, 0.22631729795091468], [0.14760770588232502, 0.3889600657858933, 0.1699424879326314, 0.29348974029914693], [0.12941527942208522, 0.14906793792527037, 0.3411047194483914, 0.38041206310424847], [0.11107442136727684, 0.11461171286490299, 0.5731679184006667, 0.20114594726717208], [0.12795023501890954, 0.22451411082095554, 0.4194823579763684, 0.228053296083762], [0.11268868044864985, 0.174582654589172, 0.19167321548593805, 0.5210554493762359], [0.11671817070375909, 0.343056484656553, 0.3594175514923953, 0.1808077930472875], [0.1076835683584664, 0.26248294115670784, 0.13197437011075208, 0.4978591202740695], [0.09040301888659441, 0.21864135389408312, 0.3777061647448089, 0.31324946237451545], [0.09615371431428255, 0.34625292033687816, 0.2167130402936258, 0.3408803249552044], [0.09710571758752966, 0.2538893897393607, 0.4250207514747126, 0.22398414109841064], [0.07074795791185486, 0.23573189631568656, 0.23206844355473968, 0.4614517021177213], [0.08138872151961728, 0.11124109170994054, 0.5143146528385243, 0.29305553383189537], [0.06361348546145425, 0.07734655361974128, 0.29644054831784283, 0.5625994125009509], [0.1640696248998425, 0.3063940687372409, 0.3017552127973241, 0.22778109346560138], [0.1717814097816008, 0.2922703860994908, 0.16652378052432518, 0.3694244234945805], [0.16217418962021063, 0.13872335578293524, 0.5153211732324355, 0.18378128126438992], [0.16848394902918745, 0.14638133119464938, 0.18215026936285983, 0.5029844503133007], [0.12357793236940626, 0.06563337184793108, 0.5450862146951576, 0.26570248098748267], [0.11107849309423826, 0.05672767822362103, 0.3263861748276092, 0.5058076537545487]], "ideal": "C", "sampled": "A", "correct": false}}
{"type": "result", "data": {"idx": 6, "options": ["The small block is most likely to slide off when the original block is at maximum displacement from the equilibrium position, but will not slide off as long as the coefficient of static friction between the blocks is greater than kA/[(M+m)g].", "The small block is most likely to slide off when the original block is at the equilibrium position, but will not slide off as long as the coefficient of static friction between the blocks is greater than kA/[(M+m)g].", "The small block is most likely to slide off when the original block is at maximum displacement from the equilibrium position, but will not slide off as long as the coefficient of static friction between the blocks is greater than (M+m)g/(kA).", "The small block is most likely to slide off when the original block is at the equilibrium position, but will not slide off as long as the coefficient of static friction between the blocks is greater than (M+m)g/(kA)."], "probs": [[0.11152520626110524, 0.19263894442370127, 0.3127610308624335, 0.3830748183527643], [0.11581169816672396, 0.23392958839452307, 0.28227598883328187, 0.3679827245054621], [0.1283026739280185, 0.322752992104318, 0.1409902747225074, 0.4079540591451665], [0.13173613360341596, 0.3415932223597212, 0.15162856944980974, 0.37504207448705046], [0.11989512226677128, 0.3257221206179346, 0.1612730407076164, 0.39310971630767566], [0.1163395196228212, 0.31616069921071277, 0.1978739659327022, 0.3696258151337735], [0.10334495112243106, 0.21204927680475472, 0.31837628077512, 0.3662294911976972], [0.1141029783781283, 0.2305111806286603, 0.25712563163525237, 0.39826020925795064], [0.11520101507087657, 0.32818364757202056, 0.17300374866062854, 0.3836115885964657], [0.12673158901719206, 0.34452259504726046, 0.17323713573019575, 0.3555086801053496], [0.1271895139064193, 0.2958622871196133, 0.13975257636936797, 0.437195622504623], [0.1375635480162578, 0.3149015839496461, 0.17941997284662417, 0.3681148950874945], [0.12662542241981953, 0.31330901518010895, 0.09706936625065617, 0.46299619604940134], [0.13454471867324225, 0.3330469480534579, 0.13050840333952793, 0.4018999298337702], [0.10407901855857725, 0.29176540438568144, 0.1378248138752854, 0.4663307630804608], [0.14445188941559411, 0.33064560739231047, 0.15616462689720947, 0.36873787619487214], [0.12385546464490013, 0.24244549304925606, 0.2462288780179836, 0.38747016418786545], [0.12470975915431802, 0.2639316642717786, 0.20875161974603657, 0.4026069567278707], [0.10396899486788201, 0.34625346529750567, 0.12538870702388377, 0.42438883271072014], [0.12355656683139213, 0.35746393745618366, 0.14442563146018148, 0.3745538641522405], [0.12436741327639371, 0.26324918672348036, 0.12057366648504954, 0.491809733415063], [0.14017888549638036, 0.28766724127972476, 0.14700794098733208, 0.42514593213655005], [0.11293528624394378, 0.25051821634739, 0.2544237343082573, 0.3821227630004063], [0.12694530682757202, 0.2729151789780394, 0.19052775642685177, 0.40961175766755986]], "ideal": "A", "sampled": "C", "correct": false}}
{"type": "result", "data": {"idx": 7, "options": ["0.005 J", "0.01 J", "0.05 J", "0.1 J"], "probs": [[0.10802556076015143, 0.13865782054860984, 0.33272122760742195, 0.4205953909838386], [0.1283187589202677, 0.152364775823003, 0.2983743434307199, 0.42094212172600687], [0.13442339812696733, 0.21474956996820632, 0.24331440274189647, 0.4075126290629281], [0.14555107335448883, 0.2151419519029141, 0.26764153773472765, 0.371665436907855], [0.1381904092390179, 0.15405553256492605, 0.3017555396364204, 0.40599851845964596], [0.13430115389668515, 0.14980136340978234, 0.32718564305803605, 0.3887118395354944], [0.12734134724354368, 0.09913601103014703, 0.3149791684221183, 0.458543473204188], [0.12732543463688037, 0.09167753606400185, 0.30053666108494903, 0.48046036811417786], [0.12202322785656784, 0.17750282021626948, 0.25416484802466094, 0.44630910380250555], [0.11860579399113132, 0.16724833581146373, 0.3486525847844799, 0.3654932853129289], [0.14211493089755078, 0.20998720916135236, 0.20351556446574823, 0.4443822953753466], [0.12976864118390785, 0.18005529037216522, 0.25805561290952145, 0.43212045543441635], [0.15711115549014285, 0.10144364625605354, 0.2936998815590501, 0.44774531659476274], [0.1667547144860324, 0.10766911351956808, 0.27929576191106753, 0.4462804099833412], [0.16068102678168653, 0.08601718720312969, 0.30962583401793076, 0.44367595189724485], [0.14479130605818666, 0.0824660600499065, 0.34718854687993295, 0.42555408691197777], [0.16885105864873703, 0.18264144940479976, 0.2036374935295186, 0.4448699983169423], [0.16468026558927137, 0.16736069866593492, 0.2473130557851957, 0.42064597985960867], [0.11618412602020255, 0.1058031256995656, 0.3257619636503115, 0.45225078452990525], [0.11317922857802117, 0.1030431302797852, 0.34305838706533237, 0.44071925397685857], [0.1137760442099672, 0.10522785031023293, 0.3239733841045314, 0.45702272127527827], [0.11389133309091701, 0.10369579966060939, 0.29539168512889397, 0.4870211820195962], [0.10446244966467415, 0.11654811052706669, 0.2883998603565981, 0.4905895793516464], [0.1187955226750088, 0.1264838152392058, 0.2849464714281242, 0.46977419055765957]], "ideal": "C", "sampled": "C", "correct": true}}
{"type": "result", "data": {"idx": 8, "options": ["v0^2/(2\u03bcg)", "v0^2/(\u03bcg)", "2v0^2/(\u03bcg)", "mv0^2/(\u03bcg)"], "probs": [[0.13575070173183013, 0.22021404625774477, 0.2575649545968848, 0.3864702973135481], [0.14066869461859313, 0.21440688073161565, 0.30231579072359055, 0.3426086338261842], [0.17076530011266605, 0.19968167988252797, 0.2951255059642327, 0.3344275139405934], [0.13512473375548692, 0.13938848212072705, 0.30928432574166903, 0.4162024582821368], [0.18582400587344264, 0.2580851881708502, 0.19789727017955236, 0.358193535676151], [0.13784206900163834, 0.16628058780554902, 0.1914276309707858, 0.5044497121220217], [0.09738773997594571, 0.15312420482175473, 0.40978789371296287, 0.3397001613893133], [0.09840809556069405, 0.15248530313470246, 0.38920276260647263, 0.35990383859812586], [0.06216060681337252, 0.07616208671149398, 0.5204236442777114, 0.3412536620974439], [0.0754026570272265, 0.09383583647416102, 0.24712918830385489, 0.58363231809474], [0.08642124070603474, 0.1199821672539719, 0.41229878204216014, 0.381297809897852], [0.08479908063919563, 0.14431507821253975, 0.18240527373920346, 0.5884805673090496], [0.0976206477408785, 0.39826231325380895, 0.16348128919954152, 0.3406357497057602], [0.09131593600381332, 0.31396275347489916, 0.28564205817138616, 0.309079252249908], [0.07905177965461707, 0.20509102723885278, 0.38307629324924647, 0.3327808997572841], [0.07986959155730539, 0.22395903511592252, 0.19159738346500851, 0.5045739897617338], [0.0885345275822929, 0.1172858933782464, 0.5172419898403235, 0.276937589099113], [0.10334544628589969, 0.160044710281687, 0.2944489481740939, 0.4421608951583202], [0.12262013503252144, 0.3439694850584333, 0.1840690925054302, 0.3493412873036285], [0.10950450854210549, 0.21447710056280725, 0.35912658060392927, 0.31689181019116464], [0.08806913327454893, 0.12224025256907278, 0.38251781545297897, 0.4071727986034179], [0.09070430864957453, 0.14270172150144086, 0.2109357091670678, 0.5556582605819236], [0.0737550015730266, 0.08620412134489967, 0.5982841623185946, 0.24175671466346108], [0.08930671935559571, 0.11646377969683668, 0.40016653346144004, 0.39406296738612867]], "ideal": "A", "sampled": "A", "correct": true}}
{"type": "result", "data": {"idx": 9, "options": ["0.5 s", "1 s", "2 s", "4 s"], "probs": [[0.20315620309398155, 0.29080475457223615, 0.24111701297706645, 0.26492202925670966], [0.211727779969664, 0.28473522749856317, 0.20512744080535483, 0.29840955162639965], [0.2289821825980013, 0.2677875525391489, 0.24764864966435843, 0.25558161509851013], [0.20886868567022715, 0.2993138358626171, 0.31860112302054033, 0.17321635534662125], [0.2257410135681627, 0.24026235137477495, 0.20559065602364696, 0.3284059789334098], [0.19861392391760674, 0.21813866718523475, 0.30761501460123536, 0.2756323941959296], [0.14321183830722012, 0.2634583523667684, 0.3127808374451344, 0.2805489717808708], [0.13405509489886122, 0.22793244251163974, 0.17751159872134067, 0.4605008637681522], [0.12287651431514983, 0.19935281405865332, 0.37843842103831593, 0.29933225048788115], [0.11469674493962405, 0.25050237826243255, 0.3371772210970098, 0.2976236556009335], [0.11036926734294725, 0.23721089952402422, 0.2160899306117464, 0.43632990242127623], [0.11472447361920383, 0.26252992568143496, 0.24665651235066235, 0.37608908824867493], [0.16356095295951245, 0.2342226585819209, 0.3151453466540992, 0.28707104170448616], [0.161383382674706, 0.26196065335248647, 0.30639510735353515, 0.2702608565192786], [0.16612413662884778, 0.179543240219682, 0.43085216848685226, 0.22348045456463653], [0.15407681939360784, 0.19472523071360695, 0.2578429099580764, 0.39335503983470277], [0.17932756898082436, 0.31469448773270203, 0.17102037350481838, 0.33495756968166196], [0.15189824818447137, 0.30207367501023175, 0.15189294242645465, 0.39413513427882446], [0.22171285939413019, 0.2323267028047678, 0.21828749105635667, 0.32767294664473984], [0.19509817489195042, 0.21425843936341402, 0.3022811609564537, 0.28836222468817635], [0.17869424468355805, 0.16270038140097845, 0.3087980907792426, 0.34980728303623937], [0.17898195109196333, 0.1734831711791988, 0.25637747656077897, 0.39115740106805325], [0.2058414215616439, 0.2124273818801094, 0.23696623560416097, 0.34476496085408026], [0.1781277045086922, 0.2082770708160608, 0.17262833048260348, 0.4409668940926379]], "ideal": "B", "sampled": "A", "correct": false}}
{"type": "result", "data": {"idx": 10, "options": ["The average kinetic energy of the hydrogen gas is greater than the nitrogen gas.", "The average force exerted on the container by the hydrogen gas is greater than the nitrogen gas.", "The density of the hydrogen gas is less than the nitrogen gas.", "The pressures of the gases cannot be compared without knowing the number of molecules in each container."], "probs": [[0.05816587740892466, 0.05297629692943686, 0.41672173914421906, 0.4721360864174324], [0.04441242084520364, 0.048775961833064395, 0.06879786835428817, 0.8380137488674355], [0.051493795623968455, 0.2515043224487018, 0.130512190591745, 0.5664896912355785], [0.07990391400646073, 0.3310737125179783, 0.21375519885972413, 0.37526717451584085], [0.0319294597157045, 0.02606769478932034, 0.07905594425021599, 0.8629469011447478], [0.08802760672435857, 0.0517649493551989, 0.4402373392749867, 0.4199701045454514], [0.047366080342525825, 0.16015848311556138, 0.3288547627812024, 0.46362067366071846], [0.03663018357853729, 0.15908975073245593, 0.08003183444236264, 0.7242482311466341], [0.04215642757006657, 0.22258307617281023, 0.2857026953240759, 0.4495578008330342], [0.03928934596235757, 0.1830364623953085, 0.076315071406703, 0.7013591201356119], [0.030600956214976733, 0.026387287794645747, 0.2837353817378635, 0.6592763741525061], [0.03302247853586859, 0.023987566362107016, 0.2310802265950032, 0.7119097284070279], [0.09022415663555568, 0.16078792706799463, 0.14198469085775556, 0.60700322533869], [0.13110803949486918, 0.23742674379112866, 0.23376235515984897, 0.39770286145416256], [0.0719006772948832, 0.055571799473361105, 0.3652224659571292, 0.5073050571746367], [0.05842441706173506, 0.04621337959510548, 0.06318379117733379, 0.8321784120658143], [0.12662232639401366, 0.04920712494325884, 0.4024409160108894, 0.42172963255182205], [0.044011142521754795, 0.022294946498815634, 0.0772140156003029, 0.8564798952791285], [0.01823817494083307, 0.06513575150872426, 0.08497297367332841, 0.8316530997771084], [0.029765333731928263, 0.11502498765249618, 0.40757992224050205, 0.44762975627505475], [0.01982756323316668, 0.045391195286901276, 0.3599453081713637, 0.5748359332085535], [0.01603642257658129, 0.0375631078337731, 0.3400417143062014, 0.6063587551834656], [0.02704236436348373, 0.1877586701825962, 0.2907875351412481, 0.4944114302126745], [0.012585762287336447, 0.08077611941626141, 0.07827072367022374, 0.8283673945261556]], "ideal": "D", "sampled": "C", "correct": false}}
{"type": "result", "data": {"idx": 11, "options": ["Move the boy to half his original distance from the fulcrum.", "Move the girl to double her original distance from the fulcrum.", "Allow a second girl of mass m to join the first.", "Move the fulcrum to half its original distance from the boy."], "probs": [[0.11992934362089577, 0.1539211732822291, 0.188586156277395, 0.5375633267194921], [0.12819181719467304, 0.14528146453818797, 0.1522397828197232, 0.5742869353474096], [0.12146286844334082, 0.11413544968543807, 0.2915021825035096, 0.4728994992677174], [0.12510924270342694, 0.12315355598893718, 0.19077155673842078, 0.5609656444692335], [0.13085428581477743, 0.09136388376481028, 0.26023657645851844, 0.5175452538619061], [0.12217991185792575, 0.12217734931977844, 0.20785914953359244, 0.5477835891887214], [0.18954397144176963, 0.09830936248410971, 0.20491739583808546, 0.5072292701360599], [0.21560586451946914, 0.10181874017201406, 0.18153985597974395, 0.5010355392287673], [0.20349502134077133, 0.16870060345613605, 0.1971423225917477, 0.43066205251135187], [0.22314856604664196, 0.17114189818800052, 0.24902167291660463, 0.35668786274875985], [0.21707100272812202, 0.1316077410941191, 0.14686813092329945, 0.5044531251544541], [0.23047255582016354, 0.1313472645530422, 0.28686316960303737, 0.3513170099237632], [0.17005732593194922, 0.08820079179106047, 0.29371768941606013, 0.4480241927609302], [0.15306913814294926, 0.08721353892174798, 0.1996939440671686, 0.5600233787681465], [0.1765167016584891, 0.18493578257136944, 0.18786539719986287, 0.45068211847028516], [0.18642735302127167, 0.19533535966977864, 0.2754227164593767, 0.3428145707495673], [0.15251485615441487, 0.11337650863347956, 0.16753098369854144, 0.56657765141354], [0.17424010779625698, 0.1107441503686483, 0.3631238425633805, 0.3518918991716958], [0.1208597558670453, 0.07269713546501254, 0.31349396537320806, 0.4929491431947339], [0.11800494934973062, 0.08497633961596716, 0.20706800252330032, 0.5899507084109893], [0.13319772840971142, 0.2096198617509638, 0.14637992529258378, 0.5108024844467348], [0.15016790788715367, 0.22890827046878934, 0.22536800878472107, 0.3955558127593296], [0.1416917942448983, 0.14620439283911343, 0.19367713026062047, 0.5184266825553984], [0.13770701239967242, 0.11957471400057881, 0.38014782497190625, 0.362570448527842]], "ideal": "D", "sampled": "B", "correct": false}}
{"type": "result", "data": {"idx": 12, "options": ["The high temperature water will rise to the top of the container until it has cooled and then mixes with the alcohol.", "The molecules of the water continue to have a higher kinetic energy than the molecules of the alcohol, but the two liquids mix until the energy is spread evenly throughout the container.", "The hot water produces thermal radiation that is absorbed by the cold alcohol until the kinetic energy of all the molecules is the same.", "The water molecules collide with the alcohol molecules, transferring energy until the average kinetic energy of both the water and alcohol molecules are the same."], "probs": [[0.002107855348752296, 0.03796308988042942, 0.033232394505573304, 0.9266966601652564], [0.004113761039360031, 0.041543692879690626, 0.8341405801650491, 0.12020196581588657], [0.002117504356796797, 0.0065768449232143705, 0.1695530420099858, 0.821752608610012], [0.0035024197845102607, 0.010460117010897201, 0.7743764500636429, 0.21166101304096013], [0.005858273420122942, 0.671549733526554, 0.21465382681054423, 0.10793816614276301], [0.005924709198695326, 0.5814700252825684, 0.07622406367236607, 0.33638120174639213], [0.01579519219899786, 0.005501552172435409, 0.03189317182444338, 0.9468100837041247], [0.01417552383485616, 0.00827006868667316, 0.8978505782417329, 0.0797038291367539], [0.011031899356347383, 0.010527916659505731, 0.01568466618334419, 0.9627555177008212], [0.02961102271793661, 0.024939413340180055, 0.8996017402179051, 0.0458478236239635], [0.0296253198046205, 0.8257913720598924, 0.05753472685672422, 0.0870485811787586], [0.05200990642794949, 0.8007968725061367, 0.09717245641570947, 0.0500207645502125], [0.005946945453907563, 0.003993690565602483, 0.1737999382469458, 0.816259425633568], [0.005877020100250525, 0.004987547079123352, 0.8063504557474455, 0.18278497697316132], [0.007138634954475123, 0.03378663799072955, 0.023958788380544875, 0.9351159385742492], [0.02186968822773668, 0.051641379976049374, 0.8735971502035939, 0.05289178149261882], [0.016572330567475847, 0.519500983774121, 0.05306772740684684, 0.41085895815157225], [0.029432731064110148, 0.6144582658311304, 0.2947767135546159, 0.061332289450120626], [0.27251816571840576, 0.025946926578625355, 0.5767575738736564, 0.12477733372930318], [0.35890127733719124, 0.025012195610058453, 0.09363059734470382, 0.5224559296080545], [0.7499481833657698, 0.1302482963574347, 0.05431823531147259, 0.06548528486534154], [0.7430667516061246, 0.1291417981469786, 0.09080868331074798, 0.03698276683617493], [0.38765751959818007, 0.053281141771478684, 0.06133399772928344, 0.4977273408010804], [0.42559388008474014, 0.06037462654550623, 0.45317185982708813, 0.0608596334426647]], "ideal": "D", "sampled": "D", "correct": true}}
{"type": "result", "data": {"idx": 13, "options": ["4 s", "2 s", "0.06 s", "0.03 s"], "probs": [[0.17910572401706273, 0.21950899373205845, 0.18483634563803875, 0.416548936512835], [0.19585536928059147, 0.2219773830918645, 0.22197732347679067, 0.36018992405073585], [0.19961592420491622, 0.16286239870067074, 0.24075055058646377, 0.39677112640794426], [0.1911685112891921, 0.16088961191810122, 0.2736799305644174, 0.3742619461282964], [0.20794346459060298, 0.198412420663338, 0.2507919982069784, 0.3428521164390635], [0.22315265328966938, 0.2095941569716618, 0.21618491967583137, 0.35106826996284496], [0.16748726516056014, 0.2678207652855821, 0.18115173527208414, 0.38354023418178074], [0.17934994408787688, 0.24893060713607076, 0.20961983247887508, 0.362099616197172], [0.16526942830275626, 0.21567125810318666, 0.25216516469738687, 0.36689414879668897], [0.16227839166478683, 0.19572652520860115, 0.29841068737704673, 0.3435843956495483], [0.17971653037237317, 0.26150527189534273, 0.20693356608502914, 0.35184463154724965], [0.1831360585743519, 0.2624818241802536, 0.22793145430176606, 0.3264506628436238], [0.16581834885294694, 0.26080514238936375, 0.2488379595913695, 0.32453854906630286], [0.188017826481468, 0.26101710188365435, 0.19399212175758473, 0.3569729497772879], [0.19226805562647592, 0.26684426437640263, 0.29784871194558404, 0.24303896795154428], [0.21551485882512442, 0.25982766339223434, 0.1962132856664548, 0.32844419201616953], [0.20620929219655412, 0.23354873272281465, 0.1439377845094175, 0.4163041904712081], [0.24051713616845286, 0.25222650659035195, 0.16273873649281878, 0.3445176206483715], [0.21924546706014875, 0.23705941046184265, 0.2485329724972224, 0.29516214988079376], [0.23950925215778968, 0.22497485615483856, 0.2181377627963224, 0.31737812879105687], [0.26511168704564503, 0.21298592837063957, 0.2568022585065124, 0.2651001259772223], [0.27246868414631376, 0.19311527127108025, 0.2258277365142494, 0.3085883079683642], [0.2617588993801317, 0.22744408810104744, 0.1587096754806591, 0.3520873369381569], [0.27665426512923297, 0.22939725274540382, 0.1704298381871248, 0.3235186438382338]], "ideal": "B", "sampled": "D", "correct": false}}
{"type": "result", "data": {"idx": 14, "options": ["10 N/kg", "4 N/kg", "2 N/kg", "0.5 N/kg"], "probs": [[0.10760256361808467, 0.23509470572773283, 0.20421214419979503, 0.45309058635440014], [0.12001388389381984, 0.24246210073373425, 0.32621110579257917, 0.311312909479861], [0.12990277190993987, 0.24649134391543986, 0.2043709597378482, 0.4192349243367662], [0.1367062635270833, 0.20517652623502355, 0.4144981947236897, 0.24361901541422223], [0.12421857829884486, 0.2588054685386473, 0.28444062390370517, 0.332535329158803], [0.13794388972678964, 0.3156742968379309, 0.24975530923658398, 0.29662650409870206], [0.15869616744421142, 0.18554952150474738, 0.1513679741081854, 0.5043863368428626], [0.17753825121724282, 0.19804826370751977, 0.22442004266787283, 0.3999934423073472], [0.14868605061060794, 0.23755062497505441, 0.1557624646768555, 0.45800085963748843], [0.1555407237311499, 0.21926614613130202, 0.45708404778951517, 0.1681090822480272], [0.15784161373882974, 0.3042001898218037, 0.1654053062261084, 0.37255289011326465], [0.1539542185407753, 0.3013063747528722, 0.32083842456913536, 0.2239009820372115], [0.14345461223382647, 0.17311889979768133, 0.2055920420069913, 0.47783444586149504], [0.1579444314273652, 0.18174238986325567, 0.28145956565892416, 0.3788536129504739], [0.1694382927966843, 0.16174549775395178, 0.24279818145981397, 0.4260180278895564], [0.18510818460309253, 0.15116242190109003, 0.41074261985432037, 0.2529867735414796], [0.1364958475531508, 0.32230569897400174, 0.15224066395444438, 0.3889577894183969], [0.14589659491926774, 0.3611274470113102, 0.20266146675196134, 0.2903144912174549], [0.1777500709711031, 0.11298580292834434, 0.32692303562577824, 0.38234109037477465], [0.18669558879716874, 0.12051608222029485, 0.3653217143602985, 0.3274666145222201], [0.2189037472494101, 0.17311907727225148, 0.29446808157655874, 0.3135090938017743], [0.2206394752985763, 0.15641288511333584, 0.3260055287879102, 0.29694211070016013], [0.2222001076654288, 0.18715864410876845, 0.272248756656087, 0.31839249146971027], [0.24283179757223136, 0.19509430914689033, 0.23537962334064236, 0.32669426984023053]], "ideal": "B", "sampled": "D", "correct": false}}
{"type": "result", "data": {"idx": 15, "options": ["\u03c3/2\u03b5o, down", "\u03c3/2\u03b5o, up", "\u03c3/\u03b5o, down", "\u03c3/\u03b5o, up"], "probs": [[0.16223868966106766, 0.14319084810544427, 0.1867659966607218, 0.5078044654727726], [0.185554601660089, 0.15381088394005, 0.17162942253738359, 0.48900509176248397], [0.14771176088331142, 0.15002672207897574, 0.1866442455585426, 0.5156172713791763], [0.1640689099032195, 0.15893754713608313, 0.19482287543421786, 0.48217066742648534], [0.2070641528823289, 0.12367438570808871, 0.22390179607911595, 0.44535966523046083], [0.170671630204454, 0.1137174489371223, 0.31886367603655474, 0.39674724472186895], [0.1252506361960742, 0.2734394099916216, 0.17114133478541943, 0.43016861892689123], [0.11273130862510297, 0.27049387498027705, 0.16392942592679283, 0.45284539036783994], [0.1341617381060846, 0.22131481841178363, 0.2797821658459685, 0.3647412775361696], [0.12770722795066994, 0.23489389489829957, 0.17738872107107095, 0.46001015597995376], [0.1293105390787586, 0.12149227221722399, 0.3570175539690245, 0.39217963463497474], [0.12348754396255714, 0.13770637999688906, 0.2871247984028715, 0.4516812775376821], [0.12275475976289021, 0.17579336140871224, 0.29908802191039824, 0.4023638568179989], [0.12883755460319615, 0.20918450512733527, 0.1603362827835723, 0.5016416573858656], [0.15357120973518015, 0.1376973121470566, 0.4514104462020119, 0.25732103181575744], [0.16765009516844528, 0.15274924094427317, 0.15506620040169228, 0.524534463385571], [0.08794552419364404, 0.10612945092573041, 0.19516608581202502, 0.610758938968618], [0.10627389120908627, 0.12037115626279576, 0.16199692388309042, 0.6113580285450267], [0.12734090030903478, 0.3100972675950687, 0.2571087375373164, 0.3054530944585746], [0.13222420418050929, 0.3122951676837939, 0.15455878779288507, 0.4009218402428058], [0.09634202910063239, 0.12369005490032405, 0.4593368780816881, 0.32063103781733676], [0.13269742967102388, 0.16003662580273215, 0.22216611807966008, 0.48509982634659055], [0.10309968478013608, 0.1925186323802942, 0.180918648999351, 0.523463033740218], [0.09203478160868059, 0.1888221761558047, 0.16404220127949176, 0.555100840856041]], "ideal": "A", "sampled": "A", "correct": true}}
