{"type": "result", "data": {"idx": 0, "options": ["ADD.", "AIDA.", "PESTLE.", "SWOT."], "probs": [[0.007996099410578533, 0.9764103654711295, 0.007339108614414874, 0.008254426403900027], [0.007479272226092434, 0.9791017528859459, 0.0070242977692014765, 0.00639467701875746], [0.011479213151228646, 0.0022268428727712183, 0.978280636116402, 0.008013307759578703], [0.004971718063634346, 0.0009195473268258731, 0.0014812048553764614, 0.9926275296541734], [0.004941800440037992, 0.0010284886711427134, 0.9869483749440379, 0.007081335844774599], [0.005170989454536555, 0.0006888373829856762, 0.0013488241867601145, 0.992791348875711], [0.9819244809570009, 0.008234197791566322, 0.003626487032751546, 0.006214834118692147], [0.9831766653031141, 0.008183164872832464, 0.0035187465878350104, 0.0051214231362019125], [0.982196560625924, 0.004919911051465005, 0.008838408451290455, 0.0040451197713031505], [0.985929180833839, 0.00409498617916861, 0.003584893581737275, 0.006390939305255896], [0.9843982345523572, 0.004121393087786814, 0.007874875956908561, 0.00360549630295532], [0.9867345290459603, 0.0035316187500145217, 0.0037292897600006538, 0.006004562344043622], [0.004757038438585561, 0.007144555914182225, 0.9729787725393725, 0.0151196330078825], [0.0029694505896405224, 0.001963596821277076, 0.0021389296764665554, 0.9929280228125955], [0.006964278038952811, 0.9337269660873742, 0.040383489805445004, 0.018925265968221024], [0.0073214033177996015, 0.9442476223937634, 0.017837573722522152, 0.03059340046593295], [0.002184237650844806, 0.00090315670421247, 0.006366134459469675, 0.9905464710854964], [0.0037520256775394373, 0.002422411038276709, 0.9773936906209969, 0.016431872563208355], [0.0025545826657142013, 0.004017503071909928, 0.9834023349598476, 0.01002557920253344], [0.0033940963734266283, 0.0015176257713556984, 0.0014821644403017933, 0.9936061133149255], [0.0032033688652086437, 0.9604399320889525, 0.024995670073632202, 0.01136102887221482], [0.0035074771889461493, 0.9645616516929181, 0.01158508305686452, 0.020345787961258195], [0.0017976269962719973, 0.0006984015747553628, 0.006623965772176162, 0.9908800055567859], [0.00355838879781857, 0.0021253889470973356, 0.9786127706899918, 0.01570345146508925]], "ideal": "B", "sampled": "B", "correct": true}}
{"type": "result", "data": {"idx": 1, "options": ["The realm of understanding.", "Personal selling.", "Noise.", "Feedback."], "probs": [[0.10697856413994616, 0.022432885008754986, 0.015906437905552413, 0.8546821128457495], [0.2855806537697996, 0.03155799031625446, 0.6536813918589608, 0.02917996395496089], [0.19038881325590992, 0.01730330000729402, 0.02743172661020699, 0.7648761600265862], [0.27991533251386913, 0.01877194276843335, 0.6310900183583572, 0.07022270625933998], [0.8313405846483901, 0.09113740847290543, 0.04995077811205521, 0.027571228666642415], [0.8566623966448326, 0.07037003020236962, 0.020304497127012277, 0.052663075925793466], [0.012299165533021482, 0.5608090472184317, 0.022975627980816357, 0.4039161591677325], [0.010444596508221743, 0.6071930845047979, 0.35117632969407736, 0.03118598919291594], [0.002086236097808214, 0.004847860366452561, 0.35332282871655524, 0.6397430747192004], [0.0006914736642180465, 0.0021471857383242453, 0.8862539826042266, 0.11090735789324836], [0.010513457078584771, 0.18918685829681478, 0.7721795036223859, 0.02812018090222113], [0.008640578846042078, 0.08866036817021761, 0.02121673401069486, 0.8814823188730545], [0.0026478775283661628, 0.02652169064068539, 0.028681704006218917, 0.9421487277247295], [0.0016548327676807562, 0.011132560107482342, 0.9118113650645138, 0.07540124196033572], [0.0008686681194057882, 0.005321307380745254, 0.6543947031568129, 0.33941532124305096], [0.0004132378959244205, 0.0022871751807461396, 0.788359186157255, 0.20894040066606034], [0.0023197049893119662, 0.20711887513124955, 0.7008130021490409, 0.08974841763041508], [0.0014765435526712515, 0.04348137614378031, 0.02555403913687639, 0.9294880410666628], [0.7853521311996243, 0.15233670943293212, 0.04002399757526054, 0.022287161692189823], [0.7836562198561186, 0.1497051889243922, 0.016920799192574536, 0.04971779192689426], [0.4518021866787352, 0.031731284277074896, 0.4959952498359494, 0.02047127910824343], [0.2952498745941827, 0.030644803088505743, 0.01917282759676942, 0.6549324946205438], [0.49081603598295653, 0.021409632341918148, 0.4197610486562309, 0.06801328291890943], [0.34292236132868525, 0.019670235201956723, 0.035601196583138754, 0.6018062067862023]], "ideal": "A", "sampled": "D", "correct": false}}
{"type": "result", "data": {"idx": 2, "options": ["In the late 1800s.", "In the early 1900s.", "In the 1920s.", "After the end of the Second World War."], "probs": [[0.0466163109527716, 0.09128138785303776, 0.24812507449527335, 0.6139772265988981], [0.07974250060772815, 0.09922432897088238, 0.699467975472616, 0.12156519484875124], [0.08165448625796062, 0.12254745397338788, 0.22896854942178183, 0.5668295102468991], [0.06061011853605836, 0.07782456051747273, 0.7270436461448467, 0.13452167470163692], [0.17165107326209134, 0.2829980333077788, 0.23452286985756518, 0.3108280234725703], [0.1864232712537458, 0.30277534186379207, 0.18361412930051202, 0.3271872574819552], [0.062169317602827, 0.08497230332508642, 0.1945922289171619, 0.6582661500549316], [0.09695462682380067, 0.09848617805475453, 0.6520468334134181, 0.15251236160801057], [0.07757003831496011, 0.12792790966216136, 0.2388692206562024, 0.5556328312666997], [0.048768831567664185, 0.06610555626642332, 0.7451106163711823, 0.14001499569474368], [0.15470069577964976, 0.31746633696670834, 0.2433411804042738, 0.2844917867493612], [0.15321697431483974, 0.304729396774884, 0.23733007301171682, 0.3047235557985642], [0.08270743996327093, 0.09522510853782884, 0.3073839016997708, 0.5146835496991405], [0.06856151613501095, 0.0644118869893064, 0.6920572442115005, 0.17496935256417182], [0.0834048482793022, 0.08084497558223792, 0.3248195810769757, 0.5109305949614642], [0.05306109965041902, 0.043658887109344735, 0.7209623683034097, 0.1823176448368031], [0.123551785263864, 0.37480620733440156, 0.20058225399889754, 0.30105975330284296], [0.11794893833629089, 0.3689910624125763, 0.1975547554942422, 0.3155052436568838], [0.18424859619923728, 0.14347445597249497, 0.3387019387621174, 0.3335750089661426], [0.1994129886548806, 0.1436137658018362, 0.3668302115399235, 0.2901430339033392], [0.2398647545110769, 0.15247373145662005, 0.3227509326765802, 0.28491058125574037], [0.1887547634419017, 0.1219158059154213, 0.40583171815280167, 0.28349771238987204], [0.22017130312658048, 0.16364237295986958, 0.3008871108837787, 0.31529921292975144], [0.22780760638654118, 0.161526276520504, 0.279083283274265, 0.33158283371869374]], "ideal": "C", "sampled": "D", "correct": false}}
{"type": "result", "data": {"idx": 3, "options": ["The level of tangibility associated with the type of product.", "Performance-value.", "Variations in supply and demand.", "The way in which the service is delivered."], "probs": [[0.09259358699135961, 0.08978627049453765, 0.6684486744767723, 0.14917146793734123], [0.06525257954965791, 0.07990485203705917, 0.11994256790996168, 0.7349000004033264], [0.16115425140776507, 0.23074531985997013, 0.4311989994465393, 0.1769014291857245], [0.10780307178013149, 0.2546761592273963, 0.21779694211076475, 0.41972382678170883], [0.026063557789069984, 0.04608440520045123, 0.1895764124856782, 0.7382756244248115], [0.020605461966034886, 0.04499496436457377, 0.7550381196058918, 0.17936145396348901], [0.04557782740370863, 0.07344838828115927, 0.7829225940241679, 0.09805119019094621], [0.03903016466920527, 0.08459227301485757, 0.1103431211566452, 0.7660344410593113], [0.07937312954571983, 0.21564568465799877, 0.6046688343203148, 0.10031235137594585], [0.0411444690117658, 0.27030292125184663, 0.13380490938215658, 0.5547477002542293], [0.015720085728852026, 0.03406512326447799, 0.22745368048907996, 0.7227611104175846], [0.011407613024970646, 0.02737701964094562, 0.6528528061449422, 0.3083625610891477], [0.27714963856921726, 0.2028005950677269, 0.3970409881430583, 0.12300877811999027], [0.19702157116011632, 0.2231524767055652, 0.18798644869802644, 0.39183950333630574], [0.23599186043715012, 0.13661737041256347, 0.5234951737497249, 0.10389559530055945], [0.1787562413032295, 0.11911365876888166, 0.10677694892264941, 0.5953531509052256], [0.14173531423492192, 0.08466372915438118, 0.5434845967656257, 0.23011635974507566], [0.1391371629599291, 0.06621384237763803, 0.2088236976375784, 0.5858252969248835], [0.006221795903209344, 0.03903121529035464, 0.1950531585413019, 0.7596938301651529], [0.004318700346344369, 0.0334181371316052, 0.8100420271478433, 0.1522211352742185], [0.007160283716982117, 0.03552192252884242, 0.2210531327741029, 0.7362646608800903], [0.004970737354744425, 0.028822672642670095, 0.6259082729923509, 0.3402983169102548], [0.011981281303252175, 0.12484232841184119, 0.5772399526394585, 0.2859364375454419], [0.011149162336432417, 0.11348601945623138, 0.28983589966098044, 0.5855289184463515]], "ideal": "B", "sampled": "C", "correct": false}}
{"type": "result", "data": {"idx": 4, "options": ["found guilty under the Sherman Antitrust Act and face prison time", "found guilty under the Magnuson-Moss Warranty Act and face large fines", "found guilty under the Adamson Act and face prison time and fines", "found not guilty because retailers are allowed to set their own price levels"], "probs": [[0.10503850247622551, 0.017410400481927844, 0.07683989681048005, 0.8007112001313836], [0.17967733804098576, 0.022491273699157776, 0.6888932496766491, 0.10893813848322752], [0.14050730853868862, 0.08386579388603485, 0.02809279620525298, 0.7475341012700352], [0.2129213689874351, 0.054666436349703744, 0.6870869636211107, 0.045325230941750914], [0.2722740959983415, 0.36628073697756297, 0.033027614037320935, 0.32841755288677166], [0.2676005208238346, 0.4209185236010911, 0.2553852179542987, 0.05609573752078449], [0.024904488578276405, 0.1433136165627642, 0.09253113872192595, 0.7392507560370418], [0.037583569151717865, 0.12229752472271112, 0.6926068639379859, 0.1475120420875614], [0.025859393773051107, 0.03120098677918787, 0.1633877959752742, 0.7795518233724611], [0.014755751206499051, 0.01808086501643728, 0.5326501826349278, 0.43451320104215707], [0.032815575818037575, 0.3286639686161633, 0.3784724657871452, 0.26004798967864967], [0.02010746278849511, 0.27306703003582966, 0.11039992472124023, 0.5964255823544047], [0.14357359617281895, 0.14821302784882906, 0.03384881381770851, 0.6743645620606451], [0.2285833358489983, 0.10885998617197709, 0.6212538277725916, 0.04130285010641873], [0.12173542102390027, 0.018956857210774974, 0.29669622188631756, 0.5626114997789955], [0.14017862251087446, 0.0146536759361179, 0.39291912265728074, 0.4522485787957139], [0.2785529622168958, 0.23814841979827545, 0.44503116872955945, 0.038267449155290255], [0.20716007180479576, 0.1744427673754562, 0.018830864704554518, 0.5995662960152108], [0.0235064879223233, 0.7086346478605647, 0.019033109567133357, 0.2488257545499668], [0.022723752307421113, 0.8266517937972534, 0.12097551048949476, 0.029648943305839854], [0.03186703813981623, 0.015292106070692648, 0.8154991987631547, 0.13734165692633526], [0.03253791065807794, 0.012346586283970583, 0.25978457021893514, 0.6953309327390209], [0.03582767761078327, 0.7659985158856439, 0.1735638311265129, 0.024609975277083827], [0.025900765713983094, 0.36600865955944917, 0.014300755081680805, 0.593789819544887]], "ideal": "A", "sampled": "D", "correct": false}}
{"type": "result", "data": {"idx": 5, "options": ["A composite analysis of all environmental factors inside and outside the firm.", "A series of business decisions that aid in selling a product.", "The relationship between a firm's marketing strengths and its business weaknesses.", "A blending of four strategic elements to satisfy specific target markets."], "probs": [[0.00047113405448786437, 0.0009084155924736279, 0.002588287124389497, 0.9960321631286576], [0.0006279648141235741, 0.0016811675209768714, 0.9944260821909066, 0.0032647853740167252], [0.00029383133041431666, 0.00040471107774047387, 0.006955617697858078, 0.9923458397939735], [0.0003779603065600753, 0.0007397078385760187, 0.9785715400215457, 0.02031079173331632], [0.0014726945361613725, 0.9492134651572943, 0.04171857712341422, 0.007595263083135228], [0.0016187523981940274, 0.913628073574209, 0.01205582508150528, 0.0726973488460911], [0.0009078465977907568, 0.0010203590289729117, 0.0026261640981648333, 0.9954456301750902], [0.002034096437752014, 0.0031750004363821113, 0.9895136034985023, 0.005277299527341672], [0.0007882249466626653, 0.000643285957528868, 0.003560838676708573, 0.9950076503191133], [0.0009412478961766236, 0.0012759734063269301, 0.9924926615043063, 0.005290117093212244], [0.002353997277502686, 0.9794574594635759, 0.013435491461818124, 0.004753051697112165], [0.0020356025094688405, 0.98249033733158, 0.008370462370200265, 0.007103597688748749], [0.00016910575539643989, 0.00040872688218307663, 0.005219031591556605, 0.9942031356708595], [0.00022863018680465926, 0.0008166300648892367, 0.9758167685762832, 0.023137971072002588], [0.00024441839802364593, 0.000747201525487064, 0.002977303358515297, 0.9960310766179823], [0.0002680101701754536, 0.0011920701409493936, 0.9945385998611997, 0.004001319727687298], [0.0006744125264225484, 0.9565686080426536, 0.011765354506465093, 0.0309916248244608], [0.0006162817354077641, 0.9605378215056686, 0.02833906498708216, 0.010506831671836768], [0.9791775158039505, 0.006704708138211112, 0.011492618703790519, 0.0026251572540368522], [0.9666432812417295, 0.00830090761727103, 0.004993153936200236, 0.020062657104822888], [0.9643022330067657, 0.026109198894977075, 0.006347899959823153, 0.00324066803844814], [0.9591929498284463, 0.03132083284013534, 0.004373063222511065, 0.005113154008893939], [0.9721251870843756, 0.005101029478792915, 0.005516306475302234, 0.017257476861540926], [0.972795198930654, 0.004540968682306699, 0.018527848459180783, 0.004135983827850856]], "ideal": "D", "sampled": "D", "correct": true}}
{"type": "result", "data": {"idx": 6, "options": ["Gatekeepers.", "Buyers.", "Users.", "Initiators."], "probs": [[0.9487766948396503, 0.015217116226451154, 0.012810981841612865, 0.023195206992289993], [0.9493158327304174, 0.014874549630502259, 0.012231782666033093, 0.023577834873046568], [0.9550086542982552, 0.014963245344904934, 0.00958228873040387, 0.020445811526452078], [0.9521589145202805, 0.015750507938017067, 0.011704155954909368, 0.020386421486801157], [0.9554676266226205, 0.014398328914958534, 0.00852931043819344, 0.02160473392424698], [0.9442373463410674, 0.017976805074169117, 0.014334794863675067, 0.023451053621108393], [0.0022300496340396, 0.9574591556879675, 0.016722362781832395, 0.02358843179617922], [0.002196062761902395, 0.9502698409827719, 0.021821339808282866, 0.025712756347048792], [0.0008457194163314813, 0.0022111846435312775, 0.9795468697686627, 0.017396226071475895], [0.0005128315802628886, 0.0006478060859261273, 0.004937658351608109, 0.9939017038821809], [0.0013374579964435846, 0.003334823966889993, 0.9765890016228631, 0.018738716313808513], [0.0006477683942982327, 0.0010932656527733564, 0.004899217944065651, 0.9933597479088466], [0.004720908258568856, 0.9650894934638165, 0.013446478229588795, 0.016743119948012346], [0.00413956143717834, 0.9667332725304996, 0.015868149993526787, 0.013259015938813599], [0.0013440400416743642, 0.0023235229294412216, 0.9818828741307379, 0.014449562798158682], [0.0013905096005034936, 0.0010252572394060817, 0.005046370482194117, 0.992537862577914], [0.0034396034148245695, 0.00462791565255176, 0.9760330907538526, 0.015899390078783285], [0.001760906854336529, 0.0014480302691895369, 0.0030655229372308357, 0.9937255398392393], [0.036141257099708134, 0.8824588122212205, 0.03314588622826092, 0.048254044350814526], [0.03949549757476472, 0.8779829676215427, 0.049530716553331695, 0.032990818150373365], [0.003289308789442064, 0.004094335599448488, 0.9781113292806419, 0.014505026230466707], [0.003299130614754378, 0.0019863700636621752, 0.005700850485839777, 0.9890136487357234], [0.005242203933789801, 0.005451865868500326, 0.9760235068314155, 0.013282423266307415], [0.0029413179239676577, 0.0017701305867343555, 0.0036886560681212103, 0.9915998953211907]], "ideal": "A", "sampled": "A", "correct": true}}
{"type": "result", "data": {"idx": 7, "options": ["Motive development.", "An attitude.", "A self-concept.", "Product evaluation."], "probs": [[0.3894952807263789, 0.16240914774979265, 0.23625428460155443, 0.21184128682227008], [0.3736222115044157, 0.12919441893085934, 0.08669016694221839, 0.4104932025225008], [0.32505475373945003, 0.08481463596984248, 0.4803550499963695, 0.10977556019432534], [0.2771536136114441, 0.07753847147099475, 0.1027398411446714, 0.5425680736728891], [0.30228462063608014, 0.06288085950840534, 0.19508762747008537, 0.4397468922854329], [0.21229224839952623, 0.04380055132789758, 0.11010965557467892, 0.63379754459791], [0.06094956513916541, 0.15565054916047158, 0.5605075116347197, 0.22289237396566455], [0.07406900230717538, 0.11742614718266084, 0.1383537989288757, 0.6701510514812693], [0.05548482540348383, 0.14173101751253223, 0.5692785347701368, 0.23350562221387156], [0.07985012095266569, 0.222211964422722, 0.18128971091539098, 0.5166482036092296], [0.03275317863339702, 0.06312400015556338, 0.39577989262084917, 0.5083429284901971], [0.040540129740764576, 0.09066437176045598, 0.3938592586141026, 0.47493623978467514], [0.2551643441690936, 0.12441797141006974, 0.5156677089019329, 0.1047499754189094], [0.18631903416515594, 0.08803872896142066, 0.09517017386732282, 0.6304720629060999], [0.2395633015948168, 0.21466725937830547, 0.33771231006244395, 0.2080571288644296], [0.29718920312373015, 0.22785264574776168, 0.13821222968933822, 0.3367459213391652], [0.09255874911605835, 0.07729823198830064, 0.23625716846020464, 0.5938858503354293], [0.19976001664652548, 0.12601920640316633, 0.34504173030136004, 0.32917904654894187], [0.04847556479075661, 0.08052689498383, 0.4253614306374836, 0.445636109487924], [0.046723198309045005, 0.058594689251537845, 0.2546105745377587, 0.6400715378016812], [0.06168738998816528, 0.1057319139418486, 0.335960009295226, 0.49662068667476544], [0.07221533319872889, 0.13917949172568064, 0.42188719732600555, 0.3667179776495939], [0.040478053278527236, 0.05363376928483683, 0.4705210250537965, 0.43536715228283834], [0.0733754722074933, 0.08576812965862887, 0.5014816154199969, 0.3393747826138895]], "ideal": "A", "sampled": "B", "correct": false}}
{"type": "result", "data": {"idx": 8, "options": ["Promotion.", "Product.", "Target market.", "Pricing."], "probs": [[0.024390664111364143, 0.0489016308105513, 0.8331810274712661, 0.09352667750680149], [0.04923506646560194, 0.12471808934841597, 0.20242247924828866, 0.6236243648376845], [0.02553729504366603, 0.5675456245702791, 0.3184511298129423, 0.0884659504730888], [0.03496932003170975, 0.610237698902898, 0.20760333964700606, 0.14718964131841059], [0.04715657811953446, 0.09827877404026092, 0.29787708608455865, 0.5566875616556429], [0.0188429784551367, 0.030345737062552693, 0.84652041677707, 0.10429086760526371], [0.038359642044751986, 0.03082138878336725, 0.7948441083567571, 0.13597486071513712], [0.0533943398501538, 0.061453091169171706, 0.17644545689632093, 0.7087071119843289], [0.1027075504538815, 0.5135749366934206, 0.19490990521982285, 0.18880760753289888], [0.10484356968080498, 0.5667865930868771, 0.22188269370823946, 0.10648714342410169], [0.04227590865550727, 0.06971553078398382, 0.11494734689956683, 0.7730612135609322], [0.06539157077673424, 0.06337544991843186, 0.7599923661377636, 0.11124061306704408], [0.14779537043537488, 0.28045032503340006, 0.41444472128093723, 0.1573095831503185], [0.17983595027939886, 0.3633252249316137, 0.24978361099140592, 0.2070552136975773], [0.2688018369987261, 0.209231175225721, 0.27734030130087284, 0.24462668637468724], [0.30643696465093073, 0.22769042863730402, 0.32108030227657325, 0.14479230433518608], [0.2539720616933708, 0.33650817682433776, 0.1746018280576332, 0.23491793332464195], [0.23111149231606118, 0.29227220976234886, 0.3469622696530669, 0.12965402816851693], [0.04169079341703057, 0.044711468051149686, 0.25147211693671045, 0.6621256214951122], [0.019135857541940318, 0.01599178427205077, 0.8529972160632033, 0.11187514202281357], [0.037147960983173474, 0.07441609657001953, 0.13686224227631583, 0.7515737000704815], [0.04200621916480877, 0.05265892189335487, 0.836650767904634, 0.06868409093717905], [0.0493489497610074, 0.660132324562022, 0.1362268289918531, 0.15429189658512663], [0.042178252610775756, 0.6103482560597316, 0.2795409407748365, 0.06793255045466108]], "ideal": "C", "sampled": "C", "correct": true}}
{"type": "result", "data": {"idx": 9, "options": ["Classical conditioning.", "Operant conditioning.", "Social learning.", "Behavioural learning."], "probs": [[0.05635758883234756, 0.0788881527595036, 0.5602198817462911, 0.3045343765618392], [0.030207344672083088, 0.04499765687363377, 0.1521389235937649, 0.7726560747605028], [0.07222221360518648, 0.3286838155539896, 0.17056043485216285, 0.4285335358886581], [0.04859338955609579, 0.1848477005804562, 0.160540306810761, 0.6060186029526874], [0.022645351083696353, 0.04538176654668152, 0.12731616704940318, 0.8046567152202315], [0.04153928676377331, 0.07880472388065642, 0.3615793974683969, 0.5180765917871814], [0.13443747027073474, 0.13444235832942147, 0.3711747959877665, 0.3599453753120675], [0.0649489806101152, 0.06855168461353223, 0.14624843344656752, 0.7202509012297911], [0.11281745885387894, 0.3699535515671205, 0.07111880872618302, 0.44611018075281567], [0.11905198615697085, 0.42540318069607885, 0.23137332018254522, 0.22417151286439657], [0.042484832460758244, 0.060858715362779425, 0.056307814161781544, 0.8403486379146881], [0.08778472436997624, 0.13918612114224638, 0.5767173763325342, 0.19631177805524308], [0.2581546608437241, 0.0806638112219025, 0.11460454935105968, 0.5465769784832908], [0.14640284127224445, 0.05690347275908995, 0.16080575933891678, 0.6358879265297352], [0.20871906821471076, 0.09337982103759734, 0.06469012444311237, 0.633210986204605], [0.22708179900126266, 0.13344766196740512, 0.38626979776751263, 0.25320074116382046], [0.2563743194084208, 0.21585184312395417, 0.05631064060429359, 0.47146319676333576], [0.29719273001068663, 0.2044057373180146, 0.166785391773844, 0.33161614079744417], [0.04550871777305645, 0.04621139471045437, 0.07617956175538414, 0.8321003256611054], [0.09070785343264057, 0.08454496412226774, 0.3642750893707964, 0.4604720929743], [0.036224555073955944, 0.04470878332884226, 0.04168537227521953, 0.8773812892219972], [0.08843900048835478, 0.1228031146125, 0.6044437377252941, 0.1843141470738681], [0.07912693895500071, 0.3602177978560277, 0.05271902204313347, 0.5079362410458238], [0.11892879566086449, 0.38974959697507694, 0.15262230124862855, 0.3386993060154192]], "ideal": "A", "sampled": "C", "correct": false}}
{"type": "result", "data": {"idx": 10, "options": ["To break down large markets into smaller markets.", "To provide an opportunity to surpass competitors.", "By grouping together customers with similar needs, it provides a commercially viable method of serving these customers.", "To allow the achievement of greater market share."], "probs": [[0.0037562811019603306, 0.0029477924418886887, 0.9482526137871121, 0.045043312569059565], [0.001012391512240088, 0.0009294662623563311, 0.0031428133165865603, 0.9949153288087987], [0.00807652431744316, 0.9408156145791988, 0.011664242601344093, 0.03944361840199582], [0.008831519025038781, 0.9436656549378705, 0.024958596663670476, 0.022544229273411924], [0.001137996378918214, 0.0013946191810979378, 0.0023902393699540615, 0.9950771449700433], [0.0038755882228791888, 0.005015046330705624, 0.970488660819403, 0.02062070452700204], [0.0009542309493056578, 0.004846854247160319, 0.9523506213946829, 0.041848293308849024], [0.00042172827521435614, 0.0014606998422795473, 0.003817669132774368, 0.9942999026497257], [0.0036398997101393937, 0.6668131973328588, 0.20993275679915066, 0.11961414605783569], [0.0027443839969864044, 0.5392526190624104, 0.03138379542270528, 0.4266192014178911], [0.00037685537046425036, 0.0011429034610188939, 0.00722229639128846, 0.9912579446772349], [0.0007322265371227906, 0.0028065008984504516, 0.8886757026358755, 0.10778556982856982], [0.9479503572451418, 0.020797433535290573, 0.005381646396539928, 0.025870562723026555], [0.937711339445061, 0.026004646822203274, 0.015403224617582775, 0.02088078901514935], [0.815117330463733, 0.019179668175320633, 0.07351549484399, 0.09218750641695558], [0.5582367835942431, 0.01823179338855038, 0.015227564066270814, 0.4083038588509325], [0.8639442307508085, 0.023208759384028065, 0.0875560143982145, 0.02529099536694857], [0.7627305430482856, 0.02303661251885615, 0.009020887350999663, 0.20521195698187356], [0.0010111627816705231, 0.0021082082444908294, 0.002727982013593256, 0.9941526468602543], [0.0028983705335073186, 0.008517316106126703, 0.9693854992172434, 0.019198814043125553], [0.0007621263545022404, 0.0008914417184298235, 0.005764187652821816, 0.9925822441742668], [0.0018861197745855696, 0.0025187598797211533, 0.8965889999468244, 0.09900612029887881], [0.0072539436282763395, 0.8447948911597174, 0.12361161897922941, 0.02433954613279334], [0.0059464968478007045, 0.8289021384801643, 0.016548256337395286, 0.14860310823462905]], "ideal": "C", "sampled": "C", "correct": true}}
{"type": "result", "data": {"idx": 11, "options": ["Repeat purchases.", "Buyphases.", "Buyclasses.", "Tenders."], "probs": [[0.02606559820004523, 0.12927913627567875, 0.7557915092246592, 0.08886375619964026], [0.026670545767524704, 0.11583941106418816, 0.0783991663028597, 0.7790908767654061], [0.02997907540878424, 0.3738616030064822, 0.4873732176107897, 0.10878610387394771], [0.027965987725087786, 0.30528383138358506, 0.08748937145426625, 0.5792608093370513], [0.024648641958246027, 0.06293906344579558, 0.32448064517806247, 0.5879316493179059], [0.015359070251043808, 0.04998070815573512, 0.5851667336566199, 0.34949348783658163], [0.014151926726683974, 0.027705637870600375, 0.9099100446192773, 0.04823239068342446], [0.02178294042920601, 0.03220791310179787, 0.048322719125912066, 0.8976864272430709], [0.09421446694073542, 0.6540045156482127, 0.08120064476682869, 0.17058037254421643], [0.07766668285272138, 0.4720790989245603, 0.06490030814306529, 0.38535390997964547], [0.012264151560742542, 0.011699128048155342, 0.032049213729530734, 0.9439875065615658], [0.01709915284754043, 0.01908238391504485, 0.89775485786052, 0.06606360527687337], [0.03947630399615871, 0.04335215561249562, 0.8434807028028642, 0.0736908374884691], [0.15582414682647078, 0.09904736229526237, 0.11942798337308269, 0.6257005074051666], [0.10115360095304889, 0.7246682735738428, 0.0558834149669755, 0.11829471040614771], [0.08291534804864582, 0.6417789684792136, 0.046492213988870566, 0.22881346938326586], [0.09046934113413292, 0.03714804569408844, 0.13795220528766422, 0.7344304077841199], [0.0726623383208957, 0.034316493474848865, 0.8181071860299749, 0.07491398207426378], [0.0059911225360621875, 0.08204903673284511, 0.2864013337186495, 0.6255585069124477], [0.004309220424587112, 0.050861534098367904, 0.6544631500433493, 0.2903660953336836], [0.0035014349572973467, 0.028404972323316627, 0.049449289097292765, 0.9186443035220825], [0.00440308767335763, 0.06317317897113771, 0.8197575485152906, 0.11266618474023228], [0.007738204254514456, 0.15187786608158305, 0.20118133114268716, 0.6392025984212242], [0.007479237287034129, 0.1623800789375587, 0.7056144761986607, 0.12452620747675067]], "ideal": "C", "sampled": "C", "correct": true}}
{"type": "result", "data": {"idx": 12, "options": ["Winner's curse.", "Winner's price.", "Winner's reward.", "Loss-leader pricing."], "probs": [[0.931977057987963, 0.02563324932518475, 0.020119071237076378, 0.022270621349753616], [0.9118807480052471, 0.03507969650146999, 0.01820946283106723, 0.034830092562199925], [0.9274826125888258, 0.01970766425991021, 0.0356849036533014, 0.01712481939795115], [0.9333011241163487, 0.023736117264269743, 0.017506006423581955, 0.025456752095791086], [0.9109324816780121, 0.02028907453891172, 0.0355955422089786, 0.03318290147407928], [0.9277166714627508, 0.01686394266810795, 0.026519892538969813, 0.028899493230186195], [0.020076286165256186, 0.9300090898833162, 0.02311084900100143, 0.02680377485040355], [0.022025306026190326, 0.9219970705040674, 0.02344148848714243, 0.032536134882597254], [0.004266882309634799, 0.002507486419741931, 0.9880779479773195, 0.005147683193280803], [0.0025814708748130594, 0.0009277915412906236, 0.003185989894359976, 0.993304747589525], [0.004788859594811697, 0.0034227853011060154, 0.9790689450798314, 0.012719409924251116], [0.0013523759272395703, 0.0006146892433892733, 0.002128380127667599, 0.9959045546017251], [0.01339987792858929, 0.9247437177147211, 0.0415936902055524, 0.020262714051156965], [0.013691536432346461, 0.9375966032360118, 0.01857257501167885, 0.03013928521996381], [0.0035590216240271254, 0.004392735078704077, 0.9861373078093765, 0.00591093538786802], [0.0016666973678786286, 0.0022953304512279434, 0.0026843735524074244, 0.9933535985284697], [0.002116115922334197, 0.0025320189277745105, 0.9820895247375153, 0.013262340312365957], [0.0009079445745292062, 0.0005550404152773055, 0.0026280692886133184, 0.9959089456216013], [0.011236679802921905, 0.8850321152711518, 0.059314515430805966, 0.04441668939510436], [0.010853515420878736, 0.9176305293983708, 0.03757443704519729, 0.033941518035549505], [0.002396945816479929, 0.005442103140261909, 0.9738907820166038, 0.01827016892663422], [0.0008729898697964203, 0.001405284771968794, 0.002905654141200992, 0.9948160711170179], [0.0017929785280174435, 0.0036199398239064686, 0.9802696644926269, 0.01431741705542532], [0.0007699774264384309, 0.0010037429308182287, 0.003819839232623826, 0.9944064403100957]], "ideal": "A", "sampled": "A", "correct": true}}
{"type": "result", "data": {"idx": 13, "options": ["Price bundling.", "Price elasticity.", "Price inelasticity.", "Price inflation."], "probs": [[0.006299179657304063, 0.9496280161923528, 0.03512393209385475, 0.00894887195650759], [0.004624678396797292, 0.9453323020756844, 0.008843419754344807, 0.04119959967318096], [0.001337658827478599, 0.002619939533267019, 0.9923489371475078, 0.003693464391736809], [0.0011736528001647702, 0.0020132622883655455, 0.0024079973889390973, 0.9944050874225071], [0.0014060771399939814, 0.001644525605094474, 0.9725973187312356, 0.024352078423688413], [0.0009325811484747508, 0.0007317587841915014, 0.007508693956457044, 0.9908269660108696], [0.9575588474900784, 0.016346145993102242, 0.017808719424852754, 0.00828628699197107], [0.9366371741668448, 0.020529206242226625, 0.005658405275581591, 0.03717521421534356], [0.9726554995589458, 0.017139280852475337, 0.005062708123398232, 0.005142511365189843], [0.9626863824364331, 0.02355640445770323, 0.004461358943736387, 0.009295854062108254], [0.9460425312702927, 0.011022512462385819, 0.008990427494050402, 0.03394452867325428], [0.9506713545367528, 0.010478251708590486, 0.024750918325555808, 0.014099475329112317], [0.012312058654167644, 0.007824280844448186, 0.9699727244914367, 0.009890935909930976], [0.00538673634710735, 0.003702457546126123, 0.003759309330301055, 0.9871514966764849], [0.018150413871016638, 0.9601460448972619, 0.014018898269846933, 0.007684642861866898], [0.013671621520762543, 0.9656073475042843, 0.008754323164914311, 0.011966707710022364], [0.003381984392740072, 0.0015489886581542345, 0.004550548968657766, 0.9905184778804721], [0.0036038624906498335, 0.0016639400162292925, 0.9838072014526204, 0.010924995940517402], [0.0014586129379148094, 0.002640461892839777, 0.9696567982610584, 0.026244126808201467], [0.0013146963089552006, 0.0017143625563048842, 0.014459930789831123, 0.9825110102449045], [0.004278834935563297, 0.9524189381146101, 0.010181331986138813, 0.03312089486367118], [0.005796233493470651, 0.9520758806442426, 0.0330797738132611, 0.009048111949048528], [0.0014926910042913559, 0.0027657897553664697, 0.003259440291497636, 0.9924820788488676], [0.0014016204316292635, 0.0028756613958730096, 0.9917929355907904, 0.003929782481706032]], "ideal": "B", "sampled": "B", "correct": true}}
{"type": "result", "data": {"idx": 14, "options": ["Relationship marketing.", "Service mix.", "Market exchanges.", "Service failure."], "probs": [[0.09206043880131466, 0.03898164527986586, 0.7241714593755266, 0.14478645644329968], [0.08619392374468934, 0.039162493475339184, 0.23255528990487873, 0.6420882927751042], [0.23690659606059333, 0.6047119102688993, 0.06631059524902788, 0.09207089832146462], [0.22966023272985978, 0.4639580710215217, 0.24832812683953573, 0.05805356930909036], [0.11909620671224196, 0.22257032532894994, 0.08118502255941863, 0.5771484452994012], [0.1371296956852464, 0.222602299391766, 0.586544774604837, 0.05372323021814752], [0.08175627477116032, 0.18561250026233952, 0.618286708345795, 0.11434451652069978], [0.08834296722438337, 0.3035455675750439, 0.24771672934539032, 0.3603947357551865], [0.08413522864232288, 0.2891520783778839, 0.4620035258373787, 0.16470916704241026], [0.05499385762935026, 0.2665037049180286, 0.07816141019932903, 0.6003410271532661], [0.08169299821511912, 0.11613219691658223, 0.3057335319523079, 0.49644127281598316], [0.05802644663082364, 0.08180523490366903, 0.49344221986368364, 0.36672609850183024], [0.747367920802137, 0.16940411319989868, 0.025586816278699454, 0.057641149619240085], [0.7286488246216242, 0.14812286875095948, 0.0919405110143484, 0.03128779551306639], [0.6787866223647542, 0.031015878248359118, 0.18276329291606594, 0.1074342063708238], [0.5050163102604155, 0.026364749362470612, 0.06276295390721401, 0.4058559863698883], [0.7036438500944013, 0.09157059053641735, 0.1474701163135964, 0.05731544295559693], [0.5240050617572405, 0.07790504355706727, 0.026709146033612807, 0.3713807485520805], [0.12166100377318144, 0.5806284164735057, 0.04013595444119978, 0.2575746252121263], [0.09793362087280398, 0.27473558945398147, 0.5997057949030802, 0.027624994670135593], [0.12964897484143, 0.045173665716793286, 0.4670323896998756, 0.35814496964191717], [0.07247362607809295, 0.02816436456882522, 0.3597002041432121, 0.5396618051098622], [0.11839352855093964, 0.2952726757402778, 0.5431064533807266, 0.04322734222804709], [0.0729717403439885, 0.22826066217892027, 0.02813510880416634, 0.6706324885729041]], "ideal": "C", "sampled": "C", "correct": true}}
{"type": "result", "data": {"idx": 15, "options": ["Search marketing.", "Internet advertising.", "Permission-based email marketing.", "Social web marketing."], "probs": [[0.00014904571113069575, 0.0006838462755796615, 0.9935295924468767, 0.00563751546643005], [0.00011059124942502737, 0.00020657610741656055, 0.0009039269669985256, 0.9987789055761376], [0.0007292378920958289, 0.9872510311060051, 0.006103463694624545, 0.005916267207286118], [0.0007120950487643442, 0.9867947133525052, 0.006393597962106109, 0.006099593536632849], [0.00010465961782696655, 0.00017111489907814406, 0.0012255188278804592, 0.9984987065552203], [0.00017181070784830178, 0.00043539681981952575, 0.9949949030878953, 0.004397889284454085], [0.00029694039338831496, 0.0005904834358285903, 0.9946492317594889, 0.0044633443112974645], [0.00021467645317298074, 0.00019703017987689566, 0.0008423710867354118, 0.998745922180196], [0.001595800223174982, 0.9892544682609077, 0.003710004567402289, 0.005439726848522152], [0.0019118688883062649, 0.9898774785158703, 0.004803634660533048, 0.003407017835284691], [0.0002471177396844086, 0.0002232704306678191, 0.0007436783316823433, 0.9987859333979425], [0.00046774706337384005, 0.0005472151790349831, 0.9963350472530309, 0.0026499904045412396], [0.9917128763336175, 0.002537762477575092, 0.0023101505728813565, 0.003439210515934023], [0.9903970734582975, 0.0025935650495232465, 0.002961110949209763, 0.0040482504429630375], [0.9907663092646997, 0.0032552718539433038, 0.0020526862085029824, 0.00392573257285881], [0.9915557445300911, 0.0029417984887440307, 0.0025157868332650454, 0.002986670047923731], [0.9909892002951057, 0.003154942353220655, 0.0021677187908206315, 0.0036881384608357403], [0.9919076337122863, 0.002765432257452579, 0.002518581467900487, 0.002808352462349345], [0.00016074325486139978, 0.00016586892038534504, 0.001177830256793097, 0.9984955574679667], [0.0002463715485382744, 0.0005052017599472237, 0.9952728016975619, 0.0039756248939422055], [0.00020489639793421513, 0.0002609344002787488, 0.0008037280293712797, 0.9987304410723985], [0.0002747466251780818, 0.0007825808970094126, 0.9955439195490481, 0.003398752828775629], [0.0014756480229936638, 0.9892165052983792, 0.004543458280812681, 0.004764388297825504], [0.0011868938777384087, 0.9899494350026952, 0.0054030199200814, 0.0034606510994711253]], "ideal": "C", "sampled": "C", "correct": true}}
{"type": "result", "data": {"idx": 16, "options": ["Vehicle.", "Courier.", "Transportation.", "Distribution channel."], "probs": [[0.006745207892686671, 0.002621120049551183, 0.004859987217225617, 0.9857736847405499], [0.014079068170370156, 0.0058226747499903544, 0.9638921211946277, 0.016206135785016607], [0.0063823638935061044, 0.003637538606656699, 0.004745265922316108, 0.9852348314775394], [0.008598900736227223, 0.005554656032986399, 0.9788812226916316, 0.006965220439174449], [0.012937808661462023, 0.9650605487550363, 0.007906511482749881, 0.014095131000743291], [0.014587855263582196, 0.9680415484117045, 0.007807781814110371, 0.009562814410590849], [0.0004356713467976735, 0.0008936893978832867, 0.0032421790405171686, 0.9954284601148244], [0.0009165518690594875, 0.0031983332035451662, 0.9812168271360038, 0.014668287691370784], [0.0004667667831577059, 0.0009731112887029379, 0.004360761668062945, 0.9941993601600758], [0.0006373765551734988, 0.0023508774625722127, 0.9855344969536862, 0.011477248928554892], [0.002465024052002579, 0.8910387978496789, 0.06109000114101116, 0.04540617685733097], [0.0028474645295038614, 0.9225946023386634, 0.01784219557410649, 0.056715737457716735], [0.001494206105981274, 0.001963559947043777, 0.0031385839794763858, 0.9934036498674801], [0.0019461072756610995, 0.005086091644264974, 0.9843841757344929, 0.008583625245586321], [0.0013930661098731905, 0.0015180772204690515, 0.0032130299607940494, 0.9938758266088475], [0.002518919916932212, 0.0045605833469407634, 0.9767574420722203, 0.016163054563893792], [0.00867206022740289, 0.9191673309594048, 0.053082123899574424, 0.01907848481361166], [0.008358447958493814, 0.950410170194426, 0.014888638173302871, 0.02634274357377055], [0.9313011283461913, 0.02994911609439336, 0.009950990132775537, 0.0287987653266363], [0.9501810668546236, 0.024541730617959362, 0.00931601598385492, 0.01596118644357702], [0.9360788311809625, 0.0189880335789322, 0.012154932883610655, 0.032778202256503054], [0.9472380331985589, 0.01906267787078095, 0.008858093329656232, 0.024841195501019903], [0.947892445391331, 0.017097268851971284, 0.01791718912364315, 0.01709309653305466], [0.9532646841485244, 0.01787547044101414, 0.008119442953663911, 0.020740402356796372]], "ideal": "D", "sampled": "D", "correct": true}}
