{"type": "result", "data": {"idx": 0, "options": ["Aging is related to an increase in vaginal lubrication", "Aging is associated with an increase in the frequency and number of orgasmic contractions in both sexes", "There is no significant relationship between aging and sexual responses in either sex", "Aging is related to some loss of erectile rigidity in the male"], "probs": [[0.03043524878270735, 0.2798378612601105, 0.12422632260942833, 0.5655005672477613], [0.02088282673634649, 0.03014718746019569, 0.20122870309991636, 0.7477412826035356], [0.027270407506541687, 0.030412147709305375, 0.176354315016102, 0.765963129668025], [0.020363747719533906, 0.012447072063712787, 0.3723828379192734, 0.5948063421974845], [0.02890985037130018, 0.08297097969328332, 0.15994623389937537, 0.7281729359360405], [0.04253071436751337, 0.2372695389866329, 0.1330997738050171, 0.5870999727408261], [0.10024155948774811, 0.06727662361239344, 0.10340911128421604, 0.7290727055156524], [0.04288987648288009, 0.02190262495838284, 0.1982814605628503, 0.7369260378958905], [0.10567523399646314, 0.03537786153667456, 0.09034483329014192, 0.7686020710767354], [0.1638805040695607, 0.04842044140265573, 0.5455741978668465, 0.2421248565609381], [0.059723890015051025, 0.13996280822174917, 0.10081350425369852, 0.6994997974094798], [0.15239298769745888, 0.4144084972762704, 0.275939621546056, 0.15725889338022167], [0.014729862623549448, 0.008928601758759465, 0.10713171870787808, 0.8692098168098243], [0.01325225145026322, 0.008693824577989465, 0.22590341640435205, 0.7521505074673918], [0.030791150653351813, 0.03599385234059956, 0.06825885244824245, 0.8649561444578018], [0.07182853716951292, 0.09008418298218815, 0.5691542149173914, 0.26893306483088375], [0.015463444382075942, 0.027992304454407323, 0.05109776757700503, 0.9054464834865135], [0.03987512725797641, 0.09415254483349586, 0.6139502774577518, 0.25202205035077707], [0.10139376430127696, 0.035038681041283076, 0.2375656066228942, 0.6260019479345642], [0.22448676873958606, 0.08390918776439128, 0.1361747597360201, 0.5554292836599793], [0.11628633181306489, 0.17592418501386992, 0.12183440080453203, 0.5859550822685523], [0.2061157457061695, 0.4644664873810894, 0.17630920358010613, 0.15310856323264155], [0.20708084088278894, 0.04478107659171656, 0.10011593924816445, 0.6480221431773435], [0.3003573632233244, 0.08602195073051504, 0.37970458006989705, 0.23391610587627917]], "ideal": "D", "sampled": "D", "correct": true}}
{"type": "result", "data": {"idx": 1, "options": ["\u201cBlank slates\u201d", "Less intelligent than adults", "\u201cLittle scientists\u201d", "Shaped by culture"], "probs": [[0.002290921311181569, 0.001490794969875512, 0.953018615287266, 0.04319966833165538], [0.0030818477827331595, 0.0012851562750175935, 0.019932409635325745, 0.9757005862069219], [0.015757436809367826, 0.7126404221235979, 0.060844605521798316, 0.21075753544522613], [0.03297766294100311, 0.7985486682751401, 0.11239809349025241, 0.05607557519360391], [0.0025048193666024647, 0.002193579143169894, 0.008147903164920974, 0.9871536982253307], [0.011253965809529665, 0.008557530529432688, 0.9510178788863846, 0.029170624674633907], [0.0026207308076766187, 0.008723531494087403, 0.862418307695986, 0.12623742990225773], [0.0017978200826132729, 0.0024004912930386912, 0.012668852257611433, 0.9831328362667253], [0.00871250001775842, 0.6394497493275932, 0.09733706723798312, 0.2545006833166471], [0.0165182738476112, 0.7418075828530311, 0.08857833612974977, 0.15309580706961928], [0.002294174103054588, 0.002089704383073368, 0.01833229011864272, 0.9772838312952167], [0.004910245518938899, 0.005966661028276797, 0.9203076982140426, 0.06881539513872083], [0.1604351874271496, 0.0608973144083108, 0.07062931127690786, 0.7080381867876472], [0.4081488831362509, 0.07792187275864752, 0.44133095487937657, 0.07259828912571385], [0.19722372363490667, 0.022656654766062365, 0.18231191686204615, 0.597807704636981], [0.20685535441589453, 0.023951647519762063, 0.14212856616401512, 0.6270644318003278], [0.4071821103666749, 0.0505970377073442, 0.4613777266458538, 0.08084312518011032], [0.2268838234684174, 0.05519692371276221, 0.08156774349976768, 0.6363515092190507], [0.002278777094416835, 0.0032383374897532215, 0.008868839491413948, 0.9856140458243989], [0.011029354577208422, 0.05426980966405427, 0.8760112267103567, 0.058689608948394166], [0.00221599421763828, 0.001659432235074227, 0.022713821501575884, 0.9734107519456949], [0.0030618044584893853, 0.003578433665959988, 0.9318817802180883, 0.061477981557455375], [0.014232561188299608, 0.8265410330258051, 0.10026947026030564, 0.05895693542556848], [0.012079516171865751, 0.7645167751579243, 0.05804444539255596, 0.16535926317762856]], "ideal": "C", "sampled": "C", "correct": true}}
{"type": "result", "data": {"idx": 2, "options": ["about 68% of the observed scores for the test population lie within 15 points of the mean score", "about 68% of the individuals with a given cure score will have observed scores within 15 points of the true score", "about 15% of the scores are in error (i.e., they are not measuring the trait reliably)", "differences of up to 30 points represent the same true score"], "probs": [[0.19628357016868392, 0.15291071546809104, 0.5588442569249291, 0.09196145733827447], [0.1682763653482407, 0.18767845886653464, 0.09218929869809915, 0.5518558769871282], [0.20042727683456374, 0.39248743608024544, 0.3201962411525149, 0.08688904583266316], [0.20709036768427594, 0.36334671855348194, 0.1236196118895001, 0.3059433017727536], [0.18431807899909514, 0.06522254826733126, 0.13691235362301546, 0.6135470190105354], [0.17109863511252937, 0.05730489591060226, 0.5519280390061241, 0.2196684298707363], [0.33312928571111566, 0.10898501602163907, 0.4696055320547119, 0.08828016611253285], [0.31309424838428773, 0.10006844710821731, 0.0862673290207954, 0.5005699753867038], [0.36192563783769, 0.3675095168552715, 0.1791156106648486, 0.09144923454220277], [0.36267774366948025, 0.3101544518047979, 0.10385224806811616, 0.22331555635760755], [0.2747839534451439, 0.06179583995963784, 0.2243266219836487, 0.4390935845115624], [0.27091728591550907, 0.05591172235020142, 0.49828489852022523, 0.17488609311404124], [0.19721615530514322, 0.19719422269143225, 0.48788860802053385, 0.1177010138828993], [0.18280615589206547, 0.2310223994745396, 0.1266196705497259, 0.4595517739836762], [0.13238166364277112, 0.4549268087380891, 0.3079299071415145, 0.10476162037763422], [0.10911684547808509, 0.46275366237545695, 0.10995490193085718, 0.3181745901156061], [0.13005602224903717, 0.060932614019642124, 0.4329623469313882, 0.37604901669993485], [0.10802181671189483, 0.06011036868315574, 0.5978038556679438, 0.23406395883700568], [0.0351736932181779, 0.27009550032539886, 0.13162663518264378, 0.5631041711737808], [0.04323436786473312, 0.2818127736279485, 0.487165888470615, 0.1877869699367061], [0.031784582990869684, 0.30134276522662057, 0.12967017233384612, 0.5372024793486677], [0.03869675125830724, 0.3287872295407825, 0.4565230312606636, 0.1759929878402227], [0.03929748702255421, 0.2857297402817615, 0.361178192631384, 0.3137945799643005], [0.040490898396793124, 0.30844655292980894, 0.4217498273388218, 0.2293127212345738]], "ideal": "B", "sampled": "C", "correct": false}}
{"type": "result", "data": {"idx": 3, "options": ["An Apgar", "A teratogen", "Only a problem in the first 6 weeks", "A controlled substance"], "probs": [[0.0012806240724341016, 0.9878751615510408, 0.008614430187278227, 0.002229784089264012], [0.0012245888134122117, 0.9817190853673378, 0.008761248990305873, 0.008295076728943163], [0.0010623919335126383, 0.0009372608708089164, 0.9954339978253747, 0.0025663492702870526], [0.0004903975580822094, 0.00029975692273101387, 0.002214566005090896, 0.996995279414114], [0.0005317272784563308, 0.0011891138733909064, 0.9914907539562896, 0.006788404791852969], [0.0006154084545039671, 0.0005514002538321425, 0.0017797736467995325, 0.9970534175448755], [0.9961804610150232, 0.0011224052199957685, 0.0019078028197793639, 0.0007893308452184323], [0.9954578147086671, 0.0010138518823857327, 0.0017642262647629436, 0.0017641070441747045], [0.996473376207484, 0.0013869347702891513, 0.0015343021785055614, 0.000605386743704549], [0.9965023274692324, 0.0014194688820669727, 0.0010878362168727947, 0.0009903673318121294], [0.9959216148879306, 0.0010137842950702527, 0.001657391576417552, 0.0014072091405729085], [0.9958975060431187, 0.0009598017592941958, 0.002030294853019476, 0.0011123972445626804], [0.0012304258760329797, 0.0013304624388501384, 0.9944871983503581, 0.0029519132347387463], [0.0006345741478220073, 0.00035584543920409516, 0.002954750774700894, 0.9960548295382882], [0.005898327502341692, 0.9836009293487964, 0.008646306927207208, 0.0018544361216602104], [0.006767382244268175, 0.9805285055078136, 0.007313661748267809, 0.005390450399671739], [0.000893293107338063, 0.0006583916503407115, 0.004193417179799965, 0.9942548979625214], [0.0014594650570232566, 0.0013285424563196997, 0.9930560344756844, 0.00415595791094911], [0.0009322537066988029, 0.0010242449754483234, 0.9901816161821854, 0.007861885035644377], [0.0008480033439992354, 0.0003881440965046764, 0.0019253401758272974, 0.9968385122836537], [0.0017905155236013028, 0.9869047917442162, 0.006806712162060321, 0.004497980470142539], [0.0017484031271539815, 0.9864056724531657, 0.008530757955352686, 0.0033151663643469784], [0.0006851029999078337, 0.0007178830477503138, 0.003450904636595344, 0.9951461092157542], [0.0016286190722185577, 0.0013708790346267958, 0.9936073318508764, 0.0033931699422976493]], "ideal": "B", "sampled": "B", "correct": true}}
{"type": "result", "data": {"idx": 4, "options": ["needs analysis.", "job evaluation.", "summative evaluation.", "formative evaluation."], "probs": [[0.9169799591557437, 0.014942151970190146, 0.005669124653545872, 0.06240876412053269], [0.9618205322768849, 0.012110379602239957, 0.014152325272038314, 0.011916762748856773], [0.8998083367994765, 0.013666819874222738, 0.00413521071727473, 0.08238963250904865], [0.9779304916332887, 0.008935726887965926, 0.011123399261551103, 0.0020103821172131817], [0.9766448721451493, 0.014951644700879209, 0.0024592187501824812, 0.0059442643037917854], [0.9894816069757982, 0.006881650150332005, 0.0019109501747160212, 0.0017257925991399055], [0.012896996549614959, 0.413834498315958, 0.016175177844887808, 0.5570933271895578], [0.017461480011960757, 0.8476493495971681, 0.10278374874197688, 0.03210542154891233], [0.00222260931665616, 0.001991743044328673, 0.9544985460251113, 0.04128710151392207], [0.0046471789526664605, 0.002546809256104345, 0.028014901817147796, 0.9647911098740946], [0.004095379383716942, 0.007300650692593828, 0.9787060181045075, 0.009897951719171379], [0.003828319336857905, 0.00284595792365954, 0.0037400647264274056, 0.9895856579130776], [0.00868792613938976, 0.6090779573033026, 0.007147889967918118, 0.3750862264893798], [0.009001444078487561, 0.822470986296811, 0.16447120023848608, 0.004056369286208627], [0.001393325996949872, 0.0018313187275501932, 0.9782913704080557, 0.018483984767426517], [0.0029289806532826145, 0.0022458816609219412, 0.01570412395526553, 0.9791210136305255], [0.0076521542165474896, 0.017919618999845673, 0.9708148220028487, 0.0036134046807566747], [0.0023852996629045594, 0.0028563985817083764, 0.0019317857347431729, 0.9928265159206346], [0.0460197108904261, 0.9095431085568211, 0.010763114716909628, 0.033674065735822656], [0.054704816626972214, 0.924890720083343, 0.013613326016254423, 0.00679113717343784], [0.005290200641861334, 0.002618601327418149, 0.9841540190864806, 0.007937178844222022], [0.004841112413733597, 0.0013868440325556623, 0.004203496672387592, 0.9895685467813473], [0.014012249362758024, 0.007502424130310046, 0.9746548149041937, 0.0038305115027439194], [0.0029026024815960697, 0.0019187735109090574, 0.0017878586215175117, 0.9933907652859597]], "ideal": "A", "sampled": "A", "correct": true}}
{"type": "result", "data": {"idx": 5, "options": ["a useful strategy for helping the client understand the present.", "a way for the client to avoid coming to terms with the present.", "\"the \"\"second layer\"\" of therapy.\"", "\"a way for achieving \"\"closure\"\" near the end of therapy.\""], "probs": [[0.28736130177880936, 0.17163536853071043, 0.3308048471322989, 0.2101984824581971], [0.26228053550400393, 0.18889461989950404, 0.13614070855662008, 0.4126841359398654], [0.2504663562419513, 0.2707211089742763, 0.2543607126186689, 0.22445182206513342], [0.23048975810604144, 0.21645004692579128, 0.08746984770039522, 0.4655903471677851], [0.27299191944492895, 0.11293308805010538, 0.2524718513964159, 0.3616031410085551], [0.28273886022042827, 0.08686135505608328, 0.23805327015377456, 0.392346514469726], [0.10611311910637324, 0.3318683308416161, 0.3477363526950705, 0.21428219725693062], [0.08748671765517417, 0.3076754393107917, 0.14309219279439675, 0.4617456501396359], [0.07862917176712608, 0.1295359264059869, 0.6279987656548841, 0.16383613607200373], [0.04640317204579574, 0.07894251313531046, 0.052169425516079906, 0.8224848892028007], [0.07167063864294995, 0.09718282423740505, 0.5293570941336169, 0.3017894428860299], [0.04554712819435833, 0.05366430655502591, 0.09346817235492991, 0.8073203927956766], [0.1289548138410981, 0.5343393999750896, 0.11032492278642618, 0.22638086329737309], [0.11749351893847118, 0.5185208093857511, 0.0776332750700159, 0.28635239650578576], [0.1439633571930395, 0.036387417994389985, 0.6349154732804698, 0.18473375143208967], [0.08221882384664961, 0.020951071791729687, 0.05310068508004235, 0.8437294191815946], [0.12841894344661303, 0.033507734590659, 0.7055156707164242, 0.1325576511463254], [0.08169881298364096, 0.042038775413779525, 0.0385888842046286, 0.8376735272979344], [0.10384886997034377, 0.41072188525636305, 0.13967425860646326, 0.34575498606683003], [0.10825742072206392, 0.4701119469955398, 0.19598112285103586, 0.22564950933134972], [0.09839059252170665, 0.05694502794604413, 0.5038723033265364, 0.34079207610573364], [0.06673940470819073, 0.03489494792533552, 0.12272333921974818, 0.7756423080467084], [0.09608321447342208, 0.0670846144564156, 0.6880213792781307, 0.14881079169204114], [0.05622898532367069, 0.10671474049372219, 0.048838675870438004, 0.7882175982121676]], "ideal": "B", "sampled": "A", "correct": false}}
{"type": "result", "data": {"idx": 6, "options": ["the efficiency of controlled memory processes", "metamemory skills, or knowledge about memory", "recognition memory", "the amount of factual memory knowledge available"], "probs": [[0.12891736234998966, 0.05249548945653436, 0.7133644591640997, 0.1052226889293904], [0.14260973165755747, 0.0647749902284229, 0.05716956783774654, 0.7354457101762694], [0.28983639504714215, 0.1731315732005746, 0.39017011563406484, 0.14686191601822549], [0.18146210634123572, 0.12089884756281717, 0.04414252320030811, 0.6534965227956214], [0.16047585081482776, 0.010839832750330694, 0.15313963135166736, 0.6755446849831455], [0.13847429646204434, 0.008785228663531968, 0.4263778379942038, 0.4263626367802065], [0.05380467725069862, 0.1644267914368058, 0.6605668382918164, 0.12120169292070344], [0.03696523333883976, 0.26689314034027484, 0.055946502228624795, 0.6401951239922606], [0.06690985225216138, 0.18326445483640005, 0.6104083726883315, 0.13941732012311087], [0.040715015211764, 0.26344577944855474, 0.044007056438501654, 0.6518321488011936], [0.01893941718895423, 0.0030677020229939837, 0.6996887481115451, 0.27830413257652126], [0.022945659310577623, 0.0041144849455645865, 0.48647934707545726, 0.48646050856838224], [0.16555609691207215, 0.24662390313611363, 0.4001839277358498, 0.187636072115971], [0.0834014257203368, 0.17644744102870516, 0.04224768749218674, 0.6979034456587581], [0.07263714341483418, 0.04916700903088804, 0.7812159306170819, 0.09697991683721326], [0.06795709564866885, 0.11924653603007761, 0.035258822526470675, 0.7775375456947669], [0.11080181321992774, 0.005826871663346749, 0.3867605884418666, 0.49661072657486227], [0.07831012440838207, 0.005043654042109359, 0.1320715577075116, 0.7845746637420177], [0.0062814089067225855, 0.11667033764051264, 0.11666240950400403, 0.7603858438487516], [0.005764012471383224, 0.1193833729978176, 0.3399825331169933, 0.5348700813137768], [0.0054035773750995995, 0.016253884452891696, 0.6440945025793879, 0.33424803549262405], [0.00586394803831365, 0.02111803129694895, 0.34615158853140016, 0.6268664320333599], [0.006151374424012228, 0.19436490758389044, 0.24574629964727737, 0.5537374182448248], [0.005549462020282561, 0.1063053001086373, 0.11496677714163674, 0.7731784606294224]], "ideal": "A", "sampled": "A", "correct": true}}
{"type": "result", "data": {"idx": 7, "options": ["Parkinson's disease", "Vascular Dementia", "a right frontal lobe tumor", "Alzheimer's disease"], "probs": [[0.053085940477283, 0.038826989809159974, 0.3328147674814426, 0.5752723021321133], [0.058612593125360476, 0.05134342083393025, 0.4832399415293473, 0.40680404441135753], [0.050881545492281556, 0.15919239855831466, 0.14050738390391393, 0.6494186719455015], [0.13333135064776208, 0.4729510065323599, 0.15590222650944272, 0.23781541621044416], [0.08542741518600627, 0.05916759615708288, 0.20967326818114365, 0.6457317203757446], [0.10012133476549598, 0.06263319229630378, 0.5542597338448633, 0.28298573899334384], [0.008022237490593906, 0.035135982707017795, 0.16373147030553148, 0.7931103093968495], [0.012243764600357896, 0.059803217264611616, 0.6896148952008252, 0.23833812283419298], [0.00999124667552455, 0.02251299959212132, 0.09627207366969197, 0.8712236799626578], [0.03374145766017211, 0.08225230018121325, 0.6516163553139045, 0.23238988674468541], [0.020622905028701104, 0.07197904936160691, 0.37995729780315207, 0.5274407477065338], [0.033221654335015366, 0.11320630196765424, 0.4994421415207143, 0.35412990207659667], [0.018300495358573025, 0.20132106436253658, 0.12018788088573025, 0.6601905592931665], [0.03456139505571708, 0.4998791759193917, 0.2437083881079544, 0.22185104081693233], [0.03322122040010974, 0.04436115362246942, 0.3055236512907185, 0.616893974586684], [0.08295807149991141, 0.10822307893110937, 0.576157054256851, 0.23266179521214647], [0.06770168674110905, 0.05032876823997989, 0.6733504180542702, 0.2086191268646542], [0.10106231906859202, 0.07003745348911156, 0.25204365502203435, 0.5768565723202421], [0.01470180038737098, 0.2544834448817992, 0.1920778026092956, 0.5387369520215146], [0.01751180457052031, 0.2916051857321915, 0.4376330860465075, 0.25324992355076653], [0.016960405272036665, 0.0821790497410035, 0.3567814526581883, 0.5440790922287574], [0.026314486038698202, 0.11787842871133164, 0.424607504085821, 0.4311995810641513], [0.02519949332920679, 0.20449165367883232, 0.4680461713005518, 0.3022626815914175], [0.019295806398956665, 0.25031369937219844, 0.3113505711014596, 0.4190399230273758]], "ideal": "A", "sampled": "D", "correct": false}}
{"type": "result", "data": {"idx": 8, "options": ["unethical, because the client's needs were not addressed more directly", "unethical, because the psychologist should have delayed the trip and given the client an appointment for that afternoon", "unethical, because the psychologist should have called a physician directly", "ethical, because it was not possible to determine whether or not the client was being manipulative"], "probs": [[0.17776340837793028, 0.13624917881969975, 0.4468300611582377, 0.2391573515441367], [0.033298286934750815, 0.03802716645521233, 0.021501505808873056, 0.9071730407011783], [0.18777599245150267, 0.2732267270252412, 0.19375359055359836, 0.3452436898696643], [0.12115865751691732, 0.27733435349820945, 0.06689507777256967, 0.534611911112327], [0.06739811061447364, 0.01799423410472829, 0.06739405776507953, 0.8472135974157251], [0.12966399785103933, 0.028478412971419207, 0.5996580260749971, 0.24219956300255535], [0.1503129575046122, 0.13272477053431914, 0.43833908588045695, 0.278623185980604], [0.034183778855396835, 0.027452712442460087, 0.021898508415472556, 0.9164650001866833], [0.15346857238830935, 0.12233126619459102, 0.4043467887175635, 0.319853372599541], [0.040303384406674074, 0.03758442604694645, 0.03315737735098631, 0.8889548120953722], [0.04626962655339843, 0.012254132810588599, 0.03384583461167939, 0.9076304059243544], [0.10894432944325053, 0.03428962376218831, 0.21005755434670667, 0.6467084923478346], [0.1757116389094892, 0.17302013680325398, 0.23639033877551305, 0.4148778854117373], [0.17207280726688015, 0.14483711408502273, 0.09207998982743068, 0.5910100887206472], [0.1729817983511271, 0.1624782280429098, 0.2807641911474921, 0.3837757823584888], [0.05342156707410271, 0.05055022110086368, 0.040934919591126016, 0.8550932921339051], [0.20962776411324713, 0.05057761888114126, 0.3098486516870367, 0.42994596521858897], [0.1536925099685063, 0.0407138404086778, 0.12744352939327505, 0.6781501201295668], [0.02641055864112063, 0.08004716987923614, 0.08523557133709227, 0.8083067000425384], [0.04578285037579363, 0.1244495253770387, 0.5492777082521637, 0.28048991589503036], [0.020602744746153447, 0.0400110557930316, 0.049807104584159274, 0.8895790947766743], [0.02312971718184707, 0.07070980214989307, 0.10368004449578806, 0.8024804360724545], [0.036724209846605765, 0.0821063888758615, 0.45439030271439856, 0.42677909846314405], [0.02463685965161571, 0.07704750357750526, 0.07643500785418855, 0.8218806288166908]], "ideal": "A", "sampled": "C", "correct": false}}
{"type": "result", "data": {"idx": 9, "options": ["clarify boundaries between family members in order to reduce enmeshment.", "work initially with the most differentiated family member.", "\"use a multiple-therapist team to prevent any one therapist from becoming \"\"triangulated\"\" into the family system.\"", "\"issue specific \"\"directives\"\" designed to counteract dysfunctional processes.\""], "probs": [[0.0983409117657513, 0.07306707406395582, 0.11860060477751308, 0.7099914092927888], [0.09502820471151688, 0.07940028953252465, 0.41278989422789875, 0.41278161142808684], [0.11946415214192176, 0.04941423416347377, 0.3767456438875322, 0.45437596970707766], [0.11279737332180313, 0.05715942057433205, 0.5136551304911919, 0.31638807551269243], [0.09218268553535161, 0.2883661463648511, 0.2927601348217434, 0.32669103317805803], [0.09854236583571736, 0.24579127627319938, 0.08425160699782235, 0.571414750793255], [0.04200956425660336, 0.08822686911728002, 0.12540625334265967, 0.7443573131834397], [0.038859862881103505, 0.06403826635545136, 0.5078882825150678, 0.3892135881483744], [0.04398196944250066, 0.04828244218594653, 0.31007101614632343, 0.5976645721252392], [0.045669615472601725, 0.055952908836442716, 0.359210755380265, 0.5391667202106842], [0.05241645585869606, 0.09194190040027812, 0.5811736000348208, 0.2744680436061975], [0.03687455744511976, 0.14247865620364153, 0.07447430281796649, 0.7461724834332752], [0.0488097717367541, 0.1915643839367024, 0.1316136160221575, 0.628012228204384], [0.06524861103762938, 0.1601514018474664, 0.3903539950187685, 0.38424599199615694], [0.046666117573596656, 0.05539233220136894, 0.21240507512897977, 0.6855364749960672], [0.050608234071782554, 0.05918156308115766, 0.31985501317572523, 0.5703551895713397], [0.05594428846697305, 0.26073872487368444, 0.27318518342753745, 0.41013180313182857], [0.04686415379166067, 0.3201620935336728, 0.113315815568341, 0.5196579370063167], [0.1763225170655818, 0.19975952715544285, 0.2564083962920749, 0.3675095593868939], [0.1309080191859302, 0.17351858503445075, 0.08065398093013723, 0.61491941474947], [0.16875296514898533, 0.076682266483899, 0.37435639616397826, 0.3802083721031304], [0.1525045551329327, 0.046885973798642115, 0.09541775546305843, 0.7051917155053664], [0.12058743546532924, 0.0359305866200052, 0.39537444838058017, 0.44810752943407756], [0.15774102264837989, 0.037756005746296895, 0.1902087261683638, 0.6142942453369695]], "ideal": "A", "sampled": "D", "correct": false}}
{"type": "result", "data": {"idx": 10, "options": ["A true experiment", "A cross-sequential cohort design", "A natural experiment", "A cross-sectional cohort design"], "probs": [[0.030717165132562452, 0.5840890857755311, 0.19558985762325862, 0.18960389136866096], [0.029459263525003478, 0.5554434510407178, 0.1566875383486444, 0.2584097469856213], [0.033807749519654276, 0.10014834260329984, 0.585181058702974, 0.2808628490740607], [0.03691984907630393, 0.2882017750097739, 0.16936645783334725, 0.5055119179805743], [0.034996471465466035, 0.21602936546268833, 0.34531074911075443, 0.403663413861093], [0.04055009340359155, 0.3670470816485755, 0.2686119018565217, 0.32379092299131956], [0.3102354785157152, 0.06815876820403538, 0.2532897672144808, 0.36831598596575427], [0.27794586815379546, 0.07248244298070236, 0.31966590968651243, 0.32990577907899643], [0.38419111354109614, 0.1348306355794293, 0.1576441581224521, 0.3233340926570234], [0.3227459259196991, 0.11880706840851285, 0.25528787074964976, 0.303159134822111], [0.3904734854956644, 0.281309235125662, 0.09870626609208161, 0.22951101318661196], [0.35736997441266827, 0.2380414690925318, 0.21334678390223913, 0.1912417724925504], [0.15034546745744823, 0.06827074568505183, 0.541199192539792, 0.24018459421770477], [0.21739250678765934, 0.099536817234471, 0.2009977362501039, 0.48207293962776554], [0.17013026489371497, 0.46232211876275764, 0.1525173522483657, 0.21503026399516248], [0.17417968986461047, 0.34099290512930336, 0.1489935951817623, 0.3358338097243166], [0.250603275966978, 0.17500704975085377, 0.1922034181185595, 0.3821862560636083], [0.17685540244247394, 0.10314370103569795, 0.2613398719898339, 0.45866102443198975], [0.06638339593413492, 0.047415383097657186, 0.4293167916151066, 0.4568844292531049], [0.07119090737236775, 0.040568729175757164, 0.18605615193444222, 0.7021842114174511], [0.08892231743132271, 0.4620914028689497, 0.1263847192479292, 0.32260156035179954], [0.0975339864478793, 0.367842708417501, 0.25693212386175973, 0.2776911811728551], [0.11556178968952585, 0.09729722445742399, 0.15303788601159282, 0.6341030997414356], [0.11674063755799848, 0.0916421182816699, 0.3076707853917228, 0.4839464586686282]], "ideal": "B", "sampled": "B", "correct": true}}
{"type": "result", "data": {"idx": 11, "options": ["recall of words", "verbal comprehension", "verbal learning", "production of speech"], "probs": [[0.015077619910033984, 0.004185221142675718, 0.01832696411936838, 0.9624101947279257], [0.016220054893156796, 0.007720595004326484, 0.9207694778914826, 0.0552898721110557], [0.01285087675247269, 0.006165840961482982, 0.014559391356757627, 0.9664238908292793], [0.018189180876278528, 0.01299261259756912, 0.9110536282933116, 0.05776457813285684], [0.016972981452029974, 0.8907706294097685, 0.02669319398276004, 0.06556319505543227], [0.01674193899299177, 0.8652698043317808, 0.04693955909937178, 0.0710486974758588], [0.011049035850908603, 0.0036702370284730575, 0.014069718766934044, 0.971211008253687], [0.014904043231524654, 0.007611950057454979, 0.9366462223971329, 0.040837784213881706], [0.008912619103833183, 0.0035996650783231884, 0.012368342877322275, 0.9751193728405241], [0.014171419918314443, 0.008798579894603163, 0.9405564896536354, 0.0364735104334411], [0.010220169372140658, 0.8986740021776611, 0.02651286037018761, 0.06459296797999194], [0.011180211225287963, 0.8809561545029039, 0.044562352079092434, 0.06330128209271312], [0.014537865803531188, 0.00681467116610021, 0.013659445629426458, 0.9649880173009323], [0.026574735905456826, 0.014675533693593831, 0.907926386945254, 0.050823343355680096], [0.011142400189262899, 0.0038806896713523553, 0.013125695560403668, 0.9718512144789685], [0.019399401814071373, 0.009828994486604029, 0.9273990619476049, 0.04337254165171105], [0.013314816047368751, 0.8837514342701344, 0.03793333657958098, 0.06500041300292822], [0.014364878427029283, 0.8884372129313267, 0.03812886360442174, 0.05906904493720209], [0.9800429204673615, 0.004166531316367346, 0.006108178778057415, 0.009682369338215407], [0.9759314649286093, 0.004699709278538979, 0.009345250275002135, 0.010023575417872436], [0.975267557613504, 0.006521290761885803, 0.00603249200276822, 0.012178659521833663], [0.9691330839166103, 0.008255133847881265, 0.01051280205332271, 0.012098980082205777], [0.9677351375343431, 0.008118302984761383, 0.008506991748363278, 0.015639567632545797], [0.9698803761953346, 0.00813520133851988, 0.00958464377752022, 0.012399778588618635]], "ideal": "D", "sampled": "D", "correct": true}}
{"type": "result", "data": {"idx": 12, "options": ["the child\u2019s intelligence.", "the child\u2019s \u201cbasic personality.\u201d", "the strength of the parent-child attachment.", "the parents\u2019 childrearing behaviors"], "probs": [[0.000796533541259957, 0.0006710693760136079, 0.008766994805741325, 0.9897654021769879], [0.0011457881483229037, 0.0011370876193971668, 0.6674312206133072, 0.33028590351899284], [0.0007998729738930304, 0.0018591384352959317, 0.00366826990896025, 0.9936727185818535], [0.0030399658682516823, 0.02176499453723351, 0.9107343284208611, 0.06446071107365535], [0.003074491732745072, 0.5416513245548007, 0.026969653451887125, 0.42830453016055847], [0.0041939189749945795, 0.7988433214410234, 0.14550979269954728, 0.05145296678444993], [0.0008399121884763941, 0.0007130284128951663, 0.010231099516323998, 0.9882159597823159], [0.0013604160348599742, 0.0014251324838440702, 0.7499302181922721, 0.2472842331890458], [0.0010572014290178907, 0.0036312311629828438, 0.004380643543956336, 0.9909309237640266], [0.004519594417667004, 0.025800320250120842, 0.9456234544363362, 0.024056630795854593], [0.00307156835890948, 0.8515435641773011, 0.012825366727865373, 0.13255950063594069], [0.004262915300775319, 0.8990576584025376, 0.07435246691339703, 0.022326959283290305], [0.0046473394462769645, 0.0013631973198148964, 0.0062033464604605735, 0.9877861166734534], [0.028635352566972104, 0.006194005034572656, 0.9190526628385318, 0.04611797945992513], [0.004978836487894444, 0.002882390184495627, 0.005424609935771616, 0.9867141632918538], [0.01905289363612073, 0.00907610808038927, 0.9543937535858262, 0.017477244597644815], [0.016897011829979543, 0.9293088893134405, 0.016894389338311135, 0.03689970941827309], [0.02872914100974115, 0.900604681498064, 0.03837077289680431, 0.03229540449538381], [0.6158832979508722, 0.008389622894117956, 0.024833810703527918, 0.35089326835147594], [0.7817514308523449, 0.01273783660521988, 0.15149517300609577, 0.05401555943635697], [0.7678012942441473, 0.011305204209135132, 0.0141806251480949, 0.20671287629861107], [0.8120374480622825, 0.01534678985535612, 0.14112096507000746, 0.03149479691236735], [0.6637086052184576, 0.28108230855434935, 0.013454383224439129, 0.041754702902756506], [0.7053954103816322, 0.23633524169640108, 0.0234033432813124, 0.03486600454063114]], "ideal": "D", "sampled": "D", "correct": true}}
{"type": "result", "data": {"idx": 13, "options": ["is nonresponsive to visual or auditory stimuli and seems to be in a state of deep sleep.", "is confused and incoherent, may exhibit bizarre behavior, and is unable to care for him/herself.", "is alert and oriented and can remember and integrate remote and recent events but may have some impairment in judgment, planning, and abstract reasoning.", "is functioning at an intellectual level that is superior for his/her age, education, and demographic background."], "probs": [[0.011433610080030954, 0.046638793996526415, 0.8594590398984933, 0.08246855592495246], [0.01387411469689637, 0.061680571268849, 0.17297945836658812, 0.7514658555676799], [0.024470574516595553, 0.35115059553893413, 0.12136252907305739, 0.5030163007714117], [0.0353165172459858, 0.5273240901553503, 0.3513025035463598, 0.08605688895232519], [0.01679350276598949, 0.07888602181440552, 0.06960330750846498, 0.8347171678111233], [0.014973306138850442, 0.07971702320756113, 0.8501014968343943, 0.055208173719206735], [0.023994465605348528, 0.04209031186501701, 0.8521197467689153, 0.0817954756607238], [0.033709940320323845, 0.04716849640064669, 0.1698610040677454, 0.7492605591112659], [0.07516299546115572, 0.3289430358970399, 0.08650883912027524, 0.5093851294215251], [0.1485018935972499, 0.4295691524606348, 0.35605254553188215, 0.06587640831022355], [0.05850621219210696, 0.1436707088018926, 0.0566985668685681, 0.7411245120374579], [0.06705104708577792, 0.09531264213454013, 0.7854026449353765, 0.05223366574428836], [0.6979300193984495, 0.0644107259214416, 0.0959081879894311, 0.14175106659067688], [0.8379147533166602, 0.058812343401672844, 0.057466131807499, 0.04580677137418699], [0.7486750340278726, 0.09151096206798626, 0.046761770289588916, 0.11305223351455677], [0.8320933658338715, 0.07215182449640462, 0.07269730368190608, 0.023057505887832834], [0.9083093655022301, 0.050455413382676506, 0.018847735500346754, 0.02238748551475817], [0.8766486253577133, 0.05647297431161431, 0.048685906617908975, 0.01819249361276622], [0.04864864638904086, 0.02815206543760409, 0.06100069045937006, 0.8621985976140101], [0.029453553664785907, 0.031341511062381415, 0.9022506808693682, 0.036954254303487574], [0.1116642691142543, 0.10091231733198494, 0.05930709418301952, 0.7281163192707436], [0.06928720407443989, 0.05148658516782076, 0.8505696051787888, 0.02865660547896641], [0.07858117941644335, 0.7994467757903141, 0.05836140252605119, 0.06361064216719181], [0.09354546283785814, 0.7648175174059232, 0.10354111622677328, 0.03809590342943993]], "ideal": "B", "sampled": "C", "correct": false}}
{"type": "result", "data": {"idx": 14, "options": ["decline the request to testify.", "agree to testify only if she obtains consent from both parents.", "agree to testify only if she can evaluate all of the involved parties.", "agree to testify only if her familiarity with the child won''t bias her testimony."], "probs": [[0.0931250245816415, 0.10544905766403723, 0.23580717350092828, 0.5656187441533765], [0.10118006107482097, 0.10196232551899073, 0.4901347231394687, 0.3067228901667103], [0.07619157283838002, 0.1256300554054942, 0.12965805921906862, 0.6685203124370636], [0.08445047876561704, 0.10672497581322891, 0.554848580944825, 0.253975964376321], [0.07645766254586392, 0.506035602523037, 0.1669355449103753, 0.2505711899207083], [0.08091090102221529, 0.49941073106372036, 0.18377630777794243, 0.2359020600361139], [0.04957522547676954, 0.10414267950269855, 0.32572533036582163, 0.5205567645547154], [0.04909009368940497, 0.10311107178798165, 0.47664836470068966, 0.3711504697219231], [0.03171534367055812, 0.03244329210451115, 0.395291793507051, 0.5405495706178883], [0.0204551781426315, 0.024863654596715412, 0.13761106284550584, 0.8170701043151365], [0.051242387123441605, 0.09801670109702311, 0.49775556488528944, 0.35298534679427007], [0.024945637247456194, 0.07925550605004505, 0.08304053897733053, 0.8127583176251457], [0.04694769899766432, 0.2658861408985769, 0.1744523365238368, 0.5127138234799349], [0.04021408197680331, 0.17608815795062144, 0.5680549510137313, 0.2156428089588312], [0.027155889736175828, 0.0312571548130739, 0.445160302709005, 0.49642665264173974], [0.015454477719375196, 0.02031322737243182, 0.13356837802913576, 0.8306639167790556], [0.0433266989823678, 0.08285533089569831, 0.5661053244983751, 0.3077126455235415], [0.02437950732580495, 0.07864077779086376, 0.07741943867703296, 0.8195602761062803], [0.09989190705130338, 0.44761200078688557, 0.1809545773429242, 0.2715415147188814], [0.09688389060013651, 0.4409378340288922, 0.21485851722221053, 0.24731975804877518], [0.08169471020552982, 0.04994021942311609, 0.612938724867416, 0.255426345403928], [0.05528996077424848, 0.03712162083647869, 0.08901833793360593, 0.8185700803556507], [0.06520962001354667, 0.03078522541111441, 0.6231870096594736, 0.2808181448158569], [0.06069558655855784, 0.028452881955475993, 0.07320778409881616, 0.8376437472871301]], "ideal": "A", "sampled": "A", "correct": true}}
{"type": "result", "data": {"idx": 15, "options": ["goals serve 2 purposes: they are a basis for motivation and they direct behaviors", "goal attainment is maximized when goals are specific and highly difficult", "goal attainment is maximized when frequent feedback is given", "worker participation in goal-setting is also good"], "probs": [[0.05774974569206914, 0.24124366715780254, 0.16579052176388062, 0.5352160652862481], [0.0442702115129383, 0.12413255413772141, 0.547557260150338, 0.28403997409897686], [0.04715140357656551, 0.1203599218104239, 0.2670795252702983, 0.5654091492427273], [0.051578742911419916, 0.10833909792034271, 0.5502860962356042, 0.2897960628326446], [0.04429128178862288, 0.4107036588391917, 0.2302571220164214, 0.31474793725576233], [0.05611248118003989, 0.421022720727214, 0.18975289295528144, 0.33311190503744814], [0.1532407352610311, 0.0820523128627783, 0.21282006433763187, 0.5518868874385473], [0.10921027855164035, 0.07050500345213037, 0.5996765946874056, 0.22060812320882295], [0.1286890023644507, 0.1209340853991667, 0.1267314968061115, 0.6236454153302665], [0.12127519729430575, 0.09154799098518848, 0.616165012375435, 0.17101179924508808], [0.08937060271058718, 0.4609893395205876, 0.1427164593292701, 0.3069235983395554], [0.10957012979988286, 0.464864855475618, 0.21277982529475162, 0.21278518932975463], [0.10309592625131259, 0.06057987870819352, 0.20984507433674618, 0.6264791206037577], [0.08505784144374195, 0.0627069236784008, 0.6042192458603511, 0.24801598891748153], [0.09931343785186002, 0.1152421920166794, 0.1325754796549503, 0.6528688903765181], [0.09175247180308406, 0.08356814299736467, 0.6519265618127708, 0.17275282328677963], [0.06178686405136974, 0.48961507747715505, 0.15164802842270242, 0.29695002994876185], [0.07411993500199861, 0.5025550581088762, 0.2264949790394863, 0.1968300277496278], [0.2539101400270024, 0.12963967268917614, 0.2746560133716833, 0.34179417381215216], [0.25467422473678303, 0.15089856440966862, 0.21792044685989798, 0.3765067638936526], [0.23947015289941984, 0.2394696163345511, 0.1671740582880867, 0.3538861723779194], [0.22979557216422963, 0.27716767527220876, 0.21587044823791482, 0.2771663042256366], [0.24417341407285006, 0.1961928332789758, 0.18141737733231858, 0.378216375215858], [0.24869079097929603, 0.1906978138443453, 0.3000814125907188, 0.2605299824856415]], "ideal": "B", "sampled": "D", "correct": false}}
