{"type": "result", "data": {"idx": 0, "options": ["Planetary density will decrease.", "Planetary years will become longer.", "Planetary days will become shorter.", "Planetary gravity will become stronger."], "probs": [[0.0050571440435943655, 0.04950879121798722, 0.9414328186559722, 0.004001245982446206], [0.004255038792667133, 0.11592155985295319, 0.023181848808583604, 0.8566415524457961], [0.006800233531611075, 0.9709301133302752, 0.019990867924238244, 0.002278785113875446], [0.006830492196173789, 0.982901474012336, 0.006832117819760925, 0.0034359158717293483], [0.004855550795830126, 0.04942774471311839, 0.38872167977495437, 0.5569950246160971], [0.006081095397985396, 0.020254808987787035, 0.9682968351717459, 0.005367260342481649], [0.01057696794479247, 0.01960873205985358, 0.9671603316419733, 0.00265396825338059], [0.007904903837263446, 0.005144246306266127, 0.006604781734765999, 0.9803460680217044], [0.01620392202420794, 0.9795991031198972, 0.0022458532913820196, 0.001951121464512834], [0.01642470450369331, 0.9775952708946593, 0.0041220132682555435, 0.0018580112333919244], [0.011261186067364757, 0.009264048382605979, 0.004479451183311084, 0.9749953142667181], [0.011581392438844516, 0.022152357590337363, 0.9642375454106852, 0.0020287044601329744], [0.9656783418743656, 0.018976859207129767, 0.013774887686516761, 0.00156991113198784], [0.9689874140456447, 0.020913456400271983, 0.0073984782984863875, 0.0027006511555969642], [0.9454235412062816, 0.05090076412615313, 0.0025942378388675532, 0.0010814567286976903], [0.9410865229280302, 0.05393519239004956, 0.003786697014201815, 0.001191587567718428], [0.9551108185004338, 0.03534095997917802, 0.006286630678797295, 0.003261590741590871], [0.9444187343995033, 0.034403009869093996, 0.01929708704388258, 0.0018811685875201253], [0.003994598015793696, 0.007122064873589785, 0.32738759805538786, 0.6614957389552286], [0.0058982963103705556, 0.013087121745185322, 0.9765963634956328, 0.004418218348811254], [0.004390751521873114, 0.06503509796075801, 0.004255674356925737, 0.9263184760604432], [0.007185128274157273, 0.04167634480144599, 0.948494759868105, 0.0026437669562916974], [0.005701264566112871, 0.9895935788881632, 0.0025906591864199107, 0.0021144972593040157], [0.004942954671047969, 0.9797860091507009, 0.013865377252239904, 0.0014056588260111696]], "ideal": "C", "sampled": "C", "correct": true}}
{"type": "result", "data": {"idx": 1, "options": ["buildings will be built faster", "buildings will be made safer", "building designs will look nicer", "building materials will be cheaper"], "probs": [[0.003431201952862928, 0.9900629636989865, 0.003681961490353254, 0.002823872757797285], [0.0033019014642968907, 0.9906220895070181, 0.003543139851985728, 0.00253286907669922], [0.005206648833538023, 0.008003041529018774, 0.9845502891425983, 0.0022400203948449117], [0.00047247904032145905, 0.00044403010564239456, 0.00025488985043813724, 0.998828600903598], [0.005123165053413523, 0.008317062765970417, 0.9840030829556262, 0.0025566891249898236], [0.0005148620331999058, 0.0004726740209848038, 0.00021130896669423676, 0.998801154879121], [0.9948155447190936, 0.003451246798827653, 0.000752117367591591, 0.0009810910144871451], [0.9948615099965485, 0.003424508355240196, 0.000740491106283896, 0.0009734904419273475], [0.9950510081684967, 0.003533919954657868, 0.0005951268496971771, 0.0008199449271482799], [0.9954992800173287, 0.0032190447011562337, 0.0005463600466122994, 0.0007353151349027416], [0.9946393298422094, 0.0033707141165861, 0.0008521014180574349, 0.0011378545231470532], [0.9950619770985507, 0.003094455313830517, 0.0008070938307329182, 0.001036473656885797], [0.004818042151807824, 0.007945140621291301, 0.9850814091514417, 0.00215540797545919], [0.0003979658926368702, 0.0003568782430013084, 0.00019395958191144807, 0.9990511961824504], [0.002598291069900923, 0.993092402689658, 0.0027449236337052712, 0.0015643825067357658], [0.002461452257223718, 0.9936544500033194, 0.0023309946994607136, 0.001553102939996144], [0.0004404599252213775, 0.00040435030611842856, 0.00021300061440256084, 0.9989421890542576], [0.004749148936410237, 0.006911082655988521, 0.9862805669254621, 0.002059201382139134], [0.004925468228433917, 0.00857860366493234, 0.9837105982039503, 0.00278532980268335], [0.00045798580967145553, 0.0004617664267351888, 0.00017520285068220562, 0.9989050448129111], [0.003148191528539148, 0.9896750930736382, 0.004545312129896608, 0.0026314031679260273], [0.0029584616212955514, 0.9900231474316488, 0.004238155973966179, 0.0027802348730895294], [0.000388710776283255, 0.0004338117652960242, 0.00022497087516011314, 0.9989525064832606], [0.004601722391337274, 0.007240742875849898, 0.9860001197067431, 0.0021574149260697]], "ideal": "B", "sampled": "B", "correct": true}}
{"type": "result", "data": {"idx": 2, "options": ["Chemical energy is absorbed through the roots.", "Light energy is converted to chemical energy.", "Chlorophyll in the leaf captures light energy.", "Sunlight is converted into chlorophyll."], "probs": [[0.0050797785085907, 0.14849086619489812, 0.8410621924463725, 0.005367162750138651], [0.008191732627319115, 0.14753879681563095, 0.008386300834955483, 0.8358831696220944], [0.008322001852555695, 0.8493934700042424, 0.13642572551252374, 0.005858802530678224], [0.013870921217079463, 0.9142753038171547, 0.02341493816948936, 0.048438836696276424], [0.00927883603893387, 0.011194551737794519, 0.1374198244254648, 0.8421067876978068], [0.005671584863729227, 0.008582566464151372, 0.5350602003969733, 0.45068564817514606], [0.012476075423751254, 0.0076873133635693616, 0.960659728947172, 0.019176882165507416], [0.010568540943351811, 0.0030520501304821404, 0.004653440498866179, 0.9817259683272999], [0.0899568741611616, 0.881086355666426, 0.01677592183255011, 0.012180848239862319], [0.06451573756986606, 0.8910416506296323, 0.03853150031079188, 0.005911111389709835], [0.015537646194413066, 0.005806695866697384, 0.002054262510277337, 0.9766013953286122], [0.026281649371400078, 0.018065979091787015, 0.9411343834849001, 0.014517987951912836], [0.7672094184504125, 0.008196473204792585, 0.21981285735437572, 0.004781250890419238], [0.9157338783488037, 0.006466420443934905, 0.023653034560232933, 0.0541466665470284], [0.9788271816934652, 0.014864037819718616, 0.0032651278171946917, 0.0030436525696214698], [0.9721196107260579, 0.01794597285816504, 0.007598546187778856, 0.0023358701279981527], [0.8856796543029548, 0.009462490593167313, 0.00547648356052616, 0.09938137144335171], [0.9009641018137129, 0.010907334943504052, 0.08512311241486507, 0.0030054507279180286], [0.008170239843404445, 0.0035144943741948565, 0.07282187237181158, 0.9154933933105891], [0.007188176219646683, 0.005469487941257244, 0.8506167470747978, 0.1367255886642982], [0.018477758476887603, 0.015807133240009087, 0.0028339559341459403, 0.9628811522489573], [0.019357699484279747, 0.09236993441877268, 0.876249652125101, 0.012022713871846582], [0.021006966007635363, 0.5771601199526599, 0.023437475783269313, 0.37839543815643534], [0.01623497407895112, 0.7238884850643477, 0.25002459667081656, 0.00985194408588466]], "ideal": "C", "sampled": "C", "correct": true}}
{"type": "result", "data": {"idx": 3, "options": ["the control", "the hypothesis statement", "the dependent (responding) variable", "the independent (manipulated) variable"], "probs": [[0.0013149518037355677, 0.002964089155175371, 0.034978844181188025, 0.960742114759901], [0.007301418334260271, 0.016717964228910573, 0.963750211227113, 0.012230406109716142], [0.0012317359712424299, 0.024944565335670663, 0.000807695239827053, 0.9730160033532599], [0.004187399790138907, 0.06155299417725522, 0.9327777626565745, 0.0014818432760313846], [0.005775195680749937, 0.9654210848016124, 0.007832508084792404, 0.020971211332845255], [0.008787222158657342, 0.5975057450124857, 0.3915184714894088, 0.002188561239448169], [0.0009254462388076319, 0.0024579037474858315, 0.028116195096402456, 0.9685004548173041], [0.003942292359477592, 0.014199573248675884, 0.9720995263721783, 0.009758607919668181], [0.0011158549681967755, 0.006274264430834903, 0.0015130661496598813, 0.9910968143513085], [0.0038414238468145565, 0.03850426615521381, 0.9546151058377821, 0.003039204060189565], [0.004487438126949747, 0.9407737254155661, 0.02208358980494439, 0.03265524655253968], [0.004791276257397661, 0.6279749528034424, 0.3630699066022007, 0.004163864236959258], [0.004376826195013056, 0.0038941862149081763, 0.0010154840660593816, 0.9907135034240194], [0.009275723855164258, 0.027483303999924196, 0.9610024950087253, 0.002238477036186267], [0.0032076138328503635, 0.0016647016692123006, 0.002721959896348774, 0.9924057245015886], [0.006538165793139731, 0.013107190024353985, 0.9779300578413506, 0.002424586241155704], [0.008193294263159127, 0.9784777456527126, 0.010118345415665364, 0.0032106145684629014], [0.0083575131736223, 0.9824181181122547, 0.005655783340758859, 0.003568585273364198], [0.8221893282924364, 0.06859231717191809, 0.006277922054150315, 0.10294043238149522], [0.3794881099742098, 0.056857030753613896, 0.5608018628308378, 0.002852996341338537], [0.676392498953848, 0.023151768662678974, 0.022783952090841532, 0.2776717801926315], [0.31967114959892456, 0.03140808598451159, 0.6457371026333815, 0.003183661683182369], [0.6036828518099727, 0.38412260305748425, 0.010226571607259913, 0.0019679734252830935], [0.5501290624985214, 0.44249557159300495, 0.0054363505325783, 0.0019390152758953336]], "ideal": "D", "sampled": "D", "correct": true}}
{"type": "result", "data": {"idx": 4, "options": ["They have each lost kinetic energy.", "They have each gained the same amount of potential energy.", "They have each lost the same amount of potential energy.", "They have each gained one-half of their maximum kinetic energy."], "probs": [[0.27540929256096397, 0.4266683768798259, 0.27975220589693917, 0.018170124562270965], [0.2665848439911732, 0.302143783050512, 0.4260313818411284, 0.0052399910171863975], [0.4402669047109087, 0.43353467933111034, 0.1005653956772848, 0.025633020180696207], [0.42162133103198124, 0.32331672954987156, 0.24786213534178392, 0.0071998039763632345], [0.11685937881316864, 0.8374886683512721, 0.03884560321497941, 0.006806349520579785], [0.11560974464890503, 0.8221033420268976, 0.0529384550586851, 0.009348458165512281], [0.2442945019866759, 0.1627520721167869, 0.4493118688219932, 0.14364155697454398], [0.08804395408600617, 0.07020138641167155, 0.8288685315793193, 0.012886127823002967], [0.1452196229460185, 0.3222993289930734, 0.040960229623988355, 0.4915208183369197], [0.2004656225311804, 0.28720918722870586, 0.5039839819163353, 0.008341208223778476], [0.12801197384527918, 0.7032604334719254, 0.15084564937187803, 0.017881943210917448], [0.1872393374561165, 0.6238365288914616, 0.17868152591813796, 0.010242607634283939], [0.4896682427383311, 0.1297595481480606, 0.1665949647469377, 0.2139772442666706], [0.1938813046776819, 0.08274547824247235, 0.7092159449186102, 0.014157272061235572], [0.25126414286819804, 0.15006792115890288, 0.03219530586468643, 0.5664726300082126], [0.35338385686723883, 0.16180730678161664, 0.4755359828731816, 0.009272853377962874], [0.2468751948312767, 0.531094427867065, 0.20468965018215068, 0.01734072701950766], [0.2761807956459469, 0.4925089333514551, 0.22543985478062012, 0.005870416121977904], [0.16250288061096402, 0.6843715726995022, 0.1400918029829741, 0.013033743606559645], [0.15965617596787401, 0.6619764319154094, 0.16217940439973952, 0.016187987616977022], [0.4348052869244314, 0.20540036871168493, 0.34395537801984716, 0.01583896624403654], [0.42671769813754706, 0.2798753275356468, 0.2755144726098402, 0.01789250161696591], [0.2832122341983911, 0.3015209643916933, 0.3994103944985967, 0.01585640681131886], [0.34490510464553714, 0.32914828913661354, 0.31404992613171223, 0.01189667998613708]], "ideal": "D", "sampled": "D", "correct": true}}
{"type": "result", "data": {"idx": 5, "options": ["a non-infectious, cell-cycle disease", "an infectious, cell-cycle disease", "a non-infectious, chronic disease", "an infectious, chronic disease"], "probs": [[0.002678865191983933, 0.9616718618178407, 0.018449452399671093, 0.01719982049050427], [0.0019456874959946704, 0.9398019531463555, 0.05096588078571853, 0.00728647847193129], [0.004508286984526162, 0.01662265250949358, 0.9510317031991757, 0.027837357206804563], [0.004195379629559984, 0.01822634614741616, 0.9569254808572841, 0.02065279326573974], [0.001373582235133115, 0.2402437089983325, 0.7514610604131639, 0.006921648253370497], [0.0018966558388374178, 0.9161165659799524, 0.03779326377728144, 0.04419351430392872], [0.05517013909972328, 0.1712985123783969, 0.3625767691601048, 0.41095457926177503], [0.06418774360021232, 0.14810189796381096, 0.7639085749282464, 0.0238017834077303], [0.05794115099366907, 0.032002241012275785, 0.6735754733897604, 0.2364811345042947], [0.02855532499076761, 0.04492859357811298, 0.909462652994311, 0.01705342833680851], [0.013852228607586713, 0.8914160848703329, 0.07666176380813212, 0.018069922613948342], [0.013244749723970044, 0.9001971943436077, 0.0699425822490193, 0.01661547358340302], [0.004262291695648793, 0.01302827903953444, 0.9646217985143573, 0.018087630650459458], [0.005699188926849539, 0.014107605473840814, 0.9585136792560709, 0.021679526243238705], [0.0010533365778007395, 0.09708003283757466, 0.023051903433091284, 0.8788147270515333], [0.003815728955528867, 0.057409841605675874, 0.9264558565017399, 0.012318572837055371], [0.0032550611120601806, 0.9611282181419363, 0.017459755156754915, 0.01815696548924865], [0.0023860858188288437, 0.9479719319889045, 0.042291684513466904, 0.007350297578799702], [0.07451043082932703, 0.03384969294869715, 0.8798494108670795, 0.011790465254896304], [0.37933924495154187, 0.0381525670136311, 0.47210184096270086, 0.11040634697212612], [0.6266734840910476, 0.32516164949702353, 0.040695184688446476, 0.0074696816234823896], [0.6359816733503043, 0.32487699038223145, 0.03450725618796109, 0.004634079979503175], [0.7108826265419975, 0.12354795570176155, 0.03197597708700948, 0.13359344056923142], [0.633598833920832, 0.10839843979109114, 0.25202869169365183, 0.0059740344944249684]], "ideal": "B", "sampled": "D", "correct": false}}
{"type": "result", "data": {"idx": 6, "options": ["to repare for migration before winter", "to provide warmth during the cold winter months", "to store food that will be eaten over the winter months", "to protect the grasses and seeds from decay before winter"], "probs": [[0.0031147207525030014, 0.004978004756730425, 0.9863106437468424, 0.005596630643924139], [0.005983850036945323, 0.009489285838217166, 0.9754014095979554, 0.009125454426882092], [0.0031785220851855496, 0.9841543728367119, 0.00762580404356766, 0.005041300934534822], [0.0036808743612142163, 0.9447818995777054, 0.04449491575951327, 0.007042310201567053], [0.0052974933173190915, 0.9418714869651253, 0.025275128571725865, 0.02755589104582963], [0.0033251167972754977, 0.12978253586108937, 0.8593382780699969, 0.007554069171638297], [0.004061109501335566, 0.004157877644867468, 0.9860084931993738, 0.005772519554423193], [0.010609885350553835, 0.008459914214829407, 0.9701518713317988, 0.010778329002817933], [0.0047045092409189046, 0.9857382016407823, 0.003607973818784539, 0.005949315199514214], [0.004336359271924038, 0.9012540815161696, 0.09199510892604588, 0.0024144501858605117], [0.006743741759612926, 0.9788609927820281, 0.003696943229637971, 0.010698322128720954], [0.0050116538322519015, 0.4656914755651513, 0.5274525605380315, 0.0018443099645653112], [0.9923503980086386, 0.0050876247620417585, 0.0011712016985914117, 0.0013907754307282188], [0.8761713132635942, 0.014274530437752743, 0.1062935918124657, 0.003260564386187326], [0.9924597692353686, 0.006283558698275595, 0.0003227844216957209, 0.0009338875446601102], [0.9546966438971242, 0.01020155834916266, 0.0342378463241561, 0.0008639513295570868], [0.935165820289133, 0.06369322117315972, 0.0005216300724758385, 0.0006193283652314937], [0.9299340390808211, 0.06849866159526521, 0.0011965828966974987, 0.0003707163272161837], [0.9825383948905656, 0.0069938497106048336, 0.003252333239135519, 0.007215422059694053], [0.011486025905054873, 0.005821360473047564, 0.9789632482620725, 0.003729365259825072], [0.9736240080722459, 0.018406012222536114, 0.0005917435369784642, 0.0073782360682395215], [0.08976159556321739, 0.01597025727091766, 0.8925583527556318, 0.001709794310233143], [0.01354988157829752, 0.9809845468080848, 0.002487841390984401, 0.0029777301226333423], [0.009753025624428669, 0.9804403931817569, 0.007900117537026295, 0.0019064635567881136]], "ideal": "C", "sampled": "C", "correct": true}}
{"type": "result", "data": {"idx": 7, "options": ["There was once more water in the area.", "The area was once grassland.", "The climate in the area was once tropical.", "There are active faults in the area."], "probs": [[0.6725283175187737, 0.025673152535595878, 0.2984308858544716, 0.003367643991158786], [0.9569047155866419, 0.018513032577910076, 0.005181055872553794, 0.01940119586289423], [0.004176712210534592, 0.9908631040730812, 0.0037154905289656977, 0.001244693087418477], [0.004657575010063417, 0.9904320017589414, 0.003543954981059265, 0.0013664681499358608], [0.9638508785316918, 0.016327926263959916, 0.010297501996808437, 0.009523693107539772], [0.009720928155754836, 0.010268197469314361, 0.9762332816815926, 0.0037775925933381978], [0.01098806177827526, 0.04147213126733983, 0.9439156452294726, 0.0036241616249123327], [0.009918600701520458, 0.019120757337903475, 0.005350787361202403, 0.9656098544993736], [0.003607027510467516, 0.9850047949625185, 0.010198083833399341, 0.0011900935936146214], [0.004609616060857891, 0.9880532140327373, 0.004647198652467685, 0.0026899711539370994], [0.021942506006258404, 0.007236579711423289, 0.17259316430707705, 0.7982277498752413], [0.0059079518095609025, 0.01036972265311403, 0.9782148525763733, 0.0055074728609517745], [0.9930214745886285, 0.005547670173505663, 0.0008641357690761637, 0.0005667193687895649], [0.9922786942005034, 0.006184178304676268, 0.0009708390563404112, 0.0005662883384798567], [0.9937153615482235, 0.003815522718434825, 0.0018163732456278599, 0.0006527423877138183], [0.994355058034563, 0.003908518836951372, 0.00105192014434472, 0.0006845028841408405], [0.9910502007057855, 0.005757066173327306, 0.0024375926119315494, 0.000755140408955576], [0.9934594829983996, 0.0048219691797402224, 0.0010346695910399683, 0.0006838781308202441], [0.002139785589028224, 0.8305313104401894, 0.07842479753153861, 0.08890410633924377], [0.0037654450317560787, 0.03463056684822439, 0.958148138327602, 0.00345584969241751], [0.0011361804092414342, 0.003935090893146915, 0.29592387101227996, 0.6990048575853317], [0.002672338131488539, 0.009549175288105796, 0.9739925162289316, 0.013785970251474136], [0.0016663299042871706, 0.9860610473388977, 0.010369110356468595, 0.001903512300346551], [0.0019419479520851278, 0.990652852864733, 0.00462282557929815, 0.002782373503883682]], "ideal": "C", "sampled": "C", "correct": true}}
{"type": "result", "data": {"idx": 8, "options": ["The chicken population would go down.", "Populations of mice and rats would increase.", "Another bird of prey would replace the hawk.", "The chickens would have a lower rate of disease."], "probs": [[0.4242366373145395, 0.3462788614385762, 0.22707704240491763, 0.0024074587419666287], [0.5643334889611251, 0.39404686620910273, 0.0234760861610153, 0.018143558568756837], [0.16453149235109116, 0.4614978958012867, 0.37078710236763907, 0.003183509379983107], [0.42106968552384977, 0.5160244154788893, 0.022491639687215327, 0.040414259210045586], [0.6476113609671926, 0.03459217618084855, 0.29188837466488426, 0.02590808808707458], [0.6249208179567619, 0.03995121478380477, 0.29517789231451924, 0.0399500748449141], [0.0236657781489734, 0.8678086417357219, 0.10524585096853226, 0.0032797290467724664], [0.024909936253613974, 0.9425078280079648, 0.01698984729983012, 0.015592388338591029], [0.08691497781995253, 0.0709430417368668, 0.8376419438066823, 0.004500036536498293], [0.24900466108438063, 0.2490905811794957, 0.021757934159256538, 0.4801468234768671], [0.018972238682874495, 0.013040504526313699, 0.9505759556341137, 0.017411301056698136], [0.29600513419536767, 0.026480541025144355, 0.38605300163421397, 0.291461323045274], [0.39076875330266, 0.19345512322910463, 0.40950851402564065, 0.006267609342594678], [0.4250692350400944, 0.4742942997343408, 0.03544041698878442, 0.06519604813678034], [0.14416249118447771, 0.13127334435995014, 0.7207815062105416, 0.003782658145030487], [0.24538201548279506, 0.4445651255953756, 0.03619034282855778, 0.27386251599327155], [0.25952404879897656, 0.028224395742934012, 0.66271794206011, 0.049533613297979395], [0.3063499583541477, 0.017420604563690538, 0.4058404205953483, 0.2703890163868134], [0.005453159900039727, 0.5520834788554814, 0.41008361176940955, 0.032379749375069294], [0.005198377361649997, 0.5429882105755606, 0.39090738510623313, 0.060906026856556224], [0.007274060346783609, 0.022407929841246132, 0.9602179311697064, 0.010100078542263831], [0.005376315239521951, 0.16858509305398467, 0.48012446442397183, 0.34591412718252157], [0.008430943162207527, 0.09649937483858578, 0.8015432903077997, 0.09352639159140698], [0.004385016525203548, 0.07077763443130387, 0.5269628326126466, 0.397874516330846]], "ideal": "B", "sampled": "A", "correct": false}}
{"type": "result", "data": {"idx": 9, "options": ["the atom", "the electron", "the nucleus", "the proton"], "probs": [[0.36852230903031546, 0.5799286721395542, 0.025673677857691465, 0.025875340872438767], [0.358487433454162, 0.5820044863913136, 0.03959718371950474, 0.019910896335019624], [0.19750940392735333, 0.03459090817627774, 0.7453909891421931, 0.022508698654175697], [0.5602254762643358, 0.02579539593432315, 0.07945429384930318, 0.3345248338520378], [0.13314115565806967, 0.06143349208238665, 0.7904875616059241, 0.014937790553619525], [0.6785898271138177, 0.05151658552664733, 0.012331752220162572, 0.2575618350393724], [0.8955477446327805, 0.08074504647589589, 0.008056872102434005, 0.015650336688889613], [0.8897617863863161, 0.08949103013807655, 0.010940826262520844, 0.009806357113086467], [0.6795532493868622, 0.02361869925451175, 0.2832656117359357, 0.013562439522690362], [0.8732977178653595, 0.028738246339530094, 0.05582656144315487, 0.042137474251955555], [0.8583400424488982, 0.03655191585441811, 0.09333467673821483, 0.011773364858468876], [0.9217075943867578, 0.03630316626881298, 0.011422879743235024, 0.03056635950119426], [0.005531800056233097, 0.19501024755110466, 0.7592213259141883, 0.04023662637847385], [0.0016358702124786417, 0.3820034299823606, 0.11828532921204453, 0.49807537049311623], [0.001587111061454674, 0.4232167666197141, 0.5183795769676589, 0.05681654525117238], [0.0011423475355565218, 0.5558711070430238, 0.17214459989861464, 0.27084194542280504], [0.0008483775534114707, 0.007923879870655945, 0.42256180571769303, 0.5686659367582395], [0.00438825164795638, 0.039112060264875084, 0.9255616714411824, 0.030938016545986102], [0.010049611591091431, 0.08029513269629523, 0.8905852072320506, 0.01907004838056278], [0.003839310469205561, 0.07894527600081135, 0.013717131510225956, 0.9034982819197571], [0.002151962721890808, 0.5783891968977696, 0.37917746094591875, 0.04028137933442079], [0.0034563609597723613, 0.8071513331138742, 0.04696543977548368, 0.14242686605086968], [0.004169624045981772, 0.003978957180809738, 0.5461111929678677, 0.44574022570534083], [0.009440623565078287, 0.016962394920828024, 0.9406461723853884, 0.03295080902870533]], "ideal": "A", "sampled": "B", "correct": false}}
{"type": "result", "data": {"idx": 10, "options": ["life processes", "size differences", "plasma membranes", "energy molecules"], "probs": [[0.003518655274516029, 0.04783065405013799, 0.9090048267735793, 0.03964586380176668], [0.000831208527424458, 0.012026007932107011, 0.03191195972030485, 0.9552308237201637], [0.006948924939847725, 0.849118927042609, 0.08527396262555192, 0.058658185291991294], [0.0076927408496989345, 0.514928437391482, 0.030178252906059015, 0.44720056875276004], [0.0009096862895016012, 0.005114747686578178, 0.026994005491144807, 0.9669815604327754], [0.0016776794080005247, 0.010771737718803732, 0.687218505434634, 0.3003320773385617], [0.009618070235114545, 0.017839480806257055, 0.8861201977784174, 0.08642225108021093], [0.0018513753385292154, 0.004206609463274698, 0.019589055407418645, 0.9743529596907774], [0.02698421422713425, 0.908762257462044, 0.023081307755534436, 0.04117222045528732], [0.019440876406344273, 0.814641162825464, 0.14584659197495675, 0.02007136869323507], [0.0022739126592838006, 0.030678814586606058, 0.0054526801254662, 0.961594592528644], [0.010431541235769982, 0.17790106119384028, 0.796720512843112, 0.014946884627277796], [0.626095492362817, 0.04905405041245974, 0.23029955415507547, 0.09455090296964773], [0.47892719251220695, 0.03209471339795475, 0.03183172277271991, 0.4571463712171184], [0.8236438247648726, 0.09391634473027528, 0.029767077889712425, 0.05267275251513969], [0.6358496143426303, 0.08812427706838295, 0.24509581858959736, 0.03093028989938942], [0.5366033734912667, 0.03540109374550238, 0.016457138006233163, 0.4115383946569977], [0.6209824501015795, 0.05643372615535628, 0.26702954172851046, 0.05555428191455379], [0.003228415628005375, 0.00377610918650652, 0.11830860729081663, 0.8746868677946714], [0.007586952407642379, 0.007356394653426698, 0.6722977853831167, 0.3127588674558142], [0.005068695151601129, 0.014446910014764445, 0.00660926366088556, 0.9738751310727488], [0.01892906641665154, 0.05352373500413512, 0.9119711653269981, 0.015576033152215245], [0.054468073300484615, 0.3313236257840784, 0.01443268461104398, 0.599775616204393], [0.054932345210970505, 0.7414174744249933, 0.1786804960739047, 0.024969684190131482]], "ideal": "B", "sampled": "C", "correct": false}}
{"type": "result", "data": {"idx": 11, "options": ["The Sun influences the formation of waves.", "The Sun creates water particles.", "The Sun's rays cause organisms to come to the surface.", "The Sun provides minerals."], "probs": [[0.17795379855836138, 0.29803452558892535, 0.5149397964619695, 0.009071879290743746], [0.21793494844128966, 0.4268058776506453, 0.022794251670322927, 0.3324649221377421], [0.14580205084995387, 0.13275648522093775, 0.7065442927591573, 0.014897171069951027], [0.2051548453284467, 0.19887990646518855, 0.02031417281636882, 0.5756510752899959], [0.03386823756948647, 0.01625021510594523, 0.8667002721746753, 0.08318127504989307], [0.18061251926655747, 0.032636727083965804, 0.7143363941320231, 0.0724143594174536], [0.015602673533138574, 0.7232100427441637, 0.2498560419509898, 0.01133124167170794], [0.016118205691870276, 0.74135695085406, 0.019906537123296954, 0.22261830623077283], [0.05503763873167502, 0.10123422561974818, 0.8279561239959661, 0.015772011552610772], [0.09766660411424434, 0.3104582061205691, 0.03824902239992889, 0.5536261672652576], [0.020029707880236187, 0.015002449795633047, 0.9208705364298299, 0.04409730579430092], [0.03508697443266744, 0.014857610373252107, 0.8304072291743433, 0.11964818591973717], [0.013715575947120607, 0.1301325695224804, 0.8353970325316932, 0.02075482189870581], [0.01231732441374214, 0.17822389963052085, 0.010535678334613167, 0.7989230975211239], [0.007306981124305907, 0.46282108055744375, 0.5162169495408712, 0.013654988677379147], [0.0064276979324901454, 0.7547879330772554, 0.03238699633135871, 0.2063973725588957], [0.013735609521744354, 0.007071307583009643, 0.5616983551051069, 0.4174947276901391], [0.011055878599265675, 0.013976635709369453, 0.9276793200867395, 0.04728816550462533], [0.001431234835622256, 0.3756631795844942, 0.5817311228121098, 0.041174462667773734], [0.0017045018846879143, 0.570084104043932, 0.40412294260637155, 0.024088451365008565], [0.0022897910031032, 0.237231802429327, 0.7421837806034082, 0.01829462586416166], [0.0011504136777017648, 0.5096926815617376, 0.4713019845604174, 0.017854920100143137], [0.001779376763052748, 0.08373837177996751, 0.7580225472218588, 0.1564597041351209], [0.0021463199166664314, 0.07332570730608592, 0.8523318627780992, 0.07219610989914842]], "ideal": "A", "sampled": "B", "correct": false}}
{"type": "result", "data": {"idx": 12, "options": ["32\u00b0 F", "41\u00b0 F", "78\u00b0 F", "98\u00b0 F"], "probs": [[0.0012909642764733248, 0.03461864868119363, 0.9578343962885141, 0.0062559906538189785], [0.0016908691249473923, 0.10378977820414022, 0.01173479696237684, 0.8827845556085355], [0.001885785669840228, 0.8688983620745637, 0.11757199871562073, 0.011643853439975352], [0.0020923402619103452, 0.9793534871656489, 0.008877989833082292, 0.009676182639358549], [0.0017135058339816337, 0.003102747476380287, 0.1415325800943151, 0.8536511664953229], [0.0014845506471427672, 0.005101181215314887, 0.9874033538475884, 0.006010914189954015], [0.0009059571461618547, 0.01568573638459899, 0.9780293832470036, 0.005378923122235572], [0.001047203966429206, 0.03991182776600275, 0.006989506055276596, 0.9520514621122914], [0.0013250830183856664, 0.9834240801789328, 0.010837121349562466, 0.004413715353119079], [0.001536049607043821, 0.9827214966968083, 0.010253396393893364, 0.005489057202254464], [0.002299052153362494, 0.07732757032521238, 0.15138472326133248, 0.7689886541600927], [0.001631819618565489, 0.01224703887878266, 0.9805137264306044, 0.005607414972047411], [0.6386123093769931, 0.04019191731611572, 0.31612547213186276, 0.005070301075028436], [0.8933106620121823, 0.0830944362093296, 0.018979602145624327, 0.0046152995328637035], [0.8796264157653372, 0.09869662255363572, 0.01928209618238243, 0.00239486539864465], [0.7172452297501027, 0.2087399239569956, 0.06882951491269579, 0.005185331280205898], [0.7152240705141812, 0.08024690857642408, 0.19552498598665094, 0.009004034822743692], [0.6003283309175922, 0.07874637158670354, 0.3163414026190853, 0.004583894776618959], [0.001279184069283111, 0.0074183711339751105, 0.26353738878171057, 0.7277650559150313], [0.001157386838832688, 0.009032266435451988, 0.9807067157335925, 0.00910363089212288], [0.0018454614444537018, 0.029317867195617738, 0.48058823053952426, 0.48824844072040424], [0.0013796009012389877, 0.00899585409203575, 0.9844178507372108, 0.005206694169514544], [0.0010896511669111284, 0.96780559044559, 0.019925375073865433, 0.011179383213633426], [0.0013014043804316132, 0.9582229428936724, 0.030318180621062223, 0.010157472004833737]], "ideal": "C", "sampled": "C", "correct": true}}
{"type": "result", "data": {"idx": 13, "options": ["Repeat the investigation.", "Write a report of the results.", "Make a table for recording data.", "Make daily observations of the light bulbs."], "probs": [[0.0021244890841607307, 0.0027929982590361737, 0.06818318469510938, 0.9268993278616937], [0.0024523523089414307, 0.004304577525275467, 0.9514348782730996, 0.04180819179268346], [0.0022161566865510044, 0.05806620108846126, 0.0026522696464068977, 0.9370653724785808], [0.005785928769563456, 0.8864496650735205, 0.09482577019460385, 0.012938635862312217], [0.0024761489254310266, 0.5476965726434585, 0.016787507957621992, 0.4330397703734885], [0.003774928071051144, 0.3732975265741975, 0.6152413718879358, 0.007686173366815527], [0.004204055615031304, 0.013894328044581234, 0.1679064908533389, 0.8139951253870485], [0.004232417833582154, 0.012152602609517373, 0.8857574171255996, 0.09785756233130086], [0.005477697262585639, 0.02593221209044697, 0.08238886506934404, 0.8862012254776234], [0.006489318937179308, 0.046846350178765296, 0.8045982912812366, 0.14206603950281876], [0.002384568986710965, 0.7673312285492657, 0.06699237850164563, 0.16329182386237764], [0.0034910465183105852, 0.6603295041856202, 0.2666054003310194, 0.06957404886504984], [0.08159410690538792, 0.008401811783421184, 0.004712374263365847, 0.905291706947825], [0.643976374933316, 0.029653342710945902, 0.313814067039216, 0.012556215216521997], [0.02769837209188112, 0.00203842790059606, 0.023690341495937534, 0.9465728584115852], [0.07641563086951865, 0.004772559441370953, 0.9022837313358747, 0.016528078253235733], [0.7030042749898031, 0.24302276083828692, 0.04321116424177292, 0.01076179983013707], [0.6655659004503345, 0.26907545024734253, 0.012381840357639291, 0.05297680884468365], [0.011591449807656978, 0.007843932125245418, 0.007781772855359892, 0.9727828451117377], [0.021254560748716518, 0.01351105098191672, 0.9545457112833756, 0.010688676885991087], [0.007502253773729401, 0.0023982378638412877, 0.06686198836823554, 0.9232375198941938], [0.01621749601037006, 0.005024592784772907, 0.8854196538971031, 0.09333825720775397], [0.03348272120514789, 0.8916416102734616, 0.051851666823904165, 0.02302400159748636], [0.028002330300331137, 0.865245260000441, 0.02756542081498392, 0.07918698878424398]], "ideal": "C", "sampled": "D", "correct": false}}
{"type": "result", "data": {"idx": 14, "options": ["ozone", "methane", "water vapor", "carbon dioxide"], "probs": [[0.004876932637586448, 0.3500306338888656, 0.20257222829636665, 0.4425202050771813], [0.002283576275566784, 0.05620172488810044, 0.9358176395120874, 0.005697059224245392], [0.005879727783450434, 0.09639089742062099, 0.6187931537333708, 0.2789362209625577], [0.002346484296262124, 0.023699933025469876, 0.9466727417265397, 0.027280840851728303], [0.00234419838521888, 0.8478875496947686, 0.14503180066546129, 0.004736451154551203], [0.0029308782106313197, 0.9503221559568604, 0.031022215417857466, 0.015724750314650773], [0.019931780986221708, 0.007107127548832606, 0.7838400189102392, 0.18912107245470647], [0.016545450390270628, 0.008926077786527535, 0.9691979929263919, 0.0053304787968099475], [0.10590119545003907, 0.4672745446259134, 0.0333238785426599, 0.39350038128138765], [0.013602226473558111, 0.09516677469387792, 0.8888853487390587, 0.0023456499935052585], [0.0228687796608571, 0.9650727786461752, 0.007483348467887948, 0.004575093125079709], [0.015687165816811396, 0.926287951149289, 0.055618595455842544, 0.002406287478057058], [0.023836301153097827, 0.009556190477849657, 0.8272623947742237, 0.1393451134948288], [0.01605860092889824, 0.009367627725465982, 0.9555001551382232, 0.01907361610741265], [0.037242050259714186, 0.2143265615432633, 0.023306140547607806, 0.7251252475494147], [0.011686785154314804, 0.09265375150148379, 0.892883170612416, 0.002776292631785476], [0.016407915986170817, 0.9689772434473793, 0.008187155069630981, 0.00642768539681879], [0.008216915993788005, 0.8993767277808289, 0.09043880928068042, 0.00196754684470264], [0.49868256638204495, 0.01933624812088907, 0.47584886107438873, 0.0061323243226772736], [0.5546570102608974, 0.021845366039596626, 0.39950468161176544, 0.023992941987740476], [0.7445214639361802, 0.24552499102185238, 0.006910694906230293, 0.003042850035737059], [0.4751809149849805, 0.4605750950812105, 0.06331215679556575, 0.0009318330382432838], [0.8877489505973634, 0.10276687819874437, 0.006075842264385666, 0.0034083288395066274], [0.6901573014354003, 0.24996349474904098, 0.0584497644112295, 0.0014294393043291823]], "ideal": "C", "sampled": "D", "correct": false}}
{"type": "result", "data": {"idx": 15, "options": ["0 degrees Celsius", "32 degrees Celsius", "100 degrees Celsius", "212 degrees Celsius"], "probs": [[0.9273663922942678, 0.07151187337517417, 0.0006284677767312953, 0.0004932664538267326], [0.9215110009280867, 0.07683322384721832, 0.001096009239006815, 0.0005597658856882151], [0.002029820661620809, 0.0013311942422412422, 0.9954824260838406, 0.0011565589122972892], [0.0011397164339788915, 0.0003877742229252623, 0.002000206509883817, 0.996472302733212], [0.0017223368307138205, 0.0018191851798385053, 0.9952839425420787, 0.0011745353473689047], [0.004357123080740458, 0.00131852909547729, 0.0005411114290200536, 0.9937832362947622], [0.00026206611349345414, 0.9953174695800696, 0.002391130222954865, 0.002029333983482041], [0.0002921403526819042, 0.9945877278512173, 0.0029275119552222796, 0.002192619740878477], [0.0006393903500371026, 0.001486633147746814, 0.9965620247872968, 0.0013119516149192613], [7.655854354258184e-05, 0.0002490770445569961, 0.0005612715668483579, 0.999113092745052], [0.000701886383961661, 0.0018637421707612648, 0.9960814331913643, 0.0013529381539127082], [0.00011052657229039921, 0.00037980208773932627, 0.0003768311686429017, 0.9991328400713274], [0.00012643428982988836, 0.8296619881537978, 0.16853319571300704, 0.001678381743365335], [0.00023098373654708367, 0.9786359386191684, 0.0063902705167207105, 0.014742807027563769], [0.00013914058174272346, 0.11428090149193652, 0.8848788710582354, 0.0007010867680853134], [0.000248234658598804, 0.8255291878772163, 0.0038826914516370582, 0.1703398859125478], [0.00018828391765207634, 0.00474332340434879, 0.9927203117293055, 0.002348080848693609], [7.986701231438306e-05, 0.0010769399411490854, 0.9197222246435092, 0.07912096830302737], [0.00017502609802835478, 0.9824012037786276, 0.015389205140530425, 0.0020345648828136277], [0.00033837795881210063, 0.9776780473380732, 0.0029230164515800295, 0.01906055815153471], [0.00018872518244815692, 0.0345861336654863, 0.9644243704708064, 0.000800770581259081], [0.00024538946675518923, 0.49496208893334126, 0.0020706231866914476, 0.5027218983132121], [0.0004210826602462939, 0.0017590401791242214, 0.9929250594616884, 0.004894817598941053], [0.00020984618959921588, 0.0007556930772416908, 0.9390043299555252, 0.06003013067763392]], "ideal": "A", "sampled": "A", "correct": true}}
{"type": "result", "data": {"idx": 16, "options": ["exclude research on teeth or bones", "predict what the next discovery will be", "analyze new data as it becomes available", "delete earlier reports that were missing the new findings"], "probs": [[0.022823476361784306, 0.010951978663376508, 0.9554421153566949, 0.010782429518144319], [0.015778856482650587, 0.0028296122561792683, 0.012579891934868201, 0.968811639226302], [0.01373917936056331, 0.964066776975016, 0.010618388086315447, 0.011575655478105252], [0.008949815451158152, 0.9648852327968171, 0.01924628253055114, 0.0069186691214735], [0.018515082833055037, 0.012432986447323506, 0.004229360432957983, 0.9648225701866635], [0.03064096040849312, 0.02878699909588333, 0.9311524892847072, 0.009419551110916411], [0.026083249652549677, 0.019691582353339194, 0.9413107133120986, 0.012914454582012475], [0.012316988429994626, 0.004749715192824314, 0.0042236264522428485, 0.9787096698249382], [0.011138375627290765, 0.9575764738080952, 0.018949668756268977, 0.01233548170834502], [0.00967677575296224, 0.9501088399766301, 0.02510197927259762, 0.015112404897810086], [0.010801255429463884, 0.01956324398451661, 0.004609539919933229, 0.9650259605660862], [0.02816895649709576, 0.042957936518167865, 0.9112420301832714, 0.017631076701464944], [0.9006900463027094, 0.0739520885008409, 0.0077929121930458475, 0.01756495290340385], [0.9407104108270912, 0.03883714168799767, 0.014063097319052443, 0.00638935006585873], [0.871170270918007, 0.03949956916530132, 0.05928216796711485, 0.030047991849576808], [0.6227862695104055, 0.03199340331249224, 0.3180680501574785, 0.027152276919623745], [0.9091529923945311, 0.07582610661231468, 0.010502846555549599, 0.004518054337604653], [0.8261993961046452, 0.1528896659360273, 0.008164143029298986, 0.012746794830028557], [0.03509830075237313, 0.011132870984485286, 0.004900974823724082, 0.9488678533394175], [0.0399482427832906, 0.025997169314874908, 0.9235503142831928, 0.01050427351864164], [0.015787088059315176, 0.0030372514297689833, 0.00424911286315436, 0.9769265475477614], [0.026371941872558185, 0.01587242202765425, 0.9442845835085115, 0.013471052491276067], [0.01435182277763149, 0.9531902279306966, 0.023115643281889774, 0.009342305909782106], [0.017426114852215333, 0.9521933374382795, 0.016372230207255714, 0.014008317402249403]], "ideal": "C", "sampled": "C", "correct": true}}
