{"type": "result", "data": {"idx": 0, "options": ["paralysis of the facial muscles.", "paralysis of the facial muscles and loss of taste.", "paralysis of the facial muscles, loss of taste and lacrimation.", "paralysis of the facial muscles, loss of taste, lacrimation and decreased salivation."], "probs": [[0.4834656046821164, 0.10461211047598495, 0.1406878658885955, 0.2712344188533032], [0.1258890926712032, 0.07761408387838514, 0.5823065041913421, 0.21419031915906955], [0.33254711577893087, 0.2672751148047829, 0.0827736302094227, 0.31740413910686355], [0.36803520270534396, 0.3004728898176022, 0.1939363955353932, 0.13755551184166062], [0.20377108452666573, 0.6179696916915904, 0.09327195583841298, 0.0849872678433308], [0.2530329719552584, 0.6165836796202817, 0.07477412065668952, 0.055609227667770336], [0.12123581111139514, 0.1005716331245138, 0.48726353407445244, 0.29092902158963857], [0.04636846462723173, 0.07297181734017098, 0.7603837248522977, 0.12027599308029963], [0.08362065812957055, 0.45931457441964346, 0.06412309264220355, 0.3929416747085825], [0.12862791651483194, 0.3723759671393214, 0.3723063787217379, 0.12668973752410875], [0.026385214614518416, 0.9014686454255358, 0.03550119133397843, 0.03664494852596732], [0.048280176977744366, 0.8692633055410519, 0.06102264353649663, 0.02143387384470703], [0.3566864768433746, 0.0759662621686592, 0.04001727372027045, 0.5273299871676957], [0.3155272720262514, 0.09479296559611364, 0.4888216736730003, 0.10085808860463462], [0.42051214915433843, 0.09683718747803446, 0.04867287088457745, 0.4339777923830496], [0.3634393404525864, 0.09486301704700814, 0.44537617424516057, 0.09632146815524491], [0.4178375562436501, 0.4810288801212433, 0.07037141852893843, 0.030762145006168157], [0.5364499111549917, 0.34643668061918426, 0.08225773304719346, 0.03485567507863054], [0.7694289339564688, 0.09939369113969664, 0.04206111093661785, 0.08911626386721669], [0.8261009092723917, 0.1050563262168345, 0.0430856427630625, 0.025757121647711365], [0.7547781185506206, 0.11578219696532945, 0.04602986402238069, 0.08340982036166929], [0.7553818168824883, 0.1333783854904133, 0.07360304836488565, 0.037636749162212754], [0.8676281730224544, 0.08460323086226483, 0.031100319993908842, 0.016668276021371924], [0.8589646351410267, 0.09198556342624169, 0.03599498598689761, 0.013054815345833972]], "ideal": "A", "sampled": "D", "correct": false}}
{"type": "result", "data": {"idx": 1, "options": ["a protruding mandible due to reactivation of the condylar cartilage by acromegaly.", "a recessive maxilla due to failure of elongation of the cranial base.", "an enlarged frontal bone due to hydrocephaly.", "defective development of the maxillary air sinus."], "probs": [[0.4098382981420617, 0.4231487904769701, 0.10362415991337344, 0.06338875136759478], [0.3892405636785184, 0.4212901575970945, 0.12637489091273335, 0.06309438771165374], [0.4926255239137063, 0.1601316946476855, 0.25168691000391474, 0.09555587133469348], [0.5482184739637759, 0.16478104748114844, 0.16462319946770115, 0.12237727898737452], [0.4188280638808195, 0.25840490668804894, 0.22777953402238882, 0.09498749530874273], [0.5638783783601495, 0.2280143286065108, 0.09349877734660333, 0.11460851558673626], [0.9349939389440624, 0.04656365967175819, 0.016086899023411833, 0.0023555022607676195], [0.9259366898841528, 0.05145198346478657, 0.021104811408102185, 0.0015065151429584837], [0.9404328920903232, 0.04101150161645402, 0.015560622970794198, 0.0029949832224285466], [0.9251955013622081, 0.05263086396831836, 0.019966076051899165, 0.0022075585175743923], [0.9357416905723382, 0.04961206966790454, 0.013451316865069042, 0.001194922794688166], [0.9271711657381788, 0.057471438903437456, 0.013751407032850082, 0.0016059882255336849], [0.23624900333082025, 0.24040755985370593, 0.4216350379408224, 0.10170839877465136], [0.2742924567354006, 0.25808187162909546, 0.253843147110448, 0.21378252442505594], [0.08619909244507123, 0.7930022713643728, 0.0692788532092092, 0.051519782881346676], [0.1232266533659856, 0.7553055032416262, 0.08471911860724453, 0.03674872468514372], [0.10477268382536642, 0.6730204023337756, 0.08964501053256364, 0.1325619032082943], [0.13137511102752752, 0.5202330621678306, 0.26985417221007707, 0.07853765449456473], [0.7378564641152773, 0.11684008947724155, 0.10797736288966865, 0.037326083417812496], [0.7825288438117272, 0.11456670995065947, 0.04963579567294479, 0.053268650464668624], [0.700877758850116, 0.2661373513376269, 0.025133036977468846, 0.007851852734788277], [0.5922219531680489, 0.3707588847463897, 0.02705826036357912, 0.009960901621982238], [0.7944322227637269, 0.0934532359148986, 0.05364137142360238, 0.05847316979777207], [0.6580228902937021, 0.11445348879226154, 0.1771568682188986, 0.05036675259513776]], "ideal": "B", "sampled": "B", "correct": true}}
{"type": "result", "data": {"idx": 2, "options": ["Bladder", "Kidney", "Ureter", "Urethra"], "probs": [[0.9194350743549788, 0.05187287127955687, 0.011044002023833, 0.0176480522416313], [0.9273883924099817, 0.05569540113128489, 0.011314893618453897, 0.0056013127402794695], [0.9313928575684646, 0.04637294528839797, 0.011724501600458593, 0.01050969544267883], [0.9183623788203829, 0.0443171105117357, 0.03293264870092549, 0.0043878618669558845], [0.9423608988098745, 0.037116028218548314, 0.006654340079053684, 0.013868732792523488], [0.9443329411228437, 0.044168464084326266, 0.00869701508464817, 0.002801579608181822], [0.0013620724131933881, 0.9948959298629745, 0.002210678055513558, 0.001531319568318611], [0.0011132509464216497, 0.9962984129971184, 0.001792770426354852, 0.000795565530105114], [0.08526371512489415, 0.03236407911653672, 0.8748044894748371, 0.0075677161837319805], [0.44055298786960145, 0.02729851430565038, 0.017082281727168185, 0.51506621599758], [0.01201581195200599, 0.015429134958692891, 0.9697010242959071, 0.0028540286933940737], [0.5116899656708886, 0.019231043933188096, 0.017509279933956224, 0.451569710361967], [0.0007085778010858949, 0.9898139776951717, 0.0050344462214256145, 0.004442998182316844], [0.0007213938491397188, 0.9920790758181359, 0.004740245624352396, 0.0024592846083719656], [0.0014481377774821689, 0.024684369144910335, 0.9558095769708251, 0.018057916006782387], [0.0019252121015841525, 0.00993099870446064, 0.006312296652660762, 0.9818314924412944], [0.002775247262774224, 0.02269738211688391, 0.9652126619274047, 0.009314708592937069], [0.0019263619979342135, 0.021703929447174048, 0.009189781114076253, 0.9671799273408155], [0.0007062071100719208, 0.9942247900764185, 0.003164513004054203, 0.001904489709455369], [0.0008192784018381271, 0.9943215573331755, 0.0033167106457938937, 0.0015424535191924866], [0.0010038694481603694, 0.015100576625804576, 0.9792178101532646, 0.0046777436727704685], [0.0041266829155606494, 0.011394046351981383, 0.0209559930556545, 0.9635232775768034], [0.0037942918523763114, 0.027600488232152602, 0.957964622850373, 0.010640596965098094], [0.0027969586256396213, 0.021658403484122075, 0.01039155371283659, 0.9651530840774017]], "ideal": "A", "sampled": "A", "correct": true}}
{"type": "result", "data": {"idx": 3, "options": ["Motor neurons", "Skeletal muscles", "Melanocytes", "Sweat glands"], "probs": [[0.10428533235854143, 0.6289776281840521, 0.10265241848459625, 0.16408462087281026], [0.075994522504278, 0.5275613147619502, 0.16596739239772565, 0.23047677023604612], [0.18332145833147007, 0.16698452579818457, 0.4067859886658805, 0.24290802710446482], [0.05501930390988012, 0.1094695547895278, 0.5646454452865403, 0.2708656959140518], [0.03387012717485775, 0.7129387285329436, 0.08647431464550286, 0.16671682954669578], [0.015972205694822085, 0.5810108021073775, 0.29212772039589535, 0.11088927170190503], [0.4231291914353764, 0.3048502138358185, 0.10367800807635809, 0.16834258655244697], [0.29585006830117977, 0.18521572647626755, 0.27362251279002053, 0.2453116923325321], [0.3561761921857826, 0.2526423893222534, 0.09585262691235717, 0.2953287914796068], [0.234801095182049, 0.15897024929468215, 0.4744766581407068, 0.1317519972825621], [0.06860951001284513, 0.8101405108214405, 0.03847815282177598, 0.08277182624393839], [0.0555438953898901, 0.6874400651250365, 0.20316592940013076, 0.053850109984942565], [0.4379393653702607, 0.15865247659225362, 0.13356590866746576, 0.26984224927001993], [0.06391342371546843, 0.051376574590698824, 0.82917143233184, 0.05553856926199276], [0.48292189831672855, 0.156819373353535, 0.08933070301116275, 0.2709280252185737], [0.21156885902600475, 0.09103551370432313, 0.6318400407421552, 0.0655555864275169], [0.01390858214360635, 0.9450220097499912, 0.01813611059411571, 0.022933297412286783], [0.027576480468979744, 0.9275949138607075, 0.02433212323738386, 0.020496482332928966], [0.7079449627606073, 0.07580665215812087, 0.08323031353005271, 0.13301807145121922], [0.4654767672110007, 0.05921640815093799, 0.43062739276670403, 0.044679431771357324], [0.7380526193726566, 0.09095970709340014, 0.05602196621195505, 0.11496570722198818], [0.455463914321027, 0.07098694863582965, 0.4415634555614867, 0.03198568138165664], [0.4400054232336362, 0.46849805286497587, 0.04859779792760782, 0.042898725873780144], [0.3727230623666855, 0.5424336477350824, 0.05123355506321222, 0.03360973473501981]], "ideal": "C", "sampled": "D", "correct": false}}
{"type": "result", "data": {"idx": 4, "options": ["Afferent arteriole", "Glomerulus", "Loop of Henle", "Renal pelvis"], "probs": [[0.0015668597006941133, 0.9942658940240743, 0.003642314710165194, 0.0005249314650663582], [0.0015290155944763747, 0.9932389815077988, 0.003934260907449716, 0.001297741890275155], [0.0028308625969518503, 0.01733878107611435, 0.976954601319739, 0.002875754907194781], [0.002772007956443103, 0.0052603126925926625, 0.005018848212521764, 0.9869488310384424], [0.0029064197418506087, 0.015108104106799112, 0.9798252755996092, 0.0021602004517410583], [0.006541926030135628, 0.010291667585396229, 0.01222054948894054, 0.9709458567955276], [0.9904155075125468, 0.0080503713971173, 0.0013771458342930667, 0.00015697515604276422], [0.9872515098451746, 0.01063093130471078, 0.0018472081041255666, 0.0002703506459890586], [0.9924634180942782, 0.005994960460775569, 0.001401714823808254, 0.00013990652113798552], [0.9911498927170949, 0.007109905485947572, 0.0015254823561698387, 0.0002147193407877059], [0.9887843690607048, 0.008966114878532333, 0.0020160918331636156, 0.00023342412759931692], [0.9896974216673063, 0.008300111338119235, 0.0017669885964067468, 0.00023547829816762436], [0.001013133912542992, 0.02182611088477403, 0.9729287074910554, 0.004232047611627576], [0.0007234903975599845, 0.005963119849271194, 0.005962497725822085, 0.9873508919273467], [0.0003704601170694209, 0.9973592521772587, 0.0018372248888393504, 0.00043306271683244687], [0.0004363963440729423, 0.9971038836866394, 0.0018950448400375931, 0.0005646750292500497], [0.0009169880164661618, 0.006827498793629789, 0.010089206965264873, 0.9821663061246392], [0.000811611239903642, 0.011831031286994443, 0.9853327003478863, 0.0020246570252156182], [0.0016769868505595372, 0.02622794429287264, 0.9691744610833518, 0.002920607673216039], [0.002034430583248887, 0.013902001457856437, 0.009405940723596195, 0.9746576271352985], [0.0005104805771478194, 0.9977310368466846, 0.001465322255923411, 0.0002931602202441203], [0.0005564083495555032, 0.9979755969623266, 0.001234202847123465, 0.00023379174099438324], [0.001178534349221553, 0.0072751631775140125, 0.008372815304549723, 0.9831734870687147], [0.001186011465313191, 0.014904566912348812, 0.9818599139667133, 0.0020495075556246373]], "ideal": "B", "sampled": "B", "correct": true}}
{"type": "result", "data": {"idx": 5, "options": ["They will be unable to breathe without life support.", "They will only be able to breathe quietly.", "It is impossible to predict an effect on breathing.", "Breathing will be unaffected."], "probs": [[0.377017181389097, 0.2184366201670071, 0.2147897843739113, 0.18975641396998455], [0.31175113650277475, 0.2014743149518454, 0.4262809880033322, 0.06049356044204765], [0.31073769460882217, 0.3259628068186297, 0.13573677634227738, 0.22756272213027076], [0.26287626629950805, 0.2982303731240787, 0.3886593492985178, 0.05023401117789549], [0.20586714376537213, 0.6858587937025931, 0.0781291061352568, 0.03014495629677799], [0.1941988067965182, 0.6675378245155393, 0.11237135800494769, 0.025892010582994802], [0.04776608836696021, 0.8208644801854276, 0.09799937683855403, 0.03337005450905823], [0.03964640859476135, 0.8347332704844378, 0.11293954586924008, 0.01268077495156072], [0.12707901732371923, 0.219846205698547, 0.4040076789447372, 0.24906709793299656], [0.14921181947849718, 0.23868971349326898, 0.35802992107775, 0.25406854585048383], [0.0646842619457134, 0.19322151714041114, 0.674269293394712, 0.06782492741916353], [0.13679513333860016, 0.5084646343676411, 0.13257381318673955, 0.2221664190070192], [0.16050731536231286, 0.5607657819140301, 0.11033255194765614, 0.16839435067600084], [0.13692944668626178, 0.5173018921075309, 0.3039533401392435, 0.041815320966963866], [0.0917801362714819, 0.0786366709581855, 0.6578743653198155, 0.17170882735051715], [0.21289137003677056, 0.13341420887566616, 0.2910993992991219, 0.36259502168844143], [0.10143671032611369, 0.14547769507089287, 0.6620244284500599, 0.09106116605293353], [0.0872401624034937, 0.10530387804999566, 0.06482319195097397, 0.7426327674955366], [0.09937618246118088, 0.8455019230173216, 0.04207427246502207, 0.013047621956475464], [0.07871008711230394, 0.8733112864035668, 0.042781818912819174, 0.005196807471310017], [0.230942972549263, 0.17449263706570456, 0.5206842266788675, 0.07388016360616492], [0.4208824336107896, 0.31795075532594724, 0.17006263135163083, 0.09110417961163238], [0.344985816966828, 0.17101416206034323, 0.38505298006759664, 0.09894704080523213], [0.3652900457016912, 0.18968445060740485, 0.13229364155400086, 0.31273186203690306]], "ideal": "B", "sampled": "A", "correct": false}}
{"type": "result", "data": {"idx": 6, "options": ["Epigastric", "Hypochondriac", "Hypogastric", "Lumbar"], "probs": [[0.0482629841765857, 0.9397099138040492, 0.01128788772477016, 0.0007392141945949044], [0.020257995835901144, 0.9762007626109491, 0.0032564315245996226, 0.00028480992855011084], [0.309204907346162, 0.04895516130194452, 0.6249293111568466, 0.016910620095046906], [0.7570980730111921, 0.05317601893924374, 0.038291293838581215, 0.1514346141109829], [0.15286902303531483, 0.024584644685119835, 0.8141190191903483, 0.008427312989217018], [0.731335579246593, 0.027494963595284725, 0.031636762169529285, 0.20953269488859302], [0.9056658597006108, 0.08166008101741888, 0.011224171702267562, 0.0014498874797027818], [0.9504626378885165, 0.04516071730041002, 0.003706630546175527, 0.0006700141648979532], [0.9491019627499327, 0.026099511755406434, 0.022672701107416638, 0.0021258242872441617], [0.9675998385855923, 0.019773100172584792, 0.008911654624063342, 0.003715406517759547], [0.9646613554230694, 0.015594437647845578, 0.01685948289754538, 0.002884723931539633], [0.9679762232227056, 0.014026696017770327, 0.00948987818589394, 0.008507202473630175], [0.024239735449664224, 0.5432380386714729, 0.41662299240849493, 0.015899233370367902], [0.030319454200844656, 0.8724178150962896, 0.026760788899321195, 0.0705019417035446], [0.027175118941516748, 0.8999508551356957, 0.06726472028965107, 0.005609305533136484], [0.020047352238719625, 0.9509998806993326, 0.021341559100218233, 0.007611207861729499], [0.10203723593248516, 0.058155316246049776, 0.2525919487378767, 0.5872154989835884], [0.10012668519399683, 0.0626811841467103, 0.6845171552885091, 0.15267497527078377], [0.005056214073868521, 0.5890472555416303, 0.39870783849747327, 0.007188691787027971], [0.005414558433608743, 0.9542667841983438, 0.015668052256952066, 0.024650605011095464], [0.005584669824179264, 0.9539238514787352, 0.038162518153262014, 0.0023289604438235375], [0.00589489883790659, 0.9759328083299976, 0.013283688311183595, 0.004888604420912232], [0.03651833960821135, 0.053983193689896444, 0.29181307986162236, 0.6176853867402698], [0.03323113979869953, 0.05566858975905406, 0.7449596066206718, 0.16614066372157452]], "ideal": "A", "sampled": "B", "correct": false}}
{"type": "result", "data": {"idx": 7, "options": ["Hair in the nose", "Mucous membranes", "Osteoblasts", "Saliva"], "probs": [[0.00222840146943489, 0.9795437898929995, 0.014191911267425706, 0.004035897270139904], [0.002628867468262522, 0.9730533786590847, 0.021496599162584715, 0.002821154610068008], [0.03580226894617218, 0.05292347482919795, 0.8411653700381847, 0.07010888608644517], [0.06413222633707683, 0.048424976180774404, 0.37497590711396617, 0.5124668902681826], [0.021562547814858047, 0.6302398233936698, 0.3321667517417478, 0.016030876949724347], [0.015477710583710245, 0.8718333417280147, 0.030302092825097507, 0.08238685476317753], [0.7306716631914967, 0.08459706824238819, 0.04744169611788679, 0.13728957234822833], [0.5931875705125806, 0.08285839854842345, 0.2982925176322191, 0.025661513206776804], [0.6616127544148243, 0.06350889280848039, 0.09680895458014423, 0.1780693980965511], [0.6397700893243449, 0.05861164990485024, 0.275209575351356, 0.026408685319448837], [0.44657755378391206, 0.5141013572911893, 0.029451729943727932, 0.009869358881170631], [0.22807855728676618, 0.747973723610917, 0.018145647945890016, 0.005802071056426887], [0.003603335028671714, 0.07525178582174187, 0.7033503557617014, 0.21779452328788504], [0.003102682262845884, 0.04740420658336781, 0.2950066515954952, 0.6544864594582911], [0.0019947239892445204, 0.7616403368112931, 0.09096497614068846, 0.14539996295877397], [0.0016941724665180985, 0.8114238200151644, 0.15731531030238174, 0.029566697115935764], [0.006717386473826888, 0.1338367518737927, 0.10102834234567522, 0.7584175192067052], [0.007650402788075887, 0.21168928790921074, 0.6837166141398142, 0.09694369506289911], [0.053953421269886545, 0.06408900129303384, 0.8576322936874756, 0.02432528364960402], [0.12097515254729578, 0.06681109268899538, 0.07110932521637464, 0.7411044294473342], [0.029353864652077986, 0.9275820902231096, 0.03431499395724891, 0.008749051067563598], [0.010368653693301534, 0.9629633807201041, 0.020618308563885985, 0.006049656922708291], [0.1538656428274126, 0.05660794969935121, 0.08904038565246314, 0.7004860217207731], [0.04631411568425474, 0.06532875104312127, 0.860695474514258, 0.02766165865836602]], "ideal": "B", "sampled": "B", "correct": true}}
{"type": "result", "data": {"idx": 8, "options": ["six weeks post-fertilization.", "eight weeks post-fertilization.", "ten weeks post-fertilization.", "twelve weeks post-fertilization."], "probs": [[0.11356519145063333, 0.6435754463015725, 0.18438525749786128, 0.05847410464993292], [0.13033454507283015, 0.4997705965666069, 0.12634329873083117, 0.24355155952973176], [0.18182234464257674, 0.24100430307362447, 0.49455276126684417, 0.08262059091695462], [0.1588346212943506, 0.32353338595969683, 0.3498175143845739, 0.16781447826137866], [0.18309437282323868, 0.228000990368007, 0.3939350662414205, 0.19496957046733382], [0.1547974737281723, 0.24367230220413189, 0.4771094143990373, 0.1244208095686585], [0.15809703772807768, 0.596812404751239, 0.17097922520942263, 0.07411133221126075], [0.18186539274225869, 0.5263797005009305, 0.09509465771637114, 0.19666024894043968], [0.1474002737598222, 0.5478112060191944, 0.1806410239408497, 0.1241474961801337], [0.11451635741714271, 0.5014701260957765, 0.35015119533533734, 0.033862321051743485], [0.17410737014895997, 0.40494071829828276, 0.16358248644053533, 0.2573694250122219], [0.12857406611717354, 0.2518396832631695, 0.5588359519930913, 0.06075029852656561], [0.1857946074784071, 0.37549218671550094, 0.3935238733252894, 0.04518933238080252], [0.1931046987209855, 0.4026454092640421, 0.16010781823791007, 0.24414207367706237], [0.12731329644883477, 0.744301590730083, 0.10555492711959304, 0.022830185601489222], [0.15852487630898732, 0.5200050162746048, 0.25740335835008565, 0.06406674896632224], [0.14467071749831203, 0.4972315689470414, 0.09196504684180762, 0.2661326666128389], [0.10923901349427527, 0.6641592927041503, 0.18733111067211555, 0.03927058302945891], [0.22879625513655422, 0.27615320268263766, 0.3894460440865223, 0.10560449799428585], [0.21096526316885925, 0.3023411451072461, 0.22816164919469112, 0.2585319424292036], [0.17900658718980933, 0.5181342671671499, 0.13727492910889505, 0.1655842164341457], [0.17728535432938078, 0.2790590163996628, 0.47474901802376634, 0.06890661114719002], [0.2161642494009971, 0.30971888166130174, 0.08871635925950101, 0.38540050957820016], [0.1821900057436504, 0.6562478116755137, 0.11402549890845136, 0.04753668357238446]], "ideal": "C", "sampled": "B", "correct": false}}
{"type": "result", "data": {"idx": 9, "options": ["bilateral contraction of antigravity limb muscles.", "bilateral contraction of limb musculature.", "contraction of ipsilateral limb musculature.", "contraction of contralateral limb musculature."], "probs": [[0.04404390087512254, 0.0414039588665366, 0.62731382535977, 0.2872383147985708], [0.03118166734949238, 0.030237716086573913, 0.04129567541944868, 0.8972849410444851], [0.054258112580411126, 0.6408008265510828, 0.2670454303466939, 0.03789563042181215], [0.048868175409063803, 0.39675673690659147, 0.44245946238064526, 0.11191562520369948], [0.11154615049776959, 0.20211289670448296, 0.41446226522307783, 0.27187868747466964], [0.03926829277531239, 0.03522314157150972, 0.9080735511771261, 0.017435014376051765], [0.03858408347045824, 0.023238944362207064, 0.8380795367272588, 0.10009743534007588], [0.01679639147242746, 0.013190705740899202, 0.03112278722614918, 0.9388901154605241], [0.04125495097213196, 0.8287020757033816, 0.02790497761190168, 0.10213799561258477], [0.030611835801948664, 0.5687419247040039, 0.39695722359819297, 0.003689015795854487], [0.09086860952724375, 0.11856886825816396, 0.029492074835401793, 0.7610704472791905], [0.07259174829110002, 0.03595802385948765, 0.8845331835647099, 0.00691704418470244], [0.9674871332714039, 0.022061106145991282, 0.009482054050258494, 0.000969706432346292], [0.943192890678061, 0.023075882136278675, 0.03277092397311805, 0.0009603031125422295], [0.9725564542065223, 0.022175581724066293, 0.004792882974048181, 0.00047508099536331424], [0.9854667754838035, 0.012026323902775866, 0.002442238845456103, 6.466166796452679e-05], [0.9184394065736147, 0.06654473526735476, 0.009962585021858898, 0.005053273037171717], [0.9606731517805737, 0.03610854962340137, 0.0031050450581855313, 0.0001132534378394063], [0.3791980445005781, 0.06194081901884559, 0.07944700121085108, 0.4794141351697252], [0.08607197792103838, 0.02264762722958598, 0.8832059579558588, 0.008074436793516852], [0.30872582361121365, 0.08312804777527362, 0.031279346089472006, 0.5768667824240407], [0.315817119424224, 0.05937193739214596, 0.6183029447155333, 0.006507998368096723], [0.03603293170792854, 0.9439903560906865, 0.013459983453364806, 0.00651672864802013], [0.051336291171269685, 0.938941698744977, 0.008780433624253495, 0.0009415763594998456]], "ideal": "D", "sampled": "C", "correct": false}}
{"type": "result", "data": {"idx": 10, "options": ["hard palate.", "hard palate and upper lip.", "hard palate, upper lip and upper central incisor.", "hard palate, upper lip, upper central incisor and lower first molar."], "probs": [[0.30253790178274226, 0.5226949686494047, 0.09078741478551895, 0.08397971468233414], [0.21694301389883658, 0.29207626417452354, 0.11610353164858184, 0.37487719017805804], [0.2696363845306297, 0.38635294474216314, 0.21664819963648466, 0.1273624709907225], [0.27287102352791026, 0.3397356943387332, 0.11021120346452579, 0.2771820785688308], [0.22014904006113536, 0.33592402203982696, 0.3204106008961419, 0.12351633690289575], [0.24471615648581488, 0.37923650234558404, 0.2298986957782669, 0.1461486452903342], [0.7211902521964858, 0.15359763341805274, 0.06602054636949078, 0.059191567915970626], [0.47829592352519207, 0.1268639041735681, 0.15051423604686517, 0.24432593615437465], [0.7419555476703366, 0.14385974968472742, 0.08450518878190243, 0.029679513763033565], [0.76285040931912, 0.1305465158675308, 0.06356703784510462, 0.04303603686824463], [0.5608817839849992, 0.23393692675309832, 0.11216448504081647, 0.093016804121086], [0.5640003407480412, 0.19504339046478372, 0.1859689562671315, 0.05498731242004366], [0.38539184858782927, 0.24509131511493273, 0.1532862254802881, 0.2162306107169499], [0.3327775149956243, 0.22534302882130197, 0.15716408894118006, 0.28471536714189366], [0.4022615819598686, 0.33353021489078716, 0.10167290938617632, 0.1625352936631679], [0.377386569939068, 0.33319866653925095, 0.15483653543831274, 0.13457822798336835], [0.39760681390352387, 0.18802737907634362, 0.22650245982375009, 0.18786334709638242], [0.3766996404412555, 0.17000574505140592, 0.37674082725232544, 0.07655378715501314], [0.35373638475562574, 0.28443138517136957, 0.18936430559510412, 0.17246792437790057], [0.35355270778263387, 0.27991066691993005, 0.20461796492569106, 0.16191866027174504], [0.3270059653115961, 0.42661184823506454, 0.12028393265901541, 0.12609825369432393], [0.32956105924719226, 0.4232827568074866, 0.1556281162552895, 0.0915280675900316], [0.35846013051800724, 0.3476101470489518, 0.16408075367485575, 0.12984896865818515], [0.37187631319754066, 0.3037035876098402, 0.25560654159338786, 0.0688135574992313]], "ideal": "D", "sampled": "B", "correct": false}}
{"type": "result", "data": {"idx": 11, "options": ["Pupillary constriction and a medial strabismus", "Pupillary dilatation and a medial strabismus", "Pupillary constriction and a lateral strabismus", "Pupillary dilatation and a lateral strabismus"], "probs": [[0.9245141257633356, 0.059125085214067695, 0.01382007089607594, 0.00254071802652075], [0.9008064202003416, 0.06427100252260541, 0.021856322719531706, 0.013066254457521239], [0.9050928067418682, 0.07091978901649114, 0.019080210522817363, 0.0049071936188232225], [0.8874722643917967, 0.0763727494556874, 0.023282928194807526, 0.012872057857708402], [0.8142365857940088, 0.09284785440854511, 0.07572885644272138, 0.017186703254724676], [0.8243772678429441, 0.08559545431606147, 0.07316392918338384, 0.016863348557610583], [0.9415907175384081, 0.040116640108132394, 0.012815576737678972, 0.0054770655157805465], [0.9574061170262292, 0.03328963995555046, 0.007781359029222209, 0.0015228838889980321], [0.889212274636773, 0.05961167227694554, 0.041585617886407016, 0.009590435099874487], [0.8957459217469054, 0.06099174128004541, 0.03314005389675939, 0.010122282976289783], [0.9430317325801207, 0.04412311520948148, 0.010313618416464306, 0.0025315336939334366], [0.9366406277015408, 0.046650196972355375, 0.011976046413993142, 0.004733128812110706], [0.865616418971705, 0.08985559289675643, 0.029618130427665923, 0.014909857603872543], [0.8848711203308005, 0.08363549183381713, 0.026305878298838004, 0.005187509436544378], [0.7069057278142705, 0.11018446913887261, 0.14361095534029186, 0.03929884760656496], [0.7024311344096469, 0.12024526907517159, 0.14494792953604943, 0.0323756668791321], [0.8996357069484248, 0.07621904993918216, 0.019874408283861125, 0.004270834728531894], [0.8711148070090047, 0.07856587262522065, 0.030751592374730626, 0.01956772789104409], [0.843102411013054, 0.07846448350163467, 0.059191003609850946, 0.019242101775460374], [0.8011282994142772, 0.07574480503198167, 0.10673649230278334, 0.0163904031509578], [0.925254296014393, 0.05472468275407563, 0.014722883871249101, 0.005298137260282256], [0.9330481222539132, 0.051038540526266295, 0.013308752230767305, 0.0026045848890531827], [0.9228615378704359, 0.05048512784457523, 0.018274799412961812, 0.008378534772027033], [0.9389338450105973, 0.04603880330382286, 0.012386037124776606, 0.0026413144608032285]], "ideal": "D", "sampled": "B", "correct": false}}
{"type": "result", "data": {"idx": 12, "options": ["It has an articular disc of hyaline cartilage", "Its articular surfaces are covered by hyaline cartilage", "Proprioceptive information is carried by the chorda tympani and deep temporal nerves", "Proprioceptive information is carried by the masseteric and auriculotemporal nerves."], "probs": [[0.6464265343486603, 0.1315073023788514, 0.16096042985497025, 0.06110573331751813], [0.7097911901217806, 0.11968594641636415, 0.09911800181485446, 0.07140486154700074], [0.6124005821867238, 0.16510887196336838, 0.1811070713054767, 0.041383474444431155], [0.6703539193654521, 0.1342504829444067, 0.06742574575282262, 0.1279698518373186], [0.5906891050138733, 0.11464287742890253, 0.23140137695736196, 0.06326664049986219], [0.6182633729892116, 0.11627750270809498, 0.10414405321248106, 0.1613150709902123], [0.0956333783550818, 0.6438762928721933, 0.15535939664237183, 0.10513093203035305], [0.08209786819007364, 0.6985420763663033, 0.12331058093801368, 0.09604947440560944], [0.2624182187756708, 0.15451994760488455, 0.4908640577935211, 0.09219777572592355], [0.31576379895208845, 0.20408190632744844, 0.11086251502968009, 0.369291779590783], [0.20696836862109963, 0.1358806500886149, 0.5373020211613959, 0.11984896002888959], [0.2704513749344316, 0.15913336451647883, 0.14479108584836864, 0.4256241746007209], [0.18980375425342944, 0.5413301131679846, 0.21526918374413884, 0.05359694873444702], [0.14953299645128829, 0.5142069130580635, 0.06955712650691201, 0.26670296388373615], [0.21806183292725229, 0.15979832290155366, 0.5157659610905614, 0.10637388298063272], [0.25204586041262594, 0.17886803376122642, 0.0831186069793356, 0.48596749874681205], [0.17379360676131414, 0.1273108479541268, 0.4956170243550098, 0.20327852082954917], [0.12308017541488517, 0.12707201756541728, 0.15321152944190436, 0.5966362774777932], [0.25777226875955245, 0.4600642655334576, 0.18871536989646015, 0.09344809571052981], [0.2182985262227697, 0.45530775524077355, 0.09391097048409669, 0.23248274795236004], [0.1878872215559946, 0.1377272158723433, 0.5278930067488159, 0.14649255572284617], [0.3079151602650275, 0.1959316937707143, 0.11873047406471016, 0.377422671799548], [0.1537315902716214, 0.3110225312981403, 0.3635578236479895, 0.17168805468224888], [0.11806476244302112, 0.23871451859022974, 0.12186088521285515, 0.521359833653894]], "ideal": "D", "sampled": "A", "correct": false}}
{"type": "result", "data": {"idx": 13, "options": ["cricothyroid muscle is still functional but the interarytenoid muscles are fully active.", "cricothyroid muscle is still functional but the interarytenoids are weak.", "cricothyroid muscle is paralyzed but the interarytenoids are fully active.", "cricothyroid muscle is paralyzed but the interarytenoids are weak."], "probs": [[0.19626676714047706, 0.23682477989360415, 0.276804731866141, 0.29010372099977777], [0.21458401103532257, 0.24706158407633874, 0.2712743620493095, 0.2670800427390292], [0.20559008723810904, 0.2367123698461625, 0.24415699008879782, 0.31354055272693065], [0.15816302284231334, 0.15576450195576536, 0.15090950956247465, 0.5351629655394466], [0.194424352279636, 0.18852313508339877, 0.4813035212883273, 0.13574899124863787], [0.19290103016354834, 0.17849780617359462, 0.3958822488388908, 0.23271891472396627], [0.1746589340196552, 0.19490672065136674, 0.3640720437379579, 0.2663623014910202], [0.20587248791375645, 0.21920759647073337, 0.33420341705611023, 0.24071649845939994], [0.1973880707631025, 0.1826216754525322, 0.46624607537861396, 0.15374417830575135], [0.16574440647875222, 0.14864630774194215, 0.43675723016726586, 0.24885205551203976], [0.18933603165640514, 0.3593262731669635, 0.12416121362398219, 0.32717648145264916], [0.2230232158357504, 0.24120032118528195, 0.18488102986623503, 0.3508954330127326], [0.17055688542572447, 0.26840263202482684, 0.17055439693184243, 0.3904860855176062], [0.19007673426590896, 0.2809944827417228, 0.1326929955683123, 0.3962357873240559], [0.17516140638030336, 0.3651509582631217, 0.20478744802811286, 0.254900187228462], [0.17528197689932073, 0.21485071522384275, 0.39507181625801846, 0.21479549151881805], [0.18557757690414434, 0.1915509459647002, 0.29197812947626156, 0.3308933475548939], [0.19654126463355173, 0.20605711636866889, 0.3848679363342702, 0.2125336825635092], [0.19701325010714107, 0.12334006472158558, 0.511111594188738, 0.16853509088253538], [0.1941440610138363, 0.10560255066300056, 0.4585872428729677, 0.24166614535019543], [0.19398462336840117, 0.38580112783177556, 0.09020241147415406, 0.3300118372256692], [0.1872007958225444, 0.4706519526161152, 0.12665868559158966, 0.21548856586975074], [0.21572782740008725, 0.14153005603120208, 0.31884832137162816, 0.3238937950970825], [0.21556067464580234, 0.15290334819218343, 0.4091149866171848, 0.22242099044482944]], "ideal": "B", "sampled": "B", "correct": true}}
{"type": "result", "data": {"idx": 14, "options": ["The mental symphysis closes at about 1 year postnatally", "The condylar growth cartilage ceases activity at puberty", "The ossification centre appears about 8 weeks I.U.L medial to Meckel's cartilage", "The functional matrix acting on the angle of the mandible is the lateral pterygoid muscle"], "probs": [[0.4890228716349547, 0.1542259127822908, 0.3013881686514945, 0.05536304683125997], [0.5737574655648039, 0.17251584112935114, 0.08138048691193804, 0.17234620629390693], [0.3503354748323162, 0.3975103154659214, 0.2092672413832724, 0.042886968218489946], [0.41258618538862873, 0.3880326776416942, 0.09499020199265529, 0.10439093487702178], [0.5903130744855621, 0.104400190381715, 0.1745227893177707, 0.13076394571495212], [0.36483920422486643, 0.09461777837416406, 0.42014053935733925, 0.12040247794363024], [0.30646942432748664, 0.14963554513309074, 0.4532173478098296, 0.09067768262959301], [0.3815785944080244, 0.18044272063358233, 0.10111781953754141, 0.33686086532085185], [0.09966524167104096, 0.8092595518895757, 0.06336728624441741, 0.027707920094965924], [0.11102419386820461, 0.771259429866657, 0.06682859385399027, 0.0508877823111481], [0.35420818530020703, 0.15493377349017465, 0.17814452148036553, 0.3127135196292528], [0.22544223550201023, 0.11809659220155612, 0.5328179359133618, 0.12364323628307186], [0.7540120110357393, 0.1232353783494791, 0.08935020384342654, 0.033402406671354974], [0.7171579224636332, 0.13916861283743248, 0.07798213104217071, 0.06569133355676361], [0.791911956016233, 0.13559659783801237, 0.049840692228210165, 0.02265075381754449], [0.7322810801614671, 0.16101984668590683, 0.06201468947517898, 0.0446843835774471], [0.7311899824720329, 0.09021492503161677, 0.11213608335631478, 0.06645900904003553], [0.7420747737203025, 0.09374426129744301, 0.11559656790984474, 0.04858439697240977], [0.11358932641848528, 0.4567811880497788, 0.26421813973147334, 0.16541134570026259], [0.13665055348030647, 0.229112948265691, 0.44137005986494116, 0.19286643828906133], [0.1720649548577574, 0.4130610998139649, 0.172100792149357, 0.2427731530789207], [0.14918359668003994, 0.21734931415085143, 0.5292263468801338, 0.10424074218897474], [0.07654899129850128, 0.7042683152368233, 0.12822021160571434, 0.09096248175896104], [0.06896538415169584, 0.7190637125671518, 0.1680941910891187, 0.0438767120920336]], "ideal": "A", "sampled": "C", "correct": false}}
{"type": "result", "data": {"idx": 15, "options": ["Its efferent limb is carried in the optic nerve", "It is mediated by the inferior colliculi in the midbrain", "It is a consensual reflex", "Its afferent limb is carried in the oculomotor nerve"], "probs": [[0.16031162678056649, 0.10855385821797499, 0.39688709965681485, 0.3342474152446437], [0.15108794561973637, 0.10390118634250739, 0.4044280406769181, 0.3405828272608381], [0.08658618314648799, 0.630064529643388, 0.15927721136329412, 0.12407207574682992], [0.0831987056767899, 0.5687437780096962, 0.26863626243399985, 0.07942125377951403], [0.10266315114467536, 0.45312168852088314, 0.1470674414259095, 0.297147718808532], [0.11194504457125008, 0.24082670260981132, 0.4941569385627459, 0.15307131415619274], [0.07923770967896887, 0.17868149703852684, 0.42852244202844003, 0.3135583511540643], [0.08111191801738732, 0.18005687413460258, 0.36361692164975584, 0.37521428609825425], [0.0709228861662273, 0.3332766766037304, 0.2677090366025395, 0.3280914005275028], [0.06275785667002068, 0.27701765089678976, 0.244395731034309, 0.4158287612988806], [0.0630298596467451, 0.16356659570961055, 0.5037601326921413, 0.26964341185150315], [0.062043096170594, 0.1466154588618053, 0.41109722389158987, 0.38024422097601085], [0.48065556280516786, 0.1688332494614103, 0.12342652962513825, 0.22708465800828362], [0.4001001029858788, 0.16690062855231982, 0.34228758805557347, 0.09071168030622788], [0.3552007025840221, 0.1872860165157486, 0.20557768334511978, 0.2519355974551095], [0.2888148939927856, 0.18082198355937662, 0.21801506114918337, 0.3123480611986544], [0.3662877814957699, 0.19013518801423898, 0.33356465148438685, 0.11001237890560428], [0.4385906159439186, 0.19781167803216737, 0.15637630222664142, 0.20722140369727254], [0.1637596040800367, 0.3868780433744744, 0.16634584961658228, 0.2830165028289066], [0.1515335016029563, 0.23115013881920154, 0.44554857079026916, 0.171767788687573], [0.1813212213343036, 0.11531639069769332, 0.38998023036825435, 0.31338215749974874], [0.18398094997865222, 0.10655157743304486, 0.35471208485597105, 0.35475538763233183], [0.14130496961156286, 0.43541647560884505, 0.2945729503040583, 0.1287056043755338], [0.13195921086066983, 0.40664287185647074, 0.21089596415747364, 0.2505019530253858]], "ideal": "C", "sampled": "C", "correct": true}}
{"type": "result", "data": {"idx": 16, "options": ["External and internal intercostal muscles", "External intercostal muscles and diaphragm", "Internal intercostal muscles and diaphragm", "External and internal intercostal muscles and diaphragm"], "probs": [[0.09809198389908344, 0.4397890901251475, 0.38202205999714217, 0.08009686587862694], [0.11033822682360747, 0.47944724677493417, 0.32945824682647074, 0.08075627947498762], [0.13467027345942525, 0.52455562738713, 0.2896304747890168, 0.051143624264427916], [0.13462335923119179, 0.6226762423645192, 0.2052973669235922, 0.0374030313806967], [0.015466889739482095, 0.913138053979298, 0.0433771136432396, 0.028017942537980248], [0.023060494816786563, 0.7403032113960744, 0.21207634905023964, 0.024559944636899464], [0.9774189614325531, 0.013516695270342735, 0.00806870406522786, 0.000995639131876311], [0.6819129020315892, 0.04360715683016997, 0.26292205655174883, 0.011557884486492037], [0.8295963838401439, 0.0902436124570225, 0.026252993817765972, 0.05390700978506759], [0.9030147658599855, 0.0729978744420876, 0.02225503479118968, 0.0017323248067371714], [0.6855035387718399, 0.29032211885283965, 0.023092361189308734, 0.0010819810860116625], [0.7018055439184616, 0.27063191397469727, 0.026373884158011757, 0.0011886578488293632], [0.9746173840876521, 0.01575724161073739, 0.006990071582523169, 0.002635302619087327], [0.8547205447489705, 0.03756567887910791, 0.10208356522050904, 0.00563021105141251], [0.9165372726623496, 0.05012886206041373, 0.016269773833073715, 0.0170640913441629], [0.9494119682203505, 0.03568832052845373, 0.014191960697077526, 0.0007077504541182688], [0.5344102731806315, 0.44313637355078767, 0.021378637235110572, 0.0010747159334702086], [0.5812255282317818, 0.39956822078533716, 0.01810808522275484, 0.0010981656601262034], [0.9741672254536745, 0.017845730865469173, 0.007208515456539129, 0.0007785281243171651], [0.9735498669242246, 0.01701799718049093, 0.008689675163129826, 0.0007424606321546346], [0.9405947405881385, 0.04198622844955351, 0.015684944645412365, 0.0017340862168955776], [0.9250113628799566, 0.04327442061315851, 0.02927115451132166, 0.002443061895563261], [0.9461836215417769, 0.03845736122467969, 0.01392405561940039, 0.0014349615141430185], [0.9045353126497269, 0.053494554940608285, 0.03675278968404935, 0.005217342625615492]], "ideal": "B", "sampled": "D", "correct": false}}
