{"type": "result", "data": {"idx": 0, "options": ["r = k ln[A]", "r = k [A]^2", "r = k [A]", "r = k"], "probs": [[0.39566156508205746, 0.06512851053080666, 0.5324511961381027, 0.006758728149033152], [0.6221350940699568, 0.13461896388979092, 0.09997387303688211, 0.14327206890337016], [0.44698743800573926, 0.49106209139011053, 0.04936165601314214, 0.012588814491008097], [0.601210024080094, 0.33211417127166803, 0.05419197747731817, 0.012483827070919737], [0.44097501692199237, 0.1524885617414896, 0.1080500052470698, 0.29848641598944825], [0.41979185828313087, 0.12033579172752926, 0.4468878343965398, 0.012984515492800074], [0.06743498183541849, 0.15204413318628368, 0.7599435490351757, 0.020577335843122137], [0.09071081063204772, 0.40046223695697525, 0.1920406952901317, 0.31678625702084534], [0.07961757109553792, 0.8171643829476447, 0.08881651940721778, 0.014401526449599605], [0.08341131172065837, 0.8167593295779798, 0.07476911525941729, 0.025060243341944493], [0.10915739332144778, 0.18011916084542845, 0.2787653865855532, 0.4319580591475705], [0.08192412829070546, 0.16047837376593632, 0.7418313870451193, 0.015766110798238885], [0.7339781467331243, 0.2136689408381525, 0.04075537963731297, 0.011597532691410242], [0.5641455043210968, 0.3266279094961218, 0.09064780902952994, 0.018578777053251457], [0.5397796791186475, 0.2251278079859139, 0.18077377021810992, 0.05431874257732865], [0.5289565324254368, 0.23481175301111049, 0.15634432433472262, 0.07988739012873002], [0.606559456463894, 0.16335052280608697, 0.21625383236379137, 0.013836188266227699], [0.7528013586245185, 0.1680370867084313, 0.06424550711466157, 0.014916047452388705], [0.015233798433387121, 0.9067065405944972, 0.03597333023252955, 0.04208633063958609], [0.024617368479028585, 0.9385511922289201, 0.03417348878857199, 0.002657950403479237], [0.101436531619212, 0.2759838864517726, 0.2845205833937667, 0.3380589984352487], [0.09406468534082216, 0.31839693479027636, 0.5586074746197501, 0.028930905149151313], [0.045619401715078146, 0.8090453679079598, 0.14052158481485968, 0.004813645462102399], [0.047264546899518284, 0.8647195832872617, 0.07435920951526827, 0.013656660197951693]], "ideal": "D", "sampled": "C", "correct": false}}
{"type": "result", "data": {"idx": 1, "options": ["all molecular bonds absorb IR radiation", "IR peak intensities are related to molecular mass", "most organic functional groups absorb in a characteristic region of the IR spectrum", "each element absorbs at a characteristic wavelength"], "probs": [[0.0022894665469802835, 0.008715609925753338, 0.9843283049074989, 0.004666618519767456], [0.0013955421958129217, 0.007851701625623972, 0.009240812923082459, 0.9815119431554806], [0.00026929490562394715, 0.9990096037173122, 0.0006770177063217682, 4.408357074210118e-05], [0.00026934182903414107, 0.9990708699961348, 0.000602271211847313, 5.7516862983755274e-05], [0.001409955602416028, 0.005713188273181879, 0.008979158964252882, 0.9838976970601492], [0.002933640818038004, 0.010009833769943336, 0.9822883483229804, 0.004768176989038222], [0.0013380234890006378, 0.008137623027334713, 0.9859580614703125, 0.004566291913352097], [0.0010382005731525833, 0.007384682553726738, 0.009107138978666439, 0.9824699777944542], [0.00046871384825792814, 0.9985740306065112, 0.0008420637561766494, 0.00011519168905422288], [0.00038877264051924903, 0.9989288608478821, 0.0005790261876843262, 0.00010334022391428557], [0.0016396617381888921, 0.008941502998535788, 0.010857716107098543, 0.9785611190561767], [0.002107418487004452, 0.012519571211842906, 0.9716202655257906, 0.01375274467536203], [0.9907097460346606, 0.008254081707307338, 0.0009471039155600496, 8.90682424720378e-05], [0.9893767446301837, 0.009266416364570434, 0.001177206381974352, 0.00017963252327156333], [0.9911053623990719, 0.008003302245166263, 0.0007855311257535211, 0.00010580413000830602], [0.991112111399903, 0.007815618986692674, 0.000918359901671351, 0.00015390961173304446], [0.9919679062103585, 0.006851219447147656, 0.0010416639788236237, 0.00013921026367023727], [0.993101943956441, 0.005912671623650516, 0.000884974360914402, 0.00010040995899406979], [0.003024798486906539, 0.01151477228722095, 0.011237562269240699, 0.9742228668566318], [0.007320711020282982, 0.016002756668378467, 0.9674843658245741, 0.00919216638676451], [0.0035271286440178616, 0.013220383006925936, 0.011654686317250288, 0.9715978019318059], [0.005443863401079065, 0.014130564243645175, 0.9678554465208398, 0.012570125734435998], [0.0004873586551535388, 0.9983616997257678, 0.0010561578600105578, 9.478365906803842e-05], [0.00036804651341505696, 0.99882911910699, 0.000737651304109116, 6.51829754858342e-05]], "ideal": "C", "sampled": "C", "correct": true}}
{"type": "result", "data": {"idx": 2, "options": ["2", "3", "4", "5"], "probs": [[0.008321342756474595, 0.785169519819885, 0.17251643054744534, 0.03399270677619507], [0.010622481021633516, 0.8053730830445391, 0.11245528009002947, 0.07154915574379792], [0.01277694947417918, 0.09296947673013908, 0.8824315139858073, 0.011822059709874403], [0.05365949163540666, 0.2948071680281336, 0.290192725407316, 0.36134061482914376], [0.016470927743456744, 0.1001521423358901, 0.8389300107117003, 0.044446919108952904], [0.03579296171307262, 0.1531769782151587, 0.48673155898948905, 0.32429850098227964], [0.09575485294465046, 0.45709820896140124, 0.3451093085493848, 0.1020376294445635], [0.11889331698053274, 0.5008193812702502, 0.1930541977610787, 0.18723310388813835], [0.07719687141609487, 0.5115216817486863, 0.3462142244763396, 0.06506722225887919], [0.08695898107009133, 0.5585133252861874, 0.24785767849721085, 0.10667001504651047], [0.08675259772742269, 0.22520197086757077, 0.5403216279382987, 0.14772380336670776], [0.09051225266063893, 0.23130109731550835, 0.5463675815336346, 0.13181906839021806], [0.028566233065983465, 0.22479718335116416, 0.70372740572325, 0.042909177759602374], [0.0478766056599921, 0.3886976678441898, 0.19237204595932195, 0.3710536804364961], [0.028104223308136996, 0.7597035168841737, 0.17493325470128718, 0.03725900500640212], [0.03142932731874422, 0.7735761826402596, 0.12628976717170823, 0.06870472276928792], [0.050806283945725034, 0.22084143755611715, 0.36979302760240973, 0.3585592507957481], [0.03982934297576507, 0.222262164758261, 0.6535330900177256, 0.08437540214824826], [0.017991654170927088, 0.2563791217462836, 0.644932613198057, 0.08069661078473238], [0.019225318770715708, 0.3462894700463434, 0.2826028879770849, 0.351882323105856], [0.014953550674001696, 0.687677059029572, 0.21644950959098844, 0.08091988060543787], [0.014505492927959454, 0.651612282208772, 0.2803567608121934, 0.05352546395107515], [0.034003510561113, 0.255349572642696, 0.25529279921939907, 0.45535411747679194], [0.03383673190777819, 0.41898084633798177, 0.43258593367327275, 0.11459648798096732]], "ideal": "D", "sampled": "B", "correct": false}}
{"type": "result", "data": {"idx": 3, "options": ["The I\u2212 : IO3\u2212 ratio is 3:1.", "The MnO4- : I- ratio is 6:5.", "The MnO4- : Mn2+ ratio is 3:1.", "The H+ : I\u2212 ratio is 2:1."], "probs": [[0.2898290921534257, 0.29446073047282867, 0.280911999275965, 0.1347981779977806], [0.3137814104243256, 0.31384089585980546, 0.1963420510095711, 0.1760356426062978], [0.22080331709556128, 0.513455800460256, 0.16927377625689277, 0.09646710608728996], [0.2143976549886089, 0.5828690366511585, 0.11473797370374017, 0.08799533455649236], [0.31564820438088026, 0.30126038926357523, 0.18553888903648294, 0.19755251721906159], [0.33530934142800795, 0.2341458096502907, 0.31995885130727647, 0.11058599751442488], [0.30386270447893327, 0.2559413130001179, 0.3135139187937647, 0.12668206362718407], [0.338621005145677, 0.2807769351569553, 0.15500784715915053, 0.22559421243821717], [0.21370724637558983, 0.5457806789992604, 0.13796043908559175, 0.10255163543955798], [0.20837617942746492, 0.5936661229359625, 0.12248068027879336, 0.07547701725777918], [0.2828377484992431, 0.2964731156529546, 0.14220124481686508, 0.27848789093093723], [0.27497748357220925, 0.27938274378911526, 0.3116081747580347, 0.1340315977806408], [0.49697570118499407, 0.21047445109932433, 0.19157958456998628, 0.10097026304569534], [0.5466354692417422, 0.20751964326808553, 0.12386796338615783, 0.12197692400401439], [0.48497652279986225, 0.26787381962431234, 0.13893046766723968, 0.10821918980858569], [0.4834620555894708, 0.2628980957313805, 0.14743207675418524, 0.10620777182496349], [0.5071429987596215, 0.22159905890387546, 0.12820423603297496, 0.14305370620352795], [0.4425100948777097, 0.22961814528182128, 0.22599553891249896, 0.10187622082797006], [0.4249841697084355, 0.23844408207070816, 0.13581091568932563, 0.20076083243153067], [0.4441876278615572, 0.21653177686755845, 0.23042162563816332, 0.10885896953272105], [0.43384149019788276, 0.27581405225895333, 0.12822271691138737, 0.16212174053177653], [0.390988630420122, 0.29060982355803666, 0.20282169267794203, 0.1155798532438993], [0.3890351135450224, 0.3542768701973877, 0.12431967716282019, 0.13236833899476966], [0.32676528663775173, 0.42622752385692037, 0.13408147787893562, 0.11292571152639225]], "ideal": "B", "sampled": "C", "correct": false}}
{"type": "result", "data": {"idx": 4, "options": ["always", "only for constant pressure processes", "only for constant temperature processes", "only for constant volume processes"], "probs": [[0.03557805524454697, 0.8757520440149571, 0.06343070819434533, 0.02523919244615063], [0.03880495027760106, 0.883382662765506, 0.057354278015878654, 0.020458108841014285], [0.07966941297489129, 0.6885065179186048, 0.19417154063683875, 0.0376525283696651], [0.14802984504633865, 0.5168652323016157, 0.07924117737522883, 0.25586374517681676], [0.19279745740128099, 0.389642219616185, 0.3717421978667478, 0.045818125015786214], [0.23798475199014008, 0.24952051598737046, 0.09466985823764605, 0.4178248736848434], [0.18838651670597284, 0.6275756323522658, 0.11789007792695344, 0.0661477729148079], [0.17377591650447433, 0.6982640829209047, 0.08468994769222069, 0.04327005278240027], [0.11228941873926386, 0.15114511210125706, 0.6773771491555642, 0.05918831990391484], [0.09892877116608194, 0.10534059921835022, 0.07585565688555111, 0.7198749726300168], [0.0916910903453019, 0.11414233614317353, 0.7443014881664779, 0.04986508524504669], [0.14879864341917795, 0.097612626113573, 0.07600307407212875, 0.6775856562951202], [0.09786430380765325, 0.6902045945801829, 0.14464517887557082, 0.06728592263659307], [0.07199353187604547, 0.6832462635514661, 0.07199508159669402, 0.17276512287579446], [0.05846847394920249, 0.12189203117737261, 0.7703904738368235, 0.04924902093660142], [0.049390315682020944, 0.07772265481954531, 0.05017026474664892, 0.8227167646517848], [0.0666410962658698, 0.0897078269456221, 0.5758436664865947, 0.26780741020191334], [0.057045935203754304, 0.06170121400622496, 0.152675838513976, 0.7285770121760448], [0.04763388579900592, 0.722398931693412, 0.17425543000248092, 0.05571175240510121], [0.04622840663349154, 0.6383992646949607, 0.08773286933914111, 0.22763945923240664], [0.04643439812426531, 0.1344007641658409, 0.7734355848322763, 0.04572925277761748], [0.05027798899879367, 0.12255091295624797, 0.0645631147936097, 0.7626079831513487], [0.06072800210729928, 0.10497124452967553, 0.5007145385661889, 0.3335862146968363], [0.03824289142703051, 0.07036788760912074, 0.27392497655990306, 0.6174642443039458]], "ideal": "B", "sampled": "A", "correct": false}}
{"type": "result", "data": {"idx": 5, "options": ["3 lines", "9 lines", "5 lines", "7 lines"], "probs": [[0.22622398888137626, 0.3244159712714965, 0.32421972296689583, 0.12514031678023135], [0.20942779195341982, 0.30987126093792544, 0.37358952121559386, 0.10711142579306085], [0.2375459003942319, 0.37406634165878594, 0.1271350643765432, 0.26125269347043895], [0.24645589148209968, 0.4753696315909621, 0.19804376833586276, 0.08013070849107548], [0.23327372071261482, 0.37318423742951495, 0.2226457496640138, 0.17089629209385643], [0.22041060204622806, 0.3311896722468545, 0.3810745846203612, 0.06732514098655618], [0.1315681675412267, 0.5374066989303666, 0.24593103662448612, 0.08509409680392052], [0.13860785605628828, 0.5401959265388906, 0.214752959902586, 0.10644325740223508], [0.16743734851527764, 0.5668873913068588, 0.17010108014956252, 0.09557417992830101], [0.15619827689010848, 0.49681156498581425, 0.26582857765707024, 0.081161580367007], [0.15269765825151516, 0.5767482137382037, 0.15511189977435486, 0.11544222813592629], [0.15342636404887397, 0.6263872384398637, 0.14412227271546144, 0.07606412469580087], [0.16269308968607143, 0.5337881763005136, 0.11004580727370336, 0.19347292663971158], [0.1468044453650933, 0.618278356507655, 0.15623153046156402, 0.07868566756568769], [0.15637451292221743, 0.546255882430169, 0.19464024754425388, 0.10272935700335974], [0.14407901249757543, 0.4372742110459699, 0.33514451477835133, 0.08350226157810337], [0.13752947848799518, 0.5977031036442583, 0.2064479604637404, 0.05831945730400612], [0.13167990233772728, 0.6091937876027927, 0.1828163402207917, 0.07630996973868819], [0.14086452020142098, 0.6121432138952668, 0.11858128666748957, 0.12841097913582264], [0.12062338873234468, 0.5939782327636712, 0.2399093982327289, 0.045488980171255224], [0.13742171636106387, 0.6067972959506875, 0.14859116518773366, 0.10718982240051488], [0.13241426053447428, 0.5755264501207822, 0.21162547713076135, 0.08043381211398216], [0.1627341493062039, 0.6337998432166245, 0.1458173513564001, 0.05764865602077148], [0.16090356582715357, 0.5980013937053487, 0.13544898618376341, 0.10564605418373434]], "ideal": "B", "sampled": "D", "correct": false}}
{"type": "result", "data": {"idx": 6, "options": ["Neutrons", "Alpha particles", "Beta particles", "X-rays"], "probs": [[0.9612594010191751, 0.02601896882473466, 0.008853800925812514, 0.003867829130277799], [0.951912273400389, 0.031570957739649574, 0.010250449709407358, 0.006266319050554062], [0.9456421978552304, 0.03724177650992846, 0.01135943300728166, 0.005756592527559476], [0.9456357095977576, 0.039030708478343536, 0.010671398718549621, 0.004662183105349279], [0.9486255097648169, 0.0273338276822441, 0.013745616191955337, 0.010295046260983641], [0.9379112505776366, 0.033112015300421356, 0.021049563172544257, 0.007927170849397742], [0.030493229252864, 0.948568926842899, 0.016578110743845582, 0.004359733060391492], [0.03575129924452569, 0.9365221189851869, 0.02005332751550454, 0.00767325415478288], [0.25016640822168507, 0.15175246710341594, 0.5727240857350503, 0.0253570388398487], [0.06201763690138245, 0.07028196501507876, 0.024668753377814497, 0.8430316446057243], [0.16836000866964762, 0.08206166998726842, 0.7089571937100118, 0.0406211275330722], [0.12557071352559257, 0.0918793894863682, 0.04841165208025707, 0.7341382448077821], [0.023136203407189578, 0.9534590722847851, 0.018883070924932393, 0.004521653283092909], [0.027760170140010604, 0.9484421481619641, 0.019228907694262342, 0.004568773903762895], [0.20760069279987153, 0.1591888259715186, 0.6102784406860473, 0.02293204044256254], [0.14412188850664567, 0.13753217764758027, 0.04129133465379328, 0.6770545990919807], [0.1893885479343746, 0.152196023558038, 0.6309142860919493, 0.027501142315638053], [0.16795179610088187, 0.1414375806239503, 0.04663886561709816, 0.6439717575580697], [0.0013389352167450799, 0.9854010548383095, 0.011119922595479753, 0.002140087249465597], [0.0013836704304168758, 0.9793227126072509, 0.017116396468245317, 0.002177220394086871], [0.009128295956261766, 0.23912555886027134, 0.7366939740333319, 0.015052171050134932], [0.00793761133864904, 0.3677775681323605, 0.03641259416055961, 0.5878722262684308], [0.005771269601244578, 0.49573588758756015, 0.488121572971923, 0.010371269739272247], [0.00406737383825703, 0.5368572951538572, 0.027575114135652744, 0.43150021677223305]], "ideal": "A", "sampled": "A", "correct": true}}
{"type": "result", "data": {"idx": 7, "options": ["Strong oxidizing conditions", "Low-spin electron configuration", "Metallic physical properties", "Unpaired electrons"], "probs": [[0.007211195618821124, 0.07575310607200599, 0.03633977768798643, 0.8806959205211865], [0.011991679801244812, 0.11835462731080809, 0.8218136520809701, 0.04784004070697697], [0.0077844696139508845, 0.04309970307842581, 0.17310135732707024, 0.7760144698805531], [0.0035051171189576383, 0.013128816494233319, 0.9572509778100589, 0.02611508847675022], [0.0006748522892382643, 0.9959290997664759, 0.003048117953494722, 0.0003479298907911335], [0.0006139317127056528, 0.9951031095229919, 0.0032930685409430795, 0.0009898901233593657], [0.2058917223000077, 0.0563059808537637, 0.03013092221951777, 0.7076713745267108], [0.23770700408010992, 0.1047093412922622, 0.6168878468518478, 0.04069580767578002], [0.07625403623750636, 0.04146812311549652, 0.022897494200813676, 0.8593803463461834], [0.10367939253249261, 0.06644221159449012, 0.8032339526255272, 0.02664444314749002], [0.045522419712820394, 0.921695925290516, 0.028051699714024467, 0.004729955182639114], [0.053497396553631824, 0.904996516758405, 0.03296536216079859, 0.008540724427164643], [0.02021647966954067, 0.03605000261546031, 0.08380390609181929, 0.8599296115231797], [0.0057649621734218595, 0.010279598644837957, 0.9623584150305647, 0.021597024051175487], [0.030655040762953112, 0.2128389437872616, 0.03640717572341421, 0.7200988396263711], [0.026219981772140886, 0.4759612221403886, 0.46138177750698806, 0.036437018480482454], [0.0020235088411906807, 0.9925620297976248, 0.004596052847918301, 0.0008184084132662813], [0.0017016143216083321, 0.991155017793719, 0.006273226657300943, 0.0008701411273717735], [0.9889252383387693, 0.008899704589498014, 0.0018506394002247265, 0.0003244175715079721], [0.9893226276969432, 0.008106914110437279, 0.0019250758240554834, 0.0006453822685640292], [0.9883227118147272, 0.009320595453818862, 0.002079408674821948, 0.0002772839566320061], [0.9900127048236947, 0.007923775348516683, 0.0017678239373832554, 0.00029569579040527623], [0.9880034010868872, 0.009173633412275064, 0.0022127877087615737, 0.0006101776920761055], [0.9883504839484974, 0.008894044666092291, 0.0023018158351628517, 0.00045365545024738155]], "ideal": "D", "sampled": "D", "correct": true}}
{"type": "result", "data": {"idx": 8, "options": ["1:1", "1:3", "1:6", "2:3"], "probs": [[0.18506746103496444, 0.4043879803321704, 0.15343368398848034, 0.25711087454438486], [0.16418691733982277, 0.33705641309274453, 0.3370010403802291, 0.1617556290872036], [0.11288327638508104, 0.23178599599825608, 0.4984870515377996, 0.15684367597886326], [0.12870148737776035, 0.24059828037903505, 0.2520809060642957, 0.3786193260789089], [0.12681803200480274, 0.4498270187064226, 0.3290567124235644, 0.09429823676521024], [0.1402748480503689, 0.3640043410298066, 0.15896732797875746, 0.336753482841067], [0.16431603834428216, 0.6011890589235331, 0.10443743751085188, 0.13005746512133284], [0.17417143023997136, 0.5366442719065304, 0.1973555654484034, 0.09182873230509483], [0.1448837347946162, 0.17763492198546216, 0.5824342878707806, 0.09504705524914107], [0.17239585003333346, 0.2113729801153472, 0.37670646971552113, 0.2395247000357982], [0.20251221952797419, 0.41565775867120275, 0.2993305027185563, 0.0824995189822667], [0.202837294193013, 0.3398322608802116, 0.13299929499789434, 0.32433114982888106], [0.1184821522795919, 0.5395446177981097, 0.23570286171599686, 0.10627036810630154], [0.11853491552270745, 0.48384851308701776, 0.18944415809142634, 0.20817241319884844], [0.12189279204478817, 0.5726261351663248, 0.22424685298073646, 0.08123421970815056], [0.13087946300157072, 0.4714668496931805, 0.2445509327426898, 0.15310275446255897], [0.11925775556563846, 0.5022426247094498, 0.2646512686941617, 0.11384835093075002], [0.12646370200130974, 0.44156741085259504, 0.30344565076083785, 0.1285232362852574], [0.20394367889258852, 0.42522328008437477, 0.27444879444695397, 0.09638424647608274], [0.17679911150352443, 0.2782857244162206, 0.15848169437619344, 0.3864334696040615], [0.21215311480997578, 0.44925312876877094, 0.2480260970950241, 0.09056765922622917], [0.20293026555743257, 0.38526074926395804, 0.16303857673449387, 0.2487704083441155], [0.15388642708569975, 0.3110496494175774, 0.33105919748390755, 0.20400472591281532], [0.1442808763752877, 0.22362456547096596, 0.4808066939586397, 0.15128786409510667]], "ideal": "C", "sampled": "B", "correct": false}}
{"type": "result", "data": {"idx": 9, "options": ["T1, unlike T2, is sensitive to very low-frequency molecular motions.", "T2, unlike T1, is sensitive to very low-frequency molecular motions.", "T1, unlike T2, is sensitive to molecular motions at the Larmor frequency.", "T2, unlike T1, is sensitive to molecular motions at the Larmor frequency."], "probs": [[0.6849835326572848, 0.09718327802540251, 0.1704862666249417, 0.047346922592370964], [0.6131652684368251, 0.092614391326798, 0.21188471034858786, 0.08233562978778906], [0.734798033251843, 0.22065072334793215, 0.03356599522404721, 0.010985248076177588], [0.7202452573799316, 0.17381072464383152, 0.08873816778301516, 0.017205850093221692], [0.7515199037810754, 0.15755525164513473, 0.07210952821061696, 0.018815316263172958], [0.7951326724743761, 0.12782120848305406, 0.06178298314277922, 0.015263135799790535], [0.24906161053876527, 0.09760318550082758, 0.40425699342832094, 0.2490782104320862], [0.3606012433854679, 0.11713546641008928, 0.4281901439737854, 0.09407314613065744], [0.3246452260384942, 0.2490302659177639, 0.29098180367095855, 0.13534270427278333], [0.3907607531391719, 0.27724484727587745, 0.2602681640840565, 0.07172623540089419], [0.4283346352174971, 0.39625144858621386, 0.1306157089490527, 0.04479820714723633], [0.2999529108126211, 0.3194842791468373, 0.2952874170565025, 0.0852753928840391], [0.92244887395983, 0.052868373408084215, 0.016120196438099126, 0.008562556093986639], [0.9369821187089286, 0.04702176643958201, 0.013364051803382527, 0.002632062948106866], [0.869434717469275, 0.08677050502762675, 0.023347325707676263, 0.02044745169542197], [0.9006184984995125, 0.062262989922326525, 0.033578265642620765, 0.003540245835540205], [0.8671747719783616, 0.09431767016339442, 0.0280906362012638, 0.010416921556980185], [0.8573245572967093, 0.1000394840632449, 0.03050122841936606, 0.012134730120679714], [0.49785368504067024, 0.24269037850346087, 0.10033735260620756, 0.15911858374966134], [0.4567565236388013, 0.19964007659420582, 0.29031136088315473, 0.05329203878383807], [0.5116270856290104, 0.2870812756591246, 0.11776935483483997, 0.08352228377702497], [0.545494492703557, 0.28753950974793135, 0.13471282916873012, 0.03225316827978147], [0.48564862200131187, 0.19942127021915793, 0.21548986156820704, 0.09944024611132316], [0.5412341456548947, 0.20876120417640406, 0.19295774757716458, 0.05704690249153663]], "ideal": "D", "sampled": "C", "correct": false}}
{"type": "result", "data": {"idx": 10, "options": ["3.02 ppm", "5.03 ppm", "10.56 ppm", "11.30 ppm"], "probs": [[0.13634318721465138, 0.5480266457856028, 0.16582445049823108, 0.14980571640151472], [0.131414005232991, 0.4847377917548061, 0.15490713021515376, 0.22894107269704914], [0.14991058631099094, 0.33022460830224315, 0.36268407643214085, 0.15718072885462503], [0.16279086226398745, 0.3728549126482442, 0.32396134248174113, 0.14039288250602716], [0.14343900122167755, 0.34972802696736016, 0.3337273994512975, 0.17310557225966483], [0.12702013740193427, 0.3428094437794222, 0.41355839983795667, 0.1166120188806869], [0.2022142590869742, 0.4631506022184411, 0.19006005136795098, 0.14457508722663368], [0.19605884859810135, 0.43523855696025565, 0.17859693827640383, 0.19010565606523916], [0.2098366860762517, 0.34619130248204855, 0.25725112512747933, 0.18672088621422045], [0.20172981464939552, 0.3487637560742177, 0.33805700377592196, 0.11144942540046479], [0.19850520184909493, 0.33525212114314024, 0.23586466470377346, 0.23037801220399134], [0.16701898596156692, 0.3171491159178278, 0.41369251235276405, 0.1021393856678412], [0.19807964251919508, 0.34789027853647564, 0.3167516181600211, 0.13727846068430816], [0.20737319873623763, 0.35855382143020575, 0.2880980329210844, 0.14597494681247222], [0.18117525091891215, 0.4487126499733052, 0.2364526100844555, 0.13365948892332719], [0.1716296698224229, 0.46319500297436944, 0.23657045118485173, 0.12860487591835593], [0.17881868353597377, 0.5510508745984056, 0.16162768968084593, 0.10850275208477465], [0.16755707802012793, 0.5411451651251705, 0.18557173119330395, 0.10572602556139762], [0.16826963924482524, 0.37066943554358706, 0.31705335724322503, 0.14400756786836263], [0.15501784710632385, 0.3362026712679039, 0.3750720843340646, 0.13370739719170768], [0.14029024984847424, 0.474935585590226, 0.23880783922013926, 0.14596632524116054], [0.13240698077253882, 0.45885721186323863, 0.28716469022117874, 0.1215711170430438], [0.10605171005703329, 0.7027694968841195, 0.11294803430655524, 0.07823075865229197], [0.09806524595884651, 0.6971963979651064, 0.13516792150099724, 0.06957043447504989]], "ideal": "D", "sampled": "C", "correct": false}}
{"type": "result", "data": {"idx": 11, "options": ["[The polarization relaxes exponentially: p(t) = [p(0) - peq]exp(-t/T1) + peq.]", "72.0 s", "56.6 s", "12.7 s"], "probs": [[0.39843108058667204, 0.3863007608772227, 0.1355593461986122, 0.07970881223749308], [0.3867168070478436, 0.39911880490485957, 0.1285258810313284, 0.0856385069159684], [0.4045877576836999, 0.38017396267945497, 0.13238060867596904, 0.08285767086087605], [0.421357838709393, 0.3661846763696316, 0.12750076611187763, 0.0849567187090978], [0.4943028838645968, 0.2839558039632856, 0.1052326156024421, 0.11650869646967546], [0.5309074918801846, 0.3122030678003605, 0.08333295272452206, 0.07355648749493289], [0.10755722708251628, 0.7952126667267506, 0.07808701504147898, 0.019143091049254088], [0.11260568705992999, 0.7943762195515409, 0.07560520112743489, 0.01741289216109425], [0.1244750372107456, 0.1798434372840642, 0.6425419925527347, 0.05313953285245553], [0.12122181869573412, 0.1087730301730137, 0.07183485959134686, 0.6981702914399053], [0.11176140522017002, 0.1666188823517024, 0.6538005421863816, 0.06781917014174593], [0.12539881284460652, 0.10086656667871867, 0.07373104267749933, 0.7000035776991754], [0.11595305119014153, 0.7990061088541932, 0.06711261756296227, 0.01792822229270293], [0.11427502865040046, 0.7998240887122323, 0.06877481960281144, 0.017126062934555722], [0.13123441595744265, 0.16217363583814137, 0.6514379662045074, 0.05515398189990858], [0.1348136544423664, 0.11013175047127223, 0.08051674247137867, 0.6745378525149827], [0.1264101853362707, 0.16759861879163915, 0.642404789842464, 0.06358640592962617], [0.13285070656401596, 0.10853148250686612, 0.07280682771669926, 0.6858109831124186], [0.10957341160359173, 0.8293128809641005, 0.045321037223078925, 0.01579267010922888], [0.11948097272992711, 0.8298032802697413, 0.0387873506372196, 0.011928396263112056], [0.12469566192300006, 0.15173362589650718, 0.664178269473534, 0.05939244260695872], [0.13797420210044914, 0.0994849838792531, 0.09337790010927767, 0.6691629138110201], [0.13635681568212696, 0.14642055331196469, 0.6612403988176956, 0.05598223208821281], [0.14111672884267124, 0.09410218262536331, 0.080418961310014, 0.6843621271219514]], "ideal": "B", "sampled": "A", "correct": false}}
{"type": "result", "data": {"idx": 12, "options": ["4.6 mT", "27 G", "5.4 mT", "3.8 mT"], "probs": [[0.3451002835882317, 0.23360021410036585, 0.23358333108473492, 0.18771617112666752], [0.34735974148376536, 0.23513240759506293, 0.27488967363932093, 0.1426181771818508], [0.316279259916214, 0.4461203481844956, 0.11368002656693894, 0.12392036523235145], [0.29434347698023977, 0.4742420403602714, 0.18864864460445652, 0.0427658379550323], [0.31211193970622303, 0.4911136135135452, 0.10374972328435221, 0.09302472339587957], [0.28783637711263804, 0.48983282575824283, 0.18304518136109094, 0.03928561566802821], [0.07617116143920372, 0.5373381495833577, 0.27023512726335486, 0.11625556161408371], [0.07604803200831511, 0.5281164088921856, 0.32544330001678523, 0.07039225898271405], [0.07654800033498252, 0.4994257128844279, 0.32252203597403695, 0.10150425070655264], [0.0825525205674353, 0.5020182020009116, 0.29981624406968954, 0.11561303326196348], [0.10944476792945516, 0.49074114040154804, 0.2977108878874262, 0.10210320368157053], [0.12104839199063608, 0.39712507437761396, 0.240875440170161, 0.24095109336158899], [0.2986626736022889, 0.4773703990909818, 0.10323655988869951, 0.12073036731802986], [0.2791872526698573, 0.5598090698819276, 0.12107024679749394, 0.039933430550721176], [0.3277600353449675, 0.21504327764769282, 0.2761005964674071, 0.1810960904399326], [0.34122056782471005, 0.21362367906888952, 0.25366026916531104, 0.19149548384108936], [0.2886759211426223, 0.4335486694640591, 0.23206991407622193, 0.04570549521709666], [0.3195052635055317, 0.4368050060315233, 0.10620780921158922, 0.1374819211513558], [0.2867375483790501, 0.5112681159789054, 0.10885866243680528, 0.09313567310523924], [0.24491524815446467, 0.5393753941911844, 0.1792790044322701, 0.0364303531220808], [0.3349171230619443, 0.23758814872529244, 0.26921891762278055, 0.15827581048998265], [0.31771207799452583, 0.21845167034025992, 0.20842464887277162, 0.2554116026924426], [0.26983599580812667, 0.3867112940688107, 0.2965289243796163, 0.04692378564344628], [0.3130751316625376, 0.41484984640727574, 0.11701214930644628, 0.15506287252374035]], "ideal": "A", "sampled": "A", "correct": true}}
{"type": "result", "data": {"idx": 13, "options": ["1:19:36:84:126:126:84:36:19:1", "1:9:36:84:126:126:84:36:9:1", "1:9:35:82:120:120:82:35:9:1", "1:8:28:56:70:56:28:8:1"], "probs": [[0.17427400723520595, 0.22034394082178793, 0.4737926877921083, 0.13158936405089783], [0.2644214253035582, 0.2484207824094789, 0.2644177894203356, 0.22274000276662725], [0.16872396579032503, 0.29158099240611796, 0.45871060835963606, 0.08098443334392094], [0.2477427832870877, 0.33863892643285554, 0.14562591691906457, 0.2679923732609922], [0.23167391918744779, 0.21430548384712417, 0.3588620018939333, 0.1951585949714947], [0.11493167280001501, 0.11861610411411495, 0.114928573358487, 0.6515236496273831], [0.20238692187294746, 0.23663833223104883, 0.4218481026605628, 0.13912664313544093], [0.2742972075664881, 0.2576815187673379, 0.210288703420591, 0.25773257014558293], [0.179303402101377, 0.5878657408592849, 0.1658112940077005, 0.0670195629316376], [0.20953033855353256, 0.5606929460097663, 0.17920583263076953, 0.05057088270593162], [0.2691327849019812, 0.29101367914705994, 0.23019889798845894, 0.20965463786249988], [0.21244869425439858, 0.219228842058791, 0.48639343995927975, 0.08192902362753067], [0.22004896728057033, 0.310344849649998, 0.3571928494393195, 0.11241333353011221], [0.20527403972215277, 0.22547092549353343, 0.10648079691421702, 0.4627742377700968], [0.2622965158723326, 0.41913430004990604, 0.20747577214509752, 0.11109341183266386], [0.2936960160438573, 0.4077415167877628, 0.2182421088000447, 0.08032035826833515], [0.25008133051278786, 0.25011005995156677, 0.14700284598787844, 0.35280576344776693], [0.27335739540342874, 0.2733864824705097, 0.37368012027699343, 0.07957600174906815], [0.2154200597198892, 0.44897399625434, 0.16514666144348814, 0.17045928248228268], [0.17763172617661038, 0.29290450489287617, 0.20766796788487285, 0.3217958009456406], [0.20187420539404205, 0.45493053029605673, 0.16218688599076583, 0.18100837821913535], [0.16340280064506865, 0.31997216698224895, 0.4583420591594016, 0.05828297311328077], [0.176070676077045, 0.4426750042003286, 0.18165233863435662, 0.19960198098826973], [0.15053194984081011, 0.35005429905213603, 0.4356496398557133, 0.06376411115134056]], "ideal": "D", "sampled": "B", "correct": false}}
{"type": "result", "data": {"idx": 14, "options": ["spin trapping provides more structural information than direct detection by EPR", "spin trapping makes it easy to quantify free radical intermediates", "steady state concentration of free radical intermediates is often too low to enable direct detection by EPR", "detection of spin adducts requires lower power than direct detection of radical intermediates"], "probs": [[0.01495189250033292, 0.04129351502038349, 0.9113428209831178, 0.03241177139616581], [0.12726794371625577, 0.23783658796907206, 0.1313521434436836, 0.5035433247709885], [0.007559573402807548, 0.9824772052677279, 0.00732880049835175, 0.002634420731112801], [0.008101061049838713, 0.9661331252273114, 0.021184213625072668, 0.00458159999777717], [0.06974280728809194, 0.14538845635075526, 0.05783236857420597, 0.7270363676869468], [0.06008537902890836, 0.19402599477337168, 0.699080353153478, 0.04680827294424193], [0.006852808490722157, 0.0426496458704266, 0.8982427824108936, 0.05225476312795757], [0.042341244891042316, 0.1989243544078594, 0.12644610231600947, 0.6322882982850888], [0.005846755562193638, 0.9604923101285389, 0.025604458451678386, 0.008056475757589112], [0.0059159696097162975, 0.9130146976115404, 0.07153886737980347, 0.009530465298939828], [0.025917529594557214, 0.16383696485771992, 0.06416143077842305, 0.7460840746692998], [0.01571638829309725, 0.26176189496038976, 0.6794525752465721, 0.04306914139994084], [0.9710875391380605, 0.01645706160755735, 0.007358268563224285, 0.005097130591157862], [0.9696557994932833, 0.017089087537696536, 0.009002453708857421, 0.0042526591601627734], [0.9492468838085081, 0.033260619508242974, 0.008951586305859219, 0.00854091027738976], [0.9372159627603023, 0.04054936446011956, 0.015511256403616478, 0.006723416275961706], [0.9117032280980674, 0.06923280810056526, 0.01193639511600645, 0.007127568585360889], [0.8879825935062755, 0.08793515424702938, 0.01564345962773453, 0.008438792518960566], [0.07992504894995194, 0.08247937583763033, 0.05494032766965313, 0.7826552474427646], [0.029831985760030693, 0.06517974043806248, 0.8724710019375003, 0.03251727176440657], [0.07758410360913603, 0.09072314303269274, 0.04780672916075917, 0.783886024097412], [0.019286208140206047, 0.03896827680925675, 0.9155835644817231, 0.026161950468814085], [0.04592701466778832, 0.9224746916891743, 0.023099294166650592, 0.008498999376386795], [0.047895922025404276, 0.9179455401915442, 0.026457646181410048, 0.007700891501641466]], "ideal": "D", "sampled": "C", "correct": false}}
{"type": "result", "data": {"idx": 15, "options": ["6.1445 x 10^-27 J T-1", "3.1445 x 10^-27 J T-1", "9.1445 x 10^-27 J T-1", "1.1445 x 10^-28 J T-1"], "probs": [[0.5470841093435407, 0.20449196409600387, 0.19507971985415043, 0.05334420660630504], [0.4948657176037516, 0.18210939043563112, 0.29552851453102846, 0.02749637732958883], [0.4419530473261418, 0.45608638098439724, 0.07740393006274428, 0.024556641526716643], [0.42774921173330416, 0.3492102881632562, 0.2020653165443983, 0.02097518345904127], [0.3301466131636162, 0.5705622476555726, 0.0834761789616628, 0.01581496011914831], [0.2994268497227443, 0.6049981633807202, 0.08714187775799719, 0.008433109038538276], [0.35426522749441774, 0.35438068169606723, 0.2473398548144807, 0.04401423589503429], [0.42500370815803573, 0.2384875122936141, 0.31097346599079334, 0.02553531345755681], [0.37466506561857954, 0.4180840111137079, 0.17424275628384303, 0.03300816688386952], [0.3821204964417397, 0.3119759611618418, 0.28399596091493357, 0.021907581381485013], [0.2924407827646887, 0.6001801694957021, 0.07749172539194916, 0.02988732224766008], [0.29701059943071223, 0.6001238799980531, 0.08918186243036456, 0.01368365804087007], [0.5768383510066851, 0.29470096901806314, 0.09565117814951543, 0.03280950172573628], [0.538713361424997, 0.2281769816386187, 0.20770672136325447, 0.02540293547312987], [0.6057191458594762, 0.16307899382932942, 0.1906091897193831, 0.040592670491811304], [0.5558520912855115, 0.13626673232493808, 0.28840242577951536, 0.01947875051003505], [0.41219988038906985, 0.4973258026652189, 0.07625161032475981, 0.014222706520951424], [0.41926117933691315, 0.49026616979601195, 0.07458564282282015, 0.015887007944254756], [0.3335437252831044, 0.44894657537947646, 0.18421048335849508, 0.03329921587892408], [0.25354757005159545, 0.3928380469139419, 0.3307433010975283, 0.02287108183693432], [0.31815663450988413, 0.42161623267511744, 0.20866920362813546, 0.05155792908686295], [0.3334527636243197, 0.40868389906882224, 0.22214645310614148, 0.035716884100716564], [0.2899950216605631, 0.5679301756482604, 0.12669641085015867, 0.015378391741017758], [0.3198324501163394, 0.5441776018823696, 0.11404384883924537, 0.021946099062045605]], "ideal": "C", "sampled": "C", "correct": true}}
{"type": "result", "data": {"idx": 16, "options": ["I only", "II only", "III only", "I and III only"], "probs": [[0.23952385780800256, 0.18984623251447028, 0.17531885204946182, 0.39531105752806533], [0.22380383310464141, 0.18586713073779146, 0.41852968927012824, 0.1717993467874389], [0.19658809579958175, 0.29100476446846363, 0.1330509711997359, 0.3793561684322187], [0.16757054375566408, 0.27233060785892327, 0.4630231787840951, 0.09707566950131755], [0.25169148851134154, 0.5333898027200338, 0.1368591477074024, 0.07805956096122221], [0.2234197772344978, 0.42447338768986137, 0.2870227779763844, 0.06508405699925635], [0.3233464600825661, 0.32375645066215936, 0.1626205118300204, 0.1902765773252541], [0.2948229224737828, 0.2816328024095951, 0.30430423303469095, 0.11924004198193118], [0.2428367810353158, 0.46854050546548764, 0.13411855296586214, 0.1545041604333344], [0.30184228124706347, 0.4193728392709988, 0.1641289044492894, 0.11465597493264834], [0.3001458227421201, 0.38579049021859413, 0.22662158168800914, 0.0874421052512766], [0.27457009604160226, 0.39987641270101565, 0.23492391490312023, 0.09062957625426185], [0.4137166563370363, 0.13240510618569937, 0.08276164777529078, 0.3711165896019736], [0.3101171393434742, 0.14214762189222765, 0.4806167995724832, 0.06711843909181495], [0.3505117166246245, 0.1417975223743112, 0.08457829487303895, 0.4231124660280254], [0.473029033106081, 0.1537134452393883, 0.2572652322611668, 0.11599228929336385], [0.509684778266031, 0.1998170226694343, 0.21928039700816934, 0.0712178019563654], [0.6060360163743641, 0.19691551023116757, 0.11750432277792341, 0.07954415051654486], [0.5809923659582669, 0.27466289549328665, 0.08112743012526397, 0.0632173083231825], [0.5551874041002125, 0.27078679201279254, 0.11638756095199192, 0.05763824283500308], [0.523103761849312, 0.2050318522911709, 0.17802352803602833, 0.09384085772348878], [0.6076932820528996, 0.1943770882759515, 0.10896882900856747, 0.08896080056258136], [0.519059308105349, 0.29138303234320273, 0.13971917538019324, 0.04983848407125508], [0.6035069755214408, 0.27219035914585876, 0.06165300612667947, 0.06264965910602094]], "ideal": "D", "sampled": "D", "correct": true}}
