{"type": "result", "data": {"idx": 0, "options": ["the matrix, if stored directly, is large and can be clumsy to manage", "it is not capable of expressing complex protection requirements", "deciding whether a process has access to a resource is undecidable", "there is no way to express who has rights to change the access matrix itself"], "probs": [[0.6799222090108255, 0.15424637039115335, 0.06476238058501631, 0.10106903991300488], [0.6084211422757265, 0.15885683774211273, 0.0948031314009759, 0.1379188884811848], [0.7305807688274785, 0.12706886609323303, 0.05090744944622017, 0.0914429155330683], [0.5987010976740994, 0.12562472422513402, 0.05882988869595865, 0.21684428930480795], [0.5410790684760524, 0.1730898248867376, 0.1207752728688018, 0.16505583366840823], [0.6326209157810196, 0.14576529996703505, 0.056598000503490564, 0.1650157836484547], [0.2406129109664519, 0.6440016674649568, 0.06376233743806581, 0.051623084030525464], [0.29801503042888, 0.4617806110947035, 0.107959725756278, 0.1322446326201385], [0.4347122706346378, 0.38997791085168376, 0.08630198432317099, 0.08900783409050747], [0.5667079897667, 0.2679237524868753, 0.0661270568501036, 0.09924120079632112], [0.41884107641684054, 0.32136918068798914, 0.11276391483502214, 0.14702582796014818], [0.5038113368330146, 0.3010376556942881, 0.08620866746895701, 0.10894233990374029], [0.7633203069343942, 0.09417619301355883, 0.04843649520281972, 0.09406700474922722], [0.6371317410259327, 0.09337338665127747, 0.08694122601263704, 0.18255364621015277], [0.7794813046831957, 0.08225964775041883, 0.04068249469984436, 0.09757655276654109], [0.814614112083565, 0.07296544801972588, 0.0500924173754411, 0.062328022421267996], [0.6610518471627995, 0.11148701978334827, 0.04096947100078685, 0.18649166195306532], [0.6810077669009961, 0.14069632450668018, 0.08394138076367745, 0.09435452772864625], [0.5622910991851312, 0.09188270559949435, 0.1357113309603473, 0.21011486415502711], [0.6047946945299705, 0.11378182723982877, 0.08512839119317084, 0.1962950869370299], [0.5967462720799099, 0.12917662000765487, 0.08334378152158857, 0.19073332629084666], [0.6683520821918606, 0.13383260960661056, 0.08700636935066354, 0.1108089387508653], [0.4270708826720496, 0.11693414212388094, 0.07902468681271867, 0.37697028829135076], [0.6221632956836333, 0.11344861238060384, 0.09694635122044987, 0.16744174061531303]], "ideal": "A", "sampled": "C", "correct": false}}
{"type": "result", "data": {"idx": 1, "options": ["{-6,-2, -1, 1, 2, 6}", "{-6, -2, -1, 0, 1, 2, 6}", "{-6, -3, -2, -1, 1, 2, 3, 6}", "{-6, -3, -2, -1, 0, 1, 2, 3, 6}"], "probs": [[0.11842537670143337, 0.31712540980982495, 0.11666863410498277, 0.4477805792837589], [0.16717070833139572, 0.2633176884794556, 0.2149222513864737, 0.35458935170267497], [0.08622813455028526, 0.3989526689277887, 0.10252057148858473, 0.4122986249333413], [0.14091494468062207, 0.3330723295314977, 0.23631585779932518, 0.2896968678885551], [0.04636800703252661, 0.730897611088763, 0.09751615799132776, 0.1252182237873825], [0.05682019943807927, 0.7032318317616183, 0.13025660083686724, 0.10969136786343521], [0.177832501778589, 0.15969442067478193, 0.1779677149172633, 0.48450536252936577], [0.17156996086863538, 0.16922772181171258, 0.35265183970757175, 0.30655047751208025], [0.10748792703173875, 0.38129617055583975, 0.0851107797637059, 0.42610512254871563], [0.1720808893270073, 0.27979889509264083, 0.3886058330147283, 0.15951438246562358], [0.12969637109079948, 0.41223320975105104, 0.08782379459193973, 0.3702466244662097], [0.22661718922205484, 0.3855968106597119, 0.15343185910775708, 0.23435414091047616], [0.2505237031204373, 0.18053953896313954, 0.11470164504311223, 0.4542351127733109], [0.11716138576480693, 0.12884577965656227, 0.6147500689402058, 0.13924276553842502], [0.28442159716059084, 0.22859013418936866, 0.10965828759852622, 0.37732998095151427], [0.28613533718521095, 0.21297915374437704, 0.3349674891321289, 0.16591801983828308], [0.14473247526628846, 0.5902316569691751, 0.10591790079011316, 0.15911796687442328], [0.23811282995606053, 0.43764029624734, 0.13563443314762275, 0.1886124405489767], [0.320578832628786, 0.21025299786926818, 0.12750291092926244, 0.34166525847268336], [0.3374069828230401, 0.20170108370846868, 0.322249909540081, 0.13864202382841023], [0.28716661254673165, 0.19741573614385888, 0.09034263135141501, 0.42507501985799445], [0.37784433924121663, 0.2556087114497028, 0.1702721144129252, 0.19627483479615535], [0.3704382776843612, 0.21779359874931592, 0.1833473443801638, 0.22842077908615907], [0.3975592969723138, 0.24475070071010152, 0.1309819707436105, 0.22670803147397414]], "ideal": "C", "sampled": "D", "correct": false}}
{"type": "result", "data": {"idx": 2, "options": ["1:4", "1:3.5", "1:1", "1.1:1"], "probs": [[0.16280174132446326, 0.6644846150770547, 0.10682178208041548, 0.06589186141806656], [0.15216182057407424, 0.6409106802231607, 0.13025839528436442, 0.07666910381840066], [0.21015386518797607, 0.29663867967508095, 0.36353422021006765, 0.12967323482687532], [0.2423328382229717, 0.2542042211696879, 0.0905756232223422, 0.4128873172849982], [0.20121048379834414, 0.28412578370368996, 0.3648733820495675, 0.1497903503483984], [0.2528572304932571, 0.26124175601844973, 0.1851088945350046, 0.3007921188532886], [0.25910937397408146, 0.4550466469213305, 0.18099127438357643, 0.10485270462101162], [0.27143096112186516, 0.40149836531741706, 0.18378492640252095, 0.14328574705819683], [0.2574667872797249, 0.2830601867066344, 0.3468343835684785, 0.1126386423451622], [0.295522294575397, 0.2822782905324864, 0.1353512060023502, 0.2868482087897664], [0.17155564085251615, 0.20725378700886563, 0.48944605121257057, 0.13174452082604762], [0.2469097785865253, 0.2591285368670893, 0.288935955004767, 0.20502572944161843], [0.05488146152733817, 0.4319539109596497, 0.43916655037816155, 0.07399807703485059], [0.09321915029036802, 0.5122136702120841, 0.09774002868777758, 0.2968271507097703], [0.0631322748519067, 0.48164633021030434, 0.3812796245861467, 0.07394177025164222], [0.11025392597355371, 0.5101191806983754, 0.10201418763816245, 0.27761270558990847], [0.09770589920339595, 0.16382951788710118, 0.3690837268298774, 0.36938085597962544], [0.12456529032002425, 0.2088337471598731, 0.26389205680764694, 0.4027089056124557], [0.084954247503087, 0.5543978255015375, 0.28785723659391466, 0.07279069030146085], [0.10889858493156655, 0.5200008385853894, 0.19128020960922493, 0.17982036677381913], [0.13777854318694, 0.3634398687708595, 0.37509439415711765, 0.12368719378508286], [0.15984073517870995, 0.32835951933497093, 0.3440901389983444, 0.16770960638797472], [0.1056215966576577, 0.14008386669392456, 0.41813381744013794, 0.33616071910827977], [0.15647432115369805, 0.18029192210050843, 0.33154380302187597, 0.3316899536239175]], "ideal": "B", "sampled": "B", "correct": true}}
{"type": "result", "data": {"idx": 3, "options": ["C1: (3,3), C2: (4,4), C3: (6,6)", "C1: (3,3), C2: (6,6), C3: (12,12)", "C1: (6,6), C2: (12,12), C3: (12,12)", "C1: (0,0), C2: (48,48), C3: (35,35)"], "probs": [[0.3582984606833028, 0.3996509424844906, 0.21396510898692433, 0.028085487745282217], [0.32856760937112856, 0.47054720796943583, 0.13910751911616187, 0.061777663443273706], [0.3242318460794189, 0.3616842736553821, 0.27739404182522437, 0.03668983833997465], [0.3114499035371115, 0.4530774483720337, 0.15416730364482314, 0.08130534434603166], [0.31171866319284985, 0.4129215057400751, 0.20127067858141567, 0.07408915238565938], [0.3097828120574121, 0.39774683427020924, 0.17107670350382861, 0.12139365006855005], [0.40563192917582697, 0.43163770197204976, 0.14236000608272265, 0.020370362669400625], [0.3619810301972183, 0.44336604572087657, 0.1395309104683316, 0.05512201351357359], [0.3580583651642352, 0.4969053891748912, 0.11804408644846606, 0.02699215911240754], [0.3096653955294637, 0.5103473992699268, 0.1373861509297265, 0.042601054170882995], [0.36438896162475204, 0.37587739893380895, 0.18904250294933247, 0.07069113639210652], [0.3410842754471932, 0.3105379973474072, 0.2964350614001893, 0.051942665705210236], [0.1643954587751769, 0.6202436992164858, 0.1922079682061108, 0.02315287370222648], [0.19498251086039817, 0.60039298825827, 0.138241646600226, 0.06638285418110576], [0.27502089736095614, 0.5299108623928402, 0.15186248718173606, 0.04320575296446757], [0.2683543224609611, 0.5252282540685981, 0.14362194918713303, 0.06279547418330778], [0.27049644972669823, 0.4060087678619889, 0.1692633280208325, 0.15423145429048035], [0.2478477003865834, 0.3778847000327082, 0.3085442300035055, 0.06572336947720292], [0.1569575611766714, 0.6206162941202564, 0.15695270339783313, 0.065473441205239], [0.160047789201461, 0.6133622709305336, 0.17037173121571716, 0.05621820855228816], [0.21293329159226762, 0.5521688789389372, 0.17931339764636914, 0.05558443172242606], [0.1953442968753106, 0.4613132424789555, 0.29798304698635614, 0.04535941355937776], [0.21986444128442248, 0.4727246725628564, 0.2198895944443278, 0.08752129160839332], [0.22495628555914846, 0.4615172674564353, 0.251009281684551, 0.06251716519986524]], "ideal": "A", "sampled": "B", "correct": false}}
{"type": "result", "data": {"idx": 4, "options": ["{AND, NOT}", "{NOT, OR}", "{AND, OR}", "{NAND}"], "probs": [[0.07894024604992537, 0.2396348970725615, 0.07899967188341704, 0.602425184894096], [0.0735999966905429, 0.5112758531544737, 0.1660052575448498, 0.2491188925101336], [0.12473004217144743, 0.12887401781526406, 0.3558199378803695, 0.39057600203291903], [0.10001795737935291, 0.10654500870831293, 0.13052508233672472, 0.6629119514756094], [0.10254348297606508, 0.1360036015971407, 0.572777164806752, 0.18867575052004223], [0.11501662029715444, 0.10001836269148459, 0.2184393619807482, 0.5665256549306128], [0.11635715028278329, 0.1240206164896285, 0.12992734006075685, 0.6296948930668314], [0.11322592506794152, 0.17014682006583248, 0.16749877969003435, 0.5491284750761917], [0.1367682022291895, 0.10834481628234673, 0.1412547931868735, 0.6136321882015903], [0.11495532496747222, 0.1098323506056998, 0.25139551603081645, 0.5238168082960115], [0.11064963374485609, 0.24960022232419857, 0.15866727534334382, 0.4810828684876015], [0.1172768521800293, 0.42271657829118264, 0.15554375597298933, 0.3044628134557987], [0.07320487171253734, 0.23292848914342187, 0.3442962313413735, 0.34957040770266723], [0.05624940907021027, 0.21240849474319898, 0.08716687429321049, 0.6441752217933803], [0.06771447307045206, 0.33893411338116564, 0.12274244805710603, 0.4706089653912763], [0.0521074470551533, 0.5434053661146956, 0.15571427691767267, 0.2487729098124784], [0.056765836783891126, 0.0664223444846597, 0.3119739947896283, 0.5648378238418209], [0.06273259034922463, 0.12886838229594252, 0.5960753381825854, 0.21232368907224747], [0.05121270022433611, 0.08858559727799771, 0.6445255658848902, 0.21567613651277595], [0.0674383887999577, 0.07414335949399523, 0.2754213306463514, 0.5829969209596957], [0.0805500421175302, 0.3670256654268443, 0.09572540048151015, 0.4566988918741154], [0.1103863451375566, 0.4651592498120702, 0.11945735962025726, 0.30499704533011596], [0.02845616514964408, 0.029843696208766663, 0.05573471377890429, 0.8859654247626849], [0.09603544740512462, 0.20355332601046608, 0.4588589453023457, 0.24155228118206354]], "ideal": "C", "sampled": "B", "correct": false}}
{"type": "result", "data": {"idx": 5, "options": ["M = 10, m = 10", "M = 10, m = 1", "M = 7, m = 4", "M = 6, m = 4"], "probs": [[0.09072424063387158, 0.3245341600352151, 0.45115532167048233, 0.13358627756043093], [0.11552739370826673, 0.37322063562025803, 0.41048274585302263, 0.10076922471845262], [0.05000298311424399, 0.8852035718113468, 0.04176560284149363, 0.02302784213291553], [0.04183296049965233, 0.8196182587321375, 0.11835420386085378, 0.02019457680735646], [0.06768587470501244, 0.849747151321872, 0.05188972686067038, 0.030677247012445185], [0.05906452612024338, 0.8268730567196226, 0.08074839178679544, 0.033314025273338564], [0.37516009524319016, 0.2349422109268937, 0.31632718205025157, 0.07357051167966457], [0.4498307574027498, 0.24845647244861452, 0.26464800029760566, 0.03706476975103001], [0.34056482730573656, 0.5967828212612972, 0.03365975345810682, 0.02899259787485942], [0.3740926353195667, 0.49492105421849414, 0.11768768627957832, 0.013298624082360839], [0.44539655909690845, 0.48080532549003785, 0.03735909749786602, 0.03643901781518767], [0.4893697031306159, 0.43111560868559995, 0.06116201514934115, 0.018352672934442982], [0.40215439798846814, 0.27228114817641746, 0.09549098000438706, 0.23007347373072728], [0.37248822349146, 0.3088724555348847, 0.2729163416776517, 0.04572297919600359], [0.3688849072949914, 0.4961927645830541, 0.04833720443893378, 0.08658512358302069], [0.3501479464290821, 0.4564424633249392, 0.1628999773639327, 0.030509612782046006], [0.36254165864921123, 0.5783217279443673, 0.03757194626831303, 0.02156466703810837], [0.36118111818057047, 0.5167759771897784, 0.08374858088882035, 0.03829432364083076], [0.3754903245560989, 0.29710890187819067, 0.10924470911921559, 0.21815606434649487], [0.35365216339633154, 0.312170402130393, 0.2715058503100336, 0.06267158406324187], [0.34595392713405254, 0.5271777294087918, 0.05177447359670319, 0.07509386976045239], [0.34473188654230713, 0.49330168733851365, 0.11543505537669042, 0.046531370642488794], [0.4437184449066152, 0.4500314710219944, 0.061418713734605536, 0.04483137023678481], [0.4473518630721191, 0.3375132234435477, 0.13642827284886336, 0.0787066405354698]], "ideal": "C", "sampled": "D", "correct": false}}
{"type": "result", "data": {"idx": 6, "options": ["I only", "III only", "I and II only", "I and III only"], "probs": [[0.18292570384887025, 0.33127263678684093, 0.18874605279385148, 0.29705560647043733], [0.16217969074562316, 0.30305432547983324, 0.33284800741085907, 0.20191797626368452], [0.17648189469233105, 0.36216024921966844, 0.18789151959217373, 0.2734663363958268], [0.16445727399645854, 0.2712115604723747, 0.2754989225067531, 0.2888322429244136], [0.1693626119311987, 0.425857614272375, 0.2244112093040403, 0.180368564392386], [0.15372515984241975, 0.4379794233900509, 0.15863001108624697, 0.24966540558128236], [0.30604429205907885, 0.23838634855828914, 0.14456864328317706, 0.31100071599945495], [0.26366582903111574, 0.225584435821631, 0.36046273049777305, 0.15028700454948016], [0.29826422189482626, 0.23598389760352143, 0.14311502232692397, 0.32263685807472836], [0.33927426696756635, 0.26425610395077154, 0.20903806630439914, 0.187431562677263], [0.344898397517011, 0.3240360569028463, 0.16809561596477499, 0.1629699295153677], [0.3532612025384501, 0.30217739936667865, 0.16687446830988115, 0.17768692968499009], [0.16553105658918912, 0.4429901307823848, 0.13095009520756162, 0.26052871732086447], [0.14410526847339475, 0.35671672430495116, 0.2651265798357166, 0.23405142728593753], [0.19038903143918898, 0.361308414860941, 0.15785520796820873, 0.29044734563166125], [0.2099428270521697, 0.3407785746462464, 0.17959033753820958, 0.26968826066337426], [0.18730053582852457, 0.3499617926420754, 0.26010078576736567, 0.20263688566203433], [0.19206992076010945, 0.3167052613881214, 0.2929519160238795, 0.1982729017278897], [0.31664211970271783, 0.3588174443549566, 0.13833131513097316, 0.18620912071135243], [0.308979476823613, 0.2948500767822745, 0.1628348057876889, 0.23333564050642358], [0.2972837609711851, 0.42586234400352546, 0.13191824642875707, 0.14493564849653237], [0.3065404960178373, 0.3419839815896892, 0.11634964754795525, 0.23512587474451824], [0.3033426746920791, 0.22195861072047163, 0.25950616982228536, 0.21519254466516394], [0.3256740770707471, 0.19448902621443204, 0.31082033181597973, 0.16901656479884117]], "ideal": "C", "sampled": "D", "correct": false}}
{"type": "result", "data": {"idx": 7, "options": ["I only", "II only", "III only", "I and III"], "probs": [[0.15796175362137233, 0.2524722180639724, 0.11030040515898737, 0.4792656230556679], [0.17132382817385763, 0.30550424875970256, 0.3517644843808695, 0.17140743858557028], [0.17541890184216344, 0.29844826589725926, 0.07088836276147985, 0.45524446939909746], [0.13959228471044452, 0.379541591534003, 0.3737918296905153, 0.10707429396503719], [0.18537712095314196, 0.6175023912765981, 0.09470490365273425, 0.10241558401752562], [0.17127157235603738, 0.5195051872358215, 0.22701010919297251, 0.08221313111516855], [0.15382245983699447, 0.3308080308974995, 0.09044252061757256, 0.4249269885479334], [0.15691111746483846, 0.3764794114380192, 0.2712396044573208, 0.19536986653982144], [0.18038001239761026, 0.30687795915383714, 0.10605790352105902, 0.40668412482749355], [0.21129465415890036, 0.3430217853295774, 0.19854910965586706, 0.24713445075565516], [0.20698627262666458, 0.4889311710523419, 0.1915004636826553, 0.11258209253833819], [0.1649398033909992, 0.4925172553088891, 0.18992547405958113, 0.15261746714053057], [0.18911795538216905, 0.20135007936616844, 0.05334920077876115, 0.5561827643729014], [0.15875338678505674, 0.27436675187759285, 0.4524832131456165, 0.11439664809173389], [0.16968384636260744, 0.16193962336857415, 0.06645687022821435, 0.601919659940604], [0.21993689564557262, 0.20665973730791906, 0.32014960524441477, 0.25325376170209357], [0.28379145050346527, 0.3166624879769038, 0.2883708753269812, 0.11117518609264974], [0.31533087162516904, 0.35183531663387935, 0.11602726544586807, 0.21680654619508352], [0.1373048455273484, 0.7779418999208834, 0.032616034875887184, 0.0521372195758811], [0.1231780112801471, 0.7786057503643714, 0.07356826133027815, 0.024647976925203315], [0.28811964389780853, 0.3067452609232287, 0.26245784756896906, 0.14267724750999375], [0.28798523971516793, 0.31142884953825006, 0.18312251838883167, 0.21746339225775033], [0.1877294161609278, 0.5874414377730588, 0.16573335043471707, 0.05909579553129626], [0.21572202317969372, 0.6340809269337161, 0.046657956361520266, 0.10353909342506987]], "ideal": "B", "sampled": "D", "correct": false}}
{"type": "result", "data": {"idx": 8, "options": ["It is inherently nonassociative because some numbers have no exact representation.", "It is inherently nonassociative because there have to be upper and lower bounds on the size of numbers.", "Associativity can be achieved with appropriate roundoff conventions.", "Some rational numbers have no exact representation."], "probs": [[0.1711025906435248, 0.32489784096369334, 0.19397988046345982, 0.31001968782932204], [0.2039563117438903, 0.4058780488318511, 0.23123628355174286, 0.15892935577251577], [0.1731550647535657, 0.30883233596767196, 0.3186381648840653, 0.199374434294697], [0.19454189553276688, 0.43865816473573277, 0.19770500962828405, 0.16909493000321632], [0.22991456089104814, 0.41656598444587695, 0.2448698878043399, 0.10864956675873495], [0.22071866031112464, 0.39371346250073475, 0.15415200130137058, 0.23141587578677003], [0.2046895385981415, 0.32731024403011716, 0.19238579844654377, 0.27561441882519755], [0.23287502622883402, 0.3842430228875195, 0.2480350806475524, 0.13484687013609406], [0.1519330613451221, 0.38221142261693547, 0.2796124261280295, 0.18624308980991294], [0.14579373379391225, 0.576970926212625, 0.15048326326171846, 0.12675207663174426], [0.30488908969294365, 0.2957358426096903, 0.30035317612460444, 0.09902189147276153], [0.2471143305054552, 0.2551251947624666, 0.1752971112552822, 0.32246336337679604], [0.15464306674946857, 0.47658551584251435, 0.23224959226984712, 0.13652182503816995], [0.18383952990000976, 0.5491517635680646, 0.15010976530010015, 0.11689894113182546], [0.14254681764607705, 0.4825400709623356, 0.21076978740968627, 0.1641433238819011], [0.15069385912419844, 0.5870874348563738, 0.14841541204114522, 0.11380329387828247], [0.2648585894354719, 0.26512213138802826, 0.2821363974608809, 0.18788288161561886], [0.266053908981949, 0.26625033610634863, 0.2789693127862177, 0.1887264420254846], [0.25281574942898205, 0.1940184653502628, 0.36813237710888874, 0.1850334080118664], [0.27992987629952165, 0.18371325729440333, 0.1475650966019885, 0.3887917697040865], [0.21958491712468325, 0.24137381127862237, 0.3679680063370852, 0.1710732651596092], [0.23729492367971863, 0.16835693762471138, 0.15086956095871285, 0.44347857763685716], [0.2447817699431443, 0.2776203966572304, 0.3144856299298743, 0.16311220336975107], [0.1983667849565914, 0.2755760673415488, 0.27125815766981376, 0.25479898993204597]], "ideal": "C", "sampled": "A", "correct": false}}
{"type": "result", "data": {"idx": 9, "options": ["If the owner modifies the file, another user who does not share will see the changes.", "If the owner renames the file, other users will not be able to access it.", "If the owner is allowed to delete a file, dangling links may result.", "If any user who shares the file appends to it, others who share it will not be able to access the new disk blocks."], "probs": [[0.689798756847869, 0.12573231474396218, 0.07862865003242131, 0.1058402782757476], [0.6836708971966561, 0.12077546143662399, 0.05440272811090942, 0.14115091315581052], [0.5574684267112842, 0.2514829691579458, 0.09103364699988893, 0.10001495703088115], [0.5157754612859687, 0.2363548664644512, 0.08291452686086129, 0.16495514528871877], [0.6782110625626954, 0.1379114476642035, 0.05835763848625799, 0.12551985118684317], [0.605888774842697, 0.14633372206515444, 0.08462452761542151, 0.16315297537672704], [0.6380019951568464, 0.16145165670490355, 0.10417269960826278, 0.09637364842998727], [0.6375145555293877, 0.1468764014278028, 0.0593064207911927, 0.15630262215161678], [0.32574345444821323, 0.49699772528067815, 0.09483150783605615, 0.08242731233505247], [0.3187861323490043, 0.5258701247244423, 0.08189434252254009, 0.07344940030401333], [0.7139805804904055, 0.12224248948531678, 0.0559314052439866, 0.1078455246802912], [0.6338023230009316, 0.12299832505240361, 0.14595550949703212, 0.0972438423496326], [0.8173998167159433, 0.1106704639183086, 0.03427598818844585, 0.037653731077302265], [0.784266416273585, 0.1166265822237889, 0.03668703996375736, 0.06241996143886879], [0.8106429545864333, 0.11683615252385866, 0.03399213762989414, 0.038528755159813896], [0.8218055398201696, 0.12030423605072292, 0.03186942880029903, 0.026020795228808416], [0.8432190370281654, 0.09318201190876084, 0.02711013130324733, 0.03648881965982646], [0.8563724127435666, 0.09029990400104272, 0.02977016184266918, 0.02355752131272149], [0.427337706046286, 0.2289164066085781, 0.08031669258268183, 0.26342919466245407], [0.4062269092127795, 0.22814280132370832, 0.13401206036080004, 0.23161822900271214], [0.4412545464860128, 0.2678554712395314, 0.08556389042798351, 0.20532609174647226], [0.4313693683091947, 0.24603562078187466, 0.15876141732765586, 0.1638335934812748], [0.26258038689310964, 0.4910133036178091, 0.10127682681034042, 0.14512948257874084], [0.3082312849904936, 0.4630659532649697, 0.11522775914894992, 0.11347500249558677]], "ideal": "C", "sampled": "C", "correct": true}}
{"type": "result", "data": {"idx": 10, "options": ["None", "III only", "I and II only", "I, II, and III"], "probs": [[0.04946297687052695, 0.6028945333113652, 0.08415664574860673, 0.26348584396950114], [0.034054761328176204, 0.7634281599439681, 0.1347298382641609, 0.06778724036369481], [0.11475397816276367, 0.2931871457579672, 0.22130513518780442, 0.37075374079146467], [0.09067440979783399, 0.2975043124595277, 0.47556457981698824, 0.13625669782565003], [0.09512657458591095, 0.21451144928922153, 0.5309306859976196, 0.15943129002724796], [0.0906366841309527, 0.28373953274423364, 0.4394803279276247, 0.1861434550971889], [0.4180238655674918, 0.2103074843833774, 0.12953468576858415, 0.2421339641805466], [0.4524706044691286, 0.2500037736943531, 0.17178979304129038, 0.12573582869522787], [0.47300453398875575, 0.17408325295147675, 0.22350042232127426, 0.1294117906384932], [0.32870445509295015, 0.1553420464814618, 0.4784644072369008, 0.03748909108868725], [0.5246780758414805, 0.2292983079942885, 0.18711510534176704, 0.058908510722463926], [0.51749401122758, 0.23701533143053083, 0.19340642852473897, 0.052084228717150176], [0.28589136683576577, 0.29047260983986406, 0.17895767890918363, 0.2446783443151865], [0.2454633302065142, 0.30560076689049476, 0.31537291874373685, 0.1335629840592542], [0.3195897161488169, 0.32982061538604124, 0.10541410390776154, 0.24517556445738026], [0.2654194513784211, 0.32531901948388386, 0.3518250558037522, 0.057436473233942895], [0.1968174412886867, 0.5969594075905408, 0.10872048057481869, 0.09750267044595384], [0.1606345003588125, 0.5608783280157698, 0.23384254820031167, 0.04464462332510608], [0.11152749590598493, 0.22543095217947118, 0.5241283812902394, 0.13891317052430444], [0.12752640056040562, 0.27868428408273305, 0.3991734623632987, 0.19461585289356265], [0.0688160398406095, 0.663458729884655, 0.1390508191643503, 0.12867441101038518], [0.06805845602884006, 0.6769668711405118, 0.1765738344229701, 0.07840083830767805], [0.10226380976405038, 0.5444424232958068, 0.14652087011244275, 0.20677289672770005], [0.11188756673409246, 0.5684581994441917, 0.2296619713076765, 0.08999226241403925]], "ideal": "D", "sampled": "B", "correct": false}}
{"type": "result", "data": {"idx": 11, "options": ["n", "n + 1", "n + 2", "2n"], "probs": [[0.09392603125670938, 0.7391024534042435, 0.1099166095485246, 0.05705490569052252], [0.11383750476453193, 0.7085745318592305, 0.09154365961068554, 0.08604430366555209], [0.11325967380704331, 0.4847148069424615, 0.32821116872061395, 0.07381435042988119], [0.10710070946411646, 0.6878763981378904, 0.0960747145312711, 0.10894817776672203], [0.23236463164046245, 0.38949925864315976, 0.251615770184144, 0.12652033943223379], [0.20198363951857734, 0.36607979633485804, 0.23276645739235008, 0.19917010665421453], [0.19317408479827344, 0.6142655197442886, 0.11190974299711692, 0.0806506523603211], [0.20633533748660945, 0.5524796884139213, 0.11584787900964166, 0.12533709498982765], [0.17389754106963942, 0.5530110803070144, 0.18821703596829603, 0.08487434255505016], [0.17939098712173257, 0.5528767869180929, 0.14426024686623184, 0.1234719789939426], [0.22583751714709321, 0.4425222343139726, 0.2296991084241513, 0.10194114001478291], [0.23234832284511234, 0.4552175104162855, 0.15983675418685903, 0.15259741245174313], [0.1845600570449437, 0.6054664140806163, 0.15316030096295152, 0.05681322781148848], [0.22684810884376755, 0.5978695109047444, 0.0835012936247734, 0.09178108652671463], [0.0914170857315923, 0.8148934608580429, 0.07465017919912291, 0.019039274111241875], [0.09614491991903487, 0.8177236134995063, 0.053116569965611184, 0.033014896515847686], [0.369188503996848, 0.3470134889887526, 0.17453972283673067, 0.10925828407766867], [0.2939807925665364, 0.33859275553826074, 0.2556919588626316, 0.11173449293257129], [0.2614970148503721, 0.45923318427903, 0.1915513830093659, 0.08771841776123203], [0.25900673477731795, 0.42728351905717, 0.1409384289103113, 0.17277131715520075], [0.1674558073114786, 0.6835862397463996, 0.10165745018896145, 0.04730050265316027], [0.15215873830107227, 0.6821670582369802, 0.08474619748896922, 0.08092800587297834], [0.2782616171869182, 0.45905238971465806, 0.17431548817047446, 0.08837050482794924], [0.22982222987168222, 0.39121907362573594, 0.25670778366281805, 0.12225091273976378]], "ideal": "A", "sampled": "B", "correct": false}}
{"type": "result", "data": {"idx": 12, "options": ["3", "8", "10", "13"], "probs": [[0.10946569764815936, 0.55584290699392, 0.21439718079821873, 0.1202942144597019], [0.11416604943674498, 0.5796946796240666, 0.1882819803126824, 0.11785729052650605], [0.07973063525934213, 0.6173142012025592, 0.20366854839238036, 0.09928661504571835], [0.08684802119197224, 0.6316989110650151, 0.17825405430690622, 0.10319901333610638], [0.13818725736268436, 0.5379652896288706, 0.1919125736772943, 0.13193487923115077], [0.1333100755883041, 0.48759664627216015, 0.2414781230006102, 0.13761515503892557], [0.10991755789970721, 0.5848497108168942, 0.18997314428893536, 0.1152595868944632], [0.1114612254824407, 0.6215211933683071, 0.15722160508316924, 0.10979597596608287], [0.11120773850759413, 0.5472409724641968, 0.22122927007847062, 0.12032201884973842], [0.13076133440194238, 0.5767882803941429, 0.17877062354219586, 0.11367976156171893], [0.1644585156940647, 0.4985959901697929, 0.20472888951532509, 0.1322166045208173], [0.16388373563688496, 0.4595177608125173, 0.23851860278005205, 0.13807990067054574], [0.09566091673862297, 0.5767852024396756, 0.21564937965166736, 0.11190450107003407], [0.08702367057596647, 0.6134716454569452, 0.17861350411218932, 0.12089117975489903], [0.09131302411498368, 0.5860403004882715, 0.21911623418773812, 0.10353044110900665], [0.11920625537624605, 0.5866203220105609, 0.1905432761934103, 0.10363014631978279], [0.13416745167128027, 0.46822838385871857, 0.2547074333981507, 0.14289673097185043], [0.1562173240656997, 0.4663045177336812, 0.2576458492266657, 0.11983230887395334], [0.07218547971407577, 0.6234560112913868, 0.2025092172244208, 0.10184929167011661], [0.07676940010177953, 0.6037765425850484, 0.2023314131868218, 0.11712264402635021], [0.11185992758034485, 0.5505172732782581, 0.20261954221978123, 0.1350032568216159], [0.11736082854645813, 0.5097175760099555, 0.23346867807156652, 0.13945291727201983], [0.07264715540646953, 0.6177727075461582, 0.20381960574465685, 0.1057605312027154], [0.06896277259484332, 0.6242404942990774, 0.21248703401321825, 0.09430969899286107]], "ideal": "A", "sampled": "C", "correct": false}}
{"type": "result", "data": {"idx": 13, "options": ["Routing packets through the network", "Reliable delivery of packets between directly connected machines", "Reliable delivery of large (multi-packet) messages between machines that are not necessarily directly connected", "Dealing with differences among operating system architectures"], "probs": [[0.0012998591125245942, 0.8922175772609446, 0.1049604784926444, 0.0015220850338863708], [0.0024750362658346966, 0.9755311167058097, 0.0029633433976196492, 0.01903050353073588], [0.0018475229277888717, 0.995201239858972, 0.0022644220568132714, 0.000686815056425876], [0.001875930262018509, 0.9948611988448308, 0.0013838479582518278, 0.001879022834898883], [0.01181610780172267, 0.015307612340023015, 0.8691367427373384, 0.10373953702091587], [0.012417161859107241, 0.015846479712046176, 0.7876403941686345, 0.1840959641602121], [0.9790967433950434, 0.01253612787542476, 0.007192306982126688, 0.001174821647405162], [0.9819916352257982, 0.008637804536985604, 0.0030542184628526148, 0.006316341674363554], [0.9284463065607982, 0.0683754201687509, 0.002548348963878935, 0.0006299242065720069], [0.9343122915667688, 0.061681404790461, 0.003166665876035578, 0.0008396376667346723], [0.9818335053975868, 0.007683057709312102, 0.0029831558045035115, 0.007500280988597567], [0.9676592757084792, 0.01565997175490575, 0.0139180326719179, 0.0027627197646971193], [0.989604314650025, 0.0069946480490665035, 0.0029604463515496143, 0.00044059084935886913], [0.9866752786632094, 0.007842016535209271, 0.0027084807379028873, 0.0027742239636784375], [0.9859782198929026, 0.012038064601468905, 0.0017748110138397545, 0.00020890439178880164], [0.9848967563198032, 0.013208220275893603, 0.00170500978689966, 0.00019001351740355454], [0.9885484101256649, 0.006617138176622119, 0.0023032982641923707, 0.0025311533335206837], [0.9874791480707162, 0.00803380413097342, 0.003944302672609128, 0.0005427450257011571], [0.007902613026642493, 0.021674240328800484, 0.669001469977377, 0.30142167656718], [0.00911474835842542, 0.024228499645973987, 0.8546380265403907, 0.11201872535520992], [0.001332019711337974, 0.9883471628625036, 0.0025884088171839316, 0.0077324085089745444], [0.000744136066505088, 0.9393203919861, 0.05823003916739565, 0.00170543267999926], [0.0019554154759507327, 0.9895544663994754, 0.0022168400671163883, 0.006273277957457486], [0.0012043019528747653, 0.989211881307566, 0.008105293998735115, 0.001478522640824115]], "ideal": "C", "sampled": "C", "correct": true}}
{"type": "result", "data": {"idx": 14, "options": ["I only", "II only", "III only", "I and II only"], "probs": [[0.21222314777830767, 0.35004691701397483, 0.18157454511609433, 0.2561553899916232], [0.20011745688598165, 0.34590692243055954, 0.2340415129402775, 0.21993410764318133], [0.17222191135022533, 0.40695759043561464, 0.17774975033189938, 0.24307074778226065], [0.17981134503687293, 0.42482560683818177, 0.203823685340788, 0.1915393626841573], [0.18696705716517908, 0.44171529345691807, 0.1899810553900004, 0.18133659388790244], [0.18620093545238203, 0.44681740119653723, 0.17773169708073847, 0.18924996617034226], [0.21947087018275688, 0.3563388234566126, 0.15086716187179663, 0.27332314438883387], [0.22227194406575249, 0.33902169786080655, 0.2056185545843211, 0.23308780338911986], [0.20004751978233432, 0.3680600170712169, 0.15827826918154275, 0.27361419386490604], [0.23158024939308153, 0.29742703725186104, 0.15428741734533652, 0.3167052959097209], [0.23753004201972241, 0.3456936621755228, 0.21974108128699807, 0.19703521441775673], [0.22224458718693188, 0.3840875567992758, 0.16779543207702804, 0.22587242383676429], [0.30740973808388034, 0.2800509971107782, 0.14524139678875653, 0.26729786791658494], [0.2998942434487856, 0.3244005441341249, 0.19368560610264834, 0.18201960621444116], [0.2617412468269801, 0.29212742605674474, 0.15389860935611419, 0.29223271766016096], [0.3085263004982623, 0.2441457244618265, 0.15275491420551315, 0.29457306073439804], [0.29408316924959577, 0.3083139863804425, 0.24009712812594294, 0.15750571614401884], [0.2979914336500031, 0.32229212883742736, 0.17797470621399647, 0.20174173119857305], [0.19575034726684634, 0.4770347204882042, 0.1432282902779056, 0.18398664186704383], [0.18641693888230587, 0.5068054794758392, 0.13428924976436496, 0.17248833177748993], [0.22645360904019346, 0.40373103029657403, 0.18198471311849576, 0.18783064744473674], [0.22296389602929084, 0.4165941116304721, 0.1373797634497031, 0.22306222879053392], [0.23161410592820425, 0.387933093630231, 0.21092570687432718, 0.1695270934672376], [0.24119761583777294, 0.35651180144559574, 0.16841050980791175, 0.23388007280871953]], "ideal": "A", "sampled": "D", "correct": false}}
{"type": "result", "data": {"idx": 15, "options": ["a^M = a", "(ax)^M = (xa)^M", "(xy)^M = y^Mx^M", "None of the above"], "probs": [[0.09761451183773458, 0.6269510983793826, 0.2270541339885632, 0.04838025569431969], [0.12477594798711822, 0.6851651769960986, 0.07451171538251156, 0.1155471595342716], [0.10947220445157492, 0.7139476324217545, 0.1362565119053807, 0.04032365112128988], [0.11279453408814837, 0.7018793998326684, 0.07059110279622466, 0.11473496318295857], [0.13678010214332176, 0.17581786737525226, 0.4150899771957745, 0.2723120531856515], [0.1398478638940636, 0.20370919117407968, 0.4589849846793677, 0.19745796015248898], [0.4696646262285636, 0.30820443763922506, 0.145423425042639, 0.0767075109895723], [0.45159408061204853, 0.2783213348168961, 0.09030171555109945, 0.17978286891995598], [0.39663552495157445, 0.48602180762903546, 0.07804267707352218, 0.03929999024586788], [0.35974450255851526, 0.499571222746007, 0.07304697755168726, 0.06763729704379047], [0.46934622338764614, 0.24747601133947464, 0.1282870398802644, 0.1548907252926148], [0.43457395871522647, 0.24789595983398732, 0.22198267776611844, 0.09554740358466776], [0.49134585153265964, 0.32750318374972986, 0.12810516393157262, 0.053045800686037856], [0.43745544222498783, 0.3407704804439528, 0.07963646143149343, 0.14213761579956596], [0.4945027923106964, 0.37333841578385124, 0.08858550721102011, 0.04357328459443229], [0.44435568314652424, 0.40471892072381493, 0.07777599534270231, 0.0731494006869585], [0.47305226129427885, 0.25737337529797266, 0.1535670952188596, 0.11600726808888885], [0.47043350159961306, 0.2641651453000913, 0.1842160101203874, 0.08118534287990825], [0.07592503150370751, 0.3101039597850273, 0.3568429132233506, 0.25712809538791453], [0.07688479010163612, 0.34217231952445804, 0.41927193966380316, 0.16167095061010262], [0.09123525699630532, 0.6955634899072409, 0.12469817603847498, 0.08850307695797871], [0.06578125853015748, 0.5730481785934929, 0.2926978192386724, 0.06847274353767721], [0.07025393790605015, 0.7096022909944771, 0.13124488195027098, 0.08889888904920168], [0.07128790871515131, 0.7144890533342093, 0.16704933592570256, 0.04717370192493684]], "ideal": "D", "sampled": "C", "correct": false}}
{"type": "result", "data": {"idx": 16, "options": ["The wait is expected to be short.", "A busy-wait loop is easier to code than an interrupt handler.", "There is no other work for the processor to do.", "The program executes on a time-sharing system."], "probs": [[0.03230199770503814, 0.23513547897607204, 0.30672960204150646, 0.4258329211773833], [0.0293766593730064, 0.25193823836102996, 0.42868774620127886, 0.28999735596468473], [0.018074669559051935, 0.10570814475998931, 0.5454933862899594, 0.33072379929099943], [0.01929794294860077, 0.06898712520327752, 0.2772027911833511, 0.6345121405647706], [0.0232026135945754, 0.19743712850532774, 0.43820016263776196, 0.3411600951623349], [0.025478285657691373, 0.10240140899592587, 0.16111870648616314, 0.7110015987602196], [0.09352488814849205, 0.12594147025279434, 0.258440226290608, 0.5220934152081056], [0.07761085835523295, 0.11477629924741237, 0.40067625340296675, 0.40693658889438794], [0.10372636311616809, 0.27340676970419925, 0.08739561456468528, 0.5354712525149473], [0.10359011589444903, 0.2774356305321777, 0.5350440144003835, 0.08393023907298973], [0.09771285877358661, 0.41160162972564956, 0.09776761308997997, 0.39291789831078383], [0.10179892926390229, 0.4061442017149093, 0.41271564360306134, 0.07934122531812712], [0.024674131198672622, 0.08031981632084674, 0.540609790010198, 0.3543962623702826], [0.02123603589159963, 0.0538303701010519, 0.22668443533491547, 0.698249158572433], [0.03233150657424797, 0.3266585140590319, 0.07639188199702938, 0.5646180972696907], [0.04749244875663483, 0.3594774030812384, 0.5233518352597781, 0.06967831280234864], [0.024152942089381037, 0.13371324587659503, 0.06027917958297235, 0.7818546323510516], [0.03245109655624482, 0.3774880724303524, 0.524473065184437, 0.06558776572896576], [0.037556250851524406, 0.11487231377219696, 0.4992217682324621, 0.3483496670438165], [0.03226988954501382, 0.07163904206265256, 0.1493274038884061, 0.7467636644039275], [0.056103563539209214, 0.46273999367333374, 0.10326491064443641, 0.3778915320430206], [0.07084566881884495, 0.41130206068977865, 0.43812725227618277, 0.07972501811519363], [0.029411361330714824, 0.10190484273159378, 0.0668405417218062, 0.8018432541158852], [0.038701591155947186, 0.22291251105965604, 0.6660475903915393, 0.07233830729285752]], "ideal": "D", "sampled": "B", "correct": false}}
