{"type": "result", "data": {"idx": 0, "options": ["7 N", "5 N", "10 N", "12 N"], "probs": [[0.2004540860114149, 0.38046169422772963, 0.23073419697255768, 0.18835002268829779], [0.18748700616869027, 0.3343139588498541, 0.24840126929183315, 0.22979776558962245], [0.20602313295995694, 0.2860861207582407, 0.3397030633259776, 0.16818768285582478], [0.215062937567869, 0.27192211958794893, 0.40817598720807957, 0.10483895553610248], [0.1918674317366967, 0.3757315985700742, 0.2463721855147331, 0.18602878407849596], [0.21864070321877943, 0.3605498724897245, 0.2942351444402421, 0.12657427975125393], [0.16570815944754055, 0.3245054587692089, 0.2648278018670017, 0.24495857981624888], [0.1464260220381223, 0.3352780341766773, 0.2651824652883469, 0.25311347839685355], [0.10317116052330534, 0.2117450792805631, 0.4922868764843801, 0.1927968836117515], [0.12871120529477992, 0.24431287443992034, 0.45641339921083235, 0.17056252095446736], [0.13992472439165948, 0.31541008384276775, 0.3409966870058801, 0.20366850465969266], [0.16371356437099674, 0.33600656196114753, 0.29647169397702516, 0.20380817959083058], [0.02973899809297621, 0.5190664538949714, 0.3857102698925931, 0.0654842780194592], [0.050935076199894146, 0.49873034647276654, 0.3536415205137401, 0.09669305671359922], [0.0516732859072996, 0.25243029777122955, 0.5427864406141911, 0.15310997560727974], [0.06952282196011653, 0.31412313087398785, 0.3970531313555705, 0.2193009157103251], [0.04274507936320205, 0.4218015325191347, 0.4087955011525749, 0.1266578868650883], [0.04199474567513724, 0.46593140336116, 0.31521951327101067, 0.17685433759269206], [0.15457183581749137, 0.42025856431866915, 0.2799113475970066, 0.14525825216683289], [0.17491113168967448, 0.4131583694151652, 0.28392843255328315, 0.12800206624187715], [0.16738701363877523, 0.3227282858385262, 0.307903090324102, 0.20198161009859658], [0.1787895953837182, 0.3501401140893999, 0.26841466816320064, 0.20265562226368125], [0.149774846773692, 0.4402857783230703, 0.29325833336938634, 0.11668104143385134], [0.1537337807421861, 0.4449212881524717, 0.26563547455780884, 0.13570945644753343]], "ideal": "A", "sampled": "A", "correct": true}}
{"type": "result", "data": {"idx": 1, "options": ["weight of fluid.", "volume of fluid.", "density of fluid.", "All of these."], "probs": [[0.3266436493812601, 0.17227699053364412, 0.05417797401949612, 0.44690138596559964], [0.26646537529032005, 0.1776584598533302, 0.5472960665249127, 0.008580098231437105], [0.27293045546054484, 0.07704954192983442, 0.08069661619586203, 0.5693233863137587], [0.23774616123434614, 0.0630429791263786, 0.6885043728214768, 0.010706486717798452], [0.6177300522543202, 0.2617925581357091, 0.0977712302477475, 0.022706159262223153], [0.5980746015738619, 0.29173874200037214, 0.04949094243990568, 0.06069571388586025], [0.38811030546296693, 0.1130480381020206, 0.05172314063996876, 0.4471185156950437], [0.28346958106808173, 0.09210274157448986, 0.6196932054599537, 0.004734471797474735], [0.4961665701910183, 0.06720500958469097, 0.04990962352407589, 0.38671879660021485], [0.30119960922102157, 0.04622300253013641, 0.6481048936436511, 0.004472494505190879], [0.6577927665586942, 0.22752871295110147, 0.10090201647768753, 0.013776503912516763], [0.6511987968656929, 0.3078170068927212, 0.034787151019982754, 0.006197045121603159], [0.1377423739248066, 0.12555343105105018, 0.109000920955491, 0.6277032739686522], [0.11503598747294497, 0.10322408372297684, 0.7627866905375705, 0.018953238166507645], [0.17077117048219934, 0.1791556517411945, 0.08069526583703401, 0.5693779118395721], [0.12380545109658146, 0.13400429094022978, 0.724468171294229, 0.01772208656895973], [0.19611991939967663, 0.4786297380445595, 0.22950586674302537, 0.09574447571273847], [0.1825033046493728, 0.4968566075875734, 0.2382412297081575, 0.08239885795489633], [0.0772648126828589, 0.8714214237868552, 0.04235352045047237, 0.008960242979813536], [0.11329410667176136, 0.8251680457670765, 0.026919904283942166, 0.03461794317721998], [0.11431015037187714, 0.8456016507415076, 0.03406545518152463, 0.006022743605090598], [0.13390560060231796, 0.8212069631129575, 0.03231266792382835, 0.012574768260896185], [0.2922262483790447, 0.4941014536549443, 0.08777778398609545, 0.12589451387991554], [0.26125477902811817, 0.5286190942504632, 0.15978446420643116, 0.05034166241498748]], "ideal": "B", "sampled": "D", "correct": false}}
{"type": "result", "data": {"idx": 2, "options": ["totally internally reflects", "passes into the air above", "is absorbed", "None of these"], "probs": [[0.21557220653842712, 0.6439533185020364, 0.06474031459086206, 0.07573416026867444], [0.1936664533098476, 0.5785282555366524, 0.11210486131332355, 0.11570042974017637], [0.3080761317944089, 0.0755971864146206, 0.4773897216670987, 0.13893696002387182], [0.229010397218703, 0.06882346393618556, 0.09850871099382484, 0.6036574277512866], [0.10902605123453309, 0.08634085888043265, 0.6578645656504164, 0.1467685241346179], [0.15001996903051876, 0.07548571152272822, 0.04721002884601237, 0.7272842905007406], [0.8643430044275059, 0.10166916537759765, 0.020010707393746382, 0.013977122701150025], [0.7744296230996522, 0.15018042661226544, 0.036219540222948876, 0.03917040996513347], [0.8479929948785145, 0.06051788804840302, 0.05592651192926095, 0.03556260504382152], [0.6695527979840384, 0.08788781546751093, 0.07057034916045123, 0.1719890372879994], [0.6182827764643016, 0.11622250477634422, 0.21705924815572566, 0.04843547050362846], [0.7210775124466187, 0.11775896872533413, 0.06202951165457425, 0.09913400707347289], [0.053539002775362894, 0.3719763658425967, 0.46281837205532084, 0.11166625922671954], [0.046851483284872916, 0.35738319953793946, 0.05923653898324488, 0.5365287780939427], [0.012186915941640737, 0.9240681777696648, 0.04059564431469399, 0.023149261874000505], [0.02009028677184084, 0.868021713804506, 0.031120594406177222, 0.0807674049174759], [0.053800127911393075, 0.1005941774130686, 0.5107091861270288, 0.33489650844850954], [0.01667719920948044, 0.05734469092082893, 0.8557410978818827, 0.07023701188780793], [0.10084013045077628, 0.45236141159125665, 0.3359927584787898, 0.11080569937917731], [0.0686692284599339, 0.5663433564941606, 0.042314994287822934, 0.3226724206580826], [0.04006260536641917, 0.8980072758683149, 0.034810601335248666, 0.027119517330017263], [0.03935344340913852, 0.896024723439108, 0.024629770605942614, 0.03999206244581089], [0.036956039423705206, 0.04676100378048718, 0.10047719926059406, 0.8158057574352136], [0.010566754462384146, 0.029899297836027613, 0.7706919455258981, 0.1888420020756901]], "ideal": "B", "sampled": "B", "correct": true}}
{"type": "result", "data": {"idx": 3, "options": ["always.", "sometimes.", "never.", "on planet Earth only."], "probs": [[0.1322191951064064, 0.39485505145778194, 0.45445015937304445, 0.01847559396276717], [0.3385944361412691, 0.4085031084156026, 0.0743705116700804, 0.17853194367304787], [0.3074490014870875, 0.34845977114886956, 0.2980063436929209, 0.046084883571122046], [0.37923381448566534, 0.28187028870921205, 0.09006416259913055, 0.24883173410599205], [0.3593190419111659, 0.11310051717522784, 0.24312623567314265, 0.28445420514046355], [0.40924222423921447, 0.13927646847420821, 0.34464372640484503, 0.10683758078173224], [0.05014967056072639, 0.8221700595295697, 0.11479204624693203, 0.012888223562771965], [0.07154050042268482, 0.8188162553197145, 0.04547070440369894, 0.06417253975390176], [0.09131893055417803, 0.15299849931304618, 0.7299053897212594, 0.025777180311516355], [0.15774339083323352, 0.1933106587638963, 0.08056262699686606, 0.568383323306004], [0.07982923178875742, 0.052377012207079875, 0.8193347544819505, 0.048459001422212246], [0.07269404259128026, 0.04622499655199881, 0.17993715486112832, 0.7011438058955926], [0.06459596969049328, 0.8120342168454456, 0.1048499827863101, 0.018519830577751015], [0.09130562368033089, 0.776632570446331, 0.04886932816223353, 0.08319247761110454], [0.08324996054783368, 0.17088662945621572, 0.7194446686401612, 0.02641874125578938], [0.16793098304668044, 0.21234294229155506, 0.11013298227876211, 0.5095930922830023], [0.06922007426030918, 0.05478205000682233, 0.8305655508600188, 0.04543232477284965], [0.10547853143820571, 0.07600775813342561, 0.3740377648717304, 0.44447594545663827], [0.06977082892213173, 0.5663690054799343, 0.21831906164964954, 0.1455411038482844], [0.07842507899196682, 0.626710767782313, 0.21996769142955505, 0.07489646169616501], [0.07675262855980641, 0.10998024175816817, 0.7515589770169587, 0.06170815256506669], [0.0986375287076541, 0.11180957405641166, 0.2723845541204819, 0.5171683430154523], [0.07031769918845567, 0.1512589128302228, 0.7329939466541786, 0.04542944122714291], [0.11638605246613684, 0.1889793220277598, 0.28810091945327443, 0.4065337059528289]], "ideal": "B", "sampled": "A", "correct": false}}
{"type": "result", "data": {"idx": 4, "options": ["changes", "aligns with the electric field", "is at right angles to the electric field", "converts to magnetic energy"], "probs": [[0.47520735324033236, 0.3069619501787208, 0.18903888548839415, 0.028791810992552687], [0.5028469674422726, 0.24906334835177044, 0.06294057658297536, 0.18514910752298155], [0.4725729392581337, 0.13766447813742239, 0.3624362247884245, 0.027326357716019378], [0.6359323763817541, 0.16343374305172967, 0.04464854233044127, 0.15598533813607487], [0.5211034779726341, 0.10763351882066022, 0.0964010538183138, 0.27486194928839186], [0.417228401949138, 0.11600528030466889, 0.10385846374325955, 0.36290785390293356], [0.34750443434589684, 0.21769021287104487, 0.40009161527856024, 0.034713737404498034], [0.2927549335759524, 0.2710010252398987, 0.09357778470060611, 0.34266625638354276], [0.16213112705521682, 0.7498597930398299, 0.07194502490162324, 0.01606405490333011], [0.17808338768334678, 0.7268560446454341, 0.06551398054885493, 0.029546587022364207], [0.32913793638910926, 0.08466973521445073, 0.24085337334608348, 0.34533895495035655], [0.388295161162014, 0.057829106943297924, 0.49875675876324144, 0.055118973031446666], [0.4250706262482502, 0.1360460709211104, 0.4121073606826233, 0.0267759420480161], [0.46105839080005756, 0.19239530738771837, 0.0752637283703028, 0.2712825733419213], [0.3155985754658667, 0.5990957583683525, 0.07041752298356391, 0.014888143082216884], [0.31989243921318666, 0.6072308477080498, 0.05304162998192105, 0.0198350829968425], [0.486400965451245, 0.08332268209907669, 0.135063246885318, 0.2952131054643603], [0.45123857927635863, 0.05749540861114209, 0.44440505566332794, 0.04686095634917137], [0.035312349388808936, 0.5112708000924322, 0.20011801195640114, 0.25329883846235773], [0.04078889523564391, 0.5548693888555651, 0.11622029532725087, 0.28812142048154005], [0.10049957185723082, 0.4041620552755858, 0.23013021392503136, 0.265208158842152], [0.10160215640237699, 0.35507633220351426, 0.4628262381440632, 0.08049527315004557], [0.11048923102438535, 0.3741913325951424, 0.20011461672824352, 0.3152048195522287], [0.12992783179908718, 0.16971005876997386, 0.6202231187548105, 0.0801389905761284]], "ideal": "A", "sampled": "C", "correct": false}}
{"type": "result", "data": {"idx": 5, "options": ["red", "yellow-green", "blue", "violet"], "probs": [[0.08622524269888691, 0.15862979229636856, 0.48109549996058526, 0.2740494649441592], [0.09752934843159404, 0.12724022139393698, 0.7322863094127404, 0.04294412066172861], [0.0776278307779575, 0.3070499919573131, 0.07643050011548896, 0.5388916770492405], [0.06372995721455356, 0.3017100117926339, 0.6001791402110731, 0.03438089068173943], [0.03713300317357303, 0.9281107782758666, 0.022700253467895153, 0.012055964982665222], [0.033532954271721344, 0.9422850328464679, 0.018957888679192247, 0.005224124102618518], [0.14207461466742838, 0.3303377972565252, 0.19727095037062153, 0.3303166376054249], [0.1590288013784404, 0.274824747801303, 0.49775224190799044, 0.06839420881226614], [0.13883846583055465, 0.36579062440937715, 0.16232934108751929, 0.3330415685725489], [0.14236319594014596, 0.2701973419439806, 0.5374678573021704, 0.049971604713703065], [0.07830982814953455, 0.8550639922913127, 0.046037358239180086, 0.02058882121997267], [0.08096322814654386, 0.856836222571816, 0.046132406101521, 0.01606814308011915], [0.18533532043428594, 0.17412811256503066, 0.07848033191253238, 0.562056234988151], [0.17407473078397856, 0.18245886944119205, 0.6078229772370817, 0.03564342243774767], [0.1889845970386647, 0.3020180969526916, 0.1720907636681734, 0.33690654224047023], [0.1577471080643157, 0.16026568771874242, 0.6439278868752688, 0.03805931724167312], [0.06716692572098833, 0.884651558099354, 0.037385788507481574, 0.010795727572176018], [0.07234592819803483, 0.8541562372827665, 0.05211164326170787, 0.02138619115749089], [0.488234273514544, 0.2782035594097329, 0.0725728007738497, 0.16098936620187337], [0.4510851359131471, 0.3100436529379572, 0.20980981815973113, 0.029061392889164574], [0.5679802636520476, 0.13078456405193473, 0.20254450751571024, 0.09869066468030746], [0.39640554486419255, 0.12092813013083338, 0.4027609198677042, 0.07990540503726991], [0.6658778785993362, 0.12512838839233334, 0.1683805733750763, 0.040613159533254055], [0.6350324721028388, 0.13734692071616358, 0.08594300620378977, 0.14167760087720785]], "ideal": "D", "sampled": "D", "correct": true}}
{"type": "result", "data": {"idx": 6, "options": ["mass distorts spacetime.", "gravity affects clocks.", "light can\u2019t escape from a black hole.", "All of these."], "probs": [[0.06210569816950236, 0.026304942553478955, 0.012818164668542707, 0.898771194508476], [0.11766634181591229, 0.022815168827447805, 0.8562308094461017, 0.003287679810538118], [0.02436357459114316, 0.01755440303627405, 0.014550233827482445, 0.9435317884451003], [0.10131104901770258, 0.027487633069209427, 0.8618483354053889, 0.009352982407699113], [0.6548308284273722, 0.32421926436683246, 0.015281924868727662, 0.005667982237067727], [0.520448961942386, 0.46661363169752523, 0.009913040860698651, 0.003024365399390124], [0.010390600754454561, 0.03656015088503637, 0.010072533645852432, 0.9429767146146566], [0.01643536142118366, 0.06155283010508669, 0.9189699341701278, 0.0030418742036017596], [0.004557381416673745, 0.012198859296791372, 0.04392499956905007, 0.9393187596174848], [0.017627117004440272, 0.034788449817405205, 0.8298876339744377, 0.11769679910371682], [0.049122373290784706, 0.7867699667698419, 0.15252504532458283, 0.011582614514790592], [0.04653591246311005, 0.8645902790699737, 0.021142182672683196, 0.0677316256942331], [0.0033063331704050337, 0.011188722086825198, 0.009346932996526782, 0.9761580116462429], [0.004863712057818466, 0.017933640676994107, 0.9716890893448763, 0.0055135578203111485], [0.0027942967126158907, 0.010631039735116754, 0.014528765338294017, 0.9720458981139734], [0.007416014137516589, 0.022847185473766633, 0.9417412937177926, 0.02799550657092417], [0.01805533990342528, 0.8769636569662358, 0.08285061844474671, 0.02213038458559225], [0.023820809573890704, 0.8733311728011848, 0.05582705408098598, 0.047020963443938545], [0.8155104775352324, 0.155713920739995, 0.015170301789568142, 0.01360529983520446], [0.859511086492345, 0.11279241822843128, 0.01335938289475108, 0.014337112284472668], [0.8915619203400778, 0.05975666980728848, 0.032219137813174786, 0.016462271939459018], [0.8941816110847771, 0.03899751871975982, 0.012266042555095714, 0.054554827540367334], [0.9314568898116167, 0.038460810808180486, 0.01679374883138505, 0.013288550448817821], [0.9084549351596625, 0.043175217779390325, 0.013685401169031745, 0.03468444579191542]], "ideal": "D", "sampled": "D", "correct": true}}
{"type": "result", "data": {"idx": 7, "options": ["voltage", "energy", "Both of these", "Neither of these"], "probs": [[0.022046298704578592, 0.02071475707450597, 0.9524691887983556, 0.004769755322559836], [0.3696510847978021, 0.03897739575289804, 0.00954769736378235, 0.5818238219855174], [0.10462553494464859, 0.889776438607156, 0.0047056446718515155, 0.0008923816763438316], [0.09564129970707609, 0.8933226927323397, 0.008099857986315849, 0.0029361494742684226], [0.6737241047882231, 0.026550812248453622, 0.01866713324498525, 0.2810579496183381], [0.8068511525228431, 0.05159726755345425, 0.12568754580395855, 0.01586403401974411], [0.0003873698318047606, 0.8316079394649724, 0.16377190104274394, 0.0042327895604788906], [0.0007645267267877631, 0.964930307249487, 0.0022822572185761136, 0.03202290870514905], [0.010533357253236612, 0.05784813293337347, 0.9051271656793818, 0.026491344034008123], [0.016026123983437297, 0.10952878487298248, 0.01267758075306121, 0.861767510290519], [0.007164552124066082, 0.007336459387292534, 0.9169664699742139, 0.06853251841442738], [0.01973855710336172, 0.012163993364089284, 0.04589440428159891, 0.9222030451509501], [0.22606007104565373, 0.707256879857121, 0.04246384808234349, 0.024219200914881677], [0.1609588690413219, 0.7922399990256633, 0.019676770786508316, 0.02712436104650645], [0.2113404791667729, 0.25903488071397135, 0.4838881356343774, 0.045736504384878314], [0.18313584002713615, 0.13192901210551936, 0.014798924545937935, 0.6701362232214065], [0.31653249968103375, 0.19810758971917491, 0.37592906596319053, 0.10943084453660085], [0.1395201925472105, 0.08870249835500077, 0.14622032131269838, 0.6255569876850904], [0.030790015049646048, 0.2702529207603721, 0.04015417881339215, 0.6588028852765897], [0.007484946060382505, 0.6582270785035799, 0.32586833430809764, 0.008419641027939911], [0.0177122180583271, 0.06482233622091914, 0.2728302083938915, 0.6446352372268622], [0.025209402897755792, 0.14741076664838898, 0.5562676242580148, 0.2711122060958404], [0.014696685143565699, 0.8344828757618542, 0.11470817402235176, 0.036112264972228324], [0.017543784357294746, 0.6585010542098758, 0.08909657131976013, 0.2348585900130693]], "ideal": "A", "sampled": "A", "correct": true}}
{"type": "result", "data": {"idx": 8, "options": ["chaotic", "ordered", "positioned by amplitude", "in phase"], "probs": [[0.008062332826724474, 0.9766436232438166, 0.009574406555934164, 0.005719637273524731], [0.003812382736155619, 0.9929697628039791, 0.0029457737471202086, 0.00027208061274512456], [0.007471362034170312, 0.014981084313380327, 0.9713517304346464, 0.00619582311780296], [0.04616936175366908, 0.04016042023077238, 0.14447605231698374, 0.7691941655985748], [0.026356984488898668, 0.019907242565209624, 0.9441864619559946, 0.009549310889897099], [0.003649728523569015, 0.0032998236998674165, 0.011965950086896496, 0.9810844975896671], [0.9733666800433519, 0.016237199344559753, 0.009541842177531484, 0.0008542783345568489], [0.9890193064268409, 0.007320832671417458, 0.0035113367234572237, 0.0001485240782844528], [0.9869975115481089, 0.009092348106355305, 0.0036438706583923116, 0.00026626958714345383], [0.9858097020208351, 0.009224733134693212, 0.004746752700182569, 0.00021881204428912839], [0.9944904389791005, 0.002708583052918072, 0.0026444433293877877, 0.00015653453859366324], [0.995515195223798, 0.0022656487076708263, 0.0021270180955798106, 9.213787295126622e-05], [0.010031635118205033, 0.007117977491093134, 0.9769047074544198, 0.005945679836282045], [0.09058461778725246, 0.01731863932187614, 0.156550774674269, 0.7355459681166024], [0.0009146958878196415, 0.9951489412395409, 0.003588919686758049, 0.00034744308588144195], [0.0006698378091571284, 0.9959500107050584, 0.0030963143264426465, 0.00028383705934177607], [0.06463363645634361, 0.04242141465378622, 0.027799579725622615, 0.8651453690642475], [0.009349920829521179, 0.013194389701406668, 0.9695769592596006, 0.007878730109471528], [0.011004426288714854, 0.008310759495936163, 0.9756450817429895, 0.00503973237235947], [0.006735759703589692, 0.004218713153981158, 0.019795746733820997, 0.9692497803086081], [0.03786393708251877, 0.8486310424538264, 0.10621044266171374, 0.0072945777019411675], [0.04773473437747943, 0.8732151518367991, 0.06424138790086316, 0.014808725784858258], [0.07166439107218957, 0.0318300827456079, 0.0366018553927708, 0.8599036706894317], [0.007047584145466117, 0.01135592122772214, 0.9756578068863216, 0.00593868764049007]], "ideal": "B", "sampled": "B", "correct": true}}
{"type": "result", "data": {"idx": 9, "options": ["amplitude", "wavelength", "frequency", "energy"], "probs": [[0.08966785802045624, 0.1928911684691414, 0.2895074827606176, 0.42793349064978475], [0.042977377404910554, 0.1454358512544962, 0.1896474211570063, 0.6219393500835869], [0.10378265485328626, 0.2692813199645302, 0.2163264481476504, 0.4106095769345331], [0.08124509010564533, 0.2685479621524768, 0.471298831330005, 0.17890811631187287], [0.024417038369829124, 0.72487512888892, 0.058579567034735054, 0.19212826560651577], [0.03483691088284649, 0.7449114168710845, 0.15614958025429296, 0.06410209189177599], [0.10426228880816742, 0.20421188338338234, 0.46013196032109865, 0.23139386738735154], [0.0559924549398516, 0.12427514272347842, 0.36518594495617585, 0.45454645728049414], [0.06294983530979925, 0.5973787814171951, 0.17113774758150826, 0.16853363559149734], [0.06957591376186968, 0.6499960470294353, 0.1259986767493751, 0.15442936235931998], [0.09940216615247488, 0.1317442347592676, 0.3994165330769314, 0.3694370659113261], [0.09141048315476658, 0.19662786114120745, 0.5869797642532046, 0.1249818913508213], [0.1331812987478484, 0.2338248516254885, 0.4167591047435805, 0.21623474478308255], [0.09647965672126022, 0.21079074234989, 0.49778005859895424, 0.19494954222989555], [0.1412630252759732, 0.2723943645329148, 0.23659754661957833, 0.34974506347153367], [0.15541281730843054, 0.18752519412103766, 0.13931819135454024, 0.5177437971159915], [0.05021547637859321, 0.7379872963134705, 0.13026111117776482, 0.08153611603017143], [0.05899285742114426, 0.7771448393451517, 0.08319973945980101, 0.08066256367390305], [0.8891757825153274, 0.021920679379901324, 0.022436289365241672, 0.06646724863952969], [0.923792606802347, 0.02207252814353745, 0.023492603135235705, 0.030642261818879822], [0.939041351532576, 0.016035915863954007, 0.015661319307797995, 0.02926141319567199], [0.946201794155676, 0.016933096444902058, 0.02058185062663186, 0.016283258672790162], [0.9146273271291675, 0.027196482316097018, 0.027837973547876205, 0.030338216906859304], [0.9123331103530193, 0.02887839200330693, 0.02112510939196598, 0.037663388151707694]], "ideal": "D", "sampled": "D", "correct": true}}
{"type": "result", "data": {"idx": 10, "options": ["the same", "opposite", "Either of these", "Need more information"], "probs": [[0.0022682580754791143, 0.989081348840218, 0.006767833315555604, 0.0018825596687472726], [0.00270457272523183, 0.9931871044802235, 0.0030395000834529187, 0.0010688226110917368], [0.005711103150412368, 0.050903832856714425, 0.9309062675066209, 0.012478796386252359], [0.0022332707004663697, 0.008565276523304523, 0.014334445253788063, 0.974867007422441], [0.0018041782052276422, 0.022853104454228248, 0.9718900746926296, 0.00345264254791459], [0.002232120642383571, 0.005703063647541828, 0.017831571699974694, 0.9742332439100999], [0.6286065566123378, 0.25796389529143793, 0.0994232444003951, 0.014006303595829269], [0.742100822331852, 0.22986176222358556, 0.021713375679056887, 0.0063240396655055205], [0.7727816225154661, 0.13853048425364628, 0.07647805935166432, 0.012209833779223217], [0.8098274136713141, 0.1363613251461275, 0.04029851986331689, 0.013512741219241607], [0.8688500653466481, 0.09595909199868206, 0.028807377759816694, 0.006383464794853101], [0.8416722517632474, 0.10699600867103427, 0.03874150611817297, 0.012590233347545287], [0.04878921924464497, 0.1813316388941857, 0.7398053586068594, 0.030073783154309926], [0.06233670654771286, 0.1111842559343295, 0.06634987243867824, 0.7601291649792794], [0.016670216641351373, 0.9245062458543494, 0.05296657631189481, 0.005856961092404422], [0.013609286915468331, 0.9691093202404256, 0.011821015501118344, 0.005460377242987704], [0.034130269486455284, 0.03634994632536582, 0.07571816737382403, 0.8538016167143548], [0.010951370710502183, 0.0379368347150804, 0.9334615675612191, 0.017650226913198227], [0.01623057165064247, 0.057544885773904535, 0.9143425616972165, 0.011881980778236542], [0.011511541518714918, 0.016758946991465247, 0.02761118841113455, 0.9441183229786853], [0.004110020141773911, 0.9822538547825745, 0.012361355192303351, 0.0012747697833482132], [0.002794606023516599, 0.9870754645655263, 0.008808092761110423, 0.0013218365498466511], [0.016771288618204903, 0.04089230678732864, 0.05413087466959794, 0.8882055298248686], [0.012105300299786948, 0.07302412699779026, 0.8894269531417391, 0.02544361946068366]], "ideal": "B", "sampled": "B", "correct": true}}
{"type": "result", "data": {"idx": 11, "options": ["conduction", "convection", "radiation", "radioactivity"], "probs": [[0.0013999113241461851, 0.005408222656214177, 0.9911861775877232, 0.002005688331916421], [0.00026422785135330514, 0.0005422781577654152, 0.0034263255361103137, 0.995767168354771], [0.0004724621120447065, 0.9983643078799892, 0.0010156287316990325, 0.00014760117626701308], [0.0004579730270649096, 0.9984726518479841, 0.0009034266926985601, 0.00016594833225249016], [0.0005617493426550693, 0.001717026439668177, 0.005541433598589755, 0.992179790519087], [0.0039878756069514475, 0.011999682972883037, 0.9758287276463452, 0.00818371367382034], [0.0015600124029601025, 0.006266691955746571, 0.99007364424134, 0.0020996512999533388], [0.0004012480212352214, 0.0010327983204636954, 0.0068927798571777, 0.9916731737011234], [0.0003680536195003559, 0.9985533606625618, 0.0009177129445458162, 0.00016087267339202378], [0.00034581235821528526, 0.9986941942766842, 0.0008100163644899756, 0.00014997690061061887], [0.00045873559634333023, 0.0022405008885561352, 0.004596367498913218, 0.9927043959161873], [0.005233447047611774, 0.015747631370480908, 0.9666576084809134, 0.012361313000993869], [0.9911930495281172, 0.006323624531105164, 0.0021179690597558955, 0.0003653567810218417], [0.9895936240923233, 0.007438919517232253, 0.0023223709755996634, 0.0006450853148447449], [0.991672894097212, 0.005760553066356263, 0.0021523504137072077, 0.0004142023227245105], [0.9911149820963777, 0.006323130938228319, 0.002151157129471409, 0.00041072973592258126], [0.986953536791629, 0.00908995308422132, 0.0032662725353918144, 0.0006902374887578748], [0.9875283719107144, 0.008815379308540506, 0.0031429495786245362, 0.0005132991021205853], [0.08721018841616987, 0.06485151692133878, 0.4570166604364862, 0.3909216341260051], [0.018901922018074883, 0.02352786835265172, 0.9107835989739825, 0.046786610555290854], [0.16352935255568102, 0.12351309598874548, 0.1420653323840988, 0.5708922189714747], [0.08804124681953983, 0.06859849626641217, 0.7606405644371004, 0.08271969237694764], [0.009732446417043222, 0.9621973744689276, 0.018181917662191415, 0.009888261351837686], [0.011041787822096383, 0.9633715474772588, 0.0187819326986865, 0.006804731901958302]], "ideal": "C", "sampled": "C", "correct": true}}
{"type": "result", "data": {"idx": 12, "options": ["half, 1 A", "2 A", "Depends on which lamp is closer to the battery", "Not enough information to say"], "probs": [[0.2569038233365435, 0.2001363158005564, 0.277794863586737, 0.26516499717616304], [0.2924816099256338, 0.20744166394310012, 0.3640236664653482, 0.13605305956591787], [0.26108891936413375, 0.3353104442906544, 0.2033486605984171, 0.20025197564679473], [0.22868787090708573, 0.3487850777275029, 0.25514594098081717, 0.1673811102845942], [0.29087841887440435, 0.48720656444864013, 0.13317619562222208, 0.08873882095473347], [0.37676456005434716, 0.3431126721886506, 0.13020999534303218, 0.14991277231397002], [0.06343071954383975, 0.5834310097664619, 0.1751562965870305, 0.17798197400266783], [0.045360271566724335, 0.6986506708172473, 0.19099031596275962, 0.06499874155326879], [0.03550153024705837, 0.7474173668636472, 0.10766591652023337, 0.10941518626906101], [0.025867312293173406, 0.6569000738852369, 0.2132594221588198, 0.10397319156276995], [0.05950183318538935, 0.7597879991436622, 0.12210231847200385, 0.05860784909894459], [0.09109064190668913, 0.6838092207224821, 0.11516180633346979, 0.10993833093735898], [0.1486733108610253, 0.35672593113192996, 0.2376079112053728, 0.25699284670167194], [0.12122796948767452, 0.2819498416063652, 0.3400603456441667, 0.25676184316179357], [0.12489436099683329, 0.4292598164231928, 0.2523289379000672, 0.1935168845799067], [0.11036620699129794, 0.3347541516220403, 0.34536678882091126, 0.2095128524657505], [0.1757407214427195, 0.4350781505131482, 0.193035814042991, 0.19614531390114137], [0.15073469953525864, 0.3910701151279497, 0.2645801125759597, 0.19361507266083194], [0.16109944878397703, 0.33583837744215467, 0.24953962859996212, 0.25352254507390615], [0.13555347514127739, 0.2915711613729742, 0.20997356740599507, 0.36290179597975336], [0.11773511108871473, 0.3627474632701185, 0.2960252187553945, 0.22349220678577233], [0.11657414844749729, 0.35360325169610807, 0.2710838378191969, 0.2587387619371977], [0.15273083289732597, 0.2639793674688001, 0.19309196788847813, 0.3901978316453958], [0.09637481359267541, 0.17456614319105668, 0.44571234111082586, 0.28334670200544204]], "ideal": "B", "sampled": "D", "correct": false}}
{"type": "result", "data": {"idx": 13, "options": ["increase.", "decrease.", "remain unchanged.", "None of these."], "probs": [[0.4265514957465393, 0.4007685526890591, 0.13421029001112353, 0.03846966145327807], [0.3491892490247191, 0.4019964008972652, 0.10321461331397343, 0.1455997366640423], [0.38746885616090077, 0.08383331696844158, 0.5054189116872253, 0.023278915083432317], [0.44305331500778633, 0.13730219312059685, 0.10040731206442634, 0.31923717970719045], [0.30730768115553647, 0.08148079911048393, 0.46140387763412327, 0.14980764199985633], [0.2814300697973583, 0.09140506522047007, 0.1482894591583953, 0.47887540572377635], [0.14524237728952472, 0.749295111208944, 0.08021046175633063, 0.025252049645200635], [0.13288336891929134, 0.6440489839561786, 0.09423135894912399, 0.12883628807540612], [0.13118605680465398, 0.0759637067124084, 0.7670069274986218, 0.025843308884315824], [0.17375999687364574, 0.13327726720430838, 0.11395356057934866, 0.5790091752426972], [0.10276859022911558, 0.0717875568842427, 0.7478437255802113, 0.07760012720643049], [0.14946354033265719, 0.09806055735200192, 0.1518168060736947, 0.6006590961416463], [0.01212085288910861, 0.7859092175145066, 0.1925969374900176, 0.00937299200636719], [0.022156070255326815, 0.7934841276363546, 0.042045878851802304, 0.14231392315651628], [0.05472423854784318, 0.28238390681500075, 0.6167865785539712, 0.046105275983184806], [0.07202163552582178, 0.18112111629585548, 0.08420181524513008, 0.6626554328331926], [0.03138731220950613, 0.04226185485874865, 0.5697667237321702, 0.356584109099575], [0.050024237851447044, 0.062287819098322136, 0.23868085619417828, 0.6490070867560526], [0.03859098878108217, 0.7058755531203359, 0.23642242693924514, 0.01911103105933677], [0.049991333664978786, 0.6902466565319314, 0.04921653652920728, 0.21054547317388256], [0.06680300831126709, 0.2191239893217308, 0.664414763384181, 0.04965823888282104], [0.07333430175250197, 0.19027063957452348, 0.07219842344539677, 0.6641966351275778], [0.03864719059633358, 0.05714459099372321, 0.6746571214118322, 0.229551096898111], [0.06034570186726789, 0.07874143867897354, 0.2790773510653845, 0.581835508288374]], "ideal": "A", "sampled": "A", "correct": true}}
{"type": "result", "data": {"idx": 14, "options": ["2mg", "mg", "mg/2", "mg/4"], "probs": [[0.22035414306633727, 0.40550497774457456, 0.18553929305514932, 0.18860158603393887], [0.11346116391527045, 0.1576513953958995, 0.1246004663640413, 0.6042869742247887], [0.21542703461200333, 0.2811665748921033, 0.2809614753155641, 0.2224449150803293], [0.17715616522447952, 0.3416728973046999, 0.41842710967648006, 0.06274382769434055], [0.12721212206998905, 0.28243520853079274, 0.17937670646304224, 0.41097596283617593], [0.07755478701873292, 0.1617455679536712, 0.7245961046864022, 0.03610354024119368], [0.5078183932419672, 0.15254488358544416, 0.25135421375869177, 0.08828250931389685], [0.2709799843171469, 0.1342210689517108, 0.1749296381936597, 0.4198693084374826], [0.21647479521425209, 0.6363447287602547, 0.0821507642487992, 0.06502971167669397], [0.19039545029307997, 0.5957983443089879, 0.17883121099469734, 0.034974994303234745], [0.17762061290080064, 0.5916816967252649, 0.0879144561234694, 0.142783234150465], [0.12373618219652478, 0.306377653841996, 0.5375828822549465, 0.032303281606532605], [0.33247324828698216, 0.20496187759717194, 0.31721907994980664, 0.14534579406603926], [0.4409219835704188, 0.23611168214348627, 0.26322962125733146, 0.05973671292876349], [0.2434465510436797, 0.6414962005419641, 0.0534614489460606, 0.061595799368295616], [0.26830852378859177, 0.542096145014408, 0.16015580503734264, 0.029439526059657634], [0.23438764058447076, 0.6677443085951494, 0.06160383395515504, 0.036264216765224705], [0.23850639404532434, 0.4598296022204078, 0.2744497855916754, 0.027214218042592428], [0.2625944833911775, 0.17504381610062225, 0.23534619104457252, 0.32701550936362767], [0.2547231056245221, 0.17793540919931686, 0.5226874428865276, 0.04465404218963346], [0.1835261818236182, 0.630746232084689, 0.04711787975609644, 0.1386097062355963], [0.19017844471643797, 0.4287192576081935, 0.34978090263180417, 0.03132139494356437], [0.08902672800555474, 0.8579702373222525, 0.03739586955988261, 0.01560716501231009], [0.09284401848359713, 0.802066399858464, 0.09138117146345813, 0.013708410094480834]], "ideal": "B", "sampled": "C", "correct": false}}
{"type": "result", "data": {"idx": 15, "options": ["less.", "equal.", "greater.", "none because it sinks."], "probs": [[0.24739188690667682, 0.1897370126575339, 0.40803353210283516, 0.15483756823295414], [0.36617348937723315, 0.19002175969868162, 0.13056799184411463, 0.3132367589799706], [0.17751354638625075, 0.3700072008749086, 0.34224800546948947, 0.11023124716935111], [0.26749980447001515, 0.41433256860404405, 0.14544069765543885, 0.17272692917050197], [0.3616112199184131, 0.11207350425846338, 0.15313926451715726, 0.3731760112059662], [0.34879749108626285, 0.12442366029113007, 0.2675110260881315, 0.2592678224344756], [0.030843736543320777, 0.6392427670330519, 0.24270315420677294, 0.08721034211685431], [0.06180778678877416, 0.6392052935707514, 0.15182716048775072, 0.14715975905272374], [0.07147337602069566, 0.27838734204350585, 0.49641684432455074, 0.15372243751124776], [0.1107300503332444, 0.2828579204565861, 0.18841217175608002, 0.4179998573540895], [0.07882536418373694, 0.09591581028305253, 0.5434268348057921, 0.2818319906274184], [0.1255353558762804, 0.16383439544938388, 0.369221573572513, 0.3414086750018227], [0.023028022515641733, 0.8507324858577424, 0.10320647525874355, 0.02303301626787232], [0.04598248548280642, 0.8542113621502502, 0.07234059542962937, 0.027465556837313977], [0.10589170218187302, 0.16664132101714174, 0.6800985779656182, 0.04736839873536703], [0.22422733412947116, 0.27479330930912227, 0.1590186428426023, 0.34196071361880426], [0.23001541366374642, 0.10374981986252452, 0.5351253191228433, 0.13110944725088572], [0.25139357717301847, 0.10162393835559001, 0.26353096138912085, 0.38345152298227064], [0.07890585867946448, 0.3947064309523163, 0.1497838657183461, 0.3766038445498731], [0.0670975893668788, 0.3572869896531446, 0.4243407249026343, 0.1512746959773423], [0.027972238669584003, 0.046891115893561174, 0.5894342569305204, 0.33570238840633443], [0.06701366207149768, 0.0861178979401993, 0.35138981383303125, 0.49547862605527176], [0.027465056113665773, 0.050159073426791226, 0.8093926755015166, 0.11298319485802634], [0.04711616748758741, 0.07189214175301, 0.42676055109136973, 0.45423113956803285]], "ideal": "A", "sampled": "A", "correct": true}}
{"type": "result", "data": {"idx": 16, "options": ["red.", "green.", "white minus red.", "a mixture of green and yellow."], "probs": [[0.9918528932470749, 0.006427519191751192, 0.0015621831849278488, 0.00015740427624597159], [0.990228909372275, 0.007679890049522017, 0.001781167145598823, 0.0003100333326040903], [0.9901487701136201, 0.008433935632698472, 0.001243416861033498, 0.0001738772926479013], [0.9849989767557215, 0.012398504165523634, 0.002187672149635793, 0.0004148468291190592], [0.9861579769958644, 0.011039819161488438, 0.0023315711018866416, 0.00047063264076056344], [0.983697614841748, 0.01317895525481318, 0.0027187104684360274, 0.00040471933500275817], [0.0011243822711333891, 0.9977552902639528, 0.0009760718689898629, 0.00014425549592393574], [0.0010645038125492673, 0.9977333184516755, 0.0010308764351584785, 0.00017130120061677182], [0.0049567859709358205, 0.009710491489068471, 0.9828184944941382, 0.002514227945857599], [0.0030502436683569317, 0.0024341437594814224, 0.005066841763555792, 0.9894487707086058], [0.004501033056356405, 0.00625195253823026, 0.987714636764467, 0.001532377540946277], [0.007837503176231112, 0.004575710254108794, 0.014987046752089653, 0.9725997397175704], [0.005990172450699511, 0.9915759265383715, 0.0020532375818613003, 0.00038066332906773486], [0.00822638017798145, 0.9885495816764516, 0.002732961347231954, 0.0004910766983349851], [0.009423004041131604, 0.009579931887923398, 0.9770345846167129, 0.003962479354232105], [0.010221982222333297, 0.002469694887904892, 0.0069152854776755365, 0.9803930373120863], [0.009168161083264369, 0.007203917221726353, 0.9808938703198846, 0.0027340512751246526], [0.013135609443571448, 0.004439083155501704, 0.01634606445054165, 0.9660792428503852], [0.0009616945782697364, 0.9979671857896538, 0.000895825861646373, 0.00017529367043006013], [0.001376645848613033, 0.9973912663004255, 0.001030464988114552, 0.00020162276284683644], [0.005802695040787488, 0.007512493352533565, 0.9839635861918701, 0.0027212253148088143], [0.007552304972576024, 0.004995434055132656, 0.013046230411148687, 0.9744060304611426], [0.01086506534903673, 0.012813110930034044, 0.9713043045868551, 0.005017519034074061], [0.007317778931907694, 0.006312957802522752, 0.012063837300007351, 0.9743054258655622]], "ideal": "A", "sampled": "A", "correct": true}}
