{"type": "result", "data": {"idx": 0, "options": ["It is hard not to verify in our peers the same weakened intelligence due to emotions that we observe in our everyday patients.", "The arrogance of our consciousness, which in general, belongs to the strongest defense mechanisms, blocks the unconscious complexes.", "Because of this, it is difficult to convince people of the unconscious, and in turn to teach them what their conscious knowledge contradicts.", "It is difficult to convince people of the unconscious, and in turn to teach them what their conscious knowledge contradicts."], "probs": [[0.008167750148054905, 0.05126802589336313, 0.1874786155927175, 0.7530856082658645], [0.01312214319812761, 0.07738870367120304, 0.5628862369933986, 0.3466029160372708], [0.005651105173666772, 0.4563392681308499, 0.03687958405215456, 0.5011300425433287], [0.005621610009833429, 0.5875147968636395, 0.30482478848092975, 0.10203880454559726], [0.0025858585948944114, 0.6136634403503602, 0.02306245846358784, 0.36068824249115744], [0.004192755876408388, 0.8987424654892234, 0.0413863197374802, 0.055678458796888], [0.009098265149684417, 0.057116641524745444, 0.3390280838897782, 0.5947570093357919], [0.008132856186916695, 0.07087618724896198, 0.6619316215536494, 0.25905933491047195], [0.008924192756382716, 0.1793829055131616, 0.03266031297776237, 0.7790325886526933], [0.030822979717076555, 0.5775590372669586, 0.2523446568851147, 0.13927332603085016], [0.016240268416976376, 0.36985388912574646, 0.05004711829794714, 0.56385872405933], [0.03748185406138547, 0.6649181569667589, 0.1268948711482812, 0.17070511772357438], [0.1045791812961796, 0.1386858881958465, 0.0416233028891926, 0.7151116275187813], [0.10909920767200947, 0.1277223657283262, 0.6795085566629668, 0.08366986983669744], [0.11466547295288138, 0.09817985503867759, 0.03903358749185176, 0.7481210844165893], [0.3305592588333094, 0.16649768004408855, 0.3467505613553552, 0.1561924996672468], [0.17061565087291555, 0.6054027350566599, 0.11549766131815153, 0.10848395265227309], [0.1720514016923233, 0.6104840034849812, 0.08131285053473483, 0.1361517441879606], [0.11785771784391894, 0.12557882162849107, 0.04545602235828282, 0.7111074380693072], [0.15473001164826225, 0.1432778877853491, 0.6124223652591532, 0.08956973520723549], [0.20165474923870016, 0.0953391729916439, 0.05180659934094972, 0.6511994783287062], [0.41749823400299746, 0.11612919803388817, 0.34098685038395377, 0.12538571747916058], [0.3947461905832014, 0.27586234949081123, 0.15956789792563864, 0.16982356190034875], [0.41756020236489483, 0.26988548842012594, 0.10898259605815742, 0.2035717130568218]], "ideal": "D", "sampled": "D", "correct": true}}
{"type": "result", "data": {"idx": 1, "options": ["Tdc", "Tcd", "Tcc", "dTc"], "probs": [[0.2800607764458969, 0.6022414743966069, 0.06706826588044232, 0.050629483177053895], [0.29054795011422063, 0.5778183002706949, 0.054615082792620846, 0.07701866672246362], [0.15109637378135338, 0.18520104883249308, 0.5981786250469937, 0.06552395223915988], [0.3093334711083377, 0.290636179636888, 0.08072004406300597, 0.3193103050917684], [0.18935434871051013, 0.16458371586539064, 0.5930526962479347, 0.05300923907616451], [0.3424236246465999, 0.18622450770050264, 0.09511596070736444, 0.376235906845533], [0.1728393706653581, 0.7163926869341378, 0.06772117050321536, 0.04304677179728872], [0.18265560335573733, 0.7001711751571897, 0.05401920174274271, 0.06315401964433022], [0.20779417356370833, 0.2886061265586431, 0.42024954987023366, 0.08335014990741493], [0.2596861363757859, 0.3838533970958577, 0.08839689741747725, 0.26806356901087913], [0.1537984540650616, 0.16897945985636276, 0.6089507062322032, 0.06827137974637251], [0.31852974060584843, 0.21226609292294424, 0.1505376629140492, 0.31866650345715813], [0.11162010603389025, 0.7055039295289087, 0.1550787645011927, 0.02779719983600833], [0.12228912872172361, 0.7375145268372516, 0.05869794985449569, 0.08149839448652905], [0.08971937620970544, 0.7281566748335218, 0.157582878688779, 0.024541070167993777], [0.10563812912753047, 0.7805960003117846, 0.04763312530861276, 0.06613274515207221], [0.1693319675754283, 0.1775465299715001, 0.5471183167937167, 0.1060031855593549], [0.18456031930270902, 0.1817996555921327, 0.5181061183323754, 0.11553390667278288], [0.06995455880906556, 0.800620491719163, 0.10025133135516905, 0.029173618016602284], [0.0796508016894561, 0.8044931771244682, 0.0610905363254573, 0.05476548476061842], [0.09518759945339872, 0.6111834325903118, 0.2321430323413238, 0.06148593551496566], [0.12061062659857744, 0.64201280578454, 0.13253870012602878, 0.10483786739085381], [0.15053481454924522, 0.17606154523152545, 0.5597348475054547, 0.1136687926137747], [0.17375839986019623, 0.18505373319542992, 0.4727094400542715, 0.16847842679010233]], "ideal": "A", "sampled": "A", "correct": true}}
{"type": "result", "data": {"idx": 2, "options": ["Some large houses are bigger than some apartments.", "Some houses are bigger than all large apartments.", "Some large apartments are bigger than some houses.", "Some houses are bigger thatn some large apartments."], "probs": [[0.5077952183856048, 0.2553363163166437, 0.16485314192355066, 0.07201532327420078], [0.23629964319915747, 0.13258328061016442, 0.6035467621722805, 0.027570313918397617], [0.2906333440855082, 0.5100598220748799, 0.12696441722961263, 0.07234241650999924], [0.2553506144592965, 0.5754277070823083, 0.14101630323618095, 0.028205375122214188], [0.3315393604744465, 0.581833120309463, 0.07397123377235491, 0.01265628534373552], [0.3309118065041844, 0.5045707689764356, 0.14684177550735256, 0.017675648912027407], [0.169007397436973, 0.6684478793003934, 0.13580126401386478, 0.026743459148768862], [0.12465767795376215, 0.6430716250425197, 0.21539767691807268, 0.016873019985645443], [0.2641638916344608, 0.43556010453814986, 0.20897866716540206, 0.09129733656198727], [0.22169981564301822, 0.33810695498621535, 0.3891485871112329, 0.05104464215953355], [0.18187939814480833, 0.4432304193997177, 0.3451964483844919, 0.02969373397098206], [0.2587057918941157, 0.5563482579440656, 0.13633341933541027, 0.04861253072640849], [0.4530120058497172, 0.26217847278540735, 0.11816824619279048, 0.16664127507208495], [0.42893390620782545, 0.3611970989535461, 0.16536349734127345, 0.04450549739735494], [0.5483347013540683, 0.17802467409902734, 0.20171857767118714, 0.07192204677571723], [0.34890800451047, 0.1324541409743435, 0.47696449992532874, 0.04167335448985782], [0.465478423679105, 0.28677398177180413, 0.20019908396536154, 0.04754851048372928], [0.5022201128628841, 0.29522965455193645, 0.1192800893992148, 0.08327014308596464], [0.13671828193854768, 0.7276382120281796, 0.12065703626303637, 0.014986469670236386], [0.1326033860638731, 0.6840270451207225, 0.15996075449949887, 0.02340881421590542], [0.15197735758357608, 0.24289564961088703, 0.5474390350829613, 0.05768795762257563], [0.26371251518715666, 0.3719228782820472, 0.28518202042574103, 0.07918258600505508], [0.14242791486912731, 0.5722043258693412, 0.24612155531100224, 0.039246203850529175], [0.19230716086142693, 0.6305463257642068, 0.13217414556614057, 0.04497236770822569]], "ideal": "C", "sampled": "A", "correct": false}}
{"type": "result", "data": {"idx": 3, "options": ["Valid", "Invalid. Counterexample when G and H are true", "Invalid. Counterexample when G is true and H is false", "Invalid. Counterexample when H is true and G is false"], "probs": [[0.23698125699661185, 0.4863692811461263, 0.11373091420770319, 0.16291854754955862], [0.22746677659262718, 0.4816613171889141, 0.11088386178431649, 0.17998804433414223], [0.13762631908451387, 0.6670356342495349, 0.094611241699151, 0.10072680486680018], [0.16951058323539445, 0.6105670696224397, 0.09967581030777586, 0.12024653673439005], [0.12494970018394928, 0.6755992525825428, 0.09582522265233408, 0.10362582448117381], [0.17029155027840348, 0.5945186348625175, 0.10659703134735742, 0.12859278341172156], [0.06442277132820586, 0.8354915975688861, 0.05510528385088138, 0.044980347152026624], [0.06511416067266709, 0.8444503261792623, 0.04838919104337075, 0.042046322004699814], [0.12659832456639056, 0.16260820140976237, 0.6137121136256638, 0.09708136029818322], [0.18979773140902068, 0.14331472447696283, 0.044384841620480286, 0.6225027023935362], [0.1272307336203183, 0.15839175878371375, 0.6072209476817401, 0.10715655981422789], [0.18324749647756466, 0.13411186983877066, 0.042853062222976634, 0.639787571360688], [0.23974133668318073, 0.6316414380687428, 0.054335317690671146, 0.07428190745740526], [0.191164054286584, 0.6992717124093769, 0.053919961524579604, 0.05564427167945949], [0.2707649504871778, 0.18908409431106546, 0.44656036934794163, 0.09359058575381513], [0.31652353422213486, 0.1617092101649232, 0.039004290155651544, 0.4827629653572904], [0.25903536322891996, 0.18375638520332113, 0.41412163288495457, 0.1430866185828043], [0.33236951870759285, 0.16458079830329883, 0.04863848717912749, 0.45441119570998084], [0.2741654135261369, 0.5988356291995947, 0.05657660046915888, 0.07042235670510963], [0.20499196493816882, 0.6617442319495528, 0.06350397270652422, 0.06975983030575417], [0.2895744123051985, 0.17846259340004714, 0.4149414269588092, 0.11702156723594513], [0.32736142978730326, 0.1571120745216841, 0.03909799397944844, 0.4764285016115642], [0.2738644913241887, 0.18537938978133173, 0.39864403609556853, 0.14211208269891099], [0.3353088633417483, 0.17130609515466652, 0.04906828835902767, 0.4443167530445575]], "ideal": "A", "sampled": "A", "correct": true}}
{"type": "result", "data": {"idx": 4, "options": ["If it's not the case that both Izzy plays Minecraft and Ashleigh stops by then Russell makes dinner.", "If it's both not the case that Izzy plays Minecraft and Ashleigh stops by then Russell makes dinner.", "Izzy playing Minecraft and Ashleigh stopping by entails that Russell makes dinner.", "Russell's making dinner is a sufficient condition for Izzy not playing Minecraft and Ashleigh stopping by."], "probs": [[0.3092234318676377, 0.4161056229715057, 0.18180077859734103, 0.09287016646351554], [0.32877017329779346, 0.3784215848592655, 0.20900112788518474, 0.08380711385775629], [0.34381583585740044, 0.3547372248021962, 0.202137516434673, 0.09930942280573037], [0.398071891000874, 0.24526708191068652, 0.16856704901808223, 0.18809397797035723], [0.35499091275177863, 0.3606096044049263, 0.23283635944915354, 0.0515631232941415], [0.4501268926491607, 0.30939008168963245, 0.11928150924614418, 0.1212015163150627], [0.17358735525338753, 0.6758824116038865, 0.10863781176609112, 0.041892421276634804], [0.18635195769520657, 0.6504204369493655, 0.12414962982112879, 0.03907797543429922], [0.31737573370333505, 0.21816820879340953, 0.37697993410244485, 0.08747612330081057], [0.35907051498682546, 0.22826710681222726, 0.16962746036781534, 0.2430349177331319], [0.27214047310015105, 0.29894542691102344, 0.360616117679774, 0.06829798220905155], [0.39736193414529186, 0.29075261947585335, 0.12701989709060765, 0.18486554918824716], [0.044908692576262337, 0.736174127734455, 0.10774100753938311, 0.1111761720498995], [0.06367671394193111, 0.668735851746445, 0.1358778158308614, 0.13170961838076253], [0.0556416389357231, 0.5619919194838201, 0.23800029904995013, 0.1443661424305066], [0.07484824954714926, 0.5360708236158265, 0.1584768444141221, 0.2306040823229021], [0.10803581108589305, 0.24733734312666683, 0.45497897601777576, 0.18964786966966435], [0.09894935638288566, 0.21957558064089525, 0.4038899480313002, 0.2775851148449189], [0.08173258967174993, 0.6737309398751182, 0.16773407909388233, 0.07680239125924947], [0.11058125561426987, 0.6668742248727019, 0.1465229679011586, 0.07602155151186961], [0.05887602005864426, 0.6330217435462271, 0.24031547125340785, 0.0677867650417208], [0.09280571893751721, 0.6857511213183773, 0.12106601124184704, 0.10037714840225836], [0.10527701713959754, 0.20940789664177822, 0.4946268166729799, 0.19068826944564432], [0.09845027326553034, 0.1839728355223742, 0.4413685202157203, 0.2762083708963751]], "ideal": "B", "sampled": "A", "correct": false}}
{"type": "result", "data": {"idx": 5, "options": ["Some houses are smaller than all apartments.", "Every house is bigger than every apartment.", "Some apartment is smaller than every house.", "Some houses are bigger than every apartment."], "probs": [[0.15216097234158016, 0.5228488444759134, 0.18643583355469778, 0.13855434952780868], [0.031457288761159025, 0.1524575886088387, 0.7865298663342678, 0.029555256195734493], [0.10744498829132225, 0.18565905368943686, 0.3013625487586877, 0.40553340916055325], [0.07081987760863713, 0.1547073137211119, 0.6313919471421655, 0.14308086142808543], [0.04500929834766, 0.7265014959582404, 0.21475713602932256, 0.013732069564777061], [0.05594602599180568, 0.7968959211506266, 0.0866547226819168, 0.060503330075650945], [0.31986961480465254, 0.09307743816065081, 0.09163304622224913, 0.4954199007124475], [0.027001439148313648, 0.028300749736913787, 0.9373151283136765, 0.007382682701096053], [0.20485508745134365, 0.06755142013874785, 0.07654410713956399, 0.6510493851703445], [0.11724542691666147, 0.09421954049372815, 0.7411600141091079, 0.047375018380502405], [0.36835148103536386, 0.5358694671481794, 0.07841460230725802, 0.017364449409198686], [0.381784156605266, 0.5299750368521483, 0.07172505289623185, 0.016515753546353887], [0.05969441909397731, 0.19574434041918337, 0.47699161196488654, 0.26756962842195275], [0.04606846398476046, 0.1534539329120612, 0.6563218904709356, 0.1441557125322427], [0.1066353765002426, 0.48544422062100817, 0.22932142064582473, 0.17859898213292452], [0.05854113139486215, 0.2837190321256669, 0.5913958506049408, 0.06634398577453011], [0.07230551109154107, 0.5260167403877228, 0.13299573163873782, 0.26868201678199827], [0.07005057207878639, 0.5597061293560484, 0.3290549140950868, 0.04118838437007843], [0.16903183208829783, 0.1126097538185522, 0.6898826501363354, 0.028475763856814468], [0.47948247424443635, 0.14623061801577275, 0.10532250960535534, 0.26896439803443556], [0.45809829565577, 0.48006451333356426, 0.05139305517832962, 0.010444135732336114], [0.44600048023282485, 0.47475611292313935, 0.06628880857094745, 0.012954598173088366], [0.33528088787963933, 0.10225766836812002, 0.08216339899873594, 0.48029804465350473], [0.33399127796628947, 0.17060052810023874, 0.4494878006363331, 0.045920393197138726]], "ideal": "D", "sampled": "D", "correct": true}}
{"type": "result", "data": {"idx": 6, "options": ["Valid", "Invalid. Counterexample when K and L are true", "Invalid. Counterexample when K is true and L is false", "Invalid. Counterexample when L is true and K is false"], "probs": [[0.23800397271524004, 0.5199425297447033, 0.08098913849064156, 0.161064358949415], [0.24604636842048513, 0.497117169452365, 0.0850442559140844, 0.17179220611306548], [0.1883388692699773, 0.5450746064121408, 0.09772710938044626, 0.1688594148374356], [0.2139831584332771, 0.49763454869700385, 0.09350136457563156, 0.1948809281940875], [0.1465377520365339, 0.6074792787382441, 0.10392860399584247, 0.1420543651293795], [0.17735672692566512, 0.546416973428162, 0.10428474376270064, 0.17194155578347226], [0.07113651344518931, 0.8532433699688171, 0.036332872573368, 0.039287243912625516], [0.06945908224169152, 0.8595528197819123, 0.03438442276933617, 0.03660367510705992], [0.11212833719037493, 0.12127322431320418, 0.6870779836888927, 0.07952045470752814], [0.15839156787366074, 0.10229445956728471, 0.02930123321167443, 0.7100127392473802], [0.11018001539588791, 0.11549904425036558, 0.6857788851568276, 0.08854205509691893], [0.15125235719510938, 0.09768366159536705, 0.029323375499436605, 0.7217406056100869], [0.10374896353942004, 0.8034458276752361, 0.04676315281739185, 0.046042055867952014], [0.09681676855869771, 0.8234605008256897, 0.03398558421125338, 0.0457371463043592], [0.15262187106144856, 0.17031139608638696, 0.603828274915139, 0.07323845783702543], [0.1916610173684342, 0.13808634620296054, 0.03178186998483443, 0.6384707663437709], [0.1347572813402757, 0.12467856051776673, 0.5948302193496119, 0.1457339386923457], [0.2095419874290571, 0.11942717209331054, 0.04531911303172972, 0.6257117273459026], [0.11458288900336694, 0.7953983481817654, 0.048516973376285855, 0.04150178933858183], [0.107620290599281, 0.7952639996563058, 0.04214452920324964, 0.054971180441163545], [0.1517534348308744, 0.16933768355130233, 0.5910696166509294, 0.08783926486689386], [0.18943872912907608, 0.13863340321075288, 0.030926638423864304, 0.6410012291363067], [0.1459684797086111, 0.13717274162034254, 0.577551177420809, 0.13930760115023735], [0.21964280632389796, 0.12915630829765729, 0.04462568527946185, 0.6065751999989829]], "ideal": "D", "sampled": "A", "correct": false}}
{"type": "result", "data": {"idx": 7, "options": ["The university increases financial aid.", "The university does not increase financial aid.", "The board of trustees prevents it.", "The president fails to approve it."], "probs": [[0.019912096331873012, 0.9155058536658861, 0.028523604301449505, 0.03605844560079138], [0.016559534791066526, 0.9183872905699071, 0.027732975620216302, 0.03732019891881002], [0.028231255624308973, 0.10823538152404137, 0.8124095236831004, 0.05112383906854925], [0.005633666027354798, 0.01580185027797672, 0.016049274739667545, 0.962515208855001], [0.023417361252777717, 0.1066194706051681, 0.8128981053977279, 0.0570650626443263], [0.006247116289757919, 0.018946151842184185, 0.018077183106667657, 0.9567295486613903], [0.33029974022931896, 0.19118112389462272, 0.1824222070971839, 0.29609692867887444], [0.24180104965830224, 0.23074577402630028, 0.2740280587096955, 0.253425117505702], [0.26239933535807947, 0.41933819791491117, 0.0717385613651779, 0.24652390526183146], [0.38364547752006917, 0.2941787332397225, 0.2763528627972205, 0.045822926342987826], [0.20612800426400754, 0.5182303862981886, 0.0758342456121047, 0.19980736372569918], [0.23534199417754487, 0.44662871619594646, 0.2751656749929571, 0.042863614533551635], [0.03665154590768625, 0.11115945626396523, 0.7026123121845989, 0.1495766855437497], [0.010807759872803632, 0.026338211329309733, 0.0343484060686443, 0.9285056226292423], [0.03186341351053806, 0.861268454247503, 0.03392102543729316, 0.07294710670466582], [0.03422521000620545, 0.8037748488515432, 0.1418775303033358, 0.02012241073891562], [0.024325328715563997, 0.10733741115587457, 0.03709270549674443, 0.831244554531817], [0.036459602014279155, 0.22337681601470621, 0.7099347761807772, 0.030228805690237472], [0.0351375762942991, 0.1065673342207274, 0.7753026148561822, 0.08299247452879123], [0.008203127412978623, 0.019375195706770203, 0.02411094491677374, 0.9483107318634775], [0.014434693110879719, 0.9506695092511666, 0.013560518368457987, 0.02133527916949574], [0.015814879112765776, 0.9483591361476184, 0.03096438966839898, 0.004861594971216866], [0.021363008287729662, 0.08994722164385828, 0.03522214586929097, 0.853467624099121], [0.055833954755805215, 0.24256645184913808, 0.6697833138163671, 0.03181627947868953]], "ideal": "B", "sampled": "B", "correct": true}}
{"type": "result", "data": {"idx": 8, "options": ["E \u2283 F", "F \u2283 G", "H \u2283 ~E", "~H"], "probs": [[0.3120923022994309, 0.19231862057180843, 0.3825126333908558, 0.1130764436379048], [0.44115780114166503, 0.2218011832552237, 0.10810116254503832, 0.22893985295807295], [0.3102768682398826, 0.5195323863071154, 0.09761823785534522, 0.07257250749765676], [0.3533970581611357, 0.522189597651685, 0.0684958819791768, 0.05591746210800244], [0.39197204448979145, 0.2958119059007342, 0.10883498368184534, 0.203381065827629], [0.46004305075331753, 0.31609800065186183, 0.11629519818489471, 0.10756375030992595], [0.29878306831088614, 0.32305312634833383, 0.25161424651631253, 0.12654955872446744], [0.27567603770604626, 0.37090840379301415, 0.1452661134862754, 0.20814944491466414], [0.2728517529310832, 0.3614372449109361, 0.2445966193760735, 0.12111438268190722], [0.3032500833938284, 0.42756907421750995, 0.13246982193068643, 0.1367110203579752], [0.27549211419563807, 0.34281079510050744, 0.167083136739256, 0.21461395386459844], [0.30139790165999153, 0.32583574495420414, 0.13798049758601247, 0.23478585569979185], [0.6140418327857974, 0.23671299472325988, 0.06995624683325988, 0.07928892555768284], [0.6443498898042462, 0.2370080115373952, 0.0689635890755575, 0.04967850948280103], [0.6867966277862192, 0.1736581234350739, 0.06486847279239383, 0.07467677588631301], [0.7361677664924283, 0.1668342004002928, 0.05674983763872807, 0.040248195368550836], [0.715270137575896, 0.19250919767562147, 0.04430821388973551, 0.047912450758747026], [0.7120908061170198, 0.1886871052051246, 0.04844671968139647, 0.050775368896459123], [0.325097553583562, 0.25714188236834895, 0.11231862501454808, 0.30544193893354094], [0.3975370555535063, 0.31939807768993966, 0.1709410560775304, 0.11212381057902358], [0.35528097680408255, 0.17044872644969217, 0.1189616632884121, 0.35530863335781315], [0.42392664236677013, 0.17951012305731046, 0.26524612486644034, 0.13131710960947904], [0.34681554850115237, 0.363429120964071, 0.2006892069819478, 0.08906612345282885], [0.446089830606601, 0.3065479374627594, 0.0979588098878146, 0.14940342194282502]], "ideal": "D", "sampled": "C", "correct": false}}
{"type": "result", "data": {"idx": 9, "options": ["L", "~L", "L \u2022 ~L", "L \u2228 ~L"], "probs": [[0.08411012307089223, 0.05782362996799923, 0.17532015747358043, 0.6827460893875281], [0.015038743459581443, 0.016392774710356554, 0.9601318736890853, 0.008436608040976746], [0.07065405827527377, 0.14054593704252294, 0.028998066277101338, 0.759801938305102], [0.029280610684924355, 0.038799355812727226, 0.9254363863475851, 0.0064836470547632915], [0.006780070607958419, 0.9906770341267642, 0.0017005969722294254, 0.0008422981930478812], [0.00699206132009791, 0.9902281396417378, 0.002571818246041914, 0.000207980692122301], [0.06166776968169614, 0.04957012049678386, 0.22560375758534848, 0.6631583521361715], [0.01602460613947778, 0.03340592589666007, 0.9315389786804285, 0.01903048918343371], [0.08266274938139517, 0.30242560437373023, 0.0586206413233013, 0.5562910048215733], [0.03833485595491784, 0.09197833722006875, 0.8458821990590808, 0.023804607665932582], [0.01191160754715041, 0.9839932064741395, 0.0034123860280124907, 0.0006827998506975776], [0.009512249825139004, 0.9855787249953862, 0.004388765673124736, 0.0005202594063500118], [0.0686859525520449, 0.03564521489999731, 0.018487791596266255, 0.8771810408516916], [0.03287204448046884, 0.04355554405950694, 0.916892971719415, 0.006679439640609277], [0.09903640704878415, 0.052202204513635324, 0.032154118093968065, 0.8166072702436125], [0.043672169428164445, 0.04649784675432678, 0.8911916992937446, 0.018638284423764175], [0.006530064565089652, 0.9921193033660138, 0.0012559858037851752, 9.464616511134649e-05], [0.005255050802970588, 0.9936251348697309, 0.0009495326970487679, 0.00017028153024968863], [0.8296892867291598, 0.1272548529115535, 0.022282737240228823, 0.02077312301905788], [0.8392564295858207, 0.11904893407431404, 0.03518508474283583, 0.006509551497029479], [0.8099856172057619, 0.13019312057277457, 0.03969910187655188, 0.02012216024491166], [0.818211711352499, 0.11606266769176148, 0.04913684587983284, 0.016588774975906634], [0.8733062248604728, 0.10762731099267073, 0.017566594765008707, 0.0014998692818477225], [0.8665343844968192, 0.11728509951272102, 0.013054829575858481, 0.003125686314601297]], "ideal": "D", "sampled": "D", "correct": true}}
{"type": "result", "data": {"idx": 10, "options": ["(\u2200x)[Kx \u2283 (\u2200y)(Py \u2283 Lxy)]", "(\u2200x)[Kx \u2283 (\u2200y)(Lxy \u2283 Py)]", "(\u2200x)(\u2200y)[(Kx \u2022 Py) \u2283 Lyx]", "(\u2200x)[(Kx \u2022 (\u2200y)(Py)) \u2283 Lxy]"], "probs": [[0.4932405801148528, 0.3443823353785905, 0.09561734360640699, 0.06675974080014976], [0.48681306290065135, 0.36182078311154653, 0.1174491258133198, 0.03391702807448232], [0.42921795797201406, 0.3970177114057235, 0.1350634673838338, 0.038700863138428625], [0.39345632513938467, 0.32628856870664497, 0.25409360770971756, 0.026161498344252816], [0.46229675976721823, 0.42761326581960774, 0.08961601832125385, 0.020473955991920166], [0.4706615042540486, 0.42195893816673463, 0.08982653597085419, 0.017553021508362555], [0.5958780956502924, 0.22620241031334426, 0.09727107494765501, 0.08064841898870832], [0.5963583125253823, 0.22639532891025663, 0.13729067452273772, 0.03995568394162339], [0.6438376642631158, 0.205812003000987, 0.1101419386976605, 0.04020839393823661], [0.613777621414813, 0.18148056687699426, 0.16264143160411754, 0.04210038000407523], [0.5487425357415662, 0.2937751428513853, 0.13447402491458235, 0.023008296392466203], [0.5954321522435986, 0.29023348795681597, 0.08712836953097397, 0.02720599016861148], [0.18411743040600506, 0.6631396137290223, 0.13057438170150623, 0.022168574063466413], [0.1889636682992306, 0.6596412719465645, 0.13193518044909963, 0.01945987920510518], [0.13923245044601373, 0.7766601095319926, 0.0678594976062493, 0.016247942315744383], [0.12821895169418998, 0.7855044182089745, 0.06971551633038255, 0.016561113666452926], [0.18548449448476445, 0.6082880142715869, 0.18264033925827533, 0.02358715188537336], [0.16674366592381892, 0.5642077234604955, 0.23891100930963086, 0.030137601206054646], [0.3001643649896843, 0.560858475490636, 0.12318981907350657, 0.015787340346173084], [0.3276100054626194, 0.5750001486281443, 0.0766064649328167, 0.020783380876419556], [0.26286629892422425, 0.6306467308198048, 0.09520249449041204, 0.011284475665558867], [0.2573323653878457, 0.6675009229483584, 0.05832258176797174, 0.01684412979582417], [0.25362342499035756, 0.48895126394153965, 0.2169753751799473, 0.04044993578815551], [0.251362015412265, 0.4412497994840424, 0.25940601952213943, 0.04798216548155311]], "ideal": "A", "sampled": "B", "correct": false}}
{"type": "result", "data": {"idx": 11, "options": ["Logically equivalent", "Contradictory", "Neither logically equivalent nor contradictory, but consistent", "Inconsistent"], "probs": [[0.21070571007443695, 0.2706174713470608, 0.4126906342505368, 0.10598618422796541], [0.16091864169088088, 0.18240920115097872, 0.09460332455143504, 0.5620688325067054], [0.08489243766285477, 0.8708588990888975, 0.027131197711514496, 0.017117465436733263], [0.11551043075324445, 0.8272370407363937, 0.03414264820706089, 0.023109880203300903], [0.13660499248621266, 0.14100341287330284, 0.08031433700243655, 0.6420772575380479], [0.2171849669552562, 0.2009493605020984, 0.4599939433764467, 0.12187172906619864], [0.12918689941952363, 0.3918350665761228, 0.3980943291839301, 0.08088370472042339], [0.118799169304977, 0.259564916002309, 0.08039383143849767, 0.5412420831542163], [0.10727303048709279, 0.636939246499599, 0.1796809190236929, 0.07610680388961528], [0.12377199437146459, 0.5051125249870715, 0.07867584318122407, 0.2924396373602398], [0.11407970550946252, 0.17402355241507844, 0.20027443615375107, 0.511622305821708], [0.13272205191599382, 0.14135600835691964, 0.2766987424320258, 0.4492231971950607], [0.6244097363034021, 0.3189173048395581, 0.02965883729619261, 0.027014121460847206], [0.5117257651868041, 0.4308996345657356, 0.030248924016294008, 0.027125676131166246], [0.761574958012655, 0.13870330093494684, 0.058719963717553156, 0.04100177723484505], [0.7029322542202634, 0.12409376629155681, 0.03236283433924717, 0.1406111450489326], [0.6998748547563733, 0.14671944845517654, 0.09771897407413466, 0.055686722614315474], [0.7373705258364663, 0.10137936877036206, 0.029037575192311225, 0.13221253010086034], [0.08184504250930126, 0.17333070475100898, 0.0589555909548211, 0.6858686616848686], [0.11223179762260506, 0.2164383663286019, 0.5976970150640669, 0.07363282088472617], [0.07754302653575824, 0.12204878594178198, 0.1404383906516305, 0.6599697967708292], [0.09904389982163501, 0.14194654570909188, 0.5357319392782004, 0.22327761509107275], [0.07174265584403311, 0.8470580813668578, 0.05500242267192047, 0.026196840017188652], [0.0667936640532636, 0.8265077644605476, 0.03988199679545815, 0.06681657459073057]], "ideal": "B", "sampled": "C", "correct": false}}
{"type": "result", "data": {"idx": 12, "options": ["E \u2283 F", "F \u2283 G", "G \u2283 E", "~~F"], "probs": [[0.22554543276043174, 0.6326351070868872, 0.07915960878594458, 0.06265985126673647], [0.21958133739705507, 0.6870046308471547, 0.05214553737227359, 0.04126849428351669], [0.38106335341288794, 0.19774987390894697, 0.2171233509896638, 0.20406342158850127], [0.44412331440870073, 0.21987318303639794, 0.1419346778480744, 0.19406882460682687], [0.38348392505425766, 0.2595229802659577, 0.24000800189973914, 0.11698509268004545], [0.4135644250591299, 0.3375386444496942, 0.08941834764398457, 0.15947858274719132], [0.5114671840513538, 0.2269761409921073, 0.10552868283409977, 0.15602799202243908], [0.515084941450591, 0.26720170179323993, 0.08949274902241375, 0.12822060763375528], [0.4392834043490648, 0.22092229298991328, 0.1831140110837683, 0.1566802914772536], [0.5118495630762149, 0.25737022392224157, 0.10727574275569213, 0.12350447014585138], [0.5743797845748936, 0.25486513210176476, 0.08403231697337978, 0.08672276624996186], [0.5563991069237302, 0.2392939030884821, 0.08014293759259834, 0.12416405229518934], [0.27677282275810516, 0.2259509231527559, 0.23307226248627327, 0.2642039915028656], [0.3452699831568139, 0.26473513637421325, 0.13733060861243304, 0.25266427175653977], [0.2904827209872776, 0.27723338371027634, 0.20598428825511167, 0.22629960694733434], [0.25276246852703355, 0.46489489420246466, 0.11392056280666252, 0.16842207436383927], [0.3106231391119278, 0.3411620258943811, 0.14444659648881308, 0.20376823840487798], [0.31384642506174054, 0.30421583481596315, 0.17605187700186528, 0.20588586302043102], [0.4568404529138805, 0.19047863424772407, 0.24071726145228176, 0.1119636512861137], [0.6165018081048537, 0.2065022289546458, 0.06295190750923063, 0.11404405533126985], [0.5665296573948779, 0.20201991782433681, 0.14320089558117707, 0.08824952909960823], [0.5489110700723993, 0.23244187684527753, 0.09992832242763676, 0.11871873055468649], [0.5139805444271729, 0.16430474081610363, 0.14953873381585273, 0.1721759808408708], [0.5580337573883688, 0.1598967272006442, 0.10646712999863135, 0.1756023853123556]], "ideal": "D", "sampled": "B", "correct": false}}
{"type": "result", "data": {"idx": 13, "options": ["Valid", "Invalid. Counterexample when E, F, and G are true", "Invalid. Counterexample when E and F are true and G is false", "Invalid. Counterexample when E, F, and G are false"], "probs": [[0.12601529060534128, 0.7028957008612595, 0.09220741688283095, 0.07888159155056826], [0.11704573430304305, 0.6842278633557632, 0.0985775113431131, 0.10014889089808063], [0.08195229148630326, 0.7775645515963747, 0.08325142691667407, 0.05723172990064795], [0.10342542749037162, 0.6744561740494626, 0.06678638556835967, 0.15533201279180614], [0.12966437926331767, 0.6483544255521984, 0.10751287878375965, 0.11446831630072431], [0.11868835290224976, 0.6517804701423361, 0.10313746278623401, 0.12639371406918018], [0.18303693089072734, 0.7238463459271163, 0.05162415864497412, 0.04149256443718225], [0.15764285211365053, 0.7638609805422589, 0.03985551640369565, 0.03864065084039491], [0.16801484416146717, 0.205879601465165, 0.5176074195816623, 0.10849813469170544], [0.24224737962063703, 0.16650944388264902, 0.0365724439541484, 0.5546707324425656], [0.1759458937420638, 0.2122606377622391, 0.4564777126282886, 0.15531575576740844], [0.24826021305030357, 0.18450653413695886, 0.04965364150464474, 0.5175796112080928], [0.4335331474516189, 0.4009431422339575, 0.0840446366034216, 0.08147907361100194], [0.3742606597660912, 0.36844417037359306, 0.0337406206796781, 0.22355454908063768], [0.3532644124431451, 0.23169679828334305, 0.2929203088539165, 0.12211848031959531], [0.4368157191071126, 0.21965180843428547, 0.04324821934051973, 0.3002842530180822], [0.2249849255905334, 0.15225492189412285, 0.40118699664057317, 0.22157315577477055], [0.3746477067095903, 0.16368556021007188, 0.08102288841391005, 0.3806438445664278], [0.19940266308284543, 0.69592816667643, 0.0580272310620221, 0.04664193907870248], [0.20238415309480254, 0.6430966544892522, 0.06468505700858052, 0.08983413530736475], [0.21497864698735855, 0.21839299470396928, 0.4017405151659764, 0.16488784304269571], [0.2924984671441889, 0.19792663901609803, 0.04926390163656242, 0.46031099210315063], [0.18810485950742767, 0.20661396352606337, 0.4443434277771082, 0.16093774908940073], [0.28508069471218905, 0.1840758282341204, 0.060696682461316105, 0.47014679449237445]], "ideal": "C", "sampled": "A", "correct": false}}
{"type": "result", "data": {"idx": 14, "options": ["Valid", "Invalid. Counterexample when H, I, and J are false", "Invalid. Counterexample when H and I are true and J is false", "Invalid. Counterexample when I is true and H and J are false"], "probs": [[0.09766981767111213, 0.6571716175933436, 0.14665833511537488, 0.09850022952016932], [0.10973620995174889, 0.631559004846255, 0.14541414161935448, 0.11329064348264152], [0.09332333295626519, 0.7226794795860493, 0.10412761335238503, 0.07986957400530045], [0.10280264091355774, 0.68094378195641, 0.14500786254589165, 0.07124571448414059], [0.10603216210413499, 0.6807429143050336, 0.1299469759189256, 0.0832779475719058], [0.10762787288460099, 0.6593655150658495, 0.1471512869702266, 0.08585532497932293], [0.3060435206190457, 0.5628236259079898, 0.07269259189458556, 0.05844026147837884], [0.29969510879641603, 0.5598349654090103, 0.07460145762712979, 0.06586846806744386], [0.2926146344158301, 0.22088093724305563, 0.35861804543398784, 0.12788638280712644], [0.34460265082777625, 0.19943975281657686, 0.04663538646670086, 0.409322209788946], [0.27036916804040095, 0.20409038356751186, 0.3873958529532608, 0.13814459533882636], [0.32391985487114394, 0.19042169336906042, 0.049672519634732994, 0.43598593202506264], [0.523366572370073, 0.39499443912651905, 0.03293697175403247, 0.048702016649375415], [0.46771045276727347, 0.41918774016434296, 0.0653031269136008, 0.04779868005478276], [0.36603462692415095, 0.17022979257788667, 0.36045306917400716, 0.1032825112239552], [0.4445980687457211, 0.16355269780119314, 0.04007895945925408, 0.35177027389383164], [0.3984090000348214, 0.18820195967605796, 0.32019739624194943, 0.09319164394717121], [0.44382708437764334, 0.18500961266388222, 0.04127951729842653, 0.32988378556004794], [0.34740427916684474, 0.5464611430722673, 0.057602564596947875, 0.048532013063940053], [0.3241736397315554, 0.5600337051765152, 0.07120870373677181, 0.044583951255157545], [0.28133457057837924, 0.20264408876526208, 0.3968538821284323, 0.11916745842792636], [0.35696672537135093, 0.18810273336095507, 0.04398420714798056, 0.4109463340197134], [0.329950998093005, 0.20649420338276994, 0.34586907460416944, 0.1176857238200556], [0.3767662286568885, 0.19546374424411622, 0.04499642462928353, 0.3827736023697117]], "ideal": "D", "sampled": "A", "correct": false}}
{"type": "result", "data": {"idx": 15, "options": ["(\u2203x){Fx \u2022 (\u2200y)[Dy \u2283 (\u2203z)(Vz \u2022 Rxyz)]}", "(\u2203x){Fx \u2022 (\u2203y)[Vy \u2022 (\u2203z)(Dz \u2022 Rxyz)]}", "(\u2203x){Fx \u2022 (\u2203y)(\u2203z)[(Vy \u2022 Dz) \u2022 Rxzy]}", "(\u2200x){Fx \u2283 (\u2203y)[Vy . (\u2203z)(Dz \u2022 Rxyz)]}"], "probs": [[0.4360753530412643, 0.4361051851655269, 0.11553791737089635, 0.01228154432231241], [0.46988579796750457, 0.3956954744156326, 0.12066072288399209, 0.013758004632870741], [0.31840576813948823, 0.34438549733721346, 0.3135851825748494, 0.023623551848448877], [0.40102021985916003, 0.3539664069812739, 0.17797475653653588, 0.0670386165230302], [0.4072950121095011, 0.4268908448716582, 0.1521950302829501, 0.01361911263589062], [0.34810219894958183, 0.4758343816879507, 0.08939536326992019, 0.08666805599254727], [0.4617201863064039, 0.3828141887114368, 0.12920626659724035, 0.026259358284918956], [0.4306494545060824, 0.3627122003664334, 0.1881504633668735, 0.018487881660610717], [0.3944989438332212, 0.35369804153020057, 0.21451988922297696, 0.03728312531360125], [0.5176964785584879, 0.3614067584828444, 0.10112986298224637, 0.01976689987642127], [0.553113442971141, 0.31517382455081533, 0.10975325504001664, 0.021959477338027104], [0.5082888375479343, 0.349369122826279, 0.11518696179488462, 0.02715507773090202], [0.31120064155922245, 0.4059671966481925, 0.24622912152117343, 0.036603040171411645], [0.3680236054887792, 0.3798063709199839, 0.1970210231532614, 0.05514900033797549], [0.1827728056768866, 0.6379912162236758, 0.15635316747001776, 0.02288281052941977], [0.21321100451141572, 0.6775501514886525, 0.0946118181253904, 0.014627025774541337], [0.312470009520099, 0.454721735231652, 0.16468120618957924, 0.06812704895866974], [0.27696774375324773, 0.396864921787682, 0.29957548584877086, 0.02659184851029938], [0.36138774307137916, 0.4640788310331508, 0.1578865556963806, 0.016646870099089443], [0.33288967362021116, 0.49202058909184154, 0.10474741188345663, 0.07034232530449072], [0.524730649105378, 0.3495394464932369, 0.10911993485014869, 0.016609969451236415], [0.47797490229837175, 0.384081938468596, 0.10832037272682239, 0.02962278640620983], [0.29742492682687977, 0.46799936172153406, 0.18327660254268363, 0.05129910880890252], [0.24272049780206206, 0.33711939795580403, 0.388058361461261, 0.03210174268087294]], "ideal": "B", "sampled": "B", "correct": true}}
{"type": "result", "data": {"idx": 16, "options": ["The university raises tuition.", "The governor approves of it.", "The board of trustees recommends it.", "None of the above"], "probs": [[0.13193510471455155, 0.4605028628842476, 0.3422412275925764, 0.06532080470862447], [0.0882165801130808, 0.20835260967185523, 0.06158558628246649, 0.6418452238325975], [0.19203686497634073, 0.23164467252361706, 0.5139698328237747, 0.0623486295762675], [0.06781648022953467, 0.10504276186992226, 0.038639086794277765, 0.7885016710062653], [0.08122856350686743, 0.15415910229391022, 0.191843752361509, 0.5727685817377133], [0.07234422386251488, 0.11743752349623589, 0.06795979543691007, 0.7422584571043391], [0.06606646675750417, 0.598139350042576, 0.2654564102135115, 0.07033777288640823], [0.07458525316979507, 0.4498276214558287, 0.07229562264618675, 0.40329150262818947], [0.08135261767202911, 0.4681589393672559, 0.37038932571331235, 0.08009911714740266], [0.06625535387818582, 0.5461553375335407, 0.08117893397874659, 0.3064103745095268], [0.06841874968945383, 0.1219918820436777, 0.25423965234359325, 0.5553497158232753], [0.07610375425463436, 0.11975035484989995, 0.3926544271352696, 0.41149146366019607], [0.07670676078793474, 0.39570536942727763, 0.4555194302139609, 0.07206843947082668], [0.06254826741796704, 0.22177019131749498, 0.05350156719640295, 0.662179973968135], [0.06657237658091808, 0.5841671314872332, 0.2847286802950188, 0.06453181153682985], [0.055116915849804105, 0.6508189037035441, 0.08274311818079585, 0.21132106216585594], [0.050387127897441736, 0.10022434331560912, 0.09712464831774405, 0.7522638803692051], [0.08540460721010079, 0.13438916605526896, 0.4475982322125537, 0.33260799442207656], [0.04956234489281906, 0.2153035345937898, 0.2022568679555231, 0.532877252457868], [0.059181679718363835, 0.1823047535166195, 0.09166384425318354, 0.666849722411833], [0.07008854037982662, 0.20602258270324691, 0.3141601862384564, 0.4097286905784701], [0.05778310583097761, 0.2113759728863471, 0.35401128268380827, 0.376829638498867], [0.06505374107059515, 0.166138580653541, 0.20675671868777687, 0.5620509594880869], [0.06734360058933295, 0.18595840173559272, 0.467540654996525, 0.27915734257854935]], "ideal": "D", "sampled": "B", "correct": false}}
