{"type": "result", "data": {"idx": 0, "options": ["too much curvature of the cornea and lens", "too little curvature of the cornea and lens", "too much curvature of the iris and lens", "too little curvature of the iris and lens"], "probs": [[0.9625010626155822, 0.03425185803199473, 0.003015900073264396, 0.00023117917915867623], [0.9551632871821678, 0.03973974979083607, 0.004671735160507425, 0.0004252277664886608], [0.9912636841533904, 0.0052037698296452835, 0.003384723142033149, 0.000147822774931178], [0.991175765698779, 0.005082975581412414, 0.0034109039523640165, 0.0003303546674445943], [0.9904242371001598, 0.006078086192608153, 0.003252285676828467, 0.00024539093040353086], [0.9920269543792488, 0.005167284201671738, 0.002597177245043061, 0.0002085840740363899], [0.717551758314981, 0.2766510807560741, 0.00539321445230558, 0.00040394637663931026], [0.5776604173611151, 0.4160861629136174, 0.0058422092220154495, 0.00041121040325210013], [0.9707688770572513, 0.011848267674774812, 0.01683233299481102, 0.0005505221731628211], [0.9790017244861697, 0.00894958547477449, 0.007651685921589137, 0.00439700401746666], [0.9632857296244958, 0.012322128226315036, 0.023738552601008777, 0.0006535894481804124], [0.9806469990702937, 0.008356360984321782, 0.007969518445525585, 0.0030271213998588485], [0.0053714131224453805, 0.9765741695659523, 0.017469728133980456, 0.0005846890776217787], [0.004176199030637444, 0.9903193854778173, 0.00511546999128557, 0.00038894540025964387], [0.030383880676164918, 0.5060592209576733, 0.4607929510729833, 0.002763947193178498], [0.025797711928986514, 0.952946314276548, 0.018575836148492765, 0.00268013754597272], [0.15353529067924482, 0.7556996898582756, 0.06810799202326592, 0.02265702733921358], [0.1951490356961622, 0.5918185158362632, 0.06333152251304314, 0.14970092585453149], [0.03642985198065361, 0.8964577847683762, 0.06594853799959427, 0.0011638251513758583], [0.048920268296559245, 0.9375264307526557, 0.012174146743480265, 0.0013791541073047383], [0.028581083217307346, 0.9464154970781988, 0.02406192976827297, 0.0009414898362208678], [0.010614090259844191, 0.9780499884653668, 0.01004715971811747, 0.0012887614566714574], [0.2258593087116317, 0.7405510960762905, 0.02573253338056721, 0.007857061731510562], [0.18921041461414473, 0.7720777965322214, 0.02725016293447467, 0.011461625819159204]], "ideal": "A", "sampled": "A", "correct": true}}
{"type": "result", "data": {"idx": 1, "options": ["OCD.", "schizophrenia.", "conversion disorder.", "antisocial personality disorder."], "probs": [[0.0011833401106357403, 0.9948160795590278, 0.0023169403773008533, 0.0016836398530355266], [0.0013201643415610385, 0.9948791601417839, 0.002142981080455228, 0.0016576943361997893], [0.009012574480156063, 0.03946432164508881, 0.9272067701352423, 0.024316333639512824], [0.0021277920410096183, 0.007146559983928656, 0.009918485862493552, 0.9808071620125681], [0.009045683250968831, 0.045234939238447715, 0.9090835857562721, 0.03663579165431136], [0.0019027049154908982, 0.009152064903527815, 0.010697362795218926, 0.9782478672857624], [0.9708097564822509, 0.020631100956346723, 0.0038462763137921355, 0.004712866147610245], [0.972830936620243, 0.018532344793428284, 0.004200130172396946, 0.004436588313931796], [0.9738082476650057, 0.018263152964596754, 0.0036243059081184467, 0.004304293362279076], [0.9744143698309649, 0.0177118018402956, 0.0038906052624913612, 0.003983222966248211], [0.9734182066713436, 0.01973911129518316, 0.003247652571393553, 0.0035950293620797312], [0.9668038056996284, 0.02346237602786599, 0.004374157712284704, 0.005359660460220864], [0.009105329521077855, 0.036020834429856166, 0.9293315886867519, 0.02554224726231404], [0.0022058574064568047, 0.009436678560067104, 0.010691400160422899, 0.9776660637730532], [0.001858305606970605, 0.9930964443230981, 0.0033388158205259833, 0.0017064341494053576], [0.0022595633547570935, 0.9933097495144705, 0.002993493793337046, 0.0014371932374353513], [0.002299460241823943, 0.01398033817889975, 0.011232579737808392, 0.9724876217414679], [0.010790095716967063, 0.04615287158454376, 0.9202079419806336, 0.022849090617855526], [0.01758455995024639, 0.044221069393513376, 0.8888583281716882, 0.04933604238455197], [0.003732562328943942, 0.010390735965762508, 0.013236356903372222, 0.9726403447019213], [0.002760698037100919, 0.9905388174374912, 0.003893697563237338, 0.0028067868621705844], [0.0026154086675666917, 0.9911678758467676, 0.0036599465110838236, 0.002556768874581884], [0.003973541313397301, 0.010150462383250587, 0.013134035274407572, 0.9727419609289445], [0.016082484393318212, 0.03981319844185438, 0.906698412407405, 0.037405904657422384]], "ideal": "B", "sampled": "B", "correct": true}}
{"type": "result", "data": {"idx": 2, "options": ["Homeostatic regulation", "Goal-setting", "Expectancy-value", "Hierarchy of needs"], "probs": [[0.0007535076574648752, 0.004405246576569751, 0.00561150814661179, 0.9892297375193536], [0.007199460934175342, 0.030313485410962255, 0.9585097775223217, 0.003977276032540686], [0.0013794352761514123, 0.005629907265255179, 0.008384646703518761, 0.9846060106550747], [0.007062846264506232, 0.02624493267802977, 0.9628203980527593, 0.003871822904704625], [0.0004301358858874606, 0.9985508065692105, 0.0007091704996795391, 0.00030988694522247423], [0.00042985572311523743, 0.9979145570405366, 0.0010152002234432897, 0.0006403869129049388], [0.0007274523992218884, 0.00859061353047727, 0.005333526083977523, 0.9853484078863233], [0.005036808554545031, 0.052900578870643325, 0.9384047992878075, 0.0036578131870041216], [0.0012137615261987712, 0.008231491876775212, 0.00882993648706572, 0.9817248100099603], [0.006495454744067813, 0.050698521930280405, 0.9352683323845179, 0.007537690841133894], [0.0005964968065975412, 0.9973664605774071, 0.0013868686464542416, 0.00065017386954119], [0.0006054347716373168, 0.9966117546365398, 0.001396729616648802, 0.0013860808751740739], [0.000804765027927651, 0.007636453903150926, 0.006791231640787296, 0.9847675493281342], [0.005484821605444451, 0.03867654451295096, 0.952687278349838, 0.0031513554317665867], [0.0010875658679397229, 0.008489300174476341, 0.009106437397521164, 0.9813166964600628], [0.00551746285496052, 0.04513225049832201, 0.943520069758264, 0.005830216788453479], [0.0004833468379106139, 0.9979455415602939, 0.0010232406204018533, 0.0005478708813935452], [0.0005186646853791932, 0.9981374715148933, 0.0007605640093336696, 0.0005832996903938375], [0.9726176603345866, 0.023601481073186117, 0.0027108480444226223, 0.0010700104478046446], [0.9678689952539763, 0.025395110850207105, 0.0038641803374676814, 0.0028717134583489136], [0.9790382878883515, 0.01751776021275107, 0.0024081400809352004, 0.0010358117179622643], [0.9783092687984924, 0.01764205755557344, 0.0024827429084184906, 0.0015659306375155589], [0.9701929229230326, 0.022117017148909825, 0.004528520692674159, 0.003161539135383446], [0.9742336538746078, 0.020539843105853016, 0.0034594522800761784, 0.0017670506394630082]], "ideal": "D", "sampled": "D", "correct": true}}
{"type": "result", "data": {"idx": 3, "options": ["measures what it purports to measure", "yields consistent results on successive administrations", "has been piloted and statistically analyzed", "includes norms based on a representative sample of the general population"], "probs": [[0.9705002822044042, 0.026691674514246862, 0.0020264810872384596, 0.0007815620941104091], [0.9766796048372404, 0.021585277808808482, 0.0012466875835623465, 0.0004884296703887748], [0.9713918910641348, 0.02214884836417309, 0.005470412511352539, 0.0009888479603395348], [0.9654069479371247, 0.025736851722013333, 0.003707736244434682, 0.00514846399642732], [0.9810747076811801, 0.01561771546325358, 0.002529662611601168, 0.0007779141439651171], [0.963761876767184, 0.024138121201717894, 0.004679415426822879, 0.00742058650427522], [0.008675219568862535, 0.9872741655476978, 0.002929460598032946, 0.0011211541854067614], [0.00642065987537546, 0.9909585306876726, 0.0019435249643715827, 0.0006772843725803395], [0.022459425657401985, 0.01877024076980705, 0.9333127400830095, 0.025457593389781482], [0.017603209496471414, 0.01019171252857693, 0.010513309360078372, 0.9616917685148733], [0.027272779771194033, 0.015543612809209859, 0.9323424195457781, 0.02484118777381793], [0.04136678434681644, 0.01620637902118507, 0.014985485838279217, 0.9274413506937192], [0.0034238372910712564, 0.9872193465367625, 0.00802534549729553, 0.001331470574870758], [0.004101763597036795, 0.988207614018581, 0.003455421128483167, 0.00423520115589904], [0.008257315316419234, 0.028825597217228393, 0.9401107824188735, 0.022806304947478862], [0.003794474320939215, 0.02760951223441828, 0.009999122222756814, 0.9585968911218857], [0.01239128965213783, 0.025831088410895518, 0.8968302057680017, 0.06494741606896498], [0.006237613456715137, 0.011565823090230763, 0.019067300781635748, 0.9631292625714184], [0.0023499580415977835, 0.9936190391799036, 0.003065799272481603, 0.0009652034060170191], [0.003004021357829977, 0.9892452137596188, 0.0037988630630036535, 0.003951901719547494], [0.008348939791762907, 0.015120123243978384, 0.958002311824906, 0.018528625039352688], [0.0063801114589583305, 0.013406259037625195, 0.010277614020361085, 0.9699360153830554], [0.00959944758913319, 0.021301581344728218, 0.920333835178861, 0.04876513578727752], [0.006771674475753624, 0.01108148726685264, 0.015144379914205204, 0.9670024582431885]], "ideal": "A", "sampled": "A", "correct": true}}
{"type": "result", "data": {"idx": 4, "options": ["the provision of a free, appropriate public education for students with disabilities", "the provision of bilingual education for English-language learners", "schools being held responsible for providing tests that do not discriminate on the basis of race", "the assignment of similar funding to athletic activities for boys and girls"], "probs": [[0.9898253707366541, 0.008301332185084689, 0.0016996248067108089, 0.0001736721715503337], [0.9907413801078393, 0.007448000875951108, 0.0015856627059893142, 0.00022495621022023952], [0.9857559186789719, 0.012122928341907547, 0.001948193176500724, 0.00017295970261979468], [0.9885288439772724, 0.009542186352666116, 0.0016973956749221477, 0.0002315738951393612], [0.9871119903099905, 0.01062967691117124, 0.001981565964427166, 0.0002767667144110217], [0.9837040904229446, 0.013080583750618359, 0.002784827660869056, 0.00043049806556794693], [0.002391813559948288, 0.9724636095021942, 0.021823309400401412, 0.003321267437456098], [0.0023974651239798074, 0.9746277967477902, 0.013266802578739764, 0.009707935449490189], [0.0038361469800327033, 0.4948004430687671, 0.46496375892589953, 0.036399650925300675], [0.0068200945002562605, 0.6638661669295275, 0.04379065385975504, 0.2855230846104612], [0.007665996626592764, 0.02783480523516977, 0.8658574364455274, 0.09864176159271003], [0.006269485535793281, 0.01801336832510404, 0.17349902658124325, 0.8022181194578594], [0.8607487167796367, 0.12597264474321132, 0.012278412590431562, 0.0010002257867204292], [0.8710250575972794, 0.11606958931616368, 0.011313079337425187, 0.0015922736491316666], [0.9501392016484357, 0.027385910313457502, 0.020506822941589547, 0.00196806499651727], [0.9618102790724419, 0.023711269431940765, 0.00988261482721648, 0.00459583656840087], [0.831989242589541, 0.044111606468700305, 0.11086453682152338, 0.013034614020235345], [0.952758192766921, 0.02877902232585882, 0.011356210112242693, 0.007106574694977554], [0.0015131017592043133, 0.9907970703429888, 0.00607854460717159, 0.001611283190635267], [0.001167162204568266, 0.9890602226582382, 0.007262299299702844, 0.0025103157374906245], [0.009392318621019516, 0.03955763706962562, 0.8591094892253969, 0.09194055498395802], [0.027466695067024566, 0.05298143106648418, 0.19985764582826956, 0.7196942279382217], [0.01036649243578179, 0.1572363744773556, 0.7385390730300689, 0.09385805995679362], [0.013228647737182533, 0.6947129647102863, 0.04043911957567653, 0.25161926787685457]], "ideal": "C", "sampled": "A", "correct": false}}
{"type": "result", "data": {"idx": 5, "options": ["0%", "25%", "50%", "75%"], "probs": [[0.1219727284182148, 0.17487146479739826, 0.41946749144971346, 0.28368831523467347], [0.15377074364681328, 0.25376248690425784, 0.35786765057630593, 0.23459911877262296], [0.10168675862582396, 0.24794556001045592, 0.4024986834234635, 0.24786899784025657], [0.13278877838831277, 0.2601952877176828, 0.5258017229416868, 0.08121421085231759], [0.11270308986587864, 0.5133641842977493, 0.14253349282209926, 0.2313992329142728], [0.08621687505438694, 0.2657463868124753, 0.5540444891647117, 0.09399224886842598], [0.1404168051465048, 0.19213384960559474, 0.3880546506271528, 0.2793946945207477], [0.18188891489971606, 0.2955554889343693, 0.31951032637543714, 0.2030452696904775], [0.1614007300811973, 0.20424681627179067, 0.29246370744544475, 0.3418887461015673], [0.2092469116131572, 0.26067361494206404, 0.3792726299546113, 0.15080684339016748], [0.16631015634722318, 0.16134035057244697, 0.33618568394313203, 0.33616380903719784], [0.14576249040341815, 0.1602014475930684, 0.5591747247490609, 0.13486133715445248], [0.15587540433860939, 0.2034715027448167, 0.36267079000037517, 0.27798230281619873], [0.15544824590186943, 0.16823076023399045, 0.615419160800337, 0.0609018329638032], [0.15523850120117835, 0.26845417624057777, 0.2994232311287567, 0.2768840913294872], [0.1880606389792386, 0.2572233849134897, 0.4586068102814702, 0.09610916572580142], [0.18192747369921128, 0.3735874330851062, 0.3049093161137355, 0.13957577700194693], [0.20460630070924032, 0.40085564254255873, 0.2248276836893942, 0.16971037295880673], [0.18586543200541553, 0.19193017480838268, 0.2748199104987936, 0.34738448258740817], [0.13340330817537774, 0.1466417970128166, 0.5984393000934533, 0.12151559461835242], [0.24379417297786363, 0.16770815847627119, 0.28964728114092664, 0.29885038730493857], [0.20211776938415654, 0.1625289904720305, 0.516489025030872, 0.11886421501294088], [0.11035496242034233, 0.5521128300497543, 0.23378806336392716, 0.10374414406597615], [0.11295580105395409, 0.6109879798658762, 0.19836275437528514, 0.07769346460488465]], "ideal": "A", "sampled": "C", "correct": false}}
{"type": "result", "data": {"idx": 6, "options": ["variance", "mean", "range", "median"], "probs": [[0.9666824538713715, 0.022391577676957913, 0.006121023972556892, 0.004804944379113596], [0.9578676765898952, 0.027612198133252327, 0.010812075075004809, 0.00370805010184758], [0.9576643020697281, 0.018974534309945144, 0.008353193733128835, 0.015007969787197942], [0.9668225869189576, 0.017440442110672427, 0.006829264355004574, 0.008907706515365366], [0.9500301055829771, 0.02696065467115295, 0.016350543421767623, 0.006658696224102382], [0.9644663625515921, 0.01940882836128219, 0.0068125113518772385, 0.009312297635248436], [0.0003344346636349019, 0.9966507754327563, 0.0025500076741643072, 0.0004647821294444887], [0.00030913744710463664, 0.9961423942734857, 0.0029565921444699933, 0.0005918760349396092], [0.0008523454867088716, 0.24967477934649537, 0.7458824582269666, 0.003590416839829088], [0.0005096836969120209, 0.47078330605224306, 0.5254080438470543, 0.003298966303790664], [0.00023203155046133187, 0.9907038071792778, 0.008308986584341453, 0.0007551745859195059], [0.0002944886833621648, 0.8779413797854443, 0.12071143225126002, 0.0010526991799335473], [0.005803170718078801, 0.9914702951007324, 0.0020380756252155437, 0.0006884584559732675], [0.0024680520790599405, 0.9957335557863269, 0.0012512846109328309, 0.0005471074236802559], [0.013012290862471628, 0.020005757312641405, 0.9643368575150747, 0.002645094209812314], [0.019202969261752773, 0.01580366587414449, 0.9627866728576446, 0.0022066919064581015], [0.25884395973809027, 0.726142052651707, 0.011829475003061165, 0.003184512507141579], [0.3160026079025815, 0.6587983381439547, 0.012845225654832279, 0.012353828198631456], [0.14516186354460564, 0.835570731915214, 0.015304970175749558, 0.003962434264430803], [0.15900913775244668, 0.8333439699633332, 0.005659497195660971, 0.001987394988559188], [0.050573427176451184, 0.8037942047321075, 0.14412777538996785, 0.0015045926014734092], [0.07950659350012725, 0.8960095577548091, 0.01666961633470684, 0.007814232310356866], [0.21352456051888888, 0.6579056104090527, 0.12170302711007153, 0.006866801861986871], [0.24301739800474556, 0.6924785168527934, 0.022259759982393643, 0.04224432506006737]], "ideal": "A", "sampled": "A", "correct": true}}
{"type": "result", "data": {"idx": 7, "options": ["They need provide supervision only to school psychologists who are not fully certified or licensed and to any school psychology interns.", "They should provide professional but not administrative supervision.", "They are eligible to serve as supervisors after one year of experience as a school psychologist.", "They should hold the Nationally Certified School Psychologist credential or the state school psychologist credential."], "probs": [[0.06336557119451107, 0.30047190186356854, 0.10054308920093279, 0.5356194376409876], [0.037090368974341106, 0.21713926934759598, 0.7124561625790866, 0.03331419899897632], [0.05301098761971611, 0.1688132063345124, 0.16095597269814851, 0.617219833247623], [0.04002330690361017, 0.1409839773623613, 0.7166681716123702, 0.10232454402165841], [0.002247455070261887, 0.9802714016619682, 0.016465874433172507, 0.0010152687345974078], [0.002705559012880995, 0.9860261488014677, 0.00973522982535754, 0.0015330622602937685], [0.31380808817896483, 0.14743052641214635, 0.1415615400763085, 0.39719984523258034], [0.22360817845210523, 0.11625565491882753, 0.6286089770952633, 0.03152718943380393], [0.16132565622368075, 0.11373289479119568, 0.05535130097747254, 0.669590147907651], [0.19435967213416103, 0.09418747432798809, 0.6799254315422724, 0.03152742189557852], [0.06948915278564982, 0.8950326641878863, 0.031322602879609196, 0.004155580046854652], [0.10466951047915067, 0.8503706983109388, 0.039123881294621264, 0.005835909815289211], [0.0422170655390604, 0.1263528530383739, 0.2611464086635208, 0.5702836726590449], [0.02497991882044738, 0.08528524509284519, 0.7491654641301478, 0.14056937185655957], [0.03191406279483182, 0.19283007083395032, 0.047566302115928945, 0.7276895641552888], [0.026758055813728213, 0.12683450416673023, 0.8278400779116863, 0.01856736200785524], [0.0059526932552750765, 0.9630298779077467, 0.021257004679535816, 0.009760424057442348], [0.0050130873489929815, 0.9335676525275289, 0.05965177774644272, 0.0017674822770353293], [0.9372131090036231, 0.04454504632729341, 0.017159742981094434, 0.0010821015879890978], [0.9413206959995574, 0.04335678819610335, 0.014174405096534457, 0.0011481106078048077], [0.9282126804618075, 0.06317419410307434, 0.0074811054498273395, 0.0011320198852908339], [0.9420572747579866, 0.05033196204243771, 0.006913640675667654, 0.0006971224239079515], [0.9222429838283447, 0.05943817931184885, 0.015014159283945904, 0.0033046774758605495], [0.9364340313113156, 0.043145421928272316, 0.019427981243787258, 0.0009925654166247598]], "ideal": "D", "sampled": "D", "correct": true}}
{"type": "result", "data": {"idx": 8, "options": ["at the beginning of the list", "in the middle of the list", "at the end of the list", "distributed throughout the list"], "probs": [[0.300332447846526, 0.30993478563503163, 0.1558336121929734, 0.23389915422546895], [0.3334133376356339, 0.30845886925442273, 0.20548288828289382, 0.1526449047270495], [0.27582144734485436, 0.1454052924964458, 0.2512297332035605, 0.3275435268551393], [0.1719139115689793, 0.11643853088415371, 0.2926809613006116, 0.4189665961462554], [0.17300255466010753, 0.42176496664117424, 0.32350185269233717, 0.08173062590638104], [0.17318979420091704, 0.5013096481450656, 0.16023570775085824, 0.16526484980315903], [0.6498426343560656, 0.08524674366858652, 0.06044603273665015, 0.20446458913869775], [0.5257310584097521, 0.08066720250438841, 0.31904496660886394, 0.0745567723769955], [0.6011561132323248, 0.12213797820576804, 0.062379691511190744, 0.21432621695071646], [0.6028841361875006, 0.10983100196481409, 0.23251672952967034, 0.05476813221801501], [0.6696576091427866, 0.2622329675478524, 0.042144843776151, 0.025964579433209983], [0.6283480325422236, 0.22759037486975073, 0.11624032634808468, 0.02782126613994098], [0.4442093438250759, 0.12147441616690668, 0.1851879261523408, 0.2491283137556766], [0.3562093105273571, 0.11940667866024397, 0.17915921044911873, 0.34522480026328023], [0.48635146660348005, 0.1460611928898955, 0.12686454703616146, 0.240722793370463], [0.6039496108579899, 0.17856259775285402, 0.1189187252322035, 0.09856906605695258], [0.46637589082208497, 0.25762069414677446, 0.07854808179657033, 0.19745533313457023], [0.4290094561331632, 0.1965557583378011, 0.31903683304107966, 0.055397952387955994], [0.19458169653312551, 0.42510311524482, 0.14922372550593505, 0.2310914626161195], [0.23113846776558244, 0.2923066615766043, 0.1977580189507137, 0.27879685160709955], [0.03044745178284425, 0.9036445775194595, 0.03730500308436737, 0.028602967513328855], [0.04912396421857477, 0.7331757954431917, 0.18259563570481918, 0.0351046045334143], [0.060339795259096135, 0.7014485957776504, 0.1163267230612668, 0.12188488580198663], [0.06879090875843961, 0.652704630495399, 0.1479663031829756, 0.13053815746318584]], "ideal": "A", "sampled": "B", "correct": false}}
{"type": "result", "data": {"idx": 9, "options": ["Piaget's cognitive development theory", "Erikson's psychosocial stage theory", "Kohlberg's moral development theory", "Ainsworth's social attachment theory"], "probs": [[0.0004200825174634255, 0.9979278716964594, 0.0011332801386090034, 0.0005187655474681635], [0.0002755533635088704, 0.9982810522950893, 0.0009925282128574644, 0.0004508660285443086], [0.006893422376866225, 0.01949410863591128, 0.969834137948095, 0.003778330939127443], [0.005140003066396857, 0.007541241242183215, 0.007656975783310568, 0.9796617798081093], [0.002564644265842854, 0.012050504135834809, 0.980703375932532, 0.0046814755657903035], [0.0032064631013562937, 0.005854675572138121, 0.006735797605647224, 0.9842030636208583], [0.97275410623428, 0.0225291062492088, 0.00267003006953078, 0.0020467573469803795], [0.9697418214233877, 0.025850185580469108, 0.0028556018391127933, 0.0015523910570303262], [0.9781021368391504, 0.017368086550077207, 0.0024064459177554377, 0.0021233305930169564], [0.9773711605719766, 0.01876482676580532, 0.0021723801294788662, 0.0016916324327392455], [0.9743558525875542, 0.020869848152732587, 0.0030068029821346187, 0.0017674961775786388], [0.9682820591673502, 0.02350068501847636, 0.0038365149542771387, 0.004380740759896314], [0.0032748280213989044, 0.02458805646359982, 0.9677637896812997, 0.0043733257337015595], [0.0015388102466495814, 0.007230147070789272, 0.006842946876346212, 0.9843880957062149], [0.0003453049493560966, 0.9971182597287228, 0.0017399481920293703, 0.0007964870298916576], [0.00032950900716197475, 0.9973484520842084, 0.001500124148339092, 0.0008219146602905283], [0.0011859417892794136, 0.003951557601363411, 0.005441034426260254, 0.9894214660830969], [0.00312566885661905, 0.020871808001952524, 0.967893804080935, 0.008108718960493479], [0.0035122519723934124, 0.011430519903312357, 0.9825657838489165, 0.0024914441753777767], [0.0022118763523773805, 0.0041344089234514846, 0.005827841714726348, 0.9878258729094448], [0.00028657466053286175, 0.9984036033896223, 0.0010568020409983901, 0.0002530198088464204], [0.00038242984254835616, 0.9978642717381686, 0.0013882849951261838, 0.0003650133241568258], [0.0028170620757352522, 0.003705086494815288, 0.005964112680398376, 0.9875137386490511], [0.008150125543992205, 0.015716278261549112, 0.9730631259146095, 0.003070470179849179]], "ideal": "B", "sampled": "B", "correct": true}}
{"type": "result", "data": {"idx": 10, "options": ["aptitude", "projective", "achievement", "intelligence"], "probs": [[0.14910480600750714, 0.27428043294608245, 0.4320881430683799, 0.14452661787803048], [0.09902254859941963, 0.1312187958831548, 0.07135556903347468, 0.6984030863839509], [0.04360946266282993, 0.7202796914213606, 0.1973186562075249, 0.03879218960828453], [0.03742430954346192, 0.29441084229450837, 0.05448760789014059, 0.6136772401718891], [0.0741488006272315, 0.11488717279683779, 0.7047128957678686, 0.10625113070806218], [0.031646761922179634, 0.07133787843118294, 0.47678014453657486, 0.42023521501006256], [0.34291498316755575, 0.1498946629361821, 0.23587702648022735, 0.2713133273160348], [0.19439199564897205, 0.12170221655343876, 0.08495498447760756, 0.5989508032199816], [0.3347676246382376, 0.18495844965999447, 0.19389790917940505, 0.2863760164223628], [0.3669386019023466, 0.18749361297084358, 0.14604573385583416, 0.29952205117097563], [0.26751889978597926, 0.16747706627729458, 0.10984164147942636, 0.4551623923572998], [0.2794193625170715, 0.16957312820646187, 0.23922693727008365, 0.311780571906383], [0.17457980696213, 0.22424442576212283, 0.35874949505688186, 0.24242627211886528], [0.09825568046564308, 0.1322499086165785, 0.07655440384210134, 0.692940006975677], [0.20905296258343636, 0.33414511880782344, 0.1965828654916915, 0.26021905301704873], [0.21451826711116223, 0.28427979770857137, 0.19860390122638782, 0.30259803385387857], [0.09351734955444582, 0.10936074120740344, 0.1775746520814742, 0.6195472570566766], [0.09014353564435568, 0.14868382554192297, 0.6777693972144734, 0.08340324149924795], [0.05306382671371526, 0.1767585069106095, 0.49637956738196054, 0.2737980988937147], [0.02370200763192276, 0.12514760552884313, 0.661804170800324, 0.18934621593891007], [0.04347947547180561, 0.48986064652877975, 0.06039930416934733, 0.4062605737300673], [0.03876466846560709, 0.7087620126392921, 0.12332674961579955, 0.12914656917930126], [0.024982886339865354, 0.2686093444320742, 0.09144131821328674, 0.6149664509147736], [0.027842890987049985, 0.384376264779133, 0.5102714990737289, 0.07750934506008811]], "ideal": "C", "sampled": "B", "correct": false}}
{"type": "result", "data": {"idx": 11, "options": ["proximity and similarity", "top-down processing and bottom-up processing", "binocular and monocular cues", "size and shape constancy"], "probs": [[0.010439385583200502, 0.153426615041744, 0.8169328046984685, 0.019201194576586977], [0.015360226193624553, 0.5946701273646953, 0.07160394764764848, 0.3183656986940317], [0.0013940075543572318, 0.9947923183166837, 0.0034234143437821786, 0.00039025968517688675], [0.0014059685332104685, 0.9955053710118371, 0.0028181166244004483, 0.0002705437305519607], [0.021050147239618212, 0.17083672795591417, 0.15317169978044232, 0.6549414249240253], [0.007932917598318238, 0.07527563339681391, 0.9031906564430657, 0.013600792461802097], [0.02172958376846213, 0.15086123935875803, 0.7907337854857692, 0.03667539128701058], [0.05024219507899719, 0.41743888047279615, 0.08093671973570024, 0.4513822046125064], [0.009965467429584937, 0.9549992537008316, 0.025449867360621402, 0.009585411408962049], [0.01234412605952915, 0.9654855313561832, 0.015244433933048676, 0.006925908551238983], [0.05324585794772307, 0.14935006366685444, 0.06225868010932504, 0.7351453981760975], [0.030757028120217085, 0.10653847386353245, 0.8253127897491064, 0.03739170816714412], [0.9118055276257522, 0.06606164698550016, 0.01863158342921083, 0.0035012418595368085], [0.9263093886560106, 0.0596903848904688, 0.012125685574090413, 0.0018745407794301249], [0.9268349456552896, 0.052296579876065126, 0.017109548422645508, 0.003758925945999753], [0.943085666863615, 0.042757812723869144, 0.011507048227578632, 0.0026494720849372694], [0.9443530217126052, 0.04315326160693548, 0.010909300728211089, 0.0015844158522482481], [0.946465683202564, 0.03968782278736691, 0.012102548950406014, 0.0017439449596630965], [0.02685218969159452, 0.13219874701969825, 0.28436197980296196, 0.5565870833857453], [0.011004584746770484, 0.07640914651647301, 0.8955403327474453, 0.017045935889311244], [0.02193650600680162, 0.4654132517401309, 0.08217577579151492, 0.43047446636155257], [0.01381866644865667, 0.18206909180436928, 0.7790883770422121, 0.02502386460476193], [0.001671337245498603, 0.9887832737517578, 0.00862200814761558, 0.0009233807551279991], [0.001907256878336199, 0.9880465779733063, 0.008888960880277885, 0.0011572041680796051]], "ideal": "C", "sampled": "C", "correct": true}}
{"type": "result", "data": {"idx": 12, "options": ["be paralyzed", "fall into a coma", "suffer severe speech impairment", "die"], "probs": [[0.010499238553766436, 0.8602772778853067, 0.026380566316971017, 0.10284291714395577], [0.018889036133239067, 0.8751659441339089, 0.08938635934770142, 0.01655866028515062], [0.05227369972909276, 0.06404545640118708, 0.553219772501782, 0.3304610712679381], [0.06315013302902289, 0.06936361950077663, 0.3467390989942904, 0.5207471483759101], [0.017101930165969722, 0.6518044957868122, 0.26749389912596705, 0.06359967482125096], [0.023268966392001985, 0.609518538141518, 0.030339226632237835, 0.33687326873424217], [0.9921843196950136, 0.0054571224176007275, 0.002136455128405726, 0.00022210265897989854], [0.9941624340650997, 0.0037878432424586633, 0.0018456243911746017, 0.0002040982012670282], [0.9926183784111399, 0.005545609610721943, 0.001563846942938545, 0.000272164935199691], [0.9915534213048673, 0.0054965217859341215, 0.0027632742793657467, 0.00018678252983275425], [0.992266570546397, 0.005993908375719134, 0.0016129997463487364, 0.00012652123153508715], [0.9904346667797301, 0.007388300433908533, 0.0020672969162717396, 0.00010973577008956614], [0.1467571451146814, 0.09184302662416853, 0.38063875971321903, 0.380761068447931], [0.15859493966144467, 0.09471766116381962, 0.26559097165769496, 0.48109642741704073], [0.013257126920515764, 0.9588163253003797, 0.010484534051075403, 0.017442013628029086], [0.01679053076297075, 0.9607553486783401, 0.019935467595718466, 0.0025186528629706864], [0.11412096618679615, 0.7212350273740176, 0.020297011093853477, 0.14434699524533276], [0.06212996457186341, 0.7110097566506732, 0.2005313381470928, 0.02632894053037048], [0.8034257379181521, 0.04531814988097158, 0.08731097174201065, 0.06394514035886563], [0.7837857787994706, 0.04351848176659714, 0.018275025744069535, 0.15442071358986267], [0.2047382029318864, 0.7726124050574864, 0.012195689795554824, 0.010453702115072383], [0.2887706674775409, 0.6926839274230225, 0.012102168959495743, 0.006443236039940886], [0.840203424039678, 0.06181476716027554, 0.010738173919916272, 0.08724363478013027], [0.7355291705675793, 0.07874103488095528, 0.14937106985276566, 0.03635872459869973]], "ideal": "D", "sampled": "B", "correct": false}}
{"type": "result", "data": {"idx": 13, "options": ["achievement", "standardized", "projective", "triarchic"], "probs": [[0.003711187000420495, 0.9893115036323706, 0.005977324133661714, 0.0009999851335471775], [0.005057255869478431, 0.9863846275628875, 0.006545097409304787, 0.0020130190583293084], [0.01887444133346836, 0.06385569609793869, 0.910044896714223, 0.00722496575437001], [0.018350952533906655, 0.027123970763308553, 0.01311584644994629, 0.9414092301528385], [0.04253354287568381, 0.1138464682378349, 0.7906708201922642, 0.052949168594217055], [0.012736249013603533, 0.02825905826534463, 0.023063089938560905, 0.9359416026824909], [0.9718938842506856, 0.02017585389238967, 0.006917710639831581, 0.0010125511170931314], [0.9599669214156119, 0.029450625968743847, 0.007864357119118199, 0.0027180953965261012], [0.9722397308476267, 0.02115184493676699, 0.005873117224405163, 0.0007353068912011091], [0.9686496277111151, 0.023878153461182442, 0.005369341011628964, 0.0021028777160734683], [0.9550361845812967, 0.030229949133724777, 0.011207095596722273, 0.0035267705882562417], [0.9668651998354938, 0.02238972526545676, 0.007920612727815085, 0.00282446207123433], [0.019173511242318326, 0.06336253553310016, 0.9100107675387438, 0.007453185585837737], [0.015478529201798102, 0.02983754911963466, 0.011775979189769055, 0.9429079423887982], [0.0021124260214184887, 0.9960853699114351, 0.0016070317370906295, 0.00019517223005574328], [0.0017382314761198597, 0.9963927655240297, 0.0015100764258402747, 0.00035892647401021316], [0.017634936913828236, 0.023002038824793604, 0.026063336997101703, 0.9332996871642765], [0.019582274660950298, 0.04448007274272055, 0.922049373043019, 0.013888279453310162], [0.02940611349235318, 0.10674473622352713, 0.8141996248477853, 0.04964952533633436], [0.011432775811878895, 0.030598070619676412, 0.020702625450989356, 0.9372665280174554], [0.007442059526127279, 0.9747295464903767, 0.013584429517009727, 0.004243964366486268], [0.0047331741455699195, 0.9828653042731165, 0.009865958282670655, 0.002535563198642913], [0.008830002927577156, 0.02555235782677921, 0.021516022360890057, 0.9441016167847536], [0.01499857730558852, 0.05660928347646361, 0.9139633663398256, 0.014428772778122297]], "ideal": "B", "sampled": "B", "correct": true}}
{"type": "result", "data": {"idx": 14, "options": ["discrimination", "spontaneous recovery", "trace conditioning", "generalization"], "probs": [[0.23776931276832494, 0.08890220786940758, 0.06604874330243828, 0.6072797359598292], [0.04711510634583658, 0.06443496312786294, 0.8624262166333388, 0.02602371379296167], [0.20742185798116533, 0.09502507922267386, 0.0585263494069155, 0.6390267132892453], [0.07494710357129965, 0.08767715807992696, 0.7939927547599884, 0.043382983488784964], [0.07187310993757384, 0.8488445143605003, 0.05868551078947104, 0.020596864812454756], [0.070736857501285, 0.8485859304301491, 0.06148372039556944, 0.019193491572996442], [0.08480032419312798, 0.16611066206453085, 0.07143422002630999, 0.6776547936160312], [0.04209336277366698, 0.13175672652594175, 0.7703766161972961, 0.05577329440309508], [0.09289687125945954, 0.09441474824199667, 0.28627547618864235, 0.5264129042099014], [0.016787757671131876, 0.04601397759126986, 0.8959677986175135, 0.04123046602008472], [0.0054285825183500655, 0.9568800857380865, 0.03325977690385224, 0.004431554739711189], [0.005554174354514513, 0.9713923012942736, 0.017793569123761472, 0.00525995512745046], [0.1486690231510577, 0.12923826803179617, 0.06599683567245192, 0.6560958730446942], [0.10111176447554078, 0.12589814049008968, 0.7023938454520268, 0.07059624948234276], [0.15964074249495197, 0.09538711643202614, 0.31765800334494193, 0.42731413762807996], [0.02962091344142929, 0.05201713352747636, 0.8663707921256412, 0.0519911608054532], [0.025154222432955252, 0.8868678434288176, 0.07872228521578849, 0.009255648822438624], [0.020776885658840664, 0.926024757401556, 0.040692130332690764, 0.012506226506912535], [0.7938716597372787, 0.1446211750768047, 0.044103721154069825, 0.017403443931846826], [0.7800742561667536, 0.14892681627185433, 0.049881615770524634, 0.021117311690867384], [0.6704569629737518, 0.07070512621147512, 0.23180440088027243, 0.027033509834500615], [0.7953495082711618, 0.0717366066405192, 0.05166104627856499, 0.08125283870975403], [0.7110484175506677, 0.07267912408840367, 0.18848383249242173, 0.027788625768506863], [0.7952663094244453, 0.06952331033151811, 0.05006601902914761, 0.08514436111488899]], "ideal": "D", "sampled": "D", "correct": true}}
{"type": "result", "data": {"idx": 15, "options": ["the mere-exposure effect.", "self-serving bias.", "equipotentiality.", "the fundamental attribution error."], "probs": [[0.7043972453277856, 0.1987783566191567, 0.041650257069544554, 0.05517414088351311], [0.4459109256055109, 0.25831341452198364, 0.26218560042383227, 0.03359005934867317], [0.7578607997656059, 0.057572622569046286, 0.1337894280379885, 0.05077714952735926], [0.788451601636613, 0.045929870896088076, 0.14587743388680038, 0.019741093480498538], [0.711075276729033, 0.16381567043673334, 0.09775168047140358, 0.02735737226283005], [0.8208553392943927, 0.1279312403057476, 0.03335809043024532, 0.01785532986961433], [0.7287861242557789, 0.11904850592084122, 0.036857397751639986, 0.11530797197173984], [0.5486115298409739, 0.11515205523936872, 0.30783367612612006, 0.028402738693537283], [0.6182353539234247, 0.07626362952450554, 0.11986819326857356, 0.1856328231834963], [0.2152555278650159, 0.04082173093439068, 0.7173917862152713, 0.02653095488532208], [0.5691026949277562, 0.3454605580723066, 0.06903959694306756, 0.016397149956869587], [0.6359640505150389, 0.3006522740406402, 0.0429423905273596, 0.02044128481696126], [0.026016937393493682, 0.6161717885876157, 0.26909322418950077, 0.08871804972938988], [0.025798996402225802, 0.6659476395374891, 0.24872566880894165, 0.059527695151343395], [0.015411711194274922, 0.7971171797457833, 0.0966719398547339, 0.09079916910520786], [0.007924530438919145, 0.46828807645818343, 0.4984000476927397, 0.025387345310157676], [0.007282989259603681, 0.9470229971865348, 0.02664973613596151, 0.01904427731790001], [0.008993169141148517, 0.9107673610638777, 0.06493727753325963, 0.015302192161714174], [0.8599556407946055, 0.05009602941429443, 0.06842037544536259, 0.021527954245737405], [0.9093518425611741, 0.04530324870832318, 0.02072958127815817, 0.02461532735234452], [0.8609973145907428, 0.08531356711476497, 0.03609752385720811, 0.017591594337284164], [0.853190162090135, 0.09285777476355682, 0.03156856588265068, 0.02238349716365752], [0.8872563457963426, 0.048557476849427676, 0.030841202082106056, 0.03334497517212364], [0.8028912750663645, 0.05643808567818213, 0.10370069238956013, 0.036969946765893276]], "ideal": "D", "sampled": "D", "correct": true}}
{"type": "result", "data": {"idx": 16, "options": ["grounding a teenager for staying out past curfew", "spanking a child for misbehavior", "permanently revoking the driving privileges of a third-time DWI driver", "refusing to return the boss' phone call after not getting the expected raise"], "probs": [[0.0562846536707318, 0.04121342112665899, 0.020887200720927573, 0.8816147243816816], [0.14670896747297674, 0.12365246002111796, 0.49311611786196935, 0.23652245454393594], [0.05228278373938418, 0.04441250082098994, 0.038280930081049144, 0.8650237852585767], [0.09992808178086009, 0.07037392751835908, 0.7335071716719774, 0.09619081892880342], [0.11567245280857862, 0.6766224855726654, 0.07650621633616586, 0.13119884518259015], [0.14087759764794103, 0.532069180417128, 0.05520732805439373, 0.2718458937805372], [0.040412631032346984, 0.04012658089045227, 0.019867371839784313, 0.8995934161374164], [0.09664015038953733, 0.1407203313245572, 0.5231998328401054, 0.2394396853458001], [0.04940659368264606, 0.04295588124278225, 0.03761502214834116, 0.8700225028262305], [0.11948501795486544, 0.09463339086495101, 0.5077218299360572, 0.2781597611441263], [0.1115078942590889, 0.4589842923865333, 0.1090169714135732, 0.32049084184080456], [0.14127684812451355, 0.41236551670259813, 0.05893269793995414, 0.3874249371329342], [0.05256833802281144, 0.07897236824777211, 0.04499372027373809, 0.8234655733556784], [0.06738395494234087, 0.22814928842845764, 0.5475958193140431, 0.15687093721515835], [0.04178394937180187, 0.054959658447922735, 0.036325075874953115, 0.8669313162053223], [0.10776025881107096, 0.1938272579850685, 0.4334595533284676, 0.2649529297753929], [0.15216822013714815, 0.34331850147876175, 0.21988818226712384, 0.28462509601696623], [0.11840665643198409, 0.43710087097159755, 0.20317678884706694, 0.24131568364935144], [0.3326480090285486, 0.3545142411831155, 0.07485269009318458, 0.23798505959515137], [0.2994608051654929, 0.304474330763045, 0.05900741499833957, 0.3370574489731225], [0.3890648578951065, 0.20844722195023085, 0.09690064430531048, 0.3055872757493522], [0.3148728683924794, 0.17403754848470834, 0.04538413188041457, 0.4657054511423977], [0.2631821714450698, 0.12255814410906633, 0.3924320912210633, 0.2218275931248006], [0.326700026856475, 0.11849033654800785, 0.16957144184843576, 0.3852381946470814]], "ideal": "D", "sampled": "D", "correct": true}}
