{"type": "result", "data": {"idx": 0, "options": ["The formation of the non-aligned movement", "Global disarmanent and nuclear non-proliferation", "The Green Revolution in agriculture", "Mobilization of pan-Asian ideology"], "probs": [[0.821339941896616, 0.12208839305409577, 0.019625541698111898, 0.036946123251176306], [0.8157074283499742, 0.12907418342913382, 0.028582982130446768, 0.02663540599044516], [0.7752302461511327, 0.0804566907904312, 0.0699154973686345, 0.0743975655898016], [0.7232869101806543, 0.0811631951348201, 0.11811462747552777, 0.07743526710899784], [0.8148294170425348, 0.12303243542144436, 0.0375310270524214, 0.02460712038359944], [0.8446756256175448, 0.11254892832551232, 0.016864102834687124, 0.025911343122255775], [0.0003903951930569617, 0.9948530115484048, 0.002773720914489031, 0.001982872244049198], [0.000313514296190524, 0.9943121252606368, 0.0037312471040610836, 0.0016431132391115228], [0.0005904767789353892, 0.006600498569250797, 0.9798872891389215, 0.01292173541289228], [0.0008767682247901971, 0.00864901940079093, 0.06593807657384722, 0.9245361357005716], [0.001839961712800938, 0.02725073095827235, 0.9610400056841774, 0.009869301544749298], [0.0007703369783902902, 0.10571076388331267, 0.008153676373491915, 0.8853652226648051], [0.00014600497766242628, 0.9876809387253133, 0.007906855751967227, 0.004266200445057089], [0.00013526948740659082, 0.9894846031576134, 0.006073263542842628, 0.004306863712137378], [0.0003663815344993775, 0.009522323245710751, 0.9793224076649134, 0.010788887454876477], [0.00016347825874144377, 0.006377490725143289, 0.009206479965436951, 0.9842525509506783], [0.0002544799951599076, 0.788463597361175, 0.20903103181668603, 0.002250890726979025], [0.00025579840440766285, 0.7158861741814007, 0.0077713628190837, 0.27608666449510805], [0.16898548868914007, 0.8061642773619215, 0.017005758627571088, 0.007844475221367352], [0.11114695392797833, 0.8742412708129131, 0.007335199327049411, 0.0072765758320590705], [0.0615821819953817, 0.042339114043661634, 0.8777295472076543, 0.01834915665330243], [0.20862891697099836, 0.04656058342057554, 0.01647461768340659, 0.7283358818250195], [0.043375687664956045, 0.02396294390756862, 0.9208002484011848, 0.011861119926290528], [0.046465461547896374, 0.015207867575633305, 0.019225465686922072, 0.9191012050895483]], "ideal": "A", "sampled": "A", "correct": true}}
{"type": "result", "data": {"idx": 1, "options": ["How societies shared strategically important technologies with each other", "Why European states went on to attain military superiority over non-Western powers in the modern era", "Why Silk Road commerce dwindled across the breadth of Eurasia after 1500 C.E.", "How the medieval climatic optimum affected the process of cultural diffusion"], "probs": [[0.005404867508250178, 0.9829205871697361, 0.005000282404410081, 0.006674262817603713], [0.0032794594517200734, 0.9910197323919117, 0.0025949618020419413, 0.0031058462543263076], [0.013077267919303186, 0.060505593524520666, 0.8487665960665435, 0.07765054238963266], [0.009026216074919224, 0.0441217603915199, 0.018388555804939432, 0.9284634676286214], [0.008545955849023602, 0.025929406010658396, 0.9139810228731001, 0.05154361516721781], [0.0063815145647674746, 0.03192626353682916, 0.014162297543838154, 0.9475299242545652], [0.7164175447416294, 0.19898083796454746, 0.03351629402274707, 0.051085323171076], [0.7408201125298958, 0.18443927235710722, 0.02272871517434193, 0.05201189983865513], [0.6197311147227381, 0.21092528184072545, 0.08932123997817598, 0.08002236335836047], [0.6731338720207014, 0.1899241549746671, 0.04441467796484971, 0.09252729493978178], [0.7490553147482553, 0.1475418783943055, 0.03587467169589665, 0.06752813506154257], [0.8079962163653476, 0.10116758234222191, 0.023471009071323885, 0.06736519212110666], [0.008500591046266921, 0.0752211224245477, 0.8478257781585472, 0.06845250827063816], [0.0043815567499363136, 0.051773224853023325, 0.012010513132512191, 0.9318347051645282], [0.00976460987024562, 0.935792000391081, 0.034092870124577936, 0.02035051951409542], [0.008945985148246165, 0.9416124031069368, 0.01821836161994231, 0.031223250024874628], [0.0034657196175302005, 0.029270420665824536, 0.013396695629192898, 0.9538671639874523], [0.007862946868560563, 0.04059240552515254, 0.8412758024927554, 0.11026884501353156], [0.004617790257686372, 0.028524792018228315, 0.9299603764664839, 0.036897041157601417], [0.0026785144756459847, 0.02686136372417506, 0.008993528991325248, 0.9614665927088537], [0.0017306592493271178, 0.9847209885860503, 0.006088794107800466, 0.007459557956822107], [0.001992565964049024, 0.977316036625437, 0.0065343776098301136, 0.014157019700683898], [0.003267167173078004, 0.022521680733714033, 0.016994410107177112, 0.9572167418860309], [0.0041995622340490575, 0.027401051927507906, 0.9076398428526496, 0.06075954288579342]], "ideal": "B", "sampled": "B", "correct": true}}
{"type": "result", "data": {"idx": 2, "options": ["They kept horses in their court, which would have come from the Mongols.", "The Ghanian king had adopted the Chinese tradition of the kow-tow .", "The king adorned himself with gold and jewels, probably from India.", "The people in his court wore silk robes."], "probs": [[0.34230954901537525, 0.22495441620986323, 0.26704116459316646, 0.16569487008159503], [0.3974779606971253, 0.2530764488279199, 0.14302151541343536, 0.2064240749615194], [0.340663199698583, 0.4661650428628424, 0.09847721603239099, 0.09469454130618359], [0.3834040932005539, 0.38401909395277756, 0.15638468367017166, 0.07619212907649682], [0.333457954197364, 0.3392291144515148, 0.09792337784510723, 0.22938955340601389], [0.3270214248422805, 0.3127084122689048, 0.24352927866421611, 0.11674088412459864], [0.09629507549512037, 0.35833743701560167, 0.306714057796941, 0.23865342959233696], [0.09351897517458134, 0.4196502989006694, 0.1983564852980051, 0.2884742405267442], [0.10447564920237815, 0.3737956686199704, 0.19703951938509007, 0.32468916269256143], [0.12750440294543425, 0.3933433884989807, 0.21729610987040848, 0.26185609858517656], [0.09590146904004543, 0.2736502648687208, 0.2737081707824086, 0.35674009520882516], [0.10014252214410056, 0.2769498187481106, 0.31894996283813715, 0.30395769616965174], [0.4086101328731099, 0.32877420600172225, 0.10501784044318675, 0.1575978205819811], [0.40435464391105935, 0.3057572038391606, 0.21676114845376668, 0.0731270036960134], [0.3798650019940849, 0.2308405557294483, 0.17272402859164665, 0.21657041358482015], [0.45564990552205265, 0.22596817869715952, 0.17039920134033662, 0.1479827143404512], [0.37018746685539455, 0.3538722150250885, 0.18932438176950583, 0.08661593625001113], [0.375899039224886, 0.3481485752799796, 0.12404587112890224, 0.15190651426623208], [0.12160464012585051, 0.528829022329942, 0.10745077258910782, 0.2421155648550996], [0.09789453065513622, 0.5554899183660293, 0.21773152862292006, 0.12888402225591436], [0.13240771191595702, 0.24022752402149714, 0.2556317486452495, 0.37173301531729636], [0.13469505108000376, 0.2313248927462505, 0.29241299190557984, 0.3415670641681659], [0.1462597614198588, 0.4804083025157592, 0.20996772689363527, 0.16336420907074672], [0.14206943020345722, 0.434724781132415, 0.12454374971145504, 0.2986620388526728]], "ideal": "D", "sampled": "C", "correct": false}}
{"type": "result", "data": {"idx": 3, "options": ["the Arab-Israeli conflict.", "the Korean War.", "the Cold War.", "the Vietnam conflicts."], "probs": [[0.16280015539091724, 0.2686204434045948, 0.46422817393495347, 0.10435122716953445], [0.11710402677139731, 0.2257849042716998, 0.08051661846292192, 0.5765944503939809], [0.06400911747803145, 0.7442025222705609, 0.13348013658530372, 0.058308223566103864], [0.05341713656104204, 0.797378686098121, 0.0867339933052578, 0.06247018393557912], [0.08729703138139126, 0.15811802875113126, 0.11936415675372265, 0.6352207830137548], [0.08673349345105402, 0.1752732312233275, 0.6412065267371125, 0.09678674848850588], [0.09572935174736749, 0.27292096815450406, 0.5261560717157582, 0.1051936082823703], [0.05506978843174416, 0.21786145509858504, 0.055960237167556395, 0.6711085192021145], [0.0548388111320212, 0.6229210611353959, 0.25178894867072193, 0.07045117896186089], [0.05192970682396986, 0.6037621891123547, 0.07213163878351071, 0.2721764651801647], [0.03568167997081167, 0.11887833269044955, 0.12854426996534035, 0.7168957172733984], [0.030064968669248265, 0.12083437405095365, 0.6233962235665187, 0.22570443361327938], [0.573073463600678, 0.20765654683595458, 0.13407193614155916, 0.08519805332180826], [0.5666699366697993, 0.19588516504679404, 0.06459864180188127, 0.1728462563815254], [0.4485784604273224, 0.17855391436680515, 0.24023669181557272, 0.1326309332902997], [0.41456049676564233, 0.17287479339301373, 0.057903304690292735, 0.3546614050510512], [0.4774384355831011, 0.14341698158090682, 0.24017328795852733, 0.13897129477746473], [0.4381183687676069, 0.14680474010696232, 0.07381171237456727, 0.34126517865086353], [0.059534491831777454, 0.26689799722564794, 0.16706650887398705, 0.5065010019685876], [0.03055373601722457, 0.20086571721859084, 0.6691489268851859, 0.09943161977899873], [0.03933614550638445, 0.160576226703802, 0.21275584714603524, 0.5873317805437783], [0.025196606056139315, 0.14734126488749563, 0.5390356132311424, 0.28842651572522265], [0.025889470127841572, 0.5986409376277713, 0.2918699773887544, 0.08359961475563278], [0.024038419151928763, 0.5645434424717168, 0.10445936715520514, 0.3069587711211492]], "ideal": "C", "sampled": "C", "correct": true}}
{"type": "result", "data": {"idx": 4, "options": ["They became a part of Japan\u2019s territory.", "The Americans established freedom for all Koreans.", "The Korean economy never recovered.", "Korea remains divided into two nations near the 38th parallel."], "probs": [[0.0002935861707499737, 0.001676780639918822, 0.006376606421986947, 0.9916530266673442], [0.0008723411578072769, 0.010061094520559163, 0.9874612076465332, 0.001605356575100298], [0.000435950316219648, 0.0032216652168978984, 0.00766864413719499, 0.9886737402296875], [0.000828777406349486, 0.011088111767845235, 0.983199268037692, 0.0048838426881132714], [0.0016596745296104402, 0.9893903491735607, 0.00823553631547072, 0.0007144398813581566], [0.0013265835712529181, 0.9918771158388412, 0.005854882869130556, 0.0009414176207753433], [0.00028222403837781674, 0.001798258068839661, 0.006628280587439935, 0.9912912372053426], [0.000906363816110264, 0.010052833858790876, 0.9867426584779632, 0.002298143747135693], [0.0003595003551919337, 0.0024766400752361897, 0.0059875404246346065, 0.9911763190449373], [0.000887116313900536, 0.014315909916281616, 0.9809116269151191, 0.003885346754698729], [0.0021058464862378262, 0.9852028752276527, 0.011297866756061007, 0.0013934114300484816], [0.002670520735998174, 0.9807233147251003, 0.01537238888801188, 0.0012337755508895934], [0.0005373302362429233, 0.0046059131525537185, 0.007960104527757349, 0.986896651983446], [0.0012885082159818358, 0.013425927968911894, 0.9792788887131294, 0.006006675001976805], [0.000696045780061741, 0.003974327168282182, 0.007485086218160137, 0.9878445407334959], [0.001001265137128997, 0.010848064953799832, 0.9846817893642086, 0.0034688804448626135], [0.005863905780564169, 0.9783461101657468, 0.013854480272255386, 0.0019355036814336047], [0.010496437887020517, 0.9671767664930278, 0.02088235758320373, 0.0014444379367479759], [0.9278263617428097, 0.049174368704344676, 0.018960337784098502, 0.004038931668747007], [0.9116979087624185, 0.06013112041278119, 0.020461748940396547, 0.007709221784403768], [0.9081581441007672, 0.07113100282879195, 0.015265532113748042, 0.005445320856692785], [0.8963975078988791, 0.0808102488434952, 0.018605958815675488, 0.004186284341950296], [0.9335344567611316, 0.04795195976095886, 0.01241392660055582, 0.00609965677735371], [0.9266198377947211, 0.05309854877945644, 0.01737613436049207, 0.0029054789653303143]], "ideal": "D", "sampled": "D", "correct": true}}
{"type": "result", "data": {"idx": 5, "options": ["Optimistic, encouraged", "Understanding, accepting", "Cynical, enthusiastic", "Sincere, resigned"], "probs": [[0.1733260011493092, 0.2483220471183333, 0.3557419498572402, 0.22261000177511722], [0.1772815462364529, 0.23124751790904466, 0.27038720650334164, 0.3210837292511608], [0.16515934219557482, 0.4632390370019111, 0.19014826131724827, 0.18145335938526583], [0.18451777098717873, 0.3290122747092252, 0.26030573246260164, 0.2261642217409944], [0.15545400743935642, 0.3671696130985968, 0.3092539860110081, 0.16812239335103865], [0.15906343810537898, 0.4126375265088818, 0.21079519155273055, 0.21750384373300868], [0.13494063226665493, 0.16535317391608698, 0.5093803708866699, 0.19032582283058816], [0.19236828671511003, 0.1923885373934722, 0.31724450461738574, 0.297998671174032], [0.055648445047199666, 0.805042424961706, 0.09921704712196543, 0.040092082769128914], [0.06648523805644209, 0.7849904824374495, 0.07773739619995051, 0.07078688320615786], [0.15522866977007596, 0.14813708816068907, 0.2811355208731039, 0.4154987210961311], [0.05066205612340978, 0.08485345004205995, 0.7330668103627344, 0.13141768337179596], [0.4325882856500929, 0.23892107959565084, 0.1616727137653194, 0.16681792088893688], [0.41988522435825204, 0.22477819358214338, 0.15693080657538266, 0.1984057753842219], [0.42354517715183415, 0.20325161235991793, 0.21977445300851658, 0.15342875737973133], [0.44905896328545125, 0.18722501953234663, 0.13069956392827656, 0.23301645315392552], [0.34780402931657234, 0.2585163933222344, 0.20451917632802044, 0.18916040093317277], [0.38056325196771457, 0.2381779842244618, 0.14674360433205422, 0.2345151593757694], [0.1488741636127371, 0.3571499287724973, 0.1687247454951362, 0.32525116201962945], [0.14136734814075602, 0.339182799114385, 0.3966008483460442, 0.12284900429881482], [0.1294787305153311, 0.14003137587287678, 0.30585809381872114, 0.42463179969307097], [0.04094795973818217, 0.08945367684334816, 0.7374066278511477, 0.13219173546732185], [0.08267827146392685, 0.7031556210003461, 0.1497535671944122, 0.06441254024131483], [0.06807920082427749, 0.7550903872729346, 0.07135838748701145, 0.10547202431577635]], "ideal": "C", "sampled": "C", "correct": true}}
{"type": "result", "data": {"idx": 6, "options": ["Revolutionary progressivism does not always concern itself with gender equality.", "Women typically assume leadership roles during times of revolution.", "Women rarely support revolutions and therefore receive little benefit from them.", "Revolutionary movements are generally uninterested in women's rights."], "probs": [[0.3931850849173436, 0.19169794306772173, 0.2704651395775389, 0.1446518323373957], [0.41528859111554106, 0.20891032799613027, 0.11182549428081598, 0.2639755865075127], [0.408976959873758, 0.2404999661056116, 0.21566157888218107, 0.13486149503844932], [0.37872420326840756, 0.21252015929331486, 0.11378075502491806, 0.29497488231335955], [0.4183610365597493, 0.15159407617170048, 0.23851148494842578, 0.19153340222012444], [0.39327936724540913, 0.16402093552027666, 0.20415205978212056, 0.23854763735219364], [0.04338774635710702, 0.6377961945881134, 0.23114043928723818, 0.08767561966754138], [0.0657280882483525, 0.6142295369551202, 0.1267845583288039, 0.19325781636772346], [0.09026613830617419, 0.32524490353192864, 0.3574781119465978, 0.2270108461152994], [0.12980373395879025, 0.2503566480975827, 0.12206644000481465, 0.4977731778388124], [0.17641804146248344, 0.18793038091956946, 0.3623287189338489, 0.2733228585840982], [0.10468618683623508, 0.13243107091608883, 0.25536881987474497, 0.5075139222729311], [0.11449881004878375, 0.45299584063796994, 0.35856920168458956, 0.07393614752865672], [0.17086164015083413, 0.3562434182614199, 0.10534312182568385, 0.36755181966206213], [0.11509011539881002, 0.4923788565400496, 0.23270778079205093, 0.15982324716908947], [0.0662025178648071, 0.6794007065525375, 0.07992704540072322, 0.17446973008193223], [0.19351951199266745, 0.15316630441903337, 0.13520899010709894, 0.5181051933812002], [0.09141725232717221, 0.10526896188645171, 0.6453282784373333, 0.15798550724904273], [0.22269016502060818, 0.3241283297214629, 0.3093827068496312, 0.14379879830829773], [0.2507070638094037, 0.3220188963392059, 0.19535939684582296, 0.23191464290556743], [0.0856262886019383, 0.6134368134910597, 0.19921910612364874, 0.10171779168335329], [0.06483573921110745, 0.5181846386487574, 0.1352252601596227, 0.28175436188051245], [0.170052116199777, 0.19280142164690756, 0.22903264249158312, 0.4081138195617323], [0.12731250577730163, 0.1610198438766395, 0.27404423606965095, 0.4376234141764079]], "ideal": "A", "sampled": "A", "correct": true}}
{"type": "result", "data": {"idx": 7, "options": ["Sub-Saharan Africans relied on European merchants to sustain population growth through the constant importation of New World foodstuffs.", "Sub-Saharan Africans consolidated new states and kingdoms by trading with the Europeans for firearms.", "Sub-Saharan Africans depended on European merchants as the sole purchasers of slaves.", "Sub-Saharan Africans allied with European powers to evict Muslim and Arab merchant princes from encroaching on their sovereignty."], "probs": [[0.12906919226146696, 0.5437090911364874, 0.2671704550241917, 0.06005126147785397], [0.17855536137723402, 0.4633034260121069, 0.16652866451883988, 0.19161254799181918], [0.09044589644259488, 0.21042926137065798, 0.5949837431837844, 0.10414109890296269], [0.14522289362749236, 0.3273873133697165, 0.1262552364786233, 0.40113455642416784], [0.1662194579673487, 0.19597911832757006, 0.4702249764925893, 0.16757644711249192], [0.13404952879178259, 0.19058666269423077, 0.14502125328724114, 0.5303425551267454], [0.29165777064532866, 0.3958579425585255, 0.27420571155122136, 0.03827857514492446], [0.3166775883165127, 0.4330213802239387, 0.10864065926774258, 0.14166037209180599], [0.29028343881107554, 0.40023108940079305, 0.2816109630778922, 0.02787450861023917], [0.29302398928561185, 0.49497727137807207, 0.1594349962587105, 0.05256374297760555], [0.4181094716434479, 0.23286788061125238, 0.21534952312637726, 0.13367312451892246], [0.3605186208528883, 0.19467715191842114, 0.34697713151914844, 0.09782709560954204], [0.06965370145659697, 0.5524458617877371, 0.32489236142321126, 0.05300807523245468], [0.09397721429685568, 0.5758627738356326, 0.13575859568785928, 0.19440141607965247], [0.06682052425285992, 0.713082369086276, 0.19201029727917282, 0.0280868092816913], [0.0560840330961887, 0.7163293956993937, 0.21020114419742472, 0.017385426906992917], [0.12094391520769192, 0.2726618268019936, 0.17746246820515593, 0.42893178968515855], [0.06353447704004829, 0.17281861923431616, 0.7109556329834967, 0.052691270642138764], [0.10603569570906062, 0.34780233965186486, 0.26672669448266695, 0.27943527005640756], [0.08908911446734483, 0.2519000582994476, 0.19931317264738604, 0.4596976544858215], [0.11561750249174044, 0.47194899714740046, 0.20302036878868865, 0.20941313147217044], [0.10327534376542168, 0.4350821375411781, 0.3310454785492776, 0.13059704004412262], [0.05542821230079974, 0.49809689449392397, 0.23720728465005633, 0.20926760845521997], [0.05612712537254848, 0.5454209859541435, 0.3036767440242974, 0.09477514454901069]], "ideal": "B", "sampled": "B", "correct": true}}
{"type": "result", "data": {"idx": 8, "options": ["Hitler's belief that Poland's territorial borders should not be violated", "A rising intolerance of ethnic and political minority groups", "A widespread belief in Germany that it had been unfairly treated at the end of World War I", "Hitler's attempted collaboration with Italian leader Benito Mussolini"], "probs": [[0.0024045222780939837, 0.009967658231453779, 0.9855221077563626, 0.002105711634089662], [0.00142167295458884, 0.005451068124965269, 0.009791827383475473, 0.9833354314369704], [0.0006554431943446834, 0.9979475148493708, 0.0012246711854857642, 0.00017237067079871275], [0.000790697023144306, 0.998051926648132, 0.0010808738847019241, 7.650234402176147e-05], [0.0015849699058013377, 0.0043775163947089935, 0.011351304910949333, 0.9826862086885403], [0.0027149024643825705, 0.007153553456521038, 0.9896408914368068, 0.0004906525422895609], [0.0028472462282025292, 0.012862168829191669, 0.982705589118774, 0.001584995723831722], [0.0012869109306059404, 0.0050914686744541115, 0.008326647592005895, 0.9852949727029341], [0.0006018157429741884, 0.9984740730746355, 0.000862115182448815, 6.199589994149356e-05], [0.0005695955511710252, 0.9981246648658797, 0.001187215682503952, 0.00011852380044533399], [0.0012634881831573503, 0.004623330600454811, 0.011528360499217995, 0.9825848206171698], [0.0020148725150799236, 0.008223221217184959, 0.9884089322560293, 0.001352973911705803], [0.9945590127257311, 0.004679516064751653, 0.0006234261815386553, 0.00013804492797860022], [0.9949689488794843, 0.004295770328170827, 0.0006285634372976666, 0.00010671725504724193], [0.9929533926379867, 0.005859848883572169, 0.001042321063125687, 0.00014443731531547151], [0.9933294958403218, 0.005296221313157, 0.001118705458702088, 0.00025557728781908134], [0.9941811058436226, 0.004714313007239145, 0.0010036220867834912, 0.00010095896235475931], [0.9940566252774676, 0.004751038191744069, 0.000980287424506854, 0.00021204900628145413], [0.0008631626139287699, 0.004559207801846487, 0.010271851067798288, 0.9843057784164264], [0.0020435937869062782, 0.010542399557999751, 0.9868508589941678, 0.0005631475609262063], [0.0008489431257902041, 0.003926452673418269, 0.011903543830669484, 0.983321060270122], [0.0013657080830717571, 0.007045745912882957, 0.9901116579280014, 0.0014768879760439304], [0.000450779795413857, 0.9985787760188016, 0.0009322498707497594, 3.819421503476192e-05], [0.0003537678567417616, 0.9984123932684708, 0.001089738888037281, 0.0001440998867502132]], "ideal": "C", "sampled": "C", "correct": true}}
{"type": "result", "data": {"idx": 9, "options": ["was justifiable according to local military custom, even if it violated Western military norms.", "can be viewed as a reaction to the systemic brute force with which the British governed India.", "should be praised as a brave patriotic blow against British colonial oppression.", "seems to have been the product of a well-organized and long-premeditated conspiracy."], "probs": [[0.0049506600913511245, 0.9357720255226541, 0.012646344937516344, 0.04663096934847841], [0.00473702258847914, 0.8092205761700246, 0.1835614361438174, 0.002480964997678782], [0.00609239475259314, 0.03320175809343421, 0.8704649878113712, 0.0902408592426015], [0.031674341780103185, 0.07842904679120796, 0.42421682581012854, 0.4656797855185603], [0.012600614746706647, 0.20030604394154858, 0.7686054741595862, 0.018487867052158543], [0.028050231667433142, 0.6188194754447603, 0.02678553274163914, 0.32634476004616736], [0.6908239026710781, 0.14481185408753408, 0.02401896696851826, 0.14034527617286957], [0.6012130591846457, 0.12611125854653002, 0.24319245779439883, 0.0294832243744254], [0.741963328060792, 0.12113441028336193, 0.023122431740435996, 0.11377982981541009], [0.7798623500451902, 0.1007472058142434, 0.1089357062494949, 0.010454737791071492], [0.8265326184450785, 0.1577516342714406, 0.01160770295384561, 0.004108044229635279], [0.7900078685820014, 0.19664149954997492, 0.010339811022300045, 0.0030108207457235224], [0.005368957648633016, 0.027916024782594275, 0.778919561198609, 0.18779545627016372], [0.01644466548829481, 0.04988022464001498, 0.3803822042654703, 0.5532929055062199], [0.0051283444439953535, 0.8291990036552599, 0.01921127148955768, 0.1464613803111871], [0.0021376131487892444, 0.8422067684175141, 0.15348202935578714, 0.0021735889779095374], [0.013826252178812124, 0.10875559769307042, 0.02175745961027278, 0.8556606904178446], [0.008624434252995868, 0.07451551159497424, 0.8943114280863105, 0.022548625965719434], [0.011380951605264424, 0.022645337026506722, 0.9486128302310773, 0.01736088103715153], [0.018272472628765152, 0.031089395426315048, 0.012961995846981364, 0.9376761359979384], [0.017937454866166283, 0.9713760961252894, 0.010225239878843589, 0.00046120902970065857], [0.012839954972936732, 0.980554032487609, 0.006356821239973005, 0.00024919119948128355], [0.01315894950739234, 0.02346379756485085, 0.011085138074778428, 0.9522921147529784], [0.014781097434743446, 0.02963812372927112, 0.9373199065843275, 0.018260872151657975]], "ideal": "B", "sampled": "B", "correct": true}}
{"type": "result", "data": {"idx": 10, "options": ["A factory owner is forcing him to do so.", "He doesn\u2019t earn enough on his own.", "The children need discipline.", "Their labor is only moderately difficult."], "probs": [[0.8164871821023004, 0.17382305847410784, 0.007696913820956641, 0.001992845502635091], [0.8763624195195986, 0.11494695087643451, 0.006742955470698774, 0.0019476740332680762], [0.456105452346142, 0.07446150182761269, 0.45618570999711, 0.013247335729135333], [0.8026330515086803, 0.053767673966319096, 0.018581586060574588, 0.1250176883644261], [0.906549353596346, 0.0417419663156336, 0.04656432427198418, 0.005144355716036145], [0.9293521780239851, 0.029871015320279512, 0.010903561649179296, 0.029873244906556143], [0.07119079519414982, 0.9230679662406958, 0.004342096294577662, 0.0013991421705767104], [0.034473901838328706, 0.9611817737450797, 0.0034396083321660996, 0.0009047159844254017], [0.1035423121978936, 0.055425867019818865, 0.8020349084377316, 0.038996912244555954], [0.006615379052399258, 0.0030287179155238696, 0.008493761137615305, 0.9818621417944615], [0.007689022662607087, 0.009274865184418429, 0.9763024116494994, 0.006733700403475118], [0.007433462792068463, 0.0030506539230476574, 0.008227581983420362, 0.9812883012014635], [0.0026159316563398394, 0.8346993262172727, 0.15443526088197412, 0.00824948114441335], [0.0027095494728428507, 0.9720031930410695, 0.007480022737064979, 0.01780723464902263], [0.0016881480886629728, 0.015282408788158461, 0.9758093053587509, 0.007220137664427638], [0.00037495117919497136, 0.001654161181999972, 0.003906422583838257, 0.9940644649549668], [0.0009090455913158722, 0.004203142493545341, 0.9663881893325081, 0.02849962248263068], [0.0002041412937175798, 0.0005294486720289547, 0.003911527307159507, 0.9953548826270939], [0.0033410307804020048, 0.9782718972959102, 0.01683302216263473, 0.0015540496610530238], [0.004832988317476639, 0.9879487165363404, 0.0034536840668477156, 0.0037646109793352226], [0.0010021812392844117, 0.010442809559365095, 0.9853942731680422, 0.0031607359333082623], [0.0008950286130072208, 0.004509429762685232, 0.005397128226990322, 0.9891984132973172], [0.0016176245417455428, 0.009164165438917382, 0.8922238997161969, 0.09699431020314014], [0.0001831503131982691, 0.0003558056689795001, 0.003195538106072266, 0.99626550581175]], "ideal": "B", "sampled": "A", "correct": false}}
{"type": "result", "data": {"idx": 11, "options": ["Uneasy allies", "Comrades-in-arms", "Mortal enemies", "Distant strangers"], "probs": [[0.3489085202484453, 0.1597339093475853, 0.4343983909500061, 0.056959179353963246], [0.3809555413795696, 0.17712725433236456, 0.1057887359485228, 0.336128468239543], [0.11012069230719716, 0.8525373989870084, 0.027412858088417844, 0.009929050517376529], [0.067758052524734, 0.8922884926456729, 0.02098987220032911, 0.018963582529264018], [0.394139733914809, 0.24278689737584047, 0.12403864319843455, 0.23903472541091594], [0.24759089944270918, 0.18982851503381257, 0.4279677569438213, 0.134612828479657], [0.0020334181743382734, 0.9216886888252785, 0.06680506874681626, 0.009472824153566876], [0.0018907764956204403, 0.9267546802755976, 0.036517507036196425, 0.034837036092585566], [0.006952091233307207, 0.6110616239015042, 0.3123320303113948, 0.06965425445379382], [0.010189796388842756, 0.6707356302871817, 0.03500951686020164, 0.2840650563637738], [0.0027533067776818435, 0.1057475185344393, 0.7578114037829619, 0.13368777080491706], [0.020915404271707586, 0.1737334157909082, 0.5189185815369514, 0.2864325983004329], [0.07845533711247603, 0.792152932879397, 0.09174721646067202, 0.03764451344745486], [0.05250253685214646, 0.7712716143403522, 0.06333816536359474, 0.11288768334390661], [0.016612778666665735, 0.1704075713490783, 0.6958468866609232, 0.11713276322333271], [0.029562408441508595, 0.12639572666779766, 0.045079569892515624, 0.7989622948981782], [0.03365506691739726, 0.16564792824942215, 0.5520092988358707, 0.24868770589730993], [0.04809828883001748, 0.13278137245028623, 0.06678478468871425, 0.7523355539309821], [0.009211295103257286, 0.8892890636152057, 0.060543435366905346, 0.04095620581463169], [0.00635414010529355, 0.7457808837558707, 0.2137858118391347, 0.034079164199700994], [0.005002988473926557, 0.10126631649353421, 0.7486667590472958, 0.14506393588524336], [0.033344551420683814, 0.1553527242482412, 0.21576811049556574, 0.5955346137355092], [0.019716788301695497, 0.4215061711266778, 0.29907027218186377, 0.2597067682897629], [0.030106455993976294, 0.3995273880410659, 0.06524625213315866, 0.5051199037317992]], "ideal": "A", "sampled": "A", "correct": true}}
{"type": "result", "data": {"idx": 12, "options": ["Issue a casus belli to go to war with the Kingdom of Zulu", "Tax the Zulu kingdom to cover damages attributed to them", "Sever its responsibility to protect citizens who chose to live in South Africa", "Liberate the Zulus from British colonialism"], "probs": [[0.3262124380548115, 0.6388966482166905, 0.03060783279218556, 0.004283080836312542], [0.18194053930761983, 0.7904222003639723, 0.012783115749505053, 0.014854144478902785], [0.8216429558546623, 0.1384582703220718, 0.030901499866528875, 0.008997273856737016], [0.4496588651388254, 0.17896191250586418, 0.020883686103868693, 0.3504955361514417], [0.5426259282862587, 0.08591778959597325, 0.2229749510799124, 0.1484813309378557], [0.6314458391507148, 0.09390975743881491, 0.04577802968561401, 0.22886637362485623], [0.03906752821474022, 0.9468053950678097, 0.013098228411959524, 0.0010288482054905082], [0.04862210203858312, 0.9319630359779342, 0.008195859463209687, 0.011219002420273046], [0.11580912323766392, 0.24153687749350658, 0.6273184984759768, 0.015335500692852708], [0.3254083273454816, 0.3805993951253199, 0.03225264577793988, 0.2617396316512587], [0.17221137879556878, 0.10289894043370272, 0.5070062279194226, 0.21788345275130583], [0.33211539935294854, 0.1363738873325302, 0.12423648221157577, 0.40727423100294546], [0.0068642667212887075, 0.9877060939255388, 0.004721287490450782, 0.0007083517627217147], [0.020699936026968284, 0.915484449551348, 0.007925343366813447, 0.05589027095487028], [0.028661490518987448, 0.38974489632626963, 0.5678207709794741, 0.013772842075268783], [0.05451480169860367, 0.52558072765492, 0.022924703637067466, 0.3969797669094088], [0.065829404333991, 0.06092173236899753, 0.13104678810025097, 0.7422020750967605], [0.0605423547469019, 0.06864702956612247, 0.1987496241262596, 0.6720609914607161], [0.0014992111578844723, 0.8594185567023617, 0.09351212375808415, 0.04557010828166969], [0.0025347204317681554, 0.8215402914468624, 0.02856757619988837, 0.14735741182148107], [0.0018386358443793457, 0.6344466065490121, 0.3046786716010678, 0.0590360859055407], [0.0034303221209923012, 0.801026540750983, 0.07455244824533876, 0.12099068878268598], [0.011189630945620137, 0.12130602933181095, 0.35677664704232337, 0.5107276925802455], [0.015788494882137797, 0.2249653957998445, 0.1476152055790618, 0.6116309036389559]], "ideal": "A", "sampled": "A", "correct": true}}
{"type": "result", "data": {"idx": 13, "options": ["Pan-Africanism", "Communism", "African socialism", "Neocolonialism"], "probs": [[0.9843363624722145, 0.009066055784817164, 0.005046372391636628, 0.0015512092513317254], [0.9825124958212144, 0.009191874060638459, 0.0023607603761974256, 0.005934869641949773], [0.9791516156836764, 0.015581681521086977, 0.003141189530596133, 0.002125513164640565], [0.978019657100155, 0.01709331866600267, 0.0031130942159754015, 0.001773929917866831], [0.9816215448710776, 0.010820560609701442, 0.0028672843507676605, 0.004690610068453292], [0.9769415472198539, 0.012888340560246379, 0.008065854374954023, 0.002104257744945692], [0.0011784170790717027, 0.8877950583404549, 0.10774723047976265, 0.0032792940007107542], [0.0011219464141790517, 0.9881273996324004, 0.0020636155662776736, 0.008687038287142932], [0.0034223273163575337, 0.0556585151026285, 0.9271709821140156, 0.013748175366998397], [0.0017091002584125683, 0.05442328910836285, 0.008815545847495157, 0.9350520646857294], [0.003642511587621648, 0.02095966432927746, 0.9640010088090797, 0.011396815174021226], [0.001830023130511161, 0.018481541416686943, 0.04646536705790675, 0.9332230682948951], [0.006272134652132441, 0.9829065510378264, 0.005241829747631704, 0.005579484462409417], [0.007114566896845802, 0.9838740229071545, 0.004488213181294711, 0.004523196914705006], [0.01424670235709508, 0.03724243047551254, 0.9313244304531, 0.017186436614292425], [0.01266464135759378, 0.024222730089176744, 0.01050030108012974, 0.9526123273730998], [0.01870037073822267, 0.045208071623454055, 0.9227256587332349, 0.01336589880508837], [0.017190960375544132, 0.03113012954813997, 0.012978175532207117, 0.9387007344441087], [0.003203982339212179, 0.9907712602341526, 0.002036926623278945, 0.003987830703356289], [0.006846546669988593, 0.984616757716241, 0.005545140251258672, 0.002991555262511705], [0.01036937587277294, 0.028187014919816344, 0.9485367760617351, 0.01290683304567556], [0.005203248153306027, 0.01802017381008459, 0.02314011654619147, 0.9536364613904179], [0.019660856975640902, 0.10711202988863326, 0.8561434324302039, 0.017083680605522008], [0.01261242893438328, 0.08033964897546286, 0.01582153497056821, 0.8912263870195857]], "ideal": "A", "sampled": "A", "correct": true}}
{"type": "result", "data": {"idx": 14, "options": ["Agriculture fueled industrialization in cities as excess labor flowed from the countryside to urban centers.", "Agricultural surpluses allowed the state to invest more heavily in modernizing agricultural production.", "Agricultural efficiency reduced prices of basic commodities, raising the standard of living across the whole of China.", "Agriculture was collectivized, with the result that entire communities shared fields instead of individuals owning the land as private property."], "probs": [[0.00046711292548174614, 0.004794508489967388, 0.007479888344464181, 0.9872584901400867], [0.0009977098505030782, 0.011331180192567143, 0.9811138371356102, 0.006557272721319574], [0.0003509749533843865, 0.0030100647223129284, 0.006269079410565872, 0.9903698808137368], [0.0008725147632193345, 0.010631597019374054, 0.9798878753739986, 0.00860801274340802], [0.0004940183566371392, 0.9964196378513777, 0.0026291214525930333, 0.0004572222393921751], [0.0004716426826872633, 0.9969107638704886, 0.0021978201548390106, 0.00041977319198512964], [0.0009176234869224654, 0.0059401939514415305, 0.010258878884146963, 0.982883303577489], [0.0015380422758518213, 0.010846419710863994, 0.9765139032100745, 0.01110163470320974], [0.00037727854052720274, 0.0024424630578110543, 0.004816630834534745, 0.992363627467127], [0.0021294428150918196, 0.01688367548624397, 0.9662054580358548, 0.014781423562809436], [0.0018682414755296585, 0.9907570528752103, 0.005534566499723312, 0.001840139049536685], [0.003396759360736204, 0.9870798159342274, 0.007478213078770903, 0.002045211526265425], [0.0004901837150479621, 0.0031733954195931053, 0.007848388608569526, 0.9884880321567894], [0.0009673685249719963, 0.008165014274796914, 0.9814718796962548, 0.009395737403976236], [0.000426660976292927, 0.0035189957130491284, 0.0056638366540350095, 0.990390506556623], [0.0015410300865129022, 0.01544506085211218, 0.9707974670305645, 0.012216441930810479], [0.0008101045160658129, 0.9909930548515873, 0.00617554394047943, 0.0020212965918674406], [0.001955569249527091, 0.9741840925866304, 0.019751366161507956, 0.004108971902334504], [0.9748693146170292, 0.016778856580619256, 0.00704688162467684, 0.001304947077674705], [0.9768427887052434, 0.015549115328221945, 0.006581736513350637, 0.0010263593531839718], [0.9626498842089655, 0.02774478874478405, 0.007179715222654213, 0.0024256117235962153], [0.9539200926319918, 0.035301573860640686, 0.00844881601276951, 0.0023295173945979235], [0.98583158673968, 0.008941049551096755, 0.004637094161132729, 0.0005902694480905723], [0.9766389956849709, 0.015544967159454574, 0.006896246852186294, 0.0009197902033882474]], "ideal": "D", "sampled": "D", "correct": true}}
{"type": "result", "data": {"idx": 15, "options": ["The expulsion of Christian missionaries from Japan", "The adoption of Chinese imperial customs in the Japanese court", "The annexation of Manchuria by the Japanese", "Commodore Perry forcing Japan to open its ports to trade"], "probs": [[0.036140740879418945, 0.09673848008462918, 0.031165461466727586, 0.8359553174692242], [0.00795442858441311, 0.06407189857031097, 0.8443981666119883, 0.08357550613328757], [0.013866663807237497, 0.11343359845982146, 0.020986799447613398, 0.8517129381853277], [0.04711213120350437, 0.21792947484372285, 0.6930242412485739, 0.041934152604198874], [0.003680742951589864, 0.9892205972707158, 0.004044554815993148, 0.0030541048617012496], [0.005189357602695488, 0.9889907477859339, 0.004475432751269085, 0.0013444617601015498], [0.007964291334586275, 0.14567179474467618, 0.03354219603849312, 0.8128217177822444], [0.004378925789571206, 0.08798037964232838, 0.8094730832485529, 0.09816761121954751], [0.0033005531612541545, 0.10430542305211388, 0.01870450044249879, 0.8736895232441332], [0.010360571907137732, 0.2395983949288443, 0.7046480380422032, 0.04539299502181472], [0.002236230706000167, 0.9831280450959244, 0.006945431981964172, 0.007690292116111221], [0.0018512858701746353, 0.9894334955021764, 0.006514780089227433, 0.0022004384384215194], [0.006107521282599176, 0.061213750785145425, 0.01867117744748801, 0.9140075503847673], [0.026564536761990633, 0.1257960058201745, 0.7955939217360106, 0.052045535581824245], [0.004471726537345073, 0.035455553343808274, 0.016360740615528873, 0.9437119794033177], [0.022340359861535083, 0.08239059464752681, 0.8456739341388048, 0.049595111252133305], [0.01309159205446909, 0.9695613243399618, 0.011927087816094683, 0.005419995689474403], [0.010950891934816893, 0.9782653421088839, 0.007414143495945581, 0.003369622360353527], [0.9118539987290095, 0.06304916944350217, 0.013960785686158082, 0.011136046041330217], [0.9197129721915086, 0.0588145188872524, 0.016206534781538003, 0.005265974039701018], [0.9127002330989719, 0.06212824225045858, 0.013024851559909546, 0.012146672990660044], [0.9345086542236521, 0.048021438071671085, 0.013335072049108262, 0.004134835555568452], [0.9190492174268048, 0.06159595121603401, 0.01474607478988067, 0.004608756467280556], [0.9432653000210915, 0.0434508267937209, 0.010731478685384127, 0.002552394399803391]], "ideal": "D", "sampled": "D", "correct": true}}
