{"type": "result", "data": {"idx": 0, "options": ["Needle aspiration", "Mammography", "Mastectomy", "Lumpectomy"], "probs": [[0.0010875413099390439, 0.9963242581827404, 0.0022838047599390934, 0.0003043956473814611], [0.001038082532275946, 0.9966324627420335, 0.0020478237542835673, 0.00028163087140690697], [0.002299303105221601, 0.021142767250945632, 0.972194794291815, 0.00436313525201771], [0.0030076659617748413, 0.011174945045293575, 0.010830466494922253, 0.9749869223980093], [0.0029810791983037018, 0.019287427024173628, 0.9740501550945531, 0.003681338582969592], [0.0034387152194348615, 0.013814987996139116, 0.014252629524548878, 0.9684936671598772], [0.9897516197953556, 0.008300146443725594, 0.0017127049656720983, 0.00023552869524664372], [0.9862755214988467, 0.011305077315524107, 0.0021406794561601595, 0.0002787216294690047], [0.9874539399889183, 0.01014598429642218, 0.002211250038099709, 0.00018882557655978372], [0.9875102674970392, 0.010146553983793787, 0.0021601597484232297, 0.00018301867074382083], [0.987689564826709, 0.01014834870978205, 0.0019671976512350025, 0.00019488871227393986], [0.9874479035394241, 0.010305583331722438, 0.002013342892304769, 0.00023317013654869509], [0.0018777651946509319, 0.015477172292098381, 0.9803799513074214, 0.0022651111058292774], [0.0010622849916668484, 0.0041041139561002376, 0.0061605537379926835, 0.9886730472142402], [0.0012229118768183574, 0.9964924486609517, 0.0020636071051450245, 0.00022103225708495884], [0.0014406262497824547, 0.9962855993536845, 0.0021120973214393867, 0.00016167697509354427], [0.001175798061563792, 0.0037367428943215135, 0.006456005322595975, 0.9886314536215187], [0.004540134837685458, 0.02018903821668619, 0.9728594149232508, 0.002411411922377583], [0.003051653435856708, 0.020053708475602554, 0.9739824314786504, 0.0029122065098903588], [0.002638143901042495, 0.009136538647896328, 0.011548965098798382, 0.9766763522522628], [0.0017636606121603348, 0.9954617343284421, 0.0024866023152278907, 0.00028800264416961694], [0.0019972936891517186, 0.9948812810621994, 0.0028828138273324106, 0.00023861132131644688], [0.0037151754217330277, 0.015399153281841545, 0.013170828989343504, 0.9677148422070819], [0.006466272968884107, 0.0380939742245644, 0.952360840684484, 0.0030789120220674547]], "ideal": "B", "sampled": "B", "correct": true}}
{"type": "result", "data": {"idx": 1, "options": ["vary from person to person", "vary for women depending on the phases of the menstrual cycle", "are mainly on the lower portion of the body", "all of the above"], "probs": [[0.1412355515771931, 0.08840830273377315, 0.1171056605954632, 0.6532504849935705], [0.13127566481482528, 0.09024603395018431, 0.6072498378369978, 0.17122846329799263], [0.1130776385477703, 0.16978458390624065, 0.05598770725107672, 0.6611500701949123], [0.06283414016102884, 0.29982550847897405, 0.5964470286801038, 0.04089332257989333], [0.09220263257964349, 0.7720559748377925, 0.06047597086783013, 0.07526542161473387], [0.0664250715479354, 0.6302868744025097, 0.275376264921909, 0.027911789027645875], [0.07195064424748938, 0.18667906520884064, 0.138726502643064, 0.602643787800606], [0.05926382013992372, 0.22196593299612447, 0.6325348450067513, 0.08623540175720053], [0.07228274382333853, 0.0972992544948113, 0.1655021569676554, 0.6649158446141947], [0.10357824070729646, 0.12996960750163541, 0.6706442785865503, 0.09580787310451785], [0.08065612973909252, 0.5777259130671722, 0.17348329006561106, 0.16813466702812416], [0.07918746650637858, 0.5852188976236249, 0.2221437808329677, 0.11344985493702882], [0.3869811622931599, 0.1180532806848645, 0.0631781225080055, 0.4317874344139701], [0.5009888559373562, 0.11536638781366594, 0.3444032473339922, 0.039241508814985636], [0.15195180587405221, 0.0729289283748723, 0.18331904844089286, 0.5918002172101826], [0.3614461721423332, 0.08791585290242457, 0.4570804459302147, 0.0935575289250275], [0.6765890641215099, 0.17653488913795543, 0.1104518833222964, 0.036424163318238244], [0.6533251100121579, 0.20242338785397593, 0.07802856316509915, 0.06622293886876705], [0.5590667724050308, 0.18437495825831116, 0.07219547032587982, 0.1843627989107782], [0.4772137910169398, 0.14785887024080974, 0.3179289639063956, 0.056998374735854895], [0.231345724569287, 0.08782714473580505, 0.27476897423546137, 0.40605815635944653], [0.44905825137543753, 0.10751683664427039, 0.19927517319993107, 0.244149738680361], [0.2750498354159917, 0.5219830274059926, 0.1415916830159693, 0.06137545406204635], [0.29684694608776496, 0.39328801284964005, 0.07866072436340714, 0.23120431659918783]], "ideal": "D", "sampled": "D", "correct": true}}
{"type": "result", "data": {"idx": 2, "options": ["can be treated with antibiotics", "has a high risk of infection with a single exposure", "is asymptomatic (without symptoms) in only a small percentage of those infected", "infections are limited to genital areas"], "probs": [[0.8079226689101996, 0.14485915562991436, 0.03206916692087807, 0.015149008439007966], [0.8511994353396931, 0.11885680825033124, 0.02286115999498101, 0.007082596314994591], [0.8060972569658327, 0.14680820483277116, 0.03149995533061999, 0.015594582770776208], [0.8100994205852712, 0.1475344106524939, 0.031165715647161002, 0.011200453015073938], [0.8666311034681684, 0.10679149785749364, 0.019908372607451225, 0.006669025966886742], [0.8160436615088829, 0.14861688177736637, 0.027275999429240187, 0.008063457184510589], [0.16623318754896485, 0.8182544846244822, 0.013121884512973928, 0.0023904432135789986], [0.19224008311634472, 0.796806965975285, 0.009276152295930163, 0.0016767985124401799], [0.35582445524061906, 0.13092733357407565, 0.49409110212582785, 0.019157108959477403], [0.6150603912402696, 0.14610344149496773, 0.054168278206473006, 0.1846678889582897], [0.5245198607000123, 0.15750315484376934, 0.30836793253757194, 0.00960905181864641], [0.6388308191052606, 0.15903624357433882, 0.038068997324843395, 0.16406393989555718], [0.25431677846409184, 0.7245036748647856, 0.016904599944208926, 0.004274946626913603], [0.3008283088875981, 0.6779390000453946, 0.017646808237098827, 0.0035858827299084786], [0.6062850075651529, 0.12710554069305063, 0.2411892390630207, 0.02542021257877576], [0.7480672073868372, 0.11472671013460074, 0.03753824122216601, 0.09966784115639608], [0.6889948568299794, 0.17696230893174142, 0.12161793071531724, 0.012424903422961979], [0.730552850719962, 0.16558283534930554, 0.030391024365979003, 0.07347328946475339], [0.10154208301115726, 0.8909365324379773, 0.006003075603188728, 0.0015183088476766594], [0.0793530121502781, 0.9081071276416188, 0.01048980751851967, 0.0020500525895833866], [0.39591823867838877, 0.13262394686877443, 0.45574011536135434, 0.015717698991482402], [0.545323608219765, 0.13575433142707327, 0.053161699121487334, 0.2657603611316744], [0.33217470720973197, 0.19528981386553274, 0.45408402346467436, 0.018451455360060928], [0.5447949604206387, 0.19425777510077966, 0.04760673499803315, 0.21334052938054857]], "ideal": "A", "sampled": "A", "correct": true}}
{"type": "result", "data": {"idx": 3, "options": ["the id", "the ego", "the superego", "the Oedipus complex"], "probs": [[0.7739730505391839, 0.11154636036065244, 0.06870813692682895, 0.04577245207333474], [0.8171050730373578, 0.0976244009402611, 0.05920154360540242, 0.026068982316978684], [0.769536231509513, 0.11091252911080816, 0.08240424464135958, 0.03714699463831923], [0.7663656069212846, 0.1087365753624625, 0.07589448743185276, 0.04900333018440016], [0.8184627080291159, 0.09932797142132328, 0.05484314119303907, 0.027366179256521687], [0.8249328019116221, 0.09115050430529135, 0.04877950141568905, 0.035137192267397505], [0.33611678322507715, 0.41199334530897647, 0.14690792230743518, 0.10498194905851117], [0.3650485968051142, 0.45446355331333527, 0.12620750397467864, 0.05428034580687189], [0.38837128873756055, 0.201611354926929, 0.279889851780559, 0.13012750445495141], [0.36694549170693674, 0.18749784769468406, 0.14599824602924227, 0.2995584144691369], [0.43064786375299563, 0.21665079082428074, 0.24547629631551945, 0.10722504900720421], [0.4181698684920884, 0.2103538277640342, 0.12172289554221813, 0.24975340810165925], [0.21981403377048703, 0.5443174051930633, 0.14201336665621098, 0.09385519428023874], [0.23439091185439334, 0.5284512840836824, 0.13787082299173847, 0.09928698097018587], [0.2601620113686044, 0.22621261929470882, 0.31407519063641187, 0.19955017860027485], [0.2682812471675627, 0.22960869623497762, 0.1732981775036281, 0.3288118789938316], [0.26661254761179015, 0.23179920469294202, 0.3320600837706228, 0.16952816382464506], [0.2808143924900579, 0.30382938359146566, 0.19312385061694035, 0.2222323732015361], [0.6184077492634849, 0.23851486436555555, 0.07988444267474132, 0.0631929435962182], [0.5503205615452913, 0.27683135658095087, 0.08710147374666832, 0.08574660802708954], [0.6015139503876042, 0.1697457195036238, 0.14070149520934425, 0.08803883479942769], [0.6285659763864836, 0.15899200972802985, 0.0905736549193535, 0.12186835886613301], [0.6394796776287134, 0.11471909686612992, 0.1592412990398519, 0.0865599263653048], [0.6854818854396945, 0.12295685340853249, 0.09279311915920731, 0.0987681418925657]], "ideal": "A", "sampled": "A", "correct": true}}
{"type": "result", "data": {"idx": 4, "options": ["paraphilias guarantee survival of the species", "evolutionary selection has favored the development of males who respond to novel sexual stimuli", "of left brain/right brain differences between the genders", "male brains are better developed than are female brains"], "probs": [[0.008949191721178664, 0.9717936962837749, 0.014646829779674655, 0.004610282115371842], [0.009916461498155322, 0.9653473028935493, 0.01942433868841465, 0.005311896819880672], [0.019400595460346684, 0.04619908802052753, 0.8453822823285699, 0.08901803409055581], [0.03423169630155678, 0.03142889249219915, 0.04430799079641284, 0.8900314203098313], [0.009265053567683685, 0.03525292702304436, 0.8886011407685726, 0.0668808785406994], [0.030637319785600997, 0.027690563038680695, 0.03903732777327342, 0.9026347893024449], [0.9695007514418, 0.021432070745552128, 0.007348203334776203, 0.00171897437787165], [0.9601077928845533, 0.02789857407467532, 0.010181593897004647, 0.001812039043766799], [0.959440414022482, 0.028543075751633146, 0.00970935020088257, 0.0023071599250022], [0.9652155776725954, 0.024942789263569434, 0.008034231753032707, 0.0018074012108025197], [0.9559577829388466, 0.032728504820602945, 0.009523609778554038, 0.0017901023619964233], [0.96739131416537, 0.024039328149065564, 0.0069956444351594, 0.0015737131504049455], [0.05517825648168054, 0.1081126438900792, 0.7450089079889379, 0.09170019153930237], [0.11544926463403155, 0.128858655678261, 0.07004638015523444, 0.685645699432473], [0.0027888585921409534, 0.9852303633713909, 0.010046913662975311, 0.0019338642734928586], [0.0023425372628036057, 0.9827651316440855, 0.011534345259909604, 0.003357985733201298], [0.07837523052056299, 0.05826696033092045, 0.05917157252008641, 0.8041862365284301], [0.005392576662711737, 0.027178695903603854, 0.9219202561466903, 0.04550847118699412], [0.012854480994935101, 0.04968202067338417, 0.8674187578565199, 0.0700447403751608], [0.022416129304768644, 0.024057483003885168, 0.03667355567515931, 0.9168528319161868], [0.0019177969603479052, 0.9780029323310733, 0.016964774209512565, 0.0031144963990662297], [0.001944680315043331, 0.9763010569955811, 0.017336059059253384, 0.0044182035301221145], [0.022842923890826636, 0.023210488952828002, 0.04136542767456297, 0.9125811593817824], [0.00326190961389153, 0.017228636398165024, 0.9337694195443975, 0.04574003434354592]], "ideal": "B", "sampled": "B", "correct": true}}
{"type": "result", "data": {"idx": 5, "options": ["felt glad", "felt fear", "experienced guilt", "experienced regret"], "probs": [[0.6360379287287936, 0.09455045945707784, 0.1441608763896897, 0.1252507353244389], [0.5900834270647087, 0.1041688229782581, 0.22398864708192578, 0.08175910277510744], [0.18140402025578467, 0.6740011377853364, 0.08569541338393928, 0.058899428474939564], [0.11849150628914402, 0.5067575497901686, 0.3272409389996973, 0.04751000482098998], [0.17731705937578682, 0.7235523111164467, 0.06224775384779367, 0.036882875559972786], [0.1279264534586651, 0.6296899890654046, 0.20767667810152673, 0.034706879274403545], [0.1548183972646808, 0.08551058726251523, 0.49214752403610895, 0.267523491336695], [0.12870791840848525, 0.08574643176859935, 0.595314873590726, 0.19023077613218944], [0.12175531502705214, 0.6791022318056283, 0.08111884323264326, 0.11802360983467619], [0.10978170015512248, 0.49979196668186404, 0.3330161881315163, 0.05741014493149717], [0.10868130866129122, 0.6976779258524605, 0.0915325453383409, 0.10210822004790743], [0.11306061341837559, 0.5741965045757871, 0.2629525602431076, 0.04979032166272968], [0.392119034791978, 0.34607402775976964, 0.09314621585965821, 0.16866072148859412], [0.4000592469804322, 0.14951945240906478, 0.3476648239541971, 0.10275647655630588], [0.5897178956874476, 0.12170401849072163, 0.0749816859056459, 0.21359639981618492], [0.49425359048232886, 0.13098653049907125, 0.2861316885105249, 0.08862819040807496], [0.1796181535037972, 0.7104036357405351, 0.07726218806381827, 0.03271602259184942], [0.210225050380197, 0.6892857217072798, 0.07614931094651982, 0.02433991686600339], [0.41792314773429934, 0.4810438101886051, 0.05150279344658964, 0.04953024853050592], [0.6328739947629843, 0.16770596434997595, 0.13476099976182182, 0.06465904102521784], [0.8557300672050218, 0.061030333269495744, 0.036444812271027124, 0.046794787154455404], [0.7881412417233726, 0.07804578454705932, 0.09268434241212531, 0.04112863121744271], [0.47712992680887245, 0.4412770757930015, 0.051085977204581384, 0.030507020093544626], [0.501249073952139, 0.4287433019806421, 0.049635443739033815, 0.02037218022818509]], "ideal": "C", "sampled": "D", "correct": false}}
{"type": "result", "data": {"idx": 6, "options": ["an increased risk of low birth weight babies", "poorer growth and lower intelligence", "smaller head circumference", "all of the above"], "probs": [[0.03979563223449841, 0.03798230642663057, 0.01633492656241706, 0.905887134676454], [0.04580979172472392, 0.06361208282217393, 0.8782479999353092, 0.01233012541779289], [0.07084326537717038, 0.04720219285764024, 0.01877484681162231, 0.863179694853567], [0.07823807468503007, 0.07014412929023749, 0.8413546382805184, 0.01026315764421412], [0.19988942190018888, 0.7906594883133763, 0.0072814520447868425, 0.0021696376416479634], [0.16974519954247366, 0.8226398002393916, 0.006087593075887035, 0.0015274070422476025], [0.0055387724053638536, 0.0205839875311047, 0.012680028747002536, 0.9611972112165289], [0.01192721633655944, 0.04681397603915569, 0.9258229877067427, 0.015435819817542188], [0.005070338842641395, 0.016371178643680147, 0.01216452746181855, 0.9663939549518599], [0.013063348955576022, 0.0418477241287554, 0.923210635986362, 0.021878290829306597], [0.020339645287035007, 0.9648514314893405, 0.01159009235271929, 0.0032188307709051546], [0.014947483835224297, 0.9691599340231336, 0.010435544597945108, 0.005457037443696941], [0.008293147774063732, 0.05201696008596062, 0.017697450876251804, 0.9219924411637238], [0.012734989254840588, 0.08568906527827412, 0.8930253715508619, 0.008550573816023326], [0.005105808842760543, 0.022532399935420413, 0.014321466350896234, 0.9580403247709228], [0.013647921919309521, 0.06411000900501941, 0.8990246393100397, 0.02321742966563136], [0.004425166743019614, 0.9630658253778119, 0.028633617528496243, 0.0038753902506722506], [0.004549753013631366, 0.9748091896447659, 0.012465290979387193, 0.008175766262215554], [0.7560102209026272, 0.21328262605213472, 0.01374024035172545, 0.01696691259351266], [0.7651399553921995, 0.20921438073916665, 0.012272154294277639, 0.013373509474356251], [0.8014585152146125, 0.15061857506144438, 0.020065213554637685, 0.027857696069305396], [0.7591359004380336, 0.16940970685611512, 0.0185656677567169, 0.05288872484913437], [0.7690862373475941, 0.17163491151459642, 0.03275398518886338, 0.026524865848946123], [0.7494873106341331, 0.16466426374883722, 0.023352970376901594, 0.06249545514012812]], "ideal": "D", "sampled": "D", "correct": true}}
{"type": "result", "data": {"idx": 7, "options": ["a secure lover", "an avoidant lover", "an anxious-ambivalent lover", "a passionate lover"], "probs": [[0.03895181489629101, 0.586099397073552, 0.3555110758841492, 0.01943771204600775], [0.041043085542514825, 0.8507157087938045, 0.022668915463081574, 0.08557229010059902], [0.02105378975002027, 0.4984008803964687, 0.46826083728045703, 0.012284492473053974], [0.015731122782681666, 0.9582851199858435, 0.010000301803401931, 0.01598345532807284], [0.1366269517077324, 0.06766143832699802, 0.5937415051150352, 0.2019701047502344], [0.0713610436153732, 0.045374029056273836, 0.6668228009693001, 0.21644212625905287], [0.8210356035874377, 0.03723366840549436, 0.12792907344187407, 0.013801654465193899], [0.9439699525787147, 0.029416825235826744, 0.009852288161413822, 0.0167609339240447], [0.7649168967435767, 0.22263875601449454, 0.00836627930319093, 0.004078067838737854], [0.4688755104145803, 0.5231687569779376, 0.005009821287590826, 0.0029459112198912223], [0.9267812058629195, 0.031228493137241495, 0.022140883147709744, 0.0198494177521293], [0.5041299109911778, 0.031248530020535247, 0.44507061605889625, 0.019550942829390766], [0.7541638092239391, 0.026636481309347145, 0.20947930261123826, 0.009720406755475494], [0.9593311441964449, 0.02291998099379286, 0.007498732684687072, 0.010250142025075154], [0.35140566451721605, 0.6364648654502469, 0.008866688772722666, 0.003262781159814318], [0.3484848020179229, 0.6411043730297594, 0.005811972372353485, 0.00459885247996418], [0.9543149079267637, 0.021419030665664748, 0.013827727539553537, 0.010438333768018062], [0.7127989682535083, 0.019915439613085898, 0.254227822478807, 0.013057769554598846], [0.05597697156125097, 0.07834850192516984, 0.7551935854157088, 0.11048094099787033], [0.03218132401001463, 0.050246330356624624, 0.7157320699452313, 0.20184027558812945], [0.019777610249071077, 0.8814590518191936, 0.04744861938666005, 0.05131471844507525], [0.019534657474313308, 0.49221625965582955, 0.45527386927380015, 0.03297521349605699], [0.005699486785524198, 0.9736478069298834, 0.010003158556144592, 0.01064954762844779], [0.006969048191489954, 0.5283410560936876, 0.45196929674725367, 0.012720598867568777]], "ideal": "C", "sampled": "B", "correct": false}}
{"type": "result", "data": {"idx": 8, "options": ["Bruce likely participated in more female-typical play than Chuck.", "Bruce likely participated in more male-typical play than Chuck.", "Bruce and Chuck likely participated in more male-typical play than female-typical play.", "Bruce's father was more likely to have homosexual tendencies than Chuck's father."], "probs": [[0.8983686743851647, 0.09180640474704346, 0.009017967464176302, 0.000806953303615534], [0.7844828966148274, 0.18935692317257302, 0.021074362106876764, 0.005085818005722783], [0.9000955084820996, 0.07929956045285103, 0.019428677556422243, 0.001176253408627137], [0.9042643820618229, 0.07966927364907367, 0.014618389172548213, 0.0014479550165552378], [0.5984596687501075, 0.1143087610491075, 0.2741087114513756, 0.013122858649409343], [0.8435080857738226, 0.11421200110702638, 0.03245677278016984, 0.009823140238981114], [0.8984978498828513, 0.08625680496040003, 0.014412526522206736, 0.0008328185345418685], [0.8814623237126824, 0.10050877727926172, 0.01425084269473461, 0.0037780562133212653], [0.8839370374087537, 0.10811102864910432, 0.007298761758828586, 0.0006531720833133709], [0.8537233647427701, 0.13513231555348126, 0.010418115397946256, 0.000726204205802344], [0.8651977389612943, 0.09942656369813102, 0.018100801659523172, 0.017274895581051577], [0.8590690200704904, 0.10184672089222789, 0.03491341445870786, 0.004170844478573882], [0.7225487263956676, 0.03985236273900187, 0.2346903498465973, 0.0029085609187332155], [0.9471914604075756, 0.025262118810730337, 0.005949914817966249, 0.021596505863727754], [0.9649232915655056, 0.0315170446559743, 0.0030957135369950764, 0.00046395014152496224], [0.9675932526580603, 0.02855324362273003, 0.0033303748073798926, 0.0005231288118298289], [0.923241642717831, 0.03903822344265082, 0.007331010171962123, 0.030389123567555982], [0.8995244124286821, 0.051983816503826163, 0.04514315607702443, 0.003348614890467342], [0.29020629843733464, 0.4360352087497271, 0.19802435773247976, 0.07573413498045846], [0.23931887030238239, 0.4269324115405989, 0.22668889977188283, 0.10705981828513589], [0.369832993024581, 0.5138249817876396, 0.06135082002010631, 0.054991205067673146], [0.3631555606786017, 0.48892404920766563, 0.12851833404239002, 0.019402055971342622], [0.18612998999477762, 0.6919660074609861, 0.06285637710145943, 0.05904762534277683], [0.2572646350167551, 0.5622681185004362, 0.16617318413569543, 0.014294062247113217]], "ideal": "A", "sampled": "B", "correct": false}}
{"type": "result", "data": {"idx": 9, "options": ["inherently evil", "God's afterthought and has become an aberration", "a gift from God", "primarily a biological function"], "probs": [[0.012884118868924037, 0.051370554767555456, 0.897271473464463, 0.03847385279905751], [0.025167593683081177, 0.04316360494963651, 0.07815198584953745, 0.8535168154177448], [0.0009588060529259982, 0.9876450633702761, 0.007720438092594096, 0.0036756923842037313], [0.0008955576506907559, 0.9896522896909485, 0.008107380565057783, 0.001344771993302926], [0.03395356351386993, 0.05600495078616286, 0.03396195659319293, 0.8760795290067742], [0.007694152494659245, 0.06393679847800515, 0.9115555699017622, 0.016813479025573345], [0.011043813716183072, 0.06357626238363033, 0.8990867060114044, 0.02629321778878224], [0.033773636417421884, 0.04728211570344509, 0.06771319725544891, 0.8512310505236841], [0.0007497336404199816, 0.9916511074280401, 0.005496451573690213, 0.002102707257849728], [0.0008296989961501516, 0.9914679677494149, 0.006576931669368468, 0.0011254014850664979], [0.04050180179773484, 0.07749864943486384, 0.04886802494107181, 0.8331315237263295], [0.008638968352447941, 0.06904738870691114, 0.9032878521503139, 0.01902579069032698], [0.9788243760591667, 0.01583001664614576, 0.004325389594247407, 0.0010202176004401517], [0.9846727837932573, 0.012019156262218443, 0.003013841754349194, 0.0002942180901750609], [0.9799958429425402, 0.016606643731475235, 0.0029074295776676242, 0.0004900836483169467], [0.9806567470757113, 0.01661759621766818, 0.002507966720551016, 0.0002176898860695135], [0.9820902235296841, 0.014801457322098262, 0.0026946497545829984, 0.00041366929363464484], [0.9816296814435804, 0.015505277747897466, 0.0025301794033094553, 0.00033486130521261396], [0.033770655933738965, 0.03174356169815116, 0.028445350064581165, 0.9060404322035287], [0.009171929585598175, 0.04695997847482479, 0.9292044076155321, 0.014663684224044926], [0.05587161290182539, 0.05950133457556406, 0.043864681985576276, 0.8407623704370343], [0.011985026314799637, 0.05008436356457362, 0.9238020667331648, 0.014128543287462004], [0.0009762811643030625, 0.9900554825585789, 0.007157900199264763, 0.0018103359778532605], [0.0009848732707890202, 0.9910546514840667, 0.006422549003407708, 0.001537926141736628]], "ideal": "C", "sampled": "C", "correct": true}}
{"type": "result", "data": {"idx": 10, "options": ["birth", "about age 1", "between the ages of 3 and 6", "puberty"], "probs": [[0.05022714119833067, 0.11323233411653384, 0.7268283068224815, 0.10971221776265401], [0.20573734051520617, 0.15542048445906453, 0.4093219400431965, 0.22952023488253281], [0.0080756557606031, 0.9116768009068555, 0.06921127715022621, 0.011036266082315177], [0.007962118816776487, 0.9419848898233745, 0.046172995018915246, 0.0038799962409337956], [0.06049058360409134, 0.592179514699834, 0.17232827198539444, 0.1750016296106802], [0.10026810244520863, 0.5014432408381917, 0.32884465869656393, 0.06944399792003572], [0.05567971015732194, 0.10487360821506057, 0.7394049459945311, 0.10004173553308633], [0.12156030464415031, 0.12356864576208351, 0.42442339788744526, 0.3304476516063209], [0.0051200182224150695, 0.9380083772948016, 0.05050093409677389, 0.006370670286009473], [0.0222190349290041, 0.908495212794534, 0.06685039146679318, 0.002435360709668655], [0.04007051407706278, 0.7385062978067688, 0.10639381130183985, 0.11502937671432856], [0.10821661050423159, 0.549704812586296, 0.313180548833978, 0.028898027975494348], [0.8473290168891636, 0.09658906633267507, 0.039942924678583805, 0.016138991999577478], [0.8604572930401528, 0.09214219364215095, 0.04088109320662869, 0.006519420011067561], [0.8521276488513714, 0.09713542885606673, 0.04112076938921665, 0.009616152803345263], [0.8555664215221727, 0.10544866795121911, 0.03476690902129156, 0.004218001405316656], [0.9177673494461613, 0.06054438673966819, 0.01890048019429447, 0.002787783519875951], [0.8946811972539818, 0.07345614923622475, 0.027018216762700845, 0.004844436647092612], [0.5133354969307341, 0.10436893130504067, 0.1360195807094203, 0.24627599095480493], [0.3166615460991563, 0.10614873784162288, 0.4906196143917253, 0.08657010156749548], [0.46750398962710327, 0.09961461277691176, 0.14036933030503013, 0.2925120671909548], [0.32800628021026856, 0.10492261695961232, 0.4774016190452955, 0.0896694836848236], [0.3309486532696093, 0.49695811040914095, 0.12366994561262486, 0.048423290608624846], [0.2721592803933205, 0.40874132814448544, 0.26381114319168275, 0.05528824817051129]], "ideal": "C", "sampled": "C", "correct": true}}
{"type": "result", "data": {"idx": 11, "options": ["intimacy", "commitment", "decision", "passion"], "probs": [[0.06180485841180519, 0.9013327445193478, 0.03414529300756244, 0.002717103961284581], [0.06364873899800581, 0.8451869028620604, 0.08568610389745454, 0.005478254142479249], [0.029340357623792432, 0.07438796276110712, 0.8715608427540669, 0.024710836761033618], [0.031154230872213765, 0.02998201423919296, 0.028158765860338997, 0.9107049889282542], [0.01752529356975222, 0.04618482713697376, 0.9277476019405888, 0.008542277252685266], [0.03504291483702045, 0.036754443553243435, 0.0655026125562512, 0.862700028953485], [0.7644957751791428, 0.16548774615671383, 0.057162150363510224, 0.012854328200633128], [0.71522787521974, 0.1488906387504073, 0.11589991613436369, 0.019981569795489033], [0.7956080554465773, 0.0485968708734325, 0.142729552712615, 0.01306552086737513], [0.8350657939318461, 0.04065733378390703, 0.050164115251705305, 0.07411275693254157], [0.44781442221019757, 0.07434366434971568, 0.45518757616681726, 0.022654337173269496], [0.7029546524736466, 0.06393481814197667, 0.052555304211171466, 0.18055522507320523], [0.012652739185556962, 0.07938466368165743, 0.8944923447387307, 0.013470252294054895], [0.014822311587473352, 0.03476089585403019, 0.033161457377623445, 0.917255335080873], [0.020924918370952943, 0.4993724529126219, 0.4692586962309409, 0.010443932385484245], [0.031641472481470735, 0.5790337984321939, 0.1364685908173862, 0.2528561381689491], [0.019112271284694303, 0.027835815679417175, 0.16519839400702643, 0.787853518928862], [0.023170181048024204, 0.05694392801519879, 0.811055854087724, 0.108830036749053], [0.007503005317869553, 0.09142884743151258, 0.8951318988375648, 0.005936248313052998], [0.012279606302229415, 0.08463817853871697, 0.06190643301043754, 0.8411757820486161], [0.008498339310072902, 0.5959665408997051, 0.39091308431785465, 0.004622035372367297], [0.008926616398783739, 0.8896321073456006, 0.06296331769396284, 0.038477958461652854], [0.017014145088842282, 0.04927766102308512, 0.21567497181188636, 0.7180332219761862], [0.015768568009099065, 0.09223117465938402, 0.8286474824763541, 0.06335277475516272]], "ideal": "B", "sampled": "B", "correct": true}}
{"type": "result", "data": {"idx": 12, "options": ["Orthodox Jews", "Fundamentalist Protestants", "Eastern Orthodox Christians", "all of the above"], "probs": [[0.013633815367142702, 0.8569012155733737, 0.027116881276684112, 0.10234808768279949], [0.01262980452571898, 0.5853757576926558, 0.39611880067489, 0.005875637006735245], [0.032138240546894146, 0.03701161330602833, 0.6258711404732187, 0.30497900557385876], [0.04862896235925199, 0.035039056289959354, 0.06752294367204593, 0.8488090375787427], [0.01659744133798556, 0.06882337814933988, 0.899580365354442, 0.014998815058232612], [0.030442796539687192, 0.07304636810070977, 0.020440642968867967, 0.876070192290735], [0.8564343222454376, 0.04540344149217303, 0.020945220218255328, 0.07721701594413409], [0.5912830878589854, 0.06432984077563621, 0.3370001940027034, 0.007386877262674957], [0.8751003217550584, 0.03906745016513027, 0.020421802692483223, 0.06541042528732818], [0.8317331674756109, 0.04341617228188208, 0.11798318479799036, 0.006867475344516661], [0.8717952545051844, 0.09783085555157323, 0.02234424848137834, 0.008029641361864053], [0.8786174467173699, 0.09556525644660144, 0.016998528361414758, 0.008818768374613963], [0.014756421048592741, 0.028018795848168486, 0.7281459914337977, 0.22907879156944114], [0.023499673667801743, 0.0250261560993604, 0.05550595475748106, 0.8959682153753568], [0.006270519187104982, 0.867577102939298, 0.03470546115087948, 0.09144691662271756], [0.009143759035743035, 0.6987779980441159, 0.28234057195791323, 0.009737670862227864], [0.017099620613425723, 0.08551325568527499, 0.020150646377662083, 0.8772364772236372], [0.007058001670490181, 0.05467906657384449, 0.9176748500879863, 0.020588081567678964], [0.13144952428174522, 0.09548935899895566, 0.7335833156722561, 0.03947780094704297], [0.14884529403421717, 0.07487591056527433, 0.03194458972758028, 0.7443342055729282], [0.01865434672479723, 0.9495172036260408, 0.023219013908684333, 0.008609435640477671], [0.020052219904685295, 0.95137997799671, 0.016114645951957645, 0.01245315604664707], [0.10563483518393973, 0.0862561214999691, 0.03947993249856218, 0.768629110717529], [0.13554941520376762, 0.11071671129301809, 0.6675530274305669, 0.0861808459726474]], "ideal": "D", "sampled": "B", "correct": false}}
{"type": "result", "data": {"idx": 13, "options": ["legalism", "asceticism", "situationism", "hedonism"], "probs": [[0.00015236963874907934, 0.9996601554120239, 0.00012731144242973137, 6.0163406797280235e-05], [0.000152371440362786, 0.999689426503594, 0.00011060853644203196, 4.759341960110406e-05], [0.0033408341376846757, 0.00966662472335396, 0.9862411271493638, 0.0007514138895974923], [0.0013595107095602163, 0.001978161058519207, 0.003525856438484923, 0.9931364716934357], [0.004230642660295831, 0.006867181459480883, 0.9880012201488994, 0.0009009556313239545], [0.0010509471891506775, 0.0016151160708954724, 0.0038137788186875334, 0.9935201578212663], [0.9982060308570112, 0.0014546532350822286, 0.00028421532223205103, 5.510048567453907e-05], [0.9987708487733761, 0.0009771887132155224, 0.00020969067565527251, 4.22717377531107e-05], [0.9982860220131363, 0.0014434489914408456, 0.0002145568187450973, 5.597207667772324e-05], [0.9982943111731514, 0.0014322169292733812, 0.00021793488807526906, 5.5536909499992014e-05], [0.9985590867617791, 0.0010729839871787756, 0.000319663444520093, 4.8265706522060325e-05], [0.998309684177109, 0.0012838517405805935, 0.0003482595910600101, 5.8204391250399246e-05], [0.0018948835859538928, 0.007977351577065124, 0.9894413986232927, 0.0006863661136881988], [0.0005012853864797667, 0.0013841549518927168, 0.0027307184634579452, 0.9953838410981696], [0.000124357039172855, 0.9997320969976086, 9.169269832780966e-05, 5.18531648907177e-05], [0.00012533502712271045, 0.9997446530132773, 8.091808798265041e-05, 4.909377161729426e-05], [0.000667427537726836, 0.0010582821946454183, 0.005719703516384314, 0.9925545866512434], [0.0027582059038303184, 0.006514194505375, 0.9898458846748742, 0.0008817148159204301], [0.0016220240908355094, 0.007326080909144047, 0.9902036791930378, 0.0008482157069826735], [0.0005045132280773595, 0.001693404097609494, 0.003815624977352733, 0.9939864575969604], [0.00011866140346718376, 0.9997009123323238, 0.00012435396757283187, 5.607219663609957e-05], [0.00012631584343379776, 0.9996871561555545, 0.00012730364195320573, 5.922425905846026e-05], [0.0007097852349388112, 0.0015143562943402454, 0.006178524125232035, 0.9915973342454889], [0.0025837646611981476, 0.009450874904891871, 0.9870652601155528, 0.0009001002183571448]], "ideal": "B", "sampled": "B", "correct": true}}
{"type": "result", "data": {"idx": 14, "options": ["are homologous", "produce gametes", "produce sex hormones", "all of the above"], "probs": [[0.056019941949757096, 0.07901578219154567, 0.0286187411379789, 0.8363455346207184], [0.14552942675145794, 0.12449709443728359, 0.7166450854616391, 0.013328393249619416], [0.07599829693839548, 0.07720757107986415, 0.05474941625074848, 0.7920447156309919], [0.16923687404730905, 0.09644005652818963, 0.6908576101757242, 0.04346545914877707], [0.675117936248391, 0.08719895375239956, 0.21580877251997233, 0.021874337379237108], [0.7904726928110138, 0.08463782248738116, 0.04156796355046639, 0.08332152105113855], [0.15393960331014808, 0.05664616397345068, 0.019575847128536168, 0.7698383854878651], [0.2950800526591011, 0.06382324908521513, 0.6347772839043807, 0.006319414251303047], [0.11993505297359706, 0.052409325359755406, 0.05755752796203109, 0.7700980936046165], [0.115821247829852, 0.04904695145030366, 0.8169471483744981, 0.018184652245346176], [0.9336715261421203, 0.05105497644750702, 0.012609294508735125, 0.0026642028016374522], [0.9064329169459392, 0.06989856274874187, 0.011233545912097248, 0.012434974293221638], [0.02373055368424575, 0.13136287032244262, 0.10071773081010721, 0.7441888450832044], [0.045606295995253614, 0.14271716612583946, 0.7717403682472656, 0.03993616953164139], [0.007127155000479231, 0.3862159504842302, 0.044712058674821954, 0.5619448357404686], [0.0059731043757986595, 0.5462207187422631, 0.4256113461247437, 0.022194830657194544], [0.06753984193632885, 0.45449841695201887, 0.1752393420646091, 0.30272239894704317], [0.04916140491576697, 0.3413194455757592, 0.5542385639542265, 0.05528058545424726], [0.007000822794880967, 0.822059418877356, 0.15690505999878468, 0.014034698228978343], [0.010997419214427519, 0.7710804378355708, 0.048532597968035815, 0.16938954488196586], [0.00695496274830447, 0.9180413327308267, 0.06862034830641121, 0.0063833561144575985], [0.007893274532356352, 0.6030406466856324, 0.03455680268858245, 0.3545092759934288], [0.036153550514063826, 0.11137690186547392, 0.5702972305312941, 0.28217231698916817], [0.030621513473540585, 0.1201815149687822, 0.58258839401035, 0.2666085774473272]], "ideal": "D", "sampled": "D", "correct": true}}
{"type": "result", "data": {"idx": 15, "options": ["the cortical activity of these two groups", "the overall brain weights of these two groups", "the cell structure in the hypothalamus of these two groups", "blood volume and metabolism of sugars in the brains of these two groups"], "probs": [[0.7443380757035791, 0.10236276418236223, 0.06156551304231871, 0.09173364697173989], [0.7014628804845643, 0.11455714957515813, 0.12772526131169112, 0.056254708528586383], [0.6268475324187716, 0.22358955764675237, 0.06922488297892138, 0.08033802685555468], [0.43796235688345814, 0.35759178649236406, 0.11333347180344976, 0.09111238472072804], [0.2650461848797414, 0.6561018821146033, 0.05300399921826722, 0.025847933687388056], [0.2269742514000459, 0.6268028090282635, 0.09312690897614088, 0.053096030495549756], [0.0425068748701884, 0.6247843093481028, 0.13299706973286884, 0.19971174594883992], [0.04255998554280958, 0.4722092203943129, 0.2690337926144881, 0.21619700134838934], [0.020311148031841402, 0.7504427227603405, 0.1047771553101673, 0.1244689737976508], [0.021365828491610107, 0.7357012519145242, 0.09801544847081275, 0.144917471023053], [0.04191948348104531, 0.43351753249847363, 0.36507396798434993, 0.1594890159361311], [0.0374060648449064, 0.4281643064500211, 0.2942424438170581, 0.24018718478801435], [0.5409182188658809, 0.19596048749602138, 0.10815938319318115, 0.15496191034491663], [0.48233812429118844, 0.1919237083061558, 0.1338967432024735, 0.19184142410018226], [0.5758561152771687, 0.15748145388644222, 0.08828671670358879, 0.17837571403280025], [0.5845803922728944, 0.15493664951977895, 0.10559944613113098, 0.15488351197619565], [0.3024908782233824, 0.2712570590258816, 0.22474968280629012, 0.20150237984444588], [0.29395714266223777, 0.36022687463547653, 0.11689278869358707, 0.22892319390869859], [0.6846986574744548, 0.1931786265625721, 0.0732897622589271, 0.04883295360404603], [0.6111109210601962, 0.22840608483946548, 0.07647153677420378, 0.08401145722613454], [0.7838590696572134, 0.12601117718070987, 0.070656165078726, 0.019473587983350745], [0.7882205790315646, 0.13278498669325497, 0.054047796869402406, 0.024946637305778018], [0.503547057353357, 0.2870049092779178, 0.10388997631554087, 0.10555805695318428], [0.6364790105707891, 0.2305678243619928, 0.07139161122037899, 0.06156155374683907]], "ideal": "C", "sampled": "D", "correct": false}}
{"type": "result", "data": {"idx": 16, "options": ["sociobiology", "psychoanalytic theory", "script theory", "social learning theory"], "probs": [[0.00033485807141597085, 0.0018396726368561903, 0.015389729853706166, 0.9824357393380216], [0.0015173276196933107, 0.010288963100511537, 0.9862750178517827, 0.001918691328012385], [0.0002759198505019401, 0.005630786921371342, 0.010030396149136823, 0.9840628969789899], [0.001243603377442395, 0.027216971944009443, 0.9675558507132962, 0.003983573865251923], [0.00019701102845662955, 0.9988578400642188, 0.0008623167387362999, 8.28320685882484e-05], [0.00020323548884970398, 0.9986872874315867, 0.0010079986715849471, 0.00010147830797864547], [0.00191900091299109, 0.0028371599595854165, 0.01657608370339678, 0.9786677553240267], [0.0036065198617965762, 0.009283039034943243, 0.9851332177116516, 0.0019772232916085582], [0.0048581316556989326, 0.00813910667160458, 0.016692881005810616, 0.9703098805668858], [0.004230135630995363, 0.01292989975521854, 0.9806441768744142, 0.002195787639371852], [0.0002570373418802887, 0.9991572828441789, 0.0005273515031983985, 5.832821074239409e-05], [0.000251047641327286, 0.9989934880858595, 0.0006984883442665306, 5.69758285466895e-05], [0.0007885435468200143, 0.0014177766605534723, 0.010303656214113959, 0.9874900234785126], [0.002850999770277981, 0.00995201121612282, 0.9843892481483247, 0.002807740765274403], [0.0014853395684515764, 0.004506603610343773, 0.013763422944597592, 0.9802446337766071], [0.00332806685543727, 0.01180165482880207, 0.9829127905306101, 0.0019574876851505456], [0.0002570471255184161, 0.999144730809408, 0.0005071889016144936, 9.103306345909775e-05], [0.00028668347550374145, 0.9988506056022336, 0.0007791827251844652, 8.352809707818076e-05], [0.9867981693528897, 0.00930484143833617, 0.0034227080512113455, 0.0004742810575628196], [0.9866923085451412, 0.0085376962516731, 0.0040960132721448725, 0.0006739818310407855], [0.9825096168253465, 0.012963730250273739, 0.004046947685557964, 0.0004797051388217637], [0.9803149398718362, 0.013877345666092817, 0.005476149894951243, 0.00033156446711979636], [0.9863355566507337, 0.010457034022089081, 0.0027922875643319315, 0.0004151216628453066], [0.9811741936688537, 0.01399815029896234, 0.004508529154496929, 0.0003191267776870248]], "ideal": "D", "sampled": "D", "correct": true}}
