{"type": "result", "data": {"idx": 0, "options": ["It demonstrates the difference between the internal and the external aspect of a rule.", "It refutes the natural lawyer' view of the role of morality in law.", "It explains the nature of power-conferring rules.", "It illuminates the concept of a rule."], "probs": [[0.6405557083691422, 0.08146515851987558, 0.06342748090411407, 0.2145516521068681], [0.5490310355183122, 0.09695567478627996, 0.18393491754882735, 0.1700783720465804], [0.5950074505587376, 0.21556938816675836, 0.045885542933515724, 0.14353761824098824], [0.5114405421407473, 0.27819903152927233, 0.18823718514393134, 0.022123241086049038], [0.2998768821003766, 0.551652396489011, 0.043206656416207766, 0.10526406489440471], [0.33573572667476603, 0.5623641415798509, 0.08760228450345736, 0.01429784714192565], [0.01243478229695733, 0.8449935802066321, 0.08770206455397807, 0.05486957284243256], [0.017465460978693156, 0.7427276344498057, 0.10870555001637491, 0.13110135445512616], [0.019386098942373663, 0.5893399470061779, 0.29656009650603243, 0.09471385744541609], [0.023908381040084664, 0.5840271863062417, 0.1523868034132459, 0.23967762914042773], [0.014439085362533816, 0.5294825980889809, 0.36407646194113696, 0.09200185450734834], [0.015590266644521438, 0.5991436008099804, 0.2744391154908477, 0.11082701695465047], [0.043479899669107945, 0.8871236375352913, 0.03334798489761569, 0.036048477797984986], [0.05820727127003822, 0.8689170109446878, 0.05915590901860374, 0.013719808666670219], [0.16590981678226935, 0.15121685417620703, 0.4730869672149286, 0.20978636172659504], [0.15057161224511145, 0.1530330158165097, 0.17886523634097604, 0.5175301354974028], [0.10168435764472801, 0.5087723902065093, 0.35546846385923825, 0.03407478818952443], [0.11807772340073988, 0.4896008298861014, 0.08117811260040268, 0.311143334012756], [0.17990413992226517, 0.7938382269912654, 0.014203974340748127, 0.012053658645721277], [0.20547890058285698, 0.7755710850341567, 0.015005364572368401, 0.003944649710617941], [0.6276829358993673, 0.08110149354983276, 0.23097667525963167, 0.06023889519116823], [0.7682143272369786, 0.06820749549778808, 0.047602294808105475, 0.11597588235712786], [0.5297022604425338, 0.33684194994368444, 0.12009102429239547, 0.013364765221386367], [0.7109490221647872, 0.18843058241142308, 0.028001834434498742, 0.07261856088929097]], "ideal": "D", "sampled": "A", "correct": false}}
{"type": "result", "data": {"idx": 1, "options": ["It is misinterpreted as a prediction.", "His concept of status is misrepresented.", "It is taken literally.", "His idea is considered inapplicable to Western legal systems."], "probs": [[0.31697873222574974, 0.4910262670927839, 0.09825008654357237, 0.09374491403789396], [0.2958467337926359, 0.46555282478867144, 0.13137245492463775, 0.107227986394055], [0.4442207282966318, 0.13554230532992922, 0.27820504123476203, 0.14203192503867693], [0.4163034681948002, 0.14621234374409128, 0.1848495657512341, 0.2526346222098744], [0.361804290297018, 0.22304358079094347, 0.2733638462137274, 0.1417882825983111], [0.43052423410138285, 0.28244124156742695, 0.13344974019088557, 0.15358478404030462], [0.4201230877181057, 0.23207680187059873, 0.16985201327735358, 0.177948097033942], [0.37620301909848014, 0.25466071797862, 0.20469685776878277, 0.16443940505411708], [0.49496883148965715, 0.19087883828161706, 0.1534200608576896, 0.16073226927103615], [0.47602659813789633, 0.20164513736172543, 0.23956874189044017, 0.08275952250993805], [0.23858932792856583, 0.5212771218303538, 0.11819913806032599, 0.12193441208075434], [0.2549060994834848, 0.5231576199227871, 0.14535828583090565, 0.07657799466282245], [0.12071374057516313, 0.28973343965494086, 0.30867266651881536, 0.28088015315108067], [0.11825958197649447, 0.30219458404906907, 0.26274563880820045, 0.31680019506623597], [0.01896767690588102, 0.858607351694077, 0.06835167109282761, 0.05407330020721436], [0.02561373674236058, 0.8158236270130954, 0.11946778053433621, 0.03909485561020782], [0.079065397373876, 0.5935708283784481, 0.1284450739493671, 0.19891870019830882], [0.06132918428747492, 0.4193366906150197, 0.4132625300745269, 0.10607159492297849], [0.2596826073125768, 0.19618224482581284, 0.4154854304144981, 0.12864971734711228], [0.3015488936964787, 0.1948019534929209, 0.17740384968229553, 0.3262453030283049], [0.07175563034517002, 0.8278795798378459, 0.06798926512253113, 0.032375524594452997], [0.05738646625180441, 0.8702176880655069, 0.05269965922039771, 0.01969618636229095], [0.34975244174763825, 0.18437741029105925, 0.12673540978663747, 0.33913473807466504], [0.1804109167356822, 0.13002795706290357, 0.6304942721146695, 0.05906685398674475]], "ideal": "A", "sampled": "B", "correct": false}}
{"type": "result", "data": {"idx": 2, "options": ["Depression of the 1930", "The rise of Fascism", "The international recognition of human rights after World War II", "The Bolshevik Revolution"], "probs": [[0.002089017511138984, 0.026673595276234894, 0.9629093768887076, 0.008328010223918481], [0.0003253653416525959, 0.0021228587745604948, 0.004669761290698787, 0.9928820144930881], [0.0006762286387970448, 0.9977894304305227, 0.0012340142280535447, 0.00030032660262669053], [0.0005740765111308273, 0.9980662236228705, 0.001141587547115043, 0.0002181122188836979], [0.00024223908750169637, 0.0013840283115688142, 0.003729606571121843, 0.9946441259298077], [0.0024146376521886805, 0.02309208307147617, 0.9669375780558203, 0.007555701120514873], [0.0018347447172362605, 0.031769471319837615, 0.9583002386237625, 0.0080955452391637], [0.00032296089771897285, 0.0021240484854069194, 0.004320118945634051, 0.9932328715712401], [0.0004334958860052896, 0.998116448814946, 0.0012249264586924973, 0.00022512874035620901], [0.0006203896447870324, 0.9972768030672139, 0.0015592706236758683, 0.0005435365643231682], [0.0004198244523994658, 0.0026763957160875736, 0.006933957053504866, 0.989969822678008], [0.002512964032510731, 0.030376340275952374, 0.9528745113117453, 0.014236184279791614], [0.9877374423786267, 0.009915993468543213, 0.0020301252948689047, 0.0003164387579611485], [0.9857886927822873, 0.011569797173643285, 0.002278050712158074, 0.0003634592319113636], [0.9905358460392534, 0.007624882660961761, 0.0016359167306577236, 0.00020335446912712651], [0.9855486006695073, 0.011476870910913083, 0.002481783770347617, 0.0004927445492319553], [0.9912788462188289, 0.007112523211724021, 0.0014113710765636524, 0.00019725939288343068], [0.9867570892050866, 0.010545143109232411, 0.0022449680407819446, 0.00045279954489894735], [0.0002169055833923277, 0.0014718392997181981, 0.004973081602233793, 0.9933381734146557], [0.002472522281756301, 0.02988948486900658, 0.9596556423603964, 0.007982350388840785], [0.0003020457473219009, 0.0021314692573060567, 0.008961083172795863, 0.9886054017225762], [0.0026797679707376942, 0.029036543746653844, 0.9545680710679951, 0.013715617114613365], [0.0003455519587685764, 0.9978950532152822, 0.001477046158245216, 0.0002823485677040294], [0.0005261638726563283, 0.9965621189915542, 0.0020162506216470765, 0.0008954664141424015]], "ideal": "C", "sampled": "C", "correct": true}}
{"type": "result", "data": {"idx": 3, "options": ["There is no distinction between the two forms of legal reasoning.", "Judges are appointed to interpret the law, not to make it.", "It is misleading to pigeon-hole judges in this way.", "Judicial reasoning is always formal."], "probs": [[0.10814057994245195, 0.31324428200105997, 0.525021551031191, 0.05359358692529712], [0.15072839215371492, 0.23368580211937204, 0.07236366125217436, 0.5432221443747387], [0.008544494689802493, 0.9648201935641306, 0.024538375463486257, 0.0020969361825806223], [0.00679848666625513, 0.9780152478362899, 0.011842817836222175, 0.0033434475612328083], [0.1828571367932433, 0.06628119051655246, 0.09199689122121457, 0.6588647813689896], [0.06646622169742579, 0.07191524123173755, 0.78626313160732, 0.07535540536351665], [0.5658588023610353, 0.14209239712770919, 0.2552699839541595, 0.03677881645709608], [0.4763628545603948, 0.10891154352043818, 0.06057561199426405, 0.354149989824903], [0.3107745678866008, 0.5992221914298994, 0.04657239812457813, 0.04343084245892162], [0.20417429992203054, 0.7412940384959654, 0.0470251374743553, 0.007506524007648686], [0.5354506809339715, 0.09024841068532365, 0.03910296293395249, 0.3351979453467523], [0.4773636402186493, 0.11710803827157482, 0.37224519455844063, 0.03328312685133526], [0.8673150657343269, 0.0674321632464472, 0.05902753138691047, 0.006225239532315422], [0.8784239331007493, 0.07738501087716791, 0.027585161962776494, 0.016605893959306336], [0.8854486405390911, 0.07385481446190453, 0.030301600719934648, 0.010394944179069698], [0.8845960985918231, 0.08361026542642057, 0.02692538653228328, 0.004868249349473076], [0.9208425917136269, 0.04079057556960987, 0.013240252601315297, 0.0251265800154479], [0.9317313414933376, 0.03700124329501764, 0.027486784226998198, 0.0037806308846465957], [0.06575202147189878, 0.07634445967250214, 0.1775061921783638, 0.6803973265772353], [0.016945586364314542, 0.051016616116575625, 0.8438976187412375, 0.08814017867787238], [0.03773830324611859, 0.09948574635605192, 0.04245225236024231, 0.8203236979375872], [0.009000309650782329, 0.08026213776264443, 0.863920232755103, 0.046817319731470214], [0.0011302765970722605, 0.9881190698039134, 0.0038241229642163414, 0.00692653053479796], [0.0008314207245099864, 0.99343892921169, 0.004565237966017732, 0.0011644119977823287]], "ideal": "C", "sampled": "C", "correct": true}}
{"type": "result", "data": {"idx": 4, "options": ["The POP will choose wealth over a compassionate society.", "The POP will choose equality over power.", "The POP will be unselfish.", "The POP will choose to protect the disabled."], "probs": [[0.051296920152432354, 0.7307026467192668, 0.2061897241064694, 0.01181070892183142], [0.0732061476707613, 0.7510765650289343, 0.13683618348891255, 0.03888110371139189], [0.0829705069385811, 0.36616632427615337, 0.5330566614101296, 0.017806507275135903], [0.11205491422486323, 0.526351988262947, 0.13522464035589282, 0.22636845705629688], [0.07979747769230905, 0.2700293653592581, 0.6184279394068176, 0.031745217441615285], [0.10804616235743819, 0.35993568178200536, 0.3032523185680739, 0.22876583719248253], [0.7887332540424257, 0.08185368009592466, 0.11724803887864042, 0.01216502688300921], [0.8639661653393914, 0.07912004178239161, 0.03855801472948002, 0.01835577804873691], [0.8594536305015089, 0.1257690383238885, 0.010734338089152105, 0.004042992985450417], [0.8730162535734189, 0.10757851044874689, 0.01586497044165707, 0.0035402654361770584], [0.8863623491449915, 0.0799085943407782, 0.019734689951820886, 0.013994366462409485], [0.8108307858121648, 0.09534375532867574, 0.08681027739929868, 0.007015181359860679], [0.5505269344874462, 0.06275140014257963, 0.37849146213667456, 0.008230203133299604], [0.7824700124165251, 0.06679458616924272, 0.06891222734452569, 0.08182317396970648], [0.30283975887260434, 0.6824383800120253, 0.012696752444634595, 0.0020251085707358256], [0.3574308555422751, 0.6272780548468435, 0.01418819106912821, 0.0011028984417532054], [0.7325244708936038, 0.1535431627822568, 0.03733346694334835, 0.07659889928079101], [0.2662564066515957, 0.10107638111662842, 0.6193053369930731, 0.013361875138702706], [0.15937945399315645, 0.12223511653553193, 0.6927683964152438, 0.02561703295606787], [0.2518706581956009, 0.19017031503548434, 0.3391175219209, 0.21884150474801473], [0.020924559076901526, 0.969546182052459, 0.007288488450776907, 0.0022407703198625774], [0.019573155172367424, 0.9504432686460255, 0.02915627694728766, 0.0008272991343194132], [0.1922135557832721, 0.6302402905745742, 0.05726704096045798, 0.12027911258169569], [0.08351283564686558, 0.18386854178466694, 0.7161716813851616, 0.01644694108330582]], "ideal": "A", "sampled": "B", "correct": false}}
{"type": "result", "data": {"idx": 5, "options": ["Law and Economics", "Critical Legal Studies", "Historical", "Natural Law"], "probs": [[0.9904789879633707, 0.005362947732945124, 0.0036857647408840887, 0.00047229946280006246], [0.9907820740535414, 0.0057105851186843425, 0.0030805224312595056, 0.00042681829651483025], [0.9908188154283663, 0.005119212832623156, 0.003518183987244506, 0.0005437876517660788], [0.9908566581459094, 0.005535454681490085, 0.003104938972088418, 0.0005029481005120848], [0.9908883572555811, 0.004885133234267995, 0.003864227329586179, 0.0003622820805646788], [0.9905827732751749, 0.0047335084963839764, 0.004176957571246734, 0.0005067605571944197], [8.81647044955874e-05, 0.999517059992614, 0.00033272135580556824, 6.205384708482802e-05], [9.239672446282063e-05, 0.9995009393142983, 0.0003406072531780156, 6.605660806086233e-05], [0.0012173439704037388, 0.0052068503980516895, 0.9922592717480481, 0.0013165337834965209], [8.194062711756528e-05, 0.00016049594032076296, 0.0029800254951808528, 0.9967775378373808], [0.0008585787424427148, 0.0032156560217986648, 0.9946264947812353, 0.001299270354523281], [5.590440389898775e-05, 0.00014505675132666417, 0.002550126741218736, 0.9972489120035556], [0.00014417686960321296, 0.9991899765652867, 0.0005569915540584579, 0.00010885491105158375], [0.00013543797808482632, 0.9991578442746901, 0.0005701844920020292, 0.00013653315522305063], [0.0011640118354644545, 0.003342407467380295, 0.9942639998072504, 0.0012295807899048341], [5.951529493151559e-05, 0.00011123986471310545, 0.0025107539542616217, 0.9973184907860937], [0.0015607603196437668, 0.005448141159466187, 0.9907376810195544, 0.002253417401335622], [4.638122042111842e-05, 7.188134668864262e-05, 0.0018964689754649051, 0.9979852683574253], [0.00012628090215484566, 0.9994004965144225, 0.0004140190969008592, 5.920338652171002e-05], [0.00013440042626482177, 0.9992347322887736, 0.0005398981136891949, 9.096907127236007e-05], [0.0010601816688410697, 0.0031656469882306217, 0.9945912569722475, 0.0011829142706807898], [5.902139052366413e-05, 0.0001484355150920204, 0.002980065916797244, 0.996812477077587], [0.001187258236634034, 0.0065200084103407, 0.9906696881297972, 0.0016230451232280487], [4.6375035547249e-05, 9.014188773259088e-05, 0.0020185119472063474, 0.9978449710295139]], "ideal": "A", "sampled": "A", "correct": true}}
{"type": "result", "data": {"idx": 6, "options": ["All commands include some sanction.", "The concept of a command contains the likelihood that a sanction will follow failure to obey the command.", "Without a sanction the mere expression of a wish is not a command.", "A command confers power to change one's legal status."], "probs": [[0.3012121364353707, 0.11087857350907444, 0.43163574380783865, 0.1562735461477162], [0.23807139089078913, 0.0823159322923037, 0.1513541546072016, 0.5282585221097056], [0.42613978459566526, 0.28845170997034986, 0.10775611124618475, 0.17765239408780012], [0.45330426370711435, 0.25440917880320507, 0.14044565613977403, 0.15184090124990654], [0.24767109919872662, 0.09701605045677965, 0.08831677432109118, 0.5669960759234025], [0.3236472509880891, 0.14595572213991082, 0.37265400964306505, 0.15774301712893501], [0.3190176439112643, 0.2565131148959019, 0.334478075255115, 0.08999116583771875], [0.3140486455093046, 0.24472117239232535, 0.10687006184231901, 0.33436012015605104], [0.35488246281401864, 0.34414513357363763, 0.20544887158683897, 0.09552353192550475], [0.2466263266639521, 0.42634512577953426, 0.08795262454884233, 0.23907592290767127], [0.31704432477710903, 0.11671795955737917, 0.2179722983463952, 0.34826541721911664], [0.27102273699911233, 0.09228426217109995, 0.34814280268048725, 0.2885501980493005], [0.7766696404880898, 0.11192367386096767, 0.042470534906806245, 0.06893615064413622], [0.7398314282347274, 0.10496981912252867, 0.04174060637762878, 0.11345814616511522], [0.74676542750591, 0.09063457631445383, 0.07749406299763274, 0.08510593308200337], [0.7631295151077881, 0.0767817568958978, 0.04305418519817767, 0.11703454269813644], [0.6471713973581746, 0.09182241831762533, 0.13356818655490893, 0.1274379976692911], [0.7686227049128546, 0.07977746515419663, 0.05835171481031469, 0.0932481150226341], [0.38479044056213285, 0.13724825500619164, 0.061845998705118206, 0.4161153056265573], [0.4993843472948799, 0.18964658816979224, 0.18665388363710536, 0.1243151807982225], [0.32341041675834675, 0.13700470122808034, 0.13069118363308552, 0.4088936982804874], [0.3409652906027621, 0.12550438565237795, 0.29172559700296924, 0.24180472664189073], [0.38016081419005393, 0.33564851184779426, 0.14432279979220428, 0.13986787406994755], [0.3488958115531467, 0.3893673382630948, 0.07785719409338955, 0.18387965599036896]], "ideal": "D", "sampled": "C", "correct": false}}
{"type": "result", "data": {"idx": 7, "options": ["By denying its existence.", "By explaining the difference between the common law and civil law.", "By distinguishing certain features of the English legal system that facilitated the development of capitalism.", "By recognizing the importance of legitimate domination."], "probs": [[0.0008602237927134816, 0.004616918891531258, 0.9738413904529473, 0.020681466762808007], [0.0006694534146550953, 0.0026916521808631466, 0.03890680551684174, 0.95773208878764], [0.00011589615739242395, 0.9995416737467417, 0.00028680392256615414, 5.562607329969124e-05], [8.465689823460904e-05, 0.9977917501839522, 0.002082637134591582, 4.0955683221596984e-05], [0.0003041495982307438, 0.9353917197941325, 0.004503833932224134, 0.059800296575412595], [0.00026302640718111107, 0.6919148973643701, 0.30711220531448546, 0.000709870813963291], [0.0007306633135976426, 0.003543401693081817, 0.9823619427414496, 0.013363992151870889], [0.000511499423042983, 0.001516834104323791, 0.02091527078703457, 0.9770563955855986], [0.00013432031715084487, 0.99867325043336, 0.0006610763310917578, 0.0005313528183973918], [0.00015555157994860845, 0.9968781638675872, 0.002713736890756989, 0.00025254756170721123], [0.00019272999889495836, 0.012025854278877429, 0.010197508991606104, 0.9775839066306216], [0.000690507051042704, 0.048818002594259134, 0.9433501805802421, 0.0071413096744560485], [0.9944390490178213, 0.0032668823672131328, 0.0022096781233038117, 8.439039166171712e-05], [0.9891874600633569, 0.005193075065637606, 0.005525804018881517, 9.366075212398985e-05], [0.9959561977882901, 0.002450503532750732, 0.0015210076722903588, 7.229090666881677e-05], [0.9923611676253759, 0.004421435471613834, 0.003158596935026387, 5.8799867983936134e-05], [0.9746943313314707, 0.022574459692158502, 0.0025519497881526915, 0.00017925908821810226], [0.966951238522737, 0.030373531941791602, 0.0025120273990335024, 0.0001632020364378421], [0.7893239788213497, 0.020398785794640214, 0.014123265645800766, 0.17615396963820926], [0.4151652032862009, 0.023080923628214064, 0.5589981908862447, 0.0027556820993403022], [0.8920597815317715, 0.01398227702983041, 0.010970174803817763, 0.0829877665345804], [0.9218654140884955, 0.018412306441067044, 0.058944334097845656, 0.0007779452725917783], [0.06355772626261716, 0.9340880688558832, 0.0021247168977318984, 0.00022948788376764257], [0.21421030965649793, 0.7837423430406091, 0.001839163188405847, 0.00020818401448714365]], "ideal": "C", "sampled": "C", "correct": true}}
{"type": "result", "data": {"idx": 8, "options": ["It is a sin for humans not to apply reason.", "The principles of natural law are discoverable by reason.", "Natural law does not apply without good reason.", "The law of nature is the basis of all positive law."], "probs": [[0.0007512879770653804, 0.9936730393027129, 0.004676031474375959, 0.0008996411458458031], [0.0006996100477698944, 0.9926939459794397, 0.005547480708192118, 0.0010589631645982161], [0.004011821046202524, 0.02616789220944508, 0.9521138773515206, 0.017706409292831737], [0.0038947087675608354, 0.01787610887762538, 0.04709604321734282, 0.931133139037471], [0.0029471032718658002, 0.024873465532407425, 0.9633095229268739, 0.008869908168852842], [0.0032331069001198314, 0.023897039603624486, 0.033179482875285944, 0.9396903705209697], [0.9957801832876518, 0.003536722225605075, 0.0006004660111239129, 8.262837561917766e-05], [0.9958569531524076, 0.0034820866029321657, 0.0005730002717946151, 8.795987286552368e-05], [0.9955627188244681, 0.003793650028590976, 0.0005424047306135183, 0.00010122631632742638], [0.9950883664919075, 0.004262999915151548, 0.0005593629635451694, 8.927052939582942e-05], [0.9944261637806973, 0.004752672898533889, 0.0007065864860268907, 0.00011457673474190482], [0.9926835648208753, 0.006383981780574619, 0.0008376408081329549, 9.481249041718218e-05], [0.009942851978184748, 0.024047620636888915, 0.9460719840513172, 0.019937543233609113], [0.008511981470034714, 0.010934776705913212, 0.02664405976834582, 0.9539091819557063], [0.0014290418790974218, 0.9960412983388367, 0.0019240141867266569, 0.000605645495339224], [0.002261657319056249, 0.994257889865357, 0.002816494850931386, 0.0006639578646553479], [0.009322667293788528, 0.012357045630422536, 0.026991553023733277, 0.9513287339520556], [0.008992613752957603, 0.028362633247766098, 0.9543889056787948, 0.008255847220481496], [0.006616351817242786, 0.027218500744693352, 0.9449662721252268, 0.021198875212837035], [0.004776223032019961, 0.009356398008137562, 0.031652044074280884, 0.9542153347855615], [0.000951941684552877, 0.9959460869244217, 0.0024317557435641632, 0.0006702155474612601], [0.0015189643719053733, 0.9945516283120625, 0.0032170262604012084, 0.0007123809556309878], [0.006848805494030321, 0.014734386272855568, 0.02318181625843555, 0.9552349918746785], [0.007331015254659762, 0.039952120108270206, 0.9385804761935405, 0.014136388343529595]], "ideal": "B", "sampled": "B", "correct": true}}
{"type": "result", "data": {"idx": 9, "options": ["Women can achieve equality through political pressure.", "Equality is impossible because men define women as different.", "The idea of 'woman' needs to be redefined.", "The world is phallocentric and oppressive."], "probs": [[0.3827343170637321, 0.4204623275437008, 0.11139738971676894, 0.08540596557579815], [0.5897371925019678, 0.2743280623334453, 0.08107833704448054, 0.05485640802010633], [0.47984522933814566, 0.213012696878267, 0.20006765572266574, 0.1070744179609216], [0.5751207598868247, 0.16742690280104833, 0.11869309361641264, 0.1387592435957144], [0.5933547482786468, 0.20194810175482328, 0.12439199257757114, 0.0803051572889588], [0.5423478483611399, 0.21244783697388003, 0.11019563673824802, 0.13500867782673198], [0.7165355352540351, 0.11884840274339063, 0.0829527334395818, 0.08166332846299243], [0.7170334572872149, 0.14801204700697207, 0.08300966957061616, 0.05194482603519689], [0.736640666985735, 0.1321136907019853, 0.09513693728005049, 0.03610870493222911], [0.6865633385151758, 0.14172432353138495, 0.09587239830251942, 0.07583993955091976], [0.7301134303201757, 0.1734596302903665, 0.06898573631135285, 0.02744120297810496], [0.6813421045652536, 0.17502295447557467, 0.07181741082494289, 0.07181753003422887], [0.2447209285038091, 0.27742253904481484, 0.32940720526836775, 0.1484493270830083], [0.27595088396136197, 0.32271334620645986, 0.1500492259665978, 0.2512865437655804], [0.150133643833662, 0.6943348154015843, 0.11512169170974784, 0.04040984895500588], [0.13045097173643774, 0.7053552093608272, 0.09544685305873869, 0.06874696574399634], [0.33361905312749845, 0.2121347902184963, 0.20238375360158192, 0.25186240295242335], [0.23832029881715866, 0.18859952124260795, 0.36920954673145984, 0.20387063310877354], [0.18332372877141034, 0.3762984927560865, 0.2930508299333483, 0.14732694843915484], [0.21682643044289593, 0.32560087217415384, 0.16115977348741922, 0.296412923795531], [0.14303430275883264, 0.651275017868421, 0.15468443360477185, 0.05100624566797444], [0.13513373924532018, 0.5871300521761139, 0.15077647115938683, 0.12695973731917906], [0.26477129053720433, 0.2567206101375579, 0.24113532126922027, 0.23737277795601747], [0.14172923352300582, 0.24498509993211676, 0.41024007777879906, 0.20304558866607839]], "ideal": "A", "sampled": "B", "correct": false}}
{"type": "result", "data": {"idx": 10, "options": ["John Rawls", "Stammler", "Jerome Hall", "John Finns"], "probs": [[0.00667062102428067, 0.9153453433985491, 0.0642966087307825, 0.013687426746387657], [0.006565797015742154, 0.9441596160637963, 0.03012755482349952, 0.019147031996962036], [0.08612079364960258, 0.24729897632135256, 0.5755978354742226, 0.09098239445482223], [0.11900255739242001, 0.1576733875290331, 0.08986103466848187, 0.6334630203100651], [0.0293149835240025, 0.07846271216657412, 0.811902341121075, 0.08031996308834838], [0.16165473814696693, 0.1319807301034564, 0.2667660673177793, 0.4395984643317974], [0.6368170928555406, 0.23800243257584536, 0.07490631136363977, 0.05027416310497424], [0.6986895020694218, 0.20981591390690357, 0.04682618629544867, 0.04466839762822598], [0.6867891574962187, 0.20623411312959364, 0.056835618076138, 0.05014111119804958], [0.6183723895967309, 0.22051235714111034, 0.07742460181780311, 0.08369065134435563], [0.7867871825062037, 0.12646768514785284, 0.04726688387268167, 0.03947824837326176], [0.6853531802610611, 0.1529499933849805, 0.08716718366368709, 0.07452964259027131], [0.09059949625869478, 0.18593118390328106, 0.6495118494609233, 0.07395747027710087], [0.1655098708370918, 0.1996762677706877, 0.10042750463477976, 0.5343863566574407], [0.053643030904716706, 0.839051572929923, 0.07451104094419424, 0.032794355121166005], [0.05377831277544691, 0.7902074955862591, 0.1005218465111145, 0.05549234502717947], [0.20507144161977148, 0.1524236890363377, 0.1187360465878704, 0.5237688226560204], [0.08869859509252692, 0.15328238788739063, 0.655913884455581, 0.10210513246450152], [0.022665947335689426, 0.0992415681495135, 0.8060497520646592, 0.07204273235013779], [0.0975596717483471, 0.24152127805623969, 0.21661099106183387, 0.44430805903357934], [0.0026017344252818597, 0.9703876014108612, 0.017641572707133964, 0.00936909135672299], [0.0028187727524705843, 0.9424185404449845, 0.039524938675412104, 0.015237748027132774], [0.09337249606001574, 0.1717635878397926, 0.11625149359698728, 0.6186124224032044], [0.05499810683923752, 0.17618007824909146, 0.6550659487854086, 0.1137558660262624]], "ideal": "B", "sampled": "B", "correct": true}}
{"type": "result", "data": {"idx": 11, "options": ["Historical", "Analytical", "Command", "Sociological"], "probs": [[0.018926361468070772, 0.021116416781241206, 0.07603852407597404, 0.883918697574714], [0.009970106994098124, 0.02586405878978791, 0.9556375625302092, 0.008528271585904763], [0.022209997264440035, 0.025566679819663887, 0.07874599336041867, 0.8734773294554774], [0.026548659970257318, 0.057998561551553016, 0.865851539145935, 0.04960123923225456], [0.0031153157029692774, 0.9787355705989402, 0.015334528009431537, 0.0028145855886588934], [0.0030715998202687994, 0.9649814798361379, 0.019413221295573033, 0.0125336989480203], [0.023817871119109622, 0.021353367839980854, 0.08849901039190454, 0.866329750549005], [0.00835582940728254, 0.02554157148608319, 0.9586117811243874, 0.007490817882246869], [0.016899648485517192, 0.019455104412070722, 0.1102104745997015, 0.8534347724027106], [0.01814088672050382, 0.04025541037965162, 0.9164148943720908, 0.025188808427753805], [0.003507628261140673, 0.9801403177263737, 0.013765460473123697, 0.0025865934393619057], [0.003492261358651715, 0.9607137008965091, 0.024432043375941494, 0.011361994268897727], [0.01732732150720519, 0.012288508263123585, 0.0533741913225361, 0.9170099788071351], [0.018900529674817316, 0.03531804890983075, 0.9110174125128375, 0.034764008802514346], [0.027842976871802844, 0.015867346245919376, 0.1034582885324271, 0.8528313882498507], [0.04083544859240114, 0.04021095959515617, 0.8871489763539441, 0.0318046153584986], [0.07606761845135256, 0.7330936734159805, 0.09467861729898026, 0.09616009073368662], [0.07807797530596128, 0.718010388048666, 0.145887337452401, 0.05802429909297166], [0.8331808478043053, 0.05942200518334995, 0.06526377820786784, 0.0421333687044768], [0.7880380534505135, 0.051173447310481734, 0.06368747661347537, 0.0971010225255294], [0.7993121921575551, 0.09546866514115024, 0.06664886722388404, 0.03857027537741058], [0.7196870284622866, 0.09440759357445018, 0.09440889742602537, 0.09149648043723788], [0.7573877970798106, 0.08767726787889583, 0.049184205585681956, 0.10575072935561154], [0.7330525029917518, 0.09033437206936104, 0.0848637310310337, 0.09174939380785337]], "ideal": "D", "sampled": "D", "correct": true}}
{"type": "result", "data": {"idx": 12, "options": ["Conflict.", "Love.", "War.", "Reciprocity."], "probs": [[0.0010788231321468428, 0.007973031262586748, 0.010076929968956245, 0.9808712155363102], [0.006702842443607417, 0.05928102319881316, 0.9276189509419289, 0.006397183315650443], [0.0008077704434697343, 0.0030492065750481784, 0.023240209546050553, 0.9729028133354315], [0.0037713000176329966, 0.017036711237803284, 0.9752388150512027, 0.003953173593360986], [0.008372559608988422, 0.9678099133647897, 0.023302380370666523, 0.0005151465555553736], [0.0032156251137203475, 0.986980726648563, 0.008342139845481973, 0.0014615082922347577], [0.003261664821222876, 0.00685283063185175, 0.011931194700389173, 0.9779543097465362], [0.02741808566272595, 0.051229189125857104, 0.9082978729990131, 0.013054852112403828], [0.0029071021963035827, 0.005224511386875868, 0.011863173802011705, 0.9800052125148089], [0.010219187081127235, 0.0250990087309843, 0.9569666292200434, 0.007715174867845112], [0.014079800225796957, 0.9718560222103608, 0.013542858289241544, 0.0005213191746006665], [0.013474849537197492, 0.9747407113127808, 0.011086354595836274, 0.0006980844541853719], [0.001244320629651513, 0.005281093469935616, 0.03336980822442669, 0.9601047775759861], [0.0043021538991720905, 0.024759285553012964, 0.9664641775277907, 0.004474382920024235], [0.0005662571573330006, 0.0060888711329886115, 0.008720157532192886, 0.9846247140774855], [0.002565261108188215, 0.035969181430004465, 0.9574917773186812, 0.003973780043126188], [0.00220152626205489, 0.9908620430129857, 0.006175174106038194, 0.0007612565189211133], [0.004257114848017318, 0.9786226118007113, 0.016578624974822296, 0.0005416482764491029], [0.965740205709962, 0.022189482595967258, 0.011510389658162718, 0.0005599219359080646], [0.9712386672272671, 0.02016110955621625, 0.007021123538355211, 0.0015790995781614103], [0.9517255416224797, 0.03494359768316641, 0.012654741143629635, 0.0006761194507242863], [0.9513343804240029, 0.03548094716627628, 0.012070435393185239, 0.0011142369165356074], [0.9729380198018892, 0.018533687985583493, 0.006870537286150697, 0.0016577548263766184], [0.9574267638419715, 0.02182830869042085, 0.01987165228317707, 0.0008732750844306735]], "ideal": "D", "sampled": "D", "correct": true}}
{"type": "result", "data": {"idx": 13, "options": ["That there is no distinction between law and morality.", "That there is a distinction between right and wrong.", "That facts about the world or human nature cannot normally ordain what ought to be", "That human rights are fundamentally unsound."], "probs": [[0.1136157827504474, 0.5685164416536866, 0.29959711875895495, 0.018270656736911004], [0.10062117878244276, 0.5033644812322317, 0.06600464626521292, 0.3300096936201127], [0.19488664695484573, 0.35335148693632207, 0.4328988355300122, 0.018863030478820035], [0.18516586719091793, 0.19423191247428256, 0.04983916878201865, 0.5707630514527808], [0.05481326431585299, 0.031526857413162065, 0.6330143472036923, 0.2806455309672926], [0.06484459533175865, 0.027082429140554535, 0.32961965586285696, 0.5784533195648298], [0.1022226105528045, 0.13771311475666337, 0.7329643122242608, 0.027099962366271317], [0.1139715354337108, 0.14418668613819788, 0.06494743182762387, 0.6768943465004674], [0.0558068934508124, 0.8463983443366482, 0.08379151425665232, 0.014003247855887073], [0.06059382561837775, 0.7618839371020241, 0.0471959724470431, 0.13032626473255507], [0.08250972251557491, 0.021715954914720826, 0.08783815447874355, 0.8079361679909607], [0.023563101468394514, 0.011591235900783835, 0.9204675987477239, 0.04437806378309776], [0.630337530401482, 0.1407574252945483, 0.21788570079742717, 0.011019343406542552], [0.4897356087567679, 0.06632632835655865, 0.04414339039938601, 0.39979467238728744], [0.3251308857274701, 0.5362433396086074, 0.12341488733605699, 0.015210887227865543], [0.25946314493387607, 0.5243245040121239, 0.05880628087263317, 0.15740607008136676], [0.4435659481303157, 0.059152220960296445, 0.21964862122244252, 0.2776332095869453], [0.3646120835360482, 0.08272661514428349, 0.426621151721169, 0.1260401494984993], [0.011147808912691246, 0.1977437531987192, 0.3525535070692125, 0.438554930719377], [0.016413749850159594, 0.12721985363995889, 0.20009399613069662, 0.6562724002791849], [0.004668951219274962, 0.6409382434474892, 0.11491390371296036, 0.2394789015202755], [0.003899455853033483, 0.6163023247037587, 0.335159517597846, 0.04463870174536181], [0.01846196405975863, 0.3799087206687026, 0.26109598702806025, 0.3405333281434785], [0.016203611643425788, 0.23646201770942635, 0.6954060208923158, 0.05192834965483202]], "ideal": "C", "sampled": "C", "correct": true}}
{"type": "result", "data": {"idx": 14, "options": ["Individual stories are suspect.", "The law is static.", "Universal values are meaningless.", "Literature reproduces repression."], "probs": [[0.4964324847833299, 0.07043855337636391, 0.3807948472473417, 0.05233411449296442], [0.3389516732619938, 0.036871429117008865, 0.029163345365699814, 0.5950135521552975], [0.17436903859544417, 0.7816280787351784, 0.03302521285943767, 0.010977669709939797], [0.17698746762888598, 0.7810276739107253, 0.026516374335604855, 0.015468484024783867], [0.35796162749198934, 0.042765789048312575, 0.03600689795258359, 0.5632656854071145], [0.3516834168271158, 0.07849839606105719, 0.4808846425001959, 0.08893354451163112], [0.03482693420439283, 0.2676894952547728, 0.652401802428385, 0.04508176801244943], [0.02395118280869326, 0.19748019231781502, 0.03325925114956344, 0.7453093736239282], [0.01030782195786289, 0.8583024987687187, 0.1256049224386915, 0.005784756734726903], [0.009864516665521083, 0.9307419760794994, 0.030390551650359723, 0.029002955504619794], [0.032254879629921025, 0.05842707150691124, 0.12760298428164618, 0.7817150644815215], [0.019678710789572788, 0.051063337298777774, 0.7988817840640561, 0.1303761677475934], [0.8426406837459559, 0.12332652301237033, 0.020932627488826478, 0.013100165652847289], [0.8126596627840984, 0.1551205297140155, 0.021827521918499834, 0.010392285483386218], [0.8166950298586282, 0.06398450546825554, 0.09755347613636815, 0.02176698843674814], [0.8691235183800371, 0.05386336892304613, 0.031660981473140816, 0.045352131123775945], [0.8342914254126873, 0.08795041991084698, 0.05333745642947011, 0.024420698146995646], [0.8905312005563758, 0.05783686547582519, 0.023003166690308344, 0.028628767177490633], [0.03943374125067662, 0.055624021006744434, 0.048323152159482435, 0.8566190854830965], [0.04909745493567482, 0.10236243673815433, 0.699618025807707, 0.14892208241846377], [0.03447689051438147, 0.04497919519952172, 0.07186945393205993, 0.8486744602540369], [0.030520415555845982, 0.06119823953117259, 0.7227220682634821, 0.1855592765494993], [0.017956785297674274, 0.8789547723383598, 0.08175886270442279, 0.021329579559543132], [0.010468513596544323, 0.927860488830047, 0.03275879438606632, 0.02891220308734229]], "ideal": "C", "sampled": "C", "correct": true}}
{"type": "result", "data": {"idx": 15, "options": ["Law as medium' describes law as a body of formal, general rules that control the state and the economy; 'law as institution' inhabits the 'lifeworld' and expresses its shared values and norms in institutional form.", "Law as medium' consists of the manner in which law is presented by the media; 'law as institution' describes the courts.", "Law as medium' concerns the manner in which the law expresses its rules in simplified terms; 'law as institution' refers to the formal declaration of laws by legislative bodies.", "Law as medium' is defined as the intermediate stage of legal development; 'law as institution' is the advanced stage."], "probs": [[0.9916041104789279, 0.006180857343363534, 0.0021359358782234556, 7.90961994850334e-05], [0.9935231861757143, 0.005133859376959023, 0.001267938765509407, 7.501558181725322e-05], [0.9899809297430506, 0.00870109023803958, 0.0012150167676025028, 0.00010296315130727253], [0.9914782696431352, 0.007512115913638563, 0.0009329848739938157, 7.662946923242208e-05], [0.991877127387075, 0.006684282718931849, 0.0013370201771608773, 0.00010156961683230248], [0.9906803317574489, 0.007389735878446423, 0.0018539511317318402, 7.598113237290148e-05], [0.001775992060979367, 0.9868005877149555, 0.010221132767218083, 0.0012022873568471053], [0.0014151161414095988, 0.993998378631415, 0.003938257583277016, 0.000648247543898281], [0.016538327126904437, 0.07770666276651411, 0.876033640817734, 0.029721369188847352], [0.013089838407228264, 0.05961196162261476, 0.03759820272981182, 0.8896999971403451], [0.002587471304939882, 0.009541596903125, 0.9813131366887542, 0.00655779500318094], [0.007868714365997712, 0.016030203011996542, 0.1606161689391098, 0.815484913582896], [0.9002281304134317, 0.09342179938061217, 0.00574444683636021, 0.0006056232695958451], [0.8988611594556534, 0.09474655993417813, 0.005917639476644461, 0.00047464103352403455], [0.1561032295794613, 0.03709507522472866, 0.7935769702369302, 0.013224724858879848], [0.1940877644251738, 0.03591553228482663, 0.03734681866233061, 0.7326498845276689], [0.07220125158632068, 0.025754780230565485, 0.8943114558296994, 0.007732512253414387], [0.14646887914180926, 0.03144314169050682, 0.03000441034959853, 0.7920835687180854], [0.002950283657656929, 0.9944016198931056, 0.0023712452636540098, 0.00027685108558346056], [0.002424527004434425, 0.9933969561934346, 0.00381499326382931, 0.0003635234383016038], [0.003570836520199589, 0.006674172419245077, 0.9831849934842465, 0.006569997476308807], [0.013158575250461024, 0.013166805347814467, 0.10682987112254205, 0.8668447481791824], [0.020705010693502387, 0.042503289680565305, 0.9236256223748344, 0.013166077151097976], [0.019724536365590198, 0.03744825268316292, 0.02848843148906652, 0.9143387793621803]], "ideal": "A", "sampled": "A", "correct": true}}
