{"type": "result", "data": {"idx": 0, "options": ["includes two or more alternatives", "classifies subjects", "affirms the antecedent or denies the consequent", "leads to a valid conclusion"], "probs": [[0.9273621983232462, 0.044068053114097484, 0.018657723335596083, 0.009912025127060296], [0.8957693959672094, 0.06193151217158857, 0.02971423171801876, 0.012584860043183222], [0.9016367028494042, 0.062335099650722904, 0.017309213159480544, 0.018718984240392356], [0.7955231736522792, 0.08128805394023342, 0.11110465413656934, 0.012084118170918071], [0.905446151965693, 0.06874972591650273, 0.015340217210816673, 0.010463904806987582], [0.9155145545852114, 0.059458473366690794, 0.020547245802523147, 0.004479726145574646], [0.0009317275791668763, 0.9826272119759194, 0.00905148700711578, 0.007389573337797918], [0.0005460626823899111, 0.9873116629354353, 0.007422938507502628, 0.004719335774672244], [0.0034111910416798185, 0.2930539243257593, 0.6305671915001007, 0.07296769303246022], [0.0034085683611286303, 0.6445278961684602, 0.04743248851778547, 0.30463104685262565], [0.00303550830572896, 0.03786243551353378, 0.9322469043839312, 0.026855151696806048], [0.006057370397302166, 0.05485916409607684, 0.3012256660538558, 0.6378577993527652], [0.3718370642505991, 0.46274803168084416, 0.04653992685232873, 0.11887497711622799], [0.2794835284789017, 0.3069777505555237, 0.3942132911858628, 0.01932542967971184], [0.21028998178688862, 0.10911711886749578, 0.4890709147996751, 0.19152198444594046], [0.29717160375319013, 0.1128154066395972, 0.3018959276782547, 0.288117061828958], [0.39389631441689676, 0.18901161988433263, 0.39397684029258023, 0.023115225306190385], [0.2561125917249884, 0.22603127299422085, 0.04664157253375168, 0.47121456264703904], [0.0027949111014103707, 0.9873034996088429, 0.006448784328529683, 0.003452804861216988], [0.00350974254531192, 0.988449483781872, 0.006356020647571134, 0.0016847529252448947], [0.004056794236010418, 0.02708627247577501, 0.940463823395038, 0.02839310979317655], [0.008730174501158747, 0.03400607968121395, 0.2846900368644013, 0.672573708853226], [0.014201286676177993, 0.21035251764954804, 0.7460661861760325, 0.029380009398241515], [0.011029496647498532, 0.17802043043864738, 0.037315881689373526, 0.7736341911244805]], "ideal": "A", "sampled": "A", "correct": true}}
{"type": "result", "data": {"idx": 1, "options": ["Changing the meaning of a word or phrase from one part of the argument to another.", "Confusing figurative language with literal language.", "Reasoning that ideas presented in an appealing manner are correct, regardless of the content of the message.", "Using emotionally charged language to create an impression about the subject of a claim, without making an argument that the language fits the subject."], "probs": [[0.003113943137219049, 0.005382002707959912, 0.986790845310367, 0.004713208744454087], [0.003174362841328563, 0.00843173426312508, 0.8081409091601914, 0.18025299363535496], [0.0014823860938209916, 0.9936243384404211, 0.0026846282928300975, 0.002208647072927808], [0.0014857201541630507, 0.995860613614996, 0.002469010447256018, 0.00018465568358496672], [0.0025181005019514697, 0.8689277804928671, 0.010940565023502595, 0.11761355388167885], [0.0024566655698276384, 0.821688435395479, 0.1750247524868244, 0.0008301464478689448], [0.0015538683562697467, 0.0077102535569554785, 0.9869773647462486, 0.0037585132405261504], [0.001622513993045365, 0.011623629431278207, 0.8953384209088767, 0.09141543556679974], [0.00038863491227721726, 0.998448737691669, 0.0009036114237891597, 0.00025901587226460416], [0.00036229254633964996, 0.998639353585023, 0.0009323408090850675, 6.601295955231699e-05], [0.0005019207164935107, 0.9887364197446483, 0.0043024543058031465, 0.006459205133054972], [0.0004858705030017768, 0.9722107847063429, 0.027155055088979956, 0.00014828960167530476], [0.9843305671340299, 0.007117300492474027, 0.002966435669983418, 0.005585696603512694], [0.9921162630960418, 0.0047413403652640206, 0.0030367856093296984, 0.0001056108293644168], [0.9867303741342914, 0.0050991008752254, 0.0031902905753770153, 0.0049802343151061895], [0.9912795215898915, 0.0037183870337221493, 0.004848595315054353, 0.0001534959613319251], [0.9880949778691105, 0.010232933414833986, 0.0015814198712365546, 9.066874481894696e-05], [0.9902553667857072, 0.008568674836263623, 0.0010892660986025658, 8.66921794265357e-05], [0.5396897538015195, 0.036737600801710214, 0.022452940721427186, 0.4011197045753431], [0.41042420093166626, 0.042600195041429416, 0.5439135207973808, 0.003062083129523621], [0.41811542297056875, 0.019409424903967076, 0.025507415718393583, 0.5369677363070706], [0.43219119616339363, 0.01975065619917161, 0.5464866576870957, 0.001571489850339068], [0.0522094516045365, 0.9400201480316772, 0.007348876944092124, 0.000421523319694126], [0.06724167718908267, 0.9282364988473936, 0.0042990619048586245, 0.0002227619586651592]], "ideal": "C", "sampled": "C", "correct": true}}
{"type": "result", "data": {"idx": 2, "options": ["significance", "snob appeal", "poisoning the well", "appeal to anonymous authority"], "probs": [[0.016290363347512677, 0.04130668300404386, 0.677330630731331, 0.2650723228171124], [0.016226076513753268, 0.04345408203190292, 0.3312358664607723, 0.6090839748935715], [0.0060286436682907745, 0.8741693888342958, 0.015396648657909203, 0.10440531873950418], [0.009276175393252902, 0.9763524028954047, 0.012980484665776094, 0.0013909369455663329], [0.015607888443336474, 0.6795558984589677, 0.025938245159438024, 0.27889796783825777], [0.01689860705051555, 0.8875538890705384, 0.09211021979118353, 0.0034372839877624493], [0.007479819124651789, 0.04767892959458919, 0.5457766144466478, 0.39906463673411113], [0.008517724037375073, 0.05514273748101135, 0.22149365968239634, 0.7148458786992172], [0.0018703639331232123, 0.8961663757843069, 0.030667038345743688, 0.07129622183682621], [0.002194133132928512, 0.9646600703447757, 0.026942498125677602, 0.006203298296618169], [0.0051501812935797475, 0.6239897076011509, 0.057141192837075916, 0.3137189181681935], [0.004614215678920387, 0.5998639899538656, 0.3697748750473708, 0.025746919219843248], [0.6220059695444284, 0.06981653312497142, 0.02338100710259923, 0.2847964901280009], [0.8717828785179379, 0.08368624551115382, 0.033811728610728196, 0.010719147260180077], [0.6605949130495014, 0.0675220014730299, 0.04713078767171568, 0.22475229770575306], [0.8568662404157171, 0.06406691669777116, 0.046870701010308505, 0.03219614177620315], [0.8642926674468647, 0.10991507593508965, 0.020489589916055016, 0.005302666601990628], [0.8806901362704793, 0.08721784138108939, 0.017175069828875476, 0.01491695241955581], [0.6328580331701628, 0.08702528411005946, 0.032261974865980536, 0.2478547077537972], [0.832182990941887, 0.08243951822828113, 0.06727265465670654, 0.01810483607312537], [0.5349117120160095, 0.07589888109621187, 0.0747163323505136, 0.31447307443726497], [0.6154304512931971, 0.07586845472186385, 0.2374483258245244, 0.07125276806041465], [0.7575145084474378, 0.20718792947121914, 0.028478940276889513, 0.0068186217044534465], [0.7506652403741567, 0.2085084299487316, 0.020972495701185555, 0.019853833875926093]], "ideal": "C", "sampled": "C", "correct": true}}
{"type": "result", "data": {"idx": 3, "options": ["a specific type of false cause fallacy that argues that since two event happened at the same time one event must have caused the other", "arguing that an event that preceded another event necessarily is the cause of the second event", "arguing that since something is new it is necessarily good", "drawing a conclusion based on a comparison when the items being compared are not similar enough to support the conclusion."], "probs": [[0.0009925251790431722, 0.004698977923499493, 0.010587134546143386, 0.9837213622513139], [0.0031508307383840235, 0.016129778670185214, 0.9677583558508294, 0.012961034640601379], [0.0008438602737395701, 0.0038424004811451313, 0.00980908752855102, 0.9855046516165643], [0.004140903740910957, 0.017039436930560942, 0.9603961299476322, 0.018423529280895842], [0.00017774276994419265, 0.9967733739251102, 0.0028894748879790735, 0.00015940831696644538], [0.00020778141077584328, 0.9965004696268435, 0.0029569780346920447, 0.0003347708276886258], [0.0020339786625486146, 0.018999863060156483, 0.01929765903574857, 0.9596684991415463], [0.0060680721398877376, 0.03688954103160695, 0.9369867820988617, 0.02005560462964366], [0.004723851185774177, 0.017282128794676756, 0.0774426546452322, 0.9005513652743169], [0.0024421805546354885, 0.01520178224695597, 0.9556774740555554, 0.026678563042853185], [0.00019642795944109972, 0.9955220656949408, 0.003676363194621575, 0.0006051430509964339], [0.0004106617180621251, 0.990876449601919, 0.0073339534981571195, 0.0013789350818617008], [0.0018032472545279966, 0.018647536598800366, 0.02284340928481928, 0.9567058067618524], [0.00458047103576513, 0.040840509250099716, 0.9298077839580507, 0.024771235656084436], [0.002422588516390177, 0.012209904907689941, 0.03021388072678937, 0.9551536257491305], [0.0015461366907530791, 0.011976891207286434, 0.966731207058751, 0.019745764943209433], [0.00019035484626555847, 0.9954942626737636, 0.00373350905736372, 0.0005818733226071369], [0.0002072866012761973, 0.994722946603424, 0.004465118911082276, 0.0006046477842175422], [0.9720183837120906, 0.02251000147740009, 0.00498194941553389, 0.0004896652949753779], [0.9496441167141365, 0.04045705497820073, 0.007962253678965806, 0.0019365745286969581], [0.9686796157950985, 0.023511058767063567, 0.00694629005203427, 0.0008630352858036834], [0.9479996808266271, 0.039146822962823964, 0.008728918846205311, 0.004124577264343659], [0.9371810849445159, 0.03870637962638758, 0.016375820555981108, 0.007736714773115345], [0.9566564555418995, 0.030767258296459044, 0.009231367719261667, 0.003344918342379771]], "ideal": "D", "sampled": "D", "correct": true}}
{"type": "result", "data": {"idx": 4, "options": ["arguing that something should be done because that's the way it's been done in the past.", "arguing that an act should be carried out because it will not have any significant consequences, when there is no evidence of the effects", "reasoning that a conclusion is true because it's been claimed so often", "reasoning that a claim is true because so many people believe it is true"], "probs": [[0.05191752425038984, 0.032009962198845276, 0.906751180605736, 0.009321332845028875], [0.3451635744920067, 0.08079761747491726, 0.15086097422885128, 0.4231778337042248], [0.002528526533298677, 0.9887802703689141, 0.007375921178402404, 0.001315281819384723], [0.006034012959865415, 0.983584058746436, 0.009347300162867929, 0.0010346280308307285], [0.05234475581582706, 0.8857209898175028, 0.04410096068551811, 0.01783329358115202], [0.06685431761670958, 0.6861805195954446, 0.22990499528896416, 0.017060167398881693], [0.0068080118426429945, 0.012048961683267677, 0.9725927782024358, 0.008550248171653514], [0.063854951562217, 0.060036555297076986, 0.13314623385381838, 0.7429622591868876], [0.0006739196057866612, 0.9944327784483952, 0.0044991661435447115, 0.00039413570227347374], [0.000563802210706234, 0.9956832595867082, 0.003373783741488029, 0.0003791543610975455], [0.022904600604499715, 0.5727936539554952, 0.05671818841846559, 0.3475835569215394], [0.01876985027858468, 0.15239397654908451, 0.7988097576734535, 0.030026415398877286], [0.9899600892063709, 0.007686188090718009, 0.0022521423471222137, 0.00010158025578890605], [0.9910179768877541, 0.007003805411677569, 0.0018984793738361185, 7.973822673227095e-05], [0.9935260375092674, 0.004569213161794744, 0.0018162550257045864, 8.849420323327703e-05], [0.9930582763436435, 0.005724885448608108, 0.0011720389275380178, 4.479918021031291e-05], [0.9919300737139217, 0.0056764709813910685, 0.0022566814197957394, 0.00013677378489144036], [0.99059497832975, 0.007564866423727294, 0.001768761199505228, 7.139394701755045e-05], [0.978185893307506, 0.011761611556628688, 0.005955996101886713, 0.004096498933978575], [0.9775345597470187, 0.010292113113680362, 0.011929247860247407, 0.00024407917905352436], [0.9787830129113544, 0.00796235450930616, 0.004714655805552063, 0.0085399766737874], [0.9757641789746303, 0.010675853376363514, 0.013283996232587652, 0.0002759713164184897], [0.8155783739262689, 0.171032514853915, 0.012483445530744623, 0.0009056655890715025], [0.8481362682364393, 0.1428793705862768, 0.00799786785904461, 0.0009864932182392908]], "ideal": "C", "sampled": "C", "correct": true}}
{"type": "result", "data": {"idx": 5, "options": ["false criteria", "hasty generalization", "ad crumenam", "division"], "probs": [[0.036087526254285004, 0.8474849678852815, 0.055029482909176565, 0.06139802285125697], [0.04989713225436259, 0.7219199241679234, 0.2101079139231626, 0.01807502955455138], [0.012563764684995888, 0.0357998338400956, 0.9378360238171963, 0.013800377557712133], [0.030979177961094014, 0.08038959905934949, 0.5756806912937483, 0.31295053158580816], [0.057232831834516246, 0.7194448983197986, 0.1735891174982147, 0.049733152247470463], [0.02364849454386331, 0.33167659800584814, 0.05329664354037895, 0.5913782638099097], [0.8459857625367336, 0.0920122843821822, 0.034377487623340384, 0.027624465357743724], [0.713179395657779, 0.09212354416645398, 0.1803485270819474, 0.014348532993819671], [0.8521347633993819, 0.08843916027725464, 0.034090594766153344, 0.025335481457210176], [0.6427517793484827, 0.09410116329810658, 0.24403405404453168, 0.019113003208878987], [0.7329900416330836, 0.22011275744907216, 0.034283773757399535, 0.012613427060444733], [0.7639752454893318, 0.19624098694803668, 0.028712966766027515, 0.011070800696604014], [0.00880036167859144, 0.04986929204644027, 0.9263587602489975, 0.01497158592597078], [0.01299597501877583, 0.0931138830269572, 0.6071466608366194, 0.2867434810176476], [0.0006972535861694947, 0.9893175462783522, 0.009254285600977097, 0.0007309144345011428], [0.0008197395345825396, 0.9870752670551597, 0.011490859066053988, 0.0006141342442038057], [0.009178981320818994, 0.5253400880368738, 0.09869805124455243, 0.36678287929775477], [0.007590180545795313, 0.22363039548900032, 0.7566461644572996, 0.012133259407904785], [0.37405542564832817, 0.1823347860664818, 0.3982297868061553, 0.045380001379034744], [0.04256161642720648, 0.07356369439846985, 0.041901867520330364, 0.8419728215539933], [0.501221585941374, 0.39039369541093066, 0.061762055858111946, 0.0466226626895834], [0.4330546903891092, 0.4683315805808569, 0.05505650924031293, 0.043557219689720976], [0.07995155124804204, 0.08922483491432882, 0.08378872711506856, 0.7470348866225606], [0.019122295836586815, 0.03804281131619091, 0.9361734163824929, 0.006661476364729437]], "ideal": "D", "sampled": "B", "correct": false}}
{"type": "result", "data": {"idx": 6, "options": ["responding to an argument with an expression of derision instead of a counter argument", "attempts to gain agreement based solely the feelings aroused by the message", "characterizing an opponent's position in such way to make it or its consequences appear to be ridiculous", "arguing actions should be taken to avoid negative results, when those results are exaggerated, unlikely, or irrelevant"], "probs": [[0.40493309946331923, 0.06520265413022672, 0.47416845489210263, 0.055695791414351395], [0.716402101799872, 0.06363573351403697, 0.03595713021704229, 0.18400503436904875], [0.23691174429690956, 0.7187365902218031, 0.03309084108344147, 0.011260824297845855], [0.39175306141451105, 0.5614200599838377, 0.03588121609517725, 0.010945662406473954], [0.7748402337581114, 0.06364530798493957, 0.03100651733315744, 0.13050794082379163], [0.6827180548588428, 0.05108317036261726, 0.23246292785514183, 0.03373584682339808], [0.02078567848146348, 0.8050386552492985, 0.1443749667652828, 0.029800699403955144], [0.0221804747965997, 0.8589060113709712, 0.05666455499265936, 0.0622489587397697], [0.008098378859658363, 0.928791711215843, 0.05578751173584954, 0.007322398088649048], [0.006849733314578342, 0.9477621501323208, 0.03143405602941287, 0.013954060423687997], [0.04701137367123481, 0.033134198441239354, 0.736661406657142, 0.1831930211303839], [0.01596603794097093, 0.020209441787605607, 0.8938784368659106, 0.0699460833055128], [0.9483376180846856, 0.04507340135154134, 0.005339948946101514, 0.0012490315176715528], [0.9441919697939576, 0.04702560194750622, 0.0068263251918481704, 0.0019561029666879805], [0.9374022526954775, 0.023120407906532126, 0.03579217874397089, 0.0036851605540194512], [0.9476356129992183, 0.027749533477014632, 0.010447245333399037, 0.014167608090368069], [0.9706227298195661, 0.018065843191691997, 0.009591466518396617, 0.0017199603703452273], [0.9596968143642239, 0.02479916650565549, 0.008175546091785882, 0.007328472938334728], [0.020482210180076208, 0.7686787848234937, 0.06410618627261025, 0.14673281862381982], [0.0166620899904182, 0.6158001731960925, 0.34026442685885677, 0.027273309854632506], [0.028193267217029236, 0.03767734041625491, 0.7336964051457107, 0.20043298712100516], [0.007034188375403369, 0.019435431181817092, 0.9223393500598678, 0.05119103028291171], [0.007301638918450548, 0.926884006230651, 0.05926710435606078, 0.006547250394837581], [0.006106144998236315, 0.9571540746949666, 0.022867322902853458, 0.013872457303943651]], "ideal": "A", "sampled": "C", "correct": false}}
{"type": "result", "data": {"idx": 7, "options": ["Appeal to ignorance", "Double negative", "Equivocation", "Burden of proof"], "probs": [[0.9908256537989387, 0.005985113796487306, 0.0031291525833782845, 6.007972119567682e-05], [0.9895505631932541, 0.006879912033709812, 0.0034591692010387397, 0.00011035547199738536], [0.9913412726316069, 0.006576742912950385, 0.0020214021906404976, 6.058216480226922e-05], [0.9906374816061735, 0.006996055691527084, 0.002306861060592489, 5.960154170689675e-05], [0.9887341468404814, 0.008163326977500912, 0.003002911791705928, 9.96142903117312e-05], [0.9897264796436588, 0.007325035047836558, 0.0028907710686015753, 5.771413990304999e-05], [0.0011050407676282542, 0.9967626982477221, 0.0020166377095391934, 0.0001156231751104007], [0.0011401997695581567, 0.9968237905349255, 0.001836247754035833, 0.00019976184148046732], [0.0037581047246180647, 0.015337897376349463, 0.9791962446550257, 0.001707753144006744], [0.0012550285415801451, 0.002085953694823218, 0.005121466287009833, 0.9915375513765868], [0.0036106418691474276, 0.015564515858988298, 0.9782437486875026, 0.0025810934843616537], [0.0013987327380618714, 0.0019729863411589556, 0.00607599676985589, 0.9905522840509233], [0.001779499950868679, 0.9966411710824927, 0.0015102721700125988, 6.905669662602077e-05], [0.0020155855689187093, 0.9961919304490018, 0.0017239925419477338, 6.849134013175851e-05], [0.004840409826027138, 0.010825270625764598, 0.9823158584151724, 0.002018461033035873], [0.0017983371246982967, 0.0012266885612413148, 0.0051232140902507965, 0.9918517601238096], [0.004611103716381461, 0.013137860393746757, 0.9806062209157682, 0.0016448148741036001], [0.0031278041196389473, 0.0020517034604653124, 0.004176424941272721, 0.990644067378623], [0.0015220480591294772, 0.9966072052811125, 0.0017246032727696722, 0.00014614328698835604], [0.0013538212835673745, 0.9966445204943489, 0.001924022961287784, 7.763516079584799e-05], [0.005234193754727705, 0.010250101320763809, 0.9823331672706934, 0.0021825375538150034], [0.0018559214508099477, 0.0011707703720558388, 0.004889885855186439, 0.9920834222219478], [0.004910555814030132, 0.012738862453285394, 0.9809757762457182, 0.0013748053869662375], [0.002478202788230693, 0.001915373477290666, 0.003414042736690832, 0.9921923808977878]], "ideal": "A", "sampled": "A", "correct": true}}
{"type": "result", "data": {"idx": 8, "options": ["ignoring another person's arguments and attacking her character instead", "asserting an opposing arguer has taken an easily defeated position, which she has not really taken", "causing confusion during an argument by a lack of ability to engage in refutation", "using threats of harm instead of reasoning to gain agreement"], "probs": [[0.8949936948502992, 0.08732884271513584, 0.012094112797516042, 0.005583349537048922], [0.8719019352235461, 0.11095051514961748, 0.01304176559604085, 0.004105783930795534], [0.6429170585013753, 0.0647588766406906, 0.2768298480065075, 0.015494216751426574], [0.799764181603653, 0.043094316509584174, 0.02653120530463363, 0.13061029648212918], [0.3662595491444578, 0.06893678085863529, 0.5506979288060632, 0.014105741090843733], [0.7971057027751637, 0.057794460945943156, 0.022795616813851644, 0.1223042193650415], [0.4763073363790423, 0.4996833558401856, 0.01682383127212965, 0.007185476408642411], [0.5617258767897002, 0.41132323558573647, 0.01953381189920257, 0.007417075625360732], [0.8829319550204868, 0.06017753159174348, 0.04467461667701104, 0.012215896610758637], [0.7350632301147998, 0.0787935379473234, 0.03439109284265707, 0.1517521389952197], [0.8159323174299777, 0.1071436756648853, 0.06149909524425453, 0.01542491156088246], [0.7230894487476106, 0.11101542123270937, 0.027829059599066078, 0.1380660703206139], [0.004401360230140448, 0.9655065832924326, 0.025542476638947587, 0.004549579738479395], [0.005918310083792298, 0.9497173373529693, 0.02200190944643432, 0.022362443016804092], [0.013838724231826215, 0.9332770704289807, 0.042006779457898394, 0.010877425781294746], [0.010627316021951327, 0.9202402194187085, 0.02673500006543878, 0.04239746439390144], [0.03875947529566953, 0.27139468110373727, 0.5575691689487313, 0.1322766745518619], [0.018599282601864324, 0.08217320437330067, 0.8047218172058065, 0.09450569571902846], [0.008422928298798598, 0.9364155939882491, 0.05123868435874251, 0.003922793254209753], [0.003556465898785888, 0.9784263196030963, 0.009672261600168807, 0.008344952797948967], [0.022993383445013293, 0.9259785814825965, 0.04612629018463725, 0.00490174478775302], [0.006513789915854325, 0.9596484530419056, 0.012463836294123466, 0.02137392064811659], [0.06550414212144243, 0.06662312993669554, 0.739536057927804, 0.1283366699140581], [0.02082466225132163, 0.039575615318523986, 0.8597334519321437, 0.07986627039801068]], "ideal": "A", "sampled": "B", "correct": false}}
{"type": "result", "data": {"idx": 9, "options": ["Laudatory personality", "Guilt by association", "Reprehensible personality", "Circular reasoning"], "probs": [[0.0038415580038777693, 0.9928944696577535, 0.002991979293336714, 0.0002719929450319678], [0.003602523861644479, 0.9911725077734941, 0.004924433677855498, 0.000300534587005874], [0.006858859908688021, 0.016982083561206715, 0.9718656208576183, 0.004293435572486928], [0.007630629634959193, 0.012197928961809915, 0.026223755356761067, 0.9539476859464698], [0.006277465350340076, 0.034212458012376455, 0.9542225510715449, 0.0052875254657385766], [0.012670837896101978, 0.07408365930801007, 0.010671162512524828, 0.9025743401833631], [0.9846478464092432, 0.01164703881327631, 0.003037826783619486, 0.0006672878938609666], [0.9858529162572629, 0.010132329440788748, 0.0034737008355657842, 0.0005410533663825167], [0.983192185272193, 0.012187484594416077, 0.004018377652363549, 0.0006019523810274048], [0.9855525799541848, 0.009971748087462047, 0.003934787946438668, 0.000540883911914544], [0.985439004659887, 0.009970806889006832, 0.004027813438167029, 0.0005623749129392052], [0.9876073831469314, 0.009098118767608286, 0.002862362784238227, 0.000432135201222051], [0.004321908430928626, 0.01428584146968355, 0.9785349631480914, 0.0028572868512964167], [0.0014157991382666678, 0.0033185237534199045, 0.015828922381983995, 0.9794367546263294], [0.0020784138522322183, 0.9957480494448816, 0.001998819769630659, 0.00017471683325547848], [0.0018188542398387133, 0.995200507680983, 0.0027305251485205415, 0.000250112830657777], [0.0017999059481880284, 0.01507317119934237, 0.005720520623398871, 0.9774064021290707], [0.004206332539727517, 0.03750004720848035, 0.9524064567743202, 0.005887163377471929], [0.08931851623764263, 0.062383130367780766, 0.8347046496285039, 0.01359370366607277], [0.07281722668350635, 0.027217487047081216, 0.012655016246194861, 0.8873102699232176], [0.02452253900033089, 0.9644785570329953, 0.010384742862862721, 0.0006141610038110259], [0.0202219990913045, 0.9744274399662554, 0.0049561523424479755, 0.0003944084999922109], [0.01618764912061593, 0.005256434870202809, 0.007647160859287108, 0.9709087550498942], [0.03405737584742209, 0.023783149020184385, 0.9354517253469656, 0.00670774968542791]], "ideal": "B", "sampled": "B", "correct": true}}
{"type": "result", "data": {"idx": 10, "options": ["Appeal to ignorance", "Extension", "a priori", "Complex question"], "probs": [[0.9882052702415738, 0.008551922250855394, 0.0028640316937253666, 0.00037877571384549186], [0.986995929524478, 0.00938039174269186, 0.003450449069770647, 0.00017322956305945413], [0.9879337468868212, 0.007907300646142729, 0.0036765336801527857, 0.00048241868688320177], [0.9908398856709599, 0.006175882474028888, 0.002827128062993909, 0.00015710369201729003], [0.9850490192013227, 0.011834479987089757, 0.002968616347727319, 0.00014788436386023042], [0.990452641388168, 0.007683008864071573, 0.0017410755287976417, 0.00012327411896277104], [0.0012815424134476115, 0.9964949639671913, 0.0018645021231798707, 0.00035899139618124717], [0.0013219204103485443, 0.996305274664224, 0.0020634273279690387, 0.0003093774974583995], [0.0017194412460463523, 0.007953432447200265, 0.9865113532542881, 0.003815772952465263], [0.0026208402029149593, 0.005133068170584585, 0.013732377390404308, 0.9785137141360961], [0.002532910497669722, 0.017584500185922735, 0.9754360991729365, 0.004446490043471053], [0.003249231691385079, 0.016378459104189984, 0.012951870314410653, 0.9674204387900143], [0.0008477685631096669, 0.9974128612517246, 0.001523139305791996, 0.00021623077937380446], [0.0006712419489639065, 0.9982614138541065, 0.0009174360579945137, 0.0001499080389350457], [0.0024019358941945322, 0.013506366640876458, 0.9771936291353426, 0.0068980682295863805], [0.003330532550444134, 0.007221275628768489, 0.013276740335417148, 0.9761714513853702], [0.0022799622855925136, 0.021469705799419966, 0.9721844049746046, 0.004065926840382894], [0.003941622550009896, 0.043065187813645794, 0.017392920466287178, 0.9356002690700571], [0.0021799230506372347, 0.9965249992129855, 0.0011577394657702523, 0.0001373381706070003], [0.0015716071454740786, 0.9974084785152308, 0.0008747037230567297, 0.00014521051623833368], [0.004192285527289719, 0.01864583152310232, 0.9716063921224174, 0.005555490727190539], [0.005754201364825561, 0.013593798875396553, 0.012181876560726519, 0.9684701230990513], [0.0029849900013130385, 0.010101180865996047, 0.983422610712546, 0.003491218320144901], [0.015949938673334323, 0.02113998278261349, 0.020481645823288486, 0.9424284326207637]], "ideal": "D", "sampled": "A", "correct": false}}
{"type": "result", "data": {"idx": 11, "options": ["Attacking the Person (ad hominem)", "Equivocation", "Begging the Question", "Appeal to Pity"], "probs": [[0.442301738461279, 0.36100821182653153, 0.1349212135393604, 0.061768836072829], [0.5108416980495839, 0.3350271483936945, 0.06807709890382793, 0.08605405455289362], [0.486054068078587, 0.31877159486820994, 0.12291908379319273, 0.07225525316001034], [0.5294029909365582, 0.326153975921812, 0.07165800301230131, 0.07278503002932851], [0.5609343772774518, 0.18791822017157425, 0.13537530902258268, 0.11577209342839132], [0.5474571585107755, 0.2110914140728621, 0.1520708501186888, 0.08938057719767357], [0.3188889026322957, 0.45680081839761827, 0.1761559396806037, 0.04815433918948236], [0.416548829489322, 0.42312509905971823, 0.082045082052263, 0.07828098929869677], [0.4411731244663213, 0.3893694738768494, 0.1284156196159299, 0.04104178194089939], [0.44738008253943756, 0.4073676320267511, 0.08277423242300887, 0.0624780529108025], [0.4988588094212445, 0.18646810946984044, 0.16718031464335428, 0.14749276636556077], [0.4630099832548617, 0.21202743051316006, 0.23658026752490308, 0.08838231860707516], [0.44522790277244084, 0.3868317406529123, 0.14013031489085634, 0.02781004158379052], [0.5302842160103627, 0.3819242346291491, 0.051698504910318945, 0.03609304435016927], [0.42844354782854005, 0.4284594622685749, 0.11005259222142627, 0.033044397581458745], [0.513658238879663, 0.38772515469665886, 0.050077547688776904, 0.04853905863490123], [0.6547991681546763, 0.16048890470217808, 0.10526415783056114, 0.0794477692125845], [0.6592807425274408, 0.17200187439976863, 0.11459136900545953, 0.054126013967331014], [0.16244152950622565, 0.6226559002377648, 0.12656913130645775, 0.08833343884955179], [0.1707462842702929, 0.6343814228493595, 0.12694038638604438, 0.06793190639430319], [0.2367334514619605, 0.3666945695510381, 0.22601191697244732, 0.1705600619145541], [0.21800042552552962, 0.39478024875297296, 0.2549674320735303, 0.13225189354796715], [0.1977345779509207, 0.4743883573952653, 0.20410853470230078, 0.12376852985151318], [0.20906188458909453, 0.45666213458197, 0.17888178886526773, 0.1553941918636677]], "ideal": "C", "sampled": "A", "correct": false}}
{"type": "result", "data": {"idx": 12, "options": ["Equivocation", "Affirming the Consequent", "Gambler's Fallacy", "Inconsistency"], "probs": [[0.28223618441626075, 0.2693996091007066, 0.32502716292130374, 0.12333704346172893], [0.29118470599214835, 0.2779095603003612, 0.1441765043486123, 0.28672922925887817], [0.2910212131831234, 0.4169564166150884, 0.20323238834663465, 0.08878998175515349], [0.2519856578462121, 0.3667161300389561, 0.23312633185172857, 0.14817188016310326], [0.19306631672040628, 0.44895682403361686, 0.1286402363743923, 0.22933662277158454], [0.20155634584665402, 0.5147548470803385, 0.14073415518587618, 0.1429546517871313], [0.44095942702174906, 0.27171692451886836, 0.22176888748103646, 0.06555476087834611], [0.4294890942914181, 0.26462718818974534, 0.12114661049524811, 0.18473710692358838], [0.2765548593930262, 0.6135675459046614, 0.09119867753365378, 0.018678917068658592], [0.25739903262175745, 0.5984958643769503, 0.12545335782279315, 0.018651745078499034], [0.47337444906605464, 0.2418100052560454, 0.11600957636850918, 0.16880596920939078], [0.4569753612258937, 0.2524136417440624, 0.24464378852083665, 0.04596720840920723], [0.5514117931027547, 0.2646183898321091, 0.123052079734699, 0.06091773723043722], [0.49478646677103705, 0.27759933591085795, 0.127083151821357, 0.10053104539674801], [0.49691903586186814, 0.3208805918372662, 0.13375593720529047, 0.04844443499557517], [0.4451543373246419, 0.31085784020035157, 0.2038478110783532, 0.040140011296653316], [0.24207821846684305, 0.5629417979592675, 0.1125969754433833, 0.08238300803050615], [0.28342402770397107, 0.5637785353258445, 0.12579806499223642, 0.026999371877947934], [0.4645601350963512, 0.19071165293668899, 0.10367107699284597, 0.24105713487411384], [0.5341991980658926, 0.1965738607960264, 0.11374781703362158, 0.15547912400445948], [0.5203754552426677, 0.21699860724881312, 0.09627641835972692, 0.1663495190487923], [0.5195709481795298, 0.21002600227885726, 0.227070842615438, 0.04333220682617502], [0.5315875212470259, 0.2846205724259989, 0.09834141661951691, 0.08545048960745823], [0.5429195922940331, 0.2952900616615782, 0.13516711100082293, 0.02662323494356579]], "ideal": "D", "sampled": "C", "correct": false}}
{"type": "result", "data": {"idx": 13, "options": ["arguing that something is necessarily bad because it doesn't cost very much", "substituting individual stories for a larger sample when supporting a generalization", "arguing that what is true in nature must be true about humans", "the same thing as the  post hoc  fallacy"], "probs": [[0.020971886491893972, 0.09192119469112196, 0.8723375842170814, 0.014769334499902632], [0.017538471439103642, 0.8585592370830776, 0.06727803579855413, 0.05662425557926461], [0.005453151720012825, 0.9464266420451407, 0.04427884947888532, 0.003841356655961081], [0.004371222907179872, 0.9740254583205911, 0.015385758595830586, 0.006217560076398488], [0.04620523888022303, 0.10841034674783295, 0.30395654746701234, 0.5414278668049316], [0.04124126767288204, 0.1054288195904931, 0.8039498687752246, 0.049380043861400304], [0.2938665810003135, 0.0688042883532526, 0.6226881243120512, 0.01464100623438265], [0.7852794527222228, 0.09387035666957567, 0.06397121399001325, 0.05687897651818829], [0.026597793813086423, 0.9526653695728845, 0.01704828859250612, 0.0036885479215229434], [0.023360547312337616, 0.9629190825503231, 0.010701270133129425, 0.0030190999042098397], [0.7227380871050028, 0.09489618240837995, 0.0662061422997072, 0.11615958808691004], [0.26667238322236236, 0.05136389485725055, 0.6711219214974525, 0.010841800322934504], [0.8665835455008036, 0.0477818712757168, 0.08189221836353562, 0.003742364759943932], [0.8958828107303493, 0.05640845536031354, 0.02925870658945892, 0.01845002721987825], [0.8898388333564848, 0.09236536241938276, 0.015554140757952062, 0.002241663366180371], [0.8925457004370079, 0.09121505038858693, 0.013770133250778142, 0.002469115823626983], [0.8474561780221157, 0.08265891710513654, 0.04388723566363163, 0.025997669109116096], [0.864222633688632, 0.0773583384065745, 0.05398702918953954, 0.0044319986152540364], [0.06101138934636495, 0.099193193747564, 0.2959308049973763, 0.5438646118086948], [0.03398789629686734, 0.07491799806029689, 0.8309529825303072, 0.06014112301252856], [0.027006174258222302, 0.46068216652702504, 0.09960974285155234, 0.4127019162632003], [0.028467406055028614, 0.08846009501720782, 0.852522204565271, 0.03055029426249264], [0.010328273260731899, 0.9669402491194745, 0.01757649485981395, 0.005154982659979591], [0.013692317411617088, 0.9526619776536348, 0.030155080851639364, 0.0034906239831087875]], "ideal": "C", "sampled": "C", "correct": true}}
{"type": "result", "data": {"idx": 14, "options": ["Style over substance", "Question begging epithets", "Hypostatization", "Amphiboly"], "probs": [[0.011450564377775222, 0.9837495197298246, 0.004484698963333318, 0.00031521682906681693], [0.01146800091758994, 0.985265669631611, 0.0029456671796654504, 0.00032066217113357887], [0.6523540590435598, 0.06774541582986245, 0.27206104392607305, 0.00783948110050472], [0.8547757640243487, 0.06099253733238199, 0.018307309118499617, 0.06592438942476969], [0.22456916636421226, 0.049380308265045296, 0.7141433067376833, 0.01190721853305914], [0.8181687714558562, 0.059305746986087454, 0.026305947842142158, 0.09621953361591422], [0.9841001719923955, 0.011460916244110324, 0.0038985587082089137, 0.0005403529552852153], [0.9853260922771542, 0.01078038055128239, 0.00336501458543436, 0.0005285124861290314], [0.9836830221530894, 0.010110223701636466, 0.005243930501177478, 0.0009628235440965565], [0.9795985704413993, 0.01253019893798523, 0.004196302240671072, 0.003674928279944329], [0.9836487899055221, 0.009497992463126837, 0.005495490445687942, 0.0013577270856630864], [0.9718450222209959, 0.014308545558616943, 0.005303880012687036, 0.008542552107700096], [0.011499343198233194, 0.6897188838690612, 0.2966850577893945, 0.0020967150433109953], [0.015610663393188062, 0.9361872180679107, 0.02036196574769657, 0.027840152691204583], [0.009554832275399805, 0.9747510586041727, 0.015032924763577876, 0.000661184256849597], [0.005942551639152995, 0.9839678349963937, 0.007168693829465939, 0.0029209194349873614], [0.0656834960606997, 0.041792307223011554, 0.5588717288140678, 0.33365246780222096], [0.041274040779538515, 0.0482970809579136, 0.8295919863437817, 0.08083689181876615], [0.0023068815600086343, 0.5472663561428052, 0.4467371339235514, 0.0036896282736347905], [0.004825474432707723, 0.9635956098699336, 0.01999891075101036, 0.011580004846348265], [0.0015641471452167645, 0.9928741353901722, 0.004893630521274625, 0.0006680868433363938], [0.0014921791648912928, 0.992546257679776, 0.004816594873458564, 0.0011449681818741393], [0.016590580898783645, 0.038013873029889275, 0.7997954755153132, 0.14560007045601386], [0.02863631205600926, 0.05880820367119192, 0.7624688729580424, 0.15008661121475636]], "ideal": "B", "sampled": "B", "correct": true}}
{"type": "result", "data": {"idx": 15, "options": ["Tu quoque", "Composition", "Appeal to the masses", "Appeal to reason"], "probs": [[0.0042504122279648365, 0.015073689230514067, 0.9622089606465103, 0.018466937795010768], [0.0010200337582150815, 0.003506035249755131, 0.008023890924629065, 0.9874500399674008], [0.0008209911202465207, 0.9966466945581054, 0.001954350954128295, 0.0005779632675198162], [0.001451491242719731, 0.9961510169466912, 0.002063169349757604, 0.00033432236083144487], [0.0007483723805683814, 0.0019416902772966768, 0.007101044303029941, 0.990208892939105], [0.0024305395643746345, 0.010076280625965803, 0.980781132364648, 0.0067120473450115094], [0.006075928366216647, 0.022938450364780778, 0.9603192808463036, 0.010666340322698944], [0.002222326682755469, 0.00428485332252054, 0.00851998519843084, 0.9849728346962932], [0.001948150901754888, 0.993606556549816, 0.003755644846653318, 0.0006896476017757911], [0.001761379122683414, 0.9943600000327303, 0.0035033378407949146, 0.00037528290379135263], [0.0016835422544617309, 0.002864497951358477, 0.006978742222711953, 0.9884732174714679], [0.002428795588937892, 0.017534836311573578, 0.9724948987163383, 0.0075414692831501755], [0.9848833616842977, 0.010279737968974257, 0.0043522978693079275, 0.00048460237742007435], [0.9857015391673453, 0.009971191557638908, 0.004028473203878715, 0.000298795971137088], [0.9865435813361101, 0.009980024623675754, 0.0031401486607249883, 0.00033624527948914417], [0.986458177470442, 0.010136044534231461, 0.003139808991341951, 0.00026596890398462126], [0.9864261644326037, 0.00866932866976193, 0.004787406256034712, 0.00011710054159974261], [0.9872824589202224, 0.00854237474195902, 0.004034895466031054, 0.00014027077178750805], [0.00281505039087604, 0.0026452849627646483, 0.0075344229819064076, 0.9870052415644529], [0.014261020656557908, 0.025034839602251915, 0.9542747373899664, 0.006429402251223809], [0.0031880118876579863, 0.0029956525818799515, 0.007413195260344409, 0.9864031401701177], [0.01288657938241466, 0.022978999339743227, 0.9470591032587758, 0.01707531791906628], [0.002279484187864467, 0.9943892398966537, 0.0029732806259728357, 0.00035799518950898403], [0.0010541699840423266, 0.9966129893682183, 0.0019850859417098006, 0.0003477546060295744]], "ideal": "C", "sampled": "C", "correct": true}}
