{"type": "result", "data": {"idx": 0, "options": ["ADD.", "AIDA.", "PESTLE.", "SWOT."], "probs": [[0.033283549306933134, 0.9574722839831276, 0.006656836335002672, 0.0025873302749366655], [0.02617523662768463, 0.9668204390457854, 0.005317420672020065, 0.0016869035545099159], [0.05325427554158819, 0.012854079481181925, 0.9299099275534116, 0.003981717323818224], [0.05916638683364607, 0.007762496351006438, 0.007405854309090735, 0.9256652624062568], [0.03831336515214134, 0.013246050004554998, 0.9434522386470099, 0.0049883460962937606], [0.059282433924359015, 0.006152730119358002, 0.007080549942152095, 0.9274842859141309], [0.9361422375858718, 0.05711238659172611, 0.004369610323208276, 0.0023757653991938288], [0.9522814760458886, 0.04250565335179234, 0.003627883495429678, 0.0015849870068893545], [0.8679305659615986, 0.02462984363905176, 0.10207226576730594, 0.005367324532043773], [0.9291300478482747, 0.023630644375477704, 0.0076707356966765105, 0.039568571979571046], [0.9089703837558726, 0.020725946147508535, 0.06585707284816393, 0.004446597148454894], [0.9373300723017522, 0.021369407070727944, 0.007156964430746914, 0.03414355609677285], [0.006755910860264045, 0.04546506302479735, 0.9426776289260085, 0.005101397088930108], [0.009324857560352305, 0.03204781422981576, 0.007262315751540039, 0.9513650123582919], [0.004434705130164592, 0.7516889568650416, 0.24031164156329665, 0.003564696341497133], [0.012747540629443005, 0.9220119396099429, 0.008102801348386628, 0.05713771831222745], [0.010842391621912579, 0.011190159589120868, 0.10287890898432346, 0.8750885397046431], [0.019033002958417162, 0.023698105611208484, 0.5923993984330569, 0.36486949289731746], [0.004189535576077308, 0.029543505027894303, 0.9637050306030396, 0.0025619286929887777], [0.01043693606673437, 0.0306792383284891, 0.004419409578944052, 0.9544644159258324], [0.004083915720630542, 0.8348778705072175, 0.15937471807489456, 0.0016634955972574038], [0.011573723231610539, 0.9634362400534807, 0.004031099603914786, 0.02095893701099397], [0.009199939237170489, 0.007749392606790534, 0.1416979807187963, 0.8413526873372427], [0.01727187174279382, 0.018392839597893076, 0.6383797298287952, 0.3259555587305179]], "ideal": "B", "sampled": "B", "correct": true}}
{"type": "result", "data": {"idx": 1, "options": ["The realm of understanding.", "Personal selling.", "Noise.", "Feedback."], "probs": [[0.7643496452254205, 0.03338850202798575, 0.023621337647202183, 0.17864051499939151], [0.8542098824373864, 0.03318016626266631, 0.07819370366670013, 0.034416247533247124], [0.7897750344396565, 0.028157588825923473, 0.019158490499836027, 0.16290888613458407], [0.9155226757379227, 0.027254051899057326, 0.028282680897735238, 0.02894059136528477], [0.698253693727814, 0.26534304118983554, 0.02011737607262043, 0.01628588890973001], [0.696657588951745, 0.2647104455334988, 0.017439863978360594, 0.021192101436395595], [0.002611872770843031, 0.9898268100936058, 0.0065137395470875985, 0.0010475774884634932], [0.003458773032941945, 0.9894476573413921, 0.006021642150777225, 0.0010719273748887477], [0.010553150109923094, 0.010824857874690709, 0.9747970397428892, 0.003824952172496951], [0.010900863836065667, 0.007805284857438301, 0.0218517974381781, 0.9594420537683179], [0.005251420055011107, 0.01213619080351796, 0.9795474742844998, 0.0030649147569710464], [0.003773545104422505, 0.01019043091132588, 0.009789260922959484, 0.9762467629612921], [0.0011727006244568827, 0.9931587241734392, 0.003935103637559202, 0.0017334714645447333], [0.001679964676667403, 0.9929810548711709, 0.0040909693627324325, 0.00124801098942919], [0.006369567259053577, 0.01191638462596801, 0.976903584076208, 0.004810463938770393], [0.004791029327507589, 0.006306438791347867, 0.015958318700717865, 0.9729442130804267], [0.007316747868670265, 0.014127045302194196, 0.97509786016705, 0.003458346562085468], [0.004416143942792504, 0.006636608559209645, 0.011910797301286656, 0.9770364500967111], [0.0158288625878858, 0.9724412390789435, 0.009602714408259508, 0.0021271838249111246], [0.012762508248316474, 0.9756936945356002, 0.00978825605667962, 0.0017555410594037486], [0.014423615953668159, 0.008104990080909279, 0.9737940243749527, 0.003677369490469872], [0.012279696683397744, 0.0036929784563352547, 0.007566590636443272, 0.9764607341238237], [0.022293700104681985, 0.01014894730131559, 0.9647206540394216, 0.0028366984545807683], [0.01832402478147968, 0.0030676407880705367, 0.008069132369343047, 0.9705392019611068]], "ideal": "A", "sampled": "A", "correct": true}}
{"type": "result", "data": {"idx": 2, "options": ["In the late 1800s.", "In the early 1900s.", "In the 1920s.", "After the end of the Second World War."], "probs": [[0.14297615628146942, 0.46895396889801366, 0.1894722765809203, 0.1985975981395966], [0.06755444190215275, 0.26317446499913644, 0.6217060574857086, 0.04756503551300217], [0.10802368174762038, 0.515501110770346, 0.18380175923644737, 0.1926734481455862], [0.039581336519425754, 0.36132046980508525, 0.559792346001976, 0.03930584757351292], [0.029828498862049833, 0.9134499107015587, 0.042064692315176656, 0.014656898021214866], [0.03267523523034604, 0.8970126597757657, 0.053874832030340526, 0.016437272863547722], [0.12402288891676112, 0.7138154665519724, 0.09364165574064948, 0.06851998869061698], [0.08234859686594392, 0.3258775940296747, 0.5459045455903173, 0.045869263414064027], [0.1417182236768148, 0.45758232469751264, 0.14397750793447767, 0.2567219435911949], [0.05552456589654474, 0.19390219854661075, 0.6983821001109535, 0.052191135345891024], [0.013337937753431178, 0.9275984512642443, 0.04691614455952702, 0.012147466322797493], [0.017292723057924963, 0.9221386312516276, 0.04313469677732181, 0.017433948813125533], [0.17121682589826415, 0.3053663852723876, 0.2780203984709953, 0.24539639025835297], [0.07710283392460814, 0.22675516131404375, 0.6360539315759975, 0.0600880730853505], [0.21275450287121875, 0.30488741394808794, 0.24115498361560161, 0.24120309946509172], [0.07945062308095073, 0.17365835799393606, 0.6868807749532313, 0.060010243871881974], [0.02408042947167853, 0.8757003553729009, 0.07417294629996979, 0.0260462687554508], [0.026603417786065717, 0.8877910506262319, 0.061374427186660065, 0.02423110430104228], [0.4313879076911943, 0.4593665369791356, 0.0738201003272042, 0.03542545490246592], [0.46682224977253267, 0.43187914500944474, 0.0704948176697597, 0.03080378744826288], [0.6378072832233495, 0.21374253551161992, 0.11618085065265447, 0.03226933051237615], [0.6813423125254515, 0.20150463269836547, 0.06854249770682351, 0.048610556969359446], [0.6245553106227238, 0.23714200454917664, 0.08859221188333548, 0.049710472844764035], [0.6392586135335474, 0.2389628851329306, 0.06040733962040057, 0.06137116161312138]], "ideal": "C", "sampled": "D", "correct": false}}
{"type": "result", "data": {"idx": 3, "options": ["The level of tangibility associated with the type of product.", "Performance-value.", "Variations in supply and demand.", "The way in which the service is delivered."], "probs": [[0.03650093904892288, 0.23635268737290643, 0.6230827112561856, 0.10406366222198507], [0.025994382408725803, 0.08661514390712367, 0.0907614142988547, 0.7966290592852958], [0.016190393407582254, 0.7623507621121305, 0.1573541512090204, 0.06410469317126682], [0.022168403034950438, 0.5374370106669878, 0.08775327919051557, 0.35264130700754626], [0.023625026007382064, 0.10511017060013268, 0.19636056227502255, 0.6749042410174627], [0.02213093787363435, 0.1264354565279427, 0.6839208487570186, 0.16751275674140437], [0.030422550258398438, 0.14299923446460652, 0.6879967578556967, 0.13858145732129837], [0.023436893983163558, 0.07932357267641976, 0.10841148042680229, 0.7888280528136143], [0.012618453980989479, 0.8184102656990015, 0.09040622942697737, 0.07856505079303155], [0.012094438904758002, 0.7312222061124498, 0.14627070600898745, 0.11041264887380478], [0.016086694151169235, 0.31823757880421455, 0.13265134639924728, 0.5330243805453689], [0.014235271590268923, 0.2625645481972042, 0.6204027729361122, 0.10279740717641456], [0.09538211885739982, 0.3865086224253344, 0.3206396472276404, 0.19746961138962538], [0.06387554489185687, 0.20635646319450465, 0.10378751776298233, 0.6259804740506562], [0.0977549374674872, 0.36921461312611425, 0.24989537147480603, 0.28313507783159253], [0.08727310597023845, 0.20951704678824476, 0.2733241319383048, 0.429885715203212], [0.06347568900031084, 0.2512573526182466, 0.2083780802617979, 0.47688887801964464], [0.07612518625130614, 0.27867104354674727, 0.2459916362222175, 0.3992121338797291], [0.04867881681071155, 0.11683567960392369, 0.11866332197979551, 0.7158221815055692], [0.042861035994005356, 0.16314939788253643, 0.5971898898513242, 0.19679967617213406], [0.05829318087690673, 0.11068372883738113, 0.13142062379616437, 0.6996024663895477], [0.04968751200560085, 0.1289990635496356, 0.6657686704089237, 0.1555447539358398], [0.020997078994324018, 0.6383411289168016, 0.09056096424737914, 0.25010082774149517], [0.014895330665376367, 0.7946406760886545, 0.0877943643793448, 0.10266962876662432]], "ideal": "B", "sampled": "C", "correct": false}}
{"type": "result", "data": {"idx": 4, "options": ["found guilty under the Sherman Antitrust Act and face prison time", "found guilty under the Magnuson-Moss Warranty Act and face large fines", "found guilty under the Adamson Act and face prison time and fines", "found not guilty because retailers are allowed to set their own price levels"], "probs": [[0.9975922014952278, 0.0015722367533532386, 0.0005306998451262299, 0.0003048618062927903], [0.9974399933542317, 0.0016091510395098117, 0.0005142907096191358, 0.00043656479663936983], [0.997845491918418, 0.0017136972525613873, 0.00027756800993922594, 0.00016324271908136316], [0.9978111436704491, 0.0018240088847337919, 0.0002711151494737622, 9.373219534329454e-05], [0.9975382050004526, 0.001956436076814767, 0.0002526577726684159, 0.0002527010500641332], [0.99816276381125, 0.001524553918982812, 0.00021288027901295993, 9.980189075415086e-05], [0.00015454746215628326, 0.9982950777786329, 0.0008353771401345723, 0.0007149975190762028], [0.00016058003685329877, 0.9975236154784353, 0.0010718233055798882, 0.0012439810791315788], [0.008507410527346005, 0.08140137343535066, 0.7970995464227524, 0.11299166951455093], [0.012680456017402498, 0.07415647790182806, 0.023694755462991338, 0.8894683105177781], [0.005593243559770337, 0.028416729302491544, 0.9265423061094404, 0.039447720928297625], [0.02725553654449387, 0.09975038243020959, 0.18058041678100234, 0.6924136641442942], [0.9610526606927963, 0.03556134043979254, 0.001315817790356131, 0.002070180977055059], [0.9624441473497867, 0.03451547473555311, 0.0017730920026395513, 0.001267285812020601], [0.5010944711709099, 0.022204785149847937, 0.4637529352833726, 0.012947808295869577], [0.9580577709113851, 0.014550556576339312, 0.003402385895197202, 0.023989286517078358], [0.9606020603954134, 0.02641550329783762, 0.011184636919347207, 0.00179779928740172], [0.9470368123759679, 0.017349891540581246, 0.0021714950200666513, 0.03344180096338412], [0.0002065524010777954, 0.9991876534987724, 0.0002570568052140166, 0.00034873719493576697], [0.0001464779418063394, 0.9992641920481095, 0.00037108423958899484, 0.00021824567049516633], [0.019985478256353207, 0.03454866934927672, 0.8911230747307515, 0.05434277756361857], [0.13412423630392767, 0.09080897406040975, 0.1921802638603831, 0.5828865256752795], [0.013632261424628103, 0.9707403943052326, 0.012608472470893337, 0.0030188716992458884], [0.038269098380127355, 0.8987083007910396, 0.006446619601150502, 0.056575981127682584]], "ideal": "A", "sampled": "A", "correct": true}}
{"type": "result", "data": {"idx": 5, "options": ["A composite analysis of all environmental factors inside and outside the firm.", "A series of business decisions that aid in selling a product.", "The relationship between a firm's marketing strengths and its business weaknesses.", "A blending of four strategic elements to satisfy specific target markets."], "probs": [[0.0005195771083415164, 0.48354266732270557, 0.009208822367362954, 0.50672893310159], [0.001185569621554285, 0.06628144209243146, 0.9296884083412179, 0.002844579844796349], [0.0011441294627242667, 0.002423451343627427, 0.34039024382981825, 0.65604217526383], [0.0008765517581579546, 0.002204504348541869, 0.9844347475003722, 0.012484196292928029], [0.0002452820184704946, 0.9913110098805004, 0.007932568892336485, 0.0005111391086926914], [0.00012595781427376904, 0.9967059038606643, 0.0012136660401239683, 0.001954472184938033], [0.1561723375249748, 0.010467287244917248, 0.014989085224763703, 0.8183712899053442], [0.035420214884574995, 0.015851521087897103, 0.943122638747836, 0.005605625179691966], [0.12255342500682596, 0.008881557334895802, 0.01779583389301706, 0.8507691836652612], [0.04280542400671556, 0.007800192454430925, 0.9447750870583204, 0.0046192963805331225], [0.0004651743231848397, 0.9985094662883682, 0.0008555671734092733, 0.00016979211503770323], [0.0005149458597646739, 0.9985983411969096, 0.0007492000751430991, 0.00013751276818266007], [0.0006000189461028943, 0.0023561029233814196, 0.6279743911035487, 0.36906948692696695], [0.0006638199542044923, 0.0031433915650377516, 0.9647069552222497, 0.031485833158508045], [0.00013024431935782196, 0.8678215605757084, 0.003057657204484913, 0.12899053780044886], [0.00033899541066733567, 0.2872657979809661, 0.7111454373124096, 0.0012497691959568993], [9.462894509582123e-05, 0.9918231673517512, 0.0015030581473299194, 0.006579145455822945], [0.00013850249738360263, 0.944627657204201, 0.05498890291048561, 0.00024493728792971363], [0.9835666704492593, 0.010929213223727932, 0.004925014594563761, 0.0005791016324489686], [0.9845508132057509, 0.009960005180835818, 0.002680378747963487, 0.0028088027654498498], [0.9779430360441658, 0.01998532322541195, 0.0017460926424146676, 0.0003255479880075584], [0.9832302595044762, 0.01493170527473316, 0.0015491936995418601, 0.00028884142124884236], [0.9835197463643846, 0.010027267175564096, 0.002850266445181691, 0.0036027199148696656], [0.9854597924478524, 0.009662534923055797, 0.003964926533198372, 0.000912745995893376]], "ideal": "D", "sampled": "D", "correct": true}}
{"type": "result", "data": {"idx": 6, "options": ["Gatekeepers.", "Buyers.", "Users.", "Initiators."], "probs": [[0.9748862910456524, 0.017304692290751784, 0.00523684868482139, 0.002572167878774474], [0.9721449941558199, 0.018952115847615168, 0.004867715626843015, 0.004035174269721923], [0.9621230459383996, 0.03044488495162564, 0.004893480079866063, 0.0025385889301086668], [0.9547226561404087, 0.03644080138085337, 0.006432813681477203, 0.0024037286972606853], [0.9524848951505692, 0.032589097900280764, 0.007987091660650588, 0.006938915188499391], [0.9532046437905407, 0.032108130482289894, 0.01162961864643077, 0.0030576069807386544], [0.004531354426668524, 0.9779942759990524, 0.014851943810696867, 0.002622425663582146], [0.004943750449954351, 0.9791620605285241, 0.013329435455118648, 0.0025647534664029487], [0.006853565231522884, 0.02300087061429743, 0.9632910605152097, 0.006854503538969964], [0.0033108363994800165, 0.007576920123102679, 0.01192013551700925, 0.977192107860408], [0.006570728556254654, 0.023658169651442598, 0.9602842419405773, 0.009486859751725526], [0.004455929066724212, 0.00965459811630611, 0.016168115335190185, 0.9697213573817794], [0.009853614392405449, 0.9813871017751815, 0.0071506459697761255, 0.0016086377626368695], [0.008725545493157918, 0.9771140356717738, 0.012495009406254746, 0.0016654093288135216], [0.013978813031415169, 0.020495924008573963, 0.9574970689787126, 0.008028193881298348], [0.007750235273419443, 0.009643141832227985, 0.014030875231638843, 0.9685757475627137], [0.012303549688807217, 0.038189756447041284, 0.9401451382688271, 0.009361555495324364], [0.011070880123723526, 0.01973192748913414, 0.018249051344537404, 0.9509481409426049], [0.004070237280074234, 0.9877639949655644, 0.006656526419988034, 0.0015092412343732347], [0.004348697044695816, 0.983761825275604, 0.010593798708714549, 0.0012956788709857167], [0.005684486097406993, 0.02161848916407604, 0.9637534974771016, 0.008943527161415358], [0.005322896778568875, 0.010666381375398597, 0.02366407565812834, 0.9603466460879042], [0.007367741416871718, 0.04206025871093619, 0.9428497085477668, 0.007722291224425274], [0.008068199651885653, 0.019200238377927382, 0.018037424346405907, 0.9546941375237811]], "ideal": "A", "sampled": "A", "correct": true}}
{"type": "result", "data": {"idx": 7, "options": ["Motive development.", "An attitude.", "A self-concept.", "Product evaluation."], "probs": [[0.4404369409055848, 0.3124767623057565, 0.03240278819929701, 0.21468350848936174], [0.4601993710639438, 0.3265042286445406, 0.0751133562812076, 0.13818304391030795], [0.42237070827985146, 0.14608559228636664, 0.2191430064688975, 0.21240069286488436], [0.4476063451143384, 0.15481386279169693, 0.13439794484215833, 0.2631818471518063], [0.5111289911278174, 0.16351105786649084, 0.21987220822327777, 0.10548774268241395], [0.4210972895306676, 0.1134568849037282, 0.24000531849821502, 0.22544050696738918], [0.4738881735474977, 0.35788397844277064, 0.030292675799500544, 0.1379351721102311], [0.5441408955559219, 0.33021269475394066, 0.0691746350001151, 0.056471774590022276], [0.6776931335672535, 0.07610462661894536, 0.07485211695617042, 0.17135012275763079], [0.6003979220237731, 0.06537844741516015, 0.21412768160170031, 0.12009594885936643], [0.5191244250408253, 0.21658520920263072, 0.19402024770732534, 0.07027011794921863], [0.5461709850701951, 0.18313106074002156, 0.1801247516038559, 0.09057320248592743], [0.6186591112785806, 0.15173641637055832, 0.10584424987054714, 0.12376022238031384], [0.6292094822049312, 0.1449748480538161, 0.0763342185366642, 0.14948145110458844], [0.49343416128981077, 0.3340095678228174, 0.05535239395825506, 0.1172038768291168], [0.4634322134731203, 0.2902027199962831, 0.13278405960591258, 0.11358100682468401], [0.4324452361097339, 0.3531916316166031, 0.08649725180032122, 0.1278658803733418], [0.39748453034694864, 0.39162485704053396, 0.16832908311396663, 0.04256152939855076], [0.18236919488401496, 0.6076512087118819, 0.148872592890282, 0.06110700341382114], [0.19231122730239364, 0.4074124693463132, 0.23572632668045262, 0.16454997657084053], [0.15647112738746585, 0.5550815255727037, 0.19785582280207656, 0.09059152413775384], [0.148671854977995, 0.5703523328434988, 0.20011941192888982, 0.08085640014961633], [0.1787597049871207, 0.5864457952439149, 0.08184494639461232, 0.152949553274352], [0.1444312488308333, 0.6084710381632206, 0.1914006776595965, 0.055697035246349606]], "ideal": "A", "sampled": "B", "correct": false}}
{"type": "result", "data": {"idx": 8, "options": ["Promotion.", "Product.", "Target market.", "Pricing."], "probs": [[0.10580819528808508, 0.12471074983092517, 0.16518879932930824, 0.6042922554516815], [0.17489032632670848, 0.15199137090181036, 0.45028981187237943, 0.22282849079910172], [0.08546694131633947, 0.1754330501043035, 0.19877022197465544, 0.5403297865047015], [0.06758523087399712, 0.14538158691534322, 0.5319200832895998, 0.2551130988210598], [0.10657720455921525, 0.32835386467811356, 0.2517532872732581, 0.3133156433894131], [0.06418555946589938, 0.24230672144404528, 0.30631196938878513, 0.3871957496012702], [0.04950857966030076, 0.06984004680381883, 0.15859580524121983, 0.7220555681946605], [0.07070477140548455, 0.09974438768513141, 0.5520452116808884, 0.27750562912849563], [0.04794177943248942, 0.07313239991831805, 0.3713820410275694, 0.5075437795216231], [0.0644973045337782, 0.09387733436639106, 0.6075212132501596, 0.23410414774967112], [0.07050989892314703, 0.12283408653496695, 0.425396655433753, 0.38125935900813307], [0.06088094749491172, 0.1120202913158675, 0.4361965959398158, 0.39090216514940496], [0.05661556728650435, 0.1930967648285665, 0.2087642486795886, 0.5415234191053405], [0.036226908119512916, 0.16756918338030888, 0.5326174278814754, 0.26358648051870287], [0.07413153018218162, 0.10874956359001253, 0.26494758134155305, 0.5521713247862527], [0.08535441201118849, 0.12619559747646023, 0.5355885744063346, 0.25286141600601675], [0.03231285656573954, 0.1919232394469044, 0.4000339984508963, 0.37572990543645973], [0.05816118154393381, 0.2886218482083142, 0.39453551904144457, 0.25868145110630736], [0.08616973497700962, 0.158547835453196, 0.362922102235152, 0.3923603272346424], [0.051427085436937935, 0.10891652253732007, 0.3515821089050497, 0.4880742830206922], [0.09886892221013235, 0.13838217223214444, 0.4229631735954771, 0.33978573186224614], [0.08603665784549164, 0.13645647159814162, 0.3948728055513031, 0.38263406490506363], [0.03933579239834625, 0.11036394622629248, 0.5104134374100108, 0.3398868238653505], [0.06890908987401982, 0.2561216487691845, 0.361219335523897, 0.3137499257328987]], "ideal": "C", "sampled": "D", "correct": false}}
{"type": "result", "data": {"idx": 9, "options": ["Classical conditioning.", "Operant conditioning.", "Social learning.", "Behavioural learning."], "probs": [[0.24882546627918622, 0.35130657433533646, 0.35661618569592124, 0.04325177358955604], [0.19242046484780645, 0.30779656306114567, 0.16722210990869524, 0.33256086208235264], [0.3910919906972564, 0.32977282014848724, 0.187669688811916, 0.09146550024234033], [0.35731846623004293, 0.31075609190271264, 0.2534219064074937, 0.0785035353597508], [0.2433137071876908, 0.1897318121521228, 0.1780604176957293, 0.3888940628644571], [0.19125659761900451, 0.16125681994732952, 0.5714017152214853, 0.07608486711218064], [0.31058587695276646, 0.24230598678830173, 0.3868695083806626, 0.0602386277782692], [0.18950569063003164, 0.1927786709837458, 0.1699437746252414, 0.44777186366098115], [0.3535978609328647, 0.3829510905906743, 0.18930848443731482, 0.07414256393914616], [0.3304406529849792, 0.3578129223771919, 0.24563473669633262, 0.06611168784149624], [0.10884863978438035, 0.1254786923116916, 0.10889478867784239, 0.6567778791260857], [0.08541804551224066, 0.11877502499823145, 0.7048608659993076, 0.09094606339022027], [0.4310170411632582, 0.2103555947331835, 0.22717349228971398, 0.13145387171384434], [0.36768433995868044, 0.2232888373999353, 0.3145923363042048, 0.09443448623717944], [0.42046625357684014, 0.19585764843928954, 0.2632028221046613, 0.12047327577920901], [0.3532035959650664, 0.21790975411258742, 0.3703112615658745, 0.05857538825647167], [0.38878570161703685, 0.3598215388838702, 0.11492260141780929, 0.13647015798128367], [0.36512099604767145, 0.3275776109493739, 0.19241412898720014, 0.1148872639157545], [0.22476572096892974, 0.16204568300466338, 0.12222394379061786, 0.490964652135789], [0.17666751318390428, 0.12154257135795779, 0.6170187728221028, 0.08477114253603514], [0.15079623009853904, 0.13960846841106067, 0.10366773295356083, 0.6059275684368395], [0.1628178172510955, 0.1351354538856438, 0.6148887138596248, 0.08715801490363582], [0.20873500261814057, 0.6741388508118237, 0.06267388419123755, 0.05445226227879822], [0.17619043606389484, 0.6863708487454984, 0.08453751333837778, 0.052901201752228975]], "ideal": "A", "sampled": "C", "correct": false}}
{"type": "result", "data": {"idx": 10, "options": ["To break down large markets into smaller markets.", "To provide an opportunity to surpass competitors.", "By grouping together customers with similar needs, it provides a commercially viable method of serving these customers.", "To allow the achievement of greater market share."], "probs": [[0.003608722783924597, 0.005954858895087395, 0.9857659594378871, 0.004670458783100886], [0.004933875322851408, 0.0026639282105779573, 0.006537358015613632, 0.985864838350957], [0.0018222587158482411, 0.996971201366251, 0.0006008802516119313, 0.0006056595662888185], [0.0007783607217443019, 0.9978408945030933, 0.0007602066844730312, 0.000620537990689313], [0.004183719183690771, 0.004121949689664145, 0.006583314712357752, 0.9851110163142873], [0.004105009311368703, 0.009623649774824699, 0.9817622795605749, 0.004509061253231631], [0.0005199182462619363, 0.008526146848272041, 0.9855798987324045, 0.0053740360730614774], [0.0003403140623857905, 0.0026781573295918703, 0.005755021774614734, 0.9912265067334076], [0.00011575632755527897, 0.9982064627928371, 0.0009463861633786498, 0.000731394616228932], [9.824832820241277e-05, 0.9982825366869955, 0.000587700636427521, 0.0010315142483745326], [0.000364638861009777, 0.001700231437620007, 0.01586856861954929, 0.9820665609818209], [0.0005046030102212766, 0.00696889659926119, 0.9794149066029293, 0.013111593687588286], [0.9850170365293663, 0.012696227345555275, 0.0013379794665011279, 0.0009487565585772024], [0.982860975748835, 0.015043667396509254, 0.0014547893862525496, 0.0006405673684031623], [0.990949773018143, 0.0069988945228290165, 0.0012843809008656099, 0.0007669514581624075], [0.9911215256453829, 0.00673186310041289, 0.001206772628808665, 0.0009398385253955361], [0.9879482822830071, 0.010393389026281645, 0.0012123078873633839, 0.0004460207033478314], [0.9897814676085156, 0.008632493452226555, 0.0010470393180376607, 0.0005389995212201477], [0.00297664612063822, 0.0034286884712685876, 0.0052249644181625995, 0.9883697008899306], [0.005751051706459127, 0.013378321581153688, 0.9754249653446289, 0.005445661267758358], [0.002033211507052389, 0.001585045751368776, 0.006461963196052468, 0.9899197794455263], [0.0023348537731728873, 0.0069762174465962225, 0.9802255021679972, 0.010463426512233722], [0.0011869251423235827, 0.9978961296803485, 0.0005605640690103678, 0.00035638100831754795], [0.0011687718513295389, 0.9981221313976236, 0.0003794036073095799, 0.0003296930437372814]], "ideal": "C", "sampled": "C", "correct": true}}
{"type": "result", "data": {"idx": 11, "options": ["Repeat purchases.", "Buyphases.", "Buyclasses.", "Tenders."], "probs": [[0.1265797447051226, 0.20710310029248974, 0.6186333801927424, 0.047683774709645285], [0.25569308754081715, 0.2597277260955619, 0.08838408768724029, 0.3961950985763807], [0.024716484575658167, 0.057033559517781926, 0.9069290494432847, 0.011320906363275209], [0.18375637698877145, 0.11679998310828636, 0.03734238055874013, 0.662101259244202], [0.14813726476720085, 0.21221904995916296, 0.23681152296030844, 0.4028321622133278], [0.03710813323047268, 0.07266133034265615, 0.01837381658756149, 0.8718567197393097], [0.48455426000006874, 0.181061412737229, 0.22193845937050036, 0.11244586779220193], [0.47912624116572017, 0.15312662605060742, 0.09889075830416345, 0.26885637437950893], [0.4356615542929817, 0.28571858999256156, 0.13714414833604754, 0.1414757072784092], [0.34510027435548857, 0.17906587891372777, 0.09661765971514953, 0.37921618691563413], [0.33217061067995113, 0.14181338682742972, 0.39486399327263455, 0.13115200911998462], [0.24379274572920298, 0.13053869682278416, 0.3779326958526256, 0.24773586149538726], [0.03536328168741579, 0.1159798981140841, 0.8186291150440795, 0.0300277050544206], [0.08664376936012085, 0.12804299448592174, 0.047868545558711145, 0.7374446904952463], [0.025749803178473904, 0.9437236915168471, 0.02273053935993532, 0.0077959658447436285], [0.021894976453724402, 0.9022514206344435, 0.02725491853669629, 0.04859868427513576], [0.03493090900814182, 0.07058744499955108, 0.22447754121072516, 0.6700041046815819], [0.03242578139702049, 0.09312693149304158, 0.7109490155571451, 0.1634982714527929], [0.0553810832306738, 0.23317482096250983, 0.35017345134780115, 0.36127064435901524], [0.014094288879543433, 0.05662183631753459, 0.015005638337292902, 0.9142782363656291], [0.05538664675119012, 0.4061239300839695, 0.2881866948288577, 0.25030272823598265], [0.050113883976118226, 0.3143006100928579, 0.5351022202305677, 0.10048328560045612], [0.032604900833176374, 0.09290774615595761, 0.1877700479178511, 0.6867173049930149], [0.01061759024130647, 0.07257044877186948, 0.8713873404813719, 0.04542462040545216]], "ideal": "C", "sampled": "B", "correct": false}}
{"type": "result", "data": {"idx": 12, "options": ["Winner's curse.", "Winner's price.", "Winner's reward.", "Loss-leader pricing."], "probs": [[0.991260794233219, 0.007000514964236488, 0.0013049261537551153, 0.0004337645487894301], [0.9917183129501956, 0.0066830410795236835, 0.0012360498755734277, 0.00036259599470722935], [0.9915010877360486, 0.006893727994903074, 0.0012454757999936208, 0.00035970836905471824], [0.9912831119324632, 0.007000735447269836, 0.0013783125810876847, 0.00033783993917925763], [0.9900919692327619, 0.008048050953406641, 0.0013766561026367777, 0.00048332361119467757], [0.9897770927617332, 0.008172090203267627, 0.0016342901002142434, 0.0004165268347849691], [0.002144102348345652, 0.9953766968257074, 0.002229022440466802, 0.00025017828548008726], [0.0012231012392015276, 0.9964923873536468, 0.0019847570272691593, 0.00029975427988251853], [0.011864398916690562, 0.024345691070217775, 0.9575855542212305, 0.006204355691861201], [0.010807471670842403, 0.01622497897358349, 0.02983971028743937, 0.9431278389681347], [0.005602549320122289, 0.01865815348165391, 0.9723671332915346, 0.0033721638066892645], [0.022644042931128993, 0.051032103040843456, 0.0494578252951477, 0.8768660286328799], [0.002878905855476381, 0.9931875270891861, 0.003444803551615375, 0.0004887634037221636], [0.002041871714638797, 0.9933419496048475, 0.004123500659739784, 0.0004926779207739453], [0.007308192329770152, 0.017260140385024027, 0.972478481852269, 0.002953185332936771], [0.007502543824078312, 0.011620711875542476, 0.028313268398760593, 0.9525634758016186], [0.0061224140600874616, 0.02204608576761222, 0.9675567069364305, 0.0042747931358697935], [0.004856466617835388, 0.014274024417975865, 0.02584491335300912, 0.9550245955111797], [0.0012042514099796515, 0.9965123751254941, 0.0019540716160078558, 0.00032930174851844015], [0.0018060641931618865, 0.9955725213088928, 0.002410647581557523, 0.0002107668163877565], [0.00407223086849239, 0.011782649759235951, 0.9812571701886464, 0.0028879490836252446], [0.008143104293491002, 0.021122432416854273, 0.02932240885245647, 0.9414120543371982], [0.008434546914166468, 0.025978758323696994, 0.9601402058204641, 0.005446488841672397], [0.0061888586226027074, 0.020293050570629426, 0.025649932616988277, 0.9478681580897795]], "ideal": "A", "sampled": "A", "correct": true}}
{"type": "result", "data": {"idx": 13, "options": ["Price bundling.", "Price elasticity.", "Price inelasticity.", "Price inflation."], "probs": [[0.2594135508118771, 0.6032365706528559, 0.09693931810040564, 0.040410560334861394], [0.2845253949412146, 0.5931080590212081, 0.029990306176953415, 0.09237623976062392], [0.009426489658002503, 0.0106843712049496, 0.9769222928720549, 0.0029668461649929342], [0.01088800748359684, 0.0044696927128588864, 0.004399390431238995, 0.9802429092723053], [0.06518587165857398, 0.059373435587578495, 0.8455926381326963, 0.029848054521151225], [0.004719093843633661, 0.00329553410521477, 0.004164781775912589, 0.9878205901752389], [0.9054274136493073, 0.06559398464230604, 0.011047489425576583, 0.01793111218281002], [0.8856977213075731, 0.06938153218351212, 0.012150650714888736, 0.0327700956940261], [0.9010091842388419, 0.06840580726951143, 0.014338182968441944, 0.0162468254232047], [0.8811537622524303, 0.07011009006991237, 0.010021336375664889, 0.03871481120199247], [0.9121301326159417, 0.05227524874298038, 0.011663705304911653, 0.023930913236166234], [0.885440867559025, 0.05401903269360902, 0.03380179562276261, 0.0267383040246034], [0.05159447709498334, 0.028059389250655743, 0.914821021341087, 0.00552511221327394], [0.027108497188400124, 0.010955774683350225, 0.006144453096986407, 0.9557912749312633], [0.006081605163831302, 0.9913021651077749, 0.002168616453497778, 0.00044761317489599116], [0.0068865209690150905, 0.9906098884418582, 0.002019958457582374, 0.0004836320315443557], [0.04242828028464889, 0.010400498071752766, 0.011068850527793895, 0.9361023710158044], [0.026996786905633677, 0.016898571986823287, 0.9519312123691496, 0.004173428638393479], [0.0064150463864145425, 0.07459240727299252, 0.908898242246001, 0.010094303994591896], [0.001813640107925228, 0.008130214125149027, 0.00541465958847632, 0.9846414860784494], [0.0022055028312574477, 0.9925662980297676, 0.004056720793767097, 0.0011714782452079155], [0.0016614059133572875, 0.990539619166018, 0.006674673933095344, 0.0011243008875294357], [0.005800253384245441, 0.04154874149881292, 0.007107113552518664, 0.945543891464423], [0.005087245946075795, 0.03644188693413634, 0.9547480488605995, 0.003722818159188371]], "ideal": "B", "sampled": "B", "correct": true}}
{"type": "result", "data": {"idx": 14, "options": ["Relationship marketing.", "Service mix.", "Market exchanges.", "Service failure."], "probs": [[0.10279186774047991, 0.05170102022119331, 0.8218348589924143, 0.02367225294591251], [0.0776467914187859, 0.03500465616275407, 0.2668735623277786, 0.6204749899906814], [0.15445362081569952, 0.7254985490555366, 0.0595564525927975, 0.060491377435966436], [0.12494436777887101, 0.5961683212300865, 0.2687860616763066, 0.010101249214735885], [0.05293111660341946, 0.33981148417804435, 0.03812606745952778, 0.5691313316590084], [0.07824615880214991, 0.2689193953975888, 0.6454372811109882, 0.007397164589273133], [0.11993607057564537, 0.06322019899862234, 0.7949917163831567, 0.021852013942575542], [0.10947893906999716, 0.04156247837519244, 0.15685514958145194, 0.6921034328733584], [0.2570198033206818, 0.5033387245234408, 0.1465331552199908, 0.09310831683588666], [0.21069552080720552, 0.5055584329813251, 0.24654336363049323, 0.0372026824809761], [0.08646148957708068, 0.07996709375577755, 0.038368041116217985, 0.7952033754509238], [0.15548520715381778, 0.22984090324969852, 0.578303609927498, 0.036370279568985725], [0.9380348712206549, 0.03812382788259007, 0.011270168201936782, 0.012571132594818237], [0.9295239829797327, 0.04486263269992583, 0.01899721859455657, 0.006616165625784835], [0.949357131554605, 0.03681640992804378, 0.010065462223639337, 0.003760996193711882], [0.92478278907163, 0.048257602398877664, 0.0180333543154081, 0.008926254114084153], [0.8809930528318779, 0.08068865942631265, 0.023852820774066398, 0.014465466867743054], [0.8894046783661124, 0.07302066646030436, 0.022270928543481876, 0.015303726530101359], [0.17037045573146611, 0.02654270768177231, 0.027382946889725562, 0.775703889597036], [0.23096280793012677, 0.07156956786868648, 0.6899803132343727, 0.0074873108668140195], [0.19572242878335944, 0.030973069523264802, 0.034549823417121435, 0.7387546781762543], [0.30979741280160494, 0.08211405750346035, 0.5976479180918356, 0.010440611503099103], [0.523821126174014, 0.37152034801762174, 0.09694501955283902, 0.007713506155525245], [0.5812495068764448, 0.35259477573187287, 0.04626168086139978, 0.01989403643028252]], "ideal": "C", "sampled": "C", "correct": true}}
{"type": "result", "data": {"idx": 15, "options": ["Search marketing.", "Internet advertising.", "Permission-based email marketing.", "Social web marketing."], "probs": [[0.0006180767382137258, 0.004257128842438455, 0.9941136376563167, 0.001011156663031111], [0.00023131852311674003, 0.0005727365587506364, 0.003761305217238569, 0.9954346396008941], [0.00023220109894304594, 0.9983394126925671, 0.001314303407495138, 0.00011408270099474543], [0.00024906993041396656, 0.9981946504672952, 0.0014098343569590869, 0.00014644514533175876], [0.0002383458279595431, 0.0005167574139851217, 0.005214684974663592, 0.9940302116833918], [0.0009119032252815428, 0.0052069165207426745, 0.9924796894950706, 0.001401490658905184], [0.0008986063233330125, 0.00485833658842652, 0.9933854943393705, 0.0008575626488699565], [0.00042171133730017327, 0.0006955929568061378, 0.004462202919865668, 0.9944204926860281], [0.0003123112734669952, 0.9978325037525184, 0.0017132942464778134, 0.00014189062753675296], [0.0002957150842739841, 0.9979177045774756, 0.0015971439310351351, 0.00018943630721525055], [0.0003286950829272623, 0.0006240241315720667, 0.003819762957542395, 0.9952275177279583], [0.0011511440464093332, 0.006471138955477655, 0.9911231463359029, 0.0012545705622100335], [0.9931449011174829, 0.004974338251438337, 0.0016786377788337993, 0.00020212275224498158], [0.9923708208633232, 0.0054587709867012155, 0.0019305761218186895, 0.0002398319281568545], [0.9915859229155473, 0.006085026720768104, 0.0021021565357142126, 0.00022689372797044473], [0.991731477467788, 0.005898406095063976, 0.00211893953888888, 0.00025117679825909954], [0.9928506162601851, 0.005130544222571211, 0.001800362970172055, 0.000218476447071655], [0.9929606042940763, 0.004973231211140008, 0.0018146777953318351, 0.0002514865994518515], [0.00018154453626688404, 0.0004256491507603237, 0.004194950994727366, 0.9951978552182454], [0.0006729485241955778, 0.0047817349176335275, 0.9931752612501588, 0.0013700552080121514], [0.00019337226690449179, 0.0005259150637961677, 0.0034261562387927587, 0.9958545563305066], [0.0006668647611297301, 0.0057607169208728605, 0.9919727159985948, 0.0015997022194025707], [0.0003096810356522158, 0.9972137211385242, 0.002215776226918868, 0.0002608214989047161], [0.00028418004035205295, 0.9971846770550384, 0.0022682819599929615, 0.0002628608446165073]], "ideal": "C", "sampled": "C", "correct": true}}
{"type": "result", "data": {"idx": 16, "options": ["Vehicle.", "Courier.", "Transportation.", "Distribution channel."], "probs": [[0.012466523101763, 0.006889642347114066, 0.005118675161509986, 0.9755251592896129], [0.058108612609769496, 0.03211608679961519, 0.8957525469531592, 0.014022753537456092], [0.011232778010671516, 0.004266421728929033, 0.003975782065370323, 0.9805250180950291], [0.060661664623723445, 0.035136030429665475, 0.8923462960850791, 0.011856008761531972], [0.006133082364217569, 0.991872762768816, 0.0008048798768816896, 0.0011892748900848144], [0.005502123112256263, 0.992654596680816, 0.0008642112672544596, 0.000979068839673268], [0.0030464686236455663, 0.0038542350906588373, 0.005184336468888023, 0.9879149597168075], [0.011787470712581238, 0.01612297543046368, 0.9670582477373316, 0.005031306019623496], [0.0014394045174337558, 0.0009377232957650392, 0.0016966388321880434, 0.9959262332546132], [0.014115358280303464, 0.01813687688834858, 0.9600721422489125, 0.0076756224824354935], [0.0021774993776828852, 0.9952136335709156, 0.0012030140122712516, 0.0014058529391301903], [0.0015112091421576785, 0.9970460040896907, 0.0005475433555969293, 0.0008952433125546843], [0.001481978158745341, 0.0014376090218836633, 0.003366838296802917, 0.993713574422568], [0.011651531602113623, 0.019224563298286795, 0.9634883841830301, 0.005635520816569474], [0.0011117879645489972, 0.0012609871199406938, 0.0022116673402971508, 0.9954155574752132], [0.011766697344841454, 0.027374947898258357, 0.9503917306508869, 0.01046662400601333], [0.002111599113172255, 0.9957219602834286, 0.0010537952341817675, 0.0011126452692173333], [0.001522763259404023, 0.9968418490592471, 0.0005473089155966173, 0.0010880786657522675], [0.9823487111837945, 0.013066727283406129, 0.0011776273257828246, 0.0034069341070165475], [0.9797586266655284, 0.014538311494537099, 0.0010947723711679715, 0.0046082893687665934], [0.9869448702461672, 0.007539910852107078, 0.001085763814751323, 0.00442945498697446], [0.9894630272820861, 0.006723518395452491, 0.0006399113695192462, 0.0031735428529421237], [0.9871095265106429, 0.006812481103475221, 0.0011741650340644934, 0.004903827251817405], [0.9900031663701881, 0.005936253586101164, 0.0007844372648180502, 0.003276142678892563]], "ideal": "D", "sampled": "D", "correct": true}}
