{"type": "result", "data": {"idx": 0, "options": ["jus in bello.", "jus ad bellum.", "moral nihilism.", "all of the above"], "probs": [[0.1706940530391585, 0.8144186843684782, 0.01074352580867179, 0.004143736683691461], [0.06963373394070939, 0.6607908892671632, 0.2670170241535863, 0.0025583525385410376], [0.7220976248609948, 0.0704140669381026, 0.17423540154547418, 0.03325290655542837], [0.8302089919747498, 0.08483575030802452, 0.052254660355150764, 0.03270059726207488], [0.7515107560489004, 0.1677202321656763, 0.07558405567510199, 0.005184956010321354], [0.8811753798633355, 0.10201690126457931, 0.009865693535683423, 0.006942025236401731], [0.2952556512194886, 0.6973744399550625, 0.005201075984913242, 0.0021688327405355507], [0.10433527472269898, 0.6699336421609814, 0.22442687396806107, 0.0013042090482584907], [0.9083361278624096, 0.03691785008443611, 0.043834846819544165, 0.010911175133610083], [0.8939704664412058, 0.047390384674154615, 0.026578449799304783, 0.03206069898533473], [0.8520655953652252, 0.11178313654558307, 0.034087661599727995, 0.0020636063894637503], [0.9422479848345275, 0.05233909923877525, 0.0038809936878608257, 0.0015319221388363992], [0.016712114550562877, 0.3987113767149614, 0.22716906081236893, 0.3574074478221068], [0.01908773492164166, 0.6032863056444708, 0.3332311398982057, 0.04439481943568181], [0.005152852115596269, 0.3585077711667391, 0.45324422511670165, 0.18309515150096295], [0.008158983513246511, 0.7345393407891333, 0.14464373782535456, 0.11265793777226567], [0.03197124349976206, 0.1255147358805734, 0.7933723901133346, 0.04914163040632988], [0.016205776683636458, 0.08901718091084804, 0.8316644173372675, 0.06311262496824803], [0.36377205764636417, 0.459942340130632, 0.17184584929334554, 0.0044397528296583125], [0.29707850461470303, 0.5638363037807367, 0.02273062353911972, 0.11635456796544051], [0.10804337205872445, 0.87684344694688, 0.014061801954004118, 0.001051378940391411], [0.06517292860462824, 0.928273005487313, 0.0034812189851113145, 0.003072846822947436], [0.5369114499226709, 0.07045134444934735, 0.33604206028372835, 0.05659514524425337], [0.29192914903383216, 0.05932993308614111, 0.6086038214416801, 0.0401370963383466]], "ideal": "A", "sampled": "B", "correct": false}}
{"type": "result", "data": {"idx": 1, "options": ["violates human dignity.", "fails a prima facie duty of honesty.", "is tantamount to asserting that you are infallible.", "is a risk worth taking of the speech is dangerous enough."], "probs": [[0.21807707775568552, 0.7732686903754056, 0.008006627261270027, 0.0006476045076388675], [0.24941859489533796, 0.7447288883288673, 0.005510705708846062, 0.00034181096694863163], [0.46885156321124777, 0.25503176281917267, 0.2673883420411227, 0.00872833182845682], [0.6435997797158384, 0.2156671240846937, 0.05495098871323382, 0.08578210738623403], [0.42784976357250804, 0.06514853892454565, 0.5008445907696647, 0.0061571066332816015], [0.6198979481358777, 0.0907883115609331, 0.1593134670778841, 0.13000027312530502], [0.9714090991089839, 0.023760572484232814, 0.00429282624202282, 0.0005375020647604654], [0.979176134989122, 0.01738603760103758, 0.0030445133356578748, 0.00039331397418244224], [0.9484681815175328, 0.03946145015368413, 0.011042924979853659, 0.0010274432489294002], [0.9648068016869075, 0.02824286192644249, 0.006203446497058579, 0.0007468897895914738], [0.9620130873894284, 0.022105131794041354, 0.01495485227565721, 0.0009269284408730952], [0.962566450042334, 0.020616057989112268, 0.015681290347001827, 0.0011362015215519142], [0.5166437722803673, 0.2121117750857846, 0.268241321112108, 0.0030031314217401225], [0.6281924492130069, 0.31104917573151253, 0.03227411774926588, 0.02848425720621468], [0.1285301153999925, 0.8648580943149428, 0.006154967030759059, 0.0004568231543056204], [0.15944838188182767, 0.8355690476166515, 0.004667168414375183, 0.000315401987145628], [0.6335936831317077, 0.05123621263018647, 0.2406467813060945, 0.07452332283201134], [0.4562742338828205, 0.03660362394159826, 0.5014649876615032, 0.005657154414077989], [0.026658097533865933, 0.7917007878701434, 0.17950128188413972, 0.0021398326118509483], [0.05246135836228255, 0.8340354949349732, 0.09358002680256335, 0.019923119800180907], [0.052370650045241225, 0.7176798748457214, 0.22590722667372232, 0.004042248335315078], [0.10126749387388724, 0.7486781449289049, 0.1203373516963138, 0.02971700940089405], [0.1157700599699904, 0.23783524936163114, 0.5449311529698244, 0.10146353759855398], [0.1270576315640123, 0.4106068167650924, 0.3921080973392554, 0.07022745423163991]], "ideal": "C", "sampled": "B", "correct": false}}
{"type": "result", "data": {"idx": 2, "options": ["obscures the harms of noncoerced, consensual sex by implying that because what is coerced is bad what is noncoerced is good.", "obscures the harms of rape by equating all sex with nonconsensual sex.", "by not acknowledging a distinction between what is good and what noncoerced, has led to the acknowledgement of the harms of consensual sex.", "All of the above"], "probs": [[0.4828492250882387, 0.1696039876168502, 0.03085920299474729, 0.31668758420016385], [0.30983867502384366, 0.08477145231256793, 0.5979852533779739, 0.007404619185614535], [0.5998043462019705, 0.075131081596931, 0.023435861044535863, 0.30162871105656264], [0.8072304952508118, 0.054986034799162496, 0.13180985443961263, 0.0059736154104130645], [0.6556833006500766, 0.2909824050018856, 0.04937162040489845, 0.0039626738431392545], [0.7693467116589927, 0.18858708354338752, 0.03275124599838913, 0.00931495869923058], [0.43880986144371004, 0.1277853307500249, 0.02739729109418412, 0.4060075166120809], [0.3311476133081428, 0.061308695474908484, 0.6003373956357523, 0.007206295481196404], [0.47805137945667997, 0.08577386980261945, 0.03354854196453798, 0.4026262086761626], [0.6377070590889912, 0.06940910917588607, 0.26594304730491125, 0.026940784330211544], [0.5699948813893427, 0.37383518576652497, 0.04978629701191318, 0.00638363573221913], [0.7156034480711868, 0.2217022557168437, 0.03451787198212559, 0.02817642412984386], [0.09290518645350368, 0.16316057800792444, 0.035258192696838594, 0.7086760427417332], [0.1980743788630276, 0.2429053701733471, 0.5389349279370856, 0.020085322926539674], [0.11415604223553878, 0.13567470568708992, 0.03944570359902038, 0.7107235483783509], [0.16481952121964683, 0.14788909034607475, 0.6227300669713447, 0.06456132136293374], [0.26107153036815955, 0.2455865400650751, 0.3861595496613588, 0.10718237980540647], [0.2721797187029379, 0.384271168904752, 0.25583371136262145, 0.08771540092968867], [0.17231950900349277, 0.7966764313742271, 0.026620448773430935, 0.004383610748849257], [0.16590468922842924, 0.8165710001045668, 0.013828673370442345, 0.00369563719656152], [0.3006706265494432, 0.63655830016102, 0.04645407615187838, 0.016316997037658418], [0.2295681360000685, 0.7069751810877226, 0.040189767150990714, 0.02326691566121816], [0.29696529658201043, 0.37559693488303536, 0.22070419457278675, 0.10673357386216743], [0.33712720616421066, 0.4132249026092059, 0.15076066439759628, 0.09888722672898718]], "ideal": "A", "sampled": "D", "correct": false}}
{"type": "result", "data": {"idx": 3, "options": ["its quantity alone.", "its quality alone.", "both its quantity and its quality.", "neither its quantity nor its quality."], "probs": [[0.004594015077582362, 0.03586332957206793, 0.9544159794715322, 0.005126675778817487], [0.02610062693289295, 0.02912651247151799, 0.00990700957673303, 0.934865850918856], [0.0005394927890417399, 0.9984083277746618, 0.0008823949174252669, 0.00016978441887120012], [0.0005353309133388408, 0.9984886116789952, 0.0007910243637509186, 0.00018503294391512145], [0.11995780377411953, 0.04626575449938534, 0.03894678101338807, 0.794829660613107], [0.061046493496207097, 0.05063217231802552, 0.8835376673000137, 0.004783666785753668], [0.004533033138478174, 0.02113141795651359, 0.9716697278925535, 0.002665820912454798], [0.054112917716056246, 0.020547916300528758, 0.009778515935659796, 0.9155606499477552], [0.0009759981451194138, 0.9974963939160885, 0.0013131390979961215, 0.0002144687407959594], [0.001123127601197368, 0.99731507081235, 0.0013439870160699074, 0.00021781447038265813], [0.21454613108413723, 0.029507253590882028, 0.018457802182618648, 0.7374888130423621], [0.4447948093821706, 0.04839308295753643, 0.5041662775465644, 0.0026458300137285613], [0.987613769058962, 0.011499397823138188, 0.0007350993344147235, 0.00015173368348501677], [0.9888192770282961, 0.01048305884530737, 0.0005469345936428667, 0.00015072943275368746], [0.9850411881955594, 0.013834905440855007, 0.000934090216853635, 0.00018981604673187094], [0.9861036902390491, 0.013010557433860112, 0.00071137891567537, 0.0001743733114153848], [0.9930268952494019, 0.006435501279273675, 0.0004178594027978625, 0.00011974396852654047], [0.9911784057988946, 0.008056920122851398, 0.0005974377347602834, 0.00016723624349366666], [0.0657569263827205, 0.05285475704576506, 0.028284571553907848, 0.8531037449176065], [0.06882474088522082, 0.07103806259569984, 0.8520425882584031, 0.008094608160676232], [0.08978759529954708, 0.09560545568555245, 0.03862027465396959, 0.7759866742609308], [0.23859364503005318, 0.1565410094265862, 0.5725666454626748, 0.03229869998068582], [0.00784252462003417, 0.9878179048610728, 0.0034798135108174044, 0.0008597569080756621], [0.015406369881631379, 0.9682014407740087, 0.014137070367866355, 0.0022551188764935734]], "ideal": "C", "sampled": "C", "correct": true}}
{"type": "result", "data": {"idx": 4, "options": ["the animal.", "the wider effects on human beings.", "both A and B", "neither A nor B"], "probs": [[0.03019371713491544, 0.06249964027041765, 0.8908818660607516, 0.01642477643391532], [0.047108686051763396, 0.1222423800035549, 0.033404528095823074, 0.7972444057488586], [0.09068102167219533, 0.4981871534456602, 0.3823568147281811, 0.028775010053963334], [0.15288963105742437, 0.6142900860123013, 0.1118606229846356, 0.12095965984563876], [0.14435444555695068, 0.06411415242337562, 0.40512620795004123, 0.38640519396963247], [0.2654894649453838, 0.09471450211757622, 0.3864346232571992, 0.2533614095798408], [0.076554601585523, 0.11322749067522826, 0.7743246323787322, 0.03589327526051661], [0.17394425361974628, 0.15354793115394494, 0.05559627090426245, 0.6169115442220463], [0.1643342885930413, 0.4830912397196694, 0.30245034306338564, 0.05012412852390368], [0.25005566139791535, 0.4819917498795097, 0.1516746672957459, 0.11627792132682903], [0.43604161681282755, 0.09434918917741841, 0.1604202663675423, 0.3091889275422117], [0.4033865512527909, 0.13517109162518615, 0.29063169464386535, 0.17081066237815762], [0.36554970108062046, 0.4078853887248129, 0.1700601222548406, 0.05650478783972606], [0.34506131395652495, 0.5261800014203617, 0.06186009620241116, 0.0668985883207022], [0.38050818014242227, 0.3465572556518965, 0.2237885420122262, 0.04914602209345505], [0.3272242071608387, 0.5148114157255544, 0.07651261524510489, 0.08145176176850186], [0.47392055740624445, 0.23464384847502792, 0.11434798771748866, 0.17708760630123896], [0.41420209915059714, 0.19878995721796325, 0.21161958801897604, 0.17538835551246354], [0.07913622044893977, 0.20856287981768426, 0.08968170587667573, 0.6226191937567003], [0.03702380907928112, 0.31259197226462093, 0.6217649028705039, 0.028619315685594036], [0.048249095673504556, 0.379642456731979, 0.12131386994102412, 0.45079457755349234], [0.03976375283349319, 0.36295118929941556, 0.5450067072928791, 0.05227835047421214], [0.061965901167581654, 0.4439068717665117, 0.13750489003510769, 0.3566223369307989], [0.07591258564027668, 0.3594338515167997, 0.29338615474033186, 0.27126740800259175]], "ideal": "B", "sampled": "C", "correct": false}}
{"type": "result", "data": {"idx": 5, "options": ["skin cell nuclear transfer", "stem cell nuclear transmission", "somatic cell nuclear transfer", "none of the above"], "probs": [[0.10976237382841937, 0.012508679633046717, 0.8769775292789056, 0.000751417159628356], [0.42857952059106713, 0.007147712356357204, 0.005228927497251874, 0.5590438394553238], [0.019408693827347924, 0.9798507492640991, 0.0006904473434554941, 5.010946509751331e-05], [0.021934142192369922, 0.9772781899449746, 0.0007445970551571276, 4.307070749827118e-05], [0.5272407855291663, 0.00872453728214155, 0.0059029482202238946, 0.45813172886846826], [0.7456769741476332, 0.01214763209882998, 0.2420875364604468, 8.785719309003324e-05], [0.0007264539975685634, 0.03609488429687746, 0.9606237735393882, 0.0025548880661657326], [0.00016635389934235016, 0.002880324141828943, 0.0029253296103607003, 0.9940279922484679], [6.109789824827679e-05, 0.9995792739749318, 0.0003101232358870538, 4.9504790932847285e-05], [5.920595181674164e-05, 0.999473040528384, 0.00038290461186999385, 8.484880792923305e-05], [0.0007624522333579564, 0.005210259315724415, 0.40114765220514237, 0.5928796361457753], [0.0006618507415038171, 0.006788760518214449, 0.99195141981799, 0.0005979688222917718], [0.9978686525780542, 0.0017403742203048842, 0.00036764617694126926, 2.3326924699629703e-05], [0.9974642995291437, 0.0019560073271265217, 0.0005560099049664386, 2.3683138763315132e-05], [0.9981984026799657, 0.001355858314109731, 0.00042329829855856986, 2.2440607365951002e-05], [0.9976380381714969, 0.0016345973962776452, 0.0006920835357295477, 3.5280796495867804e-05], [0.9973443549241161, 0.0016598422916030103, 0.0009757057221345761, 2.0096962146282445e-05], [0.9975319846407361, 0.001712858605094628, 0.0007309111056616036, 2.4245548507653972e-05], [0.00025399681674936826, 0.21690372054622348, 0.0016176589148092478, 0.7812246236222179], [0.00014618981685163738, 0.826517998653806, 0.17326050745271537, 7.530397662689834e-05], [0.0003764240011618972, 0.004549640185655843, 0.012560774801751383, 0.9825131609114308], [0.0005444307534338043, 0.021742876906749142, 0.9766214619139496, 0.0010912303258674815], [0.00010310087590799808, 0.9997033114794815, 0.00017262301946766915, 2.0964525142731473e-05], [0.0001168290496840422, 0.9996897806321885, 0.0001621663966026012, 3.122382152486458e-05]], "ideal": "C", "sampled": "C", "correct": true}}
{"type": "result", "data": {"idx": 6, "options": ["we allow the patient to harm him- or herself.", "we force doctors to harm the patient.", "we harm the patient's family.", "we harm the patient."], "probs": [[0.3102192936195771, 0.06928320357410689, 0.022470560341140672, 0.5980269423651753], [0.6805921893719555, 0.1462890676454803, 0.1555367433204197, 0.01758199956214441], [0.4344854901912823, 0.08704487881261397, 0.04402634079284651, 0.43444329010325716], [0.6085972762669094, 0.10849861014108696, 0.2240335187686705, 0.05887059472333308], [0.6291626376400243, 0.33193330457169334, 0.029425877527596934, 0.009478180160685383], [0.6357644602318467, 0.3150816759017504, 0.01965481725932765, 0.029499046507075175], [0.12461672722047137, 0.402577727992808, 0.023973777887808006, 0.4488317667989126], [0.15591757616792237, 0.678026101780712, 0.152428350260418, 0.013627971690947567], [0.1639967368827037, 0.04929355775424049, 0.05159973963132762, 0.7351099656317281], [0.2760233005308999, 0.10096945687841079, 0.47753638380115476, 0.14547085868953452], [0.15006902160870633, 0.7335864118639533, 0.10159753084643082, 0.014747035580909517], [0.19325141873038681, 0.7186206719434196, 0.029188206430587827, 0.05893970279560574], [0.05709503260499772, 0.37856596986565694, 0.04734451731077634, 0.516994480118569], [0.04548766277411297, 0.701312391816119, 0.2172127454858625, 0.03598719982390543], [0.047230988736197924, 0.10167267917570004, 0.07667559384532927, 0.7744207381427728], [0.07531398365681768, 0.1796132732834626, 0.6265803434837546, 0.11849239947596507], [0.02636632008690384, 0.866936162988734, 0.08993699818701234, 0.0167605186373498], [0.041248808773788406, 0.8421201548233395, 0.06803634635356043, 0.048594689949311674], [0.14171990039409796, 0.8289302446114633, 0.024063750558698044, 0.0052861043357407345], [0.1675993774294434, 0.8002250186464311, 0.02049754338069355, 0.011678060443431932], [0.2713947816090805, 0.5488731707212237, 0.14998189684416996, 0.02975015072552588], [0.3368100165961278, 0.5141818290786903, 0.04385549512534279, 0.10515265909983908], [0.4406985016227775, 0.18266703580971513, 0.2532970844503917, 0.12333737801711568], [0.5064109714243334, 0.17400533477727978, 0.11661811519345074, 0.20296557850493607]], "ideal": "D", "sampled": "D", "correct": true}}
{"type": "result", "data": {"idx": 7, "options": ["preventive", "proportional", "equality", "retaliatory"], "probs": [[0.006037124743061921, 0.9462302083867309, 0.039671673350752584, 0.008060993419454562], [0.004432756492720851, 0.9569670828901186, 0.03540733115784007, 0.0031928293593204964], [0.010928639174016931, 0.06748234287947445, 0.8752151252002972, 0.04637389264621138], [0.0426307903893639, 0.09314210434393175, 0.6670857468448843, 0.19714135832182006], [0.01456184714920546, 0.6388405691700965, 0.3263786501672917, 0.020218933413406408], [0.02061332731318979, 0.8042571423999306, 0.049833341685417774, 0.1252961885014618], [0.46449105542750274, 0.18771199320728033, 0.16304353882102304, 0.1847534124441939], [0.3720994341828738, 0.18140194091906992, 0.40878156062572735, 0.03771706417232895], [0.4570073502118975, 0.33438776665121234, 0.06480997724354656, 0.1437949057933436], [0.30897049493846324, 0.2226225982066065, 0.43583970225742813, 0.032567204497502125], [0.23989722130283828, 0.6941429971954478, 0.04988815634943852, 0.016071625052275437], [0.20957752181823208, 0.7090330422086467, 0.07019430849116208, 0.011195127381959186], [0.011454123575803991, 0.07587860241225781, 0.861732391117305, 0.05093488279463313], [0.05787781231317126, 0.1169512416418991, 0.6032804227639935, 0.22189052318093608], [0.009629343895443744, 0.9371968759950983, 0.026586071372163865, 0.026587708637294094], [0.005742675056574204, 0.734700189792295, 0.2500143805277839, 0.009542754523346818], [0.020571009840362732, 0.9095343794028468, 0.029929670931820057, 0.0399649397249705], [0.012216769123485243, 0.8172885751914033, 0.15598557844319794, 0.014509077141913462], [0.49998130830613824, 0.11514958609439514, 0.3383628389828973, 0.046506266516569285], [0.5690667970326642, 0.13103158184924596, 0.08726118114040578, 0.21264043987768402], [0.4554441971710548, 0.4699276185900638, 0.05030256293777461, 0.024325621201106797], [0.41285568894546715, 0.5138726882612547, 0.05947142154704774, 0.0138002011462305], [0.7017857844705175, 0.14712135108635307, 0.04347855856449519, 0.1076143057786342], [0.4834904462265731, 0.14076380692437454, 0.3375778558806609, 0.038167890868391445]], "ideal": "B", "sampled": "D", "correct": false}}
{"type": "result", "data": {"idx": 8, "options": ["consequentialism", "Kantianism", "virtue ethics", "contractualism"], "probs": [[0.17389736808740536, 0.20656466174198845, 0.25705864639902504, 0.36247932367158114], [0.15589128200803026, 0.1795026782049641, 0.48793881399611655, 0.17666722569088908], [0.19123536696695048, 0.1661957552150139, 0.29624817986814966, 0.34632069784988595], [0.1589021408235396, 0.17733209097597055, 0.39342061267465966, 0.27034515542583015], [0.1702490423412388, 0.24394054344925878, 0.34942870807984944, 0.236381706029653], [0.1792518863237113, 0.27339805927829564, 0.26087220334459404, 0.28647785095339906], [0.41941711927358, 0.08134257913822976, 0.28833714554313045, 0.2109031559450598], [0.3018662130769529, 0.07518117369979897, 0.4825666520776095, 0.14038596104563864], [0.41739816402340135, 0.09463301511577445, 0.11959756431868286, 0.36837125644214136], [0.3117513907873106, 0.09366223075552602, 0.4196904238684935, 0.1748959544886699], [0.4262317482139372, 0.19520530393563662, 0.12799774299768754, 0.25056520475273864], [0.4024470030129733, 0.24417275950336256, 0.14129694873776846, 0.21208328864589565], [0.34501788273742146, 0.11743103799115796, 0.26459497407856314, 0.2729561050928574], [0.3118610586849603, 0.13006412594018732, 0.3535219921258624, 0.20455282314899], [0.27136670731671864, 0.11858738604231776, 0.12620822707916166, 0.48383767946180195], [0.28231651429442217, 0.1488483145340938, 0.3921338138228068, 0.1767013572486772], [0.35595086213367066, 0.21260675785799651, 0.17900860307810743, 0.2524337768302254], [0.35183711429164116, 0.20691032140467186, 0.2615319309061867, 0.17972063329750024], [0.18564291019903512, 0.16908873363996343, 0.39931934472919806, 0.24594901133180339], [0.18748250136322256, 0.1934960580502311, 0.32403373315318396, 0.2949877073333624], [0.18225429546526214, 0.17395504854102137, 0.20654871798766772, 0.43724193790604876], [0.1903475558360275, 0.20589301250943878, 0.29954237937659456, 0.3042170521779392], [0.1825723702299523, 0.14447269272768268, 0.274126716649738, 0.39882822029262704], [0.1885989260456242, 0.14241771403134246, 0.3579964562002172, 0.31098690362281617]], "ideal": "D", "sampled": "D", "correct": true}}
{"type": "result", "data": {"idx": 9, "options": ["institutional adequacy", "dispersion of causes and effects", "fragmentation of agency", "all of the above"], "probs": [[0.05449527488323648, 0.15050055509973126, 0.06574437301267722, 0.729259796904355], [0.06045071339989136, 0.2013824708403899, 0.6707280798621887, 0.06743873579753003], [0.023792865062640393, 0.11713822337552672, 0.07104417773614655, 0.7880247337256864], [0.054330378360602345, 0.2473763953842474, 0.6317242336258062, 0.06656899252934406], [0.030068182012192062, 0.7755183721213572, 0.15757116967300355, 0.03684227609344722], [0.03637910274938702, 0.7539366511020746, 0.09585771744431762, 0.11382652860422067], [0.20563129201356495, 0.13279734946345553, 0.05711056461688677, 0.6044607938060927], [0.22442312536379577, 0.17481824753920458, 0.5301393269962414, 0.0706193000007582], [0.19057294865696997, 0.16051079685235836, 0.04319869793230717, 0.6057175564583644], [0.06742629496075984, 0.14501641878360774, 0.759884724912042, 0.02767256124359047], [0.048375331266022954, 0.9271935301322352, 0.014754585112637844, 0.009676553389104054], [0.0679508237984236, 0.8950984660499317, 0.0261985553182244, 0.010752154733420257], [0.11352329599293587, 0.14809738484798687, 0.053633283547664515, 0.6847460355114128], [0.21591962952212834, 0.19663955342531594, 0.5345249791449921, 0.05291583780756365], [0.1229635546868133, 0.16810591454573545, 0.03362194808377147, 0.6753085825836798], [0.041491740854494655, 0.14944317100324053, 0.783099547894618, 0.025965540147646855], [0.05143635336269512, 0.8976492808122869, 0.03169181706500403, 0.01922254866001392], [0.06489122786943533, 0.8819460030149756, 0.041250858258440326, 0.011911910757148704], [0.5823092503435435, 0.23532618755227097, 0.08656573359224101, 0.0957988284119445], [0.5349659442731562, 0.19379319681807267, 0.04823454576772633, 0.22300631304104476], [0.7146891910909914, 0.2016409028028171, 0.030676083464780523, 0.05299382254141094], [0.7045802518162924, 0.2083191708464376, 0.03763584125279283, 0.04946473598447716], [0.6271536922306242, 0.20365057807744563, 0.039783451553987784, 0.12941227803794234], [0.6557824987186267, 0.22316122794731896, 0.06147757338379161, 0.05957869985026269]], "ideal": "D", "sampled": "D", "correct": true}}
{"type": "result", "data": {"idx": 10, "options": ["the problem of massive world overpopulation over generations.", "the problem that the bad effects of current carbon dioxide emissions will fall largely on future generations.", "the problem that the compounding effects of greenhouse gas emissions require the current generation to, in effect, cooperate with future generations.", "the problem that countries are possibly biased toward the interests of the current generation, which largely benefits from carbon dioxide emissions."], "probs": [[0.0002682139778625427, 0.7930922267948795, 0.20373388589679156, 0.0029056732304664793], [0.00023430667586897183, 0.9541759586652832, 0.003664426775143646, 0.04192530778370428], [0.0002160727241236159, 0.8463487932175618, 0.15177527620682957, 0.00165985775148493], [0.00023734011217826806, 0.9367903653271594, 0.0040133382043327885, 0.058958956256329464], [0.000791970766360662, 0.16578350888930304, 0.6456448987961302, 0.18777962144820604], [0.0009037936433692537, 0.18051902113562332, 0.6108709795012851, 0.20770620561972236], [0.901234235058766, 0.011619911089675429, 0.08384409229765792, 0.003301761453900614], [0.9689763732920105, 0.012013615591854248, 0.005718211850840422, 0.013291799165294877], [0.8936465243386145, 0.10347713314009044, 0.0020018102227566947, 0.0008745321985384158], [0.7493758573128589, 0.247179009065295, 0.0028557329514356613, 0.0005894005704103576], [0.9650382827752808, 0.020836672738859245, 0.0029779946355889403, 0.011147049750270992], [0.9770670802329303, 0.01891133915455314, 0.003580314657107711, 0.0004412658554088446], [0.9368571893889227, 0.010575442189743952, 0.05123365483841513, 0.0013337134829181877], [0.9238958854559575, 0.016276015029574077, 0.006891416268860834, 0.052936683145607566], [0.8931206274860236, 0.10503029511749708, 0.0014296597077087655, 0.00041941758877048755], [0.8739208113012984, 0.12396801547946633, 0.0018246276655850377, 0.0002865454536502466], [0.905270588100699, 0.02979569900580597, 0.004292289681986146, 0.060641423111508816], [0.972363964679848, 0.020828498281204498, 0.006252469514514386, 0.0005550674244331553], [0.03479795086263556, 0.013318886706190546, 0.8637058557064565, 0.08817730662471734], [0.08817317001446241, 0.02488244999335219, 0.7272707561826778, 0.15967362370950763], [0.0035160274060265424, 0.9823096212874263, 0.004079716204654005, 0.010094635001893207], [0.005047980642801255, 0.9768786022385979, 0.01617167723862097, 0.001901739779979914], [0.013131694581898484, 0.8715910765730427, 0.009536169682761608, 0.10574105906229724], [0.012534358338983769, 0.9426514952198678, 0.041439249451349726, 0.0033748968897986936]], "ideal": "D", "sampled": "B", "correct": false}}
{"type": "result", "data": {"idx": 11, "options": ["it fails to reconcile prima facie duties.", "it can run counter to a person's being able to integrate her commitments at various levels.", "it can run counter to the idea that persons are atomistic and individually rational actors.", "it fails to recognize that possibility that the persons are best understood in relation to one another."], "probs": [[0.7644157500562949, 0.22599862784656316, 0.007977528592435737, 0.0016080934047061344], [0.8144438314768783, 0.17894454405898366, 0.0057959170422413235, 0.0008157073218967114], [0.8964013162984488, 0.07475622249942848, 0.02644006624409316, 0.0024023948580295393], [0.9118707314954757, 0.0714341393743723, 0.015324238773810095, 0.0013708902563418506], [0.9131944897987568, 0.0641267829788409, 0.020173276113668842, 0.0025054510087333796], [0.9200733294534819, 0.06165068590243312, 0.01582933215654549, 0.002446652387539521], [0.9022862817886925, 0.071821890028424, 0.017453279165681356, 0.008438548917202167], [0.8388166616591312, 0.11358001277003789, 0.03516440295397797, 0.012438922516853], [0.8925429446253784, 0.0721727773929444, 0.024731991645814067, 0.010552286235863127], [0.81195960468303, 0.08044783422266803, 0.10005651907273756, 0.0075360419215644205], [0.9005443793131981, 0.0683972294503268, 0.025745840009290203, 0.00531255112718489], [0.9135447648179742, 0.0651714422669348, 0.0180906968224631, 0.003193095992627891], [0.8210984425580071, 0.09074559760387566, 0.08258104281214736, 0.005574916925969864], [0.8409989110372647, 0.10529816438908646, 0.04670681559744846, 0.006996108876200402], [0.8182444691395968, 0.14905688787618618, 0.029111640693057904, 0.00358700219115914], [0.7853752664610164, 0.17527527264167744, 0.035879263116371074, 0.0034701976809350292], [0.8597395459249466, 0.10111562953770248, 0.03307472929528195, 0.006070095142068997], [0.8340375331212992, 0.12206720298523611, 0.03962041855728137, 0.00427484523618332], [0.5898654127961057, 0.1401818904221792, 0.2310481174527677, 0.03890457922894736], [0.6613715640028224, 0.15472959894146965, 0.12427933794956848, 0.059619499006139526], [0.7110197689068408, 0.17430363950875064, 0.09182276018917684, 0.02285383129523171], [0.7393611283194167, 0.17292459895615914, 0.0687680134005913, 0.018946259223832883], [0.6656991093036317, 0.1908085026943351, 0.09296035643961664, 0.05053203146241645], [0.6292526965749196, 0.19499132435730054, 0.15422559411256062, 0.021530384855219256]], "ideal": "B", "sampled": "B", "correct": true}}
{"type": "result", "data": {"idx": 12, "options": ["often have to be made quickly and without immediate authorization.", "should be made with visibility and accountability by the highest-level officials.", "have no objective answer.", "none of the above"], "probs": [[0.9266332111918087, 0.0681955570531489, 0.0033677524349571032, 0.0018034792200852677], [0.9182344154628596, 0.07539289762432334, 0.003752117531053703, 0.0026205692817634295], [0.9213792826113564, 0.013357266061757196, 0.06469012153217837, 0.0005733296947080743], [0.9700150168131221, 0.009589597264807318, 0.0040898298419750284, 0.016305555980095608], [0.947018718361685, 0.02448000664142123, 0.027498998775968345, 0.0010022761209253178], [0.9305744785544168, 0.01887691145598313, 0.010918503416740687, 0.039630106472859444], [0.9566886385994985, 0.04075059531967199, 0.0017214723468035125, 0.0008392936340259811], [0.9389904347379714, 0.05819821488478263, 0.001676600938859614, 0.0011347493383864048], [0.9829687534532615, 0.01181137590323561, 0.004515899563925804, 0.0007039709795770356], [0.989535018062119, 0.0079213207381662, 0.0016338452258545832, 0.0009098158738602705], [0.9388029464571594, 0.021922196934231114, 0.03845114960598645, 0.0008237069026229318], [0.9780542986731541, 0.016318059816818383, 0.003313777285072261, 0.002313864124955249], [0.005932373104626758, 0.7471188445223081, 0.23514888126191563, 0.011799901011149413], [0.007531479181876785, 0.9485624669877524, 0.011941533084107281, 0.03196452064626361], [0.001259767864451202, 0.9949632475517263, 0.002950839111781763, 0.0008261453720407236], [0.000675415786844113, 0.9966122723409202, 0.0012712865054789024, 0.0014410252667567598], [0.003426539587779957, 0.014437209342535805, 0.6041872693491539, 0.37794898162053026], [0.0015445598713234548, 0.012536989764686982, 0.9809327776516067, 0.00498567261238282], [0.005509236994978005, 0.9785331785137694, 0.013314429144019195, 0.0026431552472333682], [0.00272038661603576, 0.9836076363609839, 0.0028283855808244798, 0.01084359134215586], [0.0015833423353730253, 0.9971859526666284, 0.0007247064547463827, 0.0005059984432522036], [0.0016853359694907915, 0.9971085106797344, 0.0004981050989281601, 0.0007080481518466345], [0.0027395770053096, 0.016020150368683938, 0.5021679248899431, 0.4790723476360633], [0.0016781735306869265, 0.01230542070612901, 0.9550968913613737, 0.030919514301810377]], "ideal": "B", "sampled": "B", "correct": true}}
{"type": "result", "data": {"idx": 13, "options": ["to minimize damage incurred by all individual living beings.", "to minimize the suffering of all sentient creatures.", "to promote the functional integrity of ecosystems.", "to promote human welfare."], "probs": [[0.0030024473946568295, 0.04081072029708664, 0.9147553108916662, 0.04143152131659035], [0.04446742360371578, 0.09423305198613408, 0.39046907857405266, 0.47083044573609745], [0.00100224578795155, 0.992699536246118, 0.004525269723110185, 0.0017729481428202982], [0.0009351900402628956, 0.993765507626198, 0.004222688876384792, 0.0010766133571543455], [0.05962703549025982, 0.3029775815645932, 0.08026113091221201, 0.557134251932935], [0.009268343662593789, 0.08201877883042642, 0.8818960103280268, 0.026816867078953043], [0.002045345223909393, 0.02779880676026223, 0.942799909246405, 0.027355938669423412], [0.052268367813903926, 0.08897478116697366, 0.06608480756018988, 0.7926720433589325], [0.0025854544374809317, 0.9873031310813163, 0.007135694832972979, 0.002975719548229759], [0.004299530176070953, 0.9803428251152507, 0.011412637300485766, 0.003945007308192592], [0.00606093607554294, 0.06221086853363249, 0.031761480195449276, 0.8999667150953753], [0.02634141231192021, 0.07933505653293961, 0.8528847725316522, 0.04143875852348803], [0.9578441316417293, 0.030798904334729604, 0.009244765448285926, 0.002112198475255181], [0.9560769583409261, 0.03171872824255344, 0.010456496896175806, 0.001747816420344626], [0.9672045389930605, 0.025784007084123494, 0.006027253518065147, 0.0009842003047508482], [0.9578897499314141, 0.03177863604411693, 0.008891183636991457, 0.0014404302874775558], [0.7309844606676954, 0.26070378487429247, 0.006785612104778311, 0.0015261422532338645], [0.6849120772951748, 0.2992708684600296, 0.012742538605571774, 0.003074515539223887], [0.889778213296109, 0.07538432022518672, 0.017622959195232886, 0.01721450718347146], [0.8531028913199311, 0.08320795695087463, 0.052865499469737065, 0.010823652159457207], [0.8098683099984364, 0.09527332778133168, 0.022978090882559917, 0.07188027123767202], [0.8484634819408923, 0.09230972149275811, 0.04392737555010462, 0.01529942091624495], [0.9084963236614864, 0.08322369736640091, 0.006619109859807421, 0.0016608690123053528], [0.8980119886236886, 0.08894609721148872, 0.00959383609790694, 0.0034480779669157696]], "ideal": "D", "sampled": "C", "correct": false}}
{"type": "result", "data": {"idx": 14, "options": ["consequentialism", "virtue ethics", "both A and B", "neither A nor B"], "probs": [[0.001758652791896327, 0.9926676390371288, 0.004970533593136313, 0.0006031744778384689], [0.0012418776948834253, 0.9962905804431407, 0.0011757778890020404, 0.0012917638729738302], [0.02544617194564086, 0.028391129526844743, 0.9402578248269838, 0.005904873600530529], [0.16601352732113753, 0.02977105104528971, 0.024292979884741005, 0.7799224416488317], [0.01382294634166784, 0.008385564549712201, 0.9768795181731896, 0.0009119708354303343], [0.10638675174850093, 0.004392895723073845, 0.012030171233441278, 0.8771901811949839], [0.8589970240658823, 0.08776886663435271, 0.04922445018272493, 0.00400965901704001], [0.9383026093999118, 0.038137960091882556, 0.00408211385370904, 0.019477316554496516], [0.8994211741052327, 0.08906811660466296, 0.00976020956163918, 0.0017504996284651297], [0.906389339424652, 0.08431906102070982, 0.007660096374040619, 0.0016315030805974474], [0.9820429436680412, 0.007799199594610232, 0.008904462997571246, 0.001253393639777227], [0.9838852111697182, 0.010190435818311945, 0.004850274968944591, 0.0010740779430252728], [0.010172219865977107, 0.10683768669479092, 0.8808066564419432, 0.0021834368972886973], [0.016454726854391477, 0.18254216455528136, 0.007956674514356252, 0.7930464339759709], [0.02040761543651346, 0.9530285097481525, 0.025001997381762977, 0.0015618773335711522], [0.023760882408403104, 0.9640621566464257, 0.0052601794825769144, 0.006916781362594283], [0.011884550232333299, 0.013896544849781093, 0.015023571705165955, 0.9591953331127197], [0.03802654750165998, 0.06369285047561583, 0.6483351346077213, 0.24994546731500292], [0.0059690175183246584, 0.14462342311369492, 0.8454305805911162, 0.003976978676864262], [0.013391178149848101, 0.2527090618235076, 0.013923987796717207, 0.7199757721299271], [0.013975450474113664, 0.942236645210929, 0.0317381485847397, 0.012049755630217672], [0.01861817544593823, 0.9549480515610411, 0.015313929619924114, 0.011119843273096565], [0.006793678724224273, 0.014841140303339787, 0.01604455071078856, 0.9623206301616474], [0.015397230247715596, 0.07120771745182614, 0.6446635162446284, 0.2687315359558299]], "ideal": "C", "sampled": "B", "correct": false}}
{"type": "result", "data": {"idx": 15, "options": ["will be seen as curiosities.", "will be scrutinized in relation to the person they are clones of.", "both of the above", "none of the above"], "probs": [[0.007235287667733853, 0.11404232647794095, 0.8431197976508283, 0.035602588103496875], [0.013263574273767014, 0.13608588271518585, 0.01702847703249314, 0.833622065878554], [0.1238698511518259, 0.6002012848373839, 0.2075058643315868, 0.06842299957920342], [0.12570573005227897, 0.47440497953841876, 0.07867627162798191, 0.3212130186813204], [0.048423044198293644, 0.033821027596559736, 0.2944356489839429, 0.6233202791212037], [0.12273781621711989, 0.05755289608594049, 0.6140952867109517, 0.20561400088598794], [0.05862569281713369, 0.10532421264951994, 0.7911064918705404, 0.04494360256280593], [0.04383363963163268, 0.0722846242425749, 0.016897723139986873, 0.8669840128858055], [0.11331727808385678, 0.877281045195542, 0.007357308469316251, 0.0020443681512850504], [0.1261717068018053, 0.8487157733859461, 0.019652111252505936, 0.0054604084597427395], [0.24749055793873675, 0.10645558168448431, 0.05228213339644979, 0.5937717268803291], [0.1500312666456428, 0.08419016548064091, 0.7623835541782169, 0.0033950135954994008], [0.38085885838344846, 0.2006985202595287, 0.325843231950173, 0.09259938930684981], [0.2808353858780855, 0.26795404747497653, 0.035980894621873524, 0.41522967192506444], [0.2049278597469353, 0.7376912106608909, 0.036442624846646086, 0.020938304645527605], [0.16124859060181557, 0.7811602760161798, 0.028901498062031135, 0.02868963521997347], [0.21125659585734544, 0.1452170431274057, 0.09522312913966445, 0.5483032317755844], [0.16607325086708463, 0.10316437673960845, 0.6887616046716244, 0.04200076762168254], [0.019449983239930944, 0.08253098423939341, 0.06426413634838263, 0.833754896072293], [0.014769857408029928, 0.14461076837287803, 0.6688981323417251, 0.17172124177736692], [0.011180449801275475, 0.16300637426343628, 0.023295790971222134, 0.8025173848640661], [0.003131939458368404, 0.18344672769875908, 0.8096730442124025, 0.0037482885304700154], [0.06567546052956365, 0.21874219421429472, 0.05195751471250437, 0.6636248304436373], [0.06251829861969421, 0.1781513839781947, 0.6725224255842981, 0.08680789171781304]], "ideal": "C", "sampled": "C", "correct": true}}
