{"type": "result", "data": {"idx": 0, "options": ["Cerebral infarction during the hospitalization", "Complication of the IVC filter placement", "Compression of the lateral femoral cutaneous nerve", "Hematoma of the left thigh"], "probs": [[0.00023247162057578403, 0.004385805065488339, 0.9703426446503415, 0.02503907856359437], [0.0001197671255249499, 0.0010681543887601994, 0.005130622350338862, 0.9936814560353759], [0.00010164217032693539, 0.9930326825864652, 0.0037524757794413326, 0.003113199363766539], [9.38835679673448e-05, 0.9916162744180379, 0.0022030331291564907, 0.006086808784838246], [0.0001584060165823554, 0.0006271665668896105, 0.007223602099895037, 0.991990825216633], [0.00021258627164134376, 0.002491452620073931, 0.8665722222077181, 0.13072373880056665], [0.0013113704937669274, 0.004578444952964304, 0.9742237397071742, 0.019886444746094557], [0.001064458605658036, 0.0013468983828047883, 0.006077867066401211, 0.9915107758451359], [0.00043350947018289213, 0.998181043415874, 0.0009839786200454752, 0.00040146839389760105], [0.0005350297733006025, 0.9977947436366192, 0.0011590608113528794, 0.0005111656787272973], [0.003189601613180219, 0.0019515619531679843, 0.00741684741964396, 0.9874419889140078], [0.0026875183969053513, 0.007717393957542105, 0.9807765670045759, 0.008818520540976637], [0.96035215590754, 0.013078981649843693, 0.020243752189572577, 0.006325110153043733], [0.9631306281411017, 0.01418171693429354, 0.007352701664912713, 0.015334953159691961], [0.9720290626722922, 0.019260215964285163, 0.006548294148266369, 0.002162427115156313], [0.9689461696640281, 0.022796894206218343, 0.006427541516928567, 0.0018293945128249624], [0.9761458536625087, 0.014151455691412417, 0.006891799555321367, 0.0028108909907574807], [0.9670380642686106, 0.014922225396812417, 0.016639362303390595, 0.0014003479311864373], [0.0001347492664044932, 0.00036384495485170025, 0.005134226886283989, 0.9943671787924598], [0.0002574822095992021, 0.0016536408304212954, 0.9190986526557196, 0.07899022420425994], [0.00011794417947513673, 0.0008721243677498054, 0.004821705343285867, 0.9941882260094892], [0.0004443878413470531, 0.005370619341924118, 0.9851868079318803, 0.008998184784848526], [0.00028139613018473664, 0.9957280744422177, 0.0018773261710866894, 0.002113203156510848], [0.00042137434918429234, 0.9934134156915131, 0.004457989362922977, 0.001707220496379666]], "ideal": "C", "sampled": "C", "correct": true}}
{"type": "result", "data": {"idx": 1, "options": ["Braxton Hicks contractions", "lower uterine retraction ring", "hypotonic uterine dysfunction", "primary dysfunctional labor"], "probs": [[0.5904618962997561, 0.11821696340807851, 0.03332289196135933, 0.2579982482308061], [0.30519324765426675, 0.10075897052441989, 0.5038052834350119, 0.09024249828630153], [0.6108093306616782, 0.12228444308521724, 0.0313853549284049, 0.23552087122469964], [0.6217702765536723, 0.14782834381983365, 0.16486332187337582, 0.0655380576531182], [0.20084739178304709, 0.7582758237767969, 0.013680082118933167, 0.027196702221222807], [0.18107132780484006, 0.7745912742454015, 0.023038622204132813, 0.021298775645625607], [0.026984665945164785, 0.788945989828948, 0.03809864985401509, 0.14597069427187204], [0.028050061207998453, 0.2074645153692603, 0.6807066772171138, 0.08377874610562748], [0.073472116028585, 0.14186201248364055, 0.2412600689227982, 0.5434058024649763], [0.06702883640794476, 0.13781637157338114, 0.43807873778252066, 0.3570760541361534], [0.0038936536008548983, 0.9679608870245229, 0.012980040067817054, 0.01516541920680518], [0.004215421173863008, 0.9617683800637031, 0.013099501483498035, 0.02091669717893581], [0.05661069889380624, 0.6688386101524962, 0.03228836085639828, 0.24226232999729924], [0.04671856293917788, 0.6254395618671327, 0.2957128462324573, 0.03212902886123212], [0.13676743411793713, 0.10667975404804704, 0.15270929264552113, 0.6038435190884947], [0.12243669311694616, 0.10329133991673774, 0.40847706727494926, 0.36579489959136685], [0.06832712499330047, 0.6385944818078749, 0.2503001820202306, 0.04277821107859402], [0.062250344779630214, 0.7472600200907915, 0.03388773213942227, 0.15660190289015596], [0.8638427144746172, 0.09253791705400415, 0.01312051419539931, 0.03049885417597931], [0.8608401828522271, 0.09816860196327919, 0.014585788047835918, 0.026405427036657853], [0.9086187991322942, 0.054605316136715994, 0.01217924538964984, 0.024596639241340038], [0.8635259720168393, 0.06260637519809856, 0.014182341091975834, 0.05968531159308626], [0.886078135505362, 0.07054439045722528, 0.0225369912301966, 0.020840482707216106], [0.8585128899636161, 0.07163627789740584, 0.019881433625686198, 0.04996939841329183]], "ideal": "C", "sampled": "D", "correct": false}}
{"type": "result", "data": {"idx": 2, "options": ["The findings are clinically and statistically significant", "The findings are clinically insignificant but statistically significant", "The findings are clinically significant but statistically insignificant", "The findings are neither clinically nor statistically significant"], "probs": [[0.974480958430636, 0.017889058794569195, 0.005035880649887145, 0.0025941020249077174], [0.9765448772310176, 0.017365817082675875, 0.0042167692826814655, 0.0018725363036250834], [0.9820528419265107, 0.013185732588755009, 0.0031755952025007165, 0.001585830182233578], [0.9806183710174416, 0.014909829191104885, 0.0033489694051053, 0.0011228302863481082], [0.9780075085126758, 0.01766319782866146, 0.0028801756365721023, 0.0014491179220905638], [0.9746303299816458, 0.020256893171961967, 0.003599537208188916, 0.001513239538203315], [0.02140454403891767, 0.9695952601431449, 0.006843981845858504, 0.0021562138720788828], [0.03916200912990589, 0.9496206441256877, 0.009453146519408729, 0.0017642001249977086], [0.05931649438631871, 0.04155956116355046, 0.87318428524223, 0.025939659107900838], [0.05019635968432422, 0.04115199511879409, 0.05780823084623908, 0.8508434142506426], [0.0661933683761222, 0.029004061403812394, 0.8873844062188184, 0.01741816390124699], [0.010889632857820082, 0.010843920754832318, 0.018390507184975164, 0.9598759391023725], [0.01883883839008791, 0.9672831629268972, 0.010820594988018425, 0.003057403594996451], [0.04335490733865024, 0.9280784386309626, 0.025494239065531818, 0.003072414864855301], [0.04617986506707953, 0.031360257764305746, 0.9006215433690278, 0.021838333699586925], [0.05056636252546485, 0.0395744401620826, 0.0659805988921675, 0.843878598320285], [0.03476183618115347, 0.02453712837663524, 0.9268586383898042, 0.013842396952407026], [0.023483464142068342, 0.021478874286666266, 0.028792462811087285, 0.9262451986601781], [0.005754534277749774, 0.99146555068979, 0.0016628936236089888, 0.0011170213088512208], [0.005538944920028238, 0.9922200739554979, 0.001423237453331871, 0.0008177435711419054], [0.015106222008396111, 0.009851234867614326, 0.9663580281984234, 0.008684514825566073], [0.0041480216142387545, 0.005557269224868535, 0.012102553488669726, 0.9781921555722229], [0.011048259511104093, 0.00910757259900779, 0.9734912923768123, 0.006352875413075837], [0.004356196886333457, 0.006020898660971201, 0.00929993163105539, 0.9803229727216399]], "ideal": "B", "sampled": "A", "correct": false}}
{"type": "result", "data": {"idx": 3, "options": ["Atrial fibrillation", "Cor pulmonale", "Systemic hypertension", "Tricuspid valve regurgitation"], "probs": [[0.010107854982036866, 0.8225891321162279, 0.11130934589749308, 0.05599366690424214], [0.01961349892949221, 0.7139467040142238, 0.1279750920404767, 0.13846470491580729], [0.02696172369588314, 0.08184054035766052, 0.6854400847107138, 0.20575765113574254], [0.024704472148349754, 0.0631392174575377, 0.06716364126590454, 0.844992669028208], [0.021232245843764982, 0.07773469518020545, 0.692975413425965, 0.20805764545006453], [0.034250201347571535, 0.08352799183794093, 0.13762924692261347, 0.7445925597918741], [0.7312786091323358, 0.09449199726965833, 0.09592601053837332, 0.07830338295963254], [0.6549248293854971, 0.12311765917255119, 0.09887886341056469, 0.12307864793138697], [0.7502286470505903, 0.10002021490376742, 0.07428521853797715, 0.07546591940766513], [0.7126511505933535, 0.1145919045934583, 0.09644470533093734, 0.0763122393822509], [0.6203061383068617, 0.13633983106979805, 0.09365319367427144, 0.1497008368490689], [0.6695514916704106, 0.12391751258326178, 0.12004146723738932, 0.08648952840893832], [0.0439968585623891, 0.0875893070334804, 0.5986197395588689, 0.2697940947452615], [0.04832963603407529, 0.0650995690411419, 0.08095120689253965, 0.8056195879322432], [0.03377553075214231, 0.793745100418825, 0.0715413317012771, 0.10093803702775563], [0.04150983628945941, 0.759706664609835, 0.1094226895249335, 0.08936080947577209], [0.051200811106752564, 0.11192324005952947, 0.059867348226832894, 0.777008600506885], [0.05451673973166606, 0.1393346924990057, 0.6244248104631476, 0.1817237572061806], [0.020903090396077073, 0.07188231733555493, 0.671499741164891, 0.235714851003477], [0.03699221102893058, 0.09306841377381282, 0.1821402168916573, 0.6877991582055993], [0.014038568073552216, 0.8037917448489695, 0.0783372430765715, 0.10383244390090676], [0.0110541264829117, 0.8384275984758595, 0.10170078964799198, 0.04881748529323689], [0.04514025929968355, 0.15522559101240477, 0.08175735235705989, 0.7178767972308517], [0.03759490894272754, 0.13979636860414046, 0.6566014035597225, 0.16600731879340946]], "ideal": "C", "sampled": "B", "correct": false}}
{"type": "result", "data": {"idx": 4, "options": ["Median nerve at the wrist", "Musculocutaneous nerve at the forearm", "Radial nerve at the forearm", "Ulnar nerve at the elbow"], "probs": [[0.6775481271128879, 0.0875537861482627, 0.04069361950127821, 0.19420446713757114], [0.6182140203426071, 0.08506567157052168, 0.22049980191916305, 0.07622050606770812], [0.7340728858593031, 0.04482120781155863, 0.03830475846458164, 0.18280114776455667], [0.626131299719368, 0.03947053496408325, 0.2693970856340169, 0.06500107958253186], [0.47115810040654954, 0.4292466435768465, 0.03059780690381272, 0.06899744901279123], [0.5198563632677182, 0.3926608037323398, 0.01923631579175865, 0.06824651710818337], [0.6194587280042296, 0.20437593527654566, 0.05413387282246812, 0.12203146379675661], [0.5675306531044543, 0.18437390714432977, 0.11532088797581665, 0.1327745516753993], [0.2437931262637795, 0.5671002183719581, 0.034044742073517854, 0.15506191319074458], [0.42215298343987784, 0.44961096492053243, 0.07933317632677035, 0.0489028752128194], [0.24750056491551528, 0.5939908534589848, 0.030027597692175067, 0.12848098383332482], [0.22576800070594097, 0.6638330841288471, 0.04959751311043702, 0.06080140195477484], [0.3295209656397649, 0.13324029543795501, 0.07950529336871438, 0.4577334454535657], [0.12432440373104897, 0.07672981459745491, 0.7050287302606361, 0.09391705131086003], [0.1972291014994553, 0.3202824580338598, 0.05145351941572609, 0.4310349209509588], [0.25576638220053355, 0.3498478699182352, 0.30865399876674504, 0.08573174901448624], [0.30593634788375745, 0.4741657552455711, 0.04272320280255819, 0.1771746939681133], [0.3534829318169924, 0.4200439154681732, 0.09222516416581106, 0.13424798844902333], [0.9773702279139982, 0.013737039159411591, 0.003994928998650248, 0.004897803827939982], [0.9829894116603375, 0.010930675141749533, 0.0028492156472859254, 0.003230697450627083], [0.9754595495641829, 0.014593069011696274, 0.004277602916408334, 0.0056697784077124795], [0.9804282557490542, 0.012545599311729282, 0.0038538672069115387, 0.0031722776323049404], [0.9880722154709606, 0.0071506709373439425, 0.002527451525306005, 0.0022496619663894125], [0.9863718900976873, 0.008278991224043214, 0.0031893291073653946, 0.0021597894709041044]], "ideal": "D", "sampled": "D", "correct": true}}
{"type": "result", "data": {"idx": 5, "options": ["Fatty acid oxidation", "Fatty acid synthesis", "Gluconeogenesis", "Glycogenolysis"], "probs": [[0.7545566816816659, 0.16072883481882308, 0.03937689411051666, 0.045337589288994326], [0.7296477607915492, 0.17888701117581804, 0.036904898512778325, 0.05456032941985435], [0.8585357505242344, 0.07991733252356974, 0.0255279647993852, 0.03601895205281065], [0.8536168375566275, 0.08327052198548089, 0.02498800330623677, 0.038124637051654794], [0.8280615528122258, 0.09591549312392567, 0.03211243715184202, 0.043910516812006514], [0.8271870304119775, 0.09733529025329006, 0.03361879536103308, 0.04185888387369931], [0.6764507242625215, 0.2568166534583003, 0.02972435183731239, 0.037008270341865816], [0.6686076087057652, 0.2578352751918438, 0.02803416431497608, 0.0455229516874149], [0.7791925420217001, 0.14195930100866005, 0.040030447689037074, 0.03881770918060282], [0.766512148317485, 0.12324128928999806, 0.030667507732316874, 0.07957905456020005], [0.7525754710386529, 0.13289954014469016, 0.060827535772714214, 0.053697452943942826], [0.7432127760325603, 0.12330099469608118, 0.04605686022007775, 0.08742936895128078], [0.3361442264057542, 0.5291381157701078, 0.08773589590917304, 0.04698176181496497], [0.30704814427570354, 0.5920690960230248, 0.029016641165396952, 0.07186611843587463], [0.43087980467898124, 0.4517765674420664, 0.06819999268118014, 0.049143635097772184], [0.33870243896620567, 0.485359905293626, 0.03684147060725679, 0.13909618503291152], [0.5237674556516132, 0.17023929444520108, 0.16492278380763015, 0.14107046599555553], [0.5271079578998181, 0.17672388385498475, 0.11951194046369104, 0.1766562176815061], [0.21880718085333806, 0.6848170450471809, 0.051182081492398356, 0.04519369250708271], [0.15635173288142895, 0.7819064243099687, 0.028929845957818088, 0.03281199675078421], [0.26921888280586626, 0.6164819390889779, 0.06599417106911891, 0.048305006936037016], [0.19908262935586712, 0.6736980726171721, 0.052766956776818114, 0.0744523411501427], [0.46532826084261447, 0.3200671958538188, 0.11231164290339664, 0.10229290030017006], [0.45276840842057936, 0.3212637257066415, 0.08779786395449839, 0.13817000181828074]], "ideal": "A", "sampled": "A", "correct": true}}
{"type": "result", "data": {"idx": 6, "options": ["Reassurance", "Assess for suicidal ideation", "Begin dextroamphetamine therapy", "Increase oxycodone dosage"], "probs": [[0.30608679571407094, 0.6000868416771076, 0.052397403063455646, 0.04142895944536586], [0.19385727949204692, 0.6989077224791346, 0.03477415390301467, 0.0724608440258038], [0.5193307190115515, 0.23876740324846915, 0.14433896125445014, 0.09756291638552916], [0.32054772133961806, 0.2045873797029126, 0.05661989227734832, 0.418245006580121], [0.22700637238428314, 0.11636513297042182, 0.45936065223152384, 0.19726784231377117], [0.3448028266085098, 0.13144981859800003, 0.15078246591967517, 0.37296488877381495], [0.03272523376423638, 0.8988764931417469, 0.04406731599911321, 0.024330956994903483], [0.022998357554301394, 0.8910110858916132, 0.04367307996126912, 0.04231747649281635], [0.011990131983287293, 0.03940458586143606, 0.9110806231379092, 0.03752465891736751], [0.03396266553706043, 0.040438502009241, 0.035068246089991456, 0.8905305862637071], [0.011190648791128684, 0.05025217487857775, 0.8906941005311685, 0.04786307569912503], [0.013865437294237818, 0.027636702981783452, 0.02984057338821864, 0.92865728623576], [0.012892502461590813, 0.9473708258286955, 0.032934462394552104, 0.0068022092151615605], [0.010519804627882818, 0.9325125390199227, 0.03790282155758389, 0.019064834694610556], [0.03456809474385093, 0.329183588268728, 0.5774260334816131, 0.05882228340580787], [0.035140620701866715, 0.209216375926774, 0.03803762608949019, 0.7176053771818691], [0.00778565860305642, 0.05296729359010004, 0.910068665682577, 0.0291783820242665], [0.044446219499315896, 0.08614779430265423, 0.1507885354822824, 0.7186174506157474], [0.011013047489596419, 0.9173135940530338, 0.05956735551790898, 0.012106002839460776], [0.008397099482251529, 0.9560969249456234, 0.02248672623991842, 0.013019249232206712], [0.017345518926960967, 0.7045499949686693, 0.23238312113647536, 0.04572136486789441], [0.015306464865309951, 0.6417756873273175, 0.03507784861494093, 0.30783999909243165], [0.0063224965405730945, 0.03883862476948333, 0.9122824029444088, 0.04255647564553484], [0.04043635368105359, 0.12124864801017159, 0.1845571852460616, 0.6537578129627132]], "ideal": "B", "sampled": "A", "correct": false}}
{"type": "result", "data": {"idx": 7, "options": ["Defect in thyroxine (T4) biosynthesis", "Graves' disease", "Multinodular goiter", "Riedel's thyroiditis"], "probs": [[0.02533165058732615, 0.4157393980734641, 0.26418546528446146, 0.29474348595474825], [0.021140444312872427, 0.13179431412485743, 0.45990355256394516, 0.387161688898325], [0.009592583026812894, 0.9338840476019261, 0.02196390468176235, 0.03455946458949865], [0.015528125715804222, 0.8887784496714595, 0.04784274482219332, 0.04785067969054303], [0.02226662668388222, 0.715542267051564, 0.08955039210957995, 0.1726407140549738], [0.021246778602434187, 0.6415197548485865, 0.21484044171019032, 0.122393024738789], [0.07136388920550092, 0.07973912416896882, 0.5619545620263527, 0.28694242449917756], [0.03969228148980538, 0.06259113363024131, 0.5489111974610973, 0.348805387318856], [0.06396489685081892, 0.779749643422914, 0.034793459393977585, 0.12149200023228945], [0.09511375177293768, 0.6507532339285192, 0.20154553210819978, 0.05258748209034322], [0.13391278433368126, 0.3370520409408663, 0.04629630136220059, 0.4827388732632518], [0.1349790255216313, 0.5101804770777594, 0.2728787680656929, 0.0819617292349164], [0.8306776694716351, 0.06718582509115913, 0.03707712060414998, 0.06505938473305578], [0.8177536925198532, 0.06721122236717463, 0.046862916609362204, 0.06817216840360994], [0.9302818602732595, 0.036101752673377736, 0.013065769932064973, 0.02055061702129769], [0.9318078113218489, 0.037900746978144315, 0.017610826245423324, 0.012680615354583499], [0.8993884197149243, 0.058458256784254196, 0.01781028974378841, 0.024343033657033063], [0.9136042636094822, 0.051584094635460806, 0.021154364183829988, 0.013657277471226985], [0.694810395579672, 0.0844615480551714, 0.06567867148516437, 0.1550493847799923], [0.7277517968266016, 0.08443306448533999, 0.07794258055758814, 0.10987255803047026], [0.8094424045702897, 0.06976467916066025, 0.02996517579430461, 0.09082774037474546], [0.8435668709813605, 0.06827555143585833, 0.030742614912669476, 0.05741496257011163], [0.7341822062511519, 0.13603489606342203, 0.04208786196913135, 0.0876950356162947], [0.8027221318417505, 0.10878338274041247, 0.032128055019497975, 0.05636643029833912]], "ideal": "C", "sampled": "C", "correct": true}}
{"type": "result", "data": {"idx": 8, "options": ["Inferior deep cervical", "Parotid", "Retropharyngeal", "Submental"], "probs": [[0.2584729530921336, 0.23934434708562694, 0.2667948643118804, 0.23538783541035913], [0.2714751781911209, 0.2675656199589559, 0.12826721942336666, 0.33269198232655656], [0.035368349567447416, 0.8845238987137041, 0.033236451825960044, 0.04687129979288844], [0.04012567579438625, 0.885587162328519, 0.0383044744863388, 0.035982687290755926], [0.20250506112212233, 0.4095089022186181, 0.10675497829241327, 0.2812310582668463], [0.17139548530083662, 0.38070452920536724, 0.29179231570471154, 0.1561076696890846], [0.07734361747088897, 0.159001970312417, 0.4893214221807221, 0.2743329899359719], [0.14608989872201542, 0.2230715635653519, 0.18766261914973315, 0.44317591846289955], [0.08244396000276101, 0.5817490815534584, 0.12189323453876359, 0.21391372380501703], [0.07822232634371364, 0.578435416622467, 0.1556344467571129, 0.18770781017670646], [0.11362217704179657, 0.2728963575357398, 0.11190532480269172, 0.5015761405197718], [0.09463121560051743, 0.3747358545128794, 0.31051554143396515, 0.22011738835263805], [0.6177688652324154, 0.14456513091772166, 0.10407071994483699, 0.13359528380502597], [0.6013162493888979, 0.17511650471822668, 0.08939941759404124, 0.1341678281988342], [0.603751136386022, 0.14805311294028314, 0.0955466872852866, 0.15264906328840827], [0.5867688524113444, 0.16051761445621196, 0.0819524582702121, 0.17076107476223154], [0.5729617943869862, 0.16172557706127036, 0.11109951634116694, 0.1542131121105764], [0.5934918522241286, 0.15252327917481115, 0.10156127809462598, 0.15242359040643427], [0.3785597810414461, 0.14166773220965395, 0.13502054801631344, 0.3447519386325865], [0.2780151242627039, 0.14447351642861822, 0.38031445229805105, 0.19719690691062677], [0.3415882169196963, 0.14035979643936974, 0.0994324214361041, 0.4186195651048298], [0.3610519927849322, 0.19046218052667932, 0.2225164125272029, 0.22596941406118554], [0.22469408322236467, 0.5309975980137188, 0.09224373513627303, 0.1520645835276434], [0.2109369784382645, 0.5474556087900115, 0.09660610555636417, 0.1450013071153598]], "ideal": "D", "sampled": "C", "correct": false}}
{"type": "result", "data": {"idx": 9, "options": ["Carbonic anhydrase inhibitor", "Na+ \u2013Cl\u2212 symport inhibitor", "Na+ \u2013K + \u20132Cl\u2212 symport inhibitor", "Osmotic diuretic"], "probs": [[0.5604145609833849, 0.17928076055761616, 0.13526484570439307, 0.12503983265460586], [0.5075559984732546, 0.17290275514321632, 0.19895049038251333, 0.12059075590101571], [0.5012053064051748, 0.18746339574580587, 0.19040001217606986, 0.12093128557294949], [0.38737747163344916, 0.17208254543591212, 0.19801130903683042, 0.24252867379380835], [0.4585378501741846, 0.34638136879900333, 0.11782267031253339, 0.07725811061427869], [0.4120001411324085, 0.32615520267716674, 0.1380836588496885, 0.12376099724073625], [0.34518768457225296, 0.43658330654208904, 0.09890267841438932, 0.11932633037126864], [0.33725341146036847, 0.36498700481022306, 0.16968994825305542, 0.1280696353763531], [0.3723937979681567, 0.16039635717446077, 0.2190746730071181, 0.24813517175026442], [0.4222013165140555, 0.17907205911848084, 0.23336294737972446, 0.16536367688773917], [0.38661245371884356, 0.4522981446297749, 0.08493863235172533, 0.07615076919965617], [0.42200550897636907, 0.42892578663555353, 0.07219986186498445, 0.0768688424230929], [0.27027654041009236, 0.4821139465807925, 0.12379952242180574, 0.12380999048730938], [0.25088463352576257, 0.34323705773663143, 0.1808307847571197, 0.22504752388048624], [0.37699414028962663, 0.195850315917796, 0.20194697664464786, 0.2252085670479295], [0.42470521996260124, 0.23123209865260758, 0.18279976195652448, 0.1612629193282667], [0.24032113785237677, 0.5252835280414478, 0.11900902219336049, 0.11538631181281483], [0.2933448145489299, 0.4993801526456823, 0.11491707283163254, 0.09235795987375522], [0.728341752751787, 0.16520124549106852, 0.05530713456832279, 0.05114986708882161], [0.6717492787222273, 0.18092566322382292, 0.07193512308023224, 0.07538993487371749], [0.7759501673117997, 0.13082149184903077, 0.0466145969153096, 0.046613743823859945], [0.7441269768527093, 0.16361609309788797, 0.046849165167324, 0.04540776478207869], [0.677752732171644, 0.18544249066860335, 0.06306631298629778, 0.07373846407345482], [0.6470245935240869, 0.23453085908473317, 0.06612906081000867, 0.05231548648117127]], "ideal": "B", "sampled": "D", "correct": false}}
{"type": "result", "data": {"idx": 10, "options": ["Chest x-ray", "Complete blood count", "Determination of serum albumin concentration", "Determination of serum digoxin level"], "probs": [[0.00578626750154802, 0.041851460403307825, 0.8666587958178013, 0.08570347617734292], [0.02161476064141224, 0.06364142291300064, 0.10316165021136656, 0.8115821661342205], [0.0023458044823545954, 0.9846637390120118, 0.005761924399217647, 0.007228532006416011], [0.0017297420372102573, 0.9845521357402898, 0.006085028446251053, 0.007633093676248917], [0.015367840055351235, 0.06844732088932695, 0.056678803586576634, 0.8595060353687451], [0.010575911442798283, 0.15695086733911554, 0.6603605408819737, 0.17211268023611243], [0.007330444144295436, 0.040968373242061006, 0.8753040991417566, 0.07639708337188703], [0.05576403275093441, 0.05587439076223625, 0.1181048575929018, 0.7702567187939275], [0.0119235887763719, 0.9626770430651779, 0.012698507768908825, 0.012700860289541455], [0.01465406750727011, 0.9506468282134151, 0.014659357419552517, 0.02003974675976225], [0.03986005692545627, 0.07460714519954216, 0.058939594118193425, 0.8265932036568081], [0.03911518750535677, 0.18127099015373363, 0.5322381952662163, 0.24737562697469329], [0.7790768697170442, 0.05651395049783597, 0.03318052973426648, 0.1312286499508534], [0.7263424747547305, 0.047215460287532034, 0.033973397466325016, 0.19246866739141247], [0.7612131038720705, 0.07089717500588537, 0.03560538124221026, 0.13228433977983386], [0.7087452410942866, 0.08880171178883406, 0.04674939810762212, 0.1557036489092572], [0.6860677233196535, 0.05726047051626131, 0.0474259980975125, 0.2092458079665727], [0.6494659925973489, 0.06142222272934223, 0.08790251808261683, 0.201209266490692], [0.06383434032508664, 0.0887490524076442, 0.044584230248406985, 0.8028323769188621], [0.04024524358939578, 0.1122167113769934, 0.6870356362385739, 0.1605024086950369], [0.026599192047840576, 0.31940038858772246, 0.048194268870579975, 0.605806150393857], [0.022640917700957473, 0.3745693903925024, 0.47344476508954675, 0.12934492671699338], [0.019761208810938832, 0.8606901328278582, 0.0717554552735802, 0.047793202987622754], [0.019698790763610863, 0.7935242474733051, 0.09776552547060875, 0.08901143619247526]], "ideal": "D", "sampled": "C", "correct": false}}
{"type": "result", "data": {"idx": 11, "options": ["Amoxicillin", "Cefaclor", "Ciprofloxacin", "Erythromycin"], "probs": [[0.77057789819481, 0.13424055566870857, 0.058539124553984453, 0.036642421482496974], [0.7392680443592556, 0.13923080641244195, 0.05883923961458047, 0.06266190951372189], [0.7316072909520885, 0.13354744612792308, 0.08344442769547249, 0.051400835124515896], [0.7155690628564999, 0.13689651777947734, 0.07664162493531748, 0.0708927943287053], [0.6816847730005441, 0.12444337452856262, 0.11490619866331923, 0.0789656537075741], [0.6609092950160014, 0.12070424108490299, 0.14533396063781798, 0.07305250316127766], [0.10784140527614092, 0.835494181887884, 0.03670535591749084, 0.01995905681848416], [0.12203314394061543, 0.8086902265970061, 0.046333796249988825, 0.022942833112389677], [0.24384546132473656, 0.2561227507252814, 0.39672085958859, 0.10331092826139204], [0.20788690194714818, 0.23244286966639133, 0.15220704090307235, 0.40746318738338816], [0.29998246502817494, 0.22688635198484242, 0.3857959296718964, 0.0873352532150862], [0.24528643823841365, 0.19758251289407328, 0.17685809557294255, 0.3802729531945705], [0.1945028784972906, 0.6900806611038194, 0.06621193490487218, 0.04920452539401788], [0.1742247517862253, 0.7114831314490504, 0.0651273960574021, 0.04916472060732218], [0.33750050288047023, 0.1839022447820728, 0.35436641298364907, 0.12423083925380793], [0.29055828502606634, 0.15349965139060257, 0.11930101630316539, 0.43664104718016566], [0.3012102790867559, 0.1590554695388329, 0.4253673603633924, 0.1143668909110188], [0.2819832181057514, 0.17409386710292013, 0.13967892109907848, 0.40424399359225], [0.19149890797802335, 0.7347826435508229, 0.04695093314736162, 0.02676751522379215], [0.15138822454067638, 0.7939655602533139, 0.03597430431540495, 0.01867191079060478], [0.37351039802211256, 0.18240897758513636, 0.3353248932428673, 0.10875573104988379], [0.3278453901839575, 0.15770484350633257, 0.13677954735793554, 0.37767021885177443], [0.3354030028112777, 0.20704487426844026, 0.3519719321369507, 0.10558019068333133], [0.30228965570616806, 0.21814491692552299, 0.12032127020582553, 0.3592441570624834]], "ideal": "D", "sampled": "A", "correct": false}}
{"type": "result", "data": {"idx": 12, "options": ["Facial nerve", "Frontal sinus", "Mastoid sinus", "Olfactory nerve"], "probs": [[0.22896697432591737, 0.29440917684444634, 0.2896378549751723, 0.18698599375446395], [0.2400310444605695, 0.2680497587077383, 0.14792530898426795, 0.34399388774742423], [0.31533112179073103, 0.1491573408348015, 0.2656770865151718, 0.2698344507592957], [0.29129680120127704, 0.11069780257137886, 0.1739893503614318, 0.4240160457659123], [0.2681486526415226, 0.18448613032385222, 0.24810675534786988, 0.29925846158675534], [0.27515306656063215, 0.17508290445420346, 0.2177395489930991, 0.33202447989206524], [0.3218149792555773, 0.17248424628910766, 0.2978265538837726, 0.20787422047154247], [0.313776378507475, 0.14607376076420361, 0.13711454177192423, 0.4030353188563972], [0.26470762883024224, 0.43688011816066896, 0.16315484288424148, 0.13525741002484729], [0.2319028973347504, 0.4203853010710901, 0.2047698646579059, 0.14294193683625359], [0.2503091283122576, 0.321703726148005, 0.1259138230789322, 0.30207332236080514], [0.21822915318723296, 0.33316691713676333, 0.2675823787307669, 0.18102155084523683], [0.3682592620558616, 0.1741903923036428, 0.2572347598186619, 0.20031558572183364], [0.3279846207758399, 0.14124166315821998, 0.14110856597851665, 0.38966514998742346], [0.3753625936322778, 0.31155755184283956, 0.1565384370963665, 0.15654141732851615], [0.318672850040793, 0.29977209713018765, 0.23328355995245487, 0.14827149277656443], [0.2530295641219518, 0.30078709637600815, 0.10551471887470705, 0.340668620527333], [0.24419274559868134, 0.36704646990433815, 0.2259963865948763, 0.1627643978021042], [0.28436044491279655, 0.07543594558012003, 0.3326301648723037, 0.30757344453477975], [0.36598017535438926, 0.07801233918175546, 0.24772865883221018, 0.3082788265316451], [0.1812730932880591, 0.46327144466997655, 0.11892330770150338, 0.23653215424046098], [0.17090542650648402, 0.4437858560642144, 0.21957809203855677, 0.16573062529074478], [0.35052760018751694, 0.13739602880576307, 0.1269810554398747, 0.3850953154668453], [0.3390642308292017, 0.21241423261510495, 0.22953857357224652, 0.21898296288344685]], "ideal": "D", "sampled": "B", "correct": false}}
{"type": "result", "data": {"idx": 13, "options": ["anterior scalene", "latissimus dorsi", "pectoralis minor", "supraspinatus"], "probs": [[0.5484322186361433, 0.15001108905638247, 0.08677506997071292, 0.2147816222367613], [0.46821632119518647, 0.14744434040884144, 0.29771087110925176, 0.08662846718672032], [0.48822171036735, 0.19735796968182967, 0.061108116737320986, 0.25331220311349933], [0.4550756947263692, 0.2184869413898534, 0.2325046429551985, 0.09393272082857891], [0.5952887312737593, 0.24825150337376078, 0.06372457504661252, 0.09273519020586743], [0.535467719882777, 0.3051941854114729, 0.06914528149515584, 0.09019281311059425], [0.05853650234962516, 0.7024138883132911, 0.04704462201622359, 0.1920049872208601], [0.06846639360250442, 0.7482303809021881, 0.13621604136767695, 0.0470871840276305], [0.07695274799292652, 0.07824171333722664, 0.49434489006821075, 0.35046064850163605], [0.06274536017649654, 0.07458281983498385, 0.7416648587712739, 0.12100696111724575], [0.06032434715492501, 0.8329721502207487, 0.050010218093530234, 0.056693284430796076], [0.042322681453536, 0.8502590877152594, 0.0295463547335243, 0.07787187599768033], [0.06846517731847238, 0.7137838430754132, 0.04285210626007392, 0.17489887324604045], [0.10438198322998038, 0.7249738980297813, 0.12207726814665697, 0.04856685049358137], [0.07305729698062736, 0.06763361735659315, 0.5317672769630293, 0.32754180859975024], [0.05845015454246869, 0.08380361797467498, 0.7238998496028439, 0.13384637778001246], [0.10226230322292043, 0.6266819238036038, 0.1376396715503382, 0.13341610132313758], [0.07906399333765189, 0.6029941157465097, 0.06658438194689895, 0.2513575088689394], [0.04556860723372905, 0.8876068491986131, 0.03549037833726472, 0.03133416513039315], [0.05219760377992866, 0.8695965764754239, 0.04395955608179825, 0.0342462635628492], [0.07600488107658301, 0.09037915275292001, 0.7447100017835548, 0.08890596428694211], [0.10915803989539255, 0.12572229000952, 0.07502149845670593, 0.6900981715383815], [0.08595837203515828, 0.1291876814808868, 0.6874033449512006, 0.09745060143275432], [0.08474115963370699, 0.1159147909472095, 0.06703471341778011, 0.7323093359013034]], "ideal": "D", "sampled": "A", "correct": false}}
{"type": "result", "data": {"idx": 14, "options": ["anteriorly deviated distal femur", "plantar flexed cuboid", "posteriorly deviated fibular head", "unilateral sacral shear"], "probs": [[0.5623185759738715, 0.2169659633039372, 0.06930018370576516, 0.1514152769164262], [0.42430411997760775, 0.2657647271214877, 0.11246153552622583, 0.1974696172746787], [0.6046566546746421, 0.15061103254871563, 0.08443708968620794, 0.16029522299043422], [0.5302782374256002, 0.14062502326900325, 0.10443156088926517, 0.2246651783161314], [0.48528864164068114, 0.23305956568739802, 0.10017276257047117, 0.18147903000144966], [0.5480044589682765, 0.2114973176955694, 0.06246926821418355, 0.17802895502197053], [0.7191787689510993, 0.12503019998349899, 0.05996719523786871, 0.09582383572753292], [0.7055014896806018, 0.12459448906982401, 0.08295974007609437, 0.08694428107347983], [0.6928644282849833, 0.13437748154216542, 0.06649742373900365, 0.10626066633384769], [0.6743817134648733, 0.14368144532682822, 0.07686339031067103, 0.10507345079762738], [0.6928653976848381, 0.15467315161636863, 0.058689416332029384, 0.09377203426676385], [0.6757458002728797, 0.16315183406521166, 0.05905847382830644, 0.10204389173360218], [0.5448720738797737, 0.1611902946693346, 0.11970543739446553, 0.17423219395642617], [0.5027452594415582, 0.1510875191145359, 0.11942835629069798, 0.22673886505320792], [0.48169685840846754, 0.25012049821857313, 0.09635886836157863, 0.1718237749113807], [0.4485674831460931, 0.2639590223164575, 0.11168287031489527, 0.17579062412255408], [0.521800378046932, 0.1833514856625643, 0.09356572430134881, 0.20128241188915486], [0.5247283176824361, 0.20570040513382226, 0.10173967113593838, 0.1678316059478032], [0.6281691695394406, 0.17454407847351694, 0.08636284490015482, 0.11092390698688769], [0.6493859813899183, 0.159253878585858, 0.050872381202940874, 0.14048775872128283], [0.5705083160782, 0.26135945999063703, 0.05921059628160578, 0.1089216275495572], [0.614667296417618, 0.21932733912617586, 0.05046690511146842, 0.11553845924473777], [0.6165640100883139, 0.17402953684703829, 0.058261835416987005, 0.15114461754766087], [0.6162308591635649, 0.19402382209500166, 0.0702378392947525, 0.1195074793466809]], "ideal": "C", "sampled": "B", "correct": false}}
{"type": "result", "data": {"idx": 15, "options": ["Administer amobarbital and then interview the patient", "Ask the patient to provide a narrative with detailed description of the incident and of his symptoms", "Interview the patient under hypnosis", "Interview the patient while paying close attention to his willingness to make eye contact"], "probs": [[0.001237431168234415, 0.995578687273138, 0.002107618802069652, 0.001076262656557919], [0.0015741197964961222, 0.994164368323187, 0.0037494756515126285, 0.0005120361288042338], [0.001472895319827624, 0.005111295045326016, 0.9819170412133664, 0.011498768321479981], [0.0030996977421971113, 0.004189199274048656, 0.01743748950984817, 0.9752736133739061], [0.0023772724493590735, 0.016159509327835005, 0.9772188111891353, 0.004244406933670529], [0.005822072839359049, 0.07576291396409308, 0.011681186240807438, 0.9067338268557404], [0.9358310215783484, 0.038876276930065165, 0.011083274281483617, 0.014209427110102797], [0.9109632125909002, 0.03967787962880089, 0.0413503188606359, 0.008008588819663048], [0.9235513140563144, 0.027208551559047858, 0.010270416659055174, 0.03896971762558251], [0.9710638365286108, 0.016326664610814404, 0.010295539295106081, 0.0023139594654686887], [0.9188236444850313, 0.06850981901613024, 0.008208601069608997, 0.004457935329229533], [0.9324351068426304, 0.06192278170224037, 0.003366133257429769, 0.0022759780976994233], [0.0011240868483800577, 0.004818064844130389, 0.9776750300085981, 0.016382818198891407], [0.007635551738815368, 0.014904905545090134, 0.05870631130064662, 0.9187532313154478], [0.0005483345080029508, 0.9935601935238083, 0.002291236577183231, 0.0036002352910054825], [0.0007050254077926401, 0.9957046736726036, 0.0030144120790945627, 0.0005758887405092061], [0.0026132926566999415, 0.021272472113518334, 0.008046904002655213, 0.9680673311271265], [0.0008600934389824149, 0.004694539218244725, 0.9907950156114049, 0.003650351631367931], [0.5066771000367225, 0.019029943607305738, 0.46246246317134265, 0.01183049308462914], [0.4871717237220313, 0.022009024207232872, 0.018608531111058604, 0.47221072085967725], [0.6288255650134228, 0.3595159762492976, 0.009046230748611462, 0.0026122278886681473], [0.6020918974602212, 0.390307955767108, 0.005725947569803524, 0.00187419910286728], [0.4193108992321343, 0.008954246858444783, 0.016264662916956343, 0.5554701908924645], [0.39595928998714075, 0.009233595157497481, 0.5868964976814995, 0.007910617073862184]], "ideal": "B", "sampled": "B", "correct": true}}
{"type": "result", "data": {"idx": 16, "options": ["Failure of leukocytes to migrate between endothelial cells", "Failure of leukocytes to roll along the endothelial surface", "Inability of leukocytes to ingest microorganisms", "Inability of leukocytes to kill intracellular microorganisms"], "probs": [[0.2017390578783475, 0.19568049905727522, 0.17531962690984382, 0.4272608160545334], [0.20574080328848496, 0.19046648767275848, 0.29482485962468, 0.3089678493140765], [0.21705098771444534, 0.19472030093392068, 0.15637603633592448, 0.4318526749157095], [0.22395503185007024, 0.2312803680772712, 0.2745012301751468, 0.27026336979751175], [0.233767031632354, 0.24138440137978945, 0.17376890322431132, 0.3510796636635452], [0.23922972442918508, 0.30265657286856495, 0.21118185153388047, 0.2469318510683695], [0.3041269778901195, 0.2059258818420478, 0.17605543134836124, 0.3138917088194714], [0.33308809992320365, 0.1929499953792264, 0.25545853373833965, 0.2185033708592303], [0.32554093485111396, 0.23100954636125665, 0.14225013764642944, 0.3011993810412], [0.3057447671584514, 0.23828907308579786, 0.24574382600711048, 0.21022233364864024], [0.3744977879670285, 0.26163093422557454, 0.1537215778251458, 0.21014969988225116], [0.35739453558344386, 0.2829080139441104, 0.1742129273772988, 0.18548452299514692], [0.29881484203970987, 0.2153767262296093, 0.15749656131768497, 0.32831187031299586], [0.28655742323855515, 0.23406298361243552, 0.23031693577352333, 0.24906265727548596], [0.2991317897477171, 0.22950776603036122, 0.1528091029017079, 0.3185513412202138], [0.2811759495804453, 0.25223246965963, 0.24057143151057386, 0.22602014914935087], [0.29193691286317514, 0.27445633034513617, 0.1915008482592785, 0.24210590843241023], [0.28215983086744884, 0.27799281060906667, 0.21304501273520687, 0.22680234568827762], [0.4215192323954358, 0.20557438447727536, 0.1326563248697282, 0.24025005815756062], [0.4486074246640082, 0.21539079177949072, 0.15750432798907193, 0.17849745546742912], [0.4290793175703463, 0.21589912150281673, 0.12884662852121437, 0.2261749323056226], [0.4504544205580871, 0.22313876780333086, 0.16064277529067875, 0.16576403624790328], [0.4542583036795459, 0.208129439463912, 0.1452098171455326, 0.19240243961100945], [0.4617315323905166, 0.20826860329205577, 0.15468821726586302, 0.1753116469515646]], "ideal": "D", "sampled": "D", "correct": true}}
