{"type": "result", "data": {"idx": 0, "options": ["5 permanent members with veto power, 10 rotating members with no veto power", "5 permanent members and 10 rotating members, all with veto power", "10 permanent members with veto power, and 5 rotating members without veto power", "15 permanent members with veto power"], "probs": [[0.011034352487971813, 0.9552612116904409, 0.03000474289681638, 0.003699692824770882], [0.016794596187704215, 0.9169704668037129, 0.06051313693910694, 0.005721799969476023], [0.052986968895564035, 0.27993059468372705, 0.621374256340574, 0.04570817998013485], [0.10018527357492439, 0.40258100024934595, 0.19321129926282288, 0.30402242681290675], [0.05478052044130439, 0.6942046749481903, 0.22550129910174804, 0.02551350540875727], [0.07158457593775064, 0.5631935679825252, 0.07743384803703723, 0.2877880079426869], [0.7872432592001835, 0.14796903588350627, 0.04655304603017859, 0.018234658786131654], [0.747639508931099, 0.13203165932051542, 0.10607954463495688, 0.014249287013428764], [0.7162122970128867, 0.2020899443343596, 0.051893217985493574, 0.029804540567260118], [0.6379879700537031, 0.17181448604718091, 0.17180170085090168, 0.01839584294821422], [0.3371025560333431, 0.6201614028217861, 0.03498309786810848, 0.007752943176762333], [0.2862427062416546, 0.676184077107834, 0.031624948565657354, 0.00594826798485408], [0.3885752633041974, 0.18945107189297514, 0.4074769112527085, 0.014496753450118962], [0.6832080711816733, 0.20842046242277854, 0.06258137733322565, 0.045790088962322596], [0.6842063087775864, 0.24402238494331524, 0.06267105059817796, 0.009100255580920385], [0.6737773423945378, 0.2518618184122682, 0.05708414188396307, 0.017276697209230987], [0.5906445603467174, 0.26630250608875067, 0.052436100404536105, 0.09061683305999582], [0.7227352135943825, 0.21040679393884104, 0.051966454491086264, 0.014891537875690204], [0.9084881969581079, 0.0781746366217746, 0.012367608844678326, 0.0009695574754392198], [0.8975138716075834, 0.08221076675455351, 0.013419191470659972, 0.0068561700672030166], [0.9433834394822516, 0.05001639005465944, 0.005834215494540584, 0.0007659548685483767], [0.94749127466118, 0.04610091962050431, 0.005679496266152508, 0.0007283093521631155], [0.898076781602506, 0.08620471765786263, 0.010375830690514433, 0.005342669949116933], [0.9250267124475867, 0.06808495065508309, 0.006137480548204082, 0.0007508562491261522]], "ideal": "A", "sampled": "D", "correct": false}}
{"type": "result", "data": {"idx": 1, "options": ["It allowed the US to intensify its involvement in Vietnam", "It illustrated the influence of public opinion on US foreign policy", "It enhanced Congressional control over the Vietnam War", "It curtailed US involvement in Vietnam"], "probs": [[0.9842559760362075, 0.013610119197241597, 0.0014123771509111794, 0.0007215275156397531], [0.9899820325395801, 0.008566929647238283, 0.0010073745722576851, 0.0004436631409239289], [0.9852856752388525, 0.013000982495155931, 0.001109811333769607, 0.0006035308322219483], [0.9884744076149431, 0.010079982152466587, 0.0010059699808645285, 0.00043964015172578427], [0.9859334697030586, 0.01260972142019606, 0.0010351376254018197, 0.0004216711513435319], [0.9849812511275385, 0.013621401211643899, 0.0010587625570405374, 0.0003385850037769808], [0.000435689429367941, 0.9957003531349372, 0.0020149039253764055, 0.0018490534103184268], [0.000353332243244737, 0.9971070421507794, 0.0013440895665615912, 0.0011955359394143106], [0.03541760795868573, 0.3156994529858754, 0.554094655890442, 0.09478828306499679], [0.06818237950851955, 0.5280057230660241, 0.06818937560375149, 0.3356225217217048], [0.14204841418994665, 0.29610934076546946, 0.424162121384801, 0.13768012355978285], [0.16085146126254027, 0.39197885402129024, 0.12726285862748465, 0.3199068259886848], [0.04740378332459628, 0.9085030575508646, 0.022046672644521124, 0.022046486380018018], [0.19548564528347734, 0.7263338335106709, 0.04866379717384061, 0.029516723932011102], [0.03677330373873274, 0.06159432701473931, 0.8636880726090024, 0.03794429653752551], [0.5334753910145836, 0.1627207672027831, 0.11358962782693036, 0.1902142138557029], [0.5875334826646836, 0.22653811015215275, 0.0929642035415818, 0.0929642035415818], [0.5028741044164174, 0.265017732859224, 0.061009101247410547, 0.17109906137694797], [0.005036343974674658, 0.9747987688180908, 0.011529636922515959, 0.008635250184718569], [0.0061155131112234345, 0.9736750281157098, 0.01235578898286218, 0.00785366969020454], [0.01465868182842352, 0.21045441609819604, 0.7233156453345756, 0.05157125663880489], [0.015668815379689238, 0.5148816828910622, 0.15222102770712423, 0.3172284739221243], [0.015341378804033853, 0.65234655378325, 0.2850539694629688, 0.04725809784974725], [0.0171295199207046, 0.4702737024137353, 0.0495729370932386, 0.4630238404723215]], "ideal": "A", "sampled": "A", "correct": true}}
{"type": "result", "data": {"idx": 2, "options": ["Terrorists", "Organized crime", "Drug traffickers", "China"], "probs": [[0.001251286724617235, 0.0058777160669082704, 0.004367649138428991, 0.9885033479700455], [0.002260945450084179, 0.018786103943586985, 0.884308376474406, 0.0946445740319228], [0.0013448522919131342, 0.007158505868786174, 0.008908033543265153, 0.9825886081960356], [0.0015706899033691786, 0.012848267840480286, 0.9150408272681417, 0.07054021488800874], [0.003575347977494678, 0.8679743860606427, 0.0537837847196074, 0.07466648114225523], [0.002739160170867513, 0.8405473365610969, 0.04817101466724445, 0.10854248850079115], [0.0014705602066153447, 0.007586896547519635, 0.005014228561225887, 0.9859283145846391], [0.005147500375408981, 0.03154022871430317, 0.8263399665956475, 0.1369723042146404], [0.0019348740694540725, 0.009904941365370847, 0.008947441193089852, 0.9792127432720852], [0.0024899657198870413, 0.01928618051934778, 0.9150013614288051, 0.06322249223196008], [0.005625216543278403, 0.8956359882192447, 0.024057605325322428, 0.07468118981215449], [0.0072173050275655785, 0.9090071640533053, 0.027452533230972454, 0.05632299758815667], [0.001988523848704929, 0.012278822528258572, 0.010338828495668369, 0.9753938250273682], [0.0026448675589672128, 0.027564661335670478, 0.884902588906766, 0.08488788209859634], [0.0014269294410961047, 0.010062559151835845, 0.00916105197001388, 0.9793494593370542], [0.001947595605063751, 0.02467608764833237, 0.9047242271610252, 0.06865208948557869], [0.0019234555834577844, 0.9285213087837598, 0.02474693270180196, 0.04480830283098044], [0.0025788953048982567, 0.9252020355152466, 0.030927742813906017, 0.04129132626594916], [0.30026025919267185, 0.15702860757756265, 0.1510466404576043, 0.3916644926721612], [0.30941988170510515, 0.14393422638322664, 0.18487158804048592, 0.36177430377118225], [0.22792439198687955, 0.2279702279617808, 0.06899645641477445, 0.4751089235365652], [0.29399655361500987, 0.34378061975754015, 0.110761788132208, 0.2514610383952419], [0.3123232107139125, 0.16333882479275466, 0.11055324468877252, 0.41378471970456027], [0.3268790098602969, 0.2391888839129832, 0.1363173364122686, 0.29761476971445133]], "ideal": "D", "sampled": "D", "correct": true}}
{"type": "result", "data": {"idx": 3, "options": ["Richard Nixon", "George H. W. Bush", "Jimmy Carter", "Ronald Reagan"], "probs": [[0.9520348061256124, 0.024985696466376706, 0.011086963758221418, 0.011892533549789442], [0.9526866660161653, 0.02539749253464558, 0.014697554499260643, 0.007218286849928565], [0.9507981747009898, 0.026562673085081524, 0.008423990629643687, 0.01421516148428501], [0.9727353754282497, 0.017005657260762686, 0.007089000445647454, 0.003169966765340145], [0.9582141469882829, 0.02635440951573495, 0.008227935336183814, 0.007203508059798358], [0.9716836287752317, 0.018082723158635988, 0.006809891253197935, 0.0034237567129343466], [0.010600780718315217, 0.6257801399136294, 0.0771301431044905, 0.28648893616356486], [0.014397575317407438, 0.6883076332523292, 0.23427016703485784, 0.0630246242954055], [0.05588349245812291, 0.09659368302568289, 0.24665289911076257, 0.6008699253054316], [0.03777156910561684, 0.06528192256043415, 0.16157006327570797, 0.7353764449582411], [0.0331049965083091, 0.22630904191128856, 0.6250357510821636, 0.11555021039823879], [0.04385158419170554, 0.2997227906881063, 0.1052205860509556, 0.5512050389692326], [0.14608705368861863, 0.2093060659252773, 0.08457342723447946, 0.5600334530516246], [0.18336381959977488, 0.2796869790367647, 0.40068610304502894, 0.13626309821843144], [0.0789243378835771, 0.0586794855738458, 0.46155865371256827, 0.40083752273000883], [0.07830857908913326, 0.053006047068203284, 0.2231482622749322, 0.6455371114677313], [0.12432970383256961, 0.0868308861503544, 0.7047117509296296, 0.08412765898744638], [0.10644075352707602, 0.0666280691752866, 0.06457584398768187, 0.7623553332099555], [0.030107215977245392, 0.8011544895566362, 0.09422418507623304, 0.07451410928988547], [0.027784610991955, 0.8248051096864351, 0.09550243259374816, 0.05190784662786179], [0.024757912582505433, 0.0831354726155469, 0.7767195179991379, 0.11538709670280986], [0.054965494584832235, 0.16934946871659984, 0.1163931462064393, 0.6592918903921287], [0.08318067527134414, 0.16291733448628606, 0.5512108925449435, 0.20269109759742632], [0.04790316858480786, 0.06652500430183196, 0.06249332008263401, 0.8230785069307262]], "ideal": "A", "sampled": "A", "correct": true}}
{"type": "result", "data": {"idx": 4, "options": ["on nuclear weapons signed between the United States and the Soviet Union.", "cutting conventional arms in Europe.", "to be rejected by the U.S. Senate.", "mandating the elimination of many long-range nuclear missiles."], "probs": [[0.9186657651985354, 0.02319270332773545, 0.017772819107997564, 0.04036871226573165], [0.9140759620316415, 0.017151610019854234, 0.06727386641242403, 0.0014985614360801683], [0.9295224994060195, 0.023464750479452266, 0.012074018791632677, 0.03493873122289553], [0.8831089361430189, 0.0321857512025624, 0.08346696971583614, 0.0012383428385825263], [0.9420175494400203, 0.052334021454872134, 0.004536352558086274, 0.0011120764470213043], [0.8876528588374953, 0.10118312895333079, 0.009938897131374946, 0.0012251149777989124], [0.000985735629703682, 0.9387742415966517, 0.012006240307243954, 0.04823378236640071], [0.000760839396521205, 0.8603173097239687, 0.13407618117437553, 0.004845669605134601], [0.003123736542083828, 0.02152793181685575, 0.7131846169477285, 0.2621637145933319], [0.0031119140259876425, 0.02094757895140157, 0.4273633372862381, 0.5485771696363727], [0.0011803888359738167, 0.1632822871938721, 0.8169265690556491, 0.01861075481450499], [0.0014983839574371437, 0.4252410560822242, 0.027180362640888904, 0.5460801972194498], [0.013583594957095256, 0.880632282855648, 0.018568184259480446, 0.08721593782777631], [0.01483272494917501, 0.9173824888865073, 0.06647813707007985, 0.0013066489942378553], [0.021383814321779025, 0.02107240983081962, 0.7545884245116304, 0.20295535123577094], [0.01833798530991518, 0.01864178089880653, 0.5116418470497838, 0.4513783866414945], [0.02185627540025935, 0.09645418417565993, 0.8735823264298915, 0.008107213894189214], [0.028758745411159387, 0.12303243427561561, 0.04596141391440727, 0.8022474062988177], [0.023254994009568836, 0.9733622730943243, 0.0029792755058629266, 0.00040345729024386846], [0.02154177162570575, 0.9749664556152782, 0.003226733229489019, 0.0002650394295270167], [0.3510023907865674, 0.018919884923174993, 0.6262037080112498, 0.0038740161790077727], [0.5016851293844621, 0.04320471248182373, 0.058074271648828606, 0.3970358863848856], [0.19123329468159395, 0.036522382356824604, 0.7688981390435202, 0.0033461838180612632], [0.476284584785364, 0.04793897112451792, 0.04866158061710268, 0.4271148633730154]], "ideal": "D", "sampled": "A", "correct": false}}
{"type": "result", "data": {"idx": 5, "options": ["It ended the influence of American exceptionalism entirely", "Exceptionalism was enhanced by America's status as the 'leader of the free world'", "The extension of American power globally challenged core assumptions of exceptionalism", "Both b and c"], "probs": [[0.002107833144124732, 0.36302498635188923, 0.026709882692273347, 0.6081572977117127], [0.0018041142752475224, 0.5003132424524872, 0.4853565291304938, 0.012526114041771447], [0.0016077018939861156, 0.46008738899797164, 0.024957912301965014, 0.5133469967060773], [0.0024930715437813215, 0.47908930839184033, 0.5106695173781011, 0.007748102586277261], [0.0032233035490309035, 0.8396676371312926, 0.09722387318864396, 0.059885186031032545], [0.0051162594261475805, 0.7478295790820706, 0.2317745570941473, 0.015279604297634529], [0.25156463127171036, 0.15288457842447542, 0.11005603930952437, 0.48549475089428984], [0.42861204909640294, 0.16297848002344653, 0.17890159360178987, 0.22950787717836063], [0.027011174002625, 0.8673948416789904, 0.016919223845398502, 0.08867476037298615], [0.014875813524388574, 0.4595761043451861, 0.5214735913637496, 0.004074490666675765], [0.1508899987467829, 0.8292201270070814, 0.011823463490095236, 0.00806641065604054], [0.21531451802870685, 0.6956274139415372, 0.0850168567039186, 0.0040412112258373795], [0.39530846802084185, 0.1526760803451098, 0.03737824159185695, 0.41463720994219144], [0.6044512840168217, 0.1629427631813961, 0.20602729415629836, 0.02657865854548385], [0.43427773509581336, 0.25963313690601986, 0.025493066174805422, 0.2805960617233613], [0.06839736722352431, 0.16949765808716147, 0.754117269329907, 0.007987705259407283], [0.16282546715740842, 0.8274294833352218, 0.007862154488790608, 0.001882894918579105], [0.33233984585754234, 0.6512340166329291, 0.014611101393168256, 0.0018150360163603017], [0.29098843441271965, 0.1685351666440228, 0.4954815619881596, 0.0449948368550979], [0.47584452367335905, 0.1924341257812228, 0.2357633815066213, 0.09595796893879688], [0.1992596320856902, 0.6336683417855763, 0.03834083919936136, 0.12873118682937218], [0.1089491310351641, 0.5451021729039438, 0.33595889427924525, 0.009989801681646829], [0.1060912957408136, 0.8748099026469263, 0.014359395700308822, 0.0047394058119513156], [0.11754407118094881, 0.8552653341613707, 0.025613699629605614, 0.001576894928074865]], "ideal": "D", "sampled": "D", "correct": true}}
{"type": "result", "data": {"idx": 6, "options": ["He believed that internal reform rather than international negotiation was the key to economic regeneration of the US", "He believed that German domination of Europe would be in US interests", "He always favoured isolationism", "All of the above"], "probs": [[0.37266077273311365, 0.13933988537020328, 0.12100962344135029, 0.36698971835533273], [0.26521842088321546, 0.12732823922980663, 0.5360551156428774, 0.07139822414410052], [0.36720095966955774, 0.23352580564292108, 0.08999767630399291, 0.30927555828352826], [0.22700014232809923, 0.11968754020719843, 0.6270293873083627, 0.026282930056339627], [0.09399045909959548, 0.8919944189095935, 0.012138449496599969, 0.0018766723942110195], [0.08708295500029915, 0.8935366126394703, 0.016750346966607103, 0.0026300852936234536], [0.06614068845638324, 0.39290824235840316, 0.11613327177098404, 0.4248177973142296], [0.022848166447871066, 0.3547741749910052, 0.5943762528372785, 0.02800140562384524], [0.060916671797439745, 0.17638246253351877, 0.21947940609511937, 0.5432214594739221], [0.07691865585538434, 0.28600133101765324, 0.5020236484656699, 0.13505636456129252], [0.04709293267673649, 0.7428388511819505, 0.17101757035537277, 0.03905064568594026], [0.03226358347086739, 0.781960613891868, 0.0994151319707907, 0.08636067056647388], [0.13218449153311804, 0.38864901947552455, 0.07188261353163287, 0.4072838753597245], [0.04971184199232473, 0.16305553881114437, 0.7658488139380422, 0.021383805158488752], [0.12022552340860648, 0.14509635212670496, 0.10448373497289656, 0.630194389391792], [0.20760808011625598, 0.17222202335727638, 0.538848952562835, 0.08132094386363256], [0.06183923154364701, 0.6248722415776237, 0.2951460657472555, 0.018142461031473878], [0.05983980215905261, 0.8393077034589502, 0.048852006557302895, 0.05200048772469427], [0.608860018076435, 0.3470847619241766, 0.03151499118905148, 0.012540228710337], [0.5850143323064763, 0.3719869186359642, 0.029348076702921874, 0.013650672254637652], [0.6310086602277734, 0.15967006381886023, 0.15710782390981923, 0.05221345194354722], [0.6847787916219479, 0.12479897261804769, 0.061743946992363574, 0.12867828866764083], [0.5289858475716648, 0.12972469344599197, 0.287663933574693, 0.053625525307650246], [0.7251891059118062, 0.12807949172347352, 0.04858671236863745, 0.09814468989608283]], "ideal": "A", "sampled": "D", "correct": false}}
{"type": "result", "data": {"idx": 7, "options": ["A strand of neo-isolationist sentiment", "A strand of internationalist sentiment", "An expression of American cultural superiority", "Increased incorporation of public opinion in foreign policy making"], "probs": [[0.19838320172321003, 0.21458208929781097, 0.055977080817588586, 0.5310576280613905], [0.03280881700312036, 0.08189771839815634, 0.8670228476600895, 0.018270616838633735], [0.2163038269683767, 0.09162808277009629, 0.06598900307046855, 0.6260790870910584], [0.023704651616547338, 0.04294557509039249, 0.8971934757719299, 0.03615629742113033], [0.002923856851603104, 0.9932470967541359, 0.003340039716627417, 0.000489006577633607], [0.0012901989127532044, 0.9954075754777387, 0.0022649707645889016, 0.0010372547449191717], [0.04062164474315635, 0.7034759992498316, 0.0605281371171835, 0.19537421878982858], [0.05291706989299967, 0.44675945565465675, 0.4684549499809936, 0.03186852437134995], [0.07720760885289699, 0.09464561797260085, 0.16096034404575033, 0.6671864290287518], [0.008006681142982622, 0.03675696748569107, 0.9190595716330856, 0.0361767796382407], [0.005496660756892179, 0.9839387255900036, 0.008649180513570002, 0.0019154330395342303], [0.0028711051882230137, 0.9906473664891144, 0.004553170367253661, 0.0019283578554088762], [0.02414844875954493, 0.16001169024271733, 0.12078570303337077, 0.695054157864367], [0.007278969741150176, 0.078908103214952, 0.8620711241083723, 0.051741802835525534], [0.02311971790929525, 0.1103597748284507, 0.2606166521343544, 0.6059038550278997], [0.0023801809556655133, 0.032615960802937286, 0.9387997722330396, 0.026204085908357655], [0.000416950684528719, 0.982883414452955, 0.008708579120940287, 0.007991055641575961], [0.0004005768117049157, 0.9896046244241796, 0.006073360528364695, 0.003921438135750762], [0.02020423395836381, 0.9582727119889556, 0.018541487961432273, 0.002981565991248281], [0.17456050113798452, 0.807211215485126, 0.014901843765064518, 0.003326439511824939], [0.5949831820469892, 0.22947188552912715, 0.1626992135567587, 0.012845718767124911], [0.8793478301935165, 0.09270829267910674, 0.023805673087523578, 0.004138203939853146], [0.8777110849591697, 0.08294577409492544, 0.03566949180429614, 0.0036736490416087097], [0.850362192665938, 0.09846428164087927, 0.0450721426179357, 0.006101382975246972]], "ideal": "A", "sampled": "D", "correct": false}}
{"type": "result", "data": {"idx": 8, "options": ["The war reduced European population levels below that of the United States", "The United States seized German resources after the war", "European countries paid the United States for assistance", "The United States became a creditor country and financial centre, with European war spending boosting the US economy"], "probs": [[0.0003682280921659623, 0.0025176131319053527, 0.005496266754320467, 0.9916178919216082], [0.0009683639685438637, 0.02070464852020304, 0.9523639279425952, 0.025963059468657946], [0.0003175489439562574, 0.003284639869567022, 0.004349728367402327, 0.9920480827190744], [0.0012967002340858683, 0.020126065649636697, 0.9701226845687173, 0.008454549447560158], [0.0006968260630086174, 0.9961865216863547, 0.0018937278614948629, 0.0012229242891418199], [0.0007131589365202652, 0.9957788399747416, 0.002977948237944049, 0.0005300527507940395], [0.00038911794126826344, 0.0020559198300889817, 0.005413785842558615, 0.9921411762860841], [0.0013324320348343458, 0.016880786474725018, 0.9664202107407057, 0.015366570649734956], [0.00042615308407262123, 0.005571960566606443, 0.004511039226700288, 0.9894908470226206], [0.0012845663661613885, 0.016530079863597037, 0.9762464818719286, 0.005938871798312875], [0.0006206005698699256, 0.9975947112504959, 0.0013445776021507876, 0.0004401104774833624], [0.0005349136417235091, 0.9974372320404911, 0.0015594613633767376, 0.0004683928544086899], [0.0006173039582518671, 0.0024237665960904764, 0.004153697457529796, 0.9928052318881279], [0.0034252713552361067, 0.015596381866378666, 0.9728249609458888, 0.008153385732496405], [0.002706844207835459, 0.0112246045477579, 0.006913875436624616, 0.979154675707782], [0.002494484620288664, 0.02599678025807189, 0.9608415544497177, 0.010667180571921668], [0.0019405393971994936, 0.9969419533022997, 0.0008744901071590044, 0.0002430170933418132], [0.0016343813727090878, 0.9971417366742222, 0.0009238019837154116, 0.0003000798693532783], [0.9284330538520161, 0.060308515584220575, 0.007372664699396319, 0.0038857657643669137], [0.9531379601881701, 0.03874651075715048, 0.007335806931091149, 0.0007797220235882443], [0.9394987426931323, 0.05385763686120038, 0.005208147801346329, 0.0014354725443210172], [0.9363103280201155, 0.05451895163379466, 0.008038924810588282, 0.0011317954355015592], [0.9142614003984915, 0.08117681425645529, 0.00388601161965133, 0.0006757736254019554], [0.9139888611122688, 0.0798897443876111, 0.0051463320623026075, 0.0009750623378174093]], "ideal": "D", "sampled": "D", "correct": true}}
{"type": "result", "data": {"idx": 9, "options": ["the president of the United States.", "the secretary of defense.", "the chairman of the Joint Chiefs of Staff.", "Congress."], "probs": [[0.9558784995945336, 0.024696406388166028, 0.006911379810274549, 0.012513714107025752], [0.9375408642442786, 0.021891112797612605, 0.03932333634674947, 0.0012446865113592991], [0.9482222542807917, 0.028866523155676442, 0.009593176728137745, 0.013318045735394204], [0.8450199171959224, 0.026760793609066996, 0.1256515354924329, 0.0025677536025776773], [0.216486482580971, 0.7797058180328876, 0.003314801007281309, 0.0004928982788600827], [0.2990711937902222, 0.6954542921917535, 0.004369462885828663, 0.0011050510321957603], [0.0026364214505145947, 0.9831183149371232, 0.008441750637436813, 0.005803512874925358], [0.0019470147182799715, 0.9693769229845193, 0.026874955360107342, 0.0018011068370933725], [0.013841239801748414, 0.04434848672141275, 0.8978096877693658, 0.044000585607473025], [0.008791870647455903, 0.04679761442987721, 0.2778388331833761, 0.6665716816392908], [0.008934846911899457, 0.1881346220309909, 0.7923136801166948, 0.01061685084041488], [0.005701466009504861, 0.47827149461310403, 0.03010740383196025, 0.4859196354454308], [0.0023088472243881024, 0.983214012932217, 0.010425416038010735, 0.004051723705384189], [0.0015336263400598205, 0.9803183489269766, 0.016355196572723395, 0.001792828060240203], [0.00915762183979722, 0.05744287870028959, 0.8917013619895947, 0.04169813737031853], [0.00662408942384796, 0.05903698803035244, 0.11925537743290246, 0.8150835450128971], [0.005260408080898437, 0.2219626820450395, 0.7630217301983074, 0.009755179575754601], [0.003907841844617452, 0.6172037463157897, 0.037955815191676484, 0.34093259654791636], [0.029684184916156185, 0.9678136954975713, 0.0022549437480824785, 0.0002471757381899676], [0.01805852516111138, 0.978252398035887, 0.0031643416316802135, 0.0005247350713213589], [0.1674199194381491, 0.0440429510029561, 0.7867470806916347, 0.0017900487672601524], [0.4827454468585398, 0.056781572304639434, 0.02767342561404244, 0.4327995551227783], [0.09012766739708604, 0.03758824849089842, 0.8690245688863313, 0.003259515125684224], [0.386259635527679, 0.06307443559672295, 0.03886150025955522, 0.5118044285160428]], "ideal": "D", "sampled": "A", "correct": false}}
{"type": "result", "data": {"idx": 10, "options": ["The US ignored the Third World", "Local developments were viewed through a geopolitical lens", "The US unreservedly supported decolonization", "None of the above"], "probs": [[0.0003667345943061301, 0.99505267244137, 0.0035904675363896596, 0.0009901253279342075], [0.0003424085677731313, 0.9968375146014601, 0.002589948211997013, 0.00023012851876979954], [0.0036265470868265728, 0.031082781168852963, 0.8952088455101023, 0.07008182613421825], [0.007704577446682723, 0.030474204740964506, 0.028189670592255665, 0.9336315471200971], [0.0028773354916062257, 0.02210820057056634, 0.9709203900119351, 0.004094073825892316], [0.00439902187741038, 0.044084529160102394, 0.023235385725010865, 0.9282810631374764], [0.974403448568474, 0.02153590152109299, 0.00312821173691555, 0.0009324380735173857], [0.9833120999631099, 0.013599192415567804, 0.0025357543508128613, 0.0005529531705095011], [0.9628181478974069, 0.030478589304651933, 0.004675996965903706, 0.002027265732037358], [0.9773273842222314, 0.019060742377537992, 0.0030403597995650507, 0.0005715135006655916], [0.9787770332580634, 0.013969445267662048, 0.007078812760587531, 0.00017470861368696795], [0.9716362660725643, 0.01925161913584003, 0.008952954132446596, 0.00015916055914914033], [0.0038365604554062085, 0.035834667831429905, 0.9250331309585906, 0.03529564065457329], [0.018211944674525707, 0.0635700015365467, 0.04041633566587978, 0.8778017180230479], [0.0010884328629227006, 0.9892585979717881, 0.007100159378514605, 0.0025528096867746737], [0.0007823500899414419, 0.9949712902300651, 0.003732771435774336, 0.0005135881442190725], [0.005142001581848391, 0.028680665502004495, 0.0160910365434534, 0.9500862962726937], [0.0036451055597873407, 0.04074621989800873, 0.9503001673743029, 0.005308507067901046], [0.0026261665686411056, 0.022334626868873487, 0.9654259872177324, 0.009613219244752938], [0.0013589006549864298, 0.014725064535047757, 0.013834786297191887, 0.9700812484127739], [0.0024855252978281182, 0.9948247807894184, 0.002447109642684286, 0.000242584170069203], [0.002813945300620038, 0.9939531346231298, 0.002926514968382233, 0.0003064050078679228], [0.002634776914506304, 0.01962288786126361, 0.01705120828223423, 0.9606911268419959], [0.00438039103049782, 0.05906388722236595, 0.9103325936044525, 0.026223128042683765]], "ideal": "B", "sampled": "B", "correct": true}}
{"type": "result", "data": {"idx": 11, "options": ["It was the first time the US became involved in the Balkans", "It was the first time NATO used military force", "It was the first war won by airpower alone", "It was the first war to employ 'smart weapons'"], "probs": [[0.7518879694286935, 0.20250124906947528, 0.028046437822776386, 0.017564343579054866], [0.6851585216951004, 0.2522155158959919, 0.03896916831502299, 0.023656793993884682], [0.8354001262239209, 0.0881700091616186, 0.050976508689921984, 0.02545335582453844], [0.592801745230271, 0.09684136436774472, 0.04717380517865001, 0.2631830851233343], [0.7672894853540085, 0.11239985007264257, 0.08885280339900443, 0.03145786107434447], [0.6429719639620777, 0.113546570662623, 0.04732061778715915, 0.1961608474881402], [0.3471077051867289, 0.5724251812456963, 0.05081258666368031, 0.029654526803894528], [0.49168171924261883, 0.3952530577914075, 0.06656828447620652, 0.046496938389767116], [0.6896377071550727, 0.10420430404275753, 0.13169304418168845, 0.0744649445204813], [0.4478173157639309, 0.1015488476151982, 0.05519136287575521, 0.39544247364511564], [0.6389653491643261, 0.16940387576901017, 0.11282934656119528, 0.0788014284054684], [0.5692632772604215, 0.13954344338443397, 0.05379049831913998, 0.23740278093600453], [0.009219016436947558, 0.7979380315139795, 0.15244752976404527, 0.04039542218502763], [0.011302055437489878, 0.6724226222476395, 0.06873848640661315, 0.24753683580825747], [0.028722532401801146, 0.26026086590897707, 0.5429593030829547, 0.16805729850626705], [0.03352706929001321, 0.1456993988859896, 0.06881759417587172, 0.7519559375481255], [0.020647406092658135, 0.08106465460863699, 0.4667968219152333, 0.43149111728347156], [0.04081018922494119, 0.10266619690227097, 0.29253786145493416, 0.5639857523178536], [0.018385293405543568, 0.8065169648107532, 0.14933804037678428, 0.02575970130691892], [0.017966616473346825, 0.8194272577602033, 0.05161854292606208, 0.1109875827403878], [0.06347187087653217, 0.44790052672537106, 0.4082722626889152, 0.08035533960918154], [0.09099736402030639, 0.2512877172894848, 0.07314292758822982, 0.584571991001979], [0.048743734447719005, 0.10163713699920976, 0.42163141462303283, 0.42798771383003836], [0.10247004986803473, 0.12176263441165752, 0.27877844903475907, 0.4969888665855487]], "ideal": "C", "sampled": "A", "correct": false}}
{"type": "result", "data": {"idx": 12, "options": ["The character of a state's leader", "The distribution of power in the international system", "The distribution of power within a state's governmental system", "A state's political ideology"], "probs": [[0.0007290691905009123, 0.995061701070253, 0.0037903730093364926, 0.0004188566299095169], [0.0007413517482105175, 0.9961162251421067, 0.0025080908195400757, 0.0006343321901426422], [0.0020875476088687514, 0.7320788861081492, 0.26116304741850305, 0.004670518764479067], [0.003739265135353978, 0.6801624072540576, 0.018995707224693844, 0.29710262028589457], [0.003049928510825879, 0.018116778052010712, 0.9742179072468105, 0.004615386090352979], [0.005107839224997843, 0.030112852973935175, 0.674725245659899, 0.290054062041168], [0.9882164524620864, 0.009697391580043247, 0.0018357219970424779, 0.0002504338608277918], [0.9898059988225806, 0.008244264456044972, 0.001674224494603562, 0.0002755121267708453], [0.9869552029641284, 0.01159018717356464, 0.001279994350543897, 0.00017461541176307961], [0.9858185785097952, 0.012617945508553722, 0.0013718867660278227, 0.00019158911562332877], [0.9902972991925971, 0.007996166427121382, 0.0014555226099062658, 0.0002510116703751852], [0.9885691061684188, 0.009333233782403524, 0.0018658959706773987, 0.00023176397850029946], [0.9877484819510984, 0.010479881496513445, 0.0015212623313909173, 0.00025037412099722004], [0.9874695430431272, 0.010639228451439813, 0.0014622523006366142, 0.0004289761047963832], [0.9888745449430715, 0.010168368510062111, 0.0008475888016978612, 0.00010949764516854489], [0.9873017593746031, 0.011685380623409986, 0.0009009222780854024, 0.00011193762390150942], [0.9887692481857905, 0.009625189503047579, 0.0012234822527344112, 0.0003820799584275638], [0.9875649740239242, 0.010727782941980448, 0.0015211647980927874, 0.00018607813600261437], [0.00414349598182287, 0.016918828457111585, 0.9685999605789762, 0.010337714882089346], [0.007820882455955544, 0.01819865161659518, 0.25309424401073416, 0.7208862218167151], [0.0014060489097867518, 0.9955761571312013, 0.0023736670012571744, 0.0006441268577547727], [0.0010786985407515227, 0.9962879918110896, 0.0023382003190835095, 0.0002951092290753076], [0.003201170794792644, 0.9160056099472824, 0.009052333996491328, 0.07174088516143365], [0.00472874254279566, 0.94486608784539, 0.04855173963079777, 0.0018534298810166513]], "ideal": "B", "sampled": "B", "correct": true}}
{"type": "result", "data": {"idx": 13, "options": ["Leaders have incentives to lie", "If leaders revealed their programs, they would be more likely to be attacked", "Leaders will not always grant foreign monitors access to their nuclear programs", "ALL of the above"], "probs": [[0.007247394523816511, 0.01262612647550649, 0.008026322984486477, 0.9721001559161905], [0.004909083277088056, 0.013879781127409938, 0.9733646302535647, 0.00784650524193729], [0.009177120452533669, 0.016367385454850145, 0.008295289375534741, 0.9661602046170814], [0.003284473063947234, 0.00886048431644806, 0.9852559739467075, 0.0025990685728972526], [0.0007782675296839159, 0.9979113751998349, 0.0008418279735131671, 0.0004685291969680707], [0.001038413356486056, 0.9972098855240059, 0.0011409747871889222, 0.0006107262323190581], [0.0037486810995345206, 0.01667736359598247, 0.01027584681033642, 0.9692981083941465], [0.0036609481040309737, 0.019490870185820207, 0.9693339104751127, 0.007514271135036099], [0.004201238718177347, 0.015616657057604125, 0.014001075874598888, 0.9661810282496196], [0.00822594564010162, 0.02594837696104139, 0.9590038522258121, 0.006821825073044874], [0.0019443040009742025, 0.9916964887615164, 0.003439983885773892, 0.002919223251735466], [0.0025518380787692674, 0.9902466908183687, 0.0043762387811568685, 0.0028252322217051716], [0.008799301852864838, 0.025077517331604057, 0.010293577325517727, 0.9558296033900133], [0.0033461149484980642, 0.013237143196597374, 0.9806197981313641, 0.002796943623540447], [0.008980503823447006, 0.01731800387786397, 0.0132805302943726, 0.9604209619043164], [0.016431260091519385, 0.02689106569929917, 0.9483477512180899, 0.008329922891091582], [0.0033688034175483996, 0.9944471376683522, 0.0014494830479445367, 0.0007345757661548333], [0.003344837433494246, 0.9951714448875272, 0.0010447554077539197, 0.0004389621712246748], [0.1903189903117244, 0.6965033592181267, 0.043152128563849576, 0.07002552180629938], [0.184616881361275, 0.7191275464639301, 0.04251741308319693, 0.05373815899159801], [0.2371903114645736, 0.4165329131782661, 0.10530124093957538, 0.24097553431758495], [0.26672322946401467, 0.5065030719244729, 0.06240266141281333, 0.16437103709869913], [0.10883335134664394, 0.7676124195775847, 0.056486212007524454, 0.06706801696824685], [0.07734789169591999, 0.8720030431323319, 0.025722474575892378, 0.02492659049585577]], "ideal": "D", "sampled": "D", "correct": true}}
{"type": "result", "data": {"idx": 14, "options": ["the Senate.", "the president.", "the Secretary of State.", "the chairman of the Joint Chiefs."], "probs": [[0.0027301609769451725, 0.08761277128956448, 0.9063889291435289, 0.003268138489961437], [0.0016381792099040874, 0.045681567332909456, 0.005852772082094783, 0.9468274812750916], [0.0007609579303660186, 0.9153242987893905, 0.08253756833737118, 0.0013771748428723207], [0.0007488433665210887, 0.9668921729973363, 0.005978984794557264, 0.026379998741585357], [0.00266290210766349, 0.01342020890274379, 0.49587856758520266, 0.48803832130439007], [0.0033657127823706217, 0.02045694926560595, 0.9632757594995669, 0.012901578352456509], [0.04573624016433796, 0.032190962273581154, 0.9193241806064734, 0.0027486168556074713], [0.058041093403474305, 0.009628886901702704, 0.009701117483722325, 0.9226289021111007], [0.008346319602947431, 0.9871722938030576, 0.003790701923131304, 0.0006906845708636302], [0.006029980389472282, 0.9901124883718068, 0.0030788325865274127, 0.0007786985521935846], [0.09807094395635782, 0.012769821372194907, 0.014693154335361797, 0.8744660802360855], [0.024029573098748022, 0.018428012477993153, 0.9529546369610681, 0.004587777362190764], [0.9805057451527721, 0.010079737553944089, 0.008892630982905738, 0.0005218862103780123], [0.9474988424786007, 0.015441516121675361, 0.004635681962100119, 0.03242395933762375], [0.9822325226957861, 0.01613292578078253, 0.0012835939952304254, 0.0003509574282009674], [0.9826267924162685, 0.01588816093930599, 0.0011420977967134917, 0.00034294874771207946], [0.9452572390986175, 0.016526701620031274, 0.006370320464644243, 0.03184573871670705], [0.975999136353136, 0.009064046293163873, 0.014366297391655344, 0.0005705198620447978], [0.0016345333930627844, 0.016379961667944587, 0.3816876989773373, 0.6002978058616554], [0.002227304474072074, 0.03323875671451806, 0.9274589074992132, 0.03707503121219661], [0.001299095048015135, 0.4275235423892949, 0.013528738766416313, 0.5576486236962737], [0.0014303878463901279, 0.15523442678662103, 0.8396836547727262, 0.0036515304942626127], [0.0005270137665029862, 0.9816002864097904, 0.009040535062151306, 0.008832164661555307], [0.0004346043871589553, 0.9682632216968142, 0.02993380686549844, 0.0013683669505283166]], "ideal": "B", "sampled": "C", "correct": false}}
{"type": "result", "data": {"idx": 15, "options": ["Required the United States and Russia to demobilize their armies", "Required the United States and Russia to dismantle a significant number of their nuclear weapons", "Prohibited the acquisition of new military bases", "Prohibited short-range nuclear weapons"], "probs": [[0.0012031992597688816, 0.9879617276276637, 0.008820096991068968, 0.0020149760214984653], [0.0015213274993230341, 0.9881885590278062, 0.007970397794999886, 0.0023197155778708384], [0.004976797866825597, 0.04613138692767158, 0.9195724494406211, 0.02931936566488172], [0.01555438815356286, 0.04431952192026924, 0.03589036338718501, 0.9042357264389829], [0.010021581446178467, 0.06140644009573451, 0.8886225570063632, 0.039949421351723836], [0.01138044371792536, 0.030701503501761485, 0.03217314769641366, 0.9257449049838995], [0.9640331294052163, 0.025100860190341794, 0.00834123523107455, 0.002524775073367283], [0.9655935861993811, 0.02380454711275666, 0.007972321114508234, 0.0026295454733539767], [0.9655003438468314, 0.024558316291916862, 0.007547203366295815, 0.002394136394955992], [0.9603072213486736, 0.02855621762129494, 0.008374421798657668, 0.002762139131373726], [0.9698117755868103, 0.0207728074243386, 0.007066357289474167, 0.0023490595993769098], [0.9672935827747708, 0.023112849810055385, 0.0069387957950443075, 0.002654771520129412], [0.0025020742318815725, 0.02449613581202567, 0.9560357036942393, 0.01696608616185343], [0.006460929517468051, 0.026783815598961994, 0.02255339441318748, 0.9442018603703825], [0.000546826050681168, 0.9960634130494942, 0.00258792867423941, 0.0008018321255852307], [0.00048632874230797074, 0.9960606304741515, 0.0025083057636898142, 0.000944734919850718], [0.00370014556922945, 0.015338524413832103, 0.016977305611721755, 0.9639840243052167], [0.004055519417921238, 0.03759164577754174, 0.9398892127015307, 0.018463622003006278], [0.004182832689120257, 0.029965006628467857, 0.9471043002049608, 0.018747860377450996], [0.00665389692227104, 0.0230480248594854, 0.02033834782693038, 0.9499597302913132], [0.0010113363334494764, 0.9938691754770284, 0.003613143392293346, 0.0015063446972288423], [0.0007292883568290663, 0.9950512900375297, 0.0029294862332544763, 0.0012899352723867727], [0.003624799777235848, 0.014678515008834752, 0.014909022911745388, 0.966787662202184], [0.003171176745549378, 0.0377438350117718, 0.9437161872645798, 0.01536880087809893]], "ideal": "B", "sampled": "B", "correct": true}}
