{"type": "result", "data": {"idx": 0, "options": ["0", "4", "2", "6"], "probs": [[0.08663040140506373, 0.5920436801305339, 0.1892265769880558, 0.13209934137634655], [0.09220601490599338, 0.5474875339868631, 0.22822302617836057, 0.1320834248287829], [0.11081414835761219, 0.5454809976690389, 0.23460556830921916, 0.10909928556412976], [0.12666080250030168, 0.3781614258764478, 0.39016943802154197, 0.10500833350170853], [0.07281930215880159, 0.6490713550714682, 0.18888681197920482, 0.08922253069052546], [0.06741036122458208, 0.6599126709383287, 0.17761026884871925, 0.09506669888836998], [0.40091698162966266, 0.20800642047213394, 0.2588626068910597, 0.13221399090714372], [0.32934978846407925, 0.18189627065848485, 0.3972934513685187, 0.09146048940891718], [0.36185104729643097, 0.3675766696436193, 0.1395125728560819, 0.13105971010386785], [0.3056676066683962, 0.2827133813015528, 0.32539868109102466, 0.08622033083902626], [0.28869762122309195, 0.46863728432535334, 0.14745854842489192, 0.09520654592666278], [0.2958193388487361, 0.3568495410864601, 0.2651820482217525, 0.08214907174305125], [0.3490260087040022, 0.2150454573842955, 0.3490457080382179, 0.08688282577348444], [0.2595935935740034, 0.1756621269777525, 0.49265554865663963, 0.07208873069160444], [0.3507557071732467, 0.41011368077380683, 0.14172466731403624, 0.0974059446389102], [0.33592111596615093, 0.33073941632290293, 0.23088630973491303, 0.10245315787603315], [0.13782280271395267, 0.722195067268063, 0.07976940035709554, 0.06021272956088871], [0.18252798913084084, 0.5200098156409007, 0.23437999186556194, 0.0630822032626966], [0.5048622080500044, 0.1446549648145832, 0.2832139239629238, 0.06726890307248866], [0.5205988728301014, 0.14457417592229585, 0.2537301106875692, 0.08109684046003353], [0.48205834156228833, 0.25404514204640877, 0.1718902379343256, 0.09200627835697726], [0.43776459194550127, 0.22712420230420063, 0.23432833221969435, 0.10078287343060376], [0.49152916980657974, 0.3028411173932656, 0.130248152989784, 0.07538155971037062], [0.43875352889555325, 0.28329678311730727, 0.2040490133838075, 0.073900674503332]], "ideal": "B", "sampled": "D", "correct": false}}
{"type": "result", "data": {"idx": 1, "options": ["8", "2", "24", "120"], "probs": [[0.2250527161919069, 0.48397702599521303, 0.18952557364636635, 0.10144468406651372], [0.20253680965098225, 0.5953444178115013, 0.10027091355551146, 0.10184785888200497], [0.24057433779890622, 0.3785046821899792, 0.2561055345247721, 0.12481544538634251], [0.24333398404271897, 0.4075471223117727, 0.15959716079423014, 0.18952173275127818], [0.29158104766586984, 0.2826392478647975, 0.26969255219798954, 0.15608715217134317], [0.3057975540900239, 0.28730327727728416, 0.24573978438454785, 0.16115938414814407], [0.17382792672731232, 0.5189872096846397, 0.20008875130135167, 0.10709611218669621], [0.1619386572061563, 0.5652755070739615, 0.13852529639185912, 0.13426053922802317], [0.21634793361803117, 0.38571506234563296, 0.29573468577109085, 0.10220231816524497], [0.21481640104960792, 0.4619761911456034, 0.13655590130018133, 0.18665150640460731], [0.30406180927281223, 0.26835779152683414, 0.2947338012976896, 0.132846597802664], [0.31202348366187244, 0.27972372738327406, 0.2841279442891677, 0.12412484456568577], [0.08581693575291952, 0.5774002836514073, 0.21575574457307703, 0.12102703592259619], [0.08177996439891155, 0.6043372805404764, 0.12667382119755416, 0.1872089337630579], [0.1481343634556461, 0.41548251482440873, 0.2811303692606538, 0.15525275235929137], [0.14409062264908887, 0.51892942184981, 0.16585803030262805, 0.17112192509847313], [0.15564808149403261, 0.36192915095606504, 0.248746357721222, 0.23367640972868028], [0.15206766806814812, 0.3591667573912434, 0.28412119821394816, 0.20464437622666037], [0.1050887021370168, 0.44944184712694935, 0.23316626148075303, 0.2123031891552808], [0.11450663719700978, 0.3582895855972814, 0.3064653414091374, 0.22073843569657142], [0.1422795823413843, 0.3156851278776914, 0.38079980579382633, 0.161235483887098], [0.1373084038358709, 0.3243034481677955, 0.3674918710817963, 0.17089627681453726], [0.12547557615614946, 0.4114528481900294, 0.26565541021799216, 0.19741616533582892], [0.11296101742569267, 0.46098548512755516, 0.22466495798267094, 0.20138853936408124]], "ideal": "C", "sampled": "A", "correct": false}}
{"type": "result", "data": {"idx": 2, "options": ["0", "1", "0,1", "0,4"], "probs": [[0.14112919357305326, 0.22909769072182268, 0.4485490254825475, 0.1812240901225766], [0.14233276034462541, 0.19762465061320533, 0.545669368664454, 0.11437322027771524], [0.10154145739545922, 0.6939574245243358, 0.04722465820564902, 0.15727645977455593], [0.11318848955622857, 0.6513966113509982, 0.11862834503825424, 0.11678655395451895], [0.0827147206277977, 0.7726549419063865, 0.04640146665107466, 0.09822887071474111], [0.09482235139356125, 0.7229298675647096, 0.05662441506226726, 0.12562336587946196], [0.25235508017795855, 0.22272324065379875, 0.37886078855454736, 0.1460608905136954], [0.2515441029092, 0.22550068939453263, 0.4147608628596833, 0.10819434473658414], [0.12251955512537074, 0.6941745592111563, 0.04873889856995564, 0.1345669869935173], [0.12691183103294018, 0.6445491169221823, 0.1249523358305239, 0.10358671611435365], [0.0791325205388418, 0.811847099713044, 0.03350923620025889, 0.07551114344785527], [0.08353338327516206, 0.7681986035517664, 0.06208039028261886, 0.08618762279045274], [0.637479293329609, 0.15142710223346817, 0.039502683287211474, 0.17159092104971144], [0.5910197848098409, 0.14712623637195824, 0.18310315506434197, 0.078750823653859], [0.5773029010349544, 0.19338978271512652, 0.05044947435888992, 0.17885784179102915], [0.5679390133679223, 0.1678930582292018, 0.1873007318852914, 0.07686719641758451], [0.5023875588755156, 0.36758483652595375, 0.05053147055854812, 0.07949613393998257], [0.5200646906619274, 0.330597127240405, 0.06309628956106328, 0.08624189243660424], [0.6998789805133395, 0.1561746111628612, 0.038272841744708325, 0.10567356647909101], [0.662280827498406, 0.14101634058509285, 0.10982491565849967, 0.08687791615800143], [0.6666939108891043, 0.17123461875317894, 0.06601755172804946, 0.09605391852966719], [0.6107769971938302, 0.15686994234363782, 0.1496875822208195, 0.08266547814171246], [0.5816152225214195, 0.2747547091586622, 0.06733299196582472, 0.07629707625409354], [0.5732680558585057, 0.2666096687050285, 0.07881040125297177, 0.08131187408349402]], "ideal": "D", "sampled": "D", "correct": true}}
{"type": "result", "data": {"idx": 3, "options": ["True, True", "False, False", "True, False", "False, True"], "probs": [[0.18440387591652177, 0.44936211553603633, 0.19027248946097677, 0.1759615189864651], [0.20968537102669002, 0.39794838409232103, 0.21300980543523346, 0.17935643934575551], [0.17482373116652336, 0.4827615320199764, 0.15919892488318135, 0.18321581183031885], [0.19850060637546318, 0.46157518712397827, 0.14752856115309168, 0.19239564524746686], [0.19806388004109585, 0.4326661849085592, 0.18320238463256466, 0.18606755031778027], [0.22351217758601163, 0.43088350749698084, 0.14208922643629873, 0.2035150883807088], [0.1699540839898841, 0.44087221204724897, 0.20825516616356257, 0.18091853769930435], [0.1590086363700737, 0.4822273089010668, 0.1447914968099788, 0.2139725578188807], [0.19851864883414685, 0.22496522774791933, 0.46162282956820655, 0.11489329374972725], [0.1730501024050707, 0.2898244555187796, 0.25180736535278847, 0.2853180766233612], [0.16060104246615017, 0.3244522068569961, 0.2954256998261859, 0.21952105075066786], [0.14597900177787748, 0.38463370956454873, 0.16034075433818534, 0.30904653421938844], [0.2380137365226476, 0.4310168751946277, 0.17967610594848432, 0.15129328223424035], [0.24768078666128102, 0.43472343548526676, 0.1526028122365655, 0.16499296551688672], [0.28092120400711823, 0.28985728082993145, 0.2944314900085053, 0.13479002505444496], [0.25328577655362106, 0.2961424964264056, 0.19727727789118446, 0.2532944490287889], [0.25412823990044137, 0.3263236484700856, 0.28352134572050913, 0.1360267658089639], [0.2212509330699485, 0.3591486757761407, 0.19834442139155434, 0.22125596966235647], [0.1977634876768713, 0.48192068929621407, 0.1800798773585484, 0.14023594556836624], [0.22245293357768572, 0.4564831758497077, 0.19028996779908075, 0.1307739226735258], [0.22036682395470095, 0.3807910141085918, 0.24973220002735072, 0.14910996180935654], [0.2021904199134091, 0.39590362920809163, 0.150268503251464, 0.25163744752703526], [0.2213208807685122, 0.27118268404288265, 0.4333637026013418, 0.07413273248726335], [0.18823564892178354, 0.37437640310252923, 0.2067517730424975, 0.2306361748331897]], "ideal": "B", "sampled": "A", "correct": false}}
{"type": "result", "data": {"idx": 4, "options": ["2x^2 + 5", "6x^2 + 4x + 6", "0", "x^2 + 1"], "probs": [[0.23510181114465722, 0.5818960102464392, 0.06842070154557044, 0.11458147696333314], [0.2551749855540688, 0.5661468969286767, 0.09838202655972414, 0.08029609085753026], [0.2657332301291377, 0.08493520683980568, 0.5452677363237375, 0.10406382660731911], [0.2950273168138049, 0.09882379855188897, 0.19653400363341061, 0.40961488090089554], [0.42611080403835205, 0.17216917870707202, 0.3216544985449525, 0.08006551860962345], [0.2927549052204287, 0.16422439375854622, 0.07518738171358826, 0.4678333192074368], [0.5483617063429571, 0.12624418452063968, 0.09679505756732573, 0.22859905146907747], [0.5710054891131235, 0.1513066499495208, 0.15611003897357295, 0.12157782186378267], [0.5282233435612693, 0.09470792254913372, 0.16364091876957929, 0.2134278150200177], [0.5162246707409421, 0.10165368537362346, 0.13052603309355684, 0.2515956106918775], [0.541085791707002, 0.15502885328982619, 0.1812475513019412, 0.12263780360123064], [0.5209914004577173, 0.12767863652855807, 0.0934119252293851, 0.2579180376843395], [0.16222128512162917, 0.3078516767291087, 0.3599164539203211, 0.17001058412894104], [0.11496201841647292, 0.3711114448600306, 0.08678004662003838, 0.4271464900034581], [0.09955267087962576, 0.6194575105270982, 0.09499717007387265, 0.18599264841940336], [0.0832036019597802, 0.6544694558525805, 0.06582216574520908, 0.19650477634243013], [0.12336456774431638, 0.31999212500233304, 0.15840679405535682, 0.39823651309799374], [0.14948970523441138, 0.30198864045665663, 0.3817497903248325, 0.16677186388409942], [0.4142687453360006, 0.24737788949915326, 0.2674788831489288, 0.07087448191591732], [0.24681530338705623, 0.2668771683855841, 0.07296011433109942, 0.4133474137962602], [0.34888164886019485, 0.4843881545331916, 0.09244744134338188, 0.07428275516323163], [0.23302307187392796, 0.541809282993369, 0.05199635613919851, 0.1731712888935046], [0.27826325968380683, 0.11968219336519684, 0.2916234330884873, 0.310431113762509], [0.2646764139662826, 0.10365115541222837, 0.5263904175711664, 0.1052820129503226]], "ideal": "B", "sampled": "B", "correct": true}}
{"type": "result", "data": {"idx": 5, "options": ["True, True", "False, False", "True, False", "False, True"], "probs": [[0.1847448999918997, 0.3506152435969941, 0.21602395818528836, 0.24861589812581783], [0.19756800835636448, 0.35778268101861477, 0.21365816252305864, 0.23099114800196213], [0.16419315847941465, 0.4193274426441814, 0.1775688273986138, 0.23891057137779018], [0.19624052939836759, 0.40903860326491276, 0.15048539637014433, 0.2442354708665753], [0.19891077582570954, 0.3775082005178002, 0.21511598137158836, 0.20846504218490192], [0.2164299520101773, 0.3798871096571942, 0.16596904642664265, 0.23771389180598587], [0.16301716862478868, 0.37318906184279277, 0.2228578179851834, 0.24093595144723515], [0.1489477537893827, 0.437817732745538, 0.17146114236810678, 0.24177337099697252], [0.19023417501437231, 0.22592437938351342, 0.3965524254805391, 0.18728902002157516], [0.16780922815368718, 0.2724004251923211, 0.2559146735361409, 0.3038756730178508], [0.1577227460501646, 0.31369421817784415, 0.27256382321266087, 0.2560192124593304], [0.14150899225521632, 0.35578124651387183, 0.15788533811524172, 0.3448244230156701], [0.19928761418518173, 0.4219242459687145, 0.17316724874336112, 0.2056208910027427], [0.2148565489690807, 0.4340541634979292, 0.1523745095298422, 0.1987147779031479], [0.22592915592318497, 0.31863328811320196, 0.2560477554542078, 0.19938980040940518], [0.2106326669243942, 0.30173826214633986, 0.20417909322127367, 0.2834499776079923], [0.23039107365675188, 0.34587652003102576, 0.24147317170877267, 0.1822592345034497], [0.19412696070328764, 0.3742131832730102, 0.18238691712005592, 0.24927293880364626], [0.17365795630950567, 0.4947474970136181, 0.1606258624724734, 0.17096868410440286], [0.20282224141914146, 0.4500185057087393, 0.17901055623385337, 0.16814869653826583], [0.19915789660545247, 0.4151171209265488, 0.21537177583465636, 0.17035320653334238], [0.1782091233222922, 0.420909368638187, 0.1572899198778648, 0.243591588061656], [0.20935403900346436, 0.34518711575624933, 0.32429264683794934, 0.12116619830233695], [0.16188087050133015, 0.4265271551935663, 0.17234005545859868, 0.23925191874650487]], "ideal": "A", "sampled": "A", "correct": true}}
{"type": "result", "data": {"idx": 6, "options": ["True, True", "False, False", "True, False", "False, True"], "probs": [[0.3248390160224141, 0.345811148078099, 0.16082240160220765, 0.16852743419727925], [0.33505638431964374, 0.3050948886239941, 0.20644658186616593, 0.1534021450901962], [0.2839956325603987, 0.4132494689595133, 0.10448837434928365, 0.19826652403080433], [0.3659110041646497, 0.3659380646731734, 0.10321906876113675, 0.16493186230104015], [0.31285479195484034, 0.3545516676167991, 0.15981422124971872, 0.1727793190786418], [0.3800140192730997, 0.33539430802959397, 0.11060394840046159, 0.17398772419684472], [0.13826711268432426, 0.6294769550308391, 0.1043790861207312, 0.12787684606410543], [0.13842048058959538, 0.6501662875843978, 0.0813791099417588, 0.13003412178424803], [0.1702120367346379, 0.1783873058076371, 0.5758703564973368, 0.07553030086038823], [0.16488481319306847, 0.2594119492176662, 0.2676533042675837, 0.3080499332216816], [0.14841005204623992, 0.3616410493489067, 0.3505304753429834, 0.13941842316186992], [0.11610530262652101, 0.45922797670707227, 0.10408368580991402, 0.3205830347564927], [0.19648910764146263, 0.5685871754228636, 0.1229670252830946, 0.1119566915525791], [0.2146703850709467, 0.5656087867586476, 0.10300616688727568, 0.11671466118312998], [0.24035406468422824, 0.27236751125067, 0.39016610961478576, 0.097112314350316], [0.2266051057738719, 0.29556477507324924, 0.21289450245299624, 0.2649356165998826], [0.24989216399513434, 0.3110047624843962, 0.3579748325880245, 0.081128240832445], [0.20576046405165144, 0.39048352833657723, 0.170594215376007, 0.23316179213576432], [0.1941392574906478, 0.6074438237950861, 0.10231110435363472, 0.0961058142606314], [0.21720414185146256, 0.581306644937479, 0.11094506249130551, 0.09054415061975299], [0.2366843231271855, 0.33905298473704926, 0.3286337954291611, 0.09562889660660415], [0.19783467347185354, 0.39346612082161925, 0.11631052368178929, 0.2923886819247379], [0.19762936526988592, 0.191555234644856, 0.5719001973876691, 0.038915202597589], [0.18504048606332732, 0.3680140320884625, 0.15582945709116441, 0.2911160246570457]], "ideal": "A", "sampled": "A", "correct": true}}
{"type": "result", "data": {"idx": 7, "options": ["True, True", "False, False", "True, False", "False, True"], "probs": [[0.16924178369452292, 0.45294949802320894, 0.18301057687140584, 0.1947981413108623], [0.20651184020361488, 0.3919258713330303, 0.18513640759524064, 0.2164258807681142], [0.1362547996135713, 0.5063051437502072, 0.13627186144466197, 0.22116819509155952], [0.15723437537869167, 0.5076069386572746, 0.11685853053529317, 0.21830015532874053], [0.18219346753344515, 0.44399155838843146, 0.1608062338427958, 0.2130087401353276], [0.20556871632432988, 0.4561205249658473, 0.13273910675651932, 0.20557165185330348], [0.15974397417759706, 0.4480576483789642, 0.23245319617171314, 0.1597451811717256], [0.15286774704018793, 0.493502132642061, 0.14139255669204256, 0.21223756352570852], [0.19240327407611083, 0.31724002810286295, 0.35392213048275784, 0.13643456723826836], [0.16559279456845394, 0.3911025938329181, 0.20610097662834573, 0.23720363487028215], [0.14932678193367005, 0.4321300854212024, 0.22071497972441984, 0.19782815282070773], [0.1354240239465722, 0.4877182164770607, 0.1354355872481744, 0.24142217222819268], [0.24314868769216083, 0.4403114050418458, 0.16198380006599344, 0.1545561070999999], [0.2561680857803915, 0.4496177233476862, 0.1288188489180649, 0.1653953418538574], [0.3533396124486443, 0.28840428587890493, 0.217704907037899, 0.14055119453455175], [0.30652133540787757, 0.3113697859741748, 0.14708440442654105, 0.23502447409140656], [0.32117230175460804, 0.3211862194393691, 0.21733042919444961, 0.14031104951157328], [0.27111260716067287, 0.3648442545075504, 0.15939256007225178, 0.2046505781595249], [0.18743454755910918, 0.5095353949842862, 0.16802655909884082, 0.1350034982577637], [0.2087804957361318, 0.500875588449849, 0.1785920546875218, 0.11175186102649741], [0.2378834982696042, 0.4241048846903397, 0.2003346472429193, 0.13767696969713683], [0.21640546095019744, 0.45106511339796024, 0.12923271040366388, 0.2032967151481784], [0.25277867345714006, 0.3245923148234669, 0.3455362242367388, 0.07709278738265422], [0.19929204879198334, 0.42192786927772297, 0.17315942047294894, 0.20562066135734472]], "ideal": "D", "sampled": "A", "correct": false}}
{"type": "result", "data": {"idx": 8, "options": ["0", "4", "2", "6"], "probs": [[0.06752405516199714, 0.6927389708284892, 0.15700312425125568, 0.08273384965825799], [0.0745896760360861, 0.6344001198014988, 0.19961894749166714, 0.0913912565707479], [0.08952907938884136, 0.6214868153785635, 0.21815929952403168, 0.07082480560856345], [0.1080550591560081, 0.43411825720045455, 0.3891410972213933, 0.06868558632214404], [0.05901082758416136, 0.7417588426634687, 0.14379354194810565, 0.05543678770426435], [0.0531097771787549, 0.756468196917843, 0.13562498278025384, 0.05479704302314837], [0.48662332058021407, 0.22280404135445964, 0.21594438115541656, 0.07462825680990974], [0.43890209473050074, 0.200954816502329, 0.3016634088265634, 0.05847967984060688], [0.44583532883379395, 0.36390227077931736, 0.1218890274997304, 0.06837337278715826], [0.3858996841096989, 0.3005545667879457, 0.2570746185282301, 0.05647113047412534], [0.3866361163187011, 0.431347465210442, 0.13362174478205646, 0.04839467358880047], [0.3692898575726735, 0.3362603001941602, 0.2460082404593767, 0.04844160167378959], [0.42546275095312414, 0.2386785289455745, 0.28342991958916863, 0.05242880041213268], [0.3418373725016108, 0.2009687401045079, 0.41235330235910067, 0.04484058493478062], [0.42976647931336054, 0.40375811158373176, 0.11749607410966656, 0.04897933489324112], [0.40018020865105186, 0.3423160467244818, 0.18903943249359242, 0.06846431203087389], [0.16201612996840883, 0.7491983975883993, 0.06149667180104482, 0.02728880054214695], [0.22936468032513868, 0.5333201586674207, 0.19928168134922292, 0.038033479558217724], [0.5839338236768681, 0.1476492716114549, 0.22867868582839293, 0.03973821878328409], [0.591380993384805, 0.14953200030163688, 0.21419034842281284, 0.044896657790745254], [0.5500327903224885, 0.24030509409658302, 0.16007371125949782, 0.049588404221430654], [0.47871828125923976, 0.2261428677974577, 0.23331648096485857, 0.06182236987844391], [0.5618975454996612, 0.2915237995740312, 0.10893268705209151, 0.037645967774216076], [0.4952009519827841, 0.28217094991744, 0.17935672714493076, 0.04327137085484511]], "ideal": "B", "sampled": "D", "correct": false}}
{"type": "result", "data": {"idx": 9, "options": ["1", "2", "2,3", "6"], "probs": [[0.21561844600492738, 0.23682890928001343, 0.44246327859335294, 0.10508936602170622], [0.20419178019483764, 0.25414360324415086, 0.15413979153700424, 0.38752482492400725], [0.08085670313392558, 0.7792745698139715, 0.046799614387576925, 0.09306911256452606], [0.08539672131431925, 0.761188143704797, 0.0596212144164634, 0.09379392046442031], [0.19739240111832201, 0.27839085042090567, 0.08623890449378425, 0.43797784386698807], [0.18050890352222196, 0.2710004923519473, 0.4263448524192615, 0.12214575160656928], [0.3604938250640369, 0.18128051672317083, 0.3549362877372939, 0.10328937037549835], [0.325428890947161, 0.19739762701364189, 0.11972551345650483, 0.35744796848269234], [0.2486233851564248, 0.5964606025969932, 0.059058107414941656, 0.09585790473164042], [0.30993959997340187, 0.5110500568620188, 0.08880683232269102, 0.09020351074188829], [0.3238471448097631, 0.2602396607138747, 0.07114410399679184, 0.3447690903795703], [0.37802915189468816, 0.23291684062375162, 0.308561783572044, 0.0804922238095162], [0.6163409489449148, 0.18220775234831652, 0.11402582630922682, 0.08742547229754188], [0.6482973484521917, 0.16913645975903843, 0.10751234634709182, 0.07505384534167801], [0.673170675088282, 0.18989331527758302, 0.055263379406712616, 0.08167263012742242], [0.6565835573103621, 0.18813205043777104, 0.09026786818596856, 0.06501652396589824], [0.5984250724186583, 0.2380644160847894, 0.07728899784242103, 0.08622151355413124], [0.5913114259484673, 0.2504072319678196, 0.08653871420479936, 0.07174262777891369], [0.3403462570668532, 0.17114863307995656, 0.10878652657334505, 0.3797185831798452], [0.3482189347093337, 0.1497790865154062, 0.4266900991998229, 0.07531187947543719], [0.3765911813685882, 0.19235807941954114, 0.08273051801585142, 0.3483202210960192], [0.4020553140970898, 0.16245704524553123, 0.3718701219513899, 0.0636175186059891], [0.17946210301219034, 0.6988327424404868, 0.0433009001200458, 0.07840425432727705], [0.19808267733370255, 0.6807041484638372, 0.05167692314895486, 0.06953625095350534]], "ideal": "C", "sampled": "C", "correct": true}}
{"type": "result", "data": {"idx": 10, "options": ["True, True", "False, False", "True, False", "False, True"], "probs": [[0.18356141993240982, 0.40096692441765974, 0.2509255781794671, 0.16454607737046337], [0.21827975049516413, 0.3771872205049521, 0.23976457412859556, 0.1647684547712882], [0.17006655319518707, 0.49216183188304274, 0.17549071054543966, 0.1622809042763305], [0.19659385376087626, 0.46434200497308165, 0.16556889063802027, 0.1734952505280218], [0.19982186553333325, 0.4165159885620592, 0.21274203693950752, 0.17092010886510003], [0.21661323629557444, 0.42415905626583955, 0.176816898221229, 0.182410809117357], [0.16790921734219735, 0.4288161928699325, 0.2683546502865024, 0.13491993940136773], [0.15644495187625462, 0.5050572156401071, 0.1639694124296251, 0.17452841995401322], [0.19129087314020307, 0.23439045597340893, 0.4735167394628975, 0.10080193132349045], [0.16772923371691786, 0.29903192216242963, 0.28534752978056854, 0.24789131424008395], [0.16809169708684743, 0.3240333440600659, 0.3449543673166169, 0.16292059143646978], [0.1355608214135263, 0.39229168314909946, 0.20672655977546517, 0.26542093556190904], [0.19555859265756054, 0.4840458631031457, 0.20178245005973966, 0.1186130940795541], [0.2045115767360388, 0.506206735732994, 0.1592857790046855, 0.12999590842628175], [0.24284974142642377, 0.3070110541121143, 0.3372024146635805, 0.11293678969788142], [0.2265628013766164, 0.35093388480810533, 0.21621030889092901, 0.20629300482434923], [0.24083218210147567, 0.3092498021654837, 0.3396565140623272, 0.1102615015707134], [0.20069117548194357, 0.38686668194637464, 0.22390697738714957, 0.18853516508453225], [0.1589928763645704, 0.5637219119617455, 0.17463221174616347, 0.10265299982752066], [0.18348497013786685, 0.5309753973923472, 0.2015344485324666, 0.0840051838373193], [0.194959434772299, 0.41276285663236456, 0.2927022619655426, 0.09957544652979385], [0.17342130381645865, 0.4569430027113187, 0.17616779660417056, 0.19346789676805207], [0.20280815302088187, 0.24849837914409156, 0.5020050090424699, 0.046688458692556604], [0.15946383837084213, 0.4267741059734126, 0.22140967354262028, 0.19235238201312502]], "ideal": "C", "sampled": "A", "correct": false}}
{"type": "result", "data": {"idx": 11, "options": ["symmetric only", "anti-symmetric only", "both symmetric and anti-symmetric", "an equivalence relation"], "probs": [[0.13093743507371894, 0.11199995051694189, 0.22273787691379696, 0.5343247373955422], [0.18465838911791435, 0.08194391990503973, 0.6345569348917329, 0.09884075598531301], [0.18616219453464666, 0.20129587513757036, 0.06535114332579092, 0.5471907869019921], [0.3048244827988083, 0.28636873832345094, 0.30011568588428456, 0.1086910928934562], [0.041468322118440724, 0.9147956932360229, 0.014786306712093862, 0.028949677833442426], [0.09325597503784533, 0.8183210552285443, 0.03273683437926656, 0.055686135254343815], [0.1948285011701216, 0.16152354064528815, 0.3814712280092008, 0.2621767300753895], [0.201457589953184, 0.1300753153786608, 0.4540124873372258, 0.21445460723092938], [0.24600077796501427, 0.3415521034025517, 0.13800012858321917, 0.27444698994921485], [0.37503422141126574, 0.38095481051319346, 0.1491849008616237, 0.09482606711391708], [0.1060284630613056, 0.702303023099208, 0.03496568878903546, 0.1567028249504509], [0.3011362029954507, 0.4965062963088828, 0.09329062004269417, 0.10906688055297228], [0.10104227817853254, 0.14933466532336412, 0.03717243948001768, 0.7124506169180856], [0.14617550445911667, 0.43641700089515373, 0.29994949770443646, 0.11745799684129317], [0.09364397822874138, 0.1520033329573262, 0.0623820424017513, 0.6919706463121811], [0.12354160006940552, 0.5451114136544781, 0.19135326002596648, 0.13999372615014993], [0.09162789007902084, 0.829553321471432, 0.039409742489422916, 0.0394090458601242], [0.10001392140015512, 0.762489276209726, 0.06982311761775764, 0.06767368467236126], [0.6449841236237519, 0.163081153603424, 0.03873539328658883, 0.15319932938623523], [0.6335919905985006, 0.16272389402181195, 0.10025166420376143, 0.10343245107592604], [0.5098282903225183, 0.18465340892311463, 0.06089249874719573, 0.2446258019071713], [0.47611412046473905, 0.23204707924156218, 0.17515978084869135, 0.11667901934500739], [0.5837569540624591, 0.07306694619721125, 0.29816143276637924, 0.04501466687395045], [0.5272863526386474, 0.08086338668574664, 0.3404510927621729, 0.05139916781343308]], "ideal": "C", "sampled": "D", "correct": false}}
{"type": "result", "data": {"idx": 12, "options": ["1", "2", "5", "11"], "probs": [[0.16766334577691874, 0.24396727940785706, 0.36623641047608657, 0.2221329642391376], [0.174712538701706, 0.2926108538811851, 0.3315705954696963, 0.20110601184741259], [0.15597057012924775, 0.35704898510648025, 0.24539050795593487, 0.2415899367083371], [0.16709007815298982, 0.2755156292928536, 0.3025879679265245, 0.2548063245276321], [0.15955464302561587, 0.43374984805791533, 0.20811137244838498, 0.19858413636808378], [0.17123881235852312, 0.3625443929450422, 0.25309080260086564, 0.21312599199556898], [0.23552969797669027, 0.26690948802274134, 0.31696156608754456, 0.18059924781302383], [0.25660135574751, 0.26065989549355134, 0.32950597016180727, 0.1532327784971314], [0.1691008111397446, 0.34161956132868754, 0.2788162016236976, 0.21046342580787025], [0.20157696316438997, 0.23940491967526048, 0.33760988244092094, 0.22140823461942863], [0.20353337210467448, 0.4048027810882788, 0.23064618269374387, 0.16101766401330286], [0.23588877913977171, 0.3125309943840301, 0.24339307842204894, 0.20818714795414925], [0.27715373862456577, 0.22978449550311167, 0.24845413111509257, 0.24460763465723], [0.2774545426037074, 0.2030058859232067, 0.3347012250669328, 0.18483834630615312], [0.30971811814259237, 0.23748527893350163, 0.2649310112510479, 0.1878655915728581], [0.3001785143829881, 0.20312917812540068, 0.31461106321298316, 0.18208124417862803], [0.27057183592510065, 0.30662141160942796, 0.2425537032407471, 0.18025304912472428], [0.2994260013146189, 0.28573901735434487, 0.23320926823612878, 0.18162571299490748], [0.29195705488320833, 0.22386645111984177, 0.24587010211080454, 0.23830639178614535], [0.29725753372147784, 0.2043157605826458, 0.2972791106022413, 0.201147594993635], [0.309775556447291, 0.24893004818855838, 0.24127201374037321, 0.2000223815237774], [0.2887296802273936, 0.20798522482310736, 0.2712617354561784, 0.23202335939332067], [0.27282115407806595, 0.2996580853809557, 0.23704723658207008, 0.19047352385890826], [0.29385783036737556, 0.276076661086886, 0.21839128244071498, 0.21167422600502345]], "ideal": "A", "sampled": "D", "correct": false}}
{"type": "result", "data": {"idx": 13, "options": ["(x \u2212 2)(x + 2)(x \u2212 1)", "(x + 1)(x + 4)(x \u2212 2)", "(x + 1)(x \u2212 4)(x \u2212 2)", "(x - 1)(x \u2212 4)(x \u2212 2)"], "probs": [[0.5603784155172487, 0.13104189540500644, 0.21270843704276776, 0.0958712519349771], [0.5416946814185106, 0.13069442887000843, 0.22582721900374583, 0.10178367060773513], [0.5847165918637255, 0.18114242636199437, 0.1325304299819367, 0.10161055169234347], [0.5196074440409479, 0.15121912027944603, 0.24165568653520186, 0.0875177490444042], [0.5216996150940441, 0.22438860271696384, 0.13191536264166376, 0.12199641944732838], [0.5223313491666816, 0.221176397462775, 0.15201708446387568, 0.10447516880666778], [0.4117118470428833, 0.32065404527234953, 0.14008838592032102, 0.1275457216644461], [0.41106378497923224, 0.282531069639746, 0.16871256640133342, 0.13769257887968833], [0.5146421559545372, 0.15943544388746791, 0.22136375806366174, 0.10455864199433317], [0.45708625907800277, 0.17900390364695173, 0.24088397385891325, 0.12302586331613226], [0.47981653447941547, 0.20002461073672512, 0.1969291628582916, 0.12322969182556784], [0.44798526830939783, 0.239797387096109, 0.18386473033772163, 0.12835261415677152], [0.4968930371303238, 0.30139210143520295, 0.08909454741716795, 0.11262031391730527], [0.4757037268633127, 0.2318483493658396, 0.18630177197161923, 0.10614615169922847], [0.553592626349348, 0.12161233365520895, 0.23442188077625278, 0.09037315911919021], [0.505462650199819, 0.13604801993237448, 0.2541792113391137, 0.10431011842869291], [0.5329602360192442, 0.1785251200020602, 0.17853006718757608, 0.10998457669111947], [0.5937675281301, 0.2218828962661686, 0.07789082137380085, 0.1064587541299305], [0.46897246380737545, 0.2590018452668056, 0.11493503044286577, 0.15709066038295316], [0.4898931639095911, 0.25022209993151034, 0.1471023189108212, 0.11278241714807734], [0.5380608593978644, 0.11819997950057516, 0.2502367291155261, 0.09350243188603431], [0.46988650631031564, 0.18691504097238823, 0.20210930687333842, 0.14108914574395773], [0.5543574135520827, 0.12762400601737994, 0.22752076554646367, 0.09049781478407364], [0.6007930532146981, 0.16425323340729622, 0.11289259970414176, 0.1220611135738639]], "ideal": "C", "sampled": "A", "correct": false}}
{"type": "result", "data": {"idx": 14, "options": ["6", "12", "30", "105"], "probs": [[0.35612418651832534, 0.339824997289955, 0.18476067230378265, 0.11929014378793693], [0.36036488947192613, 0.2806608718451468, 0.2720292548865631, 0.08694498369636396], [0.44590884120230256, 0.2924422795743729, 0.1338901301423013, 0.12775874898102316], [0.3925805453515538, 0.24186886893065826, 0.2615241848252446, 0.1040264007925434], [0.2639347216247314, 0.5675709631631328, 0.10175937779126555, 0.06673493732087026], [0.28256407061488464, 0.5619688566737182, 0.10559028268007463, 0.04987678993132249], [0.3591172587775512, 0.3763615972511632, 0.1384560126387896, 0.12606513123249605], [0.33952931522733265, 0.30436192125841643, 0.2603370391861312, 0.09577172422811969], [0.3073635742858185, 0.327196990326065, 0.21795986915375537, 0.14747956613436114], [0.2954709949513249, 0.27327482260863173, 0.3001357733822276, 0.13111840895781582], [0.13515376237746998, 0.7538549449968515, 0.05722983957374958, 0.05376145295192899], [0.15689206297123673, 0.7369138680061706, 0.05682489711399864, 0.04936917180859399], [0.22118443735871138, 0.4907328328654728, 0.1384179864761086, 0.1496647431997072], [0.25907764222233, 0.4075990975627861, 0.22864371876581485, 0.10467954134906901], [0.2983909173302668, 0.3078721990778282, 0.21831570699980024, 0.1754211764921047], [0.26518762718282035, 0.234033995780728, 0.3919431216375676, 0.10883525529888402], [0.12396718745135155, 0.7134090171548935, 0.0825828549568154, 0.0800409403369396], [0.11638879463361076, 0.7356264864523636, 0.075149009933594, 0.07283570888043166], [0.5106565507931433, 0.20957871403919115, 0.14861356163367323, 0.13115117343399235], [0.5073406506813118, 0.1986831054383352, 0.17533739746331925, 0.11863884631703366], [0.5357445398071429, 0.188068849007324, 0.17393552996065034, 0.10225108112488275], [0.5000203549349755, 0.20203186855490077, 0.15013796684802433, 0.14780980956209938], [0.5469343106418363, 0.18320486084182505, 0.17481568584195784, 0.09504514257438085], [0.5957307770570626, 0.19041174506420339, 0.11193780516505085, 0.10191967261368323]], "ideal": "C", "sampled": "D", "correct": false}}
{"type": "result", "data": {"idx": 15, "options": ["True, True", "False, False", "True, False", "False, True"], "probs": [[0.18590727723627798, 0.4530308015643144, 0.1470799318863883, 0.2139819892130193], [0.2587688940137806, 0.3593034552960942, 0.18351774462765338, 0.19840990596247174], [0.1493266567237854, 0.5052253157952445, 0.13812414221944436, 0.20732388516152567], [0.18801762161758892, 0.4954115449886821, 0.11952625213858296, 0.197044581155146], [0.23775940703872805, 0.41087024256368615, 0.1511520363754294, 0.2002183139221564], [0.24748117496746974, 0.4276612912291626, 0.10983513802665593, 0.21502239567671172], [0.12619739393529766, 0.5397369104162465, 0.14755530214159443, 0.18651039340686146], [0.13529099141348197, 0.5608242613191874, 0.10703481864889271, 0.19684992851843788], [0.17705782190830258, 0.2536400703152652, 0.4247913404998766, 0.14451076717655564], [0.15189470575564143, 0.33179289593646333, 0.21422431189994032, 0.3020880863079549], [0.1219943834417886, 0.4462854233704019, 0.2108120149647195, 0.22090817812309002], [0.1105416466809168, 0.48777707316072244, 0.09165103527767043, 0.3100302447806903], [0.20320031044835368, 0.4799315630909686, 0.15101809798160992, 0.16585002837906776], [0.22967980336394989, 0.4640054313674928, 0.13294064101472158, 0.17337412415383574], [0.2898161540553501, 0.31338606682501885, 0.24407124117874784, 0.1527265378408832], [0.25316163517742496, 0.31020259391837823, 0.17131288092639235, 0.2653228898778045], [0.287706264458325, 0.35252536390252365, 0.21050544708368504, 0.1492629244554663], [0.2372320776528126, 0.39115775210459136, 0.1416691413628819, 0.22994102877971412], [0.20051307974240748, 0.562407433930423, 0.09926950930556377, 0.13780997692160565], [0.21142851989198636, 0.5399468460147028, 0.12237499470716358, 0.12624963928614727], [0.2517177870828184, 0.3720451911878182, 0.21871483184334742, 0.157522189786016], [0.20953560341741495, 0.41028712112720744, 0.11939994511453268, 0.26077733024084493], [0.24922443738155461, 0.3006387032220229, 0.3626512261664968, 0.08748563312992569], [0.19041035855203906, 0.4224732140053145, 0.1268491333433081, 0.26026729399933834]], "ideal": "B", "sampled": "A", "correct": false}}
{"type": "result", "data": {"idx": 16, "options": ["1", "-1", "i", "-i"], "probs": [[0.18151485239455747, 0.20570244812558441, 0.39036001516074514, 0.222422684219113], [0.17545344195181123, 0.19271108793344835, 0.47698868027013036, 0.15484678974461005], [0.14876954921052266, 0.44419782354850335, 0.13760367649626115, 0.26942895064471284], [0.1927013319799324, 0.2218169056334149, 0.523887415322703, 0.06159434696394972], [0.13483646611144187, 0.5766726774642819, 0.11534192497874671, 0.1731489313455296], [0.13294108012567113, 0.5510679996793545, 0.20916275366296735, 0.10682816643200699], [0.3005467742543908, 0.14879449153826296, 0.362560908834468, 0.18809782527287822], [0.28951965033975935, 0.14333180227444928, 0.4555216159650174, 0.11162693132077395], [0.19537459783073918, 0.4912141006805623, 0.07772051136876101, 0.23569079001993748], [0.23298751003642804, 0.22938774732137548, 0.4856368031442603, 0.051987939397936195], [0.13648516751862666, 0.6824350167089749, 0.06249262019322961, 0.11858719547916884], [0.1405207896402499, 0.629814721867923, 0.14959427114387117, 0.0800702172479559], [0.44808796353103336, 0.18681621926250191, 0.14323233702941887, 0.22186348007704584], [0.333113584631677, 0.14554248911410791, 0.4625415853232462, 0.05880234083096891], [0.38934177525861835, 0.3032513355215476, 0.08553560248785867, 0.22187128663197542], [0.30112523061844404, 0.1855314983654122, 0.4450924131208545, 0.06825085779528924], [0.15818392269093204, 0.7201599719453905, 0.05467257458934771, 0.06698353067432977], [0.1677574515174955, 0.6954032181998078, 0.07215938716405253, 0.06467994301864416], [0.6424159359109528, 0.1245451113118475, 0.1265076240285815, 0.1065313286486181], [0.6309317875290967, 0.11671762036798158, 0.1954670228375193, 0.05688356916540241], [0.6210872941264117, 0.1807576810907065, 0.07774396753296754, 0.12041105714991422], [0.603018801056412, 0.16230795874143517, 0.16486610085950876, 0.06980713924264399], [0.6518119974732662, 0.18675699271608456, 0.09688967921689787, 0.06454133049375131], [0.600806115585682, 0.1721416580344074, 0.16171525493359423, 0.06533697134631641]], "ideal": "C", "sampled": "D", "correct": false}}
{"type": "result", "data": {"idx": 17, "options": ["(1,1)", "(3,1)", "(1,6)", "(3,6)"], "probs": [[0.23965823469404227, 0.4408114221190818, 0.10803025134295069, 0.21150009174392523], [0.27325286644191293, 0.3914266707676625, 0.18203825704309118, 0.1532822056473334], [0.17937529773518948, 0.4952834026638568, 0.1252318266550318, 0.20010947284592195], [0.2420239669445714, 0.4053229213941957, 0.23095513076127094, 0.12169798079996198], [0.2675599873197734, 0.4695945591573757, 0.11508378899811286, 0.147761664424738], [0.2787939011771835, 0.4386152922668532, 0.14240334926611703, 0.1401874571898463], [0.433444063317165, 0.19234511884560937, 0.13854808484652587, 0.23566273289069972], [0.5387699523212675, 0.17220493892788014, 0.1669158463472724, 0.12210926230357999], [0.3838691780261276, 0.298967134984212, 0.08433164152663192, 0.23283204536302848], [0.3091159049441784, 0.18458602633023558, 0.39078970283870695, 0.11550836578687909], [0.413382028694417, 0.38232622248127107, 0.0839899728220174, 0.12030177590229459], [0.3975744963378971, 0.41020495841849275, 0.10211249728466933, 0.09010804785894083], [0.537541719474785, 0.1772662208657752, 0.13592138205130957, 0.14927067750813025], [0.5866893354458231, 0.1483406976211534, 0.18175978415102753, 0.08321018268199594], [0.45844266838710673, 0.21320108053640802, 0.06302560261063943, 0.2653306483658458], [0.4617034620440439, 0.15956308841737313, 0.27571355266669145, 0.10301989677189147], [0.5507906160815704, 0.30418372604463073, 0.05369497915110943, 0.09133067862268938], [0.497418809690083, 0.3313597664346789, 0.07628725297834225, 0.0949341707968958], [0.6353570960279082, 0.10211298841959557, 0.18782420874351033, 0.07470570670898584], [0.6569260300499887, 0.10724177344307402, 0.16872338841626575, 0.06710880799067145], [0.699655623648637, 0.1853944741925487, 0.03766776789353072, 0.07728213416528361], [0.7332902900155756, 0.1636223887019094, 0.05396007565003201, 0.049127245532483016], [0.6921748051132768, 0.20143880323241162, 0.03785188193709899, 0.06853450961721255], [0.7110437352778652, 0.18261456957414535, 0.05483403867489651, 0.05150765637309293]], "ideal": "C", "sampled": "D", "correct": false}}
