{"type": "result", "data": {"idx": 0, "options": ["paralysis of the facial muscles.", "paralysis of the facial muscles and loss of taste.", "paralysis of the facial muscles, loss of taste and lacrimation.", "paralysis of the facial muscles, loss of taste, lacrimation and decreased salivation."], "probs": [[0.24716265220894412, 0.061528298310054345, 0.5929894976508377, 0.09831955173016377], [0.18926140567860725, 0.032382492983805564, 0.7604739027802772, 0.017882198457310025], [0.05887306382003712, 0.6429447016098723, 0.021659679836539405, 0.2765225546335512], [0.18756687289897603, 0.27293207730357777, 0.49424602655881106, 0.04525502313863516], [0.02984937708245822, 0.9000604319428702, 0.014322951701396256, 0.05576723917327525], [0.0514227341915112, 0.897414333264302, 0.020456368253989575, 0.030706564190197197], [0.11127735507452302, 0.012682594168667412, 0.8095907447483567, 0.06644930590845287], [0.09991458765195069, 0.009893885775806483, 0.8768787946536492, 0.013312731818593692], [0.04310695735072572, 0.3609454270707664, 0.010080649242329454, 0.5858669662361784], [0.16338782376028982, 0.16339896982911084, 0.5884453189182131, 0.08476788739238625], [0.015941708544137068, 0.9559670766357813, 0.007299043754063171, 0.02079217096601841], [0.01964762411831059, 0.9467034525928598, 0.00957590612333128, 0.024073017065498265], [0.3690684828210814, 0.00551743446698254, 0.007309430461907553, 0.6181046521500285], [0.3422931006885389, 0.007802947346698351, 0.6395671685674884, 0.010336783297274265], [0.23049793566302879, 0.00604766871695166, 0.007644987941334904, 0.7558094075786846], [0.16113251663662495, 0.005962061310009768, 0.8183785190606637, 0.014526902892701586], [0.08743356607111587, 0.8830920901076417, 0.009964887552926276, 0.019509456168316137], [0.08608158028101179, 0.8694327569937691, 0.01077501487745272, 0.03371064774776634], [0.702529214146137, 0.009268530937037292, 0.013070752325469738, 0.27513150249135593], [0.8521416320517027, 0.011599597582516708, 0.11354856419775236, 0.0227102060680282], [0.6629128251715536, 0.013545871294598813, 0.010386019624905811, 0.3131552838089418], [0.797216657991551, 0.011918260737965545, 0.15946557903375225, 0.031399502136731226], [0.8792370532340198, 0.02782709888511411, 0.014894883105266862, 0.07804096467559926], [0.9224858432371961, 0.01798684062692613, 0.01770795050755627, 0.04181936552832152]], "ideal": "A", "sampled": "D", "correct": false}}
{"type": "result", "data": {"idx": 1, "options": ["a protruding mandible due to reactivation of the condylar cartilage by acromegaly.", "a recessive maxilla due to failure of elongation of the cranial base.", "an enlarged frontal bone due to hydrocephaly.", "defective development of the maxillary air sinus."], "probs": [[0.27764801429332464, 0.3977415441059386, 0.08337171747618398, 0.2412387240245528], [0.3272725446330537, 0.4137400439718852, 0.13858614034541553, 0.12040127094964559], [0.456172857847854, 0.09866236884370047, 0.23301260416953712, 0.21215216903890843], [0.3532942629953631, 0.07641136009354015, 0.4608465649672828, 0.10944781184381391], [0.35633514449649556, 0.37933764859695046, 0.160624540399554, 0.10370266640699999], [0.31052549078304426, 0.5040633307219636, 0.07975598035354477, 0.10565519804144731], [0.7106953633228597, 0.03429657399368061, 0.03483649524590298, 0.22017156733755677], [0.7645507283217176, 0.03155843842700954, 0.13708373596451345, 0.06680709718675941], [0.6471077588809784, 0.044038693247128044, 0.03483753858680075, 0.27401600918509283], [0.811523482766256, 0.04234531385467578, 0.08825436726751346, 0.05787683601155475], [0.8021043091602259, 0.07942386863748478, 0.043862064250308676, 0.07460975785198062], [0.8109739663676259, 0.07311617800208452, 0.0450454889206392, 0.07086436660965041], [0.35998743798812116, 0.0855119083689249, 0.251337030767793, 0.30316362277516096], [0.29069219552683656, 0.06386211101843144, 0.5102570918571285, 0.1351886014976035], [0.10393555229006964, 0.5196807267813592, 0.0660710692472756, 0.31031265158129556], [0.14414876268409355, 0.6069363174148542, 0.13125918413103768, 0.11765573567001454], [0.14009981169118768, 0.6378179334468629, 0.09046339444947246, 0.1316188603124769], [0.1540907460737309, 0.6190757704721028, 0.12577454650802417, 0.10105893684614206], [0.7632643353266554, 0.04879664492996972, 0.10996471131812559, 0.07797430832524933], [0.78944134410235, 0.04741251823050813, 0.056303486012612015, 0.1068426515545298], [0.5694528138720386, 0.26483842550985953, 0.07128045602557058, 0.09442830449253121], [0.5315433860893929, 0.28453606800547393, 0.07422583630899877, 0.10969470949613444], [0.7745380390953639, 0.0465173200588211, 0.06560019634900591, 0.11334444439680912], [0.7655817637398651, 0.05722223051147948, 0.11029899535569258, 0.0668970102929628]], "ideal": "B", "sampled": "D", "correct": false}}
{"type": "result", "data": {"idx": 2, "options": ["Bladder", "Kidney", "Ureter", "Urethra"], "probs": [[0.771021203748826, 0.10599462094618162, 0.03232591790796626, 0.09065825729702619], [0.7319047140529475, 0.1607859793452051, 0.02389827277619522, 0.08341103372565212], [0.7819501466657454, 0.024363460969784628, 0.15159205193686215, 0.042094340327607886], [0.7113115336321659, 0.03829314689333953, 0.040130262511627, 0.21026505686286753], [0.8094994628979905, 0.03289513502821409, 0.06242315168240432, 0.09518225029139116], [0.7129760911928822, 0.033347622176312944, 0.0396005027328596, 0.21407578379794528], [0.0037576566126567125, 0.9486712958538216, 0.0025031822361038353, 0.04506786519741784], [0.004060086444403706, 0.9629224813603547, 0.003017254958354509, 0.030000177136887053], [0.019406815988864946, 0.007366098462798699, 0.9498180746082348, 0.02340901084010161], [0.0030112658711971643, 0.004520529218448702, 0.0009475451830399617, 0.9915206596273142], [0.018741892234948147, 0.004665310854762668, 0.9612961557548144, 0.01529664105547475], [0.0017782218291277176, 0.001750683087695835, 0.0004786056856733264, 0.9959924892975032], [0.012230403628985902, 0.9417132664147562, 0.016717215873736212, 0.029339113982521765], [0.013744031103339334, 0.8911426679106426, 0.009595052356049273, 0.08551824852996882], [0.007272562626018647, 0.0032272255706157923, 0.9827742180931458, 0.006725993610219715], [0.0017996246169191886, 0.005289499315216577, 0.0005575031440206416, 0.9923533728238436], [0.02119127112599227, 0.011887442265396224, 0.9152856901672627, 0.05163559634134881], [0.0014277440836756557, 0.002626080361511182, 0.0007179207339970141, 0.9952282547208161], [0.016648204871478278, 0.8406776126328036, 0.017722209781705786, 0.1249519726140123], [0.017909052449094985, 0.7266635541635221, 0.008199522545842821, 0.24722787074154007], [0.007797810413467608, 0.002131838629274093, 0.9745626059050266, 0.015507744952231707], [0.0009835304672857516, 0.0011863873179844987, 0.00031435846147208324, 0.9975157236532577], [0.020277320864507665, 0.009283826469357586, 0.9178436779932634, 0.05259517457287132], [0.0012618706004395464, 0.001498544133984079, 0.0005178751165654811, 0.9967217100490109]], "ideal": "A", "sampled": "A", "correct": true}}
{"type": "result", "data": {"idx": 3, "options": ["Motor neurons", "Skeletal muscles", "Melanocytes", "Sweat glands"], "probs": [[0.032643463459326824, 0.8962112068233733, 0.03114946931289076, 0.03999586030440915], [0.032378212096704925, 0.9029265775809756, 0.03612142109690628, 0.028573789125413203], [0.09301961749563112, 0.057309510762261394, 0.8036227641876464, 0.046048107454461085], [0.08760117221942797, 0.04914211236937209, 0.3746398188636529, 0.488616896447547], [0.10358396248663725, 0.06482354599202796, 0.7897407470579522, 0.041851744363382605], [0.11166164031975824, 0.08696657062047852, 0.10655189035744389, 0.6948198986023193], [0.6716008110611491, 0.05019720214628027, 0.10299818846672996, 0.17520379822584062], [0.6743168416832426, 0.048849413219915774, 0.14813503842133924, 0.12869870657550236], [0.5750590009044162, 0.18964707990811527, 0.05433479736451453, 0.18095912172295398], [0.6273253232263246, 0.14901178296593962, 0.1274566434777737, 0.0962062502299621], [0.6407641409759876, 0.16979525032830736, 0.05512484226989604, 0.13431576632580905], [0.6507195926659209, 0.14295207175601626, 0.09672629976387591, 0.10960203571418686], [0.2059176820416748, 0.047407130384546706, 0.66476628664465, 0.0819089008291285], [0.16093672750422044, 0.03944126128964125, 0.561767039534275, 0.23785497157186328], [0.1778945170988521, 0.6406673764516966, 0.033954206724220296, 0.14748389962523098], [0.16610783336885673, 0.626930296358358, 0.13771621881538335, 0.0692456513574019], [0.1428097608764383, 0.4468440031773787, 0.04564795185079756, 0.3646982839953854], [0.2023756905656806, 0.39626093809231117, 0.34427937092290106, 0.057084000319107105], [0.291370321357531, 0.043992286767423984, 0.5886288661431911, 0.07600852563185395], [0.24774960880761757, 0.05442635605514658, 0.16504419647583432, 0.5327798385614015], [0.1943426150702539, 0.6678490786283804, 0.03539480776318661, 0.10241349843817907], [0.1972098274782466, 0.62677928153786, 0.10231725506643204, 0.07369363581746131], [0.22819382420014062, 0.25458570174179074, 0.06337091042789808, 0.4538495635301706], [0.32214449292826064, 0.27129296678391523, 0.3323992639030084, 0.07416327628481578]], "ideal": "C", "sampled": "B", "correct": false}}
{"type": "result", "data": {"idx": 4, "options": ["Afferent arteriole", "Glomerulus", "Loop of Henle", "Renal pelvis"], "probs": [[0.04941460578322905, 0.947075205044361, 0.0023111794555951315, 0.001199009616814733], [0.022913986959460824, 0.9743338091871795, 0.0013761117719814585, 0.0013760919813782337], [0.5643076352611969, 0.02853809695906631, 0.4001608229788405, 0.006993444700896303], [0.07840983807994333, 0.0083945936281435, 0.0017054577410878788, 0.9114901104508253], [0.03780469512315613, 0.0012735729826539816, 0.9598984069477275, 0.0010233248464623665], [0.13495701034764915, 0.006512474950672365, 0.005570377941258614, 0.8529601366604198], [0.9861016658727982, 0.006145010665166656, 0.003785837364742784, 0.003967485997292305], [0.9840821549175472, 0.007169528312881749, 0.0028967588812152103, 0.00585155778835573], [0.9925030270168704, 0.0031589441297049745, 0.002422050524191789, 0.0019159782292328229], [0.9943061682975656, 0.002351793976350445, 0.0012987857030077046, 0.002043251923076251], [0.9901868454203283, 0.003302813323252733, 0.0031027109535366817, 0.003407630202882234], [0.993398070189483, 0.002242047706703733, 0.0018587245088590412, 0.0025011574949542563], [0.6712130732558835, 0.040310083643307376, 0.26285462253344294, 0.025622220467366116], [0.1937965585586498, 0.02425686808893407, 0.0033870139153940586, 0.778559559337022], [0.1829353463548387, 0.7946480148613946, 0.012256147685807708, 0.010160490997958944], [0.10511557316269028, 0.8801335322665865, 0.004012673924675971, 0.010738220546047266], [0.30314174275596945, 0.012909545892957753, 0.011392543273972142, 0.6725561679771007], [0.14462455450668318, 0.004722278837369975, 0.8453852425544639, 0.00526792400148292], [0.013604492757028158, 0.000985525257740734, 0.9840417492669132, 0.0013682326183178887], [0.016102314254314395, 0.0020472137586684163, 0.0010787953097636195, 0.9807716765772536], [0.0027122075568816136, 0.996266582667668, 0.00047873611493669125, 0.0005424735605137525], [0.002932710381178837, 0.9963055988131185, 0.0003189201860497312, 0.0004427705196528932], [0.012393990242475712, 0.002087525043374112, 0.0009409113916894352, 0.9845775732224608], [0.033475157360879755, 0.0012778808523739224, 0.9631401560928602, 0.0021068055938861362]], "ideal": "B", "sampled": "B", "correct": true}}
{"type": "result", "data": {"idx": 5, "options": ["They will be unable to breathe without life support.", "They will only be able to breathe quietly.", "It is impossible to predict an effect on breathing.", "Breathing will be unaffected."], "probs": [[0.6473718543328951, 0.07040167232039107, 0.1422175988746285, 0.14000887437208528], [0.7351926667496443, 0.05082050369630281, 0.1773828893987328, 0.036603940055320035], [0.6619784975110928, 0.09839918818076798, 0.03454212485006643, 0.20508018935807273], [0.697262296161432, 0.05813969001892298, 0.22287372043011822, 0.02172429328952681], [0.7876347517207463, 0.15754393468685376, 0.017402331431592075, 0.03741898206080785], [0.7987601957104719, 0.11873063742460553, 0.06979840423638221, 0.012710762528540361], [0.02169293077720734, 0.9369656870241395, 0.00977827746242812, 0.03156310463622498], [0.020778777699849683, 0.940546277634844, 0.012408011783431233, 0.02626693278187505], [0.1464349267595559, 0.08475481478051065, 0.597606158054086, 0.17120410030584737], [0.06218657315784632, 0.04274269597358266, 0.03655945536545487, 0.8585112754031161], [0.08961914422636794, 0.06064214014619882, 0.7742709420498952, 0.07546777347753798], [0.13434224919101515, 0.22150600784274166, 0.17522741330220165, 0.4689243295640415], [0.033293024446310264, 0.9284448830252384, 0.008418383264110686, 0.029843709164340586], [0.08566502747209756, 0.8386107809779308, 0.04657794274419748, 0.029146248705774102], [0.06982586115938369, 0.0314745809717544, 0.8117987624907056, 0.08690079527815636], [0.016384043622879135, 0.008368571689388302, 0.007985356688628275, 0.9672620278991043], [0.06562382800545509, 0.04371680740258436, 0.8379284832302201, 0.05273088126174048], [0.012942244390875782, 0.017416585360754695, 0.0037666701514155144, 0.965874499996954], [0.008220909934987692, 0.9804098415665562, 0.0027538432670403835, 0.008615405131415716], [0.01246735202774712, 0.9750921817288587, 0.0054469380500820255, 0.006993528093312184], [0.04931911609280328, 0.03038584723123922, 0.847405460403111, 0.07288957617284648], [0.02837827348344386, 0.024274702154455343, 0.022102300898841413, 0.9252447233632594], [0.10213863255758869, 0.1232109088060864, 0.6872841817538723, 0.08736627678245264], [0.011944356459143006, 0.037372914287862956, 0.0017755402856211096, 0.9489071888673729]], "ideal": "B", "sampled": "A", "correct": false}}
{"type": "result", "data": {"idx": 6, "options": ["Epigastric", "Hypochondriac", "Hypogastric", "Lumbar"], "probs": [[0.26730084814886784, 0.5234032946808754, 0.07902088878289742, 0.1302749682873593], [0.32114815001634545, 0.49745131074719706, 0.057583958255311284, 0.1238165808811462], [0.3697177281521905, 0.3314612308248589, 0.14707981486875704, 0.15174122605419357], [0.340191021221041, 0.40403560973974667, 0.06493329710907264, 0.19084007183013973], [0.5662034918160328, 0.11685715962842262, 0.1781781964773038, 0.13876115197824082], [0.5792512893097507, 0.1312968432771993, 0.08610448240372781, 0.20334738490932225], [0.5553658645444502, 0.297298016349284, 0.05946274145442729, 0.08787337755183847], [0.6486464581131416, 0.23864355103079557, 0.02762524902706713, 0.08508474172899574], [0.5517271119420807, 0.20943936547450415, 0.16057909903873238, 0.07825442344468284], [0.5498335381413775, 0.24785851031990763, 0.05887068456892068, 0.14343726686979422], [0.7168851600896452, 0.09258451449816213, 0.08562451727762671, 0.104905808034566], [0.6997741333289071, 0.09771873711166587, 0.03886925689355744, 0.16363787256586956], [0.15291602215438896, 0.6144031010014961, 0.13081120635511523, 0.10186967038899974], [0.12169787442185294, 0.7340094090930159, 0.04339768154421893, 0.10089503484091225], [0.15075833390120338, 0.587073833507577, 0.1735383064481538, 0.08862952604306576], [0.11901408876086074, 0.6535771135919795, 0.07928818013799721, 0.14812061740916257], [0.22851160975461102, 0.4203437143041446, 0.1364643085920153, 0.2146803672492291], [0.2149162872299489, 0.40789708187154095, 0.09244594653184164, 0.2847406842666685], [0.1487841009944905, 0.458329588128987, 0.2531105875715822, 0.13977572320494028], [0.13825819306952583, 0.5137363228801641, 0.1404461306326053, 0.20755935331770478], [0.12175473206748744, 0.5457004741569894, 0.19457491650498504, 0.1379698771705381], [0.11467365430654465, 0.538633000915271, 0.08006072222521611, 0.26663262245296826], [0.15149750039697912, 0.38090199795880625, 0.3207544135839025, 0.14684608796031207], [0.1241145971378694, 0.4684501042828978, 0.13632608474367194, 0.27110921373556085]], "ideal": "A", "sampled": "B", "correct": false}}
{"type": "result", "data": {"idx": 7, "options": ["Hair in the nose", "Mucous membranes", "Osteoblasts", "Saliva"], "probs": [[0.005520068512453199, 0.9728947172135111, 0.005105321703653745, 0.016479892470381945], [0.006428034278046155, 0.9690387984765043, 0.007059931454025145, 0.017473235691424335], [0.010723710388625966, 0.004199504049618464, 0.9653528628433035, 0.019723922618452093], [0.0019505307100171313, 0.0018323769566468658, 0.0014723611722132265, 0.9947447310611228], [0.027336947239389047, 0.013323143893976487, 0.9195647081169934, 0.039775200649641], [0.0028319058863637285, 0.003415973205534568, 0.0011442155967441832, 0.9926079052113576], [0.9443129170194173, 0.009257817165619004, 0.014116546834503514, 0.032312718880460174], [0.940229361448828, 0.012599190766217482, 0.018331784855595182, 0.02883966282935938], [0.9590184341646194, 0.008560609294826046, 0.011885281960956494, 0.02053567447959807], [0.9563309104002725, 0.010791290979158827, 0.014521342024555134, 0.018356456496013484], [0.9328179252353311, 0.013099762272149052, 0.018473681348586988, 0.035608631043932804], [0.9582711346349873, 0.009105616872759749, 0.013043263083587475, 0.01957998530866556], [0.011371911189805316, 0.005718201706836989, 0.9467699266677988, 0.036139960335558906], [0.0013623338888244972, 0.002143271266950256, 0.0012798134700419423, 0.9952145812741833], [0.0032783695615242656, 0.952631961876924, 0.004770083243294616, 0.03931958521825709], [0.003595897918989844, 0.9663733875436744, 0.006213254153208852, 0.023817460284126873], [0.0022781381661035253, 0.002835216851646429, 0.0011277781950656228, 0.9937588666871844], [0.010460129332999871, 0.005960055346621106, 0.9564482271096835, 0.027131588110695565], [0.04921468856852154, 0.018105315548568427, 0.8723805193582033, 0.06029947642470681], [0.006953744112815583, 0.006041584506343914, 0.002222592760038737, 0.9847820785208018], [0.011477750277275033, 0.9555597348419873, 0.008664017432752493, 0.02429849734798522], [0.009404634785875781, 0.974416324369428, 0.006167830866769855, 0.010011209877926298], [0.00587987233078767, 0.003350295275078229, 0.0019089519730694066, 0.9888608803210647], [0.02523527124332011, 0.007817621393021138, 0.9469842971555967, 0.019962810108062046]], "ideal": "B", "sampled": "B", "correct": true}}
{"type": "result", "data": {"idx": 8, "options": ["six weeks post-fertilization.", "eight weeks post-fertilization.", "ten weeks post-fertilization.", "twelve weeks post-fertilization."], "probs": [[0.04046087268043809, 0.6530167946323998, 0.21534210555650876, 0.09118022703065329], [0.03495043052140174, 0.6391913723517292, 0.19801355380039565, 0.12784464322647338], [0.07149702469655467, 0.24187471510751365, 0.6081038252722445, 0.07852443482368714], [0.045736592428791745, 0.469210328372624, 0.3327259433410853, 0.15232713575749895], [0.07908224098890085, 0.15727614919375194, 0.6726182553510112, 0.09102335436633598], [0.07739197116054174, 0.2743827875705106, 0.5456976646072401, 0.10252757656170755], [0.02481834925733652, 0.7367314585793677, 0.18338827513726097, 0.05506191692603482], [0.023782744954928228, 0.7284010012174683, 0.1841701707636741, 0.06364608296392937], [0.043812834048455866, 0.5337612072124868, 0.33928364764697744, 0.08314231099207993], [0.03835699491537104, 0.6000203735534752, 0.2277433071250578, 0.13387932430609603], [0.06912160458107179, 0.3795586710920257, 0.4507480426949113, 0.10057168153199124], [0.07763361011488132, 0.2585632146957515, 0.5560195321178335, 0.10778364297153371], [0.0318469315213524, 0.6599803246652318, 0.2505049881961596, 0.057667755517256156], [0.02490792567746981, 0.7279297586708362, 0.1783890098052504, 0.06877330574644358], [0.03551167782716414, 0.702227490937374, 0.16420935604066528, 0.09805147509479653], [0.03111122362831714, 0.7081045681659836, 0.17353004671208966, 0.08725416139360967], [0.058031493709082844, 0.501325828859993, 0.32878335204766734, 0.11185932528325682], [0.08277802481832205, 0.39492014967097655, 0.42702413354143237, 0.09527769186926903], [0.03183775129051925, 0.6102059687505424, 0.30207903202847547, 0.05587724783046278], [0.023833811458303922, 0.7299679571402855, 0.16804996256377125, 0.07814826873763935], [0.030639219019456494, 0.7308290208190665, 0.14847788628041175, 0.09005387378106522], [0.03072633573676297, 0.7103588368040866, 0.171383330525673, 0.08753149683347734], [0.03201723003015929, 0.623313944774704, 0.23291757006349825, 0.11175125503163844], [0.03759729312864266, 0.676941370438813, 0.19094167153558825, 0.09451966479695612]], "ideal": "C", "sampled": "B", "correct": false}}
{"type": "result", "data": {"idx": 9, "options": ["bilateral contraction of antigravity limb muscles.", "bilateral contraction of limb musculature.", "contraction of ipsilateral limb musculature.", "contraction of contralateral limb musculature."], "probs": [[0.08378552332481617, 0.1075885106668876, 0.27906071097367224, 0.529565254934624], [0.134089620905962, 0.13201724188225403, 0.47542238939153975, 0.2584707477202442], [0.10457588497451507, 0.6209241608447851, 0.1864370661838836, 0.08806288789681625], [0.14698588627618117, 0.2746209461023823, 0.48199599258258025, 0.09639717493885629], [0.09011677208778222, 0.7313568240500212, 0.13528758739663918, 0.0432388163655574], [0.10992464340180139, 0.6228024316492562, 0.11702080727672999, 0.15025211757221246], [0.14295305949300285, 0.08946273129862278, 0.3272398260164769, 0.4403443830918975], [0.17616923807920282, 0.08322037320572809, 0.5776785230684217, 0.1629318655466474], [0.1483813385906944, 0.551333137608587, 0.03159394938239147, 0.268691574318327], [0.23729084682300097, 0.32946298785013783, 0.3974200875515141, 0.03582607767534708], [0.21016265606389867, 0.5803121371010194, 0.048384763656074956, 0.16114044307900707], [0.37692431485659367, 0.32749680831565225, 0.263153746894113, 0.03242512983364108], [0.733209146731957, 0.05068338383755236, 0.14896515287766982, 0.06714231645282076], [0.4652683786426324, 0.04260718497141386, 0.4726179592503873, 0.01950647703556645], [0.861823072462043, 0.04290882153924, 0.02562175299392839, 0.06964635290478861], [0.7008966796322215, 0.046230483752494264, 0.24223022137932526, 0.010642615135959016], [0.7840806519764115, 0.1473307698048899, 0.02294926251076934, 0.045639315607929255], [0.8008970498104129, 0.14585993965210334, 0.036878533108144686, 0.016364477329339124], [0.6995938986203329, 0.06209568868591116, 0.1942799066456671, 0.04403050594808877], [0.7003628223542212, 0.07155025962919524, 0.15874046558761062, 0.06934645232897295], [0.8305107950333734, 0.0583130270184378, 0.049104016269303385, 0.06207216157888533], [0.7828077818938552, 0.05760133745692843, 0.14256444837523738, 0.01702643217397895], [0.7926249364927771, 0.0976750459944504, 0.031218353595757743, 0.07848166381701478], [0.8075204560410801, 0.11101173629728953, 0.05669858308975698, 0.024769224471873335]], "ideal": "D", "sampled": "D", "correct": true}}
{"type": "result", "data": {"idx": 10, "options": ["hard palate.", "hard palate and upper lip.", "hard palate, upper lip and upper central incisor.", "hard palate, upper lip, upper central incisor and lower first molar."], "probs": [[0.12382741725515158, 0.10428114499341881, 0.1127558534168654, 0.6591355842345642], [0.16698084399541033, 0.07527166363920788, 0.49088046261173246, 0.26686702965364933], [0.0973619838386701, 0.19063949939425864, 0.0770262405299194, 0.6349722761371518], [0.14745237762709454, 0.20473185754463813, 0.37658618193438986, 0.27122958279387743], [0.051310419457746254, 0.7540619288294483, 0.05294486448073454, 0.14168278713207086], [0.04774538267035, 0.7827548717491114, 0.05495917984803052, 0.11454056563250807], [0.1469038626245672, 0.10097482867443025, 0.18001003844658733, 0.5721112701544152], [0.17494880890663161, 0.0643676956772855, 0.5561233675501429, 0.20456012776594001], [0.07862027235830174, 0.0933724880597042, 0.03381765791845333, 0.7941895815635407], [0.1871304944929323, 0.10498007307656786, 0.4560550416843883, 0.25183439064611157], [0.04823204555884532, 0.7785037246145806, 0.02925816955785869, 0.14400606016871537], [0.05873251881387361, 0.7498994813515794, 0.07085047424004917, 0.12051752549449783], [0.1219923654225097, 0.08385054083708761, 0.03495490576688758, 0.7592021878735151], [0.2065189105617523, 0.09309386114240593, 0.5033084562175156, 0.1970787719783261], [0.1035202601454285, 0.09280255593309328, 0.026588769805718872, 0.7770884140157593], [0.22884709063337821, 0.11153944824197307, 0.49217454054039744, 0.16743892048425127], [0.06954980219716417, 0.7595605011065191, 0.030387058403426908, 0.1405026381928898], [0.0811019041355348, 0.7458406213696614, 0.0531912598547367, 0.11986621454006702], [0.5087010453393873, 0.16260839112743336, 0.07681411045074144, 0.2518764529824379], [0.46235235142994674, 0.1598028194803289, 0.1264215967999161, 0.2514232321898082], [0.4281476639942118, 0.14343082582788488, 0.08432038684120112, 0.3441011232367023], [0.4412363867957853, 0.16749124968651288, 0.17281652212725104, 0.21845584129045076], [0.2929959849273823, 0.3590238338495314, 0.08937136694831956, 0.2586088141747667], [0.40843007268718046, 0.27637973630927676, 0.10327766166546562, 0.21191252923807716]], "ideal": "D", "sampled": "D", "correct": true}}
{"type": "result", "data": {"idx": 11, "options": ["Pupillary constriction and a medial strabismus", "Pupillary dilatation and a medial strabismus", "Pupillary constriction and a lateral strabismus", "Pupillary dilatation and a lateral strabismus"], "probs": [[0.9664812240064197, 0.012750312886560582, 0.0076136431923270464, 0.013154819814692669], [0.9063079749711738, 0.02199131201007144, 0.013761985738048944, 0.0579387271807058], [0.9573476918549773, 0.01365603693964866, 0.015965763492743906, 0.013030507612630136], [0.8504256874538582, 0.034022064090796826, 0.02450570355221875, 0.09104654480312623], [0.7425807213208994, 0.04390523991157273, 0.1709602783226139, 0.04255376034491403], [0.764475786773605, 0.03575593811307459, 0.17058563926480855, 0.02918263574851188], [0.9117942473745665, 0.02546511184310233, 0.011300275674765988, 0.0514403650075652], [0.9753217897087129, 0.01117899595993882, 0.004516782521302788, 0.008982431710045542], [0.8297554664283753, 0.038809127234307905, 0.08745951754188229, 0.04397588869543448], [0.8458631851782493, 0.02805394367351982, 0.10423475036913515, 0.02184812067909565], [0.9524097869190852, 0.01423759546871943, 0.01976719277193849, 0.013585424740256933], [0.8809835095243962, 0.031103204402520995, 0.031593532720497045, 0.05631975325258576], [0.8952787417550807, 0.030635263425379436, 0.019473366219763335, 0.054612628499776564], [0.9511044239628926, 0.017694649507505933, 0.01378083266871468, 0.017420093760886695], [0.8582588061123078, 0.02512029251146216, 0.08632050678851604, 0.03030039448771399], [0.7807142850255328, 0.030272164347974265, 0.16884823192748874, 0.02016531859900429], [0.9713468500909347, 0.00967287919089249, 0.0067528201845795015, 0.012227450433593346], [0.920707643797479, 0.018233934432525262, 0.013763860810814404, 0.04729456085918131], [0.8497582768144619, 0.03507440576062238, 0.07542329365106394, 0.03974402367385179], [0.809495891142888, 0.037861367924429234, 0.12222067486934886, 0.030422065963333866], [0.8824039215770619, 0.03475396752620476, 0.030670887256133518, 0.05217122354059973], [0.9398578403605303, 0.02076447886392008, 0.020764788063034403, 0.01861289261251516], [0.8970023038953094, 0.030694360739403105, 0.014959541551974077, 0.057343793713313315], [0.9672531101739824, 0.013165534882853859, 0.006620140017879398, 0.01296121482528436]], "ideal": "D", "sampled": "C", "correct": false}}
{"type": "result", "data": {"idx": 12, "options": ["It has an articular disc of hyaline cartilage", "Its articular surfaces are covered by hyaline cartilage", "Proprioceptive information is carried by the chorda tympani and deep temporal nerves", "Proprioceptive information is carried by the masseteric and auriculotemporal nerves."], "probs": [[0.5041647332525294, 0.1378508461762835, 0.2135233441916673, 0.1444610762795198], [0.19054492170425635, 0.13303681413769644, 0.2729879156681351, 0.4034303483899121], [0.4333167743754886, 0.05175994066138346, 0.41359052881088243, 0.10133275605224551], [0.5215756257729524, 0.09801874235768372, 0.13398717242639127, 0.24641845934297268], [0.22205414207757, 0.06879777101794045, 0.5005304551837504, 0.2086176316207391], [0.35822617737178347, 0.08248118248888682, 0.35832389918615487, 0.2009687408531748], [0.28311125101131485, 0.07620795190848174, 0.5048340740803585, 0.1358467228998448], [0.14656109123664401, 0.08094887636880305, 0.38022935817265824, 0.3922606741218947], [0.43850769895068065, 0.12565738616820543, 0.3159421846818536, 0.11989273009926034], [0.5399817823823727, 0.1547367870652911, 0.14312526582240317, 0.16215616462993307], [0.2431638019090973, 0.14075262423679497, 0.3272871873263901, 0.2887963864277176], [0.3434659489129348, 0.11871637970934701, 0.4209507640633625, 0.11686690721435565], [0.6317172049844357, 0.11870833485131504, 0.1150631233934734, 0.13451133667077586], [0.2964909860012355, 0.3413053921527573, 0.08364519909509523, 0.27855842265091196], [0.7272706681302693, 0.0924721144767421, 0.051876162155104245, 0.1283810551378843], [0.5034515969723282, 0.18523717338759682, 0.114132011986257, 0.1971792175538179], [0.23559725282220442, 0.07530684023342467, 0.592402636945612, 0.09669326989875887], [0.3775987242321356, 0.21183394910138076, 0.3180270719651155, 0.09254025460136817], [0.19184929416420782, 0.12009462891949248, 0.06843252581318145, 0.6196235510031183], [0.16737380491118195, 0.055208677661018016, 0.6623683525645827, 0.11504916476321737], [0.2594668212522027, 0.15258128870441168, 0.05526673935422647, 0.5326851505891591], [0.23470623788870743, 0.07863941787887006, 0.5722484588050798, 0.11440588532734268], [0.06399576317627206, 0.8045300184538346, 0.04399543222348445, 0.08747878604640881], [0.05821639620966293, 0.8424312455578776, 0.030213150791945052, 0.06913920734051435]], "ideal": "D", "sampled": "C", "correct": false}}
{"type": "result", "data": {"idx": 13, "options": ["cricothyroid muscle is still functional but the interarytenoid muscles are fully active.", "cricothyroid muscle is still functional but the interarytenoids are weak.", "cricothyroid muscle is paralyzed but the interarytenoids are fully active.", "cricothyroid muscle is paralyzed but the interarytenoids are weak."], "probs": [[0.04948716706173153, 0.07201212241457813, 0.3031756112136972, 0.5753250992099931], [0.1370690599460552, 0.1370835885764858, 0.6048822277319861, 0.12096512364547293], [0.09342332998044359, 0.23859480198765126, 0.2746191641012824, 0.3933627038306227], [0.056110973424963496, 0.09696239606749811, 0.0842396341605759, 0.7626869962469625], [0.13595733247764316, 0.14028826563577065, 0.6386741494296205, 0.08508025235696566], [0.08622803473930532, 0.14669920393326755, 0.21344086366664158, 0.5536318975607856], [0.05627955532825132, 0.05124814129864446, 0.24833430357271793, 0.6441379997003863], [0.1713487927243308, 0.0737043012052935, 0.699318577289408, 0.05562832868096763], [0.12017255364775378, 0.14497500764600327, 0.2883133611414111, 0.44653907746483185], [0.10213349660310081, 0.08207608533311724, 0.7548035860486305, 0.060986831915151474], [0.10335146865745817, 0.6954125916727193, 0.09121556037979131, 0.1100203791900312], [0.08958507873149495, 0.7158223229864644, 0.08820427756162963, 0.10638832062041102], [0.11701195249981977, 0.251646539109869, 0.17567122816507547, 0.45567028012523575], [0.1294513700527754, 0.30576155953456086, 0.22369545205809416, 0.3410916182545696], [0.12800608764807958, 0.24294537665419277, 0.25861165310257883, 0.37043688249514883], [0.15941345571314494, 0.16971754899624392, 0.5741780952968852, 0.09669089989372594], [0.12805737553746435, 0.1363338976962131, 0.3764307498555454, 0.3591779768107771], [0.16284469287884826, 0.09725062713540872, 0.6441728088108568, 0.09573187107488618], [0.10695707649545759, 0.06190898242210179, 0.7781868415024628, 0.052947099479977805], [0.11009863017888577, 0.17323428390677936, 0.28117698428203247, 0.43549010153230244], [0.07702862987089014, 0.7195730095095868, 0.11746510904736364, 0.08593325147215937], [0.07125756676505007, 0.6976181656134431, 0.09589712780061646, 0.13522713972089032], [0.0913286954417069, 0.07454899563668946, 0.3845507519311973, 0.4495715568904063], [0.1281239822960971, 0.06052925741965848, 0.7259986318741579, 0.08534812831008647]], "ideal": "B", "sampled": "B", "correct": true}}
{"type": "result", "data": {"idx": 14, "options": ["The mental symphysis closes at about 1 year postnatally", "The condylar growth cartilage ceases activity at puberty", "The ossification centre appears about 8 weeks I.U.L medial to Meckel's cartilage", "The functional matrix acting on the angle of the mandible is the lateral pterygoid muscle"], "probs": [[0.11579302944291897, 0.0336995190910411, 0.779167182370758, 0.07134026899528191], [0.18114298310341517, 0.08424709610920446, 0.46265655061958155, 0.2719533700677988], [0.06756021977792592, 0.7854387338889705, 0.03560698856668962, 0.11139405766641398], [0.07068456182037047, 0.725200837390558, 0.10285881884419369, 0.10125578184487782], [0.1078697589738669, 0.40713825567647655, 0.14746134970466013, 0.3375306355449964], [0.13988700142888696, 0.0903238034446119, 0.7105555348360443, 0.05923366019045687], [0.10316311152949131, 0.02733703987562393, 0.7866034731409774, 0.08289637535390734], [0.13120208020103513, 0.053849428571741194, 0.4952312723012189, 0.3197172188260048], [0.06443361456334641, 0.6927935168226497, 0.044291136734238165, 0.1984817317797657], [0.0728135310692235, 0.7354603785893865, 0.10110481526124278, 0.0906212749801472], [0.13156176102193454, 0.21356915730967604, 0.06513617429738215, 0.5897329072710072], [0.13952772525834098, 0.08332121495547974, 0.719887267277482, 0.057263792408697334], [0.7272179559467963, 0.04949213858897117, 0.09690650384091865, 0.12638340152331384], [0.685186204673428, 0.04736610111356685, 0.19634401723141004, 0.07110367688159513], [0.8065750718289947, 0.031769168102085125, 0.050769162184424045, 0.11088659778449611], [0.7726718465978967, 0.03290677307971627, 0.15216908723881573, 0.042252292983571346], [0.7179585258978554, 0.0844277162265031, 0.11185717086546265, 0.08575658691017893], [0.7164107720525326, 0.10321937731111605, 0.12846897828342507, 0.05190087225292634], [0.5390692754347435, 0.09368846517523517, 0.15937956863385833, 0.20786269065616295], [0.36296319822703893, 0.07374712796611055, 0.5040351133139238, 0.05925456039292677], [0.5631861895946562, 0.09636129051829213, 0.038935528652035145, 0.30151699113501657], [0.2976746162405329, 0.0707094865697349, 0.5739068773199547, 0.05770901976977751], [0.18381679604053525, 0.6416609477850166, 0.06977981536226491, 0.10474244071218322], [0.14696817031959922, 0.74644769500048, 0.0557907650212283, 0.05079336955869248]], "ideal": "A", "sampled": "C", "correct": false}}
{"type": "result", "data": {"idx": 15, "options": ["Its efferent limb is carried in the optic nerve", "It is mediated by the inferior colliculi in the midbrain", "It is a consensual reflex", "Its afferent limb is carried in the oculomotor nerve"], "probs": [[0.1373687786746327, 0.27750881590965015, 0.07469185252425095, 0.5104305527914661], [0.17624265393386243, 0.1847110727416893, 0.4572037781494356, 0.18184249507501268], [0.11356885391622996, 0.0805360203741117, 0.2724571146556339, 0.5334380109540244], [0.08987024291644466, 0.0722156901255202, 0.4287857348969092, 0.40912833196112597], [0.12418464009987192, 0.5147656278507574, 0.1594700687885267, 0.2015796631608439], [0.0939098610472626, 0.3177118348416642, 0.06454812085799792, 0.5238301831530753], [0.28385691774566135, 0.13201407595096348, 0.0936141798695373, 0.49051482633383786], [0.3907887760551443, 0.09881384228013969, 0.34491948728154337, 0.1654778942831727], [0.31022316676588796, 0.12534843570749815, 0.16606477148756876, 0.3983636259390451], [0.37190181290291424, 0.10010113640694024, 0.2988647542510439, 0.2291322963391016], [0.4561911956864736, 0.2404161316039988, 0.12473209572772873, 0.17866057688179884], [0.35382928386281315, 0.28433152183039245, 0.0730258204558237, 0.28881337375097066], [0.1074332017192665, 0.07156943900922938, 0.23103294059387255, 0.5899644185776316], [0.0767216223694988, 0.07436457885065871, 0.14334262590739855, 0.705571172772444], [0.11071920349916206, 0.4735091628020447, 0.05834893133627452, 0.3574227022625187], [0.12120350042592912, 0.4574375859134749, 0.10696906061614314, 0.3143898529444528], [0.09238971643349092, 0.2082134624654544, 0.047934282055237705, 0.651462538945817], [0.1312655171243557, 0.24144689016768184, 0.2414555626432373, 0.38583202996472515], [0.5027903505206363, 0.0959647408018685, 0.21626887528927374, 0.18497603328822151], [0.28581328047835136, 0.08449049408704823, 0.07004632278231253, 0.5596499025522879], [0.3814420231150704, 0.29248337627331983, 0.15413541401266118, 0.17193918649894857], [0.46485304135124955, 0.2909184650649013, 0.05639961277279103, 0.1878288807110581], [0.2017514228358067, 0.09237319092462812, 0.19863784015222077, 0.5072375459873444], [0.41423295487169204, 0.08548634816918046, 0.2983919790979843, 0.20188871776114317]], "ideal": "C", "sampled": "B", "correct": false}}
{"type": "result", "data": {"idx": 16, "options": ["External and internal intercostal muscles", "External intercostal muscles and diaphragm", "Internal intercostal muscles and diaphragm", "External and internal intercostal muscles and diaphragm"], "probs": [[0.05273412422883527, 0.6946729757342532, 0.012526270607505994, 0.2400666293294055], [0.13670881460881357, 0.7507322410633355, 0.05189240298038035, 0.06066654124747063], [0.022053974213042973, 0.8948591379946972, 0.009635134920269494, 0.07345175277199037], [0.04485227846139556, 0.9151059089373991, 0.02678333146951567, 0.013258481031689674], [0.05967283448373407, 0.876922696339952, 0.024876271274755425, 0.03852819780155847], [0.057125382545282384, 0.8936258620145308, 0.015137247852489941, 0.03411150748769694], [0.837163527346401, 0.010873387819777406, 0.008737053924694857, 0.1432260308091268], [0.9058175803136387, 0.009020633777403541, 0.06665316006016152, 0.01850862574879624], [0.756093990072905, 0.03427731296490553, 0.06304536108109758, 0.14658333578109192], [0.8820128024644929, 0.016409796065886995, 0.0846471356722974, 0.01693026569732276], [0.7888839464465274, 0.16536757810345956, 0.014677387139523069, 0.031071088210489987], [0.8563123009567498, 0.1195729402500181, 0.004287993367243427, 0.019826765325988618], [0.9405679313815158, 0.0038440831386337237, 0.004156428946432559, 0.051431556433417874], [0.93107850759295, 0.0030102062025970148, 0.06046065779029743, 0.0054506283141555764], [0.928982095900147, 0.0056995637750247565, 0.022541886188589513, 0.04277645403623869], [0.9281622792452817, 0.0027322233728163873, 0.06415819393991087, 0.004947303341990986], [0.9064737366637284, 0.07558358052735789, 0.006708482579595266, 0.01123420012931837], [0.9153882021925611, 0.06735770664002033, 0.0035698764471025764, 0.013684214620316005], [0.9750796547454869, 0.002035345073388936, 0.00296141807123445, 0.019923582009889796], [0.9760202336605405, 0.0016889877441012484, 0.0026571590442882216, 0.019633619451070033], [0.9875224067828867, 0.001508100424177266, 0.0026884849905737247, 0.008281007702362325], [0.9908674116992136, 0.0009469396074268169, 0.0007374854439570661, 0.007448163149402505], [0.9911656217166931, 0.002168241387068259, 0.0026153982188084207, 0.004050738577430258], [0.9865833109876012, 0.0022267227996079276, 0.0012106598083342541, 0.009979306304456606]], "ideal": "B", "sampled": "D", "correct": false}}
