{"type": "result", "data": {"idx": 0, "options": ["an average of 10 times, with an rms deviation of about 4", "an average of 10 times, with an rms deviation of about 3", "an average of 10 times, with an rms deviation of about 1", "an average of 10 times, with an rms deviation of about 0.1"], "probs": [[0.21888381240563237, 0.10339717565933039, 0.604401647984146, 0.07331736385089123], [0.3104975130695292, 0.11245927623401204, 0.5119588222003976, 0.0650843883960612], [0.33340645826720394, 0.31321836448214585, 0.21866435462029693, 0.1347108225303533], [0.2831273461037078, 0.23109006077988897, 0.43174619764976196, 0.05403639536664126], [0.47898407213022914, 0.3190835809115444, 0.11738545796250038, 0.0845468888957261], [0.5069207454166886, 0.348413073452495, 0.09525178939545213, 0.049414391635364235], [0.20349809525362175, 0.07370471208550597, 0.6467552184411839, 0.07604197411968844], [0.30865593246812917, 0.08307687535051458, 0.5502721400249412, 0.05799505205641512], [0.3473191507212822, 0.43906822141982976, 0.08782021569595386, 0.12579241206293418], [0.27085083417660333, 0.25050502733051955, 0.42613681670334386, 0.052507321689533266], [0.4792515092525248, 0.40994081355191087, 0.04388849113318082, 0.06691918596238348], [0.4764169294366945, 0.38282622599708865, 0.0881324902342327, 0.052624354231984125], [0.31291547414511534, 0.24370793995804346, 0.3129322230502955, 0.13044436274654572], [0.2570648260137187, 0.19404928890293854, 0.5112686886085441, 0.03761719637479855], [0.4292088438355837, 0.29042734660169534, 0.1249119797537571, 0.15545182970896385], [0.29082349319916007, 0.1581237174599848, 0.5104444166110153, 0.040608372629839865], [0.18826405141068217, 0.7330799479621721, 0.05067284626236927, 0.027983154264776405], [0.21315926568128873, 0.7099530681964377, 0.05142924610548791, 0.02545841991678567], [0.5197727757138705, 0.1687527323904671, 0.19729358249857376, 0.1141809092970886], [0.45276325149002855, 0.17456258186931792, 0.3210749781331268, 0.051599188407526704], [0.6253104199660701, 0.15810985820330478, 0.0915074185220552, 0.12507230320856993], [0.479847199866578, 0.13535325429506473, 0.33500758309303796, 0.04979196264531932], [0.558023764597244, 0.16755533333601388, 0.2118114357235381, 0.06260946624320404], [0.5711112575324134, 0.17148518432835624, 0.19431918712759544, 0.0630843709116349]], "ideal": "B", "sampled": "D", "correct": false}}
{"type": "result", "data": {"idx": 1, "options": ["500 nm", "550 nm", "600 nm", "650 nm"], "probs": [[0.1108720451482527, 0.7229946851007352, 0.10095374285165237, 0.06517952679935973], [0.10018709300946677, 0.7175335287330257, 0.10665257274037997, 0.07562680541712756], [0.1715729892006983, 0.35205627628327046, 0.3927496466448983, 0.0836210877711329], [0.1248948341118459, 0.36140924419268966, 0.3558070632771952, 0.1578888583182692], [0.14003027661166872, 0.4964685030574426, 0.26574020981202023, 0.09776101041886838], [0.11708938590956189, 0.5414356113749729, 0.21876065919805932, 0.12271434341740597], [0.25938273246623245, 0.4481878711785079, 0.17551148459084528, 0.11691791166441441], [0.25091867525740696, 0.4615263090213283, 0.1779323650668225, 0.10962265055444222], [0.2839085672837136, 0.31673451311000295, 0.31673120505231683, 0.0826257144539666], [0.20651894805750362, 0.32491183277695707, 0.2452569454663114, 0.22331227359922792], [0.26561337904668136, 0.34106642258531383, 0.3057264708103469, 0.08759372745765794], [0.19616350529616428, 0.28100281951001616, 0.3497112989075948, 0.17312237618622475], [0.14544591739648227, 0.39537684303671655, 0.3544127152330727, 0.10476452423372844], [0.1287377942781724, 0.4935212208361813, 0.2224459979080139, 0.15529498687763243], [0.13499490229895225, 0.5508839815831036, 0.22964051242203948, 0.08448060359590463], [0.11841557134490627, 0.5143961616476267, 0.15935080701610213, 0.20783745989136496], [0.1462078763140924, 0.4869617863351971, 0.26475633787477115, 0.10207399937593929], [0.13466435669506016, 0.3660693764320515, 0.31804633137383503, 0.1812199353990533], [0.16189530007724373, 0.3944967569166282, 0.3374304074477364, 0.10617753545839166], [0.14913934912201526, 0.4666336019357395, 0.22042100786213273, 0.16380604098011253], [0.1705710091846183, 0.5092507448506502, 0.22597649017766888, 0.09420175568706261], [0.15595285825291688, 0.43061817329717195, 0.20025337038799365, 0.21317559796191754], [0.18806529323463453, 0.4107873202566888, 0.23774467760546802, 0.16340270880320865], [0.18789619855657896, 0.36219395564477874, 0.23022239368837807, 0.21968745201026418]], "ideal": "C", "sampled": "B", "correct": false}}
{"type": "result", "data": {"idx": 2, "options": ["There are no changes in the internal energy of the system.", "The temperature of the system remains constant during the process.", "The entropy of the system and its environment remains unchanged.", "The entropy of the system and its environment must increase."], "probs": [[0.09030057214865096, 0.5531611134462311, 0.2914970370871339, 0.06504127721798399], [0.050706825578653705, 0.8312583471980357, 0.047635200827627254, 0.07039962629568333], [0.020861693426504287, 0.9296377847086345, 0.02186318569219948, 0.02763733607266175], [0.014777740618189253, 0.9432925087683309, 0.023248898903504206, 0.01868085160997562], [0.1368547230822084, 0.07920599728030649, 0.7059616445789094, 0.07797763495857568], [0.04956384670619323, 0.022340343731812408, 0.906442934568058, 0.021652874893936358], [0.8869254837314569, 0.011164803551397696, 0.09348210325810509, 0.00842760935904039], [0.9442000049036162, 0.014336992417600789, 0.025961066144924487, 0.015501936433858542], [0.4007261931387272, 0.5477312721102382, 0.02857895897670464, 0.02296357567432997], [0.6367898731039576, 0.31034848813469407, 0.03764985589050108, 0.015211782770847173], [0.9591916912241432, 0.011887301091858513, 0.02255821300617822, 0.0063627945778201266], [0.6840297615711801, 0.008610708684275865, 0.30353856246243655, 0.003820967182107538], [0.9540366766402669, 0.005853012083259168, 0.03315969969310964, 0.006950611483364319], [0.9578521259641307, 0.005185920749445527, 0.033816538779237786, 0.0031454144071859104], [0.9601493500614039, 0.015278832074733633, 0.016520448905338905, 0.00805136885852356], [0.9581902169333413, 0.01206189150601986, 0.026345683876543954, 0.003402207584094867], [0.9760268319853866, 0.0120959279862126, 0.009568695552790009, 0.002308544375610756], [0.9628806708986376, 0.012120930657402273, 0.022293858709805284, 0.0027045396341548456], [0.12310849885254856, 0.07825295159910689, 0.665526290736028, 0.13311225871231652], [0.05075718401421246, 0.013876334684293837, 0.9138745034277352, 0.02149197777375844], [0.030191359813536843, 0.910332672874995, 0.030667124084541714, 0.028808843126926505], [0.06257924203771252, 0.2634700736337408, 0.6419882534551777, 0.031962430773368876], [0.014606693996682112, 0.9619696313758358, 0.01483683686179563, 0.008586837665686416], [0.020147495500151533, 0.94089674679125, 0.027111647717805505, 0.011844109890792934]], "ideal": "C", "sampled": "C", "correct": true}}
{"type": "result", "data": {"idx": 3, "options": ["a dye laser", "a helium-neon laser", "an excimer laser", "a ruby laser"], "probs": [[0.030997582888303885, 0.006297680308841619, 0.9493728619524436, 0.013331874750410838], [0.033440473420838085, 0.017080109055715192, 0.031414612188338575, 0.9180648052351081], [0.011727104904565883, 0.9611872442606655, 0.006179846828352931, 0.020905803906415645], [0.012129176226100716, 0.9635563348230324, 0.005819734098631298, 0.018494754752235547], [0.04117332771008746, 0.032571438696703564, 0.03206605463899386, 0.8941891788542151], [0.037133528049417226, 0.009536881486076778, 0.9428556121475818, 0.010473978216924196], [0.22154222674175986, 0.03142241423362402, 0.7264287552229551, 0.020606603701660994], [0.28789631387383624, 0.1109970990009503, 0.06324331650230608, 0.5378632705229074], [0.07308502735929613, 0.8629872799350682, 0.03046697726675525, 0.033460715338880426], [0.07748576541534685, 0.8595184407089348, 0.015258253187585422, 0.04773754058813289], [0.2669784684662501, 0.12611566294786317, 0.32711475596860073, 0.27979111251728594], [0.19374927974225295, 0.03263383253316696, 0.7544331572103419, 0.019183730414238237], [0.9199426087567544, 0.025294374436456983, 0.01909298990575597, 0.03567002680103266], [0.8994006319666821, 0.03380135597552703, 0.019870546601389212, 0.04692746535640167], [0.9004532526193648, 0.018688711919094506, 0.053238536165573475, 0.027619499195967238], [0.8759214060365533, 0.029973063036373412, 0.034498372658361594, 0.059607158168711705], [0.8518449681210132, 0.02781440306499768, 0.07923467109423217, 0.04110595761975697], [0.8737549374051713, 0.02989890845664237, 0.05673746499888097, 0.03960868903930541], [0.152022720500695, 0.16437952341268405, 0.043555803917133866, 0.6400419520694871], [0.16158524274391295, 0.04851811042328858, 0.770897274915505, 0.018999371817293515], [0.19203927622510064, 0.11648079614193882, 0.29744045494564625, 0.39403947258731425], [0.13693076254056868, 0.03152414786123903, 0.8130135773429578, 0.0185315121552345], [0.05656976048290562, 0.8988585739088805, 0.01985821373139562, 0.02471345177681825], [0.05401585079248447, 0.899465236702962, 0.016218811876150773, 0.030300100528402787]], "ideal": "A", "sampled": "C", "correct": false}}
{"type": "result", "data": {"idx": 4, "options": ["The Heisenberg uncertainty principle", "The Pauli exclusion principle", "The Bohr model of the atom", "Nuclear hyperfine coupling"], "probs": [[0.027651770741400523, 0.9447770913909992, 0.01900500351817738, 0.008566134249422864], [0.019304383166632764, 0.9447936229946906, 0.0064662609840875586, 0.029435732754589033], [0.07353167139241583, 0.04601548924189273, 0.8682600741750842, 0.0121927650906072], [0.00411206011496553, 0.0042426278273001335, 0.001056074034406173, 0.9905892379233281], [0.0568115649131937, 0.014364383508180907, 0.8613586582944041, 0.06746539318422128], [0.0037510926765578086, 0.0022398982252588074, 0.0015636981086360672, 0.9924453108895473], [0.9840516602373628, 0.002291468894604162, 0.012006410994087884, 0.0016504597739451763], [0.9783711960866398, 0.002925319220182033, 0.0023875775930108814, 0.01631590700016725], [0.9912626330915993, 0.003688587642624689, 0.003306436646518956, 0.0017423425192570014], [0.9922672363605789, 0.00405522476480788, 0.0016384692620655334, 0.002039069512547657], [0.9819968574050287, 0.001753258590156797, 0.0026734027032743308, 0.013576481201540093], [0.9891094043201851, 0.0018507080523653744, 0.006876217252696806, 0.0021636702747526567], [0.0646519179686313, 0.02002849554620558, 0.9065698950019113, 0.008749691383251764], [0.004313153516344827, 0.0033591154517632078, 0.0008762789687990539, 0.9914514519630929], [0.009928565827369422, 0.9815909021402264, 0.004405855358720157, 0.004074676573684004], [0.00992422957069697, 0.9811623157553154, 0.0027993108461656048, 0.0061141437278219735], [0.007762415738292476, 0.005335067501882191, 0.0015048275377360298, 0.9853976891220892], [0.08769964550194355, 0.018098118363506843, 0.8720282890202633, 0.022173947014286294], [0.05657497097368272, 0.026310094189124687, 0.8444712315119086, 0.07264370322528399], [0.003924098976282417, 0.003686380042412875, 0.0017143243076578783, 0.9906751965736468], [0.007291969271555084, 0.9701060511723085, 0.003087655596257936, 0.019514323859878484], [0.00690598325613824, 0.9780105428845403, 0.003873954091698534, 0.011209519667622916], [0.006516893198662493, 0.009190368190195983, 0.0018671379096971007, 0.9824256006014445], [0.06535043332951092, 0.03782241714468402, 0.8474980062794248, 0.04932914314638018]], "ideal": "B", "sampled": "B", "correct": true}}
{"type": "result", "data": {"idx": 5, "options": ["1/2", "1", "3/2", "5/2"], "probs": [[0.4575667185079962, 0.22300746043048222, 0.23738737932574733, 0.08203844163577426], [0.527061553369599, 0.2064080957211137, 0.13326499659069865, 0.1332653542185886], [0.38072654173842707, 0.38073905871466796, 0.14227012752385162, 0.09626427192305334], [0.499276522448566, 0.36529081525440876, 0.08676348462482424, 0.04866917757220098], [0.5021974965100335, 0.216001388170556, 0.13100950223373337, 0.15079161298567714], [0.5290129504338581, 0.20079856061723086, 0.2007958784083561, 0.06939261044055488], [0.06502417934579376, 0.8432641625381369, 0.0650257141655052, 0.026685943850564164], [0.06985271080410387, 0.8510019905163498, 0.045101669353231746, 0.03404362922631452], [0.06592681438443646, 0.7545120664908316, 0.12317043231343376, 0.056390686711298224], [0.07144913236341195, 0.8177172723574683, 0.06016809254658755, 0.050665502632532174], [0.10813262211985622, 0.5937843080036702, 0.20843638229886793, 0.08964668747760565], [0.10696111379326173, 0.6252326228909969, 0.17913078859599965, 0.08867547461974169], [0.4302944476428314, 0.36235537581463007, 0.12522589972516482, 0.08212427671737367], [0.4914955119965697, 0.38881854957113166, 0.07537570186885101, 0.04431023646344764], [0.4689116442560757, 0.19547821433766277, 0.2432741206397169, 0.09233602066654463], [0.5055427996146942, 0.21744010692329063, 0.17746723657659538, 0.09954985678541986], [0.49759740929985263, 0.20743805708921711, 0.2425171348866445, 0.05244739862428574], [0.4974180867144668, 0.2501282002631801, 0.15898901035446822, 0.09346470256788482], [0.3365649828490074, 0.399696820938898, 0.13598908279982672, 0.1277491133122679], [0.3388824614044008, 0.4087873581591062, 0.19613676647982073, 0.05619341385667226], [0.3514028787261512, 0.2002322673597375, 0.32500699159233143, 0.12335786222177982], [0.3105545801648041, 0.20367578732219951, 0.3865076206651757, 0.09926201174782075], [0.29239475833082884, 0.43214768327976505, 0.22772461258475363, 0.04773294570465246], [0.28067118763117227, 0.524382845241526, 0.11700486739314389, 0.0779410996341578]], "ideal": "C", "sampled": "C", "correct": true}}
{"type": "result", "data": {"idx": 6, "options": ["V_0/5", "V_0/3", "V_0/2", "2V_0/3"], "probs": [[0.1675360922715007, 0.4848008083097003, 0.1325378398086535, 0.21512525951014547], [0.16402776805699448, 0.5463146755808647, 0.14935534078212068, 0.1403022154800202], [0.163246399268813, 0.543716450864707, 0.09301918345576103, 0.20001796631071891], [0.17182635875206223, 0.5813017357013576, 0.11094424624501312, 0.1359276592015671], [0.12380219533538356, 0.6693034518100284, 0.10425667075304193, 0.1026376820015461], [0.14104893592006715, 0.6223700549223019, 0.12843271897294198, 0.10814829008468894], [0.28732145669258435, 0.3927364652407477, 0.12552618043909528, 0.19441589752757266], [0.2959975346030463, 0.4513561196375954, 0.127311425305263, 0.12533492035409527], [0.19845070386445932, 0.5653562075531523, 0.08403293230362927, 0.1521601561787591], [0.21503841394184947, 0.5845601427441369, 0.09394808647703223, 0.1064533567369814], [0.14806191401100843, 0.674050380608829, 0.07925509542544235, 0.09863260985472021], [0.1665400030611807, 0.6384511852433723, 0.08914673607629792, 0.10586207551914911], [0.23465540478292327, 0.45945267837848736, 0.11436681937697929, 0.1915250973616101], [0.2884913937683787, 0.46102397942367407, 0.11840158523326867, 0.1320830414746786], [0.19691055717718597, 0.5188125294105079, 0.10216061617663198, 0.18211629713567407], [0.22965526749620502, 0.5095341839097093, 0.150619001303594, 0.11019154719049172], [0.17930259743863064, 0.6161617361371381, 0.08876581207043893, 0.11576985425379234], [0.19555130016185457, 0.6118632372046616, 0.1030533059418471, 0.08953215659163664], [0.3393630728260757, 0.3669495606838113, 0.19337080466521214, 0.10031656172490087], [0.3879616885092449, 0.34777689235738746, 0.1495789002446181, 0.11468251878874955], [0.3212414764204255, 0.48984855104080144, 0.08782616412927016, 0.1010838083095029], [0.3275337541337138, 0.4547511074591245, 0.1223966488298317, 0.09531848947733004], [0.38222461080697206, 0.4264174902068395, 0.08012277453062151, 0.1112351243555669], [0.3454409955239043, 0.37940935298086836, 0.179223110847419, 0.09592654054780834]], "ideal": "D", "sampled": "D", "correct": true}}
{"type": "result", "data": {"idx": 7, "options": ["0.25mc^2", "0.60mc^2", "0.67mc^2", "1.25mc^2"], "probs": [[0.03889393542207951, 0.88525917610407, 0.056592827375706485, 0.01925406099814404], [0.046749896599894314, 0.8684746492757963, 0.05551985195439399, 0.029255602069915336], [0.09260980162969826, 0.6843325632201283, 0.1651030369986347, 0.0579545980515388], [0.10180455659331163, 0.7067046988277277, 0.10023229790500268, 0.09125844657395797], [0.1497620630877306, 0.3649321468932168, 0.4266571668357874, 0.05864862308326519], [0.13831340393441924, 0.54706343468307, 0.22103401514319646, 0.09358914613931436], [0.34266031978114436, 0.5225172961903052, 0.0752763559822378, 0.05954602794631266], [0.3153838578010232, 0.5449593852690743, 0.0703754745073668, 0.06928128232253565], [0.2700152815615207, 0.5897907877775184, 0.10249084691382551, 0.037703083647135344], [0.31169404221828884, 0.5385829490635686, 0.09962855798052783, 0.05009445063761471], [0.287716094937701, 0.5996836512634045, 0.05937716080216598, 0.0532230928967285], [0.37300976628125787, 0.509869073197084, 0.0746109163053098, 0.04251024411634828], [0.1982672373289449, 0.6203519396097285, 0.12801728771585724, 0.05336353524546943], [0.14866207367236603, 0.7092628877724493, 0.06494931895202756, 0.07712571950315716], [0.16908985626630654, 0.6584214069545689, 0.13169340984239622, 0.04079532683672837], [0.1902585313259651, 0.6640975425168059, 0.10184340102068841, 0.04380052503654058], [0.17171167941808915, 0.6582747550036052, 0.0850082318770464, 0.08500533360125927], [0.2623900800203039, 0.4902335161624139, 0.19807368736305855, 0.049302716354223675], [0.14815217806933836, 0.3610093662632629, 0.43547731855957145, 0.055361137007827244], [0.18326057094056075, 0.5139906712250911, 0.20767315967826497, 0.09507559805608318], [0.05118750159198309, 0.8932922697902493, 0.038640276529358905, 0.016879951988408602], [0.05400287681647829, 0.8992687975156621, 0.031256168786512877, 0.015472156781346651], [0.09200378908772916, 0.8073453005584887, 0.06627128770764235, 0.03437962254613974], [0.09812345811690854, 0.7839884526238241, 0.08796188644007731, 0.029926202719190005]], "ideal": "A", "sampled": "B", "correct": false}}
{"type": "result", "data": {"idx": 8, "options": ["Planck\u2019s constant", "Boltzmann\u2019s constant", "The Rydberg constant", "The speed of light"], "probs": [[0.9990536507198777, 0.0005031204468613977, 0.0002610132935862367, 0.00018221543967462936], [0.9985887957198, 0.0007316951925760409, 0.0005879278501520856, 9.15811374719411e-05], [0.9990227721107067, 0.0005110276901868903, 0.00031979034485267173, 0.0001464097542537526], [0.9984849638624764, 0.0006456500431076333, 0.00079106062865496, 7.832536576094729e-05], [0.9985213518414034, 0.0010645360072072073, 0.0003196301872072288, 9.448186418207412e-05], [0.9988817321920279, 0.000829360700612026, 0.00021975764572982056, 6.914936163018421e-05], [0.0005273994884127359, 0.999325827060921, 6.201289322288513e-05, 8.476045744332632e-05], [0.000511181718613504, 0.9993425670304705, 7.59810505073921e-05, 7.027010040852876e-05], [0.0013452443874261107, 0.0003509371690223926, 0.9982000847003025, 0.00010373364324892318], [0.00017124502125151367, 0.00024149934715432238, 0.0001333659889737641, 0.9994538895426204], [0.0013037065692179303, 0.0004871682102341257, 0.9980915930167801, 0.0001175321037678721], [0.00017395840532341209, 0.00023046266074696576, 4.682047276609322e-05, 0.9995487583611635], [0.0008038591704915662, 0.9989157474907053, 0.00010380961154625234, 0.0001765836272569009], [0.0007551554777290004, 0.9989149817597845, 0.0001418906211799509, 0.000187972041306443], [0.0011152511872691896, 0.0005268172690399395, 0.9982046226842534, 0.00015330875943749513], [0.00020331064317088447, 0.00043719634237319885, 0.00014193403056348702, 0.9992175588838924], [0.0023557492550012457, 0.0013848887562549791, 0.9959908939220609, 0.00026846796668292884], [0.00023035932063271325, 0.0005701558317165857, 7.716120055750424e-05, 0.9991223235470932], [0.0008967777664832402, 0.9989242369119039, 9.019240512086537e-05, 8.879281649197936e-05], [0.0008039406310711014, 0.999016620693725, 8.342188131691418e-05, 9.601669388704942e-05], [0.00571648302446816, 0.0021361278741455123, 0.9918882528512781, 0.0002591361501081934], [0.0006458025530554831, 0.0005789068264406806, 4.7518661060186546e-05, 0.9987277718594436], [0.007001456264040116, 0.00129516479571204, 0.9915253413980222, 0.00017803744222569042], [0.0003198816248516418, 0.0003149293457420309, 5.735193316034803e-05, 0.9993078369962459]], "ideal": "A", "sampled": "A", "correct": true}}
{"type": "result", "data": {"idx": 9, "options": ["mc/2", "mc/(2^(1/2))", "mc", "(3^(1/2))mc"], "probs": [[0.1089369334774311, 0.7681066169022296, 0.04200069436759345, 0.08095575515274583], [0.12702188131101314, 0.766070558912265, 0.0399710059120583, 0.06693655376466347], [0.3434237837448019, 0.23237948117316556, 0.3127016722843274, 0.11149506269770516], [0.4092469811030267, 0.2857105135631953, 0.16795933244932956, 0.13708317278444843], [0.11547951829319933, 0.7074330115889762, 0.08854471476029714, 0.08854275525752735], [0.08922435129133807, 0.7241127325831576, 0.04629086978514234, 0.14037204624036198], [0.2887588081692996, 0.5394927108822679, 0.05866755280312641, 0.11308092804530608], [0.31547908401966257, 0.5283501383886444, 0.0401107165226783, 0.11606006096901472], [0.4348122684390606, 0.17845238638055486, 0.24775856005826533, 0.13897678502211916], [0.40315803581052173, 0.19344366940826158, 0.09427680749042205, 0.30912148719079463], [0.13606815849780285, 0.529840083655784, 0.17747477753025437, 0.15661698021615866], [0.09723183020209061, 0.586409822438387, 0.052046996962025215, 0.2643113502974972], [0.0262846480561189, 0.9122245244202556, 0.029785252803519475, 0.03170557462010609], [0.020641603974984147, 0.9343353300128399, 0.02339068933959296, 0.02163237657258306], [0.03606306341592676, 0.9014865041546454, 0.02221885480596712, 0.04023157752346069], [0.026705370992130616, 0.8983095839544919, 0.01385522532552218, 0.061129819627855284], [0.04125213254082909, 0.8683641748562914, 0.027481049942031634, 0.06290264256084789], [0.0340787748850437, 0.8256810737303303, 0.019418400791795375, 0.12082175049283066], [0.08463727461273637, 0.8030517487119175, 0.06908213911418101, 0.04322883746116505], [0.08107588942802146, 0.8061767575478006, 0.04339896012709788, 0.06934839279708006], [0.11359444360747782, 0.6640170710627618, 0.12673074949984658, 0.09565773572991387], [0.07158923015047662, 0.6899493803520963, 0.04079263208412312, 0.19766875731330397], [0.2142079472327601, 0.18038882313354956, 0.4535035192512958, 0.15189971028239457], [0.1703537378982162, 0.1677198533885866, 0.3283779571863761, 0.3335484514268211]], "ideal": "D", "sampled": "A", "correct": false}}
{"type": "result", "data": {"idx": 10, "options": ["square", "hexagon", "cube", "tetrahedron"], "probs": [[0.016020181491421544, 0.7719002767871445, 0.019937447378743707, 0.1921420942426903], [0.07595607807374573, 0.25695816254187864, 0.6459933663108179, 0.021092392973557722], [0.03777845048689446, 0.03131973242253889, 0.30182911705887894, 0.6290726999316877], [0.032338109617103324, 0.016516795764813588, 0.9450689177263966, 0.00607617679168656], [0.012626686882470217, 0.9571357451077922, 0.01780655099491107, 0.01243101691482649], [0.010567222202838105, 0.9662181515967617, 0.011425941697007697, 0.011788684403392435], [0.12088183030949408, 0.008487370598040904, 0.031533795602870354, 0.8390970033895947], [0.26452148758670835, 0.011805433204778452, 0.7190500118694435, 0.0046230672390696476], [0.07197706373814798, 0.01020867001085465, 0.013107970306799431, 0.9047062958441979], [0.23096544296191307, 0.01895903734851396, 0.7455723641418835, 0.0045031554476894576], [0.44516214169020424, 0.5369738036350444, 0.01243256565739415, 0.005431488917357195], [0.6488336992602203, 0.3113184605747405, 0.028507966863954983, 0.011339873201084202], [0.023261615278421147, 0.006876222108405298, 0.2462077361770016, 0.7236544263361719], [0.02079521049521914, 0.0048627647164997, 0.9711529607518987, 0.0031890639363824124], [0.01487826662219395, 0.0437302424502181, 0.006399052143820017, 0.9349924386837679], [0.07451798828566501, 0.08849319143866825, 0.8265836903364393, 0.010405129839227466], [0.004718755539493381, 0.9876228325725795, 0.003294233582588582, 0.004364178205338508], [0.00911714359285145, 0.9746107848394808, 0.00970518348392174, 0.006566887983745959], [0.9939479704522769, 0.0014483828383485512, 0.004126022518627449, 0.0004776240907470901], [0.9945959385621661, 0.0014047366800020143, 0.0034228244390320174, 0.0005765002187998518], [0.994706477963973, 0.001775950589198538, 0.00306854195553514, 0.00044902939129328926], [0.9934580567381448, 0.0020736929067244492, 0.0038741294769922122, 0.0005941207781385115], [0.9940404411806039, 0.0020110693529004357, 0.003264260283541669, 0.0006842290829540451], [0.9927847077305639, 0.0023118023034144138, 0.004318976434417318, 0.0005845134316042839]], "ideal": "D", "sampled": "D", "correct": true}}
{"type": "result", "data": {"idx": 11, "options": ["0.024 m", "0.048 m", "0.121 m", "0.242 m"], "probs": [[0.1946116464162598, 0.5901655930373889, 0.14690668332200374, 0.06831607712434748], [0.15000891423288487, 0.6516261634166675, 0.12054036054258123, 0.07782456170786646], [0.15212394635625232, 0.547837031157003, 0.23562402057431317, 0.06441500181243152], [0.14387770424470098, 0.6549927786825593, 0.13100758584046357, 0.07012193113227609], [0.18003648532317768, 0.5811831474243467, 0.15888811834229633, 0.07989224881017928], [0.1634994024396267, 0.5980767100164754, 0.15359969664467732, 0.08482419079922059], [0.1815676716022073, 0.5770397867734334, 0.15290136861615278, 0.08849117290820656], [0.16161315863959355, 0.6293033046079685, 0.12391773418965346, 0.08516580246278449], [0.15878337383495345, 0.6087011007549461, 0.1563284075650944, 0.07618711774500607], [0.16201200313789793, 0.6308600587896488, 0.12816763495866637, 0.0789603030137869], [0.12308117046869262, 0.7083097125936156, 0.10862281212846558, 0.05998630470922611], [0.14389717416631342, 0.6349251198700853, 0.1682395618064894, 0.05293814405711189], [0.2611597976885422, 0.4879237231152697, 0.1634372262702901, 0.087479252825898], [0.2425066458189379, 0.5638619492723359, 0.12194513909952881, 0.07168626570919738], [0.20058860027797776, 0.5895805558999015, 0.1275078270637853, 0.0823230166583354], [0.1745136289005154, 0.6284699707647787, 0.13381024495908853, 0.06320615527561735], [0.19712328636553003, 0.6264758145353333, 0.10388196820037142, 0.07251893079876526], [0.20414482480471016, 0.5549418040212919, 0.16924994299544963, 0.07166342807854827], [0.3282574908558587, 0.3662072340007329, 0.20224277388474146, 0.10329250115866691], [0.3484702019623259, 0.3948795136342654, 0.14527029663482746, 0.11137998766858119], [0.2107418422521839, 0.6003674536507333, 0.10764105353058567, 0.08124965046649715], [0.21589645377082722, 0.5688306389315408, 0.14838976440382523, 0.06688314279380671], [0.22622150180461784, 0.6149507760386637, 0.07941535114447851, 0.07941237091224004], [0.25340168573421057, 0.5281486904203758, 0.13994791654945027, 0.07850170719596326]], "ideal": "D", "sampled": "D", "correct": true}}
{"type": "result", "data": {"idx": 12, "options": ["Specific heat", "Thermal conductivity", "Electrical resistivity", "Hall coefficient"], "probs": [[0.014628646439343584, 0.008599736075911087, 0.9337756937201003, 0.04299592366464499], [0.015034463731159879, 0.017304571891666745, 0.17206082291118158, 0.7956001413659918], [0.006674387567718132, 0.9019230110121087, 0.002100209496451596, 0.08930239182372161], [0.008633651513885423, 0.922920716392102, 0.05718522965667683, 0.011260402337335721], [0.0060201475072981835, 0.8525545155552049, 0.0022495862794168426, 0.13917575055808012], [0.014298307735419728, 0.8573886730148672, 0.11423639227892664, 0.014076626870786462], [0.011608591312879816, 0.012950309563018177, 0.614309013400551, 0.361132085623551], [0.004440009324739363, 0.006665245225693458, 0.01502041427610467, 0.9738743310734626], [0.0038057792964348853, 0.9168069146128223, 0.0017424306886424617, 0.0776448753021004], [0.006408209186266602, 0.9510639709351371, 0.02917197465776916, 0.013355845120827204], [0.005368252255540469, 0.5390874714053823, 0.001586870048851807, 0.4539574061902255], [0.014856831487372409, 0.7385657587160446, 0.23240092892224667, 0.014176480774336373], [0.025672914093110198, 0.024117497382330304, 0.001774593463863157, 0.9484349949606963], [0.08130974541348596, 0.01992579044374489, 0.8879310131582046, 0.010833450884564633], [0.03318292444847101, 0.03879480199401724, 0.002681617926867762, 0.9253406555306439], [0.11517482476848884, 0.016853809369405996, 0.8644386177133158, 0.0035327480487894187], [0.016222398178834654, 0.972766962491672, 0.0033477131540756116, 0.007662926075417669], [0.01886365584491073, 0.9675227752260245, 0.004275371413485806, 0.00933819741557898], [0.6966077827388174, 0.035228230777418684, 0.007860543366603492, 0.2603034430171604], [0.6452762886548651, 0.025020042130403514, 0.3194354673548389, 0.010268201759892496], [0.8328020503196102, 0.028496921001682798, 0.010986610079100175, 0.12771441849960688], [0.6969482404199434, 0.013588327181113063, 0.2860277634805304, 0.00343566881841317], [0.6870812439327652, 0.29092879211236, 0.008383049017568013, 0.01360691483730681], [0.7672877711111011, 0.20651295366003294, 0.013202022517002844, 0.012997252611863033]], "ideal": "D", "sampled": "D", "correct": true}}
{"type": "result", "data": {"idx": 13, "options": ["two hydrogen atoms and one helium atom", "four hydrogen atoms and one helium atom", "six hydrogen atoms and two helium atoms", "three helium atoms and one carbon atom"], "probs": [[0.9240764335546604, 0.05213420068261319, 0.008378827904543086, 0.01541053775818331], [0.9580317964943391, 0.03278279924056046, 0.002095763025664431, 0.007089641139436018], [0.9432304819924395, 0.03714979703146262, 0.006980334668764798, 0.012639386207333013], [0.9600052580769385, 0.02809842776392812, 0.002915688428972787, 0.008980625630160607], [0.9773284341789223, 0.006689014828360595, 0.005459421129849464, 0.010523129762867617], [0.9765625585974937, 0.0064781336047000085, 0.006278834299228137, 0.010680473398578092], [0.9243122039425783, 0.039362917473128214, 0.013185018002607286, 0.023139860481686182], [0.9539519366760023, 0.027921169346493347, 0.0031820381045514837, 0.014944855772952842], [0.5976930276759921, 0.3740362535062683, 0.00813565312282499, 0.020135065594914566], [0.634035206330089, 0.3393834725354263, 0.006827172747941745, 0.019754148286542886], [0.9282829259148954, 0.015004563264664475, 0.02592553803095134, 0.03078697268948877], [0.9250257531201665, 0.013828270908642052, 0.0353117008832381, 0.02583427498795331], [0.9173191479317422, 0.027271785702847343, 0.02727196824207773, 0.02813709802333278], [0.9531592273027959, 0.02241666135782683, 0.00612846080846196, 0.01829565043091527], [0.8815464048120086, 0.06386061519265027, 0.020411345345298326, 0.03418163455004282], [0.8954831552187629, 0.06798349305492003, 0.00774782064317689, 0.028785530983140187], [0.9327371755658359, 0.01708400520010785, 0.026460333078817955, 0.0237184860552383], [0.9134695324315834, 0.018375531624351998, 0.040135970191978905, 0.028018965652085753], [0.1747972790007245, 0.6494690082396937, 0.06634769489179632, 0.10938601776778556], [0.1687476397790136, 0.667429233484248, 0.06305860398518602, 0.10076452265155243], [0.17109088382581245, 0.6766953375776926, 0.04000895768070657, 0.11220482081578836], [0.18815470809497317, 0.5444584962674746, 0.16347697010170623, 0.10390982543584606], [0.11527716159027096, 0.8128039618515632, 0.016607987534828585, 0.0553108889233372], [0.12146205091865032, 0.779773390817944, 0.03168647641561036, 0.06707808174779539]], "ideal": "B", "sampled": "C", "correct": false}}
{"type": "result", "data": {"idx": 14, "options": ["Lines in the infrared, visible, and ultraviolet regions of the spectrum reveal primarily the nuclear structure of the sample.", "The wavelengths identified in an absorption spectrum of an element are among those in its emission spectrum.", "Absorption spectra can be used to determine which elements are present in distant stars.", "Spectral analysis can be used to identify the composition of galactic dust."], "probs": [[0.18406443807758124, 0.4020392653189387, 0.15023271213318998, 0.2636635843702901], [0.12981464354333455, 0.30183340015472815, 0.17468853813714924, 0.39366341806478805], [0.15708788674022775, 0.045007037814350635, 0.7151250072673098, 0.08278006807811178], [0.024641362855945436, 0.019190957696340563, 0.0169359295912439, 0.9392317497564701], [0.07406443811981037, 0.025199547093794055, 0.7962878239056986, 0.10444819078069698], [0.02487262236227648, 0.018775099117196797, 0.023003661060118037, 0.9333486173604086], [0.14302575799921047, 0.2048782885596659, 0.2980987175717683, 0.3539972357693553], [0.07586142306967794, 0.1121180636753071, 0.2336743885987617, 0.5783461245562532], [0.05229453861254166, 0.02431952835318934, 0.8845237660312923, 0.0388621669029766], [0.014473395717200485, 0.015407044754643613, 0.016921345489521216, 0.9531982139386347], [0.041419809613900356, 0.02551836587613606, 0.7815537684023314, 0.1515080560076322], [0.01500644474194266, 0.014773984745212161, 0.027173517684171776, 0.9430460527286734], [0.08147886455346103, 0.05343582520424293, 0.6020658656506619, 0.2630194444916342], [0.018152093107253964, 0.024811237493405316, 0.026001946416833763, 0.931034722882507], [0.06284946183355977, 0.05812695920607225, 0.6971613377082616, 0.1818622411521064], [0.019674111961897868, 0.033467230823789385, 0.042306577653574554, 0.9045520794607381], [0.01972438050581644, 0.010394132793870305, 0.4283718421254544, 0.5415096444748588], [0.014030959047127327, 0.007994694000975543, 0.19984193888699606, 0.778132407964901], [0.04143061743115277, 0.02288048668546169, 0.781754601292185, 0.15393429449120058], [0.028832433688677172, 0.03588305779209451, 0.1312543896244819, 0.8040301187947464], [0.05133879069458373, 0.07017286709352996, 0.48709793785339944, 0.39139040425848687], [0.02840700692386337, 0.05390785161038363, 0.08750099524910072, 0.8301841461166523], [0.02529094724195352, 0.013537413286351494, 0.6625428860543033, 0.2986287533173917], [0.01656550735332894, 0.010529805954097212, 0.16215986087302448, 0.8107448257195494]], "ideal": "A", "sampled": "A", "correct": true}}
{"type": "result", "data": {"idx": 15, "options": ["Bosons have symmetric wave functions and obey the Pauli exclusion principle.", "Bosons have antisymmetric wave functions and do not obey the Pauli exclusion principle.", "Fermions have symmetric wave functions and obey the Pauli exclusion principle.", "Fermions have antisymmetric wave functions and obey the Pauli exclusion principle."], "probs": [[0.7608249186708658, 0.033429332074160274, 0.12038285284030623, 0.08536289631466774], [0.6807604241143642, 0.030382165630530884, 0.26246146929390024, 0.026395940861204614], [0.7951893653962566, 0.04348230231950922, 0.08381420096368769, 0.07751413122054641], [0.814389507042643, 0.030131810543441724, 0.130886223710053, 0.02459245860386219], [0.8414933523473079, 0.0638840753311745, 0.06095862705925268, 0.033663945162264904], [0.7752048459083039, 0.09404444053623391, 0.08562842851350723, 0.04512228494195496], [0.3931862892357825, 0.1401979434291014, 0.2205625557511258, 0.2460532114839903], [0.48545146345299367, 0.12084076642408124, 0.28538820357291245, 0.10831956645001267], [0.41375456900807256, 0.1498539291324741, 0.293401002052784, 0.14299049970666927], [0.30431036064890815, 0.12104820074564308, 0.44975222492942535, 0.12488921357602342], [0.42983262445703435, 0.15567796956895774, 0.24877295644260347, 0.16571644943140443], [0.41622499368424304, 0.1330358355838392, 0.24469078282270737, 0.20604838780921042], [0.8118870626727235, 0.01879808812778343, 0.10162142379250914, 0.06769342530698395], [0.8992488232599246, 0.010971767642842696, 0.07381583625766358, 0.015963572739569113], [0.6842087114427354, 0.03626221526087938, 0.22918467904375978, 0.05034439415262539], [0.7386217451217256, 0.029548969933731805, 0.19268382401887832, 0.039145460825664245], [0.956662473739705, 0.007654862925448369, 0.026303872402213477, 0.009378790832633137], [0.8891686696880517, 0.014149486859037419, 0.05509474811418659, 0.04158709523872424], [0.9360075693392218, 0.008620445326631901, 0.042431350229263295, 0.012940635004882989], [0.9325147617612616, 0.015072906949834746, 0.035597541760727214, 0.016814789428176453], [0.9121569433853167, 0.013216319414737842, 0.04834336322229061, 0.026283373877654836], [0.930990833277668, 0.014585293181915836, 0.03286855359255372, 0.021555319847862454], [0.9646922982365116, 0.007251430312588085, 0.01766922626996714, 0.01038704508093314], [0.9374665675771728, 0.010578447759382175, 0.033097086920149385, 0.018857897643295558]], "ideal": "D", "sampled": "D", "correct": true}}
{"type": "result", "data": {"idx": 16, "options": ["The Heisenberg uncertainty principle", "The Pauli exclusion principle", "The Bohr model of the atom", "Nuclear hyperfine coupling"], "probs": [[0.027651770741400523, 0.9447770913909992, 0.01900500351817738, 0.008566134249422864], [0.019304383166632764, 0.9447936229946906, 0.0064662609840875586, 0.029435732754589033], [0.07353167139241583, 0.04601548924189273, 0.8682600741750842, 0.0121927650906072], [0.00411206011496553, 0.0042426278273001335, 0.001056074034406173, 0.9905892379233281], [0.0568115649131937, 0.014364383508180907, 0.8613586582944041, 0.06746539318422128], [0.0037510926765578086, 0.0022398982252588074, 0.0015636981086360672, 0.9924453108895473], [0.9840516602373628, 0.002291468894604162, 0.012006410994087884, 0.0016504597739451763], [0.9783711960866398, 0.002925319220182033, 0.0023875775930108814, 0.01631590700016725], [0.9912626330915993, 0.003688587642624689, 0.003306436646518956, 0.0017423425192570014], [0.9922672363605789, 0.00405522476480788, 0.0016384692620655334, 0.002039069512547657], [0.9819968574050287, 0.001753258590156797, 0.0026734027032743308, 0.013576481201540093], [0.9891094043201851, 0.0018507080523653744, 0.006876217252696806, 0.0021636702747526567], [0.0646519179686313, 0.02002849554620558, 0.9065698950019113, 0.008749691383251764], [0.004313153516344827, 0.0033591154517632078, 0.0008762789687990539, 0.9914514519630929], [0.009928565827369422, 0.9815909021402264, 0.004405855358720157, 0.004074676573684004], [0.00992422957069697, 0.9811623157553154, 0.0027993108461656048, 0.0061141437278219735], [0.007762415738292476, 0.005335067501882191, 0.0015048275377360298, 0.9853976891220892], [0.08769964550194355, 0.018098118363506843, 0.8720282890202633, 0.022173947014286294], [0.05657497097368272, 0.026310094189124687, 0.8444712315119086, 0.07264370322528399], [0.003924098976282417, 0.003686380042412875, 0.0017143243076578783, 0.9906751965736468], [0.007291969271555084, 0.9701060511723085, 0.003087655596257936, 0.019514323859878484], [0.00690598325613824, 0.9780105428845403, 0.003873954091698534, 0.011209519667622916], [0.006516893198662493, 0.009190368190195983, 0.0018671379096971007, 0.9824256006014445], [0.06535043332951092, 0.03782241714468402, 0.8474980062794248, 0.04932914314638018]], "ideal": "B", "sampled": "B", "correct": true}}
