{"type": "result", "data": {"idx": 0, "options": ["r = k ln[A]", "r = k [A]^2", "r = k [A]", "r = k"], "probs": [[0.549054028594179, 0.050278645191077095, 0.3177723896102691, 0.08289493650447481], [0.5033325106395365, 0.0670633112441982, 0.06706341555232966, 0.3625407624639355], [0.20642695732761518, 0.7205071915945591, 0.012992064091807292, 0.06007378688601837], [0.1499604369380679, 0.7615701825227575, 0.017632921400472797, 0.07083645903870173], [0.5125971898364267, 0.08499785290186623, 0.0389150110131141, 0.36348994614859303], [0.36237681988361137, 0.074781442419604, 0.4726388296798741, 0.09020290791691056], [0.5581843110834293, 0.05883277426135279, 0.313117823748924, 0.069865090806294], [0.47390058455384615, 0.0904465984818544, 0.054858770011621066, 0.38079404685267837], [0.8059416026620451, 0.09777245924540853, 0.015230078645801996, 0.08105585934674438], [0.744153546658655, 0.14202518521649468, 0.022123382985036473, 0.0916978850398139], [0.44452052393259334, 0.0681702033550812, 0.02145082273127384, 0.4658584498810516], [0.6732579318522653, 0.08831290702429387, 0.13678219607336486, 0.10164696495007591], [0.974245832389971, 0.008298247510726081, 0.004802670089545806, 0.01265324990975716], [0.9449826986051223, 0.013907432425238543, 0.005036951926620343, 0.03607291694301882], [0.9772141759131657, 0.010040090607696946, 0.003014590414913154, 0.009731142964224119], [0.9696963360748786, 0.012398968362879388, 0.004706131726688421, 0.01319856373555361], [0.9383173295620615, 0.016144753867284947, 0.005579500287098247, 0.03995841618355528], [0.9631468446405655, 0.015567900277922585, 0.009895592714975436, 0.01138966226653644], [0.5556694061621643, 0.04088688489062191, 0.009412735349014309, 0.39403097349819943], [0.3854291496104386, 0.05055780783621252, 0.4949095322428383, 0.06910351021051056], [0.47692023877000683, 0.0397650021354974, 0.006390854538670026, 0.4769239044558257], [0.786953398360817, 0.06261014262642618, 0.09253204716411327, 0.0579044117486435], [0.41478761485632126, 0.470020586037304, 0.013543544159211362, 0.10164825484716336], [0.4727132434395953, 0.48016102279781336, 0.016430316889122172, 0.030695416773469132]], "ideal": "D", "sampled": "C", "correct": false}}
{"type": "result", "data": {"idx": 1, "options": ["all molecular bonds absorb IR radiation", "IR peak intensities are related to molecular mass", "most organic functional groups absorb in a characteristic region of the IR spectrum", "each element absorbs at a characteristic wavelength"], "probs": [[0.0070765092463449366, 0.00199603663455283, 0.9866353309308518, 0.004292123088250496], [0.0005611090700068074, 0.0004438776547153557, 0.00021297490632337442, 0.9987820382689545], [0.0026243197936310823, 0.9945869170395375, 0.0016422797471015939, 0.001146483319729873], [0.002970226868200796, 0.9934108277574979, 0.001978625894398813, 0.0016403193799024733], [0.0004652477996988812, 0.00039178131752182736, 0.0002064543455799092, 0.9989365164371994], [0.007526691968962588, 0.002295531554938987, 0.985821659873701, 0.004356116502397426], [0.00488170447854385, 0.0016098280571157407, 0.9903069650563332, 0.00320150230800715], [0.00045087060676802035, 0.0005109079094217035, 0.00024133557006225493, 0.998796885813748], [0.0012227301262556322, 0.9964662012289411, 0.0012814244021425324, 0.0010296441426606681], [0.0012209134394656185, 0.9949855413096009, 0.0017488970664701654, 0.002044648084463232], [0.000778503482652274, 0.0005350619136172295, 0.0005695692802093876, 0.998116865223521], [0.0058676270998925875, 0.001904952959636065, 0.9868007497740063, 0.005426670066465054], [0.9948708039781977, 0.0023901926418380733, 0.0007882043312145475, 0.0019507989487496991], [0.9938282055041057, 0.003018322899798537, 0.0007282069478788698, 0.002425264548216932], [0.9953746288557025, 0.0015930174782054912, 0.0009219697146925732, 0.002110383851399463], [0.9913193804074293, 0.002495958991008824, 0.0011427379467552623, 0.005041922554806591], [0.9948307979688447, 0.0021092531034324733, 0.0009507173775405126, 0.002109231450182379], [0.9934491891342475, 0.0022421711197385128, 0.000994961800204117, 0.0033136778458099114], [0.0003979601799937086, 0.00041059650897196543, 0.00022323750458271596, 0.9989682057064516], [0.008118733863068262, 0.0028499684179723902, 0.9834513784620291, 0.005579919156930214], [0.0007203062024176012, 0.0003736933665573427, 0.00036219586985412097, 0.998543804461171], [0.008509309731718467, 0.0019898171928540305, 0.9835604162617949, 0.005940456713632591], [0.0017502183390901843, 0.9957481658794685, 0.0014063557660900213, 0.0010952599153513435], [0.0015443228181834699, 0.9955935476055832, 0.0015203974904927414, 0.0013417319857405648]], "ideal": "C", "sampled": "C", "correct": true}}
{"type": "result", "data": {"idx": 2, "options": ["2", "3", "4", "5"], "probs": [[0.04244956017028564, 0.2811695943535194, 0.5591733475929616, 0.11720749778323335], [0.050289769282636614, 0.35458439981279855, 0.3833954674746644, 0.21173036332990042], [0.03509210304628713, 0.6725797427025731, 0.1754524797805321, 0.11687567437060763], [0.06044551334504751, 0.6397874926888881, 0.17766261032807937, 0.12210438353798501], [0.05141030928560664, 0.4304625916771786, 0.26108724619442536, 0.2570398527427894], [0.10065577773256201, 0.39811142681862255, 0.37399020230025043, 0.12724259304856503], [0.05740937556207475, 0.13141456805018922, 0.7104189488402375, 0.10075710744749859], [0.19825276422024674, 0.16694956521209897, 0.37622361633732426, 0.25857405413033], [0.188619139602085, 0.4668472478347166, 0.15883621808544227, 0.18569739437775612], [0.21844497183425995, 0.40178865176976297, 0.1958156081975678, 0.18395076809840927], [0.1779233164036176, 0.42682336484624306, 0.12815507863208367, 0.26709824001805565], [0.2634076636479121, 0.30318583453915915, 0.3128087953190504, 0.12059770639387832], [0.3420014977113138, 0.24633952972809736, 0.20743770895314081, 0.20422126350744804], [0.38227546780869454, 0.2710784713813557, 0.23186502203805748, 0.11478103867189222], [0.38302903348544687, 0.15967421056641595, 0.17264792010643987, 0.2846488357416973], [0.39381311513458783, 0.14487825764394185, 0.3585756229571236, 0.10273300416434673], [0.42325963935106864, 0.2161836889738668, 0.24116955335754134, 0.11938711821752322], [0.45024481372351643, 0.22289077930891063, 0.22640055387732624, 0.10046385299024671], [0.19207636092400132, 0.22456411194236875, 0.2666748841339371, 0.31668464289969284], [0.18502840397891843, 0.24898797271145984, 0.47993689770667547, 0.08604672550294623], [0.22958470658266172, 0.2642552357457643, 0.15056720742812044, 0.35559285014345354], [0.2142668451373039, 0.2708636739321786, 0.439654456343362, 0.07521502448715554], [0.30553970193101854, 0.26546267067911, 0.2493781335309831, 0.17961949375888836], [0.39209396227393545, 0.25315866248994684, 0.2234118464874112, 0.13133552864870654]], "ideal": "D", "sampled": "C", "correct": false}}
{"type": "result", "data": {"idx": 3, "options": ["The I\u2212 : IO3\u2212 ratio is 3:1.", "The MnO4- : I- ratio is 6:5.", "The MnO4- : Mn2+ ratio is 3:1.", "The H+ : I\u2212 ratio is 2:1."], "probs": [[0.28495207001470996, 0.22542105276981253, 0.2219300534811705, 0.26769682363430697], [0.28862547011393497, 0.19227067551267657, 0.2978015751003971, 0.22130227917299133], [0.2387190581083699, 0.15174249172611853, 0.3473503628509813, 0.26218808721453024], [0.2856540892537658, 0.17599099348242517, 0.2901669951933433, 0.2481879219704657], [0.25545986342290117, 0.239987988448523, 0.23260820359907122, 0.2719439444295046], [0.24291564925943127, 0.2506325728657889, 0.23545182186461155, 0.27099995591016834], [0.18186536293606972, 0.33450800166587746, 0.1790513683034509, 0.3045752669946019], [0.2260695465001757, 0.2726968011791045, 0.26431033800314246, 0.2369233142175773], [0.23320786205021374, 0.21908248448039913, 0.2482566497192372, 0.29945300365014993], [0.17558672317239385, 0.18985777450053706, 0.23262130761597793, 0.40193419461109114], [0.19880105849306176, 0.24741649993890696, 0.3176957117850138, 0.23608672968301742], [0.17406997601645868, 0.34081859408840526, 0.1796011978089379, 0.30551023198619814], [0.20256588445518836, 0.15290787130967137, 0.3844205862903362, 0.26010565784480405], [0.21608938596605115, 0.1819692281000026, 0.2566212155654886, 0.3453201702684576], [0.18781048428263794, 0.30012650486051834, 0.23011836525771381, 0.2819446454991299], [0.16194918267450947, 0.2508367225027564, 0.20472928269457102, 0.38248481202816315], [0.17313925462059826, 0.1786394225561449, 0.3443445470194121, 0.30387677570384475], [0.16434336952200146, 0.16956349952963856, 0.38212695144576786, 0.2839661794025921], [0.2336772575587041, 0.18776947908746397, 0.3095851699883774, 0.26896809326545457], [0.20700474389814671, 0.20700955697328358, 0.21694684349732007, 0.3690388555312496], [0.25178942832185514, 0.19918606276862935, 0.32331738836266144, 0.22570712044685404], [0.25579872343666316, 0.2365797275577875, 0.22224932575612044, 0.2853722231494289], [0.24410605463292617, 0.13066361064417195, 0.3442595693566119, 0.28097076526628995], [0.18094219535183775, 0.11682716184918802, 0.45490852671646603, 0.24732211598250814]], "ideal": "B", "sampled": "A", "correct": false}}
{"type": "result", "data": {"idx": 4, "options": ["always", "only for constant pressure processes", "only for constant temperature processes", "only for constant volume processes"], "probs": [[0.06095794410374863, 0.8547563155962646, 0.02790882698063367, 0.056376913219353085], [0.06418626491810418, 0.8454941163840467, 0.03278340264596994, 0.05753621595187913], [0.09207256916761776, 0.7830603747145841, 0.044872950925187775, 0.07999410509261035], [0.09974617920669483, 0.7370360841858781, 0.04290067632772888, 0.12031706017969818], [0.06753275970460511, 0.8227228446461393, 0.044289386837671293, 0.0654550087115843], [0.06773692520187516, 0.8124165715749982, 0.03150086174964747, 0.08834564137347914], [0.5471152621920518, 0.26251098315392174, 0.06637312421751045, 0.12400063033651607], [0.4862803771900825, 0.25625391148282584, 0.15064392277960145, 0.1068217884474902], [0.4936775454308192, 0.06475698057457734, 0.2812915679242452, 0.16027390597035826], [0.23541640357551827, 0.03610249558646521, 0.014586729368902538, 0.7138943713691139], [0.4784391891245311, 0.08058294773164637, 0.323731158995012, 0.11724670404881052], [0.20580081735449507, 0.040524829363704495, 0.012554011364860534, 0.7411203418169399], [0.4270373049999998, 0.2935006363918034, 0.14082303851661074, 0.13863901999158604], [0.34686464067805156, 0.2875635623644321, 0.18278644977172226, 0.18278534708579403], [0.41496674347393175, 0.08835231861993852, 0.3440228844526805, 0.15265805335344923], [0.13738554427352687, 0.04530520388281397, 0.014255921671656816, 0.8030533300720023], [0.3340936551044029, 0.11727891686460432, 0.3041985287332539, 0.24442889919773886], [0.10814226659368976, 0.05788469815907761, 0.02231654201932325, 0.8116564931279093], [0.49156166267092566, 0.24334258422271154, 0.15711382934691093, 0.10798192365945185], [0.5019905566667199, 0.264532536241781, 0.06793758272445319, 0.16553932426704593], [0.5091950107156533, 0.09419228529761989, 0.28120659731472075, 0.11540610657200599], [0.17838947761966867, 0.057017008547785186, 0.013542737629844214, 0.751050776102702], [0.4687504679427396, 0.07077126520631995, 0.25887073240987873, 0.20160753434106168], [0.18539208166656335, 0.04472815975716253, 0.02509021773474727, 0.7447895407415268]], "ideal": "B", "sampled": "A", "correct": false}}
{"type": "result", "data": {"idx": 5, "options": ["3 lines", "9 lines", "5 lines", "7 lines"], "probs": [[0.10067070049521863, 0.5442357537149498, 0.2131229591203528, 0.1419705865694787], [0.12403226278683628, 0.4262160575366522, 0.3069892250896168, 0.14276245448689476], [0.14096329894797074, 0.44104822808492106, 0.23979071913063635, 0.17819775373647184], [0.15774908190135956, 0.415624516695168, 0.2560563308919813, 0.17057007041149114], [0.10074879158576501, 0.5532371176161516, 0.21664822062049943, 0.12936587007758402], [0.08546427591860259, 0.6025990740992268, 0.1987134082852334, 0.11322324159693718], [0.2796752583894446, 0.36477480141003177, 0.1777749700502618, 0.1777749700502618], [0.27735772726146407, 0.3451863824976011, 0.23356267807532233, 0.1438932120656125], [0.24413350949628154, 0.34429363438899446, 0.23295769787359302, 0.17861515814113096], [0.25544738766976777, 0.33842301365329147, 0.24375422296470692, 0.16237537561223384], [0.30231502198660637, 0.27526872937208374, 0.28400444558396387, 0.138411802957346], [0.2929631638399432, 0.29758559324214096, 0.23175715361793703, 0.1776940891999788], [0.21595969472216106, 0.2906146005903947, 0.299836631091702, 0.19358907349574225], [0.21120968458924586, 0.25878778097425853, 0.3220631479894917, 0.2079393863470039], [0.14265640080642467, 0.4463463853684056, 0.25431701865902806, 0.15668019506614167], [0.17343833007041745, 0.3343223431776021, 0.3343190351200146, 0.15792029153196585], [0.19077115611781514, 0.38538100054199625, 0.2775760714838718, 0.14627177175631675], [0.22287277713411205, 0.36746769349880126, 0.19363946874824736, 0.2160200605188393], [0.285850252407539, 0.3670492798065015, 0.19646549489311146, 0.1506349727928481], [0.27960678098961755, 0.35346650020323583, 0.17773185138916311, 0.18919486731798352], [0.2989677666703571, 0.27222152184038223, 0.28977538879449527, 0.13903532259476542], [0.2775975722154901, 0.29092937271473157, 0.27329942174056915, 0.15817363322920922], [0.2658708134902505, 0.3012806519755541, 0.23832916076078656, 0.19451937367340888], [0.28825569149949476, 0.3068565129926908, 0.2244981229080769, 0.18038967249973753]], "ideal": "B", "sampled": "D", "correct": false}}
{"type": "result", "data": {"idx": 6, "options": ["Neutrons", "Alpha particles", "Beta particles", "X-rays"], "probs": [[0.7736777460705024, 0.15718371754696447, 0.024105019236422335, 0.045033517046110784], [0.7451915656939958, 0.16369850748967466, 0.032741881537793005, 0.05836804517853655], [0.8201293562311318, 0.10591066903819019, 0.03438432603987785, 0.03957564859080013], [0.7801741128327864, 0.1072487724540043, 0.04333254565364285, 0.0692445689595665], [0.7195434441902187, 0.09438443723725744, 0.12700821670654713, 0.05906390176597673], [0.745292864525082, 0.09624639439354674, 0.08232403046035161, 0.07613671052101964], [0.03410641380878672, 0.9075445874372642, 0.00714921372454236, 0.05119978492940675], [0.0569628310817009, 0.8772413420005439, 0.013113801753970334, 0.05268202506378481], [0.29012203213651516, 0.2901241182990821, 0.33918973800128305, 0.08056411146311973], [0.13178998967003872, 0.2349429410615467, 0.03332214615843336, 0.5999449230099811], [0.3692368323618013, 0.2498403973603807, 0.28756481834702197, 0.09335795183079595], [0.1871701347190925, 0.25583359834818736, 0.02379635557104688, 0.5331999112616733], [0.06431501609676044, 0.8740841491312535, 0.015276445671888461, 0.04632438900009756], [0.07410863938036627, 0.8481359654738785, 0.014366874764234398, 0.06338852028152081], [0.5018831787869216, 0.25236533565588387, 0.17344812013273728, 0.07230336532445727], [0.26527425248839737, 0.30059837844050435, 0.035901501236223696, 0.39822586773487456], [0.517670373653621, 0.24074149722651642, 0.15302486146108676, 0.08856326755877574], [0.36122598951616586, 0.2948270957493324, 0.05369224053771615, 0.29025467409678557], [0.05116977971842796, 0.8004374592744775, 0.05279491155209963, 0.09559784935499491], [0.03941193947504681, 0.8296074416052885, 0.020447021313680862, 0.11053359750598381], [0.09753983993881436, 0.6985607586424187, 0.11226904140178878, 0.09163035991697817], [0.06285708701407472, 0.6249990765311226, 0.01691802300319135, 0.2952258133516113], [0.09290839315431301, 0.6449182936685852, 0.13518234481730718, 0.1269909682597946], [0.08705551953881473, 0.5332850237152345, 0.05620796626321653, 0.32345149038273435]], "ideal": "A", "sampled": "A", "correct": true}}
{"type": "result", "data": {"idx": 7, "options": ["Strong oxidizing conditions", "Low-spin electron configuration", "Metallic physical properties", "Unpaired electrons"], "probs": [[0.00892719274385783, 0.0044888896966520965, 0.001991933955891508, 0.9845919835035986], [0.048026531035371654, 0.017394136311718815, 0.8647012548643428, 0.06987807768856673], [0.02485502959777361, 0.01330400099573598, 0.04362204895512559, 0.9182189203513648], [0.01725071259072422, 0.006346212317716634, 0.9272604194801815, 0.04914265551137767], [0.01824217301627484, 0.9653480918595261, 0.00601567223923995, 0.010394062784959105], [0.011848936216024, 0.9412801694392325, 0.004862824984293786, 0.042008069260449636], [0.01515126643043715, 0.0012436949928230042, 0.00124369522565364, 0.9823613432510861], [0.049432525477240134, 0.004526673061432522, 0.8492567274510807, 0.0967840739102466], [0.056027378685661995, 0.008198644005111198, 0.002833378258226998, 0.9329405989509998], [0.1009755286527962, 0.018972812738296613, 0.8323542481769842, 0.0476974103319229], [0.12406060964736668, 0.8478027664226451, 0.005893807449612893, 0.022242816380375313], [0.1314612998380907, 0.8308628664934624, 0.017515611880511036, 0.020160221687935864], [0.02808572367999711, 0.003200765484628365, 0.009118123032161238, 0.9595953877032133], [0.02202962123203323, 0.003768839124487123, 0.9367279285109105, 0.037473611032569173], [0.08320467774921975, 0.01945651661415148, 0.0028029814808106747, 0.8945358240558181], [0.12144600330211985, 0.04197077129812606, 0.8044032666731445, 0.032179958626609516], [0.008814085621528099, 0.9874280036083972, 0.0011928668618474726, 0.0025650438082272554], [0.014872956098576771, 0.9795044666430492, 0.003117564136165592, 0.002505013022208387], [0.9738575980703663, 0.0026929628093330343, 0.005612631423238546, 0.017836807597062108], [0.9400904077681443, 0.0030870882368134443, 0.005418020364535624, 0.051404483530506535], [0.982995994376535, 0.004552181102899754, 0.001701033933154352, 0.010750790487410905], [0.9702389356763359, 0.008135959603724893, 0.009219274035525183, 0.012405830584414053], [0.9590050598370513, 0.017024416512441826, 0.001766552803112083, 0.022203970747394764], [0.9619969352582747, 0.02125331063666447, 0.005373700646465197, 0.01137605335859567]], "ideal": "D", "sampled": "D", "correct": true}}
{"type": "result", "data": {"idx": 8, "options": ["1:1", "1:3", "1:6", "2:3"], "probs": [[0.1295052040910141, 0.4964534117746617, 0.14675109305629527, 0.22729029097802894], [0.12628786264587188, 0.4841203689091075, 0.2114964127329092, 0.17809535561211143], [0.1395354655453145, 0.3852768367764941, 0.26896621571922824, 0.20622148185896316], [0.13484433693861586, 0.38414324470920186, 0.2329939971033394, 0.24801842114884284], [0.11739799554065095, 0.47906733268279383, 0.21593192539338515, 0.18760274628317006], [0.10727409806062102, 0.5117868198582533, 0.14662897843193734, 0.23431010354918838], [0.26713853275671895, 0.30271335531088434, 0.2016504644654068, 0.2284976473669899], [0.2763385001892004, 0.28511638720982935, 0.23637002270704233, 0.2021750897939279], [0.19351732728930304, 0.4642337262166229, 0.13300473986726136, 0.2092442065268127], [0.2315197930319148, 0.412735980138514, 0.21749660888389616, 0.13824761784567507], [0.21536336355670804, 0.4929821082535161, 0.09860265778652283, 0.19305187030325302], [0.22534350041236348, 0.46966526788253077, 0.150113948414486, 0.15487728319061975], [0.1991381168294771, 0.2764805811891554, 0.3283291111807154, 0.19605219070065208], [0.20768474911506105, 0.28387644038114035, 0.28387629136953285, 0.2245625190342657], [0.16310557721414293, 0.4946210979920723, 0.11933268605469423, 0.22294063863909053], [0.18540500763864434, 0.48848519520858297, 0.1883279000781842, 0.13778189697458848], [0.1633762209186412, 0.5192174717556225, 0.09755827867164613, 0.21984802855409016], [0.19740013795606168, 0.4379585058580098, 0.2202196850988821, 0.14442167098704647], [0.25679326820169723, 0.2567985134105933, 0.2955743758256016, 0.19083384246210786], [0.26654242672214523, 0.2707448818786934, 0.2043690024299994, 0.258343688869162], [0.2256055509942251, 0.470212498054105, 0.09552958644586261, 0.20865236440580728], [0.223731704816746, 0.4663058975973558, 0.15619298348673938, 0.15376941399915878], [0.24027193543284622, 0.4419358869512437, 0.09557530814402763, 0.22221686937188243], [0.24897110094835875, 0.37964236884177355, 0.2338907544162365, 0.13749577569363122]], "ideal": "C", "sampled": "B", "correct": false}}
{"type": "result", "data": {"idx": 9, "options": ["T1, unlike T2, is sensitive to very low-frequency molecular motions.", "T2, unlike T1, is sensitive to very low-frequency molecular motions.", "T1, unlike T2, is sensitive to molecular motions at the Larmor frequency.", "T2, unlike T1, is sensitive to molecular motions at the Larmor frequency."], "probs": [[0.5889900878303097, 0.08224201885353138, 0.2573147694709272, 0.07145312374523169], [0.5422959246347068, 0.10846686200507327, 0.276982720511533, 0.07225449274868691], [0.5352304497536671, 0.14862981215674803, 0.18497416099584846, 0.1311655769937364], [0.4884965644512354, 0.15859383106741107, 0.15859520197422033, 0.1943144024071332], [0.29450006387045685, 0.17312956499549836, 0.43525381513258216, 0.0971165559014626], [0.4325999681606418, 0.18033628432640533, 0.23520514717141855, 0.15185860024153433], [0.46459356984157146, 0.11746857576689937, 0.3346401527481451, 0.08329770154338406], [0.4545179008983043, 0.12621603904892473, 0.3377748727460687, 0.08149118720670226], [0.3025977999443546, 0.18353665420177004, 0.42012445386394115, 0.09374109188993421], [0.34785352060573566, 0.19210508808926421, 0.2709141211886025, 0.18912727001639765], [0.34087939523271044, 0.2342854335244214, 0.27822320406829215, 0.14661196707457605], [0.3098551676835979, 0.2197231235839216, 0.17933410671547972, 0.2910876019170008], [0.5962426065802378, 0.12304282187185099, 0.18184685705273818, 0.09886771439517304], [0.6012000172192657, 0.12406601946010215, 0.1405863549902659, 0.1341476082303662], [0.4866193153946444, 0.18183784997900213, 0.226303170284492, 0.10523966424186142], [0.48254004683660534, 0.16163210252932514, 0.24646203443230336, 0.1093658161017662], [0.6401741170314355, 0.06747431583853894, 0.2429863462832838, 0.04936522074674178], [0.5438754306408866, 0.10219199111506587, 0.29570542655532983, 0.05822715158871768], [0.42590512551861326, 0.16678855814492083, 0.26239778806930036, 0.1449085281671655], [0.372965449460322, 0.1707577530756043, 0.3558936661737855, 0.1003831311902882], [0.44489547271336605, 0.15617485669370956, 0.18546338485834676, 0.21346628563457762], [0.4912096632706107, 0.15456767609015687, 0.21127076759715308, 0.1429518929420793], [0.5200557364030347, 0.08489738815049491, 0.33577896787268324, 0.05926790747378705], [0.4997099712120978, 0.09243771764735144, 0.3543535312199798, 0.05349877982057089]], "ideal": "D", "sampled": "C", "correct": false}}
{"type": "result", "data": {"idx": 10, "options": ["3.02 ppm", "5.03 ppm", "10.56 ppm", "11.30 ppm"], "probs": [[0.21589818476230216, 0.5098924256431466, 0.19353333161822797, 0.0806760578763232], [0.21830100605848504, 0.4843296317317656, 0.2183052677910306, 0.07906409431871876], [0.2078323112480898, 0.47573984727885027, 0.24681217027547847, 0.06961567109758145], [0.20535814148046944, 0.408409285253892, 0.30828677686091616, 0.07794579630472245], [0.22656364707564033, 0.44359588624300944, 0.2527555057541134, 0.07708496082723688], [0.20379060960290282, 0.3990072100733686, 0.3256644381033057, 0.0715377421204229], [0.25849061624004505, 0.46807341716809103, 0.1920976148629849, 0.08133835162887901], [0.2578127624325559, 0.4596074120328502, 0.2039507581696685, 0.07862906726492537], [0.2359166521814985, 0.43392299308243404, 0.25113748753129944, 0.07902286710476804], [0.2165721275972767, 0.41746054520528175, 0.28247045415532945, 0.08349687294211208], [0.23117287394658761, 0.4386945072253151, 0.25389931881054006, 0.0762332999175572], [0.20622164055294204, 0.4647342014395033, 0.25665294053468607, 0.07239121737286862], [0.16754690177611342, 0.6225214778553796, 0.15019070093533296, 0.059740919333174054], [0.16787470636139726, 0.6140684942338098, 0.1458544988675964, 0.0722023004371965], [0.16014560100947137, 0.6333974817716989, 0.15281463247114344, 0.053642284647686396], [0.14107780892887076, 0.6626198040652654, 0.12646347942610825, 0.0698389074797555], [0.25719981616548193, 0.33545591424162635, 0.3251377246907739, 0.08220654480211782], [0.26540978949366933, 0.3627769838573259, 0.2869824979321524, 0.08483072861685237], [0.16352983548480385, 0.6171641625069196, 0.16099741282927696, 0.05830858907899953], [0.1630351607245628, 0.5871194294265196, 0.18188199940610547, 0.06796341034281207], [0.14477176012035986, 0.6387715576982822, 0.16150734428591285, 0.054949337795445106], [0.13510564874215036, 0.644561393502365, 0.15550832001483203, 0.06482463764065263], [0.21842494304771704, 0.4210298609958631, 0.2939290163132233, 0.06661617954319654], [0.21198795191260023, 0.5006554350049267, 0.22566425316748548, 0.061692359814987614]], "ideal": "D", "sampled": "B", "correct": false}}
{"type": "result", "data": {"idx": 11, "options": ["[The polarization relaxes exponentially: p(t) = [p(0) - peq]exp(-t/T1) + peq.]", "72.0 s", "56.6 s", "12.7 s"], "probs": [[0.5465423525309411, 0.08513629530788781, 0.32130515931282383, 0.047016192748347285], [0.533520797849053, 0.05536181519087477, 0.37246909528741057, 0.0386482915726616], [0.6490590169096332, 0.12195618812879834, 0.16669606167485482, 0.062288733186713664], [0.5989207841540483, 0.05747756369910581, 0.3059073492562898, 0.03769430279055612], [0.7096284204233301, 0.09455006750174187, 0.1375712819217391, 0.05825023005318894], [0.7098258084106972, 0.08089535622312788, 0.1686024206067222, 0.0406764146594527], [0.015558774469511236, 0.8628708736790782, 0.09383359666346175, 0.027736755087948796], [0.01911708733751659, 0.8653203940865879, 0.08304292800612605, 0.0325195904697695], [0.06491884395072832, 0.3049150316137625, 0.5970086276825709, 0.03315749665293828], [0.02232830607045045, 0.24767528564120384, 0.11699476135467815, 0.6130016468336675], [0.050404051546650286, 0.34445555012254286, 0.5768661568588231, 0.028274241371983668], [0.020213431234824296, 0.29703787685473504, 0.0920189045207678, 0.5907297872896728], [0.016072950021678658, 0.9196842671632663, 0.03855804131859689, 0.02568474139645813], [0.017955289549829105, 0.9066695862100851, 0.051956778507658424, 0.023418345632427402], [0.0982146371789372, 0.1203383232394164, 0.737177997347912, 0.04426904213373437], [0.022379122838964725, 0.06475724327480857, 0.14823182036163127, 0.7646318134245954], [0.06464160966107244, 0.27644297426327247, 0.6327977168061383, 0.026117699169516784], [0.019429365224183783, 0.25593504903746234, 0.06079046606498404, 0.6638451195733698], [0.011484449130008595, 0.9561234630380587, 0.01619624875690543, 0.016195838975027216], [0.011685788215096183, 0.9578012817397037, 0.01727106822207347, 0.013241861723126634], [0.09393878745275755, 0.11509929998262199, 0.7505591883338198, 0.04040272413080057], [0.03365712415537336, 0.047464987871183834, 0.41649701379156834, 0.5023808740818745], [0.09022320867678187, 0.1333446919794871, 0.7437552877894114, 0.03267681145431963], [0.027932651691983414, 0.0847060783560874, 0.14409091288899575, 0.7432703569629334]], "ideal": "B", "sampled": "A", "correct": false}}
{"type": "result", "data": {"idx": 12, "options": ["4.6 mT", "27 G", "5.4 mT", "3.8 mT"], "probs": [[0.18198336795984116, 0.13314340707610448, 0.5874643254405788, 0.09740889942347551], [0.17067992176852737, 0.1268399617890845, 0.6243370584716801, 0.07814305787070804], [0.23644927765591267, 0.40855172944916235, 0.10329850940552103, 0.25170048338940393], [0.26769468983401223, 0.29400760808649906, 0.3716631642107984, 0.06663453776869027], [0.22884232782126626, 0.4998424537015249, 0.08159743811273949, 0.1897177802644693], [0.2651486157766512, 0.37981096755217886, 0.2778777243934837, 0.07716269217768622], [0.1069192457953858, 0.534567089757737, 0.2564904853785339, 0.10202317896834324], [0.11826127197545222, 0.4979027583384721, 0.2973140820163316, 0.08652188756974412], [0.10590246634325733, 0.5294843473347334, 0.2834147597093516, 0.0811984265126577], [0.115041182884333, 0.49972126256856336, 0.2983997606277214, 0.08683779381938224], [0.11356949788592915, 0.5170033822955971, 0.2767342739230191, 0.09269284579545473], [0.11578227892171294, 0.5270769995267741, 0.23389088233863084, 0.12324983911288212], [0.21355527796364565, 0.5043552554963969, 0.08764409338286336, 0.194445373057094], [0.24449558702989457, 0.41590451998679717, 0.2727584127423526, 0.06684148014095567], [0.18195588207079783, 0.13734904908695286, 0.6060203087461337, 0.07467475999611566], [0.17188649855663615, 0.12188723318886105, 0.6287507822853172, 0.07747548586918561], [0.20905990340973038, 0.4566331411426516, 0.2642805098156329, 0.07002644553198512], [0.17831247644625084, 0.5666819087590903, 0.07669233358572164, 0.17831328110893724], [0.24071005867844872, 0.4497098848206282, 0.11916185628744595, 0.19041820011347718], [0.2910074358367657, 0.3246451092479975, 0.29559511604024424, 0.08875233877499254], [0.16898663864670782, 0.14009626388296398, 0.6085594425259764, 0.0823576548443518], [0.18004155545059813, 0.131722821610805, 0.5903484244417728, 0.09788719839682399], [0.2486897855748396, 0.2818051576332575, 0.3912511765565627, 0.0782538801353402], [0.21714150579871658, 0.43184190340727646, 0.11622920458005062, 0.2347873861139563]], "ideal": "A", "sampled": "D", "correct": false}}
{"type": "result", "data": {"idx": 13, "options": ["1:19:36:84:126:126:84:36:19:1", "1:9:36:84:126:126:84:36:9:1", "1:9:35:82:120:120:82:35:9:1", "1:8:28:56:70:56:28:8:1"], "probs": [[0.17015610887131408, 0.25543582817497296, 0.28944924902181013, 0.28495881383190286], [0.19481272412936665, 0.24244939555934308, 0.33139159284521463, 0.23134628736607563], [0.15435700577017872, 0.18046270846894907, 0.49828045060063897, 0.16689983506023323], [0.16765913615426414, 0.19601427308766312, 0.3181646513347251, 0.3181619393233477], [0.1687860761594954, 0.23070431899648086, 0.3803706410091629, 0.22013896373486086], [0.14704181252439646, 0.22421301899098353, 0.2704541682926567, 0.35829100009196324], [0.19398585582883082, 0.14192409177534712, 0.45103792315511954, 0.21305212914070254], [0.20712866504292657, 0.1358391533906267, 0.3992557644223, 0.2577764170441467], [0.16725075238008924, 0.3274633889350608, 0.16210719982190308, 0.34317865876294695], [0.1696707606145942, 0.23556599018602287, 0.35919803377374204, 0.23556521532564087], [0.19209995518789677, 0.2883777193959893, 0.20771193250199851, 0.3118103928141154], [0.17140401387276796, 0.19422733202937092, 0.4807230090398774, 0.15364564495798366], [0.18063496858913727, 0.12809064065534354, 0.5651707901316818, 0.12610360052383743], [0.20754247339419463, 0.1060029911592245, 0.3699889348072387, 0.31646560053934214], [0.19845645127696068, 0.2670544087619756, 0.18069921432118635, 0.35378992553987737], [0.19905138614043638, 0.20537129614513946, 0.38368756840173024, 0.21188974921269393], [0.18588432667780744, 0.20415511725291519, 0.1640440523460376, 0.44591650362323976], [0.1751283433132332, 0.1569850468029311, 0.5565682731990994, 0.11131833658473629], [0.18089048023529505, 0.13869447591424414, 0.4407734441085924, 0.23964159964186837], [0.18374150168213885, 0.13654602452286455, 0.42059461378147595, 0.25911785991352065], [0.20605304221080417, 0.20929926007981445, 0.26047854836724493, 0.32416914924213647], [0.18440485939313114, 0.17054791238545847, 0.37251334268560143, 0.272533885435809], [0.18358475911018945, 0.19542626452201586, 0.2671174923177424, 0.35387148395005225], [0.17885961169777687, 0.1680243512231277, 0.38461459825408595, 0.2685014387250095]], "ideal": "D", "sampled": "B", "correct": false}}
{"type": "result", "data": {"idx": 14, "options": ["spin trapping provides more structural information than direct detection by EPR", "spin trapping makes it easy to quantify free radical intermediates", "steady state concentration of free radical intermediates is often too low to enable direct detection by EPR", "detection of spin adducts requires lower power than direct detection of radical intermediates"], "probs": [[0.04466475296329612, 0.05646393132032952, 0.8695792069024194, 0.02929210871395493], [0.10042626556189341, 0.5514621405370629, 0.1876280642781942, 0.16048352952284956], [0.020817437246593302, 0.9276854593556928, 0.032243961946401355, 0.01925314135131259], [0.023093391551649786, 0.8941047920004213, 0.03156638192168688, 0.0512354344262421], [0.03581601247518676, 0.7657935333308132, 0.10693002092774738, 0.09146043316625262], [0.029312808888932524, 0.7560033529910234, 0.11237097132749609, 0.10231286669254797], [0.9186345414901834, 0.011746371262200255, 0.06154612502763668, 0.008072962119979626], [0.9429587599062581, 0.015481859291305812, 0.012635906861147099, 0.028923473841289016], [0.0449975889374993, 0.9471999050206436, 0.0034161921057146265, 0.0043863138361424905], [0.08747729173850317, 0.8974243072990492, 0.006436903220871227, 0.008661497641576364], [0.7286924250814877, 0.2329107075036993, 0.007846292534622667, 0.03055057478019036], [0.6818381737749403, 0.11131041061818642, 0.18351991985541982, 0.023331495651453427], [0.9966040518019704, 0.0009524313208083342, 0.0007189319650391393, 0.0017245848121821214], [0.9875754450895449, 0.0016054515299128809, 0.001580562400430683, 0.009238540880111609], [0.985347679222588, 0.012999453608430894, 0.00048096823883811163, 0.0011718988301430066], [0.9715498296920971, 0.023574571112831087, 0.0017346507408102906, 0.0031409483542615387], [0.9659953601118964, 0.02574381574863201, 0.001751921934198453, 0.006508902105273165], [0.9578204136169646, 0.020510476042308615, 0.01597361449742468, 0.005695495743302125], [0.728123445351864, 0.05884323049457018, 0.132605258094807, 0.08042806595875877], [0.5286951562104082, 0.0602547217052763, 0.3633859387536188, 0.04766418323069665], [0.8512923702216527, 0.08696784199600859, 0.011407777779154676, 0.050332009903184025], [0.04002745776937584, 0.024278504500213138, 0.9254140749533339, 0.01027996267707706], [0.20089748200408097, 0.7581966405617474, 0.014553580214809661, 0.02635229711936199], [0.26264615282907655, 0.660306727724979, 0.058606177002997584, 0.01844094234294684]], "ideal": "D", "sampled": "C", "correct": false}}
{"type": "result", "data": {"idx": 15, "options": ["6.1445 x 10^-27 J T-1", "3.1445 x 10^-27 J T-1", "9.1445 x 10^-27 J T-1", "1.1445 x 10^-28 J T-1"], "probs": [[0.4250521253392681, 0.32085205555562624, 0.1690786556318596, 0.08501716337324604], [0.42660084680374794, 0.23194351962827464, 0.2587538976615739, 0.08270173580640354], [0.4491925737941748, 0.3338172286631387, 0.15524043835221996, 0.061749759090466524], [0.42480100779461455, 0.27859664998385303, 0.21029735392826948, 0.08630498819326293], [0.3494970008231486, 0.44181312442811266, 0.15509215457951284, 0.053597720069225904], [0.34097061446920574, 0.43103499340144713, 0.1714552089407444, 0.05653918308860276], [0.33861687776040406, 0.4214234351690393, 0.12653523682282622, 0.11342445014773044], [0.2753912333298561, 0.2977745665807332, 0.33742646887920763, 0.08940773111020309], [0.2692346870629966, 0.48753103608978143, 0.15582521258226445, 0.08740906416495751], [0.25298369493749434, 0.4042743236377604, 0.24520671913272923, 0.09753526219201603], [0.18476611718114766, 0.6058362834636816, 0.14846760309618942, 0.060929996158981335], [0.1980231851141317, 0.5911988019352038, 0.15912011264163498, 0.05165790020902946], [0.470247461479715, 0.3778612784635475, 0.09116392276092444, 0.06072733719581302], [0.41670571201204143, 0.32453637102963245, 0.17922710702910213, 0.07953080982922395], [0.49043757871709437, 0.3117465856453991, 0.11649217766505167, 0.08132365787245484], [0.45546350557218407, 0.21181401923883794, 0.259521905448739, 0.07320056964023901], [0.40450317718335965, 0.34599573318914467, 0.20340188375992013, 0.046099205767575556], [0.4135501934150169, 0.3649628419254518, 0.16972456681083997, 0.05176239774869129], [0.39099747521241807, 0.42943332234846715, 0.12497320956192208, 0.05459599277719267], [0.3645632145163999, 0.45371439265499935, 0.12403949204528233, 0.05768290068331843], [0.5034228041774689, 0.33535641928174914, 0.11058976664912121, 0.05063100979166077], [0.4691742658145938, 0.30769678947232787, 0.15963238476110586, 0.06349655985197249], [0.3842602913160251, 0.47081306573444537, 0.10505349853295634, 0.03987314431657313], [0.37935556261818854, 0.4435183505187712, 0.1311046720416271, 0.04602141472141313]], "ideal": "C", "sampled": "D", "correct": false}}
{"type": "result", "data": {"idx": 16, "options": ["I only", "II only", "III only", "I and III only"], "probs": [[0.10253473121747043, 0.11618800277756579, 0.046944251690116234, 0.7343330142148475], [0.15092715844384288, 0.16066241502142292, 0.4722159574783887, 0.2161944689563455], [0.10441196858388369, 0.11831531196115976, 0.0525021709730498, 0.7247705483819068], [0.14120790150529844, 0.18417122683812412, 0.4418066375736661, 0.23281423398291134], [0.12324562381635565, 0.5972361190480339, 0.09158942443667226, 0.18792883259893822], [0.11484164889579325, 0.5310274085080684, 0.11848865575335235, 0.23564228674278598], [0.28264315228954856, 0.18828261264571555, 0.06306694071455303, 0.46600729425018284], [0.3297675697071802, 0.2231343041048271, 0.2649805067950974, 0.1821176192928953], [0.27109837529332476, 0.17232236264412945, 0.13007578252445276, 0.4265034794380931], [0.2644096533865671, 0.16807087753311306, 0.34486125868503986, 0.22265821029528], [0.23747049195004002, 0.494936614877358, 0.12128988630094502, 0.14630300677165695], [0.27110202885977297, 0.3944562794861795, 0.11660159601886141, 0.21784009553518613], [0.158267833490794, 0.11946828495666664, 0.03476742450536503, 0.6874964569471743], [0.27069624852369933, 0.21082061212904146, 0.32652821647048724, 0.19195492277677192], [0.16839540504903686, 0.1581946360368676, 0.06698394020674167, 0.6064260186073539], [0.21573849867396364, 0.18167218022698847, 0.40306131826598146, 0.19952800273306645], [0.20609348595059113, 0.5262843048343544, 0.11205291586269783, 0.15556929325235663], [0.23964513719064967, 0.47659730690887164, 0.08816217039046566, 0.195595385410013], [0.546597819467201, 0.22432595670408542, 0.08648569035303676, 0.14259053337567684], [0.48851923900986693, 0.2418374206173463, 0.1008131825120619, 0.1688301577607248], [0.48493497836307703, 0.26780983403910585, 0.10164946165186733, 0.1456057258459498], [0.4725104553531238, 0.22671626367186884, 0.10379852972175983, 0.1969747511532475], [0.48649565991403493, 0.25636894196370075, 0.1155549780412712, 0.14158041998099313], [0.5129704130916395, 0.22410368904515304, 0.09638609089874856, 0.1665398068644589]], "ideal": "D", "sampled": "D", "correct": true}}
