{"type": "result", "data": {"idx": 0, "options": ["It is hard not to verify in our peers the same weakened intelligence due to emotions that we observe in our everyday patients.", "The arrogance of our consciousness, which in general, belongs to the strongest defense mechanisms, blocks the unconscious complexes.", "Because of this, it is difficult to convince people of the unconscious, and in turn to teach them what their conscious knowledge contradicts.", "It is difficult to convince people of the unconscious, and in turn to teach them what their conscious knowledge contradicts."], "probs": [[0.02731679752195895, 0.01819710060772123, 0.03562793135286726, 0.9188581704174525], [0.049420165976122185, 0.03450115230341369, 0.45446178041096447, 0.4616169012094996], [0.03841564649644269, 0.40030428057124723, 0.01413241015799303, 0.547147662674317], [0.07354096925231525, 0.5606518846723869, 0.14625419383371727, 0.2195529521415806], [0.02082800890181933, 0.3207566478619309, 0.01047303074507496, 0.6479423123911747], [0.07788461552727133, 0.4344092549060855, 0.3228243622526462, 0.16488176721399692], [0.1339511200996901, 0.04486863937908842, 0.22084907929155162, 0.6003311611296699], [0.14081359926200535, 0.04643593944918379, 0.3652446445189183, 0.44750581666989253], [0.11305956886298647, 0.394620672764296, 0.02369872955317017, 0.4686210287195473], [0.3826246857260503, 0.27993595597328813, 0.159502252920413, 0.1779371052802486], [0.18646478859480095, 0.32218560933287527, 0.05097689163521779, 0.440372710337106], [0.40346377182150994, 0.19663409447266564, 0.2861000533242514, 0.11380208028157304], [0.35232774193224353, 0.006869338021892522, 0.0028191609867929653, 0.637983758959071], [0.7243769635996393, 0.009262182584986102, 0.2542807414581652, 0.012080112257209397], [0.2496572328655534, 0.013651467162264817, 0.0029065521000503796, 0.7337847477721314], [0.8759685656002917, 0.019352732008033648, 0.08021469323785109, 0.02446400905382362], [0.9101236026684052, 0.06490720922711084, 0.009063069868111227, 0.015906118136372733], [0.9115507729122272, 0.0582736813163833, 0.011839009054297517, 0.018336536617092024], [0.6777952473713095, 0.007529648198930117, 0.004357819082826813, 0.3103172852469335], [0.9230168221575115, 0.0066203566026258685, 0.06087962400165153, 0.00948319713821116], [0.7484176785664701, 0.018736340552889384, 0.004591530773409638, 0.22825445000723088], [0.8390153921305019, 0.014436096331635477, 0.13069362438053664, 0.015854887057326014], [0.9385292620899002, 0.04123622218943446, 0.007054683354978155, 0.013179832265687235], [0.9464075572111624, 0.031882299278410305, 0.007339720616101069, 0.014370422794326161]], "ideal": "D", "sampled": "D", "correct": true}}
{"type": "result", "data": {"idx": 1, "options": ["Tdc", "Tcd", "Tcc", "dTc"], "probs": [[0.08278869775012233, 0.6117367698256123, 0.14082983029842364, 0.16464470202584172], [0.08712880961685385, 0.5954249944259099, 0.10843486400614122, 0.20901133185109508], [0.08212329568821454, 0.12328279200874948, 0.6769583921494394, 0.11763552005359652], [0.10847693339682157, 0.3669771986451783, 0.26022524608398634, 0.2643206217740138], [0.12352765175003948, 0.15135115746004152, 0.553620118322732, 0.17150107236718706], [0.14301659803053499, 0.2889049476748914, 0.2249988779201291, 0.3430795762744446], [0.10954325552937225, 0.3270389334255608, 0.38836862967712016, 0.1750491812679468], [0.11148756572708797, 0.4014872877169487, 0.2435137876725193, 0.24351135878344402], [0.09761954988486225, 0.23786729926274716, 0.5035662725595668, 0.16094687819282386], [0.09900694789471745, 0.436844604065704, 0.18210350922600785, 0.28204493871357067], [0.08258285563920358, 0.11112880705557161, 0.6495738785350074, 0.15671445867021744], [0.11499349626459969, 0.25914530314906636, 0.3275901845748309, 0.298271015911503], [0.0682416290680606, 0.3689145014325941, 0.43130507008762314, 0.13153879931172216], [0.06119985102249289, 0.5806554283732346, 0.1445361456430045, 0.213608574861268], [0.04701058921116397, 0.6001968956876237, 0.20104071421013267, 0.15175180079107972], [0.04175389619877473, 0.6738820771777589, 0.07560742758363537, 0.20875659893983092], [0.07293450614275832, 0.16181438677438062, 0.5223421298237199, 0.24290897715914117], [0.07732077057364403, 0.15377281833798984, 0.545171268902908, 0.22373514208545806], [0.06581619773541549, 0.39077382624853946, 0.3342465063146194, 0.20916346960142562], [0.06414641343687634, 0.48145099752125203, 0.20069846209816147, 0.25370412684371013], [0.060884996335303955, 0.45697283059299704, 0.2523643634608693, 0.2297778095108297], [0.050324243494385246, 0.603577148175551, 0.11700892665201314, 0.22908968157805065], [0.08473098024680345, 0.15830005232002678, 0.5439555482333672, 0.21301341909980256], [0.08544589623025288, 0.22866773219098016, 0.48409019908689305, 0.20179617239187392]], "ideal": "A", "sampled": "B", "correct": false}}
{"type": "result", "data": {"idx": 2, "options": ["Some large houses are bigger than some apartments.", "Some houses are bigger than all large apartments.", "Some large apartments are bigger than some houses.", "Some houses are bigger thatn some large apartments."], "probs": [[0.24604899078908296, 0.2876699139931759, 0.2422439794487117, 0.22403711566902942], [0.2381775421480684, 0.30583153784950057, 0.19439910971370458, 0.2615918101887264], [0.2356232956839896, 0.3428404782149296, 0.15453097913497535, 0.2670052468661055], [0.2732805866731027, 0.3564318961080332, 0.1175391805421118, 0.25274833657675233], [0.27626279405368603, 0.22548249697639508, 0.2219872656538715, 0.27626744321604735], [0.3334314077802986, 0.21528288192158798, 0.22916858920407063, 0.22211712099404277], [0.20253513147787075, 0.39040817643051834, 0.1627464245768633, 0.24431026741474757], [0.21358399727545166, 0.3990340053348264, 0.14910836960697307, 0.23827362768274885], [0.1984578743953032, 0.44724546192414955, 0.12227024426316987, 0.23202641931737733], [0.19817984988107662, 0.46079107194067387, 0.11292203274381594, 0.22810704533443354], [0.23729937836983273, 0.37920864127697196, 0.16056724608874604, 0.22292473416444927], [0.22439322360328512, 0.4063294049841904, 0.14488152510498675, 0.22439584620753775], [0.20716958001153749, 0.29676593558407866, 0.19462429315144905, 0.3014401911529348], [0.2523680031047223, 0.32405266162492813, 0.15069893001003082, 0.27288040516031875], [0.23989832041400297, 0.2634858151487404, 0.2117180643508005, 0.2848977999864561], [0.23668212480913703, 0.2519517167569063, 0.21216521522768964, 0.299200943106267], [0.313153186801148, 0.20860830568994082, 0.21862042599579268, 0.2596180814131185], [0.2816114723400792, 0.2125744670416927, 0.20603500304545944, 0.2997790574727687], [0.27100780199726665, 0.297648157184636, 0.1921768308659418, 0.23916720985215553], [0.2627284667987077, 0.3321255247185982, 0.16963352740298956, 0.23551248097970454], [0.27928239936665544, 0.2503507509681795, 0.23518379731162345, 0.2351830522535416], [0.26963609052530546, 0.2654598017447997, 0.23063644420826107, 0.23426766342163374], [0.2620379782675714, 0.37535884229714245, 0.12770976886126442, 0.2348934104740217], [0.2334781989286505, 0.38494698930170584, 0.13303456303791567, 0.248540248631728]], "ideal": "C", "sampled": "C", "correct": true}}
{"type": "result", "data": {"idx": 3, "options": ["Valid", "Invalid. Counterexample when G and H are true", "Invalid. Counterexample when G is true and H is false", "Invalid. Counterexample when H is true and G is false"], "probs": [[0.04846461435148565, 0.723404876181359, 0.08116342780862378, 0.14696708155853166], [0.0523315173806119, 0.7001954085526615, 0.08628061862890639, 0.1611924553378202], [0.03717491278211727, 0.8461057259229421, 0.042788310400234966, 0.07393105079470565], [0.03955676435698451, 0.8726156418092816, 0.06420721160877821, 0.023620382124955614], [0.03853421055681346, 0.823906193656416, 0.04366523884305376, 0.09389435684371678], [0.03981452180984397, 0.8646847266490258, 0.07209504609862373, 0.023405705342506432], [0.6857861824706893, 0.10035350097939057, 0.12104917226229707, 0.09281114418762301], [0.6711047591091778, 0.09518366731572502, 0.14288733046804503, 0.0908242430070522], [0.5793344973938488, 0.155927121623659, 0.13547128437594871, 0.1292670965065435], [0.6074021276998451, 0.1039149432103746, 0.14885083885937037, 0.13983209013040993], [0.5576786398329956, 0.16229514776037418, 0.14547984300589117, 0.1345463693007391], [0.5928153991106403, 0.10966056584215284, 0.15224818883803903, 0.1452758461091678], [0.8494643531289335, 0.056910909191720656, 0.03398298591162286, 0.059641751667722946], [0.884137213460344, 0.04200301409817575, 0.057411238420965474, 0.01644853392051478], [0.7679228586342418, 0.06923079105977965, 0.0902936207565922, 0.0725527294493863], [0.7359146961442629, 0.055868147965623845, 0.14491058668668472, 0.06330656910342854], [0.8414815914230956, 0.06191693802801309, 0.07586201505683256, 0.02073945539205865], [0.786414125837352, 0.08419320511962294, 0.039769957663650546, 0.08962271127937448], [0.8624055643438978, 0.05343583761710412, 0.02815865428588633, 0.055999943653111735], [0.8944176667813746, 0.03868888046511865, 0.05288134280126496, 0.014012109852241852], [0.761032836682231, 0.0719022990371424, 0.08809618847896276, 0.07896867570166385], [0.7358203824096313, 0.05854182077373751, 0.13825694648721173, 0.06738085022941942], [0.8571565661262569, 0.06112984931631627, 0.06307014453198495, 0.018643439925441825], [0.7955565119154129, 0.08925947765308921, 0.03133295442094874, 0.08385105591054917]], "ideal": "A", "sampled": "D", "correct": false}}
{"type": "result", "data": {"idx": 4, "options": ["If it's not the case that both Izzy plays Minecraft and Ashleigh stops by then Russell makes dinner.", "If it's both not the case that Izzy plays Minecraft and Ashleigh stops by then Russell makes dinner.", "Izzy playing Minecraft and Ashleigh stopping by entails that Russell makes dinner.", "Russell's making dinner is a sufficient condition for Izzy not playing Minecraft and Ashleigh stopping by."], "probs": [[0.31882785322333607, 0.21912904592070448, 0.25619010969564926, 0.20585299106031016], [0.3082574995524633, 0.21520008785957087, 0.23268829977236768, 0.24385411271559818], [0.3777099903699044, 0.14114108890583973, 0.2941671951441925, 0.18698172548006345], [0.3669557707745854, 0.12291557798481095, 0.16540177780977564, 0.34472687333082797], [0.24668420481175668, 0.12022517441165459, 0.4608763983254241, 0.17221422235116463], [0.32429209831529576, 0.14847281794959952, 0.20293902161087277, 0.32429606202423195], [0.26085260896536794, 0.3510186128119076, 0.18497494136890166, 0.2031538367538228], [0.2568930310679966, 0.3298594554970777, 0.17934226453471072, 0.233905248800215], [0.2699316481965805, 0.1160970794456894, 0.44505152765013034, 0.16891974460759973], [0.3103412893002444, 0.10075367685879022, 0.15124944890269762, 0.4376555848382678], [0.19856793140887727, 0.10796024086199177, 0.5314050039129896, 0.16206682371614137], [0.24641584246007806, 0.12390669625175577, 0.1318977565083143, 0.4977797046798519], [0.22018247512489417, 0.32541250694399604, 0.2307532842114293, 0.22365173361968047], [0.20860599290141554, 0.37774083577403217, 0.12852049064126617, 0.2851326805832861], [0.2234429352226053, 0.2612343352403971, 0.30541606824276224, 0.20990666119423534], [0.20846200856085148, 0.33312468724720273, 0.13045386579955828, 0.3279594382923875], [0.20551293473832244, 0.2153775329559976, 0.33883871615005523, 0.24027081605562475], [0.19894801975442236, 0.225439705664034, 0.32801519843590754, 0.2475970760456361], [0.359802538719518, 0.12630376030279145, 0.3542313820629032, 0.15966231881478735], [0.4497974611459535, 0.13296093941069984, 0.22973688407611265, 0.18750471526723403], [0.2968155399142588, 0.16912205263589306, 0.38712745324186354, 0.14693495410798463], [0.3822047880895351, 0.20458097178295248, 0.17774335342701145, 0.23547088660050097], [0.2622847200157159, 0.12008387325805904, 0.4257385933180902, 0.19189281330813482], [0.2639382798999232, 0.12467684688421683, 0.41524127430966495, 0.196143598806195]], "ideal": "B", "sampled": "A", "correct": false}}
{"type": "result", "data": {"idx": 5, "options": ["Some houses are smaller than all apartments.", "Every house is bigger than every apartment.", "Some apartment is smaller than every house.", "Some houses are bigger than every apartment."], "probs": [[0.1703390215684664, 0.40229416172171417, 0.11891771799433568, 0.30844909861548375], [0.21334438878118236, 0.22011932072466855, 0.39240806121454347, 0.17412822917960563], [0.18347976006343436, 0.1863723136970404, 0.23559592747740793, 0.3945519986621173], [0.2624267534967162, 0.20438078076440583, 0.2624308066128625, 0.27076165902601546], [0.20560719070762684, 0.3086581825901364, 0.25991615650438865, 0.22581847009784814], [0.18060638008695798, 0.36484116312193265, 0.15208815036683312, 0.3024643063242763], [0.29954777359662466, 0.264355375480718, 0.10191791641182266, 0.3341789344108347], [0.30223095864359617, 0.20133203566045937, 0.3371705462769841, 0.1592664593189603], [0.3087595494903184, 0.16527030362831796, 0.1815136128933595, 0.3444565338880041], [0.31225700113800886, 0.17516327424572478, 0.29796446254744113, 0.21461526196882524], [0.3008744120296965, 0.3463106453072421, 0.1585527360280748, 0.19426220653498663], [0.29044242441386836, 0.37294357254015664, 0.10685012380307073, 0.22976387914290425], [0.16481196878692456, 0.27173355219031015, 0.2252751588596136, 0.33817932006315166], [0.2162812831227458, 0.26088887839225056, 0.20318067374553012, 0.31964916463947346], [0.18402685497391033, 0.34381300719835933, 0.19589850596463462, 0.2762616317630957], [0.21192685941831654, 0.25167327741738815, 0.28076260860790647, 0.25563725445638885], [0.19537293909026496, 0.2712527811255999, 0.21125185487542023, 0.3221224248087149], [0.20771895094933845, 0.26258580459030023, 0.25450713956833765, 0.27518810479202366], [0.3672745312520412, 0.20283136395302964, 0.2564035623238123, 0.17349054237111688], [0.36562108989874065, 0.2149409353518122, 0.14772656558466887, 0.2717114090647783], [0.3993060230912906, 0.26187496984552766, 0.15883555770067148, 0.17998344926251028], [0.3481459280609082, 0.3120817476259827, 0.1078526755949794, 0.23191964861812975], [0.3680139701006737, 0.14638803280248847, 0.2163477966776386, 0.26925020031919916], [0.3935183227634552, 0.13813988657195975, 0.27046560835420086, 0.1978761822103842]], "ideal": "D", "sampled": "D", "correct": true}}
{"type": "result", "data": {"idx": 6, "options": ["Valid", "Invalid. Counterexample when K and L are true", "Invalid. Counterexample when K is true and L is false", "Invalid. Counterexample when L is true and K is false"], "probs": [[0.04581980952994503, 0.7629748895567489, 0.054412684365158046, 0.13679261644814808], [0.04742269129162114, 0.7535040833512427, 0.061851191107495644, 0.13722203414964043], [0.03690685882716795, 0.8532318289172277, 0.03413345829702427, 0.07572785385858005], [0.037941191745413536, 0.8909557872959323, 0.049484826012619734, 0.02161819484603447], [0.035332191626305985, 0.8695088322764344, 0.031180729555461785, 0.06397824644179781], [0.033108430460734035, 0.9089543269788201, 0.039936537883140825, 0.01800070457730511], [0.7078785684629137, 0.11026714412459317, 0.09731019742379438, 0.08454408988869867], [0.6921792029642293, 0.10614997892510354, 0.12028343974341141, 0.0813873782672557], [0.5748471363712968, 0.13868957093101075, 0.1621438659353157, 0.12431942666237672], [0.6029119817498025, 0.09689741892602258, 0.152440570915569, 0.14775002830860587], [0.5672502343720857, 0.13901182553360217, 0.17849407928098057, 0.11524386071333162], [0.6005980788882568, 0.09804559950904292, 0.1495012447237108, 0.1518550767789895], [0.8306501135598907, 0.07258189144383724, 0.032715147758051885, 0.06405284713822018], [0.8565883582048425, 0.054760139172719456, 0.07142056976345369, 0.017230932758984407], [0.727051285099224, 0.0754431141630038, 0.12438421413489889, 0.07312138650287325], [0.7195566731070895, 0.05724790563797887, 0.15082774717727587, 0.07236767397765574], [0.7663831909899037, 0.07128515279696332, 0.13527506941294007, 0.027056586700192883], [0.7597784257706729, 0.08524527241097894, 0.04026691167646846, 0.11470939004187973], [0.851486154036929, 0.06669397900241933, 0.026528980808135497, 0.055290886052516246], [0.8790085696464114, 0.0511646745067122, 0.054464424589810795, 0.015362331157065647], [0.7316615635293824, 0.0680556004281504, 0.13534425298517713, 0.06493858295729005], [0.7312203287618605, 0.0555118063673252, 0.13739268179076922, 0.07587518298004507], [0.7840059921850991, 0.05951909664871005, 0.1320485013214279, 0.024426409744762942], [0.7775290607628538, 0.07579269259410149, 0.03811085968828563, 0.1085673868547591]], "ideal": "D", "sampled": "D", "correct": true}}
{"type": "result", "data": {"idx": 7, "options": ["The university increases financial aid.", "The university does not increase financial aid.", "The board of trustees prevents it.", "The president fails to approve it."], "probs": [[0.012925994569143362, 0.8783057919027161, 0.010225411493961367, 0.09854280193417915], [0.01063354534193158, 0.927755207169629, 0.006759169731144961, 0.05485207765729448], [0.028886996798601197, 0.02180516950541401, 0.8575051601725068, 0.09180267342347799], [0.006285552988781752, 0.005050625192975183, 0.011031565356522624, 0.9776322563617205], [0.018800835347582034, 0.01088113404529774, 0.9346403457093114, 0.03567768479780884], [0.004165221945312351, 0.00304735848356909, 0.0049463478015718725, 0.9878410716695467], [0.5998440764145827, 0.09056347436140484, 0.05160168512107236, 0.2579907640029401], [0.7295614208459921, 0.10510375703178745, 0.04052128491438708, 0.12481353710783344], [0.7138006090404059, 0.09812409429761022, 0.03609804063674435, 0.15197725592523958], [0.6192911312802072, 0.08783466433477229, 0.17468024918687142, 0.11819395509814905], [0.7786278301882217, 0.09899173152183406, 0.027922057236667037, 0.09445838095327723], [0.6708502915005637, 0.07887981302308274, 0.0752677792428416, 0.17500211613351194], [0.039387046553222387, 0.008926924150905569, 0.8825596405696525, 0.06912638862621956], [0.010532033533533094, 0.003473135685279865, 0.037927507636367895, 0.9480673230448191], [0.29262856827591893, 0.5298849018017766, 0.023281827998253967, 0.15420470182405047], [0.2989075735075249, 0.5084618849773092, 0.07557653522366702, 0.1170540061914989], [0.011243048181068934, 0.016105036735717865, 0.0069267062040325135, 0.9657252087791807], [0.2276468910355894, 0.12377022474863571, 0.5376363836734309, 0.110946500442344], [0.016359816073249017, 0.00583330380516651, 0.950834136117506, 0.02697274390407842], [0.005502065037822302, 0.0019927343311570782, 0.007520470110941385, 0.9849847304200793], [0.09167444944106146, 0.8563009126898655, 0.013207182631253268, 0.03881745513781975], [0.10720418977851234, 0.7921410084149691, 0.037632643611949804, 0.06302215809456865], [0.004941184258416398, 0.003672010635402192, 0.004569885026148693, 0.9868169199800327], [0.10783173084434419, 0.05173846693278036, 0.7602959304067207, 0.0801338717161547]], "ideal": "B", "sampled": "B", "correct": true}}
{"type": "result", "data": {"idx": 8, "options": ["E \u2283 F", "F \u2283 G", "H \u2283 ~E", "~H"], "probs": [[0.14590224024340073, 0.05284265584242456, 0.6641922916325015, 0.13706281218167324], [0.15752083143320542, 0.08045446152587697, 0.1390125776081031, 0.6230121293328145], [0.26050415632503904, 0.35606870051637984, 0.12696060537022325, 0.25646653768835787], [0.26980530242943584, 0.34106739912998874, 0.13566767688733242, 0.253459621453243], [0.19651752488751784, 0.09728393594003001, 0.06183740799437404, 0.6443611310780781], [0.22806131196950058, 0.07759443958797115, 0.547096332372268, 0.1472479159702603], [0.15471348626000744, 0.0730820319901946, 0.631335754073183, 0.14086872757661492], [0.17314513355024072, 0.11534060508300721, 0.13484675276703642, 0.5766675084997156], [0.18629771228267972, 0.5561854615673733, 0.10782183683625886, 0.14969498921368815], [0.17894167929675375, 0.5342237273185128, 0.0872099833518976, 0.19962460993283587], [0.23882004682894228, 0.13189012514880896, 0.18311132887491352, 0.44617849904733525], [0.1599617200918489, 0.07210085755166194, 0.6630317169668362, 0.10490570528965294], [0.44158634209995556, 0.12455604131350068, 0.12072405127924396, 0.3131335652072998], [0.44788806958654825, 0.11502784318030206, 0.15238751242443668, 0.28469657470871296], [0.44543635176978075, 0.08635237683457318, 0.21041093451048465, 0.2578003367851614], [0.41313175901855403, 0.08934655372450932, 0.1496275122920371, 0.3478941748648995], [0.4970034993464711, 0.09485530177937579, 0.19769574847103893, 0.2104454503031142], [0.48398234618751834, 0.10466899444616677, 0.1131743839198895, 0.2981742753464254], [0.27396683024719687, 0.13776022758954962, 0.06018315874188847, 0.528089783321365], [0.37081570040901823, 0.11852059169990521, 0.3026539976182566, 0.20800971017281988], [0.23866241033465824, 0.11814759101502174, 0.12189801962792837, 0.5212919789223917], [0.1851054473891245, 0.06916933482469852, 0.6262118872892972, 0.1195133303968798], [0.3530543849429408, 0.24265205090754766, 0.16164173665938844, 0.2426518273901231], [0.33767841985133035, 0.22848590354996767, 0.10139039525156605, 0.3324452812471359]], "ideal": "D", "sampled": "C", "correct": false}}
{"type": "result", "data": {"idx": 9, "options": ["L", "~L", "L \u2022 ~L", "L \u2228 ~L"], "probs": [[0.1600731694508277, 0.03628018721917291, 0.10831152202809524, 0.6953351212019041], [0.11846443722695542, 0.02522283172374414, 0.6207179872269586, 0.23559474372234182], [0.13538563250141505, 0.07360905408123163, 0.03587400912879785, 0.7551313041885555], [0.17233993368124037, 0.09819790866283944, 0.45406208114348234, 0.2754000764124378], [0.1433785791531513, 0.34936816915200536, 0.04441712597683883, 0.4628361256180045], [0.13105735669678273, 0.5432241164805707, 0.04389935149928592, 0.2818191752233607], [0.11734824274846964, 0.05900743428425096, 0.14834286768400579, 0.6753014551832736], [0.11558844018776668, 0.05129283236244552, 0.5601344641467951, 0.2729842632029926], [0.11552323085118553, 0.2859272765055204, 0.04741119024470157, 0.5511383022985925], [0.13085563799721026, 0.28138876422910464, 0.20910907900247303, 0.37864651867121213], [0.09481911324946435, 0.5288659909998528, 0.04014949857731442, 0.33616539707336845], [0.11200576435369501, 0.5688195527391774, 0.05048557107093481, 0.2686891117361928], [0.13559113795123331, 0.04471392300649427, 0.027120274264789804, 0.7925746646774826], [0.2133041689590829, 0.06925070772183682, 0.5708430792251443, 0.1466020439939359], [0.16395298951767368, 0.0905448486131985, 0.03330951519003998, 0.7121926465790879], [0.22750712286295044, 0.08909445587006565, 0.3523747157837755, 0.3310237053832084], [0.13560965958989304, 0.6886935387316132, 0.04008676945956255, 0.1356100321189312], [0.1493782903618107, 0.5816519476507078, 0.05162454588286457, 0.21734521600461693], [0.45029847467513606, 0.09438962952177678, 0.07014401047291235, 0.3851678852301748], [0.5349590538670538, 0.10534158622128227, 0.10700002578320887, 0.252699334028455], [0.4075189484898146, 0.1475961191700758, 0.05602104526174464, 0.38886388697836494], [0.4533714932741911, 0.1860663734709432, 0.05854831986084594, 0.3020138132940198], [0.3727720566385128, 0.29953687487417596, 0.07936899126662882, 0.24832207712068236], [0.3768402737160043, 0.22502638713862774, 0.10464652080885926, 0.2934868182365087]], "ideal": "D", "sampled": "D", "correct": true}}
{"type": "result", "data": {"idx": 10, "options": ["(\u2200x)[Kx \u2283 (\u2200y)(Py \u2283 Lxy)]", "(\u2200x)[Kx \u2283 (\u2200y)(Lxy \u2283 Py)]", "(\u2200x)(\u2200y)[(Kx \u2022 Py) \u2283 Lyx]", "(\u2200x)[(Kx \u2022 (\u2200y)(Py)) \u2283 Lxy]"], "probs": [[0.11398570917811827, 0.20005359946000367, 0.3456613925147932, 0.3402992987470848], [0.1256790533131416, 0.17178476321262298, 0.45259407440701716, 0.24994210896721827], [0.147074675719653, 0.23138302673272948, 0.46740979145801215, 0.15413250598960535], [0.1382774474308547, 0.15669015748827073, 0.5555192479912895, 0.1495131469895851], [0.0700367583247977, 0.5595621215933334, 0.11018421007257605, 0.2602169099092928], [0.07438273425447588, 0.6326116699904396, 0.07438338990560742, 0.21862220574947705], [0.10638831744979216, 0.21158086147974564, 0.3543315046647467, 0.3276993163057154], [0.12380429732144727, 0.1424994426078322, 0.4458427593905103, 0.2878535005802102], [0.13496139360759632, 0.2684048355911341, 0.4637653943818821, 0.13286837631938744], [0.14795271609875074, 0.22210491529553605, 0.4486673042126661, 0.18127506429304713], [0.10153458708896397, 0.42085297637387736, 0.2592798989966542, 0.21833253744050443], [0.11354227024545506, 0.4855621311905561, 0.1327453364971055, 0.2681502619668834], [0.19819633070047596, 0.2667046705603724, 0.3069764879939994, 0.22812251064515224], [0.16527290135595915, 0.2682663063893455, 0.44926529815861915, 0.11719549399607614], [0.21097388861453797, 0.266698330614123, 0.27949824926442385, 0.24282953140691516], [0.174255102855423, 0.35200786587056093, 0.3358902632854265, 0.1378467678885896], [0.1621951436507163, 0.23233602592505206, 0.4273328418999817, 0.1781359884242499], [0.15263907609843697, 0.2556246816856344, 0.4214555918748924, 0.1702806502410362], [0.1472804971297252, 0.25848850220109243, 0.3588773852395151, 0.23535361532966723], [0.1443053462315535, 0.37430330549455865, 0.29609959873427916, 0.18529174943960874], [0.14042825158453875, 0.2542857375912453, 0.41924912214562265, 0.18603688857859332], [0.12723609803834757, 0.35684627290971943, 0.32491371032326727, 0.19100391862866573], [0.128546440802485, 0.19297300904670286, 0.5328187107737091, 0.14566183927710297], [0.11984815715205592, 0.1915188176332856, 0.5371311426474465, 0.15150188246721197]], "ideal": "A", "sampled": "D", "correct": false}}
{"type": "result", "data": {"idx": 11, "options": ["Logically equivalent", "Contradictory", "Neither logically equivalent nor contradictory, but consistent", "Inconsistent"], "probs": [[0.23590900704614604, 0.22510748280144177, 0.2758079253102084, 0.26317558474220376], [0.18915701192449927, 0.214345264627141, 0.18333912167115143, 0.41315860167720825], [0.2649320223622048, 0.33490811791099523, 0.19383020362287823, 0.20632965600392175], [0.19870140850492013, 0.2216699090129508, 0.15235100458005943, 0.42727767780206966], [0.1488105285143584, 0.23411467399940256, 0.12145678586190443, 0.4956180115243346], [0.21685305038030334, 0.21685512164183254, 0.4051401558196809, 0.1611516720581832], [0.392126554328828, 0.31020169984872, 0.14883686378843053, 0.14883488193402147], [0.399684640722872, 0.3112789713375349, 0.07509959544309695, 0.2139367923964961], [0.30938837851137646, 0.30939138854602705, 0.19061098068867316, 0.19060925215392333], [0.29216530112722244, 0.33107009013188893, 0.14922526098973857, 0.22753934765115003], [0.4303752481507033, 0.18801967797783348, 0.15832830963935668, 0.22327676413210654], [0.41059841477942005, 0.16079423840839344, 0.2822037254825042, 0.14640362122968226], [0.4638718068135829, 0.1553794294440339, 0.19037528334144374, 0.19037348030093945], [0.45339165086719974, 0.13827829933519858, 0.1803490736744177, 0.227980976023184], [0.43684097845649, 0.22663306989243243, 0.13962500245776743, 0.19690094909331016], [0.4410954779108664, 0.13879879024427128, 0.21497607549329692, 0.20512965625156543], [0.4173891624262464, 0.24156928290257404, 0.11410954743401419, 0.22693200713716535], [0.48490264194389876, 0.17021911605469922, 0.154986656664608, 0.18989158523679397], [0.3549142751121681, 0.2152698023754425, 0.0911508866222628, 0.33866503579012663], [0.3223869526241716, 0.2550326008469582, 0.30762958752736935, 0.11495085890150081], [0.3697952141927, 0.2107062104344129, 0.14036053836016554, 0.27913803691272154], [0.3234687721147366, 0.18721157171037583, 0.3665444823245394, 0.12277517375034813], [0.34939017744830575, 0.27639362722312494, 0.18126381801367775, 0.19295237721489153], [0.3404812856809592, 0.3248935397468802, 0.137568850982674, 0.19705632348948657]], "ideal": "B", "sampled": "C", "correct": false}}
{"type": "result", "data": {"idx": 12, "options": ["E \u2283 F", "F \u2283 G", "G \u2283 E", "~~F"], "probs": [[0.3443606598140352, 0.1413261783376922, 0.20562883332189494, 0.30868432842637766], [0.3948977052010237, 0.12621742673770184, 0.18079887598135405, 0.2980859919799204], [0.327172619338869, 0.11665776060315258, 0.2628927626530478, 0.29327685730493064], [0.34544000026109506, 0.10701295732381713, 0.2230346798673755, 0.3245123624477123], [0.42969111244093633, 0.17091992750425491, 0.10864405494801636, 0.2907449050067924], [0.38544147054151306, 0.18785005246161304, 0.10213300280345368, 0.32457547409342025], [0.35121443864171265, 0.20646952090582857, 0.1419048458195879, 0.30041119453287085], [0.40140218136770156, 0.18960982841756013, 0.12434970026485925, 0.28463828984987904], [0.3337259689750126, 0.14130938472852794, 0.29915315801350373, 0.2258114881829557], [0.30180142226185636, 0.16154349330071935, 0.0906179872248746, 0.4460370971125497], [0.371797915797195, 0.14334178177993534, 0.20856186370893096, 0.2762984386139387], [0.34301687050198554, 0.11311563356093085, 0.19544668930557987, 0.34842080653150376], [0.2933903975996597, 0.19241124676346774, 0.24706204601234258, 0.26713630952453], [0.3145226976492609, 0.1968240974717055, 0.14857128925199542, 0.3400819155270382], [0.3196955478007781, 0.11399173225849595, 0.35665021728956564, 0.2096625025511603], [0.32958595925766265, 0.13110090082174242, 0.1417542184303042, 0.39755892139029075], [0.35890190185436227, 0.132033386871424, 0.25055624912157354, 0.2585084620526402], [0.37072260841250343, 0.15214494549354626, 0.13426797690842857, 0.34286446908552176], [0.31237531170664723, 0.20486197178791712, 0.1752284046121309, 0.30753431179330476], [0.3094779664279709, 0.21605187854681293, 0.10695389764706274, 0.36751625727815346], [0.31338755405465774, 0.2120498292204386, 0.21878184562034006, 0.2557807710045636], [0.28933347955432354, 0.198856836588606, 0.15730913768733892, 0.3545005460697315], [0.31641831047892466, 0.17203486941420668, 0.22790990088359595, 0.2836369191232727], [0.307141012880709, 0.1750047374338191, 0.1473692098582532, 0.37048503972721875]], "ideal": "D", "sampled": "A", "correct": false}}
{"type": "result", "data": {"idx": 13, "options": ["Valid", "Invalid. Counterexample when E, F, and G are true", "Invalid. Counterexample when E and F are true and G is false", "Invalid. Counterexample when E, F, and G are false"], "probs": [[0.07573657312820674, 0.5509492631238512, 0.24448204981738678, 0.12883211383055526], [0.050748493328277904, 0.722804007149463, 0.14012154883189906, 0.08632595059036], [0.03172466773605739, 0.8441668998133528, 0.054815494997643356, 0.06929293735294648], [0.03011618799963896, 0.8801290462216083, 0.052855707829914673, 0.03689905784883807], [0.05901717963173364, 0.5960560262782556, 0.14836973998345176, 0.19655705400655896], [0.06663134494856231, 0.6223834566929392, 0.21847687008351216, 0.0925083281749864], [0.5925740599039689, 0.10459621249583463, 0.2320569008356734, 0.07077282666452306], [0.7050222937622322, 0.07547934549424531, 0.1597896408820084, 0.05970871976151408], [0.5626579219926416, 0.19751278594090438, 0.13574808052491086, 0.10408121144154314], [0.6457666109917019, 0.11398513529065983, 0.10059135331257084, 0.13965690030506742], [0.6301196484320248, 0.12026109663067912, 0.1669656547084409, 0.08265360012885511], [0.7120857250504163, 0.11266883283205795, 0.04144849288098712, 0.13379694913653856], [0.834062714062583, 0.057652742953482466, 0.06740282625931363, 0.04088171662462089], [0.8331024894209821, 0.0532586590373502, 0.07871113206288281, 0.03492771937878494], [0.7550084365146809, 0.07593352865611555, 0.10708322800867141, 0.06197480672053219], [0.7806295606557627, 0.05148828719629426, 0.09178767838289036, 0.07609447366505268], [0.7830186077085156, 0.07999072550975758, 0.09800651902436425, 0.03898414765736259], [0.7956198123813459, 0.07285712902902967, 0.030371342869575362, 0.10115171562004897], [0.7299722484534978, 0.07693886927946397, 0.11370810763085454, 0.07938077453618365], [0.746687281851497, 0.07748053851722923, 0.14250843013130443, 0.03332374939996926], [0.578661063314847, 0.11574009090742007, 0.1764821826366405, 0.1291166630410924], [0.7306368595217125, 0.08863669185098597, 0.0537607874065785, 0.12696566112072297], [0.6388139223236876, 0.17193545655580786, 0.121920192556113, 0.06733042846439155], [0.7112864824742826, 0.1236036191622854, 0.02935841295813584, 0.13575148530529613]], "ideal": "C", "sampled": "C", "correct": true}}
{"type": "result", "data": {"idx": 14, "options": ["Valid", "Invalid. Counterexample when H, I, and J are false", "Invalid. Counterexample when H and I are true and J is false", "Invalid. Counterexample when I is true and H and J are false"], "probs": [[0.09924121643688757, 0.34638954753941387, 0.2534235530878598, 0.3009456828358387], [0.09310597180389131, 0.35691538449532956, 0.21988862750715543, 0.3300900160936237], [0.044073397396868774, 0.7691145286289177, 0.08903112659597251, 0.09778094727824099], [0.05086730382181679, 0.735906714604915, 0.13194042344606446, 0.08128555802720372], [0.04547234759687685, 0.7225151872661957, 0.1024739847222012, 0.12953848031472628], [0.056510910953653536, 0.6467380757688288, 0.19117494347409916, 0.10557606970341846], [0.6412747858838664, 0.08411766274484007, 0.16992219647845894, 0.10468535479283454], [0.648695280357471, 0.07993560909521508, 0.17188834886190485, 0.09948076158540896], [0.5823221075923583, 0.16946674502883272, 0.10771926250604115, 0.14049188477276783], [0.681525505512863, 0.1112566403884579, 0.0478507748546397, 0.15936707914403941], [0.5528711121190384, 0.18519011275995176, 0.11771357891063135, 0.14422519611037848], [0.667368496417144, 0.1196532815445993, 0.046856792521886986, 0.16612142941636968], [0.8363655991693683, 0.0443259897260594, 0.0605863308977024, 0.05872208010686998], [0.8018250555561947, 0.044534798797610776, 0.1210579975734812, 0.032582147972713346], [0.7616253295626859, 0.07903066688890707, 0.07780517297679132, 0.08153883047161563], [0.8034117131240608, 0.058199218749404216, 0.04824875613286556, 0.09014031189366943], [0.7772300051911043, 0.11373452689211942, 0.06087756473813853, 0.048157903078637695], [0.765416970884227, 0.07461196261387336, 0.0497022003151961, 0.11026886608670357], [0.8224443656004524, 0.04358816762511601, 0.07531347545862366, 0.058653991215807895], [0.812749041363472, 0.040464567328445354, 0.11527273044869343, 0.03151366075938916], [0.7554172220412175, 0.09022228351657668, 0.07597454579923854, 0.07838594854296724], [0.7834682592879116, 0.07287421387455008, 0.05008557884874293, 0.0935719478887954], [0.7470802218715182, 0.1471096487428869, 0.054970741715254345, 0.05083938757034052], [0.7473342930448652, 0.09501334172639803, 0.05165777669712898, 0.10599458843160779]], "ideal": "D", "sampled": "C", "correct": false}}
{"type": "result", "data": {"idx": 15, "options": ["(\u2203x){Fx \u2022 (\u2200y)[Dy \u2283 (\u2203z)(Vz \u2022 Rxyz)]}", "(\u2203x){Fx \u2022 (\u2203y)[Vy \u2022 (\u2203z)(Dz \u2022 Rxyz)]}", "(\u2203x){Fx \u2022 (\u2203y)(\u2203z)[(Vy \u2022 Dz) \u2022 Rxzy]}", "(\u2200x){Fx \u2283 (\u2203y)[Vy . (\u2203z)(Dz \u2022 Rxyz)]}"], "probs": [[0.2275002598535012, 0.1009542643922941, 0.2659785747262098, 0.40556690092799497], [0.1699522124809528, 0.08680460536502542, 0.3890308112334289, 0.35421237082059287], [0.21220292555978124, 0.13701058657682028, 0.24809365700031838, 0.4026928307630801], [0.23651333327098864, 0.12270318806958418, 0.4151008159632193, 0.22568266259620787], [0.16399733720569956, 0.3112164139436403, 0.16658194361451398, 0.3582043051361461], [0.18829251262771138, 0.4048970518632036, 0.16878641637108416, 0.23802401903800086], [0.27610304637734195, 0.2676121571258728, 0.12840186017637592, 0.32788293622040937], [0.23106669118676773, 0.20712985149412202, 0.20391842750048136, 0.35788502971862884], [0.3221980227027812, 0.1697889816465451, 0.18073919000839947, 0.3272738055422742], [0.3140459247540857, 0.1371984116416115, 0.3908435636870764, 0.15791209981722637], [0.19759795232837135, 0.504591073482542, 0.06315727852833875, 0.23465369556074792], [0.1770363936478871, 0.5368645310654336, 0.08233126436091037, 0.20376781082576892], [0.12933792699042548, 0.3922187691371742, 0.1376819656888575, 0.34076133808354286], [0.25355506318589277, 0.25755119704936147, 0.2272887710595647, 0.26160496860518107], [0.11643535071095774, 0.4128058315818837, 0.1542543940725805, 0.3165044235345781], [0.1766492145593234, 0.2530419041677169, 0.40436258875539044, 0.16594629241756934], [0.12774590703465344, 0.6798903306548916, 0.05848739774954595, 0.133876364460909], [0.08713996183835061, 0.6643310584554968, 0.10029926747864444, 0.14822971212750816], [0.09020866385534834, 0.27355852516569074, 0.10063602699349268, 0.5355967838854683], [0.11965406118111425, 0.3462351611839476, 0.23796363527129125, 0.2961471422636469], [0.09837113991609622, 0.2846505024398042, 0.14767403789120848, 0.46930431965289104], [0.16093315953195866, 0.2199724218041677, 0.22695464369077983, 0.3921397748730938], [0.12785477206947013, 0.41272490692332203, 0.2582771037723891, 0.20114321713481872], [0.1339837521471397, 0.25425986589600574, 0.33684007835775226, 0.2749163034991023]], "ideal": "B", "sampled": "D", "correct": false}}
{"type": "result", "data": {"idx": 16, "options": ["The university raises tuition.", "The governor approves of it.", "The board of trustees recommends it.", "None of the above"], "probs": [[0.32044913048467627, 0.053972849267906825, 0.19436373508267665, 0.43121428506474024], [0.3689626101935107, 0.15622977678063188, 0.1689250145843826, 0.3058825983414748], [0.3286267645299576, 0.0733271277377451, 0.16268331452483908, 0.43536279310745823], [0.37411077499123974, 0.13132617463316335, 0.24535013339525288, 0.24921291688034403], [0.25857592397058865, 0.2752549432018799, 0.1341488997250429, 0.33202023300248856], [0.34249236665977845, 0.12999665542142022, 0.2391012722148619, 0.2884097056039394], [0.24103652477170853, 0.1791244189066372, 0.09292852340294648, 0.4869105328187078], [0.34500123095046276, 0.19657730149977498, 0.25241053854118556, 0.2060109289085767], [0.20748019006053475, 0.10432833322128701, 0.22787387289351915, 0.4603176037246591], [0.2176045755886731, 0.12206602822907182, 0.5220108938893738, 0.13831850219288125], [0.16401070965716416, 0.5814727760818562, 0.05668110611025072, 0.19783540805072888], [0.2890747594944678, 0.42060469163490977, 0.17533413227138941, 0.11498641649923295], [0.33165641627403286, 0.08926482231723233, 0.09651820073002391, 0.4825605605787109], [0.43412650019795634, 0.0868314154757801, 0.33810115822145953, 0.14094092600480404], [0.28401843151425415, 0.17497993929603836, 0.13416178813768814, 0.40683984095201936], [0.2867550339041008, 0.15590720341754155, 0.458237482807037, 0.09910027977132065], [0.4206033411291349, 0.38296619624489775, 0.04645922848801979, 0.14997123403794757], [0.4395552807673054, 0.26660573082573874, 0.18612095434412373, 0.10771803396283212], [0.09146820007840048, 0.28618142005919617, 0.23725233969700077, 0.38509804006540255], [0.09998323692884155, 0.2019737794646276, 0.35447486967420166, 0.34356811383232916], [0.10146659309246962, 0.2890546831481281, 0.2715410210951519, 0.33793770256425043], [0.11659956324721336, 0.15447117847063718, 0.5144683275443929, 0.21446093063775656], [0.06750765451571901, 0.5227614628851828, 0.13425618419081572, 0.2754746983082825], [0.09577810763354963, 0.32911929484890873, 0.3558630346896029, 0.2192395627279387]], "ideal": "D", "sampled": "D", "correct": true}}
