{"type": "result", "data": {"idx": 0, "options": ["10%", "20%", "40%", "80%"], "probs": [[0.03475352966049588, 0.6160342417324057, 0.20959474697424757, 0.13961748153285083], [0.0394656929194944, 0.6675365144567064, 0.12156551647072794, 0.17143227605307132], [0.016110352209962552, 0.7407040749820012, 0.10182190078540268, 0.1413636719226336], [0.01723527294783862, 0.7680453414134589, 0.10233173939374561, 0.11238764614495682], [0.07469689956598903, 0.4647940466057489, 0.15089400335969583, 0.3096150503685662], [0.08336436437391977, 0.464982414607972, 0.19082596401289498, 0.26082725690521325], [0.1480882167668074, 0.1901536285687074, 0.456156671001595, 0.20560148356289018], [0.21842158164018063, 0.3833525833603732, 0.1388395002172554, 0.25938633468219074], [0.013316029630609141, 0.8110740124240206, 0.0708712237181581, 0.10473873412721221], [0.017179197153436066, 0.7776022511418047, 0.09143212432428785, 0.11378642728047135], [0.0891151143389504, 0.49706042548603874, 0.09787596907048128, 0.31594849100452954], [0.17891757878730546, 0.44981254112040603, 0.15545030731865567, 0.21581957267363283], [0.31213587519385355, 0.3322722315455997, 0.13425104318706776, 0.221340849973479], [0.3454170704877629, 0.4298838004724443, 0.09152833848796708, 0.13317079045182575], [0.17456540333547904, 0.5723903135949909, 0.0811829039285144, 0.17186137904101562], [0.2145905313487258, 0.5742841872850337, 0.09979647248288698, 0.11132880878335351], [0.09982530921740601, 0.6929400149522676, 0.0707885953243161, 0.13644608040601022], [0.0971796294128269, 0.695989069689351, 0.07808825267793758, 0.1287430481198845], [0.1642919033601501, 0.4066388308595284, 0.14959339796000862, 0.2794758677203129], [0.19163818022055146, 0.3209421479802227, 0.27026094211591983, 0.21715872958330604], [0.1019944168376672, 0.4034071832238017, 0.10360337715600491, 0.39099502268252617], [0.18375669812768752, 0.36545170151800943, 0.23595531366162414, 0.2148362865926789], [0.04720223926423121, 0.773817814099362, 0.05265945411216766, 0.1263204924242391], [0.052705245968174094, 0.7867095323105687, 0.06662765765589919, 0.09395756396535794]], "ideal": "C", "sampled": "C", "correct": true}}
{"type": "result", "data": {"idx": 1, "options": ["About $300", "About $3k", "About $8k", "About $15k"], "probs": [[0.5941341121914177, 0.1599093729067289, 0.20856382649941685, 0.03739268830243663], [0.619131902264888, 0.19179872891094474, 0.127767228218217, 0.06130214050595023], [0.49398908934252345, 0.22616558195932515, 0.2226620953803265, 0.05718323321782487], [0.5392520882590113, 0.26695033209093577, 0.1342333222060034, 0.05956425734404952], [0.5499390959189746, 0.2153600752138308, 0.16256463526053797, 0.07213619350665662], [0.5566718909584254, 0.1594896858466927, 0.2320600141090561, 0.05177840898582573], [0.4931722650312141, 0.212112308429749, 0.21545536929117068, 0.0792600571478662], [0.5036958680705332, 0.23793097901636673, 0.15604101817422927, 0.10233213463887073], [0.08522329224618512, 0.834252332536828, 0.039633686400453, 0.040890688716533924], [0.11516429927482637, 0.7393311068595796, 0.09110475838117717, 0.05439983538441683], [0.14421473979307772, 0.7675390528693313, 0.037621909287606135, 0.05062429794998483], [0.2433565985663021, 0.4271077183422427, 0.28451925301299985, 0.045016429978455376], [0.5345969994799029, 0.13307275372428964, 0.2565081810884037, 0.07582206560740368], [0.580247517019246, 0.13782203093415613, 0.21682840421990585, 0.06510204772669202], [0.34234470253122956, 0.5556849261401906, 0.04780350642845143, 0.054166864800128466], [0.3708849466023387, 0.46884589334703664, 0.1131164331669545, 0.047152726783670086], [0.29969805810991385, 0.6246309945625278, 0.0363589342985332, 0.03931201292902516], [0.33684209017145683, 0.48250783818675536, 0.14041998746361706, 0.04023008407817073], [0.541907349848672, 0.0941702017775555, 0.26826988648660416, 0.09565256178716841], [0.5253028986517951, 0.0756777243764508, 0.3445112185844012, 0.054508158287352906], [0.4369181280204828, 0.43692164469443245, 0.0453383500926737, 0.08082187709241105], [0.4214097386597312, 0.28514144671513647, 0.2438989801132855, 0.04954983441184678], [0.26969582342073145, 0.657161367193484, 0.034289327154033586, 0.03885348213175105], [0.32038108701141005, 0.5365416107232613, 0.09470701432545674, 0.04837028783987184]], "ideal": "B", "sampled": "C", "correct": false}}
{"type": "result", "data": {"idx": 2, "options": ["52%", "62%", "72%", "82%"], "probs": [[0.10257490494026653, 0.3062365880398452, 0.32093720907629153, 0.27025129784359675], [0.11010791366957824, 0.3499311569774366, 0.3667339734321238, 0.17322695582086134], [0.03405630922659069, 0.6036742261527946, 0.09854773320895222, 0.26372173131166243], [0.037410172307134525, 0.5328374325862522, 0.10657527684406061, 0.3231771181625527], [0.035970001739205525, 0.7935032099902015, 0.050727385077630624, 0.11979940309296229], [0.03318659625451618, 0.7915902821478313, 0.04396655459224971, 0.1312565669054028], [0.25119836993096956, 0.058740538707139835, 0.414170783083263, 0.2758903081786276], [0.2620928204022592, 0.06731210454948025, 0.5212571451576978, 0.14933792979056273], [0.07947684705242206, 0.5102311296216364, 0.1103458089964639, 0.29994621422947765], [0.08395566727904602, 0.37043970543584476, 0.14506773541111648, 0.4005368917739927], [0.042325355108320105, 0.7986391185915533, 0.04576610028286083, 0.11326942591726574], [0.04301002881592235, 0.7050971204243334, 0.056097692272850476, 0.19579515838689376], [0.5251946322268735, 0.05365249993733978, 0.1171895370237645, 0.3039633307120222], [0.4258087435612724, 0.04418455973513248, 0.3757876297376634, 0.15421906686593176], [0.45365736959725284, 0.07640941378390353, 0.06957244749319244, 0.4003607690256512], [0.38932245965879114, 0.05786842107194143, 0.3600778579351836, 0.1927312612340838], [0.08415963335749317, 0.7739317772358782, 0.04947646544819466, 0.09243212385843397], [0.07996324985173345, 0.723943758798966, 0.06425439251532498, 0.1318385987339756], [0.7452219932952278, 0.05071341421204688, 0.0785475830576249, 0.12551700933510046], [0.7151347184916046, 0.0526204391480385, 0.1242748685272972, 0.10796997373305973], [0.6692103842604069, 0.07508418075114935, 0.05160540418712923, 0.2041000307013145], [0.6124213015013041, 0.06159365451883697, 0.14775802854124453, 0.17822701533861435], [0.7129217199623981, 0.08382736672072935, 0.0441748525559538, 0.15907606066091884], [0.705808861228066, 0.09114767370473867, 0.03799667171044854, 0.16504679325674682]], "ideal": "C", "sampled": "D", "correct": false}}
{"type": "result", "data": {"idx": 3, "options": ["China", "United States", "Germany", "Japan"], "probs": [[0.6196316641598513, 0.1319271956382281, 0.18897700800659598, 0.059464132095324605], [0.6089776293840954, 0.1563983296386588, 0.11090295263543981, 0.12372108824180594], [0.4367851251406023, 0.2374761963029225, 0.26081659998645024, 0.06492207847002501], [0.4613227648867408, 0.3025428422061195, 0.13636674290351528, 0.09976764990362444], [0.5663821248317926, 0.04948986822776718, 0.2760323357761527, 0.10809567106428752], [0.5633053245946573, 0.040173013208212906, 0.32601598266250087, 0.07050567943462885], [0.004348850057403666, 0.882192970915391, 0.07588998474330404, 0.03756819418390138], [0.003339261396605438, 0.897397253837237, 0.034256387338482804, 0.06500709732767478], [0.01641846154718173, 0.08208703458783548, 0.8688427238610741, 0.032651779903908676], [0.00358135863165766, 0.04163191791828995, 0.021938435579639263, 0.9328482877704131], [0.008238908706368835, 0.018278682116027185, 0.9086790704212334, 0.06480333865637058], [0.00279660104986692, 0.008614137803985443, 0.06775525240006249, 0.9208340086460851], [0.0178545325244446, 0.7832923662058611, 0.1616413024181382, 0.03721179875155612], [0.009080509358278624, 0.897737473699073, 0.04332055382349445, 0.049861463019154], [0.1380395940567943, 0.06623208023809976, 0.7579906268401411, 0.03773769876496484], [0.01617381793875863, 0.06396848993712939, 0.0639683930795773, 0.8558892989445347], [0.04949031494809142, 0.026490111555109754, 0.8910522710454237, 0.03296730235137511], [0.019909746942913354, 0.034942530092082986, 0.25418904421171795, 0.6909586786532858], [0.002453772264060734, 0.7472264501500522, 0.17748158540264034, 0.07283819208324678], [0.0021206058092170183, 0.7912138351520434, 0.139657342234808, 0.06700821670393162], [0.008467469782294032, 0.05435819966800544, 0.8503104528770961, 0.08686387757260447], [0.0022972842952997986, 0.021795980797389293, 0.04911784167076478, 0.9267888931365461], [0.0065760874260049175, 0.1496698687117474, 0.7842197496966663, 0.0595342940655814], [0.0033695887997880706, 0.10985518775248002, 0.10002397481864383, 0.7867512485290881]], "ideal": "A", "sampled": "A", "correct": true}}
{"type": "result", "data": {"idx": 4, "options": ["by 5 fold", "by 10 fold", "by 15 fold", "by 20 fold"], "probs": [[0.16680863002114127, 0.4605923569094903, 0.1950284209669362, 0.17757059200243222], [0.12660561312056706, 0.40237184755396666, 0.15272336969154657, 0.3182991695339197], [0.1575022512144636, 0.28521189515736506, 0.40222380160576887, 0.1550620519224025], [0.11975638866134519, 0.47367240209341394, 0.14904699662897394, 0.2575242125162669], [0.19228248640268547, 0.17236797972576826, 0.4759398712671777, 0.15940966250436858], [0.16985562695139267, 0.12821914445398272, 0.539846249464503, 0.16207897903012164], [0.07451631104731488, 0.5506229933404071, 0.1932886280876241, 0.1815720674246539], [0.0585853246969704, 0.5917117727338783, 0.13202967043457134, 0.21767323203457992], [0.10504311128014922, 0.12474484370192572, 0.6435065289533485, 0.12670551596457658], [0.10268909350137768, 0.2791499363590241, 0.24252952588335447, 0.3756314441562437], [0.10547332464593918, 0.1292321830858698, 0.616553425727224, 0.14874106644096696], [0.11596237121852919, 0.12937028704780057, 0.5446847676686151, 0.2099825739650552], [0.07809454772374175, 0.59537921999299, 0.1759948839966445, 0.15053134818662373], [0.06103967433885655, 0.6665941401657605, 0.11404106637394254, 0.15832511902144042], [0.11637074412455674, 0.43919223215366177, 0.3018563665009453, 0.1425806571208362], [0.1076328605305804, 0.4899910687910277, 0.19490647314029938, 0.20746959743809246], [0.1301839808258167, 0.2671282907094282, 0.49133554462150447, 0.11135218374325066], [0.13860509830855322, 0.21468252050834735, 0.4991677476836574, 0.14754463339944202], [0.062175950289831014, 0.5455932149168491, 0.20071440703489166, 0.1915164276584282], [0.07343687697279241, 0.3970083505186915, 0.3449334424776588, 0.1846213299308573], [0.08365047968680728, 0.4593467438151002, 0.27429245264812474, 0.18271032374996776], [0.08523637055498344, 0.4328821599050608, 0.23906280097954982, 0.24281866846040592], [0.07981315016505246, 0.4813495432446991, 0.296554645968982, 0.1422826605212664], [0.09075197170876054, 0.46814958143844543, 0.24287616118403677, 0.1982222855687573]], "ideal": "C", "sampled": "A", "correct": false}}
{"type": "result", "data": {"idx": 5, "options": ["Lower respiratory infections", "Preterm birth complications", "Diarrheal diseases", "Malaria"], "probs": [[0.9090952100174612, 0.050492694651430234, 0.026608352726460692, 0.013803742504647873], [0.9442349347936888, 0.025163146459828752, 0.0025308458862681638, 0.028071072760214234], [0.7486702262268486, 0.2355812657411633, 0.006895247435075446, 0.00885326049691262], [0.7624602603767516, 0.21844989445450025, 0.0032656966552818425, 0.015824148413466264], [0.93312439389631, 0.013519976865044482, 0.019366974032008214, 0.033988655106637324], [0.8317690606610921, 0.019869389725815857, 0.12363406300676333, 0.024727486506328677], [0.010683284000760797, 0.9467717284742155, 0.01350508891928816, 0.029039898505735476], [0.0047296157045349525, 0.9594344266073713, 0.003006373646611825, 0.03282958394148191], [0.027467365742445612, 0.8412397330649183, 0.1020544522850253, 0.029238448807610826], [0.0186849555033522, 0.8590684620267817, 0.007789204907459109, 0.114457377462407], [0.1022842715150955, 0.06603974841318917, 0.6464672214413553, 0.18520875853036006], [0.09843146421638277, 0.07089782024575417, 0.5753628825328649, 0.2553078329049981], [0.8570187434179561, 0.1334986143988614, 0.004224903584660225, 0.005257738498522164], [0.8365060729008902, 0.15234002142727782, 0.0024242654429091725, 0.008729640128922791], [0.9481306953713088, 0.030005187687412112, 0.016313771270484667, 0.005550345570794394], [0.9633874206456196, 0.019379405122366827, 0.002140659818764357, 0.015092514313249206], [0.9269522349514099, 0.022143180785899275, 0.030743270964636676, 0.020161313198054198], [0.9510687415972718, 0.0158606634372976, 0.006509340715006851, 0.026561254150423735], [0.02037396591354175, 0.8938237372809735, 0.013572296016609227, 0.07223000068887547], [0.023591407668770662, 0.8715360451378392, 0.04271900874757278, 0.06215353834581734], [0.06680345237504282, 0.5421254997838528, 0.21230198374292542, 0.17876906399817896], [0.04044054030475323, 0.6425595807100559, 0.08428592884868265, 0.23271395003650816], [0.021007543959870322, 0.9216184627553322, 0.023804931322772647, 0.033569061862024796], [0.016353231078649128, 0.9357063985433547, 0.00991888799520164, 0.038021482282794505]], "ideal": "A", "sampled": "C", "correct": false}}
{"type": "result", "data": {"idx": 6, "options": ["10%", "20%", "30%", "40%"], "probs": [[0.12671885648407086, 0.3724460823429359, 0.26409997127395185, 0.2367350897990414], [0.07944488973698959, 0.31420974749873587, 0.36164693673634063, 0.24469842592793392], [0.054037516477748966, 0.5543510461806378, 0.1256381901953174, 0.26597324704629577], [0.04137359202006079, 0.47349015049926935, 0.22365768334885655, 0.2614785740318133], [0.03264324415362148, 0.6354841087940253, 0.1440277567961991, 0.1878448901561541], [0.03298957039532291, 0.6322676687312945, 0.18689705596841483, 0.14784570480496773], [0.16162451332492972, 0.1919331934230259, 0.37578164227043237, 0.270660650881612], [0.10944508166929298, 0.18910363374353845, 0.4904972120291441, 0.21095407245802447], [0.10504894467773454, 0.442273249233098, 0.17592000566332658, 0.27675780032584085], [0.07983544439872868, 0.31575164117657184, 0.3257712107941645, 0.278641703530535], [0.04747859850178633, 0.6157118310484395, 0.16314513007290113, 0.17366444027687306], [0.04654412828605125, 0.5759498750615543, 0.23636683988627968, 0.14113915666611482], [0.16458617639642706, 0.32224071982978164, 0.1364431868787217, 0.3767299167950696], [0.17025712638157123, 0.2896145668221349, 0.31807816973361003, 0.2220501369626838], [0.14946554376976803, 0.22437463364183327, 0.13608877156671811, 0.4900710509216806], [0.12033465324130348, 0.1594173437284354, 0.5309396902545874, 0.18930831267567366], [0.1334663927421618, 0.430832892613243, 0.26960444447682375, 0.16609627006777147], [0.10764104608000474, 0.467568835609685, 0.23880858294402257, 0.1859815352662877], [0.22882498287002603, 0.41434421205078165, 0.12440795172085144, 0.23242285325834092], [0.2567447721701416, 0.4102709590978431, 0.1509302109328974, 0.1820540576991179], [0.2673272133196783, 0.32245543498648177, 0.13868637131433964, 0.2715309802795003], [0.27679100629899633, 0.23674979803578852, 0.3185812234559959, 0.1678779721092193], [0.27961789725553576, 0.32690407848355213, 0.19520334315722176, 0.19827468100369033], [0.2786638355374671, 0.31576456675457665, 0.18855231436535744, 0.2170192832425988]], "ideal": "C", "sampled": "D", "correct": false}}
{"type": "result", "data": {"idx": 7, "options": ["29%", "49%", "69%", "89%"], "probs": [[0.20483106641920115, 0.30272759179857467, 0.284383816429321, 0.20805752525290322], [0.15477405149983745, 0.4273586591173014, 0.17814640536213674, 0.23972088392072438], [0.3863306468489086, 0.21335703668739014, 0.2417623292370226, 0.15854998712667864], [0.29896233819247353, 0.2221779475367491, 0.1347529650234369, 0.34410674914734046], [0.3144813290233051, 0.1373909927832188, 0.25269572418214814, 0.2954319539113279], [0.39054379445199516, 0.13925668803337443, 0.24060890434673735, 0.22959061306789302], [0.34179607030311593, 0.21726286409112772, 0.24619071183126928, 0.19475035367448706], [0.2855324063561239, 0.2992423399419117, 0.1552438702460755, 0.2599813833558889], [0.08444012018521714, 0.5953737541093139, 0.187343226260161, 0.13284289934530788], [0.10145661968046484, 0.4916575184227966, 0.16727759186162738, 0.2396082699351112], [0.2079020533310019, 0.31702230794637537, 0.1953094539734373, 0.27976618464918546], [0.27261000462711665, 0.3187227499356618, 0.19635717276223147, 0.21231007257499007], [0.6378266810733023, 0.08109146355771726, 0.12958499787942127, 0.15149685738955918], [0.6202365662992164, 0.09076208485109838, 0.09076244247896166, 0.19823890627072357], [0.6103946106358711, 0.0921567624452217, 0.127948480711342, 0.1695001461075652], [0.5704769491578876, 0.12146331368662229, 0.13133452831385475, 0.17672520874163533], [0.28468685915176034, 0.38309835812942256, 0.13034117026305383, 0.20187361235576326], [0.2940722870202311, 0.3547270437097301, 0.17560204076789965, 0.17559862840213913], [0.5499247107132933, 0.11527235375412608, 0.08302788871337603, 0.25177504671920464], [0.6258508189379679, 0.10707217560697717, 0.09597915583013403, 0.17109784952492094], [0.5113120078529215, 0.13131818174002674, 0.06603160499866112, 0.2913382053083906], [0.5722742761438162, 0.12769366989786524, 0.1199581789844208, 0.18007387487389773], [0.5984555855370294, 0.12544573374902923, 0.06927821526437318, 0.20682046534956824], [0.6152710776472743, 0.13944914623931726, 0.08726591420941796, 0.15801386180399052]], "ideal": "C", "sampled": "C", "correct": true}}
{"type": "result", "data": {"idx": 8, "options": ["18%", "38%", "58%", "78%"], "probs": [[0.07360093043312817, 0.5354209900766805, 0.19090921964958785, 0.2000688597406034], [0.06333663078000215, 0.6297771099408099, 0.13200728102171289, 0.17487897815747502], [0.050670003210752934, 0.7105056191797735, 0.08755133468317682, 0.15127304282629675], [0.052376897326463286, 0.6583502569190197, 0.1423778911876138, 0.14689495446690326], [0.07607121473214558, 0.5983619449948109, 0.08755898251605528, 0.23800785765698831], [0.0905559428649294, 0.6285989237052513, 0.09791602120376953, 0.18292911212604981], [0.2663215617175344, 0.18304302741118617, 0.2925038548265298, 0.2581315559447497], [0.33065275363877433, 0.2918053393188174, 0.17698860601868965, 0.2005533009237186], [0.050790433155033024, 0.7011575227988625, 0.08914209303650794, 0.1589099509095966], [0.07728506166777019, 0.5622254818944733, 0.1942998392052304, 0.16618961713252609], [0.018033663346563353, 0.8291367538677047, 0.017479410914205306, 0.1353501717715267], [0.020368476071957672, 0.8394590269518575, 0.026566278978500883, 0.11360621789768394], [0.5683564627847416, 0.07113917277249344, 0.17884524431295742, 0.18165912002980747], [0.5690379653445375, 0.05376303860360628, 0.29522087727185975, 0.08197811867999637], [0.4501727219105019, 0.09889151236898519, 0.06587652419676708, 0.3850592414237458], [0.4687527138269454, 0.08807749520389647, 0.29334626830587257, 0.14982352256328554], [0.028055015470742652, 0.9004910435800774, 0.01388881517072758, 0.05756512567845234], [0.030355604931081286, 0.9152993695973104, 0.012853871196557533, 0.041491154175050726], [0.7297915056409715, 0.04451825369781051, 0.09278465599120182, 0.1329055845700161], [0.8247824282807664, 0.027354542185830836, 0.11162456148139382, 0.03623846795200887], [0.7507402476621559, 0.05524069134111246, 0.026505208021813578, 0.16751385287491807], [0.768227656770392, 0.050670759206023555, 0.1335013096441534, 0.0476002742794311], [0.8296000817586863, 0.09754694833763028, 0.01981828142063968, 0.053034688383043795], [0.8312829654644355, 0.1024354165090685, 0.028004741032557193, 0.038276876893938785]], "ideal": "C", "sampled": "D", "correct": false}}
{"type": "result", "data": {"idx": 9, "options": ["11%", "26%", "41%", "56%"], "probs": [[0.07610885450050582, 0.5623827869380364, 0.21014752587834096, 0.15136083258311672], [0.07530961705558556, 0.6305728366169724, 0.16194436959958777, 0.13217317662785422], [0.02693913514853266, 0.7630646326612144, 0.09113526494311716, 0.11886096714713583], [0.026837694474450047, 0.7721622858748367, 0.10128598272613422, 0.09971403682457906], [0.030020399278334275, 0.7742448400328624, 0.08419541119580234, 0.11153934939300092], [0.029345176892436733, 0.7931508958056839, 0.07976953625053029, 0.09773439095134914], [0.3391314840495317, 0.14586017155022118, 0.3444813582265793, 0.17052698607366784], [0.4787427270495747, 0.12685512928043755, 0.27708055327682024, 0.1173215902931675], [0.04431709092603017, 0.7613840386433055, 0.07193524840020117, 0.12236362193046318], [0.07117546826320822, 0.6053389120096377, 0.22620037222480283, 0.09728524740235124], [0.062341829518673314, 0.7959401218228601, 0.0653350519224686, 0.07638299663599799], [0.08152822343541327, 0.7153982466086733, 0.13441972333026025, 0.06865380652565313], [0.6579113847071423, 0.09933062266796767, 0.13366520901420728, 0.10909278351068272], [0.7022886714615526, 0.08928654142425949, 0.16422491896987745, 0.044199868044310475], [0.4371895356482254, 0.17942725788599295, 0.10548235122856495, 0.2779008551372167], [0.529302906847034, 0.2009023919702374, 0.19472328261700508, 0.07507141846572357], [0.24636617691775145, 0.6697027001937038, 0.05671807438581441, 0.027213048402730367], [0.2288676968441368, 0.6832816663751843, 0.06257046071718089, 0.02528017596349802], [0.7737131252878189, 0.056048009923574754, 0.1047124055094669, 0.06552645917913948], [0.8338326603193775, 0.04023704864786194, 0.10601157442591695, 0.019918716506843518], [0.7022403582562163, 0.09653605663609824, 0.05855335381866111, 0.14267023118902425], [0.6722023644239244, 0.07309905707390704, 0.22516396661693747, 0.029534611785231084], [0.8639602627460392, 0.07549253597517644, 0.03679254145503727, 0.023754659723747098], [0.8505471015215804, 0.08162494428734102, 0.04874098109793409, 0.019086972993144474]], "ideal": "B", "sampled": "D", "correct": false}}
{"type": "result", "data": {"idx": 10, "options": ["23%", "38%", "53%", "68%"], "probs": [[0.09264424580369175, 0.39005190711370574, 0.34422117981182265, 0.17308266717077983], [0.12287574717945997, 0.3288384202106186, 0.39050914307910495, 0.1577766894308165], [0.048985188859824745, 0.6157172092285003, 0.2062382173988285, 0.1290593844128465], [0.07572343324144104, 0.5174865894071902, 0.28578347602893445, 0.12100650122243438], [0.03336305456445752, 0.7834582719756711, 0.10438533599116122, 0.07879333736871014], [0.03476695213987384, 0.7550694064387574, 0.15102281602366957, 0.059140825297699116], [0.11468906832898385, 0.09657843287061132, 0.6704028601099279, 0.11832963859047696], [0.1719002153090628, 0.1127358244654427, 0.6094587535466067, 0.10590520657888783], [0.05723247538514773, 0.46446545830611935, 0.24475618707294738, 0.2335458791357855], [0.13595466922151492, 0.3312815277520029, 0.35265125417094173, 0.18011254875554042], [0.023873048429427432, 0.8415652638447674, 0.08076279903348556, 0.05379888859231963], [0.03862868722291246, 0.7288822721042116, 0.16779780823767323, 0.06469123233520271], [0.25575521776320437, 0.07800155190344626, 0.4023672371876743, 0.26387599304567505], [0.3931932752042256, 0.06418742505657853, 0.4742923025094802, 0.06832699712971567], [0.2543760816917549, 0.11287980441454909, 0.1721213595984017, 0.4606227541952943], [0.4108386276126546, 0.14879740551418114, 0.3005819573611151, 0.13978200941204919], [0.1316939841193148, 0.734541746358815, 0.09940959886921757, 0.03435467055265268], [0.14142092744886203, 0.7526752779772277, 0.07933138877854545, 0.026572405695364877], [0.6373889709243351, 0.07263952114096582, 0.182617133254029, 0.10735437458067008], [0.7741859765962714, 0.050271639251174144, 0.14099125543225724, 0.03455112862029719], [0.5842201069588857, 0.07784021587010495, 0.1263477345701788, 0.21159194250083058], [0.6721109401548936, 0.05264405356730291, 0.2322782066335786, 0.04296679954422494], [0.7859405219816473, 0.0754247525599816, 0.06553059021823014, 0.07310413514014093], [0.7973355618416234, 0.08019045562098198, 0.07533246066158475, 0.04714152177580993]], "ideal": "D", "sampled": "D", "correct": true}}
{"type": "result", "data": {"idx": 11, "options": ["5%", "10%", "15%", "25%"], "probs": [[0.2674867272292825, 0.12056679546894257, 0.22879076513127622, 0.38315571207049864], [0.19260788822965466, 0.1572040240549608, 0.3225523079260038, 0.32763577968938074], [0.20338099308903693, 0.28681681412024546, 0.1583910482483976, 0.35141114444232], [0.14195008362974681, 0.2652010579857112, 0.27792074859461424, 0.31492810968992774], [0.15921226920626666, 0.37601436480035655, 0.1981417745984341, 0.2666315912949427], [0.1476472489037574, 0.36543521825943626, 0.23965403792330245, 0.24726349481350388], [0.19161463986485386, 0.18284231150046967, 0.2384665274610095, 0.38707652107366697], [0.18354378365314714, 0.16712161647911145, 0.3272015999347357, 0.3221329998330057], [0.13230053574762976, 0.17803266479028115, 0.27573426629336045, 0.4139325330687286], [0.1566799455229712, 0.16941339028293603, 0.3422175398457193, 0.33168912424837343], [0.11859790802905254, 0.33785917848160096, 0.25904056041272056, 0.2845023529766259], [0.1337921639218077, 0.3811438140062392, 0.2311706726196306, 0.2538933493523225], [0.2444752995915175, 0.33942302299421484, 0.09724484910786341, 0.3188568282064042], [0.26429864761570576, 0.32382819053272643, 0.21236984429619923, 0.19950331745536856], [0.339098314582124, 0.11903837676760406, 0.13916409429005197, 0.40269921426021993], [0.38361747334261487, 0.1169977582726116, 0.25554277348006904, 0.24384199480470448], [0.2617494243643027, 0.2617530006430955, 0.2965999333740684, 0.17989764151853338], [0.28076440093093846, 0.3083636760403306, 0.20222553608779442, 0.2086463868409365], [0.20975327802219462, 0.4581468769173668, 0.10881836873424204, 0.22328147622619657], [0.23358749547015745, 0.4164177601045517, 0.17089660973319934, 0.17909813459209148], [0.3920954109024, 0.2234119888408291, 0.13133516710673954, 0.2531574330500313], [0.4180582948233089, 0.19140211601438925, 0.17701595321088917, 0.21352363585141262], [0.3598869090929319, 0.25124361734197015, 0.20505729010055354, 0.1838121833645444], [0.3657848889131866, 0.2804593187358556, 0.12840201150686026, 0.22535378074409748]], "ideal": "B", "sampled": "D", "correct": false}}
{"type": "result", "data": {"idx": 12, "options": ["2%", "4%", "9%", "18%"], "probs": [[0.17814319527707867, 0.23600236014141343, 0.32257668718852345, 0.2632777572929844], [0.1777225775706323, 0.15931004824773512, 0.49071329882522946, 0.1722540752564031], [0.08490442849273876, 0.46621874866209945, 0.10241435009344904, 0.34646247265171276], [0.11938539568910664, 0.47217919176453516, 0.1710108961580245, 0.23742451628833372], [0.06059042747663967, 0.6934240642435886, 0.0983482391528344, 0.1476372690269373], [0.0702315472168687, 0.7204869329571658, 0.08210915938011962, 0.12717236034584586], [0.19847303922684653, 0.16713117310419046, 0.3221548843382737, 0.3122409032306893], [0.2346402897611929, 0.153881036301318, 0.43157459351986605, 0.17990408031762306], [0.10102266516203758, 0.4058462856051898, 0.1058711303405054, 0.38725991879226723], [0.13121768048776225, 0.4370232857610888, 0.1582784260187165, 0.2734806076324325], [0.06938108749454987, 0.6791691132762673, 0.08239256528393611, 0.1690572338452467], [0.07999522327615965, 0.6803430356613934, 0.08785802150057669, 0.15180371946187027], [0.1882568895628546, 0.24172852930989544, 0.12540678678689016, 0.4446077942403598], [0.3022240174837667, 0.28838459485980433, 0.2317237830136122, 0.17766760454281674], [0.18794354144587153, 0.2821386582333233, 0.08604884531451869, 0.4438689549062865], [0.2723963558401462, 0.2723971605028506, 0.22938232121557953, 0.22582416234142363], [0.1529391579614997, 0.5594325744461758, 0.12482556885462819, 0.16280269863769634], [0.14034662721104763, 0.546479149213051, 0.15903397919036125, 0.15414024428554018], [0.28152418133781437, 0.3970148861011219, 0.12492536007108748, 0.19653557238997627], [0.34969806813957727, 0.3607995534297233, 0.1504026785702517, 0.13909969976044767], [0.21451693719456522, 0.5392976168277877, 0.07648904388677162, 0.16969640199087554], [0.21060398924465012, 0.572482922150952, 0.08917577976676974, 0.12773730873762812], [0.3980676501735268, 0.391896185300081, 0.06810159184772048, 0.14193457257867167], [0.43008388366224654, 0.37366325773028886, 0.06912106480864087, 0.12713179369882374]], "ideal": "C", "sampled": "D", "correct": false}}
{"type": "result", "data": {"idx": 13, "options": ["minimum wage legislation", "land reform", "progressive taxation", "increased access to education"], "probs": [[0.8382345720945041, 0.020659647110286915, 0.05275606912010591, 0.08834971157510305], [0.8694570047480322, 0.02044796194593282, 0.027948835809809478, 0.0821461973962255], [0.8579563513619736, 0.02631630939413507, 0.040759299022277914, 0.07496804012161348], [0.8486301855305135, 0.0184581682925018, 0.029960418207582364, 0.10295122786940229], [0.83935329143572, 0.02168014531783512, 0.030573568397542137, 0.1083929947489027], [0.6957475710797417, 0.01912978896435394, 0.029169232356611657, 0.2559534074992927], [0.09295685484496558, 0.6976843397625486, 0.030178870665480494, 0.17917993462700535], [0.10817886162503282, 0.716528784793793, 0.031977763114653036, 0.1433145903665211], [0.15552568607927186, 0.05632807749313186, 0.397151116955252, 0.39099511937234427], [0.06342608066746051, 0.025626608573215495, 0.021579683950306103, 0.8893676267090179], [0.17284983128125553, 0.03856832434148659, 0.3331779775077026, 0.45540386676955524], [0.049469709536194645, 0.015811560048231196, 0.03000490974373246, 0.9047138205718417], [0.08738922167815326, 0.33500295140244235, 0.05057720433560016, 0.5270306224838042], [0.0506092464568809, 0.10714136182720971, 0.025448013378906717, 0.8168013782370027], [0.10257611499130251, 0.06833158483665029, 0.21047356879449367, 0.6186187312775535], [0.03683523150075135, 0.024157451868281, 0.018234808301803285, 0.9207725082291643], [0.04151915246700163, 0.03284482547460086, 0.05167150323677593, 0.8739645187216216], [0.02582219167151319, 0.016413802982561773, 0.018599028562715517, 0.9391649766832095], [0.15643860165046986, 0.29227098384153277, 0.06941971078685553, 0.48187070362114187], [0.07025192364033658, 0.07478347879618387, 0.025443724986681574, 0.829520872476798], [0.2166015606171499, 0.03823289934387914, 0.4444415171497334, 0.3007240227892375], [0.06929678314312969, 0.022497530521493045, 0.05069883426444999, 0.8575068519709272], [0.07102076624934639, 0.044444039873435946, 0.08433960417742331, 0.8001955895997943], [0.04753511443482478, 0.02625161228195014, 0.029285620739422317, 0.8969276524438028]], "ideal": "A", "sampled": "A", "correct": true}}
{"type": "result", "data": {"idx": 14, "options": ["36%", "56%", "76%", "96%"], "probs": [[0.2225238134308515, 0.4289319014626643, 0.24824403778761803, 0.10030024721886616], [0.1486584019466931, 0.6457526346375377, 0.15579403122775815, 0.04979493208801105], [0.02951599426333534, 0.8492232491952018, 0.08675302630609903, 0.03450773013536393], [0.02783478304045914, 0.8659303427927578, 0.061754894169319056, 0.044479979897464036], [0.4366728164565379, 0.2954711979809988, 0.16574387621139774, 0.10211210925106556], [0.4287325696953103, 0.26004321930449836, 0.19938124412576783, 0.11184296677442344], [0.4197207751408827, 0.18052204220459728, 0.2429167366219543, 0.15684044593256574], [0.5310888569367006, 0.2588344359833784, 0.09521965859059031, 0.11485704838933071], [0.07399051719248824, 0.7831572785347797, 0.08786697644305938, 0.0549852277296727], [0.09940000030000413, 0.7344895162748226, 0.08240667238563729, 0.08370381093953594], [0.5585055475534536, 0.20870092975572982, 0.13265784379983714, 0.10013567879097937], [0.5683208745769635, 0.16539342823008862, 0.15781842288151546, 0.10846727421143242], [0.5326859711633932, 0.14562971374923597, 0.12263178901404265, 0.19905252597332818], [0.5901150150760608, 0.15882952628059502, 0.10416270123991857, 0.14689275730342563], [0.5278996267975441, 0.1972643002466609, 0.10075198933034926, 0.1740840835254458], [0.5113241266441179, 0.29593680408382433, 0.0888562458983706, 0.10388282327368725], [0.47328618357496943, 0.3356149421336497, 0.09032936999016962, 0.10076950420121128], [0.487099263672244, 0.29086530422390533, 0.12906980609400168, 0.09296562590984897], [0.43073780623950036, 0.13553923771036994, 0.13767338207994184, 0.2960495738701879], [0.4104473537062846, 0.11397885464356124, 0.26918305568286427, 0.20639073586728987], [0.3995025813105936, 0.1829080459725942, 0.08116498709649292, 0.33642438552031934], [0.4131902271159954, 0.20454751528776824, 0.20454751528776824, 0.17771474220846817], [0.3958236099760658, 0.33332200345094654, 0.07794347056219754, 0.1929109159107901], [0.4354602466965737, 0.30400456389701197, 0.08182156403475152, 0.17871362527166285]], "ideal": "B", "sampled": "C", "correct": false}}
{"type": "result", "data": {"idx": 15, "options": ["6%", "13%", "27%", "46%"], "probs": [[0.05336051826152255, 0.307072729985527, 0.33725682023243475, 0.3023099314205157], [0.02695443219863329, 0.4853098219965294, 0.1326766630517142, 0.35505908265312314], [0.010147193993858718, 0.8447846629720204, 0.03597549170508579, 0.10909265122903514], [0.010553026393905656, 0.8383387781864834, 0.057050078145203076, 0.09405811717440792], [0.016254254789596398, 0.6195477554165654, 0.09353816817798466, 0.27065982151585355], [0.016428479770153024, 0.6665731009679812, 0.15107585347538796, 0.16592256568647784], [0.16206300257015843, 0.08811418711257987, 0.5745886563680173, 0.17523415384924446], [0.14823580228502767, 0.12098911763975458, 0.3967121659332818, 0.33406291404193594], [0.01293380548724979, 0.8127965269706718, 0.03302820746994388, 0.14124145997213444], [0.0084679323405566, 0.8773607497265684, 0.044369501855233785, 0.0698018159776412], [0.015720958327819338, 0.6790062378135318, 0.051547893826758395, 0.25372490993189045], [0.015809179057500414, 0.7859142773221232, 0.08681068211569593, 0.11146586140468046], [0.3712004499540793, 0.1047036957812691, 0.09683530199541064, 0.4272605521692409], [0.43959896114546804, 0.08931101525013306, 0.3760190763686432, 0.09507094713575574], [0.19344898672824162, 0.1995934203461307, 0.09727445046697965, 0.509683142358648], [0.3860584324484156, 0.15118416466463994, 0.3251022550837921, 0.13765514770315243], [0.02891031282080121, 0.8188974794325373, 0.06721972366623859, 0.08497248398042287], [0.02118713709990318, 0.8332032877162259, 0.07280530535726956, 0.07280426972660142], [0.5133088383551377, 0.0642488841424376, 0.07511488571354276, 0.34732739168888194], [0.6349107385942688, 0.05547836215692439, 0.23725350805035306, 0.0723573910984537], [0.39148782513137337, 0.09298774321974045, 0.06491651936965158, 0.45060791217923457], [0.6378638458569025, 0.09481063805418942, 0.16639990359073278, 0.10092561239817534], [0.3411187485352834, 0.5041448849043424, 0.05231331678055994, 0.10242304967981426], [0.3009514600021134, 0.5535385177040443, 0.05654838849182855, 0.08896163370201372]], "ideal": "B", "sampled": "D", "correct": false}}
{"type": "result", "data": {"idx": 16, "options": ["34%", "49%", "64%", "79%"], "probs": [[0.061550753156668636, 0.4408134352962467, 0.3379851084009116, 0.159650703046173], [0.07615889835069631, 0.46653897955934803, 0.28297145015066727, 0.17433067183928833], [0.06165214581430236, 0.5003356895815501, 0.232677279146014, 0.20533488535813357], [0.08655600119923251, 0.29743378908291707, 0.43276932186374684, 0.1832408877541036], [0.03745320574302273, 0.6743424703109125, 0.0857328122118146, 0.20247151163425017], [0.03509020752719501, 0.7271956692326695, 0.0754575271015776, 0.16225659603855785], [0.14910966378612825, 0.14680092254006502, 0.4382689660091369, 0.26582044756466977], [0.16305217388209625, 0.2194161447576235, 0.3911527453143561, 0.22637893594592412], [0.0317860666111907, 0.7945626643662718, 0.06942849838358454, 0.10422277053895304], [0.05880514400299861, 0.4923809060174872, 0.2986483804885035, 0.15016556939101072], [0.0364208801901207, 0.731550617833333, 0.0555366646017724, 0.1764918372747739], [0.04476878658178431, 0.7113490488011854, 0.09477805062842151, 0.1491041138886087], [0.5047433249839918, 0.05076402525506148, 0.22398348746290309, 0.22050916219804365], [0.43477546095454156, 0.04107782234233531, 0.44859348525524523, 0.0755532313478779], [0.6180546101495333, 0.06826945106319161, 0.11613141032773258, 0.19754452835954248], [0.4693210229401585, 0.05874326955855913, 0.38909477861271796, 0.08284092878856446], [0.08429765464926042, 0.8124044905795101, 0.030058269477472113, 0.07323958519375734], [0.1068257029649659, 0.7771194113240718, 0.04815167646214595, 0.06790320914881635], [0.723809131056062, 0.044153135758914726, 0.10427656140189816, 0.127761171683125], [0.8153605357737113, 0.032618933353159296, 0.10529624512553154, 0.046724285647597855], [0.7144811743094323, 0.052572554472177534, 0.05509603962003903, 0.17785023149835114], [0.7981984255020672, 0.03733268024143914, 0.1282849743535208, 0.03618391980297286], [0.8415569442365056, 0.0638887314682818, 0.03263158124202128, 0.061922742953191286], [0.8852783391189518, 0.05073117435925243, 0.03597421923679484, 0.028016267185000863]], "ideal": "A", "sampled": "D", "correct": false}}
{"type": "result", "data": {"idx": 17, "options": ["62%", "72%", "82%", "92%"], "probs": [[0.26505865854179717, 0.5189766728664019, 0.08878567549337175, 0.12717899299842908], [0.26435313807853117, 0.5684668079254852, 0.06684103906265727, 0.10033901483332636], [0.48244618645781534, 0.2836229460608019, 0.14040247885369206, 0.09352838852769066], [0.5260963086640245, 0.27294198825850147, 0.06794067015962366, 0.13302103281785047], [0.6820573602811705, 0.08404753850908413, 0.16200521103892296, 0.07188989007082246], [0.7405215015344612, 0.07684165353068677, 0.12279246184182786, 0.0598443829930242], [0.6129200642965208, 0.24002738175192453, 0.06665344833749799, 0.08039910551405662], [0.6473728676118033, 0.24571928588052847, 0.035399561760782766, 0.0715082846468854], [0.32617752947822126, 0.44584447150391504, 0.1359737308467818, 0.09200426807108188], [0.3046758665565817, 0.4364426710002487, 0.05906626583092276, 0.19981519651224686], [0.5923213958147913, 0.10455338655856779, 0.20792822537727085, 0.09519699214937007], [0.6150738687954274, 0.11739206487840802, 0.11201539801454061, 0.15551866821162402], [0.5878982122518287, 0.20002587733729785, 0.09448605311420591, 0.11758985719666752], [0.6076686932457634, 0.269655911078489, 0.03375201646830865, 0.08892337910743886], [0.5546257371356988, 0.28328069408503015, 0.03833831760637819, 0.12375525107289279], [0.46679818475657014, 0.33101851505332075, 0.038318624009326695, 0.16386467608078242], [0.5697005774367654, 0.25678997272702725, 0.09014156124057125, 0.08336788849563607], [0.5436134499844726, 0.2608354765164929, 0.08336749920510543, 0.11218357419392909], [0.2845142737802312, 0.42711452483863876, 0.12625541920490904, 0.162115782076221], [0.2883961329348833, 0.44668512548592276, 0.11294049528335862, 0.15197824619583533], [0.2950192491774788, 0.39700106100486215, 0.07459450012183419, 0.23338518959582485], [0.2855795536336493, 0.39035272522485276, 0.11183758912142241, 0.21223013192007553], [0.31620511256320266, 0.4255123816463161, 0.06946327412595577, 0.18881923156452543], [0.3470290056571384, 0.4456057316454548, 0.04343734745898611, 0.16392791513842067]], "ideal": "C", "sampled": "C", "correct": true}}
