{"type": "result", "data": {"idx": 0, "options": ["too much curvature of the cornea and lens", "too little curvature of the cornea and lens", "too much curvature of the iris and lens", "too little curvature of the iris and lens"], "probs": [[0.9981855065354159, 0.0012836469019262987, 0.00013319749674661145, 0.00039764896591119224], [0.9969979315954282, 0.002113854129045812, 0.00021259526791482622, 0.0006756189076111914], [0.9954141007329681, 0.00042212574998288393, 0.0036465815161297803, 0.0005171919009192097], [0.9908849852314694, 0.0009035815290546823, 0.0009923847050976767, 0.007219048434378244], [0.9848322808891057, 0.001503973375308031, 0.012397291995246069, 0.001266453640340244], [0.9964531254272914, 0.0009229669347225278, 0.0007301242870797915, 0.001893783250906246], [0.9962542508273265, 0.0028423901699834997, 0.00017338606742573788, 0.0007299728352642067], [0.9966065243795574, 0.0028433891678141896, 0.00015306649868706735, 0.0003970198539412761], [0.8451297482861998, 0.0020949024655914053, 0.15152444724890096, 0.0012509018993078404], [0.994229557345453, 0.0010435276222385196, 0.0010273421671782113, 0.003699572765130264], [0.9797083998519149, 0.0005951263752370777, 0.019101355737722002, 0.0005951179351260187], [0.970392103234814, 0.0013705515235930324, 0.0011362197055061099, 0.027101125436086924], [0.08883864166925148, 0.8972578376451571, 0.007762769470697135, 0.006140751114894269], [0.03820849318392211, 0.9551059613707732, 0.002122188952563505, 0.004563356392741171], [0.46933588992832964, 0.38306746382435125, 0.12632091506843382, 0.021275731078885283], [0.22338439886015027, 0.7439972878806912, 0.005091950845497097, 0.027526362313661464], [0.3917359927108007, 0.03939834155981067, 0.5524421816570255, 0.016423483972363075], [0.24150815603702167, 0.08746957778055968, 0.5793559550659658, 0.09166631101645288], [0.23558204226530727, 0.7370869497174022, 0.017607403432141344, 0.009723604485149228], [0.15138607014637392, 0.8312922874020716, 0.004500683948193457, 0.012820958403361036], [0.5375092504598799, 0.39945197655358067, 0.04999656672059139, 0.013042206165948127], [0.31893655855076036, 0.6544266383602388, 0.003891359340258729, 0.02274544364874202], [0.49511525243513493, 0.057314627389393975, 0.38559914456927025, 0.061970975506200815], [0.8512063583471754, 0.030524907218972067, 0.09256453866595203, 0.025704195667900498]], "ideal": "A", "sampled": "A", "correct": true}}
{"type": "result", "data": {"idx": 1, "options": ["OCD.", "schizophrenia.", "conversion disorder.", "antisocial personality disorder."], "probs": [[0.03231014839993645, 0.8597470937432109, 0.03281932482782839, 0.07512343292902428], [0.03844093344621451, 0.8091664705330254, 0.04288438169787002, 0.10950821422289013], [0.14971928185426608, 0.11126265590819717, 0.6109558297756617, 0.12806223236187506], [0.007366411202803158, 0.005919124690861023, 0.006707255052660844, 0.980007208953675], [0.07141572342718334, 0.023550540557391874, 0.8301906112524762, 0.07484312466294857], [0.007808842575471503, 0.006081584281288883, 0.010184738627502913, 0.9759248344157367], [0.9620921987151434, 0.012495473514747057, 0.012111054274592423, 0.01330127339551716], [0.9609401908808082, 0.01190899191583239, 0.01209654447483551, 0.015054272628523917], [0.9692137005408104, 0.009066776709349389, 0.011283801356461332, 0.010435721293378924], [0.9676524659833716, 0.008911833023342523, 0.009194740906835634, 0.014240959986450231], [0.9661665089946242, 0.008229444335387335, 0.013998765750379371, 0.0116052808196091], [0.9614056517961223, 0.007936945324716846, 0.014371977440569915, 0.016285425338590932], [0.641467689208861, 0.028628144357045915, 0.3030106419338316, 0.026893524400261493], [0.035416856404577514, 0.010306973940593466, 0.011863256803458736, 0.9424129127513703], [0.45428678727291116, 0.4760924016662121, 0.03290877887954626, 0.0367120320813305], [0.5188208701951347, 0.41042422326817146, 0.02749679548398076, 0.04325811095271309], [0.13700499736491495, 0.02697813912967519, 0.03518619669809456, 0.8008306667073153], [0.4312405585811435, 0.02630602195595895, 0.5041785835715609, 0.03827483579133662], [0.18581481068420275, 0.05756309191050204, 0.6385108160500513, 0.11811128125524384], [0.02557417528597237, 0.014123525177124568, 0.015511660422896993, 0.9447906390140061], [0.017367565239900358, 0.9190684542040999, 0.014855423018870573, 0.048708557437129194], [0.013767198021679477, 0.9354658922322753, 0.013343774998070717, 0.037423134647974574], [0.033227165966014584, 0.03649323244273301, 0.01806551494970735, 0.912214086541545], [0.1740822869699987, 0.16872743524685493, 0.5532406815291838, 0.10394959615396253]], "ideal": "B", "sampled": "B", "correct": true}}
{"type": "result", "data": {"idx": 2, "options": ["Homeostatic regulation", "Goal-setting", "Expectancy-value", "Hierarchy of needs"], "probs": [[0.00042365340139164384, 0.0003099539032653127, 0.00023764818665588638, 0.9990287444086872], [0.0018074783385140934, 0.0005960431965907424, 0.996687627108245, 0.0009088512566501511], [0.0005438698339933497, 0.00039173772866957967, 0.0002413409975561001, 0.998823051339781], [0.002391706431122616, 0.0009970096777406057, 0.9955162908303964, 0.0010949929607403431], [0.0002735815672354258, 0.9992125707461763, 0.0003198499059298979, 0.00019399768065841072], [0.0003148238075529868, 0.9990002198507202, 0.0005190566717260937, 0.00016589957000077228], [0.0005354993941429807, 0.00029573378535443986, 0.0002303158428948226, 0.9989384508776078], [0.0022485623443651882, 0.0005597120458785753, 0.9962973157793792, 0.0008944097303770078], [0.0005190748609019047, 0.0002735358784604578, 0.00017117307685902017, 0.9990362160837786], [0.00432135465823966, 0.0010589946127235893, 0.9933422706404917, 0.0012773799885449574], [0.000754745608266965, 0.9983707699585888, 0.0004949758606934314, 0.0003795084724508312], [0.0009537481322300941, 0.9980148775151656, 0.0007312655145547901, 0.0003001087380494738], [0.0005109994628078384, 0.0002735206775478399, 0.00023395295809404198, 0.9989815268015503], [0.0021794144844088765, 0.0005258085422795607, 0.9963124452909771, 0.0009823315823345204], [0.0004952948435459813, 0.0003004138634905312, 0.00018799310696691944, 0.9990162980859966], [0.0033697891963757887, 0.0008130003959536856, 0.9946156827822428, 0.0012015275254277703], [0.000698090763632707, 0.9984632965110726, 0.0005609328393900777, 0.00027767978590463306], [0.0007315743516715231, 0.9984385299538918, 0.0005522226273466684, 0.0002776729670899992], [0.998630538393273, 0.00046511041954291476, 0.00041692408561287865, 0.000487427001571266], [0.9982550244057827, 0.0005786221539807464, 0.0005786252389864373, 0.0005877281012500704], [0.9984375937435996, 0.0005970987676514579, 0.0004300769661372085, 0.00053523042261167], [0.9980510168420347, 0.0006978085682433856, 0.000635366654880665, 0.0006158078348412943], [0.9979537964937277, 0.0009243567696013296, 0.0005434050238712293, 0.0005784416127997144], [0.9979544745727801, 0.0008959172291205924, 0.0006062123494894793, 0.0005433957486098524]], "ideal": "D", "sampled": "D", "correct": true}}
{"type": "result", "data": {"idx": 3, "options": ["measures what it purports to measure", "yields consistent results on successive administrations", "has been piloted and statistically analyzed", "includes norms based on a representative sample of the general population"], "probs": [[0.9961243674957372, 0.0015451629579705472, 0.0006856624253482894, 0.0016448070209440263], [0.9967252407846173, 0.0011854331707873904, 0.0004941628625208566, 0.0015951630820744286], [0.9974175311404919, 0.0008153008124275469, 0.00042297270016591307, 0.001344195246914612], [0.9973809366383435, 0.0007540027010135366, 0.0002688483253961447, 0.001596212235246858], [0.9957075699339667, 0.00114778773563793, 0.0005173489636515857, 0.002627293266743741], [0.9963848211712507, 0.00104578359264138, 0.00045686946840352673, 0.0021125256677044075], [0.0022395354613122176, 0.9922964719748815, 0.0017716255168299523, 0.003692366946976388], [0.0018011590908047692, 0.9932021449114856, 0.002073129411850146, 0.0029235664858594454], [0.0026243267201974388, 0.0005675519067561557, 0.9945982198065156, 0.002209901466530734], [0.0003005516101410095, 0.0001442072200446811, 7.138764126264569e-05, 0.9994838534285516], [0.004805260182453231, 0.000875106169474763, 0.9901447571906464, 0.004174876357425593], [0.00031008234253045045, 0.00014196711924497287, 9.60595658441669e-05, 0.9994518908723804], [0.0015657840907880047, 0.9937783424321991, 0.002074332663408076, 0.0025815407136047792], [0.0011634809259000118, 0.9936837010150639, 0.0012778373269460702, 0.003874980632090071], [0.0022130416229931647, 0.000517495467474416, 0.9960085116119347, 0.0012609511975976606], [0.00028234331765216033, 0.00015838117493714225, 7.138790183728261e-05, 0.9994878875055734], [0.003571385544381124, 0.0007255740292440757, 0.990257335135272, 0.005445705191102801], [0.00023045837770621974, 0.00013761388363316035, 7.251725822365078e-05, 0.9995594103804369], [0.0024064717048075356, 0.9861325284022454, 0.002090788035504767, 0.00937021175744232], [0.0020421707415494974, 0.9783743711558766, 0.001381807889329962, 0.01820165011324402], [0.003364424217534505, 0.0007163307824448234, 0.9930415051457189, 0.0028777397543018413], [0.00033526443744576656, 0.00016858289537402736, 8.745947248936053e-05, 0.9994086930946908], [0.002575692889863034, 0.000602298812522949, 0.9915370395767596, 0.005284968620854342], [0.00027796681903457415, 0.0001608760678921866, 7.02813644531462e-05, 0.99949087564862]], "ideal": "A", "sampled": "A", "correct": true}}
{"type": "result", "data": {"idx": 4, "options": ["the provision of a free, appropriate public education for students with disabilities", "the provision of bilingual education for English-language learners", "schools being held responsible for providing tests that do not discriminate on the basis of race", "the assignment of similar funding to athletic activities for boys and girls"], "probs": [[0.9986650102710507, 0.0001396558184141493, 0.00039167427661140864, 0.0008036595339236801], [0.9985051782976442, 0.00014183245411665803, 0.00030498733492031576, 0.0010480018133187927], [0.998512264447242, 0.00016582017006469958, 0.00047981616541800085, 0.0008420991172753029], [0.9984239759521714, 0.0001764988589846489, 0.00036785507940981135, 0.0010316700094341233], [0.9985307718229465, 0.00014183615358900623, 0.0002956115136532798, 0.0010317804098112747], [0.9985333817419612, 0.0001418363494285348, 0.0003402474644083237, 0.0009845343442019536], [0.003238930132463677, 0.9863362420307468, 0.0032389555110056466, 0.007185872225783874], [0.002128930190847308, 0.9885584109324612, 0.0017649575490396394, 0.0075477012276518275], [0.025809777849921157, 0.004279706618730963, 0.9535048585297619, 0.016405656901586], [0.00012729808156205678, 5.737788231883918e-05, 4.610443776806417e-05, 0.9997692194983511], [0.007092856230439971, 0.0006495141171565027, 0.9889072085275002, 0.003350421024903281], [9.027356661621289e-05, 2.8853260423168114e-05, 4.832006582992294e-05, 0.9998325530071307], [0.11202240375131427, 0.8811292355015605, 0.0028934801060222825, 0.003954880541102893], [0.15913942696099712, 0.8338355959018866, 0.0031027593540580646, 0.003922217683058247], [0.032893544788851335, 0.001491125621523935, 0.9613006378790899, 0.004314691610534791], [0.00024535042696965465, 4.068318825598649e-05, 3.8218337420784014e-05, 0.9996757479473536], [0.02535586621170415, 0.0018657066624200383, 0.9664668567255139, 0.006311570300361852], [0.00023048751284269388, 4.330742996836079e-05, 4.1324269710953494e-05, 0.999684880687478], [0.004795336666082374, 0.9880894133018422, 0.0015089362671519449, 0.005606313664923539], [0.004170571320856622, 0.9891122176406603, 0.002064603312702895, 0.004652607625780193], [0.006271096023737066, 0.00048357822247857514, 0.9907508614602971, 0.0024944641934872285], [0.0001022917327601375, 3.2694500288338435e-05, 4.831932789239996e-05, 0.9998166943390591], [0.024721235097692324, 0.0033983609257085216, 0.9571186923694858, 0.014761711507113352], [0.00015354752156279377, 5.5611404556214524e-05, 4.263877189482116e-05, 0.9997482022019861]], "ideal": "C", "sampled": "A", "correct": false}}
{"type": "result", "data": {"idx": 5, "options": ["0%", "25%", "50%", "75%"], "probs": [[0.15027924776238924, 0.19600771043770696, 0.4281114892597936, 0.2256015524401102], [0.16597754503516524, 0.24150499288580218, 0.4044356228499524, 0.1880818391290802], [0.13033438018898533, 0.4693703159824846, 0.12436742612297123, 0.27592787760555887], [0.17630644580112464, 0.40994298990781547, 0.2605680667754872, 0.1531824974155727], [0.11377820219785206, 0.502033617403337, 0.18759086214466567, 0.19659731815414536], [0.15021180657399197, 0.441512869507243, 0.23265511591923901, 0.175620207899526], [0.1463770822623896, 0.1213541590642525, 0.5611337255532569, 0.171135033020101], [0.17431394754097163, 0.1716162562198684, 0.5204162001089386, 0.13365359603022137], [0.101193405588774, 0.3423460466559577, 0.19203300831535827, 0.36442753933991], [0.17817251382476545, 0.2803153097349232, 0.3488558530458639, 0.19265632329444743], [0.11111257306939429, 0.48266610601688115, 0.15187562095341528, 0.2543456998603093], [0.16539776323571853, 0.4093746542521228, 0.22257328031221532, 0.2026543020999433], [0.5347880403424686, 0.11036316879884088, 0.12120749687273547, 0.23364129388595503], [0.46554989170210254, 0.10886611220595269, 0.36257753861763176, 0.06300645737431303], [0.48012646312492285, 0.0874408321376497, 0.17941170661724035, 0.2530209980201871], [0.5428579449110768, 0.09001740812355136, 0.22986438868131348, 0.1372602581840584], [0.48166144178118137, 0.3362654259316327, 0.1217845461143653, 0.06028858607282061], [0.4210360630130285, 0.3658153063612272, 0.1115653813078331, 0.10158324921791118], [0.4769408964861759, 0.0984254397470766, 0.24360061998017005, 0.18103304368657747], [0.4768766043929941, 0.08032130003369187, 0.37724669189132853, 0.06555540358198544], [0.4426406721637766, 0.11547439773085522, 0.2602188172578402, 0.18166611274752797], [0.4406846362217743, 0.12626143363024256, 0.2631509123397881, 0.16990301770819505], [0.5402517003902105, 0.19875369510507762, 0.16999941459085202, 0.09099518981385984], [0.43762040133868424, 0.203518256524715, 0.1584971099933437, 0.20036423204325704]], "ideal": "A", "sampled": "D", "correct": false}}
{"type": "result", "data": {"idx": 6, "options": ["variance", "mean", "range", "median"], "probs": [[0.6660053630102448, 0.06910831377547842, 0.15094631683887094, 0.1139400062754058], [0.5709805402932715, 0.07489653564394776, 0.07146670562108888, 0.2826562183416919], [0.2278754064396432, 0.6390929258024719, 0.020225141287469363, 0.11280652637041548], [0.4088371210829453, 0.4931519527057736, 0.02696578848120731, 0.07104513763007378], [0.4624769165194987, 0.15014461444351673, 0.04369455736427694, 0.34368391157270767], [0.5090294962084251, 0.08054038701428357, 0.3666412748035431, 0.04378884187374823], [0.0066984663661597416, 0.9194291908634006, 0.015095236934741815, 0.05877710573569784], [0.00627687156505184, 0.917126939900485, 0.011189741323509937, 0.06540644711095328], [0.05596452682584654, 0.3537071114742786, 0.4333717605293749, 0.1569566010704999], [0.03388127816969984, 0.4000594630395293, 0.036066477424535066, 0.5299927812662358], [0.04767205601209561, 0.35779971147326683, 0.3808761863094878, 0.21365204610514982], [0.045908167269583765, 0.3610966151428239, 0.20255681568509115, 0.3904384018025012], [0.003046125080557607, 0.9721353802299899, 0.005263239047935403, 0.019555255541517116], [0.002996218033629271, 0.9712660068414037, 0.004939934883385001, 0.020797840141581942], [0.04645454553388837, 0.04432733007768549, 0.8495692773418769, 0.05964884694654919], [0.06514406009427764, 0.06721205808408307, 0.13366706269635037, 0.7339768190252889], [0.11480799084385498, 0.24304920028919763, 0.539229476661529, 0.10291333210541839], [0.059482490769571426, 0.34768910378168794, 0.037223273269870336, 0.5556051320788703], [0.22935988727809556, 0.49320338498029936, 0.04807660194493844, 0.22936012569666664], [0.42588054494949307, 0.2836990313887163, 0.1860539587244012, 0.10436646483738934], [0.2022259235179854, 0.1676519363950924, 0.42147651310520645, 0.2086456268817157], [0.22123702197897918, 0.18630095101968508, 0.12410290722951392, 0.4683591196718218], [0.5195838135023314, 0.3102585626789827, 0.09171221267688746, 0.07844541104179845], [0.18405502262576315, 0.5161959730319723, 0.019098556414329147, 0.2806504478279354]], "ideal": "A", "sampled": "A", "correct": true}}
{"type": "result", "data": {"idx": 7, "options": ["They need provide supervision only to school psychologists who are not fully certified or licensed and to any school psychology interns.", "They should provide professional but not administrative supervision.", "They are eligible to serve as supervisors after one year of experience as a school psychologist.", "They should hold the Nationally Certified School Psychologist credential or the state school psychologist credential."], "probs": [[0.1124412830824085, 0.4378216433736465, 0.12942052990630887, 0.32031654353763617], [0.10547371521949184, 0.18224342708682775, 0.535647169764335, 0.17663568782934536], [0.12634040366958146, 0.05025501902548953, 0.515555558616687, 0.30784901858824204], [0.07641561214732485, 0.040902643782241094, 0.32679244385681283, 0.5558893001136213], [0.11241726241128229, 0.3409031825647633, 0.3462736205030822, 0.20040593442087218], [0.07979838638474453, 0.2829122574669957, 0.04765046068158848, 0.5896388953666712], [0.19763858337465182, 0.25777105169957604, 0.15153662994151226, 0.3930537348842599], [0.19484052311980107, 0.19484202813721607, 0.364014956081612, 0.24630249256137085], [0.09759729154906986, 0.023917367153311074, 0.6989759000609648, 0.17950944113665426], [0.009302876592089256, 0.0038179187376542034, 0.007833866004822337, 0.9790453385654342], [0.08093784486067615, 0.01544736417659806, 0.8174567709019962, 0.08615801996072953], [0.019611324254574264, 0.006884276564884752, 0.013691025185446957, 0.959813373895094], [0.054217068203723594, 0.4611050584002421, 0.2178115162164688, 0.2668663570795655], [0.02629182399313084, 0.2004399381230028, 0.0400906601477708, 0.7331775776360956], [0.02838518992025359, 0.6069046179188131, 0.12330081896907576, 0.24140937309185753], [0.013986102844509452, 0.22928053987861144, 0.01660909270862474, 0.7401242644682543], [0.06336219287968653, 0.0729299385502234, 0.3881459198005771, 0.47556194866951296], [0.06556694306622342, 0.08159998180050214, 0.46957788566390574, 0.38325518936936864], [0.032376022590857687, 0.7031345681054152, 0.14970634055308044, 0.11478306865064665], [0.015217498860460272, 0.5891622894886666, 0.021127626278068697, 0.37449258527280443], [0.03744960607973224, 0.5767315056537544, 0.2945671101456097, 0.09125177802090362], [0.012618494395094472, 0.6677535268893497, 0.018649135043597397, 0.3009788435719584], [0.03360469654613659, 0.01074076728201523, 0.7529920969941734, 0.20266243907767487], [0.03526361035273148, 0.013177141068633026, 0.665384196255142, 0.28617505222349343]], "ideal": "D", "sampled": "A", "correct": false}}
{"type": "result", "data": {"idx": 8, "options": ["at the beginning of the list", "in the middle of the list", "at the end of the list", "distributed throughout the list"], "probs": [[0.058893224001371404, 0.7637535546259947, 0.026963799079897585, 0.15038942219273627], [0.13024859492990423, 0.6614731138322207, 0.18951412072877838, 0.018764170409096708], [0.40777552731393263, 0.08029854416489109, 0.27592137864335925, 0.23600454977781699], [0.3910810314558425, 0.05634291789542981, 0.5345685431705003, 0.018007507378227434], [0.27569055965305017, 0.6717830995809263, 0.030932536806537986, 0.02159380385948554], [0.20676394613635227, 0.7446062259315607, 0.023935337553465868, 0.024694490278621244], [0.7971856326011196, 0.036138619012319816, 0.028144604511346885, 0.13853114377521367], [0.8019157409722456, 0.03309966026361067, 0.1483413345221952, 0.01664326414194854], [0.8169634663514741, 0.045376444572187716, 0.027095361632907426, 0.11056472734343076], [0.7461566743625407, 0.03600681113075158, 0.20082847285726657, 0.01700804154944112], [0.7544535791207027, 0.22653105544058189, 0.009062401490771598, 0.009952963847943846], [0.7777008478676924, 0.19358788591018378, 0.016140893235369515, 0.01257037288675422], [0.264035499010702, 0.09866620074714964, 0.30869612784642825, 0.3286021722957201], [0.31803171638826183, 0.07554180637953477, 0.575905897563255, 0.03052057956894831], [0.03310359130313985, 0.8808663117386715, 0.010255199426240178, 0.07577489743194854], [0.08589536631816451, 0.753723556072713, 0.13726258174251849, 0.023118495766604043], [0.05089415533489436, 0.9021386368842008, 0.02056362262812819, 0.026403585052776686], [0.0928218378454286, 0.801879477448734, 0.07006742163892399, 0.03523126296691343], [0.13808622749130564, 0.5998367577215702, 0.18581855018339222, 0.07625846450373193], [0.12282183294606963, 0.6744417698254668, 0.12091941655528021, 0.08181698057318339], [0.034337924078552295, 0.8450460716438689, 0.07983876286598186, 0.040777241311596955], [0.03857267131372489, 0.7993600665962013, 0.11697130958418168, 0.04509595240589209], [0.15518777417749485, 0.6533835675670291, 0.10019844993390523, 0.0912302082215708], [0.1416649584828238, 0.5603123568742033, 0.20937106253371662, 0.08865162200925619]], "ideal": "A", "sampled": "B", "correct": false}}
{"type": "result", "data": {"idx": 9, "options": ["Piaget's cognitive development theory", "Erikson's psychosocial stage theory", "Kohlberg's moral development theory", "Ainsworth's social attachment theory"], "probs": [[0.0005419025357813297, 0.9952151551248744, 0.0006536630332690096, 0.0035892792060752726], [0.000694249253628566, 0.9929724038027804, 0.0007866921023323074, 0.005546654741258714], [0.002316682000279618, 0.0006043486323307168, 0.9949026534176041, 0.002176315849785589], [0.00030054565987366763, 0.00012926425650099045, 0.00011056480307893099, 0.9994596251805464], [0.0022796214664968432, 0.0006531284737970419, 0.9944021165684117, 0.0026651333912943802], [0.0003568310591484766, 0.00026935268759941593, 0.00012723239897696374, 0.9992465837542751], [0.994199685524072, 0.0005329677647807629, 0.000663285236523598, 0.004604061374623646], [0.9937825458096652, 0.0005244849686558743, 0.0007168818753476681, 0.0049760872463312684], [0.994668104381523, 0.0006533126627490828, 0.0012016178988889863, 0.003476964956838916], [0.9940308974362427, 0.0006842273901127584, 0.0008923969039897797, 0.004392478169654759], [0.9917525788077413, 0.0009932635127110063, 0.0010739683144330029, 0.006180189265114779], [0.9912487814459543, 0.0009472974877485697, 0.0011249388278489682, 0.006678982138448169], [0.0028779564884991453, 0.0009490592239694513, 0.9931094255723137, 0.003063558615217696], [0.0003005317592868959, 0.0001910314533944401, 9.605601746191347e-05, 0.9994123806698567], [0.0005015725404364092, 0.9959982803106628, 0.0005683593092164859, 0.002931787739684283], [0.0008256926948772116, 0.9944799180800623, 0.0009356377073266948, 0.003758751417733751], [0.0003979728137188765, 0.0005030895824495209, 0.00010545274331889546, 0.9989934847605128], [0.0022476778654274697, 0.0005422811310076568, 0.9959091901287651, 0.0013008507747997956], [0.0053729399438288, 0.0003031239844976878, 0.9924081613021042, 0.0019157746695693467], [0.003074244545741655, 0.00016293117102356768, 0.0002059624060103476, 0.9965568617772245], [0.0008676146911071479, 0.9971185779694172, 0.00036737352098882114, 0.0016464337184868621], [0.0028363049817893985, 0.9941445921944939, 0.0007754092945688516, 0.002243693429147866], [0.0034810180262015724, 0.0004638078006514147, 0.00022959938602713147, 0.9958255746871199], [0.007923875330272974, 0.0005145392708901998, 0.9903078486925765, 0.0012537366062603747]], "ideal": "B", "sampled": "B", "correct": true}}
{"type": "result", "data": {"idx": 10, "options": ["aptitude", "projective", "achievement", "intelligence"], "probs": [[0.08450297816296577, 0.030605141202987806, 0.8669002024363088, 0.017991678097737603], [0.019013230134142807, 0.004309254318147533, 0.0014892408220773716, 0.9751882746256323], [0.030204891846052337, 0.939651717956119, 0.008387650276380805, 0.021755739821447857], [0.02990214487687029, 0.930233464764888, 0.005980850491992093, 0.03388353976624961], [0.028565990695985116, 0.00657630270277972, 0.003988724997251529, 0.9608689815039836], [0.053289196539364786, 0.017300559586371188, 0.9013288440005546, 0.02808139977370948], [0.07965866834781687, 0.033206923184613164, 0.8564233364295483, 0.030711071938021743], [0.01754071720983277, 0.007783690805500041, 0.0019074799180163883, 0.9727681119666508], [0.03785223254891461, 0.9315224890132268, 0.009721313920335381, 0.02090396441752328], [0.024672985858478182, 0.9552407317111438, 0.003391729263117975, 0.01669455306726009], [0.01374934365862974, 0.0035311452457836745, 0.0036432222367996, 0.9790762887587869], [0.05507960535417784, 0.02090598684801926, 0.8616011740164826, 0.06241323368132034], [0.8337023142725466, 0.07171906199202041, 0.014570641239932968, 0.08000798239550005], [0.8106457846936902, 0.06654223264687786, 0.013102969568310347, 0.10970901299112153], [0.8916650064795538, 0.020009764616788696, 0.0173848115540773, 0.0709404172495802], [0.9197288541558502, 0.014635625875256656, 0.005913339968315422, 0.05972217990057773], [0.8530106185923584, 0.022732081524582212, 0.02237967464047227, 0.1018776251425871], [0.8903441973566568, 0.02029477098475092, 0.011563631796087217, 0.07779739976250509], [0.02936629379497931, 0.009836542061018305, 0.0033994114689229306, 0.9573977525750794], [0.05194251616186601, 0.019409617895991493, 0.8923861943956743, 0.03626167144646812], [0.009088466582328114, 0.0025237907307764794, 0.0015548576565370515, 0.9868328849303584], [0.06528988358303148, 0.029428634241472407, 0.8335746966665626, 0.0717067854089335], [0.01921310295283901, 0.9403224086785504, 0.006744475172334392, 0.03372001309627619], [0.015528639529597483, 0.9458327766629594, 0.006274173025024323, 0.032364410682418784]], "ideal": "C", "sampled": "C", "correct": true}}
{"type": "result", "data": {"idx": 11, "options": ["proximity and similarity", "top-down processing and bottom-up processing", "binocular and monocular cues", "size and shape constancy"], "probs": [[0.0017717713350161655, 0.001025426542667624, 0.9923866312785123, 0.004816170743803901], [0.000410481188614128, 0.0005788745165440236, 0.00031472801992516656, 0.9986959161749167], [0.0002901989518246924, 0.9956924974593236, 0.0006961543154439461, 0.0033211491734076886], [0.0006633065062664632, 0.9942452636838999, 0.0017751069588930334, 0.0033163227509406725], [0.0004437126487534533, 0.0009247809989493004, 0.0002128966365167477, 0.9984186096157804], [0.0027457280481301065, 0.0015163397402781925, 0.9929489636870199, 0.002788968424571835], [0.0030021392631788915, 0.0023018312014159033, 0.9731955651795039, 0.021500464255901346], [0.0004873787068379614, 0.0006981413400951739, 0.00028207417679289055, 0.998532405676274], [0.0007680121624032256, 0.984666189622833, 0.0015758640910927295, 0.012989934023670961], [0.0011556840147921737, 0.9870247936414362, 0.0027293686553512765, 0.009090153588420306], [0.0006051931115420958, 0.0027550143549779607, 0.00034483005744902434, 0.9962949623760309], [0.004451342951205799, 0.011366957104332762, 0.9763693417082292, 0.007812358136232209], [0.9980286269893631, 0.0012834340519174586, 0.00023741325752657728, 0.0004505256011927764], [0.9968627184422861, 0.0013646118695764846, 0.0007897806062159243, 0.0009828889819214373], [0.9985777720180347, 0.000527010531276426, 0.00043013491018836276, 0.00046508244050049303], [0.9983939446517031, 0.0005269137331374122, 0.0006557568705571207, 0.00042338464460242955], [0.9963064173591699, 0.0021456382194014593, 0.0005958265962145582, 0.0009521177252140123], [0.9969511450742198, 0.0023951814083702605, 0.0002687342882763533, 0.0003849391291335449], [0.0018340117777798986, 0.002144185855048221, 0.0003844316285634484, 0.9956373706386085], [0.006855999595275029, 0.002058554536762604, 0.9862238109350749, 0.004861634832887448], [0.0015457770632674379, 0.0015457833496947536, 0.0003788106804103237, 0.9965296288066274], [0.009825904689083719, 0.0015305902086909433, 0.9867386652679146, 0.0019048397343107118], [0.0007645952370221678, 0.9957223486873134, 0.0013006257682207252, 0.0022124302074437714], [0.00042965366136560437, 0.9974740413381762, 0.0007308686230435566, 0.0013654362774146818]], "ideal": "C", "sampled": "C", "correct": true}}
{"type": "result", "data": {"idx": 12, "options": ["be paralyzed", "fall into a coma", "suffer severe speech impairment", "die"], "probs": [[0.038740866279219986, 0.42972901899449284, 0.0131810578923452, 0.5183490567339419], [0.032502773540517844, 0.7752708647505739, 0.046558692179459106, 0.14566766942944906], [0.06443103738242748, 0.023703114432123775, 0.6609861598762238, 0.250879688209225], [0.05156586414741393, 0.027173657473693973, 0.7696995877766478, 0.1515608905022443], [0.06778932463130947, 0.05532874993916519, 0.7288160431969917, 0.14806588213253363], [0.06194359063482737, 0.2776155471524142, 0.14179182051194386, 0.5186490416008145], [0.8125693547520435, 0.00888697682486431, 0.008219139397038031, 0.1703245289260541], [0.9264478915507127, 0.007073619580108863, 0.03220108232085747, 0.03427740644832092], [0.7698483107843647, 0.016485070040427544, 0.012838612642782583, 0.20082800643242518], [0.7755065216691073, 0.016606286018527795, 0.15511294809976744, 0.05277424411259748], [0.8640318052229654, 0.05188995666467996, 0.00974989113043361, 0.07432834688192105], [0.8048145800203477, 0.05145104620631753, 0.03481352341875063, 0.10892085025458421], [0.09276241941967966, 0.013788061993004554, 0.7646616174522984, 0.12878790103501736], [0.0887037344905683, 0.011455164041277496, 0.8285655872330359, 0.07127551413511835], [0.05449771511087126, 0.5590804603993178, 0.013996331984387453, 0.3724254924054235], [0.07267118881406073, 0.6277915741204528, 0.1637690191735617, 0.13576821779192472], [0.04067879669855657, 0.8834555638220851, 0.008797516264326424, 0.06706812311503185], [0.11319117752930402, 0.6313377900388321, 0.13868621610295684, 0.11678481622890709], [0.29800712670749235, 0.021927801604062595, 0.5230258634513975, 0.1570392081370476], [0.4939458814945362, 0.02459240405290978, 0.038689163731317054, 0.44277255062123694], [0.20268110589122154, 0.6051027076720994, 0.01885262286162796, 0.17336356347505105], [0.36805454441285984, 0.38572428201341225, 0.05823564615614464, 0.18798552731758322], [0.48837280861993315, 0.1882872672396575, 0.02712528667999768, 0.2962146373604117], [0.40650057231298553, 0.25044186413417413, 0.14494388667945332, 0.19811367677338704]], "ideal": "D", "sampled": "B", "correct": false}}
{"type": "result", "data": {"idx": 13, "options": ["achievement", "standardized", "projective", "triarchic"], "probs": [[0.05735290749657215, 0.9256339605512652, 0.006236869670786195, 0.010776262181376343], [0.05267964261604421, 0.93377369542556, 0.0043923322074215865, 0.009154329650974192], [0.051274530668021054, 0.008112822671724793, 0.9377199425737588, 0.002892703986495389], [0.0867007225766109, 0.008191451430455205, 0.0016641913680632903, 0.9034436345248706], [0.16989022285974145, 0.020610032351553995, 0.7979386351454255, 0.01156110954327901], [0.050036644795536406, 0.004304390726072894, 0.0015347733360808202, 0.9441241910423098], [0.9924206933738567, 0.002618633263440896, 0.0020393981078061555, 0.002921275154896141], [0.9946926510445425, 0.0021758928656820903, 0.0013830873202179499, 0.00174836866955739], [0.9910687594138158, 0.0026150688326210154, 0.004114080628108085, 0.002202091025455153], [0.9920807476455696, 0.0017991444404118907, 0.001074320688087578, 0.00504578712593091], [0.9933129121456177, 0.0020733724081413263, 0.002540353648310058, 0.0020733616979308938], [0.9888802669388934, 0.0016328524457355207, 0.0011946232427657015, 0.008292257272605396], [0.028606212483063498, 0.007120661615853467, 0.962233031054002, 0.0020400947470809376], [0.037230757243968966, 0.030865478318407514, 0.001254217620153977, 0.9306495467174696], [0.026404086350221526, 0.9603279774402433, 0.006996418775310975, 0.006271517334224187], [0.022631031312584808, 0.9473829597125675, 0.0031110279872564118, 0.026874980887591243], [0.011774740245111562, 0.0017501666537432991, 0.006204821202705695, 0.9802702717984394], [0.029827036326112707, 0.00479364404294659, 0.9573515168531984, 0.008027802677742316], [0.060031364982211184, 0.016411676833135415, 0.9101622010492607, 0.013394757035392729], [0.011630471601694274, 0.004212299757186433, 0.0006459758625591116, 0.9835112526785602], [0.07140680148865661, 0.8699181082477172, 0.03071179638558559, 0.027963293778040636], [0.05784267450504027, 0.7861183047624194, 0.008333056613267416, 0.14770596401927288], [0.00802774093613072, 0.0018772021279144788, 0.002372990606491936, 0.9877220662294629], [0.027837000801408274, 0.005926845529172486, 0.951101486433981, 0.015134667135438224]], "ideal": "B", "sampled": "B", "correct": true}}
{"type": "result", "data": {"idx": 14, "options": ["discrimination", "spontaneous recovery", "trace conditioning", "generalization"], "probs": [[0.39965037698475636, 0.07165457521123118, 0.05408726793246809, 0.47460777977154434], [0.20750983134634618, 0.03899055360981788, 0.6195194743681303, 0.13398014057570562], [0.3302604278932326, 0.34074995042375916, 0.013846331045351426, 0.31514329053765683], [0.2942799362351756, 0.16507883552761826, 0.5164848623260494, 0.024156365811156686], [0.1110244913802398, 0.8203828968330851, 0.010993082259152664, 0.057599529427522465], [0.09387035677657535, 0.863233260247593, 0.021950794527098826, 0.020945588348732853], [0.09273518344621803, 0.25605498978751395, 0.08312798787930849, 0.5680818387869595], [0.06690935939423767, 0.060922586783394746, 0.777809816025122, 0.09435823769724562], [0.054185178226374336, 0.24284571452030546, 0.021892996543492423, 0.6810761106098278], [0.07018773727675968, 0.07830133068309005, 0.8032711090047557, 0.048239822935394513], [0.018171569228071758, 0.8893555071181422, 0.012295631018863424, 0.08017729253492267], [0.013196287859722391, 0.954510344392774, 0.012790392330365746, 0.019502975317137794], [0.08594489829123945, 0.14170120372478393, 0.006323938330599414, 0.7660299595533772], [0.10820939672249262, 0.08427461619891109, 0.7871837873989926, 0.02033219957960366], [0.04403089793001831, 0.043348894124458415, 0.014294871327363113, 0.8983253365181602], [0.0516215581999342, 0.019902159267989352, 0.9008450246761306, 0.027631257755945833], [0.017245126894461813, 0.9714512828564428, 0.007077450400943672, 0.004226139748151686], [0.014394138201297675, 0.9780721199484784, 0.003211798655079879, 0.004321943095143986], [0.7964316660305226, 0.08264300409535595, 0.009717226298152562, 0.11120810347596888], [0.8655700569870689, 0.08570412433793755, 0.02739248761307814, 0.021333330961915403], [0.6016962886265999, 0.06146818020135485, 0.04358709862911532, 0.2932484324429299], [0.7759113675798507, 0.04960314036102352, 0.06270358523982812, 0.11178190671929764], [0.8817706069589796, 0.060005948016384036, 0.038742485111885744, 0.019480959812750588], [0.856522204224245, 0.06401673417763298, 0.01544463279431534, 0.06401642870380664]], "ideal": "D", "sampled": "D", "correct": true}}
{"type": "result", "data": {"idx": 15, "options": ["the mere-exposure effect.", "self-serving bias.", "equipotentiality.", "the fundamental attribution error."], "probs": [[0.7216618555575464, 0.1853400293737639, 0.008143282380864383, 0.0848548325878254], [0.6485575702664393, 0.12572971500326632, 0.18293534967071642, 0.04277736495957791], [0.5872892906357612, 0.011630737557359062, 0.2907309615811732, 0.11034901012570661], [0.38930812372547374, 0.012711528612445275, 0.12838054175848998, 0.469599805803591], [0.6383639191394274, 0.18577591205759467, 0.13173455440280873, 0.0441256143001692], [0.42350337573195707, 0.26502453581086616, 0.006430629728494926, 0.3050414586286818], [0.9196442668779059, 0.04104310409410226, 0.00475106450557024, 0.03456156442242164], [0.890268949860882, 0.057809779231456214, 0.03561535723767453, 0.01630591356998724], [0.8670172609730923, 0.007384946500284208, 0.10355061195173787, 0.022047180474885644], [0.8052193341667542, 0.012226730310586874, 0.09768420238521917, 0.08486973303743972], [0.8318497677184423, 0.07983097567072676, 0.0693578359121399, 0.01896142059869096], [0.8615629872740852, 0.0685462818539673, 0.00844651387096933, 0.06144421690097814], [0.013579729378553144, 0.36134571809342747, 0.37281544019618723, 0.2522591122318321], [0.007224024813837267, 0.28409151685627915, 0.1165901880946479, 0.5920942701352356], [0.000868790268892139, 0.9829905206230746, 0.004696644744464141, 0.011444044263569106], [0.001084160540893746, 0.9553321140865514, 0.014281032811685088, 0.029302692460869792], [0.0008034541394079037, 0.9676961205009884, 0.003177732467065202, 0.028322692792538427], [0.001484695844068823, 0.9277042753068122, 0.01596202227368329, 0.054849006475435634], [0.8657618833382389, 0.052812137061484826, 0.06676063456941797, 0.014665344930858304], [0.7671468104056367, 0.04904246985480863, 0.004421307028873173, 0.17938941261068153], [0.5511977548823408, 0.36718054781504084, 0.055435734487688175, 0.02618596271493025], [0.4738104340568409, 0.4314134985752234, 0.011143048988085059, 0.08363301827985066], [0.7522681677002101, 0.012350855923083806, 0.045177286559067956, 0.19020368971763807], [0.4579270409104142, 0.01299051267818216, 0.4651413187781846, 0.06394112753321901]], "ideal": "D", "sampled": "B", "correct": false}}
{"type": "result", "data": {"idx": 16, "options": ["grounding a teenager for staying out past curfew", "spanking a child for misbehavior", "permanently revoking the driving privileges of a third-time DWI driver", "refusing to return the boss' phone call after not getting the expected raise"], "probs": [[0.0371030103065778, 0.016723764021474675, 0.004098343864802428, 0.942074881707145], [0.07290387451643356, 0.024804410607303224, 0.8086810442573712, 0.093610670518892], [0.0797099535125325, 0.025878324764710654, 0.023933520226144114, 0.8704782013966127], [0.09152313912544052, 0.025415347460466243, 0.5266889244905175, 0.3563725888235757], [0.36088686908982237, 0.3443636272178173, 0.061741090844796856, 0.23300841274756343], [0.13463427425992333, 0.09399090916448237, 0.00860700775463508, 0.7627678087209592], [0.08389641578112185, 0.02121252253101952, 0.006886733887589126, 0.8880043277002695], [0.12302485817515432, 0.03062345450312459, 0.6755480559649347, 0.17080363125678638], [0.2409301513053923, 0.04387723588687642, 0.018007345227477097, 0.6971852674802542], [0.16012782632322364, 0.0404871684508263, 0.6235173049903943, 0.17586770013555583], [0.33483418943675625, 0.4871840494651582, 0.027059074589359435, 0.15092268640872608], [0.3408517628044362, 0.2738850783923399, 0.016707245694481725, 0.3685559130087422], [0.13272763391813655, 0.04732611633882176, 0.11352930623560406, 0.7064169434074377], [0.05931151668751101, 0.025509854823612243, 0.20380982792539126, 0.7113688004634855], [0.11444158532226024, 0.05577508194839067, 0.010157447685680594, 0.8196258849436685], [0.12447338550038149, 0.0543789491003017, 0.612692058025126, 0.20845560727419074], [0.10840183133970017, 0.1328182267330879, 0.01797500502422465, 0.7408049368029873], [0.1692489880601799, 0.4673154373109661, 0.17462344915172942, 0.18881212537712458], [0.8458881253958316, 0.024373987186534416, 0.09198673582573155, 0.037751151491902384], [0.7315977532002556, 0.02108081693068699, 0.00980353663919611, 0.23751789312986135], [0.9107355813790428, 0.01721027929947081, 0.039394786182382575, 0.03265935303910389], [0.8838491834046861, 0.019224165864936804, 0.013420666235267135, 0.08350598439510992], [0.7896849711166879, 0.019769516708630475, 0.05544515419752178, 0.13510035787715985], [0.797127264380124, 0.019341828310371685, 0.1521360574344308, 0.03139484977507347]], "ideal": "D", "sampled": "D", "correct": true}}
