{"type": "result", "data": {"idx": 0, "options": ["P(t > 1.54) with df = 6", "2P(t > 1.54) with df = 6", "P(t > 1.54) with df = 7", "2P(t > 1.54) with df = 7"], "probs": [[0.13869927202122492, 0.2148235642028995, 0.49174726786402073, 0.15472989581185487], [0.13911948682110625, 0.244164504260308, 0.2723881520836909, 0.34432785673489485], [0.08062386632089032, 0.7185997473266319, 0.10352553580449204, 0.09725085044798569], [0.08537410644049102, 0.6508659463176567, 0.14522961538030257, 0.11853033176154967], [0.09927039074730039, 0.48863155076668296, 0.18838692217143668, 0.22371113621458], [0.10060484485986544, 0.362295139813448, 0.3738016084700389, 0.1632984067566476], [0.1534912861209907, 0.20019277629947294, 0.4582538834016148, 0.18806205407792156], [0.20016835032644487, 0.27360100774417695, 0.3352276236330449, 0.19100301819633328], [0.10335966841620488, 0.5167716913564161, 0.22226324343771603, 0.15760539668966303], [0.11645865786277912, 0.4193886345023334, 0.28377685793711727, 0.18037584959777023], [0.10879038450872264, 0.5030477976196529, 0.25693513600532353, 0.1312266817663009], [0.10525882556753265, 0.4717428824353211, 0.22634763197863506, 0.19665065991851122], [0.16555870080968962, 0.4643253108796883, 0.19661096054668314, 0.17350502766393894], [0.182598204698914, 0.4519393106888314, 0.24190976901095698, 0.12355271550129762], [0.15588679347188825, 0.36245127688903717, 0.33521937338453345, 0.14644255615454116], [0.13544532251656646, 0.40436871630771304, 0.2779230690343492, 0.18226289204137133], [0.213463747078776, 0.35194589635351803, 0.27841635705975987, 0.1561739994079461], [0.19197150431016405, 0.3586531739466286, 0.2141648328461835, 0.23521048879702383], [0.16875000063505086, 0.35724821364646575, 0.25732054240816626, 0.2166812432103171], [0.1361390670422532, 0.26654994882287325, 0.48267025469885927, 0.11464072933601421], [0.22933616206724144, 0.28991167438506205, 0.24413358071388164, 0.2366185827338149], [0.18588005004454522, 0.35829752680056554, 0.3017216622527716, 0.15410076080211768], [0.26818072793186115, 0.2403982728479313, 0.3337650596761724, 0.15765593944403514], [0.3117000963465575, 0.2666140417007014, 0.2624843638132478, 0.15920149803949327]], "ideal": "B", "sampled": "C", "correct": false}}
{"type": "result", "data": {"idx": 1, "options": ["0 to 31.7 minutes", "31.7 to 39.3 minutes", "25.3 to 44.7 minutes", "25.3 to 35 minutes"], "probs": [[0.23573337141699566, 0.35388287371012955, 0.16716406988671587, 0.24321968488615894], [0.2609447810778364, 0.39173043876117786, 0.19392194384563294, 0.15340283621535278], [0.21190863302802748, 0.4701467962158514, 0.1188729458424612, 0.1990716248136599], [0.17711234354859237, 0.6086082548577183, 0.09629649066403889, 0.11798291082965047], [0.31325580266312314, 0.38985858601045525, 0.17031794023369543, 0.12656767099272617], [0.26514844486475253, 0.4801289093081518, 0.13332798280944214, 0.12139466291765354], [0.3288899957804807, 0.19639249144020723, 0.22254438696066334, 0.25217312571864864], [0.3815616382603525, 0.21404003990238013, 0.23507944975830852, 0.16931887197895884], [0.25246879990784094, 0.40345050953126216, 0.10690469748380842, 0.23717599297708847], [0.2299593090781088, 0.44326639170982374, 0.15319007633584678, 0.17358422277622068], [0.3196444666224942, 0.39781002408117455, 0.10875609029832302, 0.1737894188980082], [0.2536594195809794, 0.4382923114370413, 0.1468109593598969, 0.16123730952208243], [0.19467479028283965, 0.43871354763937154, 0.08774920643367011, 0.2788624555441187], [0.213022550337058, 0.5439822430074612, 0.10545654122416183, 0.13753866533131895], [0.16051645934130968, 0.5022195689374062, 0.08864791143502238, 0.24861606018626178], [0.17386696712820626, 0.5031109301805767, 0.14641511002461918, 0.17660699256659784], [0.29069014514489355, 0.30944248108623035, 0.26468282146540434, 0.13518455220347178], [0.2241513744278289, 0.3526450185038651, 0.2540036884290078, 0.16919991853929825], [0.16929735872309298, 0.6002230271179906, 0.10268669956963704, 0.12779291448927943], [0.17971075801675354, 0.6175398137914531, 0.08489169798103874, 0.11785773011075466], [0.16780044521953538, 0.558870556768457, 0.10020056740689011, 0.17312843050511753], [0.16579185918675524, 0.5351934591948285, 0.1332212279073659, 0.16579345361105033], [0.19415326747423395, 0.4730907992193393, 0.19721421912043752, 0.13554171408598928], [0.14793329380264617, 0.5244775570248873, 0.15995750306310577, 0.16763164600936079]], "ideal": "C", "sampled": "B", "correct": false}}
{"type": "result", "data": {"idx": 2, "options": ["The possible outcomes must all be numerical.", "The possible outcomes must be mutually exclusive.", "The mean (expected value) always equals the sum of the products obtained by multiplying each value by its corresponding probability.", "Approximately 95% of the outcomes will be within two standard deviations of the mean."], "probs": [[0.18839919845960845, 0.06613482632772628, 0.5987398713040619, 0.14672610380860332], [0.19585628805586144, 0.06875251232890203, 0.44137433166858536, 0.29401686784665115], [0.17145627607585845, 0.07728204072773975, 0.6370468091547705, 0.11421487394163131], [0.13120315357347878, 0.09599085049800044, 0.19390687154650144, 0.5788991242820193], [0.18064771581217842, 0.09821720480226728, 0.4541537537395637, 0.2669813255459906], [0.12811284396994788, 0.10958144077879381, 0.3220781467629509, 0.44022756838830746], [0.12048476331764035, 0.2715184086827905, 0.44071961479850513, 0.16727721310106403], [0.11361777933799172, 0.2259574563448508, 0.36108024021679147, 0.299344524000366], [0.06457149452602041, 0.03456290527689566, 0.850577225031214, 0.05028837506586995], [0.044427295438194576, 0.0487941255429725, 0.05529097983819489, 0.851487599080638], [0.05651196788342171, 0.03592148527728779, 0.8435300555331839, 0.06403649120610658], [0.043728575268964266, 0.05192928407540663, 0.11702432525859392, 0.7873178152970352], [0.23145547506878866, 0.20109340546504387, 0.29258966442996953, 0.27486145493619796], [0.11678049451180633, 0.16213455432221446, 0.17259139925173908, 0.5484935518142401], [0.10761168758406517, 0.06734214822784398, 0.7587484233626209, 0.06629774072546994], [0.07187404857690381, 0.07771477507770326, 0.11307432346047913, 0.7373368527849138], [0.07508565828007625, 0.05241860765751446, 0.8072600919033084, 0.06523564205910086], [0.09281927968656807, 0.10683488816082537, 0.3140057535606419, 0.48634007849196464], [0.10444463521851532, 0.32171434025016127, 0.13411054204972797, 0.4397304823815954], [0.07822718878492992, 0.4644590857996027, 0.13306989468413016, 0.3242438306313372], [0.08724660685520934, 0.07699541976264315, 0.7305183031578985, 0.105239670124249], [0.07297542489152245, 0.12031683475936564, 0.21448792622983795, 0.5922198140192739], [0.06616744151916137, 0.06934336313867921, 0.8060965832970876, 0.05839261194507187], [0.09190559112387969, 0.1638403187873937, 0.36922057359041355, 0.37503351639831306]], "ideal": "D", "sampled": "A", "correct": false}}
{"type": "result", "data": {"idx": 3, "options": ["If there is sufficient evidence to reject a null hypothesis at the 10% level, then there is sufficient evidence to reject it at the 5% level.", "Whether to use a one- or a two-sided test is typically decided after the data are gathered.", "If a hypothesis test is conducted at the 1% level, there is a 1% chance of rejecting the null hypothesis.", "The power of a test concerns its ability to detect an alternative hypothesis."], "probs": [[0.11363303169141664, 0.14364697358766887, 0.20900694000881595, 0.5337130546120985], [0.10215394137810457, 0.08337662927262933, 0.7431546351195668, 0.0713147941296993], [0.13987535236867238, 0.14431662856089336, 0.17960624395004932, 0.5362017750203849], [0.12010817794629618, 0.1164139268220191, 0.6699376005763787, 0.09354029455530595], [0.06810845383239843, 0.6772143193609734, 0.17122898866588485, 0.0834482380407433], [0.05230116999523867, 0.7566544638310537, 0.09925287511705869, 0.09179149095664887], [0.10368889464460664, 0.15565705512228012, 0.14396052371339524, 0.596693526419718], [0.08497297762974733, 0.07044591008912393, 0.7814346551113707, 0.06314645706975805], [0.12686633517563775, 0.16546681264376095, 0.08320283018731753, 0.6244640218932838], [0.11596338881746314, 0.11065449976762622, 0.6885414379348289, 0.08484067338008176], [0.038614526674868546, 0.8002244888952676, 0.11000514111316709, 0.05115584321669669], [0.06786271524568975, 0.5771627081554517, 0.29021955783924663, 0.06475501865961196], [0.12336629178063879, 0.11058578313067974, 0.0991289966552895, 0.666918928333392], [0.13721089268162975, 0.11198951469716378, 0.6649351814459693, 0.08586441107523717], [0.1200009912132056, 0.07509538250800352, 0.08119794423073871, 0.7237056819480522], [0.11184526812142359, 0.0831174018431426, 0.7293590197823395, 0.07567831015309424], [0.06446226180677199, 0.749359397118831, 0.09090911934767243, 0.09526922162672449], [0.08080220545306842, 0.5970593378884422, 0.24503632099521855, 0.07710213556327078], [0.49053158929301294, 0.13202560635214466, 0.3022173502405372, 0.07522545401430517], [0.5287123681651766, 0.14454280682506515, 0.22740258747735864, 0.09934223743239959], [0.3986964105578307, 0.21676940692742921, 0.3009628489742997, 0.08357133344044033], [0.20769084735765456, 0.24664191879201663, 0.46805873318156366, 0.07760850056876512], [0.5560609060263318, 0.18337057392424544, 0.12215388474022294, 0.13841463520919975], [0.39157426290576913, 0.19689771507929588, 0.34557610341252976, 0.06595191850240524]], "ideal": "D", "sampled": "D", "correct": true}}
{"type": "result", "data": {"idx": 4, "options": ["is seen more frequently than the other observations in the data set", "is seen less frequently than the other observations in the data set", "is always smaller than the other observations in the data set", "is significantly different from the other observations in the data set"], "probs": [[0.00404520776356026, 0.0039207695558937565, 0.0021993561114389388, 0.989834666469107], [0.05627631815599804, 0.02965572863645904, 0.8666784858078462, 0.04738946729969664], [0.004725136327721001, 0.0017382897749892402, 0.004579786661845342, 0.9889567871354444], [0.030474012874334218, 0.009294095860194697, 0.933338649477311, 0.026893241688160093], [0.0027306569937812484, 0.987497668562098, 0.0029068003679071563, 0.006864873976213654], [0.0031763904628938234, 0.9825275057704148, 0.003381287019609497, 0.010914816647081858], [0.006151301314298257, 0.00416220025661484, 0.0025642616647858197, 0.9871222366643011], [0.10050247005825205, 0.03639986995096348, 0.8156235911535341, 0.047474068737250394], [0.009480518413781584, 0.0027590042809206667, 0.005486945228278463, 0.9822735319770193], [0.06472983032246468, 0.016885894895960585, 0.8797322684902443, 0.03865200619133036], [0.005926795246651363, 0.9812890792604739, 0.0038869373591072253, 0.008897188033767505], [0.006773083513114742, 0.9742960320949103, 0.005033395404202911, 0.013897488887771975], [0.003855070312290802, 0.002691290863461645, 0.004873297789252888, 0.9885803409349947], [0.028491028828362033, 0.011333006351082137, 0.9288846615025161, 0.0312913032180397], [0.004417499584491056, 0.006528687747847863, 0.00485171290803983, 0.9842020996596212], [0.03782067377076071, 0.03184837415778341, 0.8881388736347289, 0.04219207833672696], [0.0031223204672387725, 0.9810122006336977, 0.0037078996042687923, 0.01215757919479481], [0.0033242611560757094, 0.9811797702826769, 0.00407302797240094, 0.011422940488846454], [0.9861838941948347, 0.0031388288725148804, 0.0018742840306290366, 0.008802992802021471], [0.9797759870803336, 0.004466951187009577, 0.002211307788776342, 0.013545753843880435], [0.9865897327883225, 0.003189570047354625, 0.001817365997413613, 0.008403331066909192], [0.9810230381402922, 0.004687281338836149, 0.002320379726208327, 0.01196930069466325], [0.9807702607901337, 0.004135446537222066, 0.0023563187405778725, 0.012737973832066344], [0.9811295733491641, 0.004202107841724752, 0.0025092060336350357, 0.012159112675476159]], "ideal": "D", "sampled": "D", "correct": true}}
{"type": "result", "data": {"idx": 5, "options": ["95 percent of the students in her school are from families whose income is between $35,095 and $45,005.", "There is a 95% probability that the families of all the students in this school have an income of between $35,095 and $45,005.", "If we were to take another sample of the same size and compute a 95 percent confidence interval, we would have a 95% chance of getting the interval ($35,095, $45,005).", "There is a 95% probability that the mean income per family in the school is between $35,095 and $45,005."], "probs": [[0.29399859464210887, 0.2514776847784918, 0.17832661897654312, 0.2761971015028562], [0.24630607662122053, 0.21068230269232593, 0.3936176895701658, 0.14939393101628773], [0.3715537377357344, 0.24751452361509071, 0.14103109712885858, 0.23990064142031625], [0.41631249087983685, 0.16820949801852067, 0.29987053272881314, 0.11560747827282933], [0.15297097308084204, 0.5956528915387687, 0.08853683817701186, 0.1628392971033774], [0.16995344801107068, 0.631478240553796, 0.09386161573988928, 0.10470669559524401], [0.6400900768633881, 0.08396292107291962, 0.0776536201304158, 0.19829338183327647], [0.5076474509055839, 0.08550321246198701, 0.32777291288843596, 0.07907642364399307], [0.6582642393128714, 0.09938479510102614, 0.06517883583784496, 0.17717212964825746], [0.5440931388697512, 0.10882784116102309, 0.2779047219716656, 0.06917429789756004], [0.5336188593924058, 0.33393868303031166, 0.0411500999118946, 0.09129235756538794], [0.5669915933643075, 0.3333263794251914, 0.04441217440446105, 0.05526985270604014], [0.10473053780524905, 0.2115671611554748, 0.22875885536522042, 0.45494344557405575], [0.14123654785044898, 0.24025853691853175, 0.45594023032219255, 0.1625646848088267], [0.04439208250501824, 0.5493360716349696, 0.03457376707317078, 0.3716980786868414], [0.09467868536855864, 0.451699919720266, 0.3463349327820229, 0.10728646202915242], [0.04115189550179152, 0.8265847439746281, 0.050422377127993766, 0.08184098329558658], [0.044401380915846556, 0.7870568524655258, 0.0855884624405928, 0.08295330407803483], [0.8075336397570549, 0.06325165323098011, 0.05410227299914264, 0.07511243391282231], [0.8621729725758047, 0.05342170669600506, 0.033430581903621095, 0.050974738724569146], [0.7885887894941672, 0.08987160402908878, 0.033062169832842894, 0.08847743654390108], [0.8547891552686497, 0.07016624653350877, 0.031136228406479394, 0.043908369691362144], [0.8161296934875893, 0.0795560040940808, 0.03938331126083711, 0.06493099105749277], [0.793794703311736, 0.08632245042537377, 0.05573421054125107, 0.06414863562163921]], "ideal": "D", "sampled": "D", "correct": true}}
{"type": "result", "data": {"idx": 6, "options": ["The probability of a Type I error and the probability of a Type II error would both decrease.", "The probability of a Type I error and the power would both increase.", "The probability of a Type II error and the power would both increase.", "The probability of a Type I error would stay the same and the power would increase."], "probs": [[0.30266087793272733, 0.3538512236442286, 0.1864687623423318, 0.15701913598071227], [0.3250176116488635, 0.2736953929570569, 0.30060095780460344, 0.10068603748947616], [0.2414427733394873, 0.24144715428094313, 0.3858394679911456, 0.131270604288424], [0.23256052924217924, 0.18981289502945195, 0.21175262101872916, 0.3658739546096396], [0.2336851663889738, 0.39135515329944864, 0.3047945405472814, 0.07016513966429619], [0.2069500479021866, 0.45202704300057334, 0.12750188084915268, 0.2135210281480874], [0.35212133380591304, 0.2965203313686065, 0.223827964755205, 0.12753036997027542], [0.38848008747508017, 0.23197531417543946, 0.28870274139228674, 0.09084185685719355], [0.396224331984937, 0.15760909804873183, 0.3134476700060588, 0.13271889986027238], [0.4321688324822004, 0.15652301996665405, 0.3313650192258676, 0.07994312822527798], [0.38492451548171197, 0.3504828046836698, 0.18760278027874186, 0.07698989945587632], [0.4052856270031379, 0.3990082143599297, 0.1315806307944675, 0.06412552774246483], [0.37455732095209426, 0.23076204896006228, 0.30571527216180644, 0.08896535782603701], [0.34854630671074327, 0.2081295760700467, 0.21473868829065992, 0.22858542882855007], [0.40085964793637735, 0.21124076526376043, 0.2712424356779052, 0.11665715102195703], [0.41853177543269515, 0.19770285485197958, 0.3110355138467651, 0.07272985576856014], [0.37263965602963056, 0.29478627440365734, 0.1933280676409989, 0.13924600182571314], [0.37388951418288263, 0.25697452401723353, 0.3051710494713277, 0.06396491222855608], [0.3636339523212428, 0.24604999466648392, 0.3209152745675066, 0.06940077834476667], [0.3762983977418349, 0.211086913922182, 0.12409271298598093, 0.28852197525000217], [0.37405356203669615, 0.36825867934927314, 0.185174164378392, 0.07251359413563871], [0.3880661100650233, 0.43292459518659704, 0.10609392741681713, 0.07291536723156258], [0.368301789971172, 0.21992569324933722, 0.1739770076690089, 0.23779550901048183], [0.37335969126543117, 0.24485815298666194, 0.30473522256948654, 0.07704693307842035]], "ideal": "D", "sampled": "B", "correct": false}}
{"type": "result", "data": {"idx": 7, "options": ["It cannot be determined, because the mean heights for the two groups are different.", "It cannot be determined, because the standard deviations of the heights for the two groups are different.", "The man, because he is 74 inches tall and the woman is only 70 inches tall.", "The woman, because her height is 1.33 standard deviations above the mean height of all women, whereas the man\u2019s height is only one standard deviation above the mean height of all men."], "probs": [[0.013341703575674676, 0.010889265615882679, 0.175742729491798, 0.8000263012166446], [0.026916497906918396, 0.014864790123479191, 0.9196628231943544, 0.03855588867524791], [0.010629066939002809, 0.06823610348490487, 0.008149646024437754, 0.9129851834516546], [0.07918012827453862, 0.11886557846917983, 0.6734322854692418, 0.12852200768703967], [0.027671284764687103, 0.783807390970532, 0.04353392091305387, 0.144987403251727], [0.03727209787445667, 0.7486450364619803, 0.10955065038801029, 0.10453221517555274], [0.011601279523082191, 0.00903514609589496, 0.17866118359559977, 0.800702390685423], [0.027640973785946554, 0.015505287592542456, 0.9153599618809991, 0.041493776640511834], [0.01687000575457529, 0.10662251720063874, 0.011237935318784902, 0.865269541626001], [0.09863635592530862, 0.1551800439432075, 0.6234286109522295, 0.12275498907925446], [0.029697236039825284, 0.79022934030999, 0.04059215430511638, 0.13948126924506832], [0.043764297403835146, 0.7287578067433498, 0.12083944812146792, 0.10663844763134714], [0.007243779706605008, 0.0055540220781060265, 0.008337561688184515, 0.9788646364271044], [0.05857206878868076, 0.05250417028055152, 0.8473901092368546, 0.041533651593913014], [0.010290918709459052, 0.009224761228437274, 0.009667453260042046, 0.9708168667020616], [0.07367617553842717, 0.06708366348202618, 0.8172609117861058, 0.04197924909344085], [0.04742666723636377, 0.8021719484800056, 0.0757886248594306, 0.07461275932420003], [0.04601796475989076, 0.7783449481512501, 0.10868124095926149, 0.0669558460295976], [0.7679109572596347, 0.10722551493764552, 0.042651444669273064, 0.08221208303344672], [0.7665965245864804, 0.10872787641122983, 0.0846773566473295, 0.03999824225496027], [0.7593348336677995, 0.12395936757410145, 0.04152127897597659, 0.07518451968212238], [0.7410227683228667, 0.13495220292854906, 0.08713166447279133, 0.036893364175792843], [0.6640608322404499, 0.06081026803244938, 0.2481448058687572, 0.026984093758343524], [0.6274259183289905, 0.06021290734125413, 0.2872610134681052, 0.025100160761650153]], "ideal": "D", "sampled": "D", "correct": true}}
{"type": "result", "data": {"idx": 8, "options": ["There are different t-distributions for different values of df (degrees of freedom).", "t-distributions are bell-shaped and symmetric.", "t-distributions always have mean 0 and standard deviation 1.", "t-distributions are more spread out than the normal distribution."], "probs": [[0.09423676807059651, 0.05805807889374106, 0.8141037760300153, 0.033601376905647164], [0.2366517291719771, 0.2403805214096367, 0.3443318460983748, 0.17863590322001136], [0.16829654085720694, 0.6156114110099427, 0.16059323610805304, 0.05549881192479732], [0.15437300276779437, 0.4983294716100076, 0.2839423650470004, 0.06335516047519764], [0.23282456395682008, 0.22216480968161043, 0.38991442318831876, 0.15509620307325075], [0.08161179522921361, 0.04103736852167367, 0.8504379780937894, 0.02691285805532331], [0.1457740404326662, 0.0511719038964424, 0.7638192971282879, 0.039234758442603455], [0.29016407502998587, 0.08577308696940275, 0.5593181072598251, 0.06474473064078627], [0.2696943460271817, 0.325316444365196, 0.21670948488141942, 0.1882797246262029], [0.41312507196389825, 0.30701127181204674, 0.2281544097262343, 0.051709246397820714], [0.44581910963368654, 0.19174614546765706, 0.23863388595578902, 0.12380085884286741], [0.2411404270566655, 0.08333654250719802, 0.6453405269430545, 0.03018250339308193], [0.5821299639079475, 0.1278781313750141, 0.25037709249104323, 0.039614812125995186], [0.439147545740308, 0.12981315091903184, 0.3875574362948104, 0.043481866945849795], [0.5088920744414483, 0.145801414409643, 0.28546954049204776, 0.059836970556860894], [0.5949877169872858, 0.16014014898755796, 0.2024390936785748, 0.0424330402465814], [0.5566699810016054, 0.1594903832780322, 0.23206062892422774, 0.05177900669613471], [0.6344588658288732, 0.15793081273510873, 0.17345531993863122, 0.03415500139738684], [0.4534899889969331, 0.1383080631356214, 0.35318681594177787, 0.05501513182566761], [0.2097331736208372, 0.05644952143247968, 0.7095387590517209, 0.024278545794962164], [0.5281766613180509, 0.14215804529140846, 0.265589443824037, 0.0640758494665037], [0.36152668167641444, 0.08859657099270411, 0.5260312321540143, 0.023845515076867198], [0.2717358621535583, 0.5663544851545778, 0.10314186492696137, 0.0587677876649025], [0.27020305996375216, 0.6089202301098995, 0.0891054963031451, 0.031771213523203244]], "ideal": "C", "sampled": "C", "correct": true}}
{"type": "result", "data": {"idx": 9, "options": ["This study was an observational study.", "Lack of blocking makes this a poorly designed study.", "The placebo effect is irrelevant in this type of study.", "This study was an experiment in which the subjects were used as their own controls."], "probs": [[0.024824115114995767, 0.03138102666711172, 0.0409284132157863, 0.9028664449021062], [0.09985076560682848, 0.20170740630913767, 0.5231974085404005, 0.17524441944363334], [0.014777817261793794, 0.010644177955231357, 0.060303049128061975, 0.9142749555549129], [0.0807299068271878, 0.06798242574302742, 0.5781806534492759, 0.27310701388050884], [0.08152957579641563, 0.28905250111783215, 0.48407537195813094, 0.14534255102762125], [0.058836049887346226, 0.3660966130270788, 0.126519619463252, 0.448547717522323], [0.049219864521881096, 0.028935288522446437, 0.0762339445013585, 0.845610902354314], [0.14439184747098618, 0.08622191717027809, 0.6272326613747783, 0.1421535738839574], [0.051735727432092316, 0.040926954416505026, 0.08529869211957136, 0.8220386259318313], [0.09872703473907718, 0.0711114794938266, 0.6338182828795007, 0.1963432027875955], [0.07816246488551547, 0.5775608118573012, 0.14153697347150376, 0.20273974968567957], [0.07303576861309977, 0.5568085270801046, 0.10299925428344543, 0.2671564499233502], [0.0231935364917871, 0.011481768524323959, 0.19725655254063726, 0.7680681423432517], [0.08341136108511385, 0.05823141903623802, 0.5973851284400754, 0.2609720913385727], [0.08556634613141281, 0.14329909743056585, 0.11879887733169736, 0.6523356790063239], [0.11106143890367678, 0.16159608552005786, 0.43926820119856336, 0.288074274277702], [0.07937298749729114, 0.3090658507277189, 0.08582445955987698, 0.5257367021151129], [0.09535007604077972, 0.3126469989991614, 0.3328124135166969, 0.25919051134336196], [0.1816036552009177, 0.1505577713100556, 0.5593981146253041, 0.1084404587637226], [0.17657523118541024, 0.24135446905694555, 0.2197562488657458, 0.3623140507918984], [0.11228717695115918, 0.5111716909020825, 0.24526349832252511, 0.13127763372423315], [0.11243844198709547, 0.5364239891294257, 0.13776537979902106, 0.21337218898445773], [0.16788286219173998, 0.1307503153364787, 0.2155709894616055, 0.4857958329101758], [0.19310595380976858, 0.13909149375793436, 0.4420372313122566, 0.22576532102004043]], "ideal": "D", "sampled": "D", "correct": true}}
{"type": "result", "data": {"idx": 10, "options": ["It describes a process that creates estimates that are too high on average or too low on average.", "It describes a process that results in a sample that does not represent the population.", "It describes a lack of randomization in the sampling process.", "It describes a sample that is not representative of the population."], "probs": [[0.010053275016554552, 0.948404506326233, 0.009592990218078837, 0.031949228339133676], [0.01042138083679202, 0.9678889590952703, 0.010421471175093613, 0.01126818879284403], [0.05234012769683286, 0.03597300394808663, 0.8715563468923094, 0.040130521362771024], [0.10212305583413814, 0.04977113191708149, 0.790820031253146, 0.05728578089563427], [0.060160191121037994, 0.7801758922529314, 0.1253856816045631, 0.03427823492146755], [0.03660232898186636, 0.6288367427222102, 0.023266168005555365, 0.311294760190368], [0.21549284982793485, 0.03409617613975191, 0.009922597112739373, 0.7404883768195739], [0.7248291100505454, 0.08006319015700035, 0.16173259145188934, 0.03337510824056489], [0.2267513206155998, 0.017214188959720378, 0.5030747829590221, 0.2529597073656577], [0.40900722446678295, 0.02343812229576365, 0.5334526339642164, 0.034102019173237005], [0.8610928926474407, 0.026828286153526105, 0.09364012179310398, 0.018438699305929184], [0.8012598722324947, 0.03155766042916186, 0.01662977778510682, 0.15055268945323655], [0.03174042772349171, 0.6375283144714547, 0.24578936944953486, 0.08494188825551863], [0.021741342890536888, 0.8684620549019347, 0.04976682933374942, 0.06002977277377899], [0.009479898905477216, 0.8533585619071684, 0.023463139177022342, 0.11369839991033201], [0.007006285561344715, 0.9467773233749551, 0.015303234240396358, 0.03091315672330383], [0.047978636079438315, 0.3490228044581886, 0.4552136734220433, 0.14778488594032982], [0.019914834531606522, 0.6594927543680297, 0.05413454589555049, 0.2664578651048133], [0.06169726933598597, 0.8127117570560924, 0.07678439295751034, 0.048806580550411253], [0.053692013844939004, 0.6144800449667295, 0.017984886611761026, 0.3138430544765705], [0.17493499757302577, 0.1722242526125552, 0.6011299982991946, 0.051710751415224486], [0.048310959283973415, 0.13339209952785105, 0.01384151768073658, 0.8044554234074389], [0.05605363417191737, 0.017638166017622223, 0.8768410608217893, 0.04946713888867117], [0.16113492724822728, 0.055687166329960625, 0.4312252369745594, 0.3519526693472527]], "ideal": "A", "sampled": "B", "correct": false}}
{"type": "result", "data": {"idx": 11, "options": ["Halting the production process when sufficient customer complaints are received.", "Halting the production process when the tissue strength is below specifications.", "Halting the production process when the tissue strength is within specifications.", "Allowing the production process to continue when the tissue strength is below specifications."], "probs": [[0.20770793996381948, 0.27950510171609705, 0.42620128071366503, 0.08658567750641845], [0.16148102041237503, 0.2172996071166116, 0.5636415993061046, 0.05757777306490882], [0.09046534653799998, 0.23834703929740672, 0.5455887587962088, 0.1255988552683845], [0.11973081349530348, 0.13781028779245738, 0.545055500437121, 0.19740339817511812], [0.05827240468147175, 0.6989047760940414, 0.2033937790434219, 0.039429040081064945], [0.08421239561872892, 0.6623872768461604, 0.0416891404063737, 0.211711187028737], [0.6716089552636967, 0.07653963846479502, 0.20165605565236822, 0.05019535051914006], [0.5808358191863012, 0.08633442222208708, 0.3060850202731177, 0.026744738218494043], [0.6529495265341165, 0.22215681272364185, 0.044434503709577924, 0.08045915693266367], [0.5092152026122201, 0.21561891962914503, 0.24817855457901125, 0.026987323079623607], [0.3948068048263941, 0.5655416455950529, 0.01905201616520538, 0.020599533313347657], [0.42359007741937416, 0.5190016791134417, 0.037596752191197735, 0.01981149117598632], [0.35452832901081616, 0.14549989374016437, 0.43439071975123483, 0.06558105739778462], [0.2335989790444349, 0.09737940204197465, 0.5603877347176249, 0.10863388409596551], [0.45560895373715504, 0.38970675189531734, 0.07794705603355649, 0.07673723823397112], [0.3883761167137869, 0.2627931534981195, 0.32198518511413327, 0.026845544573960343], [0.12652908405732646, 0.7281320771755673, 0.04044220268816127, 0.10489663597894501], [0.14034662799529551, 0.6489668926756629, 0.183050613124882, 0.0276358661041596], [0.5552379374626532, 0.06841922410524508, 0.3584948108295175, 0.01784802750258425], [0.5801573524824181, 0.09037165544854119, 0.21343185482495225, 0.11603913714408845], [0.5620535464977386, 0.3985583677865293, 0.01923276619931445, 0.02015531941641764], [0.5320338446291645, 0.3953783537734688, 0.053509016244716885, 0.019078785252649832], [0.5270061217537805, 0.26499761746421413, 0.07474716362183255, 0.13324909706017288], [0.48431413097977777, 0.24736674972546305, 0.24736978956226702, 0.020949329632492134]], "ideal": "C", "sampled": "D", "correct": false}}
{"type": "result", "data": {"idx": 12, "options": ["75 - 0.30(14)", "75 + 0.30(14)", "75 - 0.4756(14)", "75 - 0.5244(14)"], "probs": [[0.23014044416420323, 0.21960417596879728, 0.35645660223292197, 0.19379877753407748], [0.192460832092875, 0.17523975407457698, 0.4337282711768303, 0.19857114255571767], [0.11392256276891162, 0.6158680135627232, 0.10702229716237174, 0.16318712640599337], [0.1244911178822004, 0.6032760142676753, 0.10986515133474331, 0.16236771641538097], [0.09267212158943974, 0.6637008639840707, 0.08843000734122844, 0.15519700698526112], [0.10472373819382413, 0.6415206884922909, 0.11501868239412912, 0.13873689081975585], [0.212393883034118, 0.244466740531119, 0.3557014816003205, 0.18743789473444253], [0.1863013990751528, 0.20461456746114173, 0.4198479401736064, 0.18923609319009907], [0.14706398983509913, 0.44597421421044386, 0.2621770280986222, 0.14478476775583476], [0.1419127200752014, 0.5031332073225185, 0.1419162963536744, 0.2130377761486057], [0.12037977395672159, 0.4912335798959405, 0.24318028621655344, 0.14520635983078445], [0.13546987078429382, 0.5112664179181362, 0.13337290484425207, 0.21989080635331787], [0.19694531255399636, 0.5270605761337807, 0.0821008098356402, 0.19389330137658276], [0.18782349068896895, 0.5350682178727288, 0.11392328971918105, 0.1631850016191212], [0.26644258894513184, 0.2972429007816231, 0.2503057941452956, 0.18600871602794952], [0.2614617425377495, 0.33052367953701695, 0.1661987652075617, 0.24181581261767188], [0.1557088470942707, 0.5607384955212243, 0.14177754308687157, 0.1417751141976334], [0.14094523749132362, 0.5403079832802409, 0.11685048255165642, 0.20189629657677902], [0.2173383731327806, 0.489786039760592, 0.10107376651365094, 0.19180182049297645], [0.20355262466876553, 0.4659435589426789, 0.15365286627821007, 0.17685095001034548], [0.2719847099518165, 0.2895304983844608, 0.2515508084313368, 0.18693398313238582], [0.25630259511291953, 0.29043313857988917, 0.21248716113826666, 0.2407771050689246], [0.15412371777684336, 0.5726492149644178, 0.1238446309350046, 0.14938243622373426], [0.1410636475699691, 0.5323786814332895, 0.12449145501339445, 0.20206621588334697]], "ideal": "D", "sampled": "D", "correct": true}}
{"type": "result", "data": {"idx": 13, "options": ["increases the interval size by 9%.", "decreases the interval size by 9%.", "increases the interval size by 57%.", "decreases the interval size by 57%."], "probs": [[0.16662476209932695, 0.45293997758299565, 0.3017272785776403, 0.07870798164003706], [0.12164045758434067, 0.3865793846612208, 0.41800152451098227, 0.07377863314345622], [0.08978553182319142, 0.7401242906614431, 0.10016507729009304, 0.06992510012527244], [0.13076702440987562, 0.6641056287275696, 0.14139644047526487, 0.06373090628728988], [0.1172122363249729, 0.5012635328221615, 0.31368686868974255, 0.06783736206312299], [0.12036193340352473, 0.5742265071030399, 0.22138512462227694, 0.08402643477115844], [0.10410814141347234, 0.46658772920752334, 0.3577515833877139, 0.07155254589129038], [0.12925165312554907, 0.5441782230707022, 0.23773654230229482, 0.08883358140145396], [0.11073151474663588, 0.5120259980666614, 0.30574863899409754, 0.0714938480926052], [0.13353470463962294, 0.5710667583917757, 0.2036212162328744, 0.09177732063572697], [0.0887272303178222, 0.7200605433472778, 0.11042503513241564, 0.08078719110248436], [0.12320747786709205, 0.6557421585896198, 0.14862026051256605, 0.07243010293072204], [0.14805891225890433, 0.5587779545953614, 0.20880179350661607, 0.08436133953911815], [0.17910363312073532, 0.5872689659982449, 0.16564736262236662, 0.06798003815865322], [0.1463993406029873, 0.4509479008587814, 0.3051298694810557, 0.09752288895717563], [0.17275476711385593, 0.3893152234957006, 0.3600634389765128, 0.07786657031393075], [0.19527084576776085, 0.5476598167822659, 0.18060025177279487, 0.07646908557717838], [0.13453124562446472, 0.5489811341584685, 0.23983408686976945, 0.0766535332472973], [0.17004643632330407, 0.45507458525926814, 0.2717405001806748, 0.10313847813675296], [0.1393437451376006, 0.41600946088389107, 0.3614407860012541, 0.08320600787725423], [0.1645979942439554, 0.49914516872932335, 0.23949467535509864, 0.09676216157162255], [0.1921693206808128, 0.5474482692610899, 0.17773134739810106, 0.08265106255999619], [0.1378403126048222, 0.5713413229458602, 0.21349684414747327, 0.07732152020184432], [0.18587040206904173, 0.5052553822617357, 0.21394076144266672, 0.09493345412655588]], "ideal": "C", "sampled": "C", "correct": true}}
{"type": "result", "data": {"idx": 14, "options": ["The number of tosses before a \"5\" appears when tossing a fair die.", "The number of points a hockey team receives in 10 games, where two points are awarded for wins, one point for ties, and no points for losses.", "The number of hearts out of five cards randomly drawn from a deck of 52 cards, without replacement.", "The number of motorists not wearing seat belts in a random sample of five drivers."], "probs": [[0.31111192120644837, 0.11625691285578418, 0.5210434100806575, 0.05158775575710991], [0.024217191968405376, 0.01025436999986609, 0.013166858752027085, 0.9523615791797014], [0.2380120771737213, 0.5198804178305172, 0.15855687973222707, 0.0835506251635345], [0.21456089453815905, 0.5067382416610452, 0.0922852673119016, 0.18641559638889413], [0.06731790070531823, 0.028953793905767855, 0.05758112949427317, 0.8461471757946407], [0.13337611455155204, 0.053890158400279206, 0.721065185538424, 0.09166854140974473], [0.08132593896188323, 0.62977711932522, 0.19817114921530146, 0.09072579239759536], [0.009323502106124938, 0.032038257030034704, 0.007609759577129801, 0.9510284811867106], [0.08418615718418063, 0.3892806382993851, 0.469569791741581, 0.056963412674853296], [0.04545947748058727, 0.23086753070222896, 0.02358475623345507, 0.7000882354837287], [0.01825324850608762, 0.009618939069776811, 0.653597008761171, 0.3185308035629646], [0.04663377844419485, 0.015378455414689633, 0.879951100706189, 0.058036665334926574], [0.15094260082673935, 0.6764987353639978, 0.09899498750050663, 0.0735636762087562], [0.1337619940529662, 0.6584185704595807, 0.06318760992188141, 0.1446318254655716], [0.14049794563538479, 0.06741304326573776, 0.7362027578923072, 0.055886253106570284], [0.11394475422755068, 0.06195202449393485, 0.0331605428285175, 0.790942678349997], [0.0771280094170623, 0.031653740757784786, 0.8292441910639857, 0.06197405866116719], [0.2500269636285883, 0.12572572758064618, 0.2877914268496219, 0.33645588184114356], [0.009364278914502304, 0.9258019527731167, 0.013413967989341698, 0.05141980022303929], [0.011405682445049008, 0.9348357527849086, 0.019707600093322168, 0.034050964576720216], [0.016153957061282625, 0.0105941719877601, 0.40380336250821197, 0.5694485083427453], [0.06457332605225319, 0.022667719344528527, 0.8640163652631044, 0.048742589240113786], [0.02750673305427577, 0.6664335664958754, 0.21300573446515142, 0.09305396588469739], [0.01643196398779142, 0.8560784340582651, 0.028392336983691542, 0.0990972648702519]], "ideal": "D", "sampled": "C", "correct": false}}
{"type": "result", "data": {"idx": 15, "options": ["I only", "II only", "III only", "I and II"], "probs": [[0.29357440589000394, 0.06653841136647318, 0.0560306335645301, 0.5838565490789928], [0.43349080627560743, 0.10623402734179867, 0.365049326904131, 0.09522583937846289], [0.27027634186241845, 0.07865682360722075, 0.08774761985478931, 0.5633192145755714], [0.39623321574813075, 0.13481539988717092, 0.3442698248977096, 0.12468155936698876], [0.4973748254819027, 0.2662310540994088, 0.1218906402910686, 0.1145034800276199], [0.4759143909576677, 0.3025161230458677, 0.07413579274883196, 0.1474336931476326], [0.39393720613857414, 0.12203826935916072, 0.07757198180334873, 0.4064525425989164], [0.4952101000228755, 0.16077413794040465, 0.26924982062456554, 0.07476594131215426], [0.38534135593055596, 0.0915280309176096, 0.2230217489291311, 0.3001088641227034], [0.40551549233281753, 0.11086416324342518, 0.36923882132345714, 0.11438152300030013], [0.4877367949574478, 0.3352227831685804, 0.11405468815955425, 0.06298573361441756], [0.5389926037768183, 0.2976643553698554, 0.04494118112402197, 0.11840185962930422], [0.5168508213710882, 0.13274106184196663, 0.11004632546328255, 0.2403617912236626], [0.5444038984140861, 0.16603731736287125, 0.18235878236946518, 0.10720000175357744], [0.5225520328115417, 0.09666427584010343, 0.1696508291809047, 0.21113286206745008], [0.5124556979586649, 0.1236389493547499, 0.23832177935897947, 0.12558357322760577], [0.5217490947246073, 0.22092773676474173, 0.17476985377619933, 0.08255331463445162], [0.557173102294903, 0.20179894126865333, 0.12239831578094816, 0.11862964055549549], [0.209634824004408, 0.6258693290183722, 0.0670057828135407, 0.09749006406367902], [0.18895180439190548, 0.6293212047574329, 0.05585645554821836, 0.1258705352024432], [0.39757299715457006, 0.39758646780438833, 0.09443643758571843, 0.11040409735532312], [0.48055040294471796, 0.2825098005864286, 0.060150857336568705, 0.17678893903228468], [0.46358201120139525, 0.25205357357999986, 0.1653036972534042, 0.11906071786520073], [0.49838459477117325, 0.20137189036810663, 0.1280016379229359, 0.17224187683778422]], "ideal": "D", "sampled": "D", "correct": true}}
