{"type": "result", "data": {"idx": 0, "options": ["(0, \u2013 3)", "(4, 1)", "(2, 2)", "(\u2013 4, \u20132)"], "probs": [[0.3825677207877605, 0.15457453523108772, 0.208004394510646, 0.25485334937050574], [0.38517292182250773, 0.1605675321487693, 0.24483869237720265, 0.20942085355152032], [0.3792090544078947, 0.226441060292083, 0.12120595031334087, 0.27314393488668137], [0.3803442048851307, 0.20358796139039978, 0.18537029236908512, 0.2306975412553844], [0.35514359604313195, 0.2765930212282803, 0.10017612276934808, 0.2680872598592397], [0.37091873750488485, 0.25098235534523056, 0.13860665879979436, 0.23949224825009016], [0.34590848503732563, 0.29129242243031467, 0.09757142294925562, 0.2652276694831041], [0.3259285438618254, 0.3061911807080562, 0.12566155381229896, 0.24221872151781945], [0.3106356514584975, 0.3058274342435627, 0.149049443750833, 0.23448747044710683], [0.29238787726202153, 0.31615484228779617, 0.1565092229166464, 0.23494805743353586], [0.32687062021801483, 0.30231457945661544, 0.12407058476161027, 0.2467442154637594], [0.30444188088460866, 0.31906197550313037, 0.10358493901737179, 0.27291120449488915], [0.35461035103075317, 0.2894324638447377, 0.08827245913850343, 0.26768472588600567], [0.3686600680080955, 0.26554292833448795, 0.131454171695888, 0.23434283186152852], [0.38033984241079194, 0.18249275332332876, 0.21004979936316576, 0.22711760480271354], [0.3422692119732957, 0.2012140005625736, 0.23895022270674157, 0.21756656465738916], [0.3745208605463814, 0.2783268557703436, 0.1235077007592016, 0.2236445828240734], [0.35501809582221916, 0.3084532503306401, 0.0767808006336202, 0.25974785311352055], [0.3915993547972377, 0.2412631611739624, 0.10215802397497441, 0.26497945995382555], [0.4029321727986228, 0.22958901643906815, 0.14144685019945152, 0.22603196046285753], [0.39160114460256296, 0.1607161283865883, 0.19085642625393442, 0.25682630065691425], [0.3868330245748897, 0.15875945274019576, 0.18853270162845662, 0.26587482095645787], [0.3750587775893198, 0.22396284494766042, 0.15881455486530058, 0.24216382249771917], [0.3771481710298002, 0.24734580314234497, 0.10805818255958666, 0.2674478431682682]], "ideal": "D", "sampled": "D", "correct": true}}
{"type": "result", "data": {"idx": 1, "options": ["2500", "2", "50", "25"], "probs": [[0.4577892388110341, 0.29099225778208754, 0.1582113939498747, 0.09300710935700364], [0.44074344605785204, 0.2845690738953817, 0.18373337128113443, 0.0909541086656318], [0.4157190179304436, 0.350075466526141, 0.14144453931841447, 0.0927609761250009], [0.40548437527621767, 0.2966626860153345, 0.2204639149947246, 0.07738902361372321], [0.3785573867967462, 0.36691603334241635, 0.16029474257039505, 0.09423183719044237], [0.39751135725176634, 0.3508080228089933, 0.16571153707234124, 0.08596908276689909], [0.19020112921926213, 0.5503843303133538, 0.14583697587647798, 0.1135775644909061], [0.18046957521525717, 0.5388023933051013, 0.16954066110257646, 0.1111873702770651], [0.17987114993343287, 0.35772679851620987, 0.3690834806080694, 0.09331857084228787], [0.16815887152650746, 0.3292458302381578, 0.3344322095798956, 0.1681630885554391], [0.17297562439572708, 0.44172321429236555, 0.30359094427199285, 0.0817102169399145], [0.1524124019055006, 0.4621970423921241, 0.19570528260457407, 0.18968527299780125], [0.11323494308534851, 0.7045877346594432, 0.09535618622760068, 0.08682113592760755], [0.11976388037590409, 0.6892112626720086, 0.09775162576826936, 0.09327323108381799], [0.20707225541620528, 0.2038651528074219, 0.5288002805658043, 0.060262311110568505], [0.19942625162136443, 0.25210178271546896, 0.36112425265760406, 0.18734771290556257], [0.18067413701302684, 0.30734354483498966, 0.4542344543944137, 0.05774786365756977], [0.1601532995540683, 0.4781395494459757, 0.15282295642755064, 0.20888419447240533], [0.1413569406544577, 0.6743979359785299, 0.09715615935815562, 0.08708896390885675], [0.16209133974804796, 0.6614554326631156, 0.09235999457031777, 0.0840932329185187], [0.24946245641546697, 0.2004521198387119, 0.49613446177101306, 0.0539509618748081], [0.20449475941997258, 0.2625810205673851, 0.23537673053771874, 0.2975474893749236], [0.17739305763937643, 0.3314223788141732, 0.4124652549253397, 0.07871930852111064], [0.1619854790697898, 0.4403318065112889, 0.16198872752307497, 0.2356939867958463]], "ideal": "C", "sampled": "A", "correct": false}}
{"type": "result", "data": {"idx": 2, "options": ["392", "336", "300", "297"], "probs": [[0.47523745181520705, 0.20439937404139227, 0.10277926767663646, 0.2175839063667642], [0.418188470018158, 0.18849446805933265, 0.15872956337743488, 0.23458749844507445], [0.5444877378069041, 0.10230733512238292, 0.19720392094938372, 0.15600100602132927], [0.4826963784841227, 0.09504959303489448, 0.27503782601562066, 0.14721620236536215], [0.3465759481633029, 0.30111447197998303, 0.09475057641773563, 0.25755900333897846], [0.38895230322309104, 0.3174576664411164, 0.07540343476365666, 0.2181865954721359], [0.34443449713992014, 0.34443914630217753, 0.07806567043726556, 0.23306068602063676], [0.36122907819245853, 0.2521820478864577, 0.14595287199138318, 0.24063600182970055], [0.48157163373247946, 0.11987424372709053, 0.23470442960215032, 0.16384969283827966], [0.4396955010104775, 0.10122489843642339, 0.31179792110650234, 0.14728167934659678], [0.3987194239885332, 0.2343981379870898, 0.14668382484215195, 0.22019861308222502], [0.4287781214757219, 0.2560384628525294, 0.09273166415803409, 0.22245175141371457], [0.27550950233104204, 0.3323334107613018, 0.14518637737392326, 0.2469707094337329], [0.28564373081515443, 0.28121981440980104, 0.19632399372766146, 0.23681246094738304], [0.25978897567708026, 0.24789677545314273, 0.2365462324708327, 0.2557680162989443], [0.3028900442482108, 0.23589477024730826, 0.23961113452833085, 0.2216040508761501], [0.2651680389886568, 0.36815562566297555, 0.09308472950507632, 0.2735916057432913], [0.26181783294228295, 0.3414804509879237, 0.10914421418915704, 0.2875575017806363], [0.5038441048287016, 0.16876868166287926, 0.11068201558743823, 0.216705197820981], [0.5391512827478696, 0.17779526675527396, 0.09080955656703024, 0.19224389382982618], [0.466091990424277, 0.14215192197331838, 0.19128794966215323, 0.20046813784025133], [0.5226297300139511, 0.14066554394946196, 0.14741721528162785, 0.1892875106549591], [0.5762241100772217, 0.13265584902091898, 0.12078523339558404, 0.1703348074062753], [0.5407388926666901, 0.11878600235852367, 0.16491926083374228, 0.175555844041044]], "ideal": "A", "sampled": "D", "correct": false}}
{"type": "result", "data": {"idx": 3, "options": ["\\frac{7}{9}", "\\frac{8}{9}", "\\frac{5}{9}", "\\frac{9}{11}"], "probs": [[0.15046085752072275, 0.5418346644806237, 0.19933130290596582, 0.10837317499268774], [0.16532127311183922, 0.4091766713273136, 0.2947218671932859, 0.13078018826756121], [0.17227037969280443, 0.2885003854716234, 0.43309635963744614, 0.10613287509812606], [0.21044979282377876, 0.3415959120770723, 0.3469791348102319, 0.100975160188917], [0.19093619711880302, 0.31975988265117933, 0.3917830971635198, 0.09752082296649789], [0.20838355239693346, 0.3600569530940252, 0.3128258171057123, 0.1187336773033291], [0.17759147020007274, 0.4534996381917145, 0.2389797979506319, 0.1299290935575808], [0.18319566819021496, 0.3317269433960432, 0.35312611387306936, 0.13195127444067245], [0.17387551326615594, 0.25697312139345113, 0.465325332614818, 0.10382603262557488], [0.20385635656524947, 0.3522351217005252, 0.34140275197052605, 0.10250576966369926], [0.19604172102698844, 0.3838340696879953, 0.30842268923450855, 0.11170151995050763], [0.19566691211393197, 0.3891331909078622, 0.29836145484982707, 0.11683844202837873], [0.1575613421770921, 0.40234960902632266, 0.2943681986523886, 0.1457208500441966], [0.16967863574363884, 0.4070405479691439, 0.29318328378323655, 0.1300975324039807], [0.17816998358129554, 0.4479222890934906, 0.2552206046848673, 0.11868712254034658], [0.18856494407802085, 0.4316326145639416, 0.2618011572963631, 0.11800128396167443], [0.22861750080955434, 0.3326389143635151, 0.3124886108251559, 0.12625497390177462], [0.22211785281287938, 0.33869140832179295, 0.3494467980892674, 0.08974394067606029], [0.1605951547683798, 0.3852500760635707, 0.3734023113697755, 0.08075245769827401], [0.1691067604830683, 0.5290923990051853, 0.20082234891549536, 0.100978491496251], [0.20740103101441404, 0.46014280731419355, 0.23137676023980583, 0.10107940133158662], [0.1863717245935156, 0.4612778321651767, 0.23930993138893128, 0.11304051175237641], [0.16851437341248232, 0.35121635122387673, 0.3857410011165192, 0.09452827414712169], [0.1614648675538832, 0.35267373390435447, 0.4059303342006432, 0.07993106424111913]], "ideal": "B", "sampled": "B", "correct": true}}
{"type": "result", "data": {"idx": 4, "options": ["(-inf, 10)", "(-inf, 9)", "(-inf, 8)", "(-inf, 7)"], "probs": [[0.46344522327684007, 0.2330397998016461, 0.14583425439678993, 0.1576807224247239], [0.3769710828123009, 0.2081878725166096, 0.2845624514189018, 0.13027859315218768], [0.3294184158499672, 0.373288178804617, 0.15561136369920292, 0.14168204154621283], [0.3311426787258055, 0.3694245384006865, 0.1613910717232546, 0.13804171105025337], [0.3057639048056596, 0.40508139733020876, 0.12548956460725394, 0.16366513315687767], [0.3170775033032837, 0.3946187319382364, 0.13852562879761285, 0.14977813586086702], [0.39864094853465065, 0.27398838773644746, 0.15857372703832948, 0.16879693659057243], [0.39676563745448107, 0.25617759653815075, 0.18165853076374305, 0.16539823514362514], [0.4001570731036395, 0.31165025331652063, 0.12396700211046002, 0.16422567136937988], [0.4283006882604473, 0.2990099854247027, 0.10496310378224046, 0.16772622243260954], [0.3162541208939695, 0.39979352052213, 0.10929825563001858, 0.17465410285388192], [0.3428814419357123, 0.365004333668597, 0.1301471856237905, 0.16196703867190018], [0.43587718441252893, 0.22613499045487437, 0.2091422136302267, 0.12884561140237], [0.4385563730754986, 0.22052514550864816, 0.20716562865092955, 0.13375285266492368], [0.5121228327293947, 0.1943843600429384, 0.14904073545518534, 0.1444520716724815], [0.5043862907266995, 0.1944625915552646, 0.17161322616967367, 0.12953789144836222], [0.47186672163556337, 0.2688681325202304, 0.10365865919157365, 0.15560648655263254], [0.5012744068598152, 0.29012179371793606, 0.08576047419644105, 0.1228433251258077], [0.4027276394722876, 0.26412130805465994, 0.18729171528780825, 0.14585933708524415], [0.4058194756102054, 0.2703404128281143, 0.17454630134744406, 0.14929381011423626], [0.4531725577084162, 0.20748249875195487, 0.18026499179788336, 0.15907995164174557], [0.4314768080201926, 0.2169650676177299, 0.20703061231436212, 0.14452751194771535], [0.4170872978260976, 0.2735390242568737, 0.15106388249687225, 0.15830979532015643], [0.46456966491717083, 0.27741319351720073, 0.12901008320069776, 0.12900705826493064]], "ideal": "C", "sampled": "D", "correct": false}}
{"type": "result", "data": {"idx": 5, "options": ["396", "72", "66", "36"], "probs": [[0.2037458656898283, 0.22030570444330788, 0.48119585267274145, 0.09475257709412235], [0.1283436052491677, 0.15725184155349814, 0.09244311117870711, 0.621961441918627], [0.15366145852413873, 0.6270489049295708, 0.07035305297898266, 0.14893658346730787], [0.15820166627094134, 0.5878008024493002, 0.11218398488365174, 0.1418135462961067], [0.16026112612319457, 0.17878651642016088, 0.09275294824296727, 0.5681994091136773], [0.1940894319091981, 0.1852040481055258, 0.5359141945879882, 0.08479232529728795], [0.20547594087185517, 0.2897742174444239, 0.3720800599024104, 0.13266978168131052], [0.11896970218878528, 0.15761170905229305, 0.05982274612421662, 0.663595842534705], [0.03619779423536628, 0.8908160972506617, 0.02863560254403903, 0.04435050586993295], [0.04128955569067878, 0.8691369663652424, 0.051386835571053426, 0.03818664227302536], [0.1078817594486668, 0.40083860158660745, 0.07770578909808237, 0.41357384976664335], [0.14877261940408673, 0.25307430059899577, 0.5527795224312515, 0.04537355746566601], [0.5146426557979925, 0.288693547219971, 0.055966332549220565, 0.14069746433281594], [0.46525525209268687, 0.286639994704074, 0.07959768267987034, 0.16850707042336882], [0.495104361385418, 0.269189411318442, 0.0847046579774405, 0.1510015692186995], [0.4710682875749129, 0.2642520803676384, 0.10187810444667449, 0.1628015275107742], [0.47138129606492324, 0.30914595029065656, 0.08857267151097345, 0.13090008203344675], [0.46676404670470495, 0.2831133986164161, 0.08368836591862304, 0.16643418866025592], [0.13446480084529255, 0.17537768248718202, 0.03852562247772313, 0.6516318940898023], [0.21692438618610352, 0.301175516743612, 0.3256507917525087, 0.15624930521777583], [0.09829132477607377, 0.36520496823424997, 0.06755563022017609, 0.4689480766695001], [0.14437768668603038, 0.18251300876139043, 0.6174461589944286, 0.0556631454581506], [0.07091490014725997, 0.7866290855583696, 0.06457039497351419, 0.0778856192208562], [0.0648545557919044, 0.7658040636876946, 0.07349133600291824, 0.0958500444174827]], "ideal": "B", "sampled": "C", "correct": false}}
{"type": "result", "data": {"idx": 6, "options": ["0.16", "0.24", "0.3", "0.5"], "probs": [[0.21770118661360163, 0.4537381630772689, 0.1240443540399385, 0.20451629616919098], [0.21488259090174386, 0.3891084971900544, 0.12436626479674671, 0.271642647011455], [0.21456329522371426, 0.1751241087738389, 0.476040631485065, 0.13427196441738182], [0.29779311693847543, 0.30725139143238095, 0.13214669811715732, 0.26280879341198626], [0.18819433729248325, 0.131382541812969, 0.5361284692962552, 0.1442946514982925], [0.2473332883269641, 0.21155832934896557, 0.33282930651976456, 0.20827907570430576], [0.24129566547841866, 0.37961828704852496, 0.1821425407942781, 0.19694350657877824], [0.22340701851111291, 0.39209852202932827, 0.13133603528819462, 0.2531584240713642], [0.25389112884734244, 0.17179461543952315, 0.43189201804139565, 0.14242223757173877], [0.36039589757903856, 0.2987851113144258, 0.1479082510350779, 0.1929107399714577], [0.24006282446929683, 0.17023284763477253, 0.4347063393193598, 0.15499798847657079], [0.30099153226508607, 0.24185753538492522, 0.300996300637094, 0.15615463161289475], [0.1350345502669051, 0.39074085323303176, 0.2297047295848718, 0.24451986681519133], [0.12748603046580226, 0.5625027804071927, 0.08626257305986686, 0.22374861596713824], [0.12922102789276682, 0.49536254231279053, 0.09754245418269585, 0.2778739755117468], [0.11311932904898915, 0.6929505621608426, 0.06969183093413789, 0.12423827775603037], [0.16711111610118978, 0.12813021776808864, 0.6018037347039981, 0.10295493132672347], [0.1309398532317802, 0.09431335863317603, 0.7078691562033569, 0.06687763183168685], [0.12988149731405654, 0.4127683218075829, 0.26237227728209933, 0.1949779034962612], [0.09960704221618216, 0.6101753069582213, 0.09212282230437342, 0.19809482842122308], [0.09615000479675462, 0.6172643991279901, 0.08618948736207306, 0.2003961086131822], [0.0684091687523524, 0.7952411351729174, 0.04851009059607372, 0.08783960537865648], [0.14688536742180044, 0.17997034160439046, 0.5372962435139792, 0.13584804735982994], [0.12829727849732603, 0.13445606225325904, 0.6618243159366493, 0.07542234321276575]], "ideal": "C", "sampled": "B", "correct": false}}
{"type": "result", "data": {"idx": 7, "options": ["42", "12", "36", "39"], "probs": [[0.39494539812186463, 0.27144380390001627, 0.23217979696381652, 0.10143100091430256], [0.3994593858802759, 0.26609930994538034, 0.2661015153170396, 0.06833978875730405], [0.4088868705023185, 0.35525011218698005, 0.15279210760871273, 0.08307090960198873], [0.37650676435917285, 0.32711734389618136, 0.2319629122989997, 0.0644129793456461], [0.3947828529315645, 0.4010031938450828, 0.14076619268339455, 0.06344776043995813], [0.3896454580002702, 0.366041305174485, 0.16758708895653332, 0.07672614776871146], [0.09173018552734706, 0.6672976662094992, 0.16610388579871116, 0.07486826236444263], [0.0957916697880386, 0.6344825270240394, 0.2125257879734346, 0.05720001511448742], [0.12017940639114062, 0.564460213690726, 0.2353033256645388, 0.08005705415359465], [0.11093605308615447, 0.5375848411976148, 0.2703163623539498, 0.08116274326228091], [0.08302502395146102, 0.6429237174562703, 0.21874450307941856, 0.05530675541285009], [0.09504472392558759, 0.649519438607714, 0.19502158315748633, 0.06041425420921206], [0.24732921478196263, 0.5074911893217674, 0.16735357163000503, 0.07782602416626491], [0.278962887284637, 0.43207021982542004, 0.22768662491732217, 0.06128026787262085], [0.2929253810442409, 0.33193036168630285, 0.3022289804313824, 0.07291527673807381], [0.2970789582110706, 0.3162411654799493, 0.27908440589842626, 0.10759547031055389], [0.2816906995055333, 0.42287134030127793, 0.2159831173196422, 0.07945484277354652], [0.26182729003195326, 0.4891619383799626, 0.16130915282543706, 0.08770161866264707], [0.24382185170065526, 0.5494659110195103, 0.14788720450970463, 0.05882503267012979], [0.26428941874131456, 0.5174586965169629, 0.1653904678280093, 0.05286141681371324], [0.3200595855426127, 0.3006702829226225, 0.32006480094932144, 0.05920533048544331], [0.34023453514472224, 0.291020173884877, 0.26497908436915346, 0.1037662065012473], [0.30442574131933764, 0.37886732937734985, 0.2603936110499112, 0.05631331815340128], [0.32068868877427786, 0.4315378688990078, 0.15148470932851657, 0.0962887328981978]], "ideal": "A", "sampled": "A", "correct": true}}
{"type": "result", "data": {"idx": 8, "options": ["\\frac{125}{648}", "\\frac{25}{648}", "\\frac{625}{648}", "\\frac{1}{648}"], "probs": [[0.2524070887070562, 0.5599944853225947, 0.13301149706633966, 0.054586928804009525], [0.24565292277704395, 0.5801585415034742, 0.12945177040671682, 0.04473676521276499], [0.3020149665838411, 0.2623969228244723, 0.38780237920347077, 0.04778573128821582], [0.3541756947172688, 0.3889889207612413, 0.183746848618793, 0.07308853580269686], [0.3260211895673114, 0.25390699124916, 0.37525480422715696, 0.04481701485637163], [0.3685898592279278, 0.2826094115275482, 0.27391702750318986, 0.07488370164133411], [0.3894779085723498, 0.3774974941829839, 0.15984375773261944, 0.07318083941204684], [0.39447895129340754, 0.37058118396176337, 0.18927553505728312, 0.045664329587545974], [0.39088457459743925, 0.2950573165085588, 0.23708817460098436, 0.07696993419301759], [0.4266446093283349, 0.3537033629698268, 0.16707894826793854, 0.052573079333899715], [0.4069210184388968, 0.28855182965245635, 0.2468134100201755, 0.057713741788471364], [0.4363819685426553, 0.26884867761193476, 0.2409964532161499, 0.05377290052926002], [0.2265232371053315, 0.4647989903283161, 0.23739893908957113, 0.07127883337678123], [0.20352551161116136, 0.5619570151785789, 0.15605114610003612, 0.07846632701022362], [0.16471926252687621, 0.6413830875193779, 0.12629688804462874, 0.06760076180911712], [0.14336601272118701, 0.7167913503881478, 0.0925654643977935, 0.04727717239287168], [0.31248089900826553, 0.2433618474013768, 0.3710870770074906, 0.07307017648286704], [0.2562790763069882, 0.2226604479578166, 0.4713784964027034, 0.04968197923249179], [0.16459034136392342, 0.5396741547689461, 0.24708263205378092, 0.04865287171334959], [0.1542823532493664, 0.6102034721749336, 0.15671425266699593, 0.07879992180870396], [0.158899593908832, 0.6383615278193104, 0.14695979981800122, 0.055779078353856364], [0.15910067500778194, 0.6594593254038885, 0.12198828404715015, 0.05945171544117941], [0.19596938494914004, 0.4628212680529474, 0.2555963954730082, 0.08561295142490431], [0.19385091334956628, 0.4103851203382211, 0.34022463885531884, 0.05553932735689378]], "ideal": "C", "sampled": "B", "correct": false}}
{"type": "result", "data": {"idx": 9, "options": ["8", "12", "10", "4"], "probs": [[0.27217969295640937, 0.34948983784995397, 0.1526821106519605, 0.2256483584416762], [0.2439436654229749, 0.33868570598468184, 0.2119465077331383, 0.2054241207592049], [0.24855010208982242, 0.3241747915420607, 0.17082948981007312, 0.2564456164580438], [0.2474070228002474, 0.3226830709057686, 0.21495524366963958, 0.21495466252434442], [0.2577248888272079, 0.3207470869919907, 0.22392059037593715, 0.19760743370486417], [0.23607136306786167, 0.3381602465768255, 0.18969261644373825, 0.2360757738115746], [0.3197517191969994, 0.28218276146757343, 0.185062130821978, 0.21300338841344915], [0.2906944198719204, 0.2773852389383873, 0.1630680436190026, 0.2688522974706897], [0.34159255024355073, 0.3110264241384378, 0.14019222556142785, 0.20718879995658368], [0.30128117494904677, 0.2874869618281243, 0.21364466207142072, 0.19758720105140823], [0.2160230278752788, 0.3791363536932418, 0.12308892606458015, 0.2817516922668993], [0.256437562188565, 0.4034370361330883, 0.1372641283951786, 0.2028612731831681], [0.24799413225537545, 0.29450354854808325, 0.25190509113847726, 0.205597227958064], [0.22307789483951584, 0.2955330731851521, 0.176472191407188, 0.30491684046814405], [0.21099489528856674, 0.41311227557888625, 0.1776790459861359, 0.19821378304641116], [0.1726260087504021, 0.3654523302384041, 0.2632281262381339, 0.19869353467305986], [0.16183196532109534, 0.4330894688477473, 0.15442436011532298, 0.2506542056158344], [0.1888506831211144, 0.4322880739690496, 0.20420084587378481, 0.1746603969360512], [0.21937665523620198, 0.33451343565734293, 0.1936039958042616, 0.2525059132021935], [0.1996084093964641, 0.3614478599232233, 0.2091921505363559, 0.22975158004395668], [0.2096417906563982, 0.3978343128114761, 0.16584374503157334, 0.22668015140055237], [0.2317412838819766, 0.4262419450046674, 0.16433262088744818, 0.17768415012590782], [0.22038823035557223, 0.3577289527635331, 0.1944954664140835, 0.22738735036681113], [0.22618992961454384, 0.3614540451620276, 0.21583636424523459, 0.19651966087819397]], "ideal": "B", "sampled": "B", "correct": true}}
{"type": "result", "data": {"idx": 10, "options": ["13", "14", "1", "2"], "probs": [[0.24406853714818466, 0.3551278551255645, 0.17856708859056816, 0.22223651903568267], [0.28933814165083, 0.3490163981565504, 0.21840889749727074, 0.1432365625953489], [0.27892664487741586, 0.32105124471927743, 0.16143325210138995, 0.23858885820191675], [0.24610638249281086, 0.28773417637251125, 0.23853943884163722, 0.22762000219304063], [0.32806446656188265, 0.3179782283289411, 0.1989866763305358, 0.15497062867864045], [0.28328176485799844, 0.33119635783709084, 0.14696719803034253, 0.23855467917456818], [0.1519937835778858, 0.5305246789301096, 0.13413727482016527, 0.1833442625718394], [0.15519777401319196, 0.5677039791881764, 0.15042721181876845, 0.1266710348798632], [0.19322510011239036, 0.22590775978599129, 0.39648547738442746, 0.1843816626171909], [0.200479730943659, 0.2917041480249525, 0.30096283552021197, 0.20685328541117654], [0.2369978902250377, 0.31397914242429487, 0.31398242068000143, 0.135040546570666], [0.23809505996707336, 0.3925630449856155, 0.16883778570394142, 0.2005041092433697], [0.10867423482140276, 0.5433525402050816, 0.1417398442056608, 0.20623338066785485], [0.12040167866334794, 0.5230118553858738, 0.16716317581705764, 0.1894232900337206], [0.177739190705812, 0.23547084978059876, 0.38220862119858956, 0.2045813382149997], [0.1872090147317464, 0.3184603784544095, 0.31845873932650737, 0.17587186738733673], [0.1495457224601395, 0.36439914858873357, 0.3165927983536867, 0.1694623304974402], [0.1410809008273412, 0.44836645030314054, 0.20527408175976578, 0.2052785670097525], [0.16573871168259668, 0.5026141704184367, 0.17100308362938094, 0.1606440341695856], [0.15271749283563507, 0.5086396563426486, 0.12660851149225055, 0.2120343392294657], [0.25207160423092234, 0.28564183623567874, 0.3186570297552593, 0.14362952967813963], [0.23469382871864475, 0.36923459718758916, 0.15391738940603236, 0.24215418458773366], [0.22845493935609973, 0.2933464435446899, 0.2887978937574878, 0.18940072324172258], [0.2542930245145182, 0.3586176931499445, 0.15913416443663939, 0.2279551177988979]], "ideal": "D", "sampled": "A", "correct": false}}
{"type": "result", "data": {"idx": 11, "options": ["30", "64", "2048", "60"], "probs": [[0.14146313295173435, 0.5422894469294559, 0.16799402223391052, 0.1482533977848992], [0.14427956937300795, 0.5035895108673046, 0.13553960620001568, 0.21659131345967172], [0.2571510672312124, 0.3921113609875528, 0.17673923073431735, 0.1739983409469175], [0.25431945159516317, 0.3877938571841992, 0.18034155127565035, 0.17754513984498732], [0.15890900552309414, 0.23855206012497907, 0.33641415329766583, 0.2661247809542609], [0.2271006520297423, 0.32026525851466475, 0.2613944968112009, 0.19123959254439205], [0.22901956859804393, 0.47732237111787884, 0.15256198329818607, 0.14109607688589115], [0.22450845093219796, 0.4327551166128421, 0.13831718930308537, 0.20441924305187453], [0.25203157571182794, 0.3391495093997785, 0.1932413731887387, 0.21557754159965478], [0.3102849469811121, 0.3201373266874093, 0.2034924060423194, 0.16608532018915922], [0.2609956264234854, 0.27783092853628855, 0.1312383115160357, 0.32993513342419034], [0.3236028205487954, 0.264118995280691, 0.26412057480375384, 0.14815760926675978], [0.20312888312904626, 0.3297141989821036, 0.2608263414591095, 0.20633057632974067], [0.2081556468993886, 0.3653289079300809, 0.20493099091387884, 0.22158445415665168], [0.16989838344685707, 0.47649573424889885, 0.1837061874551435, 0.1698996947491006], [0.19427295359379712, 0.4808339785551617, 0.15610464475354285, 0.16878842299749833], [0.23599892935783445, 0.38306740619480095, 0.17266272467658492, 0.2082709396707797], [0.2385596561622581, 0.4121977265602102, 0.169166336365522, 0.1800762808120097], [0.1801839497532659, 0.20739175686240158, 0.34193370252309774, 0.2704905907612348], [0.2447984181874807, 0.2907072262069862, 0.26469382246628176, 0.19980053303925138], [0.11726624296623123, 0.5338318586038514, 0.09276630398148847, 0.2561355943484289], [0.14185811789193933, 0.510855622700264, 0.19389967907366812, 0.15338658023412854], [0.17886833868956226, 0.4862197238583647, 0.11915340786958682, 0.2157585294824862], [0.20835633015141986, 0.47693609338414095, 0.15243849838215853, 0.16226907798228063]], "ideal": "D", "sampled": "B", "correct": false}}
{"type": "result", "data": {"idx": 12, "options": ["0", "1", "2", "4"], "probs": [[0.1468770994658548, 0.44541086089361637, 0.2537844554463892, 0.1539275840941396], [0.15784704213211867, 0.3341673810694021, 0.3906832816602529, 0.11730229503822635], [0.19312212835027398, 0.27663961144784427, 0.42846982177847376, 0.101768438323408], [0.17920105579485265, 0.34542647922003217, 0.309637379040905, 0.1657350858442102], [0.1731003036974056, 0.3496774654557877, 0.3722315049045494, 0.1049907258422573], [0.15471211181117703, 0.4476833836867712, 0.2673230826000501, 0.13028142180200167], [0.21666425501639908, 0.3923392032361126, 0.287039111649956, 0.10395742999753234], [0.18827630717865604, 0.3202739679513523, 0.4177196652599657, 0.07373005951002591], [0.2396910506224183, 0.34875726956185943, 0.2891284248623834, 0.12242325485333888], [0.2047657576848353, 0.3429273213284714, 0.32214875566053136, 0.1301581652261619], [0.20208826825215345, 0.46259490461897185, 0.22195487051102927, 0.11336195651784542], [0.19744891073404847, 0.4449675413891322, 0.2535346467057747, 0.10404890107104466], [0.18062679333201703, 0.33746236307925204, 0.37062936741408803, 0.11128147607464291], [0.17850903765914575, 0.37791173801714584, 0.34951119830291977, 0.09406802592078867], [0.19472436314774846, 0.35816046058291146, 0.3111743582298962, 0.13594081793944388], [0.18585369404454974, 0.35824910603418186, 0.36389244412476757, 0.09200475569650084], [0.22071453926740303, 0.3813708424186805, 0.2834085821821999, 0.11450603603171651], [0.2321619980590492, 0.3173342134038574, 0.3595874664104469, 0.09091632202664646], [0.24537598691107734, 0.3250768627680694, 0.34067760437349326, 0.08886954584735995], [0.2701965964913928, 0.3751404005554389, 0.23845177599997666, 0.11621122685319163], [0.26072800351104564, 0.35637918376621563, 0.27754852379726863, 0.10534428882547008], [0.22962392058531733, 0.3906123158127558, 0.2643005032364624, 0.11546326026546448], [0.3331197102595128, 0.3033147959610059, 0.25541665386337964, 0.10814883981610157], [0.3294257917499668, 0.28621522442265884, 0.2774095617675403, 0.10694942195983408]], "ideal": "D", "sampled": "D", "correct": true}}
{"type": "result", "data": {"idx": 13, "options": ["92", "93", "94.5", "95"], "probs": [[0.13045167727280968, 0.12643968869316263, 0.5756025824030431, 0.16750605153098455], [0.13110556879272428, 0.17642617311139497, 0.16573820998246983, 0.526730048013411], [0.053581683225587796, 0.6630499760724663, 0.10491063877157389, 0.17845770183037202], [0.04982373805964776, 0.6563126263756189, 0.06704714573175347, 0.22681648973297985], [0.10066118015339798, 0.19708914905984376, 0.19102683519131874, 0.5112228354954396], [0.11238280096510066, 0.1560306020505099, 0.4308247937146128, 0.30076180316977663], [0.1665667394660221, 0.1402649241466649, 0.5461717084644927, 0.14699662782282036], [0.18389837047993185, 0.18973964091666404, 0.17824571895281507, 0.44811626955058903], [0.08242006161059502, 0.7120156552681458, 0.0798866331455182, 0.12567764987574095], [0.08893780210608908, 0.6780425753948968, 0.10561967403980624, 0.12739994835920798], [0.13993094651594748, 0.28267451696736345, 0.10399085127281067, 0.4734036851438784], [0.1800514581611788, 0.2138200519195948, 0.47439732435970083, 0.1317311654595256], [0.4793449198915561, 0.19982389508204482, 0.18771930967720774, 0.13311187524919138], [0.45073386644282704, 0.20961415693942484, 0.13963464350834057, 0.20001733300940755], [0.5012211688544446, 0.25203385407520357, 0.11184038558918176, 0.13490459138117006], [0.4441341161283771, 0.2652091681692036, 0.14419335125434898, 0.14646336434807034], [0.46713934040076166, 0.224139634112052, 0.11997436164571683, 0.18874666374146948], [0.4424993361089793, 0.21231657039882912, 0.21231905889289657, 0.132865034499295], [0.15630052423705432, 0.20069791080720398, 0.16900597028269917, 0.4739955945730425], [0.15013139172082957, 0.14780567805191533, 0.5000354125601013, 0.20202751756715379], [0.14486404712301068, 0.2623198530441518, 0.10272667173287174, 0.4900894279999658], [0.15281910499693924, 0.18147952309191887, 0.5590151839375743, 0.10668618787356762], [0.151813974656405, 0.4257809975980986, 0.10598627871654086, 0.3164187489289555], [0.13142610105853542, 0.48831605248365856, 0.21669167153667582, 0.1635661748211302]], "ideal": "B", "sampled": "C", "correct": false}}
{"type": "result", "data": {"idx": 14, "options": ["R <= T <= M <= L", "L <= T <= M <= R", "R <= M <= T <= L", "L <= M <= T <= R"], "probs": [[0.14094966563480513, 0.46216041640483396, 0.29376905850709395, 0.103120859353267], [0.13342231213507788, 0.48804385848325404, 0.25319527860689917, 0.12533855067476884], [0.06140014907698861, 0.7962573291305765, 0.04422558580042219, 0.09811693589201279], [0.06290790320847858, 0.778451606954804, 0.048233929118274094, 0.1104065606184434], [0.09979582205177435, 0.5742923402848116, 0.18070993642527514, 0.14520190113813897], [0.0998545057982599, 0.6213216734702817, 0.1620822983662953, 0.11674152226516306], [0.15623579358897646, 0.14005065797660898, 0.5122893757480321, 0.1914241725863824], [0.15701103208879108, 0.11309229581417218, 0.6113786100729869, 0.11851806192404983], [0.1357361057900337, 0.18553143461381622, 0.4812375234891913, 0.19749493600695875], [0.1535586955130736, 0.19717591684133473, 0.4957067963406526, 0.15355859120493903], [0.08829865110348904, 0.7393256011987844, 0.05355695707800979, 0.11881879051971668], [0.09225857909931412, 0.7256801045255443, 0.055958830050064766, 0.12610248622507678], [0.06833266873467121, 0.7462226000410703, 0.05577237490885284, 0.1296723562154056], [0.06372872953060217, 0.7763831278927895, 0.0444905512005861, 0.1153975912760222], [0.11378446135437749, 0.47905537124361736, 0.2951398767597886, 0.11202029054221659], [0.11271121928889138, 0.5998719244614602, 0.13809895308277428, 0.14931790306687417], [0.15081891191257477, 0.2952922538329076, 0.40997647624123423, 0.14391235791328344], [0.15104482026511423, 0.47258256289353484, 0.19700241674010116, 0.1793702000012497], [0.14458075595187017, 0.13582286642095806, 0.5899952229266026, 0.12960115460056917], [0.14487440450905198, 0.15421996549554343, 0.49011464441540253, 0.21079098548000208], [0.09844462132462092, 0.6520570820488464, 0.06557944123181075, 0.18391885529472196], [0.09600376157985668, 0.6664071554320883, 0.058230290961583844, 0.1793587919264712], [0.15617265364917113, 0.1356868662885123, 0.4662551601506825, 0.24188531981163405], [0.16124705728398014, 0.1179723125880359, 0.58068679892147, 0.14009383110651397]], "ideal": "D", "sampled": "B", "correct": false}}
{"type": "result", "data": {"idx": 15, "options": ["16", "2\\sqrt{2}", "5", "5+2\\sqrt{13}"], "probs": [[0.3599145656476928, 0.27168315241476315, 0.22523520549019077, 0.14316707634735323], [0.3799940660220321, 0.27801481795400657, 0.07252497429979475, 0.2694661416241666], [0.22020980535986154, 0.45185082859353715, 0.17420503043608443, 0.15373433551051688], [0.23335036210726232, 0.26032570848556735, 0.3908055402032566, 0.11551838910391374], [0.2139633867407663, 0.5295778078402299, 0.07055992054115112, 0.1858988847778527], [0.22975891655055666, 0.5342172343925582, 0.08997746489059089, 0.14604638406629425], [0.2366681439937251, 0.3552893539033477, 0.22939195201225163, 0.17865054999067553], [0.2738491770120665, 0.3055066925500289, 0.09030763400302907, 0.33033649633487555], [0.16586585581224983, 0.47251792705736273, 0.21974109912981146, 0.14187511790057597], [0.22581639739498735, 0.45617153974808516, 0.16521399706225479, 0.15279806569467264], [0.37175993789412043, 0.18403748498674333, 0.22903976865980397, 0.21516280835933227], [0.39829828737719025, 0.2002794265505153, 0.25716635199051846, 0.14425593398177594], [0.08931069354434637, 0.6808829547813584, 0.12207567053907986, 0.10773068103521538], [0.12690971885030244, 0.5178797283092802, 0.2563718576202608, 0.09883869512015658], [0.217854265953058, 0.3944922739909031, 0.23556301611359803, 0.15209044384244086], [0.20839913435287655, 0.4921842817658168, 0.13455568940750143, 0.16486089437380522], [0.11128291982902308, 0.6711371986387711, 0.10454301301365948, 0.11303686841854632], [0.0870365341624395, 0.7637377295206688, 0.04586620949644655, 0.10335952672044517], [0.40707167425088414, 0.16969538744751728, 0.16447622562648537, 0.25875671257511323], [0.46101002274343755, 0.18626739637978038, 0.17773971489498971, 0.17498286588179232], [0.46870432184251565, 0.15216810319534702, 0.16453481473462853, 0.21459276012750883], [0.49845486874364203, 0.15684744714122137, 0.1777337640346177, 0.16696391998051888], [0.42494496065681103, 0.2383760178092758, 0.18277132236960708, 0.15390769906430607], [0.41292931913812403, 0.24275191935687368, 0.16947030994356937, 0.1748484514614329]], "ideal": "D", "sampled": "D", "correct": true}}
{"type": "result", "data": {"idx": 16, "options": ["8", "3", "6", "9"], "probs": [[0.2857710782697624, 0.44958839820869956, 0.17883514265794415, 0.08580538076359392], [0.28925173178767666, 0.4844139597342502, 0.15974391281152125, 0.06659039556655187], [0.31178785296504696, 0.40034891363994973, 0.16951993611309293, 0.11834329718191036], [0.31768322084559497, 0.40159533333293507, 0.18970214175866323, 0.09101930396280669], [0.33064203441663437, 0.3010565817684825, 0.2872731260532833, 0.08102825766159981], [0.36214764283786327, 0.3146434583359672, 0.23020014625571242, 0.09300875247045713], [0.21760636565893393, 0.4194544851360483, 0.2427628040070958, 0.12017634509792194], [0.2141232708581517, 0.42584375936586877, 0.2664872308372491, 0.09354573883873042], [0.2183206528206896, 0.434190809683296, 0.19267128406028455, 0.15481725333572982], [0.21333370147000608, 0.4377409023618648, 0.16357215506115289, 0.18535324100697625], [0.21932007533592293, 0.4097493321020139, 0.2951346061466141, 0.07579598631544911], [0.23871127902994688, 0.4124633011932478, 0.21066672783970106, 0.13815869183710427], [0.30020191966290616, 0.31956708304968356, 0.29555409805985033, 0.08467689912755992], [0.31058442589515006, 0.32549494501673637, 0.2344469576839604, 0.12947367130415316], [0.2672544836993506, 0.46905448144697653, 0.15228079938621011, 0.11141023536746271], [0.26642971037213337, 0.4749693359718401, 0.16935694949019872, 0.08924400406582775], [0.2681866427787167, 0.3337674612692928, 0.3039023438337259, 0.09414355201826462], [0.2811616428453344, 0.34449023161816433, 0.2725168838996933, 0.10183124153680792], [0.33726088716863606, 0.3320362417978118, 0.24675102142389335, 0.08395184950965877], [0.3464655758485857, 0.35192613645463794, 0.20688862685444634, 0.09471966074232994], [0.27543834259495, 0.4685436556547778, 0.18637542702443424, 0.06964257462583796], [0.3096975753079059, 0.4436284402380216, 0.1606728321303575, 0.08600115222371495], [0.3039467587174995, 0.39642705918718224, 0.20247730309015355, 0.09714887890516469], [0.3165142072748569, 0.406418063861271, 0.16420920825251611, 0.11285852051135596]], "ideal": "A", "sampled": "B", "correct": false}}
{"type": "result", "data": {"idx": 17, "options": ["-2", "-4", "-1", "1"], "probs": [[0.2105479561745407, 0.40584654173091417, 0.18581226848816815, 0.197793233506377], [0.23615521893986505, 0.47705416308204635, 0.13668007064525628, 0.1501105472328323], [0.21336597837954882, 0.2573707478197561, 0.3409675759024465, 0.1882956977982486], [0.27747022689383777, 0.31937062261232907, 0.19371126301569883, 0.2094478873781343], [0.23507698489553233, 0.28802516648498316, 0.36410638961486314, 0.11279145890462135], [0.24609006158841978, 0.31109005010802465, 0.31109669602651063, 0.13172319217704495], [0.20789680502412375, 0.4470542206035303, 0.1497462585343061, 0.19530271573803987], [0.22170083219060205, 0.4842460777738337, 0.17538471204123224, 0.11866837789433198], [0.20392918584691666, 0.3158540129345706, 0.3310186862614538, 0.14919811485705894], [0.2270192436045112, 0.3861768428244401, 0.23792035166267514, 0.14888356180837356], [0.2464268768759351, 0.24260805227356588, 0.42580240768388583, 0.08516266306661319], [0.2371756853540229, 0.2485597693254515, 0.422825275108756, 0.0914392701117696], [0.13077947622039945, 0.4636587612521218, 0.19328410395553952, 0.21227765847193925], [0.149517048171332, 0.49797525266977966, 0.20759019197010883, 0.1449175070887795], [0.11661777694145267, 0.4540850249024121, 0.28416402431483434, 0.14513317374130089], [0.11047588616923065, 0.569885807274985, 0.18214861099533503, 0.13748969546044937], [0.14875194650521412, 0.4440968996452781, 0.2779125314361973, 0.12923862231331046], [0.15183630131644668, 0.2881363842158553, 0.46045087391150324, 0.09957644045619476], [0.16719516491980924, 0.5150047212699114, 0.19547675077403792, 0.1223233629362415], [0.17859724853947323, 0.5008951797180327, 0.18141487918105584, 0.1390926924614383], [0.17322161991491064, 0.4782856942022116, 0.23310170818756729, 0.11539097759531046], [0.17798711888163962, 0.46166832626221255, 0.2321446606923852, 0.12819989406376261], [0.19377831246502158, 0.4102329726002821, 0.26487098937644826, 0.13111772545824807], [0.19346638454349704, 0.29500276506728557, 0.4095812531057481, 0.10194959718346928]], "ideal": "B", "sampled": "B", "correct": true}}
