{"type": "result", "data": {"idx": 0, "options": ["The formation of the non-aligned movement", "Global disarmanent and nuclear non-proliferation", "The Green Revolution in agriculture", "Mobilization of pan-Asian ideology"], "probs": [[0.6618338356050166, 0.019985905306002163, 0.005549867745443536, 0.3126303912435377], [0.7006681317098862, 0.020507549033691796, 0.2618231010719523, 0.017001218084469704], [0.5682048725599643, 0.004139678500285228, 0.005399133475992801, 0.42225631536375763], [0.7163622394200101, 0.004259672136000493, 0.2719021815017936, 0.007475906842195788], [0.9439694398736999, 0.03130739592354236, 0.010164008597881309, 0.01455915550487651], [0.9734087188795454, 0.015981622271515752, 0.002820922705164244, 0.007788736043774611], [0.014213509070521626, 0.3285945985273067, 0.003707839213673123, 0.6534840530884986], [0.0745087884145611, 0.7525170668957245, 0.1349187980433132, 0.0380553465464012], [0.007660201541702598, 0.0009587986016758863, 0.018959201355085317, 0.9724217984015362], [0.0025571063696806385, 0.0004109692529951824, 0.02792442394262799, 0.9691075003346962], [0.08066266185683975, 0.8146695808254882, 0.06282055334348334, 0.04184720387418862], [0.010674213435942284, 0.8613155192113544, 0.003926848199962256, 0.12408341905274109], [0.0014542655455091692, 0.01515393572595212, 0.000868383021129844, 0.9825234156074089], [0.00905738076425187, 0.2029494160368791, 0.7659236023884041, 0.022069600710464956], [0.0017050665928422582, 0.0025199544881464794, 0.01044477257349665, 0.9853302062455146], [0.0013581736130155182, 0.001379577383924049, 0.10789297804126954, 0.8893692708617909], [0.0006147007711078623, 0.9962575031210812, 0.000982289163758146, 0.0021455068440527744], [0.0006059396290018207, 0.9518439963156036, 0.0008955211581900172, 0.04665454279720461], [0.9270577680488556, 0.05312527517721496, 0.008147009344068213, 0.011669947329861164], [0.9492630304797725, 0.041061552707427895, 0.002427705235620352, 0.0072477114771792505], [0.8027333549123322, 0.008509267980701209, 0.17911518958279019, 0.009642187424176364], [0.8945863116885132, 0.0070471688080692655, 0.0025924960705805047, 0.09577402333283702], [0.9452542904486653, 0.0017964956841643094, 0.04932022654985095, 0.0036289872173194105], [0.7599510070231931, 0.0016624085951534267, 0.0029635408883000695, 0.23542304339335343]], "ideal": "A", "sampled": "D", "correct": false}}
{"type": "result", "data": {"idx": 1, "options": ["How societies shared strategically important technologies with each other", "Why European states went on to attain military superiority over non-Western powers in the modern era", "Why Silk Road commerce dwindled across the breadth of Eurasia after 1500 C.E.", "How the medieval climatic optimum affected the process of cultural diffusion"], "probs": [[0.014062175111794846, 0.9705567119948355, 0.005093021970826675, 0.010288090822542936], [0.005595107609178124, 0.9861165366779691, 0.00233240800047408, 0.0059559476123787584], [0.20041829939782793, 0.07035463733172337, 0.646975726704762, 0.08225133646568672], [0.0709662864575083, 0.01464490830812628, 0.008344406959388234, 0.9060443981749772], [0.09687605494021859, 0.026074238247506168, 0.7620069965745824, 0.11504271013769285], [0.21130863892657442, 0.0229790427148351, 0.016551156427697538, 0.749161161830893], [0.9900941654124409, 0.005035720200938331, 0.0021322592673763685, 0.0027378550192444302], [0.9916951780366371, 0.003412857489267192, 0.0010247271951556987, 0.0038672371789400116], [0.9909630120340669, 0.004311057456128081, 0.0018541649211946093, 0.002871765488610364], [0.9867371444070208, 0.003847929463538087, 0.0012689146042203236, 0.008146011425220841], [0.9933650585142791, 0.0020096921547140298, 0.0010426163303798187, 0.003582632900627001], [0.9865451737786965, 0.002814658595248485, 0.0015544036375203854, 0.00908576388853458], [0.08608323206512739, 0.129227785317674, 0.6986059441671638, 0.08608303835003478], [0.017952380323916505, 0.012532932419947634, 0.004539111999219839, 0.964975575156916], [0.002824218462594626, 0.989906923667069, 0.0022341517588460517, 0.005034706011490268], [0.002548575055773934, 0.981089012153041, 0.001923774866065571, 0.01443863782511949], [0.008024609025716445, 0.002028962209805915, 0.0026052250599834193, 0.9873412036044942], [0.0698869490862944, 0.03920356775448156, 0.6949067503398191, 0.19600273271940494], [0.04092677706106597, 0.03446415772714824, 0.8481480703841244, 0.07646099472766138], [0.025901370139080362, 0.03888304310288218, 0.007777082291210929, 0.9274385043668265], [0.0012406992843801178, 0.9954351503681964, 0.0013415242634808896, 0.0019826259839426145], [0.0015849262818021955, 0.9903333982766709, 0.001512355409066482, 0.006569319932460444], [0.014555121510211072, 0.00616310472079732, 0.005611544267431746, 0.9736702294015599], [0.06063237593532731, 0.03564434911286254, 0.8112701613324456, 0.09245311351936457]], "ideal": "B", "sampled": "B", "correct": true}}
{"type": "result", "data": {"idx": 2, "options": ["They kept horses in their court, which would have come from the Mongols.", "The Ghanian king had adopted the Chinese tradition of the kow-tow .", "The king adorned himself with gold and jewels, probably from India.", "The people in his court wore silk robes."], "probs": [[0.3169770334933232, 0.08140948656607633, 0.17505944295144202, 0.42655403688915844], [0.34415589477569863, 0.08174641870089415, 0.37799863595465877, 0.19609905046874843], [0.2978098710878154, 0.1594124436766271, 0.05175448844115628, 0.4910231966944012], [0.1838490502065671, 0.06453925322439161, 0.6725377389672071, 0.0790739575018341], [0.28677885012269105, 0.4305178564047727, 0.09166368294850176, 0.1910396104240345], [0.2789737949337358, 0.4973363766269738, 0.11271998106365878, 0.11096984727563164], [0.1650252534104396, 0.043728326651917636, 0.21523939632213857, 0.5760070235155041], [0.15875496205224954, 0.04206648531234535, 0.5205511527815132, 0.2786273997538919], [0.24665761726587926, 0.16431257616762027, 0.10608893947997582, 0.48294086698652466], [0.14115488212288024, 0.06263806530270792, 0.5670871011251761, 0.22911995134923568], [0.21657376511134657, 0.25320442376565194, 0.21998948363297022, 0.31023232739003126], [0.19411248255982722, 0.21655139647570468, 0.3515012614301201, 0.23783485943434798], [0.5121277918241597, 0.050708585751903006, 0.12164436435460262, 0.31551925796933467], [0.21731853604370432, 0.023632818962688894, 0.6906656064743493, 0.06838303841925752], [0.5327161708750925, 0.04955159274891988, 0.1456410183057883, 0.2720912179701993], [0.3365817690794486, 0.03957662760500192, 0.46731406793774577, 0.15652753527780366], [0.3547850714721739, 0.43470091984168396, 0.07793865061745549, 0.13257535796868664], [0.28346829547624197, 0.4673727278177693, 0.06325275214677509, 0.18590622445921368], [0.3924357592667104, 0.12941344081061365, 0.21672837434031905, 0.2614224254823569], [0.46037810586422573, 0.1518189197761798, 0.18029120709499794, 0.20751176716459657], [0.423734464340853, 0.15588556132118758, 0.16336820988525322, 0.25701176435270623], [0.38974033620810244, 0.1729488023063802, 0.22207292250340951, 0.2152379388821078], [0.39355252703245874, 0.2970738896030433, 0.09203023119727995, 0.21734335206721803], [0.25230246215839885, 0.3787575875121626, 0.1003616653201578, 0.26857828490928076]], "ideal": "D", "sampled": "D", "correct": true}}
{"type": "result", "data": {"idx": 3, "options": ["the Arab-Israeli conflict.", "the Korean War.", "the Cold War.", "the Vietnam conflicts."], "probs": [[0.06497491404597626, 0.016428774863709247, 0.842632982228052, 0.07596332876226242], [0.030935954836778672, 0.011381059396312792, 0.01020175174774976, 0.9474812339191587], [0.04486514937337991, 0.8598894355905508, 0.015264848963719062, 0.07998056597235022], [0.04543002999424829, 0.8707158913389359, 0.016713014114696518, 0.06714106445211925], [0.013114059687651763, 0.004461965174946391, 0.0037572862168214283, 0.9786666888205804], [0.11350744655415997, 0.027817147888740262, 0.7174127253454119, 0.14126268011168783], [0.08136156564263536, 0.023311318006776487, 0.7841189853414121, 0.11120813090917599], [0.04042826084442591, 0.01939828628634924, 0.02001372657470115, 0.9201597261945237], [0.009976901584372026, 0.9710775165142438, 0.003968565075779248, 0.014977016725604914], [0.01189101285403046, 0.9595040707497475, 0.004956945168277168, 0.02364797112794481], [0.03209464435893229, 0.01717954214275275, 0.012766555132657502, 0.9379592582656574], [0.06578340074398231, 0.01743139431491364, 0.826869985617433, 0.0899152192236711], [0.8008761942173285, 0.03105438149774543, 0.031053729571899547, 0.1370156946130265], [0.8582854334024022, 0.026326937794488546, 0.026326442330875208, 0.08906118637223413], [0.824466908050307, 0.023026474884007747, 0.03916853213579983, 0.11333808482988542], [0.7579655491219572, 0.026760374576224374, 0.06833349027608145, 0.14694058592573692], [0.8352628800604133, 0.024068422050573073, 0.034475730728256125, 0.10619296706075752], [0.7866695497890532, 0.028211092760261233, 0.027773142013068273, 0.1573462153376172], [0.01089304912328006, 0.0048339024119424265, 0.0037062122932174616, 0.98056683607156], [0.1182635334274592, 0.047784409700258296, 0.6912984148273223, 0.14265364194496014], [0.01828267331648861, 0.007387095039527394, 0.006831820468977703, 0.9674984110750062], [0.038313020727071836, 0.0076633057106545435, 0.913872050754433, 0.040151622707840645], [0.035924319754593634, 0.8980073141780586, 0.016192481365211397, 0.04987588460213641], [0.03311078687363424, 0.8810572199594219, 0.012372716570737342, 0.07345927649620658]], "ideal": "C", "sampled": "C", "correct": true}}
{"type": "result", "data": {"idx": 4, "options": ["They became a part of Japan\u2019s territory.", "The Americans established freedom for all Koreans.", "The Korean economy never recovered.", "Korea remains divided into two nations near the 38th parallel."], "probs": [[0.0006257836975930879, 0.00026087334995973107, 0.0006160893862349094, 0.9984972534662122], [0.00777878132555319, 0.0024477511338461063, 0.9875097086461285, 0.0022637587944721606], [0.0005699264479870243, 0.0002302780006804102, 0.00045085560753551886, 0.9987489398437971], [0.01039525703133193, 0.003072891684855547, 0.9807006336621363, 0.005831217521676136], [0.0016982286713161624, 0.996851926623793, 0.0007079431868854794, 0.0007419014180054134], [0.0016963961970925753, 0.9957768577392092, 0.0009080352262598257, 0.0016187107374383278], [0.0006661836587300245, 0.00019693140270876766, 0.0005787988907138998, 0.9985580859478473], [0.00866814693168838, 0.0018746674866244241, 0.9864143752457174, 0.0030428102359697498], [0.0007203675264903965, 0.00022668228622134637, 0.00042348873168023167, 0.998629461355608], [0.012338374875711945, 0.003119728559277783, 0.9802107177815944, 0.0043311786834158185], [0.0014991241616961757, 0.9971468057021915, 0.0007193021892263714, 0.0006347678468859939], [0.0017515345012445015, 0.9965143005860126, 0.0008670943680447725, 0.0008670704446980431], [0.0004799825379828353, 0.00016588387350012057, 0.0004875486323371872, 0.9988665848561799], [0.006751898142338756, 0.0016546629854772795, 0.9865758488186863, 0.005017589953497667], [0.000552412063453409, 0.00015827495348229344, 0.0005029841551478172, 0.9987863287279165], [0.00587776418808588, 0.0014181254040364843, 0.9885361571086936, 0.004167953199184081], [0.003017375051609285, 0.9935474097905965, 0.0015172602344602469, 0.0019179548233339472], [0.0036336560713062164, 0.991912900840433, 0.0020704399782628456, 0.002383003009997891], [0.9948312497509109, 0.001861429984293662, 0.0021424897286800733, 0.001164830436115436], [0.9948265438029135, 0.0016172320861511473, 0.0016948410580458258, 0.0018613829528896085], [0.9946304668986942, 0.0021757892478912197, 0.0018321949890890508, 0.0013615487643255835], [0.9943451317937431, 0.0022442257105320194, 0.0022094242812804206, 0.0012012181144444606], [0.9957639900909376, 0.001406401208997361, 0.0012606893845870488, 0.001568919215477948], [0.9952231924869652, 0.001862171982982086, 0.001749346221536613, 0.0011652892085160615]], "ideal": "D", "sampled": "D", "correct": true}}
{"type": "result", "data": {"idx": 5, "options": ["Optimistic, encouraged", "Understanding, accepting", "Cynical, enthusiastic", "Sincere, resigned"], "probs": [[0.14322268111567038, 0.11329943447020596, 0.631934969001473, 0.11154291531265072], [0.1560832846300438, 0.11242366497268834, 0.32026469465670576, 0.4112283556405621], [0.13394214118564304, 0.6592910380752808, 0.07282356186622713, 0.13394325877284904], [0.1443633288000702, 0.40488001700167203, 0.32533052560413994, 0.12542612849411786], [0.12232840349313705, 0.4838217614173699, 0.07655170273940284, 0.3172981322500902], [0.12348845038801035, 0.2573737540192388, 0.5199112969103789, 0.09922649858237208], [0.10235943644215281, 0.08354391901849727, 0.6674726604747871, 0.14662398396456275], [0.10873653738603416, 0.07131180911543122, 0.4578013419647179, 0.3621503114338167], [0.038979071080932313, 0.8734097485789468, 0.01702879300182893, 0.07058238723829195], [0.04851223101154367, 0.8078054694641352, 0.05583751138667982, 0.08784478803764123], [0.1097379926845142, 0.40140780952063426, 0.06155782587791009, 0.4272963718169414], [0.09304897486233053, 0.10878609864815993, 0.70937639467775, 0.08878853171175942], [0.822710643762891, 0.07188853192274923, 0.026446281284651114, 0.07895454292970856], [0.7070144045457972, 0.09130337357260981, 0.12479671183785813, 0.07688550994373479], [0.8050660951271346, 0.07606296113012312, 0.02712103119949749, 0.09174991244324483], [0.7444573598696416, 0.07970185425839425, 0.07970160838921626, 0.09613917738274795], [0.47697463844992144, 0.38326477590381275, 0.048726584299543955, 0.09103400124672184], [0.6763816374403125, 0.18491467556125496, 0.041259973622309196, 0.0974437132761233], [0.11813765414084365, 0.5462670508836944, 0.047732298926671544, 0.2878629959487904], [0.1394456403107115, 0.13515626677939366, 0.624958422905974, 0.10043966990392084], [0.14745341899053327, 0.11130472024034273, 0.16708775609943213, 0.5741541045696918], [0.08879107699055824, 0.06395428215579387, 0.7434467464249496, 0.10380789432869833], [0.044606680509806144, 0.8820639711812804, 0.022783016109282704, 0.050546332099630706], [0.03165021999376657, 0.8965016853053024, 0.015425177720467621, 0.05642291688046338]], "ideal": "C", "sampled": "C", "correct": true}}
{"type": "result", "data": {"idx": 6, "options": ["Revolutionary progressivism does not always concern itself with gender equality.", "Women typically assume leadership roles during times of revolution.", "Women rarely support revolutions and therefore receive little benefit from them.", "Revolutionary movements are generally uninterested in women's rights."], "probs": [[0.6331618545532709, 0.03743511507723735, 0.2723220339205119, 0.05708099634897979], [0.6688860951193109, 0.038934154554251636, 0.16650008409295058, 0.1256796661334869], [0.7616565709297662, 0.07196150612168861, 0.09096792203816179, 0.07541400081038332], [0.6620771386866869, 0.06062848210665004, 0.08158464105482602, 0.19570973805183697], [0.7046019689040646, 0.04298142507704981, 0.07426509645789939, 0.17815150946098626], [0.4901931558559618, 0.041515158814825814, 0.18898784208797018, 0.27930384314124224], [0.04728069437750402, 0.7168460914876117, 0.15025910139125637, 0.08561411264362788], [0.0403016805889464, 0.7143721053008972, 0.07297775828273957, 0.17234845572741683], [0.022296969794239112, 0.9480989781970565, 0.010532486751153754, 0.019071565157550704], [0.02456905809266854, 0.9364729967523086, 0.01197416857760109, 0.026983776477421857], [0.1799089312373497, 0.13580350576473232, 0.438380867198975, 0.24590669569894297], [0.14705253588232112, 0.0851080981889159, 0.7015578484743432, 0.06628151735441981], [0.785466298653125, 0.05963005386385712, 0.07081251458837304, 0.08409113279464481], [0.6206986723688034, 0.06856114876367246, 0.13010644293734228, 0.18063373583018183], [0.7416989052566613, 0.1051958489429569, 0.08192674558098884, 0.07117850011939302], [0.6719385284714724, 0.14760595338647783, 0.10144828107760714, 0.07900723696444265], [0.6504834477764372, 0.042904243877068725, 0.15450424466014057, 0.1521080635863535], [0.7947630522279819, 0.038955622578409586, 0.1010433465452284, 0.06523797854838002], [0.45524796499790104, 0.0855394297339952, 0.06981519556975187, 0.3893974095983519], [0.2370881245981649, 0.07230840945899449, 0.29971007849453263, 0.390893387348308], [0.4558484953748225, 0.08301671779107989, 0.1526911441685561, 0.30844364256554146], [0.2268915603163772, 0.055602501654838765, 0.6668797233868543, 0.05062621454192967], [0.3951351943861294, 0.34330162824970484, 0.07780759946167237, 0.1837555778024934], [0.41057740720180497, 0.430284490461434, 0.06008156254104459, 0.0990565396957164]], "ideal": "A", "sampled": "C", "correct": false}}
{"type": "result", "data": {"idx": 7, "options": ["Sub-Saharan Africans relied on European merchants to sustain population growth through the constant importation of New World foodstuffs.", "Sub-Saharan Africans consolidated new states and kingdoms by trading with the Europeans for firearms.", "Sub-Saharan Africans depended on European merchants as the sole purchasers of slaves.", "Sub-Saharan Africans allied with European powers to evict Muslim and Arab merchant princes from encroaching on their sovereignty."], "probs": [[0.08312410734687299, 0.023083107400843933, 0.7409033730558269, 0.15288941209645623], [0.030053690310781242, 0.007138486541724435, 0.013129692627296408, 0.9496781304201979], [0.12484968731458007, 0.44960470007940834, 0.17334044365357454, 0.25220516885243704], [0.1076075565204666, 0.4061102184453667, 0.08646703216514501, 0.39981519276902167], [0.023441334798024523, 0.003074881325435881, 0.022368147683962274, 0.9511156360925773], [0.033716540941551625, 0.005768307340031257, 0.8428329529687402, 0.11768219864967691], [0.1273553761404634, 0.2915233243029363, 0.4175926259818629, 0.16352867347473737], [0.06019849926370774, 0.09179329468112025, 0.016980190460928142, 0.8310280154942439], [0.08331468948826587, 0.6761301956731521, 0.10532178297544663, 0.13523333176313532], [0.06252748542177886, 0.7045029075059466, 0.037337721255207526, 0.19563188571706702], [0.035708012654689515, 0.0050645636459838396, 0.08047009718929966, 0.878757326410027], [0.05628542685719013, 0.010250496151970767, 0.8143077670835305, 0.11915630980730862], [0.15324485300438986, 0.47203174228716266, 0.13737075029429974, 0.23735265431414773], [0.13300961952014131, 0.4642540535311137, 0.08860553272043538, 0.3141307941283096], [0.2020759761440734, 0.23625301174324073, 0.3179181861249309, 0.243752825887755], [0.15465935371792372, 0.3325734287507512, 0.09235323551774802, 0.4204139819135771], [0.13329702217148862, 0.017485007120857324, 0.645962755437784, 0.20325521516987005], [0.1557339788639036, 0.025823555031620458, 0.4506434378015221, 0.3677990282029538], [0.04382623395857429, 0.13928143795447212, 0.015384788752357633, 0.801507539234596], [0.07588767778449312, 0.3794183319600985, 0.35090716624007773, 0.19378682391533064], [0.04811294942192355, 0.018549478851285866, 0.10674450147781366, 0.8265930701489769], [0.07800084864310694, 0.04657698283394369, 0.6633931796068204, 0.21202898881612897], [0.03302858843388008, 0.812818485703662, 0.045856506652787656, 0.10829641910967028], [0.026512646551151105, 0.8247921908419531, 0.026102097216206942, 0.12259306529068888]], "ideal": "B", "sampled": "C", "correct": false}}
{"type": "result", "data": {"idx": 8, "options": ["Hitler's belief that Poland's territorial borders should not be violated", "A rising intolerance of ethnic and political minority groups", "A widespread belief in Germany that it had been unfairly treated at the end of World War I", "Hitler's attempted collaboration with Italian leader Benito Mussolini"], "probs": [[0.014563486454374872, 0.0034055261885926886, 0.9742357398195078, 0.007795247437524555], [0.0039416962325856085, 0.0005503915150674812, 0.00039028333629672365, 0.9951176288160501], [0.002247364667106233, 0.9957691010002585, 0.0005771759180239601, 0.0014063583146113187], [0.0025846943032528684, 0.9949966819335915, 0.0005858106043359172, 0.001832813058819786], [0.0023950481444987835, 0.000252439136836239, 0.00045001791075807, 0.9969024947079069], [0.019146906183309626, 0.003770278295445956, 0.9668342456649389, 0.01024856975630551], [0.03835254455384336, 0.005355256443829316, 0.9438409884486075, 0.012451210453719774], [0.008177624299607661, 0.0007488551709063473, 0.0005066978185245171, 0.9905668226109615], [0.004819766903987733, 0.9931254379498872, 0.0007163996767192675, 0.0013383953694058542], [0.005454986141469413, 0.9919391730748865, 0.0007498836256924284, 0.00185595705795157], [0.004677004856481782, 0.00041511249263822094, 0.0006134925336330056, 0.994294390017247], [0.02001051505873501, 0.002280487778538894, 0.9641692463424315, 0.013539750720294624], [0.9973719171682847, 0.0014308387563957811, 0.0004432541658375759, 0.0007539898094820204], [0.9967319042053984, 0.0017519776483333979, 0.0005178853892678736, 0.0009982326570003779], [0.9973910490970973, 0.0012627352722138002, 0.0006154097739264247, 0.000730805756762518], [0.9968622139464206, 0.0014526288154919369, 0.0005179522771379254, 0.001167204860949504], [0.9959521967046694, 0.0019529404964221764, 0.0008141091251514109, 0.0012807535737570574], [0.9973940333742476, 0.001149736100259447, 0.00045733422298996807, 0.0009988962025029744], [0.002113767561228518, 0.00047907786186209147, 0.0004362024746005467, 0.9969709520023088], [0.028268989613688737, 0.00848794126952047, 0.9508932945781021, 0.012349774438688656], [0.0022152457065547668, 0.000361633219875821, 0.00043620980528106303, 0.9969869111682883], [0.010874291822142538, 0.0017751894807582877, 0.9788816406002134, 0.008468877996885733], [0.0027089254790031514, 0.9950651298498806, 0.0006334567702691212, 0.0015924878008470996], [0.002468362442019533, 0.9958134854987742, 0.0005338244354422833, 0.0011843275237638936]], "ideal": "C", "sampled": "C", "correct": true}}
{"type": "result", "data": {"idx": 9, "options": ["was justifiable according to local military custom, even if it violated Western military norms.", "can be viewed as a reaction to the systemic brute force with which the British governed India.", "should be praised as a brave patriotic blow against British colonial oppression.", "seems to have been the product of a well-organized and long-premeditated conspiracy."], "probs": [[0.02151195218052757, 0.7236309889452683, 0.016238945147822034, 0.238618113626382], [0.026918906708349195, 0.7867146079730318, 0.03622460987114491, 0.15014187534747403], [0.042958749876238725, 0.016562822649218108, 0.8495352578587015, 0.0909431695158416], [0.0102914832378344, 0.0036128661541200914, 0.015210196353077444, 0.9708854541549681], [0.06346864027755843, 0.02905935286926369, 0.7978086528568504, 0.10966335389632743], [0.0072988778699214505, 0.003728148026887602, 0.0026436085311307457, 0.9863293654720602], [0.7898574787197686, 0.031109533099920844, 0.021049660814788842, 0.15798332726552172], [0.8876172485983282, 0.02187717045079212, 0.04631360404132578, 0.044191976809553876], [0.8247990819359978, 0.024907489076211233, 0.03512494474647683, 0.1151684841413141], [0.8726976919371443, 0.017831916818098308, 0.06321906592153496, 0.046251325223222436], [0.924275450880223, 0.018885791159128605, 0.014939799792019141, 0.041898958068629234], [0.9194213803650167, 0.020633083486836665, 0.011217948321313353, 0.048727587726833194], [0.06030727675185015, 0.03080340720838177, 0.7944468529513435, 0.11444246298842455], [0.010666625518527106, 0.005709752876295968, 0.008307400116154271, 0.9753162213890226], [0.020370638147720905, 0.9220793315001085, 0.012355981485472189, 0.04519404876669842], [0.01976374726500863, 0.93753725455553, 0.01256304422745215, 0.030135953852009106], [0.008228527112973873, 0.008228957383989276, 0.002249644064363934, 0.9812928713386729], [0.08959453140772983, 0.1150464011258474, 0.6938356418897637, 0.10152342547665912], [0.036203111471815486, 0.013112407753553466, 0.890996074364934, 0.05968840630969705], [0.00336844243212802, 0.0012987225857934981, 0.0011108437385059454, 0.9942219911435726], [0.014739865023848943, 0.8838945379371349, 0.01520829232606874, 0.08615730461294743], [0.01496238679363612, 0.8833309772319388, 0.011472506299656827, 0.09023412957476834], [0.004122146219633364, 0.0012377506961539634, 0.0016143083776685276, 0.9930257946065442], [0.041251760663559955, 0.01666774069725503, 0.882059946453542, 0.06002055208564296]], "ideal": "B", "sampled": "B", "correct": true}}
{"type": "result", "data": {"idx": 10, "options": ["A factory owner is forcing him to do so.", "He doesn\u2019t earn enough on his own.", "The children need discipline.", "Their labor is only moderately difficult."], "probs": [[0.008732273388736512, 0.9782748832519916, 0.006192167587389542, 0.006800675671882284], [0.008102588155382352, 0.9814902833655205, 0.0048383255198579875, 0.0055688028592392165], [0.021002549949829065, 0.0032716934061166013, 0.9656486636171075, 0.01007709292694673], [0.004743328354522645, 0.0012968040636940773, 0.0011993207828286435, 0.9927605466989546], [0.028400508646832932, 0.0036676998509800806, 0.955329172314934, 0.012602619087252988], [0.0024311195276273912, 0.0005017072377416464, 0.0008401839408405545, 0.9962269891937904], [0.45318550668830443, 0.513536641096748, 0.009259875095396634, 0.024017977019550888], [0.1714309288815441, 0.8051850719951961, 0.007187319851811108, 0.01619667917144867], [0.3621836900348876, 0.010937340556481491, 0.5971490740178913, 0.029729895290739626], [0.541563261830268, 0.015363465692584944, 0.014659651266944832, 0.4284136211102022], [0.4186140808700974, 0.01674722659379504, 0.529185880255969, 0.03545281218013858], [0.4093904735032859, 0.014912558661671328, 0.016123999854624912, 0.5595729678804179], [0.004078018491521902, 0.006122017065730695, 0.9824156720925947, 0.007384292250152622], [0.0014385795415237169, 0.14002295027747824, 0.0008196927485056152, 0.8577187773324925], [0.0015603473594585475, 0.9303386141867086, 0.05675036781335726, 0.011350670540475566], [0.0006661623817104564, 0.9528117060944655, 0.0033306255276127038, 0.043191505896211346], [0.000478301285810153, 0.00015773613075454758, 0.004004778572552609, 0.9953591839108827], [0.0031943730136205295, 0.0023009361349966466, 0.8996820263451121, 0.09482266440627077], [0.005895460999133687, 0.008713178400667251, 0.9761165452228139, 0.009274815277385197], [0.0008716668832302286, 0.012415402794874622, 0.0004739249664529695, 0.9862390052554422], [0.002198626450872086, 0.9590768931649358, 0.028070297318147273, 0.01065418296604478], [0.0011840451706308737, 0.9207614579955226, 0.003647146019478271, 0.07440735071436823], [0.0005759259850322173, 0.00017842475939338669, 0.005637702579131662, 0.9936079465764427], [0.00319838055925649, 0.0019400033744093328, 0.9440430426706318, 0.05081857329570235]], "ideal": "B", "sampled": "B", "correct": true}}
{"type": "result", "data": {"idx": 11, "options": ["Uneasy allies", "Comrades-in-arms", "Mortal enemies", "Distant strangers"], "probs": [[0.5760630797810778, 0.09702564007754731, 0.24392175999241872, 0.08298952004895609], [0.5215347214439994, 0.08124013686708308, 0.30659644650595413, 0.09062869508296345], [0.5768393384989808, 0.2811310343373888, 0.05892815177537098, 0.08310147528825938], [0.5395352799685538, 0.30741983419995045, 0.0765227297130987, 0.07652215601839707], [0.5567019109624163, 0.24703659666921288, 0.07773333215830235, 0.11852816011006849], [0.5461664795329383, 0.24236135182341248, 0.12771521507416542, 0.0837569534694838], [0.020865165394642924, 0.9444335418736559, 0.01870346876915228, 0.01599782386254883], [0.024638762255159853, 0.9245665606333429, 0.029720106943934652, 0.02107457006756261], [0.08656996874703385, 0.5916007425014982, 0.2466162851183689, 0.07521300353309907], [0.06140051203126901, 0.547259193137202, 0.05418597724613421, 0.3371543174853948], [0.13148946960826, 0.2963168300666367, 0.5119937023604991, 0.06019999786460408], [0.08129329415253388, 0.31163085200421453, 0.0851949174288011, 0.5218809363144505], [0.06319521116242949, 0.8588614538797574, 0.03382606323599561, 0.0441172716218175], [0.0598172674958871, 0.8519670620294909, 0.043763355720535226, 0.04445231465408675], [0.22087534766204223, 0.12585168794360596, 0.56403146907937, 0.08924149521498184], [0.08296685881369147, 0.03681663519415318, 0.055267994796456305, 0.824948511095699], [0.27637310372053725, 0.215240437466115, 0.42142204228333735, 0.0869644164300104], [0.10567581770640141, 0.06116100468427403, 0.05231353325969099, 0.7808496442496335], [0.05850732082164971, 0.859763397840705, 0.03958816792616686, 0.042141113311478455], [0.044149078917734765, 0.8730145789519285, 0.050027609425559304, 0.03280873260477742], [0.17009226976124242, 0.0999930053849363, 0.6520408987346922, 0.07787382601912912], [0.09095432337715846, 0.05023030453129077, 0.07308407508289522, 0.7857312969086555], [0.1721765185654647, 0.36449955532409245, 0.38199357751686186, 0.08133034849358096], [0.11878613912405457, 0.11334750561836145, 0.06259615253460976, 0.7052702026229742]], "ideal": "A", "sampled": "A", "correct": true}}
{"type": "result", "data": {"idx": 12, "options": ["Issue a casus belli to go to war with the Kingdom of Zulu", "Tax the Zulu kingdom to cover damages attributed to them", "Sever its responsibility to protect citizens who chose to live in South Africa", "Liberate the Zulus from British colonialism"], "probs": [[0.6851073400720206, 0.13075601858446737, 0.08847410099107264, 0.09566254025243937], [0.6220533390180093, 0.13880017708642473, 0.03401453123679055, 0.20513195255877542], [0.7527709939071718, 0.11015545323084472, 0.05896210933462739, 0.07811144342735608], [0.7873271253537423, 0.10823185942416627, 0.03005494605551641, 0.07438606906657502], [0.6265852240618811, 0.040687414380614, 0.12930449408586533, 0.20342286737163962], [0.7751631284319144, 0.037405964680111835, 0.12074803039617407, 0.06668287639179966], [0.13544304818918323, 0.7208560785026025, 0.050612245315604376, 0.0930886278926099], [0.18617937277984972, 0.582511686092856, 0.042197243427910425, 0.18911169759938387], [0.5127662939398376, 0.15396202869720385, 0.1446344234704219, 0.1886372537925366], [0.2449083975755071, 0.16571546957378067, 0.04601758350115851, 0.5433585492495537], [0.3612023430164007, 0.06786907905246765, 0.25216617050482676, 0.3187624073263049], [0.27999055174180476, 0.07654618414064072, 0.09526337611271456, 0.54819988790484], [0.16091988739371593, 0.4584218790903941, 0.14652068693184897, 0.23413754648404095], [0.18924326910803826, 0.3591237610349983, 0.07527646309462734, 0.3763565066623361], [0.167089559140017, 0.24311700057565377, 0.24694619684191588, 0.34284724334241334], [0.10298153549051697, 0.12039929510041396, 0.03908788616277705, 0.737531283146292], [0.1447928133043279, 0.03604226639600879, 0.4255758320615851, 0.39358908813807814], [0.09719586808691189, 0.029183858078546107, 0.1209633609971566, 0.7526569127373854], [0.023599672148212826, 0.8718496407411432, 0.01956507796629257, 0.08498560904435133], [0.01890616456032421, 0.9253030246073248, 0.014496005800108786, 0.04129480493224217], [0.0611353471618832, 0.5984595111158075, 0.06209941881010486, 0.2783057228122044], [0.04634833414418312, 0.670534329797763, 0.0402687166420775, 0.24284861931597648], [0.16575832663309, 0.2690554260938525, 0.17371551690748654, 0.39147073026557094], [0.11459863778334994, 0.14262223616653888, 0.051654442823939446, 0.6911246831261717]], "ideal": "A", "sampled": "A", "correct": true}}
{"type": "result", "data": {"idx": 13, "options": ["Pan-Africanism", "Communism", "African socialism", "Neocolonialism"], "probs": [[0.9954409300085671, 0.0012801007050888477, 0.002282028387361328, 0.0009969407989826775], [0.9966271157253717, 0.0009376587936554386, 0.0007895890452625184, 0.0016456363357103768], [0.9944592650969847, 0.0028372285079123895, 0.0014045324230430372, 0.0012989738720598565], [0.9965508313275293, 0.0018072460842858706, 0.0009230522338044008, 0.0007188702543803835], [0.9964235279000292, 0.0012037314996704883, 0.0011308025403039448, 0.0012419379599963943], [0.9950811908866768, 0.0013836193893626409, 0.002708995261623908, 0.0008261943623366738], [0.0010961461126815244, 0.9965519148213193, 0.0013222061675057925, 0.0010297327984933506], [0.0012425402387480254, 0.9969086742739595, 0.000881095123209441, 0.0009676902640830724], [0.009321430430413894, 0.015856297509864333, 0.9657876441419166, 0.009034627817805181], [0.0009321713077239449, 0.007927910486043193, 0.00034292720639697306, 0.9907969908998359], [0.0037991739321106477, 0.0016597380096769101, 0.9895860415153706, 0.004955046442841891], [0.0009592400587271051, 0.0008465298755501541, 0.009995488564874238, 0.9881987414008485], [0.00528474143729782, 0.9914815269059406, 0.001855124224438878, 0.0013786073323227227], [0.0090967046199564, 0.9877349532501795, 0.002029755687298691, 0.001138586342565439], [0.036345631170101325, 0.005402305117888341, 0.9521304660071838, 0.006121597604826597], [0.0011325698898016427, 0.0006453209226837584, 0.00023739994657989957, 0.9979847091409347], [0.06896492460820533, 0.0035983500588863816, 0.9227436079904369, 0.004693117242471355], [0.0019855750011284973, 0.0006970047237067578, 0.00040974727439068353, 0.9969076729007741], [0.001406072550527364, 0.9955561955436703, 0.0013416869600324027, 0.001696044845769976], [0.0022776144504694034, 0.9935206938004023, 0.0023134855020352516, 0.0018882061470930662], [0.004100376658539028, 0.002061800757390773, 0.9877778691273726, 0.006059953356697512], [0.0008381176030663579, 0.0006228384932977382, 0.004748253545377223, 0.9937907902582587], [0.02818439142512489, 0.06975715290427392, 0.8767941536142203, 0.025264301956380898], [0.0021834593411771248, 0.01423799316768974, 0.0008960920245877149, 0.9826824553665454]], "ideal": "A", "sampled": "A", "correct": true}}
{"type": "result", "data": {"idx": 14, "options": ["Agriculture fueled industrialization in cities as excess labor flowed from the countryside to urban centers.", "Agricultural surpluses allowed the state to invest more heavily in modernizing agricultural production.", "Agricultural efficiency reduced prices of basic commodities, raising the standard of living across the whole of China.", "Agriculture was collectivized, with the result that entire communities shared fields instead of individuals owning the land as private property."], "probs": [[0.0005878074722414975, 0.0005786997782163757, 0.00044370408323231135, 0.9983897885663098], [0.004502671791457869, 0.0035066894515551534, 0.9876265145889892, 0.004364124067997797], [0.000385651796615119, 0.00020007529858500253, 0.0006162726708246993, 0.9987980001339751], [0.0028250939515970554, 0.0011594190643749592, 0.9902187912159902, 0.005796695668037737], [0.0012585996358653998, 0.9941381993981433, 0.00198006365581141, 0.002623137210179907], [0.0010764469381218575, 0.9940543662317866, 0.0013396669521931613, 0.0035295197778983803], [0.0005524222295041187, 0.0002096776071878234, 0.0004370048824354909, 0.9988008951808726], [0.0031128209526887027, 0.0008378062749200618, 0.9934281252019935, 0.0026212474703977123], [0.0005611432684553072, 0.000219748682591806, 0.0003796912287240775, 0.9988394167202288], [0.004801686669877828, 0.0012140598396388127, 0.9894024715511781, 0.004581781839305289], [0.003060014388924406, 0.9919497601042643, 0.0022040594094816244, 0.0027861659973297025], [0.0037432710716023814, 0.9903788503399752, 0.0028700843465301763, 0.003007794141892179], [0.0006152480696920699, 0.0002564755063015637, 0.001986047319343676, 0.9971422290046627], [0.003356557205065342, 0.0011968196589107155, 0.9907131394527826, 0.004733483583241363], [0.0006456429800301133, 0.0004578330406132841, 0.00041039877827184684, 0.9984861251010848], [0.005779646489861738, 0.0024857996688954346, 0.9873031638861907, 0.004431389855052152], [0.002067687165238234, 0.9905961476484315, 0.0019730124073950857, 0.0053631526789351775], [0.0027792419983847434, 0.9894799996896139, 0.0035686368658477455, 0.004172121346153684], [0.966475198424089, 0.001408337745968675, 0.02964476525709381, 0.002471698472848464], [0.982625556441736, 0.0013663032031330984, 0.0049202531264258, 0.011087887128705074], [0.9923463296376871, 0.002421658066989096, 0.002170766303947843, 0.0030612458913759468], [0.9925627028389409, 0.0022401575689094235, 0.002275441890622211, 0.0029216976015274433], [0.9665887554348396, 0.001546941009857515, 0.004012466272498362, 0.027851837182804515], [0.9742090766862136, 0.0013335992205193267, 0.020219179004820093, 0.004238144988446947]], "ideal": "D", "sampled": "D", "correct": true}}
{"type": "result", "data": {"idx": 15, "options": ["The expulsion of Christian missionaries from Japan", "The adoption of Chinese imperial customs in the Japanese court", "The annexation of Manchuria by the Japanese", "Commodore Perry forcing Japan to open its ports to trade"], "probs": [[0.0029734199429433425, 0.0005764325931787247, 0.001980729309946864, 0.9944694180539311], [0.007068337687596295, 0.0011359993071016318, 0.9257732387436043, 0.06602242416169776], [0.0037913219984188843, 0.008281106039338727, 0.00039340905882867235, 0.9875341628034138], [0.06011077559511897, 0.04537449997071731, 0.804278346672301, 0.09023637766186274], [0.0008004827570666649, 0.9947206287205044, 0.0003497066258669196, 0.004129181796562059], [0.0008533491935642879, 0.9961678567899231, 0.0005095599983172831, 0.002469233918195292], [0.005038740134284106, 0.000640614834012482, 0.0036292770096742416, 0.9906913679220292], [0.01138637453673988, 0.0015409965545930813, 0.9479466517829035, 0.039125977025763585], [0.005027436675660722, 0.006064318615538572, 0.0004392947906503311, 0.9884689498181504], [0.05821236298300566, 0.021415407115143014, 0.8554321042114851, 0.06494012559036619], [0.0007178090253980618, 0.9950832428245743, 0.0003185276979041312, 0.003880420352123563], [0.0007901338816196097, 0.9973237907814673, 0.0004099179266980667, 0.001476157310215018], [0.005296960925242604, 0.0004416539438937196, 0.0004926955431269215, 0.9937686894877368], [0.08270556193870843, 0.010191470963713967, 0.8484564130343594, 0.05864655396321824], [0.003374068865383784, 0.0003845263095922643, 0.0003726922261150805, 0.9958687124989088], [0.04750150650492294, 0.007171773103880074, 0.8823979788054973, 0.06292874148569967], [0.015544582169978451, 0.9768583803451178, 0.0013164901935281425, 0.0062805471913756124], [0.014651897215216312, 0.9801441901022259, 0.0012604285965587974, 0.0039434839859989815], [0.9984494256863511, 0.00017107423734682143, 0.000510728295688182, 0.0008687716806139189], [0.9981583811947788, 0.00019079174086473292, 0.0006354264040546302, 0.0010154005603017864], [0.9962545198064447, 0.00037870993284796437, 0.0005685062006602846, 0.0027982639600469417], [0.9976235073509825, 0.0003346701773928304, 0.000518342222146851, 0.0015234801494777846], [0.9985289303560895, 0.00040405486515878586, 0.0003002656256071968, 0.0007667490531445409], [0.998800203793056, 0.0003737915059566318, 0.0002821501698972702, 0.0005438544310901062]], "ideal": "D", "sampled": "D", "correct": true}}
