{"type": "result", "data": {"idx": 0, "options": ["ADD.", "AIDA.", "PESTLE.", "SWOT."], "probs": [[0.01889690458589934, 0.9692268393468352, 0.004703821801396316, 0.007172434165869184], [0.014347020331460462, 0.9748592237278094, 0.0038015942011191467, 0.006992161639611011], [0.045136739715016715, 0.0010450630179746983, 0.9501131606391715, 0.003705036527837079], [0.017155910341478627, 0.0005870451715997201, 0.0006249062873836863, 0.981632138099538], [0.01967872753834825, 0.0004485626292962565, 0.9782824291112919, 0.0015902806210634976], [0.011498772425906445, 0.00032619651703275906, 0.0004896787132456447, 0.9876853522438152], [0.25140209766113836, 0.6833845045330262, 0.012516646969868235, 0.052696750735967135], [0.4402208986915786, 0.4988379470049446, 0.011549693064111995, 0.0493914611393648], [0.8292498047677996, 0.0030856987201049843, 0.1533964733552687, 0.014268023056826694], [0.844484360037041, 0.0026051275475259135, 0.003850133958325447, 0.1490603783571077], [0.6994835691298393, 0.003394728216298044, 0.2739231038150597, 0.023198598738802964], [0.8827814837108928, 0.002441122300950356, 0.004284310337731849, 0.110493083550425], [0.0400554209223378, 0.01696060225323768, 0.9260235253454605, 0.016960451378964025], [0.006071814742621457, 0.003740751148221869, 0.00048307311485189843, 0.9897043608943048], [0.014614636341401921, 0.8232627134506869, 0.143061631335522, 0.019061018772389197], [0.005261598906701967, 0.9273310211946194, 0.00719176551322087, 0.06021561428545772], [0.0060418004362839525, 0.0005197444372699598, 0.023895784531153038, 0.9695426704952931], [0.017464116175330738, 0.0012261787168273382, 0.9685327388306515, 0.012776966177190457], [0.023749172242792795, 0.0057297794937986694, 0.9636096773895805, 0.006911370773828106], [0.007555499659820096, 0.01729481850553029, 0.0009165925423591814, 0.9742330891922905], [0.008007338403977743, 0.9255234753340904, 0.05387193054324975, 0.012597255618682114], [0.003507168007380944, 0.942521923063214, 0.004793739378016657, 0.04917716945138841], [0.00552377509160543, 0.0007359757862030272, 0.020205131966445123, 0.9735351170557464], [0.02014767152698297, 0.001994899434869095, 0.9557296445845224, 0.022127784353625564]], "ideal": "B", "sampled": "B", "correct": true}}
{"type": "result", "data": {"idx": 1, "options": ["The realm of understanding.", "Personal selling.", "Noise.", "Feedback."], "probs": [[0.002007048866772307, 0.005628933079920651, 0.0002983258594632556, 0.9920656920938438], [0.004659395700264458, 0.0032023804039468854, 0.9905775264519286, 0.001560697343859984], [0.007647969917703577, 0.004711823921993042, 0.0014826487794126395, 0.9861575572808907], [0.005894175107511196, 0.0010734299991886865, 0.9912900846950974, 0.0017423100982027723], [0.0004498412958584631, 0.996517856926104, 0.002357014875729515, 0.0006752868023080145], [0.0006241259675318332, 0.9958531966409653, 0.0023925408018597516, 0.0011301364896431447], [0.0026522944262055625, 0.007323264782704293, 0.00042626897579533027, 0.9895981717152948], [0.00514780984064591, 0.011783541531444468, 0.9810209983455073, 0.0020476501824023092], [0.015623531579110358, 0.004476267258682797, 0.028290814110170925, 0.9516093869520359], [0.00894651289988122, 0.0023706425177689983, 0.9125952200175894, 0.07608762446476032], [0.001762544907626408, 0.9719115248512441, 0.023954177741556906, 0.0023717523995726002], [0.0020670025950387727, 0.9598068104568112, 0.004241275850063882, 0.03388491099808622], [0.0027293631312814526, 0.08359203764143466, 0.000832420917754634, 0.9128461782095293], [0.00877836189705735, 0.13102966985013234, 0.8544349956027377, 0.005756972550072579], [0.011699721586456789, 0.005191786378587851, 0.6191401081013345, 0.3639683838336209], [0.00897329159833574, 0.007556397384975381, 0.6909227721217124, 0.29254753879497647], [0.001836221279801978, 0.9511952809270148, 0.045188783710993295, 0.0017797139821899225], [0.0016409633129361306, 0.9783986477857399, 0.00439150896056941, 0.015568879840754559], [0.9705071808156648, 0.025067721489180843, 0.003904839889185651, 0.0005202577059687094], [0.9777857441566957, 0.01876850498440179, 0.002540085562488116, 0.0009056651964143445], [0.9267378997602674, 0.004359293891829001, 0.06819118085544096, 0.0007116253924625908], [0.9747494054203746, 0.0064661155562508515, 0.003983702810758239, 0.014800776112616288], [0.8191468164614222, 0.002689998648776683, 0.17715803087079415, 0.0010051539190070202], [0.7904387491080012, 0.0064244678495061006, 0.0032813266543627994, 0.19985545628812998]], "ideal": "A", "sampled": "D", "correct": false}}
{"type": "result", "data": {"idx": 2, "options": ["In the late 1800s.", "In the early 1900s.", "In the 1920s.", "After the end of the Second World War."], "probs": [[0.3967587501621324, 0.22606813063193196, 0.12100532944015598, 0.2561677896657797], [0.4568208063750974, 0.2369969741910765, 0.14830879038469624, 0.1578734289491298], [0.24889313430403825, 0.4103585954983374, 0.13115840758089714, 0.20958986251672718], [0.24030549879618499, 0.4779080761247949, 0.15515398052845683, 0.1266324444505633], [0.5335360089374109, 0.17594244812245402, 0.15771369399469953, 0.13280784884543556], [0.5086811856220288, 0.14125646859867144, 0.23656009487766871, 0.11350225080163107], [0.10505951313759244, 0.23675733881267597, 0.22947268308057342, 0.42871046486915815], [0.11552928873793428, 0.32401227223585816, 0.18752377804302994, 0.3729346608831776], [0.07803082523482675, 0.11532325382363358, 0.20239780992032044, 0.6042481109212192], [0.12065781112338372, 0.1958486648073746, 0.38949142141508913, 0.29400210255415254], [0.11106959977535939, 0.17473838122092072, 0.27490154520433374, 0.4392904736993862], [0.12967513113885376, 0.4121099885257244, 0.16138450318795383, 0.296830377047468], [0.12408627851235232, 0.43992750193519803, 0.1892103333131134, 0.2467758861393362], [0.11374553885081488, 0.5959884834581626, 0.1372042965783816, 0.15306168101264095], [0.1347741911459171, 0.19918504058537262, 0.17305457332408544, 0.49298619484462486], [0.18289141900175027, 0.28773073216573203, 0.28326977140662896, 0.24610807732588874], [0.16706371803591089, 0.26696897345999404, 0.37064955739396405, 0.19531775101013105], [0.16368271652734667, 0.4051214516520907, 0.24571854239805868, 0.18547728932250399], [0.10286574733073721, 0.5063264927780458, 0.07887034058623821, 0.31193741920497886], [0.1242778245558219, 0.3888338630033879, 0.25104977555820207, 0.23583853678258812], [0.12286833489398821, 0.14591079731449502, 0.04591277917890408, 0.6853080885126127], [0.352772349787656, 0.27474128787837854, 0.15172643731914973, 0.22075992491481572], [0.2339419424299902, 0.3457464575421771, 0.1510452031938188, 0.2692663967340139], [0.2511118706313166, 0.47652999626989745, 0.08280847405876209, 0.18954965894002382]], "ideal": "C", "sampled": "A", "correct": false}}
{"type": "result", "data": {"idx": 3, "options": ["The level of tangibility associated with the type of product.", "Performance-value.", "Variations in supply and demand.", "The way in which the service is delivered."], "probs": [[0.5834863033143172, 0.07078556531146507, 0.28885077674050175, 0.05687735453371602], [0.5521616010490017, 0.06292690640822277, 0.022790727375699846, 0.3621207650670757], [0.6732339707856037, 0.1840540129346224, 0.041068389089730546, 0.10164362709004343], [0.6871145535147685, 0.15094078316657575, 0.026642869910486096, 0.13530179330816972], [0.5950328485432964, 0.04113051141646056, 0.09563139468848321, 0.26820524525175976], [0.6390129422355384, 0.04021763488572447, 0.262253437347613, 0.05851598543112414], [0.24006561574821667, 0.19289955207416298, 0.40203952186200675, 0.16499531021561362], [0.08980418556804327, 0.07329645601996018, 0.011066173906769559, 0.825833184405227], [0.19988239032880076, 0.06192122840919159, 0.6452424597680821, 0.09295392139392551], [0.17752955953446672, 0.07400597052234424, 0.04631173620451379, 0.7021527336386753], [0.1659932540118373, 0.03372378186519541, 0.3199626719641401, 0.4803202920588272], [0.1501896127964753, 0.043030352678476776, 0.2986900001075197, 0.5080900343175282], [0.6233684559295971, 0.17310528842354184, 0.10176383185331259, 0.10176242369354843], [0.6599683158901472, 0.1340823889314312, 0.0442159066349076, 0.16173338844351406], [0.48729620286598896, 0.045325995331307004, 0.4168135899040073, 0.050564211798696725], [0.5773625351754539, 0.04248295335611944, 0.05628084369826458, 0.32387366767016207], [0.5708774582863045, 0.024311096560510108, 0.3517117359157638, 0.05309970913742157], [0.5426469838881851, 0.028313640696391296, 0.16040762932465547, 0.26863174599076817], [0.2294676635850628, 0.2330845926928578, 0.11538486353472663, 0.42206288008735277], [0.4054142413504545, 0.19150642478021937, 0.320714166111043, 0.08236516765828314], [0.2895061455745463, 0.07319941570627225, 0.408274918137275, 0.22901952048190644], [0.22139844708535492, 0.060527754206262496, 0.42014674130624335, 0.2979270573021392], [0.4032365919685407, 0.12107533936930946, 0.36715804735076774, 0.10853002121138203], [0.21423420201825036, 0.14956193046549937, 0.07176032127018002, 0.5644435461460703]], "ideal": "B", "sampled": "A", "correct": false}}
{"type": "result", "data": {"idx": 4, "options": ["found guilty under the Sherman Antitrust Act and face prison time", "found guilty under the Magnuson-Moss Warranty Act and face large fines", "found guilty under the Adamson Act and face prison time and fines", "found not guilty because retailers are allowed to set their own price levels"], "probs": [[0.6519807114019708, 0.028646471562931763, 0.3079782489151252, 0.011394568019972197], [0.8731791186753651, 0.05670042971981067, 0.04926195597071977, 0.0208584955341044], [0.8332456891218304, 0.1277842811232333, 0.02896136585079202, 0.010008663804144302], [0.8028543670818609, 0.1580939489179685, 0.029704781199973607, 0.009346902700197042], [0.922246241165914, 0.02918629420086908, 0.03520521756038138, 0.0133622469728355], [0.5170572952283227, 0.04049983958821074, 0.42866381639242007, 0.013779048691046469], [0.03008613991382971, 0.9071670419118939, 0.05709381180300974, 0.005653006271266614], [0.02110173408023141, 0.9551518745307165, 0.012798984784078225, 0.010947406504973832], [0.08382515097572829, 0.639058726935781, 0.25419963113842015, 0.02291649085007057], [0.04355240199696233, 0.6300821245010236, 0.024052148458450974, 0.30231332494356306], [0.05026824202699244, 0.04722335749449992, 0.8772320403364136, 0.025276360042094114], [0.09801745413753712, 0.10765251516219312, 0.381660908422451, 0.41266912217781876], [0.4802889242476356, 0.3249848994557261, 0.1739509367923138, 0.020775239404324474], [0.40716377556696864, 0.48352743533134035, 0.09085143423823881, 0.01845735476345216], [0.11184201998695352, 0.03865223933579438, 0.8264259090542992, 0.023079831522952864], [0.12325215991656167, 0.0901744135366029, 0.04326590117926444, 0.7433075252675709], [0.15911651900848614, 0.11283323305274937, 0.7020752978501285, 0.025974949988635965], [0.14508814591054597, 0.12410195257702399, 0.04936401876519334, 0.6814458826472367], [0.009121847830794495, 0.9751189280787438, 0.006778832890507239, 0.008980391099954417], [0.028608889610447982, 0.849254763661447, 0.09985579977058326, 0.022280546857521684], [0.09725756290090505, 0.12294751325117206, 0.7075194241317289, 0.07227549961619406], [0.11597846620083076, 0.16875118266968, 0.34088615087566526, 0.37438420015382395], [0.04490782374719479, 0.8212941898903398, 0.09656820506830466, 0.037229781194160795], [0.025860371394564454, 0.8171716428127851, 0.014966985546414383, 0.14200100014623607]], "ideal": "A", "sampled": "A", "correct": true}}
{"type": "result", "data": {"idx": 5, "options": ["A composite analysis of all environmental factors inside and outside the firm.", "A series of business decisions that aid in selling a product.", "The relationship between a firm's marketing strengths and its business weaknesses.", "A blending of four strategic elements to satisfy specific target markets."], "probs": [[0.00017120480002000624, 0.0005701995819417083, 3.82011648719569e-05, 0.9992203943531663], [0.0011474770032886541, 0.002013880609205219, 0.9954545309930528, 0.0013841112944533052], [0.00037708507821862194, 6.155748316382383e-05, 0.0075739445380387386, 0.9919874128005788], [0.0006554852154673832, 0.00010052178776344024, 0.9980001078442868, 0.0012438850524822962], [9.022544054492119e-05, 0.9992981267605812, 0.0003249141449591675, 0.0002867335539147761], [8.882385448265474e-05, 0.9992675830200585, 0.00021984127338140359, 0.00042375175207751256], [0.0006461377532137073, 6.104675081629756e-05, 4.4662850527233895e-05, 0.9992481525454427], [0.004195533028690112, 0.00017048618968793595, 0.9950389303618835, 0.000595050319738459], [0.00048781441878273103, 4.7551458139629294e-05, 4.53739571241939e-05, 0.9994192600659535], [0.004261453307880571, 0.0001481157280583233, 0.99500462644279, 0.0005858044212711571], [0.00026107195332494344, 0.9992826075840389, 0.0003052250203992299, 0.00015109534223701224], [0.000265209577227004, 0.9993830575125753, 0.00023404764136876076, 0.0001176851688289479], [0.0003720233937771028, 7.798039033040237e-05, 0.005466834342330763, 0.9940831617735617], [0.0006658681821662839, 0.00011215029377125482, 0.9980893088443935, 0.001132672579668999], [0.0001633855515733756, 0.0004582260750265675, 3.118282234614158e-05, 0.9993472054510539], [0.0009384509552216408, 0.0008026983360852611, 0.997480851939339, 0.0007779986693540746], [8.216991397305211e-05, 0.9995264992274467, 0.00016088128881079538, 0.00023044946976935737], [8.612045867304525e-05, 0.9996092076730599, 0.0001511464760952496, 0.00015352529217177574], [0.999784851108779, 6.921251935399206e-05, 8.091788379237709e-05, 6.501838807458262e-05], [0.9997962039340507, 7.842903080790572e-05, 5.828387975359534e-05, 6.708305538780965e-05], [0.9997926442447727, 8.091828275014883e-05, 5.390353228167135e-05, 7.253384019557069e-05], [0.9997773877893583, 9.026939659494476e-05, 6.204157097550998e-05, 7.030114307127579e-05], [0.999811705640904, 7.721436097285829e-05, 4.399581652342137e-05, 6.708408159971568e-05], [0.9998184990279757, 7.367883331405088e-05, 5.475378614506346e-05, 5.3068252565185075e-05]], "ideal": "D", "sampled": "D", "correct": true}}
{"type": "result", "data": {"idx": 6, "options": ["Gatekeepers.", "Buyers.", "Users.", "Initiators."], "probs": [[0.9623161504137416, 0.015554492248600728, 0.009434260725714481, 0.012695096511943196], [0.9659110801493707, 0.012742632720131958, 0.011422406534669817, 0.009923880495827514], [0.9615587966757667, 0.015064081766489315, 0.007341637551579039, 0.01603548390616496], [0.9582856455269346, 0.016232700276053242, 0.00924910283256401, 0.01623255126444812], [0.9656891576556368, 0.015367011164932899, 0.009176050645188153, 0.009767780434242104], [0.938738756089964, 0.022777972150810587, 0.016406326538527364, 0.02207694512069804], [0.0011273323985821707, 0.9933727535750874, 0.0015651516615415991, 0.003934762264788863], [0.000863656669310481, 0.9925691216913561, 0.001358728469848542, 0.005208493069484806], [0.00652424641018415, 0.004082789319217967, 0.9835446814871821, 0.005848282683415808], [0.004229264873038208, 0.005691121126592639, 0.0026055829196098145, 0.9874740309807594], [0.005506912838162047, 0.003844462282604163, 0.985864149184388, 0.004784475594845789], [0.0051351283081523405, 0.014178569875786211, 0.002107460256669028, 0.9785788414593924], [0.0026845262061279086, 0.9861005430677273, 0.003447014516828661, 0.007767916109316116], [0.002287926344997917, 0.9825477427539691, 0.0031764818728900446, 0.011987848928142942], [0.005430050109013555, 0.002730411201689799, 0.9874076688242139, 0.004431869765082665], [0.004717352850123342, 0.005100690813837817, 0.002861224610914347, 0.9873207316251245], [0.01117711884082221, 0.005708734966858264, 0.9751883938318865, 0.007925752260432975], [0.004356017551978302, 0.00879940805760359, 0.0010674911870012722, 0.9857770831034168], [0.0011238864688673743, 0.9903372789193577, 0.002270322819002174, 0.006268511692772686], [0.0019250975797865835, 0.9817683282043047, 0.004139628980805325, 0.012166945135103394], [0.004047042534160149, 0.002305943229623355, 0.9902919096361639, 0.0033551045000526063], [0.0027003572426611273, 0.003990873709817135, 0.001400930113907465, 0.9919078388336142], [0.006945404491713533, 0.0042126146776179495, 0.9835993303688759, 0.005242650361792569], [0.0026997600587727933, 0.004812851148726777, 0.0007980506744098977, 0.9916893380180906]], "ideal": "A", "sampled": "A", "correct": true}}
{"type": "result", "data": {"idx": 7, "options": ["Motive development.", "An attitude.", "A self-concept.", "Product evaluation."], "probs": [[0.10482818010523817, 0.011048926461454412, 0.8641161387143255, 0.02000675461898199], [0.2256433453856282, 0.09554462385432687, 0.08431732788168567, 0.5944947027783593], [0.06285959251680844, 0.6972660397035472, 0.19667160630783428, 0.04320276137181012], [0.05084158934218204, 0.8078296905987992, 0.06735460316651479, 0.07397411679250403], [0.13358699477844735, 0.02146968117322318, 0.22724045946468677, 0.6177028644836426], [0.09122264681663148, 0.008618780691858278, 0.852087763819452, 0.04807080857205832], [0.052147232379371855, 0.2775388976470667, 0.645293359731379, 0.025020510142182487], [0.022199438262389234, 0.6799070644469779, 0.010006170439292195, 0.28788732675134066], [0.01004651116202074, 0.9043668692921898, 0.07308355867861864, 0.012503060767170816], [0.007718309252105186, 0.9496598168536651, 0.0213109955704403, 0.02131087822378946], [0.035030868102707745, 0.008191700200007111, 0.7973078282597887, 0.15946960333749644], [0.04247148544910248, 0.004547032353545948, 0.9223905448642995, 0.03059093723305212], [0.06204131574031304, 0.6266038593065376, 0.23414301789976824, 0.07721180695338113], [0.0405826028880454, 0.7900544051011624, 0.11031559360493576, 0.059047398305856355], [0.029812283114450815, 0.7932877254047486, 0.15140019947900615, 0.025499791901794487], [0.023701808902825097, 0.8756263688145699, 0.05775340538353722, 0.042918416799067834], [0.12012817827977552, 0.04853690907053787, 0.7474718895380524, 0.08386302301163412], [0.08432488371360233, 0.039215371812223815, 0.7284647470818929, 0.14799499729228097], [0.01326164948457829, 0.4460885432904155, 0.027211294880537057, 0.5134385122444692], [0.014964440919626365, 0.4655368949689294, 0.4373277449766256, 0.08217091903481863], [0.023772140450354716, 0.013758510200112884, 0.8122249110215414, 0.15024443822799097], [0.030667040506370258, 0.005165261521899501, 0.9103455632527631, 0.053822134618967205], [0.011978054010944818, 0.7527354688362616, 0.1816046019232987, 0.05368187512949489], [0.01743342426158373, 0.6440514589372182, 0.2684787621574829, 0.07003635454371525]], "ideal": "A", "sampled": "C", "correct": false}}
{"type": "result", "data": {"idx": 8, "options": ["Promotion.", "Product.", "Target market.", "Pricing."], "probs": [[0.5665261006545409, 0.11690952818995934, 0.30324103873797603, 0.013323332317523655], [0.15142861655862708, 0.1798263418047717, 0.010969492144341392, 0.6577755493922598], [0.34546141505884004, 0.5267674581476921, 0.11938878725785544, 0.008382339435612413], [0.1006541625952047, 0.8560417863883301, 0.020132204915887058, 0.02317184600057821], [0.1338321174255042, 0.011334348933300317, 0.8071143957100531, 0.047719137831142414], [0.14560803769562902, 0.009755153207995509, 0.824930965817928, 0.01970584317844743], [0.09887004955761655, 0.018869735896163524, 0.8675645267628505, 0.014695687683369447], [0.013176667933944564, 0.0154051188105599, 0.00333159008424727, 0.9680866230712483], [0.3114610488100164, 0.5552415561442028, 0.10432711825559386, 0.02897027669018688], [0.4690714146012499, 0.4270956511561493, 0.07778010711107429, 0.026052827031526476], [0.008907276567758004, 0.006516713448247394, 0.0021828243930490576, 0.9823931854909456], [0.14330508120416627, 0.014639566964598493, 0.8246705111850737, 0.01738484054616154], [0.717647079591477, 0.12470851161969881, 0.1369658418065761, 0.02067856688224809], [0.40240173853334144, 0.46316354685772615, 0.02612996988636894, 0.10830474462256344], [0.8696792526490211, 0.05826487261372331, 0.0506215307672022, 0.021434343870053302], [0.9155617056945643, 0.0441806525447716, 0.02943074234459914, 0.010826899316065008], [0.6578834615480709, 0.05316533490577657, 0.018956677880347217, 0.2699945255658053], [0.7780053221626313, 0.03813408414242765, 0.17359698269709542, 0.010263610897845643], [0.04537116827998014, 0.030699731198767267, 0.3624919129863271, 0.5614371874349254], [0.04086670788179718, 0.013061826293137173, 0.8875327192970303, 0.05853874642803536], [0.01717687284443311, 0.0249922221739485, 0.005238654676352648, 0.9525922502052657], [0.11616155729794175, 0.1337014972865321, 0.7341686754311182, 0.015968269884407953], [0.08846073432014036, 0.6850136390199647, 0.03925442249579042, 0.18727120406410455], [0.05122082321733486, 0.7645400187107997, 0.17600724148482372, 0.008231916487041725]], "ideal": "C", "sampled": "C", "correct": true}}
{"type": "result", "data": {"idx": 9, "options": ["Classical conditioning.", "Operant conditioning.", "Social learning.", "Behavioural learning."], "probs": [[0.043552709654712585, 0.09662627740908741, 0.601237091306655, 0.258583921529545], [0.051562310796657095, 0.2787444674315797, 0.3061426074837256, 0.3635506141880375], [0.04060610347444264, 0.40375157105874065, 0.1937229289273944, 0.3619193964394223], [0.035457155274140284, 0.2968807705611846, 0.08639736150841107, 0.5812647125562641], [0.05041427856568038, 0.1267421176702298, 0.47832411571841704, 0.3445194879456728], [0.03966186700721137, 0.0936692239363067, 0.4197994908948485, 0.44686941806163344], [0.05934146702677457, 0.08500302455464795, 0.55429475668051, 0.3013607516380675], [0.07842765513983921, 0.209884071034541, 0.20027352270646306, 0.5114147510191568], [0.05143807351124379, 0.5035252237164852, 0.20344353781174265, 0.2415931648605283], [0.06693242140542491, 0.587316720790417, 0.11932103457414552, 0.22642982313001267], [0.0797624707230709, 0.10241739814384569, 0.5120591329994172, 0.3057609980336663], [0.09983346387117853, 0.0867371390657456, 0.602082179380003, 0.21134721758307287], [0.08565759753686726, 0.06169726395396746, 0.28528681713418047, 0.5673583212749849], [0.09786749994772631, 0.07621972546037752, 0.2538518105883294, 0.5720609639035668], [0.11458938847135505, 0.09499845757116708, 0.23512474312142376, 0.555287410736054], [0.18926056009516795, 0.14511159277167565, 0.3535898380162856, 0.3120380090168708], [0.25676680565169274, 0.19381860618659585, 0.11940887268961731, 0.43000571537209403], [0.4312254149020874, 0.1943689551379, 0.17697616974587757, 0.19742946011413506], [0.04145058120519917, 0.042766487809718, 0.4186396473632941, 0.4971432835217887], [0.04395336444462239, 0.038187423730412146, 0.5611654843754509, 0.3566937273495146], [0.04931603481833783, 0.09655638999024936, 0.22450110815830618, 0.6296264669331066], [0.07799383600738793, 0.1033253045273201, 0.6429195094770784, 0.17576134988821351], [0.06832321242018821, 0.2921822775676085, 0.08503014910228171, 0.5544643608099216], [0.11121832991863738, 0.4398778545453, 0.1982695103009107, 0.2506343051351519]], "ideal": "A", "sampled": "C", "correct": false}}
{"type": "result", "data": {"idx": 10, "options": ["To break down large markets into smaller markets.", "To provide an opportunity to surpass competitors.", "By grouping together customers with similar needs, it provides a commercially viable method of serving these customers.", "To allow the achievement of greater market share."], "probs": [[0.6504142582974058, 0.0006313577471260715, 0.34814371066501043, 0.0008106731904577169], [0.12225066931137019, 0.0008237232145765315, 0.0014012013631580207, 0.8755244060108952], [0.9901539967714882, 0.009556777118436343, 0.00018632753006737388, 0.00010289848000805544], [0.9748340142581876, 0.024404795203359003, 0.000506506268691999, 0.00025468416976142446], [0.17061982661872083, 0.0014307447384584835, 0.0011496373657117155, 0.826799791177109], [0.9470059929708192, 0.0005489168140217119, 0.05178297715330357, 0.0006621129618555183], [0.0023736516674558454, 0.8995813977819402, 0.09630836069482358, 0.0017365897557802756], [0.0024622991848047577, 0.46195765410025147, 0.0038737493432350716, 0.5317062972717087], [0.0006349889866148515, 0.9974769100885238, 0.0014087878741653277, 0.00047931295069602355], [0.0005605252765915787, 0.9977426452433776, 0.0009992472983652934, 0.0006975820816655115], [0.003650632693050086, 0.0012616299093453093, 0.8932865224399137, 0.10180121485769086], [0.004658538620115351, 0.001159604581546774, 0.9903796820349469, 0.003802174663391038], [0.9989411483306797, 0.0007791560455702556, 0.0001332978949085484, 0.00014639762884144237], [0.9977402506063604, 0.0016734312888500458, 0.000300029952211043, 0.0002862880525784438], [0.9988102625427011, 0.00015827416336038693, 0.0008827796301044135, 0.0001486835638340992], [0.9982289876880376, 0.0002527739031458091, 0.00019380828996492077, 0.0013244300188517133], [0.9973820679435756, 0.0003732586715398848, 0.0019254105146869016, 0.00031926277019760167], [0.9949117728113159, 0.0005589397775382905, 0.00026818231824250836, 0.004261104992903311], [0.004322671351161984, 0.5236123824136699, 0.0027050692711350433, 0.4693598768640331], [0.02042201656860558, 0.9389326541638674, 0.0375620745384238, 0.0030832546291031646], [0.0045316434201164175, 0.0010596768778473361, 0.798684452425832, 0.19572422717620427], [0.006760266114578799, 0.0010367230684551613, 0.9877695314158041, 0.004433479301161909], [0.010566352427623014, 0.9813529441360589, 0.006408865762983753, 0.00167183757333431], [0.004737245746316985, 0.9914922118103542, 0.0019441753383657215, 0.0018263670049631518]], "ideal": "C", "sampled": "C", "correct": true}}
{"type": "result", "data": {"idx": 11, "options": ["Repeat purchases.", "Buyphases.", "Buyclasses.", "Tenders."], "probs": [[0.0005715092581431152, 0.9859897600021743, 0.01260719893665706, 0.0008315317030255498], [0.00047048504356169937, 0.9945164901491363, 0.0010117004234275586, 0.004001324283874401], [0.003149593614210306, 0.3640424464213028, 0.6290088560386667, 0.003799103825820165], [0.0007691248947462601, 0.07255696548083305, 0.0003360062857409586, 0.9263379032386797], [0.0039511723108731165, 0.017986735176470196, 0.8532107996097673, 0.12485129280288942], [0.0008586201078157271, 0.008404930919923103, 0.003970175944155001, 0.9867662729281061], [0.48234954847757294, 0.003101244359873168, 0.5134605804878286, 0.0010886265747252453], [0.9047432774667563, 0.0033666168850604314, 0.0036974897055057137, 0.08819261584267757], [0.036169136850478366, 0.9624284847714523, 0.0010422046486714973, 0.000360173629397919], [0.03504061470328323, 0.961997803875231, 0.0021375069397302302, 0.0008240743817554913], [0.8610857221059618, 0.015049206143288332, 0.0036307829635017705, 0.12023428868724809], [0.49816032242930025, 0.008982748687443877, 0.4904392849880671, 0.00241764379518879], [0.005054732424824138, 0.000632679918060711, 0.9938497155421211, 0.0004628720149940942], [0.004128220790436684, 0.0010602196716992692, 0.0003336122183284968, 0.9944779472195355], [0.0008688504445624118, 0.9985363991874926, 0.00044376711466076886, 0.00015098315328423046], [0.0010806642940649283, 0.9979467560068398, 0.0007198799558479507, 0.0002526996432472735], [0.0027914050374257325, 0.003114043126251173, 0.0002896510497351966, 0.9938049006865879], [0.00954034876538173, 0.0013531239878194989, 0.9884772768657881, 0.0006292502810106342], [0.004076533102659522, 0.004407782197462326, 0.9820375642733471, 0.009478120326531066], [0.0040216078701860464, 0.01746899476631702, 0.18780823356143975, 0.7907011637020572], [0.0009538514750018553, 0.982646498611414, 0.001244057285837159, 0.01515559252774701], [0.0014862164986238994, 0.9732136950971486, 0.022887752449145135, 0.0024123358550823754], [0.001411916579005692, 0.07355780054128339, 0.000472933124525833, 0.9245573496551851], [0.005977159379330562, 0.5134068142887115, 0.47482282029099143, 0.005793205940966471]], "ideal": "C", "sampled": "B", "correct": false}}
{"type": "result", "data": {"idx": 12, "options": ["Winner's curse.", "Winner's price.", "Winner's reward.", "Loss-leader pricing."], "probs": [[0.9919798257702395, 0.0026586989094324297, 0.0009780779831754089, 0.004383397237152672], [0.9963145773838693, 0.001864177281531013, 0.0013853332720026425, 0.0004359119625970093], [0.9933400691424648, 0.0022772228180071223, 0.0009642332964602775, 0.003418474643067864], [0.9969558218879463, 0.001570805224372614, 0.0011492218005160343, 0.0003241509871649997], [0.9953664179565841, 0.0034254829463131664, 0.0006745165427432179, 0.0005335824543595159], [0.9964505319818964, 0.0027554539145271486, 0.00040321142831118594, 0.0003908025752652559], [0.000697504098584916, 0.9976294777418765, 0.0007196486214151325, 0.0009533694381234391], [0.0006978885062483678, 0.9981783830240252, 0.0005969377355245954, 0.0005267906342018927], [0.003985826539605722, 0.002035772032777687, 0.990674059084612, 0.003304342243004532], [0.0029066795910604017, 0.0020936349323909314, 0.007539367776455163, 0.9874603176000935], [0.007760542684038819, 0.005169657062862705, 0.9851680100627666, 0.0019017900903318583], [0.0011312473882970119, 0.001779717522975733, 0.00026869689665055645, 0.9968203380920767], [0.001094523138959076, 0.9950803105443485, 0.001240262435299385, 0.002584903781392994], [0.001079883008933098, 0.9972306934744086, 0.0007657548754233976, 0.0009236685412348358], [0.003860328086269352, 0.0023414179531808664, 0.9899379541796205, 0.0038602996809293144], [0.0034200518941859877, 0.0028800112266194, 0.030482616350570833, 0.9632173204286237], [0.006223105689556173, 0.006834772777602235, 0.9831676408043026, 0.0037744806285389828], [0.0012803248767749517, 0.002796514645036817, 0.000304106475977523, 0.9956190539022107], [0.0025057145558662155, 0.9952121113535185, 0.0010609909907093144, 0.0012211829999059448], [0.003215079937036235, 0.9944943793743249, 0.0010116745818187442, 0.0012788660068200433], [0.0124068208414697, 0.012406935394141564, 0.970327694184208, 0.004858549480180806], [0.001281783661398936, 0.0016458631776387182, 0.0003190637161316839, 0.9967532893448307], [0.01716152480125755, 0.00977846272063869, 0.9667466920253586, 0.006313320352745159], [0.0016718309307519926, 0.001204189207349617, 0.00032920546024493836, 0.9967947743016534]], "ideal": "A", "sampled": "A", "correct": true}}
{"type": "result", "data": {"idx": 13, "options": ["Price bundling.", "Price elasticity.", "Price inelasticity.", "Price inflation."], "probs": [[0.0009074969762058158, 0.9951932687082531, 0.002281451560495194, 0.0016177826550458736], [0.0006320839956526762, 0.9929133663229265, 0.0006420404736715126, 0.005812509107749354], [0.0012244717968134514, 0.00028189020672776005, 0.997887482776981, 0.0006061551194777963], [0.00017398655554961653, 7.600927291114987e-05, 3.762735619206978e-05, 0.9997123767153472], [0.0008823268906740684, 0.00019081714881426554, 0.9983108945525989, 0.0006159613079127766], [0.0001712805982102155, 8.218156348914753e-05, 8.347565804368787e-05, 0.9996630620802569], [0.9920277883246077, 0.0018853900802470723, 0.004315679086746255, 0.001771142408398935], [0.9745818216326695, 0.00249244912497838, 0.0010553683859075274, 0.021870360756444558], [0.9810690957646626, 0.015131509051550675, 0.0017515927459294085, 0.002047802337857349], [0.9785140872838777, 0.01657543995811177, 0.0017470333573858254, 0.0031634393006247045], [0.9916153960317189, 0.0007979927113702486, 0.0010087536507368841, 0.006577857506173935], [0.8674590195702667, 0.0016486371556829165, 0.12693749666904022, 0.003954846505010111], [0.008267079793580398, 0.0016278927162199303, 0.9858826258222537, 0.004222401567945906], [0.0004372823779328642, 8.477132816492872e-05, 3.820946027943791e-05, 0.9994397367336227], [0.0009238572420640574, 0.9974289890503427, 0.00047929345119421637, 0.0011678601563989718], [0.0009382422195325394, 0.9972560154837563, 0.0003972795866597803, 0.0014084626100513342], [0.0006985800513256624, 7.96131273490013e-05, 6.009507654127437e-05, 0.9991617116447841], [0.0017531676786913103, 0.0002029447432711921, 0.9974284694517193, 0.0006154180263182223], [0.0012239376189724916, 0.00032431216378324483, 0.9974528042017766, 0.0009989459154675791], [0.00017128060840530915, 0.00010388720503215361, 6.203385305707887e-05, 0.9996627982335055], [0.00017663722491640627, 0.9992117381635858, 0.00015346560165988165, 0.0004581589098379285], [0.0001766265078154335, 0.9991517085521929, 0.00035679594196833295, 0.0003148688980232873], [0.00026943765221660925, 0.00011956254762520148, 3.8816288989412454e-05, 0.9995721834111687], [0.0008163041603038213, 0.00020639450953160283, 0.9986576332099514, 0.00031966802021315624]], "ideal": "B", "sampled": "B", "correct": true}}
{"type": "result", "data": {"idx": 14, "options": ["Relationship marketing.", "Service mix.", "Market exchanges.", "Service failure."], "probs": [[0.1464356172948998, 0.05221360137377381, 0.5882887795851778, 0.21306200164614864], [0.06609228825412627, 0.025085958926844936, 0.688701432796578, 0.22012031992245074], [0.03698955102907474, 0.815983973479507, 0.013822091269587838, 0.13320438412183036], [0.05227476160626715, 0.8306017199647396, 0.0931904347099824, 0.023933083619010836], [0.05237876494723756, 0.8066463845276332, 0.017272810322964436, 0.12370204010216482], [0.06962153308967055, 0.7967869888508342, 0.10953094481934506, 0.024060533140150175], [0.13021153016261214, 0.13861028642147058, 0.34846585466259167, 0.3827123286533256], [0.08438735328683752, 0.06675621021979744, 0.6333665752765979, 0.2154898611167671], [0.027411265552222522, 0.8936701510834185, 0.01107523768959151, 0.06784334557476739], [0.046298210504684134, 0.8735928817225899, 0.05246306737920092, 0.027645840293525067], [0.015010247131325781, 0.8588677119813759, 0.011690062567550086, 0.11443197821974825], [0.03134609105755528, 0.87412772699248, 0.05168129786201396, 0.04284488398795082], [0.20893139578986275, 0.2155642903632856, 0.03357832283541006, 0.5419259909114416], [0.4553086539748833, 0.05698879908460011, 0.4771607900176386, 0.010541756822877998], [0.264885974023275, 0.14178373457523732, 0.04126126042079074, 0.5520690308806969], [0.2829270404730491, 0.04407176813149463, 0.6375889276461324, 0.03541226364932382], [0.19466781221004234, 0.7820567928538316, 0.015487729511544717, 0.007787665324581375], [0.2275513550210337, 0.723162218603359, 0.022530715432584288, 0.026755710843022952], [0.9063249207407038, 0.038596133347966556, 0.01767057292135581, 0.03740837288997384], [0.8695713082348308, 0.02390903924746562, 0.10066056020838016, 0.005859092209323426], [0.8229085206162565, 0.04429961740527615, 0.024849757549661934, 0.1079421043288054], [0.7417308286763441, 0.03751047125120183, 0.19654041955205825, 0.02421828042039584], [0.7182288296234128, 0.2601286814683246, 0.010905853664539953, 0.010736635143722622], [0.6750410336800113, 0.2814030108606916, 0.016125632778771635, 0.027430322580525454]], "ideal": "C", "sampled": "D", "correct": false}}
{"type": "result", "data": {"idx": 15, "options": ["Search marketing.", "Internet advertising.", "Permission-based email marketing.", "Social web marketing."], "probs": [[0.0025028984135088556, 0.0010433585684855601, 0.9941025220249238, 0.0023512208930818266], [0.00018807702667752844, 0.00015592182001841786, 0.0001971028956554404, 0.9994588981576487], [0.00026489004096861066, 0.998176868396561, 0.0010476596069417276, 0.0005105818555287164], [0.0002196375332814427, 0.9983405046655908, 0.0008962569610309502, 0.0005436007400968148], [0.0002033376572346315, 0.00016857343633446965, 0.00027792921980700794, 0.9993501595866239], [0.0020138629850495375, 0.0007643728147197257, 0.9954445607385053, 0.001777203361725472], [0.0032587860721942437, 0.0013798506129671757, 0.992394251785963, 0.00296711142887556], [0.00016598993545317305, 0.0001376111238055462, 0.00016341634181897847, 0.9995329824989223], [0.0003194682770743554, 0.9980213112190254, 0.0010807463558229929, 0.0005784740480772201], [0.0002864462288883742, 0.9982876669582926, 0.0008823154925457598, 0.0005435712202732296], [0.00014879376566096005, 0.00013547874774037086, 0.00017395733214205315, 0.9995417700544565], [0.0025441724050207976, 0.000907147908125988, 0.9948272359351348, 0.0017214436517183859], [0.9963306629501913, 0.002145678365563547, 0.0009978395396982934, 0.0005258190445468505], [0.9968177370296185, 0.001865109604357315, 0.0008810207675857239, 0.0004361324984384178], [0.9961893481544541, 0.0021453737115528387, 0.0010787678100650728, 0.0005865102239278811], [0.9971880844256688, 0.0016724949615402312, 0.0007421698902039686, 0.00039725062258700423], [0.9970122649046078, 0.0016462750621078844, 0.0009380245533804193, 0.0004034353799039167], [0.9974057367451982, 0.0014534060163166197, 0.0007902080881294544, 0.0003506490503557457], [0.0001685927220826673, 0.00016340624547976846, 0.0002002086605141249, 0.9994677922719234], [0.0018912297411833815, 0.0008134045525593163, 0.9951186042420105, 0.0021767613642467575], [0.00014197930027462694, 0.00014879348211806578, 0.00017125955881846516, 0.9995379675587889], [0.0019822383958143664, 0.0008796089763719798, 0.9952467180839084, 0.0018914344439051906], [0.00017111535024167556, 0.9987001446165497, 0.0007549942972297723, 0.00037374563597890217], [0.00017656878575959505, 0.9988216995993408, 0.0006560311650527768, 0.000345700349846884]], "ideal": "C", "sampled": "C", "correct": true}}
{"type": "result", "data": {"idx": 16, "options": ["Vehicle.", "Courier.", "Transportation.", "Distribution channel."], "probs": [[0.008043607424530717, 0.0016860581829206567, 0.0005918657206756216, 0.989678468571873], [0.020820131290632187, 0.0021944613879833694, 0.9723398575815535, 0.004645549639830917], [0.008426698921430355, 0.0013756442456127047, 0.0008608604033208223, 0.9893367963296361], [0.011975509531605753, 0.0015465147400537944, 0.9815633042745565, 0.0049146713537838935], [0.00863296749159165, 0.9823770335887388, 0.005661719027268794, 0.003328279792400735], [0.007994979548444263, 0.9837054522234701, 0.004279467238938023, 0.00402010088914762], [0.004118664664532608, 0.002577430108417428, 0.0011259993794870984, 0.9921779057475628], [0.011556865931811868, 0.002538733042220979, 0.9773162056282992, 0.00858819529766788], [0.0035730543047391276, 0.0016105168552847224, 0.004112587611406315, 0.9907038411285698], [0.007054226245611675, 0.0011697155046455727, 0.9835289399723018, 0.008247118177440851], [0.006325970748102622, 0.9686711244641166, 0.011818607110948806, 0.013184297576831884], [0.007530545437078207, 0.9710286371722767, 0.008016317244007457, 0.01342450004663766], [0.0032110530517261452, 0.0018584395081427624, 0.0016921291633520674, 0.9932383781767791], [0.009584934306183157, 0.002500397125623718, 0.9777116982062127, 0.010202970261980398], [0.003577209450212481, 0.003308415792344763, 0.001255739331116371, 0.9918586353263263], [0.008095866228610157, 0.0020469732519969247, 0.9806834652407314, 0.0091736951786615], [0.00543747924248838, 0.9734303154796472, 0.01031860315416267, 0.010813602023701793], [0.005610991336722311, 0.973587226636797, 0.00910760752616541, 0.011694174400315262], [0.9847233516916868, 0.009069118470368008, 0.0020554763574437795, 0.004152053380501401], [0.98558263790607, 0.0081366150596966, 0.0017873893743556607, 0.004493357559877653], [0.9911431572101393, 0.004379777721204662, 0.001513625312960966, 0.0029634396556949545], [0.9930265468553692, 0.0032609617083770434, 0.0010922949210473174, 0.002620196415206453], [0.9896002827179963, 0.005033252668856765, 0.0020656543406638713, 0.0033008101724831197], [0.9919700056532884, 0.003808394780462489, 0.0015629723024730778, 0.0026586271637760576]], "ideal": "D", "sampled": "D", "correct": true}}
