{"type": "result", "data": {"idx": 0, "options": ["jus in bello.", "jus ad bellum.", "moral nihilism.", "all of the above"], "probs": [[0.059127000875269356, 0.7548874230734699, 0.01220159825378825, 0.17378397769747247], [0.05043374733907863, 0.8939644606773979, 0.04888215659783639, 0.006719635285687066], [0.12587593471140815, 0.018709974326725196, 0.46768805292845356, 0.3877260379334131], [0.7926219948188192, 0.055651293015721234, 0.08354200171088197, 0.06818471035457756], [0.43465633556905736, 0.5243017477650509, 0.03512580561563016, 0.005916110950261656], [0.43686744566363445, 0.5028374194596039, 0.015666320918423907, 0.04462881385833772], [0.01909229941125664, 0.8507894207186399, 0.009451405336211543, 0.12066687443389189], [0.017639512381400643, 0.9334579414567544, 0.039751309846619266, 0.0091512362152257], [0.08044777420170393, 0.020340594407268833, 0.34945006462845457, 0.5497615666625726], [0.7766514957914089, 0.07570747228917776, 0.09720955715690344, 0.0504314746625099], [0.2146145923368766, 0.7490882087937963, 0.03140524072902119, 0.0048919580403058325], [0.22636078942684748, 0.7307111347961194, 0.015893147664673236, 0.02703492801235991], [0.023162518643460948, 0.30991376713191066, 0.17936345177957125, 0.4875602623450571], [0.008774400712345781, 0.9234278822980182, 0.03811435784236582, 0.02968335904727024], [0.009919005583711005, 0.851996850863537, 0.019119454812946624, 0.11896468863980528], [0.01249124556667994, 0.9321874836319195, 0.04160233524618262, 0.013718935455217933], [0.02430458330411183, 0.36278017811157176, 0.2612986525438398, 0.35161658594047657], [0.033381918817678276, 0.49827242253545, 0.35889058727918816, 0.1094550712676835], [0.1929705426427681, 0.6037580921362221, 0.18127980691408438, 0.021991558206925364], [0.06090111262151631, 0.7079588743784911, 0.018573936003921456, 0.21256607689607104], [0.3100314180433289, 0.48019275690534924, 0.1822590553500288, 0.027516769601293078], [0.14164685568375673, 0.6652910411307541, 0.027459739408440927, 0.16560236367704825], [0.08441450908036319, 0.03925720097732316, 0.595185259831532, 0.2811430300107816], [0.24339249234938584, 0.04502416958681217, 0.6313212771996377, 0.0802620607641643]], "ideal": "A", "sampled": "B", "correct": false}}
{"type": "result", "data": {"idx": 1, "options": ["violates human dignity.", "fails a prima facie duty of honesty.", "is tantamount to asserting that you are infallible.", "is a risk worth taking of the speech is dangerous enough."], "probs": [[0.1794733051501534, 0.6264438955239898, 0.033200481772108104, 0.1608823174537487], [0.11406921616852769, 0.7674554099614054, 0.06705961696127949, 0.05141575680878741], [0.23395784815453463, 0.10221198564446125, 0.49531338748920767, 0.16851677861179645], [0.43343039373972575, 0.11306953921373031, 0.3171130347580066, 0.13638703218853732], [0.19120361758036486, 0.08618370153767321, 0.6779016028370272, 0.04471107794493472], [0.5996347993175912, 0.15889034453425813, 0.0850479862732484, 0.15642686977490228], [0.9684663480120406, 0.012383433735146509, 0.0042132587053786905, 0.014936959447434171], [0.9729314894002312, 0.01047593496500881, 0.011870774055205938, 0.004721801479553965], [0.9608065426830125, 0.013705467720928458, 0.003926698559946225, 0.021561290936112854], [0.9618434680400578, 0.017075041162102508, 0.012888905024731351, 0.008192585673108306], [0.9774316546047955, 0.017082760104811807, 0.002422859658612062, 0.00306272553178059], [0.9681791506272364, 0.02276978324490834, 0.004278326276625357, 0.0047727397512299366], [0.21878751109112812, 0.07801365280891863, 0.4351292051341192, 0.2680696308658341], [0.31112893253698526, 0.0786675930440886, 0.5210625930703688, 0.0891408812485573], [0.21197542338385517, 0.3960357884861512, 0.02571645731630119, 0.3662723307136925], [0.20123006326469856, 0.498058943035347, 0.254384725312839, 0.04632626828711543], [0.47139041387010494, 0.36712618046032947, 0.05630064964851434, 0.10518275592105121], [0.241424910444463, 0.14643396872111017, 0.5701874067865066, 0.041953713947920225], [0.15518087249805576, 0.14807665512779866, 0.6234396734115202, 0.07330279886262536], [0.2713156140089208, 0.2979876176724158, 0.09826610249295882, 0.3324306657257045], [0.021567170533502072, 0.9461842973903853, 0.01101562986440385, 0.02123290211170869], [0.01934847257771666, 0.9469560177301278, 0.010356675886018626, 0.023338833706136927], [0.2078573500343372, 0.5225641590655722, 0.05174095420697484, 0.21783753659311575], [0.14215932467292247, 0.20363679071036325, 0.5985330208865371, 0.055670863630177134]], "ideal": "C", "sampled": "B", "correct": false}}
{"type": "result", "data": {"idx": 2, "options": ["obscures the harms of noncoerced, consensual sex by implying that because what is coerced is bad what is noncoerced is good.", "obscures the harms of rape by equating all sex with nonconsensual sex.", "by not acknowledging a distinction between what is good and what noncoerced, has led to the acknowledgement of the harms of consensual sex.", "All of the above"], "probs": [[0.017295398927987503, 0.006773118100572481, 0.0016341209864557224, 0.9742973618849843], [0.6652527190632698, 0.03995410941321157, 0.2773395667988426, 0.01745360462467609], [0.016059154039143878, 0.004459553230057188, 0.0013182659834934988, 0.9781630266473055], [0.7269795021467798, 0.06868636684199912, 0.18096535108252726, 0.023368779828693863], [0.7689174407426017, 0.18552058972078408, 0.019250825402199873, 0.02631114403441433], [0.8560694016742176, 0.09605312599499193, 0.03268043156626376, 0.015197040664526628], [0.0241266629276635, 0.00944833309828504, 0.0026650653378821124, 0.9637599385361694], [0.5711091287855959, 0.06611488906634813, 0.33055586358331845, 0.032220118464737414], [0.023428985824860023, 0.007847899562967418, 0.0031217308682790733, 0.9656013836438935], [0.6141744805692301, 0.06473717789645445, 0.281207082532485, 0.039881258901830495], [0.7019337435760172, 0.0878636317873058, 0.1949354101202943, 0.015267214416382673], [0.8328636812831232, 0.09057765472735836, 0.057574487330775775, 0.018984176558742676], [0.019409555302680553, 0.013133378266951283, 0.002546054460087977, 0.9649110118702802], [0.10211910189026573, 0.7088633018628362, 0.16066000851458853, 0.028357587632309562], [0.014999407456185776, 0.010309059541498395, 0.002160922971883769, 0.972530609930432], [0.17324533212111443, 0.47836892593967967, 0.2947163989367066, 0.053669342902499265], [0.21215547867762122, 0.0986675626338936, 0.6638386196890095, 0.025338338899475652], [0.44880104700005774, 0.15511245215036684, 0.3441335677090745, 0.05195293304050094], [0.2076779489553569, 0.7363385084783932, 0.025592899376455855, 0.030390643089794], [0.09604956935866514, 0.8561260683423113, 0.024286221665162446, 0.02353814053386108], [0.3807506106850601, 0.48135821034065757, 0.07857926612168076, 0.05931191275260157], [0.2573611486766549, 0.6174401042237245, 0.06406801317822876, 0.06113073382139189], [0.19829086883510016, 0.5649146416035333, 0.1952294699830185, 0.041565019478348], [0.15576963570701013, 0.6161241713658943, 0.15336497588199963, 0.07474121694509601]], "ideal": "A", "sampled": "D", "correct": false}}
{"type": "result", "data": {"idx": 3, "options": ["its quantity alone.", "its quality alone.", "both its quantity and its quality.", "neither its quantity nor its quality."], "probs": [[0.02942688573650733, 0.027644185544716482, 0.9298708443603014, 0.013058084258474741], [0.03652545707329586, 0.05836799949658364, 0.02017130832438811, 0.8849352350057323], [0.012305587735194039, 0.9624040883220139, 0.015555802991924958, 0.009734520850867163], [0.009956973164016805, 0.9691346765124033, 0.008516706945813255, 0.012391643277766696], [0.0768505432186328, 0.09126349809638466, 0.2900325742083605, 0.541853384376622], [0.08574987457579808, 0.08442156267578277, 0.7179897044772068, 0.11183885817121235], [0.03672092571729939, 0.019350708394084346, 0.9323736249039146, 0.011554740884701611], [0.25452422429434246, 0.07884890379734744, 0.03666778185345692, 0.6299590899548532], [0.03292315406968593, 0.9472457633256948, 0.010688653065378329, 0.00914242943924097], [0.03977286748571117, 0.9339698395582462, 0.014862168329660927, 0.011395124526381695], [0.15803565528476565, 0.0758270496578306, 0.012186451008034374, 0.7539508439493694], [0.5414174026073213, 0.09408550699528329, 0.3441499740552576, 0.020347116242137746], [0.9908387899914924, 0.004660772272087292, 0.003056604256055793, 0.0014438333803644752], [0.9641878708294825, 0.006496679043437717, 0.003216084791821697, 0.02609936523525798], [0.9418202430868019, 0.05397087558094647, 0.0026043775633812056, 0.0016045036688703746], [0.9377876694950035, 0.05810659862810819, 0.002717682504020371, 0.001388049272867933], [0.993705501854848, 0.003162763052087385, 0.0015903356104387668, 0.001541399382625869], [0.978255341952702, 0.0037557033756953242, 0.017096901494867315, 0.0008920530767353068], [0.011549472431212989, 0.008318824421565903, 0.0034677878751001073, 0.976663915172121], [0.04272692333309833, 0.02511812220230389, 0.8993951794644451, 0.032759774900152624], [0.042418544627814, 0.08176451442109291, 0.010395140724921372, 0.8654218001261718], [0.08591590372797496, 0.4944168070886016, 0.3790834348002671, 0.04058385428315634], [0.07566549781334928, 0.8134875852425538, 0.03864635596941828, 0.07220056087467858], [0.09110547160052983, 0.6524783056239307, 0.20531060295347459, 0.05110561972206491]], "ideal": "C", "sampled": "C", "correct": true}}
{"type": "result", "data": {"idx": 4, "options": ["the animal.", "the wider effects on human beings.", "both A and B", "neither A nor B"], "probs": [[0.09339410065670674, 0.12765787540589724, 0.5902846454983751, 0.18866337833902092], [0.0448568184128809, 0.07996815859602252, 0.3697653260925993, 0.5054096967984972], [0.04902742276718096, 0.8292516839830583, 0.03700854049291106, 0.08471235265684966], [0.051476974145165305, 0.8438954981239767, 0.05067978058843012, 0.053947747042427927], [0.04550526096144213, 0.4595970094704307, 0.013243156070625952, 0.4816545733975012], [0.08168850503576411, 0.7996595769460461, 0.06987318854599923, 0.04877872937219062], [0.02218645215172406, 0.8725069478857935, 0.06320399899704533, 0.042102600865437066], [0.02053774436389471, 0.8333087817252965, 0.040211415129136355, 0.10594205868167242], [0.039946988220988515, 0.38498181100810214, 0.5344948768081228, 0.04057632386278654], [0.02347964416306429, 0.26454776473576097, 0.025787590020947063, 0.6861850009802276], [0.033447332926082686, 0.4617357585991803, 0.4138968617345514, 0.09092004664018555], [0.024079278892622718, 0.703712123411214, 0.01734396633200881, 0.25486463126415443], [0.1283245916075011, 0.7739085165093116, 0.026898850262699503, 0.07086804152048785], [0.11427818471738094, 0.8313282301649059, 0.0288945684512872, 0.02549901656642596], [0.10619605845845521, 0.045675611468243796, 0.7847155711808722, 0.06341275879242883], [0.03429890815365187, 0.032221321193378595, 0.02080355037244739, 0.9126762201805222], [0.3677923678984014, 0.21962480244824473, 0.3401595055716817, 0.07242332398167216], [0.038505133632032215, 0.05690797103557478, 0.014388595853680363, 0.8901982993787126], [0.055540768114220436, 0.13746748325564456, 0.015913033233903306, 0.7910787152962317], [0.07043688260941972, 0.6788221253827187, 0.20381946128876274, 0.046921530619098865], [0.04130727301699289, 0.0337150943628483, 0.4877579960407424, 0.4372196364794164], [0.1151095531069662, 0.2084416542042216, 0.2553860361046231, 0.4210627564841891], [0.17306557038088152, 0.7286503205665915, 0.06366848105049501, 0.034615627902031994], [0.08659725832016033, 0.46815088402058236, 0.01228246387417767, 0.43296939368507964]], "ideal": "B", "sampled": "A", "correct": false}}
{"type": "result", "data": {"idx": 5, "options": ["skin cell nuclear transfer", "stem cell nuclear transmission", "somatic cell nuclear transfer", "none of the above"], "probs": [[0.7095778713461713, 0.007066117262387492, 0.2822553268717172, 0.001100684419723923], [0.8706971928624588, 0.005097272762338305, 0.0007117521539082027, 0.12349378212129469], [0.32717943746255973, 0.6713383311608795, 0.0010744306673855944, 0.000407800609175173], [0.38814740963633565, 0.6106504137475952, 0.0009472345018493983, 0.0002549420142197004], [0.9581445503263397, 0.002864903730043841, 0.0006595487218178591, 0.038330997121798605], [0.7599263855513985, 0.004114426243746534, 0.23541949900804288, 0.0005396890968121775], [0.031130392478056983, 0.012977295865789206, 0.9534539720351879, 0.002438339520965968], [0.014465065563678702, 0.017178018622251146, 0.000698042956733074, 0.9676588727573371], [0.00016344493331429366, 0.9997103776641847, 8.218691283027765e-05, 4.399038967068531e-05], [0.0002694329269186899, 0.9995589719151302, 0.00013338133980684677, 3.8213718144262104e-05], [0.043373887804331365, 0.006347249919179912, 0.008278265845174685, 0.942000596331314], [0.020523519765400452, 0.0043020541649128816, 0.9735918153756655, 0.00158261059402109], [0.9995487876169361, 0.0002823657522317371, 0.0001105777920335668, 5.8268738798559824e-05], [0.9995039328394596, 0.0002453137478251136, 0.00021313375434846367, 3.761955836679409e-05], [0.999448663647889, 0.0003569080168710264, 0.0001333692061690582, 6.10590290708809e-05], [0.9992191495521687, 0.0003739523280023293, 0.0003458529555262521, 6.104506430271468e-05], [0.9991148183793441, 0.0007207365478893275, 0.00013125863896277837, 3.31863338037636e-05], [0.9988085078438358, 0.0010160894646552767, 0.00013538451521472145, 4.001807629423214e-05], [0.0034247129306534214, 0.2678447074173699, 0.0006639545915770218, 0.7280666249603996], [0.008965962122703038, 0.16917773511142672, 0.819824203729339, 0.0020320989365313134], [0.004751157562608145, 0.011047097112224553, 0.00521814738956786, 0.9789835978355994], [0.0027496584048240535, 0.002108293804722719, 0.9944019849587822, 0.0007400627316710158], [0.000616421724850528, 0.9990496849513858, 0.00022677559760888336, 0.00010711762615482664], [0.0005790310881920486, 0.998976284415907, 0.0002735243872910401, 0.0001711600086099043]], "ideal": "C", "sampled": "C", "correct": true}}
{"type": "result", "data": {"idx": 6, "options": ["we allow the patient to harm him- or herself.", "we force doctors to harm the patient.", "we harm the patient's family.", "we harm the patient."], "probs": [[0.5481307481711625, 0.12041165444364417, 0.033437173572716444, 0.29802042371247683], [0.6190964209952895, 0.1381435907855417, 0.16404945168944116, 0.07871053642972763], [0.5385931394519399, 0.060430246531855476, 0.04218703339732805, 0.3587895805188766], [0.4815761155406637, 0.05488446329371103, 0.393068189440697, 0.07047123162492827], [0.630146690159505, 0.1643886878305528, 0.12408736074994176, 0.08137726116000041], [0.6945784143005009, 0.1599056881499251, 0.05440539161618929, 0.0911105058333847], [0.2696073423326544, 0.28255487222335984, 0.030250196199638212, 0.41758758914434757], [0.4089015660934797, 0.2991696253243488, 0.20885398670650152, 0.08307482177566994], [0.23532457734826884, 0.05417653594807213, 0.20445882053364245, 0.5060400660700166], [0.2082685100057895, 0.04434476884062796, 0.6619125184778836, 0.08547420257569896], [0.46496522630779097, 0.3146218171626529, 0.1396126812787704, 0.08080027515078571], [0.4391443132915043, 0.3756311833482859, 0.04486297070531442, 0.14036153255489542], [0.12332665026164029, 0.2912675581077471, 0.03267937684042256, 0.55272641469019], [0.17510033956656781, 0.16972008120211116, 0.5310128726288795, 0.12416670650244152], [0.11803740872473747, 0.12763265313178607, 0.11621022847546614, 0.6381197095680103], [0.16316231354203964, 0.0974326164580627, 0.6254979687826104, 0.11390710111728726], [0.20575321902135005, 0.5593129908581603, 0.12480014375392104, 0.11013364626656859], [0.18521360085173622, 0.5978946969413185, 0.08348514448466501, 0.1334065576222803], [0.5883106790282407, 0.22682248022819548, 0.09604305874052199, 0.08882378190304183], [0.6421646164157316, 0.20207365366674263, 0.05880704609278519, 0.09695468372474053], [0.5703418679219758, 0.20021636783686592, 0.14197496636095724, 0.08746679778020097], [0.6854113467360208, 0.15779523843802665, 0.043138970488819664, 0.11365444423713286], [0.5542029655289328, 0.08769082891524863, 0.2617981394595647, 0.09630806599625381], [0.7189690898515498, 0.08859695276309917, 0.0872236095116897, 0.10521034777366126]], "ideal": "D", "sampled": "D", "correct": true}}
{"type": "result", "data": {"idx": 7, "options": ["preventive", "proportional", "equality", "retaliatory"], "probs": [[0.030907620395125134, 0.8353771239746948, 0.033945585201159624, 0.09976967032902051], [0.030656120961212962, 0.8959070288316999, 0.03815228916909304, 0.035284560937994036], [0.05906497423998772, 0.08866753593443903, 0.6866176851639791, 0.16564980456159412], [0.07512263151905753, 0.18021185560054617, 0.17195917536119243, 0.5727063374192038], [0.10220480252354901, 0.3197721099635618, 0.5109964976248333, 0.06702658978805576], [0.06019373641115219, 0.23074837083845054, 0.04137090870576283, 0.6676869839446344], [0.3329643730845518, 0.2848027752354094, 0.07429509885965528, 0.3079377527203835], [0.45421668544178395, 0.27122700009593853, 0.20155827548903565, 0.07299803887324183], [0.28060315782289846, 0.2515349573449359, 0.19589484350384537, 0.27196704122832027], [0.3892334248195806, 0.2552684044310143, 0.2474136146437179, 0.10808455600568721], [0.550005888138582, 0.31338627722469076, 0.0767982865734362, 0.059809547963291125], [0.482723508882943, 0.30684061235187476, 0.10604090434529195, 0.10439497431989024], [0.05678321869489057, 0.13410515382486576, 0.6498609441686504, 0.15925068321159327], [0.057548536987085064, 0.26197954619321734, 0.23483639603238768, 0.44563552068730994], [0.047902089299181924, 0.7262690798712149, 0.05600364523542931, 0.16982518549417383], [0.05290843977520268, 0.7535690152662939, 0.14382028739005406, 0.04970225746844928], [0.037486273208390486, 0.6541651438964741, 0.027000628809591216, 0.28134795398554424], [0.05856637612467676, 0.6008187487059623, 0.29281487839859, 0.047799996670770964], [0.20939000268850175, 0.1394845020174541, 0.5965036415920895, 0.0546218536019547], [0.10982260770129694, 0.13667766646659282, 0.03736560018459623, 0.716134125547514], [0.10168525676660628, 0.8252121878759607, 0.03740810738153014, 0.035694447875902875], [0.10449497005958004, 0.7842847967055074, 0.04784156169477782, 0.0633786714401347], [0.16983735686211168, 0.2889067551868343, 0.09379398146670385, 0.4474619063843502], [0.15097597914807134, 0.17377363920442376, 0.5878731870602728, 0.08737719448723204]], "ideal": "B", "sampled": "B", "correct": true}}
{"type": "result", "data": {"idx": 8, "options": ["consequentialism", "Kantianism", "virtue ethics", "contractualism"], "probs": [[0.38623183283709545, 0.249372765359544, 0.22007050929673266, 0.14432489240662785], [0.3136840392257101, 0.2993235520870379, 0.12284215263891803, 0.26415025594833397], [0.39386826162768207, 0.20755646811501152, 0.2707045335691988, 0.1278707365881076], [0.36917293113430805, 0.24211274579160377, 0.11436607134708605, 0.2743482516270021], [0.3031615406913847, 0.11152854893071416, 0.36001826401979453, 0.2252916462581066], [0.39237869074279275, 0.11598845656537775, 0.23430285029976136, 0.25733000229206815], [0.2966180785689877, 0.2136486204298563, 0.3207246112610737, 0.16900868964008228], [0.21562399815477395, 0.27687107688784296, 0.13493629886540562, 0.3725686259919775], [0.3490124902534525, 0.2184083028223485, 0.2893443620917209, 0.14323484473247813], [0.2016810267461015, 0.1620577376305606, 0.1131344701792572, 0.5231267653440806], [0.17048497369309376, 0.10836832888556402, 0.40263703161447395, 0.31850966570686823], [0.17102141549202185, 0.08599623227752407, 0.21619388297874043, 0.5267884691517136], [0.13048861012742127, 0.3602939706811908, 0.3280512836866429, 0.18116613540474505], [0.0983158641845429, 0.4075120055071891, 0.0802440428453573, 0.41392808736291076], [0.18348335001248142, 0.2932083352094985, 0.31211910113728797, 0.21118921354073206], [0.10293037344801712, 0.19230186851395975, 0.08401046749023562, 0.6207572904477875], [0.12521624750459098, 0.10544370270872239, 0.34573641931140753, 0.4236036303752791], [0.1038564870178809, 0.07364625122051906, 0.2867599576970255, 0.5357373039645745], [0.09867639608241886, 0.1759116443173622, 0.4353849220413775, 0.2900270374588414], [0.08887311418033003, 0.24158466270006843, 0.16603832693056397, 0.5035038960890376], [0.11962252019920895, 0.21325279611263404, 0.28696259639550636, 0.3801620871926506], [0.09104342757745114, 0.13667429982249132, 0.15010687707353607, 0.6221753954265214], [0.11167275242637027, 0.15027350297761385, 0.2678912897728064, 0.47016245472320944], [0.10003204940844766, 0.10483397854811591, 0.3179045115958989, 0.4772294603475375]], "ideal": "D", "sampled": "A", "correct": false}}
{"type": "result", "data": {"idx": 9, "options": ["institutional adequacy", "dispersion of causes and effects", "fragmentation of agency", "all of the above"], "probs": [[0.005877665911283467, 0.003854710347820787, 0.0017926059369979843, 0.9884750177038978], [0.07702918378621879, 0.42297819410124404, 0.45025873347435963, 0.04973388853817751], [0.0031628818270122163, 0.0021069576045069705, 0.0009798260877185144, 0.9937503343807623], [0.05369285726066192, 0.3612421954483077, 0.2123614643058524, 0.37270348288517796], [0.029254180316806423, 0.04323598870905974, 0.8684146662205681, 0.05909516465356571], [0.035573653195944056, 0.12612488455134147, 0.3073140943794503, 0.5309873677732642], [0.00754238938454523, 0.0025661964695079128, 0.002030027082680536, 0.9878613869632663], [0.46216344828752387, 0.06763091682711447, 0.1809883117494793, 0.2892173230358823], [0.012114313816822687, 0.008326160346501273, 0.002040415211888848, 0.9775191105247872], [0.0875019022700795, 0.05144037905884407, 0.8565629502709651, 0.004494768300111286], [0.04469405064254292, 0.9262232079970362, 0.010451426611710961, 0.018631314648709915], [0.09419653440931276, 0.5336739350773972, 0.35550269017442176, 0.016626840238868207], [0.0045914921828574306, 0.001914040647740013, 0.0020058936114786285, 0.991488573457924], [0.09731662324947636, 0.06584933939173011, 0.08324029232953477, 0.7535937449292588], [0.00902097949621554, 0.009602914482950413, 0.0018616103699481469, 0.9795144955508859], [0.09025037849102413, 0.1376168586114055, 0.7675686880026412, 0.004564074794929168], [0.0234123578826077, 0.7283575493392049, 0.011772731252107326, 0.23645736142608004], [0.1091968752976391, 0.22406261405878453, 0.6483486672768668, 0.018391843266709552], [0.6362553929088347, 0.0370360692856837, 0.27365836906167684, 0.05305016864380471], [0.2217030715640961, 0.041658537303361116, 0.04298007279673709, 0.6936583182358057], [0.33586579830756386, 0.5894923780522412, 0.018949089542655898, 0.05569273399753903], [0.4112050884521738, 0.4112268739501211, 0.15128000276319353, 0.02628803473451159], [0.19100061110453057, 0.15835416359646184, 0.014500645028375964, 0.6361445801706316], [0.4956282887101952, 0.16345176799337457, 0.3150591686916468, 0.025860774504783423]], "ideal": "D", "sampled": "D", "correct": true}}
{"type": "result", "data": {"idx": 10, "options": ["the problem of massive world overpopulation over generations.", "the problem that the bad effects of current carbon dioxide emissions will fall largely on future generations.", "the problem that the compounding effects of greenhouse gas emissions require the current generation to, in effect, cooperate with future generations.", "the problem that countries are possibly biased toward the interests of the current generation, which largely benefits from carbon dioxide emissions."], "probs": [[0.0014063168447225616, 0.9501317107235804, 0.04307104155887155, 0.005390930772825508], [0.0007583648022129103, 0.9876097513314656, 0.0029529072561358958, 0.008678976510185668], [0.0014895852392998485, 0.9907904271211859, 0.004310307819625345, 0.003409679719888866], [0.0010932032712676948, 0.9938800369627732, 0.0022784598686362042, 0.002748299797322941], [0.009737152693233714, 0.09834224623033003, 0.7980825805036599, 0.09383802047277644], [0.01001363438587301, 0.12199131100996298, 0.8467962973031096, 0.02119875720105442], [0.8657961049833427, 0.002320504935864492, 0.13071657646252127, 0.0011668135182715323], [0.9585060924869145, 0.0026505378847056344, 0.0028214758648315522, 0.03602189366354824], [0.8935083712707869, 0.10343235636456602, 0.0018361478568728491, 0.0012231244077742622], [0.890998011897728, 0.10476651113611068, 0.002542104589263969, 0.0016933722768973523], [0.977790818876002, 0.004820159569180166, 0.0018295253138890183, 0.015559496140928759], [0.9075523468011196, 0.0042028396607841694, 0.08709583117487017, 0.001148982263226001], [0.928692596657211, 0.0024504938331778563, 0.0672747697575393, 0.0015821396520718145], [0.9952302626885998, 0.00126000327343581, 0.0014962872765766893, 0.002013446661387639], [0.9690863403770388, 0.028810590339551603, 0.0012857865335280602, 0.0008172826498815836], [0.962950366772507, 0.033996837604554624, 0.0020100277909721586, 0.0010427677319661528], [0.9960409968909089, 0.0016446959876303814, 0.0010132688299983143, 0.001301038191462455], [0.9546015147907964, 0.005088233179869415, 0.0381891895715734, 0.002121062357760859], [0.015304137633964111, 0.0009937786755913108, 0.9769109284121886, 0.006791155178255963], [0.034445035148623016, 0.0017419431291188325, 0.9605586830885745, 0.003254338533683662], [0.00478966541561541, 0.9869228754425311, 0.0028600723460308407, 0.005427386695822669], [0.019826070942512885, 0.9404713324401545, 0.036466083695348546, 0.0032365128219840906], [0.009908543662638688, 0.9796101487932087, 0.0031179162722535505, 0.007363391171899046], [0.0953728443055164, 0.8368832183866474, 0.05784754297480955, 0.009896394233026684]], "ideal": "D", "sampled": "C", "correct": false}}
{"type": "result", "data": {"idx": 11, "options": ["it fails to reconcile prima facie duties.", "it can run counter to a person's being able to integrate her commitments at various levels.", "it can run counter to the idea that persons are atomistic and individually rational actors.", "it fails to recognize that possibility that the persons are best understood in relation to one another."], "probs": [[0.1261493507132735, 0.6507553166652754, 0.11851214086515093, 0.10458319165630012], [0.10654089598782385, 0.6947539448043344, 0.11701656131766312, 0.08168859779017862], [0.234061603192157, 0.15838032251292705, 0.48029811018530194, 0.127259964009614], [0.2612770374714325, 0.237903610899593, 0.40469896522804283, 0.09612038630093166], [0.23104261833258824, 0.2071116371146238, 0.4891439864486669, 0.07270175800412103], [0.2383699803698849, 0.3692074853262455, 0.306088965582375, 0.08633356862149458], [0.7529016648273336, 0.034131191286035714, 0.178836403260716, 0.034130740525914686], [0.8701864192016873, 0.02212815064796594, 0.08221634022462462, 0.025469089825722102], [0.8935464126634922, 0.0213455649006511, 0.06273832662336803, 0.022369695712488622], [0.8889515167231737, 0.023690217485772627, 0.06439712475050792, 0.022961140940545705], [0.8431758378715613, 0.037630836765722424, 0.07721358424658391, 0.04197974101613245], [0.879578513692728, 0.039255464484048194, 0.04962371157026356, 0.03154231015296029], [0.5003377785399566, 0.026106568002126823, 0.44156971487165186, 0.0319859384862647], [0.6106096482761183, 0.028116518524023647, 0.33722478022323144, 0.024049052876626644], [0.6404602574695956, 0.17785814535223674, 0.0908420316101817, 0.090839565467986], [0.6456877348042656, 0.15823879246921982, 0.12132747763197259, 0.07474599499454201], [0.7693239793600006, 0.10911772141785753, 0.06315276308409092, 0.058405536038050876], [0.6931096988198294, 0.09380605175681438, 0.16208362758867437, 0.051000621734681825], [0.6205680149330646, 0.01578051133457461, 0.34811576324528637, 0.015535710387074426], [0.6641515317289078, 0.021685728311819058, 0.2947239764124012, 0.019438763446871836], [0.6917690350561256, 0.19512797090543207, 0.06140001238492008, 0.05170298155352217], [0.6827474868343321, 0.21822529730642407, 0.047194857002967106, 0.05183235875627675], [0.8419257903532027, 0.07709908398476666, 0.04676306567510782, 0.034212059886922865], [0.7831415416539145, 0.0673709576156277, 0.1059900133803293, 0.043497487250128475]], "ideal": "B", "sampled": "B", "correct": true}}
{"type": "result", "data": {"idx": 12, "options": ["often have to be made quickly and without immediate authorization.", "should be made with visibility and accountability by the highest-level officials.", "have no objective answer.", "none of the above"], "probs": [[0.6480530902675511, 0.06317374666375748, 0.03892009588924974, 0.2498530670794417], [0.6211817767418852, 0.05428006791108347, 0.26303225361112603, 0.06150590163590519], [0.7605312862508843, 0.041587839205240396, 0.03846216401993422, 0.1594187104239411], [0.6342942460635299, 0.02498278342775901, 0.3091429638649318, 0.03158000654377928], [0.7568676118509391, 0.18840604141305012, 0.021471478905641075, 0.033254867730369696], [0.7687440046620079, 0.17423831216765653, 0.013647468988028407, 0.04337021408230719], [0.04573067377165573, 0.810620080710645, 0.03046418917087915, 0.11318505624682014], [0.04546743072061894, 0.8186409733182716, 0.0454684030213469, 0.09042319283976256], [0.13940445729775708, 0.07579582804990406, 0.5688843000687053, 0.21591541448363358], [0.12065593563399729, 0.08423510184919979, 0.4772184064013809, 0.317890556015422], [0.12210376286543803, 0.2751754758565145, 0.5061279421659041, 0.09659281901214344], [0.08332302948274503, 0.5349287846726891, 0.025412882944299456, 0.3563353028002664], [0.03044749712792731, 0.8490770668859517, 0.023713097363887128, 0.09676233852223377], [0.016888374052093272, 0.8662251023437242, 0.036316334318254026, 0.08057018918592848], [0.11817193030129315, 0.20102345941440694, 0.45301958914041274, 0.22778502104388715], [0.09180083733175841, 0.16623699415694784, 0.24567819763232893, 0.4962839707789648], [0.08733242134371912, 0.07952045766989596, 0.6453511810454772, 0.18779593984090778], [0.11075305112438638, 0.3255356307348194, 0.2005547582489298, 0.36315655979186445], [0.08694165166737335, 0.8121138183999291, 0.04653751832326222, 0.05440701150943529], [0.06476560979433903, 0.814078986563337, 0.039283357556706276, 0.08187204598561773], [0.135283730297643, 0.3794247281514825, 0.3677535135525166, 0.11753802789835786], [0.1250435309375774, 0.2688950102095753, 0.06287745619970078, 0.5431840025531465], [0.10122268495109708, 0.08658373971037875, 0.6201044228037317, 0.1920891524347925], [0.14117825029868736, 0.1305742412674983, 0.18703602252520357, 0.5412114858086108]], "ideal": "B", "sampled": "A", "correct": false}}
{"type": "result", "data": {"idx": 13, "options": ["to minimize damage incurred by all individual living beings.", "to minimize the suffering of all sentient creatures.", "to promote the functional integrity of ecosystems.", "to promote human welfare."], "probs": [[0.1172533508404069, 0.08445533552939047, 0.5421843053346562, 0.2561070081955464], [0.01475057440365765, 0.023206117208860354, 0.020479305006528753, 0.9415640032809532], [0.15057779030088872, 0.3845192663517197, 0.13082616614700165, 0.3340767771003899], [0.1536695452748966, 0.282644887141749, 0.09767960392155459, 0.4660059635617998], [0.03521153794801073, 0.045924985111661654, 0.038672664276028196, 0.8801908125642994], [0.14064569350726538, 0.09666527518660932, 0.5308016379897978, 0.23188739321632748], [0.08826949117681243, 0.1549193801233456, 0.5578913480271054, 0.19891978057273657], [0.00980035070326503, 0.02502626285282397, 0.011280221404879128, 0.9538931649390319], [0.031118738168171504, 0.8410869412250832, 0.04320459155911762, 0.08458972894762762], [0.030531936855311078, 0.7998376383598811, 0.04108572324774072, 0.12854470143706706], [0.04450737394892474, 0.06893511989275045, 0.19033578390840303, 0.6962217221499217], [0.07056092575322687, 0.1010748088418917, 0.6590966679852239, 0.16926759731965754], [0.1448317137625885, 0.21073163572681472, 0.08922923155959465, 0.5552074188510021], [0.08530108566249923, 0.18342792849324752, 0.07071777379760942, 0.6605532119466438], [0.2809726167023911, 0.24796086535125111, 0.15761348052913243, 0.31345303731722535], [0.19938952327509746, 0.20253202901847278, 0.1759628425677211, 0.42211560503870865], [0.15319965898653776, 0.16565011449139794, 0.5102424760925913, 0.17090775032947295], [0.18734678903355487, 0.3040981933781121, 0.26420563850451384, 0.24434937898381914], [0.05641514975505626, 0.20961061742625478, 0.03586017446934723, 0.6981140582493417], [0.08774486706242893, 0.36369671601572834, 0.32096319320349137, 0.22759522361835136], [0.07614265892104775, 0.10571502856922428, 0.1179334823773687, 0.7002088300323592], [0.14094965158483538, 0.14542570708727934, 0.5488365888046745, 0.16478805242321082], [0.09152443433309974, 0.5266932091575712, 0.25271125872256706, 0.12907109768676195], [0.08237082440386344, 0.6790011484913471, 0.09630288226931653, 0.14232514473547292]], "ideal": "D", "sampled": "C", "correct": false}}
{"type": "result", "data": {"idx": 14, "options": ["consequentialism", "virtue ethics", "both A and B", "neither A nor B"], "probs": [[0.03294227767191264, 0.8903798195715891, 0.05102250542065288, 0.025655397235845367], [0.023357811624942163, 0.862921340861448, 0.0634937094727929, 0.05022713794081691], [0.19253102409200162, 0.0634914055876054, 0.7153607183346221, 0.028616851885770855], [0.39139554192231835, 0.1820204718379485, 0.32448399305439624, 0.1020999930853369], [0.17140684317768945, 0.04988312143812561, 0.6779452879890925, 0.10076474729509241], [0.42681339896633325, 0.11309735657686706, 0.3538476220337643, 0.10624162232303541], [0.7476759619045498, 0.1472298696587991, 0.059485982612406896, 0.045608185724244216], [0.6206245647868037, 0.11302777449980952, 0.16967279196039106, 0.0966748686529957], [0.916214517200825, 0.04561651379996239, 0.027667801507839266, 0.0105011673913733], [0.9533582061267342, 0.026625989919810262, 0.013388316607037704, 0.00662748724641782], [0.8323276197139005, 0.059360523876581986, 0.04209246564407802, 0.06621939066543948], [0.9405035677797974, 0.027527417006660396, 0.024675176337961208, 0.007293838775580998], [0.1819522556771516, 0.08074375361504989, 0.7085151181185299, 0.028788872489268685], [0.5330505449991421, 0.28982478809177586, 0.09409178932697103, 0.08303287748211105], [0.11457509759738999, 0.6390698670528622, 0.1859789674166683, 0.060376067833079514], [0.12828815850917336, 0.7858853554814846, 0.03399396150248491, 0.051832524406857095], [0.3776537719340896, 0.2476815097131778, 0.2290668602197751, 0.1455978580329575], [0.3345434020529975, 0.2160046708371307, 0.31428470565847155, 0.13516722135140025], [0.06590118905390137, 0.06000505297768503, 0.5966367036008736, 0.27745705426754], [0.18519167876167414, 0.3859803137688345, 0.2868365687863773, 0.141991438583114], [0.09602460836550628, 0.27355764943949556, 0.17940191501980593, 0.4510158270751922], [0.10711519339268752, 0.6459992479185037, 0.16851872078492836, 0.07836683780388043], [0.13027156888135913, 0.38290229435906387, 0.24721889195354196, 0.239607244706035], [0.13249326056467428, 0.2635015907469709, 0.3955631498093385, 0.2084419987790164]], "ideal": "C", "sampled": "B", "correct": false}}
{"type": "result", "data": {"idx": 15, "options": ["will be seen as curiosities.", "will be scrutinized in relation to the person they are clones of.", "both of the above", "none of the above"], "probs": [[0.24388840337846857, 0.08429067424045492, 0.6527179357368091, 0.01910298654426737], [0.024118654586457827, 0.054355543932097565, 0.00220871735228915, 0.9193170840291555], [0.6524405320227733, 0.27627371611263873, 0.050312775761929864, 0.02097297600265808], [0.4523514950008876, 0.37503407589242754, 0.028029455756761, 0.1445849732499238], [0.44567546086206783, 0.12970972881311, 0.03129318181851533, 0.39332162840630686], [0.6442151473052271, 0.07575452846262698, 0.26439874573689937, 0.015631578395246586], [0.23573184455527033, 0.01935099229485038, 0.7375726501747618, 0.007344512875117503], [0.022547410658063986, 0.016496959469261885, 0.002197977323083332, 0.9587576524495908], [0.38526358640477715, 0.606125167142579, 0.004774735705441714, 0.0038365106472020437], [0.4077033117336653, 0.5840321035310054, 0.005052878909110987, 0.003211705726218287], [0.41727104266351744, 0.05736552890068992, 0.006046187955219048, 0.5193172403805736], [0.7809122447638869, 0.02510420124819055, 0.1913787633093441, 0.0026047905785784096], [0.7697456937107011, 0.08241260542120576, 0.12566154452864645, 0.022180156239446646], [0.7814413308315848, 0.1009203120965173, 0.03654996305338617, 0.08108839391851164], [0.730811333893361, 0.23359222370694027, 0.010589049719351012, 0.02500739258034775], [0.722928821799945, 0.2659649848052775, 0.0037937860457638267, 0.007312407249013646], [0.8484822515338156, 0.062438138517173274, 0.058652054938728417, 0.03042755491028264], [0.8566758571965118, 0.03823509412736756, 0.10231946336256112, 0.0027695852135594273], [0.042585687074422555, 0.16073060498143588, 0.005586401720138842, 0.7910973061240028], [0.11673972618290207, 0.2714524708429271, 0.548336415223742, 0.06347138765042883], [0.04108664187894104, 0.1676717021666778, 0.003762640444758822, 0.7874790154096224], [0.10952114711005358, 0.6014234232595435, 0.27534704525827924, 0.013708384272123694], [0.26601652306515244, 0.4318276619607768, 0.08502914867227726, 0.2171266662017935], [0.40836240924471484, 0.31805413247323594, 0.25159987242388326, 0.021983585758165895]], "ideal": "C", "sampled": "C", "correct": true}}
{"type": "result", "data": {"idx": 16, "options": ["because dead people no longer exist, and thus cannot benefit from choosing to die.", "because some things (e.g., long-term torture) are worse than death.", "because there has yet to be a satisfactory philosophical explanation of why death is bad.", "because death is, by definition, undesirable."], "probs": [[0.20327396864656624, 0.5701057185494235, 0.10712008310022333, 0.11950022960378692], [0.14353285621509462, 0.550225611346881, 0.196189834186263, 0.11005169815176138], [0.25235534839887197, 0.14156054591732684, 0.4941009205428795, 0.1119831850409217], [0.1244907407155291, 0.13888151424920853, 0.19585461182965505, 0.5407731331056074], [0.16489267977728017, 0.1811017597456051, 0.5491923402866906, 0.10481322009042413], [0.1403549357843908, 0.2107012561720569, 0.15904608672413567, 0.48989772121941666], [0.5353594780791538, 0.2910747126919454, 0.08339506946084138, 0.09017073966805939], [0.5624001025591164, 0.23081240055637128, 0.12947499750749927, 0.07731249927701302], [0.6183560262512324, 0.1717141074792158, 0.1180179412853682, 0.09191192488418354], [0.6069450143531996, 0.1659324118884816, 0.14874173095775745, 0.07838084270056137], [0.6383351324730223, 0.20402792854160984, 0.09637671322070077, 0.061260225664667094], [0.6091776677163299, 0.20726624229417695, 0.11626670473843181, 0.06728938515106135], [0.21532995629623222, 0.21533290672630218, 0.4558648704360096, 0.11347226644145597], [0.17308938243611208, 0.2479430697916897, 0.22931061341092748, 0.3496569342612707], [0.17306337733137364, 0.3839633648022493, 0.31831889392772333, 0.12465436383865373], [0.1459506375818448, 0.501527938861944, 0.22961719624398466, 0.12290422721222652], [0.1553821414553709, 0.15060396490975192, 0.18452411888184667, 0.5094897746530305], [0.17963194711474384, 0.1443405736515084, 0.5798764781083208, 0.096151001025427], [0.4466329449447692, 0.1259809798015354, 0.35889147600101956, 0.06849459915267583], [0.5322518110226495, 0.14551282767184073, 0.12642470925863758, 0.1958106519468722], [0.5216519352641278, 0.27489692584426084, 0.13608482782861578, 0.06736631096299557], [0.5706171647909604, 0.2416198212390837, 0.11961124625848295, 0.06815176761147297], [0.510262958501469, 0.13311284580817592, 0.11932234287078528, 0.23730185271956983], [0.5303884586045698, 0.10945407718952464, 0.2883759352760445, 0.07178152882986105]], "ideal": "A", "sampled": "B", "correct": false}}
