{"type": "result", "data": {"idx": 0, "options": ["5 permanent members with veto power, 10 rotating members with no veto power", "5 permanent members and 10 rotating members, all with veto power", "10 permanent members with veto power, and 5 rotating members without veto power", "15 permanent members with veto power"], "probs": [[0.5268276529540665, 0.37946639874755506, 0.036416025322611324, 0.05728992287576707], [0.5387784858208737, 0.37613481419547656, 0.04154661685389041, 0.04354008302975935], [0.1789883835359368, 0.7304008656784713, 0.04318349840196892, 0.04742725228362303], [0.12400955526709571, 0.8213978393003121, 0.021215854492460943, 0.033376750840131315], [0.5605261921322103, 0.3095577060866742, 0.09294527768159293, 0.03697082399952252], [0.4386240574176382, 0.23478388958895707, 0.2538605649058022, 0.07273148798760252], [0.9136426923990972, 0.0440889462367382, 0.017537210330185907, 0.02473115093397864], [0.8923043460479232, 0.08044528619889887, 0.010388477295508906, 0.01686189035766902], [0.942336755494264, 0.03174568570479604, 0.012049191091531007, 0.013868367609408917], [0.9181914527020486, 0.05778928967806785, 0.007462747536768143, 0.016556509983115406], [0.8882848926024977, 0.03964427728969001, 0.05678704567845533, 0.015283784329357059], [0.8972082961597461, 0.04131349751518118, 0.041963590447880526, 0.01951461577719221], [0.7990948347999987, 0.10482042789404024, 0.045792175807316086, 0.050292561398645], [0.8003132163607979, 0.1412662832014643, 0.022703397509344574, 0.03571710282839317], [0.7646529358274492, 0.048883722850712595, 0.14593814062350244, 0.04052520059833579], [0.8348399938864636, 0.08138074833460054, 0.03040944919208165, 0.053369808486854235], [0.7223542681754191, 0.14003779670868904, 0.08361950175765484, 0.05398843325823691], [0.7601171702872164, 0.14061105197524446, 0.03784449384040991, 0.06142728379712921], [0.9033049020224899, 0.08534528008200493, 0.006896917460233091, 0.0044529003352720385], [0.8666800059138436, 0.1101884221540776, 0.012557399099659375, 0.010574172732419401], [0.9546805450306848, 0.02974468044159679, 0.009808667760884496, 0.005766106666833947], [0.965794245385402, 0.024559532717851197, 0.00531133346499909, 0.004334888331747615], [0.7433160189642293, 0.23389946301096362, 0.010769985103583282, 0.012014532821223861], [0.7042532916684254, 0.2757964272642449, 0.010364727637341607, 0.009585553329988046]], "ideal": "A", "sampled": "C", "correct": false}}
{"type": "result", "data": {"idx": 1, "options": ["It allowed the US to intensify its involvement in Vietnam", "It illustrated the influence of public opinion on US foreign policy", "It enhanced Congressional control over the Vietnam War", "It curtailed US involvement in Vietnam"], "probs": [[0.9761004333937151, 0.0029185207300279374, 0.002535639146294337, 0.018445406629962587], [0.9703263422548583, 0.005091869157970328, 0.007886384436748902, 0.016695404050422503], [0.9761546499219091, 0.004964848336130607, 0.0023452163762015792, 0.016535285265758683], [0.95819269191934, 0.010644705539324336, 0.010644643140708879, 0.020517959300626838], [0.9632947939621326, 0.022654810221163297, 0.002835568884723553, 0.011214826831980608], [0.9500018227825359, 0.026120668142382546, 0.00506370103380904, 0.018813807941272513], [0.0023057323536001006, 0.9748464873998369, 0.006074802050625752, 0.016772978095937183], [0.0029826349911814642, 0.9668709283070804, 0.00810765674877779, 0.02203877985296028], [0.029738565959300824, 0.016423538356165973, 0.8691206589759516, 0.08471723660858164], [0.039024737618752026, 0.2013102921435439, 0.02330304326476574, 0.7363619268729383], [0.025370871759794012, 0.017167218707299325, 0.8805256474265423, 0.07693626200636443], [0.04484264507044158, 0.03835706800238661, 0.08377824687695101, 0.8330220399502208], [0.005822499609460192, 0.96402255381822, 0.007835075072352123, 0.022319871399967654], [0.01932471696142294, 0.888491163584524, 0.022593100221816518, 0.06959101913223656], [0.032101496542643465, 0.008776248292868431, 0.867673681263236, 0.09144857380125208], [0.06864446077790462, 0.030461516237993997, 0.024476272624736534, 0.8764177502593649], [0.19088802166359134, 0.07957615880415159, 0.5610760575212355, 0.1684597619110216], [0.13203451675513553, 0.16177537329024533, 0.01435830886018495, 0.6918318009944342], [0.0031935323700418915, 0.9878324929706377, 0.002818302036659328, 0.006155672522661041], [0.005988839343965428, 0.9761927554162606, 0.004737612066938607, 0.013080793072835295], [0.022957777709070423, 0.010511090095552457, 0.8888659517736067, 0.0776651803217704], [0.015950603520420235, 0.00840557372396743, 0.004096510382633626, 0.9715473122729787], [0.060249403471654805, 0.0761646809260743, 0.7340284175048389, 0.129557497997432], [0.028058615362966145, 0.05242163461355521, 0.004725935069164828, 0.9147938148543138]], "ideal": "A", "sampled": "A", "correct": true}}
{"type": "result", "data": {"idx": 2, "options": ["Terrorists", "Organized crime", "Drug traffickers", "China"], "probs": [[0.004246998352847895, 0.003412599818509381, 0.0007153137121457018, 0.9916250880164971], [0.03666542893838558, 0.011903611176904316, 0.4905787178371151, 0.460852241947595], [0.0036410986212390083, 0.0014943241779408942, 0.0009351114527969943, 0.9939294656480231], [0.0203235136793649, 0.00821151049983374, 0.7277129508635745, 0.24375202485722686], [0.08091793953563227, 0.3514951169139319, 0.023183390495842976, 0.5444035529545929], [0.05885837758234027, 0.4417626362326944, 0.01420026307543812, 0.48517872300952714], [0.008396954047329954, 0.004936369549243916, 0.0008185245781944353, 0.9858481517252317], [0.06885199119855394, 0.026133510726060457, 0.4489734088744257, 0.45604108910095986], [0.007201313873666851, 0.00273335255657437, 0.0016068328184332117, 0.9884585006513256], [0.028714931197399565, 0.008227055121105895, 0.6638422141498019, 0.2992157994316926], [0.09777922344545902, 0.2102609300247616, 0.013232975408126315, 0.6787268710216531], [0.09719372476377322, 0.4859452513476883, 0.014002083708049685, 0.40285894008048884], [0.009313030088337717, 0.009459756233416489, 0.0011122851769728279, 0.980114928401273], [0.07897134222280458, 0.07535576202031381, 0.5568065186415238, 0.2888663770153579], [0.007857699476964304, 0.008904019970992008, 0.0012050211310709303, 0.9820332593209727], [0.039636724686833484, 0.025194864843855354, 0.5471683959018318, 0.38800001446747945], [0.02373901800808536, 0.811092213677099, 0.010370808855326314, 0.15479795935948923], [0.019086433199360514, 0.8775312131993662, 0.007956421777662662, 0.09542593172361064], [0.2622661839486246, 0.062294053609883555, 0.04629266175364715, 0.6291471005878447], [0.2961160827276674, 0.06304728960715344, 0.042659435258043686, 0.5981771923071355], [0.19154598396156639, 0.06829847387530792, 0.028470761421649997, 0.7116847806414757], [0.3309375910601485, 0.10252066605145602, 0.029372291362959203, 0.5371694514254363], [0.3839788167091097, 0.06075493663504345, 0.05445955361223675, 0.5008066929436101], [0.4097037123774293, 0.07819394225350988, 0.03310900640068308, 0.4789933388683777]], "ideal": "D", "sampled": "D", "correct": true}}
{"type": "result", "data": {"idx": 3, "options": ["Richard Nixon", "George H. W. Bush", "Jimmy Carter", "Ronald Reagan"], "probs": [[0.9902709176206593, 0.002132644421887168, 0.002235004223932085, 0.00536143363352139], [0.9870806995812598, 0.002997821216157507, 0.0029513747620794196, 0.006970104340503291], [0.9902657450396195, 0.0016608956640140362, 0.0024546561357949048, 0.005618703060571504], [0.9940345786327102, 0.0014485030992107918, 0.0015908789199998712, 0.002926039248079212], [0.9860097945151574, 0.001816298030735762, 0.0039056868536674737, 0.008268220500439436], [0.9927022545388564, 0.0012567953374469718, 0.0024606959727917553, 0.003580254050904796], [0.0008672802124186841, 0.996737035853142, 0.00047154106315710256, 0.001924142771282231], [0.0010957643392432992, 0.9962101581195477, 0.0006146825618711345, 0.0020793948793378656], [0.006764873547591759, 0.0023016547457530043, 0.9731103847484132, 0.017823086858242063], [0.005113242969932103, 0.002823821673124245, 0.0023047413212590865, 0.9897581939356845], [0.004615585022295003, 0.0023574273495710423, 0.9812406659203918, 0.011786321607742064], [0.006155165175419946, 0.0036184640285194065, 0.002486944304902483, 0.9877394263911582], [0.0008529437401487204, 0.995697557917906, 0.000696164655723469, 0.002753333586221759], [0.001029800968542401, 0.9966221409574875, 0.0005687210335538112, 0.001779336940416263], [0.01018848917731812, 0.004965507869722365, 0.9611570197824295, 0.02368898307052999], [0.009594694343942506, 0.007590076129875984, 0.0041266692153769215, 0.9786885602108046], [0.007863552064042226, 0.003892768746734678, 0.9675259241849818, 0.020717754904241274], [0.009154857028817099, 0.008206407443190693, 0.003999501885452106, 0.9786392335425401], [0.00039722205044024657, 0.9971174859907728, 0.0004362694628653826, 0.002049022395921607], [0.0004646952788714914, 0.9977527387551658, 0.0003733979585525846, 0.001409167907410069], [0.004014619803301407, 0.002551863548289532, 0.9823487834595966, 0.011084733088812426], [0.005179479136258698, 0.00464288553974798, 0.0031415484140305937, 0.9870360868099627], [0.0045490507757421994, 0.0018669449787316575, 0.9823249734163646, 0.011259030729161549], [0.003576333176543475, 0.0029189344985955422, 0.0018846116704739199, 0.9916201205543871]], "ideal": "A", "sampled": "A", "correct": true}}
{"type": "result", "data": {"idx": 4, "options": ["on nuclear weapons signed between the United States and the Soviet Union.", "cutting conventional arms in Europe.", "to be rejected by the U.S. Senate.", "mandating the elimination of many long-range nuclear missiles."], "probs": [[0.9990017721604402, 0.00025297419722023775, 0.00020972052478286004, 0.0005355330175567384], [0.9985038671136918, 0.0004234399873417609, 0.0004168713695933813, 0.0006558214293731135], [0.9987618201854588, 0.00026094139197584056, 0.00023390330486116305, 0.0007433350177041461], [0.998658179650065, 0.00035109835772681095, 0.0005108383786075875, 0.0004798835136006295], [0.9982194769260663, 0.0008418738694286052, 0.00035094182011204605, 0.0005877072843930347], [0.9984108359710989, 0.0006557776458430785, 0.00034556625697607806, 0.0005878200260819483], [0.0009686572225129891, 0.997916541643955, 0.0002732240596956317, 0.0008415769738362997], [0.001344595189905076, 0.9977328815326801, 0.0003792633601739604, 0.0005432598172408353], [0.004179775547677596, 0.0003949127409495915, 0.9913103779983752, 0.004114933612997621], [0.0010673911694703687, 0.00024192568940398983, 0.013003499227999251, 0.9856871838131264], [0.034320074669918044, 0.07734298617042953, 0.8851447003539054, 0.00319223870574712], [0.0012338012833600159, 0.00869934112191264, 0.000169609938982649, 0.9898972475557447], [0.001751185047746912, 0.9963048708859932, 0.00042249617451985653, 0.0015214477917400346], [0.0018930768366809043, 0.9960911399356902, 0.0009371467285491515, 0.001078636399079676], [0.00605608010040005, 0.000819618812848232, 0.9871621717762594, 0.005962129210492309], [0.0006257735350658998, 0.00018789736153748495, 0.0007090979721883146, 0.9984772310312083], [0.028285075616133488, 0.08184650518617573, 0.8799395146777584, 0.00992890441993234], [0.0009244496768570112, 0.0008684603151340067, 0.00014177114774679753, 0.9980653187602622], [0.039591005538765794, 0.9592229981779457, 0.0006300173477727897, 0.0005559788355157722], [0.03405489133804953, 0.9646275344602994, 0.0005768695444197371, 0.0007407045572313091], [0.050956412177804576, 0.0011258203088683329, 0.9466016112001162, 0.0013161562132108918], [0.0038819905480113903, 0.00037255387216278803, 0.00026417621699476485, 0.995481279262831], [0.03100671846642369, 0.0017493366263423864, 0.964617980423205, 0.0026259643840289464], [0.0030739753742424067, 0.00022619022126421593, 0.0002261868597718743, 0.9964736474447214]], "ideal": "D", "sampled": "A", "correct": false}}
{"type": "result", "data": {"idx": 5, "options": ["It ended the influence of American exceptionalism entirely", "Exceptionalism was enhanced by America's status as the 'leader of the free world'", "The extension of American power globally challenged core assumptions of exceptionalism", "Both b and c"], "probs": [[0.003084853742499368, 0.010937580786773638, 0.001434663769484158, 0.9845429016012428], [0.045014815550183614, 0.22159864996833842, 0.21815764386965186, 0.5152288905118261], [0.0010586853057103771, 0.005211343253531116, 0.0006522677384967642, 0.9930777036022618], [0.026605415661127653, 0.4790484865506876, 0.44306149487383045, 0.0512846028143543], [0.0355037368313392, 0.13192568423190915, 0.049294753756032254, 0.7832758250807194], [0.06452136293834863, 0.0676236132427895, 0.7739758856125797, 0.09387913810628222], [0.008819231598329182, 0.01387548793200438, 0.00457555605843438, 0.9727297243112321], [0.10922513995120589, 0.05407694404317915, 0.46716231298768035, 0.3695356029179346], [0.0060210081343495024, 0.05537212542919371, 0.0020809350641948594, 0.9365259312722619], [0.08653000418982351, 0.3587009474760358, 0.521924893434125, 0.03284415480001568], [0.20437513365927704, 0.35871735345232525, 0.02403242522249859, 0.4128750875658991], [0.16902060868026128, 0.10913801977861065, 0.6791057015243027, 0.04273566991682534], [0.0071155725527441505, 0.013504088593963693, 0.0026178841436261414, 0.976762454609666], [0.161344113353809, 0.04769701581264923, 0.7461544385723334, 0.04480443216120831], [0.012778652336675092, 0.030656901303072796, 0.0028515331023257788, 0.9537129131579263], [0.3519692898647051, 0.17426074455296817, 0.4246220147870612, 0.0491479506952656], [0.44770680936274865, 0.5073602095093559, 0.022291736218322297, 0.022641244809573077], [0.8173488128013991, 0.16095489943974234, 0.014285450473850693, 0.0074108371850078545], [0.34008754373198363, 0.02705886859176318, 0.16065317899450482, 0.4722004085817484], [0.1535099483791512, 0.021436187024264756, 0.7796756217143025, 0.04537824278228158], [0.10400697751754306, 0.5622958822193286, 0.008275318427563029, 0.32542182173556533], [0.32067102668462755, 0.4967055394257934, 0.11434605141846371, 0.0682773823711154], [0.08493605604774994, 0.8713920901872502, 0.008813952615816125, 0.034857901049183786], [0.058305153709580254, 0.9121021337227343, 0.008803252425018554, 0.02078946004266693]], "ideal": "D", "sampled": "D", "correct": true}}
{"type": "result", "data": {"idx": 6, "options": ["He believed that internal reform rather than international negotiation was the key to economic regeneration of the US", "He believed that German domination of Europe would be in US interests", "He always favoured isolationism", "All of the above"], "probs": [[0.023844668558774842, 0.004844406049925295, 0.003832220153067434, 0.9674787051382324], [0.20751017523260834, 0.025174496927337607, 0.7020189230747619, 0.06529640466529214], [0.02313571959345649, 0.006130430349385791, 0.002220292732588803, 0.9685135572245689], [0.36757162862053283, 0.03997263431322653, 0.569321834691786, 0.023133902274454627], [0.03450039234224255, 0.8759976200331601, 0.009285844411830446, 0.08021614311276694], [0.03384292829447247, 0.9291268473692115, 0.02515022053415575, 0.011880003702160294], [0.01431641802008537, 0.005349733796463631, 0.007544275274099862, 0.9727895728093511], [0.1681484976794508, 0.1681527296091033, 0.47902213094742707, 0.18467664166401881], [0.011931453346237417, 0.00782492227304068, 0.0023130419131848737, 0.977930582367537], [0.21969425839741208, 0.10216999874114019, 0.6161678478710189, 0.0619678948904289], [0.026067190191939635, 0.7383770368757199, 0.14313925510939537, 0.09241651772294514], [0.014004024787636765, 0.9368160468011106, 0.02382192379161347, 0.025358004519639134], [0.006060492788595997, 0.0047199661500870625, 0.0013522925024020927, 0.9878672484589148], [0.05374327089080031, 0.4865614320316554, 0.40337262755689424, 0.05632266942065006], [0.009763634360312313, 0.007604009157704302, 0.002144811819178778, 0.9804875445628046], [0.12279544070176474, 0.06079003609403303, 0.6139572881068158, 0.20245723499738635], [0.021581095996194417, 0.8487106470636574, 0.09522162199389139, 0.03448663484625673], [0.02082028911015131, 0.8992640860944606, 0.025911705102861532, 0.05400391959252647], [0.6718743053262216, 0.06549603692659794, 0.011560730058944568, 0.25106892758823585], [0.8564908972048951, 0.07484201229595738, 0.04198206525647935, 0.026685025142668108], [0.8047261953253414, 0.027537562360655677, 0.03219420510497918, 0.13554203710902377], [0.8790342014364838, 0.02781951365000063, 0.03516681785902042, 0.0579794669544951], [0.9463204034319004, 0.018741532940155344, 0.029484117057437732, 0.005453946470506541], [0.955303777418223, 0.020456715601424532, 0.008798307257669221, 0.01544119962268322]], "ideal": "A", "sampled": "D", "correct": false}}
{"type": "result", "data": {"idx": 7, "options": ["A strand of neo-isolationist sentiment", "A strand of internationalist sentiment", "An expression of American cultural superiority", "Increased incorporation of public opinion in foreign policy making"], "probs": [[0.790512868576938, 0.0833206409503717, 0.019181508783361414, 0.10698498158932883], [0.8712797808778712, 0.038884643678676944, 0.02471662885103919, 0.06511894649241268], [0.775871549158035, 0.012738519904522828, 0.056204671632111666, 0.15518525920533044], [0.889306334853931, 0.011371105674614582, 0.015301498877994844, 0.0840210604934596], [0.8908326691305348, 0.021956142199497312, 0.03454180087207398, 0.05266938769789391], [0.9073132052022936, 0.02573877526500739, 0.01160141255093486, 0.0553466068817641], [0.014178466426344379, 0.8910156713005895, 0.009298610426079483, 0.08550725174698667], [0.021397465768711998, 0.868191493716103, 0.01746445109129452, 0.09294658932389037], [0.02397034202187988, 0.0067612474929857405, 0.7115628930680539, 0.2577055173170805], [0.021036871521397965, 0.005236580689393568, 0.006517021570196385, 0.9672095261190121], [0.028749566067168875, 0.01009217354222146, 0.8805283763785582, 0.08062988391205148], [0.04029339043899577, 0.017330258501926318, 0.010845012598126263, 0.9315313383609517], [0.016686853483683848, 0.6770620969978276, 0.06103882798920524, 0.24521222142928337], [0.009501076196289543, 0.7430737530843615, 0.01360984596910002, 0.23381532465024887], [0.02327371448988613, 0.01756825948055328, 0.7128207893854526, 0.24633723654410802], [0.020684431259765164, 0.020684882019910544, 0.022365535634023284, 0.936265150986301], [0.008656301099462693, 0.002899539510825212, 0.8829893620906064, 0.10545479719910568], [0.009009811795561345, 0.005550926408500874, 0.00712745013016259, 0.9783118115657752], [0.006333032413205975, 0.9697528277338684, 0.0055889424332593455, 0.018325197319666326], [0.004132135969964694, 0.9800012074687421, 0.0023179422963723623, 0.013548714164920862], [0.041269815070419893, 0.01616179516207428, 0.8420084431742189, 0.10055994649328699], [0.05907309939676536, 0.06799403625852914, 0.018300335840320283, 0.8546325284043852], [0.021365584557559, 0.0034878989989098937, 0.8017588267631982, 0.17338768958033288], [0.023277368222489332, 0.0076762303690628515, 0.00970361359030003, 0.9593427877181477]], "ideal": "A", "sampled": "A", "correct": true}}
{"type": "result", "data": {"idx": 8, "options": ["The war reduced European population levels below that of the United States", "The United States seized German resources after the war", "European countries paid the United States for assistance", "The United States became a creditor country and financial centre, with European war spending boosting the US economy"], "probs": [[0.0004106366140167067, 0.00032484829693577326, 0.00019096554865913787, 0.9990735494403884], [0.0029281562083645777, 0.0007881279503676397, 0.9947881624286442, 0.001495553312623584], [0.0005523658059180011, 0.0004951507585133679, 0.0002489733235873481, 0.9987035100119813], [0.002710475851376489, 0.0005337445368773462, 0.9956606485531924, 0.0010951309585537682], [0.0003511088019968666, 0.9987184881600606, 0.0004579362794278979, 0.00047246665851465865], [0.00035116132646916985, 0.9988680500482608, 0.0004509039311759468, 0.0003298845940940482], [0.00045807175859084243, 0.0003299448371795559, 0.00019701595782314213, 0.9990149673464065], [0.004387352741057256, 0.0009638041649886669, 0.992903678200424, 0.0017451647935300177], [0.00045807742262736023, 0.00034042315526957824, 0.00017386837192742217, 0.9990276309501757], [0.004258448700969087, 0.0006135136904037651, 0.9943278974854763, 0.0008001400231507588], [0.0005434987932199961, 0.9981535853996907, 0.0006158719882200165, 0.0006870437188693527], [0.0005027226286837083, 0.9982894655138664, 0.0006556813602565753, 0.0005521303971932966], [0.0006357937717988358, 0.00038563806458378016, 0.00023758091610036604, 0.998740987147517], [0.0030229378033513354, 0.0004423701903954052, 0.9953873159982183, 0.0011473759080349163], [0.0005110285706537237, 0.00027784917598228966, 0.0001711749499485955, 0.9990399472034154], [0.00419195300537209, 0.0006428861772923234, 0.9942150791435453, 0.0009500815737902356], [0.000742881970759901, 0.998161601343112, 0.0006158770547852913, 0.0004796395313427392], [0.0007426807829670155, 0.9978914805864698, 0.0007783314638243995, 0.0005875070667387518], [0.9967846266416671, 0.0014525294525126356, 0.0008538918912111736, 0.0009089519146091194], [0.9968865297641601, 0.0014301540794658713, 0.0008810867885317988, 0.0008022292678422099], [0.9966696109103956, 0.001498465573408319, 0.0008020653786692539, 0.0010298580375267463], [0.9970132611216362, 0.0013863330105952348, 0.0008812002984461642, 0.0007192054693224087], [0.9970712546993209, 0.0015957488029084493, 0.0006249002691152259, 0.0007080961286554031], [0.9964360540008549, 0.0020159379277284377, 0.0008403622070499075, 0.0007076457643667855]], "ideal": "D", "sampled": "D", "correct": true}}
{"type": "result", "data": {"idx": 9, "options": ["the president of the United States.", "the secretary of defense.", "the chairman of the Joint Chiefs of Staff.", "Congress."], "probs": [[0.0009104264395736845, 0.0005107077603432256, 0.0001765043027709285, 0.9984023613973122], [0.007303812192303738, 0.003292106587388229, 0.9869955373265683, 0.002408543793739765], [0.0008288804608653343, 0.0006256774160856882, 0.00023018574230768236, 0.9983152562807412], [0.007184533090468289, 0.0039677040791844306, 0.9861630965373736, 0.0026846661929737386], [0.002629355350765414, 0.9964954469758439, 0.0006148557426360219, 0.0002603418307546934], [0.0021132343492548783, 0.996725664834153, 0.0006968843257332545, 0.00046421639085877714], [0.0002920145575670935, 0.971094409908801, 0.00019150906496496404, 0.028422066368666937], [0.002033199948442946, 0.4060540927751458, 0.590807278350618, 0.0011054288257933156], [0.0007288309632038768, 0.0003781152093268654, 0.9946989500084662, 0.004194103719002985], [0.000950103981303365, 0.0005165665412493631, 0.9942082246716359, 0.004325104705811364], [0.0002772046779541844, 0.9967509726736368, 0.002549137510386596, 0.0004226850380224711], [0.00022603565204776143, 0.9958168096648357, 0.00019333972553592352, 0.003763814857580658], [0.00020270836280685437, 0.9962651101558146, 0.00020914358426807656, 0.0033230377971103587], [0.0007091849370816817, 0.8812667326989589, 0.11741748663655344, 0.0006065956274059068], [0.0007521725140455349, 0.00039636950289165663, 0.9949714845652124, 0.0038799733178503924], [0.0009225723702155737, 0.0005256695900421909, 0.9960439570629621, 0.002507800876780092], [0.0002408699405821335, 0.9968761373241373, 0.0025099278849562414, 0.0003730647503243753], [0.00014416767421619056, 0.9992173449630866, 0.00015833773282925603, 0.0004801495298679343], [0.9649116148811988, 0.031505669588419785, 0.0022823290778239136, 0.0013003863525574537], [0.9474934558769765, 0.047916081200440004, 0.002703308593263644, 0.0018871542293197798], [0.9351311699582556, 0.004984416732373389, 0.057044389142453335, 0.0028400240669176815], [0.6483057459905325, 0.0033492706033709067, 0.0013322676022542626, 0.34701271570384234], [0.15621062501703373, 0.006971560810721352, 0.8313884010629063, 0.005429413009338554], [0.5935077960060171, 0.0032639261995903953, 0.0016412291768626095, 0.40158704851752985]], "ideal": "D", "sampled": "D", "correct": true}}
{"type": "result", "data": {"idx": 10, "options": ["The US ignored the Third World", "Local developments were viewed through a geopolitical lens", "The US unreservedly supported decolonization", "None of the above"], "probs": [[0.009785678969253859, 0.8275231358579141, 0.011989962786396222, 0.1507012222864358], [0.006367820560541762, 0.959965981296741, 0.025985122728713287, 0.007681075314003859], [0.03144408331042347, 0.027750022189710215, 0.651648449615632, 0.28915744478423433], [0.0049126622850331845, 0.004912824800821304, 0.009035932767447344, 0.9811385800466982], [0.04029664349039002, 0.05094107453630296, 0.8482696124377858, 0.060492669435521285], [0.0016681829395199424, 0.0019503798366028607, 0.0017482852919699227, 0.9946331518319073], [0.6172590505187316, 0.013012818586696282, 0.006857273911642954, 0.36287085688292914], [0.9192066436757833, 0.006291336023666185, 0.07199958624898312, 0.002502433951567336], [0.5152973546558641, 0.020939618405485975, 0.009006080241921562, 0.45475694659672833], [0.9007415661529109, 0.006665915635067364, 0.08918802331292927, 0.003404494799092424], [0.9771507159624271, 0.018465722685139723, 0.0027446705965137774, 0.001638890655919354], [0.9827789324598167, 0.014018931022669559, 0.0020514161235455977, 0.001150720293968108], [0.05941846611987628, 0.050036606185403246, 0.7239006921580317, 0.16664423543668877], [0.009602801613963824, 0.011403948690799063, 0.014642813777351882, 0.9643504358178853], [0.00305363082275859, 0.9299170742012808, 0.004729638528546129, 0.062299656347414495], [0.0023388425705805614, 0.9888532119018377, 0.004438411623391718, 0.004369533804189981], [0.004345222402889527, 0.0086416937887653, 0.003659119079918464, 0.9833539646284267], [0.03344764006924393, 0.035605998645563526, 0.9040703284245424, 0.026876032760650207], [0.05762547433310695, 0.07876716289289722, 0.7357578626216534, 0.12784950005234244], [0.0014751429153684232, 0.0010625395869816073, 0.000814670602693606, 0.9966476467949563], [0.005409041791550755, 0.9835903474110796, 0.005757978551889899, 0.0052426321454796775], [0.004707730474322118, 0.9853228755479135, 0.004634823754890409, 0.005334570122873969], [0.0015934385948540755, 0.0016962602182665311, 0.0010450266069723833, 0.995665274479907], [0.036716328330786877, 0.0595987436384811, 0.7974413097823049, 0.10624361814842714]], "ideal": "B", "sampled": "B", "correct": true}}
{"type": "result", "data": {"idx": 11, "options": ["It was the first time the US became involved in the Balkans", "It was the first time NATO used military force", "It was the first war won by airpower alone", "It was the first war to employ 'smart weapons'"], "probs": [[0.019191588235570798, 0.9247181845238603, 0.010765653603828258, 0.0453245735367406], [0.026451551022301324, 0.9037768489500905, 0.012891656987165536, 0.05687994294044269], [0.03151674204614585, 0.007968829034874999, 0.89274251701531, 0.0677719118036691], [0.009671240353866262, 0.0019958150543797504, 0.001817194964329075, 0.9865157495274249], [0.046349612596361035, 0.013701150626286837, 0.8215906879360468, 0.11835854874130525], [0.007100573485865064, 0.0014653201446447636, 0.0014425855106951625, 0.989991520758795], [0.6410405706834567, 0.04034556120616818, 0.08278352858919047, 0.23583033942118473], [0.6462426774784854, 0.02884142177492614, 0.1397615649566302, 0.1851543356899583], [0.70157065040472, 0.04485060396059227, 0.07055980317186146, 0.18301894236282626], [0.6417608380003909, 0.027329944580480794, 0.032455046331152405, 0.29845417098797594], [0.6828228488933261, 0.049464317013753104, 0.10804006113670928, 0.15967277285621145], [0.6583182043362446, 0.03489018885356226, 0.02803502530977973, 0.2787565814004135], [0.03987161547407741, 0.022019563626709475, 0.8262854855681987, 0.11182333523101445], [0.007419796194139221, 0.0032925778065309506, 0.0021593086419330406, 0.9871283172573968], [0.015541061853754038, 0.917472959535259, 0.011020383593872125, 0.0559655949171148], [0.015212783114257535, 0.8841709108593055, 0.010293602019238967, 0.09032270390719795], [0.005792584916045536, 0.0022684634437318434, 0.0024147351092047484, 0.9895242164310178], [0.03780977138833977, 0.011897639392983234, 0.7360836896692412, 0.21420889944943575], [0.06581321578678594, 0.04740422750028055, 0.7187212945863554, 0.16806126202657817], [0.0074099732054193875, 0.0047101683677953764, 0.0020577014903759676, 0.9858221568364093], [0.037647606621536184, 0.8176288969427299, 0.025079117343858613, 0.11964437899187531], [0.024727479153315295, 0.8061778729371132, 0.015234376846569975, 0.1538602709630016], [0.005278084868994456, 0.0021661715067204505, 0.002305848018525851, 0.9902498955057593], [0.030510050532087853, 0.009751805493869394, 0.7868857102017797, 0.17285243367226305]], "ideal": "C", "sampled": "B", "correct": false}}
{"type": "result", "data": {"idx": 12, "options": ["The character of a state's leader", "The distribution of power in the international system", "The distribution of power within a state's governmental system", "A state's political ideology"], "probs": [[0.0017909949666524544, 0.9875971475686265, 0.0013732078338449744, 0.009238649530876055], [0.0016379349449203895, 0.9919664889959389, 0.001024996282858126, 0.0053705796762826335], [0.007555366218583161, 0.03493575624539918, 0.9442488207229488, 0.013260056713068858], [0.0008413245542376397, 0.0012828723524042004, 0.0002818096407167232, 0.9975939933526414], [0.007225120730112371, 0.0025362665148309814, 0.9612127308782745, 0.029025881776782166], [0.000666071782211762, 0.0005436346916252539, 0.000403994470742934, 0.9983862989554201], [0.9834336144458807, 0.0031793644050382708, 0.002290009777542876, 0.011097011271538068], [0.9828862982940799, 0.0027179399562588832, 0.0012250718548850255, 0.013170689794776107], [0.9830717150458588, 0.003774194865320356, 0.001345732209079035, 0.011808357779741882], [0.9874505234702645, 0.003398235802471098, 0.0012501417039578403, 0.007901098923306576], [0.976317103620024, 0.002536203312865875, 0.0011980181110279257, 0.019948674856082132], [0.9840414794248197, 0.002851724409999531, 0.0016504517113759903, 0.011456344353804802], [0.010604874476774755, 0.005009413812959067, 0.9696623311726763, 0.01472338043758981], [0.0009995802284756886, 0.0006870039549546451, 0.00023742234750617172, 0.9980759933690635], [0.008551853780276448, 0.9731394597432407, 0.005268669373622743, 0.013040017002860067], [0.006028018826647223, 0.982570756780853, 0.004015542523367419, 0.007385681769132268], [0.00084198083882539, 0.000569715074435093, 0.00021623965126698643, 0.9983720643354725], [0.012003757933799472, 0.003493309004379775, 0.9686005665482902, 0.015902366413530582], [0.006434684605180324, 0.0017591530884178523, 0.9700379350346118, 0.02176822717178999], [0.0006766228927924165, 0.0004723614575383546, 0.00037366797527998166, 0.9984773475743892], [0.0012374136425329916, 0.9927971599007271, 0.0009942926935590701, 0.004971133663180777], [0.0014232983682025367, 0.99213086647931, 0.0010743655631407878, 0.005371469489346645], [0.0006457096890876105, 0.0005353144946964718, 0.0002302358477730583, 0.9985887398684429], [0.005642996421324011, 0.005469400679640435, 0.9791374047225913, 0.009750198076444295]], "ideal": "B", "sampled": "B", "correct": true}}
{"type": "result", "data": {"idx": 13, "options": ["Leaders have incentives to lie", "If leaders revealed their programs, they would be more likely to be attacked", "Leaders will not always grant foreign monitors access to their nuclear programs", "ALL of the above"], "probs": [[0.001345290811916323, 0.00027762010191045264, 0.00013321358804570116, 0.9982438753981275], [0.09377065522697117, 0.005631633701736077, 0.8897425742753784, 0.010855136695914366], [0.0023952439758526544, 0.00039717672604433653, 0.00020931347331419533, 0.9969982657247888], [0.09785810775008946, 0.009246179755583015, 0.8860246463964153, 0.006871065997912205], [0.01834588900123088, 0.9558237349840668, 0.007768560792427204, 0.018061815122275046], [0.026599241616146508, 0.9524656604206703, 0.008370257975592571, 0.012564839887590688], [0.0009107119487508947, 0.00024897766799769833, 0.0001139969837288509, 0.9987263132995226], [0.050368862954354256, 0.006403994594233982, 0.9357402613855978, 0.007486880965813922], [0.0010479522995365598, 0.0003002469505298211, 0.000182122626499047, 0.9984696780234346], [0.037245287446903245, 0.011720379485869918, 0.9024557218229657, 0.04857861114426104], [0.00881960918959773, 0.9727702570919394, 0.008416071806239243, 0.00999406181222359], [0.007878349847886506, 0.896542209880828, 0.005415039142337371, 0.09016440102894806], [0.0017538378822444618, 0.00031445022606416503, 0.00012124248872722845, 0.9978104693029641], [0.0725372353536533, 0.010450748503640445, 0.9118386691894473, 0.00517334685325894], [0.001925814384358855, 0.00029533926805743073, 0.00016830008996763425, 0.997610546157616], [0.0452581852567148, 0.007623202380312402, 0.8950251044058298, 0.05209350785714292], [0.02520979700374211, 0.9609451087145897, 0.0075697403634741684, 0.006275353818194057], [0.015820250819667, 0.96363985087758, 0.0031644429026855703, 0.01737545530006739], [0.8161484678737636, 0.08875774581908163, 0.009067341504636962, 0.08602644470251776], [0.8150744019542551, 0.1372900884494629, 0.012377056536386526, 0.035258452959895464], [0.7929516374797042, 0.04913579262945591, 0.04544237594267508, 0.1124701938481648], [0.1808605507935914, 0.027737753708409463, 0.005724017092737882, 0.7856776783052613], [0.7967532991082427, 0.11301510203267143, 0.056825705713694614, 0.03340589304539129], [0.25033148724351595, 0.14264578890027954, 0.006466419333011419, 0.6005563044231931]], "ideal": "D", "sampled": "D", "correct": true}}
{"type": "result", "data": {"idx": 14, "options": ["the Senate.", "the president.", "the Secretary of State.", "the chairman of the Joint Chiefs."], "probs": [[0.0008769282519413851, 0.9922011265517193, 0.005542354530261845, 0.0013795905660774796], [0.0007732511979658814, 0.9760175384031362, 0.0006116951557332976, 0.022597515143164607], [0.004960394720332034, 0.0023431592898385096, 0.9906607185260379, 0.0020357273637915813], [0.000924247751933406, 0.0010805740825882242, 0.00015325702624503266, 0.9978419210392333], [0.002244722197777226, 0.0002723207992805056, 0.9946006978084055, 0.002882259094536735], [0.001416421292580412, 0.0002539551613791837, 0.17980672788034754, 0.8185228955656928], [0.620138231920433, 0.014584333729487243, 0.3371655962653051, 0.028111837984774617], [0.274229635692529, 0.01030598189458903, 0.004164017571382461, 0.7113003647414995], [0.765553182030306, 0.20285241454936395, 0.013590321044682822, 0.01800408227564719], [0.7510763322063142, 0.18120662663696666, 0.007961705237258835, 0.059755335819460256], [0.5278924084899967, 0.006050570376331693, 0.0284180546822654, 0.4376389663514062], [0.2838907632098479, 0.005039715371885246, 0.6917505489075492, 0.019318972410717675], [0.005899484784545387, 0.0003830875232702795, 0.9921542302349625, 0.0015631973572218351], [0.003427403134582816, 0.0004289967290942223, 0.00021571256175015395, 0.9959278874745728], [0.006995259007531851, 0.9906546033115161, 0.0012940131716743849, 0.0010561244092776203], [0.00803418025717909, 0.9885240017884733, 0.0011756775697880726, 0.0022661402845594943], [0.002755419763808682, 0.0003729113572853775, 0.0004292157673651783, 0.9964424530115408], [0.01277564885084044, 0.0007793302377603403, 0.9836821076424519, 0.00276291316894729], [0.001384341265587429, 0.00029474784781971443, 0.9956105288153876, 0.0027103819712052087], [0.0003002906363305395, 0.00013748550153227121, 0.0009543194040423718, 0.9986079043580948], [0.0003395235587476629, 0.9964188295045621, 0.00048634514470780244, 0.0027553016919824582], [0.00031927859233891933, 0.9974345190374351, 0.0012627665290103403, 0.0009834357412156455], [0.00044300687421633964, 0.002549359158375271, 0.00018758206349423086, 0.9968200518039142], [0.0029702755254191774, 0.00200980921281547, 0.9934300555204515, 0.0015898596413138836]], "ideal": "B", "sampled": "B", "correct": true}}
{"type": "result", "data": {"idx": 15, "options": ["Required the United States and Russia to demobilize their armies", "Required the United States and Russia to dismantle a significant number of their nuclear weapons", "Prohibited the acquisition of new military bases", "Prohibited short-range nuclear weapons"], "probs": [[0.002270874808921837, 0.990590754992931, 0.00210023579066665, 0.0050381343074805155], [0.0021956552409836284, 0.988180892517844, 0.002195673401770855, 0.007427778739401503], [0.0503026451977944, 0.018218734047182966, 0.8916860554103723, 0.03979256524465039], [0.004246750411616666, 0.0025758252696240994, 0.0016119019848500472, 0.9915655222339091], [0.014025458900075113, 0.0038947700577805842, 0.9680543520889447, 0.01402541885319956], [0.006155201757727106, 0.0029998526726163766, 0.0030950615474880216, 0.9877498839221684], [0.9876809508270837, 0.0030468878626058495, 0.0018480280025125848, 0.007424133207797857], [0.9864963116369043, 0.0031398298622202867, 0.002091574338697777, 0.008272284062177657], [0.9883122740005623, 0.0029092206093575706, 0.0019079121400837843, 0.006870593149996274], [0.9887022867528146, 0.0027770888697910704, 0.002063755622656229, 0.006456868654738112], [0.9892346785764589, 0.002693095711339179, 0.002097383272286905, 0.005974842339915076], [0.9880707720973018, 0.0031448420626015348, 0.0022300262621698518, 0.006554359477926827], [0.06248069181528586, 0.022278497528083644, 0.8761414362423803, 0.03909937431425022], [0.00561134999706724, 0.0029570237564587906, 0.0024514448462215096, 0.9889801813002524], [0.009299343801685529, 0.9786838661242381, 0.004062645755802216, 0.00795414421827418], [0.008468200096880766, 0.9788031166873514, 0.004127129738997682, 0.008601553376770125], [0.016175865181713277, 0.007405943657241162, 0.006434379510401062, 0.9699838115506445], [0.038594278427973555, 0.0080898923544347, 0.935085212548459, 0.018230616569132767], [0.014601425660656326, 0.005288334705674905, 0.9616523643812741, 0.018457875152394623], [0.004515935665356108, 0.0024172412223519204, 0.002533233025199443, 0.9905335899870925], [0.0022042219218295473, 0.9920345615425603, 0.001445574696220445, 0.004315641739389705], [0.0020722388994630844, 0.9927830437701938, 0.0015642204621076747, 0.0035804967682354534], [0.004800649921128999, 0.004042603621708142, 0.0019702013043200405, 0.9891865450528428], [0.0356322217921826, 0.008596780444852238, 0.9334729622073111, 0.022298035455653998]], "ideal": "B", "sampled": "B", "correct": true}}
