{"type": "result", "data": {"idx": 0, "options": ["paralysis of the facial muscles.", "paralysis of the facial muscles and loss of taste.", "paralysis of the facial muscles, loss of taste and lacrimation.", "paralysis of the facial muscles, loss of taste, lacrimation and decreased salivation."], "probs": [[0.23392911348810305, 0.12522392717397104, 0.3004530190851035, 0.34039394015282237], [0.28846129370975393, 0.22468179980789102, 0.2885759134518933, 0.1982809929304617], [0.5242650352113194, 0.19291902501683372, 0.15026098040446126, 0.1325549592673856], [0.4134045941286616, 0.1723716872820139, 0.09226392357194917, 0.3219597949173753]], "ideal": "A", "sampled": "C", "correct": false}}
{"type": "result", "data": {"idx": 1, "options": ["a protruding mandible due to reactivation of the condylar cartilage by acromegaly.", "a recessive maxilla due to failure of elongation of the cranial base.", "an enlarged frontal bone due to hydrocephaly.", "defective development of the maxillary air sinus."], "probs": [[0.0712477436962329, 0.7660303939419991, 0.0712477436962329, 0.09147411856553501], [0.6196859663011623, 0.09504767789628359, 0.10769392124809504, 0.17757243445445894], [0.08316782985046059, 0.13709482753537297, 0.08315221343329829, 0.6965851290808681], [0.10999779230734841, 0.07560030019422927, 0.7173369900266156, 0.09706491737180678]], "ideal": "B", "sampled": "B", "correct": true}}
{"type": "result", "data": {"idx": 2, "options": ["Bladder", "Kidney", "Ureter", "Urethra"], "probs": [[0.9351542695625125, 0.03626814524766382, 0.00917002382600276, 0.019407561263820962], [0.009409913316653213, 0.022567770603206822, 0.008304221025600874, 0.9597180949545391], [0.010678651546196643, 0.008314880183346876, 0.9610694712176424, 0.0199369969528141], [0.010435461530440811, 0.939127343540126, 0.02208493923540373, 0.028352255594029492]], "ideal": "A", "sampled": "A", "correct": true}}
{"type": "result", "data": {"idx": 3, "options": ["Motor neurons", "Skeletal muscles", "Melanocytes", "Sweat glands"], "probs": [[0.07419698655788849, 0.29345479523907736, 0.08406600968500635, 0.5482822084180278], [0.17759657071270518, 0.20125843573148844, 0.4828326639919943, 0.13831232946381203], [0.1301219636466983, 0.6609556797408909, 0.061474842226967245, 0.14744751428544356], [0.5357969285724447, 0.09312116441282721, 0.1739732331435663, 0.19710867377116187]], "ideal": "C", "sampled": "D", "correct": false}}
{"type": "result", "data": {"idx": 4, "options": ["Afferent arteriole", "Glomerulus", "Loop of Henle", "Renal pelvis"], "probs": [[0.006526751938489711, 0.9683431524932309, 0.017737214866726185, 0.007392880601553214], [0.9634245175513464, 0.013743224830943966, 0.010705124077283981, 0.01212713344042567], [0.0065581874396427944, 0.009535591312459794, 0.010805241052578296, 0.9731009800953191], [0.00840383510515562, 0.00840204603444331, 0.9709731592638334, 0.01222095949656763]], "ideal": "B", "sampled": "B", "correct": true}}
{"type": "result", "data": {"idx": 5, "options": ["They will be unable to breathe without life support.", "They will only be able to breathe quietly.", "It is impossible to predict an effect on breathing.", "Breathing will be unaffected."], "probs": [[0.6206299703129411, 0.1569198229525684, 0.08400031172386427, 0.13844989491062626], [0.14759311798861036, 0.10142935282463705, 0.08951108434961, 0.6614664447371426], [0.17444241625489115, 0.06416674368062289, 0.5374499874609452, 0.22394085250354073], [0.08268058391594257, 0.7845900741692969, 0.03905769853340331, 0.09367164328135717]], "ideal": "B", "sampled": "A", "correct": false}}
{"type": "result", "data": {"idx": 6, "options": ["Epigastric", "Hypochondriac", "Hypogastric", "Lumbar"], "probs": [[0.6061787333696456, 0.153231271196572, 0.13526832451354348, 0.10532167082023898], [0.1911514088979587, 0.07966040759735114, 0.06205777777067793, 0.6671304056340123], [0.13698455383783403, 0.09411474106008254, 0.6137544374950157, 0.15514626750706775], [0.09923945366343878, 0.5710347890282848, 0.18538786469036167, 0.14433789251791485]], "ideal": "A", "sampled": "A", "correct": true}}
{"type": "result", "data": {"idx": 7, "options": ["Hair in the nose", "Mucous membranes", "Osteoblasts", "Saliva"], "probs": [[0.014693268574103769, 0.9089596291008838, 0.031099341699765526, 0.045247760525246934], [0.8247438619220251, 0.046528864732551724, 0.11161114891309229, 0.017116124332330864], [0.011757222781677285, 0.04101396346019001, 0.013316801451339177, 0.9339120122067935], [0.009428106791833682, 0.015539128297714007, 0.9613187271156723, 0.013714037694779973]], "ideal": "B", "sampled": "B", "correct": true}}
{"type": "result", "data": {"idx": 8, "options": ["six weeks post-fertilization.", "eight weeks post-fertilization.", "ten weeks post-fertilization.", "twelve weeks post-fertilization."], "probs": [[0.21634087931470272, 0.2778636937100644, 0.3148370823621513, 0.19095834451308152], [0.21265639140007575, 0.24107463602245927, 0.2731469138079077, 0.2731220586695573], [0.2263554137579679, 0.22641351338805416, 0.290694279523671, 0.256536793230307], [0.24098220770498863, 0.2731593156451499, 0.2731593156451499, 0.21269916090471155]], "ideal": "C", "sampled": "A", "correct": false}}
{"type": "result", "data": {"idx": 9, "options": ["bilateral contraction of antigravity limb muscles.", "bilateral contraction of limb musculature.", "contraction of ipsilateral limb musculature.", "contraction of contralateral limb musculature."], "probs": [[0.024398834419747415, 0.03131903079282341, 0.23146432008009357, 0.7128178146073356], [0.057011275203533336, 0.3716904139514268, 0.4773495686169298, 0.09394874212811004], [0.487671020149603, 0.2958127094614085, 0.05824897484742764, 0.15826729544156087], [0.5511370999399239, 0.05809540781720561, 0.09579363642780758, 0.29497385571506296]], "ideal": "D", "sampled": "D", "correct": true}}
{"type": "result", "data": {"idx": 10, "options": ["hard palate.", "hard palate and upper lip.", "hard palate, upper lip and upper central incisor.", "hard palate, upper lip, upper central incisor and lower first molar."], "probs": [[0.12979946062164943, 0.35288000454354046, 0.27482322788297464, 0.24249730685183546], [0.319063605121928, 0.2816405342261007, 0.248569525881331, 0.1507263346706403], [0.2625548086765228, 0.4329514244986894, 0.12404266749317786, 0.18045109923160993], [0.37477332908299965, 0.1770475234964397, 0.15627713732761708, 0.2919020099929435]], "ideal": "D", "sampled": "D", "correct": true}}
{"type": "result", "data": {"idx": 11, "options": ["Pupillary constriction and a medial strabismus", "Pupillary dilatation and a medial strabismus", "Pupillary constriction and a lateral strabismus", "Pupillary dilatation and a lateral strabismus"], "probs": [[0.30690025830549733, 0.3942255830863494, 0.08794490754340596, 0.2109292509647473], [0.3287086335408684, 0.29008434516647924, 0.15528909064568794, 0.22591793054696443], [0.3286619631019276, 0.4220847675714156, 0.07334733336493036, 0.17590593586172645], [0.3273051307625442, 0.32734333733898746, 0.12042288956876876, 0.22492864222969958]], "ideal": "D", "sampled": "D", "correct": true}}
{"type": "result", "data": {"idx": 12, "options": ["It has an articular disc of hyaline cartilage", "Its articular surfaces are covered by hyaline cartilage", "Proprioceptive information is carried by the chorda tympani and deep temporal nerves", "Proprioceptive information is carried by the masseteric and auriculotemporal nerves."], "probs": [[0.21705742697970676, 0.13169025784798663, 0.45964414802168213, 0.19160816705062447], [0.21386594215477486, 0.16662940877885501, 0.16655895608663787, 0.45294569287973224], [0.2349725610906524, 0.11106242735178816, 0.3875401231063765, 0.26642488835118294], [0.22781616107605385, 0.37575581106130085, 0.13820342512233716, 0.25822460264030817]], "ideal": "D", "sampled": "A", "correct": false}}
{"type": "result", "data": {"idx": 13, "options": ["cricothyroid muscle is still functional but the interarytenoid muscles are fully active.", "cricothyroid muscle is still functional but the interarytenoids are weak.", "cricothyroid muscle is paralyzed but the interarytenoids are fully active.", "cricothyroid muscle is paralyzed but the interarytenoids are weak."], "probs": [[0.19309715976146383, 0.11711934825207716, 0.28099680830732315, 0.40878668357913583], [0.261721156162043, 0.1799051111784943, 0.29661335654233023, 0.2617603760171325], [0.34181130362525025, 0.1257453616027434, 0.26624039809422645, 0.26620293657777994], [0.23951404864988915, 0.14529726557309514, 0.30759434283850784, 0.30759434283850784]], "ideal": "B", "sampled": "C", "correct": false}}
{"type": "result", "data": {"idx": 14, "options": ["The mental symphysis closes at about 1 year postnatally", "The condylar growth cartilage ceases activity at puberty", "The ossification centre appears about 8 weeks I.U.L medial to Meckel's cartilage", "The functional matrix acting on the angle of the mandible is the lateral pterygoid muscle"], "probs": [[0.2610762494862146, 0.17949778374718098, 0.37992818291942343, 0.17949778374718098], [0.30350709410712556, 0.3036524996402073, 0.18414329264920246, 0.20869711350346462], [0.3435779758411096, 0.18396092675335007, 0.23621050659126508, 0.2362505907142752], [0.23765415659119848, 0.18515869034938218, 0.18512081159650234, 0.39206634136291696]], "ideal": "A", "sampled": "C", "correct": false}}
{"type": "result", "data": {"idx": 15, "options": ["Its efferent limb is carried in the optic nerve", "It is mediated by the inferior colliculi in the midbrain", "It is a consensual reflex", "Its afferent limb is carried in the oculomotor nerve"], "probs": [[0.31790400870446195, 0.36035115623999653, 0.10323028472067769, 0.21851455023486388], [0.5052640286994156, 0.1640800039580296, 0.14477970763249673, 0.18587625961005816], [0.24609912929458105, 0.24618545172136838, 0.1916832178639417, 0.3160322010201088], [0.26024169502760375, 0.20276283329971057, 0.33429942527942963, 0.20269604629325602]], "ideal": "C", "sampled": "B", "correct": false}}
{"type": "result", "data": {"idx": 16, "options": ["External and internal intercostal muscles", "External intercostal muscles and diaphragm", "Internal intercostal muscles and diaphragm", "External and internal intercostal muscles and diaphragm"], "probs": [[0.0839777784698174, 0.07409225817544376, 0.04493922618360097, 0.7969907370711379], [0.21502338668078763, 0.10157752187394867, 0.5159387068819449, 0.16746038446331885], [0.27599911749577266, 0.4550799138069991, 0.10154205495503262, 0.16737891364219562], [0.5962978930339907, 0.10362104607286264, 0.08071530993748305, 0.21936575085566354]], "ideal": "B", "sampled": "D", "correct": false}}
{"type": "result", "data": {"idx": 17, "options": ["Glans penis", "Prepuce", "Prostate", "Testes"], "probs": [[0.0040016974243563515, 0.007470372875684693, 0.009595990870034215, 0.9789319387299248], [0.005804275743820424, 0.010837281338719562, 0.9759080604438074, 0.007450382373652646], [0.009519998245144198, 0.970846346204036, 0.012221152033648253, 0.007412503417171613], [0.9697434264590605, 0.017761470994614465, 0.005090556711423571, 0.007404545734901469]], "ideal": "D", "sampled": "D", "correct": true}}
{"type": "result", "data": {"idx": 18, "options": ["Aorta", "Carotid arteries", "Inferior vena cava", "Pulmonary veins"], "probs": [[0.6094095819841667, 0.1360397513082138, 0.056688469953539336, 0.19786219665408009], [0.3817765797045196, 0.09652823414461809, 0.031332599107809125, 0.4903625869430532], [0.6528515839402629, 0.16505172908537522, 0.05357557182065179, 0.12852111505371017], [0.5324314236108498, 0.1525766104307186, 0.030029520389414956, 0.28496244546901656]], "ideal": "D", "sampled": "A", "correct": false}}
{"type": "result", "data": {"idx": 19, "options": ["Aorta", "Esophagus", "Trachea", "Pancreas"], "probs": [[0.007404555037784275, 0.007403792284506235, 0.9695233647300323, 0.01566828784767715], [0.00949920301466798, 0.9688118885266033, 0.009496745254496819, 0.01219216310423197], [0.9778127290951518, 0.009588618737634481, 0.00513205439813354, 0.007466597669080206], [0.007456793469539728, 0.009569102589795092, 0.006577420010895613, 0.9763966838297695]], "ideal": "C", "sampled": "C", "correct": true}}
{"type": "result", "data": {"idx": 20, "options": ["Between the left atrium and the left ventricle", "Between the right atrium and the right ventricle", "In the upper wall of the right atrium", "In the upper wall of the left ventricle"], "probs": [[0.03947939840993069, 0.027141657532769002, 0.8985469012120926, 0.03483204274520772], [0.02785668444010278, 0.92259863412285, 0.021693610909266713, 0.027851070427780414], [0.9153355835816063, 0.027651205295616856, 0.02152806305912841, 0.03548514796364842], [0.09109639579107248, 0.6731671840732281, 0.10321843853793994, 0.1325179814977595]], "ideal": "C", "sampled": "C", "correct": true}}
{"type": "result", "data": {"idx": 21, "options": ["deep to its superior border.", "superficial to its superior border.", "deep to its inferior border.", "superficial to its inferior border."], "probs": [[0.38187541550858867, 0.2625113451579049, 0.1240151693085069, 0.2315980699249995], [0.29881732453799204, 0.18126439636709005, 0.1813138980275216, 0.3386043809673963], [0.334815248879773, 0.23016704155439882, 0.13960336771418513, 0.295414341751643], [0.2674190739635297, 0.16217641772461042, 0.2674190739635297, 0.3029854342483302]], "ideal": "C", "sampled": "B", "correct": false}}
{"type": "result", "data": {"idx": 22, "options": ["left submental lymph node.", "left and right submental lymph nodes.", "left submandibular lymph node.", "left and right submandibular lymph nodes."], "probs": [[0.15487103854974796, 0.22533604017639033, 0.19887533180849798, 0.42091758936536366], [0.1770331657639983, 0.29187833390063894, 0.3748816139656452, 0.15620688626971752], [0.27307774393162393, 0.39732576616639337, 0.08866126438112872, 0.24093522542085402], [0.3545895656027152, 0.21514088441630544, 0.21518388916558412, 0.21508566071539525]], "ideal": "B", "sampled": "D", "correct": false}}
{"type": "result", "data": {"idx": 23, "options": ["mesoderm formation and occurs after neurulation.", "ectomesenchyme formation and occurs before neurulation.", "mesoderm formation and occurs before neurulation.", "ectomesenchyme formation and occurs after neurulation."], "probs": [[0.1818550093428358, 0.08589389983371684, 0.6349455164851503, 0.09730557423829705], [0.2810548883552665, 0.2189323338488207, 0.2189578893406464, 0.2810548883552665], [0.40264365353288445, 0.07928523633903804, 0.4027348188309462, 0.11533629119713129], [0.11417375333696662, 0.08890822396420126, 0.3984590112994161, 0.3984590112994161]], "ideal": "B", "sampled": "C", "correct": false}}
{"type": "result", "data": {"idx": 24, "options": ["is a secondary growth cartilage.", "influences the position of the viscerocranium.", "ceases activity at 7 years of age.", "can be reactivated in patients affected by acromegaly."], "probs": [[0.2235762343435685, 0.4734681264005617, 0.10563541318102837, 0.19732022597484145], [0.3908008576419431, 0.1629425858849872, 0.20924539550170873, 0.23701116087136095], [0.22346110306738726, 0.22350863777088256, 0.13554997538835353, 0.41748028367337664], [0.2253059580879186, 0.15486734536931043, 0.4209730875651128, 0.19885360887765813]], "ideal": "B", "sampled": "B", "correct": true}}
{"type": "result", "data": {"idx": 25, "options": ["Carbon dioxide", "Carbon monoxide", "Nitrogen", "Oxygen"], "probs": [[0.7588043751642937, 0.07059226131782133, 0.09062156012775106, 0.07998180329013392], [0.021605104780712595, 0.035599326452073324, 0.024468768789778914, 0.9183267998774352], [0.02560986692919783, 0.03724976152042625, 0.8478007078868773, 0.0893396635634986], [0.057608320521857055, 0.7952116104931007, 0.039581571399139204, 0.10759849748590301]], "ideal": "C", "sampled": "A", "correct": false}}
{"type": "result", "data": {"idx": 26, "options": ["Glomerulonephritis", "Interstitial nephritis", "Nephrolithiasis", "Polycystic kidney"], "probs": [[0.013616946265321266, 0.012016113508086462, 0.9545581214959599, 0.019808818630632417], [0.016992105829320328, 0.9277955828121998, 0.01925238457950909, 0.035959926678970834], [0.9622701768555235, 0.019971278941819767, 0.008325728385371243, 0.009432815717285452], [0.01072030976039141, 0.013757358252530341, 0.010716017294661428, 0.9648063145924168]], "ideal": "C", "sampled": "C", "correct": true}}
{"type": "result", "data": {"idx": 27, "options": ["facial artery crosses the mandible.", "facial artery crosses the maxilla.", "superficial temporal artery crosses the maxilla.", "superficial temporal artery crosses the orbital rim."], "probs": [[0.3827420656673212, 0.15957708179615337, 0.15957708179615337, 0.298103770640372], [0.35346195278167236, 0.21442103810738433, 0.2429501184235558, 0.18916689058738748], [0.4509072832177092, 0.14641564864816922, 0.12921134933712375, 0.2734657186969978], [0.44883409806820784, 0.16516486054743018, 0.1457574687120215, 0.24024357257234044]], "ideal": "A", "sampled": "D", "correct": false}}
{"type": "result", "data": {"idx": 28, "options": ["Appendix", "Gallbladder", "Spleen", "Urinary bladder"], "probs": [[0.029182709246875712, 0.06999168125173894, 0.8527265587307207, 0.0480990506706647], [0.049054085472475265, 0.869464682410664, 0.04328809613617364, 0.03819313588068715], [0.887306125376746, 0.0500611490582592, 0.02364721204960181, 0.03898551341539289], [0.03078358190229442, 0.03487078407671312, 0.03487621554986656, 0.8994694183711259]], "ideal": "C", "sampled": "C", "correct": true}}
{"type": "result", "data": {"idx": 29, "options": ["It is formed of autonomic nerve processes and is the only electrical connection between the atria and the ventricles.", "It is formed of Purkinje fibres and is the only electrical connection between the atria and the ventricles", "It is formed of autonomic nerve processes and forms one of several electrical connections between the atria and ventricles.", "It is formed of Purkinje fibres and forms one of several electrical connections between the atria and ventricles."], "probs": [[0.09295510759999323, 0.11933769407148971, 0.2526000308126915, 0.5351071674158255], [0.28500879452435623, 0.1525731706592986, 0.4699000330626424, 0.09251800165370275], [0.17235103247826355, 0.22135129568747486, 0.28415879604359034, 0.32213887569067123], [0.3341748614520977, 0.08446809396888251, 0.37866972744642696, 0.2026873170325928]], "ideal": "B", "sampled": "D", "correct": false}}
{"type": "result", "data": {"idx": 30, "options": ["Abduction", "Eversion", "Flexion", "Pronation"], "probs": [[0.033139924931334164, 0.03311994992282108, 0.854299747157324, 0.07944037788852067], [0.062078673361213366, 0.7558951827661395, 0.03320950467311075, 0.14881663909953632], [0.836402445746106, 0.06057936166926388, 0.025257165503744336, 0.07776102698088577], [0.04812377794404148, 0.06997187788986987, 0.02917095855494056, 0.8527333855111481]], "ideal": "C", "sampled": "C", "correct": true}}
{"type": "result", "data": {"idx": 31, "options": ["constriction of the laryngeal entrance.", "upward movement of the epiglottis.", "downward movement of the larynx.", "increase in respiratory rate."], "probs": [[0.15315784391640483, 0.7779573896903329, 0.038727212430587125, 0.03015755386267512], [0.8183794571103997, 0.046175770198914494, 0.024712918185693176, 0.11073185440499254], [0.03207870379209314, 0.019453064692295272, 0.3042711487259698, 0.6441970826896418], [0.013927563281589072, 0.19225204659518141, 0.7604191581013419, 0.03340123192188763]], "ideal": "A", "sampled": "B", "correct": false}}
{"type": "result", "data": {"idx": 32, "options": ["Gastroesophageal sphincter", "Duodenum", "Ileocecum", "Jejunum"], "probs": [[0.03712462445890961, 0.8449184811045263, 0.028912687034383624, 0.08904420730218046], [0.915899408646065, 0.03551327113889703, 0.013067779312481683, 0.0355195408025563], [0.0382098122726099, 0.043284697203655007, 0.049051253084822825, 0.8694542373389123], [0.01684652805546273, 0.027770012252254454, 0.919728028611329, 0.03565543098095385]], "ideal": "B", "sampled": "B", "correct": true}}
{"type": "result", "data": {"idx": 33, "options": ["Dorsal", "Erect", "Lateral", "Prone"], "probs": [[0.006586397635466727, 0.009574922205928238, 0.006581303301264013, 0.977257376757341], [0.01330189547385967, 0.008066181182602055, 0.9322277526281723, 0.04640417061536599], [0.021716136887661167, 0.9233281783456188, 0.01916306501366541, 0.03579261965305469], [0.9628866937172004, 0.012123535239402152, 0.007353886040212086, 0.017635884903185406]], "ideal": "B", "sampled": "D", "correct": false}}
{"type": "result", "data": {"idx": 34, "options": ["palatine processes.", "palatine and frontonasal processes.", "palatine, frontonasal and secondary nasal processes.", "palatine, frontonasal, secondary nasal processes and mandibular processes."], "probs": [[0.11985867321345621, 0.1743661780208194, 0.41831427671941157, 0.2874608719463128], [0.1534676379785308, 0.3681497220602582, 0.3249520014653695, 0.1534306383958415], [0.3126391768142866, 0.3542968928459637, 0.08958028255997355, 0.2434836476797761], [0.34851937443945374, 0.12823873374852443, 0.12823873374852443, 0.3950031579634974]], "ideal": "C", "sampled": "C", "correct": true}}
{"type": "result", "data": {"idx": 35, "options": ["connects the inner ear and nasopharynx.", "is derived from the second pharyngeal pouch.", "is opened by the action of levator veli palatini.", "is closed by the action of tensor veli palatini."], "probs": [[0.5673152038687825, 0.1625963549869675, 0.12663016834690963, 0.1434582726973403], [0.17977966617586238, 0.09624719060899072, 0.09622912294929499, 0.6277440201658518], [0.09498817578857656, 0.05762999941163884, 0.6195170351934473, 0.22786478950633732], [0.06632404773764174, 0.7132482527973275, 0.12392208723974783, 0.09650561212528291]], "ideal": "C", "sampled": "A", "correct": false}}
{"type": "result", "data": {"idx": 36, "options": ["Appendix", "Gallbladder", "Pancreas", "Spleen"], "probs": [[0.007414579163311838, 0.010783223780676145, 0.01078408991069828, 0.9710181070453138], [0.006571467590795779, 0.004516136283505228, 0.9750063648641936, 0.013906031161505437], [0.010461204499112304, 0.9415733646685308, 0.02843000875485799, 0.019535421977498926], [0.9646338648799618, 0.013763936922892283, 0.00945924950694533, 0.012142948590200523]], "ideal": "D", "sampled": "D", "correct": true}}
{"type": "result", "data": {"idx": 37, "options": ["Abdominal and pelvic", "Cranial and spinal", "Thoracic and abdominal", "Pericardial and pleural"], "probs": [[0.035770369387311096, 0.010248381954389402, 0.9224248565205743, 0.03155639203772524], [0.011875835226292734, 0.943414433640484, 0.025136383097220265, 0.019573347936002915], [0.9377892699811592, 0.024995412907814856, 0.022057365829316215, 0.01515795118170971], [0.013507555942436337, 0.02226713634729444, 0.017339558979520685, 0.9468857486307485]], "ideal": "C", "sampled": "C", "correct": true}}
{"type": "result", "data": {"idx": 38, "options": ["cartilage, smooth muscle and respiratory epithelium.", "cartilage and smooth muscle.", "cartilage and respiratory epithelium.", "smooth muscle and respiratory epithelium."], "probs": [[0.5028230397549202, 0.1850228850351656, 0.12717580415002896, 0.18497827095988525], [0.09148094193439221, 0.07124543295453956, 0.07123895094932428, 0.766034674061744], [0.16252665462249452, 0.14344898078570234, 0.5674400413577559, 0.12658432313404724], [0.24241466817815874, 0.5133010744535221, 0.1297828405965722, 0.11450141667174688]], "ideal": "D", "sampled": "A", "correct": false}}
{"type": "result", "data": {"idx": 39, "options": ["Gallbladder", "Kidney", "Liver", "Spleen"], "probs": [[0.010700059271745364, 0.01069920059231966, 0.9630386962948133, 0.015562043741121603], [0.015377182970213465, 0.9513091131483629, 0.019745655944329515, 0.013568047837094099], [0.9774857712744701, 0.00846064128225328, 0.006589153813903361, 0.0074644335293732106], [0.008415596856632328, 0.008412646426611825, 0.010802051433658314, 0.9723697051830975]], "ideal": "C", "sampled": "C", "correct": true}}
{"type": "result", "data": {"idx": 40, "options": ["Crohn's disease", "Esophageal varices", "Gastroesophageal reflux disease", "Pyloric stenosis"], "probs": [[0.009358994182432448, 0.013615498551806087, 0.9545799003873097, 0.02244560677845175], [0.01656423207388828, 0.9043764262499371, 0.021265781462139033, 0.057793560114035594], [0.9025402898843009, 0.039656667309352384, 0.012875261199643181, 0.044927781506703526], [0.010711034835003717, 0.015578922416827073, 0.009450983212827252, 0.964259059435342]], "ideal": "C", "sampled": "C", "correct": true}}
{"type": "result", "data": {"idx": 41, "options": ["trigeminal and glossopharyngeal nerves.", "facial and glossopharyngeal nerves.", "trigeminal and vagus nerves.", "facial and vagus nerves."], "probs": [[0.21162371106557043, 0.06870416215592001, 0.44800740166042863, 0.2716647250180809], [0.3160406946819885, 0.24617896971624972, 0.19168837366571428, 0.24609196183604753], [0.32538948671951984, 0.08227838136470009, 0.36874608575389684, 0.22358604606188318], [0.38251337405194336, 0.20478077230789868, 0.18071839211564092, 0.231987461424517]], "ideal": "C", "sampled": "C", "correct": true}}
{"type": "result", "data": {"idx": 42, "options": ["Calcaneus", "Femur", "Symphysis pubis", "Tibia"], "probs": [[0.06264270516442932, 0.5243051999189682, 0.13252409689827385, 0.2805279979183286], [0.5625862948945926, 0.26574694513672864, 0.046175948238763156, 0.12549081162991566], [0.016880088716106564, 0.04046558867218774, 0.021661765501503585, 0.9209925570102021], [0.08616844820616587, 0.03169147019341979, 0.7212944841049379, 0.16084559739547638]], "ideal": "B", "sampled": "B", "correct": true}}
{"type": "result", "data": {"idx": 43, "options": ["lower lip.", "lower lip and mandibular teeth.", "lower lip, mandibular teeth and labial gingivae of the anterior mandibular teeth.", "lower lip, mandibular teeth and labial gingivae of the anterior and buccal gingivae of the posterior mandibular teeth."], "probs": [[0.05229392922344282, 0.1106827089325165, 0.3409267600112204, 0.4960966017328203], [0.06471899585129558, 0.32863836700718396, 0.5419413214191652, 0.0647013156223553], [0.13984283146907175, 0.6268359795680238, 0.07485849110680219, 0.15846269775610217], [0.5792050361054095, 0.07840159534624004, 0.12927570937771268, 0.2131176590706377]], "ideal": "C", "sampled": "D", "correct": false}}
{"type": "result", "data": {"idx": 44, "options": ["internal laryngeal nerve which is the afferent limb of the cough reflex.", "external laryngeal nerve which is the afferent limb of the gag reflex.", "internal laryngeal nerve which is the afferent limb of the gag reflex.", "external laryngeal nerve which is the afferent limb of the cough reflex."], "probs": [[0.4124206777273258, 0.2208028667705131, 0.17194136463051127, 0.19483509077164982], [0.5417379059586905, 0.19932526051010327, 0.08308446282681774, 0.17585237060438846], [0.581877039719813, 0.11461385827228504, 0.11460128914310024, 0.1889078127648017], [0.3348450708914926, 0.23011314642265446, 0.13957067282810798, 0.29547110975774493]], "ideal": "A", "sampled": "C", "correct": false}}
{"type": "result", "data": {"idx": 45, "options": ["endochondral ossification and follow the somatic growth pattern.", "endochondral ossification and follow the neural growth pattern.", "intramembranous ossification and follow the somatic growth pattern.", "intramembranous ossification and follow the neural growth pattern."], "probs": [[0.1916998538913423, 0.24612364560331934, 0.24614747255900077, 0.3160290278463376], [0.25652663368242895, 0.22638395567156286, 0.22643852372059675, 0.2906508868254114], [0.20270918327846466, 0.20274725574814773, 0.2603326335536853, 0.33421092731970226], [0.2490308656750696, 0.2197433328332304, 0.28222400788298313, 0.24900179350871687]], "ideal": "C", "sampled": "B", "correct": false}}
{"type": "result", "data": {"idx": 46, "options": ["Heel", "Lower leg", "Toes", "Thigh"], "probs": [[0.08985600686557577, 0.752355104254612, 0.04244110764467323, 0.11534778113513894], [0.8819923132518207, 0.043920585654776065, 0.03018303700171467, 0.04390406399168856], [0.01176698876098036, 0.03622492768211339, 0.01711674217500595, 0.9348913412819003], [0.03803677040634716, 0.06269489856378195, 0.8657128648765269, 0.033555466053344016]], "ideal": "B", "sampled": "B", "correct": true}}
{"type": "result", "data": {"idx": 47, "options": ["Lymphocyte", "Monocyte", "Erythrocyte", "Basophil"], "probs": [[0.048601133569824026, 0.00957291253673942, 0.8617261286171126, 0.08009982517632397], [0.06558427934592666, 0.7051796886171803, 0.027336593612766247, 0.20189943832412685], [0.9089690610253979, 0.03110019900887319, 0.014695242279176372, 0.045235497586552514], [0.022304239843365017, 0.017360448237321666, 0.011934906763142858, 0.9484004050561704]], "ideal": "C", "sampled": "C", "correct": true}}
{"type": "result", "data": {"idx": 48, "options": ["frontal and parietal bones.", "left and right parietal bones.", "parietal and occipital bones.", "parietal, squamous temporal and greater wing of the sphenoid."], "probs": [[0.47614322172134355, 0.09377811312731855, 0.17520058544911632, 0.2548780796022216], [0.23381467683841156, 0.11045628286813444, 0.4950307121757265, 0.1606983280177275], [0.2865691056604616, 0.28667696026035044, 0.2529409712475483, 0.17381296273163963], [0.32193025223827637, 0.41350396539224793, 0.09224893690656905, 0.17231684536290665]], "ideal": "A", "sampled": "D", "correct": false}}
{"type": "result", "data": {"idx": 49, "options": ["hyoid bone, cricoid cartilage, thyroid cartilage.", "thyroid cartilage, cricoid cartilage, hyoid bone.", "hyoid bone, thyroid cartilage, cricoid cartilage.", "thyroid cartilage, hyoid bone, cricoids cartilage."], "probs": [[0.44027034099870527, 0.1620030874150381, 0.2357423936450534, 0.16198417784120323], [0.4618583894421768, 0.16994435606355887, 0.21823833691312036, 0.14995891748114396], [0.4516699342472726, 0.14665087181944184, 0.18834607668745107, 0.21333311714583453], [0.38744562283090167, 0.2349976563964084, 0.23502343540488704, 0.14253328526780293]], "ideal": "C", "sampled": "B", "correct": false}}
{"type": "result", "data": {"idx": 50, "options": ["The supraorbital foramen", "The infraorbital foramen", "The mental foramen", "All of the above"], "probs": [[0.09736355320609849, 0.1818803088045011, 0.16052535055071201, 0.5602307873386884], [0.11985662994181738, 0.41842974300660635, 0.3259114342367227, 0.13580219271485358], [0.164709238954485, 0.5074191651178179, 0.08818376742774732, 0.2396878283999498], [0.4219310564922271, 0.1552439216187383, 0.09414554430008648, 0.32867947748894816]], "ideal": "D", "sampled": "D", "correct": true}}
{"type": "result", "data": {"idx": 51, "options": ["The phrenic nerves", "The splanchnic nerves", "The sympathetic trunks", "The vagus nerves"], "probs": [[0.12578414697952506, 0.09795385430948515, 0.05242415401335396, 0.7238378445976358], [0.18780974391354416, 0.11390322954871203, 0.5105198253413057, 0.18776720109643816], [0.21519107586337782, 0.4020583510916961, 0.21519107586337782, 0.16755949708154824], [0.6761124402001091, 0.15088611108969985, 0.05550462855752516, 0.11749682005266587]], "ideal": "D", "sampled": "D", "correct": true}}
{"type": "result", "data": {"idx": 52, "options": ["Left ventricle \u2192 aorta \u2192 arteries \u2192 veins \u2192 capillaries", "Left ventricle \u2192 aorta \u2192 arteries \u2192capillaries \u2192 veins", "Right ventricle \u2192 pulmonary trunk \u2192 arteries \u2192 capillaries \u2192veins", "Right ventricle \u2192 pulmonary trunk \u2192 arteries \u2192 veins \u2192 capillaries"], "probs": [[0.13829496295417779, 0.48294296136224363, 0.17757424445799105, 0.20118783112558752], [0.3898652050304509, 0.14342340291260175, 0.07679132085303009, 0.38992007110391724], [0.11957794693953464, 0.0822014603428624, 0.3251838756441108, 0.4730367169734922], [0.06105839932583341, 0.5794244745051581, 0.1464433306409008, 0.21307379542810767]], "ideal": "B", "sampled": "B", "correct": true}}
{"type": "result", "data": {"idx": 53, "options": ["caudal", "dorsal", "frontal", "transverse"], "probs": [[0.22783402454936644, 0.3314214471925718, 0.06526538227089446, 0.37547914588716724], [0.341030945117019, 0.05228897027777365, 0.11069575366177598, 0.4959843308434314], [0.05946823843219306, 0.0673667477866929, 0.052470046044294866, 0.8206949676368192], [0.23258707271555376, 0.08554794020911809, 0.38336650104513426, 0.2984984859301939]], "ideal": "B", "sampled": "B", "correct": true}}
{"type": "result", "data": {"idx": 54, "options": ["deep to masseter and enters the mouth opposite the upper second molar.", "superficial to masseter and enters the mouth opposite the upper second molar.", "deep to masseter and enters the mouth opposite the upper second premolar.", "superficial to masseter and enters the mouth opposite the upper second premolar."], "probs": [[0.3710442350900571, 0.1986429630904767, 0.17531985826467011, 0.2549929434547961], [0.41238286042653666, 0.22080099232384812, 0.17200141213621223, 0.19481473501340302], [0.4124234133953159, 0.22077321017084697, 0.1719883603286851, 0.19481501600515203], [0.34685512977760946, 0.27020033224207723, 0.14460868719328915, 0.23833585068702412]], "ideal": "B", "sampled": "C", "correct": false}}
{"type": "result", "data": {"idx": 55, "options": ["Inward", "Outward", "Upward", "Downward"], "probs": [[0.42884624159833223, 0.4860712009408449, 0.03989211484350737, 0.045190442517315486], [0.6952402824107551, 0.04445356651726666, 0.034613975549476664, 0.22569217542250156], [0.02121475976007049, 0.027226203722309234, 0.619845765636095, 0.33171327078152524], [0.021280104807883168, 0.7984618244037821, 0.12243825819291572, 0.05781981249541896]], "ideal": "D", "sampled": "A", "correct": false}}
{"type": "result", "data": {"idx": 56, "options": ["is a terminal branch of the maxillary division of the trigeminal nerve.", "is a terminal branch of the maxillary branch of the facial nerve.", "carries parasympathetic secretomotor neurons to the lacrimal gland.", "innervates the inferior part of the orbicularis oculi muscle."], "probs": [[0.24241734858102337, 0.11452027323799328, 0.1297684600091712, 0.5132939180718121], [0.16785525398522844, 0.11536511921059907, 0.13072580906126471, 0.5860538176429078], [0.18611155309819058, 0.3069002307130443, 0.39410584867451004, 0.11288236741425507], [0.364587540003616, 0.32184778818719334, 0.11840118515507514, 0.19516348655411556]], "ideal": "A", "sampled": "A", "correct": true}}
{"type": "result", "data": {"idx": 57, "options": ["Absorption", "Emulsion", "Peristalsis", "Regurgitation"], "probs": [[0.002165812051334373, 0.0031496085920044636, 0.989493004957037, 0.005191574299624157], [0.0027648778822642823, 0.9838728376416525, 0.007513061217536451, 0.005849223158546833], [0.9856538356848336, 0.006642897734869229, 0.004565592473075003, 0.003137674007222202], [0.0016906712109438819, 0.0027842896752167585, 0.004051117725222078, 0.9914739212886172]], "ideal": "C", "sampled": "C", "correct": true}}
{"type": "result", "data": {"idx": 58, "options": ["Dendrite", "Glial cell", "Nerve center", "Synapse"], "probs": [[0.004558566887205628, 0.005847347809831525, 0.005849061909003593, 0.9837450232939593], [0.00403598563396406, 0.0045699040278210186, 0.9868245298449942, 0.004569580393220645], [0.005832502634144619, 0.9805390265177306, 0.008483738661315554, 0.005144732086809152], [0.9839695704433354, 0.006630300954173403, 0.005851563893724878, 0.0035485646087662524]], "ideal": "D", "sampled": "D", "correct": true}}
{"type": "result", "data": {"idx": 59, "options": ["Masseter", "Temporalis", "Lateral pterygoid", "Medial pterygoid."], "probs": [[0.06781791996006371, 0.08699595311898191, 0.3440756848717724, 0.501110441949182], [0.13866971284780705, 0.483800219617109, 0.29347845771373027, 0.08405160972135368], [0.5741709534343334, 0.2711912125583511, 0.041588519229178035, 0.11304931467813738], [0.5795376831510294, 0.11409024765590828, 0.032683815438565626, 0.27368825365449667]], "ideal": "D", "sampled": "C", "correct": false}}
{"type": "result", "data": {"idx": 60, "options": ["Adrenal gland", "Gallbladder", "Liver", "Pancreas"], "probs": [[0.01205056979697541, 0.0154650090439525, 0.015467417444278254, 0.9570170036147938], [0.012045078135169343, 0.01752292150430556, 0.9567868976905894, 0.013645102569935673], [0.017276527555231447, 0.9432664445013017, 0.022184581344243476, 0.01727244649922339], [0.9745681917235528, 0.009556817856804576, 0.007443322827084055, 0.008431667492558552]], "ideal": "D", "sampled": "D", "correct": true}}
{"type": "result", "data": {"idx": 61, "options": ["loss of taste over the anterior two-thirds of the tongue.", "loss of somaesthetic sensation over the anterior two thirds of the tongue.", "loss of taste and somaesthetic sensation over the posterior third of the tongue.", "paralysis of the muscles of the tongue."], "probs": [[0.5759027299355809, 0.14564200474732514, 0.1650532844842352, 0.11340198073285877], [0.37421411829743995, 0.2915470643280525, 0.1072399781125829, 0.22699883916192465], [0.4296247734640558, 0.09587492292813009, 0.17914315122063101, 0.29535715228718307], [0.2133371639034947, 0.45173706541279035, 0.14667578218819174, 0.1882499883955232]], "ideal": "C", "sampled": "A", "correct": false}}
{"type": "result", "data": {"idx": 62, "options": ["a convergent strabismus.", "ptosis.", "pupillary contriction.", "bitemporal hemianopia."], "probs": [[0.22350979173504978, 0.4176547011048453, 0.10558876588539369, 0.25324674117471124], [0.4466882877098626, 0.12799238966626925, 0.23914916454622048, 0.18617015797764772], [0.13525362332902108, 0.10532334132817756, 0.07237219873526407, 0.6870508365075373], [0.21330452698022465, 0.11417369244172633, 0.3986013649036674, 0.2739204155743816]], "ideal": "B", "sampled": "B", "correct": true}}
{"type": "result", "data": {"idx": 63, "options": ["Inferior vena cava", "Left ventricle", "Pulmonary arteries", "Pulmonary veins"], "probs": [[0.0741058935668946, 0.021233507922415285, 0.7968539533092855, 0.10780664510140456], [0.021841447992861324, 0.9286674743048401, 0.024746783048013806, 0.024744294554284726], [0.9114041734948186, 0.0453852174557906, 0.018919373774992757, 0.024291235174397973], [0.13511301147905175, 0.06381741708457049, 0.02347711585392917, 0.7775924554824486]], "ideal": "C", "sampled": "C", "correct": true}}
{"type": "result", "data": {"idx": 64, "options": ["extend their neck against resistance.", "extend their neck without impairment.", "lift their shoulders against resistance.", "lift their shoulders without impairment."], "probs": [[0.1890171496234637, 0.11468018761143955, 0.4536219008353009, 0.2426807618297958], [0.19657512300097837, 0.47172591788411466, 0.13513866266953592, 0.19656029634537103], [0.3500056616612794, 0.12877160501342166, 0.30896875719570077, 0.21225397602959817], [0.19011928422515714, 0.40255353450554676, 0.2766707282485667, 0.13065645292072942]], "ideal": "C", "sampled": "C", "correct": true}}
{"type": "result", "data": {"idx": 65, "options": ["The muscles of mastication", "The muscles of mastication and anterior belly of digastric", "The muscles of mastication and anterior and posterior bellies of digastric", "The muscles of mastication, anterior and posterior bellies of digastric and geniohyoid"], "probs": [[0.159475306225285, 0.2048139395994138, 0.2980025289954283, 0.33770822507987286], [0.20365621147503385, 0.2036771923099927, 0.2963485717477089, 0.29631802436726457], [0.243616804456191, 0.27607908842187023, 0.312868893115228, 0.16743521390671076], [0.209080234149052, 0.23696343598380334, 0.209141045787878, 0.34481528397926664]], "ideal": "B", "sampled": "D", "correct": false}}
