{"type": "result", "data": {"idx": 0, "options": ["Planetary density will decrease.", "Planetary years will become longer.", "Planetary days will become shorter.", "Planetary gravity will become stronger."], "probs": [[0.03218293891405448, 0.031550105544580515, 0.8845360464960843, 0.05173090894526956], [0.05291871092717986, 0.14003614117503316, 0.06844702549701077, 0.7385981223007847], [0.053816626711899164, 0.7787342898948143, 0.11249298708930686, 0.0549560962039738], [0.0510317678831849, 0.7832818909020277, 0.07193560346585028, 0.09375073764893022], [0.06625036872133194, 0.08604948024295583, 0.15198626625443512, 0.6957138846812573], [0.03959426750983938, 0.03336378098521832, 0.837365184420967, 0.08967676698399611], [0.2689210162897977, 0.04562469263775729, 0.6093151635218989, 0.07613912745056352], [0.28040912626865705, 0.046973459721112616, 0.06461920708779399, 0.6079982068224247], [0.2798687529271793, 0.5916045668344085, 0.04001480236599875, 0.08851187777240437], [0.2829829100894153, 0.6055431426113606, 0.04016648072769346, 0.07130746647152632], [0.30678602524559645, 0.04657780261300358, 0.05947726879794463, 0.5871589032434474], [0.2498800753153548, 0.04129699830309677, 0.6428686550152257, 0.06595427126632257], [0.8422102468853195, 0.042517126389596475, 0.06285641002886824, 0.05241621659623546], [0.823280442879589, 0.04189596517653394, 0.05729237828215379, 0.0775312135617105], [0.8199092484966388, 0.10746148688998736, 0.025043645157340904, 0.047585619356054196], [0.8323194919253732, 0.10342302304676577, 0.02337999411707184, 0.040877490810768954], [0.83105510874776, 0.03973015994450262, 0.04898329672333622, 0.08023143448442313], [0.8459474580075916, 0.04166836516931622, 0.06644177243826012, 0.04594240428484528], [0.1015607380325542, 0.07704084867370564, 0.18771578573580558, 0.6336826274579405], [0.052088123600323326, 0.034925271154223766, 0.8158678369193595, 0.09711876822610285], [0.09026802813097032, 0.3093835600450549, 0.06990792314212456, 0.5304404885818403], [0.05556027069010809, 0.047530281128324, 0.8619958487892202, 0.03491359929235298], [0.06423829073053643, 0.7966164217773788, 0.04776034911211783, 0.09138493827995174], [0.07242519276564002, 0.8040943047332028, 0.0898344759029297, 0.0336460264982278]], "ideal": "C", "sampled": "C", "correct": true}}
{"type": "result", "data": {"idx": 1, "options": ["buildings will be built faster", "buildings will be made safer", "building designs will look nicer", "building materials will be cheaper"], "probs": [[0.08303507003210336, 0.8639580782029972, 0.023996345010454962, 0.029010506654430626], [0.0799272400366842, 0.8580830421004297, 0.03161195961649424, 0.030377758146399286], [0.04081550893545845, 0.009010126137049322, 0.9175639273541043, 0.03261043747336886], [0.05102498449120064, 0.011523401222596543, 0.03779325590604375, 0.8996583582801556], [0.03217598542925981, 0.013935105274992785, 0.9194021706328732, 0.03448673856285349], [0.04217912819716306, 0.0408681008456016, 0.024079011627446634, 0.8928737592297915], [0.8927135119605385, 0.07148149811610523, 0.0127212209403595, 0.02308376888301708], [0.8971541654466855, 0.06218090854597025, 0.01808341799350751, 0.022581507913856127], [0.9341675942407718, 0.02298072271289193, 0.01900262051480713, 0.023849062431526926], [0.932366099429647, 0.025701683121564987, 0.0172951207308665, 0.024637096617939416], [0.8575975736690158, 0.09212006765670681, 0.026152710866252697, 0.024129647708020674], [0.8573053406899566, 0.1000174303620986, 0.01437373817434407, 0.028303490673589376], [0.024029489597107132, 0.012737991839193458, 0.925611276554095, 0.037621241909620226], [0.01883650830732433, 0.013602476253364316, 0.037328324245471355, 0.9302326910938576], [0.04496126765485829, 0.8461424037234113, 0.0576222233183164, 0.0512741052034292], [0.046944739025892364, 0.8395883083642611, 0.05920497981386894, 0.05426197269597523], [0.017368292967063558, 0.014667732310957571, 0.042575830973481804, 0.9253881436484752], [0.022256968495689658, 0.012622148913629927, 0.9235884334510357, 0.04153244903964259], [0.033121633338470104, 0.014533638024707245, 0.9155626796950397, 0.03678204884176405], [0.038887989549943935, 0.04375393524874573, 0.02536180487471024, 0.8919962702266038], [0.0760003127391185, 0.803370036495788, 0.06967624993105644, 0.05095340073405578], [0.0999549391578812, 0.8107478428402027, 0.03565432380977307, 0.05364289409214357], [0.03927867906797056, 0.011214048208161161, 0.04326251527099956, 0.9062447573528483], [0.03920957718018348, 0.010570039832362712, 0.9108355958726684, 0.039384787014801255]], "ideal": "B", "sampled": "B", "correct": true}}
{"type": "result", "data": {"idx": 2, "options": ["Chemical energy is absorbed through the roots.", "Light energy is converted to chemical energy.", "Chlorophyll in the leaf captures light energy.", "Sunlight is converted into chlorophyll."], "probs": [[0.060709010404090255, 0.10475575647358608, 0.7859428026833439, 0.04859243033899029], [0.03444067873858535, 0.14098446491360428, 0.0430687311383697, 0.7815061251094333], [0.07076031367143515, 0.42978381663325316, 0.4573594464578043, 0.042096423137496515], [0.06186145590949215, 0.5830357344499296, 0.06110258784604055, 0.2940002216945401], [0.020657947975260587, 0.02255709911531242, 0.11906592759526458, 0.8377190252141546], [0.03046501313520767, 0.03318804156220759, 0.7995765236952672, 0.13677042150730695], [0.09383589161828676, 0.03787285028383416, 0.8205451997629492, 0.047746058234919696], [0.057915217163159685, 0.02404590644756319, 0.03634435463837824, 0.881694521650898], [0.25925260242122616, 0.6599791660544075, 0.039648017082677706, 0.04112021434170731], [0.2643419623250843, 0.6553110010682789, 0.06450291441831217, 0.015844122088312495], [0.06262329620332245, 0.03439064769774355, 0.02177811242786817, 0.8812079435710445], [0.1500923663339523, 0.057126813417838485, 0.7728677202234522, 0.01991309992474729], [0.1938793952162195, 0.038435585816953846, 0.7029344090779436, 0.06475060978887648], [0.37691926279174465, 0.04430531145759085, 0.044434814521172004, 0.5343406111294602], [0.8167996809460958, 0.125564444357722, 0.026302335849145684, 0.0313335387470465], [0.8276142608521909, 0.11775835553350428, 0.04011825335895637, 0.014509130155338248], [0.18963479249198031, 0.04071729874399685, 0.03024827728471219, 0.7393996313793043], [0.6492433297844934, 0.04507041850038931, 0.279368585838376, 0.02631766577672384], [0.0297540569402852, 0.016440238999904013, 0.16645980445267164, 0.7873458995071226], [0.04391103912974843, 0.025747186290771586, 0.7732653875038732, 0.15707638697559795], [0.049430631328428495, 0.03825066524897608, 0.022014253405595263, 0.8903044499170083], [0.11274411985787881, 0.06127537752930183, 0.8060484818983301, 0.019932020614494124], [0.05806765857472831, 0.12320191073355137, 0.033737739254104684, 0.7849926913376175], [0.12256214011148713, 0.2812240859010875, 0.569364471886125, 0.026849302001296708]], "ideal": "C", "sampled": "C", "correct": true}}
{"type": "result", "data": {"idx": 3, "options": ["the control", "the hypothesis statement", "the dependent (responding) variable", "the independent (manipulated) variable"], "probs": [[0.10847534093140859, 0.04969725814969684, 0.16374289642378356, 0.6780845043950959], [0.06863845112537985, 0.04753378324741297, 0.729297669730261, 0.1545300957969446], [0.0951098689697968, 0.42927998816942897, 0.033699448023117855, 0.44191069473765443], [0.08336666943965133, 0.40226097524972987, 0.473254264313233, 0.041118090897394016], [0.057386618335621704, 0.8467623634042735, 0.021256140014088543, 0.07459487814600425], [0.05253930183574606, 0.8796441018941772, 0.041231052384027134, 0.026585543786053323], [0.08209068391232817, 0.10094525601780747, 0.109865626947169, 0.707098433022688], [0.05984254070342216, 0.0977197392364229, 0.6172953467263419, 0.22514237323382028], [0.07296819909406499, 0.2188964915587683, 0.05627493850411654, 0.6518603707430564], [0.06958247652752118, 0.2104414001817775, 0.6459153281046751, 0.07406079508603984], [0.0552631271393461, 0.6577376175259256, 0.049282579955289424, 0.23771667527941798], [0.05149316787204795, 0.7767105101762352, 0.10261201857494387, 0.06918430327677298], [0.3777157153007278, 0.08262710145587282, 0.02471934765822113, 0.514937835485145], [0.26880637905035265, 0.08128077524814743, 0.6041009034355312, 0.04581194216595451], [0.4334773701321242, 0.037033071557910274, 0.04081764534765924, 0.48867191286228956], [0.2703062373358941, 0.042093268287727754, 0.6344598239012074, 0.05314067037514022], [0.16562163541996267, 0.7579764888672184, 0.040458205263293176, 0.03594367034952936], [0.1578779843726567, 0.7897914286102973, 0.020914352934260395, 0.03141623398278315], [0.6501724822023786, 0.07719346020010226, 0.020740913664508816, 0.251893143832994], [0.7540513715891354, 0.08856334942710484, 0.10651677182626225, 0.05086850705747876], [0.6601094698519374, 0.03670834984900823, 0.03734560123329149, 0.2658365789657694], [0.7208300913127369, 0.04214151677000963, 0.1551177017862514, 0.0819106900310188], [0.6153872558430313, 0.2815175669292957, 0.05380671840887648, 0.04928845871881257], [0.650878143029638, 0.2666550001062521, 0.024669354496883216, 0.05779750226722743]], "ideal": "D", "sampled": "D", "correct": true}}
{"type": "result", "data": {"idx": 4, "options": ["They have each lost kinetic energy.", "They have each gained the same amount of potential energy.", "They have each lost the same amount of potential energy.", "They have each gained one-half of their maximum kinetic energy."], "probs": [[0.11687293395686008, 0.31411261337823815, 0.4363210415104484, 0.13269341105443241], [0.11512203121048009, 0.4231369213153502, 0.1736394252783248, 0.2881016220958613], [0.13579777130133844, 0.34412293861785676, 0.3768689401376297, 0.1432103498431731], [0.07873219312651586, 0.2458644579676131, 0.10981838331255837, 0.5655849654933027], [0.10139150030291354, 0.12506193107387079, 0.43088300015385006, 0.34266356836936257], [0.1297444632301312, 0.15163780424181061, 0.3576236626259615, 0.36099406980209303], [0.15740602122346628, 0.12587237214359331, 0.5833658331804452, 0.13335577335250903], [0.20160827327948883, 0.16005199420855418, 0.17876495595106434, 0.45957477646089284], [0.18574119193462196, 0.5054057017561301, 0.13715615357935765, 0.17169695262989398], [0.18686345200820995, 0.47725090414719296, 0.1749928245891915, 0.16089281915541964], [0.201097146673667, 0.16345902578910834, 0.18044076607722315, 0.4550030613599979], [0.2135794934177645, 0.1578501678206517, 0.437242523605958, 0.1913278150556319], [0.20217598594362682, 0.11080078570865598, 0.5549546112802357, 0.13206861696749522], [0.2291297565240947, 0.1250557377455735, 0.1313379494001098, 0.5144765562302087], [0.40780255152711464, 0.26719828303038723, 0.14801860019981317, 0.17698056514266577], [0.37468456315765974, 0.25530019662773956, 0.19632996547544249, 0.17368527463915534], [0.22353106113860505, 0.1393222013533379, 0.16000198374765628, 0.47714475366039466], [0.17732379646678273, 0.11482451154600663, 0.5893345434956998, 0.11851714839153638], [0.10562470132829638, 0.1751029397142192, 0.40673998902868025, 0.3125323698287901], [0.10240047370536333, 0.18591811717167095, 0.3298254412982318, 0.3818559677247486], [0.14244488915374917, 0.2493230204267883, 0.22871346942638546, 0.3795186208930786], [0.14424581696750832, 0.2211294267768592, 0.3865590295106895, 0.24806572664494383], [0.11431552303906788, 0.22253046711024624, 0.22670083319225043, 0.4364531765584367], [0.12347531760498909, 0.196112792867672, 0.5044387766759048, 0.17597311275145794]], "ideal": "D", "sampled": "B", "correct": false}}
{"type": "result", "data": {"idx": 5, "options": ["a non-infectious, cell-cycle disease", "an infectious, cell-cycle disease", "a non-infectious, chronic disease", "an infectious, chronic disease"], "probs": [[0.1611078794884059, 0.32090171356704306, 0.12383781359914431, 0.39415259324541574], [0.1672168758629474, 0.384848935587995, 0.1589151056586076, 0.289019082790461], [0.1063477236197504, 0.04888810052262991, 0.2940543406390268, 0.5507098351185941], [0.097477565101497, 0.04599509817486059, 0.5342107019368714, 0.32231663468677235], [0.12323594475844628, 0.3381512700859546, 0.2845792966379584, 0.25403348841765455], [0.10601734498778685, 0.2832304343977039, 0.33970753437851453, 0.2710446861359972], [0.37961785622936084, 0.1324787832926903, 0.11242153136809568, 0.3754818290098315], [0.4437968343376143, 0.14715794330626597, 0.12010962748717445, 0.2889355947689516], [0.4197762563581569, 0.09845500379995656, 0.18237840341258696, 0.2993903363293029], [0.3966360272687838, 0.0778452648764611, 0.12401407375090219, 0.4015046340038705], [0.2773084720787284, 0.10183350275637852, 0.2661029912169029, 0.3547550338479919], [0.29841711220843187, 0.11305932466520849, 0.23273952391839386, 0.3557840391079731], [0.08566745145198036, 0.05487358905812918, 0.423166962710016, 0.43629199667988466], [0.051653031018752474, 0.030202084157573018, 0.5416804691979482, 0.3764644155256965], [0.08756904166774437, 0.17879487856174192, 0.31070268153930625, 0.42293339813122244], [0.10595429630894274, 0.2089406477578674, 0.3279769812277575, 0.3571280746054287], [0.06990497713126308, 0.3290146324388886, 0.10202585116673753, 0.4990545391631221], [0.08414096138325475, 0.5457202427034816, 0.11717190401980515, 0.2529668917934702], [0.3432690001225463, 0.07040379847469257, 0.1606134482990975, 0.42571375300366876], [0.35094511627591246, 0.09005544249157206, 0.24642351049455838, 0.3125759306379645], [0.3537073918562056, 0.0879737731600158, 0.1845254446625414, 0.37379339022121966], [0.34671135968205297, 0.0826061491652849, 0.23319145767726007, 0.33749103337537917], [0.38001013669344497, 0.09153668747293735, 0.11567364682299364, 0.4127795289106322], [0.47237277622022045, 0.11378070299811058, 0.10273477368171649, 0.3111117469999309]], "ideal": "B", "sampled": "D", "correct": false}}
{"type": "result", "data": {"idx": 6, "options": ["to repare for migration before winter", "to provide warmth during the cold winter months", "to store food that will be eaten over the winter months", "to protect the grasses and seeds from decay before winter"], "probs": [[0.03485990743184379, 0.0242100834202075, 0.8699276859988786, 0.07100232304908442], [0.04502097843957115, 0.03333613888047516, 0.7784940010909401, 0.14314888148900792], [0.09651624508171862, 0.7574372214666003, 0.05312812079487024, 0.09291841255679491], [0.07431200951401265, 0.2137946970334021, 0.6720068601045622, 0.03988643324800337], [0.06110031985264957, 0.7805641092605019, 0.04108327534578283, 0.1172522954410519], [0.04937969892498203, 0.15526875022438882, 0.7531820932718065, 0.042169457478819505], [0.021955981223180814, 0.01828467041288051, 0.8998124467945062, 0.05994690146943186], [0.026264165714582326, 0.02304568567628768, 0.8192576143468552, 0.13143253416226905], [0.08226466126012201, 0.64082461596025, 0.11739028635406658, 0.15952043632555765], [0.046618274023007576, 0.14234503754645367, 0.7315810971811545, 0.07945559114936784], [0.0580850276430553, 0.49726372567048555, 0.053538558667652905, 0.39111268791879955], [0.03650904124209256, 0.1471815952759506, 0.7535310082061226, 0.06277835517582829], [0.8843483804723524, 0.0610279788979835, 0.018948422273961433, 0.03567521825572223], [0.7942973726577953, 0.05644546183787631, 0.13059754603753368, 0.018659619366790735], [0.8925410666469682, 0.047573091895758694, 0.022803118547330078, 0.03708272280994804], [0.79426921411175, 0.05567147155983341, 0.10786323774587729, 0.042196076482546564], [0.8141042729883207, 0.14775014866536715, 0.023121849039767585, 0.015023729206526996], [0.8149283650756618, 0.14661395605693262, 0.015456821845145014, 0.02300085692228272], [0.789778353675146, 0.07037026880356441, 0.023980619214573215, 0.11587075820670537], [0.24372201300380736, 0.04390603172226397, 0.6837770516697713, 0.028594903504153397], [0.7421978623655946, 0.07801595079848285, 0.024903626419625374, 0.15488256031628286], [0.6254725534569842, 0.07286834860825821, 0.25723692174277907, 0.04442217609200218], [0.8047693709591901, 0.15534599111103875, 0.02283090324838154, 0.017053734581384677], [0.7377947982806706, 0.21845457214248262, 0.01667360958230017, 0.02707701989456136]], "ideal": "C", "sampled": "C", "correct": true}}
{"type": "result", "data": {"idx": 7, "options": ["There was once more water in the area.", "The area was once grassland.", "The climate in the area was once tropical.", "There are active faults in the area."], "probs": [[0.051551468436500776, 0.02167887193977327, 0.8846247146671464, 0.04214494485658255], [0.047256849631606944, 0.025059280252416386, 0.017848622311144723, 0.9098352477048413], [0.0811665652799946, 0.8140996915879652, 0.04334839074612832, 0.061385352285940234], [0.08011046627137422, 0.8139329433008148, 0.06507228783149521, 0.04088430249630516], [0.0514755158021487, 0.013053316191008557, 0.029566946840608843, 0.9059042210662228], [0.05667852749577748, 0.016386503923119425, 0.8904506210190297, 0.03648434746205734], [0.037132508109782095, 0.020717612185936863, 0.8978150193563641, 0.04433486024790089], [0.024120695526210992, 0.01914386149140724, 0.01809779510296158, 0.938637647779397], [0.042837156155302786, 0.7740004428379096, 0.11460778991033468, 0.06855461099646791], [0.04061093441152439, 0.8086468926357894, 0.06096039335875667, 0.08978177949392158], [0.0249157163619109, 0.009553178692751895, 0.0346181709236075, 0.9309129339217124], [0.03432514248746838, 0.013176593340713803, 0.886774097468941, 0.06572416660286844], [0.8974579517781743, 0.04882073508419477, 0.021458240878512776, 0.032263072159101], [0.9025223489781472, 0.0440968849772169, 0.029185148839087866, 0.024195617105554647], [0.883738936488018, 0.02134780676531479, 0.04889623218540673, 0.046017024461274696], [0.8720579428471047, 0.025248723246734682, 0.03466940832411414, 0.06802392548206368], [0.888176931394358, 0.0344383165521804, 0.04763340000701545, 0.02975135194643311], [0.8728440632575579, 0.04602201144539525, 0.021731483773497585, 0.059402441423526846], [0.01712746470600333, 0.02281679008231954, 0.035019101313651296, 0.9250366437980205], [0.03709024580558275, 0.017267661933501065, 0.9177382620581269, 0.027903830102769502], [0.015457885876029682, 0.012326823190352887, 0.03150257031044573, 0.9407127205231631], [0.026150677626173072, 0.017265902600916545, 0.9018074670794146, 0.054775952593474425], [0.03645937510587116, 0.8064733383561277, 0.10172559259682203, 0.055341693841185216], [0.03675161428079949, 0.8392963235149045, 0.03997827593732254, 0.08397378616697648]], "ideal": "C", "sampled": "C", "correct": true}}
{"type": "result", "data": {"idx": 8, "options": ["The chicken population would go down.", "Populations of mice and rats would increase.", "Another bird of prey would replace the hawk.", "The chickens would have a lower rate of disease."], "probs": [[0.27437611447951177, 0.17035483038719235, 0.41218877240388196, 0.14308028262942293], [0.328433518629274, 0.2054030543276246, 0.19778101441449852, 0.26838241252858674], [0.2389975374997752, 0.25885757118278674, 0.3658484479929559, 0.13629644322447854], [0.2983178090306723, 0.30907337874195817, 0.1673750897481143, 0.22523372237925499], [0.30252674663320855, 0.17435448459071512, 0.22841812724339952, 0.29470064143267355], [0.2416194563420738, 0.14706723889802467, 0.34487935141996834, 0.26643395323992597], [0.10331917522144637, 0.42655492760607844, 0.33802260842634874, 0.132103288646132], [0.10707872528661164, 0.47596986895178617, 0.18329405951318944, 0.23365734614841707], [0.08963792421962229, 0.10664616040719206, 0.6850472831713692, 0.1186686321018365], [0.089516153251385, 0.12070822842970273, 0.10619182481399916, 0.6835837934049062], [0.07699232474348855, 0.06770545010172846, 0.7268794870297794, 0.12842273802500873], [0.06907627265468237, 0.07723265700493977, 0.09606058509639519, 0.7576304851439699], [0.14290619189749215, 0.4581879289545819, 0.26153419172921666, 0.13737168731870328], [0.1526947363851767, 0.5271914817614626, 0.1734142354838741, 0.146699546269496], [0.14166318586738832, 0.12009757640791259, 0.627052471103999, 0.11118676652070374], [0.12004269048096679, 0.1266198495405459, 0.0982920941419729, 0.655045365736505], [0.13036097628522827, 0.07599375531511061, 0.6877499229218035, 0.1058953453778574], [0.11190981833430323, 0.09676733364852272, 0.13331184514978103, 0.658011002767399], [0.09644843342566031, 0.4688670536519188, 0.24673107875747463, 0.1879534340649547], [0.08637920642412446, 0.3963335087604054, 0.3699086046975605, 0.147378680017915], [0.07753883569605691, 0.07175288212065109, 0.734746003097754, 0.1159622789855296], [0.06934926932802492, 0.07693349611958958, 0.09647353961414401, 0.7572436948382208], [0.07550897803129898, 0.07718634078585868, 0.7466066540682127, 0.10069802701463859], [0.0712239559670432, 0.09272622028964375, 0.12427085308825407, 0.7117789705550667]], "ideal": "B", "sampled": "A", "correct": false}}
{"type": "result", "data": {"idx": 9, "options": ["the atom", "the electron", "the nucleus", "the proton"], "probs": [[0.8153573440408035, 0.0649060810082301, 0.0633642057944336, 0.0563723690565468], [0.8222249131255629, 0.06685933698744842, 0.04761725412841814, 0.06329849565858894], [0.7516139260125333, 0.08251800601402084, 0.09767381979411568, 0.06819424807933312], [0.7272311070218389, 0.08113272782388412, 0.050597433807475826, 0.14103873124678848], [0.7657033665787945, 0.0402424396101479, 0.1125266506110103, 0.08152754310006448], [0.7022985923976758, 0.040841458474363025, 0.09125716744872206, 0.1656027815792558], [0.06023855625643466, 0.8583561460048215, 0.04349836415402557, 0.03790693348470051], [0.06117939052740307, 0.8570198767657007, 0.03900134279780202, 0.04279938980907431], [0.04541095171328124, 0.02957951011703169, 0.8531619006796317, 0.07184763739004046], [0.05781666168171186, 0.030195723217275688, 0.031241945598557266, 0.8807456694024512], [0.043038320452414465, 0.017468705089699263, 0.8673146408796402, 0.07217833347827053], [0.059070877846978044, 0.01992999264725893, 0.045047472284748785, 0.8759516571210101], [0.03780666271557517, 0.8107034263288051, 0.09980892188072965, 0.0516809889748726], [0.0368105620194472, 0.73925005393511, 0.06039379627422693, 0.16354558767120247], [0.03754390566314617, 0.03413923431513859, 0.8677576811693957, 0.060559178752303995], [0.03856905909918646, 0.040896765433119014, 0.0458240061301465, 0.8747101692375366], [0.033311197082791136, 0.017263649856096693, 0.8104031617857852, 0.1390219911753131], [0.037828062191148884, 0.023118731820518372, 0.0865845676448333, 0.8524686382435077], [0.039474722437920995, 0.8146183674693321, 0.08638564041504986, 0.05952126957771091], [0.040870807035655564, 0.7564258942481501, 0.06665972204505423, 0.13604357657115895], [0.03738490476756788, 0.03274055653634725, 0.8531979613233633, 0.07667657727270201], [0.04093908083695525, 0.04845879585347917, 0.052922024415597, 0.8576800987939465], [0.03161850498328827, 0.032083572410865714, 0.7837491300810099, 0.15254879242482924], [0.0378985233753932, 0.04397658057126247, 0.07798828074152116, 0.8401366152118046]], "ideal": "A", "sampled": "A", "correct": true}}
{"type": "result", "data": {"idx": 10, "options": ["life processes", "size differences", "plasma membranes", "energy molecules"], "probs": [[0.10892965732587503, 0.3478342987206129, 0.47866492734872607, 0.06457111650476278], [0.1329728608436122, 0.4346458870061107, 0.07140716581377488, 0.3609740862365068], [0.08805698684854235, 0.24005182008089024, 0.6291632087116018, 0.042727984258970494], [0.15039751553660277, 0.4822934425184578, 0.06493214869426427, 0.3023768931506931], [0.0812574798825909, 0.04266052858262493, 0.6279036279524143, 0.2481783634823764], [0.10364207774324934, 0.05736093624240326, 0.5722883521612979, 0.2667086337530365], [0.5159987965761041, 0.05379512824388139, 0.3764076094327709, 0.05379846564725727], [0.6468819681028365, 0.0654415605435166, 0.06171980065759901, 0.225956670596053], [0.6226143843679406, 0.2965654240769285, 0.038097008164509664, 0.04272318329061562], [0.6002403437868663, 0.2673735313294641, 0.04266872010098671, 0.0897174046827052], [0.612791863390919, 0.047441255276388906, 0.09331522158128791, 0.24645165965137852], [0.4519551423552376, 0.043322967370789604, 0.4055548059707867, 0.09916708420320607], [0.4541961520008011, 0.028788967126947722, 0.4782251817517022, 0.038789699020555846], [0.6967192697361345, 0.045808040607741976, 0.047880083239222035, 0.20959260631692705], [0.5148663216877318, 0.40854085292366316, 0.03438694620118641, 0.042205879087400304], [0.3190741281612597, 0.5520276090484897, 0.042106838912650574, 0.08679142377761996], [0.645225906264963, 0.05544331857164583, 0.06218516811555329, 0.23714560694781886], [0.21473971191096727, 0.03322501257820739, 0.6642685273236459, 0.08776674808718743], [0.07129743545012915, 0.039964044896959997, 0.67887423338275, 0.20986428617015643], [0.09540358818294098, 0.058569721174283176, 0.5499001795549325, 0.29612651098782494], [0.13144696286652083, 0.4223760656192443, 0.07862563347564137, 0.36755133793858324], [0.10114844989239545, 0.3276185753935638, 0.4575245159510348, 0.11370845866302773], [0.1863354747948121, 0.4021226594644466, 0.07111710487454681, 0.3404247607661869], [0.08049517296153347, 0.1123781320746253, 0.7161086194382196, 0.09101807542561659]], "ideal": "B", "sampled": "B", "correct": true}}
{"type": "result", "data": {"idx": 11, "options": ["The Sun influences the formation of waves.", "The Sun creates water particles.", "The Sun's rays cause organisms to come to the surface.", "The Sun provides minerals."], "probs": [[0.7222539605820749, 0.07298133239009534, 0.09166610235983381, 0.11309860456798873], [0.7650368267515916, 0.06617576942806941, 0.038733965736306226, 0.13005343798404384], [0.6210890335345896, 0.22970955430725745, 0.056798301387395195, 0.09240311067077366], [0.6526212406617157, 0.21974941356004118, 0.06659324522094817, 0.06103610045731058], [0.7165673067726253, 0.12591372499152315, 0.034817493363923084, 0.1227014747719496], [0.6449972179501866, 0.11326661335183522, 0.18226652418790865, 0.05946964441008243], [0.04896522974105836, 0.5425686002953187, 0.2573038364741657, 0.1511623333894873], [0.06192853364961332, 0.5915025651169209, 0.07512706668897244, 0.27144183444449216], [0.021187434012961803, 0.037386783767004966, 0.8575956316917199, 0.08383015042828677], [0.016182308347291546, 0.02296269304163214, 0.03162701459046447, 0.9292279839206207], [0.020049410902370883, 0.028608873096855926, 0.8127088765115146, 0.13863283938925164], [0.013726242736287015, 0.016897881179796934, 0.036796036601621174, 0.9325798393822944], [0.12699783974819298, 0.6809592395430041, 0.08140492301039792, 0.11063799759841939], [0.12565824549905885, 0.6762142667749177, 0.09756388354576476, 0.10056360408024481], [0.05728382450791328, 0.045382051510441834, 0.8012434666054218, 0.09609065727621775], [0.03667649408807213, 0.026938019016389782, 0.030070346808993245, 0.9063151399865225], [0.03544337363178542, 0.04021408339063614, 0.8685887178021654, 0.05575382507539399], [0.030141795150350828, 0.02947038294754587, 0.03274627376627327, 0.907641548035844], [0.06020599132038542, 0.7779451450236496, 0.052829406976454225, 0.109019456579528], [0.0480103753581465, 0.7173173801157321, 0.1577879245324968, 0.07688431989361208], [0.021009911309462368, 0.029043207346291924, 0.8495552942775405, 0.10039158696671832], [0.01529215193999842, 0.018678970781418128, 0.03266373185351902, 0.9333651453250672], [0.02458893747344978, 0.048656859732711284, 0.8731652245673978, 0.053588978126427655], [0.020626010374183296, 0.05687301418514801, 0.039769768024783055, 0.8827312073158853]], "ideal": "A", "sampled": "A", "correct": true}}
{"type": "result", "data": {"idx": 12, "options": ["32\u00b0 F", "41\u00b0 F", "78\u00b0 F", "98\u00b0 F"], "probs": [[0.23630724335415035, 0.3233822614044194, 0.33352866426995437, 0.10678183087148266], [0.12580042996638105, 0.1217056419897058, 0.0670600790524046, 0.6854338488915273], [0.2177987210310572, 0.24337766423033066, 0.42991090095710777, 0.10891271368149139], [0.23129023334231139, 0.2615733808640072, 0.13230590231088693, 0.3748304833827939], [0.17214838350492503, 0.054467498304215656, 0.35624976751313364, 0.41713435057772863], [0.13172762583361336, 0.04799095805461674, 0.5251421744483484, 0.29513924156340915], [0.17392353416848533, 0.28066457676248197, 0.41582685369029465, 0.12958503527873527], [0.0864304568877225, 0.08240921565418734, 0.05483948656136629, 0.7763208407967102], [0.15104156235228805, 0.5125507191965548, 0.223141804081, 0.1132659142701656], [0.15953341906418822, 0.5146506389244117, 0.16850917389036382, 0.15730676802102292], [0.1091675301016089, 0.06941246422542023, 0.18508337475863737, 0.6363366308143366], [0.09599146411028998, 0.060106345694274366, 0.6614620554580867, 0.18244013463736553], [0.5123868198250835, 0.12319451747121322, 0.2693304332507326, 0.09508822935298399], [0.4965354750824489, 0.13732758454852448, 0.07358109009699569, 0.2925558501720084], [0.5948417848587956, 0.15233357587736357, 0.15354621324669185, 0.09927842591714572], [0.5994342745434014, 0.1717846008249681, 0.09681525502220616, 0.13196586950940645], [0.4433332283973345, 0.11074939376274752, 0.13320479334532195, 0.3127125843946079], [0.53098401751718, 0.10788116219861914, 0.1909957094533441, 0.17013911073085797], [0.1671068677885066, 0.10618366588911492, 0.3679782753218932, 0.3587311909005031], [0.14363925473976139, 0.09091555125613039, 0.44608108722378076, 0.31936410668030607], [0.17107623295294058, 0.15495767482313405, 0.26288612111607823, 0.4110799710078558], [0.12277115523350014, 0.10129850803626826, 0.6635239712525642, 0.11240636537764649], [0.1668616264968346, 0.38662612006645575, 0.15986071615506187, 0.2866515371816411], [0.16048943544513303, 0.4466298858459189, 0.23272312847260965, 0.16015755013633645]], "ideal": "C", "sampled": "C", "correct": true}}
{"type": "result", "data": {"idx": 13, "options": ["Repeat the investigation.", "Write a report of the results.", "Make a table for recording data.", "Make daily observations of the light bulbs."], "probs": [[0.09971688864497888, 0.08015178734094222, 0.6117779658853694, 0.2083533580287217], [0.10734953123047021, 0.09190896282680547, 0.30591077698634495, 0.49483072885636326], [0.16375075524974164, 0.40252882406225804, 0.08527031969019545, 0.3484501008977949], [0.12434530007187056, 0.3322175300934647, 0.409890784759673, 0.13354638497499136], [0.1277060920494255, 0.13059894677424358, 0.0612734090906339, 0.6804215519857175], [0.11817774773597299, 0.15264144940950644, 0.6054674814847603, 0.12371332126976083], [0.09901589335517448, 0.046483943518675616, 0.757112524033312, 0.09738763899281752], [0.12014882985086156, 0.06254974626095604, 0.3886019826106861, 0.4286994411774838], [0.17548227902065258, 0.47764021270773566, 0.06487011335787904, 0.2820073948137191], [0.12962407462367445, 0.2816643210890713, 0.5228646955262308, 0.06584690866101044], [0.15250375245087044, 0.22205776428893725, 0.043546491527751266, 0.5818919916324237], [0.13177312356483822, 0.13439403179320744, 0.6737622574234993, 0.06007058711844697], [0.7435329391398058, 0.06069667350475403, 0.026140515340472778, 0.16962987191496812], [0.6874642173548223, 0.07108753517337753, 0.1687642817169759, 0.07268396565481051], [0.728261311253598, 0.04687396643929925, 0.031413428481010516, 0.1934512937261127], [0.6249440281601533, 0.0455351569477013, 0.27551132808794737, 0.05400948670419262], [0.7743021303028231, 0.14501251298361875, 0.024346113005982235, 0.05633924360758857], [0.8141165236432664, 0.12309229137180416, 0.017676290402478284, 0.045114894482454614], [0.343369182770317, 0.06615202482816757, 0.04276142483937457, 0.5477173674621517], [0.31887696717310193, 0.0806673239828715, 0.5040831660911675, 0.09637254265287043], [0.32603218187589916, 0.060635691218999505, 0.04442528243935368, 0.5689068443657419], [0.2632270207052841, 0.06684817404208339, 0.6025670056734004, 0.06735779947925435], [0.5660240225524552, 0.29899592625599636, 0.0494978677571965, 0.0854821833343379], [0.631831038616073, 0.2662602330955808, 0.02685015314316236, 0.07505857504516593]], "ideal": "C", "sampled": "C", "correct": true}}
{"type": "result", "data": {"idx": 14, "options": ["ozone", "methane", "water vapor", "carbon dioxide"], "probs": [[0.034353000641531156, 0.0339383621626926, 0.575107146674197, 0.3566014904215723], [0.037528408748407426, 0.04357956238758037, 0.7155709770941079, 0.2033210516698792], [0.05137853366857012, 0.2993748516717162, 0.18332071429378027, 0.46592590026591196], [0.05443532956415929, 0.272751960219186, 0.6258063731017773, 0.047006337014875894], [0.06074280359230507, 0.289052981414117, 0.19286189439931425, 0.45734232049425905], [0.054708667922050834, 0.1797073268705885, 0.7057493498533409, 0.059834655254024614], [0.06334074688653939, 0.016670136182250054, 0.48183510989258416, 0.43815400693861123], [0.06520343027945696, 0.019595774548858858, 0.7156964843407686, 0.19950431073089286], [0.10751458346616238, 0.17532652892536754, 0.06113673018054331, 0.6560221573279021], [0.09325759667238215, 0.1385536804300368, 0.7431960330614018, 0.024992689736182665], [0.13549103789209513, 0.3833197056035377, 0.07436857699935101, 0.4068206794050302], [0.11640823815972112, 0.28833790540311943, 0.5625188383890465, 0.03273501794809506], [0.45666471096397776, 0.019843858211649672, 0.08021595603106502, 0.4432754746932959], [0.3969900116475853, 0.026674998602583145, 0.5253756166770159, 0.05095937297281552], [0.4841805421800556, 0.04488342047990233, 0.03330790508218752, 0.437628132157851], [0.3532096501187517, 0.04798991286903119, 0.572755340755795, 0.02604509615641147], [0.7034342613749394, 0.2230635348755411, 0.04657056720896287, 0.026931636440542528], [0.668249582612106, 0.20439496366553925, 0.1064442288970338, 0.020911224725342587], [0.6773380304586162, 0.028743445233707476, 0.0963245640750562, 0.1975939601326195], [0.4393347599094182, 0.0382391215021039, 0.4651502730049394, 0.057275845483555], [0.7737083130214882, 0.04614391023368668, 0.04069520305950837, 0.13945257358532306], [0.5975108798140331, 0.059076764054496904, 0.31796585302266045, 0.025446503008826536], [0.8516268474375742, 0.08241990029380383, 0.04903578304744573, 0.01691746912118259], [0.8039144474657137, 0.08818343223058461, 0.09518634079015444, 0.012715779413546133]], "ideal": "C", "sampled": "D", "correct": false}}
{"type": "result", "data": {"idx": 15, "options": ["0 degrees Celsius", "32 degrees Celsius", "100 degrees Celsius", "212 degrees Celsius"], "probs": [[0.9266708634529299, 0.014097067562540748, 0.02309489149343337, 0.03613717739111685], [0.9434335217669153, 0.013149535703214355, 0.027116242877432056, 0.01630069955245392], [0.6943985354988356, 0.00967638231189895, 0.25785310030021935, 0.03807198178903512], [0.5819047070664076, 0.011427837430009288, 0.051698946440309174, 0.35496850896327276], [0.8419291199864255, 0.012781599245495443, 0.12773373127392457, 0.017555549394146202], [0.4741645750232704, 0.017116764370784777, 0.03576621673724583, 0.47295244376869805], [0.291859648825889, 0.34946721651967816, 0.06297164591875762, 0.2957014886356637], [0.35773160207977794, 0.45066403636839514, 0.10343675768282501, 0.08816760376900117], [0.11900019710382055, 0.009567831380998452, 0.7489400782361348, 0.12249189317904459], [0.22453205302236426, 0.018458025217959594, 0.17625708946918886, 0.5807528321904962], [0.1761761198393997, 0.01747795616949925, 0.753744697271075, 0.05260122662003306], [0.25262613798575695, 0.028375606128733816, 0.05817957098350347, 0.6608186848020062], [0.057310360640094316, 0.3230205154512294, 0.5518003679770384, 0.06786875583163546], [0.052507938092490096, 0.2132573088115099, 0.07943773346990114, 0.6547970195260769], [0.05477125329532388, 0.07514763889084493, 0.8072226812982366, 0.06285842641557966], [0.06022818336564595, 0.1623339356736412, 0.08826315548904963, 0.6891747253716579], [0.03272729006078069, 0.009971942587388578, 0.6467345415411171, 0.31056622571072956], [0.03656224601652713, 0.012098409407162218, 0.8752957757624786, 0.07604356871383608], [0.09393278686647433, 0.44247893089271295, 0.42077383865634654, 0.04281444348447744], [0.07346473428388114, 0.17550034549217433, 0.05071162606926975, 0.7003232940546974], [0.08246188082267682, 0.06519643048462175, 0.8069242960015846, 0.04541739259113824], [0.09812274687402868, 0.18978026319600766, 0.05906674682453374, 0.6530302430054404], [0.04755657650824289, 0.009942136030591363, 0.5313166376855246, 0.4111846496756415], [0.04700369249212223, 0.011245669841780447, 0.8665116419847381, 0.0752389955813741]], "ideal": "A", "sampled": "A", "correct": true}}
{"type": "result", "data": {"idx": 16, "options": ["exclude research on teeth or bones", "predict what the next discovery will be", "analyze new data as it becomes available", "delete earlier reports that were missing the new findings"], "probs": [[0.03399771457216472, 0.01372541821842802, 0.9135023580338221, 0.038774509075608456], [0.0730993538469135, 0.014902601271726806, 0.04446698933772423, 0.8675310554436306], [0.05743106000784134, 0.899845959328607, 0.014544488084575206, 0.028178492478954265], [0.05644172217307523, 0.90067234233379, 0.021696362483483424, 0.0211895729096688], [0.16206170899090125, 0.1266313297183264, 0.027749887721883453, 0.6835570734689065], [0.050451558754813386, 0.022669012671895576, 0.9019502378483713, 0.02492919062492107], [0.018649019839488665, 0.020616573150688305, 0.9032344048294061, 0.057500002080416786], [0.027202479028312906, 0.0239946367093094, 0.03951718486561692, 0.9092856992967818], [0.03026621248965089, 0.8741045246213532, 0.04218410735530278, 0.05344515543369256], [0.03547457948833561, 0.8900140214179535, 0.03202678128966083, 0.04248461770404932], [0.04465471458968368, 0.04523946934424395, 0.06409989603454143, 0.8460059199315456], [0.0244217950400894, 0.014591055915660846, 0.9197112786528389, 0.04127587029139731], [0.9312731313135892, 0.03473601630978956, 0.011286177438508764, 0.02270467483811415], [0.9307161692493394, 0.03168357526707812, 0.018667928025249327, 0.01893232735833577], [0.9283140387466651, 0.016958871765761975, 0.023834122270018458, 0.030892967117547958], [0.9395259986385694, 0.016453092222172196, 0.02007836599495073, 0.02394254304430434], [0.9354069146257247, 0.02607949364111915, 0.018334197522408786, 0.02017939411075617], [0.9347171437628173, 0.033358100420422816, 0.010986195027700776, 0.020938560689077602], [0.17919513031385165, 0.10054754675961361, 0.03257501495335541, 0.6876823078731672], [0.05123610412143839, 0.027485221566999292, 0.8927657404202907, 0.0285129337912592], [0.24106429831431356, 0.024269865839876687, 0.08219572557757432, 0.65247011016825], [0.040726223970492324, 0.0107253884085089, 0.9167652119886722, 0.03178317553233754], [0.09432377837787444, 0.8499845497427572, 0.02696770341503381, 0.02872396836433039], [0.11071487458784045, 0.8382160795782658, 0.01573371984218967, 0.035335325891691145]], "ideal": "C", "sampled": "C", "correct": true}}
