{"type": "result", "data": {"idx": 0, "options": ["middle ages", "chess board", "kids story", "fairy tale", "castle"], "probs": [[0.9497717882164991, 0.02913231852463439, 0.00364634124954712, 0.005305456477576842, 0.012144095431742555], [0.011008653317037879, 0.05858989925922229, 0.02089060567020348, 0.6918276251309037, 0.21768321652263262], [0.05516329039871978, 0.11862126635927779, 0.03143113802237551, 0.7497617192136192, 0.04502258590600767], [0.5451265248035732, 0.4114835016623821, 0.01646146266227481, 0.009677148777640799, 0.017251361994129123], [0.7151885814485024, 0.18656793721380613, 0.008070167363712712, 0.07081414943113232, 0.019359164442846487]], "ideal": "D", "sampled": "A", "correct": false}}
{"type": "result", "data": {"idx": 1, "options": ["counter", "coffee table", "school room", "backpack", "bedside table"], "probs": [[0.1872712820581085, 0.22593112287646236, 0.18726868925606102, 0.2122560143258508, 0.18727289138351727], [0.34335431363537766, 0.19565523899727383, 0.09837340428083244, 0.19264083866569665, 0.16997620432081942], [0.07847031540911333, 0.09033205633210532, 0.10395635866306879, 0.44465214670797404, 0.28258912278773857], [0.10471883259085434, 0.11324751207221294, 0.10974649920339889, 0.3831386806710082, 0.28914847536252564], [0.1675351311854415, 0.13675657320909781, 0.236266009076632, 0.2476519419795561, 0.21179034444927258]], "ideal": "B", "sampled": "B", "correct": true}}
{"type": "result", "data": {"idx": 2, "options": ["cleanness", "wetness", "exfoliation", "use water", "hygiene"], "probs": [[0.7583550697051837, 0.02986782558160625, 0.016239221895512915, 0.028948908237469477, 0.1665889744802276], [0.002965781211418387, 0.013713881707300318, 0.005898221073853771, 0.9465182057996013, 0.030903910107826216], [0.0034849885361705247, 0.0627430007380793, 0.9077198398714268, 0.008898816204203646, 0.017153354550119706], [0.0021708951444523506, 0.9923932774230503, 0.0035791947553918684, 0.00045502812748717247, 0.0014016044496183509], [0.995098840862979, 0.0035888904658112207, 0.00011902870166956152, 9.867645827766887e-05, 0.0010945634112626164]], "ideal": "A", "sampled": "E", "correct": false}}
{"type": "result", "data": {"idx": 3, "options": ["table", "meeting", "drawer", "toilet", "garage"], "probs": [[0.9951574969967574, 0.0033716490128634855, 0.0004782062977515441, 0.0002519938613344736, 0.0007406537312931499], [0.00753782868976105, 0.818457101082748, 0.0359604735106947, 0.09040466985671526, 0.047639926760080914], [0.03368916708886215, 0.006530974731753999, 0.0025978340178557844, 0.9542839316147463, 0.0028980924467817276], [0.0017686503011684596, 0.0009466506477105372, 0.9906028660043718, 0.004446106495544403, 0.002235726451204888], [0.003664862974245104, 0.9696075105317001, 0.024656084403966688, 0.0012664994489893025, 0.000805042541098708]], "ideal": "A", "sampled": "A", "correct": true}}
{"type": "result", "data": {"idx": 4, "options": ["damage", "wonderful", "exhaustion", "orgasm", "lazy"], "probs": [[0.028997649232843082, 0.12019460922006575, 0.17487783044237062, 0.620034074310207, 0.05589583669451353], [0.012881993242842003, 0.8095387174336651, 0.14974796686827496, 0.008188438555216549, 0.019642883800001405], [0.005919667183524837, 0.9801126491178977, 0.0012026627534802133, 0.0022120413736907386, 0.01055297947140648], [0.8313921886761014, 0.0348566468516957, 0.004501288720312316, 0.09328638161703717, 0.03596349403485338], [0.027532123248081537, 0.024297599161364807, 0.17674862283199086, 0.45136413263551023, 0.3200575220230526]], "ideal": "B", "sampled": "D", "correct": false}}
{"type": "result", "data": {"idx": 5, "options": ["enemies", "perform better", "sweat", "tension", "frostbite"], "probs": [[0.015266102772630567, 0.07397593280525909, 0.6697264141118944, 0.0717004955447604, 0.16933105466545553], [0.012962776391882659, 0.20277229194926777, 0.14835009156970513, 0.4569720978770128, 0.17894274211213163], [0.013020037153068228, 0.553617733310497, 0.34644458791419563, 0.026715298095207292, 0.06020234342703176], [0.0391806251017722, 0.877920243223336, 0.019395763009474053, 0.006496839983282414, 0.0570065285821354], [0.8366926811291641, 0.07543050947495003, 0.0033664209446965495, 0.0016665507403096386, 0.08284383761087973]], "ideal": "D", "sampled": "E", "correct": false}}
{"type": "result", "data": {"idx": 6, "options": ["free will", "choice", "will", "alcohol", "freedom"], "probs": [[0.5220721675108384, 0.39409453505943914, 0.047807541860384405, 0.0065722038176100625, 0.029453551651728038], [0.02033944444492067, 0.6427126586513653, 0.0022466623212047745, 0.04045035352497365, 0.29425088095753565], [0.0007663040694105522, 0.0018102485462361158, 0.0015722369611084316, 0.9826859583723955, 0.013165251950849397], [0.0017008496403834966, 0.010097465829850775, 0.8948546730637116, 0.058102723602618804, 0.03524428776343537], [0.006095720332243067, 0.8632906564850263, 0.019071146055829328, 0.08547509942396143, 0.02606737760293985]], "ideal": "B", "sampled": "A", "correct": false}}
{"type": "result", "data": {"idx": 7, "options": ["bathtub", "washing area", "hotel", "shower stall", "department store"], "probs": [[0.04013138265239931, 0.11255853925251219, 0.48891086954492197, 0.24584522150282256, 0.11255398694734396], [0.11280775164487537, 0.41914236683993067, 0.27487741965863743, 0.10934005001137378, 0.0838324117451827], [0.4233081168498913, 0.3195404803296411, 0.06803377174751425, 0.09013024240219043, 0.09898738857076293], [0.17706052693353952, 0.20380206100389728, 0.09626734112332194, 0.2919369594172222, 0.23093311142201906], [0.05423130215679128, 0.12221723321833705, 0.24304931406591676, 0.4134563597650808, 0.16704579069387407]], "ideal": "A", "sampled": "C", "correct": false}}
{"type": "result", "data": {"idx": 8, "options": ["new york city", "subdivision", "ring", "hazleton", "live in"], "probs": [[0.9884651363837601, 0.007089790038380591, 0.0004749971009972304, 0.00046037277623095876, 0.00350970360063108], [0.0008552972114220085, 0.0005697470316003125, 0.0006160477308943746, 0.045260490265545, 0.9526984176605383], [0.0006237156646907925, 0.00036099062571714807, 0.0009074859153701458, 0.995223835919809, 0.0028839717744129426], [0.0008592601621957855, 0.001020319888809186, 0.9874723675099172, 0.004867506739009208, 0.005780545600068599], [0.0014048763981591686, 0.9946809716045417, 0.0022449356726482353, 0.0003901051651628446, 0.0012791110594880708]], "ideal": "A", "sampled": "A", "correct": true}}
{"type": "result", "data": {"idx": 9, "options": ["very entertaining", "fun", "slow", "competitive", "violent"], "probs": [[0.014840718269059718, 0.018470161710583275, 0.5070433904185924, 0.13227411364625963, 0.32737161585550506], [0.0284616969483045, 0.33607525068239097, 0.09478916350460646, 0.28301152953111874, 0.2576623592335794], [0.04492557182236989, 0.07884959365680869, 0.45372332490089184, 0.04635226119150903, 0.37614924832842056], [0.01561450929011518, 0.8393221340360453, 0.06272685410336375, 0.05535815925047992, 0.026978343219995832], [0.7051635973333568, 0.22894406295053032, 0.007833692237106312, 0.03196897354405223, 0.02608967383495436]], "ideal": "E", "sampled": "E", "correct": true}}
{"type": "result", "data": {"idx": 10, "options": ["night sky", "galaxy", "outer space", "hollywood", "eat cake"], "probs": [[0.055153540028625145, 0.09987112655525038, 0.7379593683497397, 0.04644377797875783, 0.060572186987626946], [0.05882083541807276, 0.905861956544249, 0.007960684562463368, 0.004679710199816576, 0.02267681317539838], [0.9784963005808393, 0.006593195637184913, 0.0005005396605715174, 0.0012982629539182106, 0.013111701067486046], [0.004205465061770019, 0.00235921968370434, 0.18740232642621418, 0.7072802353192503, 0.09875275340906114], [0.005447010142385801, 0.353171801985175, 0.07519368218090659, 0.538526008318582, 0.02766149727295066]], "ideal": "C", "sampled": "C", "correct": true}}
{"type": "result", "data": {"idx": 11, "options": ["new perspective", "entertained", "understanding", "hunger", "tired eyes"], "probs": [[0.2306017461694464, 0.04134405463598069, 0.7103309733177152, 0.011481047772544876, 0.006242178004312805], [0.0015335344037249133, 0.9886339473877249, 0.004437368903779913, 0.0012913400059829452, 0.004103809198787319], [0.057067716454573696, 0.013138626116864085, 0.002355549247844118, 0.9212321938666028, 0.006205914214115292], [0.001920015057580179, 0.0041934223236066185, 0.9639667132450368, 0.02032063871887344, 0.009599210554902935], [0.0016921572818910993, 0.9627064712076058, 0.004599707784129376, 0.027740035913765827, 0.0032616277126078937]], "ideal": "A", "sampled": "A", "correct": true}}
{"type": "result", "data": {"idx": 12, "options": ["initiate", "ignore", "question", "answer", "ask"], "probs": [[0.009413277746937994, 0.5302535900879387, 0.05332785109144605, 0.13618409657640898, 0.27082118439726827], [0.09341380257047417, 0.15643963890390716, 0.14695813483983738, 0.3063232738645798, 0.2968651497212015], [0.021405511718625442, 0.08872234538097386, 0.11392125335275939, 0.2732987546132738, 0.5026521348343674], [0.004275999554938507, 0.018286360672850856, 0.05811138156463892, 0.5344187092889925, 0.38490754881857925], [0.007431887523977564, 0.031781282139543204, 0.46701481737968326, 0.2832715201143754, 0.2105004927424206]], "ideal": "A", "sampled": "B", "correct": false}}
{"type": "result", "data": {"idx": 13, "options": ["hair brush", "ladies bathroom", "art supplies", "shower", "hair salon"], "probs": [[0.0946449988692604, 0.054777162782350966, 0.8049390135286693, 0.03322380334051451, 0.01241502137920487], [0.0003156918064680679, 0.9709368236379422, 0.02178819638747266, 0.0036697259216120688, 0.0032895621465050145], [0.3021559743375045, 0.07290136855908765, 0.029453940143337905, 0.5646206749932585, 0.03086804186681139], [0.003018624887514191, 0.00833462282817201, 0.9484185701358402, 0.026486393413121954, 0.013741788635351672], [0.013245414534098566, 0.7578940157854177, 0.013245489971224784, 0.19163071518355068, 0.023984364425708234]], "ideal": "C", "sampled": "A", "correct": false}}
{"type": "result", "data": {"idx": 14, "options": ["plastic bag", "pantry", "supermarket", "toaster", "prison"], "probs": [[0.028921194071251776, 0.03434589690377392, 0.00984001212722076, 0.8585895166788265, 0.06830338011892702], [0.001946209972016229, 0.0020079600324007037, 0.8758874797299985, 0.10460933643659673, 0.015549013728987893], [0.0005589404717844005, 0.9346234603078594, 0.04236772297688942, 0.018509056714511377, 0.003940819428955385], [0.9133933945998646, 0.0631363436477737, 0.00268869997305775, 0.01262826040178522, 0.008153301277518744], [0.009347539707559855, 0.014477707929576703, 0.6761109458910275, 0.2127521854231456, 0.0873116209486903]], "ideal": "D", "sampled": "D", "correct": true}}
{"type": "result", "data": {"idx": 15, "options": ["oven", "freezer", "plate", "tupperware", "grill"], "probs": [[0.0014873341182226952, 0.9739292105412158, 0.002530159853181614, 0.017022113969934204, 0.005031181417445656], [0.9878279271533382, 0.008283858939598673, 0.001462295318538203, 0.00036400690836432787, 0.0020619115801605277], [0.0031390146300139922, 0.03427910477369703, 0.0013929703456352076, 0.049104735902016895, 0.9120841742486369], [0.0009956277469355419, 0.00047772274207731, 0.0014261322004116186, 0.9636118068532706, 0.03348871035730489], [0.00019327500121413076, 0.0006745035543851894, 0.9953889962412883, 0.0005253056090571587, 0.0032179194940552486]], "ideal": "B", "sampled": "B", "correct": true}}
{"type": "result", "data": {"idx": 16, "options": ["jungle", "zoo", "kill", "india", "eat cake"], "probs": [[0.002931038204183138, 0.9066276120101538, 0.01634793758496309, 0.052771863561661886, 0.021321548539038], [0.6570863016898674, 0.23798371450113118, 0.025478325354544844, 0.05146919849145037, 0.027982459863006258], [0.019021308455101863, 0.04492255023531162, 0.01100866426901634, 0.34248382583293513, 0.5825636511076351], [0.010286692358484355, 0.027102633267908405, 0.022467964714180284, 0.8836578375515217, 0.05648487200790523], [0.006854662495078896, 0.027110400863451657, 0.830299955295121, 0.0888928389705018, 0.04684214227584662]], "ideal": "B", "sampled": "B", "correct": true}}
{"type": "result", "data": {"idx": 17, "options": ["picture of sea side", "seaside town", "beach", "california", "see side picture"], "probs": [[0.04926921298277732, 0.10109736505748568, 0.2748057472295426, 0.5215543372002217, 0.05327333742997271], [0.0690072854465327, 0.1052242972240746, 0.6861547878157003, 0.06382332789128055, 0.07579030152241187], [0.1888584111952388, 0.4530650174284649, 0.18886364150258353, 0.10595289143071007, 0.0632600383430027], [0.17774223583987206, 0.16698119789098206, 0.25066302344660313, 0.18340388758452028, 0.2212096551380225], [0.025818244004919836, 0.04061948195616736, 0.04461042276488315, 0.6659129956579823, 0.2230388555160473]], "ideal": "D", "sampled": "D", "correct": true}}
{"type": "result", "data": {"idx": 18, "options": ["west virginia", "kentucky", "rocky hills", "scotland", "canyon"], "probs": [[0.06036775617556958, 0.9152419624352336, 0.009403207079215424, 0.002913006090801615, 0.012074068119179722], [0.32570021438919644, 0.04917294022797153, 0.0036181450281028544, 0.031748949598576624, 0.5897597506561526], [0.002031053134216495, 0.002337757674015393, 0.003296668561112732, 0.7345062315687266, 0.2578282889619287], [0.0014843041834298723, 0.004431082815058232, 0.8712144391762778, 0.09928744169720083, 0.02358273202803328], [0.012219175592731122, 0.34072950193365004, 0.6074119158723135, 0.010782874097857933, 0.028856532403447443]], "ideal": "B", "sampled": "A", "correct": false}}
{"type": "result", "data": {"idx": 19, "options": ["office building", "office supply store", "desk drawer", "with dwight", "desktop"], "probs": [[0.06266930303855717, 0.6633215320557992, 0.19916465499298103, 0.0374227671337759, 0.037421742678886684], [0.02676824700484305, 0.9145921544280602, 0.013671963628886456, 0.03129576341025352, 0.013671871427956816], [0.5381363880345946, 0.16412574815439482, 0.02852063572310787, 0.10763856523704776, 0.16157866275085486], [0.021927978841257748, 0.4404468237913282, 0.047895837570407634, 0.3172522186915719, 0.1724771410054345], [0.06457946448872409, 0.16235898433492224, 0.08422907441012187, 0.51600694651212, 0.17282553015411178]], "ideal": "C", "sampled": "C", "correct": true}}
{"type": "result", "data": {"idx": 20, "options": ["work", "tacos", "mass", "play sports", "wrestle"], "probs": [[0.001044216597958297, 0.002076686656751722, 0.0011115565772824281, 0.9949152776151174, 0.0008522624528901178], [0.00033122217240103853, 0.0011742157253929065, 0.9873207100826528, 0.006152337442289571, 0.005021514477263747], [0.0007273024517992359, 0.9925951941110347, 0.0044552171528371475, 0.0011804988588030945, 0.0010417873255257708], [0.972746344777543, 0.02512540969888575, 0.0011751465167841727, 0.00028352002046145186, 0.0006695788863256498], [0.0034890860245434027, 0.5687173744756214, 0.03523841214369445, 0.23707718239826092, 0.15547794485787975]], "ideal": "D", "sampled": "D", "correct": true}}
{"type": "result", "data": {"idx": 21, "options": ["math class", "math book", "in pythagorus' band", "orchestra", "music class"], "probs": [[0.0021408369527880396, 0.0012985531513103185, 0.004532100484076273, 0.9051671923220258, 0.08686131698979957], [0.0017327187367900596, 0.009366906635297073, 0.41739778456220744, 0.5616863602164504, 0.009816229749255083], [0.004445209219282355, 0.7022650462647207, 0.27934074670784115, 0.007680383007249982, 0.006268614700905746], [0.8259356184993579, 0.17312743111624285, 0.0005340785824928466, 0.0002124378703346213, 0.00019043383157176278], [0.9943256613120262, 0.004463013168885025, 0.00029436792378827057, 0.00038392684953492514, 0.0005330306457655862]], "ideal": "E", "sampled": "D", "correct": false}}
{"type": "result", "data": {"idx": 22, "options": ["believe in god", "smoke marijuana", "desire to travel", "use weapons", "throw away"], "probs": [[0.0003184402848519056, 0.00044206888451014584, 0.9947357971723719, 0.0024273641948006617, 0.0020763293634653737], [0.00033998465713762084, 0.9977500068213844, 0.00047943963448679634, 0.0005348569893907626, 0.0008957117976003976], [0.9935523264037538, 0.0044595320438022765, 0.000263666008835562, 0.0007749783449907674, 0.000949497098617595], [8.873922002684708e-05, 9.013600010840624e-05, 5.553056840578132e-05, 0.0014775969918568522, 0.9982879971196021], [0.00019094028296619918, 0.00022325740749385618, 0.0001738455087318106, 0.9989680140240178, 0.00044394267679030626]], "ideal": "C", "sampled": "C", "correct": true}}
{"type": "result", "data": {"idx": 23, "options": ["mall", "grocery store", "grocery store", "shop", "supermarket"], "probs": [[0.9009731650463298, 0.03777323885874961, 0.0010549379094055534, 0.05582608061041431, 0.004372577475100714], [0.0016116682714414734, 0.0043129115476613165, 0.7140751499461875, 0.18921543706550964, 0.09078483306920011], [0.0005634564148315063, 0.8578521454314102, 0.008542495287572524, 0.09475713710401176, 0.03828476566217402], [0.020902358960590433, 0.138441869632163, 0.7966844097403566, 0.030891247629826597, 0.013080113937063416], [0.0005542476514981632, 0.9712471093206606, 0.01148541168950971, 0.004863218900666342, 0.011850012337665125]], "ideal": "A", "sampled": "A", "correct": true}}
{"type": "result", "data": {"idx": 24, "options": ["digestive", "feel better", "sleepiness", "indigestion", "illness"], "probs": [[0.018651157776065064, 0.06116253696335861, 0.02321095180030397, 0.7809256197749059, 0.11604973358536638], [0.036693036552574596, 0.2178555875798761, 0.3944430648886105, 0.2587668597439445, 0.0922414511349943], [0.1184492563043051, 0.45406988323133085, 0.15448212167818598, 0.14290427628323776, 0.13009446240294026], [0.2924870788435253, 0.572694766651115, 0.02763436118986163, 0.05943540733870045, 0.04774838587679767], [0.49130380514792826, 0.28882858369463676, 0.04429203304423061, 0.07418931330139608, 0.10138626471180827]], "ideal": "D", "sampled": "D", "correct": true}}
{"type": "result", "data": {"idx": 25, "options": ["club", "assembly hall", "meditation center", "meeting", "church"], "probs": [[0.9958595630341476, 0.0030721014379706166, 0.0005338543821210695, 0.0003187823557800698, 0.00021569868998068758], [0.0029318832847844136, 0.0009668546499339302, 0.0005956618978045174, 0.05981679009512549, 0.9356888099723516], [0.00022625389121636776, 0.00019968325642994375, 0.00029508363982760894, 0.9968082362731416, 0.002470742839384403], [0.00024519207176006017, 0.00014190545111611536, 0.9532409863808508, 0.03418304914704086, 0.012188866849232259], [0.00047101072867663233, 0.9956170551040219, 0.0016698261575546702, 0.001260458329052563, 0.0009816495806942666]], "ideal": "A", "sampled": "A", "correct": true}}
{"type": "result", "data": {"idx": 26, "options": ["forest", "valley", "outdoors", "countryside", "woods"], "probs": [[0.06818688092931281, 0.7217213698948772, 0.03707252911669219, 0.108963522165342, 0.0640556977937758], [0.8300528556397978, 0.05224132929309825, 0.022468540898954142, 0.04984960350584784, 0.04538767056230197], [0.03250199086633177, 0.04442619399502088, 0.04044909281775899, 0.6229485683131565, 0.2596741539077319], [0.02572662459731997, 0.03007861688666611, 0.040473421375084376, 0.8003676771426823, 0.1033536598982472], [0.12931473551887548, 0.08349251001238363, 0.5886755585081795, 0.09460949151761959, 0.10390770434294175]], "ideal": "B", "sampled": "B", "correct": true}}
{"type": "result", "data": {"idx": 27, "options": ["music store", "create music", "zoo", "music room", "symphony"], "probs": [[0.0513290447412468, 0.009347997966164893, 0.0047003949941710485, 0.5433079809778779, 0.3913145812205393], [0.011348503253636306, 0.0076789664054682915, 0.007327153232471686, 0.9597409230876771, 0.013904453920746592], [0.009516217931004968, 0.1313665832808175, 0.817396060635848, 0.026274862279138403, 0.015446275773191135], [0.02138361020807219, 0.9381161588930499, 0.018290391692521647, 0.017727615797017867, 0.0044822233093383835], [0.9958684379667733, 0.0035360264361930455, 0.00019949125869393104, 0.00016281712927217583, 0.00023322710906762727]], "ideal": "E", "sampled": "E", "correct": true}}
{"type": "result", "data": {"idx": 28, "options": ["boat", "necessary to live", "edible", "unhealthy", "kitchen"], "probs": [[0.013590721227594893, 0.029228770845904074, 0.020401873813494967, 0.8409567340520678, 0.09582189996093819], [0.007495295016832917, 0.02964539542821441, 0.8662814759287347, 0.03575674924836959, 0.06082108427784836], [0.009208628241418588, 0.720203718402408, 0.06292832823844748, 0.13961923524104505, 0.06804008977668084], [0.18286433950372022, 0.15161112062317306, 0.07388448024461283, 0.3417007054173535, 0.2499393541111404], [0.01793505034897787, 0.041057544999342103, 0.13251982405820298, 0.26772844339920293, 0.5407591370942741]], "ideal": "D", "sampled": "D", "correct": true}}
{"type": "result", "data": {"idx": 29, "options": ["most offices", "fish department", "fancy restaurant", "government submarine", "chesapeake bay"], "probs": [[0.003239510180817043, 0.9123600786685251, 0.07146147501066462, 0.010294939051210103, 0.0026439969887831266], [0.9742608095485618, 0.0187007468675791, 0.001559249362270738, 0.003919933001370083, 0.0015592611202182726], [0.00865917027836504, 0.008934396567214427, 0.02975524361885626, 0.7917947759738285, 0.1608564134617357], [0.0035830006370674897, 0.006906858446889077, 0.03452979674050691, 0.9333716958748179, 0.021608648200718554], [0.0048674507811735926, 0.040120821292706554, 0.927544292239685, 0.020814549098263364, 0.006652886488171392]], "ideal": "B", "sampled": "B", "correct": true}}
{"type": "result", "data": {"idx": 30, "options": ["case", "jewelry store", "shopping", "jewelery box", "hock"], "probs": [[0.007864446173376468, 0.9378843061984842, 0.02422410000034064, 0.016649452533598622, 0.013377694994200134], [0.5831603946296493, 0.35929569247068477, 0.007457153332325802, 0.015064542032968966, 0.03502221743437111], [0.0672042074881541, 0.12169241215604863, 0.005022819176851562, 0.09477887345824164, 0.711301687620704], [0.0022918761375021546, 0.006950254351939156, 0.0029890979105133913, 0.9540903846405151, 0.033678386859530174], [0.0019320435287948487, 0.01028205208485299, 0.9112249313936882, 0.046808322555493866, 0.029752650337170044]], "ideal": "B", "sampled": "B", "correct": true}}
{"type": "result", "data": {"idx": 31, "options": ["dishwasher", "water fountain", "sand box", "toilet", "kitchen cabinet"], "probs": [[0.00268619727891833, 0.9269196167492738, 0.0069673916330482534, 0.011133845411560803, 0.05229294882719882], [0.9818119888609791, 0.014004774228844016, 0.0011676903678332008, 0.0011495844094552633, 0.0018659620328884234], [0.02274254764199265, 0.5095891061711671, 0.2995715564064656, 0.026588814657776186, 0.1415079750225984], [0.00836914599981343, 0.9523369170478077, 0.007985851808438912, 0.020392738489555633, 0.010915346554384368], [0.4995201411269241, 0.10635280360445414, 0.23967116510727104, 0.006799020645482879, 0.1476568694158678]], "ideal": "E", "sampled": "B", "correct": false}}
{"type": "result", "data": {"idx": 32, "options": ["office building", "internet cafe", "house", "school", "internet cafe"], "probs": [[0.8427709496713569, 0.1122896240090244, 0.005590561485223728, 0.023172204103198344, 0.016176660631196618], [0.024179216652025944, 0.15044808498344425, 0.04310364680383443, 0.18724070627039377, 0.5950283451903016], [0.0015972897303875241, 0.004920216387870669, 0.0056627841076948475, 0.9826635343246889, 0.005156175349358108], [0.004361816453466114, 0.017798078282993776, 0.9418594753347783, 0.026303650379124296, 0.009676979449637458], [0.004241241568878754, 0.9598024995428208, 0.02598034566631728, 0.007443416795346379, 0.002532496326636743]], "ideal": "A", "sampled": "A", "correct": true}}
{"type": "result", "data": {"idx": 33, "options": ["last word", "conclusion", "ikea instructions", "afterword", "epilogue"], "probs": [[0.030565235093662473, 0.5767225848142276, 0.02614369717913505, 0.2767320383275223, 0.08983644448545254], [0.06922288186734933, 0.05738870756209667, 0.1660588520147826, 0.6170431328913201, 0.0902864255644513], [0.02002795744429757, 0.67367242379754, 0.23281357703088143, 0.022342862101325755, 0.0511431795259552], [0.23175420221688223, 0.7365222808471851, 0.007108656806901313, 0.00956583348733058, 0.0150490265417008], [0.23554475690879637, 0.177796975422741, 0.5308236499003115, 0.015536204036769112, 0.04029841363138207]], "ideal": "E", "sampled": "E", "correct": true}}
{"type": "result", "data": {"idx": 34, "options": ["fish market", "pet shop", "fishmongers", "intertidal zone", "obesity"], "probs": [[0.16386942380664085, 0.11088276529451913, 0.07502531175654426, 0.5994579724428598, 0.050764526599435957], [0.006503059562113279, 0.04805046688672541, 0.920921277140381, 0.011592620941946729, 0.012932575368833582], [0.6476409071172704, 0.34665952374305165, 0.003345842593037335, 0.000914707754436137, 0.001439018692204398], [0.45287417011279574, 0.07993755995613974, 0.31615780838672347, 0.06323692013474977, 0.0877935413095913], [0.017597261552283843, 0.26266347967943277, 0.06238749902239182, 0.5389611044141946, 0.11839065523169694]], "ideal": "C", "sampled": "D", "correct": false}}
{"type": "result", "data": {"idx": 35, "options": ["brush hair", "theater", "house", "dwelling", "bathhouse"], "probs": [[0.006948001966541548, 0.005671262126970769, 0.02074279209317135, 0.6157899337743985, 0.3508480099389178], [0.008944037277861713, 0.015945961533935963, 0.023198725415694597, 0.9124479199434626, 0.03946335572904511], [0.003026529132652088, 0.006018692923612879, 0.936119972925448, 0.03629520622291684, 0.018539598695370134], [0.0013366580396352611, 0.976452566123685, 0.009277993796832045, 0.003360228478744083, 0.009572553461103535], [0.753122790341554, 0.0781500099172429, 0.005933004303745785, 0.06086796018621071, 0.1019262351512465]], "ideal": "E", "sampled": "E", "correct": true}}
{"type": "result", "data": {"idx": 36, "options": ["poisonous gas", "homicide", "cinder", "nuclear weapons", "cyanide"], "probs": [[0.30125892433681317, 0.35224665032959473, 0.05074406590393096, 0.09191656359699733, 0.20383379573266378], [0.12782815764160024, 0.06328787984077426, 0.1426093801584213, 0.364393968476854, 0.30188061378235015], [0.08346422760844054, 0.1006955280799306, 0.17948409913175556, 0.2738215028965833, 0.36253464218329], [0.19720727937958782, 0.351609302709455, 0.11962002960215982, 0.21007644420536326, 0.1214869440034341], [0.34069541600956094, 0.21323180514277265, 0.13135984734413483, 0.15125239119287362, 0.16346054021065795]], "ideal": "B", "sampled": "E", "correct": false}}
{"type": "result", "data": {"idx": 37, "options": ["players", "play games", "casino", "table", "toy store"], "probs": [[0.007986173798999184, 0.016132279913772495, 0.043851834267406145, 0.9231205871163878, 0.008909124803434355], [0.0015225744361333975, 0.8395386863209604, 0.14140340079944175, 0.011789473510883943, 0.005745864832580511], [0.4891196013165794, 0.4891216576767492, 0.003619710317293773, 0.013034554654967778, 0.005104475934409862], [0.7006049677479738, 0.05402459233642234, 0.0069767539923928645, 0.210366011417185, 0.028027674406026028], [0.0011608921376396204, 0.0035758364986001392, 0.0008104333386852304, 0.9915344050702448, 0.0029184328548302095]], "ideal": "D", "sampled": "C", "correct": false}}
{"type": "result", "data": {"idx": 38, "options": ["read book", "own house", "apartment", "more rice", "warm coat"], "probs": [[0.7778593148863244, 0.14846051937564114, 0.010423583704964741, 0.008641960860780345, 0.05461462107228931], [0.09486062432102803, 0.10582711195733527, 0.022531644346980805, 0.17723940971358257, 0.5995412095610734], [0.02482678396185455, 0.04157799528396832, 0.2468549636525602, 0.2797440917481592, 0.4069961652534577], [0.050450147253799184, 0.46394118746200874, 0.0899375414092442, 0.12294050982863644, 0.27273061394631143], [0.1872925395863968, 0.6851097603618584, 0.021681268609093488, 0.02784118403469141, 0.07807524730795982]], "ideal": "E", "sampled": "A", "correct": false}}
{"type": "result", "data": {"idx": 39, "options": ["gap", "shopping mall", "bedroom", "laundromat", "bathroom"], "probs": [[0.04756637603064413, 0.9405885361560099, 0.004424398590392558, 0.003392275413162301, 0.004028413709791119], [0.9623384669763178, 0.0083259875633194, 0.0010100543848453052, 0.0022762019620538934, 0.02604928901346361], [0.0007473643690846969, 0.0013117580912778717, 0.0006195805762326048, 0.973333588080763, 0.023987708782641805], [0.0006926207624983224, 0.001377413525206759, 0.8606378631194761, 0.1259381290811476, 0.011353973411671235], [0.00044087349260711877, 0.6817808379901338, 0.3121389007553677, 0.0017710337240964625, 0.003868353937794895]], "ideal": "B", "sampled": "A", "correct": false}}
{"type": "result", "data": {"idx": 40, "options": ["theater", "opera", "show", "television", "blockbuster feature"], "probs": [[0.8973514467524422, 0.0808994304936107, 0.005769584264698732, 0.004858429416884236, 0.011121108972364154], [0.16431206509032595, 0.25849729846020786, 0.01391580425226429, 0.032865196554983704, 0.5304096355422182], [0.26996214440430055, 0.0548465514645901, 0.014994424734054766, 0.6477661311948519, 0.012430748102202675], [0.0028076065902137514, 0.003661549493755172, 0.968781012645221, 0.0138178983389842, 0.010931932831825936], [0.0031087335162242402, 0.9615955197338264, 0.005455892444867672, 0.019647096897454922, 0.01019275730762677]], "ideal": "A", "sampled": "A", "correct": true}}
{"type": "result", "data": {"idx": 41, "options": ["baggage compartment", "movie", "subway", "airplane", "cargo hold"], "probs": [[0.007993623054421362, 0.9384937126412202, 0.014250423490061469, 0.019478210221807523, 0.01978403049248944], [0.07270474731195102, 0.08238685130249129, 0.1091423928628498, 0.571922957839994, 0.1638430505827139], [0.03907265001577717, 0.13426477515933014, 0.1301300156063851, 0.3482835500061051, 0.3482490091124025], [0.0481072323560228, 0.1963094897784363, 0.26831781561614554, 0.4028350963468894, 0.08443036580250596], [0.030890834043674605, 0.0813856509452981, 0.7721651310769203, 0.040289339274450574, 0.07526904455965643]], "ideal": "B", "sampled": "B", "correct": true}}
{"type": "result", "data": {"idx": 42, "options": ["eat", "think", "reading", "meditate", "fall asleep"], "probs": [[0.0057360562944231315, 0.024528555763754054, 0.8647247024414231, 0.03513590646431084, 0.0698747789360889], [0.00456971449267667, 0.9564257626884697, 0.005512096441148942, 0.019850274689302824, 0.01364215158840184], [0.7601760768025255, 0.13210157261352526, 0.009720272735561093, 0.01787969363274033, 0.08012238411564784], [0.0576346646239642, 0.09958762340634356, 0.014346550667643293, 0.639455475761501, 0.18897568544054796], [0.01701383071380563, 0.024372685198843412, 0.05407104157342692, 0.8329111166172868, 0.0716313257966372]], "ideal": "E", "sampled": "C", "correct": false}}
{"type": "result", "data": {"idx": 43, "options": ["eyes", "animal", "fingertips", "brainstem", "human body"], "probs": [[0.004723497890300314, 0.8456017775786061, 0.08503845737113654, 0.02051842309929098, 0.04411784396066603], [0.879904319252614, 0.06373896805336156, 0.022373843323465648, 0.01160858822545859, 0.02237428104510013], [0.011266789345495673, 0.030628310370789617, 0.04386747980113362, 0.07347337866643813, 0.8407640417161429], [0.024646883900181032, 0.0453416560389868, 0.029730334577934475, 0.7318481866617313, 0.16843293872116638], [0.02415261906883011, 0.05358827373090781, 0.6948852278845563, 0.08171597518069346, 0.14565790403501233]], "ideal": "B", "sampled": "B", "correct": true}}
{"type": "result", "data": {"idx": 44, "options": ["ground", "subway", "bank", "bed", "street"], "probs": [[0.039768512136900316, 0.02095720679897406, 0.0027921574132099137, 0.9339398153205739, 0.0025423082303418255], [0.00027180736824542146, 0.0010749196003580802, 0.9926544491014954, 0.0014019268654057169, 0.0045968969644954285], [0.0043082505133886, 0.639397002062072, 0.0021327195045847914, 0.3422668771936207, 0.011895150626333926], [0.606861004363221, 0.04465314812644648, 0.34578186790403936, 0.0004808004959172639, 0.0022231790103758907], [0.0071237775052962, 0.8233945326368035, 0.01394748105943012, 0.0252562816543754, 0.13027792704409477]], "ideal": "D", "sampled": "D", "correct": true}}
{"type": "result", "data": {"idx": 45, "options": ["theater", "train", "bathhouse", "dwelling", "actors and actresses"], "probs": [[0.9923234141015794, 0.006480639199599407, 0.00030310819525312737, 0.0005751824573284138, 0.00031765594623967745], [0.0027201209865002737, 0.0006562835568620233, 0.0011883294899656684, 0.6760821734930267, 0.31935309237364534], [0.0007356196023126135, 0.0010537590250372757, 0.008822321102041564, 0.9884288917008499, 0.0009594084697586286], [0.0019248651821108657, 0.030582565824820423, 0.9514096365980366, 0.011607591773759343, 0.004475340521272757], [0.013101534261734951, 0.9777204997757013, 0.007123077822136737, 0.0014026029431363698, 0.0006522850972906674]], "ideal": "A", "sampled": "A", "correct": true}}
{"type": "result", "data": {"idx": 46, "options": ["packaging materials", "recycle bin", "box factory", "warehouse", "bowler hats"], "probs": [[0.9796775566929964, 0.017943692531055877, 0.0007641326392723239, 0.0008262235697742853, 0.0007883944669010744], [0.008219950874897733, 0.009314362815147071, 0.49289486442811, 0.026534096262600046, 0.4630367255192452], [9.400136449096612e-05, 0.00029412730147629015, 0.00011338533072333072, 0.9934982780916434, 0.0060002078116659805], [0.00016859528723965118, 0.00044415291322086163, 0.983910792170103, 0.012580128298952033, 0.0028963312304844764], [5.816059588870236e-05, 0.9976485259045919, 0.0020183132459187106, 0.0001310576096922827, 0.00014394254390841344]], "ideal": "A", "sampled": "A", "correct": true}}
{"type": "result", "data": {"idx": 47, "options": ["sick person", "hospital", "elderly person", "graveyard", "doctor's office"], "probs": [[0.7962737572086683, 0.16954038587534911, 0.012671545925514246, 0.01100968543948334, 0.010504625450984904], [0.035046067672843274, 0.8624881649689544, 0.022984102751357434, 0.026872149185103653, 0.052609515321741226], [0.10513430441109381, 0.0504518802990276, 0.05369912632393562, 0.7532278017979215, 0.037486887068021474], [0.058027391948433295, 0.14588474682434077, 0.5680327203289598, 0.1436282640690426, 0.08442687672922357], [0.04946771410365631, 0.7860161898665212, 0.014396246795578042, 0.1186765303575501, 0.03144331877669429]], "ideal": "A", "sampled": "A", "correct": true}}
{"type": "result", "data": {"idx": 48, "options": ["park", "internet", "meeting", "library", "book"], "probs": [[0.0015132746544821835, 0.008708422274373132, 0.0002799283021380177, 0.9755826222852805, 0.013915752383726169], [0.014085326814559438, 0.003142838263570518, 0.9721468965247974, 0.005602666924991715, 0.005022271372081004], [0.003665120514197444, 0.9696950715084212, 0.007288928030566007, 0.0024036240113756817, 0.016947255835439747], [0.9962763561574877, 0.0016450631114016474, 0.00019343005981353276, 0.0007893053992522211, 0.0010958451720449347], [0.027646288759778582, 0.0033018780415335993, 0.005359448481792778, 0.004239674086137702, 0.9594527105307573]], "ideal": "D", "sampled": "D", "correct": true}}
{"type": "result", "data": {"idx": 49, "options": ["stagnant", "stagnation", "tradition", "hunger", "paper money"], "probs": [[0.2297582997662882, 0.5097568528353963, 0.08997551477308617, 0.0819302876591242, 0.08857904486610513], [0.6800695612714543, 0.21736521875029807, 0.04347579897474612, 0.011341555900304875, 0.047747865003196575], [0.005611599472607766, 0.009849776714933235, 0.00803811043510878, 0.8073045012844805, 0.16919601199286968], [0.010891705466306544, 0.022003363241947477, 0.47780393303389296, 0.36070336947364307, 0.12859762868420996], [0.0237370956975994, 0.4767671827992177, 0.3542953213476265, 0.06976803707687022, 0.07543236297868616]], "ideal": "B", "sampled": "B", "correct": true}}
{"type": "result", "data": {"idx": 50, "options": ["cause irrational behaviour", "recur", "effectively treated", "managed", "cause suffering"], "probs": [[0.00038023484197968386, 0.00148047840577729, 0.9847366136939214, 0.009960443306597322, 0.00344222965172432], [0.0012644322511999049, 0.9832437627447281, 0.01162724404992558, 0.0011878272488460098, 0.0026767336053004054], [0.9463757328734466, 0.05256350698507097, 0.00032248204687441886, 0.00021482624304502147, 0.0005234517515630349], [0.2564343950523527, 0.01092032834836357, 0.0011156274018699818, 0.04526863341505461, 0.6862610156823591], [7.470024813245045e-05, 0.0002566958660241283, 0.0001231588650920374, 0.9979974336921712, 0.001548011228580114]], "ideal": "C", "sampled": "C", "correct": true}}
{"type": "result", "data": {"idx": 51, "options": ["cast iron stomach", "physical exertion", "shin splints", "adventure", "fatigue"], "probs": [[0.0028345648422396005, 0.8767899959766079, 0.023365574468696047, 0.08283807603190152, 0.014171788580554932], [0.053897249434392745, 0.08091024902938618, 0.25713061804862547, 0.41091244643333336, 0.1971494369542622], [0.01444064102423887, 0.0253442047667092, 0.010564987956472888, 0.09715590890525355, 0.8524942572473255], [0.003419790396377269, 0.006192549981817409, 0.004190044737640381, 0.9482642404686836, 0.03793337431548133], [0.0014888387353338248, 0.0016870515423077336, 0.8470232721547334, 0.10275581018887135, 0.04704502727875371]], "ideal": "C", "sampled": "B", "correct": false}}
{"type": "result", "data": {"idx": 52, "options": ["chess game", "scheme", "chess set", "checkers", "north carolina"], "probs": [[0.9929884164703521, 0.00638446132621305, 0.00018111739138750875, 6.259267364195759e-05, 0.0003834120384054552], [0.0007407453777906393, 0.9952727313075524, 0.002110148728495267, 0.0009967478447155446, 0.000879626641446077], [0.9122464847875059, 0.012612448445303523, 0.0005541736363271367, 0.07372861028217377, 0.0008582827486896602], [0.0014648847757966037, 0.0016341687245484795, 0.9743575174341838, 0.019293456033989173, 0.0032499729314819812], [0.0001531430809061504, 0.9971136464694825, 0.0008951380791960495, 0.001343734949610479, 0.0004943373208047993]], "ideal": "A", "sampled": "A", "correct": true}}
{"type": "result", "data": {"idx": 53, "options": ["isolation", "grief", "happiness", "relief", "angry"], "probs": [[0.027694150963064657, 0.4264990722809604, 0.12805708454407974, 0.3481259429699816, 0.06962374914191362], [0.07681266690871767, 0.8388181031074791, 0.056197633834980186, 0.006505511470224746, 0.021666084578598296], [0.03541140244766336, 0.9276608789244197, 0.008152287422228144, 0.008280811799678586, 0.02049461930601013], [0.9718641153604537, 0.016207402756971412, 0.00020723593715955957, 0.0021934861101904823, 0.00952775973522488], [0.008110517157018342, 0.01236728927186637, 0.2859069864486532, 0.2904212934841345, 0.4031939135383276]], "ideal": "C", "sampled": "D", "correct": false}}
{"type": "result", "data": {"idx": 54, "options": ["continue to grow", "plant themselves", "many colors", "smell good", "make pretty"], "probs": [[0.06436009295029062, 0.1300206103056607, 0.039651261843939446, 0.49073504975854465, 0.27523298504156457], [0.08600149366890789, 0.17373293765933165, 0.34014123928230955, 0.20631730708143237, 0.19380702220801851], [0.10488114426814887, 0.3777043790908617, 0.13258208234338784, 0.11700899810657303, 0.26782339609102856], [0.4730218403278587, 0.2869125636407582, 0.03882850377054221, 0.05920863962187078, 0.14202845253897015], [0.2609875529108823, 0.23764376605507767, 0.035321411136597695, 0.06808597669910736, 0.3979612930983349]], "ideal": "D", "sampled": "D", "correct": true}}
