{"type": "result", "data": {"idx": 0, "options": ["Planetary density will decrease.", "Planetary years will become longer.", "Planetary days will become shorter.", "Planetary gravity will become stronger."], "probs": [[0.005730180944518956, 0.005056866860352383, 0.9635485315502437, 0.025664420544884995], [0.012168479842106523, 0.010734345441351162, 0.010734345441351162, 0.9663628291751911], [0.029233543537354686, 0.854329362572937, 0.06186571393988769, 0.05457137984982056], [0.026119565310584087, 0.8649612551466888, 0.0379865063848986, 0.07093267305782851], [0.013741128429706914, 0.012121647736295111, 0.010697316392414682, 0.9634399073415832], [0.013435696893871132, 0.008149162690801777, 0.9419151341866837, 0.03650000612864336], [0.012025958623745503, 0.007294112109233757, 0.9552353886449262, 0.025444540522094536], [0.015568201602573316, 0.009439668722695157, 0.012119673326737005, 0.9628724562479946], [0.015989625692063275, 0.8730039102246406, 0.029863862316157522, 0.08114260166713852], [0.016143613552615985, 0.8814114451254674, 0.030151469863930025, 0.07229347135798653], [0.015607755220587972, 0.008351644346739802, 0.010721830717317596, 0.9653187696153546], [0.010711575902115501, 0.005060345420826416, 0.9642253557550545, 0.02000272282200351], [0.7676067465909634, 0.04907684100788075, 0.09168761359262927, 0.09162879870852661], [0.791055798451473, 0.044633205975599166, 0.05731017514490184, 0.10700082032802596], [0.8071077104398677, 0.0662578538176684, 0.051601660919915505, 0.07503277472254842], [0.8384017376062612, 0.06072843154124344, 0.04729938859014991, 0.05357044216234543], [0.8158712781385546, 0.04602830706958633, 0.05215690537035351, 0.08594350932150555], [0.796932381608954, 0.04496448051078804, 0.08401391585686414, 0.0740892219233938], [0.013779636117260947, 0.010726378747760605, 0.009466804028479095, 0.9660271810064993], [0.013518065980462032, 0.006386276256565645, 0.9476896408743013, 0.03240601678867099], [0.012183868311962394, 0.010747001274123097, 0.00948419472659508, 0.9675849355873194], [0.005750944213999239, 0.004478283000197653, 0.9670399348260472, 0.022730837859755822], [0.009263696872774377, 0.9449228190556694, 0.017301508645963845, 0.028511975325592305], [0.01052739222088716, 0.9475418005809694, 0.02227959473456739, 0.019651212363576098]], "ideal": "C", "sampled": "C", "correct": true}}
{"type": "result", "data": {"idx": 1, "options": ["buildings will be built faster", "buildings will be made safer", "building designs will look nicer", "building materials will be cheaper"], "probs": [[0.009424532955817667, 0.9613285260703468, 0.01553745692610343, 0.013709483947732115], [0.010710514611989056, 0.9642543369685395, 0.015583707267318359, 0.009451441052153176], [0.004005330208367868, 0.0021438985449002846, 0.979876055915657, 0.013974715231074877], [0.005185531867939519, 0.004573992409394541, 0.002161414108810411, 0.9880790615138555], [0.0045460778654332614, 0.0031244710164752523, 0.9814275977115188, 0.01090185330657276], [0.005181487353603422, 0.005178365560231137, 0.0024470070712214837, 0.987193139914944], [0.9836498213358925, 0.006629861169218462, 0.004557341946717617, 0.005162975448171417], [0.9821881684381198, 0.007501039689295591, 0.005155773071913383, 0.0051550187006712276], [0.9823805879092248, 0.006620471621255846, 0.005156783326322697, 0.005842157043196733], [0.9798918286178164, 0.007482473687728422, 0.005144131480513069, 0.007481566113942098], [0.9791048719833737, 0.008472610741558681, 0.005824041414753677, 0.006598475760313941], [0.9804832950551362, 0.007487902439864527, 0.004542306727800328, 0.007486495677198906], [0.003985918635881096, 0.003103653701147697, 0.9750557051526464, 0.017854722410324823], [0.005182377927271016, 0.005179860096496753, 0.0021596680660551787, 0.987478093810177], [0.013722234749260287, 0.9620594027194227, 0.012109829416186652, 0.012108533015130318], [0.01367516532308063, 0.9587631197839642, 0.012068291159811713, 0.015493423633143431], [0.004579537983765858, 0.004577170095894647, 0.0021622986261386977, 0.9886809931942008], [0.0035366169541995503, 0.002144858820504134, 0.9803379229871841, 0.013980601138112206], [0.003125827372193239, 0.002758014988909908, 0.9817585730392037, 0.012357584499693154], [0.004579003787060172, 0.004577170478430937, 0.002162731186238848, 0.98868109444827], [0.008403280060365224, 0.971287040045119, 0.010789306213436647, 0.00952037358107915], [0.007378075229878848, 0.9662728254670373, 0.010734320557156101, 0.015614778645927743], [0.004581468909568284, 0.004041513661052932, 0.0021636724787907407, 0.989213344850588], [0.003989784871102576, 0.002135371499116333, 0.9760015344574661, 0.017873309072314977]], "ideal": "B", "sampled": "B", "correct": true}}
{"type": "result", "data": {"idx": 2, "options": ["Chemical energy is absorbed through the roots.", "Light energy is converted to chemical energy.", "Chlorophyll in the leaf captures light energy.", "Sunlight is converted into chlorophyll."], "probs": [[0.0183428485236815, 0.0639803546606778, 0.8834343387153514, 0.034242458000289355], [0.03462482486971579, 0.22570792487584782, 0.04443786499808908, 0.6952293851563474], [0.019017754743541733, 0.9163267610210337, 0.040252545082941425, 0.024402939052483086], [0.017652141870543984, 0.8504345568682533, 0.042332181357641205, 0.08958111980356145], [0.0569298378144753, 0.10629753799658609, 0.2250725475797519, 0.6117000765091867], [0.039798246034836365, 0.0655780169494948, 0.7992417305388901, 0.09538200637677871], [0.03187352808920552, 0.011725615774369487, 0.9315897873505112, 0.02481106868591378], [0.11934600847440288, 0.030170874843846947, 0.0723659802696397, 0.7781171363121104], [0.08756828165673676, 0.8309003686508257, 0.053112849522985436, 0.02841850006945207], [0.08654523507519173, 0.8212632521314777, 0.06740150332011009, 0.024790009373220526], [0.09958898908853424, 0.025176495029757502, 0.041503529527691416, 0.8337309862540169], [0.07172286376156056, 0.020548943045376532, 0.8738718465238174, 0.033856346569245466], [0.9176661777088213, 0.027708434916891917, 0.03558934919718513, 0.019036038077101594], [0.8780520001409425, 0.023399291938483405, 0.026512140589140094, 0.07203656723143399], [0.9513111208566661, 0.019743831397871368, 0.015379060244108908, 0.01356598740135355], [0.9508859853467027, 0.01973332224936672, 0.01741608371312128, 0.011964608590809313], [0.8604402220714856, 0.022932318113972373, 0.025983043907106235, 0.09064441580743575], [0.9402367778190691, 0.01951399136417955, 0.025056459823889356, 0.015192770892861923], [0.04083134780860104, 0.019280607807764926, 0.30159945812490224, 0.6382885861587317], [0.029495372596161928, 0.017880063035933653, 0.8618520272668475, 0.0907725370010569], [0.05456568442469483, 0.05453392259878507, 0.03748553716165019, 0.8534148557148699], [0.05463555035256667, 0.04820333708062561, 0.8546438129669404, 0.0425172994998674], [0.05258546180751962, 0.7259198642815375, 0.05958099095168919, 0.16191368285925362], [0.09311127818522526, 0.7795356670282849, 0.0931208670833813, 0.03423218760310845]], "ideal": "C", "sampled": "C", "correct": true}}
{"type": "result", "data": {"idx": 3, "options": ["the control", "the hypothesis statement", "the dependent (responding) variable", "the independent (manipulated) variable"], "probs": [[0.00639061515899894, 0.00988752248608094, 0.09377929947276605, 0.8899425627821541], [0.008986416506259472, 0.008980849059763795, 0.915729725306953, 0.06630300902702382], [0.007323925130281942, 0.12968255131302497, 0.01754857539089252, 0.8454449480658005], [0.005407405422907834, 0.074572835011743, 0.9085891999513082, 0.01143055951404096], [0.01634234436968251, 0.8921508524475993, 0.02693747642879064, 0.06456932665392755], [0.0314198360986129, 0.9181215200330164, 0.031416390205074335, 0.01904225356329639], [0.006159599384088088, 0.020168982378433398, 0.1160644735966921, 0.8576069445407865], [0.011450088848381095, 0.02137738515822147, 0.9090956660264901, 0.058076859866907395], [0.009658723308219245, 0.10372662726758826, 0.018026961330861443, 0.8685876879933311], [0.0054983952854894365, 0.05905210582213757, 0.9238255593267533, 0.01162393946561969], [0.015993648602172124, 0.8729996387644442, 0.029872403406897514, 0.0811343091264862], [0.026345990399274228, 0.8722490602436945, 0.07158333754134094, 0.029821611715690265], [0.03203898304391353, 0.01714198109655207, 0.015124100301180372, 0.935694935458354], [0.01738045994576172, 0.022301191849839693, 0.9483885733062204, 0.011929774798178151], [0.02851259957731035, 0.0104838078695836, 0.017281202247904106, 0.9437223902052019], [0.012154901044997229, 0.01214865466419322, 0.9649813632577988, 0.010715080933010768], [0.058201236408006195, 0.9104205623407486, 0.01667310530171068, 0.014705095849534429], [0.046610937516248556, 0.9361151060370103, 0.00917823725390616, 0.008095719092834991], [0.8286199092645311, 0.05298548657618784, 0.01948969560782943, 0.09890490845145156], [0.7839736575288497, 0.1202262601203575, 0.05679792334459249, 0.039002158906200214], [0.7991925059769373, 0.030999623928836, 0.03098465571208371, 0.13882321428214303], [0.6716422921403513, 0.055162115954942, 0.24715987921187987, 0.026035712592826794], [0.7958689076122958, 0.13831644351380393, 0.03497187570198551, 0.030842773071914766], [0.8756241388301346, 0.09230855186629056, 0.016036156134446262, 0.01603115306912862]], "ideal": "D", "sampled": "D", "correct": true}}
{"type": "result", "data": {"idx": 4, "options": ["They have each lost kinetic energy.", "They have each gained the same amount of potential energy.", "They have each lost the same amount of potential energy.", "They have each gained one-half of their maximum kinetic energy."], "probs": [[0.3411145159094975, 0.3412136682345939, 0.2069565473743467, 0.11071526838156184], [0.36623254163123614, 0.28517668580963673, 0.19603016941003965, 0.1525606030490875], [0.3221339035030022, 0.32218525290523625, 0.22143447726888144, 0.1342463662228801], [0.33427707353697494, 0.2603352445203574, 0.20274928814378304, 0.20263839369888462], [0.2896713147620856, 0.2556747908191169, 0.2556747908191169, 0.1989791034996805], [0.2801319783704877, 0.24721559494715556, 0.2801766520537395, 0.19247577452861728], [0.2973201053053765, 0.18038952494921984, 0.38188463580629284, 0.14040573383911079], [0.22076779775987954, 0.19485606579882025, 0.4125103108166225, 0.17186582552467772], [0.2918364659876384, 0.3306445131769265, 0.2006080567545546, 0.17691096398088046], [0.3160502502632145, 0.24617704723859016, 0.24617704723859016, 0.1915956551596052], [0.24694708355203046, 0.21796478653702214, 0.3171907412270026, 0.2178973885839448], [0.3121174024048867, 0.1670865143234315, 0.3537719302087695, 0.1670241529629122], [0.40870096666449734, 0.15037522984468368, 0.24796634540512533, 0.1929574579856936], [0.23043197906168647, 0.12335983938294508, 0.487897645362798, 0.15831053609257043], [0.4516799382163419, 0.2134204921893368, 0.14668163437148932, 0.188217935122832], [0.3984587431933512, 0.21327960072295518, 0.24175220054186025, 0.1465094554418334], [0.31676767837362246, 0.3589985805838564, 0.19222136470743909, 0.13201237623508202], [0.2935076601798687, 0.427051105808098, 0.15715191873505743, 0.12228931517697586], [0.2635107518389725, 0.23262890131104216, 0.29870142194466565, 0.20515892480531972], [0.22583359333602832, 0.17590742859913736, 0.37245922516789093, 0.2257997527969434], [0.2724806747307295, 0.16532229378126753, 0.35005051937329607, 0.2121465120147069], [0.24617110946783058, 0.19168571554634256, 0.31608994850067584, 0.24605322638515104], [0.20347202680007123, 0.23060568249542496, 0.3354686744431851, 0.2304536161613187], [0.31910859584273854, 0.24856164308203227, 0.28165727011554376, 0.15067249085968543]], "ideal": "D", "sampled": "C", "correct": false}}
{"type": "result", "data": {"idx": 5, "options": ["a non-infectious, cell-cycle disease", "an infectious, cell-cycle disease", "a non-infectious, chronic disease", "an infectious, chronic disease"], "probs": [[0.03369564265485609, 0.8687846853933738, 0.02623502595985649, 0.07128464589191356], [0.027941095905648784, 0.9249338902976783, 0.02793297104716058, 0.019192042649512395], [0.01459769121343012, 0.011362526268352961, 0.17771149706560788, 0.796328285352609], [0.01265366763168853, 0.007669105286593461, 0.7820280884228605, 0.1976491385588575], [0.018916428474830733, 0.8039070531722496, 0.15828021193404632, 0.018896306318873318], [0.026122359034795265, 0.8648453160676145, 0.017949290796222362, 0.09108303400136782], [0.3609420735265653, 0.13275118065427818, 0.04310302885520372, 0.46320371686395273], [0.7360241926169765, 0.14491772488265006, 0.0775551861720256, 0.04150289622834782], [0.6074478953767136, 0.08220012184118936, 0.02355331123207047, 0.28679867145002647], [0.6607333519503362, 0.1300604958711218, 0.1670009667557514, 0.042205185322790606], [0.6506000901987259, 0.2711408496631932, 0.03669215447890751, 0.04156690555917334], [0.6811596674406389, 0.2505162032012889, 0.02991989221214193, 0.03840423704593026], [0.00833959494323341, 0.006489388302871835, 0.5839515197833728, 0.40121949687052194], [0.01016703734076843, 0.008968082326657082, 0.9146405287633228, 0.0662243514692517], [0.054530300735207385, 0.45631081450834166, 0.03305504729326322, 0.45610383736318777], [0.009940073448547256, 0.0831684367555902, 0.8941448829627455, 0.012746606733117017], [0.021447568345689935, 0.9117397527546149, 0.0214420642289977, 0.045370614570697354], [0.024895515514466223, 0.9337709731786742, 0.021960187679211547, 0.01937332352764804], [0.4591805643648072, 0.048397273480695474, 0.4591805643648072, 0.03324159768969013], [0.8981017858589027, 0.0348157777022077, 0.016447505372831083, 0.050634930966058506], [0.879610949073606, 0.05621628420821721, 0.030087992321760754, 0.03408477429641595], [0.8982793158756406, 0.050673123821564026, 0.027121190181055483, 0.02392637002173987], [0.8048029068621472, 0.0748501263350017, 0.024295421624325006, 0.09605154507852613], [0.9166973821387531, 0.051707956532292904, 0.016785849962775858, 0.014808811266178166]], "ideal": "B", "sampled": "D", "correct": false}}
{"type": "result", "data": {"idx": 6, "options": ["to repare for migration before winter", "to provide warmth during the cold winter months", "to store food that will be eaten over the winter months", "to protect the grasses and seeds from decay before winter"], "probs": [[0.00812259970265867, 0.006327353172818709, 0.9388448733541975, 0.0467051736703251], [0.008298914700964347, 0.00940390190361116, 0.022553227356499186, 0.9597439559389253], [0.005590863410756635, 0.9397285983199889, 0.013404508776647513, 0.041276029392606925], [0.00734305836825275, 0.9615771617787503, 0.015542447288089239, 0.01553733246490772], [0.005718550654894744, 0.01994173232255712, 0.012106171830475753, 0.9622335450920724], [0.004498187406022986, 0.010785429626891573, 0.9708734650315206, 0.013842917835564848], [0.006309310818321375, 0.004916047712195347, 0.9359894170579441, 0.052785224311539106], [0.007383069209934162, 0.009475513934366648, 0.015626103957616676, 0.9675153127980826], [0.008040057998945378, 0.9293043119179746, 0.021846995458356527, 0.04080863452472355], [0.010526164365174819, 0.9475351509316947, 0.019662126768616874, 0.02227655783451364], [0.005099643743660399, 0.013847226639497274, 0.009521897491080783, 0.9715312320257615], [0.007318613554914889, 0.012063378254660324, 0.958090779571734, 0.022527228518690712], [0.936708429286647, 0.019450675259433028, 0.011793300244672688, 0.03204759510924726], [0.9468633376448399, 0.022281897358319133, 0.013512358697286859, 0.017342406199554152], [0.9375839828507301, 0.015168379990729789, 0.01516527682391148, 0.0320823602346286], [0.9306965035993997, 0.021895552894912042, 0.019315988786636408, 0.028091954619051812], [0.9383117835272351, 0.02502066343834126, 0.017193515364403233, 0.019474037570020364], [0.9319516480188761, 0.02815120685290148, 0.015068254530299306, 0.024828890497923133], [0.008389082791118704, 0.009496967369186732, 0.012197003778134829, 0.9699169459615598], [0.005126293578619274, 0.004522822181651535, 0.9764313970057684, 0.01391948713396081], [0.010773512612185097, 0.008384205667713909, 0.010770685117072678, 0.9700715965030283], [0.010672911064249975, 0.00647185137129311, 0.9602853650383162, 0.02256987242614072], [0.013700977974324242, 0.9605127625725626, 0.013700977974324242, 0.012085281378788911], [0.017467217810949676, 0.9535256783115474, 0.013601312640461324, 0.015405791137041576]], "ideal": "C", "sampled": "C", "correct": true}}
{"type": "result", "data": {"idx": 7, "options": ["There was once more water in the area.", "The area was once grassland.", "The climate in the area was once tropical.", "There are active faults in the area."], "probs": [[0.021811004197757645, 0.010299974802038356, 0.9271742476093723, 0.040714773290831764], [0.02231175247281652, 0.013532762300923531, 0.015331564341084758, 0.9488239207851752], [0.06946752659634947, 0.8462877212620299, 0.04213035000519835, 0.04211440203642225], [0.05548000500988465, 0.867690411581859, 0.04319606932580386, 0.03363351398245252], [0.0221200821015143, 0.015199452540963582, 0.022110655253896997, 0.940569810003625], [0.013603960865799328, 0.007280770566467534, 0.9537112552028089, 0.02540401326492431], [0.013467434773470142, 0.01048428243032077, 0.9437650541142811, 0.03228322858192792], [0.015466996879808004, 0.015461902545496169, 0.012042982098795044, 0.9570281183759007], [0.037368599182472734, 0.8505054679761229, 0.04234032316700784, 0.06978560957439653], [0.029223902813168598, 0.8538660056313617, 0.0375162533905884, 0.0793938380648813], [0.01202102921010446, 0.015432024171850328, 0.017486775064195992, 0.9550601714538492], [0.010421480807749878, 0.010418636548654967, 0.9379798015725321, 0.04118008097106299], [0.9517943224505001, 0.015388033322797923, 0.015389433100709558, 0.017428211025992367], [0.9479113184908158, 0.017364665799473246, 0.017366345905391423, 0.017357669704319494], [0.9457299238520738, 0.01732470413554973, 0.0173231283376333, 0.019622243574743205], [0.9495931387088098, 0.01535162538460762, 0.0153532077017811, 0.019702028104801463], [0.9435511690436925, 0.019588475749390336, 0.01728498865638106, 0.019575366450536067], [0.9454733752112008, 0.01962635733390172, 0.015285022561282214, 0.019615244793615226], [0.011819819207421728, 0.03212276533153481, 0.017195849066665946, 0.9388615662943776], [0.006371723439863002, 0.011898590161962133, 0.9450971412823944, 0.03663254501578049], [0.010625937179544982, 0.017515244221653067, 0.015454058764135067, 0.9564047597346669], [0.009091705015199394, 0.011670369566775808, 0.9269618321999661, 0.052276093118058656], [0.014448314096359329, 0.8937875128134894, 0.03465233176680219, 0.05711184122334904], [0.018251620231233768, 0.8795029520108961, 0.030094936487049403, 0.07215049117082069]], "ideal": "C", "sampled": "C", "correct": true}}
{"type": "result", "data": {"idx": 8, "options": ["The chicken population would go down.", "Populations of mice and rats would increase.", "Another bird of prey would replace the hawk.", "The chickens would have a lower rate of disease."], "probs": [[0.02069713434602019, 0.7767448699408236, 0.15293227675837048, 0.04962571885478571], [0.013153757065657662, 0.7180869719879533, 0.03574383777154709, 0.23301543307484193], [0.027206479486841285, 0.37553005007885004, 0.5464567337958657, 0.050806736538442976], [0.03663095318430252, 0.7359089124601227, 0.04151258507594318, 0.18594754917963163], [0.016734466219962645, 0.010147362175784625, 0.7114734761590652, 0.2616446953451875], [0.024792314981733597, 0.01170960414505428, 0.820906685653295, 0.14259139511991709], [0.7851184430279359, 0.0501961138005401, 0.12041422454372908, 0.044271218527794975], [0.7988393230670857, 0.03509493400610712, 0.027331959372667976, 0.13873378345413917], [0.7889413140372349, 0.13712319108625268, 0.03928264851402692, 0.034652846262485465], [0.7303375260948244, 0.20926425374515142, 0.02832357639519494, 0.032074643664829275], [0.7959363338113412, 0.030861800510288657, 0.03496716752102985, 0.13823469805734032], [0.2514068580716994, 0.026501178478871575, 0.6835593033027866, 0.03853266004664248], [0.5582756614601787, 0.0970244101485145, 0.29889111089978376, 0.045808817391523], [0.7933197168458368, 0.08361528223690345, 0.03949705957034624, 0.08356794124691355], [0.26400670209862187, 0.633515233978494, 0.0667578125919862, 0.0357202512308979], [0.2988457442657259, 0.6329099068940243, 0.04045197077617036, 0.027792377964079504], [0.748786976404732, 0.0422436697753224, 0.07891290418175598, 0.1300564495381896], [0.21064628737044258, 0.017294578316920738, 0.735469999595461, 0.03658913461717573], [0.01299785486286507, 0.016682519110556973, 0.7094525892356418, 0.26086703669093614], [0.01984303683896616, 0.02247280849101468, 0.7444929576633198, 0.2131911969066994], [0.009472205064476833, 0.752300124249532, 0.04808797938419613, 0.1901396912017951], [0.008270631273873013, 0.6568490648081099, 0.27381541429745015, 0.06106488952056698], [0.020010256989668178, 0.7508793519812407, 0.06162958002025628, 0.1674808109088349], [0.00899783707949685, 0.43342883890873013, 0.4911392242309807, 0.06643409968079231]], "ideal": "B", "sampled": "B", "correct": true}}
{"type": "result", "data": {"idx": 9, "options": ["the atom", "the electron", "the nucleus", "the proton"], "probs": [[0.9646334889731626, 0.012146261824895511, 0.009460492296533174, 0.013759756805408738], [0.9745638697833967, 0.009558386837133453, 0.007444079294428563, 0.008433663985041301], [0.9672706663721315, 0.012181701453010252, 0.008371490618611982, 0.012176141456246148], [0.9646347727014765, 0.012146077645514012, 0.00945937374536276, 0.013759775807646694], [0.9719280216246364, 0.012239093227595583, 0.0074233856738102465, 0.008409499373957768], [0.9641459976206365, 0.013756561814051958, 0.008344636537536374, 0.013752803927775243], [0.036054769679359, 0.9296260994651803, 0.01929532285374361, 0.015023807901717074], [0.025289556315214175, 0.9488358611548187, 0.015335416605429527, 0.010539165824537651], [0.013716419240033473, 0.00942230289451657, 0.9613327449517332, 0.01552853281371674], [0.017586103133252252, 0.009403818513722675, 0.013682476574811381, 0.9593276016782136], [0.01078072933469787, 0.009510408960679586, 0.9702013956235278, 0.009507465981094677], [0.025373368791138034, 0.009328145289616967, 0.01357237214084366, 0.9517261136784013], [0.010650553590709438, 0.9583716853722188, 0.015490635080241765, 0.015487125856829988], [0.010670478305590423, 0.9601139887191343, 0.015521213193903887, 0.013694319681371366], [0.005796912382106203, 0.007438741487023878, 0.9745035005586965, 0.01226084547217345], [0.004549618773944423, 0.005836028093255239, 0.007493608571123059, 0.9821207444616773], [0.0051079129184038105, 0.009536504282688539, 0.9731130723782191, 0.012242510320688536], [0.003546391123800817, 0.006615762119101485, 0.007497462831686466, 0.9823403838254112], [0.012130860362329448, 0.9634261825068303, 0.01374253644579305, 0.010700420585047154], [0.015449315120931758, 0.9554774644562969, 0.015445094367075123, 0.013628125955696268], [0.0051354198504083995, 0.008459908841952093, 0.9779465626124125, 0.008458108595226924], [0.004554044657536079, 0.005155287384817971, 0.007500075766993675, 0.9827905920906522], [0.008356352312521718, 0.008353233313228356, 0.9656152101228687, 0.017675204151381296], [0.004028088737758025, 0.0045598916043662, 0.006634603487784028, 0.9847774160700917]], "ideal": "A", "sampled": "A", "correct": true}}
{"type": "result", "data": {"idx": 10, "options": ["life processes", "size differences", "plasma membranes", "energy molecules"], "probs": [[0.0766618331941433, 0.8241922915960116, 0.05267445409273706, 0.04647142101710806], [0.05727869835344516, 0.790856515081563, 0.030651682014159496, 0.12121310445083239], [0.051845222513240086, 0.05182446147048617, 0.8109068243478446, 0.08542349156842917], [0.022271012096954704, 0.01733815794744373, 0.013500866932345007, 0.9468899629232566], [0.025517991846851103, 0.015472944719752166, 0.8447218900223907, 0.11428717331100595], [0.03186403321445344, 0.01504584079611556, 0.021886610226303255, 0.9312035156631278], [0.8784932748125616, 0.04372886246359567, 0.04373309811907485, 0.034044764504767934], [0.8778604097240434, 0.034032339012275856, 0.016077113183479402, 0.07203013798020128], [0.8939024262394824, 0.05043052130207953, 0.021020657976487882, 0.03464639438195027], [0.8992750342279112, 0.03950441868379635, 0.016469299239420192, 0.04475124774887222], [0.8147194768305633, 0.035792808042800196, 0.024600013446582684, 0.12488770158005379], [0.8914170050150408, 0.0345608420540465, 0.023755456404946997, 0.0502666964259657], [0.054175110263629075, 0.037219065873503675, 0.8472610987971896, 0.06134472496567766], [0.03589161152657634, 0.021760028096645952, 0.01694439742855111, 0.9254039628482266], [0.09686424822099635, 0.8109558993013519, 0.04036475507099142, 0.05181509730666033], [0.0759278446154541, 0.8165243309925964, 0.031651436030233356, 0.07589638826171616], [0.03189341535229909, 0.017062238469744792, 0.019332678240305018, 0.9317116678376511], [0.030585769959647822, 0.01854772330976704, 0.8937606927162808, 0.057105813914304325], [0.025678274103635473, 0.02265247007333148, 0.850177674674068, 0.101491581048965], [0.027957070067302026, 0.02465715725489486, 0.021759866413071056, 0.9256259061647321], [0.04518541009298331, 0.8010081095987859, 0.031045134830592735, 0.12276134537763804], [0.055371534073776124, 0.8661565779773491, 0.029631100592034297, 0.04884078725684039], [0.028110217217799705, 0.021882265327167187, 0.01931103068504164, 0.9306964866699915], [0.033684178556035844, 0.02622609908940458, 0.8688159422300689, 0.07127378002449072]], "ideal": "B", "sampled": "B", "correct": true}}
{"type": "result", "data": {"idx": 11, "options": ["The Sun influences the formation of waves.", "The Sun creates water particles.", "The Sun's rays cause organisms to come to the surface.", "The Sun provides minerals."], "probs": [[0.3414975093652885, 0.01926821835418997, 0.4969339351718373, 0.1423003370086842], [0.2784731177968766, 0.020172523971367446, 0.03325886756855096, 0.6680954905632049], [0.6146699923653164, 0.1995541155470943, 0.06478572898561635, 0.12099016300197293], [0.5573069286591726, 0.20498078448568027, 0.09685603984650866, 0.1408562469086384], [0.2978210967304474, 0.03139011107171551, 0.040301545399454776, 0.6304872466983823], [0.20920792969654792, 0.0194615025616933, 0.644476450458816, 0.12685411718294276], [0.037499966887730135, 0.853417635679343, 0.054552499335382525, 0.054529897997544284], [0.039831254611582136, 0.7998910694413067, 0.021318195508355765, 0.1389594803387554], [0.05149012354261178, 0.05832109140288118, 0.8053470729179432, 0.08484171203656382], [0.04436911406572573, 0.050255362996876406, 0.014399796889783266, 0.8909757259476146], [0.024828440223383152, 0.010348825052991421, 0.8220188235195944, 0.14280391110403096], [0.051735381028287244, 0.014820704738578565, 0.12406585006102656, 0.8093780640721077], [0.4117114895207376, 0.4666235209280867, 0.0298302419617962, 0.09183474748937952], [0.3960337788948091, 0.44880850426803287, 0.04173786037229375, 0.11341985636486428], [0.05588198958284053, 0.014126175407952763, 0.8741414767649321, 0.055850358144274574], [0.11547762877926736, 0.015625074475139493, 0.015626588805642844, 0.8532707078399503], [0.09363022689855927, 0.0162704926485445, 0.7840422595562389, 0.10605702079665735], [0.11386996167147023, 0.02241538397995837, 0.02241538397995837, 0.8412992702686131], [0.054819098071315533, 0.5201091135636073, 0.02016278946466615, 0.404908998800411], [0.05651449832608147, 0.6883582984979748, 0.1355457853796973, 0.11958141769624638], [0.03034634526644551, 0.012647375510289799, 0.7824654011482792, 0.17454087797498546], [0.04855717381764539, 0.020233016609858375, 0.07061374239374683, 0.8605960670787494], [0.09254464368275254, 0.2850221650759143, 0.46992208848780864, 0.15251110265352447], [0.042584460502042204, 0.09009349403994227, 0.012196374204070349, 0.8551256711539452]], "ideal": "A", "sampled": "A", "correct": true}}
{"type": "result", "data": {"idx": 12, "options": ["32\u00b0 F", "41\u00b0 F", "78\u00b0 F", "98\u00b0 F"], "probs": [[0.028729274020183486, 0.05364236052394835, 0.8395924268424154, 0.07803593851345277], [0.029597129185384596, 0.0626041173222324, 0.04304421520567399, 0.864754538186709], [0.062286983241066574, 0.75906066947945, 0.062318745065674794, 0.11633360211380864], [0.06179076570676979, 0.7527656126632793, 0.07005855596985934, 0.11538506556009147], [0.019240536689721883, 0.03169858975478064, 0.021797928109351425, 0.9272629453461461], [0.019208547980381983, 0.019204619661887037, 0.9257212583218503, 0.035865573935880746], [0.03262683469320454, 0.036959618884834046, 0.8417520397048722, 0.0886615066170892], [0.02411751621654751, 0.03972702823334576, 0.03095521760261143, 0.9052002378474953], [0.027105909595514472, 0.8975056659698496, 0.030715017503269507, 0.04467340683136641], [0.03364438935777867, 0.8677002786722326, 0.043200254435987594, 0.05545507743400108], [0.02115777468843561, 0.03950018761003139, 0.03950648707525665, 0.8998355505262764], [0.017126298418341186, 0.01940313238288847, 0.9352439679614873, 0.028226601137282994], [0.7396863863552455, 0.11350491150462104, 0.06885664318238013, 0.07795205885775329], [0.7095269401512747, 0.13971413358287801, 0.06604263783235607, 0.08471628833349118], [0.6766237010913647, 0.15097516913914394, 0.09163147881025371, 0.0807696508592376], [0.6703715323731484, 0.169496446830966, 0.08012069015893816, 0.08001133053694745], [0.6685428221911062, 0.1491467699005102, 0.07987583665871077, 0.1024345711496728], [0.6555109922448987, 0.16571100803844493, 0.07835190392164107, 0.10042609569501526], [0.024239654035076913, 0.03524214447439269, 0.031117964938571902, 0.9094002364519584], [0.02415503042954665, 0.024150088831883392, 0.9066082390226442, 0.04508664161592574], [0.030017350072097795, 0.04944251445442179, 0.04367498608982135, 0.876865149283659], [0.019108628353948363, 0.024520890145359714, 0.9207052943495957, 0.035665187051096225], [0.016618923125007852, 0.9071985904709621, 0.03103736000930461, 0.045145126294725474], [0.016460874166086756, 0.8980620441767779, 0.03482755480820679, 0.05064952674892848]], "ideal": "C", "sampled": "C", "correct": true}}
{"type": "result", "data": {"idx": 13, "options": ["Repeat the investigation.", "Write a report of the results.", "Make a table for recording data.", "Make daily observations of the light bulbs."], "probs": [[0.01299404351563261, 0.010118589726085713, 0.9109528651379368, 0.06593450152034483], [0.01360930832374007, 0.010594730659063557, 0.39747430370775394, 0.5783216572094424], [0.015631020009329127, 0.35571616751974505, 0.04247928021989921, 0.5861735321510266], [0.018192224660177427, 0.6023233087715277, 0.3653275462096715, 0.014156920258623324], [0.010671398365732332, 0.01369650657967181, 0.015520175997862456, 0.9601119189567334], [0.01448290932586502, 0.07350311653475325, 0.8956194198311068, 0.01639455420827487], [0.020355959627006086, 0.023057715390796884, 0.8654429203212718, 0.09114340456092528], [0.022218346220753388, 0.02220895476328216, 0.6491266327606683, 0.3064460661552962], [0.04857269254701064, 0.591870526365122, 0.27951653683109, 0.08004024415677723], [0.023040917154646023, 0.2806630777398119, 0.6732757203715579, 0.023020284633984173], [0.03626226838132686, 0.3899076893673313, 0.18411061402646176, 0.38971942812488014], [0.023859820461561394, 0.15551044740509584, 0.7900241965766375, 0.030605535456705333], [0.2683159758686175, 0.028286699729689148, 0.05986938736490842, 0.643527936936785], [0.5250428777583162, 0.08051793066491596, 0.36088912734422296, 0.03355006413254495], [0.1435905112144418, 0.02827816296345115, 0.7295025654292627, 0.0986287602928443], [0.07974523111997303, 0.02016275140792458, 0.8574360400574249, 0.0426559773146775], [0.5775116515708364, 0.1875418117113484, 0.18756113851885484, 0.047385398098960405], [0.7095422306590033, 0.13974339080866105, 0.0660037189507877, 0.08471065948154785], [0.01363402095208541, 0.013625806686121308, 0.017497379293504835, 0.9552427929682884], [0.024342610107458106, 0.031244770911141143, 0.913184136803696, 0.031228482077704713], [0.029615484493181975, 0.013986197500742212, 0.09119206190430826, 0.8652062560017676], [0.019484208792332702, 0.013388611653128395, 0.9388017905531177, 0.028325388901421156], [0.04601512304922029, 0.8157030635367073, 0.1103845420971195, 0.027897271216952898], [0.03978141962025531, 0.799249508860666, 0.06558320988275573, 0.09538586153632292]], "ideal": "C", "sampled": "C", "correct": true}}
{"type": "result", "data": {"idx": 14, "options": ["ozone", "methane", "water vapor", "carbon dioxide"], "probs": [[0.022217816857409638, 0.01729110942749627, 0.8327800947525515, 0.12771097886254257], [0.016525706397771105, 0.01651248534240468, 0.0652837758094635, 0.9016780323503607], [0.028713613745679052, 0.8386432527657145, 0.03250884264382477, 0.10013429074478164], [0.03425280606609226, 0.8830149764961239, 0.03878408930105159, 0.043948128036732155], [0.02153738447471571, 0.03547803825952848, 0.027630325465379687, 0.9153542517003761], [0.020846595247826533, 0.04409466154842473, 0.8851127906429355, 0.049945952460813244], [0.020855065065995524, 0.011158482970674575, 0.8856017627718346, 0.08238468909149531], [0.018588432451707663, 0.012769512426541616, 0.07343008881015003, 0.8952119662116007], [0.018687178352593214, 0.8998213249203668, 0.02397737767943096, 0.05751411894760901], [0.024514537585651787, 0.9195329158914834, 0.031457099089016796, 0.024495447333847984], [0.01898880506665366, 0.03545070099709604, 0.03127482562269098, 0.9142856682135593], [0.018994978580353185, 0.03129677619922752, 0.9142625756701087, 0.035445669450310545], [0.9139915056501676, 0.02150304557186183, 0.024351868364871306, 0.04015358031309925], [0.9293280166200317, 0.021860649165969043, 0.03179349927622467, 0.017017834837774574], [0.903055500747461, 0.027273098359717942, 0.018740263078689076, 0.050931137714131956], [0.9112932859354742, 0.024296164985383565, 0.05141164834995226, 0.012998900629189953], [0.9291302864717181, 0.040835011976265, 0.015017992407324413, 0.015016709044692418], [0.9282500406241334, 0.040800799820239694, 0.019265214517608143, 0.011683944938018727], [0.028067232724446348, 0.015016112307267552, 0.028033410814207984, 0.9288832440540781], [0.035169952269292155, 0.018819298943844875, 0.9061992336313075, 0.039811515055555455], [0.03165010415604661, 0.01918558435820088, 0.024628842659922937, 0.9245354687258296], [0.031699853956776096, 0.014971409384791133, 0.9253845436611857, 0.027944192897247002], [0.05014009837561264, 0.8885977317179901, 0.026825461747720058, 0.03443670805867729], [0.05686432069656535, 0.8894362365921356, 0.02685125146862525, 0.02684819114267387]], "ideal": "C", "sampled": "C", "correct": true}}
{"type": "result", "data": {"idx": 15, "options": ["0 degrees Celsius", "32 degrees Celsius", "100 degrees Celsius", "212 degrees Celsius"], "probs": [[0.9468717706402828, 0.022272745456266837, 0.01734733978132479, 0.013508144022125503], [0.9544181110673566, 0.01748699782641626, 0.01748849166790092, 0.010606399338326147], [0.9476395102477287, 0.01736279659312061, 0.019676308148893516, 0.015321384910257077], [0.9451642910694696, 0.017316690995115562, 0.022237093371410808, 0.01528192446400396], [0.958357518405836, 0.015495917880477517, 0.015497241289945889, 0.010649322323740523], [0.9209493346283378, 0.021665846805720188, 0.021670177455667516, 0.03571464101027448], [0.010528397598435478, 0.947521459031829, 0.01966805716169321, 0.02228208610804227], [0.00930147889121081, 0.9487004548970411, 0.022311296485468184, 0.019686769626279896], [0.006565248546204145, 0.003514124304372993, 0.9741745615623484, 0.015746065487074447], [0.012155238665335714, 0.006504662835477391, 0.015602163868556819, 0.9657379345306301], [0.006171896892085515, 0.0031041276307641166, 0.9749666336630893, 0.015757341714061034], [0.010754150212200735, 0.007386603771591859, 0.013801505627109906, 0.9680577402890975], [0.013476370127059191, 0.9446995415754201, 0.022218779099688214, 0.019605309097832497], [0.011987145944278972, 0.9520412647068597, 0.022391451437054136, 0.013580137811807256], [0.004243699390107031, 0.004808740777301743, 0.9751836586096065, 0.01576390112298462], [0.00939930288060079, 0.012063800166282309, 0.01989381882441785, 0.9586430780286991], [0.005807142683317837, 0.0037493729572588017, 0.9765166791283005, 0.013926805131122788], [0.00940760013290631, 0.00829926762583676, 0.02256485758646973, 0.9597282745547872], [0.009370467703163682, 0.9556226213443972, 0.017505100141899946, 0.01750181071053916], [0.01058040739538287, 0.9522152488906543, 0.019763912893174578, 0.017440430720788207], [0.005106104249630523, 0.004233109060155577, 0.9728442477420575, 0.017816538848156448], [0.009470544754511777, 0.010727998799502933, 0.013779561033957107, 0.9660218953120282], [0.005437984299128017, 0.0035110263771979447, 0.9732272329323981, 0.017823756291275923], [0.008320572661214902, 0.007340139599302434, 0.022611861709302555, 0.9617274259301801]], "ideal": "A", "sampled": "A", "correct": true}}
{"type": "result", "data": {"idx": 16, "options": ["exclude research on teeth or bones", "predict what the next discovery will be", "analyze new data as it becomes available", "delete earlier reports that were missing the new findings"], "probs": [[0.008323320465857003, 0.007342173963347359, 0.9617281281565762, 0.022606377314219477], [0.013871642436570937, 0.007421790448630536, 0.006549707460733171, 0.9721568595540654], [0.013594392298813148, 0.9530404590800478, 0.01977623333060609, 0.01358891519053304], [0.015479525881229894, 0.9575972761231625, 0.017537508533782904, 0.009385689361824724], [0.013872939497563231, 0.007422484604426403, 0.006550953907848072, 0.9721536218901623], [0.019779867335095982, 0.011994380774948417, 0.9528316926961956, 0.015394059093759944], [0.010653043065523456, 0.008294599052670769, 0.9585213570966068, 0.022531000685198928], [0.015656672256156322, 0.009493123641755733, 0.006525195136221327, 0.9683250088658666], [0.015213677491904262, 0.9411613221481955, 0.02841846601250186, 0.015206534247398432], [0.019550633284330057, 0.941916613822906, 0.02510122659210605, 0.013431526200657865], [0.01382029704015381, 0.009492058915954888, 0.008377523698983346, 0.9683101202449079], [0.02478673505927127, 0.017033542230373087, 0.9301153358177879, 0.028064386792567758], [0.9686656611984484, 0.012193700501968972, 0.008382889872970936, 0.010757748326611707], [0.9745683050331992, 0.009557709074653198, 0.007443551421716694, 0.008430434370430841], [0.9712811085269035, 0.010791747531594093, 0.008407065205967432, 0.009520078635534964], [0.9688071335799087, 0.012196662130532722, 0.009500791288968708, 0.009495412900589922], [0.9733323834607837, 0.010813670654793325, 0.008424144566906183, 0.007429801217516774], [0.9709753140740136, 0.01222277568946878, 0.008403947873457942, 0.008397962263059654], [0.012272626245867363, 0.007439627264317831, 0.00579454849528263, 0.9744931978945321], [0.02234071649966706, 0.010550464261038001, 0.9497224954909049, 0.01738632364838995], [0.012272637918933089, 0.006566089856465562, 0.006566766462296733, 0.9745945056623047], [0.01734744250616022, 0.010520449025252001, 0.9469100696079344, 0.025222038760653313], [0.031599303960573796, 0.9236300013979767, 0.03160200479622102, 0.013168689745228444], [0.040064466892308234, 0.9120343104298978, 0.031205076137252832, 0.0166961464405411]], "ideal": "C", "sampled": "C", "correct": true}}
