{"type": "result", "data": {"idx": 0, "options": ["Cryptocurrencies, Expensive, Secure, Financial Crime", "Traditional currency, Cheap, Unsecure, Charitable giving", "Cryptocurrencies, Cheap, Secure, Financial crime", "Traditional currency, Expensive, Unsecure, Charitable giving"], "probs": [[0.011003274888410035, 0.045581577081258276, 0.9309517902810595, 0.012463357649272191], [0.09590307305851019, 0.4648298828507994, 0.21957799281567955, 0.21968905117501086], [0.019037591735784443, 0.9617735025983771, 0.008994994945297553, 0.010193910620540928], [0.015458243235257449, 0.9718108951974208, 0.007302901859658185, 0.005427959607663597], [0.07697928896295694, 0.2816834548132605, 0.053757391784960466, 0.5875798643388221], [0.015440807147589192, 0.0702606085313045, 0.8978657359665567, 0.016432848254549586], [0.013167305970805912, 0.13500802343299972, 0.8409120517958218, 0.010912618700372478], [0.021154376464686105, 0.8454245467433701, 0.025930259836149112, 0.10749081685579465], [0.0064766208714401715, 0.9172108384100977, 0.06963023995902642, 0.006682300659435768], [0.005711702764998312, 0.9610573280637796, 0.007222505922800293, 0.026008463148421767], [0.010583672434888267, 0.04456492040833159, 0.6449784491688602, 0.29987295788792], [0.012931666733097728, 0.05114977963496983, 0.7758930563192442, 0.16002549721268824], [0.07821707147871525, 0.8815894055432286, 0.019781221881391673, 0.020412300996664454], [0.08367725526303962, 0.872235382552095, 0.01648181277545058, 0.027605549309414817], [0.021517137002241296, 0.07163851066959169, 0.8872555892245798, 0.019588763003587185], [0.12863753734732758, 0.259932994816536, 0.060782805079103906, 0.5506466626570325], [0.01758889724847191, 0.051674550215770255, 0.9168263375670447, 0.013910214868713099], [0.15895445880126555, 0.2924447400939789, 0.05849358526022794, 0.4901072157445276], [0.008124575154269098, 0.9394121326585764, 0.011824993613716387, 0.040638298473438125], [0.009798473467662007, 0.6351364714313894, 0.34541856499228996, 0.009646490008658679], [0.009619292255668257, 0.04772406544881656, 0.7353114663316376, 0.20734517586387763], [0.007957741913809647, 0.04615462742860362, 0.7453551569340512, 0.20053247362353555], [0.004536130081831918, 0.8376017960191687, 0.1525594917671095, 0.005302582031889809], [0.006312228642873833, 0.9519696580103418, 0.008630169718425847, 0.033087943528358456]], "ideal": "C", "sampled": "C", "correct": true}}
{"type": "result", "data": {"idx": 1, "options": ["Unsafe practices, Wants, Fear, Trivial", "Unsafe practices, Distress, Fear, Serious", "Safe practices, Wants, Jealousy, Trivial", "Safe practices, Distress, Jealousy, Serious"], "probs": [[0.01593978816386206, 0.9411111639668251, 0.014523105962954835, 0.02842594180635795], [0.02094903017585765, 0.9336381501498842, 0.011399127478135063, 0.03401369209612315], [0.012348395621539054, 0.03329519886857585, 0.8870736252263133, 0.06728278018357178], [0.015680863961873102, 0.04328663653162864, 0.8304513822991968, 0.11058111710730144], [0.024229268647678905, 0.3672387458882764, 0.5691988711450536, 0.03933311421899115], [0.046355865891112555, 0.7599698304370035, 0.07888918369219576, 0.11478511987968817], [0.11420423195995576, 0.6676437655125854, 0.01753292180324338, 0.2006190806242154], [0.07305924103771333, 0.823269133117259, 0.023373512844180096, 0.0802981129008475], [0.2055490165743319, 0.5249418019723471, 0.06372931598979711, 0.20577986536352388], [0.10383803066742993, 0.4875933774363718, 0.3301501344727041, 0.07841845732349415], [0.14736224929054556, 0.16437320654496723, 0.49887675785316304, 0.18938778621132413], [0.16618806617350673, 0.19734794487612708, 0.2615950781320724, 0.37486891071829376], [0.009119282965378938, 0.08717890405779354, 0.8151141009540712, 0.08858771192275634], [0.018631452102707783, 0.19871557617777352, 0.7274471290304219, 0.05520584258909679], [0.012289882732107252, 0.9538468665133791, 0.012787304879309347, 0.02107594577520429], [0.008414567815681156, 0.9135938685767496, 0.05842373030226875, 0.019567833205300457], [0.013278550331024614, 0.9023209716915929, 0.0525352018107398, 0.031865276066642675], [0.014680694720459131, 0.8077932046208157, 0.12586852051139155, 0.05165758004733358], [0.019656723729356982, 0.6609866741567483, 0.2889058345436078, 0.0304507674702869], [0.03130456077350868, 0.8868131090194525, 0.029428286639423932, 0.05245404346761485], [0.05188213486845823, 0.6222872524809477, 0.15019419284247054, 0.1756364197081235], [0.0481885214207108, 0.8024579138134714, 0.07467323213105644, 0.07468033253476136], [0.0465183598485081, 0.7054175812651099, 0.0458265846082926, 0.2022374741780894], [0.03728391232216656, 0.7488769449277781, 0.14522676139035878, 0.06861238125969654]], "ideal": "B", "sampled": "B", "correct": true}}
{"type": "result", "data": {"idx": 2, "options": ["Employee rights", "Employee rights", "Employer duties", "Employee duties"], "probs": [[0.5424602384713128, 0.35008175592728513, 0.10196821679787416, 0.005489788703527935], [0.5062628811849703, 0.3370822255129971, 0.15206232148539062, 0.004592571716642015], [0.08749822038379405, 0.8972887491607019, 0.013424381795128535, 0.001788648560375546], [0.245891297630945, 0.7338822773762017, 0.006767845514143577, 0.013458579378709682], [0.013291820302157406, 0.9458994451532124, 0.03906501286163269, 0.0017437215829974229], [0.025478881873056806, 0.9709067506098593, 0.002263133639509468, 0.0013512337775744181], [0.5424602384713128, 0.35008175592728513, 0.10196821679787416, 0.005489788703527935], [0.5062628811849703, 0.3370822255129971, 0.15206232148539062, 0.004592571716642015], [0.08749822038379405, 0.8972887491607019, 0.013424381795128535, 0.001788648560375546], [0.245891297630945, 0.7338822773762017, 0.006767845514143577, 0.013458579378709682], [0.013291820302157406, 0.9458994451532124, 0.03906501286163269, 0.0017437215829974229], [0.025478881873056806, 0.9709067506098593, 0.002263133639509468, 0.0013512337775744181], [0.01889360583780797, 0.9532430888876537, 0.02351275037728473, 0.004350554797253546], [0.017093776082737357, 0.9621177478277518, 0.019068952972032947, 0.0017195230174778613], [0.01889360583780797, 0.9532430888876537, 0.02351275037728473, 0.004350554797253546], [0.017093776082737357, 0.9621177478277518, 0.019068952972032947, 0.0017195230174778613], [0.007089225255469627, 0.9873860786527, 0.004232852897195831, 0.0012918430946345205], [0.007089225255469627, 0.9873860786527, 0.004232852897195831, 0.0012918430946345205], [0.48870018166125595, 0.48848837654295, 0.01895791968206509, 0.0038535220137289215], [0.59657650261676, 0.3973089195910131, 0.004776962039057522, 0.0013376156531693369], [0.48870018166125595, 0.48848837654295, 0.01895791968206509, 0.0038535220137289215], [0.59657650261676, 0.3973089195910131, 0.004776962039057522, 0.0013376156531693369], [0.9117187744209834, 0.07719245456989063, 0.008272842401169751, 0.0028159285079562934], [0.9117187744209834, 0.07719245456989063, 0.008272842401169751, 0.0028159285079562934]], "ideal": "D", "sampled": "D", "correct": true}}
{"type": "result", "data": {"idx": 3, "options": ["Presenteeism", "Absenteeism", "Work-play balance", "Work-life balance"], "probs": [[0.020409982991580096, 0.018882770405954073, 0.005165798675669081, 0.9555414478267967], [0.06436173238065991, 0.017858163331219614, 0.9172609503238972, 0.0005191538642232999], [0.07417909162287693, 0.0551372029340885, 0.005818509114498397, 0.8648651962285362], [0.0007419556064378078, 0.002177871280313284, 0.9968643576990296, 0.00021581531421930664], [0.01797618888940346, 0.981311134649583, 0.0006659058801087763, 4.677048090480539e-05], [0.049560170416177544, 0.9498393018293375, 0.0005512177986526232, 4.930985583232109e-05], [0.00017925729099079341, 0.9983130671942343, 0.00036503896187446835, 0.0011426364529004604], [0.00036455602801918385, 0.9888807735084802, 0.010648516801008957, 0.00010615356249159638], [0.00033171941611089055, 0.022514025439084893, 0.9432976534846581, 0.03385660156014611], [0.0001698293265390427, 0.008046075325414775, 0.9909868372938246, 0.0007972579542214957], [0.00031656668299826743, 0.9962637474483951, 0.003375097225771293, 4.4588542835306186e-05], [0.0003300271994591428, 0.9992495379860675, 0.00032507698704500025, 9.535772742828521e-05], [0.0005027704180506493, 0.9982152631151433, 0.0005148978081913733, 0.000767068558614674], [0.0006052234466928742, 0.4450085307608498, 0.5540519761622085, 0.00033426953024885366], [0.00014671483291395725, 0.0011429881629430004, 0.9771205940157375, 0.021589702888405612], [0.0001176528073179332, 0.0007082310788869618, 0.9985866411058238, 0.0005874749079712135], [0.00033544278460534237, 0.9994724992251987, 0.0001823818639492102, 9.676026246839233e-06], [0.00027169716335188627, 0.9995090966603661, 0.00018822116886918299, 3.098490741278562e-05], [0.005639047421413582, 0.9937338337852893, 0.0005587710825083281, 6.834761078878029e-05], [0.0031223849337305037, 0.9964341798934292, 0.0003790686937882413, 6.43663790520493e-05], [0.002782393094146782, 0.005883704521260156, 0.9905736265775951, 0.0007602757069979532], [0.8158376192875524, 0.09592355803766316, 0.007404633700593642, 0.08083418887419076], [0.06073516964358165, 0.03100341550566914, 0.906810579376532, 0.0014508353742172708], [0.25157529980062826, 0.2595394640928994, 0.010889704713364878, 0.47799553129310746]], "ideal": "D", "sampled": "D", "correct": true}}
{"type": "result", "data": {"idx": 4, "options": ["Industrial supply loops", "Industrial ecosystems", "Ecological ecosystems", "Corporate ecosystems"], "probs": [[0.0008034581793364678, 0.9982590976072848, 0.0007547944778710548, 0.00018264963550766893], [0.0009317637205966001, 0.9977109380872949, 0.001177610382039501, 0.0001796877100689649], [0.0006560343127245949, 0.9984820791310065, 0.000709287335995215, 0.00015259912027372477], [0.00078959797292157, 0.995709754474378, 0.003374489212013187, 0.00012615824068722595], [0.0015469671164900676, 0.9972728000479825, 0.0009385891728543701, 0.00024164356267308677], [0.0016469253213734973, 0.9974081258170321, 0.0008155274437846008, 0.00012942131780978696], [0.07662963887831277, 0.03559536868982397, 0.8770709657455218, 0.010704026586341432], [0.010163722762305958, 0.013659806262905826, 0.9740130499347083, 0.0021634209400799636], [0.3091345235813178, 0.6859001152924902, 0.003518256710468622, 0.0014471043157233277], [0.08286382591945335, 0.4546626580720945, 0.4620801577232183, 0.00039335818523384395], [0.0067877414340111655, 0.9916521811777425, 0.0014456011852393513, 0.00011447610300701418], [0.005460256937469278, 0.9926348740933951, 0.0018291670890407358, 7.570178009482953e-05], [0.012762522276099348, 0.01770163320684132, 0.9677948318653782, 0.001741012551681148], [0.006809969724309012, 0.012127112389440916, 0.9799338254765119, 0.0011290923097382435], [0.028399124957461542, 0.9707002754186591, 0.000787758733526184, 0.00011284079035317998], [0.009542211034801443, 0.9885320742084784, 0.0018793031489953839, 4.6411507724694556e-05], [0.004535481978986851, 0.9950038163119952, 0.0004157114046124065, 4.499020440555935e-05], [0.0037636115631882222, 0.9958384373542631, 0.0003700080755132209, 2.794290703543566e-05], [0.12134356808846332, 0.034730357814096086, 0.8425985065766363, 0.001327567420804373], [0.901890800176874, 0.03283980281840372, 0.06435815569434272, 0.0009112412103796302], [0.8653286102472149, 0.13274857406508767, 0.001739172964036157, 0.00018364262366130335], [0.7515193868428466, 0.24399763948035738, 0.00433438960380027, 0.00014858397299575705], [0.8260285882843098, 0.17051070987411182, 0.0028246278040722026, 0.0006360739375061672], [0.8495330389007157, 0.14764916164182454, 0.0026648676563220584, 0.00015293170113760398]], "ideal": "B", "sampled": "D", "correct": false}}
{"type": "result", "data": {"idx": 5, "options": ["Power imbalance, Benefits, Hoodwinked", "Power imbalance, Resources, Co-opted", "Informational asymmetries, Benefits, Hoodwinked", "Informational asymmetries, Resources, Co-opted"], "probs": [[0.01743702792795188, 0.5173977661118121, 0.40335277094526034, 0.0618124349149757], [0.013779324316680353, 0.3722607403021988, 0.5255086119045417, 0.08845132337657922], [0.023552683979417146, 0.39201128259845114, 0.4883351596235805, 0.0961008736985512], [0.01558758203360491, 0.36586814604019097, 0.5245494172679592, 0.09399485455824487], [0.012599953108698549, 0.8968891258294811, 0.07601142468630058, 0.014499496275519707], [0.016087393212450143, 0.9059324156928866, 0.05529697537542051, 0.02268321561924267], [0.01727281260386026, 0.10740798725883867, 0.7237788950367652, 0.15154030500053584], [0.024387452294494454, 0.12376297233627674, 0.7475865318161374, 0.10426304345309133], [0.04090582799108201, 0.8609072840504994, 0.045654552214700536, 0.05253233564371798], [0.049469871237504834, 0.6933318012258959, 0.225259982128788, 0.031938345307811235], [0.05682237839436927, 0.7482958463140165, 0.12415823385426919, 0.07072354133734506], [0.0747325533786776, 0.5876162358032674, 0.21633459263621685, 0.1213166180818382], [0.017802454131496677, 0.6273758866597104, 0.22733486678409698, 0.12748679232469592], [0.017805696963462986, 0.580266103940807, 0.31565424032425193, 0.08627395867147807], [0.013419632148242924, 0.8974856948105112, 0.0574045009557836, 0.031690171985462284], [0.012214700974576158, 0.8694346748688371, 0.09913892528771252, 0.019211698768874283], [0.017423035542744346, 0.5333962430022047, 0.38445421977882377, 0.06472650157622717], [0.012519040738350577, 0.33814679198821834, 0.5941086693068502, 0.05522549786658082], [0.041652328330904, 0.4838700483880599, 0.43411554911603595, 0.04036207406500017], [0.04921266472751009, 0.7229370527955439, 0.13590601186515325, 0.09194427051179271], [0.04104016736126879, 0.8503096730540854, 0.04799628275151511, 0.060653876733130635], [0.024122692662616303, 0.9050155186015667, 0.03350074333077477, 0.03736104530504222], [0.025308632984940127, 0.1675379409516522, 0.6230439485075526, 0.184109477455855], [0.028253641713474185, 0.13893510762161107, 0.7523510055477219, 0.0804602450171928]], "ideal": "B", "sampled": "B", "correct": true}}
{"type": "result", "data": {"idx": 6, "options": ["hedonistic utilitarianism", "preference utilitarianism", "The Categorical Imperative", "ethics of care"], "probs": [[0.5212784137133853, 0.4242674486669409, 0.012753672231384497, 0.04170046528828925], [0.42564800377403983, 0.4736827611449535, 0.012982659040583296, 0.0876865759404234], [0.5050805966542173, 0.4376624960764602, 0.01389676935132407, 0.04336013781799835], [0.42545040478211665, 0.473347000861421, 0.010753957133085575, 0.09044863712337674], [0.43490128020769336, 0.4618771213390624, 0.02476447894219706, 0.07845711941104713], [0.3922131613374953, 0.48668971108967957, 0.015714522273967413, 0.10538260519885771], [0.7581894978901474, 0.20646432001600268, 0.012549133946704007, 0.022797048047145912], [0.6970676927151923, 0.23998407965091095, 0.015311792438702872, 0.047636435095193844], [0.734349667268619, 0.23401847457592748, 0.013154623085104776, 0.01847723497034869], [0.6913126003607442, 0.2615570014810633, 0.009728577675602684, 0.03740182038258981], [0.6943645568238643, 0.26279054160613646, 0.017021831749444286, 0.02582306972055494], [0.6581767612919454, 0.29564922219028533, 0.010574577079738724, 0.03559943933803063], [0.3659487068287158, 0.5480253695893625, 0.029111988839576136, 0.056913934642345565], [0.2633482820929662, 0.601100804040916, 0.015111212659358124, 0.12043970110675971], [0.32091750077530434, 0.6366167939774104, 0.014903201901937722, 0.02756250324534748], [0.20761637387583717, 0.7116492985967428, 0.009070262311982073, 0.07166406511543796], [0.20175062719207001, 0.46789623696584215, 0.18957356181554372, 0.14077957392654408], [0.32707768675394383, 0.45988753433397034, 0.06803655623709283, 0.14499822257499298], [0.28198802310767923, 0.5958973731478971, 0.027744596666240476, 0.09437000697818311], [0.23821609278148584, 0.6455233439977346, 0.021664814173943888, 0.09459574894683566], [0.35918207146749015, 0.5379410711055819, 0.02467130559040274, 0.07820555173652521], [0.25607090279628547, 0.6221941488700125, 0.018421036468839896, 0.10331391176486211], [0.2807557770835888, 0.4990713334451882, 0.08767472049516241, 0.13249816887606053], [0.3442415126903894, 0.46905829264965554, 0.04113296572203004, 0.145567228837925]], "ideal": "B", "sampled": "B", "correct": true}}
{"type": "result", "data": {"idx": 7, "options": ["The only social responsibility of business is to its shareholders", "Managers should act in ways that balance the interest of society and shareholders", "The primary responsibility organizations have is to its employees", "The primary responsibility organizations have is to its stakeholders"], "probs": [[0.8692780158467259, 0.10867645618487091, 0.0037282989908424442, 0.018317228877560734], [0.9242735591390828, 0.06902467969006158, 0.004890561930521608, 0.001811199140333995], [0.9135781176347944, 0.041365248332871724, 0.014771548497293912, 0.030285085435039962], [0.912723759934319, 0.03702035707978695, 0.037653444116626744, 0.012602438769267355], [0.9335779875444572, 0.06349009838035542, 0.002012286743061724, 0.000919627232125698], [0.8376936608213611, 0.14773101129015015, 0.00419843351188158, 0.010376894276607153], [0.005843435466971555, 0.981884767782688, 0.002801943605255257, 0.009469853045085273], [0.004809912759329695, 0.9905390738450379, 0.0030543638855889815, 0.0015966494100434342], [0.024385407200476064, 0.03327191334280244, 0.8205577669240933, 0.1217849124326282], [0.04009450717761032, 0.03707005220954873, 0.10395767625394803, 0.8188777642588929], [0.05929159924241494, 0.24916209955939364, 0.6781270282275422, 0.013419272870649179], [0.03662506349996825, 0.08385217719985591, 0.01841702428681789, 0.861105734913358], [0.0016671370117212125, 0.9862603374427608, 0.003811915574383212, 0.008260609871134791], [0.0013410466108533378, 0.987287519356499, 0.00550742153543918, 0.0058640123972083765], [0.001495825533851166, 0.9419281846905331, 0.030268182285747552, 0.026307807389868147], [0.0010911996364195403, 0.9691659294960742, 0.00799751611918419, 0.021745354648322085], [0.0038422300582864463, 0.06544075337308944, 0.78546943393934, 0.1452475825292841], [0.004829614283296635, 0.1742283651420968, 0.45188291551834814, 0.3690591049562584], [0.003467377035917521, 0.9916123659482331, 0.0027188864057049785, 0.0022013705101443567], [0.004510297565106389, 0.9737521493351639, 0.003349892069713787, 0.018387660930016], [0.010984328732898145, 0.7574083317616052, 0.22394438408975686, 0.007662955315739851], [0.011516203598586738, 0.34196631600229516, 0.007322006537653038, 0.639195473761465], [0.005612592900109059, 0.014647285100945156, 0.8796558727425731, 0.10008424915637273], [0.005049674573700375, 0.014264533668158523, 0.6067443848136693, 0.3739414068444718]], "ideal": "A", "sampled": "A", "correct": true}}
{"type": "result", "data": {"idx": 8, "options": ["Legal, Interactions, Mechanics", "Civil, Relations, Outcomes", "Political, Interactions, Outcomes", "Environmental, Relations, Mechanics"], "probs": [[0.005730827060883539, 0.9484239356407143, 0.043007725625280616, 0.002837511573121625], [0.008668986659759534, 0.9712991839164402, 0.008540325383642753, 0.011491503940157502], [0.010884218481975934, 0.8916779288737866, 0.09113607213347881, 0.006301780410758647], [0.013492394400716192, 0.961185764886633, 0.006280374788651729, 0.019041465823999133], [0.01676447398024851, 0.08246820073527422, 0.8344406292786033, 0.06632669590587394], [0.010247398674273009, 0.05282484413422654, 0.8951094754024808, 0.04181828168901968], [0.029997254122743493, 0.317159060176326, 0.6418063711680128, 0.011037314432917769], [0.07394026633624727, 0.8596928926579955, 0.017041727136976322, 0.049325113768780876], [0.0391999269423973, 0.8249304909646855, 0.12462728343864157, 0.011242298554275628], [0.06212329388504399, 0.8444776811137307, 0.014770491642820278, 0.07862853325840506], [0.029356875295103804, 0.08621533092063569, 0.8328829165168246, 0.05154487716743599], [0.012138150465950445, 0.04298260046734711, 0.9214877248897652, 0.02339152407693725], [0.1342707422720653, 0.33728244834506854, 0.5071841468393553, 0.021262662443510827], [0.23971184393688474, 0.6830019156947768, 0.014640173450654975, 0.0626460668176835], [0.09040438349161989, 0.8443161117007042, 0.05749295156051286, 0.007786553147163018], [0.1216860431270971, 0.8061315637145788, 0.018105049704018515, 0.05407734335430555], [0.08067806893183588, 0.0987654098291314, 0.7786824064257907, 0.041874114713242004], [0.09871646273272239, 0.11532036514634993, 0.730553526782483, 0.055409645238444674], [0.021490475360860333, 0.4181817808532304, 0.49711770277265405, 0.06321004091325522], [0.013220269756681828, 0.26120301275723995, 0.7000880621577823, 0.025488655228295878], [0.008391539910559982, 0.8292129651829522, 0.15109903053506143, 0.011296464271426415], [0.00787489261317236, 0.6550502017496422, 0.32967638165841284, 0.007398523878772542], [0.004554470424628571, 0.9679668906414194, 0.023131191168078536, 0.004347447665873502], [0.0059609343291818625, 0.9714257120114694, 0.016460847107910112, 0.006152506451438534]], "ideal": "B", "sampled": "C", "correct": false}}
{"type": "result", "data": {"idx": 9, "options": ["Dynamic", "Fluid", "Flexible", "Modern"], "probs": [[0.001749462368337717, 0.9949764685928124, 0.0031672940763817804, 0.00010677486246810796], [0.001047406534740288, 0.997704702716268, 0.0010807248312878117, 0.00016716581770389176], [0.0010121486822463862, 0.019074236925581516, 0.979393002878811, 0.0005206114133610341], [0.002182983347769303, 0.12298855298820859, 0.006317851657513662, 0.8685106119065085], [0.000246769211361762, 0.0016198020014668313, 0.9975863749588167, 0.0005470537283546959], [0.0006431771339087621, 0.005771286331793677, 0.9565109630201264, 0.037074573414171204], [0.48496239147458475, 0.2052168049024969, 0.3084041398031852, 0.001416663719733137], [0.438534729237936, 0.48152213476681943, 0.01958155785261598, 0.06036157804262854], [0.14332603248033607, 0.43442049086114914, 0.42143985197739775, 0.0008136245811170468], [0.08786042381509586, 0.9012029526795815, 0.006885987047026932, 0.004050636358295671], [0.015421863842596332, 0.03583717175615603, 0.9252149022321178, 0.02352606206912989], [0.025726341445091745, 0.04238403402585485, 0.921655614472203, 0.010234009956850356], [0.0019848262768700432, 0.04656263213262404, 0.9509625299633279, 0.0004900115271780055], [0.003169341952696182, 0.21538534818499275, 0.0046858023978343915, 0.7767595073644766], [0.0010641121157501591, 0.9976872721840713, 0.001205689801806587, 4.292579837195777e-05], [0.0005747796929955854, 0.9988197618827631, 0.0005399101029155955, 6.554822132571892e-05], [0.0006802357472776896, 0.007250524375380077, 0.965517020077568, 0.026552219699774185], [0.00021112878507494905, 0.0018934944773834996, 0.9974275071348523, 0.00046786950268928044], [0.0005285498100089576, 0.027086229901667022, 0.9708561339400695, 0.0015290862482545194], [0.002092902616622735, 0.24559385382515792, 0.6784976345250049, 0.0738156089332145], [0.0007951062169007628, 0.9955998045560774, 0.0033213714670660786, 0.00028371765995574165], [0.0007186279509224285, 0.9958051209886617, 0.0032198474117633687, 0.0002564035486525261], [0.0020146477381276545, 0.4928032840266325, 0.48544607397972417, 0.01973599415551569], [0.0006804501876486657, 0.118848507487341, 0.8789856747656837, 0.001485367459326647]], "ideal": "C", "sampled": "B", "correct": false}}
{"type": "result", "data": {"idx": 10, "options": ["Breadth, Clarity, Accuracy", "Disclosure, Detail, Accuracy", "Disclosure, Clarity, Accuracy", "Disclosure, Clarity, Efficiency"], "probs": [[0.006049160909408474, 0.9862874850395706, 0.006857088373686815, 0.0008062655773340635], [0.008246077615455299, 0.9612073161810304, 0.0032840195737149375, 0.02726258652979938], [0.005121453633979643, 0.9917593537914192, 0.0024204386716322355, 0.0006987538029688822], [0.005988935365711733, 0.992122709297892, 0.0013689316926857055, 0.0005194235437105056], [0.01586130278988978, 0.8137700647840862, 0.03749047633806263, 0.1328781559879614], [0.007995462733590001, 0.8152881017100027, 0.17368150720065656, 0.0030349282557507592], [0.03482025817612905, 0.6883576425102167, 0.273963358506633, 0.002858740707021249], [0.043530174244017124, 0.7363672365460628, 0.047841110043526494, 0.17226147906639355], [0.010781947032128002, 0.9860710648461501, 0.0022617335332150387, 0.0008852544885067844], [0.009837868708709218, 0.9881192870781755, 0.0017925807730257747, 0.0002502633400894705], [0.019291183534968007, 0.8465211635001577, 0.006368245181377805, 0.12781940768349648], [0.008354227784742723, 0.9066588474610674, 0.08437222230664466, 0.0006147023475451837], [0.22325194850073177, 0.19389949285582908, 0.5704465971119551, 0.01240196143148403], [0.4876560224882123, 0.4236293991265997, 0.06203797028675584, 0.026676607998432165], [0.0731116556303759, 0.9191692420318975, 0.004161820919565529, 0.0035572813181609848], [0.0870210910439786, 0.9069375495170259, 0.004837668553858878, 0.0012036907851366166], [0.5502959243270643, 0.3285638244763549, 0.041812000785520706, 0.07932825031106004], [0.41298312271573845, 0.14719644303933221, 0.4330392215720715, 0.006781212572857905], [0.034576079973286745, 0.08829068403063602, 0.613366835158215, 0.2637664007378622], [0.015110795739968385, 0.03050063621892229, 0.9505693539043978, 0.003819214036711556], [0.02338028393898007, 0.7990975609852206, 0.00998750078355905, 0.16753465419224034], [0.012472294413489701, 0.2836303445319374, 0.7026722511463988, 0.0012251098081741377], [0.020122214203390828, 0.9697891016691178, 0.004322361928649817, 0.005766322098841499], [0.016647996534158462, 0.9676456431029263, 0.01469834326863633, 0.001008016994278856]], "ideal": "C", "sampled": "C", "correct": true}}
{"type": "result", "data": {"idx": 11, "options": ["Indistinguishable, Perpetual, Does not own its own assets", "Independent, Limited, Owns its own assets", "Independent, Perpetual, Owns its own assets", "Indistinguishable, Perpetual, Owns its own assets"], "probs": [[0.008411315988741173, 0.8712011951804377, 0.10736377266203057, 0.013023716068790532], [0.00498107014462487, 0.9716373396004504, 0.010961727847837438, 0.012419862307087299], [0.008826869298246916, 0.8862279749922379, 0.08505583473998804, 0.019889320869527154], [0.009374087783051571, 0.9412464349598253, 0.040711172707619356, 0.008668304449503755], [0.015571826179552327, 0.6830146331113817, 0.24355924195100156, 0.057854298658064414], [0.0176893913428334, 0.7880671936728326, 0.170441412837175, 0.023802002047158967], [0.01301314891954254, 0.035350011644189855, 0.9269547565505354, 0.02468208278573217], [0.017478886983093186, 0.1737416272870173, 0.7668572881625874, 0.04192219746730211], [0.02422112645179912, 0.753424541285988, 0.09139849461939138, 0.13095583754282147], [0.019363844644183212, 0.9475616437070775, 0.0199732294313611, 0.013101282117378179], [0.02328088766605973, 0.8206865389236989, 0.10596730790876023, 0.050065265401481165], [0.022538058347071063, 0.32590308909315246, 0.6383121050243489, 0.013246747435427628], [0.014103739614204795, 0.04768396887390832, 0.9004865941975874, 0.037725697214299456], [0.012992884309442005, 0.08466536732224056, 0.8828469703073477, 0.019494777960969746], [0.011982012087423319, 0.9225180517595463, 0.02496692451731949, 0.040533011535710935], [0.00953365548249685, 0.9723448399213576, 0.012429474400278083, 0.005692030095867486], [0.023127107852003795, 0.8280281747582131, 0.12498459707566813, 0.023860120214114978], [0.025851279879775566, 0.5272866565547599, 0.423689997506837, 0.023172065958627475], [0.019542368964152994, 0.28267611281271005, 0.5985263245813033, 0.09925519354183363], [0.019864693948064026, 0.21349344371151205, 0.7338925845374651, 0.03274927770295885], [0.01092013174650965, 0.8950592845440353, 0.03310904420285172, 0.060911539406603404], [0.01067248854396379, 0.74784697597613, 0.23535312797141164, 0.006127407408494503], [0.011950066612445442, 0.9199879399881619, 0.05611213809717701, 0.01194985520221571], [0.009460551588395138, 0.878433339706618, 0.10490952348057597, 0.007196585124410967]], "ideal": "C", "sampled": "C", "correct": true}}
{"type": "result", "data": {"idx": 12, "options": ["Private services, social, economic and environmental", "Public services, social, cultural and environmental", "Private services, cultural, economic and environmental", "Public services, social, economic and environmental"], "probs": [[0.11319611182204425, 0.8766795962377486, 0.0013646591640138826, 0.00875963267619328], [0.01752890783367632, 0.06601930223785317, 0.9149553518171678, 0.0014964380113027301], [0.050104675074579434, 0.0421570021471024, 0.8763504280209049, 0.03138789465741328], [0.010191401841808114, 0.010174625927654151, 0.9784641029933265, 0.0011698691372111912], [0.04140286083186994, 0.9576878664336747, 0.0008478145513193475, 6.145808313601457e-05], [0.06002175151745298, 0.9393428690086025, 0.000576471954193298, 5.890741975121289e-05], [0.32947253226393336, 0.2030231297802958, 0.014963416880487829, 0.45254092097528303], [0.004931068813957681, 0.006940038642176364, 0.9867393043774898, 0.0013895880663761144], [0.17863889728314403, 0.1306100280179591, 0.5597094642686168, 0.1310416103302801], [0.008867033451866405, 0.009573255335873262, 0.9800433178950765, 0.0015163932171838158], [0.01852664540696865, 0.980757714889608, 0.0006756749946276362, 3.9964608795725867e-05], [0.015646187909042777, 0.9836098774342746, 0.0006724970800122121, 7.143747667036076e-05], [0.023549003326828046, 0.9554624476453717, 0.01619690642923928, 0.00479164249856092], [0.022441344080017026, 0.33987313121794227, 0.6360966490758841, 0.0015888755261565372], [0.009989533532662149, 0.9880545966007839, 0.0014086374806447062, 0.000547232285909235], [0.007402643563208299, 0.9847906830381187, 0.007523611655471393, 0.00028306164320162925], [0.012594316847994853, 0.9855212979009088, 0.0017204766302212544, 0.00016390852087503038], [0.010307156838591456, 0.9883658632953177, 0.0011492788724889, 0.00017770089360185937], [0.9679110228211935, 0.027037833185602714, 0.0049295061484842485, 0.00012163774471956716], [0.94844102211458, 0.047979975944051276, 0.0014979458321727772, 0.002081056009195906], [0.5034190450491519, 0.4957794291740184, 0.0007642933362189346, 3.723234061069389e-05], [0.3845076794014831, 0.6145980850302006, 0.0008107061593686901, 8.352930894749303e-05], [0.16082685008653924, 0.04323276216466532, 0.7934200322037822, 0.0025203554450132356], [0.10106920309899689, 0.02253091676387319, 0.8752937790807532, 0.0011061009563766249]], "ideal": "D", "sampled": "D", "correct": true}}
{"type": "result", "data": {"idx": 13, "options": ["Predatory pricing", "Deceptive pricing", "Price fixing", "Skimming"], "probs": [[0.0004836006786593323, 0.9994216437007329, 7.133985402502698e-05, 2.341566658266719e-05], [0.0004950090707610033, 0.9993498436991426, 9.90334121775113e-05, 5.611371791887053e-05], [0.001576513763041644, 0.009799179906845782, 0.9854409045515816, 0.0031834016785309105], [0.0003727376074480243, 0.0009391558465179233, 0.0005469028697840124, 0.99814120357625], [0.0005986331356724493, 0.004524019063576506, 0.9935701450863271, 0.0013072026144239396], [0.0004927066926815138, 0.0013422206645988739, 0.001860081333846985, 0.9963049912088726], [0.9927872272958261, 0.0063845772070302296, 0.0005625261515999917, 0.00026566924554366353], [0.9911341642346191, 0.007688879009613918, 0.0006617372470722225, 0.0005152194086947805], [0.9917447258294959, 0.007457047916947883, 0.000499847534160078, 0.0002983786193960992], [0.9888282544384457, 0.009852491701311928, 0.000736661644603761, 0.000582592115638559], [0.9906969167986205, 0.008181498027439152, 0.0006878427129311512, 0.00043374236100920884], [0.9897710699560006, 0.00897911099541605, 0.0007848369438047589, 0.0004649820047786084], [0.002887641164148821, 0.010882045460507256, 0.9813228536455902, 0.004907459629753645], [0.0006853874223226767, 0.001168437810347302, 0.0007020252662360751, 0.9974441494010939], [0.00419203093041304, 0.9947193039676874, 0.0006531424640331847, 0.000435522537866357], [0.0039952110020838, 0.9942162977437884, 0.000768909781339937, 0.001019581372787853], [0.001011020875328044, 0.0015699456324068772, 0.0015422820917058858, 0.9958767513005592], [0.002515891580125025, 0.009125731759920975, 0.9766376685514464, 0.011720708008507533], [0.0010719730974077715, 0.006558444667843644, 0.9905892385838994, 0.0017803435508492458], [0.0008910131347480599, 0.0022097301389202035, 0.002008912763065265, 0.9948903438632665], [0.0010972538925108895, 0.9980974970793592, 0.00041968687601171283, 0.0003855620521181938], [0.0014524002860766122, 0.9977743992567947, 0.00035320933810151803, 0.0004199910190272361], [0.0014006765130793923, 0.0033157199499962427, 0.0011261773188673855, 0.994157426118057], [0.005998676228759677, 0.0256345850418212, 0.9486966074393928, 0.01967013119002639]], "ideal": "B", "sampled": "B", "correct": true}}
{"type": "result", "data": {"idx": 14, "options": ["Normative, Descriptive and Economic", "Normative, Moral and Instrumental", "Political, Descriptive and Instrumental", "Normative, Descriptive and Instrumental"], "probs": [[0.006647055565591591, 0.9411541844940953, 0.00605541710345791, 0.04614334273685526], [0.005315671835420002, 0.981319371157162, 0.012951943279858711, 0.0004130136275593268], [0.06441144331424291, 0.4005610316967446, 0.42019003462844057, 0.11483749026057191], [0.015332098267358504, 0.0596398977747328, 0.920130678976489, 0.0048973248814196], [0.0075102809289234185, 0.9833112046126089, 0.00851203381004266, 0.0006664805484250593], [0.009926032634498061, 0.9811329600949186, 0.003950490293693674, 0.004990516876889678], [0.5256100092012098, 0.16529133655648576, 0.044540825820046974, 0.26455782832225744], [0.36965121121706723, 0.09937200295120349, 0.5297444050594384, 0.0012323806722908297], [0.5272852181861021, 0.1908520757961156, 0.07840891181638548, 0.20345379410139686], [0.5185968035414605, 0.1330215421208451, 0.34553111951200044, 0.0028505347256939134], [0.5051036934943925, 0.48925422096548127, 0.004801595087479664, 0.0008404903526464773], [0.4893655581010318, 0.4967277749656133, 0.0063595093250331585, 0.007547157508321734], [0.5757188189651306, 0.3545430891707959, 0.04238302997377058, 0.027355061790303], [0.16639272366694077, 0.11976110901393144, 0.7119982665427392, 0.001847900676388516], [0.23795433184948706, 0.7102202130036421, 0.01046300951916303, 0.041362445527707806], [0.2218520006586433, 0.7385006914199247, 0.03856223268335579, 0.0010850751380762187], [0.1911066547759106, 0.8044009525329978, 0.003557654703383909, 0.0009347378877076798], [0.15549951272476073, 0.8404693918889151, 0.0034917542941820434, 0.0005393409921421187], [0.6322716260606107, 0.2019081535771026, 0.1623979905046821, 0.0034222297576046315], [0.6815441326288034, 0.23536637686111428, 0.036701966483595555, 0.04638752392648669], [0.5075742249242703, 0.476490639604726, 0.013529163501504099, 0.00240597186949962], [0.49727248415798603, 0.43173208592001, 0.023265795909090135, 0.047729633912913835], [0.6119605575766396, 0.19543620325620562, 0.16996300978583734, 0.02264022928131747], [0.6343293531385504, 0.19328748403851326, 0.16039934110418483, 0.011983821618751545]], "ideal": "D", "sampled": "D", "correct": true}}
{"type": "result", "data": {"idx": 15, "options": ["Work-life balance", "Healthy and safe working conditions", "Employee privacy", "Free Speech"], "probs": [[0.0002534759410841743, 0.9996187111802748, 0.0001159459209401695, 1.1866857700913976e-05], [0.0002475082730999297, 0.9995788353124765, 0.0001583059546852085, 1.535035973832014e-05], [9.000737129284398e-05, 0.0003591329708566002, 0.999324353327384, 0.00022650623046651104], [4.899028426605405e-05, 6.574185344314976e-05, 6.247260542189856e-05, 0.9998227951568689], [8.929532933572019e-05, 0.00037067065239596557, 0.9993401073568372, 0.00019992656143110352], [8.793187156596727e-05, 0.00017281526230861875, 0.00019984397600734407, 0.999539408790118], [0.9996488910724302, 0.00026374155248293896, 7.613827514145681e-05, 1.1228999945441136e-05], [0.9996120956383594, 0.00028305460075918104, 9.042553598667157e-05, 1.442412489478253e-05], [0.9996419212546463, 0.00030350240619211264, 4.655128698616656e-05, 8.024952175351133e-06], [0.999537383342409, 0.0003836056179776684, 6.878455142911804e-05, 1.0226388184184848e-05], [0.999397569555848, 0.0005326692129331715, 5.9771209331512743e-05, 9.989921887309913e-06], [0.9992942944187544, 0.0006177683909455083, 7.855211984795098e-05, 9.38497045217796e-06], [6.743382251168488e-05, 0.00021792032917890308, 0.9994863861960552, 0.00022825955225415015], [2.426479178082703e-05, 2.702711300747054e-05, 5.261658759389482e-05, 0.9998960914076178], [0.0002271159428435668, 0.9996925432682934, 7.034945771377698e-05, 9.991231149310396e-06], [0.00023426864447773508, 0.9996341258369656, 0.00012045880179088484, 1.1146616765773248e-05], [4.324663735551737e-05, 6.888398730625976e-05, 4.866926311858619e-05, 0.9998392000122196], [8.583346798304553e-05, 0.0003170335305829413, 0.9994108185193838, 0.00018631438205012735], [9.420627783204133e-05, 0.0004102307795729028, 0.9993422809392383, 0.000153281903356769], [5.419680096577728e-05, 0.00011522500590892838, 0.0001778204921623009, 0.999652757600963], [0.00020672194666529158, 0.9997393980521561, 4.506724192488232e-05, 8.812659253734102e-06], [0.00021665551664742572, 0.9997147144418808, 6.015331275842404e-05, 8.476628713399903e-06], [8.267707297320279e-05, 0.00025349868604144057, 7.836889139130995e-05, 0.9995854552495941], [0.00011815729840972923, 0.0008276035301347194, 0.9989046128116813, 0.00014962625977424154]], "ideal": "B", "sampled": "B", "correct": true}}
