{"type": "result", "data": {"idx": 0, "options": ["r = k ln[A]", "r = k [A]^2", "r = k [A]", "r = k"], "probs": [[0.20449080489884952, 0.25841217508529124, 0.5145035837866814, 0.02259343612917789], [0.19827682959700682, 0.3217524779565732, 0.39465262854042715, 0.08531806380599283], [0.14456605721316537, 0.8062935365599724, 0.04017918131610123, 0.008961224810761071], [0.09036675624866279, 0.8572894240889539, 0.03770345297760252, 0.014640366584780717], [0.3202705478428572, 0.43773604739508776, 0.1294977703411355, 0.11249563432091957], [0.16745345604707387, 0.3227007150830371, 0.4554750705702185, 0.05437075819967049], [0.12003485000390825, 0.6287922203955816, 0.23517504113074192, 0.01599788836976826], [0.11906071675636146, 0.7407283867770473, 0.11192227127564545, 0.02828862509094577], [0.23266206609397133, 0.42780435192599103, 0.3182213986794376, 0.021312183200600028], [0.25473274031537657, 0.5830338283024321, 0.10965097480460723, 0.052582456477584076], [0.18687338470468026, 0.4412796098124601, 0.2807278460308851, 0.09111915935197454], [0.18996816871650732, 0.5083395838229148, 0.1731012016361704, 0.12859104572440744], [0.31885392713622057, 0.6440961009368475, 0.03160330480692283, 0.005446667020009037], [0.367023464733612, 0.6050802415113595, 0.023485755337740815, 0.004410538317287628], [0.4390936656508238, 0.3472616267419228, 0.20118393873733287, 0.012460768769920492], [0.4426714761013003, 0.46387669266637865, 0.06187209835822521, 0.031579732774095814], [0.506124048796805, 0.3117356480044665, 0.15936810696843137, 0.02277219613029716], [0.5010886453158783, 0.3902276659485408, 0.06277918397345901, 0.045904504662121925], [0.1772787524547053, 0.7464023037074051, 0.04084642124540578, 0.03547252249248376], [0.11793032659004091, 0.7336863642333864, 0.1236606797038195, 0.02472262937275323], [0.14900949928930793, 0.3356858566593533, 0.4739152894570312, 0.04138935449430752], [0.18501079244648172, 0.5787901203163941, 0.1487793757271441, 0.08741971140998013], [0.07743142854537563, 0.5993682981547714, 0.3112325196616165, 0.01196775353823637], [0.12627286188058184, 0.785680621250405, 0.05186177237788427, 0.036184744391128856]], "ideal": "D", "sampled": "C", "correct": false}}
{"type": "result", "data": {"idx": 1, "options": ["all molecular bonds absorb IR radiation", "IR peak intensities are related to molecular mass", "most organic functional groups absorb in a characteristic region of the IR spectrum", "each element absorbs at a characteristic wavelength"], "probs": [[5.824721559860841e-05, 0.0002375718867214106, 0.9994153255114978, 0.00028885528618211866], [8.200534621282536e-05, 0.0002650272443931147, 0.000535030720350388, 0.9991179365890437], [0.0001986564402008444, 0.9995760316312065, 0.0002065325779418335, 1.8779250650840745e-05], [0.0001409130767307651, 0.9996170136682755, 0.00022510775939540593, 1.696539559837553e-05], [7.821224046499751e-05, 0.00024502201630186287, 0.0012926627525570156, 0.9983841028906761], [4.792185151896145e-05, 0.0002691481544806783, 0.9991601293377742, 0.0005228005562261133], [7.137622607708942e-05, 0.00029106149425932694, 0.9993509038906936, 0.0002866582889700114], [0.0001517648683223681, 0.0006919471340634511, 0.001029784842222731, 0.9981265030553914], [0.00012825254548358992, 0.999747857220702, 0.00011056123154495719, 1.3328902269400102e-05], [9.3865552461088e-05, 0.9997512749677703, 0.0001376111247361693, 1.7248255032461517e-05], [0.000384937350521309, 0.002067834862806069, 0.0211933412051463, 0.9763538864815263], [6.702850572490302e-05, 0.0003348286074782446, 0.9990010617834482, 0.0005970810033486795], [0.9975757249582272, 0.0019579614054166675, 0.000416917745096446, 4.939579125971917e-05], [0.9970196134285267, 0.002511884080007476, 0.00041343596677508547, 5.506642469066134e-05], [0.9973009811153442, 0.002019557754178077, 0.0006256486305350624, 5.38123999426826e-05], [0.9953606463314134, 0.0036484176731766387, 0.0007245708066656148, 0.00026636508874427995], [0.9963737878289918, 0.0030278633810792155, 0.0005388485233588492, 5.950016657019178e-05], [0.9945502410287129, 0.004536897856117375, 0.0006339498117990997, 0.00027891120337055945], [0.0001667350692657159, 0.0007965243917486786, 0.0010963764025878485, 0.9979403640363977], [0.00014851877198113553, 0.001087983519660927, 0.9979026010979967, 0.0008608965103613006], [0.0003377411703155411, 0.001900636911855702, 0.004521218149121011, 0.9932404036687077], [0.00010294044639957655, 0.0005023911441735274, 0.9988296189455984, 0.0005650493638284874], [0.00017262158082315685, 0.9995001205051585, 0.00029352946008270723, 3.3728353935706135e-05], [0.00017532311504917395, 0.9994414817411048, 0.00033781324559636775, 4.538179824960199e-05]], "ideal": "C", "sampled": "C", "correct": true}}
{"type": "result", "data": {"idx": 2, "options": ["2", "3", "4", "5"], "probs": [[0.0748031547357598, 0.720833097291262, 0.19407417799992907, 0.010289569873049137], [0.04583458482447096, 0.47016863784267954, 0.44882376807252167, 0.03517300916032779], [0.029463923600244094, 0.11470892687733474, 0.8481960046950275, 0.007631144727393568], [0.0581095183512183, 0.5019977110941795, 0.32421124099011817, 0.11568152946448411], [0.026948670957051467, 0.15997684998771788, 0.8003359786262524, 0.012738500328978247], [0.033118474361604686, 0.3397354692694992, 0.5781565157226645, 0.04898954054623158], [0.08139708187966258, 0.2355054404208669, 0.6711789016648287, 0.011918575934641728], [0.05030205175227643, 0.1187897565661754, 0.7871710774583885, 0.043737114123159636], [0.092237360766247, 0.1593513190586956, 0.7257923483122779, 0.022618971762779452], [0.16666276751282133, 0.3639938830965352, 0.35289531942653296, 0.1164480298641105], [0.06497067212408765, 0.3051370382003823, 0.5792526006119356, 0.05063968896359448], [0.07821818161529025, 0.35604049893874895, 0.5263811663090018, 0.03936015303695903], [0.024207875352938817, 0.08715709303754632, 0.8809531493052605, 0.007681882204254408], [0.0640040537649444, 0.31998209950174966, 0.5445389544218522, 0.07147489221145376], [0.09918919389427967, 0.2960725183502397, 0.5800237167051013, 0.024714570950379326], [0.13465658029545718, 0.371760403651976, 0.42143068341318535, 0.07215233253938148], [0.04940146451020106, 0.11307368131521692, 0.7493665618237794, 0.08815829225080264], [0.04351571760476057, 0.07062058592575622, 0.8610509860321879, 0.02481271033729527], [0.02719206878432548, 0.11268915801512489, 0.8464356525984672, 0.013683120502082386], [0.027873321177171055, 0.12491377744297097, 0.8151028948884032, 0.032110006391454844], [0.06219891678251352, 0.3809711769558473, 0.5292024203137209, 0.027627485847918302], [0.059715054700829016, 0.29389184600941487, 0.612864611188635, 0.03352848800112117], [0.04629329315597055, 0.09801165919446377, 0.6913551275423152, 0.1643399200072505], [0.059545356311203224, 0.08011730954626432, 0.8354948546575766, 0.024842479384955915]], "ideal": "D", "sampled": "B", "correct": false}}
{"type": "result", "data": {"idx": 3, "options": ["The I\u2212 : IO3\u2212 ratio is 3:1.", "The MnO4- : I- ratio is 6:5.", "The MnO4- : Mn2+ ratio is 3:1.", "The H+ : I\u2212 ratio is 2:1."], "probs": [[0.11736712649082924, 0.43616035956787375, 0.3564544107286667, 0.09001810311263034], [0.12204444207719416, 0.4327945008200268, 0.33224131158730835, 0.11291974541547067], [0.08617725158234013, 0.34085547666676075, 0.4812160097980888, 0.09175126185281034], [0.11007540090883818, 0.4492390818331285, 0.2727868299328713, 0.16789868722516207], [0.09914429860523205, 0.46576811123570805, 0.3358987146317815, 0.09918887542727838], [0.0713301620212441, 0.38567106081178676, 0.4307475217968873, 0.11225125527008184], [0.05415795742923844, 0.713631510663195, 0.15214113889603315, 0.08006939291153346], [0.053280671182919716, 0.6804481870829139, 0.186255726688649, 0.0800154149455174], [0.11892567448976284, 0.49308320466402455, 0.2444489725519856, 0.14354214819422698], [0.10361601820576961, 0.4869040338457257, 0.20645655026165607, 0.2030233975868486], [0.06854442659551868, 0.3428141252982706, 0.48406646732764225, 0.10457498067856849], [0.08552675629649552, 0.434503283796198, 0.3388742182893864, 0.14109574151792006], [0.13697783178046222, 0.3841638254857219, 0.3670292769772305, 0.11182906565658533], [0.15331273464723438, 0.38543255856202663, 0.300538344675275, 0.16071636201546396], [0.13955537107183894, 0.4871568003028802, 0.2611045655840852, 0.11218326294119566], [0.12827591787897158, 0.4995827152763318, 0.2021173417681598, 0.17002402497653682], [0.11914674546560512, 0.3289634385067111, 0.4363799522792013, 0.11550986364848247], [0.10774039899999154, 0.29748787586432457, 0.45420991016227047, 0.14056181487341338], [0.10104786837299204, 0.555045837224619, 0.2428111817932606, 0.10109511250912835], [0.08137886849157523, 0.514449111850537, 0.28004198846338213, 0.12413003109450559], [0.11908204338181157, 0.3611741361623101, 0.4162441832803136, 0.1034996370755647], [0.12145931474576825, 0.38607485352731546, 0.3746975790469752, 0.11776825257994104], [0.13168212653534386, 0.48931323620541284, 0.23878062769564934, 0.14022400946359395], [0.10940420289004307, 0.41293938502039423, 0.3536458444854816, 0.1240105675040811]], "ideal": "B", "sampled": "A", "correct": false}}
{"type": "result", "data": {"idx": 4, "options": ["always", "only for constant pressure processes", "only for constant temperature processes", "only for constant volume processes"], "probs": [[0.012085223341290238, 0.8742121214627137, 0.03609293725206704, 0.0776097178439291], [0.011089541194283183, 0.8671947723270089, 0.11027359211648557, 0.011442094262222325], [0.00876111838557709, 0.6587944195761455, 0.3064909952155758, 0.025953466722701553], [0.009994491346853812, 0.8191241903413481, 0.13374239665838722, 0.037138921553410906], [0.010771355791269383, 0.4009277596841621, 0.5745779382343068, 0.013722946190261686], [0.021227495070533717, 0.6302128830040743, 0.14064944833779394, 0.207910173487598], [0.10891008553033794, 0.2305777697478298, 0.15610130805668002, 0.5044108365651522], [0.1472760918725399, 0.5302772639968584, 0.2840100590006877, 0.03843658502991399], [0.03169419639757875, 0.14885512103779033, 0.5620923679660863, 0.25735831449854457], [0.020434423593959417, 0.052175479117855854, 0.8426837041721718, 0.08470639301601292], [0.07501942365727197, 0.40545966653701176, 0.48179477339902255, 0.03772613630669369], [0.1060310107647688, 0.3643337622963445, 0.2751567836505637, 0.254478443188323], [0.07824113731075313, 0.18188879840078603, 0.5520353152189362, 0.18783474896952457], [0.09579932831460879, 0.33434528607281344, 0.38505960080736146, 0.1847957847052163], [0.05866316924908417, 0.5742218940147481, 0.22851219175115445, 0.13860274488501323], [0.04665063070245887, 0.23321460793257484, 0.6343146131305957, 0.0858201481343706], [0.04580427350317957, 0.4924151021212225, 0.2595894048088085, 0.2021912194667894], [0.038384528973532006, 0.18025378075285248, 0.7246290120668718, 0.05673267810674368], [0.06129646688846693, 0.31120329082795284, 0.600294925976171, 0.027205316207409232], [0.0915181230595738, 0.2908463905839225, 0.2196434536197239, 0.39799203263677985], [0.05560556363944209, 0.6668034716758513, 0.24540500066130405, 0.03218596392340259], [0.0633337218499544, 0.5915726002927902, 0.14057065964040108, 0.20452301811685422], [0.0228847894257372, 0.21374970274237426, 0.5210339925469594, 0.24233151518492918], [0.013108500599085778, 0.05432442322182078, 0.8773785420105468, 0.0551885340685467]], "ideal": "B", "sampled": "B", "correct": true}}
{"type": "result", "data": {"idx": 5, "options": ["3 lines", "9 lines", "5 lines", "7 lines"], "probs": [[0.07553626314777771, 0.11699606786258046, 0.78744885364314, 0.02001881524650183], [0.07738533273830027, 0.14917018295965456, 0.7345241094515483, 0.03892037475049676], [0.21150865367762833, 0.2982837359478572, 0.44789214439319924, 0.04231546588131523], [0.3242853617822793, 0.33458605779251716, 0.30951097950422973, 0.03161760082097379], [0.1717530392821653, 0.3310778253709723, 0.4387177281359484, 0.05845140711091403], [0.12028530658851969, 0.16700291759369115, 0.6924494578879256, 0.020262317829863544], [0.057073416020927116, 0.7062477083169798, 0.22578362301069554, 0.010895252551397507], [0.06819010377167528, 0.6469806402425385, 0.2655901545071574, 0.019239101378628748], [0.05291286704633156, 0.5020160288892852, 0.43629516995180007, 0.008775934012583197], [0.08327147471804267, 0.6972507355946248, 0.1936736603112026, 0.025804129276129906], [0.06757007586450714, 0.18656990629413667, 0.7267971294917157, 0.019062888249640406], [0.08846469123747654, 0.2559944362385008, 0.6239901114675386, 0.031550760956484014], [0.10893440007699957, 0.5116443871774543, 0.3572840856628876, 0.022137126982658538], [0.12490936623922975, 0.6148318407228641, 0.2446211629543874, 0.015637629983518704], [0.06302789375015765, 0.08350179793123691, 0.830638975227745, 0.022831332990860428], [0.0941096533654064, 0.13693825746144847, 0.7177728333600384, 0.05117925571310669], [0.07071418024691119, 0.07766514697521394, 0.8353399291218716, 0.016280743556003226], [0.20883936399966616, 0.24039474721848772, 0.4353945688693478, 0.11537131981249835], [0.09883453622340357, 0.7535193505612543, 0.1230373373278326, 0.024608775787509463], [0.07844798740995665, 0.7102200818136762, 0.19726408720108177, 0.014067843475285268], [0.0628078029052037, 0.06898536211189316, 0.8407641852940566, 0.0274426495888465], [0.0678914359675996, 0.07937974606042542, 0.81463837202909, 0.038090445842885054], [0.08573500010245412, 0.36664321775932746, 0.5336235130274091, 0.01399826901080931], [0.1423278578626662, 0.6182765867944692, 0.19459663039591094, 0.04479892484695367]], "ideal": "B", "sampled": "A", "correct": false}}
{"type": "result", "data": {"idx": 6, "options": ["Neutrons", "Alpha particles", "Beta particles", "X-rays"], "probs": [[0.024526325881576612, 0.9644504012108859, 0.006893404206658774, 0.004129868600878733], [0.028747978743592622, 0.95200232183735, 0.004339826918167228, 0.014909872400890128], [0.025122024315260116, 0.9425241424797591, 0.02569823545932367, 0.006655597645657082], [0.04084044135808611, 0.9295378154586484, 0.006353224916966491, 0.023268518166298935], [0.016394032438595114, 0.18750989749566133, 0.7102043747039709, 0.08589169526177269], [0.02713074353649127, 0.3743597275656861, 0.4824647911946525, 0.1160447376031701], [0.010362572416868712, 0.9773243145901473, 0.004249566008633416, 0.008063546884350488], [0.010837741820864657, 0.9601323561976781, 0.004242062813185534, 0.024787839068271637], [0.01894843531296758, 0.9125558212342905, 0.05506563218708366, 0.013430111165658324], [0.026078905162242646, 0.7047620716908779, 0.00985100162410022, 0.2593080214227792], [0.014331732701648602, 0.2170953277074269, 0.7033633503883643, 0.06520958910256021], [0.023412144376153028, 0.4415267812388835, 0.36739216140727304, 0.16766891287769045], [0.010503629074727879, 0.9750570517680126, 0.00766237302147007, 0.006776946035789456], [0.010757490360292634, 0.9678536680725369, 0.004997661974849809, 0.01639117949232059], [0.021901470389403228, 0.945578188629547, 0.02421074439284992, 0.008309596488199794], [0.022638911153775098, 0.9040579404463485, 0.00882453235231791, 0.06447861594755847], [0.015438652782742654, 0.7205073919978293, 0.22759856556946703, 0.03645538954996103], [0.02616240304286077, 0.6958656997116299, 0.1511650850065797, 0.12680681213892958], [0.003646294229638414, 0.956969350866888, 0.025301227854920557, 0.014083126948553022], [0.0034340530603959407, 0.9747663994674456, 0.008946175761353087, 0.012853371610805343], [0.004420767616455599, 0.9542845247264851, 0.03496439821048854, 0.006330309346570829], [0.004861748001024346, 0.9707688664999764, 0.015568477969511977, 0.008800907429487305], [0.003389868190391522, 0.961912030501378, 0.02879679939629511, 0.0059013018119353534], [0.0043233776445839615, 0.9555055885045063, 0.029046914832925996, 0.011124118917983735]], "ideal": "A", "sampled": "A", "correct": true}}
{"type": "result", "data": {"idx": 7, "options": ["Strong oxidizing conditions", "Low-spin electron configuration", "Metallic physical properties", "Unpaired electrons"], "probs": [[0.004692860108923103, 0.019167638111062812, 0.008507651569200313, 0.9676318501108138], [0.004221086173863836, 0.031916702187884186, 0.9195584601659564, 0.04430375137229556], [0.01644620732970759, 0.06611487515037505, 0.03274329500851782, 0.8846956224113995], [0.000732893493274999, 0.00402246007390529, 0.9852952627380651, 0.00994938359475461], [0.0007252329287803531, 0.9970269878872547, 0.0014882909444155158, 0.0007594881395494088], [0.0006555082606316987, 0.9974938778698416, 0.0012058731114161108, 0.000644740658110587], [0.003116968951968731, 0.0056046507514249675, 0.0037056860672217036, 0.9875726941293846], [0.0014338827973508844, 0.0056687460451821225, 0.9694096197740706, 0.023487751283396422], [0.00790915498131027, 0.016751089070377242, 0.0015842751823648637, 0.9737554806659476], [0.003526189701238555, 0.022974692962113408, 0.9631446287747706, 0.01035448846187741], [0.0010980040705883488, 0.9976506524211458, 0.0006820107194194395, 0.0005693326888464057], [0.0015844477397431158, 0.9970862461666788, 0.0009841799803129564, 0.00034512601326508593], [0.010374005144803041, 0.011228648222393634, 0.014193851763711294, 0.9642034947690921], [0.00046602884493698713, 0.001703903088604417, 0.993447854064809, 0.004382213901649666], [0.006651869122288585, 0.018958947449363724, 0.0018352714929058028, 0.9725539118354419], [0.006929931914274289, 0.05797858735500356, 0.9227473453731643, 0.012344135257557868], [0.0003406733683846833, 0.9992625290658133, 0.0002655092705372379, 0.00013128819526481261], [0.0004373698075309244, 0.9990610584566415, 0.00037728951822740635, 0.00012428211760017718], [0.9879490842570633, 0.009690445955139442, 0.0015001178419593165, 0.0008603518458379829], [0.9888462116186258, 0.008696224793708233, 0.0014109403538673697, 0.0010466231337985215], [0.9906192351265474, 0.008310549333178985, 0.0007216816398768398, 0.00034853380039677435], [0.9865519239500538, 0.011857398372511463, 0.0012914742674687673, 0.0002992033099660454], [0.9841982894560103, 0.014723332896181721, 0.0005502659241295419, 0.0005281116236784922], [0.9736453735551249, 0.025162034875863357, 0.0008830682308666051, 0.0003095232381451413]], "ideal": "D", "sampled": "D", "correct": true}}
{"type": "result", "data": {"idx": 8, "options": ["1:1", "1:3", "1:6", "2:3"], "probs": [[0.08037594409335395, 0.8378390360766983, 0.0755786793367257, 0.00620634039322208], [0.05772832214420836, 0.8223628125215305, 0.1148975601898048, 0.005011305044456323], [0.05926293674940991, 0.16363019675771992, 0.7696248026948836, 0.007482063697986549], [0.0812240369194723, 0.37563746114311963, 0.5220898839470414, 0.021048617890366713], [0.07165006333915945, 0.48965059246737996, 0.43252940672693446, 0.00616993736652612], [0.09287388154756104, 0.6758494632612543, 0.20953102844099164, 0.021745626650193], [0.2681416597493219, 0.40265371306030834, 0.30897510809226714, 0.020229518998102602], [0.2275600879497566, 0.3812004277884018, 0.37560733617486713, 0.015632147986974446], [0.21826303165654506, 0.25930482339728245, 0.5002724565085613, 0.022159688337611155], [0.20657737704966025, 0.2738095542053472, 0.4962115026231964, 0.023401566021796133], [0.19951208491245292, 0.2949993692508952, 0.48675428195890375, 0.018734263777748065], [0.26424485491599575, 0.36140877072141653, 0.34509798945220316, 0.029248384810384595], [0.06795497343805719, 0.1310162569892502, 0.791305527084671, 0.00972324238802166], [0.0964456669095347, 0.26641107198340824, 0.6010493173828781, 0.03609394362417896], [0.12045450058661986, 0.6617176285574617, 0.20511165985233143, 0.012716210903586978], [0.1092325253072894, 0.659094722579115, 0.2140872684577463, 0.017585483555849202], [0.10600541417763035, 0.4130277283391227, 0.4400300943429378, 0.040936763040309104], [0.08898267149821482, 0.2873519601587413, 0.6090052041644947, 0.01466016407854915], [0.1122530393322703, 0.2779264133653352, 0.5983381827803205, 0.01148236442207409], [0.15605244329599, 0.4448308431067071, 0.35217688140061026, 0.046939832096692655], [0.1981266751547714, 0.5559458177423778, 0.22831387985683607, 0.017613627146014728], [0.22520451455178112, 0.5937686617243394, 0.15742965187634586, 0.023597171747533594], [0.1494161762234734, 0.28379138878441035, 0.5063105149610593, 0.06048191993105699], [0.09249433546819141, 0.13893590374432274, 0.7520937652696683, 0.01647599541781757]], "ideal": "C", "sampled": "B", "correct": false}}
{"type": "result", "data": {"idx": 9, "options": ["T1, unlike T2, is sensitive to very low-frequency molecular motions.", "T2, unlike T1, is sensitive to very low-frequency molecular motions.", "T1, unlike T2, is sensitive to molecular motions at the Larmor frequency.", "T2, unlike T1, is sensitive to molecular motions at the Larmor frequency."], "probs": [[0.08212613660900171, 0.25289418066139174, 0.6174237428490724, 0.04755593978053411], [0.07260622787900883, 0.24174065750427484, 0.6585132442211855, 0.027139870295530798], [0.0691656287938111, 0.6984489975736853, 0.19416755103121947, 0.0382178225012841], [0.07945591476921124, 0.6651825531154391, 0.2265707330146977, 0.028790799000651925], [0.056949771816348235, 0.3598454226095701, 0.5670105577407737, 0.016194247733308003], [0.09174979443023844, 0.5447155812407372, 0.3307989525061892, 0.03273567172283525], [0.06083413122233179, 0.30410033008245957, 0.5963770657721268, 0.03868847282308181], [0.060769789367572595, 0.29443526484432386, 0.6146952555063736, 0.030099690181729935], [0.051614143237604604, 0.3210877197720574, 0.6102716360204875, 0.01702650086985044], [0.05194377564822583, 0.32825932147989795, 0.5952505513076576, 0.024546351464218616], [0.0603705837703368, 0.7828976117442045, 0.12992646635511895, 0.026805338030339725], [0.07485543134912756, 0.6991419739386014, 0.1883415863598178, 0.037661008252453165], [0.11384338290667786, 0.5963594005814195, 0.2528211938355739, 0.0369760225763288], [0.17018607653106518, 0.6223628614045259, 0.19303264371134143, 0.014418418253067514], [0.1759675675466684, 0.5678941395350334, 0.21923186556174004, 0.0369064272565582], [0.0773935431608989, 0.2919483051292462, 0.6192437723191123, 0.011414379290742618], [0.2902605192034181, 0.355473304422813, 0.32928662998234576, 0.024979546291423124], [0.2197325331745977, 0.35097430787145145, 0.4046325573587611, 0.024660601495189744], [0.09722859758092264, 0.30890019459205076, 0.5602563389470465, 0.033614868779980024], [0.09450852526726176, 0.23749560742841141, 0.6570535062852899, 0.0109423609190369], [0.14836258081553685, 0.5958781993208524, 0.19670913134397397, 0.05905008841963673], [0.17542888846568053, 0.631602256053372, 0.17833643269633906, 0.014632422684608449], [0.19377013198558132, 0.43651549487159336, 0.3404469603854561, 0.0292674126573692], [0.1771601964576794, 0.40537895580256605, 0.3934752222565576, 0.02398562538319694]], "ideal": "D", "sampled": "D", "correct": true}}
{"type": "result", "data": {"idx": 10, "options": ["3.02 ppm", "5.03 ppm", "10.56 ppm", "11.30 ppm"], "probs": [[0.028626314229998458, 0.7382917609712848, 0.19571237810920633, 0.037369546589510395], [0.025445034298354055, 0.6261806382439219, 0.31014054490641607, 0.03823378245130796], [0.01794560971757709, 0.34932544303432517, 0.6040287523257386, 0.028700194822359106], [0.02712200893662831, 0.5279928327272453, 0.3925625593740004, 0.052322598862126035], [0.019424248991341618, 0.3552057537321198, 0.5952609336035237, 0.030109063573014776], [0.02538986350664112, 0.5099594659029283, 0.4164305681225975, 0.048220102367833105], [0.018721105005924298, 0.916270230350559, 0.052527448552228934, 0.012481215991287826], [0.016997645161468313, 0.8855366584502411, 0.08501938785816018, 0.012446308430130365], [0.01934299480901608, 0.44021206954178893, 0.5069958804304477, 0.03344905511874728], [0.027778539545169803, 0.6322286493427038, 0.2941549887936792, 0.045837822218447156], [0.01974600465043594, 0.5953558416655229, 0.35569207266772945, 0.02920608091631172], [0.025073823840718993, 0.732760232751774, 0.2067778656273828, 0.03538807768012417], [0.00830492390346897, 0.9088857912956435, 0.07462760178433372, 0.008181682916553792], [0.008655224906051638, 0.8968447056375694, 0.08087438200427136, 0.013625687352107693], [0.0061457978209515495, 0.9264757860937424, 0.06406080880270615, 0.003317607182599944], [0.006943328832477415, 0.9457138859506107, 0.040284779275189954, 0.007058005841721974], [0.013638260840562978, 0.4481338872376621, 0.49241286373050214, 0.04581498809127273], [0.011974286448665434, 0.36960086827897887, 0.5818014366489187, 0.03662340852343701], [0.012674529232802888, 0.9026176952990507, 0.07528221874751687, 0.009425556620629586], [0.013332821104632195, 0.8713376893674342, 0.09779062691391119, 0.017538862514022424], [0.010077759017145683, 0.9215137404048973, 0.06371851627092248, 0.004689984207034517], [0.011338144159512023, 0.9440488497846526, 0.03604801250472751, 0.00856499345110783], [0.01879479215617045, 0.7626054442445148, 0.19289099073306684, 0.025708772766247896], [0.01650843964636145, 0.7356402914364384, 0.2315869195057592, 0.016264349311440926]], "ideal": "D", "sampled": "B", "correct": false}}
{"type": "result", "data": {"idx": 11, "options": ["[The polarization relaxes exponentially: p(t) = [p(0) - peq]exp(-t/T1) + peq.]", "72.0 s", "56.6 s", "12.7 s"], "probs": [[0.14008728503300294, 0.23461799229528718, 0.5289817767199452, 0.09631294585176466], [0.06913017353888029, 0.15337605654041545, 0.7437941500212756, 0.03369961979942865], [0.2091450479672306, 0.39077286743867146, 0.21252886315459038, 0.18755322133950753], [0.11635158911543012, 0.2581442584653431, 0.5730459668173322, 0.052458185501894544], [0.1549129176363936, 0.3178797340233159, 0.4346722629628603, 0.09253508527743019], [0.17286755271663787, 0.36030042436320003, 0.3958659201156549, 0.0709661027045072], [0.060450290527935914, 0.9167898499679075, 0.01844740952312796, 0.004312449881028625], [0.0699580665013989, 0.907485579263172, 0.017976654197795757, 0.004579699937633341], [0.08484049767095861, 0.5363315268395831, 0.3687713392347408, 0.010056636154717425], [0.04736203078278471, 0.2259913741643474, 0.6965335192420975, 0.030113075710770442], [0.058907098546382194, 0.8392369011465891, 0.09418685501424388, 0.007669145192784747], [0.048563372084134075, 0.7364639035538764, 0.18052499005051065, 0.03444773421147893], [0.07809167412291446, 0.908184388726074, 0.008109318309276074, 0.005614618741735503], [0.07016276250418953, 0.9101520138953161, 0.0156634757521337, 0.004021747748360639], [0.0782956879810222, 0.18495080226416524, 0.7205931696700656, 0.016160339984746985], [0.035215501263427346, 0.06896107000855028, 0.8539936072865509, 0.041829821341471465], [0.06783724316525186, 0.7409784510175899, 0.1816352536282052, 0.009549052088953128], [0.05475664056652626, 0.6992536082275775, 0.19121393274520118, 0.054775818360695054], [0.06973696142153737, 0.9189763193555438, 0.006193807496387076, 0.005092911626531755], [0.06689954870833863, 0.9238504615706054, 0.005758429688755823, 0.0034915599323001906], [0.07357797080718297, 0.27342674337146333, 0.6360528515839271, 0.01694243413742659], [0.038183400247901025, 0.12919405678980297, 0.7795943965546999, 0.05302814630759616], [0.07829782562855084, 0.290966309443906, 0.6162492191163447, 0.014486645711198395], [0.05342757428327086, 0.23948805477846996, 0.6118096226551569, 0.09527474818310226]], "ideal": "B", "sampled": "A", "correct": false}}
{"type": "result", "data": {"idx": 12, "options": ["4.6 mT", "27 G", "5.4 mT", "3.8 mT"], "probs": [[0.06099648527907325, 0.054680370545016, 0.8559545383156202, 0.02836860576029052], [0.030698499312596213, 0.030222559968905747, 0.9263814903234551, 0.012697450295043], [0.23787796672199088, 0.42416650368625997, 0.06405010121457604, 0.2739054282771731], [0.09369323175837012, 0.1644240410677861, 0.737325709119169, 0.004557017954674793], [0.18075946240941296, 0.7262947666856748, 0.03142704116130081, 0.06151872964361138], [0.12458997253365085, 0.585142316010406, 0.2852827020224334, 0.004985009333509735], [0.017144143435975416, 0.8932299538189736, 0.07930602811065533, 0.010319874534395562], [0.015634627007659746, 0.7076648861879886, 0.2687134294074396, 0.007987057296911978], [0.017491252026700637, 0.677177817662248, 0.29596681750434906, 0.009364112706702257], [0.01669217625745516, 0.49547650805265087, 0.48048045644738047, 0.007350859142513516], [0.01970773562591886, 0.8446254729379984, 0.11982814221375952, 0.015838649122323224], [0.019704549484228263, 0.7995369776085497, 0.16504511942561148, 0.01571335338161052], [0.18543336208024055, 0.7109384694939357, 0.034317479301183194, 0.06931068902464058], [0.12256664316614654, 0.5241090137401305, 0.3492903364242237, 0.004034006569499295], [0.045793744297403016, 0.04508353634968962, 0.8922757835605811, 0.016846935692326287], [0.030823022612074192, 0.027628960522567567, 0.9302091148809293, 0.011338901884428996], [0.1044322653734854, 0.7596711780911343, 0.13206202705569584, 0.0038345293796844984], [0.12373225927309477, 0.8325858571790683, 0.01649456257124132, 0.02718732087659557], [0.24573394745267024, 0.5625846406351137, 0.062154051141759814, 0.12952736067045625], [0.1665117586800695, 0.3580462624201703, 0.4671507762264346, 0.008291202573325607], [0.06160199321055136, 0.057872053493110455, 0.850966690927896, 0.029559262268442202], [0.04906582815746422, 0.04330264718547174, 0.8840878651141424, 0.023543659442921593], [0.10694306571800968, 0.25255168022734215, 0.6352216140757229, 0.0052836398789253], [0.2245391441318925, 0.5917080596115453, 0.051711923983648496, 0.13204087217291374]], "ideal": "A", "sampled": "D", "correct": false}}
{"type": "result", "data": {"idx": 13, "options": ["1:19:36:84:126:126:84:36:19:1", "1:9:36:84:126:126:84:36:9:1", "1:9:35:82:120:120:82:35:9:1", "1:8:28:56:70:56:28:8:1"], "probs": [[0.0506511464955438, 0.45141621457367004, 0.4517864488412061, 0.04614618998958004], [0.04918648338710005, 0.5288082400091789, 0.31107110013735273, 0.11093417636636825], [0.03490777314700719, 0.21717999219184703, 0.7355573368352967, 0.012354897725849079], [0.041803463977839496, 0.5013642273240281, 0.3394973848458078, 0.11733492375232453], [0.02214332156328061, 0.061133568490272704, 0.8859679283538501, 0.030755181492596567], [0.01762608289276686, 0.05601217189025238, 0.8776692666753951, 0.04869247844158556], [0.05224582688629003, 0.1795204626464258, 0.7220981904689359, 0.0461355198983483], [0.052463541675661786, 0.20112955127065885, 0.5387026948011556, 0.20770421215252374], [0.06722405051333628, 0.48143272980459795, 0.3871528813486912, 0.06419033823337458], [0.047572421881783296, 0.305408680680239, 0.4884525744044234, 0.1585663229335543], [0.039385896759056786, 0.15097806081123447, 0.7557676546379295, 0.05386838769177918], [0.020683563035931683, 0.06078696815318425, 0.894715158570787, 0.02381431014009705], [0.0534844921978145, 0.14766635054239058, 0.7747293142748357, 0.02411984288495921], [0.060007931584315846, 0.19677150833938278, 0.5610662865395445, 0.18215427343675689], [0.07714558104601997, 0.5354927578221929, 0.310153383352386, 0.07720827767940118], [0.054717393354588514, 0.3248854077993415, 0.4805522703808488, 0.13984492836522122], [0.03784558667899493, 0.12216974719489024, 0.7610501135910626, 0.07893455243505229], [0.022257087912903126, 0.0533895265463052, 0.9043953919247437, 0.019957993516048007], [0.0386577320160226, 0.09419459778473634, 0.802367502353067, 0.0647801677461741], [0.02932234136029681, 0.06305351512145792, 0.8584892285200256, 0.049134914898219625], [0.07583279444386186, 0.24480349734970772, 0.5788014746177109, 0.1005622334887195], [0.04535803961106985, 0.13331875650855662, 0.7563094500347954, 0.06501375374557812], [0.04852515277805137, 0.2926465163591473, 0.5735915088977206, 0.08523682186508075], [0.034839775058995666, 0.16363559756477541, 0.7458206540767719, 0.05570397319945697]], "ideal": "D", "sampled": "B", "correct": false}}
{"type": "result", "data": {"idx": 14, "options": ["spin trapping provides more structural information than direct detection by EPR", "spin trapping makes it easy to quantify free radical intermediates", "steady state concentration of free radical intermediates is often too low to enable direct detection by EPR", "detection of spin adducts requires lower power than direct detection of radical intermediates"], "probs": [[0.007984097152075917, 0.6707757741975178, 0.18929278936808816, 0.13194733918231816], [0.007134568381242802, 0.7169758050671072, 0.16773068832904284, 0.10815893812260712], [0.015499914879292613, 0.7026950663914794, 0.01102749715614687, 0.27077752147308115], [0.0347492819235878, 0.6263035687931626, 0.023952657521726685, 0.3149944916615229], [0.00261128032868937, 0.8598135412620168, 0.08515841219573742, 0.052416766113556404], [0.004428340694176844, 0.8188686898634756, 0.02050750536252284, 0.1561954639798247], [0.002551349164189673, 0.7844464340968809, 0.09659239844466852, 0.11640981819426095], [0.0023994801174497633, 0.5968893553175886, 0.2954660548518393, 0.10524510961312238], [0.0005523234141997527, 0.9927265793322868, 0.0006118871327324471, 0.006109210020780959], [0.00044275589578803763, 0.9973367818788987, 0.0007021895726783122, 0.0015182725526349577], [0.0005243677425852929, 0.9726637729083243, 0.0021576164888599246, 0.024654242760230465], [0.00030278460049874655, 0.6693808810460423, 0.32611604443552344, 0.004200289817935516], [0.17185927879349885, 0.023271349969740642, 0.30720108978050753, 0.49766828135625296], [0.05357004450447149, 0.01023658338871592, 0.0831754855756959, 0.8530178864311166], [0.6550292121930691, 0.10704110898060824, 0.007962719232471214, 0.22996695949385143], [0.15430348535188695, 0.12788661836721332, 0.6415056346644586, 0.07630426151644105], [0.3489978903646923, 0.31299677131334475, 0.009708381139404953, 0.32829695708255796], [0.05563207156656415, 0.2002770222616086, 0.7119326829473799, 0.03215822312444734], [0.00913394994297144, 0.06003662987970435, 0.8708468739625704, 0.05998254611475374], [0.032603622937084284, 0.15340109853705522, 0.2869508990485519, 0.5270443793773085], [0.01464158617150746, 0.892736105229865, 0.019432061593509426, 0.0731902469051181], [0.0005399571579907039, 0.002165275471652477, 0.9936168082112702, 0.00367795905908659], [0.004011085566589064, 0.9895801116050165, 0.001264058151078503, 0.005144744577315997], [0.004348117689713626, 0.9922485433739853, 0.0019017623407536484, 0.0015015764955474454]], "ideal": "D", "sampled": "C", "correct": false}}
{"type": "result", "data": {"idx": 15, "options": ["6.1445 x 10^-27 J T-1", "3.1445 x 10^-27 J T-1", "9.1445 x 10^-27 J T-1", "1.1445 x 10^-28 J T-1"], "probs": [[0.1729558615086973, 0.5004367995653216, 0.31838567129121886, 0.008221667534762282], [0.23334619204963455, 0.5685800265723178, 0.18765264590361821, 0.010421135374429468], [0.18541681004851254, 0.6371456718977331, 0.16896081766819768, 0.008476700285556735], [0.19658210047771935, 0.6755617573179147, 0.11566595992316703, 0.01219018218119898], [0.15679124229757538, 0.6498985982766331, 0.18343602392382927, 0.009874135401962268], [0.17807510841680374, 0.6024311898149265, 0.2083653401148497, 0.011128361553420028], [0.13031731860177365, 0.6828340456638172, 0.1782485736676712, 0.008600061966737906], [0.13230898469791288, 0.6214468837286815, 0.23603566577396687, 0.010208465699438733], [0.11243024290918048, 0.7564052914782575, 0.12356916546136634, 0.007595300051195599], [0.12422728877394096, 0.7610355962831886, 0.1063435787954891, 0.008393536047381338], [0.1073464347615226, 0.7222301154707722, 0.16125569770462686, 0.009167751963078332], [0.11796708328959109, 0.689563969140277, 0.18285491609435153, 0.009614031375780343], [0.21797487381128, 0.6406712006956924, 0.13439701646411178, 0.006956908928915779], [0.18998181711855341, 0.6427081786792173, 0.16010892300135912, 0.007201081100870206], [0.19376781230315332, 0.5267123079102387, 0.2692437213922204, 0.01027615829438759], [0.2146896026645578, 0.5313747653352916, 0.2434867977206712, 0.010448834179479399], [0.19049226668211064, 0.5512169865929492, 0.24865020523137604, 0.00964054139356409], [0.16293666038230498, 0.5687240456938432, 0.2565281135867923, 0.011811180237059508], [0.08824494147357032, 0.7623321721737201, 0.14331988448291627, 0.006103001769793335], [0.08257714819652351, 0.7713279874204351, 0.14055936311991343, 0.005535501163127976], [0.10688185949572547, 0.6755429073158463, 0.2093929102846722, 0.008182322803756057], [0.11122501320045707, 0.6107490295312661, 0.26700649682301725, 0.011019460345259559], [0.09441506487989984, 0.8029810467614663, 0.09747835606960878, 0.0051255321890251076], [0.09441630323868275, 0.7783217864257614, 0.12131602248729685, 0.005945887748258961]], "ideal": "C", "sampled": "C", "correct": true}}
{"type": "result", "data": {"idx": 16, "options": ["I only", "II only", "III only", "I and III only"], "probs": [[0.014639327119655075, 0.19591848063699888, 0.508620168938764, 0.28082202320458205], [0.008691676154848381, 0.07165023821604898, 0.9020971486459463, 0.01756093688315633], [0.01225002257356783, 0.1307213413915022, 0.5014608939145558, 0.3555677420203741], [0.009710539601655117, 0.07520030802333862, 0.8894986940160606, 0.025590458258945563], [0.0184651170309448, 0.43707458157358636, 0.48047799941141256, 0.06398230188405625], [0.018821339771931653, 0.3722186032724899, 0.5593494689002156, 0.049610587955362814], [0.02098698913841186, 0.20870068667232144, 0.5335904359283914, 0.23672188816087522], [0.0135978193449272, 0.10366658401943077, 0.8561024282268809, 0.02663316830876116], [0.023926126540892174, 0.22883777699979424, 0.44848240225646613, 0.29875369410284747], [0.019551204702993735, 0.1422311243596157, 0.7948127303196922, 0.043404940517698325], [0.02469445417517485, 0.6173976852706349, 0.325677284195666, 0.032230576258524254], [0.017359611990515555, 0.4477525815589729, 0.5079825964663296, 0.026905209884181953], [0.0253968995216528, 0.16828221833284693, 0.2954946292117366, 0.5108262528337637], [0.020695462281168343, 0.13080027357074225, 0.8025660900790008, 0.04593817396908864], [0.024977628001237324, 0.18463140735577263, 0.367383420807848, 0.423007543735142], [0.01882908134591849, 0.09713585001105156, 0.853928929883746, 0.030106138659283972], [0.038550144196910587, 0.5938098164586061, 0.2988645896524278, 0.06877544959205549], [0.026661608862103343, 0.4510071361174027, 0.4658410039421178, 0.05649025097837618], [0.05505304865067592, 0.4831396710857358, 0.36510465089461913, 0.09670262926896914], [0.05332705959207529, 0.4465475824893577, 0.4200099879818252, 0.0801153698367418], [0.03936405268292095, 0.7313577235687626, 0.18799980753269532, 0.04127841611562117], [0.034438964745809604, 0.639786674907602, 0.2842084828675603, 0.04156587737902809], [0.06206110607325878, 0.5116179680241503, 0.34658274696622127, 0.07973817883636966], [0.041008301380708045, 0.3598626282441067, 0.5325184503597848, 0.06661061991540035]], "ideal": "D", "sampled": "D", "correct": true}}
