{"type": "result", "data": {"idx": 0, "options": ["p = 4", "p = 8", "p = 12", "p = 24"], "probs": [[0.03175014523191901, 0.17712199092338793, 0.2537517164253554, 0.5373761473193377], [0.006047070712869361, 0.021435499762025988, 0.97098832424387, 0.0015291051812345588], [0.026809931597708832, 0.20764122029973542, 0.40660460010886973, 0.358944247893686], [0.0032063927906967864, 0.01145442589703253, 0.9846670156083088, 0.0006721656039618826], [0.07578806945387453, 0.7419427395810904, 0.15803692508577463, 0.024232265779260454], [0.08237330884114848, 0.7694711836149593, 0.1276428029615811, 0.020512704482311184], [0.02321870278206779, 0.33072591194249645, 0.5369483291969872, 0.1091070559784485], [0.01820766187778444, 0.23982153925438496, 0.7390208272836047, 0.0029499714842258283], [0.00853526292899806, 0.04542633039826911, 0.9127935553734663, 0.033244851199266574], [0.0037251462476454084, 0.00936335843446074, 0.9861721565003889, 0.0007393387175049376], [0.0588957815252223, 0.7758551716088639, 0.1504681798766772, 0.014780866889236617], [0.06710393926139997, 0.830448711742824, 0.07489695622460972, 0.027550392671166327], [0.015602703044838215, 0.6635131171253618, 0.24036346127297087, 0.0805207184568292], [0.004760292160777881, 0.0651909447620179, 0.9290662334382063, 0.0009825295389979509], [0.008697059344668712, 0.04149460510019062, 0.8874986163501689, 0.06230971910497178], [0.0035862504538299446, 0.008272097668612956, 0.9872277048636234, 0.0009139469139336852], [0.02466432339548166, 0.9401870820540574, 0.028403481029246714, 0.006745113421214165], [0.023473424758131217, 0.9525046316571155, 0.016916397902161092, 0.00710554558259215], [0.022007484232752374, 0.47799939446585993, 0.4562149098381337, 0.04377821136325401], [0.01950723663144515, 0.42366906680646943, 0.5192129572765402, 0.03761073918554528], [0.01638920892023296, 0.29508866690487334, 0.654887716427698, 0.03363440764719568], [0.023679928101915708, 0.47565598765073647, 0.43318794781816805, 0.06747613632917979], [0.008026057113482202, 0.04993696794926956, 0.9281680323292534, 0.01386894250799485], [0.02747333651272881, 0.23735937725975048, 0.6157925403206586, 0.11937474580686211]], "ideal": "C", "sampled": "D", "correct": false}}
{"type": "result", "data": {"idx": 1, "options": ["5", "7", "8", "9"], "probs": [[0.011425991701114009, 0.3313745604222988, 0.6094222749358955, 0.04777717284069169], [0.0130419028141063, 0.3695032468891747, 0.5209838567931737, 0.09647099340354534], [0.007626767980218471, 0.2626513922896898, 0.70287003384302, 0.02685180578707169], [0.012106533578263422, 0.4301931707849313, 0.48741357213069364, 0.07028672340611163], [0.008307640834523044, 0.26052312297626007, 0.6756555162238733, 0.05551371986534351], [0.010195989968587966, 0.32732590633408803, 0.5834357667273741, 0.07904233686994995], [0.05724541671760379, 0.36755331251661133, 0.5102542486200816, 0.0649470220457033], [0.0483546402955061, 0.33570607889221593, 0.5118294720017189, 0.10410980871055904], [0.03327558300862839, 0.22390029582788193, 0.6895969740594236, 0.053227147004066104], [0.04589185883954485, 0.2768129049214206, 0.5504367822605011, 0.1268584538785335], [0.025601911330710766, 0.2506580441241073, 0.6603046292631666, 0.06343541518201534], [0.0279505470080168, 0.23043521721364185, 0.6667271702801424, 0.074887065398199], [0.027217690405837568, 0.21410450735977, 0.713052524425543, 0.04562527770884948], [0.03834953330146135, 0.31615610340754124, 0.5548266419881068, 0.09066772120289061], [0.026884240285635307, 0.4140733377001361, 0.5233916132814004, 0.035650808632828226], [0.0311094639998385, 0.47173995653553535, 0.4098061995134888, 0.08734437985113735], [0.025781172306198922, 0.2334381126291892, 0.6649275060704436, 0.07585320889416827], [0.019747448176841195, 0.17881039649149497, 0.7071301682804164, 0.09431198695124746], [0.02655106459573879, 0.2088838705376244, 0.6956129799015529, 0.06895208486508395], [0.03317073396824964, 0.24134755401895955, 0.6458084654811382, 0.07967324643165255], [0.02110959471311205, 0.3354787340716032, 0.5979683064461642, 0.04544336466912057], [0.021592098440653535, 0.31243939775804014, 0.5928331911092041, 0.07313531259210225], [0.029578341664033198, 0.2850958454433021, 0.6226400240703159, 0.06268578872234874], [0.0295093607922199, 0.2844538171804245, 0.5745278756824758, 0.11150894624487982]], "ideal": "C", "sampled": "B", "correct": false}}
{"type": "result", "data": {"idx": 2, "options": ["1 over 5", "\u22125", "\u22121 over 5", "5"], "probs": [[0.013033548150208468, 0.280869061978719, 0.6740786319544595, 0.032018757816613064], [0.019556320395475942, 0.4086004715924656, 0.36632685848290447, 0.20551634942915395], [0.03949658067327196, 0.4451268165629725, 0.4522283819236053, 0.06314822074015025], [0.06171529454234702, 0.5251366290771814, 0.18724831841863676, 0.22589975786183478], [0.019644595973383833, 0.1849845079145297, 0.7093336687173457, 0.0860372272947407], [0.023120759095772117, 0.15199859467118648, 0.7484344257195539, 0.07644622041348749], [0.07880421708631884, 0.13829654238792902, 0.7720619555108567, 0.010837284914895485], [0.08287342385854633, 0.18107680563765818, 0.5242265774814528, 0.21182319292234258], [0.07820680164327809, 0.21592017559591484, 0.6867006034129691, 0.019172419247837927], [0.05924574853645133, 0.2168030226966592, 0.4180527204437413, 0.3058985082231482], [0.14743116276829604, 0.5833306225054669, 0.1430178263190746, 0.12622038830716253], [0.09282162992074384, 0.4499641757000477, 0.3451672273193965, 0.11204696695981198], [0.12011194675376727, 0.6393701671680014, 0.2044319586412307, 0.036085927337000515], [0.1594980430219137, 0.6311151666806661, 0.10632491586001534, 0.10306187433740477], [0.05218781196689128, 0.15581636245343858, 0.7555452044710849, 0.03645062100858531], [0.06821526484678611, 0.20698263930720573, 0.3990330934269583, 0.3257690023190498], [0.029483038109903905, 0.07769310003518645, 0.8758851598851277, 0.01693870186978196], [0.05426919367295417, 0.1894944445660005, 0.6412681983173546, 0.11496816334369067], [0.07307019485246667, 0.2049577526606176, 0.6416817542743117, 0.08029029811260402], [0.12154538590701582, 0.16877613035758818, 0.6784479844861474, 0.03123049914924858], [0.06022647439999974, 0.8187873423680496, 0.07619707342367152, 0.044789109708279075], [0.046801997463120866, 0.6773218855582156, 0.2066675794414301, 0.06920853743723342], [0.06286732177031928, 0.24867783762275472, 0.6658527924853732, 0.022602048021552804], [0.05438562915361294, 0.3775694412088879, 0.4850772672973968, 0.0829676622401023]], "ideal": "D", "sampled": "B", "correct": false}}
{"type": "result", "data": {"idx": 3, "options": ["4", "5", "6", "7"], "probs": [[0.0350121505344909, 0.18923455183173588, 0.7372590769589457, 0.0384942205748276], [0.03635825771841559, 0.19959880858756132, 0.6970926754995812, 0.06695025809444191], [0.05064748972147868, 0.3570215403676639, 0.5197029709296276, 0.07262799888122978], [0.04589989849316879, 0.3338208844003178, 0.542114563859649, 0.07816465314686447], [0.03842712766618635, 0.25847579870876675, 0.6203673800041474, 0.08272969352089957], [0.039526803510700606, 0.3060185772164257, 0.5719827753337199, 0.08247184383915379], [0.028193803893513694, 0.08029957441110325, 0.8504437955877108, 0.04106282600767226], [0.03329843207938805, 0.0890892575050629, 0.8070428786280708, 0.07056943168747826], [0.05284846847630671, 0.2224629479710518, 0.6440107701817849, 0.08067781327085664], [0.056849307035573275, 0.246880138337955, 0.6307701326848831, 0.06550042184158864], [0.044966082512940105, 0.2212896173081955, 0.6306889582090199, 0.10305534186984451], [0.05979724667141799, 0.3083898459259095, 0.5499957264781867, 0.08181718082448572], [0.035608230691261, 0.10795760496529186, 0.773555249883542, 0.08287891435990517], [0.039466721737408894, 0.1334773381342525, 0.7566263876368107, 0.07042955239152791], [0.04740742771791559, 0.1084926679867071, 0.7302484212356244, 0.11385148295975293], [0.03188921043288073, 0.0814049145079236, 0.8488075479371645, 0.037898327022031164], [0.041826324993522124, 0.16030844506964365, 0.6647768989174178, 0.13308833091941646], [0.057485585319362056, 0.26162045021925784, 0.5716955405634164, 0.10919842379796371], [0.031081395162735014, 0.1328946647419978, 0.7416483745324141, 0.09437556546285317], [0.03413329891022575, 0.14824416679732103, 0.7187331050387606, 0.09888942915369259], [0.03645867380572407, 0.13544088119708714, 0.6881522452256548, 0.13994819967153402], [0.0430188801054398, 0.1755037559820807, 0.6944839176534495, 0.08699344615902999], [0.03704494237529331, 0.11058068274345853, 0.7102081178908627, 0.14216625689038542], [0.06403600978103641, 0.17956087946404856, 0.5620165895252703, 0.1943865211296447]], "ideal": "B", "sampled": "D", "correct": false}}
{"type": "result", "data": {"idx": 4, "options": ["4t = 112; $448", "4t = 112; $28", "t over 4 = 112; $448", "t over 4 = 112; $28"], "probs": [[0.050345315023832146, 0.4351390172064572, 0.3088359740414543, 0.2056796936282563], [0.06009705453654751, 0.5358312805330064, 0.24555600052935037, 0.15851566430109565], [0.02962717202477388, 0.09713636732544037, 0.8151806952666847, 0.05805576528310099], [0.026480053308045697, 0.11590733680218455, 0.8061391920646083, 0.051473417725161445], [0.05318787848020191, 0.3809223614619252, 0.5134805826020612, 0.05240917735581175], [0.024957742124294354, 0.19783657471721353, 0.7363574428091801, 0.04084824024931193], [0.05476323601545638, 0.21016224120589763, 0.04545173929056363, 0.6896227833880824], [0.05500687121774424, 0.10437266216507915, 0.7977419853085648, 0.0428784812086118], [0.12400883712144266, 0.2466002608574254, 0.5311794399202536, 0.09821146200087826], [0.006102411152911395, 0.011842636512313218, 0.9739126236216001, 0.008142328613175178], [0.267667445524846, 0.5406920373721495, 0.13273123053696273, 0.058909286466041676], [0.15387661180606185, 0.3466914502447723, 0.42551108746511923, 0.07392085038404654], [0.025171710597712546, 0.17069945023791994, 0.686683904646503, 0.11744493441786455], [0.02675685575317803, 0.11804490320434216, 0.8208226255395351, 0.0343756154029447], [0.03935817986572276, 0.34541985260437374, 0.5356370786204357, 0.07958488880946774], [0.03775138857292927, 0.31606370715118154, 0.6006210571931117, 0.04556384698277756], [0.032966738174542466, 0.3152576229521217, 0.589659836367106, 0.0621158024062299], [0.04144097397038753, 0.41208863037278287, 0.4530075793786947, 0.0934628161781349], [0.027599593685069083, 0.07859359168448454, 0.8742253209560721, 0.019581493574374265], [0.298529914035451, 0.4770423031257692, 0.1346838881034907, 0.08974389463528916], [0.19541853809949514, 0.4912416971076158, 0.24354808211534645, 0.06979168257754262], [0.23715222927880603, 0.5600491657283919, 0.1581785500230684, 0.04462005486973362], [0.10276683648616967, 0.3423229234097465, 0.3119213948516372, 0.2429888451524466], [0.04517557951171452, 0.07803087764153402, 0.8540628266254979, 0.022730716121253505]], "ideal": "B", "sampled": "D", "correct": false}}
{"type": "result", "data": {"idx": 5, "options": ["9", "11", "26", "32"], "probs": [[0.06656766197522558, 0.2148830229435247, 0.6942345174805326, 0.024314797500717186], [0.0856854462114312, 0.27233820948009585, 0.5171551069312077, 0.1248212372772652], [0.07006139333613476, 0.2445458480640552, 0.6549975895785359, 0.03039516892127415], [0.10987123100850979, 0.4019248187140037, 0.4214934110219986, 0.06671053915548791], [0.048847492233463685, 0.12281478802956212, 0.7411717688910254, 0.0871659507459488], [0.0302159547989992, 0.08474868645647707, 0.8566280118197318, 0.028407346824791877], [0.11193046415974803, 0.28582149795532313, 0.5778305547410987, 0.02441748304383015], [0.11002875296818593, 0.30382638524994215, 0.4858325140190053, 0.10031234766286662], [0.07139110404509268, 0.13761067026756998, 0.7681631478628853, 0.022835077724452077], [0.18207656385764676, 0.2488899249913542, 0.503026339948655, 0.06600717110234401], [0.042980374865465354, 0.07311823663762451, 0.8373899711900644, 0.04651141720684573], [0.05036539114830358, 0.06884613736345802, 0.8525150815555395, 0.028273389832698913], [0.08560726806709779, 0.31315681393508676, 0.576492727818978, 0.024743190078837424], [0.12065617263577207, 0.427811691743829, 0.3898307171781356, 0.061701418342263344], [0.09426608645619257, 0.27708205474719433, 0.6057094312385886, 0.02294242745802446], [0.14929110422057898, 0.36382041868663717, 0.4391179562304543, 0.047770520762329544], [0.03907092118987476, 0.05017315857513768, 0.8762491801528889, 0.034506739982098626], [0.05325436820818816, 0.051621566178104185, 0.8601699233520478, 0.034954142161659936], [0.03280491900734018, 0.34455473767745415, 0.5774066109708685, 0.045233732244337174], [0.027792860440951226, 0.30832073778527974, 0.6330932519643196, 0.03079314970944934], [0.03691677680024929, 0.3421925540262892, 0.5824683795572169, 0.038422289516244684], [0.038170896537828465, 0.3456189340484583, 0.5882591615555384, 0.027951007758174835], [0.02899280562706936, 0.2794284820277212, 0.6708433031364984, 0.020735409108710988], [0.0363288848886322, 0.30899699828670707, 0.6344386196745101, 0.020235497050150576]], "ideal": "C", "sampled": "A", "correct": false}}
{"type": "result", "data": {"idx": 6, "options": ["1.1 over 11", "11 over 11", "12 over 11", "11 over 12"], "probs": [[0.18047775449835302, 0.5223416556499088, 0.1805347961484973, 0.11664579360324093], [0.2043620305343815, 0.4464275473281814, 0.3021238007456926, 0.047086621291744436], [0.019918169249219873, 0.03441529621317098, 0.9306276171008298, 0.015038917336779433], [0.06356618871577926, 0.10646858841444333, 0.7508028837494324, 0.07916233902034499], [0.14743331649933827, 0.1697008675981452, 0.6609397192378531, 0.02192609656466335], [0.15855192309624322, 0.21339078622609686, 0.5119563669669186, 0.1161009236107413], [0.010887127481592013, 0.9499508456726902, 0.01881538139280304, 0.02034664535291471], [0.011060228714398684, 0.9650234704899695, 0.014886470704164512, 0.009029829991467344], [0.018830345275276328, 0.051184387923681525, 0.9076190268742127, 0.02236623982682948], [0.03772599938542881, 0.12565666248649462, 0.757953394010068, 0.07866394401800858], [0.027566110609821667, 0.07262594225043252, 0.8713589873360494, 0.028448959703696406], [0.06952050431153119, 0.18900983315320924, 0.582223185573756, 0.1592464768615036], [0.011403776629780505, 0.9346893367886665, 0.04654219715782179, 0.007364689323731136], [0.013333485286599892, 0.9645120452453113, 0.013129973597376205, 0.00902449577071261], [0.04105630543361022, 0.8917204794905107, 0.05791434682829485, 0.009308868147584186], [0.05125813538916243, 0.8807608495296276, 0.04969604655371175, 0.018284968427498202], [0.07308851572829239, 0.5073845140277643, 0.35984436911480017, 0.059682601029143086], [0.05244598528703843, 0.3367025309252082, 0.5818777257120784, 0.02897375797567502], [0.009927344343535267, 0.9219641205147159, 0.0598766961724838, 0.008231838869265038], [0.013913105823654546, 0.8881727232340777, 0.048570500854828697, 0.049343669987439095], [0.0598169244834224, 0.6136621007580538, 0.2991242595044071, 0.027396715154116687], [0.07909020132531415, 0.6030368310101407, 0.22535462318416302, 0.09251834438038209], [0.03121755266216543, 0.1056177700104998, 0.7684539679433461, 0.09471070928398864], [0.018682169455957093, 0.04481506133280727, 0.9146582210984097, 0.021844548012825926]], "ideal": "C", "sampled": "A", "correct": false}}
{"type": "result", "data": {"idx": 7, "options": ["3.6", "36", "0.01272", "12.72"], "probs": [[0.0024515428747668285, 0.005746003417796776, 0.9817181333221859, 0.010084320285250423], [0.006781080034544119, 0.014248888440557494, 0.8026178794127414, 0.1763521520121569], [0.0100158837525036, 0.9526074188978688, 0.004771819466604287, 0.03260487778302332], [0.00918660478102209, 0.9371227407267969, 0.05205578610211964, 0.0016348682900613027], [0.04739651793217165, 0.3190014040225523, 0.32910606016573873, 0.30449601777953733], [0.009844517698755982, 0.04481841416723991, 0.9435715427674852, 0.00176552526651887], [0.0031534978993074856, 0.023487657907780842, 0.9682390936860918, 0.005119750406819775], [0.010482109769663754, 0.10263850978067793, 0.7948516965651877, 0.09202768378447064], [0.0051989076033605395, 0.9833234321709149, 0.0026990636321429437, 0.008778596493581654], [0.005134742120680672, 0.9863449700203328, 0.007532205690482283, 0.0009880820685041383], [0.01067485045740583, 0.9315837730944908, 0.04094022298506609, 0.016801153363037297], [0.009007154824598514, 0.749939906918879, 0.23972406612598593, 0.0013288720305365742], [0.16387347295434423, 0.03895277391710511, 0.026766461301595386, 0.7704072917269552], [0.020353603068472146, 0.012541181482237422, 0.9657832199069365, 0.0013219954423538867], [0.14929805984173053, 0.04556455633358169, 0.046271102426324776, 0.758866281298363], [0.024761105300205408, 0.013677016924384588, 0.9589917071567143, 0.0025701705186956733], [0.3127834872331338, 0.4276173813940369, 0.25138879428535327, 0.008210336987476035], [0.4149630599219606, 0.45591452280610606, 0.10828688599689486, 0.02083553117503847], [0.06549922119165283, 0.14313266746256934, 0.15965318377605833, 0.6317149274697195], [0.005662703223621806, 0.010580246899359387, 0.9828468218650628, 0.0009102279119560365], [0.03147156583160704, 0.06770241360735998, 0.4924283398557262, 0.4083976806053068], [0.005092546750582423, 0.007411118257449956, 0.9861038518844044, 0.0013924830075632423], [0.015712878787554906, 0.9723405296952593, 0.010635890778752152, 0.0013107006384336488], [0.016442111922435387, 0.9709591450862244, 0.010134449727144787, 0.00246429316419548]], "ideal": "B", "sampled": "C", "correct": false}}
{"type": "result", "data": {"idx": 8, "options": ["159.26", "2.224", "14,111", "126.26"], "probs": [[0.47554339890917513, 0.25454374576324473, 0.18050661277813795, 0.08940624244944216], [0.14841844236756935, 0.08324220084935179, 0.7538691211455854, 0.014470235537493525], [0.014204824501995733, 0.012730922595536468, 0.9656943823826462, 0.00736987041982168], [0.05298770936527303, 0.0250292976846577, 0.8825951793109017, 0.0393878135391676], [0.19033766004745953, 0.21903535742865457, 0.5772601574429179, 0.013366824980968004], [0.3653538010355659, 0.44074023750651775, 0.10147327410472834, 0.09243268725318798], [0.2076766335997453, 0.4328843330245211, 0.23534588250057709, 0.12409315077515648], [0.04874357507735691, 0.0766708897911443, 0.8642063075162683, 0.010379227515230472], [0.03665942185456344, 0.029000839189573305, 0.8477187692689273, 0.0866209695869359], [0.0267374758348156, 0.023595927561223154, 0.8996950975855337, 0.04997149891842755], [0.10961078463403584, 0.2508712619915185, 0.6210519451027188, 0.01846600817172687], [0.21296749151506694, 0.4951914397934035, 0.20968065288594606, 0.08216041570558343], [0.00202516289750536, 0.010525622627133116, 0.9783040817943266, 0.00914513258103488], [0.0037445792390743875, 0.024997000224880616, 0.9093855828136659, 0.06187283762237913], [0.008749786372362406, 0.7516336104281998, 0.19303203254354726, 0.04658457055589057], [0.00845646173914621, 0.6069081789363161, 0.34582539068909945, 0.03880996853543828], [0.00858266864597513, 0.1645189247348012, 0.6926007330788035, 0.13429767344042007], [0.0027330952809438815, 0.023419519584129522, 0.965878533772621, 0.007968851262305534], [0.2887053929493648, 0.10785006893157557, 0.5924223340823257, 0.011022203936733931], [0.5691855252389747, 0.21942529425828058, 0.13310507734475993, 0.07828410305798476], [0.43620061925306797, 0.1681354827025829, 0.37900862532731444, 0.016655272617034637], [0.6073469224877158, 0.21994078582102727, 0.13136043507154346, 0.04135185651971338], [0.2842279800948599, 0.05684150416035245, 0.592440987024609, 0.06648952862017872], [0.03972493974425745, 0.019969817850605233, 0.9332925635958585, 0.007012678709278766]], "ideal": "D", "sampled": "D", "correct": true}}
{"type": "result", "data": {"idx": 9, "options": ["0.72", "0.702", "10.0571", "7.2"], "probs": [[0.07853570002865828, 0.6083750854500599, 0.3058902686486314, 0.007198945772650439], [0.08973123359217187, 0.8384418002577325, 0.04443674277528244, 0.027390223274813177], [0.05755997826473743, 0.07628072059535435, 0.8594913489811161, 0.006667952058792101], [0.18775052760897534, 0.25671514101098375, 0.5025189368663695, 0.053015394413671355], [0.02589083140205729, 0.053970520648468266, 0.8989973887849738, 0.021141259064500557], [0.06133393417177012, 0.0995819483210968, 0.8209407221389057, 0.018143395268227443], [0.2856332736580589, 0.11016859410615634, 0.5954949419995886, 0.008703190136196106], [0.5373474594701879, 0.23853199072190048, 0.1588662011032695, 0.0652543486046421], [0.4346710072171403, 0.18413805651082035, 0.3660654959934904, 0.015125440178548912], [0.5825772718155087, 0.20783963216701004, 0.18915041750779152, 0.020432678409689764], [0.3818282485311612, 0.13832261749007516, 0.4193823665222972, 0.060466767356466396], [0.1329336053587201, 0.04524390015559929, 0.8146049881200106, 0.00721750626567002], [0.03150429566051086, 0.04047580422273709, 0.9213057129425049, 0.006714187074247203], [0.24159517881838505, 0.1853827088885891, 0.4307539164589235, 0.14226819573410235], [0.11431236713016307, 0.3415224000296024, 0.5205409594175227, 0.023624273322711876], [0.21776194573712235, 0.42674120739191096, 0.2976966554026393, 0.05780019136832739], [0.28087738622502606, 0.19023833956261418, 0.27657726911724073, 0.25230700499511904], [0.08133322259964483, 0.0907998775868288, 0.7964664222119646, 0.03140047750156171], [0.027076697957780102, 0.15581177739419896, 0.8040110760089959, 0.013100448539025004], [0.06851401784022802, 0.3647690340279736, 0.5390050896294534, 0.027711858402344934], [0.030014764570451078, 0.8911283031912264, 0.06871728611183922, 0.010139646026483323], [0.02297204680115573, 0.8489345209368075, 0.12228035892303352, 0.0058130732390032185], [0.17370310228094174, 0.6357822295225335, 0.10704075596459868, 0.08347391213192606], [0.11745362815169388, 0.479520235010119, 0.35624796413977805, 0.04677817259840911]], "ideal": "D", "sampled": "B", "correct": false}}
{"type": "result", "data": {"idx": 10, "options": ["150 + 400 + 200", "200 + 400 + 200", "200 + 450 + 200", "200 + 500 + 200"], "probs": [[0.022921879012988707, 0.3530897524084945, 0.5644582551485465, 0.05953011332997019], [0.027782305710381483, 0.42132379896151, 0.4776016433254007, 0.07329225190270777], [0.03879798717122797, 0.4878334409802026, 0.37414715440423074, 0.0992214173443387], [0.0256367820550368, 0.3827785409997732, 0.47652684609965845, 0.11505783074553154], [0.033974307378080645, 0.38289769196377116, 0.476681276027384, 0.10644672453076419], [0.02453923951932341, 0.2898386694958149, 0.5588622647049786, 0.12675982617988313], [0.02739766783329862, 0.3498741964466752, 0.5421044795673016, 0.0806236560527246], [0.03199631788955952, 0.38989102250151997, 0.4854118300497813, 0.09270082945913923], [0.026771502516774858, 0.5294883240798208, 0.3697468631163286, 0.07399331018707567], [0.02548968084631298, 0.48104954477878326, 0.4450389212675738, 0.04842185300732999], [0.02768422610114465, 0.43993862579125126, 0.4470147112215183, 0.08536243678608578], [0.02704880386470551, 0.39138909887594003, 0.5268621807277482, 0.05469991643160624], [0.05978860482763131, 0.4704508903729265, 0.33896301910754606, 0.13079748559189616], [0.03497894623812083, 0.33720613904377716, 0.4683361542937379, 0.15947876032436412], [0.038574830268561226, 0.4213348391429679, 0.45573780615150034, 0.0843525243369705], [0.037288528348746255, 0.4009680196350092, 0.499222522542874, 0.0625209293733705], [0.0360647897703581, 0.46783645350535674, 0.3532611832641314, 0.14283757336015374], [0.04291144497405074, 0.4989788065830517, 0.3827022115463108, 0.07540753679658678], [0.03938887179869947, 0.4105743673649897, 0.4304156206769958, 0.11962114005931505], [0.027164224836094267, 0.30141663885175746, 0.5375127255846166, 0.13390641062753167], [0.0306522349772094, 0.37350663619905616, 0.5027732664626674, 0.09306786226106695], [0.027931099598681855, 0.3197232764655075, 0.5975887145384234, 0.05475690929738718], [0.02991247221397956, 0.5221762734453679, 0.32179767369684764, 0.12611358054380487], [0.032947463030723025, 0.5574345158208631, 0.3489405616453204, 0.060677459403093444]], "ideal": "C", "sampled": "C", "correct": true}}
{"type": "result", "data": {"idx": 11, "options": ["21", "7", "1", "None of these"], "probs": [[0.0013600967148051136, 0.029771073014287264, 0.9262200647167724, 0.0426487654541352], [0.001712172448271007, 0.01346772845684672, 0.9743324214405931, 0.010487677554289154], [0.004999602240939424, 0.5779159100776932, 0.2860787228548479, 0.13100576472651954], [0.004485150723518522, 0.15812737973102217, 0.7782906758666034, 0.05909679357885592], [0.011171500415915603, 0.5057383874116492, 0.393817909274148, 0.08927220279828713], [0.004339426787802457, 0.04629971121011888, 0.8466264071707664, 0.10273445473131222], [0.008327218190557933, 0.0753971897655656, 0.876539453155373, 0.03973613878850346], [0.007043120040660976, 0.021359520199953075, 0.9670496062525413, 0.004547753406844654], [0.017320883979107946, 0.9311564152167134, 0.01759731730620289, 0.033925383397975746], [0.014787466775062002, 0.3582941191583479, 0.6191233816093383, 0.007795032357251763], [0.045461116608394754, 0.8852129393868129, 0.05233291407211357, 0.016993029832678735], [0.01686316784016525, 0.12268959254121739, 0.8384455452026675, 0.02200169431594993], [0.02197219249008702, 0.07790324850700954, 0.8246048107376959, 0.07551974816520757], [0.011989551325057008, 0.02039698148331272, 0.9526882860197157, 0.01492518107191458], [0.03938611977913175, 0.816245575250961, 0.11221155119869178, 0.032156753671215454], [0.023760436310593866, 0.20849901620145259, 0.7627583212818052, 0.004982226106148386], [0.09470562596459048, 0.7687111472844631, 0.04616330162445771, 0.09041992502648871], [0.08542768955871151, 0.3653964507380171, 0.36537612555521076, 0.18379973404806066], [0.0015909363534990322, 0.029327735769644783, 0.8436689510543295, 0.12541237672252664], [0.001509958599602835, 0.016623933646497946, 0.7177229859663458, 0.26414312168755344], [0.002893662732838518, 0.3069378633976209, 0.6297240068187959, 0.06044446695074465], [0.0019718870735086617, 0.05288773337360896, 0.8669587877502993, 0.07818159170258306], [0.007480168549568922, 0.5369517946133463, 0.0977687157145081, 0.35779932102257667], [0.003926529665100211, 0.2354864119419479, 0.5827763753778125, 0.1778106829151395]], "ideal": "D", "sampled": "C", "correct": false}}
{"type": "result", "data": {"idx": 12, "options": ["8", "9", "49", "63"], "probs": [[0.033643216392657764, 0.2335410748716266, 0.6152933927053843, 0.1175223159303313], [0.06653269827299434, 0.49163959207805824, 0.25505181004305105, 0.1867758995058964], [0.03085306145198473, 0.2543442873074126, 0.6295280979631485, 0.08527455317745418], [0.03379096148281877, 0.25760809165568127, 0.6787611805377533, 0.029839766223746685], [0.032262438724460094, 0.1025303164654685, 0.7576571222375732, 0.10755012247249816], [0.02667146471392421, 0.06917687788266205, 0.8833692434927408, 0.020782413810672903], [0.03348229900000621, 0.2760152282144209, 0.5935313833700709, 0.09697108931550193], [0.0742872517375457, 0.6029126137326142, 0.183872329930043, 0.13892780449979716], [0.029795383167857806, 0.26559514695117925, 0.6272455067499432, 0.0773639630310198], [0.02920155176608087, 0.25624318121433737, 0.6857874712122024, 0.028767795707379345], [0.030918860516968655, 0.11852990724330198, 0.76099079130998, 0.08956044082974933], [0.019878579386996043, 0.06317246884914106, 0.8999373107304686, 0.0170116409333943], [0.021238175639080342, 0.26283565203798936, 0.630516518159133, 0.08540965406379729], [0.014720760134516933, 0.1684714943028853, 0.7913553538008444, 0.025452391661753313], [0.01930340379283513, 0.27497097847096175, 0.6393232940988179, 0.06640232353738519], [0.013815670671688714, 0.17638665945180418, 0.7906035412324772, 0.01919412854402981], [0.03134000184297079, 0.3531631993460948, 0.5469682608382211, 0.06852853787271333], [0.03142609191468854, 0.40760652745188647, 0.49937771625955435, 0.06158966427387058], [0.02715039756128192, 0.19752229343475844, 0.6476741895839798, 0.12765311931997977], [0.014470355395098479, 0.1174348949858006, 0.8281119953072762, 0.03998275421182469], [0.017133910909343828, 0.14346805801353396, 0.7756742556080034, 0.06372377536911873], [0.013051129058930785, 0.12190926305121436, 0.8332162569902206, 0.031823350799634276], [0.030713052902247066, 0.4046048453763767, 0.5035462890584943, 0.06113581256288194], [0.026568736779384552, 0.43559962344433123, 0.47098219214519477, 0.06684944753108947]], "ideal": "A", "sampled": "C", "correct": false}}
{"type": "result", "data": {"idx": 13, "options": ["6", "11", "8", "5"], "probs": [[0.13072966943582415, 0.5768635610571213, 0.2224042912020474, 0.07000247820500712], [0.07427579260606858, 0.35436538320320254, 0.5403843591989556, 0.030974464891773322], [0.012338746280392079, 0.031507398783303726, 0.9502788736918664, 0.005874981144437821], [0.04236137089930523, 0.10485259364351704, 0.7393706385098822, 0.11341539684729551], [0.03629444992837469, 0.07105889329480337, 0.8794987993440924, 0.01314785733272958], [0.043312833676913125, 0.10390860818573226, 0.6991517699366171, 0.1536267881007375], [0.07692036719655414, 0.47125804068458704, 0.31886157152696504, 0.13296002049189373], [0.055083474770264755, 0.35365026395248317, 0.5226865889498953, 0.06857967222735675], [0.03221369870423836, 0.0692816076354133, 0.7806234577167858, 0.11788123584356253], [0.04523315635901923, 0.08585268226207318, 0.7533490628988608, 0.1155650983800468], [0.05808651057214872, 0.33956534370298935, 0.5177958259946691, 0.08455231963019283], [0.08206056424425533, 0.46498285817843865, 0.3297073392109482, 0.12324923826635782], [0.014920783130407716, 0.11374752893257303, 0.8538838568433448, 0.01744783099367445], [0.025109692337953866, 0.19751834002734645, 0.6682514759235059, 0.10912049161119386], [0.036892558673940465, 0.6747896627607153, 0.22252203855481584, 0.06579573991052838], [0.0397566517930196, 0.6831224574767111, 0.23608275376129445, 0.041038136868974846], [0.02361137888987122, 0.15159156048088487, 0.7010245013700855, 0.12377255915915839], [0.016975724738857285, 0.11069492504514936, 0.8573445855363907, 0.014984764579602692], [0.015725734044957505, 0.05842714082244556, 0.9141587699071116, 0.011688355125485213], [0.02609406495735271, 0.11336207138364879, 0.6128533958928974, 0.24769046766610103], [0.05092614686849819, 0.3704907719957518, 0.5307229934716987, 0.04786008756405135], [0.07405476850898376, 0.5472785111577736, 0.3022251359318807, 0.07644158430136193], [0.02425275250682995, 0.09744362803476249, 0.7200733577561553, 0.1582302616022522], [0.009575769388371815, 0.03728511971785702, 0.9469553585514076, 0.006183752242363581]], "ideal": "A", "sampled": "B", "correct": false}}
{"type": "result", "data": {"idx": 14, "options": ["10 bars of soap for $23.20", "16 bars of soap for $36.48", "13 bars of soap for $29.51", "12 bars of soap for $27.60"], "probs": [[0.03815184153579156, 0.171089902184391, 0.7668552383630993, 0.023903017816718105], [0.048432630155544804, 0.17454345592989615, 0.7348902285756113, 0.042133685238947824], [0.05011383573403545, 0.3823805563851756, 0.5225252255542041, 0.04498038222658485], [0.041832957802189326, 0.2524308883558999, 0.6755740108743318, 0.03016214286757893], [0.04512829333092495, 0.16784450410118124, 0.7289924024806591, 0.058034799987234695], [0.042168518075289985, 0.18910749888752093, 0.7363599784950662, 0.03236400444212286], [0.04434974979332739, 0.5322963137618656, 0.3955690069435707, 0.02778492940123625], [0.05639575258807713, 0.519071002218039, 0.38572765829757705, 0.038805586796306774], [0.04840462233865205, 0.3258629659443575, 0.5993876262489244, 0.02634478536806609], [0.051409201265085504, 0.3251021594909553, 0.5980111527034302, 0.025477486440529086], [0.0572886955478771, 0.2778091451084648, 0.6260933922059096, 0.03880876703774843], [0.04861039903249708, 0.2979491795053382, 0.6210214795790941, 0.03241894178307058], [0.03937325904903935, 0.47257915499179903, 0.46523389528302656, 0.02281369057613507], [0.048269619196848454, 0.45828417792588066, 0.46548331646219404, 0.02796288631507683], [0.020983484070173992, 0.045851097445749604, 0.9213859626758454, 0.011779455708231046], [0.031039111589604484, 0.07108241808830436, 0.8798962244930141, 0.017982245729077008], [0.04697077720887638, 0.23867921528813615, 0.6799504160201092, 0.03439959138287825], [0.0473459093347174, 0.2857031768702523, 0.6338601589712655, 0.033090754723764784], [0.04287099688888769, 0.32205398567062143, 0.6016462758440433, 0.0334287414964476], [0.037628810789480875, 0.2654721767646261, 0.6779618772746265, 0.01893713507126649], [0.029235484717903153, 0.06696175611884482, 0.8823932568406997, 0.021409502222552314], [0.035937565593535205, 0.11075833622026972, 0.831482062809268, 0.021822035276927103], [0.03386138789607288, 0.14488652508992816, 0.7956681935699509, 0.025583893344048102], [0.059761240627144704, 0.3233831798454854, 0.5166150888536202, 0.10024049057374972]], "ideal": "C", "sampled": "A", "correct": false}}
{"type": "result", "data": {"idx": 15, "options": ["5 minutes", "14 minutes", "34 minutes", "70 minutes"], "probs": [[0.00848664542840567, 0.6234379419738676, 0.3609268027428898, 0.0071486097548369675], [0.010267369218618318, 0.8414780904670924, 0.08333406410276381, 0.06492047611152547], [0.004198247608431036, 0.6327821675077675, 0.36066404342503516, 0.0023555413587662815], [0.0044564700750801016, 0.9326139690822225, 0.056025542188199905, 0.00690401855449748], [0.004838719491122632, 0.046623717923702894, 0.9369276151936564, 0.011609947291518069], [0.001834237778678916, 0.01535388694171205, 0.9806335311600047, 0.002178344019604304], [0.07600808484421843, 0.49558934913779945, 0.41744867727216534, 0.010953888645816765], [0.11691225715564044, 0.6419564293590045, 0.07092085268620182, 0.1702104606991532], [0.10916612654921186, 0.5993814851708202, 0.27881123626160986, 0.01264115191835807], [0.13834790420217483, 0.6599592940608066, 0.1804697601904262, 0.02122304144659238], [0.07263824559433794, 0.2134825352658691, 0.5367947976289276, 0.17708442141086533], [0.009946526199752512, 0.0347113876070571, 0.9534874722886125, 0.0018546138045778913], [0.042286165172530386, 0.07776633671014468, 0.8765823864709817, 0.0033651115463432003], [0.2596646864427591, 0.4556902084467861, 0.1599943500596802, 0.12465075495077461], [0.07643878627591837, 0.8747471506256196, 0.04494684595100521, 0.0038672170474568193], [0.0725638577790023, 0.8978784200492211, 0.024694415128855285, 0.0048633069429212285], [0.1921186028544503, 0.41308317199812855, 0.15928410229407497, 0.23551412275334618], [0.022910736562937673, 0.07056101430589949, 0.9012530470332017, 0.005275201997961091], [0.003667766667690921, 0.036463097887118476, 0.9556466857969311, 0.0042224495482594375], [0.0017273915276229273, 0.013584293626280235, 0.9830905422604934, 0.0015977724856033916], [0.008641091329622548, 0.9236842958239839, 0.05724728454112683, 0.010427328205266671], [0.005126167192071414, 0.703545763368325, 0.2888095139065722, 0.002518555433031314], [0.005262421376208427, 0.9872551155555997, 0.0051826587280532155, 0.002299804240138595], [0.004232315469844692, 0.8584712993748107, 0.13586727180354952, 0.0014291132517950408]], "ideal": "B", "sampled": "B", "correct": true}}
{"type": "result", "data": {"idx": 16, "options": ["18", "24", "25", "29"], "probs": [[0.0458269993227072, 0.05614224202491939, 0.8925984706282893, 0.005432287924084049], [0.1115418664428431, 0.17007828770833872, 0.5938727016971319, 0.12450714405168627], [0.2140797046495025, 0.2314636374560451, 0.5384475508025138, 0.016009106991938617], [0.31062653599809265, 0.3010706299594897, 0.37485957072119286, 0.013443263221224784], [0.07362642357883972, 0.11052501529914602, 0.7675361861276854, 0.04831237489432887], [0.08423900218982604, 0.08293300487788198, 0.8249898771633519, 0.007838115668940097], [0.0193124864563485, 0.20121937960351305, 0.7717841280648633, 0.007684005775275145], [0.03908992433354035, 0.6308817070277554, 0.2285817261031024, 0.10144664243560185], [0.015466455944352864, 0.09181774579939274, 0.885408274412207, 0.0073075237440473435], [0.034296901819243934, 0.2783197607435493, 0.5713106691204509, 0.11607266821675581], [0.009668551474481226, 0.04987082303813974, 0.9124769056465408, 0.02798371974083825], [0.006512623610488115, 0.029643028101099023, 0.9520509556352438, 0.011793392553169123], [0.2561935713208041, 0.45671249534502667, 0.27285530619771386, 0.0142386270364554], [0.30739893959453624, 0.5068400306878436, 0.1752363730932361, 0.01052465652438414], [0.16337372863086957, 0.11766702297178783, 0.7100218751975185, 0.008937373099824106], [0.28014315273576684, 0.24338506017824857, 0.4077806198932326, 0.068691167092752], [0.08494927999698296, 0.07734533707825673, 0.8319675452789587, 0.0057378375458016365], [0.1187791648661217, 0.1345929473222396, 0.7055567344565687, 0.04107115325506994], [0.0348599930796929, 0.4052454591173813, 0.4967300965398043, 0.06316445116312149], [0.03775768965590148, 0.29238288556975867, 0.6592053537065302, 0.010654070967809605], [0.020674791468723825, 0.10018465646924538, 0.8392698719070801, 0.03987068005495067], [0.013292741452874898, 0.06645267202361034, 0.9037075888840053, 0.01654699753950944], [0.026223037065226266, 0.12509451049149245, 0.842101742478078, 0.006580709865203242], [0.05224559652949562, 0.2780545260386366, 0.6076225434060631, 0.06207733392580456]], "ideal": "B", "sampled": "A", "correct": false}}
{"type": "result", "data": {"idx": 17, "options": ["(60/6)\u201412=a", "(60\u201412)/6=a", "(60-6)-12=a", "(60+12)/6=a"], "probs": [[0.3614744988044918, 0.47927474902272704, 0.1158249594983254, 0.043425792574455786], [0.2829673247804301, 0.3991211592882929, 0.29731404335335965, 0.020597472477917378], [0.1673349474215893, 0.0910032484608703, 0.717845812174985, 0.02381599184255544], [0.40959620166500127, 0.20614474856174309, 0.30053925287296607, 0.08371979680028957], [0.15693919095978454, 0.10290182208336722, 0.728388177986073, 0.011770808870775215], [0.5558413018099354, 0.25087832280518735, 0.1150896944695497, 0.0781906808153276], [0.7292140680797555, 0.16554030681865606, 0.08600524018959498, 0.019240384811993475], [0.6317771629609323, 0.1702077090565569, 0.18734635560814408, 0.01066877227436662], [0.44251610217090437, 0.06480579587222589, 0.4799751464551616, 0.012702955401708158], [0.6211265648867885, 0.10151131234479491, 0.2517907154497171, 0.02557140721869943], [0.4787923734046616, 0.12304499869999294, 0.3860286747074963, 0.012133953087849134], [0.7672216466916164, 0.17151230955298938, 0.03603606378752383, 0.025229979867870424], [0.16319872650670228, 0.18497446220580832, 0.6274761066070127, 0.024350704580476674], [0.39197003837480443, 0.3410360514776609, 0.19171230493058922, 0.07528160511694541], [0.10782415884580301, 0.522520432851101, 0.34883263370172657, 0.020822774501369497], [0.13013437146631954, 0.7378052930949934, 0.10651149401286014, 0.025548841325826837], [0.12337912217539357, 0.0848154747256611, 0.7714305734821459, 0.020374829516799333], [0.10950227069892526, 0.10780950612454533, 0.7634364877691993, 0.01925173530733008], [0.42769990514952727, 0.2555253992028486, 0.3042944837080132, 0.0124802118396109], [0.65722111675622, 0.2660130713733355, 0.05089806313646471, 0.025867748633979715], [0.31345149844963016, 0.0678247967797921, 0.6067144884199484, 0.012009216250629394], [0.67106101929755, 0.12831424940222347, 0.16004728733174636, 0.0405774438684801], [0.3136529112883464, 0.04664676318855735, 0.6265015771594967, 0.013198748263599512], [0.3006317651606471, 0.0574074282684666, 0.6291111187179519, 0.012849687752934373]], "ideal": "B", "sampled": "B", "correct": true}}
