{"type": "result", "data": {"idx": 0, "options": ["a currency.", "a well-connected transportation infrastructure.", "government activity.", "a banking service."], "probs": [[0.1379177272181876, 0.2573136985044658, 0.3806959390259563, 0.22407263515139034], [0.10424762295818653, 0.2071318343605977, 0.22063568396623703, 0.46798485861497874], [0.11625546874243152, 0.17702936992492216, 0.4186162618977216, 0.28809889933492466], [0.0934621952037565, 0.15395176754267495, 0.10263170034236987, 0.6499543368111986], [0.054587514829765246, 0.11185536120772471, 0.5427171749143636, 0.29083994894814647], [0.06658826270734952, 0.11858253621549229, 0.29835708057717175, 0.5164721203999865], [0.18690104502208058, 0.19555481974978497, 0.3657553439109044, 0.25178879121723], [0.12222895041501423, 0.13626412233753588, 0.10955366583243213, 0.6319532613150177], [0.24047981200197588, 0.37787178154981355, 0.0956325083875391, 0.2860158979606715], [0.19233698567800636, 0.38205944349344306, 0.14975218027071163, 0.27585139045783896], [0.11468491213407711, 0.15911858137860962, 0.12397869952225749, 0.6022178068650558], [0.1348891407116469, 0.23641352353116057, 0.40258681770113536, 0.22611051795605716], [0.08371334518727866, 0.13780103880567848, 0.46682150953915946, 0.3116641063678834], [0.07737737090575761, 0.11787414461779427, 0.10247875672687438, 0.7022697276495737], [0.10367922279509158, 0.3239899148313767, 0.1416475250544512, 0.43068333721908053], [0.10311115708909892, 0.3429719813992119, 0.2550968755613167, 0.29881998585037245], [0.06627123555358011, 0.12180342070272623, 0.08641131644534784, 0.7255140271983458], [0.06307401554455944, 0.1487023692332694, 0.6270563052493341, 0.16116730987283706], [0.047245141671297036, 0.11317762717516952, 0.48452812159615516, 0.3550491094573783], [0.06034844332786904, 0.12560477063320533, 0.3312230592945765, 0.4828237266443491], [0.07018509022879185, 0.2565057074955536, 0.13736030969737417, 0.5359488924782804], [0.0677514394379885, 0.37737206745463064, 0.38970754708051397, 0.16516894592686684], [0.0779591008182552, 0.20521866547568834, 0.08296978781920178, 0.6338524457868546], [0.07361012838259794, 0.2410315077410515, 0.4438016348497973, 0.2415567289265533]], "ideal": "B", "sampled": "B", "correct": true}}
{"type": "result", "data": {"idx": 1, "options": ["zero population growth.", "rapid growth rate.", "homeostatic plateau.", "demographic momentum."], "probs": [[0.0011312821246698516, 0.012250198296897809, 0.009525056395189717, 0.9770934630832426], [0.0021244833648969945, 0.013136570658645468, 0.9829638736540367, 0.00177507222242086], [0.0015463569334376362, 0.020343781917593874, 0.02301742481143955, 0.9550924362375289], [0.0025688076854908618, 0.018116520715928407, 0.9766410588241499, 0.0026736126744308724], [0.0018861180912855943, 0.9961611632433663, 0.001618699772921081, 0.0003340187924270286], [0.001480546385981955, 0.9962492880427497, 0.0019220453106682121, 0.00034812016060015947], [0.0011265373069299083, 0.00935633463023877, 0.01665641502033694, 0.9728607129424943], [0.00178279326678839, 0.007531070861821428, 0.9886641213652577, 0.0020220144061324536], [0.0012620837011301151, 0.010002944103920504, 0.011141719654776502, 0.9775932524401729], [0.0014196951936839741, 0.009505164392185978, 0.986460776121457, 0.0026143641926730373], [0.0011348253965026596, 0.9966504331850535, 0.0018058645630728279, 0.0004088767553709328], [0.0008773287564974436, 0.9975097422536281, 0.0014299539655148253, 0.0001829749243596084], [0.0009189086253301471, 0.011623537885947834, 0.015136936683240267, 0.9723206167054818], [0.0014648090778686563, 0.010915817839193421, 0.9848768843104732, 0.002742488672464726], [0.0008610076608070946, 0.009539929491487216, 0.012422702349150692, 0.977176360398555], [0.0010269488557265972, 0.007427096411591782, 0.9895655547991756, 0.001980399833506035], [0.0010995000764579767, 0.9961915934736902, 0.0018474555765582467, 0.000861450773293512], [0.0009192259069151306, 0.9971377076310329, 0.0014866070410219214, 0.0004564593210300058], [0.967229286986806, 0.026168373311339845, 0.0058397139841936, 0.0007626256176604969], [0.9567449471321039, 0.027982115109153344, 0.01474610961964527, 0.0005268280390975304], [0.9674646077182396, 0.021360562714277928, 0.00933077727666364, 0.0018440521908187797], [0.9701220316542889, 0.01890607349540257, 0.010605683466455549, 0.0003662112838529599], [0.9624399985535431, 0.027716593229207505, 0.008996725496251039, 0.0008466826209983583], [0.9624492795370908, 0.03141484675453372, 0.005721241507171015, 0.00041463210120442674]], "ideal": "D", "sampled": "D", "correct": true}}
{"type": "result", "data": {"idx": 2, "options": ["push factors.", "pull factors.", "distance decay.", "migration selectivity."], "probs": [[0.0015358532397938829, 0.007429469305137364, 0.9891552233648945, 0.0018794539901742634], [0.001005043826624758, 0.014876741455505193, 0.0031180599670665938, 0.9810001546508035], [0.001409749288714415, 0.9972600490045592, 0.0011317877966739293, 0.00019841381005236767], [0.0011690410026077372, 0.9976062325422949, 0.0009313972661923483, 0.0002933290889050478], [0.0010755117329489952, 0.012490169738623134, 0.023700109877738483, 0.9627342085506894], [0.0008161920504051341, 0.006456974734931756, 0.9897222275395535, 0.0030046055751095516], [0.0013780195007300532, 0.007205468832435375, 0.989881487489574, 0.001535024077260523], [0.0008755323780833054, 0.011985234694559789, 0.00359806039235738, 0.9835411724349995], [0.0009401384549785536, 0.9981248749787903, 0.0008287079881908701, 0.00010627847804020527], [0.0009040490294821711, 0.9981850332505933, 0.000748853862462736, 0.00016206375746184726], [0.0012361217457000982, 0.010503537896824806, 0.011715667259731713, 0.9765446729977434], [0.0007801521319858928, 0.005797026493427709, 0.9913546125773887, 0.0020682086971977537], [0.9773133125342343, 0.015308004378288225, 0.005632817122916571, 0.001745865864560967], [0.9739599530447399, 0.018403142136077064, 0.0030526692524772497, 0.004584235466705801], [0.9811650746635697, 0.013562687993414943, 0.003651256293724277, 0.0016209809492909934], [0.9764931950073711, 0.016538890179857563, 0.00315783954120964, 0.0038100751715617327], [0.9629162114700559, 0.027741695140669584, 0.0041248950624007035, 0.005217198226873817], [0.9599040830657071, 0.030371127915815116, 0.003923766814968059, 0.005801022103509707], [0.0005302395892236164, 0.004609483648041802, 0.0135461181841726, 0.981314158478562], [0.0012734793688298149, 0.005872242017197158, 0.9888776092781889, 0.003976669235784063], [0.0005433299549940549, 0.0035104618615638384, 0.005877833228785468, 0.9900683748546566], [0.0008264940613164874, 0.0034692682902321198, 0.9938166635907567, 0.0018875739576946539], [0.0007440078901650968, 0.9979973611000839, 0.0007785401094785584, 0.0004800908002724646], [0.0007618720986803324, 0.998109654600556, 0.000714570163329216, 0.0004139030374344277]], "ideal": "C", "sampled": "C", "correct": true}}
{"type": "result", "data": {"idx": 3, "options": ["First", "Second", "Third", "Fourth"], "probs": [[0.053843635372797655, 0.41129523120993483, 0.37393185408212826, 0.16092927923513928], [0.04785069113380052, 0.3126795910930848, 0.3593440082261039, 0.2801257094470108], [0.03304622112708972, 0.4358088097704633, 0.47828534191962446, 0.05285962708282247], [0.04914412024535503, 0.5999368264751266, 0.11613607424592962, 0.23478297893358882], [0.03521514193012723, 0.35642542236523134, 0.3558387040641147, 0.2525207315405267], [0.0395505737666311, 0.29750365692986036, 0.33132026689006017, 0.3316255023134484], [0.07436015098931649, 0.6335640879455586, 0.2022657499696723, 0.0898100109954526], [0.06662531891823151, 0.48561673989791737, 0.22203284334381732, 0.2257250977400338], [0.053251298172526794, 0.18044992887436626, 0.7019818884345272, 0.06431688441857972], [0.05723306184894116, 0.29140937433982983, 0.3508623851144463, 0.30049517859678276], [0.043030145344612164, 0.24432182275723927, 0.5005037486352946, 0.21214428316285397], [0.03835230162089695, 0.18049215787104264, 0.6292295806912815, 0.15192595971677886], [0.0534595956843546, 0.25939962168647784, 0.5932193375783286, 0.09392144495083903], [0.06832493452249094, 0.3317887359713611, 0.22412971828803277, 0.37575661111811515], [0.044283781622110434, 0.07544280770837773, 0.8233732562900804, 0.056900154279431375], [0.05263776802188104, 0.1574844747155716, 0.4768557636867401, 0.3130219934758073], [0.041179502050167384, 0.22667814143261525, 0.42258642693802917, 0.30955592947918814], [0.0383372778219558, 0.16443789942430262, 0.3366134947592119, 0.46061132789452974], [0.04800129717109378, 0.5766989035081758, 0.1729593140679441, 0.20234048515278635], [0.046220185543513356, 0.5382314143384592, 0.16140928321698178, 0.2541391168010457], [0.03341297605818309, 0.14998219011820443, 0.6822114775564647, 0.1343933561671477], [0.03425353045607945, 0.19135981938832575, 0.5707434457770217, 0.20364320427857302], [0.03463386563284764, 0.19357310714118298, 0.5420731618867239, 0.2297198652392454], [0.038088874905639086, 0.18503879602822867, 0.37311018682849395, 0.4037621421376383]], "ideal": "A", "sampled": "A", "correct": true}}
{"type": "result", "data": {"idx": 4, "options": ["Most women work in agriculture", "The percentage of women economically active in the labor force declined worldwide", "The percentage of women in the total labor force declined", "Women spend more hours per day working than men in all regions except Anglo America and Australia"], "probs": [[0.0012595222159621116, 0.974746535546461, 0.0032138939251202766, 0.020780048212456652], [0.0011173809963302824, 0.984265634867677, 0.012550352089698617, 0.002066631946294084], [0.0036914604591983566, 0.1312281633975086, 0.7545477126520723, 0.11053266339122068], [0.002621919363543296, 0.034749860917748, 0.9401857428255931, 0.022442476793115583], [0.0012989935865743761, 0.9951054704281931, 0.0024403762091321697, 0.0011551596761003682], [0.0012870575210162177, 0.9868556191144697, 0.0026377877033626307, 0.009219535561151376], [0.04277532365976141, 0.05383678020758999, 0.058131827771743645, 0.8452560682609049], [0.0036042531633377396, 0.008835305513899102, 0.9846898531772199, 0.002870588045543196], [0.018407794262350438, 0.021639941902975152, 0.021113753945914148, 0.9388385097887603], [0.042649516628725154, 0.047508468408564535, 0.8992389600193306, 0.010603054843379794], [0.01044576634447437, 0.9771655978992484, 0.006845816165377628, 0.00554281949089955], [0.012992391745279754, 0.976651269664674, 0.0073433003080330605, 0.0030130381820132023], [0.004186100403809483, 0.00832505446929781, 0.9484380795886491, 0.039050765438243554], [0.001358539327772809, 0.0036303442797802035, 0.9922271938219469, 0.002783922470500051], [0.00598955090779399, 0.6171527328999483, 0.007826386727816288, 0.36903132936444133], [0.009277443763480038, 0.9456751119502016, 0.04155644191513627, 0.0034910022711821384], [0.003282630211010441, 0.9763083043258095, 0.004516515688983332, 0.015892549674196673], [0.003081844861880683, 0.9904599109784115, 0.005749318236628672, 0.0007089258230791449], [0.8094789309597514, 0.09494881242543163, 0.07191327891605495, 0.02365897759876201], [0.7035759915823103, 0.09808144205893188, 0.07776528190522848, 0.12057728435352928], [0.8394900027891065, 0.10814703314973931, 0.022752508940535, 0.02961045502061924], [0.8559388517477496, 0.10698581485870526, 0.02822306006864605, 0.008852273224899074], [0.7293898963464646, 0.13046039469497875, 0.02810127064917689, 0.11204843820937979], [0.695338135081485, 0.1366856374348395, 0.16287402833803963, 0.005102199045635815]], "ideal": "D", "sampled": "D", "correct": true}}
{"type": "result", "data": {"idx": 5, "options": ["safety.", "better climate.", "better schools.", "overcrowding."], "probs": [[0.19170796869268222, 0.07632626592349682, 0.16407345233707013, 0.5678923129467508], [0.2337587581985906, 0.10210041609052609, 0.36225694425636146, 0.3018838813545219], [0.21265864305998036, 0.09748493042629923, 0.07018563621289067, 0.6196707902008297], [0.3074818803437746, 0.14287720406299775, 0.3652369027184253, 0.18440401277480234], [0.36555538138235777, 0.13041516910230216, 0.08688102758144782, 0.4171484218338923], [0.4184990898994511, 0.14017964661325738, 0.15643261279979162, 0.28488865058749985], [0.10917394525826533, 0.06430886637291308, 0.22408720681745667, 0.602429981451365], [0.12119472002931768, 0.08082116876158556, 0.42322906389945764, 0.3747550472096391], [0.2181570380707975, 0.12835110722688808, 0.13655591009681803, 0.5169359445054963], [0.17019921539511998, 0.13675890861574153, 0.4486046433000187, 0.2444372325891198], [0.3146230209760974, 0.11953887075021091, 0.09160675647817705, 0.4742313516955146], [0.28750615471007457, 0.13581159231285073, 0.27438106194233847, 0.30230119093473623], [0.4503271616788762, 0.07960870709284083, 0.0770800692570667, 0.39298406187121626], [0.5277398621314423, 0.09765415620230787, 0.19727210678214824, 0.17733387478410165], [0.5906891246268127, 0.07751710030584773, 0.07282631858133526, 0.25896745638600427], [0.5209009244852753, 0.08240203120488059, 0.23490540065895138, 0.16179164355089282], [0.6955206704534679, 0.09717836576860162, 0.04663039179822044, 0.16067057187971004], [0.6500810127097506, 0.11475872845777, 0.08268499804798668, 0.1524752606844927], [0.6635935753607204, 0.0856203045099222, 0.0657375887178251, 0.18504853131153232], [0.6792658223749113, 0.08622159384154321, 0.13169347239062043, 0.10281911129292504], [0.7342818783235405, 0.07148135266345634, 0.06222124607406943, 0.13201552283893367], [0.6322008919664759, 0.08672917568763171, 0.18690304317018677, 0.09416688907570558], [0.7866814155101494, 0.09378159778899, 0.04510361681120549, 0.07443336978965517], [0.7116714874316943, 0.11778816097813515, 0.069390209073121, 0.1011501424170495]], "ideal": "D", "sampled": "D", "correct": true}}
{"type": "result", "data": {"idx": 6, "options": ["Vietnam", "United Kingdom", "Germany", "Bolivia"], "probs": [[0.0351316960846266, 0.015382694781036283, 0.013757430741939615, 0.9357281782923975], [0.07857128729523254, 0.04770683426311449, 0.0918613581328735, 0.7818605202087795], [0.03587028495805918, 0.01751817076625459, 0.04902317763392657, 0.8975883665417597], [0.04931055220122516, 0.029027748230993362, 0.16166954433493308, 0.7599921551328483], [0.02420557520580451, 0.014689909362195426, 0.6966158934295179, 0.2644886219024822], [0.016510819889558305, 0.010587286385918557, 0.5468451359633201, 0.42605675766120304], [0.0180846923508521, 0.011513582503122406, 0.05657318184903912, 0.9138285431969864], [0.02020123120982444, 0.01757050001628174, 0.03278666117556331, 0.9294416074983305], [0.010863374972727722, 0.0046783275489086324, 0.4728437494966149, 0.5116145478817488], [0.01292860236265484, 0.005835470312558095, 0.5850864683652659, 0.3961494588595212], [0.026752246740409612, 0.018994076317095324, 0.03953444614264238, 0.9147192306998527], [0.028916601712565333, 0.020215614762074393, 0.09189169459335064, 0.8589760888320096], [0.038891519012548316, 0.02084287197644968, 0.06824507238049714, 0.8720205365305048], [0.03638527562320681, 0.02141095895894502, 0.032107711014522915, 0.9100960543033253], [0.01982274251108096, 0.00982259479500948, 0.41724311718396107, 0.5531115454099484], [0.027969421151643786, 0.015105533127889577, 0.3860277996545931, 0.5708972459658735], [0.0401432251884758, 0.021509900606843445, 0.03829969451081829, 0.9000471795938625], [0.05935607196720013, 0.037762860924029314, 0.15635941654201785, 0.7465216504667527], [0.03004331251733494, 0.022003578329474374, 0.5581079675811512, 0.38984514147203947], [0.02390862837109632, 0.01620642110735556, 0.28228807709419196, 0.6775968733273561], [0.054681868287594464, 0.059199102610497184, 0.09447425221759045, 0.7916447767843179], [0.05396149587743021, 0.039567877668492055, 0.021129947849199558, 0.8853406785048782], [0.03861083676757047, 0.03989848703162978, 0.1207940379829073, 0.8006966381178925], [0.04359960441899449, 0.042340504759847734, 0.0777132863324914, 0.8363466043886664]], "ideal": "D", "sampled": "B", "correct": false}}
{"type": "result", "data": {"idx": 7, "options": ["Chain migration", "Cluster migration", "Circular migration", "International migration"], "probs": [[0.012654697155382252, 0.03709206050886675, 0.9425774734524364, 0.0076757687833145785], [0.023624218557941726, 0.07995220869069083, 0.04621172982342863, 0.8502118428279388], [0.02896927311455844, 0.9435395070320065, 0.021488166489866206, 0.00600305326356885], [0.021126821900665407, 0.9553070187513432, 0.016947705510048455, 0.006618453737942944], [0.02542498200816998, 0.09452653123944436, 0.0467255870094018, 0.8333228996429839], [0.009706521916766186, 0.04728095400739357, 0.9352720569906992, 0.007740466985141075], [0.02129660911337297, 0.05017706426842889, 0.9186148220456191, 0.009911504472579028], [0.022819685998670573, 0.08092357721343303, 0.03587009277968249, 0.8603866439082138], [0.016653009729741763, 0.9519336437150512, 0.02741478488867361, 0.003998561566533502], [0.01035894646955792, 0.9689476878006158, 0.012478231348188193, 0.008215134281638036], [0.02236538727694553, 0.12872828398033836, 0.08045828251714024, 0.7684480461255758], [0.007161708641326929, 0.0424310719496375, 0.9364833952954164, 0.013923824013619196], [0.7759271707592671, 0.17544251335493216, 0.03977520313155829, 0.0088551126542425], [0.7570624801988804, 0.19401353261995505, 0.03703427162600389, 0.011889715455160607], [0.7528741376540106, 0.1702302265332341, 0.06988559870695155, 0.00701003700580378], [0.7594773315935419, 0.18003856060858875, 0.04017906768641013, 0.02030504001145922], [0.68439994068529, 0.263313940743965, 0.04038844129299402, 0.011897677177750945], [0.6917578925198403, 0.25803638799698886, 0.03082391774391929, 0.019381801639251583], [0.046228576211265505, 0.0516132668089471, 0.05234751028791841, 0.849810646591869], [0.01497330085329117, 0.03753693627139384, 0.9390292395464559, 0.00846052322885914], [0.057104790842216514, 0.10341522481805167, 0.10659680166507729, 0.7328831825746546], [0.008950970176415282, 0.033966958677570915, 0.948057596235062, 0.009024474810951743], [0.02684721740421851, 0.9604925504546805, 0.010501280697096127, 0.002158951344004803], [0.024905106121121335, 0.9636719724655772, 0.008598747975028525, 0.00282417333827295]], "ideal": "C", "sampled": "C", "correct": true}}
{"type": "result", "data": {"idx": 8, "options": ["Religious differences", "A national holiday", "An attack by another country", "A charismatic national leader"], "probs": [[0.1642164179671419, 0.25830133014784135, 0.46791934804950325, 0.10956290373551353], [0.08352259234537197, 0.1795824699079792, 0.6675810564542904, 0.06931388119235843], [0.1985909461986472, 0.7614360933520495, 0.010866241366577692, 0.029106718982725578], [0.15134554592455712, 0.7807490563105808, 0.040745148927718085, 0.027160248737144038], [0.12659644890657032, 0.8257951016524893, 0.01454712056152903, 0.03306132877941132], [0.0833646996472597, 0.868814137907835, 0.032145666620434936, 0.01567549572447038], [0.06551195081812565, 0.21479715884855774, 0.5573364024201688, 0.16235448781314774], [0.042765694163593534, 0.10419425017928632, 0.7824808096016502, 0.07055924595546993], [0.08483392418091093, 0.830635528950481, 0.00840536080727503, 0.07612518596133308], [0.1540494509392221, 0.7701789477754948, 0.05847643491678823, 0.017295166268494873], [0.11151867361494365, 0.7742236178936147, 0.01878826445968604, 0.09546944393175562], [0.08417598863139909, 0.7861503921307956, 0.11685995701994045, 0.01281366211786478], [0.8614351628217629, 0.10283096735039177, 0.011276745078748086, 0.024457124649097273], [0.8066451804147319, 0.12558351853522956, 0.04015801973739708, 0.02761328121264149], [0.806843037032955, 0.1180090002354848, 0.014780386253213757, 0.060367576378346464], [0.7793188138754027, 0.15095931711688895, 0.05138541766366995, 0.018336451244038383], [0.7945387636428898, 0.18281227978358514, 0.010001915850673745, 0.01264704062285138], [0.778546277107606, 0.19673103196031969, 0.014037036541583914, 0.010685654290490374], [0.7760879862560746, 0.15039174005091235, 0.031049651501488258, 0.04247062209152482], [0.7447519426472186, 0.14205448566165543, 0.09034375251874975, 0.02284981907237625], [0.7588710075026198, 0.16405123226117846, 0.028523742724729146, 0.04855401741147253], [0.8075399315267352, 0.13806934511886176, 0.045555319165810966, 0.008835404088592028], [0.7904336841852526, 0.19062335238099998, 0.008512561628829443, 0.010430401704917974], [0.8232259477368422, 0.1595089531692723, 0.011928731180028249, 0.00533636781385723]], "ideal": "A", "sampled": "D", "correct": false}}
{"type": "result", "data": {"idx": 9, "options": ["Mediterranean climate", "Limited forest cover", "Growth of manufacturing", "Access to trade routes"], "probs": [[0.05677462508512695, 0.07401731306248407, 0.032861231407688346, 0.8363468303447006], [0.011050621934018116, 0.02262616516439373, 0.9639167530139795, 0.0024064597876086303], [0.007091028185860975, 0.010817359477011608, 0.0070935548638527, 0.9749980573732747], [0.0016266212228677637, 0.0036327957136718463, 0.9926535905178246, 0.0020869924456357655], [0.009545697499257074, 0.9883092666952038, 0.0019388573764324724, 0.00020617832910663282], [0.007684317936197256, 0.9903499556583157, 0.0015252211462312873, 0.00044050515925569695], [0.052857540444107155, 0.04811619957778711, 0.030125664487959773, 0.868900595390146], [0.007986646678165387, 0.019721847905557154, 0.9672606700544202, 0.00503083526185726], [0.007639902722133191, 0.014057097020185, 0.006436264061609663, 0.9718667360960721], [0.002999862081986143, 0.005861748242447501, 0.9872614725152609, 0.0038769170603054604], [0.014037391633559158, 0.9830646838929882, 0.002401959928694804, 0.0004959644447578899], [0.013393158586510802, 0.9830817258791831, 0.002873364742029187, 0.0006517506922769775], [0.0014975828198896012, 0.0036536973370381704, 0.004796877678262431, 0.9900518420648098], [0.0005020620235172717, 0.001998463152433458, 0.9959307740267065, 0.0015687006973428143], [0.0014410455512143797, 0.004657720692200957, 0.003223099753367304, 0.9906781339032174], [0.000922174764610742, 0.0032116139711143594, 0.9942250703849433, 0.0016411407793315456], [0.0026265596665575163, 0.9947838667619373, 0.0019507321767976797, 0.0006388412947074919], [0.0032377280607204916, 0.992785332375187, 0.003552004240939695, 0.0004249352231528114], [0.8961606188252492, 0.07579359308730689, 0.024628399162124722, 0.0034173888253191892], [0.9260823972469434, 0.06297570228830175, 0.006908648851754061, 0.0040332515130008075], [0.9011841761517896, 0.09054208747449093, 0.006315392170310636, 0.001958344103408838], [0.8768864318182971, 0.10964055414778268, 0.008937971387683458, 0.004535042546236788], [0.9361650487267005, 0.05279126505925132, 0.007610485517918097, 0.00343320059613011], [0.9124801674483808, 0.06401126357189509, 0.018639820177231786, 0.004868748702492286]], "ideal": "D", "sampled": "D", "correct": true}}
{"type": "result", "data": {"idx": 10, "options": ["high birth rates with high but fluctuating death rates.", "declining birth rates with continuing high death rates.", "low birth rates with continuing high death rates.", "high birth rates with declining death rates."], "probs": [[0.5075900341420867, 0.4620816215469608, 0.020330322052307944, 0.009998022158644603], [0.44651069830704443, 0.5137844381848983, 0.030417848269120324, 0.00928701513893693], [0.6250098218980004, 0.26870151801008263, 0.08736518590579288, 0.01892347408612415], [0.40893599691575283, 0.22562995718867782, 0.35039380450316443, 0.01504024129240494], [0.4943429950269745, 0.49427251253702903, 0.007633237362948589, 0.0037512549730479], [0.44149689155674876, 0.5408718972427217, 0.011418968927940993, 0.006212242172588515], [0.1236174442986511, 0.7223696062108073, 0.13802261905279803, 0.01599033033774359], [0.0976346276779096, 0.3568424555537707, 0.5368471105094809, 0.008675806158838787], [0.19746752522701183, 0.5623353248794261, 0.17176875854284193, 0.0684283912507202], [0.18224959413094724, 0.6259763356785412, 0.13774648563949327, 0.054027584451018386], [0.19814694553215081, 0.6006489585689925, 0.18060759279994812, 0.02059650299890858], [0.14533175147614077, 0.5070719586196716, 0.29400416439055926, 0.053592125413628365], [0.08870006136994278, 0.6758598520933408, 0.2197488790964091, 0.015691207340307326], [0.06455841527579628, 0.21810219732889263, 0.7061957571542506, 0.011143630141060425], [0.04350341483515581, 0.9015129803709693, 0.022591069338446765, 0.03239253535542812], [0.062447011112441726, 0.8892786386261465, 0.022994281101226165, 0.025280069060185532], [0.1278197967802792, 0.8077280859100024, 0.053347451980139314, 0.011104665229579043], [0.10425921101253477, 0.7581746862818537, 0.120111594630585, 0.017454507975026484], [0.19760716474781065, 0.769411881883552, 0.02676707016919169, 0.006213883099445623], [0.1757698121111651, 0.7755204116799913, 0.03805287689149699, 0.010656899217346584], [0.40433662899822453, 0.44394004092429956, 0.12739312576312806, 0.024330204214347843], [0.4627475686346572, 0.4414442727856981, 0.0589029223535585, 0.036905236126086205], [0.28401380986125646, 0.4003183871131048, 0.2889920792364574, 0.02667572368918127], [0.2581950570121221, 0.4188899631504154, 0.28845124065513, 0.034463739082332544]], "ideal": "A", "sampled": "A", "correct": true}}
{"type": "result", "data": {"idx": 11, "options": ["Crude birth rate", "Replacement level", "Mortality rate", "Total fertility rate"], "probs": [[0.0023224784593596365, 0.9971048860542555, 0.0004905615365235053, 8.207384986132176e-05], [0.0014548537204439398, 0.9980721116873985, 0.0004265962154409294, 4.643827671665041e-05], [0.0015416553038199328, 0.00336481867178877, 0.9936680806953694, 0.0014254452290219024], [0.0005693747662101273, 0.0015484377509237196, 0.07455915212753617, 0.92332303525533], [0.002170835515548846, 0.020904040804976886, 0.9765843867757663, 0.00034073680370796803], [0.0023273631300868465, 0.11393919445788483, 0.0010492839475129908, 0.8826841583645153], [0.9946467746772168, 0.00460840076112172, 0.0005906229640632531, 0.00015420149759816468], [0.9962620649617425, 0.003123193394831811, 0.0005777666870545105, 3.697485637116662e-05], [0.9946407745463685, 0.004536790998864169, 0.0007014033828372545, 0.00012103097193010572], [0.9954122368652845, 0.00370578287233447, 0.0008334114402321847, 4.856872214888753e-05], [0.995437239215958, 0.0041343158925898245, 0.00039988976355515764, 2.8555027897113266e-05], [0.9938627252174471, 0.005468312524763907, 0.0006135732841686422, 5.53888736203667e-05], [0.0016792442420759865, 0.011464738448715065, 0.9853272577006761, 0.0015287595085328753], [0.000814426972716438, 0.009105852708231945, 0.3208801414217699, 0.6691995787972818], [0.001475742893625071, 0.9964637105943068, 0.0017787212176074872, 0.0002818251944605674], [0.001430937459613051, 0.9968179231884513, 0.0016457797448364239, 0.0001053595070991914], [0.0015384460359063453, 0.2588087881466693, 0.0019603003483360604, 0.7376924653690883], [0.0014347164347234419, 0.47565755651431135, 0.5224419549197119, 0.00046577203125329643], [0.0018642918824577487, 0.0018056058697749678, 0.9960572925270076, 0.0002728096207596796], [0.0018325047055791673, 0.0015685766264520106, 0.0007581584875179534, 0.9958407600804509], [0.002082524106873577, 0.9975045920615375, 0.0003851516352751186, 2.7732096313834097e-05], [0.0033234031087560657, 0.9961936835067725, 0.0004462112451029668, 3.670203936850006e-05], [0.0014488757142914822, 0.001642838069997076, 0.0015186763600543588, 0.995389609755657], [0.002506070817335366, 0.002175278303973206, 0.9947725125004822, 0.0005461382782092867]], "ideal": "B", "sampled": "B", "correct": true}}
{"type": "result", "data": {"idx": 12, "options": ["Islam", "Christianity", "Hinduism", "Buddhism"], "probs": [[0.1845494359547125, 0.5773153900522843, 0.09877467154468796, 0.13936050234831523], [0.17439437751239115, 0.6182242400987531, 0.06936841198971043, 0.13801297029914536], [0.11314226601525518, 0.12041284798064081, 0.682335252378185, 0.08410963352591892], [0.11874725011850484, 0.0666249548325742, 0.06356164114705123, 0.7510661538018697], [0.08475957355223952, 0.11583686469156172, 0.6987164818868699, 0.10068707976932888], [0.10055598952734704, 0.061006790203688564, 0.07130693882647275, 0.7671302813424916], [0.060800675296663845, 0.839332580482473, 0.03410948440091453, 0.06575725971994863], [0.058798979961952665, 0.8506872653110494, 0.02490046247590923, 0.06561329215108866], [0.117085592691598, 0.3960755824061865, 0.2680160144897906, 0.21882281031242481], [0.07736200949534446, 0.15630981533597466, 0.04339988918616411, 0.7229282858825168], [0.05628738593706421, 0.18170064821289408, 0.5685357493229583, 0.19347621642708349], [0.05322470550891484, 0.08778300324578783, 0.06420612673004093, 0.7947861644152564], [0.0753978880135841, 0.4271069264083225, 0.32750818862116954, 0.16998699685692387], [0.06009318164081763, 0.21642791858445173, 0.056455059722133626, 0.667023839952597], [0.05699291322851401, 0.7162783919008296, 0.11334223778502042, 0.1133864569856359], [0.05769374092030842, 0.5560109490491785, 0.06436413382026343, 0.32193117611024963], [0.028275392716786172, 0.04518894739156832, 0.38427659104008904, 0.5422590687515565], [0.027977715731189956, 0.053927279418189915, 0.6171813282973302, 0.30091367645329], [0.025829583678836046, 0.7910580148037819, 0.1139646772910789, 0.06914772412630313], [0.03323861484676167, 0.6079576429725405, 0.03324136411091973, 0.32556237796977805], [0.021986195119198984, 0.6425025855059958, 0.22554873703711184, 0.10996248223769337], [0.03236770893566964, 0.3023954230186486, 0.054207203949541045, 0.6110296639961408], [0.014835645993259424, 0.032411460687807835, 0.4688036026557166, 0.4839492905632162], [0.01648297924178271, 0.039543349733831605, 0.6900328474178001, 0.2539408235065855]], "ideal": "A", "sampled": "B", "correct": false}}
{"type": "result", "data": {"idx": 13, "options": ["redline area.", "threshold.", "range.", "hinterland."], "probs": [[0.005069330580282782, 0.01164341853682961, 0.008908290029324585, 0.974378960753563], [0.015663171798150424, 0.06289288646983743, 0.8974675290261128, 0.023976412605899274], [0.002290059320350066, 0.0024265811964998283, 0.020258491625691055, 0.975024867757459], [0.0050132725567085135, 0.004224305443426158, 0.9640275095329137, 0.026734912366951594], [0.022450334819761456, 0.5228654028802068, 0.4203546250856982, 0.03432963711433354], [0.03128351753682306, 0.47466700266022493, 0.01769244708659132, 0.4763570326163607], [0.0057209373874459665, 0.007614150481848892, 0.009228211264891747, 0.9774367007658133], [0.035763331819871964, 0.06735529205588356, 0.8612798708197443, 0.03560150520450015], [0.006380843214056871, 0.006552676878947748, 0.04066772226950992, 0.9463987575374855], [0.006521691117066858, 0.007166245036894589, 0.962392213104893, 0.023919850641145605], [0.0143659864750244, 0.9614230150427739, 0.016673309510183077, 0.007537688872018519], [0.020673788350239593, 0.9365855123001946, 0.012070053760001384, 0.030670645489564385], [0.018400517250272592, 0.07232752791909998, 0.229662623179887, 0.6796093315507404], [0.01762990888860474, 0.11317394243838853, 0.8111903297236273, 0.058005818849379415], [0.014218341028075364, 0.03336578110399296, 0.5774260543668244, 0.3749898234011073], [0.007378768639128137, 0.01479132286515258, 0.9531838885332907, 0.02464601986242859], [0.008706506681384917, 0.95301947735668, 0.018288551611970596, 0.019985464249964408], [0.011174270424183712, 0.9019561635489408, 0.06040752803495392, 0.02646203789192158], [0.2223612947363721, 0.09413707930296238, 0.6243726563993629, 0.05912896946130257], [0.27177494660366197, 0.06165895214932376, 0.04041537627018888, 0.6261507248768254], [0.4396301589397697, 0.3761098454536986, 0.13627615823493397, 0.04798383727159772], [0.3384853055508996, 0.25983974722170816, 0.050356314331566975, 0.3513186327958252], [0.3267597902501664, 0.050143838670959014, 0.15932648119713752, 0.46376988978173705], [0.11646577229972288, 0.03965197591799295, 0.6109511392165227, 0.2329311124657615]], "ideal": "D", "sampled": "D", "correct": true}}
{"type": "result", "data": {"idx": 14, "options": ["the central city and its developed areas.", "the central city and its surrounding suburbs.", "the central city and its hinterlands.", "the central city and the adjacent counties."], "probs": [[0.15606032935328532, 0.33553095012139855, 0.49645998076952264, 0.011948739655793477], [0.12452494444589018, 0.45561194754762074, 0.1677520287446715, 0.2521110791618176], [0.20406672896328573, 0.5904981814433696, 0.18598586943069143, 0.019449220062653212], [0.1602031409353217, 0.674616976616463, 0.09725755855315367, 0.06792232379506159], [0.06388680945639899, 0.13737823733027787, 0.7554570801580806, 0.04327787295524261], [0.04034608116865664, 0.06970562590411551, 0.8774429909721907, 0.012505301855037173], [0.14045298869874823, 0.6806025878363042, 0.16694600305695878, 0.011998420307988745], [0.09501244231219644, 0.7022367150888988, 0.0685197697678028, 0.1342310727311019], [0.21888657138266582, 0.5950194253073129, 0.16539493736601876, 0.020699065844002527], [0.17671242749516283, 0.579567683718534, 0.1489766571293059, 0.09474323155699724], [0.07929233756212475, 0.19933854784084307, 0.6545083765965493, 0.06686073790048286], [0.055243808153218166, 0.10320286336400017, 0.8258385565143671, 0.015714771868414596], [0.35813764234409656, 0.32097959963626144, 0.3066547257517409, 0.014228032167901061], [0.312215314228219, 0.4334721967082385, 0.19557159262854998, 0.05874089633499246], [0.35214970463377393, 0.33598313639632893, 0.29685772264096805, 0.015009436228929111], [0.306610609566611, 0.38762353495094465, 0.2281156821191538, 0.0776501732632905], [0.2098103471255984, 0.24147334782403465, 0.5198488254319662, 0.028867479518400782], [0.17162929058001367, 0.1914596511064947, 0.6092986912399634, 0.027612366973528268], [0.032885520299436574, 0.7255192697041203, 0.18646249899233577, 0.055132710904107325], [0.02922465877489229, 0.5869472923146777, 0.3675508611954637, 0.016277187614966295], [0.0371200769256171, 0.6580270381054804, 0.25787940042391866, 0.04697348444498389], [0.032730470418640294, 0.5985972797560281, 0.34668070064615447, 0.021991549079177147], [0.027552291142850984, 0.9125897703868432, 0.04474990273633995, 0.015108035633965892], [0.028338265757198097, 0.8957225441295357, 0.05818963998443255, 0.017749550028833702]], "ideal": "B", "sampled": "C", "correct": false}}
{"type": "result", "data": {"idx": 15, "options": ["Buddhism", "Christianity", "Islam", "Hinduism"], "probs": [[0.09827191162009002, 0.6308846332049258, 0.13643252543264073, 0.13441092964234336], [0.1498110361162982, 0.4990105553520152, 0.13640224051909658, 0.21477616791259], [0.1432197679196147, 0.5238761266253332, 0.20837908825892282, 0.12452501709612933], [0.16361513244616588, 0.431092547400622, 0.18830795023024657, 0.2169843698229656], [0.12032507179479957, 0.7143722665434131, 0.06855462388672402, 0.09674803767506326], [0.09810862090364433, 0.7596621625805521, 0.06333883945515424, 0.07889037696064938], [0.24299363065335208, 0.43316550747695654, 0.16186211519225732, 0.16197874657743402], [0.2823308025813655, 0.36249919641865663, 0.21309995014026775, 0.1420700507597101], [0.23715904396851856, 0.6547568451978356, 0.02348217186000474, 0.08460193887364102], [0.26735435618913406, 0.6313036373857643, 0.03046740816200465, 0.07087459816309698], [0.3151558911846143, 0.5114929041388776, 0.06605751017522724, 0.10729369440128084], [0.28434470928622574, 0.5229103085526269, 0.08808002816928845, 0.104664953891859], [0.22343137858063844, 0.213197007753987, 0.47303587193527086, 0.09033574163010369], [0.251639827962994, 0.2516363410914828, 0.3439390752007896, 0.15278475564473354], [0.18727598045865715, 0.7178804451486187, 0.026980965117558868, 0.06786260917516532], [0.19416388107861282, 0.7213207796468176, 0.028859403715288535, 0.05565593545928104], [0.2996683031119757, 0.4498368367151547, 0.09728459722962886, 0.15321026284324077], [0.28592486038701104, 0.4291669257797861, 0.1934565810205772, 0.09145163271262562], [0.15494915264229883, 0.46982766423043426, 0.2635546824238391, 0.1116685006034278], [0.14474034954979587, 0.609319535253488, 0.12772030207967444, 0.11821981301704167], [0.1755528099494616, 0.622349958883577, 0.08690254875438973, 0.11519468231257166], [0.14569285046736327, 0.6427502961595939, 0.1189040605584607, 0.09265279271458213], [0.1951509470410613, 0.5141411770223205, 0.062370569212393284, 0.22833730662422488], [0.20881338415441925, 0.5500779151366426, 0.13272099195583648, 0.10838770865310166]], "ideal": "D", "sampled": "B", "correct": false}}
{"type": "result", "data": {"idx": 16, "options": ["World cities contain the headquarters of many transnational corporations.", "World cities are well connected to secondary-level world cities.", "World cities contain many offices of multinational organizations.", "World cities are found only in the northern and western hemispheres."], "probs": [[0.0004443413657530482, 0.0006971294801385696, 0.011610168259001146, 0.9872483607951072], [0.0003146251779178919, 0.0005654206509824898, 0.997283797632974, 0.0018361564381256098], [0.0004519978602425514, 0.0005878094900161543, 0.01814601968698822, 0.9808141728627531], [0.00032927261789127447, 0.0003819776466957203, 0.9958642723368464, 0.003424477298566572], [0.0010689536621447204, 0.9705111426354572, 0.009493761736970379, 0.0189261418654276], [0.0011429225537912817, 0.959462500102133, 0.008550533947716911, 0.03084404329635882], [0.0014013547169018001, 0.0016312839292341357, 0.01785252334387759, 0.9791148379099864], [0.0007137004090855104, 0.0006709583467368176, 0.9967517797053445, 0.0018635614388332032], [0.0013235655966641314, 0.0014254294680599872, 0.020496586163835526, 0.9767544186714403], [0.0007845009769303391, 0.00048763964683947787, 0.9981077719756845, 0.0006200873005457127], [0.0029458845328465644, 0.954313154170633, 0.009048059170829249, 0.03369290202569119], [0.0036427886395384752, 0.9699697563714532, 0.00994505615195264, 0.01644239873705564], [0.0005732570420502028, 0.0007449832447478306, 0.030481354005251374, 0.9682004056079506], [0.00042565597641778906, 0.0004158950464580691, 0.9949666847168532, 0.004191764160270948], [0.0005955572677734201, 0.0009059982215327704, 0.015078434649790818, 0.9834200097609029], [0.00043355656211107175, 0.0004619159748720839, 0.9984791902946649, 0.0006253370683519479], [0.001539687171720131, 0.9609089564383914, 0.005701252766882866, 0.031850103523005685], [0.0011987518305843698, 0.9835465971445732, 0.0066113033086763265, 0.008643347616166176], [0.8359443695851607, 0.047868628604568995, 0.07757576502761226, 0.038611236682657965], [0.8582413504004092, 0.04405779988429372, 0.05065110155485731, 0.04704974806043984], [0.8407732905211663, 0.05375525402805713, 0.06076609445533457, 0.04470536089544195], [0.823930798592299, 0.05345880990580605, 0.08396029320728697, 0.03865009819460794], [0.8661115087136955, 0.041773789084065975, 0.04236359562436977, 0.04975110647786881], [0.9209328189957158, 0.03247239031535072, 0.03143162989937281, 0.01516316068956064]], "ideal": "D", "sampled": "D", "correct": true}}
