{"type": "result", "data": {"idx": 0, "options": ["P(t > 1.54) with df = 6", "2P(t > 1.54) with df = 6", "P(t > 1.54) with df = 7", "2P(t > 1.54) with df = 7"], "probs": [[0.09426910893364478, 0.37283568459490796, 0.42267050075266516, 0.11022470561878209], [0.14495815119250194, 0.33706148953253817, 0.21100216787430376, 0.30697819130065607], [0.08662959803326488, 0.8218698974343334, 0.05423864640887624, 0.0372618580235255], [0.08126072875748479, 0.7589516810899668, 0.11828050100288323, 0.04150708904966513], [0.0962869616479573, 0.6181247461341746, 0.15394746338094806, 0.13164082873692004], [0.03750934726159157, 0.13717405138946848, 0.8025720505433223, 0.022744550705617667], [0.24057515915517194, 0.4565314250013103, 0.1874423879024165, 0.11545102784110128], [0.21000873332638276, 0.5447284185613012, 0.12743434783415009, 0.11782850017816598], [0.07968780605374105, 0.5277982491270444, 0.330447592974688, 0.06206635174452656], [0.09377542043802382, 0.48369647703431706, 0.3828200951294656, 0.03970800729819358], [0.11581566128858059, 0.45804622514711324, 0.35135572259224923, 0.07478239087205689], [0.08203552937551453, 0.3144600198481193, 0.5521670168440083, 0.05133743383235792], [0.19122140392568915, 0.5447028955973305, 0.14439475750067443, 0.11968094287630585], [0.19088951814747876, 0.5698497763484885, 0.16332462063308084, 0.07593608477095179], [0.10780397801513283, 0.2667890488834621, 0.5477550029206883, 0.07765197008071671], [0.10160683158170263, 0.26351426262285416, 0.558182738489386, 0.07669616720605714], [0.1873247162264664, 0.5013002119360227, 0.21568512753710148, 0.09568994420040941], [0.2170977741262776, 0.4524706303620863, 0.16393843291550617, 0.16649316249612992], [0.2329494769198779, 0.3781035783791395, 0.25197925785675257, 0.13696768674423007], [0.0720696457262126, 0.12068124994190126, 0.7752730932273276, 0.03197601100455852], [0.19993863103591644, 0.3195052241812093, 0.2956053404394821, 0.1849508042433921], [0.1133834172660704, 0.19286451800776916, 0.6426464770990246, 0.05110558752713583], [0.30448037496323527, 0.5869301578818815, 0.0618888887026443, 0.04670057835223887], [0.29207641427420716, 0.5900393833754889, 0.06125255415073982, 0.05663164809956419]], "ideal": "B", "sampled": "C", "correct": false}}
{"type": "result", "data": {"idx": 1, "options": ["0 to 31.7 minutes", "31.7 to 39.3 minutes", "25.3 to 44.7 minutes", "25.3 to 35 minutes"], "probs": [[0.15410729781912577, 0.23874437095089363, 0.546719236715027, 0.06042909441495357], [0.14509867319446204, 0.2078874734119539, 0.6209679326292827, 0.026045920664301357], [0.21748302631718258, 0.5731290514216871, 0.17213716908904805, 0.03725075307208225], [0.21844731920106206, 0.6523345902605568, 0.10007612704456828, 0.02914196339381275], [0.2488031423441473, 0.3976615665203209, 0.3246990087824468, 0.028836282253084992], [0.28426502120246705, 0.49899890462169766, 0.15707755465548465, 0.05965851942035066], [0.08057175395789237, 0.4357035360264888, 0.40305160571214194, 0.08067310420347684], [0.08475931878126301, 0.3799793152890839, 0.5035539508572138, 0.03170741497243932], [0.08661472183464183, 0.7844354550341864, 0.10291445270874652, 0.026035370322425224], [0.07322063132640239, 0.6630701273820552, 0.24785592595566477, 0.015853315235877595], [0.07947413843389749, 0.84148554291903, 0.07128509254665151, 0.007755226000421012], [0.08655534740220161, 0.8344783240479853, 0.0643712882359393, 0.01459504021387375], [0.051455984982828794, 0.7331343183211342, 0.15611301128326852, 0.05929668531276854], [0.05632526962174227, 0.8152122193053164, 0.09147795693116202, 0.03698455404177928], [0.05750770180750575, 0.7344401198558553, 0.17723561198898696, 0.030816566247651927], [0.06155624692810504, 0.5933704452994033, 0.32275313556556456, 0.022320172106927074], [0.03336335395484352, 0.4607204565052482, 0.47550228941904377, 0.030413900020864543], [0.040785669972501055, 0.5995286657841846, 0.33642002686161265, 0.02326563728170169], [0.042201186671336134, 0.8749452069468324, 0.05682489542048477, 0.026028710861346657], [0.04780078030304895, 0.8883792244131669, 0.03040906797291025, 0.033410927210873964], [0.059191420030187715, 0.6882841945346546, 0.22703891684282684, 0.025485468492330753], [0.08541402092595063, 0.704340566559623, 0.15237678358853807, 0.057868628825888356], [0.03480990360366037, 0.2417265564604728, 0.657318318469593, 0.06614522136627377], [0.056681247806957887, 0.41247241609402324, 0.4675338443916769, 0.06331249160734201]], "ideal": "C", "sampled": "A", "correct": false}}
{"type": "result", "data": {"idx": 2, "options": ["The possible outcomes must all be numerical.", "The possible outcomes must be mutually exclusive.", "The mean (expected value) always equals the sum of the products obtained by multiplying each value by its corresponding probability.", "Approximately 95% of the outcomes will be within two standard deviations of the mean."], "probs": [[0.016823354918801547, 0.08218803164075944, 0.7214216508581099, 0.1795669624823291], [0.017493252426222697, 0.09097427501631883, 0.6516843704545295, 0.23984810200292897], [0.018922679547325245, 0.13239738639753423, 0.6938271676910602, 0.15485276626408026], [0.02604055119181402, 0.19855321117359784, 0.641028127640656, 0.1343781098939322], [0.013598291429978926, 0.14507338646402937, 0.6301019296740908, 0.21122639233190083], [0.011849685014800113, 0.13992824102056725, 0.7684836034159429, 0.07973847044868966], [0.008635736399458662, 0.13197011258136893, 0.7026339440909651, 0.1567602068282072], [0.009082796575648831, 0.1387805422670135, 0.6623315000845452, 0.18980516097279249], [0.005358365742166759, 0.04925912165332233, 0.8737007236261148, 0.07168178887839607], [0.009217868188993918, 0.14423114972428777, 0.6669972271169544, 0.17955375486976383], [0.005387751033789406, 0.06510494969381292, 0.8317244701925491, 0.09778282897984852], [0.0049377074138316004, 0.09174454896518697, 0.7926504559501415, 0.1106672875708399], [0.023772205889393584, 0.45215919103989327, 0.2965713407930916, 0.2274972621776215], [0.016056767876773195, 0.6512558168450303, 0.25114862985713304, 0.0815387853210635], [0.01768525310546164, 0.13379676588852574, 0.7014616104949589, 0.14705637041105374], [0.02716087388684262, 0.24981318644369802, 0.5457747628904371, 0.1772511766790222], [0.006301889961464488, 0.07153229443598318, 0.88562604850168, 0.03653976700087229], [0.022312431527867455, 0.2676438569318101, 0.50789878477, 0.20214492667032255], [0.008896138551299776, 0.36382323635390745, 0.399434627550514, 0.22784599744427875], [0.005901500274317633, 0.40723533290540315, 0.5066569182768563, 0.08020624844342285], [0.005869977000663478, 0.0829628457653158, 0.7511449827651558, 0.1600221943688649], [0.0056252460606810795, 0.11480010235577152, 0.7367066699086285, 0.14286798157491887], [0.00350501534666537, 0.10319525944480888, 0.8641873166179737, 0.029112408490552057], [0.012057931307951636, 0.40571603822072616, 0.3992978989050947, 0.18292813146622747]], "ideal": "D", "sampled": "A", "correct": false}}
{"type": "result", "data": {"idx": 3, "options": ["If there is sufficient evidence to reject a null hypothesis at the 10% level, then there is sufficient evidence to reject it at the 5% level.", "Whether to use a one- or a two-sided test is typically decided after the data are gathered.", "If a hypothesis test is conducted at the 1% level, there is a 1% chance of rejecting the null hypothesis.", "The power of a test concerns its ability to detect an alternative hypothesis."], "probs": [[0.026873639701696313, 0.07663045320399783, 0.44843922480827464, 0.44805668218603123], [0.005535886849262388, 0.01589956944610351, 0.9703846970505383, 0.008179846554095805], [0.03145095262844126, 0.06069842217184643, 0.056208631624428074, 0.8516419934752842], [0.012363510159047728, 0.0363433992962577, 0.9394994342151324, 0.011793656229562164], [0.001991525509726327, 0.9924927276609157, 0.003964629459070142, 0.0015511172702878085], [0.0019005041170886184, 0.9923290633532114, 0.004422899545969614, 0.0013475328837304493], [0.035057126949840915, 0.4621750047016649, 0.255390729649296, 0.2473771385991982], [0.005284616230397652, 0.03264402953624047, 0.9552851269425441, 0.006786227190817785], [0.03269250617536672, 0.7683793133836169, 0.0476555292039647, 0.15127265113705174], [0.009764577179281359, 0.2619504012300816, 0.7128019272426573, 0.015483094247979733], [0.001626291385363856, 0.9932657215607128, 0.00418842060508233, 0.0009195663488410612], [0.0015250566001815385, 0.9912714973374792, 0.006226472283000621, 0.0009769736793386525], [0.0608458827982916, 0.113833430445225, 0.04679398495149726, 0.7785267017049862], [0.01620739168738109, 0.030763099712631168, 0.9443562903306878, 0.008673218169299914], [0.0861579905477884, 0.09326489805395548, 0.18282995707583596, 0.6377471542224201], [0.01203833330587862, 0.017800369693076495, 0.9595387695916666, 0.010622527309378236], [0.005809918118787092, 0.9773424798974105, 0.01139005289692261, 0.005457548986879828], [0.0067846115843487225, 0.9763691046981563, 0.008725748059288167, 0.00812053555820681], [0.4737002166795984, 0.3060938852463289, 0.112738800607023, 0.10746709736704964], [0.4160896411754814, 0.24469838546631362, 0.28199545701734824, 0.05721651624085674], [0.23816806253024508, 0.2498013544563098, 0.41869145939552693, 0.09333912351791819], [0.21917001553809984, 0.162982964058915, 0.5520060945796502, 0.06584092572333498], [0.32905566811644527, 0.52607959699615, 0.09593470429390474, 0.04893003049349999], [0.38009474823838274, 0.49607222944582946, 0.052364424683913266, 0.07146859753187453]], "ideal": "D", "sampled": "D", "correct": true}}
{"type": "result", "data": {"idx": 4, "options": ["is seen more frequently than the other observations in the data set", "is seen less frequently than the other observations in the data set", "is always smaller than the other observations in the data set", "is significantly different from the other observations in the data set"], "probs": [[0.0015952430576647236, 0.004111833396295631, 0.002473133425483381, 0.9918197900205562], [0.00043591447992610935, 0.002212158179954755, 0.9965378227535333, 0.0008141044865858578], [0.002258579558582212, 0.002770902865963585, 0.014854455286664682, 0.9801160621887895], [0.00047504552543936243, 0.0016314923798492877, 0.9969992036190731, 0.0008942583756381698], [0.0002571775493414242, 0.9993609601160223, 0.00034594841624932163, 3.591381838701482e-05], [0.0002715799928161859, 0.9993888674308488, 0.00029821963247696117, 4.133284385802826e-05], [0.001142761462660541, 0.0026192481406968554, 0.0022390650665381944, 0.9939989252301044], [0.0005642053842716817, 0.001863331201852194, 0.9967453002041764, 0.000827163109699675], [0.002941892306067405, 0.0027238610724244685, 0.007637388219736281, 0.9866968583017718], [0.0006590316677728686, 0.002142922180520261, 0.9962011719144319, 0.0009968741372749009], [0.00036543936320387915, 0.9991594680315218, 0.0004271534289748962, 4.7939076299415946e-05], [0.0004172792784247677, 0.9991025212307598, 0.0004271391904074198, 5.306020040800459e-05], [0.0015406782496196125, 0.0033962462170894062, 0.014856437660710656, 0.9802066377725803], [0.0005253060315745614, 0.0022804247904176225, 0.9958321346228218, 0.0013621344551859385], [0.0017075652500645614, 0.004683690869800037, 0.011953270722592228, 0.9816554730575432], [0.000571635562607227, 0.003813171133176025, 0.9943863938359074, 0.0012287993683092722], [0.00029815555850825726, 0.999162872814299, 0.0004653197949894614, 7.365173220321038e-05], [0.00036813669310958234, 0.9990712170665571, 0.000491449277982552, 6.919686235075116e-05], [0.9938103942639669, 0.005055231401026303, 0.0010605093333251132, 7.38649016816735e-05], [0.9931319734144171, 0.00618977672603909, 0.0005674263786218053, 0.0001108233809220052], [0.9941683787109117, 0.005217775433897685, 0.000563451925154537, 5.039383003609894e-05], [0.9923381180258527, 0.007008193595285472, 0.000571395200208411, 8.229307865342666e-05], [0.9923257664216033, 0.006899260285196477, 0.0005495629396465865, 0.0002254102535536014], [0.9917869489111985, 0.007340026446354807, 0.0007107439666691058, 0.00016228057577759525]], "ideal": "D", "sampled": "D", "correct": true}}
{"type": "result", "data": {"idx": 5, "options": ["95 percent of the students in her school are from families whose income is between $35,095 and $45,005.", "There is a 95% probability that the families of all the students in this school have an income of between $35,095 and $45,005.", "If we were to take another sample of the same size and compute a 95 percent confidence interval, we would have a 95% chance of getting the interval ($35,095, $45,005).", "There is a 95% probability that the mean income per family in the school is between $35,095 and $45,005."], "probs": [[0.036588237571870484, 0.5723282236783584, 0.3815371188139523, 0.009546419835818817], [0.05237883540417468, 0.7578514580703604, 0.17732448329148068, 0.01244522313398434], [0.050290966552786164, 0.6942497173121137, 0.24387894054931414, 0.01158037548578597], [0.04570146587902828, 0.5149168302104037, 0.433964693603027, 0.005417010207541012], [0.019494108136640455, 0.9542910104645778, 0.020450846469025754, 0.00576403482975598], [0.014031319547383205, 0.9097761900648644, 0.07357643114087696, 0.0026160591468753513], [0.2520105470089467, 0.3444431029536972, 0.39059709407402865, 0.012949255863327448], [0.26252259752815316, 0.3644716113378503, 0.3590876425889945, 0.013918148445002061], [0.22731204498008722, 0.33592719086571377, 0.41838437626338687, 0.018376387790812135], [0.09420132468729042, 0.1349328923527998, 0.7652513834942951, 0.00561439936561475], [0.22153287958721635, 0.6511778186267779, 0.11148348366484202, 0.015805818021163643], [0.23322865375464, 0.604931354743905, 0.15547578042470273, 0.006364210976752223], [0.005930357223047818, 0.9819662696862074, 0.010580147752224947, 0.0015232252385199024], [0.00629401222919002, 0.9790500522236258, 0.013544847529866226, 0.0011110879173178599], [0.004404155830179623, 0.9890630452812983, 0.0057051607960966295, 0.0008276379924254585], [0.004163289016081465, 0.9875266048632492, 0.007545858226775378, 0.0007642477938939947], [0.00299074037527752, 0.9927210291080841, 0.003756129212889877, 0.0005321012037484863], [0.0024416099987024024, 0.9929132305307152, 0.004125267231932507, 0.0005198921386497868], [0.5654677985099463, 0.3324381252043139, 0.08678035800885237, 0.015313718176887389], [0.5194776404566346, 0.2612117701392122, 0.213354622003928, 0.0059559673002252045], [0.4868445955710194, 0.2907144703372093, 0.20628736757445254, 0.01615356641731876], [0.5582753304932251, 0.2363833438364649, 0.19610128893024795, 0.009240036640062045], [0.4887466059323172, 0.36321934512768883, 0.1379650363491341, 0.010069012490859858], [0.44091621283269883, 0.3328235167648685, 0.21504436551330236, 0.011215904789130324]], "ideal": "D", "sampled": "D", "correct": true}}
{"type": "result", "data": {"idx": 6, "options": ["The probability of a Type I error and the probability of a Type II error would both decrease.", "The probability of a Type I error and the power would both increase.", "The probability of a Type II error and the power would both increase.", "The probability of a Type I error would stay the same and the power would increase."], "probs": [[0.27750999852035446, 0.4870249301958001, 0.15341856045405422, 0.08204651072979117], [0.27875481610685393, 0.38096343615735, 0.30646468918302555, 0.03381705845277051], [0.15032982768727388, 0.4150579555846766, 0.3842527553641518, 0.05035946126389769], [0.10387490843501412, 0.35696447423948235, 0.269643459734826, 0.2695171574906775], [0.14454413612454783, 0.49661369950634804, 0.3470705368425419, 0.011771627426562221], [0.145152132883812, 0.6304573847721315, 0.1808072430249147, 0.04358323921914174], [0.43849953801453584, 0.36353909287752917, 0.14475520870444478, 0.05320616030349017], [0.42159962257252526, 0.3232349722952984, 0.22944646857762588, 0.025718936454550444], [0.3220975196664554, 0.2112349334515973, 0.38893927298886205, 0.07772827379308525], [0.3551137056375725, 0.23655673242268282, 0.36100881346779895, 0.04732074837194571], [0.5249904501190591, 0.34969387171391125, 0.10677964458026626, 0.01853603348676343], [0.5237735606909091, 0.36565545878731387, 0.07435969401077328, 0.03621128641100374], [0.2038758152040018, 0.43162487078379, 0.31606999860706014, 0.04842931530514804], [0.20790188263352608, 0.3592714452818511, 0.2549504783524147, 0.17787619363220808], [0.20630306310830393, 0.26491189395091086, 0.444103187935395, 0.08468185490539021], [0.20034698023034958, 0.24933930203319848, 0.5120754932859225, 0.03823822435052943], [0.26600732207585703, 0.31099175013508973, 0.34186007040926225, 0.08114085727979095], [0.17420632454066454, 0.28276290380730906, 0.5205344353631713, 0.02249633618885498], [0.30780842237859557, 0.38905697223722463, 0.2939835127506526, 0.009151092533527203], [0.4114215290131323, 0.4113829946082791, 0.1400984151572625, 0.03709706112132608], [0.23744649773626045, 0.7200879329825327, 0.03761336514736902, 0.004852204033837862], [0.24205670547298533, 0.7226978179224064, 0.026765101527706416, 0.00848037497690185], [0.3556467698351567, 0.3668980409403722, 0.1846526618013701, 0.09280252732310097], [0.3440604100609225, 0.4487010694071508, 0.18720989824716183, 0.020028622184764863]], "ideal": "D", "sampled": "B", "correct": false}}
{"type": "result", "data": {"idx": 7, "options": ["It cannot be determined, because the mean heights for the two groups are different.", "It cannot be determined, because the standard deviations of the heights for the two groups are different.", "The man, because he is 74 inches tall and the woman is only 70 inches tall.", "The woman, because her height is 1.33 standard deviations above the mean height of all women, whereas the man\u2019s height is only one standard deviation above the mean height of all men."], "probs": [[0.001423412125358634, 0.019975485368851235, 0.3172152652520348, 0.6613858371537553], [0.0006049795831185384, 0.006063708626426723, 0.9886100980486032, 0.0047212136418515365], [0.005231284531026157, 0.13928470001161072, 0.05369282508319426, 0.8017911902741689], [0.0017021876891957343, 0.03237346610896531, 0.961474246442391, 0.004450099659447967], [0.003000655799830949, 0.9884084867163039, 0.0051092484260521175, 0.0034816089578130834], [0.0028057385266730926, 0.991466815109239, 0.004702988704932677, 0.0010244575591552727], [0.0013092180073651127, 0.014762573941035596, 0.2615293276001457, 0.7223988803514536], [0.0004872726800637275, 0.0043438502802570595, 0.9909268495583593, 0.00424202738131989], [0.005548147010693375, 0.158475845814934, 0.05562579996007357, 0.780350207114299], [0.0023883597594593796, 0.03824966422123932, 0.9567179993358909, 0.0026439765834104377], [0.004065137107197762, 0.9873507548308137, 0.005562271753179667, 0.0030218362088088465], [0.0041743408434465525, 0.990300256131649, 0.004923792476114657, 0.00060161044878986], [0.003268244271959838, 0.015126321894905965, 0.031025168484406312, 0.9505802652487279], [0.0010803889669470778, 0.012959373035349778, 0.9828338290123608, 0.0031264088853422784], [0.0028806420800981756, 0.016721610179001353, 0.023572969362966077, 0.9568247782779343], [0.00156758706940388, 0.01608346955812438, 0.9801723383671562, 0.002176604905315545], [0.004922124041764678, 0.9833372731912315, 0.009797140856859066, 0.0019434618101446964], [0.004921838351086612, 0.9832314937811675, 0.01059194885355936, 0.0012547189141865107], [0.5290112534307762, 0.20719990286543155, 0.11447698707089203, 0.14931185653290024], [0.6704247296866036, 0.1861882739859124, 0.12216014959902534, 0.021226846628458633], [0.5591781638758838, 0.23680872349833168, 0.10678599238394686, 0.09722712014183761], [0.7070520114419881, 0.19331878943879852, 0.08854744821634915, 0.011081750802864209], [0.529862496483972, 0.12198971971889276, 0.33697350932382314, 0.011174274373312065], [0.5783614904349498, 0.11935910153375799, 0.2955436004231103, 0.006735807508181929]], "ideal": "D", "sampled": "D", "correct": true}}
{"type": "result", "data": {"idx": 8, "options": ["There are different t-distributions for different values of df (degrees of freedom).", "t-distributions are bell-shaped and symmetric.", "t-distributions always have mean 0 and standard deviation 1.", "t-distributions are more spread out than the normal distribution."], "probs": [[0.01079642179586217, 0.11612344164339297, 0.5808853918570323, 0.2921947446037126], [0.006549399077075723, 0.09184288601302677, 0.7941546113900145, 0.10745310341988296], [0.015768729618663147, 0.31937969679558387, 0.12123299750167749, 0.5436185759840755], [0.012324989576965376, 0.3776347577009917, 0.24385712652303734, 0.36618312609900555], [0.01079168671420802, 0.14790356639841926, 0.30826879549427677, 0.5330359512930959], [0.007285703218878879, 0.0741939772837253, 0.6933776679396673, 0.22514265145772852], [0.015953872291810323, 0.15997070012887984, 0.5007005314747203, 0.3233748960045896], [0.011133544394755373, 0.15018198228277443, 0.673641935079428, 0.1650425381430421], [0.012707173282254763, 0.21682595380765848, 0.24183391775428556, 0.5286329550558012], [0.017228157643594574, 0.3228315012427654, 0.29397686382124305, 0.36596347719239697], [0.011787110477383927, 0.21243414939842725, 0.3188174241924988, 0.45696131583169], [0.01436899510475447, 0.1633145959542867, 0.5355633501690418, 0.286753058671917], [0.02715667295547529, 0.15638579605937614, 0.27025026795310714, 0.5462072629320415], [0.029080744579974005, 0.1454560203839207, 0.549247582535924, 0.2762156524001813], [0.018814218774500326, 0.08242238143259434, 0.505135585398207, 0.3936278142946983], [0.022179412675764735, 0.0837578515574905, 0.6697128140001802, 0.22434992166656448], [0.024165180028145092, 0.1209364704841226, 0.3039978798919507, 0.5509004694957816], [0.03985472500899847, 0.1653988101273087, 0.2260402885273363, 0.5687061762363566], [0.017066544587688862, 0.08808754728196064, 0.556924841675017, 0.3379210663553335], [0.012143357863203821, 0.05841274210746632, 0.7347535648354127, 0.19469033509391717], [0.01029154350861899, 0.055244240677614284, 0.5849981081830875, 0.34946610753067925], [0.009040965908256714, 0.04523556784357136, 0.7901712243160574, 0.15555224183211452], [0.014774199665698644, 0.20098747659305397, 0.11450096313203387, 0.6697373605092135], [0.02373801787815952, 0.2940508794167539, 0.13254224083560207, 0.5496688617694845]], "ideal": "C", "sampled": "C", "correct": true}}
{"type": "result", "data": {"idx": 9, "options": ["This study was an observational study.", "Lack of blocking makes this a poorly designed study.", "The placebo effect is irrelevant in this type of study.", "This study was an experiment in which the subjects were used as their own controls."], "probs": [[0.02975194081675538, 0.2384645580861034, 0.03175174539156874, 0.7000317556055725], [0.01065497396512934, 0.09358055291773869, 0.8755553502500326, 0.020209122767099318], [0.0066463547361118374, 0.00396621668322079, 0.008756376259737434, 0.9806310522209299], [0.013690401607914513, 0.05091012596566461, 0.9045659753503903, 0.030833496976030567], [0.022543254817569944, 0.5426154631091541, 0.34497069666492297, 0.08987058530835296], [0.03703202500041427, 0.7808736183780489, 0.05072097234154429, 0.13137338417999253], [0.02112181333631715, 0.04024639792750938, 0.07985115184331944, 0.858780636792854], [0.010048275681440918, 0.03622460690230682, 0.9213147042344033, 0.03241241308184896], [0.02018747068390527, 0.045660792926215894, 0.12584207716364998, 0.8083096591262289], [0.013553515337601667, 0.053645153670615287, 0.8808499138992038, 0.05195141699257927], [0.018385999429894485, 0.7350124182087463, 0.21059733587391216, 0.0360042463874471], [0.029658657779727475, 0.8281156163179957, 0.03365640479816867, 0.10856932100410814], [0.012341959033192528, 0.014747828554279951, 0.08522274192485906, 0.8876874703876685], [0.010830812847672738, 0.04599830383365762, 0.9120928254903267, 0.031078057728343014], [0.026905923669836084, 0.09499060874735542, 0.17719667615218168, 0.7009067913306268], [0.009425258245447142, 0.028154723290975636, 0.9342920761845046, 0.028127942179072555], [0.0229688145677494, 0.5929056725381442, 0.31763248153428586, 0.06649303125982062], [0.030212794284070064, 0.6076148310191679, 0.17690624756215118, 0.18526612703461084], [0.08359924794052427, 0.3867701585123106, 0.48198937574507594, 0.047641217702089136], [0.17398026583839116, 0.6571572422324105, 0.09628327189913174, 0.07257921993006661], [0.07288173042390118, 0.3761754053324238, 0.4835082825901183, 0.06743458155355672], [0.16183558750881827, 0.4837738022736481, 0.07425555943857463, 0.280135050678959], [0.08353546694816255, 0.1024328059439446, 0.7236662236746847, 0.0903655033332081], [0.14840832956687705, 0.09748510434337514, 0.3623463295129391, 0.39176023647680874]], "ideal": "D", "sampled": "D", "correct": true}}
{"type": "result", "data": {"idx": 10, "options": ["It describes a process that creates estimates that are too high on average or too low on average.", "It describes a process that results in a sample that does not represent the population.", "It describes a lack of randomization in the sampling process.", "It describes a sample that is not representative of the population."], "probs": [[0.0010252538938092114, 0.993382613687941, 0.0036333875203302507, 0.00195874479791955], [0.0009797606112091105, 0.9941870057624, 0.003364863399164749, 0.0014683701272261193], [0.006298314779367041, 0.7007578014626695, 0.23457826671638746, 0.05836561694157593], [0.005917952257595731, 0.8722176943914071, 0.07983054034008155, 0.04203381291091566], [0.001812530975904959, 0.9844336807944409, 0.00905901259346098, 0.004694775536193088], [0.0017927712934385997, 0.981838951077205, 0.011686584094031057, 0.004681693435325369], [0.5890278464546161, 0.15604049525843336, 0.19746719611892158, 0.05746446206802896], [0.708104548129765, 0.1460324669258576, 0.13319438644956874, 0.012668598394808663], [0.6940665633560579, 0.20520360154234915, 0.034064180130407795, 0.0666656548711852], [0.669711681511976, 0.26628883579252166, 0.04932100123221068, 0.0146784813632916], [0.8168112467438431, 0.1419114739286806, 0.016981739201190265, 0.024295540026286064], [0.8333523171739088, 0.13598312271537102, 0.02154933262387741, 0.009115227386842764], [0.017681585919456556, 0.14473113658802592, 0.7826919686090337, 0.05489530878348389], [0.022718236991335256, 0.1759998444440844, 0.7649907226750395, 0.03629119578954075], [0.0035378263833157654, 0.8951192853704706, 0.012946865966347304, 0.0883960221798663], [0.005961612620007501, 0.9574591827192341, 0.029339746626073287, 0.007239457934685066], [0.05155029385449048, 0.8069548991682164, 0.09944412596978874, 0.042050680907504426], [0.06859953854142047, 0.8230118338613899, 0.08025179981945663, 0.02813682767773298], [0.2357988033571587, 0.6512916243544123, 0.07785884444242035, 0.03505072774600861], [0.1347027516206219, 0.4349519619808034, 0.3962849062635583, 0.03406038003501639], [0.26634769236450406, 0.35840087281463, 0.14724256974432098, 0.22800886497654496], [0.18801000152108496, 0.23024394419740096, 0.5114993896122069, 0.07024666456930717], [0.1124217330904263, 0.7450694343196743, 0.08233608282874426, 0.06017274966115508], [0.0993920260974911, 0.832563276323699, 0.04212421154857769, 0.02592048593023223]], "ideal": "A", "sampled": "B", "correct": false}}
{"type": "result", "data": {"idx": 11, "options": ["Halting the production process when sufficient customer complaints are received.", "Halting the production process when the tissue strength is below specifications.", "Halting the production process when the tissue strength is within specifications.", "Allowing the production process to continue when the tissue strength is below specifications."], "probs": [[0.004834514439132258, 0.9502856460532655, 0.03253700491425369, 0.012342834493348604], [0.004718644693426098, 0.8645370875498578, 0.12654807072975338, 0.004196196926962707], [0.0013312944547827917, 0.006199375340995347, 0.9808933721321229, 0.011575957972098925], [0.002275934428671238, 0.009818378847738146, 0.3100737333128406, 0.67783195331075], [0.0032228161307504472, 0.07743829423071862, 0.9152663868519725, 0.004072502686558472], [0.0031421426973157023, 0.5164024877441828, 0.01739340664080015, 0.46306196281770123], [0.3676124841452822, 0.15809199135737137, 0.3510889426496258, 0.12320658174772062], [0.09898369787633636, 0.07829140738404518, 0.8041285904687447, 0.01859630417087375], [0.27192882511068533, 0.28064007400567537, 0.038617284252873245, 0.40881381653076604], [0.2090964037550978, 0.22250700286748887, 0.5514981591791147, 0.016898434098298547], [0.19808885633425932, 0.771310278358079, 0.01328763184617403, 0.017313233361487684], [0.24819046280330612, 0.7180502852007687, 0.028317505355697156, 0.005441746540227993], [0.0035953120921373696, 0.012249429594902723, 0.9598031549704358, 0.024352103242524136], [0.004994552267516649, 0.011993486796040582, 0.2523571030930702, 0.7306548577433726], [0.02636377895495326, 0.48234084423405343, 0.01625932013922506, 0.47503605657176823], [0.0392516828024288, 0.3901877540957542, 0.5508232907132626, 0.019737272288554417], [0.00442453949727625, 0.03977187396567745, 0.006593616603923733, 0.9492099698331226], [0.014951585804434652, 0.07708273834437694, 0.8975324638198695, 0.010433211931318933], [0.015558228786967805, 0.017076372033031202, 0.9637300365852265, 0.003635362494774506], [0.06105247443617773, 0.0359248663904557, 0.08484604113990184, 0.8181766179334647], [0.16125595444531843, 0.8316887129045752, 0.004237323892434588, 0.0028180086576717034], [0.20562237843789558, 0.7880072128954513, 0.005157296631743739, 0.0012131119349093715], [0.0340961177517958, 0.0700037918072211, 0.015145068126684202, 0.8807550222142989], [0.07574235354416031, 0.10346126900543297, 0.8152259272342453, 0.005570450116161441]], "ideal": "C", "sampled": "B", "correct": false}}
{"type": "result", "data": {"idx": 12, "options": ["75 - 0.30(14)", "75 + 0.30(14)", "75 - 0.4756(14)", "75 - 0.5244(14)"], "probs": [[0.2810892635227271, 0.23675371669263026, 0.45640632330794917, 0.025750696376693437], [0.20434381294081408, 0.18609620836858878, 0.5823239152555917, 0.027236063335005483], [0.168303182073158, 0.7087092623301017, 0.1104041372815949, 0.012583418215145437], [0.1093987891325355, 0.6007580129721435, 0.28381267041764796, 0.00603052737767303], [0.10385045195383877, 0.8429413860335754, 0.04538299049874884, 0.007825171413837007], [0.08039125739432684, 0.7393053118197016, 0.17562292383626033, 0.0046805068497111834], [0.25663298079077945, 0.13739272797157506, 0.5876657300488195, 0.018308561088825948], [0.17489847701993322, 0.10283842032527739, 0.7029386227521196, 0.019324479802669815], [0.30615067435488735, 0.2240168964953038, 0.4597552263228432, 0.01007720272696563], [0.40774137081406087, 0.2891872546472091, 0.22878250647866608, 0.07428886796006397], [0.35291759710175125, 0.28808285602687084, 0.34756301405831064, 0.01143653271306732], [0.42335876676847545, 0.3097980527879628, 0.18212860552007676, 0.08471457482348498], [0.3349537430856358, 0.5699110333097495, 0.07958238993552619, 0.015552833569088523], [0.15587298566875515, 0.5356388686304693, 0.30525159825655723, 0.0032365473442183264], [0.3770251031889756, 0.2846683603936133, 0.30782288768525606, 0.030483648632155008], [0.394244262408028, 0.25860822776223497, 0.28851238535094864, 0.058635124378788366], [0.24115293781114228, 0.6659902029019122, 0.08601196485881403, 0.006844894328131404], [0.34759715715916184, 0.5732895921621793, 0.0524999648373253, 0.026613285741333575], [0.41886732929751586, 0.46738118645361965, 0.09645383336957918, 0.017297650779285318], [0.2104502573949209, 0.4742892620373043, 0.31109090206209583, 0.004169578405678961], [0.4503159715479076, 0.24489309940374213, 0.2775224565865791, 0.0272684723617712], [0.44425049585225146, 0.21656294245552132, 0.2780815373011561, 0.061105024291071106], [0.3370067116093635, 0.547130872494201, 0.107744125494313, 0.008118290302122477], [0.43991871896048534, 0.44696872689604605, 0.08268457321085852, 0.03042798083261008]], "ideal": "D", "sampled": "D", "correct": true}}
{"type": "result", "data": {"idx": 13, "options": ["increases the interval size by 9%.", "decreases the interval size by 9%.", "increases the interval size by 57%.", "decreases the interval size by 57%."], "probs": [[0.05421054614067644, 0.15934358179443017, 0.7608271070369111, 0.02561876492798221], [0.017385962166212132, 0.1065013003178119, 0.8515866135016078, 0.0245261239143682], [0.01825828899466178, 0.966353999548351, 0.008771867764110465, 0.0066158435928767734], [0.014505375161708446, 0.9704934944634331, 0.0094498731098468, 0.005551257165011653], [0.05430202618780888, 0.7497591459346982, 0.1700717527629805, 0.025867075014512467], [0.07307716512751833, 0.810822910069974, 0.06661825676056833, 0.04948166794193935], [0.020481472686988637, 0.23809318747634237, 0.7224761852484954, 0.01894915448817355], [0.04354333909570359, 0.24668839755190464, 0.6816452195681358, 0.028123043684255947], [0.030629622386119902, 0.3673801788204875, 0.5875168551572161, 0.014473343536176539], [0.0680861169919375, 0.7674120010606048, 0.08483983512238759, 0.07966204672507009], [0.018398145348960233, 0.9290968247996769, 0.03494378204997461, 0.017561247701388186], [0.013652743668586107, 0.9351104427303278, 0.0278213580832275, 0.02341545541785857], [0.0764213064322566, 0.9024389208096272, 0.008260171151885135, 0.012879601506231096], [0.09950798388467798, 0.8869502290274938, 0.00805457898732291, 0.005487208000505294], [0.25869060805672733, 0.5225956685068073, 0.15222284665667474, 0.06649087667979064], [0.20855397139306966, 0.5409444014257488, 0.20876154457002577, 0.04174008251115573], [0.38678254232478126, 0.3521342145994504, 0.23474844413330434, 0.026334798842463987], [0.20061974898052362, 0.5043314863944253, 0.23842401109418257, 0.05662475343086858], [0.16497104237004312, 0.7055740513447829, 0.05619259303676765, 0.07326231314840637], [0.0879815038957567, 0.573717274693499, 0.3170672238648554, 0.021233997445888927], [0.04765617846966065, 0.8992512821251932, 0.023254986850081958, 0.02983755245506411], [0.061409731666909516, 0.9023784028351848, 0.023334274972590063, 0.012877590425315593], [0.09373706939211489, 0.6926387859969604, 0.18365106722305868, 0.029973077287866048], [0.2319316591678899, 0.5392141997932203, 0.19542621292558576, 0.033427928013304097]], "ideal": "C", "sampled": "C", "correct": true}}
{"type": "result", "data": {"idx": 14, "options": ["The number of tosses before a \"5\" appears when tossing a fair die.", "The number of points a hockey team receives in 10 games, where two points are awarded for wins, one point for ties, and no points for losses.", "The number of hearts out of five cards randomly drawn from a deck of 52 cards, without replacement.", "The number of motorists not wearing seat belts in a random sample of five drivers."], "probs": [[0.058711171014754454, 0.05876600355905182, 0.8781654853327582, 0.004357339993435577], [0.14838567374652922, 0.2265596687567172, 0.24514722821645207, 0.3799074291803015], [0.14762668997559994, 0.7158018683206614, 0.12842867375132047, 0.00814276785241819], [0.1581539199996544, 0.8164341552409141, 0.017773678184738344, 0.007638246474693087], [0.03520703165819666, 0.039345713957477206, 0.6157755049007162, 0.3096717493836099], [0.014957478830610183, 0.015089242345201674, 0.9645333647134713, 0.0054199140107169], [0.06951249405765367, 0.23164553492653892, 0.6922701758029067, 0.006571795112900701], [0.0840264708339413, 0.6825116886271517, 0.06869248914262574, 0.1647693512962812], [0.20715578857899888, 0.7701931993821526, 0.018998996797471853, 0.003652015141376715], [0.1608317319730614, 0.8173882073597121, 0.01724879256325177, 0.004531268003974796], [0.06661921192925066, 0.11168829180247884, 0.7765546995958356, 0.04513779657243496], [0.05363576414124844, 0.05988652507184912, 0.8816004259911374, 0.004877284695764973], [0.2806455926688753, 0.09407524965445815, 0.6141284945030621, 0.01115066307360455], [0.590893597537732, 0.12790566062105063, 0.2545909460018708, 0.026609795739346572], [0.2941041889251442, 0.21531552094239387, 0.478140354553983, 0.012439935478478863], [0.44936661266859734, 0.36138112426306396, 0.16820331417438142, 0.02104894879395724], [0.38373963327465865, 0.13068208535250572, 0.46373848677127805, 0.021839794501557548], [0.24811295053357021, 0.10850570609800089, 0.625104518540076, 0.018276824728352906], [0.005265426848651867, 0.9663381287951229, 0.010005608205207885, 0.018390836051017347], [0.0050538155467024365, 0.9269905300920206, 0.060186108078898126, 0.007769546182378784], [0.012446678253924684, 0.15911175323839044, 0.7835695750074781, 0.04487199340020669], [0.013096162013035671, 0.07783121553256885, 0.9055178688893736, 0.0035547534650218738], [0.011751590788992634, 0.9643142459205237, 0.01441309081570131, 0.009521072374782327], [0.012707182259484289, 0.8916319164900409, 0.08692235320069641, 0.008738547949778358]], "ideal": "D", "sampled": "C", "correct": false}}
{"type": "result", "data": {"idx": 15, "options": ["I only", "II only", "III only", "I and II"], "probs": [[0.08216078139618906, 0.25702411891274807, 0.1944693250189461, 0.4663457745721168], [0.0532380213251379, 0.2311877396168988, 0.6707117806714532, 0.044862458286510094], [0.05125077927905665, 0.1392904253006112, 0.21278797563543866, 0.5966708196848934], [0.031915171029048214, 0.12815418074314666, 0.8001845001264222, 0.03974614800138289], [0.09221235799183743, 0.7029551967715881, 0.15465301504157716, 0.05017943009499731], [0.08153156129549548, 0.5233380755010083, 0.3082416928382304, 0.08688867026526577], [0.05060954669711637, 0.20013996583941468, 0.13152757040720986, 0.6177229169562591], [0.050356000308157026, 0.2763941175031465, 0.6346122451349541, 0.03863763695374241], [0.043920401970230886, 0.15320176055838466, 0.6469536495338918, 0.1559241878374927], [0.0312653516852484, 0.13156285782658558, 0.7963672816227678, 0.04080450876539813], [0.06207724798767684, 0.5980681910081017, 0.310962385898184, 0.02889217500603751], [0.07447257692719268, 0.567593817114649, 0.29515272595875897, 0.06278087989939934], [0.06404264366049857, 0.2166380169270066, 0.15628020696686845, 0.5630391323456264], [0.057842620573259076, 0.31257930860641037, 0.5586187922190124, 0.07095927850131808], [0.03987301170332615, 0.1601101618853301, 0.6153478667668164, 0.18466895954452733], [0.03195313078264567, 0.14539101908621466, 0.7409644655770165, 0.08169138445412326], [0.05485709990225711, 0.4115832660323754, 0.4975490404215381, 0.03601059354382943], [0.06369982611719675, 0.5088121256557011, 0.31898462531517474, 0.10850342281192742], [0.1736270474198652, 0.5346420962973092, 0.20013905910532712, 0.09159179707749843], [0.10006154625790702, 0.3894520219607722, 0.4220835095842848, 0.08840292209703597], [0.10185699833017513, 0.5334683616412547, 0.32944351185958665, 0.03523112806898361], [0.10282701844696583, 0.4464641444465471, 0.35399248665022714, 0.0967163503562599], [0.07041473476138689, 0.41141854486468327, 0.474746034254461, 0.04342068601946885], [0.08977222575500271, 0.44169438539043404, 0.37865660154991565, 0.08987678720464758]], "ideal": "D", "sampled": "D", "correct": true}}
