{"type": "result", "data": {"idx": 0, "options": ["Freedom of speech is protected except in certain situations, such as yelling \"fire\" in a crowded theater.", "Once a church has been recognized by the federal government, its tax-exempt status can never be revoked.", "Once Congress has created an administrative agency, that agency can be dissolved only by a constitutional amendment.", "State-sponsored prayer during school hours is prohibited, but voluntary prayer by student groups before school is allowed."], "probs": [[0.0037514991742312546, 0.005138236820066391, 0.012308756687958368, 0.978801507217744], [0.0158731302910583, 0.04119131310474743, 0.9240822722279646, 0.018853284276229672], [0.0010576828682061985, 0.0016805903338691652, 0.003636192793327902, 0.9936255339045967], [0.001126255434863568, 0.002478788972724141, 0.992649489286284, 0.0037454662061282497], [0.012888927275475545, 0.9628026085703422, 0.016300928179985026, 0.008007535874197247], [0.003080434434278562, 0.9916321749695823, 0.0022543261553505628, 0.003033064340788528], [0.002462213574369567, 0.004008239603180352, 0.014399630215856904, 0.9791299165065932], [0.00219262750868939, 0.0050587632490558115, 0.9874953638650596, 0.005253245277195109], [0.0004896284445172829, 0.001355178011794982, 0.0019832864917899216, 0.9961719069518978], [0.004290492651044268, 0.008945952956035725, 0.9794684317471433, 0.007295122545776677], [0.017357933828115457, 0.9634057636229316, 0.008943077882357538, 0.01029322456659536], [0.014214826183713582, 0.9666543219363295, 0.006772362824014763, 0.012358488955942203], [0.0027065211346768768, 0.007553079658926316, 0.031716549978295434, 0.9580238491281013], [0.0009537400890801989, 0.003031058230654843, 0.9905341843038398, 0.005481017276425211], [0.0004965867448394615, 0.0017789716102136807, 0.0027063968746186906, 0.9950180446703282], [0.003319223261122846, 0.008816155205918332, 0.9807294163194655, 0.007135205113493292], [0.00874669985544443, 0.9353275950152977, 0.03250518253183781, 0.023420522497420056], [0.0152702300317074, 0.88795272585167, 0.06953080593918046, 0.027246238077442145], [0.8474356105062033, 0.08390370333585043, 0.04639647294730756, 0.02226421311063868], [0.9188797350185348, 0.04795539748538047, 0.009023291283356645, 0.02414157611272803], [0.8560950057450383, 0.09310417413940822, 0.02146154207020178, 0.029339277945351742], [0.8663594643255523, 0.08187242903709804, 0.015397906418198486, 0.03637020011915117], [0.833353902439538, 0.06527459353293207, 0.04633559468785169, 0.05503590923967823], [0.7890258304895201, 0.07691152106419116, 0.10196869682059417, 0.03209395152569454]], "ideal": "D", "sampled": "D", "correct": true}}
{"type": "result", "data": {"idx": 1, "options": ["Registered voters between the ages of 35 and 45 are more likely to vote than are those under the age of 21.", "A registered voter who has attained his or her General Educational Development (GED) is less likely to vote than a high school dropout.", "Registered voters are more likely to vote in general elections than they are in primary elections.", "More women than men have voted in every presidential election since 1980."], "probs": [[0.00938102063292188, 0.8850837530352245, 0.05232313009490325, 0.05321209613695043], [0.01018021552310294, 0.8345561000945998, 0.05858413810560342, 0.09667954617669379], [0.006176388894048684, 0.11737073488678888, 0.8437777895504827, 0.03267508656867978], [0.0066965214099007015, 0.07975603765555556, 0.09312305000898692, 0.8204243908255568], [0.00410026461651246, 0.05314972754824988, 0.9013059360793143, 0.041444071655923384], [0.00573058419251905, 0.04582680704955503, 0.15974108868173184, 0.7887015199761941], [0.34294006905657437, 0.3218588016849076, 0.214630157243072, 0.12057097191544605], [0.3074538730101857, 0.27975985342922116, 0.2844211755549835, 0.12836509790560963], [0.33418246360985077, 0.3338797614010915, 0.24460891036836138, 0.08732886452069634], [0.31830916754129823, 0.24013698814306325, 0.225755444914041, 0.21579839930159747], [0.22997029928141977, 0.18759536182210362, 0.4648251096491574, 0.1176092291473192], [0.26840117571054084, 0.15527451036807852, 0.323806077209517, 0.2525182366118637], [0.006803599616372651, 0.12143710937263136, 0.8322435573984859, 0.03951573351251007], [0.00558771104522927, 0.0635065218105351, 0.09225821571463513, 0.8386475513296004], [0.007136763761908147, 0.9059929544240889, 0.04171784180455881, 0.04515243990944414], [0.010985978642354661, 0.8200195950207148, 0.05079773017092728, 0.11819669606600335], [0.00453764079695142, 0.04514970448749479, 0.3547642380964759, 0.5955484165190779], [0.003478701177468486, 0.031474325363063806, 0.9212966431692493, 0.043750330190218414], [0.0028747082082651518, 0.09226833834690522, 0.823346120665135, 0.08151083267969461], [0.002461243616175388, 0.04402351684858172, 0.10876001997010006, 0.8447552194651429], [0.0017412667378758047, 0.9527699555976493, 0.012372754937289532, 0.033116022627185285], [0.0023841948095546972, 0.9252609966552428, 0.015914702375101095, 0.056440106060101504], [0.002517021856838866, 0.05344392513492124, 0.16961542569204496, 0.774423627216195], [0.0025959157128217893, 0.03935996102185307, 0.8969858360963994, 0.06105828706892573]], "ideal": "B", "sampled": "B", "correct": true}}
{"type": "result", "data": {"idx": 2, "options": ["The geographical area in which the child grows up", "The child's family", "The media to which the child is exposed", "The child's religion"], "probs": [[0.025767326301584383, 0.5864479357505681, 0.38472893555250454, 0.003055802295342981], [0.11803521561011239, 0.8071570632409115, 0.007496335297198639, 0.06731138575177746], [0.02319365157846087, 0.9562364721086922, 0.01894012260877296, 0.0016297536040738919], [0.01648195505318269, 0.9738495706592437, 0.003004415168679513, 0.00666405901889412], [0.01651321956293983, 0.027231585992522175, 0.8089322076934462, 0.14732298665109175], [0.00874077039359056, 0.01711794873861732, 0.8924292084050636, 0.08171207236272854], [0.016456960411207085, 0.0917888394047278, 0.8851006376363242, 0.006653562447740884], [0.11555853329305549, 0.30947119588144034, 0.01414515613809278, 0.5608251145874114], [0.032395654373787955, 0.9625011963913589, 0.003525939174637654, 0.0015772099602155035], [0.021462529430810055, 0.972518661324417, 0.0025657913089449074, 0.0034530178358280757], [0.05045454632494323, 0.03363534845412952, 0.18467167224384015, 0.7312384328770871], [0.005256860683455176, 0.006857256480465701, 0.9716889305251101, 0.016196952210969087], [0.6192943343584532, 0.1181692236495171, 0.25826194422812426, 0.004274497663905447], [0.7918345192528494, 0.15843149442760385, 0.011484264126784412, 0.038249722092762346], [0.5040145920749198, 0.4887591992532842, 0.006060583071852606, 0.0011656254999433096], [0.4844695213893392, 0.508100051920391, 0.004944596625608617, 0.002485829964661225], [0.7568098620011878, 0.08232625266361067, 0.049954263490127084, 0.11090962174507445], [0.06785145123233148, 0.0346567802795958, 0.880854630049146, 0.016637138338926726], [0.007831604902524986, 0.04991784533246734, 0.7809569587592118, 0.16129359090579592], [0.004528449730119542, 0.03169487287422996, 0.912289629844891, 0.05148704745075948], [0.01854994437434793, 0.880684217095929, 0.024980041010562164, 0.07578579741916087], [0.0064428383148020085, 0.21173423418097842, 0.7746293504316019, 0.007193576972617695], [0.01052692815747039, 0.9713196526333847, 0.00534014637905479, 0.012813272730090065], [0.007919038702495036, 0.9375627793354361, 0.04814803440988815, 0.006370147452180774]], "ideal": "B", "sampled": "C", "correct": false}}
{"type": "result", "data": {"idx": 3, "options": ["Coining money", "Authorizing constitutional amendments", "Having representation in Congress", "Appealing to the president to adjudicate disputes"], "probs": [[0.18285954677941973, 0.26587400828154045, 0.5290807682149309, 0.02218567662410894], [0.39856564093090613, 0.35716010999178177, 0.13350363770673876, 0.11077061127057329], [0.12072216307807583, 0.8643192950259336, 0.011585601210483873, 0.003372940585506616], [0.22774905160159442, 0.7582542760923141, 0.01207081676117025, 0.0019258554449212417], [0.432225632454751, 0.45280878606714925, 0.03493098684885794, 0.0800345945292418], [0.31889098096982754, 0.43556690233310885, 0.22608287698203458, 0.019459239615029014], [0.18008640588626612, 0.4892375411344136, 0.30629048503605133, 0.02438556784326893], [0.2300645398902032, 0.5965618250108338, 0.08731858206821, 0.08605505293075302], [0.2796253173984595, 0.6298252216711554, 0.07524908148855596, 0.015300379341829085], [0.2734354774892402, 0.6979910834626398, 0.023154968738549626, 0.00541847020957034], [0.1643518880880086, 0.41953150538489303, 0.23539835650064347, 0.18071824992645488], [0.1434019153054094, 0.3659571567144824, 0.4775040860949651, 0.013136841785143063], [0.29304774009787043, 0.6298996465263753, 0.04708949221647648, 0.02996312105927776], [0.24029977201352554, 0.7171147785564044, 0.03354789838818548, 0.00903755094188456], [0.3302682819649481, 0.4802750748315291, 0.16865628426174728, 0.020800358841775505], [0.4395508932761615, 0.47506637940822727, 0.07402101682813793, 0.011361710387473287], [0.41056035800167695, 0.45769210711128716, 0.11397471042214721, 0.017772824364888692], [0.5105252671280616, 0.4230168601813768, 0.04601483247658787, 0.02044304011397375], [0.37267472160893483, 0.4783444039733588, 0.03866813891249826, 0.11031273540520808], [0.17149587740505848, 0.34077985614616624, 0.4588261451333658, 0.028898121215409512], [0.2933387436175654, 0.4199697343587393, 0.11666817129974019, 0.1700233506239551], [0.21458374572477718, 0.31194330960605265, 0.45412002128545037, 0.019352923283719802], [0.32107150262404277, 0.6482109970128057, 0.023619542013129827, 0.007097958250021659], [0.22686039564633315, 0.7552260477910557, 0.013202670474608326, 0.004710885988002807]], "ideal": "A", "sampled": "C", "correct": false}}
{"type": "result", "data": {"idx": 4, "options": ["contribute money to candidates for election", "coordinate local get-out-the-vote campaigns", "promote the defeat of incumbents in the federal and state legislatures", "organize protest demonstrations and other acts of civil disobedience"], "probs": [[0.9978751550367312, 0.0016225605521145482, 0.00036801409479533483, 0.00013427021635894357], [0.9926511902842757, 0.0039943269163339465, 0.0006082776176392557, 0.002746205081751068], [0.9967398334306635, 0.002630652394336619, 0.0005064134468936172, 0.00012310062810617507], [0.99491153034043, 0.003941409907897917, 0.0006050005556253593, 0.0005420590960467297], [0.9904667689223204, 0.00699459241440134, 0.0011606807301063524, 0.001377957833171844], [0.9886791319937644, 0.007788227097346257, 0.0028674401753866273, 0.0006652006335026884], [0.00023948375866480177, 0.9989828820784942, 0.000379667572604674, 0.0003979664902363947], [0.00022311351827377838, 0.9984839056177663, 0.000382488603316646, 0.0009104921606432573], [0.0005007640401723565, 0.007646862575962316, 0.9867554516362388, 0.005096921647626531], [0.0011571210805624366, 0.015859379135305447, 0.0010540986389043355, 0.9819294010452277], [0.0004663896665709401, 0.0017180817490578169, 0.9936926935947804, 0.004122834889590783], [0.001522927771661462, 0.009113510102302791, 0.8466771210643564, 0.14268644096167923], [0.000511107956620017, 0.9989807362068421, 0.000376847200948387, 0.00013130853558939563], [0.0005312896545196586, 0.9986662605879723, 0.00048753879865043315, 0.0003149108588576795], [0.0011723626639620229, 0.00533260005048477, 0.9860866488583471, 0.007408388327206177], [0.0016666644256988607, 0.0019804057278415273, 0.0012199686639227018, 0.9951329610825369], [0.001039742278423372, 0.0038597985284014417, 0.9909891154831842, 0.004111343609990955], [0.0016365732522280998, 0.0034671414788542184, 0.0019144095007749345, 0.9929818756681428], [0.00025115281190384064, 0.9994012606194816, 0.000245300468219245, 0.00010228600039521076], [0.00031005854147405905, 0.9991197672990461, 0.0003248756527023611, 0.00024529840677745956], [0.00026599649357967437, 0.001640977091875798, 0.9945631542962627, 0.003529872018281793], [0.0011462287993578033, 0.009751187116088524, 0.2939721469494278, 0.6951304370351259], [0.000552827945863068, 0.09363115373031639, 0.9028038780085472, 0.003012140215273275], [0.0018224838514997394, 0.648976365578177, 0.00146507290844104, 0.34773607756188224]], "ideal": "A", "sampled": "A", "correct": true}}
{"type": "result", "data": {"idx": 5, "options": ["Impeachment, conviction, and removal from office by Congress", "Removal from office by the appointing president", "Removal from office by the president-elect", "Recall elections by citizens residing in the district over which the judge has jurisdiction"], "probs": [[0.921371941392556, 0.06580850089079683, 0.007862503170925721, 0.004957054445721447], [0.9233630239534499, 0.06492089531045139, 0.008192946276199967, 0.003523134359898659], [0.9118785265442236, 0.06411144884784875, 0.01866310649302566, 0.005346918014902005], [0.8970683255054716, 0.06506892008544057, 0.01113547277180503, 0.026727281537282817], [0.899836671912047, 0.0739401961687614, 0.021188490386635304, 0.005034641432556352], [0.9162330279665726, 0.06855364927785551, 0.007754617503175624, 0.007458705152396307], [0.00566634610386652, 0.9925154718941822, 0.001574585628412506, 0.00024359627353881327], [0.005410023821744377, 0.9930601194471849, 0.001306197459024204, 0.00022365917204658913], [0.002586904272596979, 0.003541365957698521, 0.9886470364564421, 0.005224693213262357], [0.00396927467343127, 0.004079882739256307, 0.010222593868804634, 0.9817282486185078], [0.0033745564183329827, 0.005033876092029716, 0.9889215455294802, 0.002670021860157073], [0.015346792108227189, 0.051250235959427, 0.03801410027260508, 0.8953888715597407], [0.003157430758698091, 0.9938738967583544, 0.002498716737861189, 0.00046995564508629594], [0.0028312782726674425, 0.9944051388093675, 0.0020242075947252422, 0.0007393752232398008], [0.0017798444363457916, 0.00462142247224284, 0.98949374659179, 0.004104986399621307], [0.002862713422259027, 0.013922191620073012, 0.008034029666086313, 0.9751810651915817], [0.002124126085850406, 0.005141839425222515, 0.9870041089910605, 0.005729925397866517], [0.005142496904343156, 0.016647023742966706, 0.24213948084482861, 0.7360709984078615], [0.0013107329811518054, 0.9976121407280487, 0.0008398059555476373, 0.00023732023525184165], [0.0013001478768822385, 0.9978110392859274, 0.0007069043490211431, 0.00018190838816916176], [0.00181600264214258, 0.017928911275215127, 0.9782599753420477, 0.001995110640594634], [0.01030752517300345, 0.8261575759833351, 0.005742288185608635, 0.15779261055805288], [0.0019913184110014735, 0.006592212126963031, 0.9848340077172818, 0.006582461644753732], [0.006334391118507465, 0.034345888477586274, 0.13981204091554408, 0.8195076793883622]], "ideal": "A", "sampled": "A", "correct": true}}
{"type": "result", "data": {"idx": 6, "options": ["vice president", "president's chief of staff", "national security advisor", "chair of the Federal Reserve Board"], "probs": [[0.01141913411500574, 0.9807371411685605, 0.005351364565943628, 0.0024923600504901766], [0.00859252257021215, 0.9779285637281597, 0.004599944151571958, 0.00887896945005621], [0.026576381669076176, 0.1153342745213784, 0.8269933615355468, 0.031095982173998594], [0.008951883763916566, 0.023266357745326035, 0.006762819127384121, 0.9610189392633732], [0.004698010383877883, 0.010578677441689674, 0.9531180365007452, 0.031605275573687266], [0.020259934727537406, 0.037333628769946, 0.07648621987391584, 0.8659202165286007], [0.9013398410497672, 0.08374463879066077, 0.010991034245295303, 0.0039244858142767625], [0.909138238984464, 0.07115123705180677, 0.00877206993872031, 0.010938453925008897], [0.8433035748705859, 0.1418789648149607, 0.010283535512963017, 0.004533924701490305], [0.8301962691942188, 0.1510763859644334, 0.00776502199564415, 0.010962322745703584], [0.9047357624462261, 0.07081177975074927, 0.010694892363752496, 0.013757565339272125], [0.8782397401412791, 0.08163166691551282, 0.02451757125429718, 0.015611021588910836], [0.040639656993263544, 0.046015280625638755, 0.8831174853644624, 0.03022757691663528], [0.019190640564104137, 0.011671653610584795, 0.009809678136228277, 0.9593280275890828], [0.01107137015485826, 0.9815427813077804, 0.005149085620133491, 0.0022367628172278464], [0.008379794656392398, 0.9843721984832583, 0.003749051130933174, 0.003498955629416092], [0.03195175563915658, 0.026134368321677915, 0.017658733027063965, 0.9242551429121015], [0.0048926150145198796, 0.005808465970169727, 0.9773826356925205, 0.01191628322278987], [0.005238259644609744, 0.009944938062029028, 0.93810402769744, 0.0467127744959213], [0.019254702070875318, 0.026819578636866105, 0.10410751121675789, 0.8498182079755007], [0.0028989073625552294, 0.9932558990568402, 0.002536279883154175, 0.0013089135974503718], [0.0028111610654653085, 0.993512080851909, 0.002680883008842049, 0.0009958749737835812], [0.027437162875314135, 0.6349319071122697, 0.012375036896481475, 0.3252558930159347], [0.010667779213585441, 0.06234562239607227, 0.9025486479832568, 0.024437950307085492]], "ideal": "B", "sampled": "B", "correct": true}}
{"type": "result", "data": {"idx": 7, "options": ["The amount of coverage the issue receives in the major news media", "The degree to which public opinion on the issue is likely to shift quickly", "The number of people affected by the issue", "The importance of the issue to a particular individual or group"], "probs": [[0.004964145166068883, 0.9933590824469655, 0.0010498938479663648, 0.0006268784389992986], [0.0055385899095265504, 0.9932119709493095, 0.0009711733304817004, 0.0002782657106822238], [0.0049093229891021715, 0.008627012242601706, 0.9822637291423143, 0.004199935525981771], [0.19124340373943446, 0.2657033919591765, 0.38677998122191887, 0.15627322297947016], [0.01868404011293094, 0.5724668876773964, 0.40607028872038825, 0.0027787833892844276], [0.029776404957751072, 0.9425555282320155, 0.0068664707756292374, 0.02080159593460423], [0.9217226976489454, 0.06787270654524777, 0.0038918887392021644, 0.006512706966604652], [0.9225806539271116, 0.06898862082642832, 0.00575577883367274, 0.0026749463127873517], [0.8789605071765146, 0.06472182704835715, 0.0188483772965712, 0.037469288378556974], [0.9147541126527717, 0.05005117941127259, 0.006673549416717424, 0.028521158419238288], [0.9120256536110986, 0.06307418725066287, 0.015226731335506217, 0.009673427702732378], [0.8892590709096773, 0.07079810892411334, 0.007525704128335218, 0.03241711593787421], [0.0038657632374004456, 0.015302002124157783, 0.9773389500546947, 0.003493284483747025], [0.01505726459552205, 0.9179942438389578, 0.021251847092351367, 0.045696644373168775], [0.0031108630460982304, 0.9945763979320131, 0.0013923540292976654, 0.0009203848925909193], [0.004115439874352245, 0.9929067902595285, 0.0013267720102538342, 0.0016509977558653525], [0.030659851689741363, 0.15598929981102402, 0.17660457890750828, 0.6367462694917263], [0.007551781175386719, 0.019000100660104123, 0.9597704758197013, 0.013677642244807837], [0.013825684421889218, 0.07026582227873016, 0.9119139110111208, 0.003994582188259726], [0.06996670273407693, 0.7649946112259615, 0.011989695793815772, 0.1530489901461458], [0.010118428859948634, 0.9864154694191495, 0.00250162376491777, 0.0009644778559841445], [0.01194928910553068, 0.9809813866197772, 0.0021616526290536044, 0.0049076715456385376], [0.047365608845897404, 0.04529724574683263, 0.2816423433492718, 0.6256948019579981], [0.006331553122222425, 0.0080149755851206, 0.9711577865096398, 0.014495684683017127]], "ideal": "D", "sampled": "B", "correct": false}}
{"type": "result", "data": {"idx": 8, "options": ["which special interest groups have endorsed which candidates", "the relative strength of each candidate's support, as indicated by public opinion polls", "candidates' positions on international issues", "candidates' positions on domestic issues"], "probs": [[0.051320417276469056, 0.8821294656408933, 0.00814933865763695, 0.0584007783250007], [0.05956599889370819, 0.9033701493349412, 0.01750703427259258, 0.01955681739875807], [0.07285853637455193, 0.2748822332989968, 0.4468999306462825, 0.20535929958016882], [0.03224841456912711, 0.07609427606158053, 0.7350791582463355, 0.15657815102295683], [0.07158444979496495, 0.4886753456146442, 0.3934008752354252, 0.04633932925496565], [0.09150360523739352, 0.30968227979424234, 0.034798368808127526, 0.5640157460602366], [0.31260082006084866, 0.13879105395631233, 0.04510677216083706, 0.5035013537220019], [0.36719997892880135, 0.16288646689917427, 0.38511624067636085, 0.08479731339566357], [0.3354257494811154, 0.1610734683594027, 0.026533068409877195, 0.47696771364960466], [0.17119702097834183, 0.14861517428093807, 0.6075532156580543, 0.07263458898266582], [0.5152767002559426, 0.3770848890582544, 0.021808263515630755, 0.08583014707017218], [0.5633936240489132, 0.2922785730898137, 0.02944097333310753, 0.11488682942816553], [0.09287476416398834, 0.126922198687466, 0.6262846412372285, 0.15391839581131714], [0.032132294145486316, 0.049324102878570815, 0.804455104406404, 0.11408849846953883], [0.16193677109287422, 0.5230222704331288, 0.02843859056141426, 0.2866023678125828], [0.088942021785291, 0.41732874819433285, 0.3925787239321293, 0.10115050598824685], [0.05650894132775697, 0.6568738572807186, 0.03200393050574361, 0.2546132707857809], [0.06799727449640348, 0.7776303625868722, 0.10373200872401664, 0.05064035409270766], [0.123742657673114, 0.1125970284363615, 0.691864744322808, 0.07179556946771655], [0.13974381565413718, 0.09767786121351678, 0.09038696167796105, 0.672191361354385], [0.24029614252705112, 0.6533884466287935, 0.018868012527613144, 0.08744739821654222], [0.21913330070767736, 0.6542112024494182, 0.029026428102119556, 0.09762906864078487], [0.1013696431195907, 0.06871303505728743, 0.03796118271202618, 0.7919561390110957], [0.20183666062099934, 0.13860825735496138, 0.5495709589744611, 0.10998412294957823]], "ideal": "B", "sampled": "B", "correct": true}}
{"type": "result", "data": {"idx": 9, "options": ["One man, one vote", "Separate but equal", "Judicial review", "Right to privacy"], "probs": [[0.00016368746363822398, 0.0006357760216809657, 0.9985854796406134, 0.0006150567740674115], [0.00031928722725626965, 0.0005081141528188289, 0.0009311514095279853, 0.9982414471103969], [0.00018836771598412105, 0.9996724629304371, 0.0001158170478301387, 2.3352205748599753e-05], [0.00021343132746929084, 0.9996752240209145, 9.024324478176606e-05, 2.1101306834523e-05], [0.00030706526610571865, 0.00046634762291165665, 0.0008680198976166685, 0.9983585671133659], [0.00019889076018631775, 0.0006607985009740415, 0.9982524028837473, 0.0008879077550923819], [0.0001739401640931856, 0.002215137017807731, 0.9970514228205628, 0.0005594998975362921], [0.00027522648962044174, 0.0007216474576163338, 0.0007901602550507345, 0.9982129656977125], [0.00022697971141354543, 0.9995421721199683, 0.0001806920365540739, 5.015603206400729e-05], [0.00031022437198036524, 0.9994978294898432, 0.00013643560094811814, 5.551043722823725e-05], [0.00022366428513533124, 0.0006190931341974291, 0.005458018259213099, 0.9936992242214542], [0.00026949656677318306, 0.0012629008404359352, 0.9973891943365479, 0.001078408156242971], [0.9957051437287254, 0.004011267860666916, 0.0001654513643420788, 0.0001181369462655341], [0.9959892483122923, 0.003710295029547147, 0.00015792280013376524, 0.00014253375802683984], [0.9962181658869882, 0.003432675569943295, 0.00025040246491865885, 9.875597814987563e-05], [0.994311707037956, 0.005063387488261709, 0.00022584654203301155, 0.00039905883174924206], [0.9975612379641272, 0.0021181760014725376, 0.00021450070836831383, 0.00010608522603194441], [0.9951766302039062, 0.004072492545601204, 0.000301793688437149, 0.0004490834620554195], [0.0003241464359677124, 0.0007873402478273409, 0.0007900149477496494, 0.9980984982684553], [0.00028871404082562736, 0.0024694050267090716, 0.9962684009429266, 0.0009734798895387295], [0.000312669067784236, 0.0011119767366061701, 0.0054533715860983585, 0.9931219825095112], [0.0003945417113708378, 0.0019541073979929178, 0.9958762967797874, 0.0017750540108488707], [0.0003981474660429663, 0.9992673821542477, 0.0002710986835902188, 6.337159611909929e-05], [0.0005151392446935158, 0.999011372452008, 0.0003533455061845725, 0.00012014269711392975]], "ideal": "C", "sampled": "C", "correct": true}}
{"type": "result", "data": {"idx": 10, "options": ["A congressperson who retires to take a position teaching political science at a university", "A former president who advises a current president on a particular foreign policy issue", "A voter who researches the positions of all candidates in a race before choosing whom to support", "An official who leaves the State Department to work as a paid consultant to foreign governments"], "probs": [[0.0010917213081937673, 0.019590505783735335, 0.006956798491889341, 0.9723609743161815], [0.0004215055343028336, 0.02247496054641817, 0.9708657928471016, 0.006237740972177344], [0.0016946584544733738, 0.02185123605895373, 0.7224586645092539, 0.25399544087731896], [0.00023229232144324463, 0.004737561334261044, 0.9914017803716695, 0.0036283658726261945], [0.0008538707420557865, 0.9913071076758444, 0.002732904376146796, 0.0051061171059529654], [0.0009155242493265773, 0.9747711319790925, 0.0028195010673803885, 0.021493842604200553], [0.001097783913397046, 0.005870632834896068, 0.007388791078971532, 0.9856427920727353], [0.0003853687700988967, 0.006071026497241646, 0.9899766380130892, 0.0035669666195702584], [0.00322605094301675, 0.021444812559430527, 0.01947039920341643, 0.9558587371941363], [0.0002870729665817939, 0.005124476750886137, 0.992112877426467, 0.0024755727560650674], [0.0009712250812955833, 0.9946823623689902, 0.001827926707223944, 0.0025184857424903036], [0.0010102116285419667, 0.9948452497010478, 0.002072207352255219, 0.0020723312181549773], [0.001856773422007994, 0.041036889593081174, 0.7732182861011313, 0.18388805078377948], [0.0002031110169811014, 0.005619622688967495, 0.9901337486159055, 0.004043517578145868], [0.0013950737250298605, 0.3323183371310589, 0.007086692872577524, 0.6591998961713337], [0.00019176230601632594, 0.01685973729532766, 0.9795532918487578, 0.003395208449898176], [0.0005994245774541003, 0.9826152755016624, 0.0021574718048179994, 0.014627828016065474], [0.0005027111613355883, 0.9943251597232452, 0.002304336053200209, 0.002867792962218944], [0.7275654090354303, 0.10644371081279415, 0.15016146030668118, 0.0158294197450943], [0.5849080692110696, 0.10826005060681679, 0.030058784463340444, 0.27677309561877317], [0.8240139675437206, 0.15242478604824578, 0.009596839769641442, 0.013964406538392182], [0.810519502073658, 0.16727868655581007, 0.009295830090298945, 0.012905981180233044], [0.6859085899684648, 0.1415772832200927, 0.047434618787394835, 0.12507950792404765], [0.5062301664867166, 0.1299730367181418, 0.35353227820706223, 0.010264518488079313]], "ideal": "D", "sampled": "D", "correct": true}}
{"type": "result", "data": {"idx": 11, "options": ["Constitutional amendments", "Presidential executive orders", "Laws passed by Congress", "Laws passed by state legislatures"], "probs": [[0.03794433232679505, 0.12446227853934506, 0.02605527677953873, 0.8115381122543212], [0.022062019826472157, 0.115569285474741, 0.4713497740363467, 0.39101892056244014], [0.011710428472328702, 0.029010973028640884, 0.08509860139433524, 0.8741799970046952], [0.013648541747945626, 0.02983715763071646, 0.07142144008533803, 0.8850928604359999], [0.011723705071666632, 0.11477028259866678, 0.4195143140252005, 0.4539916982044661], [0.03622383888526601, 0.32280003059258555, 0.01848478932539183, 0.6224913410967566], [0.39786624459818426, 0.14623908533661503, 0.045294310386855934, 0.4106003595783448], [0.3164472485330978, 0.15650967785612233, 0.21057886745675047, 0.31646420605402936], [0.24803798833904359, 0.05365229277553419, 0.06462915096614591, 0.6336805678192763], [0.5833352977448091, 0.07765837989442949, 0.050112435220011645, 0.2888938870407498], [0.390571264216191, 0.268278468735849, 0.036873063816124235, 0.3042772031318358], [0.5614814909303418, 0.2734201035741092, 0.011466149263220041, 0.15363225613232898], [0.0031990849592132484, 0.015389169876521495, 0.19300994666036408, 0.7884017984039011], [0.005114600239337896, 0.0178522867318427, 0.10412123211611576, 0.8729118808127037], [0.011205456943625599, 0.01908190727049783, 0.23188987998208413, 0.7378227557037924], [0.01499763217140127, 0.028468746556527407, 0.23418475576111192, 0.7223488654109594], [0.008771589033110903, 0.038715526878953486, 0.05800144622469177, 0.8945114377632438], [0.006352994732362894, 0.036003325935652475, 0.1512936685372172, 0.8063500106947674], [0.03624134909924064, 0.03568666827088363, 0.4999795890843047, 0.42809239344557104], [0.5595003061666538, 0.141172028976004, 0.04305503741508265, 0.2562726273422596], [0.3817077179762038, 0.19479810715446036, 0.08117216502961279, 0.34232200973972304], [0.5883228657708748, 0.21613132508648925, 0.015903925195714434, 0.17964188384692154], [0.3607191064432352, 0.06260641523704279, 0.12057295170920225, 0.4561015265105198], [0.28304165388017466, 0.04992339722370015, 0.18529942491809673, 0.4817355238780285]], "ideal": "A", "sampled": "B", "correct": false}}
{"type": "result", "data": {"idx": 12, "options": ["It provides a structured environment in which factions may flourish.", "It limits the dangers of factionalism by diluting political power.", "It allows factions to dominate on the national level while limiting their influence on state governments.", "It eliminates any opportunity for factions to form."], "probs": [[0.005562732507909926, 0.9883014641595959, 0.004438211246828876, 0.0016975919856653085], [0.005510830750985129, 0.98696597181183, 0.0037325551390031833, 0.0037906421981816437], [0.06809166475733631, 0.4581149585662433, 0.46559194364402673, 0.008201432932393626], [0.046859700343219665, 0.6888497439630449, 0.033255497853190666, 0.23103505774054478], [0.005388002571155623, 0.0129241620197031, 0.9732118354570708, 0.008475999852070495], [0.057220342642004166, 0.12308320218459964, 0.7784420731117411, 0.04125438196165509], [0.22103782428247906, 0.7134729762620515, 0.05768212415755823, 0.00780707519791117], [0.17847863608405973, 0.76326803092146, 0.03408232762621436, 0.024171005268265842], [0.22402694100974324, 0.658447526667135, 0.10923242199222638, 0.00829311023089533], [0.0727591532100166, 0.5636717831632555, 0.0318163422159953, 0.33175272131073263], [0.07920179471027572, 0.10996806559002388, 0.7882980063423226, 0.022532133257377737], [0.06779511815242169, 0.10502198769526533, 0.7767508393717651, 0.050432054680547816], [0.01772122171331503, 0.8148240583163252, 0.16303989861028256, 0.004414821260077205], [0.012668645951252767, 0.9457502969020988, 0.010190013804562269, 0.03139104324208615], [0.010310954562120759, 0.9652066965187579, 0.021335395358882618, 0.0031469534602387595], [0.013453465442397257, 0.8794921359100925, 0.011343007386810464, 0.09571139116069984], [0.003848579443007059, 0.010383683461797239, 0.9804215341462874, 0.005346202848908251], [0.008410464047926848, 0.0237791836459431, 0.9363068349992593, 0.031503517206870814], [0.00185517444696245, 0.9764105160570349, 0.019332379941653124, 0.0024019294543495386], [0.0015619757070648246, 0.9917689082571894, 0.005452048097670268, 0.0012170678380755086], [0.0010375451086283714, 0.9885004336665997, 0.00969071179219466, 0.0007713093325773062], [0.0012618298115921283, 0.9893152021689221, 0.0066655486465650605, 0.002757419272920673], [0.003556577953257571, 0.13555936510819439, 0.8571547863014741, 0.0037292705370739615], [0.004420422993740079, 0.911170313064975, 0.056450266963701354, 0.027958996877583575]], "ideal": "B", "sampled": "B", "correct": true}}
{"type": "result", "data": {"idx": 13, "options": ["Non-whites are more likely to vote Democratic than are whites.", "Women are more likely to vote Democratic than are men.", "Low-income Americans are more likely to vote Democratic than are upper-income Americans.", "Evangelical Christians are more likely to vote Democratic than are non-religious Americans."], "probs": [[0.03018128104819405, 0.17371380620312502, 0.3297480117187283, 0.46635690092995263], [0.04122059169656868, 0.2060988308610701, 0.5786547832701546, 0.1740257940722066], [0.01962019612439448, 0.11834356469741393, 0.6403543101962297, 0.22168192888196192], [0.013820248916617706, 0.14177227822376307, 0.6561585346323454, 0.18824893812727383], [0.06485530036676547, 0.5872746153130557, 0.17102280384844076, 0.17684728037173805], [0.021779131547775225, 0.5617731913692726, 0.13772118346731735, 0.2787264935156348], [0.029534190308350534, 0.16474880088734625, 0.4921098887092991, 0.31360711999500407], [0.03568519385657536, 0.17567983449134023, 0.6637768846252716, 0.12485808692681279], [0.01914702595430881, 0.13292085004351403, 0.5179134155454039, 0.33001870835677327], [0.018699361183667353, 0.23874159377234172, 0.6706969203752965, 0.07186212456869437], [0.04880955878245562, 0.594728491729688, 0.13697192694172422, 0.2194900224461322], [0.03154800643915324, 0.6437115284924807, 0.14828844973222993, 0.17645201523613616], [0.013169345713631514, 0.11738573168270876, 0.6353631891516653, 0.23408173335199436], [0.009804861454721266, 0.13325072600243543, 0.6881684544860165, 0.16877595795682684], [0.014199901952660627, 0.15999755917369668, 0.33892308070904015, 0.4868794580646026], [0.01567259695812818, 0.2376340299907344, 0.6784564597195015, 0.06823691323163587], [0.014183867173091664, 0.5078523891728269, 0.13887910918573115, 0.33908463436835024], [0.03235599734657801, 0.6499335692552953, 0.21463039275388188, 0.10308004054424481], [0.09074728325215412, 0.24659808345054376, 0.4541755385864916, 0.2084790946108105], [0.038535014365261945, 0.2512845434188575, 0.34911993662680735, 0.36106050548907326], [0.09312096931010369, 0.2779015211409724, 0.24163633892774733, 0.3873411705211766], [0.0654713015586752, 0.3594620555680605, 0.2984131053974011, 0.27665353737586323], [0.03480629570722763, 0.24157878394126905, 0.2916049615508036, 0.4320099587006997], [0.07074225211711059, 0.3321907047666232, 0.4921887997861054, 0.1048782432301608]], "ideal": "D", "sampled": "D", "correct": true}}
{"type": "result", "data": {"idx": 14, "options": ["certiorari", "de jure", "ex post facto", "stare decisis"], "probs": [[7.707786112475285e-05, 6.536204189165056e-05, 0.0004228315202256546, 0.999434728476758], [0.00012466921579797898, 0.0002868949178403955, 0.9994885049891441, 9.993077721752726e-05], [8.392832116236851e-05, 0.00010846448866201464, 0.0006751579716047012, 0.9991324491185709], [0.0001677435650313115, 0.0003569486730187373, 0.9993240846098121, 0.00015122305213774952], [0.00018857925822840193, 0.9994103272944035, 0.00039473408676943223, 6.359260598702501e-06], [0.0001961382203877747, 0.9994409440718726, 0.00035401567534143225, 8.901932398278837e-06], [9.748012673867088e-05, 9.942931207004705e-05, 0.0003400386967123602, 0.9994630517644789], [0.00011982997902476068, 0.00033535712976570675, 0.9994487102031618, 9.610258804765841e-05], [6.649785821001733e-05, 7.271293029990045e-05, 0.0006351086222780854, 0.999225680489212], [6.318011715833825e-05, 0.00018810510332183702, 0.9996744604382246, 7.425424129516808e-05], [9.399246470114966e-05, 0.9997093245976744, 0.00019248755425097633, 4.1952833734514305e-06], [7.207547306777101e-05, 0.9997742357732814, 0.0001499560395735881, 3.7326140772185313e-06], [7.710333792341284e-05, 0.00010847189475616723, 0.0004263537330275724, 0.9993880709342928], [0.00019441667466074894, 0.000535571742900436, 0.9990960776358425, 0.00017393384659625326], [8.019756998226972e-05, 0.00010920119618588141, 0.0006202625277447173, 0.9991903386060871], [0.0001008949632835199, 0.00033006965923005146, 0.9994356750637033, 0.00013336021378305], [0.00017019633221959565, 0.9995422608901259, 0.00027994398520064855, 7.59869245382461e-06], [0.00013676547333553945, 0.9995957361104497, 0.0002609484588629532, 6.549857351753142e-06], [0.9953279843819177, 0.0038808529697319607, 0.0007780827388429226, 1.3079809507360448e-05], [0.9945728019074898, 0.004604992467223026, 0.0008027307587880329, 1.9474766499159344e-05], [0.9956379776937826, 0.0035345932828697237, 0.0008153327313678366, 1.2096191979877895e-05], [0.9955177782365224, 0.0037619159024467313, 0.0007084881410147865, 1.1817620016048582e-05], [0.9951268876693327, 0.0042617420696911875, 0.0005967767475845514, 1.4593413391559737e-05], [0.9946729131235984, 0.004678207907960862, 0.0006347446409926419, 1.4134227448082641e-05]], "ideal": "D", "sampled": "D", "correct": true}}
{"type": "result", "data": {"idx": 15, "options": ["Blue-collar workers who belong to a union", "Professionals", "Voters who are active in their political parties", "Voters aged 18-29"], "probs": [[0.014617644338639237, 0.025306947431809963, 0.09532877722701286, 0.8647466309025379], [0.011580232098277004, 0.023047017935332495, 0.717379781629686, 0.24799296823670458], [0.02476698716981303, 0.06638919311017447, 0.06036776380887177, 0.8484760558111407], [0.022898483251403923, 0.06838287183164997, 0.8208097539494886, 0.08790889086745753], [0.03580380004038773, 0.38516319335209787, 0.043213033170321755, 0.5358199733371927], [0.03630797761314234, 0.6141892969572995, 0.17326935284900385, 0.17623337248055423], [0.010490130172891089, 0.010860199563581977, 0.04630032723668326, 0.9323493429268437], [0.015528966263201913, 0.018181028909633204, 0.715060606280999, 0.2512293984461659], [0.013122054944995543, 0.01827646689624485, 0.045816545603878565, 0.922784932454881], [0.011706614093300347, 0.02156544304846668, 0.6395465730558956, 0.3271813697023374], [0.030744000120962862, 0.07158677757609852, 0.3154823662217992, 0.5821868559811394], [0.02643121053335411, 0.057852551766306666, 0.16445511700397608, 0.7512611205963631], [0.019747043982824276, 0.027059256475582598, 0.042474975999573276, 0.9107187234420199], [0.01918997214259574, 0.02881718011184679, 0.8698081839733516, 0.08218466367220587], [0.03401756032830343, 0.041147273689322125, 0.057900573463865644, 0.8669345924185088], [0.016628393804516115, 0.0301317511422413, 0.7655803777221213, 0.18765947723112128], [0.06321023498156723, 0.4319424991167155, 0.26199272662750667, 0.24285453917421057], [0.041811661654285286, 0.19964006163940992, 0.10186933563162466, 0.6566789409746802], [0.050310497314082755, 0.0459241287311422, 0.04879294089872477, 0.8549724329560503], [0.08986857398641598, 0.07936812818198266, 0.5256786863624088, 0.3050846113691926], [0.06282828958246138, 0.0460667141279721, 0.22294155508462135, 0.6681634411049452], [0.04388604296347462, 0.03535617501919992, 0.1395126724866864, 0.7812451094306391], [0.10571983806775408, 0.12560992963809106, 0.4666274909719793, 0.30204274122217556], [0.04636566912792135, 0.05967657045138018, 0.10613983473089517, 0.7878179255898033]], "ideal": "D", "sampled": "D", "correct": true}}
