{"type": "result", "data": {"idx": 0, "options": ["Needle aspiration", "Mammography", "Mastectomy", "Lumpectomy"], "probs": [[0.002797378030981027, 0.9966072208286499, 0.0003141131321868055, 0.00028128790818217765], [0.0038174747262534154, 0.9952100588560733, 0.000363846275742693, 0.00060862004193057], [0.0016747604066735542, 0.0044455872408258055, 0.9919230396737896, 0.0019566125787110655], [0.0008254299066114035, 0.0015960397302015323, 0.0018624694245187067, 0.9957160608386684], [0.0025605792791209892, 0.006850839290463839, 0.9868662593009343, 0.0037223220294808138], [0.001490697317942555, 0.0022802715155182756, 0.002833208182024737, 0.9933958228845144], [0.9908141224338801, 0.008450346769057563, 0.0005322240613945379, 0.00020330663566777267], [0.9893958331203679, 0.009712376637675525, 0.0005355295077776062, 0.00035626063417890525], [0.9949469238283589, 0.004267053072273908, 0.0006445874247503152, 0.0001414355746168454], [0.9948182383551314, 0.004332683635676357, 0.0007077030802139405, 0.00014137482897834925], [0.9940715636502354, 0.005062809945819885, 0.0006856144484982923, 0.00018001185544636896], [0.9934520457765128, 0.005643799751217476, 0.0007466514745931392, 0.00015750289767652988], [0.0017594629902325104, 0.009809843915630398, 0.9864063917648435, 0.002024301229293591], [0.0008838325004181242, 0.003643480997935034, 0.0016921502245769715, 0.9937805361770699], [0.0015718708551628782, 0.9978845735045686, 0.00040070799439348773, 0.00014284754587496048], [0.0013240351536039827, 0.9980960528833444, 0.000416772038528875, 0.00016313982452282016], [0.0006997845326534741, 0.0030708196104107426, 0.0016158668837135922, 0.9946135288732222], [0.0013512779513481041, 0.008146671501605278, 0.988094433491632, 0.00240761695541469], [0.0026036829571428437, 0.013323507190405915, 0.9802569001948539, 0.0038159095575973773], [0.0009942915228080302, 0.0029302221293509745, 0.0018028795329478463, 0.9942726067148931], [0.001969134321692009, 0.9968250402582814, 0.0006548311609378283, 0.0005509941590886622], [0.001954164080188098, 0.9968917750997109, 0.0007478173465208283, 0.00040624337358018294], [0.0008435611486683566, 0.003425928803698692, 0.0016408433678144075, 0.9940896665798186], [0.0021080469857136593, 0.011573050926155667, 0.9802228063029504, 0.006096095685180166]], "ideal": "B", "sampled": "B", "correct": true}}
{"type": "result", "data": {"idx": 1, "options": ["vary from person to person", "vary for women depending on the phases of the menstrual cycle", "are mainly on the lower portion of the body", "all of the above"], "probs": [[0.0008693536935170455, 0.002274984067458128, 0.004813324250529833, 0.9920423378884949], [0.002227134669480487, 0.005178538849185649, 0.987335458635399, 0.005258867745934952], [0.0008426862391276078, 0.001992076546108749, 0.004966516290860197, 0.9921987208239035], [0.0033056949473615873, 0.00805584846069393, 0.9685476296605697, 0.02009082683137475], [0.010709969905506435, 0.9800412928204176, 0.006704871787627543, 0.0025438653864484277], [0.010378443625296633, 0.9723895778164275, 0.008214528663925308, 0.00901744979435048], [0.0023504842878381738, 0.01038029255837306, 0.008081086897314434, 0.9791881361564743], [0.003758138777910104, 0.01194325658973712, 0.9793208329409587, 0.004977771591394012], [0.0007517972514011752, 0.0017355454841245412, 0.025492327918193367, 0.9720203292462809], [0.001502956148730076, 0.004249058667872056, 0.9846004853043285, 0.009647499779069372], [0.012999945216905688, 0.9481951602264836, 0.0329446366551986, 0.005860257801412063], [0.011967779459227411, 0.9668644330792616, 0.00842467066218225, 0.012743116699328741], [0.0008883072759210784, 0.004658387590660425, 0.004306313157097514, 0.9901469918763209], [0.0033197677893652645, 0.055718109163825684, 0.9279351831458694, 0.013026939800939646], [0.001045181845057135, 0.004073037611377309, 0.036566692403623174, 0.9583150880399424], [0.0017811905860159916, 0.010495655915977379, 0.9748666646616995, 0.012856488736307155], [0.0025301837684632857, 0.9899909671853404, 0.004305303845225272, 0.0031735451009710703], [0.002595109521201237, 0.9846297964622088, 0.0054957836651680705, 0.0072793102514218146], [0.3496097573384666, 0.5678853197938838, 0.04734542555470827, 0.03515949721294136], [0.29266279932910166, 0.5645872949989307, 0.07640651612709827, 0.06634338944486941], [0.18807554032923565, 0.12934546026770594, 0.6269747544163671, 0.05560424488669131], [0.29581371943433715, 0.19732834563699658, 0.06923839729968549, 0.43761953752898075], [0.2849487129674973, 0.1869698953509347, 0.4280284440393778, 0.10005294754219021], [0.17065260666941484, 0.12118599111172194, 0.07345778965745209, 0.6347036124614112]], "ideal": "D", "sampled": "D", "correct": true}}
{"type": "result", "data": {"idx": 2, "options": ["can be treated with antibiotics", "has a high risk of infection with a single exposure", "is asymptomatic (without symptoms) in only a small percentage of those infected", "infections are limited to genital areas"], "probs": [[0.8874494340567253, 0.07529739956765569, 0.03610150850796546, 0.001151657767653604], [0.8144407494665599, 0.11045289404415783, 0.009204422117294065, 0.0659019342719882], [0.9106500727196708, 0.07973052023994635, 0.00914930863117804, 0.00047009830920483986], [0.8960640574957494, 0.08752487903857475, 0.00788656023636361, 0.00852450312931232], [0.6834917256451586, 0.04957917036638555, 0.2022848008499039, 0.06464430303855191], [0.4043030961142167, 0.04234612281297395, 0.4883005527607706, 0.06505022821203872], [0.005647493466275125, 0.9659709231636799, 0.027817338409209153, 0.000564244860835741], [0.011518946790655448, 0.9311912765652902, 0.0056218215800587275, 0.051667954963995635], [0.015302807594903415, 0.10463981036988095, 0.8763635508855755, 0.0036938310496401473], [0.11750287955392794, 0.41108064237494363, 0.040975203244674616, 0.4304412747264538], [0.009361998412542715, 0.008673843213601429, 0.927194141721991, 0.05477001655186486], [0.034758248985431915, 0.026709848343585404, 0.7443625066890148, 0.19416939588196783], [0.006813087374930585, 0.9890258725796861, 0.003945099117090569, 0.00021594082829272783], [0.005974057521859443, 0.9905157562059447, 0.0018239475094125146, 0.0016862386627833166], [0.019203280406653946, 0.6990350257917071, 0.2778896897225595, 0.0038720039790795264], [0.036891756857762074, 0.8157416231821252, 0.010252726755359853, 0.13711389310475292], [0.008992211758307255, 0.010197418588908727, 0.9702131602656223, 0.010597209287161739], [0.018892425725150645, 0.030962755381451736, 0.8831374496302565, 0.06700736916314111], [0.002267658382913842, 0.983021993100843, 0.009477180964200336, 0.005233167452042782], [0.001773833603257866, 0.9874928301208752, 0.006542775191291858, 0.004190560984575103], [0.004245074512888755, 0.9407796367894301, 0.018588995766893, 0.036386292830788126], [0.003391782166343315, 0.9654648555138179, 0.0025218740601721528, 0.02862148815966665], [0.0048546220116667, 0.09928254199637052, 0.8428255420285213, 0.05303729386344147], [0.008851680079588108, 0.19438320631730366, 0.625681765439623, 0.17108334806348532]], "ideal": "A", "sampled": "A", "correct": true}}
{"type": "result", "data": {"idx": 3, "options": ["the id", "the ego", "the superego", "the Oedipus complex"], "probs": [[0.36843390602209813, 0.1714385820110701, 0.25334711727885106, 0.20678039458798075], [0.27302275458092623, 0.15565930867669214, 0.4574506903756758, 0.11386724626670576], [0.41228752709844196, 0.11278998682578045, 0.2207922157306384, 0.2541302702451392], [0.45198254476373134, 0.11798032811521095, 0.2785697086834136, 0.15146741833764413], [0.4284514550205494, 0.4027661740789303, 0.06372921263130804, 0.10505315816921232], [0.4929087532997265, 0.37814742886438557, 0.05448217770630947, 0.07446164002957845], [0.14327593199696353, 0.6629311466408362, 0.054848741938830936, 0.13894417932336936], [0.09618291186188267, 0.6374804329422373, 0.19138856087656814, 0.07494809421931184], [0.06383205252122368, 0.0859620726466798, 0.7085242919550436, 0.14168158277705287], [0.0821814941140005, 0.06716718918776642, 0.11780139933384286, 0.7328499172643902], [0.0748510769421411, 0.6369721601290237, 0.25334904822236615, 0.034827714606469086], [0.13045543455230382, 0.6631252777344063, 0.02802130398623072, 0.17839798362705914], [0.10882986092604494, 0.636595294487997, 0.0573902117241851, 0.19718463276177298], [0.07625849480985412, 0.6907991191768473, 0.166648402791799, 0.06629398312149953], [0.04949577580078947, 0.0743600808869457, 0.7627810920322967, 0.11336305117996814], [0.058558474549080156, 0.06440794803195571, 0.15197712974101385, 0.7250564475779503], [0.05250141161893955, 0.16436203577832695, 0.7481462620279266, 0.034990290474806916], [0.08875290982466838, 0.2868727423941859, 0.08881505511695809, 0.5355592925641876], [0.6401619147722805, 0.16709559784544753, 0.06857675028048703, 0.12416573700178496], [0.7034351595834253, 0.15703747493888887, 0.06649384993735316, 0.07303351544033265], [0.26136070584634263, 0.08358188748858218, 0.5985099694968903, 0.05654743706818485], [0.5140091180287383, 0.09516769646646589, 0.11122441290696838, 0.2795987724978275], [0.44575102286328827, 0.04485354760813321, 0.46726856696420394, 0.042126862464374595], [0.6123587537070811, 0.042704623095477755, 0.08554566630947463, 0.2593909567879664]], "ideal": "A", "sampled": "A", "correct": true}}
{"type": "result", "data": {"idx": 4, "options": ["paraphilias guarantee survival of the species", "evolutionary selection has favored the development of males who respond to novel sexual stimuli", "of left brain/right brain differences between the genders", "male brains are better developed than are female brains"], "probs": [[0.0021122847575877463, 0.9962197491324978, 0.0009979762784472859, 0.0006699897314672038], [0.0031675381010767816, 0.9950368808824777, 0.0011210662069975146, 0.0006745147094480629], [0.0014871637615781466, 0.00754351787701685, 0.9817262457250193, 0.009243072536385732], [0.0007110964480490869, 0.0018911949521569107, 0.0028808626705103804, 0.9945168458292836], [0.0017178763375446575, 0.007871050055129301, 0.9851670445086526, 0.005244028998673534], [0.0012186699965434811, 0.0025445417464132723, 0.0018893414954042709, 0.994347446661639], [0.9300035150722661, 0.05941914711094317, 0.004210186616933037, 0.006367151099857708], [0.9273566389090763, 0.06209728324013953, 0.006813996341504339, 0.0037320814092798517], [0.9500410326986508, 0.041720075278453034, 0.004200604906188387, 0.004038287016707755], [0.9371168446672687, 0.052837300105409636, 0.005935652541541742, 0.004110202585779895], [0.9124598807192169, 0.08095427343493676, 0.004195947531460096, 0.002389898214386192], [0.9125603000943542, 0.07969585424943845, 0.00409899911795386, 0.0036448464382535383], [0.0011270513435005683, 0.005900226729956551, 0.9855722517255503, 0.007400470100992588], [0.0004747926734733907, 0.0013127297533881456, 0.0016071369032995178, 0.996605340569839], [0.000621101135952392, 0.9985820899703224, 0.0004201879014580526, 0.0003766208922671878], [0.0007374590683307957, 0.998296405452831, 0.0005394360187862574, 0.0004266993600518882], [0.0008777330808507733, 0.0027280440701360456, 0.0022604377929234263, 0.9941337849560897], [0.0005373320445900495, 0.0027688963576231428, 0.9943981423181263, 0.0022956291796605638], [0.0021796283118520384, 0.007085618977238892, 0.9817788480505231, 0.008955904560386049], [0.000758437580242982, 0.0013651289478302429, 0.0011944731610204476, 0.9966819602109063], [0.001205894892383936, 0.9981279246922007, 0.0003885409979242158, 0.00027763931749119695], [0.001056096630138133, 0.9982168556008925, 0.00044716500713626485, 0.0002798826618330872], [0.0018953800907274016, 0.004660332936093548, 0.002573097973766708, 0.9908711888994124], [0.0015295038581399037, 0.005677772263281024, 0.9864585474434894, 0.0063341763350896795]], "ideal": "B", "sampled": "B", "correct": true}}
{"type": "result", "data": {"idx": 5, "options": ["felt glad", "felt fear", "experienced guilt", "experienced regret"], "probs": [[0.01200322732586975, 0.3791612446354972, 0.5606275289044446, 0.0482079990341884], [0.011459600929130166, 0.23008459439860354, 0.7202997092879967, 0.03815609528426957], [0.0027156589326885142, 0.989769544086672, 0.003860602954106735, 0.0036541939265328123], [0.0023389581675951404, 0.9888102459108031, 0.007205122712990138, 0.001645673108611641], [0.0024720753925687624, 0.9896401133667657, 0.002694982793441218, 0.0051928283472243], [0.001893237583981783, 0.9883477696052051, 0.007909588522333933, 0.0018494041884791347], [0.08168769429693264, 0.11881268819957612, 0.6843274097871914, 0.11517220761629979], [0.03457710108934513, 0.07203249585222932, 0.8381555295346107, 0.055234873423814806], [0.2978685607322999, 0.39458445191931824, 0.06054837990199107, 0.24699860734639076], [0.4017478734764676, 0.3544683640936088, 0.2151302956270027, 0.028653466702920842], [0.22126062170948935, 0.6205295908193216, 0.01530435864603891, 0.14290542872515022], [0.28608969543838264, 0.6055616882439537, 0.08593747227000707, 0.022411143947656604], [0.17395497791622191, 0.13544255772882274, 0.616945747944493, 0.07365671631046236], [0.1071796106487769, 0.10385563823198728, 0.767860337649372, 0.021104413369863816], [0.3614185364584541, 0.5176815264715764, 0.02205676718070705, 0.09884316978926247], [0.4896838187046348, 0.4745911772254964, 0.01869969115050892, 0.017025312819359876], [0.6501234076248659, 0.2930246249587673, 0.01118943450950793, 0.045662532806858884], [0.5749313723665102, 0.3125466049793255, 0.07086446003532203, 0.04165756251884233], [0.23076604304390186, 0.0961771011256362, 0.5041972398253737, 0.16885961590508822], [0.07527842652337076, 0.05336410750526411, 0.8484008627430891, 0.022956603128276], [0.5592580301680056, 0.24052953135259963, 0.018555203001547952, 0.18165723537784684], [0.6553490087999444, 0.2336427096009257, 0.08598456434807993, 0.025023717151049982], [0.5568558308673657, 0.4138114851444788, 0.004857103109142011, 0.024475580779013534], [0.5665120513534578, 0.3832875511223172, 0.02451186640601536, 0.025688531018209552]], "ideal": "C", "sampled": "D", "correct": false}}
{"type": "result", "data": {"idx": 6, "options": ["an increased risk of low birth weight babies", "poorer growth and lower intelligence", "smaller head circumference", "all of the above"], "probs": [[0.016928400401200274, 0.01747949003120645, 0.011109877086924881, 0.9544822323806684], [0.04264471816711268, 0.055623483563155, 0.898666630180095, 0.0030651679896374017], [0.04267715593637272, 0.03431342187107149, 0.009680332545604249, 0.9133290895469516], [0.2527711995776319, 0.14859497595830032, 0.5975760837104629, 0.0010577406536049544], [0.4168795889944336, 0.5790489241930502, 0.0035004347580771147, 0.0005710519544390038], [0.3652500183716752, 0.631433728517491, 0.002972356942208599, 0.0003438960686251883], [0.001274305782471176, 0.08941976315585234, 0.006178449654011462, 0.903127481307665], [0.00543379840516431, 0.31093437070098545, 0.6794977317161327, 0.004134099077717527], [0.0015441979981279234, 0.01912602194764652, 0.2944159165562435, 0.6849138633979821], [0.003890145069625322, 0.03663465128677045, 0.9309500411548414, 0.028525162388762838], [0.010703023964914118, 0.6519929468467258, 0.33311073448677225, 0.00419329460158787], [0.014304208169348933, 0.8722263302611174, 0.02847354778636674, 0.08499591368316689], [0.0011484165942993582, 0.8659164404684712, 0.0022148032322939363, 0.13072033960493556], [0.002128444078259403, 0.9884535353997089, 0.00910405971781203, 0.0003139607042196529], [0.0015428840642120862, 0.010803011404665039, 0.25356728210873347, 0.7340868223223894], [0.0035270430411755644, 0.021611098932553675, 0.9487985098075765, 0.026063348118694197], [0.003711711821857485, 0.034932277849183506, 0.9601125649139886, 0.0012434453149704693], [0.023193204595315837, 0.8986989911664504, 0.013023774153046279, 0.06508402998518757], [0.023619071167838453, 0.9737773155437704, 0.0017950819268154517, 0.0008085312615756587], [0.023268001316972195, 0.9744885632077608, 0.0017410206031877001, 0.0005024147720792948], [0.06351977349481422, 0.19572322829631647, 0.705663833485615, 0.03509316462325427], [0.06889189727741071, 0.13301007349196595, 0.044544584712814896, 0.7535534444178085], [0.008397388196851267, 0.02930976237953654, 0.9572393808545946, 0.005053468469017592], [0.07151405805623139, 0.12371234356431253, 0.02253353315317625, 0.7822400651262799]], "ideal": "D", "sampled": "D", "correct": true}}
{"type": "result", "data": {"idx": 7, "options": ["a secure lover", "an avoidant lover", "an anxious-ambivalent lover", "a passionate lover"], "probs": [[0.020813881428079453, 0.7571505568493624, 0.21689446798919132, 0.0051410936333667785], [0.020259381531380696, 0.3432585483207036, 0.005331547288370878, 0.6311505227595449], [0.012573930506815156, 0.968468194779882, 0.016921248383765013, 0.0020366262295378676], [0.020220681902246452, 0.9158576918938169, 0.0025932283509477756, 0.06132839775298881], [0.0030665817356624572, 0.011580010125779222, 0.9343120757186792, 0.051041332319879014], [0.00204435568036356, 0.006498753402344232, 0.9645488625944584, 0.026908028222833804], [0.023039775707198666, 0.05113061681251616, 0.9206084307861899, 0.005221176594095279], [0.014889899417909625, 0.027464137931936285, 0.004837656321076731, 0.9528083062290773], [0.2506375425765373, 0.7369349334968407, 0.01101564106817897, 0.0014118827584429774], [0.1689732988607568, 0.8065704682605497, 0.003620436138227112, 0.020835796640466385], [0.01166672676219101, 0.020848742741689047, 0.12159303064947731, 0.8458914997466427], [0.004832612102723484, 0.011507656012555297, 0.9730252466045755, 0.010634485180145746], [0.9460252142288155, 0.03784803014547828, 0.015533660891379022, 0.0005930946343272324], [0.9350418804082544, 0.05529567457123811, 0.002178404889870399, 0.00748404003063711], [0.9654884114304094, 0.028710359041152024, 0.0053109697696299306, 0.0004902596588086253], [0.9454216683681425, 0.05012079126812276, 0.0021852008812795376, 0.0022723393824552016], [0.8901820240810489, 0.052641850107399545, 0.013518353986086737, 0.043657771725464846], [0.6818631005828059, 0.05339963232246064, 0.2587917266907236, 0.005945540304009875], [0.0028713290705326324, 0.06536626741403563, 0.9023156227000647, 0.029446780715366983], [0.0021928534667243153, 0.03917998416606636, 0.9345031901787793, 0.024123972088430024], [0.0033167465130997755, 0.9575405140618745, 0.008879691554871018, 0.030263047770154688], [0.0027383174488267562, 0.9020196881073025, 0.08926155347648713, 0.005980440867383662], [0.001867582138615032, 0.9911988060302637, 0.0024552591915047582, 0.004478352539616486], [0.002258647078938392, 0.9857621711558434, 0.01012173039605509, 0.0018574512691630536]], "ideal": "C", "sampled": "C", "correct": true}}
{"type": "result", "data": {"idx": 8, "options": ["Bruce likely participated in more female-typical play than Chuck.", "Bruce likely participated in more male-typical play than Chuck.", "Bruce and Chuck likely participated in more male-typical play than female-typical play.", "Bruce's father was more likely to have homosexual tendencies than Chuck's father."], "probs": [[0.026464549660202844, 0.9634943544618915, 0.009442156122086575, 0.0005989396558191141], [0.03184986150996856, 0.9623234315750234, 0.0036060188405619997, 0.002220687974445984], [0.012494543874009821, 0.10635216842879211, 0.8763357673172498, 0.004817520279948258], [0.03796125376226881, 0.892250995733304, 0.010969709173159568, 0.058818041231267604], [0.008201071953507192, 0.01015016245484289, 0.9711994482574249, 0.010449317234225037], [0.016793876651504357, 0.048671943575826895, 0.7726175416133275, 0.1619166380593412], [0.14812271902732685, 0.20907882097783106, 0.6338284829323368, 0.008969976962505215], [0.5397389256258842, 0.35442336522512086, 0.04231355591074023, 0.06352415313825471], [0.16926372396352457, 0.26236919103558226, 0.5553100818369499, 0.013057003063943314], [0.4127532327885293, 0.5473707429909919, 0.0194737393654243, 0.020402284755054477], [0.3433527869383487, 0.28490945057159406, 0.2717598615666696, 0.09997790082338763], [0.3395417731524247, 0.2906629231479055, 0.2951712994033357, 0.07462400419633411], [0.02338833526112637, 0.02271205165464505, 0.9498657494777362, 0.004033863506492444], [0.12421602481571233, 0.27168462431298673, 0.01998276099504102, 0.5841165897762599], [0.11522129958776983, 0.06370361502163231, 0.813045272838056, 0.008029812452541835], [0.650020695227614, 0.29786820881078874, 0.02483872276512564, 0.027272373096471687], [0.0906072694079665, 0.02262589119450011, 0.06532066974648915, 0.8214461695510442], [0.16712998910517787, 0.06058932478871975, 0.7496532675772242, 0.022627418428878162], [0.0016671088525759474, 0.005603095200224654, 0.9868672304886097, 0.005862565358589728], [0.0090228493015487, 0.05362579223006088, 0.8652448653571448, 0.07210649301124561], [0.02158504032815775, 0.37982574747010805, 0.5356258420191538, 0.06296337008258042], [0.022126150702776265, 0.2961966869652123, 0.6369709751547763, 0.044706187077235136], [0.02203543848310803, 0.22455014202528498, 0.4826924186361969, 0.27072200075541014], [0.024228289076803362, 0.14396391041445838, 0.7905835310058877, 0.04122426940285054]], "ideal": "A", "sampled": "B", "correct": false}}
{"type": "result", "data": {"idx": 9, "options": ["inherently evil", "God's afterthought and has become an aberration", "a gift from God", "primarily a biological function"], "probs": [[0.0054838169118787234, 0.01064415754988158, 0.9740278842344796, 0.009844141203760075], [0.006515878861731648, 0.010756826427516708, 0.029667012788786414, 0.9530602818219652], [0.005119537810778481, 0.9911058901331535, 0.0026766021553944063, 0.0010979698006735536], [0.0033432516721148583, 0.9943331794949766, 0.0017474945140542977, 0.0005760742188542145], [0.008878779865435319, 0.019717464818340222, 0.006499477392560932, 0.9649042778236635], [0.0029449145569949197, 0.014703780777783266, 0.9693733062519512, 0.01297799831327068], [0.005473262664788978, 0.014409756083812914, 0.964540107541526, 0.015576873609872185], [0.018434823450289104, 0.0415913594498158, 0.12996656330703407, 0.810007253692861], [0.01589785341683385, 0.9536014269352139, 0.011631330560708177, 0.01886938898724413], [0.010043288008857704, 0.9776735059315833, 0.004090998933710336, 0.008192207025848644], [0.008231643138182957, 0.02661404169521012, 0.012360005432137472, 0.9527943096344694], [0.007885184492041003, 0.05178462439845217, 0.918743462005124, 0.021586729004382826], [0.8549722235461008, 0.12909396004200321, 0.005900881008223187, 0.010032935303672807], [0.876815508403307, 0.1132250590806532, 0.006645562207027103, 0.0033138702090126358], [0.8550207462746637, 0.1005391982188075, 0.01471619561203955, 0.02972385979448919], [0.8380983236870357, 0.12457328685505822, 0.01634549676243217, 0.020982892595473864], [0.932788265116583, 0.06056953673866791, 0.003555308841430957, 0.003086889203318133], [0.9311824186359805, 0.061425706554858524, 0.002942629310872527, 0.004449245398288441], [0.013606745437969931, 0.03268110155860415, 0.013613347584002008, 0.9400988053194239], [0.004060806208334045, 0.014839117296295393, 0.9629167837200825, 0.018183292675288017], [0.004603860139530217, 0.00784245069404687, 0.007833954237882983, 0.9797197348285399], [0.014417198955131627, 0.04303376516472648, 0.9063131507706322, 0.03623588500950967], [0.005886994221181826, 0.9900640896015753, 0.002890735354985826, 0.0011581807222569706], [0.005982532566933432, 0.9907086980533538, 0.002084485465478708, 0.0012242838142339882]], "ideal": "C", "sampled": "C", "correct": true}}
{"type": "result", "data": {"idx": 10, "options": ["birth", "about age 1", "between the ages of 3 and 6", "puberty"], "probs": [[0.014866642098629868, 0.08424921019094568, 0.727957042682501, 0.17292710492792343], [0.036290640383321, 0.20890272295647247, 0.41556931815140746, 0.33923731840879906], [0.021249400170212963, 0.07079788079134058, 0.7380466414284744, 0.16990607750997197], [0.035187014492420746, 0.6337002107970079, 0.10510278805345659, 0.2260099865571148], [0.039233347213566215, 0.4026667265290649, 0.1552700319217576, 0.40282989423561133], [0.041207713408657996, 0.44317385888592115, 0.20613780877091584, 0.309480618834505], [0.028890677439304204, 0.06311731180924765, 0.7936709103760142, 0.11432110027543388], [0.05737892049181011, 0.10891156384354529, 0.6675840317945483, 0.16612548377009634], [0.026577239438928906, 0.8941682406147116, 0.0238331647634411, 0.055421355082918435], [0.023646939829803208, 0.8874037372329872, 0.08127050199340113, 0.007678820843808505], [0.031061813405748123, 0.9222570112296524, 0.010913679436138113, 0.03576749582846134], [0.028778405120226516, 0.938298858057524, 0.027471426083566782, 0.005451310638682653], [0.04708515536488321, 0.08800455336852255, 0.6925166380260547, 0.17239365314053962], [0.14305406807422608, 0.28905969855278957, 0.2551756500942639, 0.3127105831787204], [0.10173136247233099, 0.6740331322680259, 0.01854507162577008, 0.20569043353387303], [0.08976503754318647, 0.8652641337205002, 0.03252873778339048, 0.012442090852922884], [0.09034145980569767, 0.8054348480547909, 0.015230690406405236, 0.08899300163310615], [0.07793845516030704, 0.7280929249933682, 0.17298415760550637, 0.020984462140818345], [0.304206137391398, 0.17336081224974106, 0.28158575713181594, 0.24084729312704495], [0.42374454030279335, 0.16595324130395922, 0.28691761400284893, 0.12338460429039846], [0.5528918811852935, 0.22692483967900565, 0.034831037787461584, 0.18535224124823924], [0.4804184382626733, 0.21995159735620368, 0.27818214579666467, 0.02144781848445836], [0.5099565877823149, 0.36164551228747455, 0.027908091790066446, 0.10048980804014412], [0.3823078864330395, 0.2753635258881768, 0.31710358892422685, 0.02522499865455681]], "ideal": "C", "sampled": "D", "correct": false}}
{"type": "result", "data": {"idx": 11, "options": ["intimacy", "commitment", "decision", "passion"], "probs": [[0.22709634660843225, 0.7683414644019042, 0.004032848159329248, 0.0005293407303342603], [0.3366459253501798, 0.6591428991086978, 0.0039203300158814625, 0.0002908454252409042], [0.5004187260748897, 0.13257478268824122, 0.360453131296388, 0.006553359840481111], [0.6826949551235448, 0.16472552268174315, 0.035626886802541925, 0.1169526352921701], [0.11826651347859474, 0.0328352317570112, 0.8470307386113216, 0.0018675160530724373], [0.7849382750045318, 0.17790412884484377, 0.024460913588211515, 0.012696682462412885], [0.4347889838894308, 0.5583246501174344, 0.005919475268357543, 0.0009668906247772931], [0.48863037172874124, 0.5041496624949199, 0.0066520118318523025, 0.0005679538444865281], [0.6898822680933477, 0.11987048207707823, 0.18281599605019608, 0.007431253679377974], [0.4733524410205176, 0.14434419839771942, 0.34635136173091646, 0.035951998750846516], [0.0834123913071137, 0.9109381747170283, 0.005250713157356697, 0.00039872071850132525], [0.10031758784983508, 0.8942677192450705, 0.004375145213849136, 0.0010395475912452169], [0.028245209387137562, 0.9353575905904093, 0.03302267264199973, 0.003374527280453397], [0.04824122372700605, 0.8963191336415691, 0.01350611704959257, 0.04193352548183229], [0.034357755940855626, 0.9434125899920537, 0.01674832382434913, 0.005481330142741547], [0.03682495865895728, 0.9207429820552476, 0.031018130406545046, 0.011413928779250033], [0.030307253311848213, 0.8722329528755755, 0.06518119864323992, 0.032278595069336405], [0.02767468652173324, 0.555886037389484, 0.40041453164332474, 0.016024744345458017], [0.06435835383314024, 0.7963261631324126, 0.1383899753020172, 0.0009255076324299704], [0.12467017105813641, 0.8654948686862507, 0.007786929658612854, 0.002048030496999991], [0.022877473832290607, 0.9728710645925519, 0.00391461908827892, 0.00033684238687855877], [0.03606088734732434, 0.9597559707769392, 0.003571836550468871, 0.0006113052252676306], [0.06885371587364064, 0.07561292752059783, 0.8259126224035143, 0.029620734102247213], [0.07083565252884831, 0.06653432088840397, 0.8365642447065753, 0.026065781776172442]], "ideal": "B", "sampled": "B", "correct": true}}
{"type": "result", "data": {"idx": 12, "options": ["Orthodox Jews", "Fundamentalist Protestants", "Eastern Orthodox Christians", "all of the above"], "probs": [[0.002276707830775913, 0.6313823848200321, 0.006537868424508416, 0.35980303882468356], [0.005407356291437576, 0.7777319024605013, 0.20935405865251228, 0.007506682495548851], [0.0028470267162669493, 0.036072957190508306, 0.38781096380703245, 0.5732690521861923], [0.014812563675717283, 0.06586938739987357, 0.8817887425064775, 0.037529306317931554], [0.012189449820250461, 0.8680034402377019, 0.09738916219880651, 0.022417947643241128], [0.02207402346503926, 0.8958471499963483, 0.01719772459019968, 0.06488110184841274], [0.06516138876227455, 0.09938551368894381, 0.015973997381065624, 0.819479100067716], [0.15497401485045062, 0.136752546966159, 0.694838410410041, 0.013435027673349411], [0.05463164899560488, 0.05638221152783089, 0.020421557507990896, 0.8685645818685733], [0.1550734488556866, 0.08974296590371146, 0.7401860944743613, 0.014997490666240608], [0.3600772978513385, 0.6319554032564986, 0.004464644645120171, 0.0035026541470426953], [0.3463386813094186, 0.6470493524484822, 0.003397227186294135, 0.003214738955805107], [0.002813068765442099, 0.02819626998960772, 0.49202517004005203, 0.47696549110489816], [0.01634208155406971, 0.06827191440787442, 0.871993921997212, 0.04339208194084382], [0.002734046618029596, 0.5634629635324352, 0.00842312430385191, 0.42537986544568324], [0.005837598041317925, 0.7409553131164467, 0.24437647225398382, 0.008830616488251553], [0.027056078397635273, 0.9102952753296469, 0.012885963086923382, 0.04976268308579439], [0.015478729369760575, 0.8926613388143299, 0.07214179681357594, 0.019718134902333585], [0.062140740195077, 0.4590999740145197, 0.39898210009195434, 0.07977718559844897], [0.12718313033273473, 0.3797332820909941, 0.020449518244974464, 0.4726340692312967], [0.01413340940470621, 0.9754112826211401, 0.003986784202757805, 0.006468523671395941], [0.012704450940947042, 0.9781333563010296, 0.0025217367925222268, 0.006640455865501076], [0.1082018978174466, 0.3439164731760886, 0.023410469116831725, 0.5244711597896331], [0.062028824093386496, 0.48785655704634756, 0.35701523690515774, 0.09309938185510815]], "ideal": "D", "sampled": "D", "correct": true}}
{"type": "result", "data": {"idx": 13, "options": ["legalism", "asceticism", "situationism", "hedonism"], "probs": [[0.03087253525306649, 0.960301588811401, 0.006187901517464729, 0.0026379743180676824], [0.02689912090108205, 0.9630452178660925, 0.004233360923326841, 0.005822300209498586], [0.021079436649192432, 0.031127882299256913, 0.9253526043271039, 0.022440076624446803], [0.0010707898850751674, 0.0008826167976328081, 0.0008092008131036487, 0.9972373924041884], [0.004716495567684312, 0.011129641092192229, 0.9721157057908834, 0.012038157449240073], [0.0010130564101297178, 0.0006658117284346333, 0.0018076113817649272, 0.9965135203796707], [0.9622244836178031, 0.03241015971137446, 0.003477387130722371, 0.0018879694401000376], [0.9645692107757345, 0.030047118662521546, 0.0024530632296650666, 0.002930607232078861], [0.9704212653146664, 0.02626699585721074, 0.0018056124825200027, 0.001506126245602837], [0.9690230606257726, 0.027486479243085442, 0.0018896595804010344, 0.0016008004507409607], [0.960785955468783, 0.032869432797620175, 0.002878308960515263, 0.003466302673081581], [0.9687261472719596, 0.027052552868905178, 0.002350271564867431, 0.0018710281942677692], [0.012221964325356197, 0.016696393830262033, 0.9565662936696298, 0.014515348074751985], [0.0008740672722061792, 0.0007852535611042249, 0.0007427268711326026, 0.997597952195557], [0.010624632154212629, 0.9868162464259029, 0.0015703101030450238, 0.0009888112168393913], [0.009983224627075642, 0.9871647192616338, 0.0016211931089377951, 0.001230862902352738], [0.000795804239347308, 0.000641010281452633, 0.0010636200683972503, 0.9974995653108027], [0.0027646457653729473, 0.00613025811250498, 0.9846792706045946, 0.00642582541752744], [0.003328793430710496, 0.011165089061883226, 0.9750137188650644, 0.010492398542341875], [0.000981405402990185, 0.0009906771840238165, 0.0021118217056383757, 0.9959160956073476], [0.0024500045562712612, 0.9960788312855909, 0.0010386751239032242, 0.00043248893423450906], [0.0026076248647966074, 0.9961008887158541, 0.0009988674887216266, 0.00029261883062769073], [0.0007535316056389845, 0.0007203801880130986, 0.001282711670468538, 0.9972433764358793], [0.002676347418646608, 0.006366675140460538, 0.983275348692485, 0.007681628648407847]], "ideal": "B", "sampled": "B", "correct": true}}
{"type": "result", "data": {"idx": 14, "options": ["are homologous", "produce gametes", "produce sex hormones", "all of the above"], "probs": [[0.0054595999005887345, 0.2981805589664639, 0.0028551797337232347, 0.6935046612992241], [0.003524175467694304, 0.9035588728290639, 0.09230434515929477, 0.0006126064439470193], [0.0014594297222131406, 0.008600038131796174, 0.6620213245085727, 0.32791920753741804], [0.00857912338435495, 0.14739663354544075, 0.7968981777321621, 0.04712606523804216], [0.0068050235581956445, 0.01021434866126514, 0.9788524532427071, 0.0041281744378321135], [0.013553934054046991, 0.03202858319337345, 0.19002409298680406, 0.7643933896657755], [0.03588873338122319, 0.040053552276223675, 0.011838737571180674, 0.9122189766713724], [0.24996818937146906, 0.07744553043939596, 0.6692341059744694, 0.003352174114665564], [0.05244182186456408, 0.10933061973146914, 0.02988877597607341, 0.8083387823278934], [0.028141661433826452, 0.0378707037219528, 0.9321879994547312, 0.0017996352894895365], [0.7048409684688492, 0.28936875291416253, 0.00538424782911018, 0.0004060306878780387], [0.7243764801637829, 0.27075576053768263, 0.004587706986318768, 0.0002800522122156591], [0.0008551666517134697, 0.0018394648879278034, 0.9527325063471576, 0.04457286201320114], [0.13659210654389004, 0.08415823523035497, 0.7621440375818813, 0.017105620543873632], [0.03153405763602545, 0.6536609043327253, 0.0153723976342497, 0.29943264029699956], [0.01889940845587844, 0.28208022147547196, 0.6982872340130208, 0.0007331359556287211], [0.3621744866339013, 0.4438100457173055, 0.049798313909372637, 0.14421715363942061], [0.36447908484208486, 0.38798372883588395, 0.2466742329341766, 0.0008629532878545683], [0.004883561707589381, 0.163024334716868, 0.8273570467391514, 0.0047350567363911], [0.009795622323618712, 0.4505928321971916, 0.07465756954963218, 0.4649539758295575], [0.002720832670078277, 0.9924187349410798, 0.004590749872547441, 0.0002696824162944876], [0.0027037631835480826, 0.9937269812590201, 0.0033908121542942276, 0.00017844330313753116], [0.00909937155327483, 0.32350012357977725, 0.15033600978903722, 0.5170644949779107], [0.003875375414441099, 0.11684892005167188, 0.8770671768025934, 0.0022085276312935925]], "ideal": "D", "sampled": "B", "correct": false}}
{"type": "result", "data": {"idx": 15, "options": ["the cortical activity of these two groups", "the overall brain weights of these two groups", "the cell structure in the hypothalamus of these two groups", "blood volume and metabolism of sugars in the brains of these two groups"], "probs": [[0.05734479974218184, 0.028837014855755586, 0.8983712481929007, 0.015446937109161844], [0.3870931267351249, 0.08374887704011755, 0.1641553938224669, 0.36500260230229065], [0.1641779137583013, 0.7959272472192541, 0.019941987987826027, 0.01995285093461853], [0.14997250566488796, 0.7985345511120322, 0.020966707810775864, 0.030526235312304], [0.33414335798113576, 0.13509751069448386, 0.11936296398892018, 0.4113961672354602], [0.25877898165944974, 0.11305994017922764, 0.5930766374798208, 0.035084440581501806], [0.009812503650035923, 0.2779713456886018, 0.6992035816982072, 0.013012568863155093], [0.017520490442139103, 0.599130793165295, 0.04142771961811358, 0.3419209966744522], [0.0024298129799606907, 0.9883523011612411, 0.007546617181254374, 0.0016712685775438494], [0.0026668429396741766, 0.9653403688791767, 0.006659146870028331, 0.025333641211120757], [0.008137903122381192, 0.052676934400205794, 0.8919268787472899, 0.04725828363012308], [0.0072777496678713225, 0.040621084284995404, 0.8829514613634298, 0.06914970458370338], [0.8732655114903819, 0.09205821343355947, 0.019618893715241316, 0.015057381260817352], [0.8439671285006572, 0.11423422182598546, 0.019259393461594942, 0.022539256111762315], [0.7260553957810975, 0.040958733049090285, 0.22159649800969589, 0.011389373060116349], [0.712451949228317, 0.04774733329941938, 0.03497845830182456, 0.20482225907043905], [0.5063801866589137, 0.07294198672925149, 0.40716515867830383, 0.013512667833531016], [0.6649969269042573, 0.10859932085232232, 0.04677235369492014, 0.17963139844850023], [0.009014075965256649, 0.9203147642631897, 0.015354258593056306, 0.05531690107849737], [0.008829934279032826, 0.9296565991596405, 0.054126048830775375, 0.0073874176305513475], [0.00813161353016736, 0.03398292723410505, 0.8912976939428999, 0.06658776519282764], [0.006297562352837694, 0.021652637329708773, 0.9073726652244003, 0.06467713499305326], [0.00957324270153491, 0.9321022987534251, 0.05097666299041992, 0.007347795454620079], [0.009427859139640463, 0.9112896025246148, 0.017227641674860135, 0.06205489656088457]], "ideal": "C", "sampled": "C", "correct": true}}
{"type": "result", "data": {"idx": 16, "options": ["sociobiology", "psychoanalytic theory", "script theory", "social learning theory"], "probs": [[0.00029933807243057024, 0.00047603458413817605, 0.0025459315727856527, 0.9966786956706456], [0.0004573060929191952, 0.0006106493221536985, 0.9979254456224639, 0.0010065988624632298], [0.0008783717631707994, 0.0028872573721815207, 0.0010522151123418763, 0.9951821556523058], [0.0014521700774635814, 0.006661533436753778, 0.9898046438171887, 0.0020816525685939313], [0.0015706030078368445, 0.9980052192919197, 0.00030477968054184925, 0.00011939791970167793], [0.0018787978172850157, 0.9977192462179646, 0.00030221495969803743, 9.97409050523104e-05], [0.0004997607709839677, 0.0032173670984218454, 0.002172087701067702, 0.9941107843295265], [0.0006847807574730025, 0.001762666598102453, 0.9957616187931844, 0.0017909337512402115], [0.0003708534030033844, 0.0010270755657480592, 0.005894408980728889, 0.9927076619505196], [0.0004598819834276463, 0.0014967736655221158, 0.9959805936823701, 0.0020627505686801233], [0.0010792103594617804, 0.9983339739148951, 0.0004004662504860537, 0.0001863493751570439], [0.0012226677427676059, 0.9981663168272711, 0.0003880276903931877, 0.00022298763956814306], [0.001457589969003205, 0.0019852633165614794, 0.00129881563279405, 0.9952583309816413], [0.0030516378200803034, 0.0030044230228834837, 0.9917088036521348, 0.0022351354049014198], [0.0006786045362045663, 0.0005475174477801779, 0.00331716872638034, 0.9954567091896349], [0.0007704405152912894, 0.0006694227551865813, 0.9972387595864673, 0.001321377043054771], [0.0015945370031870553, 0.9979648999490142, 0.00030938609957518976, 0.00013117684822361235], [0.0015222916131905856, 0.9979955849564985, 0.0003000107915513272, 0.00018211253875957244], [0.9971949714010899, 0.00228875681401223, 0.00047621292300316907, 4.005876189472295e-05], [0.9971452614667503, 0.0023621023315469037, 0.0004439127630498547, 4.87233386529648e-05], [0.9983016387562033, 0.0012265359416450555, 0.000437528689676528, 3.4296512475185e-05], [0.9984819482361093, 0.0011171956557203247, 0.0003571537236025786, 4.3702284567872646e-05], [0.997798063471624, 0.0017294640174208224, 0.00042057386081125587, 5.189855014388768e-05], [0.9979943992499384, 0.0015746987759075628, 0.0003711851447389631, 5.9716729415109485e-05]], "ideal": "D", "sampled": "D", "correct": true}}
