{"type": "result", "data": {"idx": 0, "options": ["includes two or more alternatives", "classifies subjects", "affirms the antecedent or denies the consequent", "leads to a valid conclusion"], "probs": [[0.28560977320170045, 0.23689899630266734, 0.17327932495293755, 0.30421190544269466], [0.5146523445138785, 0.19538115434132186, 0.22138233816141106, 0.06858416288338853], [0.052445940129893134, 0.887627655474838, 0.002306896168996835, 0.057619508126271944], [0.031761081569078364, 0.9578850207040044, 0.009689380680186089, 0.0006645169467311869], [0.23705379679085398, 0.7304977182945578, 0.003228769872407327, 0.029219714942180872], [0.46554044501125175, 0.5114023097928184, 0.02110928427056793, 0.0019479608253619332], [0.018747082593684745, 0.9327690310589531, 0.002789000839006913, 0.04569488540835517], [0.012847894506244592, 0.9744963641784973, 0.00561480478843352, 0.007040936426824571], [0.022765020059538895, 0.96856855024133, 0.001502882692654349, 0.007163546906476702], [0.01703721558229765, 0.9751290581444227, 0.006467622569785254, 0.0013661036034943665], [0.025222135064045727, 0.6111948189479336, 0.3375584944307773, 0.02602455145724333], [0.03534517499409911, 0.8171845818299451, 0.1376560354611687, 0.009814207614787065], [0.9185647350402925, 0.05433594797318226, 0.0033670347117859853, 0.023732282174739244], [0.959535520902281, 0.03233420042296843, 0.007213289246620183, 0.0009169893281303284], [0.8791405002598702, 0.07805970346733641, 0.005926533629183016, 0.03687326254361037], [0.8534119839565275, 0.0734156105206093, 0.0678963995398744, 0.005276005882988812], [0.9429737875695446, 0.054910354280495, 0.0013016122665936963, 0.000814245783366632], [0.8976538648310575, 0.0976599823028947, 0.0017611842809694875, 0.002924968485078345], [0.03506869539062046, 0.9484027452992535, 0.0032136863757554813, 0.013314872834370573], [0.0405783265969955, 0.953255110173934, 0.004699657000333468, 0.00146690612873693], [0.044889534366311455, 0.093597878917522, 0.7961828527047767, 0.06532973391138983], [0.06777946763928296, 0.13067811945283292, 0.7762161026602092, 0.025326310147674932], [0.012223252495338385, 0.986794980874813, 0.0006584744766731953, 0.0003232920531754677], [0.010300464452666804, 0.9877104600273595, 0.00093659471674334, 0.0010524807032303738]], "ideal": "A", "sampled": "C", "correct": false}}
{"type": "result", "data": {"idx": 1, "options": ["Changing the meaning of a word or phrase from one part of the argument to another.", "Confusing figurative language with literal language.", "Reasoning that ideas presented in an appealing manner are correct, regardless of the content of the message.", "Using emotionally charged language to create an impression about the subject of a claim, without making an argument that the language fits the subject."], "probs": [[0.00041848048528028936, 0.0014044866741892742, 0.9954498593278256, 0.002727173412704817], [0.0004725709039142206, 0.0020700264457557387, 0.9393119556384989, 0.05814544691183113], [0.0006646125722295877, 0.9972972593978238, 0.0006752013616297722, 0.001362926568316906], [0.00035874121040983657, 0.9971481668040694, 0.002374825325984436, 0.00011826655953634374], [0.0012578220851507064, 0.9053539760402013, 0.0009578534021754019, 0.09243034837247258], [0.000510054440255692, 0.9978460115477086, 0.0014757517271885017, 0.0001681821848471599], [0.0006797292487790638, 0.001269964912992349, 0.9963422311813435, 0.001708074556885095], [0.0010771150310953503, 0.002355090490064926, 0.8857832826495055, 0.11078451172933428], [0.0006917300450998536, 0.998611721787211, 0.0004574482615565676, 0.00023909980613255277], [0.0005918441141232807, 0.9984316679514285, 0.0008412691910610865, 0.0001352186433871832], [0.0007888224595333502, 0.9965622178130747, 0.0005382481479818281, 0.0021107114794100728], [0.0010059625330881557, 0.9975082136921412, 0.0013123320144007653, 0.00017349166036997602], [0.9309566650761906, 0.0339115449525462, 0.009880287608560419, 0.025251502262702816], [0.6037505534149965, 0.02913042743267448, 0.36659724491000995, 0.0005217741423190982], [0.9497151120802149, 0.028686979080522215, 0.005230361127596094, 0.01636754761166682], [0.25026953841358207, 0.023281079363328485, 0.7254647196533951, 0.000984662469694385], [0.8388795705969776, 0.16021049094298773, 0.0008219479204703113, 8.799043956435981e-05], [0.8323630090122655, 0.16660974910977644, 0.0009243655362861904, 0.00010287624167188465], [0.009066533434662011, 0.002792144702208755, 0.0014258708322379115, 0.9867154509308913], [0.08218032211030102, 0.018623818088788397, 0.8983578561225865, 0.0008380035783241865], [0.008146725891507299, 0.0022314077589695304, 0.0009301426809747638, 0.9886917235685484], [0.061885018283238294, 0.012186556734203541, 0.9249510147553144, 0.0009774101272437988], [0.7733466103680909, 0.22520563223391898, 0.0013087468813545713, 0.00013901041663546778], [0.7505298028079584, 0.24767980714594187, 0.0016185050569684123, 0.00017188488913122518]], "ideal": "C", "sampled": "C", "correct": true}}
{"type": "result", "data": {"idx": 2, "options": ["significance", "snob appeal", "poisoning the well", "appeal to anonymous authority"], "probs": [[0.0005783994460464881, 0.0015833125357991704, 0.9969444500721579, 0.0008938378459963985], [0.001270172126152165, 0.0008178909802765635, 0.0006855390595628179, 0.9972263977340085], [0.00302089355126666, 0.9961504345843776, 0.0005294421574321465, 0.00029922960692359296], [0.0032416306554519116, 0.9963361610210807, 0.0003725434804164269, 4.966474305091982e-05], [0.0008535658237170325, 0.0006955756090390451, 0.0002584670356453652, 0.9981923914315985], [0.0012628781917989604, 0.002128026228152846, 0.9962593376925023, 0.00034975778754589196], [0.00039133287117031686, 0.0015466230794902132, 0.9968591688395402, 0.0012028751097993237], [0.0009080054419761487, 0.0009707222745977385, 0.0005554251153680642, 0.9975658470680581], [0.0010287398851641027, 0.9974100957416157, 0.001249896292082083, 0.00031126798113810446], [0.0007021515942143557, 0.9985682215884538, 0.0003820740263693868, 0.0003475526909623713], [0.0002446463843530183, 0.0003576709477270784, 0.0014188445872569478, 0.997978837980663], [0.00028193009805574604, 0.0012236308954712697, 0.9975858316360874, 0.0009086072703855865], [0.9933899990739535, 0.005559100965156934, 0.0007451572135706478, 0.0003057426473188478], [0.9930998615005819, 0.005642218349638109, 0.0011353346657220135, 0.0001225853840579321], [0.9835290483615411, 0.007280294934333884, 0.008498330233160946, 0.0006923263709641033], [0.9939438217887118, 0.004261870871578153, 0.0014367943699927822, 0.00035751286971728093], [0.9936240919021029, 0.0038785492099440485, 0.002366852017052288, 0.00013050677090072806], [0.995493185182291, 0.0037095577314793147, 0.0005817296748674433, 0.00021552731136222146], [0.0004394538414986142, 0.0004632374044658281, 0.00021775552913513244, 0.9988795531249004], [0.00048371789197834393, 0.0012834427735650567, 0.9977966670165773, 0.0004361722178792543], [0.0001669507649748502, 0.00019173254825463805, 0.000760050046773103, 0.9988812665399974], [0.0001849854915733271, 0.0006868763651996298, 0.9977639055259033, 0.0013642325173236856], [0.001439790238217341, 0.997433004544589, 0.001052580305827578, 7.462481136596703e-05], [0.0007834077343509601, 0.9986867600889958, 0.00027739848239993254, 0.00025243359425332573]], "ideal": "C", "sampled": "C", "correct": true}}
{"type": "result", "data": {"idx": 3, "options": ["a specific type of false cause fallacy that argues that since two event happened at the same time one event must have caused the other", "arguing that an event that preceded another event necessarily is the cause of the second event", "arguing that since something is new it is necessarily good", "drawing a conclusion based on a comparison when the items being compared are not similar enough to support the conclusion."], "probs": [[0.0005627423840064822, 0.00353261532273113, 0.000700777130496238, 0.9952038650627661], [0.002760290493506737, 0.020235377266070973, 0.9757004480059822, 0.0013038841344400413], [0.0008984261703194172, 0.00355615655128088, 0.2959257485442627, 0.699619668634137], [0.000949581921078925, 0.0027691343344821017, 0.9943330386393937, 0.0019482450050452447], [0.0008890155906535405, 0.9986034933529415, 0.00041665700200716567, 9.08339543977181e-05], [0.0009761234448498942, 0.998501723400488, 0.0004468549765402463, 7.529807812180637e-05], [0.0011665836042578696, 0.09642097961085563, 0.0015225760653775461, 0.9008898606195089], [0.0065426760120192926, 0.0273264660293823, 0.964151007661229, 0.0019798501973694762], [0.0027812813915707867, 0.0037164016368931145, 0.3532936758005591, 0.640208641070977], [0.000513952573624128, 0.0009231573184385592, 0.9972818473108986, 0.0012810426970387189], [0.0005970873533318335, 0.9989123353748922, 0.00038844151448159286, 0.00010213565729437721], [0.00035944114733235606, 0.9992565335492526, 0.00032205486215559925, 6.197034125939644e-05], [0.0007996477604995854, 0.004939525358935435, 0.7561860635808131, 0.23807476319975188], [0.0016005126783969383, 0.0024988800689109843, 0.9931129972904023, 0.0027876098622897677], [0.000914503354674617, 0.01622698932031225, 0.009833004021197118, 0.973025503203816], [0.0005635923983445917, 0.002709369783149207, 0.9956663514468996, 0.001060686271606549], [0.0003455921621515393, 0.9992174140336154, 0.0003454240293191174, 9.156967491386635e-05], [0.000267064091930352, 0.9993539314802624, 0.0003048433058109326, 7.416102199630374e-05], [0.9920049011798825, 0.0066869964677446925, 0.0012177925889646872, 9.030966340815094e-05], [0.9924645399514618, 0.006484928601153328, 0.0008777457439183007, 0.0001727856034665481], [0.9943884881653182, 0.004828690972022511, 0.0007010487635608339, 8.177199909844913e-05], [0.9953928184413876, 0.004007093685123959, 0.00038448451241173976, 0.00021560326107663422], [0.9925373242579445, 0.006385540537078419, 0.0007335128504282118, 0.0003436222545488988], [0.9942221834647809, 0.00482800321570912, 0.00044908599955842773, 0.0005007272199515525]], "ideal": "D", "sampled": "D", "correct": true}}
{"type": "result", "data": {"idx": 4, "options": ["arguing that something should be done because that's the way it's been done in the past.", "arguing that an act should be carried out because it will not have any significant consequences, when there is no evidence of the effects", "reasoning that a conclusion is true because it's been claimed so often", "reasoning that a claim is true because so many people believe it is true"], "probs": [[0.0013223422445537382, 0.005875746455078244, 0.9893470745309657, 0.0034548366694023293], [0.03754575536193842, 0.6554539178570784, 0.020438421439427656, 0.28656190524155556], [0.00028017287062499904, 0.9992772297465229, 0.00032492277729140307, 0.0001176745055606569], [0.0003740354108109982, 0.9991638548348072, 0.00033782529847783667, 0.00012428435590398551], [0.08102197742544366, 0.6082668711709813, 0.11615424635879115, 0.19455690494478378], [0.01124531922067554, 0.0804877774164287, 0.8938294927948202, 0.014437410468075607], [0.0034330970672310827, 0.007377997320147107, 0.982627486217347, 0.006561419295274794], [0.12138677499192468, 0.6666516313291411, 0.04331367236541917, 0.16864792121351507], [0.0009163631294716324, 0.9971906979433625, 0.0015109101739147763, 0.00038202865325108194], [0.0005271785248838274, 0.9988824828954239, 0.0003949200659120615, 0.00019541841378018974], [0.13448562615574305, 0.21831959997975947, 0.39561651364707234, 0.2515782601174251], [0.018348109744257168, 0.05225066156158902, 0.9129551104017022, 0.016446118192451585], [0.9853215067486534, 0.012021642926482006, 0.0013184118815085324, 0.0013384383433560497], [0.9837536338770637, 0.012773795213060305, 0.0029886309431111538, 0.00048393986676479564], [0.9867652139022899, 0.009824949734609453, 0.0022634096657913427, 0.0011464265973093117], [0.9905179776637237, 0.006075178761768615, 0.0032535174519519885, 0.00015332602255566926], [0.987985013232485, 0.008028386594029376, 0.0024895747976153714, 0.0014970252758702983], [0.9954965390287891, 0.003703882089015124, 0.0004979026408920252, 0.0003016761413037359], [0.32773038619560063, 0.162255003427675, 0.03978966533818185, 0.4702249449385425], [0.006402748006616663, 0.0073576204449640765, 0.980939422658494, 0.0053002087899252336], [0.22720181244742138, 0.14902976162658288, 0.05154786404374466, 0.5722205617822511], [0.0031464142895297705, 0.004983747183711668, 0.9894592972321733, 0.002410541194585222], [0.026951776961123875, 0.9653909782764817, 0.005973090968046849, 0.0016841536943476242], [0.02671920821774723, 0.9718637848236659, 0.0010698499155014634, 0.0003471569430854533]], "ideal": "C", "sampled": "C", "correct": true}}
{"type": "result", "data": {"idx": 5, "options": ["false criteria", "hasty generalization", "ad crumenam", "division"], "probs": [[0.003593756188096953, 0.9957832240952611, 0.0004756792115602296, 0.0001473404050817105], [0.0025516145040754435, 0.9967836002428343, 0.0005923308116578036, 7.245434143244838e-05], [0.006628865628123625, 0.019439366950890564, 0.9694500849115458, 0.004481682409439925], [0.008569883165825205, 0.05720059562423913, 0.1415908631883702, 0.7926386579215655], [0.00897062741828721, 0.19441322672562691, 0.794836806508181, 0.0017793392479048835], [0.00624259169052068, 0.10979921621006211, 0.0037606472801702388, 0.8801975447192469], [0.9006531742744476, 0.09626983753008493, 0.0027596724403821716, 0.0003173156550852925], [0.8870012366910308, 0.10575258228565287, 0.006989117405912816, 0.0002570635174034353], [0.8176163121012396, 0.16320446997014082, 0.01750929213878728, 0.0016699256898323066], [0.7880728386825728, 0.1838399363943788, 0.02532776485503742, 0.0027594599680109437], [0.7729183551190648, 0.2211345169282247, 0.005633768244266233, 0.00031335960844425665], [0.803841702892721, 0.19364848613765634, 0.0020574143309258245, 0.00045239653869679457], [0.0028755233838154487, 0.02384437786124575, 0.969731620443853, 0.003548478211085835], [0.0045525609187237965, 0.04897398065563879, 0.019173564544753954, 0.9272998937808835], [0.0020022009829658164, 0.9969212709617433, 0.0008156636950645805, 0.0002608642602262325], [0.0013037366702663578, 0.9973650026286704, 0.0010722757543507073, 0.00025898484671242416], [0.003608132130334453, 0.09237782805913605, 0.02524223236598242, 0.8787718073445471], [0.0038842205496935575, 0.15017207175163225, 0.8385747787436287, 0.007368928855045419], [0.003539203141298407, 0.029557510552450473, 0.9658501504039275, 0.0010531358023236374], [0.0032751179187925435, 0.016778149800167712, 0.0018685311382083624, 0.9780782010428314], [0.007573306931179406, 0.9913405638170927, 0.0009861346768326783, 9.999447489522447e-05], [0.0048293448063229045, 0.9945260288375825, 0.0004975340562964147, 0.00014709219979818048], [0.003685261208318014, 0.017320963024314726, 0.0308596294076901, 0.9481341462596772], [0.0017848616577012361, 0.004583375663908286, 0.9917638183382854, 0.0018679442401050947]], "ideal": "D", "sampled": "B", "correct": false}}
{"type": "result", "data": {"idx": 6, "options": ["responding to an argument with an expression of derision instead of a counter argument", "attempts to gain agreement based solely the feelings aroused by the message", "characterizing an opponent's position in such way to make it or its consequences appear to be ridiculous", "arguing actions should be taken to avoid negative results, when those results are exaggerated, unlikely, or irrelevant"], "probs": [[0.00011765874463036544, 0.00035374584829483074, 0.9989223908759575, 0.0006062044311173234], [0.00019661485253762902, 0.000465496761292491, 0.0005738517835691135, 0.9987640365026007], [0.00020457718925459708, 0.9996069471445322, 0.00014970140215561187, 3.877416405754126e-05], [0.0002860146392752726, 0.9994788347756636, 0.00019515974037793572, 3.999074468321926e-05], [0.0004157384758845004, 0.0011325566072119338, 0.0006913311207275414, 0.997760373696176], [0.0002301609623111446, 0.0008954466843248661, 0.9985836082017885, 0.0002907840515754609], [0.0001006459821326085, 0.0005969482054397004, 0.9987418510358962, 0.0005605546765314992], [0.00013612964828623898, 0.001422047958871753, 0.0004718035811977596, 0.9979700187116443], [9.371642044667225e-05, 0.9994935794865206, 0.0002753448444383907, 0.00013735914859425578], [9.084635268822249e-05, 0.9994525825852056, 0.0002567049072900061, 0.00019986605481613716], [0.00025136922962536455, 0.0019336815376506077, 0.04941278675288824, 0.9484021623798358], [0.0001521667907899563, 0.0008029769125975357, 0.9983947505912449, 0.000650105605367565], [0.9995509810720559, 0.000335937371090397, 8.420414947456957e-05, 2.8877307379196035e-05], [0.9993942208200415, 0.00044157966168582803, 0.00014434772923610495, 1.9851689036547952e-05], [0.9990256629321606, 0.0004445627071755345, 0.00048030130947528577, 4.9472951188605504e-05], [0.9960970514929959, 0.0014753992780643453, 0.000314165117796029, 0.0021133840111437195], [0.995036033850012, 0.00145118475145891, 0.0034796843104844205, 3.309698804455826e-05], [0.998085772351525, 0.0015021022670684517, 0.00013864508807107657, 0.00027348019333545874], [0.001376642216079405, 0.005897367635649949, 0.0009179077726356603, 0.991808082275635], [0.0002046095829993369, 0.0014754256152414002, 0.9980247842927736, 0.0002951804089856639], [0.00048311557295467546, 0.0017151199992309048, 0.02153194226189605, 0.9762698220659184], [0.00010221891288506156, 0.000534991400171947, 0.9987566167928522, 0.0006061727940907557], [0.00024901040044546843, 0.9995021493492255, 0.00021295525437956694, 3.588489594940267e-05], [0.0002113931346295161, 0.9995730838264174, 0.0001608078847301887, 5.4715054222831215e-05]], "ideal": "A", "sampled": "C", "correct": false}}
{"type": "result", "data": {"idx": 7, "options": ["Appeal to ignorance", "Double negative", "Equivocation", "Burden of proof"], "probs": [[0.9688038365441687, 0.027915640193248763, 0.0031328259939771225, 0.00014769716860545874], [0.9572682473490431, 0.04013368403635405, 0.0023009268825754125, 0.00029714163202739175], [0.9776480104811281, 0.021942449524670907, 0.00034391591579989575, 6.562397840109057e-05], [0.9681192596498018, 0.031120827292989563, 0.0007096931774654952, 5.021977974311468e-05], [0.948166376147227, 0.05025622651684217, 0.0011286324657090046, 0.0004487647702217855], [0.9627737389361588, 0.035621868738998905, 0.001529420236456797, 7.497198838545071e-05], [0.00024143240003695734, 0.9996459013618223, 7.841543103844432e-05, 3.4250707102255816e-05], [0.00038565805045209404, 0.9994534633688653, 0.00011406978345258179, 4.68086972300509e-05], [0.0008059477225476564, 0.019675229815201, 0.9786126815641768, 0.000906140798074549], [0.0030646837818432263, 0.056951934671156924, 0.020621161305694403, 0.9193622201413054], [0.0009640070052446306, 0.10796798271869856, 0.8904877493814425, 0.0005802607946143635], [0.0030744647977108304, 0.525340011063462, 0.007914623101069614, 0.4636709009377576], [0.0016217546356853039, 0.9981854733405165, 0.00012036990149298901, 7.240202230510059e-05], [0.0016474044404395864, 0.9980889833824665, 0.00019232884171941681, 7.128323537448791e-05], [0.0011545668339273177, 0.0027694533817124757, 0.9942312827584628, 0.0018446969258973207], [0.004844254588025737, 0.005365370522397916, 0.04420606213151505, 0.9455843126580613], [0.002300023959264829, 0.009095154412697322, 0.9880835694964543, 0.0005212520315836235], [0.014685772454916507, 0.016139621859183616, 0.0014102234633871793, 0.9677643821225127], [0.0016470115826988996, 0.9980800474531227, 0.00017243288992669552, 0.00010050797425169929], [0.0010981907695179168, 0.9986820689632885, 0.00016589920930870847, 5.384095788489932e-05], [0.0013069046861135382, 0.004560774911983578, 0.9932618516621292, 0.000870468639773664], [0.01684116640985293, 0.024516713876373088, 0.05270542419830287, 0.9059366954154711], [0.0021826400669731185, 0.0144537487199972, 0.9826382687092833, 0.0007253424037463464], [0.03510905148168259, 0.12454969182177733, 0.0024287642826004746, 0.8379124923139396]], "ideal": "A", "sampled": "A", "correct": true}}
{"type": "result", "data": {"idx": 8, "options": ["ignoring another person's arguments and attacking her character instead", "asserting an opposing arguer has taken an easily defeated position, which she has not really taken", "causing confusion during an argument by a lack of ability to engage in refutation", "using threats of harm instead of reasoning to gain agreement"], "probs": [[0.11410068676932322, 0.7801920145707759, 0.07033136460103352, 0.03537593395886738], [0.04111976364798485, 0.134953537497427, 0.008630383373065775, 0.8152963153815224], [0.013081198720708394, 0.021575192584140458, 0.9468885103653674, 0.018455098229783782], [0.027276879935876994, 0.026479800037621293, 0.01211554590814326, 0.9341277740183584], [0.005863269446403217, 0.009228282065715037, 0.8574793430852985, 0.12742910530258322], [0.006711881125778398, 0.008295327760622891, 0.7015025707976695, 0.28349022021592923], [0.09635210565962245, 0.13382261691045771, 0.7014529547559201, 0.06837232257399972], [0.04472901151568059, 0.09328666052544778, 0.015968176406404893, 0.8460161514524668], [0.014105498973245192, 0.03659848171141838, 0.9295547724831446, 0.019741246732191884], [0.021141856115187027, 0.03489625565316075, 0.014432747987033562, 0.9295291401446186], [0.006052327510190179, 0.012916807506004267, 0.9421642812828697, 0.03886658360093589], [0.0066461913354332386, 0.015106398712005874, 0.5080635864005382, 0.4701838234520227], [0.018824409406795715, 0.038646224396313156, 0.9078871175761865, 0.034642248520704626], [0.041194807772311895, 0.11390785882405666, 0.015532675212123308, 0.8293646580915082], [0.030404082244665696, 0.38831684857412163, 0.5649976260022045, 0.01628144307900819], [0.014478019666459195, 0.0741928305973408, 0.006583318217852648, 0.9047458314183473], [0.003532700518270836, 0.007722448698913421, 0.9137609723160861, 0.07498387836672961], [0.003473015049780084, 0.008469195501229383, 0.6076019022331856, 0.38045588711580497], [0.011859814300347616, 0.3991449377601675, 0.3467513496869623, 0.2422438981525225], [0.012064917302694407, 0.4191662446246635, 0.03034961993509242, 0.5384192180375497], [0.0063867172216650215, 0.04795273345643111, 0.9191753058683365, 0.026485243353567358], [0.012617486116507272, 0.1255947459402478, 0.07977562881939779, 0.7820121390238471], [0.006501807984391938, 0.05280908315876674, 0.8389048769197632, 0.10178423183707805], [0.007882943449526104, 0.08482399661013117, 0.3625513646626705, 0.5447416951776722]], "ideal": "A", "sampled": "A", "correct": true}}
{"type": "result", "data": {"idx": 9, "options": ["Laudatory personality", "Guilt by association", "Reprehensible personality", "Circular reasoning"], "probs": [[0.00028001657723997545, 0.9994105003488633, 0.000232277814835507, 7.720515906128997e-05], [0.00022324383799993616, 0.9995323189401046, 0.0002017923813217817, 4.264474057362549e-05], [0.0002107290793867132, 0.002885737004373136, 0.9961389946383531, 0.0007645391778871], [0.0005270486069095622, 0.0036617774071589764, 0.04252516907335557, 0.9532860048125759], [0.0008511449376917183, 0.07252105169814219, 0.926219443469671, 0.00040835979449506843], [0.0016566023585314956, 0.9725045584054453, 0.0007241913577903292, 0.025114647778232933], [0.9345679265343828, 0.06166494998513063, 0.0027942692342084563, 0.0009728541462781239], [0.938762357675361, 0.041913318972963264, 0.019173238240663755, 0.00015108501101198968], [0.9572450786216413, 0.0377177345866308, 0.004362938581933321, 0.0006742481097945268], [0.9640573160576251, 0.022688693137072495, 0.013116005427736348, 0.0001379852775660596], [0.9298946891948597, 0.06744657049574554, 0.002531708763762913, 0.0001270314456318122], [0.93709347504513, 0.0618937599641553, 0.0009313949066244045, 8.136998409028107e-05], [0.0002069004357131769, 0.0048193482188519455, 0.993538129069672, 0.0014356221757629037], [0.00029413188031684643, 0.0035882331818429046, 0.09097478046690799, 0.9051428543709322], [0.00031467176440203503, 0.9993605476718154, 0.0002451608710381214, 7.961959274441236e-05], [0.00027983978348605494, 0.9994960162773293, 0.00018217312272021023, 4.197071646443705e-05], [0.001061620224491433, 0.8455340799941828, 0.0018207740250694238, 0.15158352565625632], [0.00036879243658795996, 0.028829584926448985, 0.9703463035127127, 0.0004553190242503299], [0.0005460565353267492, 0.011313050797189231, 0.9874400332261937, 0.0007008593412903067], [0.005165795905756422, 0.022806836778398957, 0.0024410933776600635, 0.9695862738381845], [0.0004403726751051927, 0.9990798233828183, 0.0003768146204234462, 0.00010298922165304368], [0.0005188234707135901, 0.9991626543025911, 0.000239537238060133, 7.898488863517688e-05], [0.0009705113086848186, 0.003364852027677228, 0.0032073465274059755, 0.992457290036232], [0.00026423031468807796, 0.0034249594389172233, 0.9957774213651459, 0.0005333887812488015]], "ideal": "B", "sampled": "B", "correct": true}}
{"type": "result", "data": {"idx": 10, "options": ["Appeal to ignorance", "Extension", "a priori", "Complex question"], "probs": [[0.14236628790560846, 0.41217539415190074, 0.03330304025999827, 0.4121552775824925], [0.10049741732906924, 0.27757516552260697, 0.5969089876205896, 0.025018429427734135], [0.2062029150129475, 0.2411693822573631, 0.18487451142275027, 0.36775319120693917], [0.013737235498376337, 0.03562105147152986, 0.9335526418294, 0.01708907110069379], [0.2244434694804625, 0.6703409227265927, 0.0788176990049115, 0.026397908688033274], [0.20986426221645124, 0.7326397940418441, 0.04469166714345848, 0.012804276498246139], [0.002295808063129796, 0.9937996409806508, 0.0014035833823249728, 0.0025009674738944083], [0.003330611349172379, 0.9911338562491931, 0.004210884629960431, 0.0013246476716740098], [0.00617497831674784, 0.037528864036520726, 0.9385752762743205, 0.01772088127241095], [0.004640265202149923, 0.024313540837895536, 0.9127401703385982, 0.05830602352135635], [0.006621779561819025, 0.6443935186049405, 0.34496939982026276, 0.00401530191297774], [0.011144988375471085, 0.885534550170391, 0.02473212456773337, 0.07858833678640456], [0.02779323728854927, 0.9351311076356784, 0.01055302282350479, 0.026522632152267578], [0.021508983844892894, 0.8865021888988712, 0.08642127194988902, 0.005567555206346818], [0.009398793905765134, 0.04662611759687492, 0.9222996337046515, 0.021675454692708394], [0.008307471070750617, 0.03811981961498395, 0.8954647324297118, 0.058107976784553664], [0.005457638435667652, 0.9845838796501016, 0.009503433721921493, 0.00045504809230925594], [0.011684748173391197, 0.9730356969013995, 0.007372434730901217, 0.007907120094308058], [0.021113349132965763, 0.9712083604217634, 0.005554166648944839, 0.0021241236963260046], [0.009972271951944773, 0.9860761007100853, 0.00294850337363262, 0.0010031238643372943], [0.008372526731983673, 0.028335402181361376, 0.9534315003073761, 0.009860570679278848], [0.04614357328858995, 0.12172474846954168, 0.03828130704841135, 0.793850371093457], [0.021059937645540677, 0.09147874209616866, 0.8820534890256287, 0.005407831132661957], [0.04840044929201547, 0.08916298019099336, 0.01648169096671509, 0.845954879450276]], "ideal": "D", "sampled": "A", "correct": false}}
{"type": "result", "data": {"idx": 11, "options": ["Attacking the Person (ad hominem)", "Equivocation", "Begging the Question", "Appeal to Pity"], "probs": [[0.3193819772394306, 0.47229058260256157, 0.17643932886604088, 0.031888111191966925], [0.22364116182324456, 0.2103293292888244, 0.012051448606126945, 0.5539780601818041], [0.39180483242513203, 0.480334833802385, 0.09023537216966891, 0.037624961502814], [0.24262637303013568, 0.2077231314098328, 0.010839253178380422, 0.5388112422816511], [0.21630191800815496, 0.11956781147714844, 0.1608428954917282, 0.5032873749229684], [0.15061761325121545, 0.11557521583790749, 0.324078557428507, 0.40972861338237004], [0.40838354365485496, 0.11000782872372684, 0.4280307542697261, 0.053577873251692054], [0.1790499469034114, 0.05386535318545364, 0.01278210488349997, 0.754302594927635], [0.6375400781910322, 0.32100920670215377, 0.01114950287418693, 0.030301212132627094], [0.6037511363882381, 0.3088572981213576, 0.008160786079186279, 0.07923077931121807], [0.3339988824763889, 0.08457811018392099, 0.038993033781603424, 0.5424299734580866], [0.17304718564568727, 0.06373984588687266, 0.6954351688986955, 0.0677777994687446], [0.32370867839632855, 0.09891411513719087, 0.509481899248049, 0.06789530711843156], [0.09194362145414152, 0.0256140010193361, 0.008974803389883252, 0.8734675740366391], [0.41799282634182844, 0.54667412720114, 0.014658557113111464, 0.02067448924392015], [0.35890415173568424, 0.5753277518198953, 0.013192120889029487, 0.05257597545539103], [0.18013709983071602, 0.055082649602626765, 0.02875794874691174, 0.7360223017197455], [0.1407402210072586, 0.04873836966632078, 0.7264309199333534, 0.08409048929306719], [0.06227928982069036, 0.05769470555554453, 0.1667778895351211, 0.713248114988644], [0.06557129615953336, 0.06263232510502124, 0.40188671950941, 0.4699096591260354], [0.08427620866088205, 0.6636233486342116, 0.015604218366020365, 0.23649622423888603], [0.06540955076713165, 0.5926736791363122, 0.2932836511421207, 0.04863311885443548], [0.11305105903680276, 0.46179772248540885, 0.017764159580585182, 0.4073870587972032], [0.11838464614138276, 0.5311045725277125, 0.22830041090798844, 0.12221037032291636]], "ideal": "C", "sampled": "B", "correct": false}}
{"type": "result", "data": {"idx": 12, "options": ["Equivocation", "Affirming the Consequent", "Gambler's Fallacy", "Inconsistency"], "probs": [[0.8231882390809291, 0.09092298081410431, 0.044285732918380755, 0.041603047086585805], [0.8387103189266181, 0.08566808811403316, 0.05528474670653259, 0.020336846152816147], [0.7666068590370753, 0.1632083316645357, 0.03755614785478458, 0.03262866134360446], [0.6904526043535566, 0.16138266794039272, 0.13168131715167092, 0.016483410454379774], [0.749191787456017, 0.22141357547598123, 0.01360797185044902, 0.015786665117552685], [0.7074108129660163, 0.2561032774193253, 0.02237307840955517, 0.01411283110510323], [0.07393356191570634, 0.873172376272015, 0.015140112036737388, 0.037753949675541194], [0.07158724464573099, 0.8860335058421852, 0.011597385097162788, 0.030781864314921015], [0.05892134938896503, 0.8265089618403689, 0.05282193185656849, 0.061747756814097575], [0.06032559621631997, 0.7588309357398012, 0.038362436840564736, 0.1424810311033141], [0.1225899974782737, 0.6423256968722939, 0.1839938752765472, 0.051090430272885116], [0.1319940407739318, 0.6399340128248854, 0.098109723589589, 0.12996222271159383], [0.2356405148433778, 0.7145130157326479, 0.013717798744745031, 0.03612867057922928], [0.25166210342168915, 0.6838068910465778, 0.04954011700894659, 0.0149908884227865], [0.32654198514322386, 0.2972860589730574, 0.25031345707188124, 0.12585849871183752], [0.3710707044736107, 0.3029075196922711, 0.12430374790296242, 0.20171802783115583], [0.20896790880675095, 0.6535194503355678, 0.12089215195294004, 0.016620488804741214], [0.28135607587043976, 0.5773210122450879, 0.02764937001504795, 0.11367354176942436], [0.03295661751567728, 0.963133644409975, 0.0023322305030071336, 0.0015775074713406108], [0.0412399277344395, 0.9531789586752057, 0.004019595249372254, 0.001561518240982468], [0.24665328745982895, 0.09070767223157052, 0.6198066818731368, 0.04283235833546371], [0.449429965710847, 0.15054525657795317, 0.22950259190741817, 0.1705221857037817], [0.2607388602984261, 0.3974340720515931, 0.32436503305773534, 0.017462034492245454], [0.36352700126829984, 0.4455028192458449, 0.04411005617278064, 0.14686012321307465]], "ideal": "D", "sampled": "A", "correct": false}}
{"type": "result", "data": {"idx": 13, "options": ["arguing that something is necessarily bad because it doesn't cost very much", "substituting individual stories for a larger sample when supporting a generalization", "arguing that what is true in nature must be true about humans", "the same thing as the  post hoc  fallacy"], "probs": [[0.0027994531768916757, 0.007421036770228473, 0.980769464464479, 0.009010045488400828], [0.050801610539183764, 0.10933228918814004, 0.5732272649271037, 0.26663883524557247], [0.01713802463075106, 0.8454776922747871, 0.11622813979651658, 0.021156143197945267], [0.014640425678117993, 0.9643727769031721, 0.014644474137445587, 0.006342323181264325], [0.01365179504503071, 0.04147956236226121, 0.028045235799652606, 0.9168234066930555], [0.015678152417544066, 0.05058387887490665, 0.8839517676113259, 0.04978620099622344], [0.0056513694219042995, 0.012721941200844003, 0.965821100994404, 0.01580558828284767], [0.061414239496771356, 0.19218026873856228, 0.661084567648949, 0.08532092401571736], [0.0021339777190556995, 0.9972813792416098, 0.0004396921488942277, 0.00014495079044031414], [0.0020999408230949227, 0.9973007106372119, 0.0005179744429166043, 8.137399677657378e-05], [0.06814808372416563, 0.7328690858463127, 0.02472604429204099, 0.17425678603748063], [0.003614191570615501, 0.011374197605200783, 0.978329215893817, 0.006682394830366621], [0.5457315078459065, 0.064057815243452, 0.3690734853847698, 0.021137191425871688], [0.4546031824435032, 0.09515320987923695, 0.4405927236517053, 0.009650883925554554], [0.8194472792760805, 0.14909890299526982, 0.005527244417155291, 0.025926573211494313], [0.9006404576482723, 0.08111824361686396, 0.01782834960963909, 0.0004129490252246444], [0.7210752049900555, 0.26508716770694957, 0.004326501562339496, 0.00951112564065537], [0.8068358251131007, 0.1587324164174203, 0.0332925032202806, 0.001139255149198445], [0.014512808316202167, 0.026145337792044296, 0.11885429364119045, 0.840487560150563], [0.0033679490526208923, 0.00700988389414223, 0.9705975079582315, 0.019024658995005352], [0.03050141037424842, 0.11800160238094203, 0.27872397225895373, 0.5727730148858557], [0.0003095985107007278, 0.002464775421572732, 0.9950855212319107, 0.0021401047358157936], [0.0008633096230198326, 0.9980228881745435, 0.0010140356393085993, 9.976646312803616e-05], [0.0008890340525979618, 0.9965093068393694, 0.0024861135066220836, 0.0001155455014104945]], "ideal": "C", "sampled": "C", "correct": true}}
{"type": "result", "data": {"idx": 14, "options": ["Style over substance", "Question begging epithets", "Hypostatization", "Amphiboly"], "probs": [[0.5464126347570051, 0.36961834810141597, 0.07635281067109725, 0.007616206370481631], [0.6536992143492576, 0.3087281247157434, 0.013373392822378684, 0.02419926801262027], [0.1901953995790785, 0.7884737379071398, 0.01914923482413233, 0.002181627589649358], [0.19915891238842476, 0.7879057742269893, 0.006774007062526285, 0.006161306222059734], [0.6849052139910247, 0.2441400761501645, 0.04520149395891209, 0.025753215799898723], [0.4807343798422432, 0.2825168679465842, 0.19130797753547352, 0.045440774575699054], [0.18647961841115043, 0.3947841653158642, 0.4012447134603778, 0.017491502712607552], [0.377786496802858, 0.4851837279720832, 0.01225214202841024, 0.12477763309664856], [0.1164524812442511, 0.7246598347532064, 0.15436922963203734, 0.00451845427050516], [0.19027429585256098, 0.801300936198167, 0.004410560068372809, 0.004014207780899229], [0.35650565154248814, 0.34019826825440574, 0.112215366584304, 0.1910807135188021], [0.2207482592628174, 0.23498080622730994, 0.513445170440013, 0.0308257639698596], [0.34943871382491015, 0.6427715132326967, 0.005881404320020984, 0.0019083685223721613], [0.2760735847625444, 0.716207171919728, 0.004400157059294642, 0.003319086158432895], [0.7707911249646849, 0.21397464299026187, 0.01208361256407689, 0.0031506193809763246], [0.7988558504650869, 0.19267335811058076, 0.004828709339297973, 0.0036420819850344214], [0.2683129811429389, 0.19018779020052656, 0.5256377868068629, 0.015861441749671572], [0.8253262972927533, 0.13894220745288408, 0.031999166038439116, 0.0037323291159235446], [0.02011416590014196, 0.8692130504332873, 0.0659969437432862, 0.044675839823284554], [0.01648840381733417, 0.685254604386764, 0.19633693378706585, 0.101920057908836], [0.03428440102154504, 0.6472165566527239, 0.13569612522819802, 0.18280291699753304], [0.025123656579865296, 0.5719477288694979, 0.35810382616591907, 0.044824788284717795], [0.010317790638077284, 0.08375598746813308, 0.8736471801405304, 0.032279041653259136], [0.017881002872366294, 0.33217165499859264, 0.6407396339205922, 0.009207708108448901]], "ideal": "B", "sampled": "C", "correct": false}}
{"type": "result", "data": {"idx": 15, "options": ["Tu quoque", "Composition", "Appeal to the masses", "Appeal to reason"], "probs": [[0.0010179722245328628, 0.004889673549189452, 0.9931805475047881, 0.0009118066214895618], [0.0022645633878782922, 0.007199640240296497, 0.0019378737655373738, 0.9885979225062879], [0.0009176129849554118, 0.998701869423429, 0.00030747676962928423, 7.304072198632612e-05], [0.001254006546952043, 0.9985103807640979, 0.0001659281148592575, 6.968447409073495e-05], [0.0028256784626835315, 0.004808476962125194, 0.0013148004206536422, 0.9910510440545376], [0.0009178739392426556, 0.006464866949086063, 0.9910573523698654, 0.0015599066418058658], [0.0009197111559909812, 0.004740165650633818, 0.9933148840651753, 0.001025239028199823], [0.0034629491114189577, 0.014814830500943838, 0.005801298801880759, 0.9759209214857565], [0.0007320206836136315, 0.9991553691695428, 8.284719387135327e-05, 2.976285297219602e-05], [0.0005657487940435339, 0.9993318003629952, 6.7652343283778e-05, 3.479839967748661e-05], [0.016917290881201863, 0.1120632636238316, 0.0026998376683823027, 0.8683196077265842], [0.0005653412546650093, 0.007324294501562894, 0.9909514580208164, 0.0011589061229556772], [0.9905068744904942, 0.009122074080068297, 0.0003430892991400323, 2.7962030297446075e-05], [0.9921335215498555, 0.007574992432716157, 0.0002761386632738676, 1.5347254154475894e-05], [0.9804235985861124, 0.01911475565763165, 0.00042928849681329255, 3.23571594426139e-05], [0.9719240588938343, 0.0275710334693955, 0.0004710319298498804, 3.3875606920302884e-05], [0.9870172468251075, 0.012620140452169562, 0.0003419045439721304, 2.0708078750760726e-05], [0.9843100398590485, 0.015180654961378558, 0.00047335116388916575, 3.595391568371131e-05], [0.004110286528741702, 0.003572644477151809, 0.0013562798434818288, 0.9909607890506247], [0.0015759290447770018, 0.004247220829346355, 0.9927202768412108, 0.0014565731846658404], [0.013622511518605678, 0.013840339522131623, 0.0015297043282742392, 0.9710074445309884], [0.001206913970567232, 0.005889155007764322, 0.9915585580379677, 0.0013453728837007472], [0.0008692656544800603, 0.9989164029499902, 0.00017397433379981672, 4.035696172989412e-05], [0.0005882952399004916, 0.9990458748495654, 0.0002982476512763841, 6.758215925771722e-05]], "ideal": "C", "sampled": "C", "correct": true}}
