{"type": "result", "data": {"idx": 0, "options": ["ADD.", "AIDA.", "PESTLE.", "SWOT."], "probs": [[0.011505481691625127, 0.9882175040530666, 0.00020910051124109144, 6.791364406713219e-05], [0.015421377836643725, 0.9843169670469537, 0.0001896505637227882, 7.200445267979406e-05], [0.054239169262620006, 0.011189710777451546, 0.9316747186656001, 0.0028964011943282903], [0.14131710047415685, 0.058931834235187636, 0.01073228503408507, 0.7890187801565705], [0.014455028493680227, 0.0026109405327381695, 0.9821973897956658, 0.0007366410779157911], [0.10060012967696992, 0.017490242038871843, 0.012017284420430183, 0.869892343763728], [0.8194784260998107, 0.17448844728875545, 0.0027338104508762427, 0.003299316060557631], [0.883745911941018, 0.11236488114799786, 0.0016800793880037222, 0.0022091274229803183], [0.9547939257344311, 0.0347771233237111, 0.008005215750183604, 0.0024237350916741524], [0.9552432130885553, 0.032191370833789396, 0.003340256831808313, 0.009225159145847019], [0.9695443440060385, 0.018609562752561367, 0.009805831055112105, 0.0020402620862879765], [0.9748424112703759, 0.01704249581815424, 0.00249365906896797, 0.005621433742501937], [0.018252881934722, 0.013563220902574167, 0.9658811457976196, 0.002302751265084239], [0.01645250256873115, 0.02286273069987067, 0.003396256616579546, 0.9572885100148186], [0.03915604503598926, 0.9487826051572998, 0.010214797031026429, 0.0018465526756844422], [0.04103125225382275, 0.9489582433097931, 0.001269101272357368, 0.008741403064026798], [0.006194955625452711, 0.0035894294015074778, 0.08418824464040671, 0.9060273702326331], [0.020847729502889472, 0.00803971050795298, 0.9586619610955458, 0.012450598793611734], [0.009531207168300611, 0.01698222139069224, 0.9722461239677026, 0.001240447373304506], [0.01686906923594792, 0.31351550459457944, 0.0055650425014765114, 0.6640503835679962], [0.016869084202860055, 0.9804851598063946, 0.0021280691998772274, 0.0005176866908680868], [0.015614792898434357, 0.9815381291173647, 0.0005429795195702326, 0.0023040983646306404], [0.00563472493445753, 0.007302060378967563, 0.03070047715990504, 0.9563627374266699], [0.025385008063506874, 0.018003114136096846, 0.938034266040143, 0.018577611660253294]], "ideal": "B", "sampled": "B", "correct": true}}
{"type": "result", "data": {"idx": 1, "options": ["The realm of understanding.", "Personal selling.", "Noise.", "Feedback."], "probs": [[0.00016189266161463449, 0.00033537083157299984, 0.0005877497548804314, 0.9989149866519319], [0.05418853617648237, 0.04416492708434404, 0.8901117700132447, 0.011534766625928906], [0.0011642949881444879, 0.002014188318697842, 0.0006145782958929828, 0.9962069382972647], [0.0003211209666169326, 0.0025010452171248844, 0.9951033048783534, 0.002074528837904784], [0.06785056311249635, 0.9223214401059681, 0.003602770162304376, 0.006225226519231195], [0.03928272218753139, 0.9517332119529474, 0.0068326511498948694, 0.0021514146096264057], [0.0017446246013767444, 0.03193159978875786, 0.002140316767038188, 0.9641834587428272], [0.055443324685284616, 0.9092323272016937, 0.03372049364302724, 0.0016038543699944934], [0.010437331703851029, 0.02925250942516947, 0.913482870312967, 0.046827288458012435], [0.0005442534735394829, 0.004406905032833856, 0.9844699270381799, 0.010578914355446747], [0.060799920905264364, 0.7068447847119663, 0.23000883341534928, 0.00234646086742005], [0.01480269257297293, 0.6704115149372166, 0.007121823300136133, 0.3076639690896743], [0.025326580537114958, 0.6957693980339553, 0.00540970055363468, 0.273494320775295], [0.004020084115981438, 0.22615593416788193, 0.7671022924710116, 0.0027216891451249748], [0.006152272480336445, 0.027980598598442746, 0.9447090303680702, 0.021158098453150663], [0.0008094211282539312, 0.008091440481444948, 0.9831277797485071, 0.00797135854179403], [0.0006001277994328373, 0.9954058612847482, 0.0037622815318926403, 0.00023172928392629596], [0.0005198840069160966, 0.9927860673178819, 0.0007868847379696274, 0.005907163837232416], [0.8353146690061962, 0.15695829274978018, 0.0032645567855106123, 0.004462481358513], [0.8335025927343512, 0.15905581807046287, 0.0038652370810112256, 0.003576352014174632], [0.6995636048136908, 0.10224853197886681, 0.19459640488494415, 0.003591458222498184], [0.4043793610089939, 0.08217027644823496, 0.016215251485243786, 0.4972351109575273], [0.6309775477355682, 0.11124481595483138, 0.25529499900381586, 0.0024826372057844505], [0.421670171345039, 0.09709156366923434, 0.009336606659324594, 0.47190165822640207]], "ideal": "A", "sampled": "D", "correct": false}}
{"type": "result", "data": {"idx": 2, "options": ["In the late 1800s.", "In the early 1900s.", "In the 1920s.", "After the end of the Second World War."], "probs": [[0.06868358189048115, 0.6515541186609403, 0.20189665241780627, 0.07786564693077233], [0.030792230707040506, 0.29207871546171893, 0.6584455561562378, 0.018683497575002754], [0.031210529146242075, 0.897897608331775, 0.04333861867192764, 0.027553243750055315], [0.015783062629414837, 0.6303194334838386, 0.34817964775471416, 0.005717856032032403], [0.026821776822182914, 0.8743761050664791, 0.051707993417158725, 0.047094124594179276], [0.03421476390885696, 0.8551589354520331, 0.07244148698362755, 0.03818481355548234], [0.028586771655801476, 0.6404836248765067, 0.23566980920986538, 0.09525979415782643], [0.023572969458311128, 0.3744818153165697, 0.5711848415809508, 0.030760373544168242], [0.02821503246525603, 0.5492316923802274, 0.2940332826741885, 0.12851999238032813], [0.023040358747336058, 0.22549927988439916, 0.7168593646306218, 0.03460099663764297], [0.00823098153116268, 0.9077398306863659, 0.03359048860170932, 0.05043869908076215], [0.012250633103252912, 0.872346886901323, 0.030324969748331744, 0.08507751014709239], [0.007067169549140813, 0.9111434252250755, 0.06705520763516926, 0.014734197490614413], [0.0042878546501024465, 0.8972573032924601, 0.09311679493920524, 0.005338047018232238], [0.012283919217722634, 0.49831204951752484, 0.4538415610766851, 0.0355624700880674], [0.008449905123456032, 0.3270857230744937, 0.6208557259925666, 0.04360864570948377], [0.009397668710541837, 0.6384677254600811, 0.24619787791406497, 0.10593672781531212], [0.006228784967429698, 0.778393795727556, 0.054656360105377014, 0.16072105909963727], [0.0041210502996056435, 0.9324393410411752, 0.03971776425020729, 0.023721844309011843], [0.004608768857714857, 0.8919143459894308, 0.09551164275635202, 0.007965242296502403], [0.009212597997773861, 0.7549673745406037, 0.1793612201475277, 0.05645880721409471], [0.011884819715026652, 0.7585067152218483, 0.19182372091282446, 0.03778474405030058], [0.0061024506087172066, 0.864037208783355, 0.11880674117932648, 0.0110535993286013], [0.0054611541439515245, 0.9474322764487738, 0.03293739786176768, 0.01416917144550702]], "ideal": "C", "sampled": "D", "correct": false}}
{"type": "result", "data": {"idx": 3, "options": ["The level of tangibility associated with the type of product.", "Performance-value.", "Variations in supply and demand.", "The way in which the service is delivered."], "probs": [[0.012664706079797847, 0.07767193365833988, 0.48265635139837865, 0.42700700876348363], [0.014472758154679128, 0.07028768386451939, 0.031585154355224354, 0.8836544035255771], [0.016220266833231054, 0.10590741111610487, 0.3309381096257589, 0.5469342123249051], [0.019406564912365667, 0.11722428945360835, 0.07436243621101195, 0.789006709323014], [0.006383199221326924, 0.02489659548934839, 0.3650467052653273, 0.6036734999239973], [0.0064675389393357595, 0.028342221166972787, 0.6649203355544132, 0.3002699042392782], [0.005598245594708295, 0.020669450620187244, 0.6836153168683797, 0.29011698681672465], [0.008531184818499593, 0.02152853633139019, 0.02625135503678876, 0.9436889237133215], [0.023141691837693688, 0.07848390206126372, 0.17637534656012233, 0.7219990594409202], [0.019114888419297024, 0.055484020665982306, 0.08429536622199485, 0.8411057245927258], [0.004820219920529162, 0.01624329675792835, 0.036403218244678355, 0.9425332649768642], [0.005897264796787459, 0.01834362559742014, 0.6452909651367391, 0.33046814436905325], [0.020043727008484138, 0.03523099794631554, 0.6047080158582608, 0.3400172590869394], [0.02596755802101901, 0.044267738694458894, 0.14479366975041863, 0.7849710334341035], [0.04808596947404411, 0.08068610072095841, 0.22581368934877002, 0.6454142403562274], [0.032795523336097, 0.05769540913408445, 0.11264369971352012, 0.7968653677162985], [0.014696027684553624, 0.029747366120063866, 0.32917530536883693, 0.6263813007265455], [0.016552867057887194, 0.024515436503159762, 0.3826440799106213, 0.5762876164283317], [0.007892896148483593, 0.03381968917794539, 0.2571365446395595, 0.7011508699340115], [0.007549045158607923, 0.03928646454028581, 0.6534445896404315, 0.29971990056067477], [0.007924733431738011, 0.040049130687517406, 0.041141188327951446, 0.9108849474527931], [0.008772981376738244, 0.04676572991095088, 0.4863025261151523, 0.4581587624971586], [0.01959881222880724, 0.13417204188507603, 0.1540753872592696, 0.6921537585268471], [0.015582628790773228, 0.08846987705357434, 0.15486786936192642, 0.741079624693726]], "ideal": "B", "sampled": "C", "correct": false}}
{"type": "result", "data": {"idx": 4, "options": ["found guilty under the Sherman Antitrust Act and face prison time", "found guilty under the Magnuson-Moss Warranty Act and face large fines", "found guilty under the Adamson Act and face prison time and fines", "found not guilty because retailers are allowed to set their own price levels"], "probs": [[0.6460696030599788, 0.17389046107443196, 0.16081656933352015, 0.019223366432069025], [0.8001624508925315, 0.1327104893563139, 0.025326880211450076, 0.04180017943970457], [0.7495445486982796, 0.20177647257143125, 0.018189217182727264, 0.030489761447561874], [0.7716012129615729, 0.18617452991302236, 0.03235040658976298, 0.009873850435641698], [0.7992061061975606, 0.11162116859044197, 0.024519611979538055, 0.06465311313245936], [0.4164091936521884, 0.20613963861538717, 0.36179393458884657, 0.01565723304357785], [0.01466553911801744, 0.9660567453590535, 0.01443835603288628, 0.004839359390042825], [0.007596179250442396, 0.9798915227219258, 0.006010506570207833, 0.00650179135742398], [0.06934212715799142, 0.7340069417970232, 0.17707391042587436, 0.019577020519111064], [0.03316610112793062, 0.19711875488210684, 0.024653765770859305, 0.7450613781191032], [0.0017747018437422732, 0.009748440720601798, 0.9790304193953098, 0.009446437940346195], [0.023942751852157218, 0.08627049640126319, 0.6890240919814117, 0.20076265966516788], [0.09594263582195157, 0.8420784864700462, 0.02664467257389117, 0.035334205034110944], [0.049173088067416444, 0.9137588959742498, 0.022514168715990098, 0.014553847142343706], [0.006032110180042765, 0.017178961973448748, 0.967877624519467, 0.008911303227041428], [0.01005584654302905, 0.010236472831235584, 0.013534090492949707, 0.9661735900327857], [0.0031145407069245313, 0.02230924075144374, 0.9635345684295726, 0.01104165001205908], [0.018342618239003086, 0.021152219195638953, 0.017234700119908377, 0.9432704623454495], [0.002459042476333412, 0.992657509285643, 0.0020076744714909982, 0.00287577366653257], [0.001978960104841082, 0.9941922344790812, 0.002970826554924207, 0.0008579787611534676], [0.0030284694436365192, 0.0864803440987431, 0.9012311154732705, 0.009260070884349882], [0.015062655859280653, 0.7375396893077493, 0.16196848028105806, 0.08542917445191203], [0.007872650237713358, 0.8962850982188153, 0.08732335089660251, 0.008518900546868777], [0.020131904048611714, 0.3008560749154142, 0.010780493416494837, 0.6682315275194792]], "ideal": "A", "sampled": "A", "correct": true}}
{"type": "result", "data": {"idx": 5, "options": ["A composite analysis of all environmental factors inside and outside the firm.", "A series of business decisions that aid in selling a product.", "The relationship between a firm's marketing strengths and its business weaknesses.", "A blending of four strategic elements to satisfy specific target markets."], "probs": [[0.0003962323363243148, 0.9946690962101196, 0.0008065306697131352, 0.0041281406838430115], [0.0004920299392134277, 0.9922993767793438, 0.006895790334326966, 0.0003128028471157978], [0.0004391663595998655, 0.0019979377097367047, 0.980703010284293, 0.016859885546370443], [0.0005807113512959605, 0.0015053401421213535, 0.9941593857791866, 0.003754562627396019], [0.00039446192488399906, 0.9979040280460029, 0.001386996893139817, 0.0003145130359732582], [0.00041671088582396815, 0.9981429090273439, 0.0005920770181662213, 0.0008483029686659014], [0.031380189587327384, 0.004593445727124167, 0.0018852107417313983, 0.962141153843817], [0.009628988055302863, 0.004618514398587061, 0.9829063958174619, 0.0028461016286481684], [0.009366012491444854, 0.0019037915098779614, 0.0019638841696912046, 0.986766311728986], [0.002643324234896388, 0.0013706935740608593, 0.9946780328837695, 0.0013079492072731948], [0.0028431624677071428, 0.9965630619580997, 0.0004901476712623094, 0.0001036278029308113], [0.0030253546925011476, 0.996199702957829, 0.0006145174484850129, 0.00016042480118486682], [0.00042682121907136616, 0.0031019725069768946, 0.9833067860849417, 0.01316442008901001], [0.0005323682659527637, 0.0024402768330470913, 0.9931580605415252, 0.0038692942594748627], [0.0003975104505929289, 0.9978381454456816, 0.00046104466582916527, 0.0013032993378963107], [0.0005747090304808761, 0.9757868814335653, 0.023303115154430117, 0.00033529428152371735], [0.0004838553067658251, 0.9991588451237319, 0.00024324268099656915, 0.00011405678850573918], [0.00048002503399367655, 0.998980677343583, 0.00042345646629518146, 0.00011584105612811658], [0.9763650227075237, 0.007692152116556638, 0.015538224854619045, 0.0004046002213006377], [0.9928210006034082, 0.005634950135598761, 0.0006997918984687775, 0.0008442572625243285], [0.9829423856722439, 0.01614270331867057, 0.0006559647042678725, 0.0002589462048176638], [0.9854584942016869, 0.01362900075433952, 0.0006628293964571709, 0.0002496755475165069], [0.9852608828614683, 0.00921909118935073, 0.0011630516717356563, 0.004356974177445295], [0.9327976726477918, 0.011380836599567328, 0.05515871975617177, 0.0006627708964690592]], "ideal": "D", "sampled": "D", "correct": true}}
{"type": "result", "data": {"idx": 6, "options": ["Gatekeepers.", "Buyers.", "Users.", "Initiators."], "probs": [[0.866015891738056, 0.07448923188863636, 0.0374661924962762, 0.022028683777031374], [0.851153631472841, 0.0698541046156781, 0.07438291778265935, 0.004609346028821592], [0.8721834127863377, 0.104161892308842, 0.010812661246939742, 0.012842033557880566], [0.8038608663094909, 0.1139876428259328, 0.07836910562685453, 0.0037823851377217182], [0.8822678191101627, 0.1070241613524125, 0.005854281506292295, 0.004853737931132464], [0.884381146344325, 0.1023640811900214, 0.009524650915236119, 0.003730121450417527], [0.003262289758812297, 0.9939729929302853, 0.0010032345630239395, 0.0017614826478785128], [0.0029746234214565975, 0.9953323663557874, 0.000996723950334601, 0.0006962861724214127], [0.005669528237716486, 0.0618931013504518, 0.9241874789439771, 0.008249891367854548], [0.019897593266977518, 0.15409678331591448, 0.5637447329424079, 0.2622608903747001], [0.009115247555841565, 0.12580674086612587, 0.8599634046158782, 0.005114606862154443], [0.026971260991130085, 0.3040347289424714, 0.014899813972606523, 0.654094195993792], [0.005371747735692841, 0.9925400450474049, 0.0009788241995263857, 0.0011093829173758724], [0.004896116486947442, 0.993426391463018, 0.0012876751249810395, 0.00038981682505352216], [0.008361870683007705, 0.032547724514132355, 0.9515952763857926, 0.007495128317067414], [0.033376166969072335, 0.09215033671346463, 0.6601266110858278, 0.21434688513163516], [0.010796516529330743, 0.07260927896541254, 0.913033791929424, 0.003560412475832696], [0.06955072444984704, 0.46805901420416113, 0.008441037694103636, 0.45394922355188816], [0.002215430658615502, 0.997204282157614, 0.00033725632402775306, 0.00024303075974274572], [0.0029320519989091314, 0.9962351880540441, 0.0005511556420914315, 0.0002816042049553302], [0.004924177111221615, 0.023118276092645607, 0.968240634750807, 0.003716911945325791], [0.013872147744214363, 0.027593000281443084, 0.02983326122736004, 0.9287015906469825], [0.004383916199407969, 0.030895298084387936, 0.9615633422336135, 0.0031574433825905645], [0.035420118969480864, 0.10412556049972259, 0.014768768393280545, 0.8456855520375159]], "ideal": "A", "sampled": "A", "correct": true}}
{"type": "result", "data": {"idx": 7, "options": ["Motive development.", "An attitude.", "A self-concept.", "Product evaluation."], "probs": [[0.38576632410910144, 0.5188665346004891, 0.0808624618347318, 0.014504679355677643], [0.30546531874707883, 0.6170569818572509, 0.0217958619892074, 0.05568183730646284], [0.29367014653402085, 0.6119434214071551, 0.08157259194641453, 0.012813840012409504], [0.24876764599553305, 0.66592026246326, 0.02973039470114827, 0.05558169674005875], [0.23188525781525823, 0.2545927800667917, 0.42679870760343236, 0.08672325441451764], [0.21525455688388487, 0.20860355779523443, 0.4930670187417278, 0.08307486647915285], [0.047791201322525206, 0.9307917635350397, 0.015522636750149052, 0.005894398292286127], [0.030908371135870822, 0.9471677174090029, 0.008195721741960158, 0.01372818961316615], [0.04806889772191136, 0.20873246372387377, 0.7292059334832611, 0.013992704970953748], [0.05637301158001262, 0.4872970925478785, 0.05818636754147356, 0.39814352823063526], [0.017017796943363386, 0.059395229604924084, 0.8875514650015685, 0.036035508350144047], [0.026468594314789956, 0.07783648573892561, 0.6519463231642683, 0.24374859668201618], [0.06626918431600493, 0.9153130420112794, 0.014340052022675505, 0.004077721550040119], [0.05025758511440261, 0.9342149438532218, 0.008877324452103041, 0.00665014648027255], [0.11815738166060291, 0.16920274406753127, 0.7019855365169585, 0.010654337654907304], [0.1607157939751743, 0.5881150561468617, 0.06007973678076594, 0.1910894129971981], [0.04996578413225788, 0.0993703234348794, 0.8198725029651608, 0.030791389367701958], [0.1289426535239023, 0.19060014186383642, 0.5783634185212653, 0.10209378599099607], [0.013386081756917603, 0.8957913446600269, 0.06907798009411949, 0.021744593388936088], [0.01668916372553708, 0.8975079014330658, 0.06501239937156225, 0.020790535369834832], [0.016651279848753427, 0.22981791760571635, 0.7311143335965212, 0.02241646884900896], [0.02883525670677995, 0.41080080310987915, 0.44436989968753343, 0.11599404039580749], [0.01626076858053145, 0.460569482861672, 0.5061157147295737, 0.017054033728222753], [0.026752334783033342, 0.746226568533311, 0.1947197368659496, 0.03230135971770597]], "ideal": "A", "sampled": "A", "correct": true}}
{"type": "result", "data": {"idx": 8, "options": ["Promotion.", "Product.", "Target market.", "Pricing."], "probs": [[0.09216474304723984, 0.05861495258644648, 0.2929419377022007, 0.556278366564113], [0.05571271374799648, 0.04209354441017783, 0.029826376028610296, 0.8723673657132154], [0.06253788805533926, 0.12059566789294315, 0.4274565790950047, 0.3894098648567129], [0.04491525603545816, 0.07295168473520532, 0.04707615151420881, 0.8350569076151277], [0.040635331914764546, 0.02666996627805149, 0.23388770559938044, 0.6988069961078035], [0.029627509136259257, 0.020698236106704158, 0.14814139763142864, 0.801532857025608], [0.06508090867196989, 0.013865117435810993, 0.528275054317992, 0.39277891947422705], [0.025064784680806956, 0.00880975915762379, 0.024680178265224503, 0.9414452777963448], [0.12386159544661286, 0.04350268710915946, 0.04927352345652944, 0.7833621938876982], [0.23364040253210167, 0.057288028294079696, 0.08331608026386611, 0.6257554888099526], [0.030978783715037227, 0.0105517446899458, 0.008739204600879078, 0.9497302668941379], [0.27344272786428575, 0.04002973555929942, 0.26922438821181083, 0.417303148264604], [0.03730128263120461, 0.023721940371220995, 0.5313730140360854, 0.40760376286148897], [0.01078545561352075, 0.012818845680213228, 0.019838323445155664, 0.9565573751611104], [0.07133972432410313, 0.03646149742009989, 0.02244988527596554, 0.8697488928798315], [0.15178509414279337, 0.05764827074664496, 0.042814501160981816, 0.7477521338495798], [0.009839347976278837, 0.01064856294282974, 0.005875751532045318, 0.9736363374488461], [0.04017874261326995, 0.02850463188395134, 0.599854776587953, 0.33146184881482565], [0.012001930682492817, 0.00921154691688231, 0.1998716577792848, 0.7789148645213401], [0.00724352076165126, 0.0063987208270266695, 0.10811774703447717, 0.8782400112768449], [0.02867932949842013, 0.02455626021047997, 0.010718419065766812, 0.936045991125333], [0.11414167518629108, 0.07607721196499197, 0.18241668420323387, 0.6273644285454831], [0.01755645867716705, 0.022211672694600833, 0.015494853227722035, 0.9447370153005101], [0.03651084891831684, 0.060226056629942196, 0.5041617431332055, 0.3991013512185355]], "ideal": "C", "sampled": "B", "correct": false}}
{"type": "result", "data": {"idx": 9, "options": ["Classical conditioning.", "Operant conditioning.", "Social learning.", "Behavioural learning."], "probs": [[0.021578741237101417, 0.8899090240820237, 0.053450598726462024, 0.03506163585441283], [0.021727614244222933, 0.9099782763720861, 0.0555114451633949, 0.012782664120296128], [0.02022781753629886, 0.6196430213595555, 0.32674958874646665, 0.03337957225767892], [0.01757178795214508, 0.6195704820957635, 0.30695777556661996, 0.055899954285471426], [0.00996474247404954, 0.829686027018771, 0.15112895924288558, 0.009220271164293841], [0.015546315227564778, 0.9327413329233996, 0.025655554080341276, 0.02605679766869437], [0.07788375512485639, 0.7626768832841294, 0.11705183977909084, 0.04238752171192332], [0.09848920566780288, 0.7628914358619544, 0.11890522765927984, 0.01971413071096284], [0.03816449876386582, 0.8162783289204562, 0.12723001128390388, 0.018327160931774188], [0.04354133002878929, 0.8349740348857498, 0.08535004992395137, 0.03613458506150952], [0.045191113932911635, 0.550533917459395, 0.390699363270113, 0.013575605237580458], [0.058333753478123015, 0.8312182936477835, 0.07154939481613291, 0.038898557957960475], [0.034485674620271606, 0.13220433593997788, 0.7745953624383917, 0.05871462690135885], [0.01346564566559191, 0.1228489328091242, 0.8416445843298059, 0.022040837095477904], [0.09573945754876725, 0.5596887239381672, 0.31441180606570174, 0.030160012347363912], [0.060371958163094964, 0.5135387219983796, 0.3882634370256383, 0.03782588271288717], [0.11518265836311428, 0.7514557101672504, 0.05282729392664678, 0.08053433744298848], [0.10460360980001335, 0.6612795644778702, 0.1838629988956395, 0.05025382672647693], [0.03760610800650969, 0.3148721094764393, 0.617283092175021, 0.030238690242030065], [0.03457221156646367, 0.3129578916667292, 0.58576174617024, 0.06670815049656707], [0.04252436126708099, 0.8025453796129466, 0.1417462590814319, 0.013183999938540516], [0.04112028273764353, 0.7522353936628114, 0.16282646148088664, 0.04381786201865836], [0.05754500061478571, 0.8593389102923948, 0.026389597959016367, 0.056726491033803075], [0.07219855029391713, 0.8265488815549072, 0.05809212107537144, 0.0431604469758042]], "ideal": "A", "sampled": "B", "correct": false}}
{"type": "result", "data": {"idx": 10, "options": ["To break down large markets into smaller markets.", "To provide an opportunity to surpass competitors.", "By grouping together customers with similar needs, it provides a commercially viable method of serving these customers.", "To allow the achievement of greater market share."], "probs": [[0.0003401969214766441, 0.0010306168304803358, 0.9980325882881165, 0.0005965978599264909], [0.00019651331650053148, 0.0004905301932985374, 0.0011047251167658604, 0.998208231273435], [0.0006824292785865202, 0.9989704262586984, 0.0002956997128495577, 5.144464986550625e-05], [0.0006459998158287998, 0.9988318673710842, 0.000450733003189254, 7.139970989769716e-05], [0.0004461010045541557, 0.0011849687281804578, 0.0007710102263985414, 0.9975979199408669], [0.0004678042888601602, 0.002586335172203398, 0.9962916953308951, 0.0006541651080412914], [0.0001776428866205637, 0.0028858860530255187, 0.9964385803734908, 0.0004978905868631801], [0.00017960691391303663, 0.004970863984454784, 0.0007741000243286012, 0.9940754289773036], [0.0004954196134225583, 0.9991098222133804, 0.00034292479416363816, 5.183327903339566e-05], [0.00046907687039977837, 0.9990719916245007, 0.0003651023784113871, 9.382902668812862e-05], [0.00011690386401415283, 0.00026780018863246485, 0.005458353799923802, 0.9941569420474295], [0.000208044341480465, 0.0008887052130736095, 0.998333831621133, 0.0005694187243129754], [0.6841837919613353, 0.31320837853434524, 0.0019686660246401796, 0.0006391633796792672], [0.6794952800548717, 0.31595918978945253, 0.003767730365600125, 0.0007777996900756713], [0.024282394655642636, 0.01719919880805082, 0.9552588593076491, 0.003259547128657504], [0.9494099403845326, 0.03197681459516563, 0.005473060410524611, 0.013140184509777143], [0.4381123711402041, 0.08485610647903274, 0.4737124665603261, 0.0033190557204370126], [0.9512682671833447, 0.04050733062812117, 0.002199073073059784, 0.0060253290154743564], [0.00029881042421847973, 0.003815647912317274, 0.0007691291392047649, 0.9951164124242595], [0.000336591332364683, 0.00412817117277311, 0.9950895410105972, 0.000445696384264972], [0.00014568435482701072, 0.00022405818012441881, 0.004125954485295626, 0.995504302879753], [0.0004069808973260026, 0.001088266660658486, 0.9977625004022044, 0.0007422519398111067], [0.0008420016832473482, 0.9984447797952556, 0.0006401628969363033, 7.305552456074534e-05], [0.0008894111502280183, 0.998447134023438, 0.0005226690627408661, 0.0001407856635930654]], "ideal": "C", "sampled": "C", "correct": true}}
{"type": "result", "data": {"idx": 11, "options": ["Repeat purchases.", "Buyphases.", "Buyclasses.", "Tenders."], "probs": [[0.0024853822003808286, 0.8496187939323647, 0.14770055295440704, 0.00019527081284744806], [0.0031414290285627037, 0.9951404147629308, 0.0013832213667764358, 0.00033493474173010453], [0.002889299192471459, 0.01629644626875697, 0.9803813138531785, 0.00043294058559303526], [0.009691934074847329, 0.05495393478216816, 0.017280984824858677, 0.9180731462181259], [0.0039273909146070405, 0.03383505996545973, 0.9606977437402584, 0.0015398052796748323], [0.009190541442937657, 0.08191303686772156, 0.18745421855123706, 0.7214422030381037], [0.007503934190069232, 0.024936981450978415, 0.9671384673492056, 0.0004206169097467764], [0.0744846021643645, 0.19340199374263134, 0.044484831719754384, 0.6876285722732498], [0.004534297475953678, 0.9949525868666625, 0.00048169302940972726, 3.142252797401677e-05], [0.0057222285996109245, 0.9935517592288235, 0.0006729988571736715, 5.30132143918925e-05], [0.023724631179720894, 0.09099121662038269, 0.22153551044440747, 0.663748641655489], [0.013769261043902862, 0.020007533742594084, 0.965640206438999, 0.0005829986745041546], [0.002249329028147348, 0.01682712256701851, 0.980476936249112, 0.0004466120557221274], [0.008965095178595435, 0.06134192422132791, 0.012258619554897376, 0.9174343609451793], [0.0021312605889689325, 0.9975587808259636, 0.0002861861574317475, 2.3772327635674754e-05], [0.0026707499144469397, 0.9968905320725697, 0.0004032908953473784, 3.542701763590839e-05], [0.0020047254832591213, 0.020098852899518113, 0.06582962273216648, 0.9120667987850563], [0.002566007045138824, 0.008937149584480194, 0.9880804724503135, 0.0004163708200674712], [0.0023625372042838733, 0.07991111258096321, 0.916572721417748, 0.001153628697004897], [0.0035202202111042098, 0.8280893341390577, 0.11930703164411759, 0.04908341390572049], [0.002409800282791493, 0.9957404295769376, 0.0015562000700704074, 0.00029356997020044313], [0.0030398797969199876, 0.9853876626913147, 0.011469534819125948, 0.00010292259263933863], [0.0053252933761948, 0.6058905957102292, 0.09735297046450113, 0.2914311403490749], [0.004927526042925182, 0.04054372977815711, 0.9539529322655541, 0.0005758118133635699]], "ideal": "C", "sampled": "B", "correct": false}}
{"type": "result", "data": {"idx": 12, "options": ["Winner's curse.", "Winner's price.", "Winner's reward.", "Loss-leader pricing."], "probs": [[0.9093185159423075, 0.05130975000457643, 0.006224506597780829, 0.03314722735533523], [0.9104357858890005, 0.03757320303611965, 0.05134932268481689, 0.0006416882900628991], [0.889737180497656, 0.05179751217913259, 0.008999946114635372, 0.04946536110857603], [0.7965967174258919, 0.052525770678255014, 0.1496512911489538, 0.0012262206468992244], [0.9626403788722997, 0.03562548881596908, 0.0015651546967825327, 0.0001689775149487312], [0.9641156060383539, 0.03458219717758933, 0.001146899869294533, 0.00015529681476221128], [0.0007646267111794273, 0.9962032503069408, 0.0008869001183311428, 0.002145222763548614], [0.0006449498455601098, 0.9975287297490449, 0.0014755116977785768, 0.0003508086076163351], [0.00045823289567042535, 0.005363671372675768, 0.9915231688802811, 0.002654926751372617], [0.0005058554468401344, 0.004576202633138469, 0.9885680592141528, 0.006349882605868589], [0.002870693083334612, 0.8738892610497075, 0.12198553890130853, 0.0012545068656493632], [0.0015370376785042784, 0.90273036295818, 0.0020687200027199024, 0.09366387926059577], [0.0006350999980317143, 0.9982268982214784, 0.0005023938788763498, 0.0006356078016136279], [0.0007086887628518126, 0.9982920484156647, 0.000748309205010811, 0.0002509535164726943], [0.00034393209283240455, 0.003811018685949024, 0.993605173444873, 0.0022398756763456168], [0.00040158087898847853, 0.0033599647895499497, 0.9921880195112078, 0.004050434720253749], [0.0021861321827986936, 0.7902413449637757, 0.20610424595609525, 0.0014682767973302902], [0.0012160443640084665, 0.9387229870687489, 0.001898292951996286, 0.05816267551524635], [0.3300506398677583, 0.6668117493079933, 0.0026005494291615823, 0.0005370612950869172], [0.36193789398416326, 0.6352792022588295, 0.00222101257065389, 0.0005618910863533887], [0.10362136232665307, 0.11553171130634544, 0.7776437899268325, 0.0032031363401689803], [0.23721645583426576, 0.11387699721987861, 0.013177914336400086, 0.6357286325094555], [0.009527300330466669, 0.04471746387316123, 0.9420252886125022, 0.0037299470838698676], [0.11654900939765674, 0.06856205551996339, 0.01732520821152421, 0.7975637267708556]], "ideal": "A", "sampled": "A", "correct": true}}
{"type": "result", "data": {"idx": 13, "options": ["Price bundling.", "Price elasticity.", "Price inelasticity.", "Price inflation."], "probs": [[0.0022493316726693064, 0.9966334671669647, 0.0010543131471757012, 6.288791319038012e-05], [0.0020488964780806984, 0.9972216843086913, 0.00031938318581582433, 0.00041003592741218475], [0.0049235595522657116, 0.00978606346133034, 0.9841571104390693, 0.0011332664473347053], [0.0013604487166022897, 0.0022464158432741223, 0.0010115849578066108, 0.995381550382317], [0.001297396746755061, 0.002661174436540566, 0.9940644976247703, 0.001976931091934041], [0.0019040924450056862, 0.006347703421449308, 0.03428669600813169, 0.9574615080254133], [0.8241206018866803, 0.04038009521642169, 0.13454172353725688, 0.0009575792596410197], [0.036772991396569456, 0.010379497592450198, 0.0031164268991501465, 0.9497310840118302], [0.8893076862346573, 0.10958519693162096, 0.0009485046066915421, 0.00015861212703024516], [0.8695614415758119, 0.129242615068517, 0.0009872641037115513, 0.00020867915195943207], [0.05873096938813586, 0.013528621295346575, 0.007707339514230995, 0.9200330697022866], [0.07333696361619732, 0.017409115290165027, 0.9079316248095297, 0.0013222961841079567], [0.003016498578127119, 0.0025390103612613723, 0.9938643718553426, 0.0005801191052688876], [0.0008084050355545988, 0.0005394407104968185, 0.000702690495532804, 0.9979494636584157], [0.002286757465424972, 0.9975077449969525, 0.00017506138314769126, 3.0436054474785635e-05], [0.0019874097655288477, 0.9977893767038284, 0.0001792638056660357, 4.3949624976670766e-05], [0.0007073002430481456, 0.000564823842142165, 0.0015942323492904164, 0.9971336434655192], [0.0018926397538472195, 0.0014055998496577868, 0.9962763597429072, 0.0004254005535877885], [0.0013425393906798784, 0.007310085646665219, 0.9891003583056213, 0.002247016557033678], [0.0015537605425534446, 0.011948904409478453, 0.006593903274512255, 0.9799034316734558], [0.0007552191872187048, 0.99898849698695, 0.00019709349485802624, 5.919023097320712e-05], [0.0007434368252543484, 0.9987418185870008, 0.0004799426891562341, 3.480179858862674e-05], [0.0009626927656850402, 0.004526791567920856, 0.0014455292646270203, 0.9930649863017671], [0.0029715855656923663, 0.017082310974659794, 0.9788871270920586, 0.001058976267589276]], "ideal": "B", "sampled": "B", "correct": true}}
{"type": "result", "data": {"idx": 14, "options": ["Relationship marketing.", "Service mix.", "Market exchanges.", "Service failure."], "probs": [[0.004509897106289803, 0.005438224109633642, 0.9892682133220863, 0.000783665361990279], [0.009174681632996087, 0.006712770821759639, 0.0028872563253344885, 0.9812252911199097], [0.013418734513905795, 0.9859457427724432, 0.0004665146593013008, 0.00016900795434970515], [0.01300902639656476, 0.9862094928007507, 0.0006789315245000528, 0.00010254917818450002], [0.007749329001542387, 0.006839332245061134, 0.0012455924698951807, 0.9841657461835013], [0.03326935249495564, 0.020490515536179758, 0.9424485361412996, 0.0037915957275649337], [0.013356674608938721, 0.018538704345148555, 0.9662396417654553, 0.0018649791804574217], [0.02845593580575577, 0.0454746297192394, 0.012239737472556023, 0.9138296969024488], [0.003536528597015436, 0.9960902709978683, 0.00032389719140925516, 4.930311370696838e-05], [0.0032204001263648847, 0.9962074445224104, 0.0004862737107639996, 8.58815404607064e-05], [0.017693175825065934, 0.024185962236208062, 0.006509537179747506, 0.9516113246589785], [0.00918370673093692, 0.01913165482772392, 0.9666134942961547, 0.005071144045184438], [0.9541397660938984, 0.04126967476815196, 0.0025979543489196293, 0.0019926046890300516], [0.9444604489677222, 0.04851026753140134, 0.005795010249436885, 0.0012342731514395603], [0.9396565797208004, 0.0432629494398881, 0.014269717429340113, 0.002810753309971363], [0.9293134368494942, 0.054088492598283244, 0.00829697094945758, 0.008301099502764952], [0.9313845774180284, 0.06239272348366925, 0.004246868916399198, 0.001975830081903159], [0.9159289323509687, 0.07286569528270065, 0.004732830465532009, 0.006472541800798618], [0.005602384753826936, 0.0051017476618500325, 0.0014846289562489225, 0.9878112385280741], [0.027887378663483595, 0.01638832624445455, 0.9528756366252228, 0.002848658366839067], [0.02279845332506054, 0.013614561704741849, 0.008653743720039376, 0.9549332411501582], [0.007032991175622213, 0.009312050452019011, 0.980534876374984, 0.0031200818973747342], [0.011148580498689286, 0.9879793656525668, 0.000782805447198064, 8.92483015458492e-05], [0.009847721901072479, 0.9889132521652668, 0.000901872603771915, 0.00033715322988883613]], "ideal": "C", "sampled": "C", "correct": true}}
{"type": "result", "data": {"idx": 15, "options": ["Search marketing.", "Internet advertising.", "Permission-based email marketing.", "Social web marketing."], "probs": [[0.00027947450801274243, 0.0014620814435656521, 0.99680727469502, 0.0014511692534016553], [0.00018759767055965854, 0.00027131368120019827, 0.001079580642561708, 0.9984615079056784], [0.0005193425940881848, 0.9991372035186256, 0.0002958726779368948, 4.758110934939329e-05], [0.0005152890281520441, 0.9991936195515099, 0.0002359091475238499, 5.5182172814271155e-05], [0.00015429614381137847, 0.0002032125681456122, 0.0013224827456316372, 0.9983200084424113], [0.00029986229677740416, 0.0013006789359122427, 0.9968543338876382, 0.0015451247796720942], [0.00036722920828129516, 0.0016053338262374981, 0.9965879729935712, 0.0014394638719100181], [0.00023157473428368243, 0.00027335783126110276, 0.0013431428506500097, 0.9981519244838052], [0.0007322170833179526, 0.998914079406767, 0.0002958740792817297, 5.782933063325858e-05], [0.0007673543896031553, 0.9989467286825969, 0.00023408228353960766, 5.183454426029919e-05], [0.00023899160951048855, 0.0002713660001275991, 0.0009754444110066825, 0.9985141978793552], [0.0004326426315066819, 0.0017084715209699053, 0.9964307965828488, 0.0014280891646745826], [0.988651649348655, 0.010156988012563883, 0.0010381438400044525, 0.0001532186987766646], [0.9905402323798518, 0.008436772262026649, 0.0008896334562662252, 0.00013336180185532896], [0.9885814850756312, 0.01031638440185508, 0.0009452655287060108, 0.00015686489380776816], [0.9913394052170998, 0.00780917905894368, 0.0007498529306670407, 0.00010156269328941772], [0.9913765517582671, 0.007568820162560033, 0.0009330998597675254, 0.00012152811940532067], [0.9913751538451571, 0.0075689005157795535, 0.0009478434856947161, 0.00010810205336862539], [0.00015195790772032247, 0.00017937508363969452, 0.0010968033356803229, 0.9985718635729597], [0.00022298969863900718, 0.0010458029169753307, 0.9974191995567488, 0.0013120077276367736], [0.0001862596729605056, 0.00023774343734739447, 0.000578329140569922, 0.9989976676491221], [0.0002429078051683327, 0.0012511052390818303, 0.9971738616736583, 0.0013321251820915462], [0.0005112495907555073, 0.9992308068041307, 0.0002114768547873468, 4.646665032648759e-05], [0.0005274751799552138, 0.999215191031836, 0.000218196611608615, 3.913707660013402e-05]], "ideal": "C", "sampled": "C", "correct": true}}
{"type": "result", "data": {"idx": 16, "options": ["Vehicle.", "Courier.", "Transportation.", "Distribution channel."], "probs": [[0.001305166732116043, 0.0037533961700876085, 0.001217401222082522, 0.9937240357757138], [0.0011608383619412532, 0.005281300200575227, 0.9916438264326035, 0.0019140349048799865], [0.001099627657278102, 0.002207069343499633, 0.0027016069674831275, 0.9939916959317391], [0.0007565872433510383, 0.003159030075470311, 0.9932069080809411, 0.002877474500237497], [0.0005880872547272826, 0.9992009505157683, 0.00014642013563662077, 6.454199386776961e-05], [0.000635796619649099, 0.9991039726647739, 0.00016851095713370522, 9.171965844325818e-05], [0.0012471481244543023, 0.0026235740645882883, 0.0012479033106339947, 0.9948813744003234], [0.0009643384050184453, 0.0036948231659327114, 0.9935946253026238, 0.0017462130264250147], [0.0008321844886260448, 0.0014629804871175295, 0.0012210564157414318, 0.996483778508515], [0.0006841821998844728, 0.002879180625070504, 0.9940859165268526, 0.0023507205481923445], [0.0004992236823288231, 0.9992764047842458, 0.00015348066057339392, 7.089077285188287e-05], [0.0006509285644831197, 0.999145113190799, 0.0001302461266256492, 7.371201809218049e-05], [0.0007741106342929446, 0.0019341516355064286, 0.002703181847546525, 0.9945885557826541], [0.000562110664701367, 0.0035235342822771956, 0.9928524171856901, 0.0030619377673313853], [0.001132942018814972, 0.004595795104216009, 0.0013784775281176073, 0.9928927852488514], [0.0008309023928362466, 0.010938879254397384, 0.9853750847047723, 0.0028551335479940375], [0.0003273992634848803, 0.9993534119419776, 0.0001836764282709039, 0.0001355122662666325], [0.0003457889742127649, 0.9994308683114161, 0.0001365140597172914, 8.682855465375187e-05], [0.9723255659370063, 0.02512731782118139, 0.0009897133593812176, 0.0015574027824311592], [0.9669188606801161, 0.030615019726313426, 0.0010559309979538414, 0.0014101884956165562], [0.9858193225537087, 0.011848507242323206, 0.0010434754476446914, 0.0012886946563233524], [0.9865394484072594, 0.011314887344112979, 0.0009434087183455667, 0.0012022554302821042], [0.9712019753956794, 0.02470709618401983, 0.0016815627790546534, 0.002409365541246081], [0.9801349327412008, 0.016873193366816763, 0.001184771730976599, 0.0018071020610058736]], "ideal": "D", "sampled": "D", "correct": true}}
