{"type": "result", "data": {"idx": 0, "options": ["Aging is related to an increase in vaginal lubrication", "Aging is associated with an increase in the frequency and number of orgasmic contractions in both sexes", "There is no significant relationship between aging and sexual responses in either sex", "Aging is related to some loss of erectile rigidity in the male"], "probs": [[0.01180709515164081, 0.7660285768750045, 0.20298419818470217, 0.01918012968865249], [0.012458671068773602, 0.8812571894428607, 0.04816386174918174, 0.05812027763918398], [0.01168605253194724, 0.03628486499277386, 0.9233103064107521, 0.028718775964526832], [0.029107864184169444, 0.20394712152665662, 0.5128982528893061, 0.25404676129986775], [0.00840591665785248, 0.8787340421353029, 0.06772491544122834, 0.04513512566561622], [0.009320533666020425, 0.8809840208217491, 0.02382524692831888, 0.08587019848391154], [0.06669644712934523, 0.0768327540938821, 0.7907133035794419, 0.06575749509733077], [0.06091966129572824, 0.0887488502501194, 0.6992359782772735, 0.15109551007687885], [0.11072411222059772, 0.7230259071606688, 0.06033838449801045, 0.10591159602072303], [0.1277968639158912, 0.6914265832040757, 0.12030322697276657, 0.060473325807266554], [0.11899944393636895, 0.5595290064252177, 0.06086850910770175, 0.26060304043071153], [0.09628878676358765, 0.4817140471708971, 0.37572181780934916, 0.04627534815616607], [0.012773605640119905, 0.034206010682580994, 0.9123777424592878, 0.04064264111801124], [0.019686135160923563, 0.0598017574535849, 0.7526227592266006, 0.16788934805889089], [0.01923632943939165, 0.9141791819639724, 0.03275664810025751, 0.03382784039637841], [0.02347399062405945, 0.8959357449175889, 0.05726009413998739, 0.02333017021836424], [0.04353121861811006, 0.561138785676697, 0.1037973420897236, 0.2915326535154694], [0.023848405286197163, 0.2709500127456227, 0.6717892268043719, 0.033412355063808186], [0.2171250814839115, 0.21391893283615335, 0.3643819580792004, 0.2045740275007348], [0.25967558170311533, 0.13066993135918298, 0.4098270244357708, 0.1998274624019309], [0.15480079293858823, 0.7053969664201688, 0.02452939784007698, 0.11527284270116599], [0.1733176269084013, 0.6751354963548345, 0.1416827446717775, 0.009864131964986684], [0.547282073164888, 0.25465901450290107, 0.05694161451693809, 0.1411172977152729], [0.1948960706604481, 0.20746913489926527, 0.574509779412333, 0.02312501492795355]], "ideal": "D", "sampled": "B", "correct": false}}
{"type": "result", "data": {"idx": 1, "options": ["\u201cBlank slates\u201d", "Less intelligent than adults", "\u201cLittle scientists\u201d", "Shaped by culture"], "probs": [[0.0054721403441087115, 0.013539957708531532, 0.9796364827200876, 0.0013514191272721483], [0.021988871800710078, 0.03405864521971742, 0.5943253556531773, 0.3496271272263951], [0.006482144429951743, 0.9926127910697995, 0.0008502581142559868, 5.480628599272035e-05], [0.00505455838240205, 0.9938756341983371, 0.0010109447849963335, 5.886253426448113e-05], [0.05894398731834413, 0.42215812823286597, 0.009327433481209414, 0.5095704508675805], [0.049496576196569476, 0.30793112520493465, 0.6418715716260928, 0.0007007268724031204], [0.002883458090620568, 0.03099020928770926, 0.9642793508242642, 0.0018469816974059927], [0.01347592484449774, 0.16941458449686062, 0.13609356352994725, 0.6810159270286944], [0.003991221868888802, 0.9919648979426465, 0.00380788425303575, 0.0002359958354289248], [0.003472724235228277, 0.9934555830365224, 0.0024242264485733788, 0.0006474661796760248], [0.00431418585016157, 0.04532143262127602, 0.24111187822978655, 0.7092525031987759], [0.00241911953586956, 0.021055870349220206, 0.9684058103620019, 0.008119199652908367], [0.9689317026135517, 0.029722611371142103, 0.0012173251778832786, 0.00012836073742293237], [0.9688412692062104, 0.028360037557398757, 0.0026377356074507403, 0.00016095752894012476], [0.9530078898691925, 0.028332177935966738, 0.01800889360131462, 0.0006510384935260872], [0.9573307467499641, 0.025512953778049838, 0.012051883876087225, 0.005104415495898789], [0.9497270195910593, 0.030529300365700396, 0.01940447012741538, 0.0003392098158249146], [0.9725730594813315, 0.023973208353764805, 0.0021114156497138493, 0.0013423164151898025], [0.008116257672842254, 0.9831516505061995, 0.003490809245630577, 0.005241282475327662], [0.007522922845215326, 0.9852947467870318, 0.006849147292600097, 0.00033318297515274453], [0.0024622448131524336, 0.02335981826749883, 0.7381268702871894, 0.23605106653215932], [0.0017489209606806086, 0.009751036823998405, 0.9796197731943995, 0.008880268920921478], [0.005904101428752691, 0.9623032420505209, 0.031418119305785024, 0.0003745371149414081], [0.006241210613646016, 0.9859822198641527, 0.0046381399986343864, 0.0031384294235669036]], "ideal": "C", "sampled": "C", "correct": true}}
{"type": "result", "data": {"idx": 2, "options": ["about 68% of the observed scores for the test population lie within 15 points of the mean score", "about 68% of the individuals with a given cure score will have observed scores within 15 points of the true score", "about 15% of the scores are in error (i.e., they are not measuring the trait reliably)", "differences of up to 30 points represent the same true score"], "probs": [[0.21649701785309655, 0.18233464567285504, 0.5994061797752575, 0.0017621565987909844], [0.4093921895187504, 0.41629521173716566, 0.03880020802228141, 0.1355123906218025], [0.71029109169082, 0.2740757779065007, 0.014546306887038537, 0.0010868234156406946], [0.7408386775272279, 0.24453880426816682, 0.013085750351314556, 0.001536767753290796], [0.3361398031396271, 0.20400743488428538, 0.22436358366694906, 0.23548917820913848], [0.3795136955009411, 0.11221113350509916, 0.5044652617106468, 0.0038099091833129705], [0.3710506857827359, 0.14992521422907173, 0.47745771088468825, 0.00156638900350412], [0.6049338848999443, 0.25240201883781277, 0.03216245913910178, 0.1105016370231412], [0.6037263171678743, 0.3840693468204736, 0.011258796597575216, 0.0009455393140768384], [0.6314507223210627, 0.3545678908119898, 0.010815867387969481, 0.0031655193789779904], [0.18678381382074888, 0.13671458377281243, 0.5416603926024758, 0.13484120970396288], [0.3292421519803738, 0.11032957238238936, 0.5534298024366966, 0.006998473100540224], [0.028007351563490206, 0.9283644789514677, 0.038945709399275844, 0.004682459985766228], [0.018907789473624707, 0.9558111001344225, 0.019238900731758542, 0.006042209560194243], [0.012456603068249677, 0.960133185521139, 0.024031010781567587, 0.0033792005290437404], [0.010882521410854811, 0.9658546539102043, 0.01465907150648347, 0.008603753072457395], [0.008169252637645143, 0.026788185115151873, 0.94815560658141, 0.016886955565793005], [0.011798254221379588, 0.03183974076252711, 0.9341510994648597, 0.022210905451233557], [0.002170094453541154, 0.9928146288823387, 0.003965696195352498, 0.0010495803687676436], [0.0021657571233470066, 0.9906588809686064, 0.00688212878312465, 0.0002932330249218767], [0.002791143523311289, 0.9793974438724676, 0.011945856755299522, 0.005865555748921553], [0.0035058448979903255, 0.9429712439532838, 0.05233883150896902, 0.001184079539756823], [0.010704079920952111, 0.25320187868780014, 0.7232824155820959, 0.01281162570915174], [0.008309101545758535, 0.06584551074328897, 0.9122585500417213, 0.013586837569231212]], "ideal": "B", "sampled": "A", "correct": false}}
{"type": "result", "data": {"idx": 3, "options": ["An Apgar", "A teratogen", "Only a problem in the first 6 weeks", "A controlled substance"], "probs": [[0.0038346204689151996, 0.9920956195186905, 0.0035459894090201396, 0.0005237705033741601], [0.0035777604228846276, 0.9934964135455755, 0.0025173635927186735, 0.00040846233882120114], [0.0020004152480856837, 0.0069809958224274745, 0.9894113660554322, 0.0016072227740546487], [0.0006563335363482583, 0.0026207790465612004, 0.0038083038359653853, 0.9929145834811252], [0.001450366078222921, 0.008281082677652386, 0.98798648491987, 0.0022820662242546905], [0.0009985152858018066, 0.0030102455036671587, 0.005274484396108523, 0.9907167547144226], [0.9647506617119791, 0.026962463208599043, 0.0070354431969413865, 0.00125143178248043], [0.9641658349560617, 0.02824088443167901, 0.006302874643557789, 0.0012904058687015604], [0.9637827738479967, 0.027789029691509162, 0.007138557608117554, 0.001289638752376588], [0.9676381877902144, 0.026206673374161514, 0.005162520468342511, 0.0009926182672815626], [0.964134588084165, 0.027371281818596452, 0.007141780630387649, 0.0013523493668508876], [0.9660004666538831, 0.026990647304384295, 0.006025608343704487, 0.0009832775980281867], [0.0021384864682067913, 0.009071877664666207, 0.9859574317596108, 0.002832204007516152], [0.0007739650004973302, 0.002792975752199798, 0.002480527052786941, 0.993952532094516], [0.006165429881495909, 0.9899636397424101, 0.0035661090701854504, 0.0003048212059085213], [0.005542933946605967, 0.992561508126006, 0.0016129026587775547, 0.0002826551686105273], [0.0005687063891031017, 0.0010907238343267319, 0.007671025551816272, 0.9906695441247539], [0.0014528987887233494, 0.006980729604781071, 0.9892646521299818, 0.0023017193765136968], [0.0011632007283019982, 0.009365189983129253, 0.9860786966822075, 0.003392912506361304], [0.0008885631993039184, 0.0022754843105523086, 0.005445039661943703, 0.9913909127282], [0.0031747024231526103, 0.9909483849971522, 0.005439687552967917, 0.00043722492672721103], [0.0031787434802388955, 0.9917610628709601, 0.004587104977467388, 0.00047308857133356903], [0.000568049553948136, 0.001116653325315426, 0.00868221095358676, 0.9896330860671497], [0.001280594473601363, 0.008152738040936094, 0.988138118327851, 0.002428549057611557]], "ideal": "B", "sampled": "B", "correct": true}}
{"type": "result", "data": {"idx": 4, "options": ["needs analysis.", "job evaluation.", "summative evaluation.", "formative evaluation."], "probs": [[0.9894668625293899, 0.008830907370253216, 0.0014091120652378049, 0.0002931179351191064], [0.9888326891341492, 0.008825851930707285, 0.0022328217408195774, 0.00010863709432394196], [0.9869098620073409, 0.011134192971177029, 0.0014388744826779605, 0.0005170704388040806], [0.8895215474102264, 0.016540848979538496, 0.09378024160444204, 0.0001573619057931037], [0.9898096878291558, 0.008835054498344347, 0.0012538961139788457, 0.00010136145852100748], [0.9902212221229987, 0.00804699831850351, 0.0016615399422064843, 7.023951629127975e-05], [0.0070005337505325204, 0.9913088518776958, 0.0014451929366868764, 0.0002454213350847928], [0.008556985336703156, 0.9890338940835374, 0.002164256067990572, 0.00024486441176888897], [0.008754177083348337, 0.01852020821177687, 0.966116733499987, 0.006608881104887859], [0.011129642804540726, 0.027965295978916213, 0.8987831447340031, 0.06212191638253998], [0.008227515742333404, 0.021325482027900668, 0.9664985177082344, 0.0039484844215315245], [0.05384868614976744, 0.08743669608829921, 0.15841149869139187, 0.7003031189705414], [0.014701954938694627, 0.9836028190622564, 0.0014340193839550862, 0.00026120651509386545], [0.01418135816751425, 0.9787369618298201, 0.006912530574899405, 0.00016914932776623012], [0.014520057365667544, 0.011479667494849286, 0.9717733758213992, 0.0022268992180839633], [0.015023808125589275, 0.023626994148934842, 0.8601835978045984, 0.10116559982087743], [0.021171885683754884, 0.8861683459962003, 0.0919787632329077, 0.0006810049871370657], [0.034602654008326794, 0.8254269253321055, 0.005108247540934809, 0.13486217301863287], [0.03155421385423439, 0.9665310733194052, 0.001726880043619337, 0.00018783268274099617], [0.025496121305402086, 0.9718241250767152, 0.0025064254860486333, 0.00017332803183407457], [0.026764737187695967, 0.012634311630517049, 0.9589805583200872, 0.0016203927616997564], [0.09139454802496624, 0.056319156630396036, 0.20612249575318575, 0.646163799491452], [0.09439503165408719, 0.09888614466802945, 0.8034103311807924, 0.003308492397090962], [0.0895519466675383, 0.08415643744586107, 0.013537592982822028, 0.8127540228037786]], "ideal": "A", "sampled": "A", "correct": true}}
{"type": "result", "data": {"idx": 5, "options": ["a useful strategy for helping the client understand the present.", "a way for the client to avoid coming to terms with the present.", "\"the \"\"second layer\"\" of therapy.\"", "\"a way for achieving \"\"closure\"\" near the end of therapy.\""], "probs": [[0.018401808783220265, 0.944217406823348, 0.026799332831296818, 0.010581451462134963], [0.02329606211464655, 0.9457141086684376, 0.022606475539021665, 0.008383353577894133], [0.014161782688797406, 0.9474299160869365, 0.03144138549752817, 0.0069669156267378905], [0.015992385520286444, 0.95915700489577, 0.010499367000445993, 0.014351242483497525], [0.018154005773263517, 0.1439193582420912, 0.8166714601642007, 0.021255175720444615], [0.057384517342997036, 0.6074822778402886, 0.18835460015114505, 0.14677860456556927], [0.03196204274343409, 0.9343773691302174, 0.022338522085552433, 0.011322065940796015], [0.0354082283354588, 0.9425674596947482, 0.01366939384071875, 0.008354918029074218], [0.03548173744829665, 0.5725403651457459, 0.3758353439576267, 0.016142553348330733], [0.06917752889506641, 0.7919682653060663, 0.0539328777083088, 0.08492132799055842], [0.04012739538365481, 0.1637034665270816, 0.7702303894515379, 0.02593874853772567], [0.12886801168720677, 0.3614803200378094, 0.1847898187334847, 0.3248618494414991], [0.10576106508358693, 0.5716253465249843, 0.2968566389750306, 0.025756949316398124], [0.09883296589467701, 0.8538476863307699, 0.01666554513538479, 0.030653802539168294], [0.05734484578082757, 0.1558025163725397, 0.7683607849266086, 0.018491852820024097], [0.21630364009650246, 0.527022405600822, 0.12925579757423675, 0.1274181566284388], [0.016299191507108443, 0.029502452993275655, 0.9340606252912942, 0.020137730108321768], [0.013086753727545579, 0.031887866956172115, 0.9048009493110513, 0.050224429905231065], [0.015083667258763419, 0.8975492976621301, 0.0784886375554156, 0.008878397423690922], [0.013206652278206665, 0.9705026085509684, 0.008210606818687306, 0.00808013225213762], [0.013918944324007995, 0.8153922325477704, 0.16065216781017758, 0.010036655218044085], [0.013567312265428228, 0.9368303172925112, 0.014916405622604309, 0.03468596471945626], [0.02179097776375714, 0.12834845991958396, 0.8124687646425545, 0.03739179757410445], [0.02237415031379711, 0.1482174630892295, 0.7190894175736934, 0.11031896892328004]], "ideal": "B", "sampled": "A", "correct": false}}
{"type": "result", "data": {"idx": 6, "options": ["the efficiency of controlled memory processes", "metamemory skills, or knowledge about memory", "recognition memory", "the amount of factual memory knowledge available"], "probs": [[0.3850242197128556, 0.5019092559312544, 0.04389824717797941, 0.0691682770779106], [0.438858774345532, 0.4817377267491591, 0.042785089996269704, 0.0366184088090392], [0.29947017201983767, 0.33895580744848597, 0.2769842292008697, 0.08458979123080666], [0.17835006875307, 0.18400617678088202, 0.059762799520064, 0.577880954845984], [0.41209565911580914, 0.30120949637166006, 0.2619396594243627, 0.0247551849881681], [0.09252494938575424, 0.10992291863224347, 0.054426068067000295, 0.743126063815002], [0.3181234169457214, 0.6129092918393952, 0.031510430025083636, 0.03745686108979975], [0.3095631554800259, 0.6349197549789812, 0.03162845855570237, 0.023888630885290443], [0.4113027216276901, 0.39823544614855844, 0.11422176083110618, 0.07624007129264523], [0.4345181992381439, 0.33291407675907425, 0.04511071982036335, 0.18745700408241847], [0.5157974342642603, 0.24719221795414487, 0.18972690330885408, 0.04728344437274076], [0.36143499878483937, 0.2332121896004831, 0.036381937830847706, 0.3689708736838298], [0.06571849288018393, 0.6534537526284772, 0.14135357420177805, 0.13947418018956087], [0.0325083923681115, 0.17046550168576133, 0.030560728614861355, 0.7664653772312658], [0.063745444122085, 0.5506276282628735, 0.2642860313879151, 0.12134089612712644], [0.051214121467766736, 0.49379015147885336, 0.0504672268372495, 0.4045285001161304], [0.02701574442862399, 0.08459110016961181, 0.4295364125835016, 0.45885674271826254], [0.05127229703451843, 0.18759781841705817, 0.3093913368448247, 0.45173854760359866], [0.02898752664761656, 0.820883154760089, 0.12201740450183016, 0.02811191399046426], [0.033589177205659, 0.2727586359193701, 0.036908593437578616, 0.6567435933373923], [0.0636649615304605, 0.8255455597084406, 0.07214412407486666, 0.038645354586232264], [0.07170386758613022, 0.6098689561259307, 0.029449517507783386, 0.2889776586801556], [0.02577280874115014, 0.12107724988368146, 0.47895045243323303, 0.3741994888419354], [0.04408493730937194, 0.24968272353966284, 0.4816884390948948, 0.22454389995607044]], "ideal": "A", "sampled": "B", "correct": false}}
{"type": "result", "data": {"idx": 7, "options": ["Parkinson's disease", "Vascular Dementia", "a right frontal lobe tumor", "Alzheimer's disease"], "probs": [[0.3298491638658906, 0.28674720005820503, 0.09609841726662853, 0.2873052187092759], [0.42846864883974195, 0.29912478926023023, 0.17053062195678204, 0.10187593984324579], [0.3750404687220292, 0.2877855279173842, 0.07871187418871874, 0.25846212907186783], [0.3528784293971884, 0.43250517019413803, 0.11647390833391576, 0.09814249197475783], [0.4409539171114877, 0.30788026631404336, 0.12063880379430343, 0.13052701268016553], [0.29614574155447393, 0.24948855113706384, 0.25352216142148976, 0.20084354578697244], [0.06324201765683948, 0.3475934124458333, 0.16935540079090847, 0.41980916900641874], [0.050226787108628476, 0.4409988984396719, 0.2937226404597679, 0.21505167389193172], [0.10092502079453468, 0.12971604392750966, 0.3014850391529735, 0.4678738960249822], [0.08978367662860916, 0.15276987962960778, 0.604472760829029, 0.15297368281275409], [0.09117094562290769, 0.09715067739037737, 0.1576050096235773, 0.6540733672631376], [0.07258611820682276, 0.08362118901559654, 0.4050435785583149, 0.4387491141192658], [0.022100425956081, 0.9117211151802069, 0.020782403254165457, 0.04539605550954664], [0.018353517276788, 0.9421502886060672, 0.010147664340136505, 0.029348529677008312], [0.22754883424824643, 0.28342502884079424, 0.08249045784705815, 0.4065356789639012], [0.29760763809032137, 0.4197478577262734, 0.12806414602428445, 0.15458035805912074], [0.28037963150259354, 0.30328843898388064, 0.15252042269732502, 0.2638115067162008], [0.3054463954097476, 0.2870084430588902, 0.2100251230394958, 0.1975200383918664], [0.05652529253358458, 0.7001063539925326, 0.12356723651099896, 0.11980111686288385], [0.046853582777759195, 0.6177770425754993, 0.19743807391221016, 0.13793130063453143], [0.13028989211581796, 0.1501584760812623, 0.18677124280635735, 0.5327803888965624], [0.11352494204901821, 0.15777751134578083, 0.3554755932357761, 0.3732219532694248], [0.09646654082516803, 0.26656074124764, 0.45350255821187085, 0.18347015961532107], [0.13704744184207518, 0.2903628094258043, 0.37879571879288054, 0.19379402983924002]], "ideal": "A", "sampled": "A", "correct": true}}
{"type": "result", "data": {"idx": 8, "options": ["unethical, because the client's needs were not addressed more directly", "unethical, because the psychologist should have delayed the trip and given the client an appointment for that afternoon", "unethical, because the psychologist should have called a physician directly", "ethical, because it was not possible to determine whether or not the client was being manipulative"], "probs": [[0.42640869274561477, 0.09363650102883404, 0.47599648062396965, 0.003958325501581522], [0.6883588221019571, 0.13766282372395078, 0.01282098942951365, 0.1611573646445785], [0.8929549234368039, 0.09863351041043296, 0.005523727604214207, 0.0028878384485488775], [0.8356707036893258, 0.14519965545778338, 0.007014342999681148, 0.012115297753209617], [0.5160703504740597, 0.1598762673016571, 0.03860641900491832, 0.28544696311936485], [0.4099433039434326, 0.12892214134875407, 0.4436737231892435, 0.017460831418569866], [0.028509413024090633, 0.4674572217521169, 0.4750593767475426, 0.02897398837624983], [0.05493540832055061, 0.5817767532796425, 0.03133403591251796, 0.33195380238728894], [0.06678144261214505, 0.653866744750921, 0.23687122593339505, 0.04248058660353895], [0.11129326039324598, 0.6508415902430108, 0.029518728076371112, 0.2083464211873721], [0.04121730088321969, 0.12908765624257615, 0.4438115937422027, 0.38588344903200145], [0.04171601574142449, 0.15754012269509268, 0.6853859261913693, 0.11535793527211355], [0.6984909707122393, 0.26104861252148076, 0.018335874951139513, 0.022124541715140434], [0.601601111423391, 0.3271126083735369, 0.023353365700429684, 0.047932914402642406], [0.5097444757443341, 0.21922268420398253, 0.2408781547783458, 0.03015468517333757], [0.5233602992598311, 0.2322721573859303, 0.02909902598736886, 0.2152685172668698], [0.2633711099361263, 0.2398291378973504, 0.4280163943339531, 0.06878335773257022], [0.41813753920207236, 0.2577177103075924, 0.07387386591920016, 0.25027088447113505], [0.010556791271614107, 0.7948778492966537, 0.0225571828654906, 0.17200817646624153], [0.009019351570776553, 0.8186177963988334, 0.14913317521972366, 0.02322967671066643], [0.029815998984931622, 0.4056442612918049, 0.18871153692102963, 0.3758282027022338], [0.030376353041205124, 0.3118976828333061, 0.5147405064903469, 0.1429854575351419], [0.01869920592234882, 0.8739775190453853, 0.07288683760104923, 0.03443643733121657], [0.02502982751288261, 0.8169235188069707, 0.0224698657000473, 0.13557678788009941]], "ideal": "A", "sampled": "C", "correct": false}}
{"type": "result", "data": {"idx": 9, "options": ["clarify boundaries between family members in order to reduce enmeshment.", "work initially with the most differentiated family member.", "\"use a multiple-therapist team to prevent any one therapist from becoming \"\"triangulated\"\" into the family system.\"", "\"issue specific \"\"directives\"\" designed to counteract dysfunctional processes.\""], "probs": [[0.17715330986342667, 0.6086511889939942, 0.12770158875267876, 0.08649391228990043], [0.1615941673355633, 0.5297700166172501, 0.23901972172254274, 0.06961609422464392], [0.15544068448888332, 0.45674938474505733, 0.3142572862480993, 0.07355264441796007], [0.3399496395587268, 0.4868998127994463, 0.07711543255072248, 0.09603511499110441], [0.25894887024402563, 0.483721747460921, 0.17816985182678738, 0.07915953036826595], [0.44698614710171536, 0.4006584956964008, 0.03730944985727121, 0.11504590724461264], [0.007370008422656897, 0.9577687133570576, 0.02052333839070659, 0.014337939729578909], [0.010231331740046028, 0.9210910037163361, 0.04447834859614777, 0.02419931584747007], [0.014208086415780913, 0.1016996246426027, 0.8530333390849393, 0.031058949756677133], [0.03517528195700183, 0.10837281728212426, 0.015148476201831955, 0.8413034244590419], [0.030385854573714902, 0.1721160565546347, 0.748847134233376, 0.04865095453827435], [0.06215281693367384, 0.10575975433724354, 0.023258360230209153, 0.8088290683988735], [0.015539639816011079, 0.9029764045418583, 0.06150658129992088, 0.019977374242209654], [0.01540868193511734, 0.9533013823582344, 0.012392581442807292, 0.01889735416384097], [0.019058898354557076, 0.7977456973094772, 0.13445765141805083, 0.048737752817914884], [0.028729792601173542, 0.6539005618245213, 0.0126628046488873, 0.3047068408254178], [0.0335601761700768, 0.1757751992966115, 0.7184041095488402, 0.07226051488447158], [0.03252530361115624, 0.19616381164364502, 0.24427095724271344, 0.5270399274024853], [0.054212192628871884, 0.8220526942706313, 0.0765310038489017, 0.04720410915159503], [0.056233102629941904, 0.8935987080954017, 0.013796140939526398, 0.036372048235129996], [0.055606734830641213, 0.6773656110885723, 0.22011439828034096, 0.046913255700445564], [0.10072676710519117, 0.3151819601358538, 0.020490876725127616, 0.5636003959338274], [0.06798348032699125, 0.4645336110286383, 0.34020672258928947, 0.12727618595508092], [0.05035130271677614, 0.4929185243669963, 0.17046120414035726, 0.2862689686758703]], "ideal": "A", "sampled": "A", "correct": true}}
{"type": "result", "data": {"idx": 10, "options": ["A true experiment", "A cross-sequential cohort design", "A natural experiment", "A cross-sectional cohort design"], "probs": [[0.020952766320949563, 0.9484896111655033, 0.023755164566986564, 0.006802457846560529], [0.023608301903648498, 0.9579867398455872, 0.014105722765139668, 0.004299235385624598], [0.024031710615815657, 0.9160626811270667, 0.05333548202583944, 0.0065701261312781836], [0.03275863990695134, 0.9427242156172948, 0.011688334522689728, 0.012828809853064128], [0.12747128472748293, 0.6784291355173682, 0.17159892840679708, 0.02250065124835179], [0.14616393150344376, 0.719521909562597, 0.07706425654008293, 0.05724990229387632], [0.09879876083849941, 0.4939547035419596, 0.38485053710083444, 0.022395998418706556], [0.31059128158634125, 0.6274272822237943, 0.04993721488340468, 0.012044221206459819], [0.06683630147016666, 0.3139037921910011, 0.6054665129900573, 0.013793393248774972], [0.45231701961033954, 0.4383867280515763, 0.07386347980938479, 0.03543277242869931], [0.3963109872632775, 0.4931978908425482, 0.08309503690306838, 0.027396084891105888], [0.41634474629676477, 0.41636638278201005, 0.03418799362034476, 0.13310087720088037], [0.02980185797629748, 0.9567863748376597, 0.009681228628082572, 0.003730538457960243], [0.032637510354242324, 0.9541547866864912, 0.0053330939108767374, 0.007874608948389667], [0.036136098522146096, 0.8224691224518649, 0.13642683744561507, 0.004967941480373978], [0.09006395760428028, 0.881744142495026, 0.015416977970580678, 0.012774921830113034], [0.10011715608775505, 0.28519702432949434, 0.5855473973573935, 0.029138422125357093], [0.21075480312250933, 0.3163643275291558, 0.4000396549313469, 0.07284121431698798], [0.02008664305552034, 0.827909838949045, 0.12700449685760232, 0.024999021037832317], [0.014930963514742254, 0.4944748877984529, 0.45746430750086914, 0.033129841085935675], [0.018076667739443723, 0.8182477188178985, 0.1235709745712897, 0.04010463877136811], [0.015537197242268147, 0.7725210094405658, 0.042251229229704756, 0.16969056398746135], [0.010592992530874716, 0.1485345510102004, 0.8162434310039135, 0.02462902535501138], [0.024122972328962527, 0.584484240993247, 0.2849448733248405, 0.10644791325295001]], "ideal": "B", "sampled": "B", "correct": true}}
{"type": "result", "data": {"idx": 11, "options": ["recall of words", "verbal comprehension", "verbal learning", "production of speech"], "probs": [[0.001305824670796466, 0.002704469610218537, 0.001317242686081169, 0.9946724629329038], [0.0014239171497323665, 0.012091832471293647, 0.9764455903334402, 0.010038659945533683], [0.0012369996470298396, 0.002140545530816013, 0.0016273320741851433, 0.994995122647969], [0.0006427928876652586, 0.0030860352951394775, 0.9854867210697649, 0.010784450647430418], [0.0005069968767290623, 0.9985537550661302, 0.0005564427131755106, 0.0003828052439652238], [0.0004836221137578941, 0.9983670294331045, 0.0005519150389515284, 0.0005974333141860103], [0.0008784757623809969, 0.0014058545863949211, 0.001483604764162844, 0.9962320647870613], [0.0005312633826472478, 0.0033515527975519085, 0.989850804636507, 0.0062663790832938404], [0.0010349208393444574, 0.0019513812846677857, 0.0010939577287062162, 0.9959197400472816], [0.0015480073960972504, 0.014555211485892727, 0.9741881695186516, 0.009708611499358394], [0.001159209502897491, 0.9977870987503474, 0.0005307758008399336, 0.0005229158459151119], [0.0013021258182760633, 0.9968728075128425, 0.0010220120537025499, 0.0008030545151788836], [0.0016476205817637735, 0.0029636242257947126, 0.002783196554646091, 0.9926055585377954], [0.0005633223027999622, 0.0028122869756219866, 0.9866453888900081, 0.009979001731569917], [0.0009797419808806416, 0.0021764227377894852, 0.0010603230323613885, 0.9957835121489684], [0.0013739211106854336, 0.008739556728713408, 0.9798174064895034, 0.010069115571097664], [0.0010881724744017274, 0.9972260403647674, 0.000596452528639468, 0.001089334532191436], [0.00115832087441342, 0.9968196106361026, 0.0015461350245346954, 0.0004759333649492599], [0.9974207756210566, 0.0020837313240908047, 0.00046200086380090847, 3.3492091051752974e-05], [0.9964910093524848, 0.002981634437106017, 0.0004653193172245455, 6.203679318461577e-05], [0.9969178009872943, 0.0028026581095131867, 0.0002570638804668849, 2.247692272559299e-05], [0.9959718411548127, 0.003539427121923057, 0.0004577858119168232, 3.094581134736402e-05], [0.9948632341323892, 0.0046102584460802525, 0.00043986375179039933, 8.664356974018137e-05], [0.9958972636100951, 0.0032730091887550766, 0.0007906216435863219, 3.910545756350186e-05]], "ideal": "D", "sampled": "D", "correct": true}}
{"type": "result", "data": {"idx": 12, "options": ["the child\u2019s intelligence.", "the child\u2019s \u201cbasic personality.\u201d", "the strength of the parent-child attachment.", "the parents\u2019 childrearing behaviors"], "probs": [[0.0030823241871502398, 0.02569151401867151, 0.007698632066529128, 0.9635275296276491], [0.0005557152066408345, 0.006605025763883509, 0.9816063019654657, 0.011232956964009964], [0.0016955871671904975, 0.02921066032825559, 0.0026920058042317527, 0.9664017466003222], [0.002005968375325543, 0.22635510568219033, 0.766228130385209, 0.005410795457275117], [0.0006493484289282171, 0.9972510693039044, 0.0012323091635106664, 0.000867273003656703], [0.000615435102228136, 0.9983806778893671, 0.0007197367068634267, 0.0002841502015413519], [0.004764794034573632, 0.010197493522085588, 0.007806243119335604, 0.9772314692240052], [0.0006505089336239445, 0.003978222744790656, 0.9902661781848746, 0.005105090036710762], [0.00330484162961809, 0.10300344023864436, 0.003663378229141105, 0.8900283398025964], [0.004459090226726353, 0.5883893583752281, 0.40448765431678574, 0.00266389698125976], [0.0010215922524119366, 0.9973974345532901, 0.0010628192281877016, 0.0005181538661102082], [0.0011759352110252686, 0.9973091035996674, 0.0011855763783007714, 0.0003293847110065382], [0.0025123449492840616, 0.00320942379188501, 0.002086614606955481, 0.9921916165518755], [0.001170166708407266, 0.004206842015339, 0.9916868690263447, 0.002936122149909011], [0.005466054483296528, 0.009320406737050426, 0.004038183232529878, 0.9811753554471232], [0.005766002759928624, 0.0171954421932762, 0.9701965766211339, 0.006841978325661291], [0.019921123547738083, 0.9754729970624804, 0.0026778666826364904, 0.0019280126071450799], [0.029137357346558687, 0.9653085272798968, 0.004135861022027697, 0.0014182542515167728], [0.8799957429480803, 0.07454533462428657, 0.018857859916195673, 0.02660106241143749], [0.9190141235569246, 0.061587965082565255, 0.014863248424630632, 0.004534662835879536], [0.8378943722053319, 0.14115625487014735, 0.010554532421120807, 0.010394840403399858], [0.8416913482384207, 0.1417920842760171, 0.014716121835401986, 0.0018004455501601485], [0.8895200533977827, 0.10140511377030681, 0.0058130574863725516, 0.003261775245537895], [0.9049234706665535, 0.08686531465938443, 0.006805937026499439, 0.0014052775475625542]], "ideal": "D", "sampled": "D", "correct": true}}
{"type": "result", "data": {"idx": 13, "options": ["is nonresponsive to visual or auditory stimuli and seems to be in a state of deep sleep.", "is confused and incoherent, may exhibit bizarre behavior, and is unable to care for him/herself.", "is alert and oriented and can remember and integrate remote and recent events but may have some impairment in judgment, planning, and abstract reasoning.", "is functioning at an intellectual level that is superior for his/her age, education, and demographic background."], "probs": [[0.000798172707396675, 0.0037486873676419513, 0.9920934817206895, 0.0033596581042718817], [0.0006922963430872543, 0.0025745843462360476, 0.006075321543038993, 0.9906577976676377], [0.0009228222347491146, 0.9965993901109751, 0.0014072967979269452, 0.0010704907563488916], [0.0006865461022665264, 0.9976294231602578, 0.0013441710291627828, 0.00033985960831281996], [0.0006485363018646404, 0.0015690535318843492, 0.0022463962859900115, 0.995536013780261], [0.0009910755344885438, 0.013786498484703999, 0.9818965812249454, 0.003325844655862116], [0.0005992645019344574, 0.0015065132107744508, 0.9945786723691507, 0.0033155498181404457], [0.0004929501068796251, 0.0007702242574341154, 0.011666877231697204, 0.9870699483039891], [0.0016808145026282742, 0.9947896350944065, 0.0014047162488782872, 0.0021248340540868573], [0.001694313740481515, 0.9947639846644515, 0.0031166293640346307, 0.0004250721310323661], [0.00031951401133188006, 0.0005699893203689268, 0.000506722198079122, 0.9986037743702201], [0.0020090493710463895, 0.016302359010326662, 0.9779064449900531, 0.003782146528573889], [0.48028533337461243, 0.06812625292485143, 0.3460328913761915, 0.10555552222434467], [0.7775784585298402, 0.05291955446445077, 0.12696766615567134, 0.04253432075003767], [0.9211704065387387, 0.04309057411798145, 0.0061129293874280476, 0.029626089855851797], [0.9120684086798045, 0.0514596765058314, 0.03323246845840463, 0.00323944625595938], [0.9354436423478443, 0.038616536890096934, 0.006817740375861887, 0.01912208028619692], [0.9517431125290552, 0.03360464959613482, 0.012364934799019404, 0.0022873029757905596], [0.00019375068245360095, 0.00018794042305649882, 0.0013662513313928556, 0.9982520574630971], [0.00018794219371396904, 0.0004071991781826834, 0.9987984461010517, 0.000606412427051625], [0.00023203075132073006, 0.00026111065809584903, 0.0005069166596676441, 0.9989999418309158], [0.0009726275489418293, 0.002706216586346749, 0.9945045145762771, 0.0018166411884343256], [0.0007035059970202426, 0.9985747932534493, 0.0005479375831314616, 0.00017376306639896462], [0.0006258291183384152, 0.9986452817509123, 0.0005743168499865621, 0.0001545721807627446]], "ideal": "B", "sampled": "C", "correct": false}}
{"type": "result", "data": {"idx": 14, "options": ["decline the request to testify.", "agree to testify only if she obtains consent from both parents.", "agree to testify only if she can evaluate all of the involved parties.", "agree to testify only if her familiarity with the child won''t bias her testimony."], "probs": [[0.040003784294924606, 0.8037542759848123, 0.06302199559044934, 0.09321994402981376], [0.030332640062815112, 0.3812137937451538, 0.5731780820221685, 0.015275484069862604], [0.04810466792269555, 0.3340255182860526, 0.4715303882975436, 0.14633942539370823], [0.02993326906039217, 0.1833635208934776, 0.7614559275152403, 0.025247282430889948], [0.02556288618807318, 0.9299262857942402, 0.035528211703935754, 0.008982616213750835], [0.03391372342617868, 0.9460291667708933, 0.011199806586282035, 0.00885730311664593], [0.02850807243823396, 0.9010819086056471, 0.02331214832135154, 0.047097870534767404], [0.026139432464386866, 0.7638954491004306, 0.19332507178740724, 0.01664004654777525], [0.010699337287484801, 0.038533147205285403, 0.8919553109933577, 0.05881220441387208], [0.025340351994246002, 0.08709087789711556, 0.6145197553098195, 0.27304901469881887], [0.016320696098960544, 0.11867558209901424, 0.8380743264313903, 0.026929395270634888], [0.04785842952365619, 0.38249153951591547, 0.029065374682982356, 0.540584656177446], [0.021316612498063357, 0.8257661726299165, 0.08709886832695556, 0.06581834644506462], [0.017971407452930008, 0.6335884869062194, 0.3238358765159451, 0.024604229024905572], [0.009611376578554116, 0.03743360953196178, 0.894012306551217, 0.05894270723826712], [0.02249294852101359, 0.11789134167110121, 0.5123858189321964, 0.3472298907756888], [0.016330112621870705, 0.24755482174129134, 0.7060431609513296, 0.03007190458550836], [0.02328548303065914, 0.6701050674660792, 0.04782487647529636, 0.25878457292796525], [0.033044410357629825, 0.9215875048664357, 0.031574053117882556, 0.013794031558051952], [0.027601205812286, 0.94323650438799, 0.012658418614714536, 0.01650387108500943], [0.01127758013193483, 0.03873080162685753, 0.9253545755894653, 0.02463704255174227], [0.019417305502155615, 0.043793881130966925, 0.013786553693182761, 0.9230022595736946], [0.014294950623517298, 0.04685477208920974, 0.899360736219866, 0.03948954096740692], [0.020377221077326462, 0.042501636874376775, 0.041205671678225544, 0.8959154702700712]], "ideal": "A", "sampled": "A", "correct": true}}
{"type": "result", "data": {"idx": 15, "options": ["goals serve 2 purposes: they are a basis for motivation and they direct behaviors", "goal attainment is maximized when goals are specific and highly difficult", "goal attainment is maximized when frequent feedback is given", "worker participation in goal-setting is also good"], "probs": [[0.027947954477724125, 0.23419123660581712, 0.36292414833850406, 0.3749366604779547], [0.03246175715118736, 0.2134562575686079, 0.3011592530190288, 0.45292273216117596], [0.02122099641552863, 0.1544873064193635, 0.5568056448263917, 0.26748605223871613], [0.02169103758632013, 0.09962023796484276, 0.10599073721967671, 0.7726979871291604], [0.017976432501174467, 0.09206521235781515, 0.6102360900555938, 0.27972226498541664], [0.018993177225522427, 0.09432918183788541, 0.14370929238660357, 0.7429683484499886], [0.037619639044145184, 0.13776679284324891, 0.43121450974498005, 0.39339905826762583], [0.05177713191078831, 0.15111269475818573, 0.3302534286540735, 0.4668567445769525], [0.036080638327242606, 0.18925210056136063, 0.3537055406709922, 0.4209617203404045], [0.03562725002290826, 0.1585288512383814, 0.4245164143374328, 0.3813274843012775], [0.05338374758094831, 0.23760522280031918, 0.13751145837354845, 0.571499571145184], [0.046052337374438125, 0.19105612024328059, 0.27368992972155254, 0.48920161256072875], [0.023555198925332983, 0.09396684263900601, 0.6530086385260457, 0.22946931980961527], [0.028837958509038482, 0.07970337613454291, 0.1795903752169189, 0.7118682900394997], [0.03710843870426688, 0.1691178473584341, 0.44589583566400426, 0.34787787817329474], [0.03555455909476452, 0.12811550878541542, 0.5233386314386904, 0.31299130058112967], [0.03661856604761774, 0.11116522342772721, 0.16946201845428824, 0.6827541919703668], [0.020817995999966275, 0.061220961559594236, 0.7182436905788037, 0.19971735176163577], [0.021029867543112316, 0.07882008818225765, 0.6109595389196196, 0.28919050525501044], [0.020138823094107163, 0.06664589990443806, 0.28925798202417474, 0.62395729487728], [0.04668244036215501, 0.2567529023138076, 0.10699288797359963, 0.5895717692504377], [0.04570712791580815, 0.23426217804900745, 0.23793477775903166, 0.4820959161761527], [0.030501012981530125, 0.10417009035297378, 0.140064585636628, 0.7252643109288681], [0.024276289634283223, 0.09992573968205207, 0.6425309060890141, 0.23326706449465068]], "ideal": "B", "sampled": "B", "correct": true}}
