{"type": "result", "data": {"idx": 0, "options": ["164%", "1.64%", "0.45%", "183%"], "probs": [[0.5213282088364567, 0.09798969290919571, 0.32118403788728356, 0.05949806026706398], [0.41159103150172904, 0.09331231076688623, 0.44509131370773086, 0.050005343923653904], [0.3004708412927149, 0.06299815584454171, 0.5976743942438612, 0.038856608518882264], [0.3862755840879527, 0.06507184022841798, 0.5038775524213632, 0.04477502316226614], [0.7457505627990163, 0.16135146478438586, 0.050751027170008636, 0.04214694514658919], [0.710776838932752, 0.13570457190018703, 0.07609211369244859, 0.07742647537461238], [0.28084233400397446, 0.12663961945697869, 0.5246665477228019, 0.06785149871624493], [0.24494234667633027, 0.12132722612015825, 0.5434799668361666, 0.09025046026734485], [0.4755651120851963, 0.16440023133002213, 0.297554042433915, 0.06248061405086658], [0.4689375984802873, 0.15712257488956952, 0.3123338075427538, 0.06160601898738936], [0.4483416609264846, 0.18126399543165508, 0.2805395382281809, 0.08985480531367941], [0.39981593337254273, 0.1641688142645128, 0.3755500786377795, 0.06046517362516499], [0.12048521932927354, 0.298392582714797, 0.4994624070523999, 0.08165979080352952], [0.0875368993199523, 0.2271679187407964, 0.6368928358334368, 0.048402346005814494], [0.18557638066325796, 0.5047440565971247, 0.2070378676374186, 0.10264169500219868], [0.1666518275772004, 0.4900874720010699, 0.2747760075834394, 0.06848469273829035], [0.12096479894396389, 0.33947418148324177, 0.46375308818212124, 0.07580793129067308], [0.09592314451259984, 0.273418058672845, 0.5695995475676449, 0.061059249146910244], [0.8212345791311152, 0.10776536067588113, 0.04284991733357866, 0.028150142759425015], [0.7598237935589864, 0.1240783301847715, 0.06743552702357124, 0.04866234913267083], [0.6438852167788252, 0.09723931876027443, 0.215665526446702, 0.04320993791419839], [0.6310816359553346, 0.08280390438500583, 0.2510127108217646, 0.03510174873789492], [0.4774016319260045, 0.07322526995199574, 0.40203307572580416, 0.04734002229619566], [0.434979867948387, 0.06991861473403266, 0.46305225377528086, 0.03204926344229946]], "ideal": "A", "sampled": "D", "correct": false}}
{"type": "result", "data": {"idx": 1, "options": ["No effect No effect", "No effect Understated", "Understated No effect", "Understated Understated"], "probs": [[0.011358769662281694, 0.9461972756585005, 0.014940607429574058, 0.027503347149643663], [0.008708438129565512, 0.9094517089240716, 0.07124231922837779, 0.010597533617985131], [0.027676911764088177, 0.6757100160888825, 0.23364834267499743, 0.06296472937203192], [0.021280837976286753, 0.6414890824968272, 0.3031797380518624, 0.03405034137502355], [0.006387107760668859, 0.9784079053449047, 0.008398052276180408, 0.006806934518246025], [0.010402307047636096, 0.96678856969153, 0.008901017697673484, 0.013908105463160415], [0.36677072242581477, 0.33881110910299184, 0.1873035617102501, 0.10711460666094332], [0.15841849515511125, 0.19693714474479765, 0.6268501433470115, 0.017794216653079627], [0.39998244043086595, 0.4186515994838666, 0.10109805766665511, 0.0802679023186123], [0.3964666487496013, 0.4086266512088649, 0.17589612745098876, 0.019010572490545097], [0.32244980211889185, 0.56548267386607, 0.08151999829818203, 0.030547525616856183], [0.3317732926662986, 0.546688624841697, 0.09961640586881168, 0.02192167652319263], [0.0751328581938266, 0.15397296157288656, 0.7024622329161118, 0.06843194721717501], [0.04794404541664448, 0.12617050791563653, 0.7987828089330664, 0.027102637634652534], [0.08745519783421306, 0.7914909094097564, 0.05387958491099661, 0.06717430774503386], [0.08667077303281025, 0.7483978974928973, 0.147441601067089, 0.017489728307203457], [0.05803615399722507, 0.8010537266244243, 0.10510015054784694, 0.03580996873050363], [0.07003305367548243, 0.7646525786295526, 0.14826773657909534, 0.01704663101586967], [0.11908102220857482, 0.6137617709954144, 0.2090407028207308, 0.058116503875279904], [0.13975949479911243, 0.7093592232549184, 0.08476404036654737, 0.06611724147942176], [0.14587478120842978, 0.7175686251761891, 0.0912926257862854, 0.04526396772909568], [0.12700295990903523, 0.5344107348376506, 0.31939420701392807, 0.019192098139386077], [0.09275519101884261, 0.6956691145201243, 0.1392420232156748, 0.07233367114535834], [0.11522480430393384, 0.6225410073052406, 0.2291909821543514, 0.03304320613647415]], "ideal": "B", "sampled": "B", "correct": true}}
{"type": "result", "data": {"idx": 2, "options": ["Nonsampling risk arises from the possibility that, when a substantive test is restricted to a sample, conclusions might be different than if the auditor had tested each item in the population.", "Nonsampling risk can arise because an auditor failed to recognize misstatements.", "Sampling risk is derived from the uncertainty in applying audit procedures to specific risks.", "Sampling risk includes the possibility of selecting audit procedures that are not appropriate to achieve the specific objective."], "probs": [[0.6452965711704693, 0.09738160632552328, 0.22663986596195518, 0.030681956442052242], [0.7673772205353477, 0.09164179388684913, 0.09762695721684025, 0.04335402826096285], [0.7094456645250908, 0.23038229644355834, 0.027971705783717746, 0.032200333147633056], [0.6560886046100324, 0.2376020005339139, 0.1006734243637687, 0.005635970392285065], [0.7497028735636853, 0.16996285380944776, 0.030023396124010764, 0.05031087640285624], [0.5744539554883586, 0.11306949069266106, 0.30762040912824107, 0.004856144590739248], [0.0026368295102684827, 0.9923854322621459, 0.0036311947518744953, 0.0013465433757110384], [0.0026391342252801934, 0.9932362917236165, 0.0027011032607989925, 0.0014234706903042706], [0.009106611111164318, 0.08841048225352169, 0.8939345366503847, 0.008548369884929326], [0.024529038862762684, 0.7634832532428067, 0.15029646986641726, 0.061691237928013315], [0.010698310347561758, 0.11144329865846442, 0.8636923632580515, 0.014166027635922306], [0.016601274537784684, 0.25171400406357286, 0.6843828099322995, 0.047301911366342916], [0.008902193746789829, 0.98283155536627, 0.004583488113072326, 0.0036827626738678777], [0.010703122167454423, 0.9793305327648913, 0.007955026756490706, 0.0020113182111635335], [0.004390596083005454, 0.008999998961140959, 0.9787942475495022, 0.007815157306351348], [0.03154783464121506, 0.03804866766766701, 0.8535533332069501, 0.0768501643841678], [0.01686404429953957, 0.47015001555135727, 0.5084124715437917, 0.004573468505311534], [0.019350094772849775, 0.9333741690031273, 0.01111571028097867, 0.03616002584304421], [0.030292108003748392, 0.9579967061387645, 0.004949080347083924, 0.006762105410403146], [0.049170917442384963, 0.9282773591120942, 0.02082855356285924, 0.0017231697826616335], [0.018571572220755502, 0.015875873952556845, 0.9535710730734015, 0.011981480653286141], [0.04682448418669642, 0.0228051576218085, 0.8982177804589262, 0.03215257763256886], [0.06999089285902509, 0.5768716120123335, 0.3500374786696173, 0.003100016359024029], [0.10901872396331888, 0.8581106930275658, 0.007369178065166287, 0.025501404843948975]], "ideal": "B", "sampled": "A", "correct": false}}
{"type": "result", "data": {"idx": 3, "options": ["Inspect inventory items that were ordered before the year end but arrived after the year end.", "Test internal control activities that were previously reported to management as inadequate.", "Review the client's cutoff bank statements for several months after the year end.", "Compare the latest available interim financial statements with the statements being audited."], "probs": [[0.009703579710235536, 0.024021274348954142, 0.8755780775598535, 0.09069706828095683], [0.013245673774838181, 0.03382280077173514, 0.8470670532683325, 0.10586447208509413], [0.011685025686637852, 0.6900521999690614, 0.005975220720090021, 0.29228755352421076], [0.012962696147234635, 0.814580977260904, 0.1656236798176804, 0.006832646674181031], [0.00856831719363732, 0.9451912160828613, 0.004051191060594371, 0.04218927556290705], [0.006036274567845539, 0.9242926189546216, 0.06699182801656778, 0.0026792783609651625], [0.007947128567510056, 0.03400002895514184, 0.8125508975665334, 0.14550194481081472], [0.010802124262188231, 0.0433898367550473, 0.8874051609338117, 0.0584028779489527], [0.003937974201482248, 0.009168384817795416, 0.006603085129494976, 0.9802905557512274], [0.01301362407582855, 0.08891462931040528, 0.8858489642843848, 0.012222782229381366], [0.006240373182502533, 0.6567872346422648, 0.00654819346262943, 0.3304241986126032], [0.011136781357904375, 0.9566746501062169, 0.026317706512941654, 0.005870861922937065], [0.006583687652810792, 0.010530044755145268, 0.0048218096714856915, 0.9780644578205583], [0.007662834823649848, 0.01243534441141236, 0.9750337289728866, 0.004868091692051087], [0.0037132992752691393, 0.002806916414861822, 0.009641469751327084, 0.983838314458542], [0.0075667927311125075, 0.008438988411069505, 0.9772155675177667, 0.006778651240051253], [0.013718162416760275, 0.9772965934739765, 0.004564383449130134, 0.004420860560133117], [0.013967280371035845, 0.9795200948388431, 0.0033461358528448677, 0.0031664888372762304], [0.563170756187035, 0.10919609407865226, 0.021188908270366912, 0.30644424136394577], [0.4363181732821155, 0.07580115147391447, 0.4800137139381272, 0.007866961205842843], [0.44630355802232224, 0.07287622432476772, 0.03392544104370254, 0.44689477650920745], [0.8245698305798123, 0.05189476217638787, 0.1170400160563289, 0.006495391087470992], [0.8625358759977403, 0.12235761280121078, 0.009154797974104532, 0.0059517131269443985], [0.8978162231384377, 0.09318058009557671, 0.005687883011944336, 0.0033153136540413223]], "ideal": "D", "sampled": "D", "correct": true}}
{"type": "result", "data": {"idx": 4, "options": ["Accounting Standards Updates.", "Emerging Issues Task Force Releases.", "Statements of Financial Accounting Standards.", "Staff Technical Bulletins."], "probs": [[0.9566038332679682, 0.039498533126947816, 0.002953162626062505, 0.0009444708790215322], [0.9522838369856155, 0.04251625661973696, 0.0030810361938954063, 0.002118870100752204], [0.9664026811152013, 0.029194149200978337, 0.0034340367365429895, 0.0009691328472773334], [0.937945443091828, 0.04671508609564963, 0.006130589828894866, 0.009208880883627498], [0.9466531900780468, 0.044989759313176315, 0.0064836283189117425, 0.00187342218986509], [0.9534987175896883, 0.039372483721079314, 0.005166671542671703, 0.0019621270465607324], [0.02629200715751617, 0.9718873405095179, 0.0014387529667313863, 0.00038189926623458597], [0.029226216796753395, 0.9684293660002272, 0.0015994017836096464, 0.0007450153194096927], [0.05027502555211389, 0.06764994523156667, 0.8783687078417962, 0.0037063212745232508], [0.026839113309733712, 0.017073411100969913, 0.007230444036461143, 0.9488570314528352], [0.05202213405369383, 0.04663704839221779, 0.8949172629378744, 0.006423554516213946], [0.023948274059748784, 0.025115170930297595, 0.035417276636713194, 0.9155192782732404], [0.008974522225426163, 0.9902549246120801, 0.0006555773341608926, 0.00011497572833284052], [0.006681403862337507, 0.9920845309762054, 0.0007678700248431511, 0.00046619503661396493], [0.023255820881935865, 0.04482050515091119, 0.929823932488021, 0.0020997413791320036], [0.01091591793294172, 0.015647129068014572, 0.004018553749327202, 0.9694183991497165], [0.01070111451204339, 0.021615313751955835, 0.9643116530595619, 0.003371918576438825], [0.013995893370528699, 0.023817753262267996, 0.06680376561052813, 0.8953825876566751], [0.012800735314766902, 0.9861152685928715, 0.0009134369826165141, 0.00017055900974506988], [0.011313084160503575, 0.9875942757016618, 0.000846071433460302, 0.0002465686043743072], [0.025926512242603558, 0.30138809894202756, 0.6691153295875488, 0.0035700591278200566], [0.013018143725717905, 0.23088204013339284, 0.00967988864458845, 0.7464199273963008], [0.02084238953676818, 0.10258459177113108, 0.8733465009295236, 0.0032265176625771753], [0.019090570058837585, 0.08041441211243346, 0.007027878505756317, 0.8934671392229726]], "ideal": "A", "sampled": "A", "correct": true}}
{"type": "result", "data": {"idx": 5, "options": ["\u2212$3", "\u2212$27", "$3", "$500"], "probs": [[0.03200572946319867, 0.2222683470865526, 0.3960407184095663, 0.34968520494068245], [0.017713838543052123, 0.10680805502740426, 0.8669807595151094, 0.008497346814434117], [0.050381867036537735, 0.3499267516283225, 0.3665713194359161, 0.23312006179922368], [0.0170479029485203, 0.05678341664066997, 0.9166801775823314, 0.00948850272847828], [0.02488416465530767, 0.7989423378365179, 0.17007321339357973, 0.006100284014594707], [0.029946424510262273, 0.8756781946093085, 0.07648684942682914, 0.017888531353600075], [0.046566056731297094, 0.10337326405052932, 0.42160080759777535, 0.42845987152039827], [0.028738887865714772, 0.029187358857281017, 0.937196670492105, 0.004877082684899205], [0.052573526764564414, 0.12044736427677875, 0.22484883077451007, 0.6021302780841468], [0.011818516259598575, 0.01719584157604802, 0.9689797916012843, 0.00200585046306905], [0.07669061647885408, 0.8646420738645659, 0.047262905559204836, 0.011404403997375075], [0.060588142659539, 0.9048980905276952, 0.029538217392594664, 0.004975549320171161], [0.03805789992987547, 0.07692578978659602, 0.7296567478920952, 0.15535956229143322], [0.016016144035374453, 0.014585689395565041, 0.9608951644978595, 0.008503001971201005], [0.05854396172510492, 0.26677091317066665, 0.22098240427058033, 0.4537027207336481], [0.014270733946098124, 0.02750479983814519, 0.9549656987923777, 0.0032587673233790363], [0.029554045492328946, 0.9493623589352707, 0.01779158453413804, 0.00329201093826237], [0.023392128360941494, 0.9347460483366193, 0.04042305517110726, 0.0014387680313318746], [0.023643685621575438, 0.059449144959486784, 0.9015237251672288, 0.015383444151709032], [0.10058761162226722, 0.18804168278985545, 0.5880852805662975, 0.12328542492157978], [0.10318450451196005, 0.716812725280422, 0.11335497825010744, 0.06664779185751055], [0.12476643128552099, 0.7297690047857811, 0.11187019234599076, 0.03359437148270716], [0.12471370211913226, 0.27259218283859615, 0.4634989132492333, 0.13919520169303828], [0.05109340391105185, 0.1116155400412464, 0.8249647128031832, 0.012326343144518578]], "ideal": "C", "sampled": "D", "correct": false}}
{"type": "result", "data": {"idx": 6, "options": ["Overstated Understated", "Understated Overstated", "Overstated No effect", "No effect No effect"], "probs": [[0.3413699754552676, 0.41758626009593847, 0.2271808957488085, 0.013862868599985478], [0.29171709464749607, 0.47270140209827044, 0.20671367901203114, 0.028867824142202358], [0.4526258425432286, 0.32030883547555883, 0.1974695034033385, 0.029595818477874108], [0.48533323676500545, 0.3655217832683779, 0.09922150441752234, 0.049923475449094305], [0.3306497581456577, 0.2822106690579573, 0.34609809112798917, 0.04104148156839584], [0.4806360960000006, 0.3976058957779585, 0.07417523667780164, 0.04758277144423924], [0.42228077360863436, 0.4280555702302352, 0.1326606265353664, 0.017003029525763987], [0.33795580179956375, 0.4756462981071205, 0.16193762317381186, 0.024460276819503926], [0.4367799918191334, 0.24068108926620338, 0.30926491827870317, 0.013274000535960027], [0.5759481658371185, 0.2981441550073468, 0.08154017295155724, 0.044367506103977494], [0.45394209699177357, 0.2789639275832747, 0.23877399023132928, 0.0283199850936224], [0.5243445839696864, 0.32736343683281416, 0.06602866455038736, 0.0822633145471121], [0.08841636623859846, 0.7519426849290115, 0.132679530921094, 0.026961417811296063], [0.07572972830171362, 0.7769358215220866, 0.10678326417021486, 0.040551185905984916], [0.04331117371849262, 0.870131154433301, 0.07719112047665179, 0.009366551271554517], [0.04834133431149901, 0.8842971406392947, 0.05025626765300189, 0.017105257296204483], [0.10239682538717704, 0.133357567572083, 0.7219257631717063, 0.04231984376903362], [0.07106601657949563, 0.09255083925248057, 0.8133318069756841, 0.023051337092339683], [0.012243468487916338, 0.9506749772591468, 0.026527537564116316, 0.010554016588820499], [0.01388678867751162, 0.9669373504436137, 0.010482117395964309, 0.008693743382910369], [0.00946730723477202, 0.943956946898091, 0.04046244442736558, 0.006113301339771415], [0.01221874830912613, 0.9643610190705775, 0.01320711905531478, 0.01021311346498158], [0.03606192726957123, 0.2368326011417239, 0.6967344801541184, 0.030370991334586445], [0.025942971127764437, 0.14347001006573015, 0.8135727976540535, 0.01701422105245184]], "ideal": "D", "sampled": "B", "correct": false}}
{"type": "result", "data": {"idx": 7, "options": ["$100", "$104.29", "$96.71", "$97.33"], "probs": [[0.016061794520060506, 0.9633401415443786, 0.01820792849196811, 0.0023901353435927188], [0.014464740596186791, 0.9678220718639522, 0.015403892796750524, 0.0023092946431104407], [0.010393388004817778, 0.9807476747437424, 0.007727192987505004, 0.0011317441639348475], [0.009504458629600209, 0.9849962119166176, 0.0048567549146095014, 0.0006425744391727238], [0.010972980932669046, 0.9726995830162538, 0.013876157981095243, 0.0024512779699818995], [0.011035800315549687, 0.9782622524332554, 0.009442845780850743, 0.0012591013703442302], [0.49665455386393026, 0.20702654936522383, 0.2830673661662713, 0.01325153050457459], [0.4989889700444272, 0.20800008208460535, 0.27564599540189494, 0.017364952369072453], [0.47298003883298323, 0.39830599145904305, 0.11962201869810712, 0.009091950909866583], [0.40738729624853176, 0.4544851293487599, 0.13437231209059433, 0.003755262212114035], [0.479727052091474, 0.39155693681519826, 0.11759335349038354, 0.011122657502944198], [0.3975219997347164, 0.43659758268649523, 0.16317863650567244, 0.0027017809731159233], [0.3336538988781139, 0.19615106392264814, 0.4491634989592735, 0.02103153813996444], [0.4036016301124564, 0.22288889437920198, 0.3562996506584157, 0.01720982474992592], [0.3198800456177203, 0.43726686616191046, 0.2269024005358053, 0.015950687584563913], [0.34637901486209555, 0.4589036049896166, 0.1883669349786999, 0.006350445069587962], [0.44303234572532746, 0.3971575988545554, 0.14844063641780467, 0.011369418902312406], [0.3719878192879914, 0.414990067054006, 0.20547373571662575, 0.007548377841376812], [0.31105520423741584, 0.24994637255491786, 0.4122060515308524, 0.02679237157681393], [0.37390108360741753, 0.28223161730124097, 0.3249373004472525, 0.018929998544089003], [0.24228709754044134, 0.43195104597997125, 0.31119305727845026, 0.01456879910113714], [0.27612074612599613, 0.46971487874090356, 0.24756291281634313, 0.006601462216757168], [0.3358771440073779, 0.5121975445198382, 0.14005289709559082, 0.011872414277193065], [0.263235956158954, 0.4995471829984471, 0.2287478444601321, 0.008469016282466827]], "ideal": "D", "sampled": "B", "correct": false}}
{"type": "result", "data": {"idx": 8, "options": ["It will be reclassified as an asset held for sale.", "It will be classified as a current asset.", "It will no longer be depreciated.", "It will be valued at historical cost."], "probs": [[0.0853953744836159, 0.23582327096612843, 0.5399469330406459, 0.13883442140960978], [0.10696947892339673, 0.2648097355342263, 0.4647921163807074, 0.1634286690616695], [0.1075199044406097, 0.3812860590988038, 0.3161260171925219, 0.19506801916806452], [0.09757351438141841, 0.33541803049288627, 0.4374829930754769, 0.12952546195021844], [0.1259145717805688, 0.3266583930127239, 0.3879646004651757, 0.15946243464153156], [0.07242868796438591, 0.25685387354830597, 0.5699956372551094, 0.1007218011321988], [0.0179774526949159, 0.8143304696263856, 0.08446125926953782, 0.08323081830916068], [0.021898045970559443, 0.8223868546379749, 0.06338588100495464, 0.092329218286511], [0.008108415343087403, 0.07818963244513942, 0.8810746762116143, 0.03262727590015889], [0.01703504378553798, 0.1300089727403231, 0.41932841416077965, 0.43362756921335927], [0.017414924353143187, 0.17594415159659862, 0.740826791278985, 0.06581413267127323], [0.013030146814600093, 0.11443184740353148, 0.4968281248973773, 0.3757098807844911], [0.014830229995800961, 0.904211413638546, 0.034495000242466226, 0.04646335602318684], [0.013152178755718983, 0.9231768458689718, 0.0325660319356544, 0.03110494333965488], [0.018079977548102463, 0.10739781001402017, 0.8061761289258879, 0.06834608341198949], [0.022967798504724222, 0.11315708543072206, 0.5834158029750561, 0.2804593129894976], [0.019382524728037535, 0.1346126461554244, 0.7871268781609184, 0.05887795085561965], [0.034443983229397686, 0.21457417278487528, 0.26682145492445647, 0.48416038896127056], [0.026400161603420118, 0.7966880144606446, 0.07068080620141677, 0.10623101763451842], [0.019270906761342663, 0.7826063850840179, 0.12970736983911496, 0.06841533821552442], [0.019503229028259163, 0.09754369552400188, 0.8168917987471709, 0.06606127660056806], [0.012911372024310532, 0.06562887675494253, 0.6223988452243318, 0.2990609058964152], [0.014329812010447454, 0.10268114831311045, 0.8336743975574284, 0.0493146420190136], [0.03330922797043061, 0.2011299237155222, 0.23494255015268178, 0.5306182980613654]], "ideal": "D", "sampled": "A", "correct": false}}
{"type": "result", "data": {"idx": 9, "options": ["$28,000", "$132,000", "$160,000", "$188,000"], "probs": [[0.04214629345638762, 0.9012091159182963, 0.04630441723372867, 0.010340173291587387], [0.039334947087200686, 0.8410563037279952, 0.11209294369709884, 0.007515805387705285], [0.0398164072146921, 0.47011189550564964, 0.4777249884706728, 0.012346708708985483], [0.040323753243856175, 0.4836110512731337, 0.46167201186109, 0.014393183521920065], [0.045543705873990446, 0.7824440889188548, 0.16151631478528483, 0.010495890321869985], [0.05484077405359815, 0.87143773968011, 0.057491280882344446, 0.016230205283947446], [0.03768165216953386, 0.9568947414473831, 0.0037917610671320814, 0.001631845215950934], [0.037576441044317024, 0.9542018503143346, 0.006740091689531582, 0.0014816168518167695], [0.0474286848932499, 0.215867232491684, 0.7306691785097909, 0.006034904005275275], [0.0667778909114752, 0.3843240353604375, 0.40283074070588554, 0.14606733292220175], [0.055449056771008344, 0.42932429445597553, 0.5100640003378468, 0.0051626483351692645], [0.07163701096807665, 0.7123583301358343, 0.13597933815796304, 0.08002532063812605], [0.023422357903553268, 0.9653661577552842, 0.009615959331105192, 0.001595524910057313], [0.025515073019432215, 0.9574954278343378, 0.01500469317061948, 0.0019848058756104896], [0.03340328829748051, 0.7483636079090308, 0.21448224606015764, 0.0037508576333310922], [0.034586288675677125, 0.7056493889887065, 0.2186479012942695, 0.04111642094134686], [0.03625158265745629, 0.6035732702197796, 0.3549482270643942, 0.005226919958369977], [0.038207275776821994, 0.7209481349325663, 0.18519013524987027, 0.055654453940741484], [0.03482999222676913, 0.9563099415027153, 0.007303897952213721, 0.0015561682183018578], [0.042416440038339887, 0.9505539651311771, 0.004761469309384964, 0.002268125421098115], [0.057464139472100065, 0.6373285024365507, 0.30116894859293303, 0.004038409398416232], [0.06449262196553215, 0.7857422096109117, 0.09097301856887526, 0.05879214975468094], [0.08772121322410623, 0.4595656760442255, 0.44561735359247395, 0.007095757039194298], [0.08198984455181887, 0.5430801833968786, 0.3047128203035353, 0.07021715164776723]], "ideal": "C", "sampled": "A", "correct": false}}
{"type": "result", "data": {"idx": 10, "options": ["$100", "$2", "$500", "$200"], "probs": [[0.11554951383538471, 0.150704972302308, 0.7079506159710243, 0.02579489779128303], [0.11255585684949225, 0.22036119390320624, 0.6478197904549261, 0.019263158692375434], [0.2172092484309687, 0.4819472072575937, 0.2500190846357752, 0.05082445957566239], [0.124611922779657, 0.1550683301032147, 0.7171994682347588, 0.0031202787823694836], [0.17620624271869206, 0.5513239399663389, 0.24086167957345403, 0.031608137641514975], [0.18469764479607562, 0.3092867763423781, 0.502090399590398, 0.003925179171148229], [0.10010899024316434, 0.46291008894319635, 0.4149783013637991, 0.02200261934984018], [0.09042301238595155, 0.5043267724607304, 0.39281515197660827, 0.012435063076709744], [0.07277334480750004, 0.18582148848105925, 0.7124462723019548, 0.028958894309485856], [0.06298551637438199, 0.22328528510090104, 0.6878716272038229, 0.025857571220894073], [0.04189947250988386, 0.1310724170105519, 0.8157488710509226, 0.011279239328641576], [0.06261330120612882, 0.3229615103985819, 0.5940909407218673, 0.02033424757342191], [0.19536421210432506, 0.5310917634643091, 0.2248813866381835, 0.048662637693182326], [0.15327474153793516, 0.28188859586100773, 0.5607190559792853, 0.004117606521771858], [0.05693862500467525, 0.06351659765753544, 0.8634790615506042, 0.016065715687185157], [0.06915189709520772, 0.10061006467326866, 0.8039820370177543, 0.02625600111376934], [0.12980582906866295, 0.32124166682755717, 0.5465370246851444, 0.002415479318635494], [0.13609416173106734, 0.6293364481295235, 0.18895909833691452, 0.045610291702494615], [0.15585394056954038, 0.7207781008582804, 0.09907551016528787, 0.02429244830689126], [0.1434933756224468, 0.5675211808657906, 0.2853918204521534, 0.0035936229596092175], [0.0519360642488821, 0.04728296801997703, 0.8924329338140844, 0.008348033817056448], [0.07154891972408023, 0.0773587933365566, 0.8318309574408742, 0.019261329398488906], [0.1589935380323875, 0.2462357963239386, 0.5907583678097776, 0.004012297733896269], [0.19731544764777004, 0.5198934290739593, 0.22710976932984228, 0.0556813538484283]], "ideal": "D", "sampled": "A", "correct": false}}
{"type": "result", "data": {"idx": 11, "options": ["$0", "$15,000", "$20,000", "$40,000"], "probs": [[0.005079803146394733, 0.847863450663506, 0.09364024714483893, 0.05341649894526035], [0.004923615599561218, 0.6105574959180172, 0.37036815247485777, 0.01415073590756379], [0.005049080933170668, 0.7916186263120972, 0.1510677748653581, 0.05226451778937405], [0.004653536883171898, 0.5212974737162027, 0.4601434635894257, 0.013905525711199648], [0.0033630414485758472, 0.9110203969890452, 0.07595060259231998, 0.00966595887005894], [0.003459447710856181, 0.9298533093527609, 0.054971485491829376, 0.011715757344553546], [0.024618990533430717, 0.19066031133220113, 0.7197583859457164, 0.06496231208865179], [0.02043008591214673, 0.15820207984017587, 0.803873289990666, 0.01749454415701136], [0.026122171199590368, 0.3037290329548442, 0.533044772316622, 0.1371040234289435], [0.011376228284054197, 0.13430809702781796, 0.8493417079743176, 0.004973966613810201], [0.01203021469610567, 0.9121028172637851, 0.061106481111831604, 0.014760486828277608], [0.006912412872268096, 0.9638263926928592, 0.026092465283916625, 0.0031687290509560583], [0.027442173774011137, 0.17077559071956874, 0.7304973533531557, 0.07128488205326444], [0.0181312369686701, 0.10597783775002284, 0.8606076595274389, 0.015283265653868209], [0.03785647564320118, 0.2797907077923979, 0.522686616210126, 0.1596662002542749], [0.018184018336114008, 0.1522295838389571, 0.8233942323130877, 0.006192165411841119], [0.012143683558106157, 0.9352572037972344, 0.038601904146561186, 0.013997208398098227], [0.0060403923291629255, 0.9693893455423508, 0.022447280292883395, 0.0021229817356028854], [0.09148234179156944, 0.18194033305356866, 0.7088187375821207, 0.017758587472741224], [0.1007705738939919, 0.20041083506689666, 0.6783184052475407, 0.02050018569157074], [0.10789720470390735, 0.7374388322166723, 0.12817800640607002, 0.026485956573350282], [0.1107836010083874, 0.818612945656493, 0.06414473899779907, 0.006458714237320503], [0.14258857123092186, 0.6291648768345858, 0.18602401085581804, 0.04222254097867436], [0.14477507026816838, 0.735214867373446, 0.11279085115322975, 0.007219211105155814]], "ideal": "B", "sampled": "D", "correct": false}}
{"type": "result", "data": {"idx": 12, "options": ["Engagement performance.", "Risk analysis.", "Safeguarding of assets.", "Information processing."], "probs": [[0.102349284541687, 0.8584924611230974, 0.020174371715413808, 0.01898388251980173], [0.11019047580533158, 0.841305753071213, 0.024231972904689113, 0.02427179811876633], [0.037095330657728603, 0.03434285121535919, 0.9009515356328589, 0.02761028239405329], [0.011538473571069628, 0.0044644054657040876, 0.0058063085452564524, 0.9781908123179698], [0.04773810131929224, 0.049289833618664666, 0.8614136497944219, 0.041558415167621175], [0.01471938684404629, 0.006349784899469567, 0.007179359566082203, 0.971751468590402], [0.20015055927120953, 0.7806898144006117, 0.011132821057777981, 0.008026805170400815], [0.18141220707608546, 0.7891752261973783, 0.014010260253699202, 0.015402306372837002], [0.18534798084136256, 0.06117569871070595, 0.7236296789909048, 0.029846641357026634], [0.1440707446418224, 0.02716068086159299, 0.021778510512807773, 0.8069900638837768], [0.30436141089484, 0.09883319843254744, 0.5609366443436555, 0.035868746228957096], [0.1672052101234911, 0.03683563225404089, 0.019687059751384375, 0.7762720977710836], [0.021470068080448428, 0.9145005966027342, 0.05402167155990795, 0.010007663656909416], [0.018877177549632453, 0.856179316620438, 0.008999706757299905, 0.11594379897262964], [0.03469368815075121, 0.4434197842631379, 0.4947970509034317, 0.027089476582679236], [0.03845324245138175, 0.40160720264747074, 0.019058355456189755, 0.5408811993449577], [0.004879322306816686, 0.003994696722964446, 0.10854231428636621, 0.8825836665838527], [0.00893481248624961, 0.013645780999401863, 0.8186610218263423, 0.15875838458800623], [0.021608747016501013, 0.5321529974293733, 0.4277201190901462, 0.018518136363979507], [0.017151094693608326, 0.07946420213511633, 0.007982800648964538, 0.8954019024223108], [0.03880337596443157, 0.4375131097183726, 0.48827233541886644, 0.03541117879832938], [0.034327634331640974, 0.12785375463991552, 0.01674741729204515, 0.8210711936363984], [0.004751740055215118, 0.004441904369031354, 0.039806221121852954, 0.9510001343539005], [0.011017055054654373, 0.021600739646019957, 0.8370097726648125, 0.1303724325345132]], "ideal": "A", "sampled": "B", "correct": false}}
{"type": "result", "data": {"idx": 13, "options": ["$18,000", "$22,500", "$25,000", "$40,500"], "probs": [[0.01744148367569737, 0.9375328669501654, 0.03870633719393476, 0.006319312080202497], [0.016088527815314363, 0.9350925251958102, 0.04109611544881912, 0.007722831440056312], [0.020939660163742498, 0.2550592822396777, 0.7157990026311006, 0.008202054865479163], [0.030131423450004993, 0.5176324180304686, 0.40330415434244776, 0.04893200407707869], [0.027098085879980475, 0.5112719563885911, 0.4443990016530054, 0.017230955978422963], [0.03631246726410652, 0.6436508105453687, 0.26013942775093585, 0.05989729433958899], [0.06946545675809711, 0.7704827238439723, 0.1381853934580906, 0.021866425839839908], [0.05671964107036307, 0.6909460295987219, 0.2279297219747042, 0.024404607256210808], [0.08617370606906898, 0.4958387035225653, 0.38032835859849673, 0.03765923170986892], [0.07612246039569709, 0.5451192028727856, 0.3156234237281575, 0.06313491290335978], [0.05691925181240239, 0.4691563634482392, 0.44785569091778127, 0.02606869372157715], [0.06366274813527908, 0.5329963226416882, 0.36648328883366676, 0.036857640289366], [0.021896597576981317, 0.5304432055546674, 0.4399717566482289, 0.0076884401201223985], [0.020984964130434516, 0.6132250932255331, 0.34413015326202556, 0.021659789282006833], [0.018859928340209154, 0.923020833151634, 0.0520892661099671, 0.00602997229818976], [0.017734169181985646, 0.9239346575698484, 0.048222826540795405, 0.010108346607370613], [0.025971253049114188, 0.7472143935532438, 0.1949803574556417, 0.03183399584200024], [0.022996154494010542, 0.6615891690080528, 0.2983200655357266, 0.01709461086221011], [0.023086006550533122, 0.653872987405837, 0.3138550619011486, 0.009185944042481263], [0.03098577353006013, 0.7390746097741928, 0.1958950667154119, 0.034044549880335194], [0.021227075585552792, 0.9026018720664639, 0.0707176801343195, 0.005453372113663721], [0.021198887573287507, 0.9156223619896074, 0.05500348335516535, 0.008175266981939652], [0.03784204231745771, 0.6603435799525801, 0.26275631489112133, 0.03905806273884086], [0.02686802079863591, 0.4543860186074181, 0.507187742572471, 0.011558217921474935]], "ideal": "B", "sampled": "B", "correct": true}}
{"type": "result", "data": {"idx": 14, "options": ["$100 billion", "$80 billion", "$20 billion", "$10 billion"], "probs": [[0.05482969262971821, 0.6373289462787964, 0.30581144627478785, 0.0020299147166974374], [0.0984554194848425, 0.8373570856093776, 0.06065390872143578, 0.003533586084344152], [0.018720395856825462, 0.2665841578549982, 0.7135438320646043, 0.0011516141235720764], [0.05198192677973106, 0.8005313425158738, 0.12864504034396673, 0.018841690260428444], [0.02426576406403419, 0.09014101990869408, 0.8825777094073087, 0.003015506519962941], [0.02714276257897242, 0.1636745001949245, 0.7932149604559876, 0.015967776670115428], [0.12586401910090247, 0.43926617052805833, 0.43248962958581305, 0.0023801806852261514], [0.2193851917762716, 0.5870805978187944, 0.18763650951893318, 0.005897700786000806], [0.07446389475553024, 0.508818674406885, 0.4153201187327294, 0.001397312004855354], [0.17078419110482676, 0.7535075519547559, 0.07118802675252396, 0.0045202300878933455], [0.0503869732184497, 0.10833294106492078, 0.8390646087245279, 0.0022154768921016114], [0.13788407917627699, 0.4052027725680408, 0.4520792324624077, 0.004833915693274479], [0.03704694881021111, 0.49561829348033287, 0.4656276514319742, 0.001707106177481795], [0.03789324214208915, 0.5149527653362881, 0.4404604617690788, 0.00669353065254393], [0.03453450284338977, 0.8769255894039976, 0.0868189560119254, 0.0017209516406872826], [0.044330511928487026, 0.8904715166005585, 0.06251225937030905, 0.002685712000645503], [0.0348048881796002, 0.2694781431129561, 0.6881840846824936, 0.007532883924950153], [0.02572627835495724, 0.20873638287521407, 0.7636576583954063, 0.0018796802744224129], [0.013855879702355876, 0.3056086208284862, 0.6780880482120507, 0.002447451157107187], [0.018152162042028457, 0.5061613212376282, 0.4681139785639151, 0.007572538056428106], [0.019589665905764178, 0.8330142340082839, 0.14474262022731854, 0.002653479758633412], [0.019065756621853298, 0.7981202119825415, 0.1808799381941624, 0.0019340931014428006], [0.029401562256174723, 0.4388230911915804, 0.5211180297559, 0.010657316696344746], [0.020062351359101796, 0.3237486740922948, 0.6540563028217791, 0.0021326716268243668]], "ideal": "C", "sampled": "B", "correct": false}}
{"type": "result", "data": {"idx": 15, "options": ["Receivable confirmations received from the client\u2019s customers.", "Prenumbered receiving reports completed by the client\u2019s employees.", "Prior months\u2019 bank statements obtained from the client.", "Municipal property tax bills prepared in the client\u2019s name."], "probs": [[0.004375431938848432, 0.013932785822392161, 0.9173815779193815, 0.06431020421937798], [0.009936064573278435, 0.030683031588360436, 0.47206393319177614, 0.48731697054658496], [0.013466175493746972, 0.2526470990303038, 0.19954795910417866, 0.5343387662717706], [0.010922486725448296, 0.1521088476813509, 0.7372369023964315, 0.09973176309676932], [0.012466833876576981, 0.05872919453039093, 0.08010583192058086, 0.8486981395724512], [0.007770069550584571, 0.034613302819245365, 0.865084656117692, 0.09253197141247807], [0.004975419792223773, 0.015592362742712126, 0.8643785641452248, 0.11505365321983925], [0.01028157265359917, 0.02889192068469274, 0.5620428616311879, 0.39878364493052015], [0.017145363133212677, 0.35319446527049136, 0.1470562178385662, 0.48260395365772973], [0.010626570627356571, 0.12769042322849153, 0.5456259407622908, 0.3160570652818611], [0.015987441941175358, 0.0752230320395782, 0.36994753266062613, 0.5388419932586203], [0.004574314120633659, 0.017579920187037742, 0.8460668727574087, 0.13177889283491995], [0.011966434027584514, 0.03211533575660386, 0.378417423459638, 0.5775008066561735], [0.007031242080872521, 0.022197908762010225, 0.8729157693413023, 0.09785507971581488], [0.020279264868750847, 0.10817830686631923, 0.3224238879114234, 0.5491185402535065], [0.009787600887570068, 0.04499862527019141, 0.7372012439721248, 0.20801252977011364], [0.028509841326255513, 0.24669862499996803, 0.31157146894663135, 0.41322006462714506], [0.013828495387202336, 0.09621098547015298, 0.42389565307230503, 0.46606486597033964], [0.021451144080454475, 0.05491316559136251, 0.1537844561390786, 0.7698512340891044], [0.008805339723993333, 0.024157464011582933, 0.8787509701302778, 0.08828622603414592], [0.03185652988616741, 0.10794931064881198, 0.2669931093633376, 0.593201050001683], [0.006574309850099278, 0.02391205711112547, 0.8555425344887821, 0.11397109844999315], [0.04518818518155547, 0.3849187206152566, 0.2192042753474052, 0.3506888187557827], [0.021808794816310057, 0.1947765128575503, 0.35789795373161587, 0.42551673849452376]], "ideal": "B", "sampled": "C", "correct": false}}
{"type": "result", "data": {"idx": 16, "options": ["$10,000", "$25,000", "$44,000", "59000"], "probs": [[0.008546789347067395, 0.027142442208698367, 0.9599977472956629, 0.00431302104857134], [0.010516922488926132, 0.04640284735084721, 0.891072594278611, 0.05200763578161574], [0.020239972986343686, 0.945804634316949, 0.023311735538780007, 0.01064365705792734], [0.01667317146407209, 0.9249168992652307, 0.053015647955590085, 0.005394281215107125], [0.023502220078873103, 0.7668500145799113, 0.07358247232847695, 0.13606529291273867], [0.0118503849720832, 0.15360042422665882, 0.8318942172889482, 0.0026549734123097525], [0.016254744854477914, 0.03866916014417487, 0.9400185613412133, 0.005057533560133952], [0.020877296530696414, 0.05414883157746876, 0.8898399653666964, 0.03513390642513844], [0.025141763879423004, 0.9593212989652, 0.00749820407758196, 0.008038732977795063], [0.01930318421643744, 0.9602469312212033, 0.017048325578448695, 0.0034015588839105024], [0.0457703950310505, 0.751048496837518, 0.04725836909173545, 0.15592273893969605], [0.015903732665543298, 0.1250356801214105, 0.856452868862362, 0.002607718250684121], [0.4282990523237562, 0.22916041995261566, 0.1786579840796741, 0.16388254354395404], [0.21166099526978013, 0.13872109300477484, 0.6232007718088862, 0.026417139816558848], [0.4163852836583221, 0.36172949455646025, 0.1070062941129871, 0.11487892757223053], [0.33715979860049355, 0.3879467983624762, 0.23560694382339378, 0.03928645911363647], [0.43377947085078217, 0.48384001389433523, 0.050230945281255455, 0.03214956987362716], [0.381064376620146, 0.4384777447483064, 0.14249367692028322, 0.03796420161126441], [0.16591404376755015, 0.26525193450182566, 0.16860739885074638, 0.40022662277987786], [0.03540789732873192, 0.05745277593352541, 0.9006674947760047, 0.006471831861737959], [0.17376682419479927, 0.31974518772362787, 0.15342374373069606, 0.35306424425087674], [0.0263959093806085, 0.05086358974807451, 0.9181011333555456, 0.004639367415771468], [0.0179244557414452, 0.979718138630629, 0.0016176765618221517, 0.000739728966103668], [0.015600547822763712, 0.9813003945468464, 0.0021634671882500454, 0.0009355903421398644]], "ideal": "C", "sampled": "C", "correct": true}}
