{"type": "result", "data": {"idx": 0, "options": ["5 permanent members with veto power, 10 rotating members with no veto power", "5 permanent members and 10 rotating members, all with veto power", "10 permanent members with veto power, and 5 rotating members without veto power", "15 permanent members with veto power"], "probs": [[0.3405239545250414, 0.3980964379190893, 0.25705805142990407, 0.004321556025965216], [0.22997633339479423, 0.6759902607572886, 0.041886201582475795, 0.052147204165441344], [0.29437479982615594, 0.63300783296754, 0.06992632331686537, 0.002691043789438683], [0.2482259893502514, 0.7183169956633388, 0.019446422297326058, 0.01401059258908371], [0.29210262943672305, 0.5900635012754913, 0.09633351682032079, 0.0215003523674648], [0.1793348457608811, 0.43018361120497545, 0.3737970818615725, 0.016684461072570923], [0.9318697543824626, 0.05684966649666756, 0.00987899126848535, 0.0014015877523844834], [0.9132064299342529, 0.07497946686821685, 0.004502982693648028, 0.007311120403882117], [0.9138614555418775, 0.06620365827591779, 0.018673596300027025, 0.0012612897821777306], [0.8945758404333745, 0.08999117525785331, 0.006519054573208961, 0.008913929635563256], [0.8291905252650636, 0.14637866578052952, 0.016169835056403885, 0.008260973798002972], [0.8686402191019243, 0.1139578715785894, 0.01239295353327535, 0.005008955686210899], [0.36230678872608246, 0.4579775821839663, 0.17657995958159964, 0.0031356694083516635], [0.37864389800231907, 0.5596532193776111, 0.03108686004778455, 0.030616022472285193], [0.257638477926056, 0.20063338022728303, 0.5370080960627017, 0.004720045683959188], [0.3438293235009008, 0.492605880073941, 0.07096092190745391, 0.0926038744177043], [0.2674865652636206, 0.6317486597627439, 0.0766408870423454, 0.02412388783129012], [0.3126026414961141, 0.6121218249492799, 0.04231138931023699, 0.03296414414436897], [0.9882156301053878, 0.01081370101927277, 0.0007020252558179833, 0.0002686435195214287], [0.9877730657983427, 0.010808629317607866, 0.0010867111249786626, 0.00033159365907075916], [0.979964779393131, 0.01795657590489156, 0.0014395468262504774, 0.0006390977757269388], [0.9797354769097913, 0.01823616369183354, 0.0014280535735047295, 0.0006003057248703793], [0.9748961875520801, 0.022582621647210945, 0.0014891791758715604, 0.001032011524837355], [0.9718479430375268, 0.025909775097653985, 0.001362330784857634, 0.0008799509799615554]], "ideal": "A", "sampled": "D", "correct": false}}
{"type": "result", "data": {"idx": 1, "options": ["It allowed the US to intensify its involvement in Vietnam", "It illustrated the influence of public opinion on US foreign policy", "It enhanced Congressional control over the Vietnam War", "It curtailed US involvement in Vietnam"], "probs": [[0.9574011517600333, 0.039519309804979884, 0.0015090405867473548, 0.001570497748239495], [0.9570804874076638, 0.04075955616458221, 0.0015685444297157812, 0.0005914118980381772], [0.9566180128823072, 0.040740753348758506, 0.001519710505275811, 0.001121523163658442], [0.9569664523610399, 0.04012362378082448, 0.002229147434639994, 0.0006807763234955533], [0.9440405462540871, 0.05410025664087612, 0.0010802239037576153, 0.0007789731012791699], [0.9388063529384156, 0.057270597540765786, 0.0016637959015349023, 0.002259253519283695], [0.0020495339181529027, 0.9974894635245342, 0.0003452409451831155, 0.00011576151212978359], [0.002285842928632069, 0.9972260034344153, 0.0004098139148117768, 7.833962214089487e-05], [0.008891859287296171, 0.9808918021996785, 0.006506116056706394, 0.0037102223563188538], [0.010910056731942917, 0.9824774092442714, 0.001987572034262929, 0.004624961889522754], [0.02267300604275912, 0.7625748755311363, 0.1989114191691122, 0.015840699156992287], [0.03764978402299684, 0.8982434221674607, 0.01863916766472499, 0.04546762604481745], [0.09564743290260765, 0.8936157319296391, 0.0033520579220268198, 0.007384777145726428], [0.1628387267276501, 0.8271609954110749, 0.0049578044528612005, 0.005042473308413781], [0.18097572842756168, 0.6723319040932998, 0.13036232699780667, 0.01633004038133189], [0.4020313650118961, 0.5582134168648809, 0.019710095744174354, 0.02004512227904857], [0.6097089415005457, 0.3113447613014228, 0.05671176651815295, 0.022234530579878523], [0.7049262076516887, 0.25134707883131735, 0.010706591672079782, 0.03302012174491418], [0.01551834305374822, 0.9756426786638144, 0.0028487040467210837, 0.005990274135716325], [0.0246847513013877, 0.9561181969043405, 0.0039681455482521, 0.015228906146019636], [0.061526765382118466, 0.6116865622067004, 0.2844584169362543, 0.04232825537492689], [0.13855499131005508, 0.749157672666778, 0.024079822180842075, 0.0882075137423248], [0.047635067959359206, 0.7688033098525399, 0.13358466524911217, 0.04997695683898877], [0.07811853633736501, 0.84005560139822, 0.014911731871081154, 0.06691413029333389]], "ideal": "A", "sampled": "A", "correct": true}}
{"type": "result", "data": {"idx": 2, "options": ["Terrorists", "Organized crime", "Drug traffickers", "China"], "probs": [[0.01327185761599775, 0.03902024097485411, 0.0159914735083014, 0.9317164278008467], [0.011348087264203072, 0.05244788550086988, 0.44560873885309416, 0.4905952882818329], [0.013691003547747592, 0.02557953840817256, 0.11271104309921817, 0.8480184148448616], [0.007978024899141296, 0.015134360653822608, 0.6427539592364233, 0.3341336551106128], [0.0068371021659524535, 0.027456289346305722, 0.8406192122161232, 0.12508739617161854], [0.017104451312459336, 0.0868241673437326, 0.4545085317916916, 0.44156284945211643], [0.34312285842772877, 0.025645765927341517, 0.05507884099023298, 0.5761525345546967], [0.21307295955585376, 0.02503342600351253, 0.5517877442543461, 0.21010587008628756], [0.22925795792188625, 0.032526661465366716, 0.01939548446652398, 0.718819896046223], [0.2978516122450442, 0.05767918019248892, 0.5642297049648641, 0.08023950249760274], [0.6303519629442359, 0.16181320010673092, 0.045598458664024004, 0.16223637818500913], [0.6985074489165439, 0.1737408987628794, 0.07703401377128155, 0.05071763844929511], [0.05466170582093926, 0.016925797936634037, 0.1966051583625753, 0.7318073377798514], [0.022378863397109046, 0.010083204060806417, 0.5247677637203623, 0.4427701687217223], [0.04698671667582694, 0.03716955250496016, 0.014542724610691048, 0.9013010061085218], [0.10587855900712517, 0.11258142943663547, 0.5897472167802441, 0.19179279467599517], [0.15428581602392777, 0.20749416636099463, 0.027627482595847734, 0.6105925349192298], [0.1942203063473885, 0.5440317027003527, 0.1510357755322073, 0.11071221532005152], [0.16726388341745832, 0.062420106725180134, 0.6605707534828172, 0.10974525627454437], [0.45216904718618767, 0.10893195541806606, 0.2531593366262675, 0.18573966066947878], [0.21026261148734318, 0.2419046759363503, 0.05831156670464095, 0.48952114577166556], [0.32866074120665517, 0.3900091822059488, 0.06879185446968539, 0.2125382220177106], [0.4958799275237637, 0.1685360105267016, 0.05730737479403071, 0.27827668705550396], [0.5671187638669332, 0.23241186139643655, 0.09387449174180655, 0.10659488289482376]], "ideal": "D", "sampled": "D", "correct": true}}
{"type": "result", "data": {"idx": 3, "options": ["Richard Nixon", "George H. W. Bush", "Jimmy Carter", "Ronald Reagan"], "probs": [[0.9937359285901896, 0.004601342605815401, 0.0013187209678770311, 0.000344007736118023], [0.9943443066803886, 0.004063232144153769, 0.0013613676940214944, 0.00023109338143605112], [0.9914653407482856, 0.0066794414498748894, 0.0014005292213606683, 0.00045468848047881084], [0.9923857333180172, 0.005046513175036488, 0.0022399827055899295, 0.00032777070135637544], [0.9938735737253117, 0.00505446989681601, 0.0008515395989296249, 0.00022041667894265904], [0.9931691693228158, 0.004895081649081163, 0.0016659111394190294, 0.0002698377886839416], [0.0004952129692547868, 0.9984527283995809, 0.000703685487485408, 0.00034837304367890193], [0.0003797666823008614, 0.9986984949571163, 0.0006260263338033982, 0.0002957119267794658], [0.007113647455771032, 0.1321088275577233, 0.835160704859993, 0.025616820026512672], [0.03595036015878694, 0.3925704193211935, 0.3057719273259466, 0.2657072930940729], [0.0017895347459607033, 0.03537576456992493, 0.9563915445725241, 0.006443156011590304], [0.056975791484968674, 0.662311399747935, 0.07548818272670901, 0.20522462594038735], [0.0009992444583319547, 0.9974008262322119, 0.0007844179796182435, 0.0008155112298378726], [0.000888581724752748, 0.9971977335483859, 0.0011771711126505162, 0.0007365135142108494], [0.0021913694620394443, 0.018340183672931443, 0.9709382992096354, 0.008530147555393795], [0.02324853923865154, 0.09338904519149496, 0.5722238037991432, 0.31113861167071033], [0.0026455033461938644, 0.04989687136019352, 0.9418584401264102, 0.005599185067202423], [0.03452713697653332, 0.5073886332993576, 0.01709863310944639, 0.44098559651466274], [0.00036530807451188246, 0.9989065419641343, 0.00045458063921826594, 0.00027356922213549786], [0.00043362768157162684, 0.9983785687437194, 0.0008421691972237755, 0.00034563427748518163], [0.0018249174344923027, 0.015758976740492397, 0.975312078925264, 0.007104026799751394], [0.10334277512057931, 0.17577754794622222, 0.4217696628383606, 0.2991100139948379], [0.008518292163175022, 0.24885759063208662, 0.7316869149034871, 0.010937202201251233], [0.04012735732044074, 0.871461845928498, 0.015720761121685623, 0.07269003552937564]], "ideal": "A", "sampled": "A", "correct": true}}
{"type": "result", "data": {"idx": 4, "options": ["on nuclear weapons signed between the United States and the Soviet Union.", "cutting conventional arms in Europe.", "to be rejected by the U.S. Senate.", "mandating the elimination of many long-range nuclear missiles."], "probs": [[0.9981100165893193, 0.0013680171270570084, 0.0004505713925303248, 7.139479109338312e-05], [0.9979489073576946, 0.0016120265335395879, 0.00037654607200455077, 6.251993676124647e-05], [0.9979761101617847, 0.0017697780608239557, 0.00020307968665263964, 5.103199073877718e-05], [0.9971409211449233, 0.0021327929082335015, 0.0006914926185075008, 3.479322833573277e-05], [0.9958207195133438, 0.0038269481862791476, 0.0002770602346809016, 7.527196569615281e-05], [0.9959344260142056, 0.0035950187742653673, 0.0004255839772969433, 4.497113423212451e-05], [0.0001709901941121015, 0.9992417067721965, 0.0004530911940056016, 0.00013421173968585696], [0.00022471727760392824, 0.999200386251135, 0.00047115503453693046, 0.00010374133672413228], [0.00012839398454793483, 0.0005351567763374277, 0.9976636127601408, 0.0016728363789737964], [0.0005986382418988487, 0.0029724257455350876, 0.10450150970923437, 0.8919274262033317], [0.0007948204951922148, 0.019073838552671734, 0.9777231311063381, 0.002408209745797909], [0.0005140059620915878, 0.05329742165389481, 0.0009670562269917538, 0.9452215160570219], [0.00042375923897908447, 0.9992356790232589, 0.0002627706266125415, 7.77910111494309e-05], [0.0003352515330558385, 0.9989692536925419, 0.0006604028146145174, 3.509185978779865e-05], [0.0001107593437848759, 0.0002568408553626568, 0.9977219240078882, 0.0019104756929642468], [0.00034658671732882873, 0.001426789548481612, 0.00341476096801677, 0.9948118626661728], [0.0007610585122470168, 0.8661727231259518, 0.13273637213968018, 0.0003298461221209743], [0.0007854087594670061, 0.013824842700799485, 0.00036226171319040436, 0.9850274867265431], [0.0028651340032974267, 0.9966325846439413, 0.0004221637789591897, 8.011747380199303e-05], [0.001852202235975397, 0.9974713927136923, 0.0006292308890314498, 4.717406130078539e-05], [0.0017276219248591636, 0.0010379892308266733, 0.9963187128374846, 0.0009156759068295422], [0.0014829386950785757, 0.0013946076355830627, 0.0010672965184845228, 0.9960551570508538], [0.003442718439320107, 0.005036240354703573, 0.9908116009012056, 0.0007094402047706963], [0.002205817785828209, 0.002351111329068587, 0.0004882795749176822, 0.9949547912101855]], "ideal": "D", "sampled": "A", "correct": false}}
{"type": "result", "data": {"idx": 5, "options": ["It ended the influence of American exceptionalism entirely", "Exceptionalism was enhanced by America's status as the 'leader of the free world'", "The extension of American power globally challenged core assumptions of exceptionalism", "Both b and c"], "probs": [[0.00178168281078169, 0.0633026833715186, 0.8470335539260402, 0.08788207979165956], [0.0021590288669671226, 0.022343787336308138, 0.010881740108306778, 0.964615443588418], [0.004136236337871327, 0.5012314859138828, 0.031049290321836828, 0.463582987326409], [0.003343987672303155, 0.9643954502455083, 0.023031036545879395, 0.009229525436309099], [0.000854790735850741, 0.0038051938228427294, 0.02023156921562592, 0.9751084461256806], [0.0008119892726315325, 0.0027033020130062305, 0.9851976157482419, 0.01128709286612031], [0.001049308884579998, 0.005851194241742475, 0.9844538125893048, 0.008645684184372759], [0.001297548012041595, 0.00559732710939943, 0.006961186909961767, 0.9861439378685972], [0.01777787288679884, 0.9559485146164279, 0.004825179379250381, 0.02144843301752281], [0.015315306335750282, 0.9779298281764341, 0.00563705431791217, 0.0011178110699033815], [0.0006989352621518954, 0.0023668048596539246, 0.004453437635536276, 0.9924808221426579], [0.0007063811608022605, 0.0032143157273308645, 0.9944882936994843, 0.001591009312382541], [0.10467045519190857, 0.06867235744790154, 0.30295600806970724, 0.5237011791904826], [0.20507370697420896, 0.08157951687874379, 0.6623268373515053, 0.05101993869554188], [0.5447177663202674, 0.14663087719352638, 0.038856337113444696, 0.26979501927276156], [0.34535744311362326, 0.2195138643481874, 0.42331725449607943, 0.011811437942109924], [0.6325471925935843, 0.3035494054898748, 0.025314487231437144, 0.038588914585103815], [0.6663427113315628, 0.3050863931154976, 0.0250473441863319, 0.0035235512666077703], [0.0008882984249555827, 0.00507363402207401, 0.7644624673499469, 0.22957560010302347], [0.00017780150657506437, 0.0006813426453112544, 0.9974422042344956, 0.0016986515136180958], [0.0009390593898943374, 0.003357604036613404, 0.004959374038976917, 0.9907439624345153], [0.00016838585190177033, 0.0011685187557198978, 0.9980078022559866, 0.0006552930363916561], [0.001958606008983458, 0.9910880037789072, 0.004516735075383492, 0.0024366550367259385], [0.0013933026653991966, 0.9942024749038586, 0.003756504431372239, 0.000647717899369941]], "ideal": "D", "sampled": "C", "correct": false}}
{"type": "result", "data": {"idx": 6, "options": ["He believed that internal reform rather than international negotiation was the key to economic regeneration of the US", "He believed that German domination of Europe would be in US interests", "He always favoured isolationism", "All of the above"], "probs": [[0.00921698493903314, 0.030692952436707194, 0.7436336444386844, 0.21645641808557528], [0.0764388939898213, 0.10772313893832057, 0.8088967741925872, 0.006941192779270912], [0.031054368661679967, 0.2600434315535325, 0.01274546795107744, 0.6961567317337101], [0.35031742648325614, 0.3555958048784167, 0.29034526321635745, 0.0037415053219696528], [0.12934798930904814, 0.8563586101749668, 0.006644199313904454, 0.007649201102080589], [0.1504343204784606, 0.8387232120817006, 0.009320648713832435, 0.0015218186260063658], [0.006683361077122717, 0.015297597010940772, 0.6014996433685512, 0.3765193984433853], [0.023893329843277612, 0.21280569969364216, 0.7547876111537016, 0.008513359209378641], [0.014550841764322949, 0.3471209490558811, 0.009693383472959652, 0.6286348256068363], [0.04842157394236188, 0.8442731032950482, 0.10408816656246758, 0.0032171561001223155], [0.07938249401011865, 0.8939297786076416, 0.006618547246484823, 0.020069180035754954], [0.05854865817689006, 0.9296961277834599, 0.009858860177115935, 0.0018963537625341562], [0.006544545152625488, 0.025098123904368597, 0.011666912234320379, 0.9566904186086855], [0.03428303911932184, 0.5886237178167897, 0.3684296107631822, 0.008663632200706239], [0.0063791430312942245, 0.03789041756048822, 0.023331270373985205, 0.9323991689342324], [0.039317480217500936, 0.19635478281336796, 0.7532490778248659, 0.011078659044265207], [0.08412310723102062, 0.8900197404390637, 0.017909154811185615, 0.007947997418730063], [0.07253329233596283, 0.9112513126098848, 0.012026378820420276, 0.004189016133732124], [0.12767712960869526, 0.3524189643569875, 0.029847264731630133, 0.4900566412026871], [0.08032587169797632, 0.4690550267227326, 0.4206101595934828, 0.03000894188580831], [0.10156444269959419, 0.31275227080227164, 0.01878244767182907, 0.5669008387263051], [0.053445745453279736, 0.1384211038600854, 0.7725651292198402, 0.03556802136679459], [0.21261335273603305, 0.464028255176983, 0.2728615321583419, 0.050496859828642035], [0.24072699481010476, 0.5091198416749225, 0.18734778974988262, 0.06280537366509009]], "ideal": "A", "sampled": "D", "correct": false}}
{"type": "result", "data": {"idx": 7, "options": ["A strand of neo-isolationist sentiment", "A strand of internationalist sentiment", "An expression of American cultural superiority", "Increased incorporation of public opinion in foreign policy making"], "probs": [[0.012196057168133769, 0.9689989893464974, 0.004088111737702845, 0.014716841647665995], [0.0182966920797672, 0.9682789211746767, 0.010928014030149442, 0.0024963726154066243], [0.08853698105735021, 0.14594340866623987, 0.6444322110229107, 0.12108739915349921], [0.0890639775344463, 0.13578184756958744, 0.6282294766411473, 0.14692469815481898], [0.008921016731672756, 0.9838292801133048, 0.006132708428819027, 0.0011169946262034073], [0.009518602655384425, 0.9862225209528546, 0.0019968053447310175, 0.0022620709470300114], [0.2572549271267865, 0.5115054225433155, 0.010962505772719514, 0.2202771444571784], [0.31507015430523144, 0.2570182995605571, 0.41746062308307724, 0.010450922951134202], [0.6622320042876276, 0.20505333289018143, 0.07203222407990335, 0.06068243864228758], [0.3154744085805404, 0.15856354823036795, 0.4812042087508213, 0.04475783433827034], [0.21833879238869502, 0.7739350371012449, 0.005821044685647275, 0.0019051257244127946], [0.23446675875921139, 0.7567487390514888, 0.004100972946250649, 0.0046835291430491754], [0.019520405023516558, 0.25313433153553305, 0.6671844496482251, 0.06016081369272525], [0.021800640074937615, 0.1755393075360191, 0.6837894039599643, 0.118870648329079], [0.013444458909437865, 0.9576945260858433, 0.01431618806539706, 0.014544826839321782], [0.009782206495962798, 0.860185442188158, 0.1059978304680303, 0.024034520747848988], [0.017250533855125497, 0.8850216952264909, 0.05152309787494376, 0.046204672943439926], [0.01368787550289793, 0.8144704926262253, 0.14605355669364736, 0.02578807507722944], [0.06879845068665157, 0.8920148956997076, 0.036831612597309854, 0.002355040916331021], [0.08998291535552475, 0.8947532822589641, 0.00524263016991014, 0.010021172115601044], [0.32186577627610385, 0.6600972599322579, 0.015294570905173688, 0.002742392786464579], [0.36191240502842403, 0.6153468672455784, 0.011371459979595504, 0.011369267646402087], [0.3969106762513875, 0.3669467352026338, 0.14608605531079644, 0.09005653313518226], [0.19613026592003938, 0.24021414546314931, 0.5170450344884243, 0.046610554028386944]], "ideal": "A", "sampled": "B", "correct": false}}
{"type": "result", "data": {"idx": 8, "options": ["The war reduced European population levels below that of the United States", "The United States seized German resources after the war", "European countries paid the United States for assistance", "The United States became a creditor country and financial centre, with European war spending boosting the US economy"], "probs": [[0.0001873616240445525, 0.000555441079458223, 0.002627041404488444, 0.9966301557920088], [0.00012337169287150788, 0.0004337304362905312, 0.9992071004087193, 0.00023579736211863325], [0.00021590142006072422, 0.0006204278745029688, 0.0013539885050533628, 0.9978096821003829], [0.00012051230942352382, 0.0005397772081853743, 0.9991129448357615, 0.00022676554662962573], [0.00033273630810187846, 0.9995299451331663, 0.00011953844538095643, 1.7780013350837955e-05], [0.0003711958752083254, 0.9994559409831331, 0.00015589868607007701, 1.6964355588536994e-05], [0.0001886458121523438, 0.0006047321133624521, 0.0035314542275082807, 0.995675167746977], [0.00014422023165067588, 0.000495316511628516, 0.999142393629846, 0.00021806952687483024], [0.0001508759350304594, 0.00038870514567685967, 0.0006502538601455715, 0.9988101649591471], [0.00024329511152078732, 0.0008894803238273435, 0.9986042833196347, 0.0002629411450171444], [0.00048015888432424275, 0.9992463370946171, 0.0002432774437425885, 3.022647731605923e-05], [0.0006664873327505643, 0.9989764579274517, 0.0003272929229983662, 2.976171679941034e-05], [0.00018190703566955957, 0.00031455251924930876, 0.0012048709035377, 0.9982986694415434], [0.0001224355349656767, 0.00038583444003453544, 0.9993464223711804, 0.00014530755381930984], [0.00015692512284243095, 0.00021809101536189587, 0.0006158209476997159, 0.9990091628140959], [0.0002181865141741945, 0.00044747413156619203, 0.999141877586868, 0.0001924616673916496], [0.0004107404462989902, 0.9993329724746957, 0.00023766154710785846, 1.8625431897456715e-05], [0.0005314284388945419, 0.9992007679795192, 0.0002490280620126103, 1.8775419573671334e-05], [0.997608661896632, 0.0022530625579824455, 0.00011667628135138175, 2.159916403418977e-05], [0.9976411290369176, 0.0021835843564792894, 0.00015820198259726686, 1.708452400585343e-05], [0.9974883111165713, 0.002288288047173823, 0.000172406408645198, 5.099432760960183e-05], [0.9972494083403278, 0.002474149649091925, 0.00025078717912358487, 2.5654731456703917e-05], [0.9972873711560437, 0.002552035209754623, 0.00013849223316654436, 2.2101301035112827e-05], [0.9969806770200537, 0.0028469740390914848, 0.00015091848738681173, 2.1430353467988765e-05]], "ideal": "D", "sampled": "D", "correct": true}}
{"type": "result", "data": {"idx": 9, "options": ["the president of the United States.", "the secretary of defense.", "the chairman of the Joint Chiefs of Staff.", "Congress."], "probs": [[0.5873078271338465, 0.15086985054416208, 0.031143504130617825, 0.2306788180913735], [0.09709015121443561, 0.043736918106636595, 0.8524577295257989, 0.006715201053128874], [0.5083871228148091, 0.1412013118633377, 0.055309008784880744, 0.29510255643697236], [0.043712720372597005, 0.030033217113296394, 0.9207353423868225, 0.005518720027284091], [0.2489763249018148, 0.7433323409623289, 0.006588956935782201, 0.0011023771000740579], [0.18123480607222175, 0.8124260870854234, 0.005393252221411854, 0.0009458545209429279], [0.001122551392960908, 0.9967467231932302, 0.0012423803617878882, 0.0008883449520210299], [0.0016433487371270562, 0.9951109296675834, 0.0028611855283449416, 0.00038453596694457983], [0.0005514935971331561, 0.0018640055500685824, 0.9964178647628686, 0.0011666359899296138], [0.001175634394565679, 0.004872869019046994, 0.943160372987861, 0.050791123498526276], [0.0030125776694046296, 0.9464375330634052, 0.04861874722064853, 0.0019311419465416026], [0.001900346501101116, 0.9542607750758338, 0.003809989231394884, 0.04002888909167014], [0.00047585354985313463, 0.9977256902678282, 0.001167907781241352, 0.0006305483010773682], [0.0007534728733397455, 0.9965153046617549, 0.002411915994771167, 0.00031930637013424183], [0.0002471108748087761, 0.001023108489641302, 0.9979870326791589, 0.0007427478563910008], [0.0006575504259688566, 0.0036668964704230254, 0.9549927369077927, 0.040682816095815345], [0.0013163435511558653, 0.9245181462255592, 0.07239261377619019, 0.0017728963470948337], [0.0009813813799673657, 0.9648095809420935, 0.004131796703006009, 0.03007724087493315], [0.7496015886016341, 0.23579375391748986, 0.011937976610526105, 0.002666680770349929], [0.7176816013752807, 0.26814696739468835, 0.01125408638863033, 0.002917344741400645], [0.10574684271323666, 0.04269582024777674, 0.8453026993373697, 0.006254637601616921], [0.25370596088330954, 0.06621541370912414, 0.030316993364400444, 0.6497616319431659], [0.013009026502954872, 0.011838848571872658, 0.9712750804454349, 0.0038770443797376325], [0.12752530832600711, 0.03891781978113973, 0.049963224299240286, 0.7835936474936128]], "ideal": "D", "sampled": "A", "correct": false}}
{"type": "result", "data": {"idx": 10, "options": ["The US ignored the Third World", "Local developments were viewed through a geopolitical lens", "The US unreservedly supported decolonization", "None of the above"], "probs": [[0.0006010234079825177, 0.9969281692294379, 0.002146549657098041, 0.0003242576054815474], [0.0008882041019020034, 0.9967750493389125, 0.002179930724998587, 0.00015681573418688312], [0.000798796731582838, 0.017203523897914987, 0.9694094200997937, 0.012588259170708486], [0.0031300263234980198, 0.0396563401763101, 0.03964830845060881, 0.9175653249495831], [0.00025644437316163174, 0.004232868810235832, 0.9884220472908906, 0.007088639425711942], [0.0014301609027758668, 0.010009813620196872, 0.013890639638209459, 0.9746693857388178], [0.9130715369740083, 0.05925925216148467, 0.017523923201592274, 0.010145287562914733], [0.9449593022323843, 0.041494401267135994, 0.01227248128387173, 0.0012738151166079663], [0.9011006505239783, 0.06323771702252953, 0.014793100128879319, 0.020868532224612893], [0.9447973115626245, 0.04557419732846639, 0.0081740983919151, 0.0014543926169940725], [0.9664587687545158, 0.027405922591012807, 0.003681712913137687, 0.002453595641333772], [0.9641678418777401, 0.029565006791624562, 0.0038194477398285926, 0.0024477034908067497], [0.0007961348291068863, 0.011244188459601071, 0.9813488038521861, 0.00661087275910595], [0.005696872407844732, 0.08570017904211151, 0.0817703329439554, 0.8268326155060883], [0.0004228606465253563, 0.9969919953842136, 0.002113366613207836, 0.0004717772560532255], [0.000640192815985626, 0.997609242384351, 0.0016214889225307971, 0.00012907577713255281], [0.000993940492526991, 0.005292668980768129, 0.008129573275790865, 0.985583817150914], [0.0001575657343076777, 0.0025810102952419007, 0.9936778373903555, 0.003583586480094896], [0.0002390534276528047, 0.005741425135589048, 0.980878380495447, 0.013141140841311233], [0.001400848130775432, 0.012587687740194128, 0.0164123510304252, 0.9695991129986052], [0.0003432867833634878, 0.9990608493355502, 0.0005271769640636552, 6.86868170227335e-05], [0.00029135458489871883, 0.9991908382276493, 0.0004475020534380989, 7.030503401382732e-05], [0.0008087686985856733, 0.007155271474551183, 0.009624365091883667, 0.9824115946349795], [0.00021223082781380204, 0.008210235325421027, 0.9792519948847284, 0.012325538862036828]], "ideal": "B", "sampled": "B", "correct": true}}
{"type": "result", "data": {"idx": 11, "options": ["It was the first time the US became involved in the Balkans", "It was the first time NATO used military force", "It was the first war won by airpower alone", "It was the first war to employ 'smart weapons'"], "probs": [[0.0006763781918806873, 0.9983203619849127, 0.000635421364843411, 0.0003678383583632131], [0.000574315766921921, 0.9987036328736745, 0.0003947247358414823, 0.0003273265235620972], [0.0007554600088402752, 0.005711065194898251, 0.9914485908148384, 0.0020848838814230804], [0.001480712311682747, 0.0025424079317816995, 0.002171955288326493, 0.9938049243682091], [0.0004926253157284363, 0.003111588246991604, 0.9934267370184333, 0.002969049318846632], [0.0013347365457014224, 0.0020234765754649888, 0.0046597764235059595, 0.9919820103553276], [0.09877514442694335, 0.8272182637317778, 0.04524326856656582, 0.028763323174713033], [0.1210826059491241, 0.8406299492726821, 0.008119369060990245, 0.030168075617203572], [0.19882864581497356, 0.6318867590131502, 0.13248157055716808, 0.03680302451470813], [0.08487331818942621, 0.12749968396621916, 0.018365999579273134, 0.7692609981650814], [0.030449725466607663, 0.04643350717440029, 0.8766690369254654, 0.046447730333526685], [0.06898138414447924, 0.07463849802170491, 0.11378298274843333, 0.7425971349853825], [0.0010909200605522357, 0.5103591065551705, 0.4869751614152293, 0.001574811869048057], [0.0017560044266272514, 0.13221773038891077, 0.004052376222727075, 0.8619738888617349], [0.0031534717463638207, 0.9910616157226522, 0.004961887480971129, 0.0008230249500128595], [0.0033611398695630136, 0.7852222223907592, 0.006583549930169408, 0.2048330877095084], [0.0033748821017894753, 0.013051604150402428, 0.4455599863247928, 0.5380135273230152], [0.004044929643206631, 0.015387197496486203, 0.9522595101243962, 0.028308362635910866], [0.0005649165366471932, 0.9082173039439055, 0.0899045429479272, 0.0013132364715200023], [0.001265068578046349, 0.8620482755513343, 0.008579994961904881, 0.12810666080871444], [0.0033735111720426913, 0.9805307928959495, 0.012150015998834947, 0.003945679833172857], [0.0031688013549287615, 0.865577117591085, 0.008484520758048448, 0.12276956019593774], [0.002095226258716584, 0.013680351360348961, 0.1638614135441457, 0.8203630087367887], [0.0021263343503571826, 0.012333270411872727, 0.9498415064252003, 0.03569888871256979]], "ideal": "C", "sampled": "B", "correct": false}}
{"type": "result", "data": {"idx": 12, "options": ["The character of a state's leader", "The distribution of power in the international system", "The distribution of power within a state's governmental system", "A state's political ideology"], "probs": [[0.0018649731501458235, 0.9969801540466534, 0.000795957709231731, 0.0003589149939690544], [0.0015576944803357257, 0.9967735931498792, 0.0008146620665566846, 0.0008540502032283686], [0.010505160748054083, 0.9756378008748965, 0.012282708390228112, 0.0015743298868212715], [0.01798700759170745, 0.9372056887543541, 0.00488127310967079, 0.03992603044426772], [0.0025343537305486338, 0.008437969092238498, 0.9757510772549044, 0.01327659982230843], [0.08057141988238073, 0.35553750127323386, 0.36117359723134945, 0.20271748151303598], [0.9921184321871359, 0.006382627119096767, 0.0011710554288357343, 0.0003278851649316054], [0.9898085733240626, 0.007924786857080443, 0.0015237708119079866, 0.0007428689069490144], [0.9924517165583753, 0.006485336778886452, 0.0008114598275337448, 0.00025148673520456805], [0.9949944514173882, 0.0041979825628535436, 0.0006485725687049973, 0.000158993351053272], [0.9918729538928622, 0.006584204651080819, 0.0009630764132138674, 0.00057976494284312], [0.9953582915504187, 0.0038840696345355027, 0.0005815872826162368, 0.00017605143242955778], [0.8829306021924839, 0.05643884246398505, 0.056443551230739845, 0.004187004012791214], [0.8534272550578167, 0.06581214079212079, 0.014918057441926834, 0.06584254660813568], [0.7445104848512676, 0.25332333052931705, 0.0016161225656468891, 0.0005500619537685138], [0.8183398561281552, 0.1797784188939524, 0.0014726558567704734, 0.00040906902112188497], [0.8976978589394833, 0.06503978752579821, 0.005552341555432733, 0.03171001187928572], [0.9251945014184154, 0.05301626738084089, 0.02012395242355851, 0.0016652786771851602], [0.0011201977469268965, 0.0038479873744321083, 0.9871346310602038, 0.007897183718437123], [0.056983073037545774, 0.05971591268640451, 0.7507379641582995, 0.1325630500177502], [0.0009244497912989171, 0.9984429814088188, 0.0003481844066446475, 0.0002843842932375864], [0.0006768599398381541, 0.9990114497584189, 0.00022146453531134982, 9.022566643157029e-05], [0.03947746082962194, 0.8985547936713137, 0.004500456745717461, 0.05746728865334682], [0.013181753098489643, 0.9239918338575163, 0.06190788577697683, 0.0009185271670172718]], "ideal": "B", "sampled": "B", "correct": true}}
{"type": "result", "data": {"idx": 13, "options": ["Leaders have incentives to lie", "If leaders revealed their programs, they would be more likely to be attacked", "Leaders will not always grant foreign monitors access to their nuclear programs", "ALL of the above"], "probs": [[0.0018518829360672543, 0.022393539960186108, 0.13501352320322468, 0.8407410538005219], [0.027852961349775055, 0.15540033331281353, 0.8017173281728491, 0.015029377064562238], [0.00241769594475485, 0.02155678184809857, 0.02992287011694947, 0.946102651990197], [0.014205855202127339, 0.07444119650046566, 0.9074076937673241, 0.003945254430082889], [0.018300559688831337, 0.9102985155027987, 0.01229106967517843, 0.05910985503319145], [0.027892943567523972, 0.9535997583478594, 0.011451758317070203, 0.007055539667546434], [0.0009380240333334802, 0.6642645077304434, 0.030581020168174534, 0.30421644796804853], [0.00246456062447598, 0.8775254721054276, 0.11875086593115028, 0.0012591012389460373], [0.00025926179814710185, 0.013296602188177409, 0.9321759921980894, 0.054268143715586026], [0.004099965095110023, 0.4704164564139111, 0.3550716638209992, 0.17041191456997967], [0.002297535683946433, 0.08291458117709367, 0.8913971153267574, 0.02339076771220252], [0.0021287098107578262, 0.028975086905764256, 0.00910524181269065, 0.9597909613707872], [0.0013391286983637843, 0.49975213100942845, 0.006748989182903341, 0.4921597510093044], [0.002473688704314796, 0.6966891344834338, 0.2997304523274844, 0.0011067243847670079], [0.0004218817946308516, 0.005778618790788088, 0.9493960080486838, 0.04440349126589721], [0.008494983883005404, 0.16293785554006077, 0.3342457822611217, 0.4943213782158121], [0.003691978320844312, 0.19847855392522368, 0.7851386839281185, 0.01269078372581357], [0.0028249745729281676, 0.024247267157059414, 0.0035726792433668575, 0.9693550789266455], [0.011245774208801088, 0.08190355525374526, 0.052833702901996724, 0.8540169675354569], [0.02343656970830063, 0.6192806739367914, 0.3064443956336088, 0.05083836062129919], [0.0025440085032015195, 0.009308837628509911, 0.9346029437829658, 0.053544209985322694], [0.0008958341496862034, 0.002383202237287283, 0.0049197932976520605, 0.9918011702153744], [0.0032424587255227926, 0.013135569332477268, 0.9577260648830369, 0.025895906958963058], [0.0017685537466961493, 0.0033883550121043553, 0.002326030903942833, 0.9925170602372566]], "ideal": "D", "sampled": "A", "correct": false}}
{"type": "result", "data": {"idx": 14, "options": ["the Senate.", "the president.", "the Secretary of State.", "the chairman of the Joint Chiefs."], "probs": [[0.00036790078669176045, 0.959825813095493, 0.039593319045514844, 0.00021296697230041795], [0.0007571893849810473, 0.9491797380249066, 0.0013082664970365339, 0.04875480599307582], [0.00044733298610546377, 0.9908051775269864, 0.008566675537699258, 0.00018081384920883765], [0.00039423734172200516, 0.9900195998778368, 0.000610523459094558, 0.008975639221346653], [0.0001921341641572466, 0.0010549895776644145, 0.981596591001392, 0.01715628515678634], [0.00018504428079932066, 0.000709187361725529, 0.9906699956943175, 0.008435772563157652], [0.004629854102698808, 0.008248541486035195, 0.9844635107361256, 0.0026580935751403484], [0.003406128542682489, 0.002308149466332816, 0.0018672066233063579, 0.9924185152676783], [0.006282478154973561, 0.9928185562115007, 0.0007744404773347216, 0.00012452505619095882], [0.00490181828285223, 0.9946319191990377, 0.00039628162863112606, 6.998078947890198e-05], [0.0010430058744781178, 0.0008596630504222724, 0.002174194252292295, 0.9959231367228073], [0.0018927945291608262, 0.0012507385638059712, 0.996246890022374, 0.0006095767846591485], [0.49077444012495985, 0.024803453421538894, 0.48335622504001796, 0.0010658813134832783], [0.45260715703437626, 0.021178874752782673, 0.004042433860517032, 0.522171534252324], [0.900692338344819, 0.09795258784055988, 0.0012052924865224436, 0.00014978122809863856], [0.9166772199561609, 0.08266205520845125, 0.0005840618467872048, 7.666288860056019e-05], [0.8106383261857173, 0.01682938299484873, 0.004899215525580119, 0.16763307519385387], [0.6515453940077433, 0.019978718518132415, 0.32776981001413374, 0.0007060773599905838], [0.00010170758501232066, 0.0010353141306392742, 0.9477969520032206, 0.051066026181127884], [9.085895787091158e-05, 0.0008030261493308822, 0.989845182937116, 0.009260931855682155], [0.00035020730435370544, 0.8596583260351759, 0.0018776360051730653, 0.1381138305552973], [0.00014236060690522853, 0.95574498415499, 0.04398601983917101, 0.0001266352989338134], [0.00020462235938375594, 0.9983651968419188, 0.0004228988394858041, 0.0010072818592116227], [0.00017648260078855166, 0.998183367924389, 0.001571559577347321, 6.858979747507236e-05]], "ideal": "B", "sampled": "C", "correct": false}}
{"type": "result", "data": {"idx": 15, "options": ["Required the United States and Russia to demobilize their armies", "Required the United States and Russia to dismantle a significant number of their nuclear weapons", "Prohibited the acquisition of new military bases", "Prohibited short-range nuclear weapons"], "probs": [[0.0014409781923294736, 0.9972274046253542, 0.0010220292371605922, 0.0003095878451557257], [0.001545192564098446, 0.9967833645761363, 0.0012615352439043794, 0.00040990751586088617], [0.00727059186276975, 0.03108707842602329, 0.9377989851016504, 0.023843344509556528], [0.01319738700474105, 0.053893798599976256, 0.10221840725799705, 0.8306904070372856], [0.0023654585758023034, 0.015418217269750931, 0.9694303128892766, 0.012786011165170183], [0.009174143176869036, 0.037466761593377286, 0.030562168695752165, 0.9227969264340015], [0.8518489645976827, 0.09410296432162966, 0.017140852381479582, 0.0369072185992081], [0.7994418337422438, 0.1098922957237963, 0.07553998745300773, 0.015125882980952216], [0.837539580402344, 0.10650257348591116, 0.013542415043119772, 0.04241543096862508], [0.8263368751196728, 0.11360678126782114, 0.049638950492975106, 0.010417393019530914], [0.9028095815565675, 0.08140826624555768, 0.008317784984267938, 0.007464367113606833], [0.8637317409363339, 0.11510656810404732, 0.011399496189261983, 0.009762194670356814], [0.009510300059250312, 0.051405559884981675, 0.9115574895601904, 0.027526650395577584], [0.015940340790467737, 0.051490067935870326, 0.15126040826816356, 0.7813091829054984], [0.017532232314323673, 0.972787453125592, 0.0031205130187038086, 0.006559801441380543], [0.013956033018182662, 0.9789624499245563, 0.004393244091956546, 0.0026882728653044893], [0.011256326574210622, 0.04596616186032172, 0.018855478033185595, 0.9239220334322821], [0.005470897497963938, 0.022316567441662327, 0.9642532399525539, 0.007959295007819929], [0.0017172137809895749, 0.011914815554342224, 0.9769407086411567, 0.009427261923511553], [0.009003165673014976, 0.01907351137042944, 0.022996004902927226, 0.9489273179536284], [0.009394486385081046, 0.9892838929666106, 0.000867560645492772, 0.00045405990281564964], [0.006889893433849311, 0.9917173636919209, 0.0009550033969370877, 0.00043773937729269793], [0.006915949687500979, 0.016864522001983955, 0.01071471732132388, 0.9655048108891912], [0.006747391287877045, 0.016435975727679557, 0.9706737705494117, 0.006142862335031605]], "ideal": "B", "sampled": "B", "correct": true}}
