{"type": "result", "data": {"idx": 0, "options": ["the matrix, if stored directly, is large and can be clumsy to manage", "it is not capable of expressing complex protection requirements", "deciding whether a process has access to a resource is undecidable", "there is no way to express who has rights to change the access matrix itself"], "probs": [[0.05851994628678518, 0.09279407836445311, 0.5556248591470865, 0.29306111610167523], [0.12430468015165813, 0.1837234022474833, 0.1987415820348961, 0.49323033546596246], [0.041830923107107794, 0.6005708470807865, 0.15920769981405025, 0.19839052989805547], [0.03934051841104016, 0.6813238858495312, 0.12221524863213043, 0.1571203470072982], [0.09511337606472076, 0.14279860895644514, 0.195272255206116, 0.5668157596727181], [0.059230598468993687, 0.0961553646299363, 0.5161241523162843, 0.3284898844847857], [0.0733670661274211, 0.09131130507188391, 0.5468265372949398, 0.28849509140575524], [0.11320712837961466, 0.1408885471712929, 0.2288067127835942, 0.5170976115654982], [0.0479766669812754, 0.5406049094778945, 0.17837225563427214, 0.2330461678065579], [0.035100918913492415, 0.6887566574860163, 0.1444542583763362, 0.13168816512415502], [0.11289393480133332, 0.21089472578984342, 0.10945684053932646, 0.5667544987694968], [0.08585054065250589, 0.18752085508859356, 0.3093473751241882, 0.4172812290347123], [0.43662741828332036, 0.07352164639024729, 0.2030526561275182, 0.28679827909891414], [0.4831600558745507, 0.07582937293232218, 0.16958630335998875, 0.2714242677331384], [0.35999483402936083, 0.11960436580779724, 0.1867534545883562, 0.3336473454744857], [0.47241583649368485, 0.1104342340858719, 0.17930060335471404, 0.23784932596572916], [0.4665262718612568, 0.1688902724281774, 0.08105511479430778, 0.28352834081625805], [0.4399307173081565, 0.17769255438044462, 0.14282595471387577, 0.2395507734975231], [0.09997652246600815, 0.035374379853919696, 0.1897911386793796, 0.6748579589006926], [0.05095547209369581, 0.031892640949905654, 0.6068414773852099, 0.3103104094711887], [0.11705160663082152, 0.11704358980574166, 0.08976738555281964, 0.6761374179106172], [0.08971251135586542, 0.1255310075429841, 0.4968381112629332, 0.2879183697382173], [0.07176395982665569, 0.6200010544931382, 0.07948020548769986, 0.22875478009250613], [0.07637463395465649, 0.5599545752448981, 0.21266494372349806, 0.15100584697694733]], "ideal": "A", "sampled": "C", "correct": false}}
{"type": "result", "data": {"idx": 1, "options": ["{-6,-2, -1, 1, 2, 6}", "{-6, -2, -1, 0, 1, 2, 6}", "{-6, -3, -2, -1, 1, 2, 3, 6}", "{-6, -3, -2, -1, 0, 1, 2, 3, 6}"], "probs": [[0.051507846746650855, 0.5085743418890298, 0.24041191066872944, 0.1995059005955899], [0.04401578168054409, 0.45194096160171854, 0.24393017896398797, 0.2601130776537494], [0.057239908506064, 0.5608116962914695, 0.10789729613515123, 0.2740510989673152], [0.06622598171556879, 0.5092838292219715, 0.24260954014148658, 0.18188064882097313], [0.04368655965462961, 0.5851303716487785, 0.21710544013648375, 0.15407762846010822], [0.03545060526208966, 0.5549659359817506, 0.34220866767730285, 0.06737479097885685], [0.09475284986581875, 0.1960695575645018, 0.3695114314458453, 0.3396661610238341], [0.10364680658997646, 0.2265530658543571, 0.3828029901687735, 0.2869971372868929], [0.080994283824638, 0.5413956520598125, 0.1247016908542902, 0.2529083731612593], [0.045385271982561, 0.4379867976165938, 0.43916389996136307, 0.0774640303394821], [0.06667262414433348, 0.6287049148155115, 0.09496292612441838, 0.20965953481573663], [0.06163469489585001, 0.6137147109192934, 0.23326577852144378, 0.09138481556341281], [0.1428183019018406, 0.2648901045057528, 0.18355184791636772, 0.40873974557603887], [0.12239247012140196, 0.2653897285766872, 0.4699958054253235, 0.14222199577658737], [0.1441858324749627, 0.39851570730302893, 0.1928658966309147, 0.2644325634910937], [0.08715440461888196, 0.35056952160920035, 0.46552122328277173, 0.0967548503891459], [0.07000859289686927, 0.7594034301297454, 0.06849503720597047, 0.1020929396674148], [0.05542156555730988, 0.7723054482303273, 0.09449049336685476, 0.07778249274550804], [0.1667758325536418, 0.24853933604439213, 0.2545622809107169, 0.3301225503912491], [0.18248612904979628, 0.2698407132677498, 0.41185286023293793, 0.13582029734951598], [0.17217901603912625, 0.3321391393230884, 0.08666436502460793, 0.4090174795131774], [0.10689912735346872, 0.3884006738274319, 0.4274933039714566, 0.07720689474764278], [0.15504813296602207, 0.6482591644837651, 0.07566405155521509, 0.12102865089499779], [0.14625445115783406, 0.661342446896926, 0.0999222107125899, 0.09248089113265003]], "ideal": "C", "sampled": "D", "correct": false}}
{"type": "result", "data": {"idx": 2, "options": ["1:4", "1:3.5", "1:1", "1.1:1"], "probs": [[0.4098409024251737, 0.38494088381536873, 0.1461084452250125, 0.05910976843444509], [0.4071099207192715, 0.3884044630631329, 0.03447378092443922, 0.1700118351931564], [0.35863855169394576, 0.23514764270425087, 0.34760802590410966, 0.0586057795976937], [0.4127347880456719, 0.254218775564993, 0.08993172242643403, 0.24311471386290107], [0.386397171387264, 0.1768939889226095, 0.14436406955574527, 0.29234477003438125], [0.41482936095531886, 0.1959084958861513, 0.1898907366237669, 0.1993714064347629], [0.02489053029562782, 0.8377111962111506, 0.08968453652965028, 0.047713736863571304], [0.038876253817990106, 0.8061408935713713, 0.03770289914154307, 0.11727995336909548], [0.12140844468334844, 0.4305283289169013, 0.3406917579389073, 0.10737146836084296], [0.17947655494066733, 0.4239445879002408, 0.08545776220049786, 0.31112109485859396], [0.12076086164580749, 0.1275820770011539, 0.48925115131168057, 0.26240590994135804], [0.17354663231862505, 0.14167745832210982, 0.2862266089101491, 0.39854930034911606], [0.0023255806305653636, 0.9384980312712212, 0.04155877173114397, 0.017617616267069466], [0.003277964987314996, 0.8951337642987405, 0.04153729275982073, 0.060050977854123735], [0.005963508742727166, 0.637720798873317, 0.3158004461026498, 0.04051524618130607], [0.013799012836843236, 0.670420284313149, 0.04421452794795014, 0.27156617480205764], [0.011694984661856709, 0.25803912019807934, 0.6002950746004235, 0.12997082043964042], [0.017988937208348488, 0.2950360813167187, 0.12491235298603827, 0.5620626283888945], [0.04520324939182712, 0.7649633798173648, 0.06278616119159801, 0.12704720949921003], [0.05014651900099365, 0.7034683737566273, 0.19536275757597416, 0.051022349566404855], [0.10905087981886404, 0.27426958694404047, 0.3991988092082625, 0.21748072392883297], [0.13938606199378847, 0.190583771167525, 0.4502314760899767, 0.2197986906487098], [0.08594954693985625, 0.15810811400241997, 0.6256855678999172, 0.13025677105780656], [0.13435490428057847, 0.12824772297053552, 0.19553911683988212, 0.5418582558090038]], "ideal": "B", "sampled": "A", "correct": false}}
{"type": "result", "data": {"idx": 3, "options": ["C1: (3,3), C2: (4,4), C3: (6,6)", "C1: (3,3), C2: (6,6), C3: (12,12)", "C1: (6,6), C2: (12,12), C3: (12,12)", "C1: (0,0), C2: (48,48), C3: (35,35)"], "probs": [[0.08292170254251126, 0.668593676162785, 0.2311614412192733, 0.01732317997543042], [0.1352508161537737, 0.5794691205407853, 0.04980478603694743, 0.23547527716849356], [0.1313117757082375, 0.4242859529758562, 0.4182371245454416, 0.026165146670464705], [0.1257361964524853, 0.24460480590212424, 0.07394962151021979, 0.5557093760351707], [0.19504287836985423, 0.1819865554389165, 0.42995986338130515, 0.1930107027099241], [0.18841971088073223, 0.19310731844802725, 0.16246957553607205, 0.4560033950351684], [0.06564745391906752, 0.752689252101658, 0.16536966180188473, 0.016293632077389708], [0.09076913953639365, 0.6934999642032543, 0.05777880025654066, 0.15795209590381135], [0.16145536709379166, 0.6344883015832999, 0.17898913015943377, 0.025067201063474598], [0.20500286226909029, 0.5042431429156545, 0.07085929915880815, 0.21989469555644703], [0.21832008007011888, 0.18265076925564874, 0.3519782914769848, 0.24705085909724758], [0.16178111730388262, 0.23387810585544214, 0.42697003479502577, 0.17737074194564947], [0.04106077413764155, 0.6335080052965222, 0.2949886818870281, 0.030442538578808184], [0.0751652160670434, 0.4612972380436155, 0.07180045173793638, 0.39173709405140467], [0.033914240672987754, 0.6878008585554675, 0.25130980268178854, 0.026975097989756287], [0.05764222094076124, 0.6560655006146855, 0.0718391354220309, 0.21445314292252235], [0.15285965343199476, 0.3588917446107869, 0.13189404808471766, 0.3563545537725007], [0.11809175548334983, 0.3166149877933074, 0.2882634422510448, 0.277029814372298], [0.09383820160208006, 0.4628987462183146, 0.2069370499804928, 0.23632600209911253], [0.11648729095226057, 0.39478321683085293, 0.13739770240012608, 0.35133178971676043], [0.051118155406619965, 0.6003684557470053, 0.23149626558370767, 0.1170171231626671], [0.05357575096692823, 0.6146226754394865, 0.22609128198202846, 0.10571029151155686], [0.08156884719695466, 0.6334510067395114, 0.10090846710933665, 0.18407167885419726], [0.08162194048623883, 0.5907547097343547, 0.15036723576350497, 0.17725611391590146]], "ideal": "A", "sampled": "B", "correct": false}}
{"type": "result", "data": {"idx": 4, "options": ["{AND, NOT}", "{NOT, OR}", "{AND, OR}", "{NAND}"], "probs": [[0.0886820884225976, 0.06909253112950328, 0.03669445411111075, 0.8055309262367883], [0.0831216759801985, 0.18594081039092844, 0.5641358746382859, 0.16680163889058724], [0.1080854154412738, 0.07490001562308292, 0.05228769739725075, 0.7647268714383926], [0.04350634307540387, 0.09434274618256931, 0.461030306103284, 0.4011206045387428], [0.07973232060072966, 0.603438551637994, 0.21188904185047025, 0.10494008581080609], [0.06855200536841112, 0.41043524784671304, 0.08273882042856828, 0.43827392625630757], [0.07516668033127591, 0.07697410923762212, 0.030858816748335453, 0.8170003935827665], [0.0460883954379785, 0.1596797931177769, 0.6318977192054129, 0.16233409213883157], [0.07478632303560144, 0.07481190832774841, 0.04983574208414039, 0.8005660264525097], [0.059120532320754524, 0.12818219492451852, 0.46913322985647293, 0.34356404279825403], [0.05086988172268386, 0.7716504873185798, 0.08524726266867345, 0.09223236819006286], [0.06471041229974307, 0.5861227265083417, 0.04925459916424535, 0.2999122619276698], [0.06910840266754653, 0.07245770679156757, 0.0521871510352053, 0.8062467394056806], [0.029326269782538425, 0.09926480928347339, 0.37774447095381336, 0.4936644498801748], [0.0597285836201034, 0.07095587812887186, 0.04203867429718678, 0.8272768638538379], [0.05398979751906276, 0.2086844427214328, 0.4930879785465427, 0.24423778111296174], [0.05255927184115226, 0.3795815138108049, 0.11577621932493372, 0.4520829949231091], [0.07326898777697674, 0.5009477175341853, 0.1017778970331837, 0.3240053975556543], [0.07824213173563864, 0.1112614364998754, 0.3025420054869604, 0.5079544261775255], [0.07946010051558693, 0.1280374545928569, 0.14970734937045993, 0.6427950954210963], [0.160666257126954, 0.1938909888073626, 0.2339433133368199, 0.41149944062886346], [0.1582383136995587, 0.17115158606031805, 0.08084577682606553, 0.5897643233140577], [0.07489184010427906, 0.12450517248960627, 0.145575503037636, 0.6550274842684787], [0.15669351347627372, 0.18326529312490733, 0.19818934205608502, 0.4618518512427339]], "ideal": "C", "sampled": "D", "correct": false}}
{"type": "result", "data": {"idx": 5, "options": ["M = 10, m = 10", "M = 10, m = 1", "M = 7, m = 4", "M = 6, m = 4"], "probs": [[0.04548883353206921, 0.3390287375241064, 0.33391692365565967, 0.28156550518816476], [0.05446083599704521, 0.39035595694649955, 0.3393125084010569, 0.21587069855539828], [0.044678802363757215, 0.5664129704978491, 0.22892510291702717, 0.1599831241213665], [0.04169644771957499, 0.4965078215679681, 0.20380426865341106, 0.2579914619590459], [0.039560480092556395, 0.6490284518150525, 0.20111840445228116, 0.11029266354010991], [0.05074762085415292, 0.5632490410232365, 0.1317230438360902, 0.2542802941865204], [0.11451252292786143, 0.27274873240361386, 0.33957620692784835, 0.2731625376406764], [0.1279998627773016, 0.304876370915519, 0.36221806830500664, 0.20490569790217272], [0.12702047634314154, 0.5696356211087349, 0.14862523750033013, 0.1547186649477934], [0.07461708149487278, 0.601205238657752, 0.2668902019426097, 0.05728747780476552], [0.1352987706086616, 0.6163274507429111, 0.14527602167592998, 0.10309775687249731], [0.13181694047052162, 0.6004520743552224, 0.15913458404044284, 0.1085964010338131], [0.16891758393919465, 0.47032705645517625, 0.19156593367875152, 0.16918942582687757], [0.14614475207490837, 0.4037604451896444, 0.2337358961388948, 0.21635890649655243], [0.10304324427316087, 0.6267093336983853, 0.17406663233337308, 0.09618078959508068], [0.12199398601338764, 0.6151048999013714, 0.12114066358619993, 0.14176045039904098], [0.149260895673323, 0.5505378923839822, 0.09419308742226613, 0.20600812442042868], [0.17410250006365208, 0.4082236587593028, 0.23632374403497663, 0.18135009704206853], [0.20695771274881258, 0.3634208142393995, 0.2239405065550977, 0.2056809663566902], [0.19533413355581464, 0.3272889803426656, 0.16457919529551762, 0.3127976907060021], [0.16744831577016037, 0.455449054838972, 0.2636583208101705, 0.11344430848069714], [0.20730181499662315, 0.4124702604999743, 0.1092994162919466, 0.2709285081114559], [0.18587824700404096, 0.33674120899647725, 0.1889114379693901, 0.2884691059300917], [0.19880236387049402, 0.32036107297970384, 0.20207288558141925, 0.2787636774683829]], "ideal": "C", "sampled": "D", "correct": false}}
{"type": "result", "data": {"idx": 6, "options": ["I only", "III only", "I and II only", "I and III only"], "probs": [[0.07594185604669158, 0.22325963611380487, 0.13755414400938526, 0.5632443637301183], [0.0971127243473737, 0.3086976820698028, 0.37835872894564215, 0.21583086453718134], [0.08757876054615393, 0.29173327141466915, 0.08229451809658866, 0.5383934498425883], [0.10956199955866844, 0.293248070445303, 0.25884879789962306, 0.33834113199640553], [0.05380493754428158, 0.5651876904802049, 0.22138285552216486, 0.15962451635334862], [0.0808929446458303, 0.5359018564262451, 0.20344940280629364, 0.17975579602163097], [0.11744319821380153, 0.24869075785609815, 0.10530432469543277, 0.5285617191346675], [0.11285602384314906, 0.30686113463895404, 0.3588852312718954, 0.22139761014600143], [0.14762194453193733, 0.3029698133165658, 0.20502392945623557, 0.34438431259526125], [0.10976843534802432, 0.2235298901572811, 0.40490254755739485, 0.2617991268372997], [0.09732692325159224, 0.446637613779435, 0.32179497470487706, 0.13424048816409567], [0.13604327629507298, 0.3876207951032688, 0.1541947974350396, 0.3221411310666186], [0.17417747818739754, 0.31054039657231547, 0.12745920582088022, 0.38782291931940677], [0.13465181393027298, 0.2850991870207355, 0.2988924174871892, 0.28135658146180226], [0.201592618159382, 0.30743207608271694, 0.15220489642871585, 0.33877040922918517], [0.16911741859394558, 0.31599622335822136, 0.35822501463772455, 0.15666134331010848], [0.11514635184291498, 0.5002515501567624, 0.1478972760673234, 0.2367048218329993], [0.11764495906282928, 0.45105806324634, 0.2823592147124518, 0.14893776287837887], [0.2751848110860489, 0.4397459223142763, 0.1805119716022669, 0.10455729489740788], [0.2868469250344886, 0.37998752366723326, 0.11958419084902118, 0.21358136034925698], [0.24933004748309884, 0.48061320897024673, 0.16101503610513332, 0.10904170734152109], [0.2208548254725457, 0.5055628826126459, 0.12391369326985174, 0.14966859854495668], [0.2743186097216262, 0.36340380252845644, 0.1379533132467795, 0.22432427440313785], [0.2466807924458945, 0.3820879700086695, 0.2013947933503042, 0.1698364440951318]], "ideal": "C", "sampled": "D", "correct": false}}
{"type": "result", "data": {"idx": 7, "options": ["I only", "II only", "III only", "I and III"], "probs": [[0.13828972186687105, 0.2209945204781212, 0.1259165126840994, 0.5147992448709083], [0.11939949630049573, 0.21961417955656773, 0.4950806534918829, 0.1659056705510536], [0.1590460455756113, 0.3420013606652633, 0.09204729165459812, 0.40690530200452724], [0.1248650699729032, 0.37866410609273354, 0.4497941731956822, 0.04667665063868103], [0.13972147465015122, 0.5974985004364886, 0.12723290160618048, 0.13554712320717968], [0.10240983885687321, 0.5450591403814048, 0.29182326573327144, 0.060707754928450576], [0.08431748488411876, 0.4183229897123153, 0.1275881557244957, 0.3697713695790702], [0.08050416854320949, 0.3751933732554121, 0.39953644571420016, 0.14476601238717826], [0.07834962009600109, 0.25097772476547536, 0.3325368165637312, 0.3381358384747924], [0.125682556958629, 0.23117366887521168, 0.3062970203020187, 0.3368467537641406], [0.08786395478079488, 0.4825056539176728, 0.37589172544861427, 0.05373866575291806], [0.09435784281646518, 0.4329362309947455, 0.20135812909433098, 0.2713477969944583], [0.18551985226505052, 0.346581773925121, 0.06824838115157246, 0.399649992558256], [0.14960661250334592, 0.353337907134837, 0.45383658155290224, 0.04321889870891481], [0.14219835180395593, 0.22372423620289608, 0.1742340332900723, 0.45984337860307567], [0.18101209939732324, 0.18101676346091544, 0.46236060442951854, 0.17561053261224274], [0.11208523558258944, 0.510282206999544, 0.33473476016002135, 0.04289779715784523], [0.1513726390542316, 0.545082560945443, 0.06876310602985967, 0.23478169387046566], [0.18789798969743568, 0.6873274894395937, 0.07416675182869024, 0.050607768934280456], [0.1336302215842356, 0.7224456367176362, 0.10408886947551164, 0.039835272122616595], [0.26591565013629975, 0.2919920254061281, 0.3061199349103251, 0.13597238944724704], [0.23299811430928502, 0.34970032644201626, 0.12666150737536672, 0.290640051773332], [0.09557385319713524, 0.6040937382973587, 0.2558581816735763, 0.044474226731929765], [0.15260364227410728, 0.5941804095074941, 0.07733958271370492, 0.17587636540469373]], "ideal": "B", "sampled": "D", "correct": false}}
{"type": "result", "data": {"idx": 8, "options": ["It is inherently nonassociative because some numbers have no exact representation.", "It is inherently nonassociative because there have to be upper and lower bounds on the size of numbers.", "Associativity can be achieved with appropriate roundoff conventions.", "Some rational numbers have no exact representation."], "probs": [[0.0637085079421881, 0.7123140851213168, 0.15172805229684486, 0.0722493545396503], [0.06745581428711304, 0.6921013696112746, 0.07587680332910422, 0.1645660126725082], [0.17747611766840135, 0.46034322792625776, 0.2707543888192508, 0.09142626548609015], [0.19449440729690787, 0.320647466186824, 0.03890756362143545, 0.4459505627948327], [0.1550005008870111, 0.19291952878157426, 0.33352749045460317, 0.31855247977681145], [0.1958147506012997, 0.22188016269523214, 0.11880775377543044, 0.46349733282803773], [0.14586276792591196, 0.6537698348995579, 0.13709343397617987, 0.0632739630983503], [0.16982952011659463, 0.5745839561630486, 0.09833429899326546, 0.15725222462709132], [0.23119185974718717, 0.38718030525267805, 0.24239260001186924, 0.13923523488826556], [0.23339325361148047, 0.20596791955235202, 0.06583920914646633, 0.4947996175897012], [0.09412969718028835, 0.15043752006008015, 0.6335640596230365, 0.1218687230365949], [0.20523661792717154, 0.1728324203778307, 0.06309536514793032, 0.5588355964470674], [0.06031476041037236, 0.6691500219817733, 0.1917988862896931, 0.07873633121816118], [0.06663877342544408, 0.6373190116944127, 0.04618108524193145, 0.2498611295382117], [0.05557285869520558, 0.6718443481285096, 0.18089213561188952, 0.09169065746439528], [0.02571186957892078, 0.6632291612182695, 0.05115065302979314, 0.2599083160730166], [0.05203470742285573, 0.1615663218803464, 0.28811682126373234, 0.4982821493330655], [0.054629366494514886, 0.18629421393988627, 0.332205240975982, 0.42687117848961686], [0.01886543026889968, 0.5220836870090718, 0.34248795272646365, 0.11656292989556488], [0.05060559510678636, 0.5072055458515317, 0.05872565507301537, 0.3834632038686666], [0.01888608580884072, 0.3296138680726051, 0.5436065853246578, 0.10789346069389634], [0.057810809242119426, 0.3982236072089026, 0.0703011226945063, 0.47366446075447166], [0.0640254919466835, 0.09538065712228774, 0.32026317951056865, 0.5203306713204601], [0.06068851357812197, 0.1008598718595242, 0.36049818586121646, 0.4779534286011374]], "ideal": "C", "sampled": "A", "correct": false}}
{"type": "result", "data": {"idx": 9, "options": ["If the owner modifies the file, another user who does not share will see the changes.", "If the owner renames the file, other users will not be able to access it.", "If the owner is allowed to delete a file, dangling links may result.", "If any user who shares the file appends to it, others who share it will not be able to access the new disk blocks."], "probs": [[0.0856560206779407, 0.05751151333867768, 0.05445635074772682, 0.8023761151356548], [0.027947896891892438, 0.0665273780474522, 0.8239472402670912, 0.0815774846935642], [0.09055259249424627, 0.14025463764334556, 0.03204202821264192, 0.7371507415497662], [0.05373721721562785, 0.15550924198785393, 0.665657612159467, 0.12509592853705126], [0.008104307301532982, 0.9369258446730178, 0.02597466880176885, 0.02899517912368034], [0.007585966345438686, 0.9263103991602605, 0.037657642448833635, 0.028445991945467212], [0.08882270620139263, 0.30287605069713863, 0.0748276997308454, 0.5334735432706234], [0.03207189493836431, 0.22970471589340338, 0.6758510268295167, 0.06237236223871561], [0.08188715820349426, 0.17887899810906588, 0.15067717880521983, 0.58855666478222], [0.07305020273382204, 0.24142846540394064, 0.4881458006197723, 0.19737553114246503], [0.011563287976544927, 0.8975291069908269, 0.06016073226797598, 0.030746872664652227], [0.01715911754383587, 0.846644409350619, 0.05854786241351822, 0.07764861059202686], [0.13208901993171016, 0.3882548999728287, 0.03845175699263298, 0.44120432300282814], [0.12036808371985666, 0.36790542455386077, 0.3569234470780949, 0.15480304454818766], [0.12500671761707988, 0.07292307004520321, 0.10285076268067414, 0.6992194495570427], [0.19098269368339998, 0.10882168682852889, 0.41745575014184416, 0.28273986924622696], [0.04791208641718049, 0.7734580500221493, 0.11149121739293136, 0.0671386460677389], [0.05088838858559885, 0.7777922632841477, 0.0659020235189157, 0.10541732451133776], [0.6659386355788742, 0.2449174149064901, 0.028138206244820062, 0.06100574316981559], [0.6596814743633459, 0.2351565422196766, 0.028758919654931173, 0.07640306366204633], [0.7475594949772981, 0.12011564105581886, 0.06899185349774546, 0.06333301036913755], [0.667825159856111, 0.12158530904036355, 0.03622891367524331, 0.17436061732828217], [0.7056250080598837, 0.13255214887354683, 0.08971015496713103, 0.07211268799943846], [0.6751097709143558, 0.12880864114325488, 0.04053838726845671, 0.15554320057393262]], "ideal": "C", "sampled": "D", "correct": false}}
{"type": "result", "data": {"idx": 10, "options": ["None", "III only", "I and II only", "I, II, and III"], "probs": [[0.01376123475459453, 0.6328720320843029, 0.0588644489211517, 0.29450228413995083], [0.010499822915878532, 0.6916674381284045, 0.2427990140549174, 0.05503372480079953], [0.010978933586258519, 0.028928716163852494, 0.7462267390075161, 0.21386561114237285], [0.019111163627513996, 0.03175912004750592, 0.21367862500082554, 0.7354510912241545], [0.0158547852172494, 0.028487689790261124, 0.9288930295968995, 0.02676449529558996], [0.04988065007530777, 0.08551901609906325, 0.21670219380738265, 0.6478981399182463], [0.5386449659898873, 0.04386310736458587, 0.052909439355298966, 0.3645824871902278], [0.5851160781852115, 0.05930382050829313, 0.2637159211710522, 0.09186418003544315], [0.5432290495004689, 0.07466273837530614, 0.05253404064547987, 0.32957417137874506], [0.3791809834465817, 0.050517832836008046, 0.5347521701385217, 0.035549013478888586], [0.6171479178560441, 0.22003093195718423, 0.07664194645232993, 0.08617920363444179], [0.6091230925569842, 0.20399934933531708, 0.09124226595317053, 0.09563529205452827], [0.027338176250081184, 0.03622097799733599, 0.7566655080133299, 0.17977533763925294], [0.042318178208038175, 0.04069999771791489, 0.40473394260260787, 0.5122478813714391], [0.023265310496198316, 0.6240037911507764, 0.07996325491922368, 0.27276764333380155], [0.009550228805514857, 0.3611981957210313, 0.6050478867399883, 0.024203688633465528], [0.05705697205207775, 0.411847626646757, 0.07101905953709768, 0.4600763416640676], [0.01877195589089086, 0.18233889165447106, 0.7679291857969799, 0.030959966557658255], [0.03730048183276056, 0.03672524113995284, 0.8969176277080664, 0.029056649219220205], [0.08555332761639137, 0.057440162983160764, 0.2894671623745287, 0.5675393469259192], [0.003370249511531197, 0.9419074825962247, 0.0327410811468342, 0.021981186645409875], [0.0026200528591548747, 0.9329379849053943, 0.04537749025880777, 0.01906447187664311], [0.06690416783487077, 0.29062823757431416, 0.08134485398961105, 0.561122740501204], [0.025028462660146758, 0.1569589592546772, 0.7789287304012894, 0.039083847583886604]], "ideal": "D", "sampled": "B", "correct": false}}
{"type": "result", "data": {"idx": 11, "options": ["n", "n + 1", "n + 2", "2n"], "probs": [[0.016230418823049132, 0.9216104487448273, 0.04178977267986134, 0.020369359652262244], [0.01319734894342432, 0.9326101291964454, 0.04098751175692256, 0.013205010003207738], [0.02735684441539372, 0.2290821829135381, 0.7061521896900977, 0.03740878288097046], [0.12127146123627068, 0.41352623696960317, 0.13749665020521395, 0.3277056514889122], [0.0516504317716332, 0.3368191470885097, 0.5644798362358164, 0.047050584804040695], [0.12119300842850947, 0.2586065867076979, 0.1130077259577713, 0.5071926788060213], [0.22243891322714573, 0.40589430319341696, 0.23875476061765824, 0.13291202286177903], [0.30197403281848906, 0.4676015446255136, 0.1102454157099958, 0.12017900674600153], [0.09651678511975283, 0.6859578881186372, 0.10280067166252096, 0.11472465499908903], [0.08593421172432425, 0.8027652858060921, 0.05955153153087636, 0.05174897083870734], [0.32252437450310145, 0.28904817332058197, 0.17677359454252897, 0.2116538575337876], [0.27135880970152204, 0.26711209809755154, 0.29814644756475506, 0.16338264453617138], [0.06407540261947389, 0.41459025601513166, 0.4486793482614171, 0.07265499300397736], [0.16665918129980462, 0.4601698058434049, 0.1734146825323343, 0.19975633022445616], [0.01447733812807748, 0.8820855304468764, 0.07300191858605348, 0.03043521273899261], [0.014386063192174333, 0.9185216862205234, 0.047568330933225586, 0.019523919554076653], [0.16813800238292886, 0.288258859136451, 0.2061025859538025, 0.33750055242681765], [0.09499237651980588, 0.323887083179466, 0.5099371849287055, 0.07118335527202252], [0.022999531298425406, 0.21150319867058281, 0.7272635900786317, 0.03823367985236001], [0.08924306435471896, 0.21747785254753269, 0.1191981940446277, 0.5740808889531206], [0.012751576168777657, 0.894084907848114, 0.06950996640675453, 0.02365354947635381], [0.015299102232941298, 0.8962780798959086, 0.05959834508151495, 0.028824472689635217], [0.09350755413087258, 0.3876292253504951, 0.17616576610851567, 0.34269745431011667], [0.03855235301551727, 0.34097103805281065, 0.5368702055067978, 0.08360640332487429]], "ideal": "A", "sampled": "B", "correct": false}}
{"type": "result", "data": {"idx": 12, "options": ["3", "8", "10", "13"], "probs": [[0.22594203220985448, 0.4936237371489289, 0.10427717196105113, 0.1761570585801655], [0.24369994604833248, 0.46256454619032894, 0.14107521105709664, 0.15266029660424194], [0.25523595478152217, 0.4695689397837671, 0.11779711437256662, 0.15739799096214407], [0.26822920631806446, 0.48582516286040506, 0.13490785154439539, 0.11103777917713509], [0.35878995057332813, 0.3588249086974854, 0.12793898581179106, 0.15444615481739535], [0.383355333742733, 0.33309535429631204, 0.18111330943655735, 0.10243600242439761], [0.15363570130506402, 0.5800602089742787, 0.12841875084434737, 0.13788533877630996], [0.1789239724810597, 0.5688413635299602, 0.10940939676007563, 0.14282526712890442], [0.1711576568077885, 0.5441817004122914, 0.1659699814900935, 0.11869066118982657], [0.19275436144603791, 0.5080302054356015, 0.1623809389678616, 0.13683449405049894], [0.26018895533214564, 0.36702801132876994, 0.19646977498042864, 0.17631325825865576], [0.251980989910082, 0.38434897247893957, 0.23683025097502247, 0.12683978653595596], [0.15353726195221123, 0.5796922012813203, 0.11062540778712282, 0.1561451288793457], [0.15233927396132774, 0.6123032937218646, 0.14429397342051156, 0.09106345879629607], [0.15033023875952414, 0.576533232130576, 0.1423826451882206, 0.13075388382167927], [0.17790693042883407, 0.53133916849545, 0.14986594019821683, 0.14088796077749904], [0.24231031941537445, 0.4254480707764723, 0.23499159952175913, 0.09725001018639409], [0.24006187854165564, 0.44171443229754914, 0.1812823522673971, 0.1369413367933981], [0.11277027415896919, 0.6243898449250384, 0.12009317366443256, 0.1427467071515599], [0.09316517291393961, 0.6420407129060409, 0.18685473262656235, 0.0779393814534571], [0.1922136871654356, 0.37649581393553605, 0.19532174161092877, 0.2359687571880996], [0.17786535088830685, 0.42355735823575913, 0.22321993935200748, 0.17535735142392656], [0.15688318129463144, 0.5478996078710692, 0.19844363775685558, 0.09677357297744378], [0.15558088387001126, 0.5307279508341334, 0.16962391615459335, 0.14406724904126203]], "ideal": "A", "sampled": "A", "correct": true}}
{"type": "result", "data": {"idx": 13, "options": ["Routing packets through the network", "Reliable delivery of packets between directly connected machines", "Reliable delivery of large (multi-packet) messages between machines that are not necessarily directly connected", "Dealing with differences among operating system architectures"], "probs": [[0.0009242808303827408, 0.8336798491229043, 0.16165267153989055, 0.0037431984068224773], [0.0025078018536463073, 0.9069734170483462, 0.006112353380074572, 0.08440642761793284], [0.0005606151760349224, 0.9900623525697154, 0.005574793199935719, 0.0038022389543139645], [0.0013463046268041427, 0.9835362166621734, 0.00524341067925343, 0.009874067931768997], [0.003908484406268343, 0.009017307688305732, 0.4625882401753224, 0.5244859676301035], [0.004629569110446262, 0.011914702086767051, 0.9541887008406128, 0.029267027862173844], [0.01807471625984457, 0.01684763551340164, 0.9494890582112331, 0.015588589915520748], [0.058180827180929096, 0.016932141205694657, 0.012782136581394028, 0.9121048949319822], [0.003743085830035738, 0.9827121649653461, 0.009267383030550863, 0.004277366074067298], [0.005175795277347716, 0.9787675779393279, 0.006967538024279781, 0.00908908865904461], [0.060428776347423434, 0.013172204715325951, 0.022406954503857216, 0.9039920643333934], [0.011423802018469577, 0.014441208687150328, 0.9440259772468377, 0.030109011947542466], [0.9320936343787121, 0.020110798594014708, 0.03341952334404856, 0.01437604358322463], [0.867611880943907, 0.027024797966679785, 0.013911982000755427, 0.09145133898865784], [0.9419527902360167, 0.033505004282451206, 0.014078392174188404, 0.010463813207343634], [0.9317440557797962, 0.03262734426788058, 0.008991285169555729, 0.026637314682767452], [0.8812843790104011, 0.024994822868305483, 0.020242052678581327, 0.07347874534271205], [0.92624927420452, 0.01777487823352238, 0.03453240202890349, 0.0214434454330541], [0.004573378737037265, 0.020982822518464103, 0.3605682273625337, 0.6138755712819649], [0.0051706024472199935, 0.03267842964274788, 0.9405456955637072, 0.021605272246325014], [0.004505688378671328, 0.8194329240961392, 0.009466850312475635, 0.16659453711271383], [0.0010879401038371885, 0.7465440896108299, 0.24625102560283685, 0.006116944582496144], [0.0018174202683716423, 0.9790051097537955, 0.006054382938874155, 0.013123086938958693], [0.0007935506270958462, 0.9860537153629902, 0.00724153411577608, 0.00591119979413778]], "ideal": "C", "sampled": "C", "correct": true}}
{"type": "result", "data": {"idx": 14, "options": ["I only", "II only", "III only", "I and II only"], "probs": [[0.12390865568931578, 0.33418223756461707, 0.26444879565647406, 0.27746031098959306], [0.11698450456192595, 0.37468804509588177, 0.30118818946195075, 0.20713926078024147], [0.12067796224563292, 0.4244991553858673, 0.22729569637244956, 0.22752718589605025], [0.14336218787657246, 0.44854227679018754, 0.2764390881184874, 0.13165644711475263], [0.12343066193832491, 0.5196522164032431, 0.1714165108380258, 0.18550061072040622], [0.12659346490159706, 0.5329892992594133, 0.20555018457725677, 0.1348670511617328], [0.1148666375378141, 0.43010458666333423, 0.2609710116495812, 0.1940577640492705], [0.1302017517407982, 0.461575542461576, 0.251050461136811, 0.15717224456081477], [0.1451190541645951, 0.3944512957939603, 0.2932549082869507, 0.1671747416544938], [0.15754647551391607, 0.3720474242792015, 0.2479334175338767, 0.22247268257300573], [0.12009779631109135, 0.456778327854009, 0.28152374059552454, 0.14160013513937503], [0.13490812479100595, 0.4671541153917459, 0.15899406371910882, 0.23894369599813933], [0.23330015736571005, 0.3669853994781733, 0.19043282595062813, 0.20928161710548848], [0.2715055522868231, 0.38284684492484067, 0.2251149166098912, 0.12053268607844503], [0.21815364520934025, 0.3223903169062492, 0.25113870956222556, 0.20831732822218502], [0.22100773780829577, 0.34227172046862203, 0.2012564122662813, 0.23546412935680086], [0.22692730883041548, 0.3569750998244402, 0.269518451038973, 0.14657914020617135], [0.25754180254137937, 0.37464726895118755, 0.1367757164912243, 0.23103521191620874], [0.16330425926316683, 0.47993211383586315, 0.1685398718111022, 0.18822375498986782], [0.160909496489043, 0.49561763569445993, 0.2099397386427507, 0.13353312907374632], [0.18205137549010328, 0.41020700331400556, 0.2338315844301996, 0.17391003666569158], [0.17636312366473772, 0.41646233319516235, 0.1907489590714082, 0.21642558396869171], [0.21006630985025895, 0.4243122167256016, 0.2495312168804982, 0.11609025644364125], [0.23911228060976839, 0.40666963434117465, 0.14618350128310884, 0.20803458366594815]], "ideal": "A", "sampled": "D", "correct": false}}
{"type": "result", "data": {"idx": 15, "options": ["a^M = a", "(ax)^M = (xa)^M", "(xy)^M = y^Mx^M", "None of the above"], "probs": [[0.1735344930436224, 0.4163825461676104, 0.18341844875280403, 0.22666451193596315], [0.1966136542223218, 0.49442733032731123, 0.13106925270656752, 0.1778897626437994], [0.15661320905529288, 0.521752980688721, 0.10039563254581348, 0.2212381776101726], [0.13144822417375246, 0.6224093436572414, 0.09929633139571001, 0.14684610067329604], [0.2628637630337995, 0.16453375410979004, 0.21809696308866594, 0.3545055196677445], [0.27384563461647904, 0.18972196607713201, 0.28279393065742164, 0.2536384685489673], [0.19001010058410261, 0.37795111533200165, 0.16779503224602263, 0.2642437517378731], [0.20129367707146914, 0.4644970297348918, 0.17098245022971267, 0.16322684286392633], [0.10989987431559299, 0.6425950122010357, 0.06881936843956855, 0.1786857449438028], [0.11657712867980237, 0.6353092931017347, 0.13322978018150597, 0.11488379793695695], [0.19399594057640515, 0.4477151698576004, 0.1273601521030881, 0.23092873736290634], [0.15302750238695068, 0.24652902412141184, 0.3071076227848442, 0.29333585060679324], [0.18987173264523433, 0.5082350486359278, 0.09627285068874358, 0.20562036793009425], [0.21313492573115103, 0.5529113103669742, 0.11238325972239997, 0.12157050407947478], [0.2338595976511983, 0.4169709334535225, 0.11857124378516162, 0.23059822501011762], [0.21965708999140288, 0.4040775238455945, 0.19396394200227243, 0.1823014440607302], [0.22978859795137221, 0.3423496433400048, 0.22471867164631584, 0.20314308696230712], [0.218826457836203, 0.3552646338584402, 0.13075666128281513, 0.29515224692254166], [0.05132667996730212, 0.362086050882377, 0.21798577496491228, 0.3686014940854086], [0.04887087632864613, 0.4093858577009574, 0.26861579102224775, 0.27312747484814864], [0.06064121853334872, 0.45184511565431673, 0.1455901487090802, 0.3419235170032543], [0.039709440472265385, 0.37101354362055444, 0.317519538426248, 0.27175747738093214], [0.038321067643235625, 0.5251553195044033, 0.18014429977601165, 0.25637931297634936], [0.05595036637186567, 0.5107141770710013, 0.14185223087629917, 0.2914832255808339]], "ideal": "D", "sampled": "C", "correct": false}}
{"type": "result", "data": {"idx": 16, "options": ["The wait is expected to be short.", "A busy-wait loop is easier to code than an interrupt handler.", "There is no other work for the processor to do.", "The program executes on a time-sharing system."], "probs": [[0.03993590056687882, 0.18181140177185953, 0.6151903683765351, 0.1630623291847266], [0.045749255201849894, 0.3251155662973784, 0.1007205635315871, 0.5284146148691845], [0.019025069634060785, 0.5919302403668025, 0.302376493475588, 0.08666819642354871], [0.014441086650363852, 0.7013418404308949, 0.06678603899863628, 0.21743103382010498], [0.0525205915725914, 0.06140660036437073, 0.3118793731705866, 0.5741934347924512], [0.035002257280251546, 0.06694810016959375, 0.5784436399085134, 0.3196060025416413], [0.24657597584249516, 0.09656177989407352, 0.5140647176720663, 0.142797526491365], [0.276452224762883, 0.0732500578445668, 0.09116553648029692, 0.5591321808122532], [0.09515042709089122, 0.8092962555994951, 0.03212741546647291, 0.06342590174314079], [0.08779293027013844, 0.8330508323642426, 0.05495095176739142, 0.02420528549822749], [0.3004291828245461, 0.10880147963860298, 0.0376020766249589, 0.553167260811892], [0.19583766118493728, 0.12844148762256255, 0.622569929470567, 0.053150921621933155], [0.19403925680693168, 0.12048133551228242, 0.5114035047928956, 0.17407590278789026], [0.2526626307463009, 0.0966453037809443, 0.13954271478704963, 0.5111493505857052], [0.20257913102439037, 0.6047879614579718, 0.048879062163983834, 0.14375384525365403], [0.1525905316475529, 0.7280091100196371, 0.08168967948859024, 0.03771067874421975], [0.23493623031006616, 0.142486195475927, 0.04924659283721933, 0.5733309812767875], [0.22647104846133065, 0.21275166784529514, 0.49482869697480947, 0.06594858661856472], [0.0826919525205609, 0.07412964022577354, 0.35927555193367977, 0.4839028552199858], [0.06014321833460933, 0.0828562093123819, 0.4882226360581253, 0.3687779361948834], [0.06663831769880421, 0.3010016246881356, 0.04236046780100942, 0.5899995897120507], [0.04964458889082752, 0.2541121920518514, 0.6193142598090597, 0.0769289591482613], [0.014159553722439605, 0.7552349587759116, 0.033446002841691275, 0.19715948455995752], [0.0182671101243938, 0.7829358635278603, 0.16671705368518394, 0.03207997256256195]], "ideal": "D", "sampled": "C", "correct": false}}
