{"type": "result", "data": {"idx": 0, "options": ["7 N", "5 N", "10 N", "12 N"], "probs": [[0.11189880471076469, 0.24068733095252173, 0.27052292829705693, 0.37689093593965667], [0.13886088131469668, 0.2084870934277902, 0.308050513236712, 0.3446015119208011], [0.09428533981010216, 0.5020262635893239, 0.11919071612947409, 0.28449768037109985], [0.0720793631630345, 0.4556794037839844, 0.3719803531088615, 0.10026087984411955], [0.11318418059052356, 0.45840220366312895, 0.1386642209549247, 0.28974939469142275], [0.09553590131233732, 0.49293951706309475, 0.33094837271991817, 0.08057620880464977], [0.08337088425344295, 0.31977020616732366, 0.21291255727740224, 0.38394635220183115], [0.11639489094318457, 0.29498590574370404, 0.30430092011408644, 0.28431828309902496], [0.06613367401095463, 0.33866570358074366, 0.3307425182284467, 0.26445810407985504], [0.0467644624847428, 0.284338678624528, 0.5482751048810107, 0.12062175390971851], [0.08994479744562485, 0.4360422621541961, 0.27708149779295227, 0.19693144250722677], [0.10050625502812519, 0.5106032566305496, 0.28417742672965446, 0.1047130615116707], [0.031302390270273414, 0.5015495661895014, 0.2560746495503802, 0.21107339388984503], [0.025645167397234336, 0.499469086462055, 0.35971124048543723, 0.11517450555527342], [0.02289018876492442, 0.2560100157000967, 0.4819835235410737, 0.23911627189390516], [0.03279272637597433, 0.29017971476438104, 0.4059185597001148, 0.27110899905952984], [0.03322065745038842, 0.6271804208121019, 0.24173943106422263, 0.09785949057328705], [0.0327861256497732, 0.5295315739413866, 0.16015000223517808, 0.27753229807366214], [0.14505486837314305, 0.3675801619928136, 0.15198592029419244, 0.3353790492398509], [0.12645639477895745, 0.3659594356647743, 0.42123332615454717, 0.08635084330172106], [0.1072827840967029, 0.23995889124701755, 0.37158535311325963, 0.28117297144301995], [0.12362938565436274, 0.2365062577857682, 0.3991395950302874, 0.24072476142958163], [0.13493449884097605, 0.6192167354559323, 0.17737442121092156, 0.06847434439217008], [0.11307986176968281, 0.5355239312950644, 0.12419542849277974, 0.2272007783424731]], "ideal": "A", "sampled": "D", "correct": false}}
{"type": "result", "data": {"idx": 1, "options": ["weight of fluid.", "volume of fluid.", "density of fluid.", "All of these."], "probs": [[0.3180508767296515, 0.17292127848913819, 0.04511032844045516, 0.46391751624075517], [0.250177369439228, 0.1403645961822206, 0.591316916184554, 0.018141118093997374], [0.28025906962044406, 0.04366351242302872, 0.16737007906063256, 0.5087073387958947], [0.25329839897642054, 0.05310738399346269, 0.6080039671051022, 0.08559024982501456], [0.1972165392696003, 0.6778692558241352, 0.11419851257311966, 0.010715692233144832], [0.24380372788581997, 0.6839166196434708, 0.01780528335134577, 0.05447436901936343], [0.7011986805161669, 0.0646940360431186, 0.016746773480893, 0.21736050985982153], [0.44139362096409923, 0.056123011659093384, 0.492648129213094, 0.0098352380637134], [0.731724507397671, 0.018603692002631133, 0.04640389649109578, 0.2032679040086021], [0.6644065626942761, 0.01574871188798684, 0.29487041734452846, 0.024974307973208577], [0.621893566132179, 0.3487765386716474, 0.01819946376202908, 0.011130431334144507], [0.6937746526050098, 0.28025565610371256, 0.00581787067629566, 0.020151820514982013], [0.08605439856193202, 0.10881684785118671, 0.32749700002800236, 0.4776317534588789], [0.09256613667424335, 0.12076789679368184, 0.6430834818621692, 0.14358248456990552], [0.12749669144512826, 0.19907617863625587, 0.18703742602143048, 0.4863897037971854], [0.09986852220045306, 0.14421039979442984, 0.7158414204728176, 0.04007965743229945], [0.05278664552612695, 0.7883829620508545, 0.07162620259899018, 0.08720418972402841], [0.04385702860555939, 0.759820784858444, 0.1708974165642392, 0.025424769871757444], [0.5842831632310209, 0.2892209540707692, 0.10725576994743165, 0.01924011265077822], [0.6211055123229832, 0.243186741543179, 0.017076062818052434, 0.11863168321578536], [0.5183103400118156, 0.42966035663482255, 0.03754627873961286, 0.014483024513748917], [0.6468003265072997, 0.300744885254712, 0.009445664287197245, 0.043009123850791094], [0.5305108806123566, 0.045643316569545456, 0.09660219004296797, 0.3272436126751299], [0.7316315500435941, 0.04604811426751791, 0.15098652917066716, 0.07133380641822079]], "ideal": "B", "sampled": "D", "correct": false}}
{"type": "result", "data": {"idx": 2, "options": ["totally internally reflects", "passes into the air above", "is absorbed", "None of these"], "probs": [[0.6123153164544831, 0.21153534126420334, 0.021277694703225925, 0.15487164747808763], [0.5603193064975677, 0.16820335449162194, 0.2525980183698885, 0.018879320540921885], [0.5723496420019507, 0.03305036026209062, 0.1772603349067534, 0.21733966272920532], [0.5336386441582567, 0.022897250436253302, 0.1391508100977534, 0.3043132952077366], [0.5604171972626704, 0.11929005328408208, 0.2647892654936215, 0.055503483859626127], [0.6796422067316678, 0.11441833631312269, 0.011158494381594294, 0.19478096247361523], [0.027479229409832513, 0.910285527557655, 0.010436578845325287, 0.05179866408718721], [0.021367846203934858, 0.9159787956359688, 0.05633111336867776, 0.006322244691418474], [0.02206772914782364, 0.024245647270549668, 0.835223297325468, 0.11846332615615877], [0.024445219987453998, 0.014486424299267704, 0.02026693421400701, 0.9408014213992713], [0.029148683579564332, 0.051170220748614964, 0.8935377244285835, 0.026143371143237285], [0.054673527813653644, 0.036710696581160815, 0.010937438808105342, 0.8976783366970802], [0.003291940798752201, 0.8380243224270191, 0.11885346531954805, 0.039830271354680646], [0.0047596904421375, 0.7883205121668577, 0.028046921976782144, 0.17887287531422263], [0.007300857861572896, 0.043357361719783105, 0.8314262627539263, 0.11791551756471774], [0.007925453417876855, 0.023479310268513374, 0.014578333728531984, 0.9540169024850778], [0.007227188267410827, 0.02043295470688057, 0.8358967755921675, 0.13644308133354113], [0.012590992368726977, 0.018907081492369623, 0.07023417262785715, 0.8982677534110463], [0.02072124710887216, 0.8953156932991139, 0.06537219783945526, 0.0185908616525587], [0.02869562688441855, 0.8655554233122452, 0.010079105353459602, 0.09566984434987659], [0.018879448008466276, 0.07527122253247476, 0.8754275579769708, 0.03042177138208811], [0.016698938265796156, 0.030959999935362203, 0.01053329210051763, 0.941807769598324], [0.011661215035188457, 0.013636194498349801, 0.60307528042719, 0.3716273099392717], [0.010515376767725583, 0.01146196929307447, 0.04496816105738376, 0.9330544927818162]], "ideal": "B", "sampled": "A", "correct": false}}
{"type": "result", "data": {"idx": 3, "options": ["always.", "sometimes.", "never.", "on planet Earth only."], "probs": [[0.5643830663585522, 0.177587919092796, 0.23162749948307798, 0.026401514965573792], [0.4596858126885268, 0.24600621115205284, 0.03627892664335558, 0.25802904941606475], [0.6363911533257082, 0.17948534815475561, 0.13978509395237004, 0.04433840446716615], [0.5136244835158402, 0.1720140556966527, 0.0349449325137852, 0.2794165281737219], [0.5642503323773301, 0.08584380043510964, 0.11460042107452505, 0.2353054460130352], [0.5561571385210624, 0.10950257720432925, 0.23917909028647147, 0.09516119388813687], [0.04466470099408552, 0.8561763437633072, 0.07308790318401619, 0.026071051958591128], [0.0714828188356885, 0.8118591165397077, 0.034306524372387515, 0.08235154015221631], [0.08988134570493422, 0.18019387137479256, 0.6749402922883473, 0.054984490531925966], [0.08996180510468242, 0.04318026499614314, 0.011173475621034141, 0.8556844541781403], [0.049786716710512394, 0.044292312536257455, 0.8623048019809896, 0.04361616867224058], [0.11347657398684811, 0.03772290409082353, 0.14122323637822953, 0.7075772854440988], [0.09730162486703024, 0.7419573052271703, 0.1164968030277851, 0.04424426677801434], [0.0997099037735539, 0.6658669981638741, 0.047857778794085926, 0.18656531916848607], [0.071880086445921, 0.09303714975115322, 0.7852656752732532, 0.04981708842967252], [0.055977626823574815, 0.021090270186579396, 0.010115292449826613, 0.9128168104400192], [0.03390723750643115, 0.036104380139336624, 0.895528352660173, 0.03446002959405915], [0.0834427114196479, 0.028620040414489352, 0.029750574765087665, 0.858186673300775], [0.0201850615866531, 0.9282586936719661, 0.024161963734969594, 0.027394280906411224], [0.02035196836244249, 0.9359190306188202, 0.024745937019508387, 0.01898306389922887], [0.04888840881828196, 0.06579711689455113, 0.8336538236829201, 0.05166065050424687], [0.08214342134313159, 0.04163601388909718, 0.09529038730295844, 0.7809301773648128], [0.06438867627206518, 0.08204927886855272, 0.8033852426763924, 0.050176802082989615], [0.0931779806240083, 0.04910703320563098, 0.025274142337959726, 0.832440843732401]], "ideal": "B", "sampled": "A", "correct": false}}
{"type": "result", "data": {"idx": 4, "options": ["changes", "aligns with the electric field", "is at right angles to the electric field", "converts to magnetic energy"], "probs": [[0.9905113531881029, 0.0019420591325722027, 0.004242044853851707, 0.003304542725473206], [0.9899098882268037, 0.0019107119882704243, 0.0021993351582159613, 0.0059800645267098565], [0.9877987506871796, 0.003912130378332815, 0.0052647443337845296, 0.0030243745007030158], [0.9887836571996029, 0.0032974982497361934, 0.0021292524052504143, 0.0057895920454104095], [0.9848172427849605, 0.0041841317040054345, 0.0011896467313356437, 0.009808978679698342], [0.9848854586655982, 0.003442097703778088, 0.0017859346780347732, 0.009886508852588934], [0.0002256872878824002, 0.994142122733311, 0.004291629611011081, 0.0013405602677955388], [0.0002449848733385093, 0.9902866661588278, 0.003802147296940554, 0.005666201570893197], [0.0011440219775513424, 0.027714064229070388, 0.9695278961716343, 0.0016140175217440069], [0.0013919064743538596, 0.019515401917919912, 0.007946857898663168, 0.971145833609063], [0.0007628476761191277, 0.007013950509343728, 0.9704391281012911, 0.02178407361324607], [0.0008691293860000641, 0.005323379930759313, 0.05460940737597741, 0.9391980832072632], [0.0008555262681791996, 0.9908238381368116, 0.006421288142953679, 0.0018993473520554892], [0.0007853640823621552, 0.9911908513337425, 0.004663039186912702, 0.0033607452969826603], [0.0026550671985499283, 0.019616650050096843, 0.97540221771898, 0.0023260649323732984], [0.006328242072774819, 0.016802644190641796, 0.006580262177858405, 0.970288851458725], [0.002576660929317108, 0.011367110875493878, 0.9766265837924587, 0.00942964430273029], [0.0054491871013308555, 0.01162521653622915, 0.013276563247249068, 0.9696490330151909], [0.009561513318862628, 0.9380548051401275, 0.0025958159574934227, 0.04978786548351648], [0.007321767172149762, 0.936737315447468, 0.0073810607562285096, 0.048559856524153795], [0.006407550222161792, 0.0051890511317342946, 0.951216472274623, 0.03718692627148093], [0.007411033516579233, 0.0024440036741801515, 0.04037556752416582, 0.9497693951850747], [0.0039067486300677304, 0.008599189836343125, 0.971162057603793, 0.016332003829796115], [0.005760863075144979, 0.005327573620373919, 0.01844939999646117, 0.9704621632080199]], "ideal": "A", "sampled": "A", "correct": true}}
{"type": "result", "data": {"idx": 5, "options": ["red", "yellow-green", "blue", "violet"], "probs": [[0.007962564618098314, 0.034869028718106196, 0.10487870450965542, 0.85228970205414], [0.009419172018804921, 0.060478677246621156, 0.895898129384232, 0.03420402125034201], [0.008689881948993994, 0.01675666434572443, 0.014782345090993089, 0.9597711085142885], [0.004997206008443928, 0.053731937906832804, 0.9089256088919858, 0.03234524709273749], [0.00761914456629514, 0.8536705715261276, 0.05674104571586064, 0.08196923809171668], [0.006585725986324649, 0.9110845192791004, 0.05303052760072101, 0.02929922703385399], [0.01030725916528585, 0.03861158058153803, 0.05748317896472967, 0.8935979811884465], [0.007808490033043324, 0.0624001348753592, 0.8888517306812755, 0.0409396443103219], [0.010621730186225368, 0.03708695554803765, 0.059702565248234, 0.892588748917503], [0.0059725318404728975, 0.0417909153041974, 0.872900458005621, 0.07933609474970871], [0.003931029158636752, 0.9323348820088675, 0.04001520497295232, 0.02371888375954338], [0.0046089957142376155, 0.9349913879611866, 0.029132484401811702, 0.03126713182276397], [0.016792929486451457, 0.01802599690035762, 0.01773862240705147, 0.9474424511061394], [0.01320964040389396, 0.05876610958753826, 0.8909502865205456, 0.03707396338802218], [0.03159749123288065, 0.03725055590923692, 0.16428938445188293, 0.7668625683059995], [0.008732398710796244, 0.02819763225936151, 0.8910426231016974, 0.07202734582814486], [0.01570636394681654, 0.774888330807621, 0.17019885649917105, 0.03920644864639142], [0.028679161306481887, 0.6279629667134153, 0.06880131581039843, 0.27455655606970436], [0.8055307628391156, 0.08037244141963056, 0.03678931459964894, 0.0773074810416049], [0.8546244692236395, 0.08660786046580338, 0.04286858162306527, 0.01589908858749175], [0.7007240443505262, 0.08633928487810517, 0.14568854432769435, 0.06724812634367425], [0.7247387278061374, 0.07288007546053805, 0.10275311175083439, 0.09962808488249023], [0.8250053296905677, 0.02672618746756324, 0.1235513518724578, 0.02471713086941121], [0.7169080042071849, 0.02033603655268867, 0.026309723669373272, 0.23644623547075316]], "ideal": "D", "sampled": "D", "correct": true}}
{"type": "result", "data": {"idx": 6, "options": ["mass distorts spacetime.", "gravity affects clocks.", "light can\u2019t escape from a black hole.", "All of these."], "probs": [[0.047807925936237144, 0.006032020041183557, 0.006572133600209652, 0.9395879203223696], [0.11121657841785054, 0.016025720670031156, 0.8548701675364698, 0.01788753327564846], [0.015422131502960625, 0.003664007300972327, 0.010193237163218476, 0.9707206239328485], [0.24259727422673627, 0.01677360891168587, 0.7133789431941858, 0.027250173567392056], [0.7006707875944662, 0.25774305596514224, 0.015239494478805541, 0.02634666186158596], [0.615732090352212, 0.2908440012515028, 0.012581865641775668, 0.08084204265450955], [0.023712570949534353, 0.03216370344602654, 0.009808000632884823, 0.9343157248715542], [0.01786808236951983, 0.04220583520462561, 0.9240227030925141, 0.015903379233340485], [0.0032361049991479654, 0.0036109127462185856, 0.036457714054738924, 0.9566952680998945], [0.010725837611690877, 0.008758402004486573, 0.4744246669849161, 0.5060910932989064], [0.08018934651231045, 0.7094489269231765, 0.1794003678362196, 0.030961358628293464], [0.13870701881616496, 0.4273929348734646, 0.012123477875294743, 0.4217765683350757], [0.00335744244953654, 0.005365913461291218, 0.006624685373152828, 0.9846519586160194], [0.00819298715711176, 0.03116702447229007, 0.9473307585629088, 0.013309229707689274], [0.0017564008110219588, 0.0034125079723814253, 0.017461370321934476, 0.9773697207946621], [0.0044286863674318, 0.014411888344081228, 0.8575352030165146, 0.12362422217197236], [0.04132002948809711, 0.17269813948372761, 0.5321511009840819, 0.25383072994409334], [0.05374609590469695, 0.0914616580826294, 0.07347513850070343, 0.7813171074119702], [0.21099988410001566, 0.5103755782919209, 0.10048091039848268, 0.17814362710958073], [0.2189690278497318, 0.13389485231428916, 0.04483574472986583, 0.6023003750061132], [0.08767757014822902, 0.08502046208024219, 0.5902909767847522, 0.23701099088677663], [0.047445157089410946, 0.017057739704862337, 0.02241441674051304, 0.9130826863652136], [0.042969344441418, 0.014068908463914901, 0.5077401806003178, 0.43522156639434934], [0.029242116552217277, 0.009280725504506381, 0.11657985133139807, 0.8448973065118782]], "ideal": "D", "sampled": "D", "correct": true}}
{"type": "result", "data": {"idx": 7, "options": ["voltage", "energy", "Both of these", "Neither of these"], "probs": [[0.6130257430961361, 0.019391220638935402, 0.3490636452404374, 0.018519390924490994], [0.8693134463050546, 0.00995644027129738, 0.010930672632967306, 0.10979944069068073], [0.2224613769264735, 0.7646743291239282, 0.0057006363837564765, 0.007163657465841879], [0.3199890421015481, 0.6565380419730785, 0.018333359791149348, 0.005139556034224015], [0.9100664647604996, 0.018294058325146117, 0.0030100794291890868, 0.06862939738516517], [0.822773741104747, 0.03502612876080148, 0.13638581111897155, 0.00581431891547992], [0.0005841710320307609, 0.8552446885874959, 0.13953506823338221, 0.004636072047091117], [0.0006731172873973182, 0.9626836729261196, 0.01269242626875192, 0.023950783417731165], [0.0012730333704157252, 0.018554578423587948, 0.9669940524127131, 0.01317833569328325], [0.0234236151208222, 0.04997560972854382, 0.009389211134191484, 0.9172115639164425], [0.0008298352174390328, 0.008121981558901948, 0.9388423282021908, 0.05220585492146824], [0.010082041616617302, 0.010733140449815496, 0.010319892105538228, 0.968864925728029], [0.8398971594325142, 0.12094160335444273, 0.015135565981600131, 0.024025671131442883], [0.7672144865734567, 0.14412215901163766, 0.07654231286963395, 0.012121041445271681], [0.3434691659108738, 0.1283339645958186, 0.4997258818956146, 0.028470987497692973], [0.562426592163822, 0.09694100603718248, 0.024503627022302747, 0.31612877467669276], [0.7957448273576979, 0.09501685840040011, 0.09066477315713434, 0.018573540984767666], [0.46442230627164593, 0.039017395925378, 0.0663569003138749, 0.4302033973891012], [0.04607598402371588, 0.5704726937514628, 0.0195115966021023, 0.36393972552271897], [0.02027240639487247, 0.4990088325122546, 0.4762582178817162, 0.004460543111156785], [0.004451033042558082, 0.05773746630349003, 0.37051853176171357, 0.5672929687922382], [0.006201695233628626, 0.044416483838829145, 0.08900480041930824, 0.8603770204082339], [0.07961183666965212, 0.4618467917301328, 0.42058547700333626, 0.0379558944968788], [0.013316804814655171, 0.0514557111323817, 0.05519057550306117, 0.8800369084499019]], "ideal": "A", "sampled": "A", "correct": true}}
{"type": "result", "data": {"idx": 8, "options": ["chaotic", "ordered", "positioned by amplitude", "in phase"], "probs": [[0.008799471399827749, 0.9628513512439407, 0.015330097711224185, 0.01301907954500738], [0.005798087362954347, 0.9749660336607054, 0.011179506600599734, 0.00805637227574049], [0.005788529556017123, 0.03228454179496904, 0.9589450025710582, 0.0029819259779556425], [0.01769186593235222, 0.015015827805030918, 0.0061646473016986995, 0.9611276588609181], [0.008983484156255828, 0.05333054432713795, 0.9312611267094779, 0.006424844707128262], [0.013683008043556131, 0.01265581526192639, 0.004046503838917663, 0.9696146727555999], [0.9544869006549455, 0.03586363025292342, 0.0033635869415248954, 0.006285882050606259], [0.956486773277398, 0.036791302714063154, 0.00350467934837629, 0.0032172445601625754], [0.9667033300890578, 0.020695567280486795, 0.007795777929780752, 0.004805324600674634], [0.9580753797116736, 0.023980109900831707, 0.005877996544865629, 0.012066513742629122], [0.9537015337775575, 0.029708019699343446, 0.012780632396977923, 0.003809814026121069], [0.9564287312684595, 0.022314029388891873, 0.0037303551594883313, 0.01752688408316029], [0.004189005227910101, 0.029998098720753468, 0.9634057053022368, 0.0024071906490996386], [0.015416923185708007, 0.015297909472302614, 0.005585932713370993, 0.9636992345286184], [0.00261563643835249, 0.9913335408083837, 0.0045233047410075874, 0.0015275179122562815], [0.003274983068035801, 0.9896246912016226, 0.0033558356055100372, 0.0037444900248315475], [0.01802585309055392, 0.01641335556555362, 0.00906566641238106, 0.9564951248315113], [0.014888018120936928, 0.049975573780676484, 0.9075043674229516, 0.027632040575435], [0.012563199870617544, 0.06280506748940029, 0.9165130868355745, 0.00811864570440758], [0.022258572161119768, 0.01591028131438399, 0.004668136177297456, 0.9571630102471987], [0.03175465451873663, 0.9136408745202766, 0.04961006439894858, 0.004994406462038183], [0.07044548284733868, 0.8924438032311073, 0.015252352136672063, 0.02185836168488196], [0.030508895736222456, 0.013329817651438109, 0.011581286560324441, 0.944579999952015], [0.03027434872518312, 0.04371060115029572, 0.8924575563506958, 0.03355749367382536]], "ideal": "B", "sampled": "B", "correct": true}}
{"type": "result", "data": {"idx": 9, "options": ["amplitude", "wavelength", "frequency", "energy"], "probs": [[0.010392040675758496, 0.01912156830250506, 0.047672962847569736, 0.9228134280741667], [0.009500344630290905, 0.03503469534586024, 0.5479618569609527, 0.4075031029628961], [0.008591048941886096, 0.02013986648125975, 0.165941886156002, 0.8053271983208522], [0.005286354364273603, 0.018457968926786812, 0.5145846403503715, 0.461671036258568], [0.006520422551376813, 0.5558138214058959, 0.19660299659546066, 0.24106275934726668], [0.006363203523228897, 0.44274480559691604, 0.20583409830574226, 0.34505789247411284], [0.007793329207828753, 0.012954747333187482, 0.09795296213996112, 0.8812989612190226], [0.003521770758303879, 0.012985809904403539, 0.6712136967135174, 0.3122787225237752], [0.0058185143316036225, 0.012036283869207819, 0.032196921351404194, 0.9499482803477843], [0.006752912530164123, 0.02756420753841656, 0.6782931199272149, 0.28738975990420446], [0.015216674721007201, 0.2917204333224616, 0.1388507108345606, 0.5542121810219706], [0.010635299180874882, 0.2920688827188242, 0.41835700468280024, 0.27893881331750064], [0.00637960087435205, 0.024083976788927618, 0.3947117499448944, 0.574824672291826], [0.0028215081122914547, 0.011426819540616537, 0.5951907772876813, 0.39056089495941065], [0.006880709861245374, 0.02310262763299431, 0.03867382422802666, 0.9313428381777337], [0.009652741311721166, 0.08949141140070188, 0.5438575252773462, 0.3569983219102308], [0.006958562080643031, 0.1925901380003697, 0.1925336029975175, 0.6079176968214698], [0.00574597388696376, 0.41572132974486237, 0.372593133950435, 0.2059395623177389], [0.9553171506397331, 0.004746195788334676, 0.00921907730297392, 0.030717576168958302], [0.9153733737784053, 0.0042060762130370225, 0.008696493586536314, 0.07172405632202136], [0.9456801989123639, 0.00480958787986303, 0.006624573409155526, 0.04288563969861754], [0.9491880816702818, 0.004752643415674024, 0.007773568572930765, 0.03828570624111347], [0.8839237207505403, 0.005955975643299433, 0.01618677103085057, 0.09393353247530974], [0.9354106043142136, 0.006302580605569002, 0.017811655722740263, 0.04047515925747704]], "ideal": "D", "sampled": "D", "correct": true}}
{"type": "result", "data": {"idx": 10, "options": ["the same", "opposite", "Either of these", "Need more information"], "probs": [[0.03326680138374493, 0.751613616868198, 0.17030760644163317, 0.044811975206423875], [0.03001766267857163, 0.8309218255682784, 0.10077302864388327, 0.03828748300926665], [0.016969423360109107, 0.07666596598158112, 0.8572246239842524, 0.04913998657405745], [0.0739431637855904, 0.05804858404291052, 0.03957722859561137, 0.8284310234758877], [0.014599630689276532, 0.06244718690214483, 0.875785355605814, 0.047167826702764586], [0.062185698872918665, 0.04308501742943588, 0.047679429249749036, 0.8470498543478964], [0.6440266014001446, 0.23690975592560343, 0.07690128224696412, 0.042162360327287825], [0.6515719354578828, 0.280206861693395, 0.045026492742290945, 0.023194710006431293], [0.6373214362416655, 0.11425970174197063, 0.21012882178890563, 0.03829004012745828], [0.6046585630622308, 0.1199657091401403, 0.05620766053629405, 0.21916806716133483], [0.5504401706367822, 0.205668739359667, 0.21892488634367277, 0.024966203559878025], [0.6199059513241806, 0.18901934138852458, 0.03663467611429412, 0.15444003107300072], [0.012272084239350596, 0.07007546571022187, 0.8809842020971397, 0.0366682478532878], [0.03643926075805229, 0.029977866746703104, 0.020924611700245933, 0.9126582606949987], [0.024620825559907883, 0.7197645346087432, 0.22296139720252536, 0.03265324252882352], [0.040750611499476515, 0.7225576561565048, 0.06214216889730715, 0.17454956334671148], [0.03966986464536871, 0.039676637222626036, 0.13420078647278938, 0.7864527115592159], [0.019085958669236392, 0.06161547847077809, 0.8118771344053874, 0.10742142835459804], [0.020973322532810753, 0.11608500854111846, 0.7873291333694712, 0.07561253545659953], [0.022913324466018778, 0.034403884976453976, 0.03231290198514194, 0.9103698884723853], [0.041614980276516854, 0.7208027973199825, 0.2033057399506541, 0.03427648235284652], [0.046517461794066906, 0.751077954674629, 0.07376982157947738, 0.1286347618518267], [0.029351672486546198, 0.055710551211822085, 0.08762368101967996, 0.8273140951819518], [0.030849144482035185, 0.11285105701533012, 0.747656925742303, 0.10864287266033172]], "ideal": "B", "sampled": "B", "correct": true}}
{"type": "result", "data": {"idx": 11, "options": ["conduction", "convection", "radiation", "radioactivity"], "probs": [[0.0005657292571774333, 0.0068382753263117775, 0.9914881807531234, 0.0011078145633873727], [0.00366211516135025, 0.009352530601583663, 0.0019002366821304366, 0.9850851174549357], [0.00047900690999953783, 0.9967925005931014, 0.0021638841121630194, 0.0005646082847360624], [0.000853751203409227, 0.9966791778109974, 0.0007419606625608738, 0.0017251102230325987], [0.0012893900547791383, 0.0016557449224383293, 0.00923371231625377, 0.9878211526065287], [0.0017881293008715948, 0.00467476534422677, 0.9785622272549553, 0.014974877999946254], [0.0005077234328813441, 0.005810479739128397, 0.992663997574192, 0.0010177991537982812], [0.0038701588997109362, 0.008454191364033945, 0.0019616363425534735, 0.9857140132937017], [0.00042610677392712425, 0.99694085255008, 0.0018367628956408105, 0.0007962776803520073], [0.0006297031388716739, 0.9969339552609194, 0.0008279373525342799, 0.0016084041476746222], [0.0036769447183490375, 0.004685185646299086, 0.002527502255700302, 0.9891103672796516], [0.0013526628697785917, 0.008959830251772782, 0.980725873486082, 0.008961633292366685], [0.9744225073716395, 0.014117355288277164, 0.009044356200472945, 0.002415781039610419], [0.9701633464266504, 0.0181883689217709, 0.0016021439463958628, 0.010046140605182888], [0.9772424119054844, 0.013615801954427378, 0.006793587946200483, 0.002348198093887661], [0.9742772919068475, 0.014791746234888103, 0.0014535785503331819, 0.009477383207931156], [0.9787021820691344, 0.004824523615223473, 0.0060984225591657025, 0.010374871656476398], [0.9825186874855327, 0.0033812462852679955, 0.0057963538841524, 0.008303712245046899], [0.0013727464674409564, 0.0030457264293961253, 0.00753741315723771, 0.9880441138459252], [0.0011508209534366297, 0.006270355534194463, 0.9830902931983437, 0.009488530214025204], [0.003160102029582151, 0.00740558972889328, 0.003337995116996705, 0.9860963130245278], [0.00103823642955524, 0.010734714592831204, 0.9817654513490555, 0.006461597528558117], [0.0017247169226876048, 0.8867202137653881, 0.013570133174245288, 0.09798493603767897], [0.0010705438125572818, 0.943488452681399, 0.030090806215539306, 0.02535019719050439]], "ideal": "C", "sampled": "C", "correct": true}}
{"type": "result", "data": {"idx": 12, "options": ["half, 1 A", "2 A", "Depends on which lamp is closer to the battery", "Not enough information to say"], "probs": [[0.2647889674704176, 0.2862982557674726, 0.031868641918558545, 0.4170441347435513], [0.2011304384096359, 0.21080063654349887, 0.5731468301529518, 0.01492209479391347], [0.2176978446984815, 0.04389001072463336, 0.4262622610286618, 0.3121498834482233], [0.2223457511770426, 0.04379052896757391, 0.3666432988761521, 0.36722042087923135], [0.23213577419521755, 0.5656665003848519, 0.18949772539188797, 0.012699999928042617], [0.2901109489148305, 0.4423783470513673, 0.022901062175960992, 0.24460964175784117], [0.0555271172529265, 0.8035397551249153, 0.013717115893660564, 0.1272160116284977], [0.026939264524070448, 0.8715983336128973, 0.09627638433474354, 0.0051860174282887285], [0.21571959348664738, 0.06788352535782073, 0.46394368786605117, 0.25245319318948073], [0.2282694228897091, 0.0894770974693281, 0.47680630209432173, 0.20544717744664104], [0.11696263957073526, 0.7278889762649139, 0.14561343883224787, 0.00953494523210302], [0.22883007695275576, 0.6223770588065934, 0.023020964885393975, 0.12577189925525684], [0.03607402023367467, 0.490371648101434, 0.31667345995026186, 0.1568808716146294], [0.05766085577671934, 0.4828975534172074, 0.13201136984109538, 0.32743022086497786], [0.03711015427319185, 0.6528569580866389, 0.22565950871348397, 0.0843733788266853], [0.04877801239002729, 0.613674402175571, 0.2812568545060235, 0.05629073082837819], [0.04085963180546881, 0.5220325063582849, 0.20127814471754085, 0.23582971701870536], [0.029133822223353513, 0.6384617566710437, 0.2423977955486782, 0.09000662545692464], [0.443714290035422, 0.35099176130157167, 0.19690616559963775, 0.00838778296336851], [0.30778339502117785, 0.12240688501564474, 0.020138606427086175, 0.5496711134360912], [0.3960345750742572, 0.3898666271907658, 0.20548036976966394, 0.008618427865313038], [0.39553134531496814, 0.37142230662318254, 0.027542829171471356, 0.20550351879037795], [0.3802846329247129, 0.045769538214291514, 0.2379413071266893, 0.33600452163430633], [0.4634532033933672, 0.054491803044592016, 0.40275236960198246, 0.07930262386005832]], "ideal": "B", "sampled": "D", "correct": false}}
{"type": "result", "data": {"idx": 13, "options": ["increase.", "decrease.", "remain unchanged.", "None of these."], "probs": [[0.8675783114091291, 0.05720861521520183, 0.05416132035754441, 0.02105175291812469], [0.8519570103634239, 0.06364590579162499, 0.025513983880203882, 0.05888309986474726], [0.8682627496808274, 0.045289948254173616, 0.06436935981142321, 0.022077942153575787], [0.8071535038758272, 0.06029415433240151, 0.024172666764565264, 0.10837967492720603], [0.8272894080736786, 0.025768660189050153, 0.09648334350046342, 0.050458588136807904], [0.8312947633039413, 0.026713864448905077, 0.04651486474614399, 0.09547650740100966], [0.02515684481484296, 0.8663468455834987, 0.08645598090295312, 0.02204032859870518], [0.038581200790928034, 0.8512136897179358, 0.04801988988486371, 0.06218521950627244], [0.016898817708800473, 0.044875926883197984, 0.9158253159073082, 0.02239993940069338], [0.05998917988909505, 0.02993200879725945, 0.026000192408630277, 0.8840786188050153], [0.023452374354941106, 0.02327211499926742, 0.9012190539079002, 0.05205645663789122], [0.06059116350220573, 0.01982816009875142, 0.047925835393264345, 0.8716548409057785], [0.018076747811649703, 0.8183213790046973, 0.1400102384259879, 0.02359163465766518], [0.04947663411414121, 0.7862418195046686, 0.052677981160996916, 0.11160356512019326], [0.056826632252514137, 0.45054271644861665, 0.45069637722225986, 0.041934273976609336], [0.09889439750316034, 0.21940139505982492, 0.044568804319147934, 0.6371354030178668], [0.02951463596835526, 0.01920822513237003, 0.8298219719757228, 0.12145516682355186], [0.08741997279194465, 0.023169253278098313, 0.4303906905636894, 0.45902008326626764], [0.012626924235550896, 0.7058740156717241, 0.21529664951883057, 0.06620241047389439], [0.012284529423882654, 0.7310217594051127, 0.09971063618081351, 0.15698307489019106], [0.025217808905220032, 0.1556998681849722, 0.6506273893487757, 0.16845493346103207], [0.009332180369910952, 0.021699464754805553, 0.02988736628767617, 0.9390809884876073], [0.010484204265250553, 0.03491897387825751, 0.8596278131953152, 0.09496900856117668], [0.01708938806869028, 0.030233652579194956, 0.28904924924395237, 0.6636277100081623]], "ideal": "A", "sampled": "A", "correct": true}}
{"type": "result", "data": {"idx": 14, "options": ["2mg", "mg", "mg/2", "mg/4"], "probs": [[0.08575320115195689, 0.46020858789537855, 0.27482571785643634, 0.1792124929962282], [0.09857338434972361, 0.4816673350722083, 0.20553108629553773, 0.2142281941825303], [0.10123071827701097, 0.21949419522282446, 0.4758381303548419, 0.2034369560453227], [0.14631661989293554, 0.20003488955933568, 0.10788826804107789, 0.5457602224066509], [0.09899868446348488, 0.1711344804021021, 0.4763575912402457, 0.25350924379416734], [0.1472013531300062, 0.17349414069670832, 0.18321403461138322, 0.4960904714619022], [0.13773308077270457, 0.2676609038594521, 0.27833964173664405, 0.3162663735311993], [0.15442361166160243, 0.2885661763940698, 0.22651049830005188, 0.3304997135442759], [0.08668965944602994, 0.5655308539949434, 0.14410081920815795, 0.20367866725086867], [0.08542291691904991, 0.6072877554392339, 0.1767356816243867, 0.13055364591732954], [0.0977568655439868, 0.5328287640524175, 0.10908624853850055, 0.2603281217650952], [0.07610760450403799, 0.541068474973907, 0.2637463706279081, 0.1190775497941469], [0.10153996792105748, 0.23989471433304815, 0.4344995850709757, 0.22406573257491869], [0.16930792467206746, 0.28578968555797696, 0.12779762768372122, 0.41710476198623436], [0.07623150830353663, 0.6588998338085169, 0.13593770359680107, 0.12893095419114536], [0.07079724973356932, 0.704332337751194, 0.14195135243815055, 0.08291905997708618], [0.1371406347273382, 0.3067090579570129, 0.10849625858688774, 0.4476540486287611], [0.08385424872720078, 0.28823810168666414, 0.42944808830240205, 0.19845956118373304], [0.12476399448103827, 0.20737843312927123, 0.311329105450656, 0.3565284668390345], [0.1322588175402943, 0.2215372174756719, 0.33786484595734817, 0.30833911892668564], [0.12029347449868746, 0.5066277052431859, 0.10131065329771344, 0.2717681668604132], [0.09172468159845187, 0.5620911288322528, 0.24366929360782133, 0.10251489586147407], [0.1306460936933786, 0.37812199903132715, 0.12371330614854575, 0.3675186010267485], [0.09349002897154753, 0.35018918697437196, 0.3728759669782463, 0.1834448169758342]], "ideal": "B", "sampled": "B", "correct": true}}
{"type": "result", "data": {"idx": 15, "options": ["less.", "equal.", "greater.", "none because it sinks."], "probs": [[0.861283160305159, 0.03499782235002328, 0.08527228600659326, 0.018446731238224483], [0.8683671823442507, 0.03998005233197492, 0.016927140746225255, 0.0747256244775491], [0.8948532075328876, 0.03840451572735965, 0.04816640024399698, 0.018575876395755808], [0.8818590881814603, 0.04458978450239657, 0.017596959874965668, 0.055954167341177384], [0.8740579416287547, 0.02701849837382481, 0.018859454058650547, 0.08006410583876984], [0.9026677842976291, 0.026417773903218176, 0.03186192818797458, 0.03905251351117822], [0.017419382344029698, 0.9294315860054139, 0.03988489747034486, 0.013264134080211583], [0.029669752617843225, 0.9237934436078582, 0.021714845872313572, 0.02482195780198494], [0.04506666753238785, 0.052701147368538336, 0.870992335254486, 0.031239849744587798], [0.10203379965614137, 0.03445437492441548, 0.019321599649392594, 0.8441902256700505], [0.02395817069485302, 0.01634187803871724, 0.9353503549081889, 0.024349596258240843], [0.07986073076133926, 0.017143189649906222, 0.10017451493670382, 0.8028215645520507], [0.02509142127721702, 0.884886517965182, 0.07206690431522779, 0.01795515634237313], [0.04171356232472117, 0.8651869392854576, 0.029363543120408085, 0.06373595516941312], [0.03217480012745751, 0.03506977169540739, 0.904780760583378, 0.0279746674937571], [0.055954440797249455, 0.019647763820474194, 0.011192837603841096, 0.9132049576784352], [0.013709031146913327, 0.015178361188450356, 0.9543013099543181, 0.016811297610318295], [0.02483207357538655, 0.009138575306692676, 0.016543238720129253, 0.9494861122977916], [0.015428095341279216, 0.918731221370259, 0.023168820749053663, 0.0426718624394081], [0.02285736778790168, 0.8924871138466194, 0.0557191747614302, 0.028936343504048678], [0.0057136594552004765, 0.00934874768057206, 0.9690268639705069, 0.015910728793720588], [0.03249523255439803, 0.012147769662424783, 0.17163016543274054, 0.7837268322504366], [0.009654345421466932, 0.01804236961910171, 0.9406068744586157, 0.03169641040081561], [0.009059448999780548, 0.006326862336083952, 0.020098509873304058, 0.9645151786908315]], "ideal": "A", "sampled": "A", "correct": true}}
{"type": "result", "data": {"idx": 16, "options": ["red.", "green.", "white minus red.", "a mixture of green and yellow."], "probs": [[0.7193478505938398, 0.04026649981930145, 0.12015304236744687, 0.12023260711941187], [0.7728502628627543, 0.03787036472501026, 0.02726457994108532, 0.16201479237115018], [0.7700111908255032, 0.11353170934040088, 0.029377387997796718, 0.08707971173629925], [0.7375387479974143, 0.11218324198026396, 0.019038343622882235, 0.1312396662994396], [0.8431604034830016, 0.029301621876215784, 0.057790426260406536, 0.06974754828037603], [0.7614876456954818, 0.035329497557411514, 0.03586494842114883, 0.16731790822595785], [0.01251829821637147, 0.927606002048117, 0.030273816038653957, 0.029601883596857507], [0.012276381006664214, 0.9167604162127159, 0.04670626594148535, 0.024256936739134552], [0.013594406060504938, 0.017876702507841853, 0.9388151352991202, 0.02971375603253299], [0.036470079320815675, 0.014400524635683061, 0.020778554351711317, 0.9283508415917899], [0.04964575953021218, 0.06735543211140783, 0.8145396769315534, 0.06845913132682657], [0.04462308146773862, 0.023707304589078333, 0.019191567210266988, 0.9124780466329161], [0.0304199999571719, 0.910713202495052, 0.022973193024582058, 0.035893604423193996], [0.030898732219078993, 0.9107768929462676, 0.019805558152637376, 0.03851881658201601], [0.05316117607149136, 0.09262269244928568, 0.8005754619657923, 0.053640669413430646], [0.12116724003228405, 0.0563648890274766, 0.02945950007878971, 0.7930083707614497], [0.04935126208342284, 0.043574741028817185, 0.8552959314931038, 0.0517780652946562], [0.10088341644558502, 0.03354259940071776, 0.12952999721092343, 0.7360439868427738], [0.03765994007620504, 0.8712354463815324, 0.04268724550414961, 0.048417367938113014], [0.03904357421234162, 0.8754913512508442, 0.037561657506737095, 0.04790341693007704], [0.0883602964569494, 0.15275691551377288, 0.6586218566586534, 0.10026093127062438], [0.07495478478960758, 0.04619155500252974, 0.018803082258145414, 0.8600505778497173], [0.03594342554261513, 0.03768636981314, 0.8783324516492665, 0.048037752894978275], [0.0976221766668133, 0.03482056716443023, 0.1387469593530176, 0.7288102967157388]], "ideal": "A", "sampled": "A", "correct": true}}
