{"type": "result", "data": {"idx": 0, "options": ["p = 4", "p = 8", "p = 12", "p = 24"], "probs": [[0.20402310208529428, 0.550434256309403, 0.1947273102831116, 0.05081533122219112], [0.1684737875081305, 0.4138839357431332, 0.049036709257376083, 0.3686055673913602], [0.24072902047113579, 0.48640272278674834, 0.24077652537036248, 0.03209173127175337], [0.20664211616218278, 0.4586139244946472, 0.06061628381306132, 0.2741276754301087], [0.1428584456300928, 0.09299252926373389, 0.5227729081584771, 0.2413761168476962], [0.0910308963791214, 0.08895877814117666, 0.6625812698430438, 0.15742905553665815], [0.03954367697013479, 0.8660085764182534, 0.07391382725574845, 0.02053391925586342], [0.044027276379784604, 0.7870763021768147, 0.03623889696792457, 0.13265752437547618], [0.07677869899792447, 0.27016850095512607, 0.6283022479843615, 0.02475055196258792], [0.12308310211741139, 0.2885168970322956, 0.044239537835782536, 0.5441604629145105], [0.05134754512658857, 0.07591813632269677, 0.5698481670231158, 0.3028861514275989], [0.08228480192620453, 0.06824182819998063, 0.30343890639249327, 0.5460344633813216], [0.13082834585930853, 0.7357076967591747, 0.11106400293793793, 0.022399954343578853], [0.12753000996696454, 0.6581861449662237, 0.041095767625362226, 0.17318807734144945], [0.30312896562280395, 0.43427551920813, 0.23062790039257866, 0.031967614676487364], [0.17745876707132527, 0.2926541333946173, 0.05045253895730119, 0.47943456047675626], [0.09661784479194759, 0.10952925354549967, 0.522556885352424, 0.27129601621012883], [0.15436669722543161, 0.11296943982397013, 0.16693199671828365, 0.5657318661323146], [0.01687951827504335, 0.619178558864978, 0.20099813567692038, 0.16294378708305832], [0.009987370799533999, 0.5371432173779244, 0.39923562628869536, 0.05363378543384624], [0.018386864450641287, 0.5170625283982184, 0.34449045755931645, 0.1200601494918238], [0.025566466721566414, 0.4826869475959415, 0.20759612783791181, 0.2841504577445803], [0.014068902902185034, 0.4661284221681485, 0.466231329583701, 0.05357134524596548], [0.029267731878400573, 0.531484038471191, 0.1430153929177655, 0.296232836632643]], "ideal": "C", "sampled": "A", "correct": false}}
{"type": "result", "data": {"idx": 1, "options": ["5", "7", "8", "9"], "probs": [[0.2911351853809274, 0.2777788874725629, 0.32225435248696593, 0.10883157455954376], [0.15066718829157502, 0.14378447614983622, 0.08001989006166317, 0.6255284453969255], [0.21895404995415396, 0.29234634955742056, 0.42544584194203017, 0.06325375844639532], [0.19699514203776614, 0.2630461791348592, 0.12231619837128145, 0.4176424803560932], [0.17449203391851542, 0.22407491836802926, 0.28997686934517125, 0.3114561782682841], [0.19063929005503552, 0.22464497719909862, 0.406864142479505, 0.17785159016636085], [0.2986920996227266, 0.44838276861466164, 0.17558373327166354, 0.07734139839094821], [0.2432838416345595, 0.33516613145048724, 0.07536335401024817, 0.3461866728047051], [0.2631786484989995, 0.3149739228989662, 0.3301381493039959, 0.09170927919803841], [0.26055219766872323, 0.29065465924217476, 0.15557840464943545, 0.29321473833966655], [0.20886314780819487, 0.12769038593414891, 0.22061752613312616, 0.44282894002453005], [0.11964531362710112, 0.1089538502384774, 0.678151929705102, 0.09324890632931955], [0.23567114943644424, 0.3978036373292238, 0.27772063221032267, 0.08880458092400928], [0.24156285999954236, 0.4141691655562094, 0.0828316292294851, 0.2614363451147631], [0.3333974927359087, 0.3548695901368153, 0.17160121371823617, 0.1401317033090398], [0.3240360569028463, 0.36714049623006084, 0.1483381517330761, 0.16048529503401676], [0.1974944709413953, 0.13896780335859676, 0.23823958207845608, 0.4252981435215518], [0.2763321656258911, 0.2203029808136611, 0.3777604046419932, 0.12560444881845464], [0.17105123693064977, 0.3456033232346767, 0.20315607519044235, 0.2801893645442312], [0.19412902574174515, 0.41103647380045844, 0.26129157127186126, 0.13354292908593515], [0.18437969249643088, 0.1993892431696835, 0.12973249094191108, 0.4864985732919745], [0.12228976022795626, 0.16077283315445343, 0.6461036915353777, 0.07083371498221261], [0.16577656565438945, 0.26289609071963627, 0.17926837502117382, 0.39205896850480043], [0.2202702264207073, 0.3411817474057935, 0.3205673026591205, 0.11798072341437875]], "ideal": "C", "sampled": "C", "correct": true}}
{"type": "result", "data": {"idx": 2, "options": ["1 over 5", "\u22125", "\u22121 over 5", "5"], "probs": [[0.22678528385896662, 0.2322872693263572, 0.3860417546535665, 0.15488569206110966], [0.21836027175447847, 0.23073438953931896, 0.13562807237299893, 0.41527726623320366], [0.29029623055867065, 0.39692356609992524, 0.198067140732228, 0.11471306250917611], [0.2647665778247976, 0.3706224913617266, 0.1644810611512847, 0.2001298695621911], [0.2216867986351115, 0.2398206478090769, 0.14544202602604003, 0.3930505274297716], [0.29312417344983, 0.30019474473864094, 0.2095835835960074, 0.19709749811552166], [0.4160204970412983, 0.1173563481244678, 0.19350186757664029, 0.2731212871575936], [0.41022111203803535, 0.11304085292403551, 0.187834611153732, 0.2889034237841971], [0.27828425580884103, 0.24375620845139606, 0.3154919790234379, 0.162467556616325], [0.2786790471793542, 0.29442260105083534, 0.13906030562709404, 0.28783804604271646], [0.34789951595464724, 0.21604067931277776, 0.16693539418293427, 0.2691244104496407], [0.32023002262653266, 0.22534007314544244, 0.2253306258096688, 0.22909927831835605], [0.30000061017255536, 0.5025618113265674, 0.12032158016194888, 0.07711599823892835], [0.2798599746470422, 0.47627472376473706, 0.11856523028288228, 0.12530007120533845], [0.3559083070690288, 0.18326379493477993, 0.34242326272895435, 0.11840463516723689], [0.38657530850348, 0.20217573490076293, 0.12357921059997481, 0.28766974589578226], [0.30688538907845114, 0.18333223609273278, 0.41003606405056536, 0.09974631067825075], [0.3079806290853544, 0.1636135441170451, 0.10001090987524827, 0.42839491682235226], [0.266118884059997, 0.2900988459296998, 0.11720341442843468, 0.3265788554818685], [0.2994844659786621, 0.21242602483928885, 0.13190922336316102, 0.35618028571888805], [0.191269780871447, 0.5409269807484661, 0.10904004179996524, 0.15876319648012166], [0.18543019059993368, 0.5243762496613297, 0.11164760089379464, 0.17854595874494197], [0.20072943568396268, 0.3811237031175156, 0.27674252616804634, 0.14140433493047538], [0.21460908700255887, 0.4580996324938148, 0.11403433957815469, 0.2132569408254716]], "ideal": "D", "sampled": "C", "correct": false}}
{"type": "result", "data": {"idx": 3, "options": ["4", "5", "6", "7"], "probs": [[0.04178109515600251, 0.3786764514856478, 0.35847453122878364, 0.22106792202956602], [0.05580768257179674, 0.35578145910628983, 0.14827613254874603, 0.44013472567316736], [0.07120143037906748, 0.41655706921429414, 0.20942590902376274, 0.30281559128287566], [0.04951285496584877, 0.4522189132086381, 0.3838669004076274, 0.11440133131788573], [0.0796252074953529, 0.4881972713475423, 0.16222845660316504, 0.26994906445393974], [0.06500209649367722, 0.6369480872540522, 0.243669486792511, 0.05438032935975967], [0.029100362100148502, 0.06166562414422278, 0.5806403733930483, 0.3285936402625804], [0.06189803455682827, 0.07709578021835368, 0.44027165258071727, 0.4207345325441008], [0.05826146679470808, 0.48068870362608707, 0.09462171293725076, 0.36642811654195406], [0.036266497375901506, 0.4708066950526181, 0.42869276177525656, 0.06423404569622386], [0.0827512721989362, 0.3769902243305157, 0.08087549155051955, 0.4593830118200285], [0.058202943389192095, 0.3249172197348429, 0.552886414035559, 0.063993422740406], [0.06153253694502122, 0.07603712662432402, 0.44100524633457633, 0.4214250899960784], [0.06662264316706268, 0.10489352556997214, 0.6229652622546473, 0.2055185689083179], [0.10664671549009037, 0.08309250819403542, 0.0850457748712952, 0.7252150013445791], [0.05216086791353633, 0.08539863897673067, 0.8041919082692116, 0.058248584740521366], [0.08343007539019265, 0.5751180137881408, 0.09385097910793358, 0.24760093161373303], [0.08271134859606316, 0.761351664770485, 0.09675806267078634, 0.0591789238626655], [0.09281674633265094, 0.0965906143599924, 0.35608487787135656, 0.45450776133600007], [0.15857387677348875, 0.17702958855890133, 0.49668005143443383, 0.1677164831331761], [0.10278622498717552, 0.08263572803398944, 0.052512718656989275, 0.7620653282218458], [0.09371664758163481, 0.11139245041581536, 0.7323922218257727, 0.06249868007677717], [0.15781080838808945, 0.09803169292744945, 0.10848158677686431, 0.6356759118075967], [0.510561577767314, 0.23377614862702795, 0.1352853605718427, 0.12037691293381529]], "ideal": "B", "sampled": "D", "correct": false}}
{"type": "result", "data": {"idx": 4, "options": ["4t = 112; $448", "4t = 112; $28", "t over 4 = 112; $448", "t over 4 = 112; $28"], "probs": [[0.06965947739844482, 0.3197593915196515, 0.0350527606485132, 0.5755283703333905], [0.1709431786650282, 0.30489744483658515, 0.03214776011374473, 0.49201161628464196], [0.20783326395757254, 0.10454017857521049, 0.4404132461476909, 0.24721331121952603], [0.11988593458100445, 0.1075139625633437, 0.42222737632601115, 0.3503727264296407], [0.2750322674144103, 0.18041114025311258, 0.502337304955628, 0.04221928727684913], [0.20865624830042545, 0.2038867294005306, 0.08568706979957065, 0.5017699523994733], [0.1092737736318823, 0.1403636098295959, 0.019000838391481308, 0.7313617780470405], [0.15818290528699613, 0.2412993478630534, 0.05556058179449186, 0.5449571649554585], [0.5058663204253686, 0.02479949082189028, 0.3911028881481219, 0.07823130050461921], [0.32835325411951527, 0.02914961224605554, 0.12083823910168899, 0.5216588944327403], [0.45308037912665383, 0.11190377007939303, 0.2770929593003914, 0.15792289139356175], [0.3045034592851678, 0.06334063174163325, 0.043884134143518855, 0.5882717747296801], [0.006513684464078952, 0.9086902656311845, 0.06636139691103364, 0.018434652893702864], [0.025098526988081845, 0.8447511838542322, 0.08499238686713234, 0.0451579021905536], [0.027155953587623502, 0.5499589061729822, 0.37248288058143664, 0.05040225955795776], [0.079650413401637, 0.5403125640069891, 0.19733992824935748, 0.18269709424201633], [0.03142239326602156, 0.15593396628251951, 0.17534730216260597, 0.637296338188853], [0.048340450427237974, 0.18830616559843233, 0.1728588770210118, 0.5904945068533178], [0.19388781486002862, 0.30510902401734064, 0.3200033604778721, 0.1809998005447586], [0.3160684500637025, 0.3933884320279491, 0.1338914076519651, 0.15665171015638335], [0.037288081149745834, 0.883094884078661, 0.043982542675941386, 0.03563449199565181], [0.03399635938618083, 0.9122067520427004, 0.022319275875453518, 0.031477612595665255], [0.044421605099443894, 0.05979376941628697, 0.08110561100170163, 0.8146790143825675], [0.084347968575731, 0.06125129971502982, 0.2811136172140337, 0.5732871143952054]], "ideal": "B", "sampled": "B", "correct": true}}
{"type": "result", "data": {"idx": 5, "options": ["9", "11", "26", "32"], "probs": [[0.23209237770387198, 0.5110465554182734, 0.10797911699417642, 0.14888194978367827], [0.23353220073922565, 0.4645719735413526, 0.06239761690458815, 0.23949820871483357], [0.20096014131442505, 0.45657258119434874, 0.1845048053820875, 0.15796247200913877], [0.20837704276640315, 0.473414263383534, 0.14106953773292769, 0.1771391560171352], [0.21524354492592782, 0.31823354482100646, 0.22219687366950494, 0.2443260364835608], [0.255300123613884, 0.3863692571111531, 0.17418186172456135, 0.18414875745040157], [0.24043803329873603, 0.48204434738504903, 0.13598444448611274, 0.14153317473010216], [0.2339199877910347, 0.4617386356635894, 0.0736414997137122, 0.2306998767316637], [0.20936001211218513, 0.46829362303421035, 0.18485515756978307, 0.13749120718382146], [0.23177378049986783, 0.4908235109167977, 0.09517289023023472, 0.1822298182530997], [0.19657512885937384, 0.2585170384320056, 0.3217821562765095, 0.22312567633211103], [0.2975606144631005, 0.3507033675139099, 0.15934426131179352, 0.192391756611196], [0.13492942641439307, 0.634006288300801, 0.09800972277385352, 0.1330545624109524], [0.130227905568245, 0.6313348866814502, 0.11590139307633206, 0.12253581457397274], [0.2090732008009692, 0.5819646119489447, 0.06280870735017208, 0.14615347979991408], [0.1893144114820173, 0.5878976626694726, 0.12520317825319416, 0.09758474749531587], [0.21310869492273393, 0.35700191127669845, 0.30543200088760675, 0.12445739281296084], [0.2640460113615544, 0.43204143317162846, 0.23496411563368327, 0.06894843973313383], [0.09463469079136265, 0.6996495827280628, 0.07913609711237288, 0.1265796292682017], [0.09184619175240133, 0.7228024708919499, 0.09336671371370762, 0.09198462354194112], [0.1344858208728273, 0.6832689983731831, 0.052706217287194004, 0.12953896336679563], [0.11769452908823755, 0.7212787543434399, 0.10313968643380376, 0.05788703003451879], [0.21004920957665477, 0.5449541535401268, 0.14330674070515106, 0.10168989607806735], [0.22571480968045468, 0.5855879754184489, 0.11534111572717444, 0.07335609907392203]], "ideal": "C", "sampled": "A", "correct": false}}
{"type": "result", "data": {"idx": 6, "options": ["1.1 over 11", "11 over 11", "12 over 11", "11 over 12"], "probs": [[0.3440114659922467, 0.12955209997646197, 0.36633507505374724, 0.16010135887754404], [0.44853730341888254, 0.1769869827149246, 0.1284911521691086, 0.24598456159708423], [0.2168819936428446, 0.21029398156527762, 0.4023756444405816, 0.17044838025129616], [0.16532529322594955, 0.10429473057993248, 0.04926645658043907, 0.6811135195136789], [0.22565223610606655, 0.09192693369552526, 0.5209974723681974, 0.16142335773021077], [0.17627076540211292, 0.06640591372770732, 0.09075827015388997, 0.6665650506162898], [0.1034018330426067, 0.6144478366240923, 0.1802096082105553, 0.10194072202274573], [0.08715823618278712, 0.7245914037975137, 0.14606161719602553, 0.042188742723673636], [0.05981426207782894, 0.2138352191458737, 0.6590256388880948, 0.0673248797882025], [0.10289093489254784, 0.22316462630650302, 0.14978206714168188, 0.5241623715592673], [0.07883957596438457, 0.13107570711533434, 0.6659208386637244, 0.12416387815655668], [0.11292877131263217, 0.14284716651536453, 0.1736127001887747, 0.5706113618832286], [0.028037202480785395, 0.893863884673635, 0.047744134609211605, 0.030354778136368013], [0.0795066940778456, 0.5351884880843747, 0.03938327670622507, 0.3459215410315546], [0.07812496611533062, 0.17753035392541253, 0.6862303256033159, 0.058114354255940935], [0.1277213505461838, 0.15659556814667536, 0.13708233423404972, 0.578600746973091], [0.12739146295469664, 0.08557181912014844, 0.49260296722768787, 0.29443375059746707], [0.09009116880441959, 0.07956512923649338, 0.4472987421921091, 0.38304495966697794], [0.03440824305316891, 0.6811189219455968, 0.24481467839918575, 0.039658156502048576], [0.08621127902599343, 0.34390464421647926, 0.10244198142457789, 0.4674420952329494], [0.06744888474452199, 0.17643104623305073, 0.6456504511608532, 0.11046961776157409], [0.08345188697051274, 0.1465746549563851, 0.16093411509180738, 0.6090393428812948], [0.09637038965442384, 0.09201106282041395, 0.4637889412382163, 0.34782960618694597], [0.07901647058853806, 0.07664429509833372, 0.45153064204008087, 0.3928085921730473]], "ideal": "C", "sampled": "A", "correct": false}}
{"type": "result", "data": {"idx": 7, "options": ["3.6", "36", "0.01272", "12.72"], "probs": [[0.32378283501661204, 0.07513128304249443, 0.5595768156040811, 0.04150906623681243], [0.3119632303402789, 0.06191602348662151, 0.08201503752841958, 0.54410570854468], [0.1900274206887593, 0.7061336223929384, 0.032775883482960476, 0.07106307333534184], [0.2221998969496637, 0.6844930495123099, 0.026544927954740345, 0.06676212548328607], [0.4128684914450199, 0.11921508485753474, 0.07344317818519852, 0.39447324541224676], [0.2753309278436614, 0.17640776733324412, 0.4948532525530332, 0.053408052170061254], [0.008376706081632795, 0.9315107872614308, 0.050537612251092885, 0.009574894305843589], [0.011969364391934627, 0.8662033781107851, 0.0386529979280556, 0.0831742594692247], [0.014847308427549001, 0.9260476816157799, 0.04831856360142589, 0.0107864462552452], [0.029863733183398168, 0.8528229418642113, 0.025956319110630025, 0.09135700574176059], [0.034796047044894175, 0.4881424180041984, 0.37141033034830434, 0.1056512045026031], [0.03040578216010258, 0.6606262921626361, 0.23929227886191215, 0.06967564671534918], [0.7103195123565709, 0.06657724019799281, 0.027323433872155686, 0.19577981347328066], [0.7814814752497059, 0.08563509263601275, 0.06565629445640224, 0.06722713755787912], [0.6924274823809248, 0.060495451882240224, 0.09010435203546548, 0.15697271360136947], [0.6779956079487545, 0.05268682147170784, 0.12937697144341673, 0.1399405990361209], [0.7724866944346697, 0.06801782836710382, 0.1260815476147371, 0.033413929483489396], [0.6429587458259919, 0.07326230987332583, 0.037710397588928544, 0.24606854661175373], [0.21348117766960142, 0.45917222925539153, 0.03513356376386535, 0.2922130292111417], [0.16401383408145565, 0.6590453440212104, 0.15292410570526038, 0.02401671609207348], [0.18230957062670755, 0.14202347608015498, 0.47677982559174614, 0.19888712760139135], [0.32237308253482616, 0.12626045564758434, 0.4691744306460405, 0.082192031071549], [0.14410814010300438, 0.7493644206587788, 0.08607356017405705, 0.02045387896415967], [0.15536307043105965, 0.7185578552538417, 0.04666292443363046, 0.07941614978146808]], "ideal": "B", "sampled": "C", "correct": false}}
{"type": "result", "data": {"idx": 8, "options": ["159.26", "2.224", "14,111", "126.26"], "probs": [[0.6068191129467564, 0.10794202589092843, 0.011557956601760774, 0.2736809044605544], [0.7255919514147217, 0.0966767138983393, 0.16705112017561025, 0.010680214411328817], [0.6580279032122999, 0.02611911918622682, 0.06989093293404186, 0.24596204456743148], [0.510913039103727, 0.0353178361735635, 0.39177494154333176, 0.0619941830793777], [0.7329949517412641, 0.21665819831534674, 0.04167782018132008, 0.008669029662069139], [0.7180983497034541, 0.21224351442594935, 0.012070280622203881, 0.05758785514839269], [0.2163140102903529, 0.5524830246484483, 0.014613164008008054, 0.21658980095319072], [0.13644771136755515, 0.7732269683959696, 0.08088646000396817, 0.009438860132507094], [0.36470723420241635, 0.03905003546570178, 0.2586379666266336, 0.33760476360524827], [0.28588154270141075, 0.03780197267298931, 0.4032662420331592, 0.27305024249244075], [0.20396960501460723, 0.5459383918783062, 0.23857767231793559, 0.011514330689151048], [0.2909032512501763, 0.42997165131633935, 0.01803266324044232, 0.26109243409304206], [0.05042696258457223, 0.7413874102077412, 0.04891026282767019, 0.15927536428001635], [0.031961042515543894, 0.7930718412883955, 0.12261711776426543, 0.05234999833179521], [0.06984383664210445, 0.536887232435355, 0.18271470204191168, 0.21055422878062888], [0.07479309679975973, 0.36830752024955526, 0.22874110637692835, 0.32815827647375667], [0.028280032111036236, 0.7646879367865677, 0.1603483965748217, 0.04668363442757436], [0.050138173064668945, 0.7033591453158609, 0.04939460137648986, 0.19710808014298037], [0.6956275266786393, 0.25192665300947775, 0.044471641000578155, 0.007974179211304788], [0.6713266096911822, 0.25477849390580287, 0.012887019134673685, 0.061007877168341294], [0.6458917633003114, 0.0952588957410236, 0.24904011819397578, 0.009809222664689183], [0.6405988990675706, 0.1291238230442383, 0.0122016129276771, 0.21807566486051394], [0.6774655655555841, 0.027315609459629582, 0.24536516044105966, 0.04985366444372663], [0.7013700112203239, 0.02740759070550891, 0.046983298609673964, 0.22423909936449313]], "ideal": "D", "sampled": "A", "correct": false}}
{"type": "result", "data": {"idx": 9, "options": ["0.72", "0.702", "10.0571", "7.2"], "probs": [[0.3213871466998809, 0.17337197321964046, 0.04054461479593105, 0.4646962651845476], [0.4915286453611272, 0.23396731213473151, 0.15588400791862406, 0.11862003448551722], [0.4345849285461516, 0.21013875929813536, 0.1399901401853684, 0.21528617187034463], [0.14275568349986578, 0.17357801936676506, 0.6401036810207799, 0.04356261601258931], [0.5033425425726656, 0.2912371900486257, 0.11586265405570223, 0.08955761322300647], [0.4728171123206811, 0.3075917890153543, 0.07193483995817591, 0.14765625860578876], [0.1549813793439075, 0.34121973335965844, 0.03301006653604815, 0.47078882066038596], [0.2778563581980475, 0.49923126392233735, 0.10969141451487992, 0.11322096326473524], [0.27142388434747267, 0.1354448239502414, 0.3625333118831173, 0.2305979797191686], [0.16989551989213958, 0.1333875397723903, 0.20024507342496997, 0.49647186681050015], [0.14892325961017167, 0.2893690401912409, 0.4662277593840593, 0.09547994071452817], [0.18379444772151904, 0.1987495816439741, 0.054767235035091295, 0.5626887354994156], [0.1845530094833445, 0.6699595946899709, 0.0402424403948709, 0.10524495533181366], [0.1220393892194276, 0.6755397545610514, 0.16688117942754527, 0.03553967669197574], [0.25572879072436405, 0.5086341689254646, 0.08979740327434074, 0.1458396369758305], [0.26273179638884264, 0.3619667372185139, 0.07952375141906667, 0.2957777148735768], [0.11665695550583717, 0.7490765702783363, 0.0867273240470061, 0.04753915006882038], [0.1502949730315362, 0.6134529056023824, 0.025726446639721446, 0.21052567462635993], [0.14042877339498866, 0.7475170258345281, 0.059948551571823425, 0.05210564909865982], [0.16446302216855813, 0.6979390718112667, 0.063420948997468, 0.07417695692270718], [0.19449599850855415, 0.23834790889219495, 0.48538063143627475, 0.08177546106297615], [0.2612952447448292, 0.15481948283670777, 0.05105553871213685, 0.5328297336063262], [0.3963262391347709, 0.2619443701432004, 0.28326027396254594, 0.05846911665948281], [0.32872255776121473, 0.20732691341320506, 0.03805616025844707, 0.42589436846713313]], "ideal": "D", "sampled": "A", "correct": false}}
{"type": "result", "data": {"idx": 10, "options": ["150 + 400 + 200", "200 + 400 + 200", "200 + 450 + 200", "200 + 500 + 200"], "probs": [[0.06317949859280886, 0.4855653779228582, 0.2969841030226885, 0.15427102036164442], [0.10999499588089924, 0.4816554331791182, 0.12667100507753992, 0.2816785657624426], [0.0327608717250391, 0.14686315484335088, 0.7177205306762695, 0.10265544265534046], [0.11886348256500699, 0.25169122946506073, 0.13902877516887102, 0.4904165127010613], [0.053954453074818415, 0.21850811268451406, 0.5806223836053296, 0.14691505053533793], [0.08007659344665018, 0.17911121803386124, 0.13311568697097556, 0.6076965014485131], [0.1102797074463996, 0.26053350773033623, 0.39135172376069366, 0.23783506096257054], [0.1528248741228083, 0.2923625620203147, 0.16924917191812164, 0.3855633918387554], [0.04847017530701118, 0.7070098307912898, 0.14943076223337148, 0.0950892315683276], [0.043531472910844145, 0.6448651431439959, 0.24301071009942585, 0.06859267374573409], [0.09494557692813392, 0.47116987488416257, 0.14947255998927036, 0.2844119880984331], [0.043735157205240884, 0.34676029887203436, 0.5250698268811993, 0.08443471694152549], [0.056580853064311744, 0.13577281618114678, 0.6583429181905129, 0.14930341246402848], [0.1282356343070888, 0.14763864433365947, 0.14311092664029815, 0.5810147946189536], [0.0962810573649123, 0.6951989945192721, 0.11355126579766026, 0.09496868221815534], [0.10268757358284547, 0.6291713492939338, 0.2012199432183714, 0.0669211338048493], [0.08241025672869468, 0.28325743983236035, 0.06942865634759925, 0.5649036469913458], [0.07474671693312962, 0.4762162814074926, 0.37704651530284417, 0.07199048625653359], [0.09216112446823739, 0.1791062014583177, 0.483384220753505, 0.24534845321993987], [0.08126713977135192, 0.11554101393278718, 0.10438825590285168, 0.6988035902930092], [0.06693751710356356, 0.6658476193568273, 0.10622238478657028, 0.16099247865303878], [0.04105651622936933, 0.5325659234328524, 0.3606555974513601, 0.06572196278641818], [0.06644311571366916, 0.34555244571073573, 0.05959143883731884, 0.5284129996382763], [0.029733530620240395, 0.6211911323568574, 0.3077371360847859, 0.041338200838116304]], "ideal": "C", "sampled": "B", "correct": false}}
{"type": "result", "data": {"idx": 11, "options": ["21", "7", "1", "None of these"], "probs": [[0.028321217409884223, 0.05505511088975233, 0.8480588058907084, 0.06856486570965509], [0.10502641334000756, 0.053252117978608536, 0.04483469069048372, 0.7968867778909002], [0.035066874007361186, 0.857038168945676, 0.03913990166488462, 0.06875505528207819], [0.04124609510991351, 0.8487977908004211, 0.09821526731831157, 0.011740846671353904], [0.12186054347381087, 0.04664575673009736, 0.02806349690474611, 0.8034302027913457], [0.04303894143450207, 0.051144092698376005, 0.8719984790705034, 0.03381848669661854], [0.04363724458862344, 0.0601589810740697, 0.8113173003780952, 0.08488647385921164], [0.11543211912800713, 0.049282844370401264, 0.050441484141647945, 0.7848435522599436], [0.010057585307547398, 0.9497223803082353, 0.011764265431380158, 0.028455768852837102], [0.010040771239406495, 0.9555270403728617, 0.02883767075804017, 0.005594517529691656], [0.14744338913542887, 0.05776924471280386, 0.02027433250867547, 0.7745130335430918], [0.02445375342569505, 0.04643565735896365, 0.9112038047343881, 0.017906784380953125], [0.7950564803476152, 0.03492900546661133, 0.022900453503351365, 0.14711406058242205], [0.7862450983454831, 0.03649067186374095, 0.14653693345356172, 0.030727296237214315], [0.8131383000012333, 0.06778830238656594, 0.016479894394419464, 0.1025935031177812], [0.7913167041949932, 0.0753479689821274, 0.11665312438629866, 0.01668220233658069], [0.8856171847048255, 0.07499836789616611, 0.018230675771293874, 0.02115377152771445], [0.8651319563895831, 0.06315937818020396, 0.052746820198969556, 0.018961845131243445], [0.03660070402968873, 0.04314959346171167, 0.017028211856502374, 0.9032214905520972], [0.020619153705535347, 0.07314210288986282, 0.8842636230637898, 0.02197512024081196], [0.033606384478230104, 0.07062458358056346, 0.013165611049534513, 0.8826034207916719], [0.010037143573504981, 0.07305461065502526, 0.9041080347646974, 0.012800210906772337], [0.0085400947902272, 0.9501360766416216, 0.022506219569430337, 0.01881760889872088], [0.005254851309599282, 0.9416627743266733, 0.040066112581297234, 0.013016261682430088]], "ideal": "D", "sampled": "C", "correct": false}}
{"type": "result", "data": {"idx": 12, "options": ["8", "9", "49", "63"], "probs": [[0.37383802885911127, 0.3766551827265253, 0.09599617653133743, 0.153510611783026], [0.3490434483672759, 0.46223520830690895, 0.059240392919688196, 0.12948095030612694], [0.2565182821648583, 0.2751659236622637, 0.324310699797347, 0.144005094275531], [0.36350129406238646, 0.31574659124972354, 0.14345914972811658, 0.17729296485977342], [0.31104017890679997, 0.1886017834086562, 0.3665067091289205, 0.13385132845562328], [0.40896336458894944, 0.20718555767805452, 0.1317131409427877, 0.2521379366902084], [0.3271170428799749, 0.5185086401000707, 0.06491178612046891, 0.08946253079948552], [0.3233193288179128, 0.558459610367471, 0.035157075177346196, 0.08306398553726997], [0.22441311847150663, 0.2582722979010844, 0.41287152205366356, 0.10444306147374537], [0.33646509047958284, 0.30629280206478393, 0.0948968529606336, 0.2623452543949996], [0.23425658487764264, 0.17958233445954083, 0.49992639566758074, 0.08623468489523581], [0.36593780989590136, 0.18979232511599642, 0.09469880413887907, 0.3495710607492232], [0.08525180942832968, 0.5431057295122893, 0.2908206029067775, 0.08082185805260347], [0.13427180940335226, 0.6507085866258653, 0.14636432468779073, 0.06865527918299175], [0.07426159057322111, 0.5888060305012432, 0.2533233708873672, 0.08360900793816836], [0.09491381722548806, 0.6538367818101314, 0.0920285575593729, 0.1592208433050076], [0.1741466146169823, 0.4080842848570427, 0.328029170836674, 0.089739929589301], [0.1395443889155492, 0.32448361771215917, 0.30731303870494325, 0.22865895456734836], [0.07198368280345399, 0.5796894646485661, 0.2474627437739993, 0.10086410867398059], [0.11039294799670195, 0.6402965640315145, 0.16970729446858424, 0.07960319340319934], [0.041048907962774356, 0.4698383947688901, 0.4213507002573276, 0.06776199691100793], [0.07375974042513067, 0.5757374038179246, 0.10243685313548562, 0.24806600252145905], [0.11934640913495236, 0.48703792323488865, 0.32967307914720567, 0.06394258838295332], [0.10265022152567922, 0.43221344169427556, 0.32131431700482205, 0.14382201967522318]], "ideal": "A", "sampled": "A", "correct": true}}
{"type": "result", "data": {"idx": 13, "options": ["6", "11", "8", "5"], "probs": [[0.37515862374880604, 0.38707466467791385, 0.1677965459135558, 0.06997016555972434], [0.39221515370972687, 0.38613720861379597, 0.11684999352605406, 0.10479764405042304], [0.31270114050213454, 0.5155881719608324, 0.08483313894664993, 0.08687754849038308], [0.35427541856931216, 0.4804824769196172, 0.10554876570647341, 0.059693338704597226], [0.388002258142839, 0.3879855688418062, 0.10280667550747732, 0.12120549740787742], [0.384877306860465, 0.30926691100185827, 0.22451244778865545, 0.08134333424902128], [0.0697415686730414, 0.6621636673649184, 0.21497982497993745, 0.05311493888210278], [0.07133795053574497, 0.6363312432053722, 0.1312979100638549, 0.1610328960950279], [0.1582264900049293, 0.5439785718373868, 0.16851183770401978, 0.1292831003536641], [0.13880235575848193, 0.48473610655896826, 0.2101175580761224, 0.1663439795064274], [0.06443824954482072, 0.6412347292902812, 0.16596485048179635, 0.1283621705831017], [0.06992346964704496, 0.633510954848503, 0.18726338399640746, 0.10930219140804459], [0.2750476968212076, 0.5470627092374633, 0.12893757559024502, 0.0489520182510841], [0.3027385545414028, 0.465305263852344, 0.1510655916282275, 0.08089058987802569], [0.42207332040666173, 0.339147365935779, 0.18296774216425798, 0.0558115713933013], [0.3810667153970811, 0.2854229850099615, 0.24225470782263522, 0.09125559167032221], [0.23015335424575564, 0.556597751069866, 0.15456093507658591, 0.05868795950779243], [0.236432224488457, 0.599173784196064, 0.09554734080074419, 0.06884665041473476], [0.3077736061008833, 0.43406919680356115, 0.13659473641662476, 0.12156246057893078], [0.2676165501362895, 0.3410399086819752, 0.30575029197817855, 0.08559324910355681], [0.41332108602825474, 0.2710666812874007, 0.19987982957183162, 0.11573240301251296], [0.4236915486192142, 0.26103247828237064, 0.24716063042400965, 0.06811534257440548], [0.3342994054400053, 0.4160779962170084, 0.19502660302516237, 0.054595995217823885], [0.3583385832873027, 0.45298235986230295, 0.08990258446418821, 0.09877647228620612]], "ideal": "A", "sampled": "A", "correct": true}}
{"type": "result", "data": {"idx": 14, "options": ["10 bars of soap for $23.20", "16 bars of soap for $36.48", "13 bars of soap for $29.51", "12 bars of soap for $27.60"], "probs": [[0.1043449020800352, 0.10686471073308254, 0.2973970704065054, 0.49139331668037683], [0.09753016981207306, 0.11407315559925604, 0.35696166218284975, 0.4314350123058211], [0.1526731424279298, 0.1744108076876455, 0.15512602260835454, 0.5177900271760701], [0.09690886974585967, 0.17013985519660588, 0.48489428012990876, 0.2480569948276257], [0.1494452572961578, 0.1629077268783737, 0.2226760486741929, 0.46497096705127555], [0.0753735459931627, 0.09024363693494444, 0.5401967876433443, 0.29418602932854854], [0.044245465266885504, 0.5563183260504895, 0.1462620005979307, 0.25317420798469426], [0.03855278256404553, 0.6032476289731299, 0.1573757940959957, 0.20082379426682895], [0.0709110280123299, 0.44138828244406036, 0.26361039474660364, 0.2240902946970061], [0.07733375520727254, 0.3257210230075361, 0.28302433873099814, 0.31392088295419324], [0.0495395595415562, 0.4966143091673198, 0.2764664435594604, 0.17737968763166362], [0.06630290447189519, 0.4750065313178611, 0.16544843088183314, 0.2932421332284106], [0.06193563433766352, 0.6064856738212051, 0.10456712698735876, 0.22701156475377254], [0.05376145980167805, 0.686589073152755, 0.15084468249195004, 0.10880478445361699], [0.08924791296067093, 0.11111545478816394, 0.44303777488824647, 0.3565988572629186], [0.10363691376332881, 0.09893691612488782, 0.31691250437989066, 0.4805136656318927], [0.07084853676472543, 0.4514321093025056, 0.34087511199191856, 0.13684424184085045], [0.09305765219147925, 0.5151600509822816, 0.11766826973928937, 0.2741140269869498], [0.06132464992367375, 0.6099492447201992, 0.12885333884381187, 0.19987276641231516], [0.05777297433310858, 0.6823579541217287, 0.15588482922461389, 0.10398424222054885], [0.10128670260255974, 0.11572063054269145, 0.43684700452524233, 0.3461456622295065], [0.1371823832634139, 0.11647322874415712, 0.2624863371006815, 0.48385805079174754], [0.0986296511373205, 0.16265744817569097, 0.5294622458452687, 0.20925065474171986], [0.15552467337967404, 0.1580189638876694, 0.1630404317669017, 0.5234159308657549]], "ideal": "C", "sampled": "A", "correct": false}}
{"type": "result", "data": {"idx": 15, "options": ["5 minutes", "14 minutes", "34 minutes", "70 minutes"], "probs": [[0.004907631081700196, 0.8453212574104314, 0.13064415131054863, 0.01912696009731972], [0.02033705841860446, 0.711649782061656, 0.062181659615728906, 0.2058314998040106], [0.018207815082590444, 0.4661168713055878, 0.4810879476587136, 0.03458736585310816], [0.04654556295894317, 0.5628592560091025, 0.14232160626751944, 0.2482735746644349], [0.018640573024343795, 0.15369485948402953, 0.7336271590586732, 0.09403740833295351], [0.04243167331272457, 0.16918302440504834, 0.4564616211620373, 0.33192368102018976], [0.14890732646251234, 0.4733468838563191, 0.3357138510457507, 0.04203193853541781], [0.1587727034207499, 0.4151540901434841, 0.0811082628040507, 0.3449649435317153], [0.13389346251589485, 0.5133839940769185, 0.301864093174105, 0.050858450133081635], [0.13270320484253006, 0.6432502035526224, 0.16781541223865645, 0.056231179266191], [0.1657052934004064, 0.30247682329967784, 0.20151191947829242, 0.33030596372162335], [0.0602104432177525, 0.24962222292418834, 0.6477677539124802, 0.042399579845578905], [0.07481100297997816, 0.31017159950356, 0.5662923370287916, 0.048725060387670265], [0.16993491096682362, 0.3353917846434927, 0.1559760249104684, 0.3386972793792153], [0.040706213787073724, 0.8308430359660155, 0.10000485236690489, 0.02844589778000585], [0.03824413759734202, 0.8309316456141772, 0.10814345425752431, 0.02268076243095644], [0.13277950083966827, 0.43890243073125307, 0.09641599411977742, 0.33190207420930123], [0.06399204462141544, 0.34603094406633295, 0.5531973139165478, 0.0367796972957038], [0.028046772090124596, 0.143591166598081, 0.7295958453402175, 0.09876621587157695], [0.05065891575298042, 0.1293995841768578, 0.532386845286449, 0.2875546546837128], [0.021135656921317605, 0.8060065086717636, 0.0726595855534649, 0.10019824875345394], [0.012423619279598301, 0.6275855722884148, 0.33601712238360826, 0.023973685948378655], [0.02985052021840633, 0.6904199294356176, 0.046254222227497796, 0.23347532801847823], [0.016905909402468, 0.5961963533758967, 0.367418020926927, 0.019479716194708254]], "ideal": "B", "sampled": "B", "correct": true}}
{"type": "result", "data": {"idx": 16, "options": ["18", "24", "25", "29"], "probs": [[0.15882997449880965, 0.38416377278545044, 0.37257233813512397, 0.08443391448061598], [0.17714241013288518, 0.47419729470788047, 0.2385668587552842, 0.11009343630395022], [0.3424303556817348, 0.41312724655555444, 0.1439394961447088, 0.10050290151800197], [0.3031998709971439, 0.38338659923653207, 0.241905580820044, 0.07150794884628005], [0.21864345015951706, 0.516489132695729, 0.1009418338155586, 0.1639255832291953], [0.2595295147092883, 0.549573032853268, 0.11168475285391705, 0.07921269948352666], [0.1349172036190181, 0.6854564751135249, 0.148295630448998, 0.03133069071845896], [0.1252764849993972, 0.7557659683349206, 0.0686936799561081, 0.05026386660957413], [0.08514840598704092, 0.801962108760448, 0.08522021468028555, 0.027669270472225508], [0.06856767151347763, 0.7850716782421063, 0.12623189506005952, 0.02012875508435652], [0.2087812901642946, 0.6740764479272484, 0.06942403419253435, 0.04771822761592263], [0.1737196315694438, 0.58328569581434, 0.2130210125198394, 0.02997365999637686], [0.06492843362091617, 0.7791347661487356, 0.09093096242012126, 0.06500583771022704], [0.050803063342513013, 0.7951476876595049, 0.11020127196238803, 0.043847976935593995], [0.17525044081842772, 0.5275071262785787, 0.2200087904710106, 0.07723364233198306], [0.11908987109804722, 0.5134990466506519, 0.31410075104890356, 0.0533103311023973], [0.06382845769524148, 0.790266566736939, 0.08396924104240651, 0.06193573442541303], [0.06609661876494338, 0.7869523166823216, 0.10489252208614466, 0.042058542366590346], [0.09578905427755346, 0.7136467865202375, 0.1004715054845769, 0.09009265361763215], [0.09460219598953336, 0.7562301045461732, 0.08355942243158548, 0.06560827693270793], [0.12329885280620631, 0.5442293516891548, 0.22523187078453713, 0.10723992462010182], [0.06924745826740945, 0.3410009633968054, 0.5285851654208764, 0.06116641281490873], [0.15148385319040888, 0.613674539673787, 0.1338064412283141, 0.10103516580748999], [0.1369030213156573, 0.5903074894707891, 0.23132040207472948, 0.04146908703882408]], "ideal": "B", "sampled": "A", "correct": false}}
{"type": "result", "data": {"idx": 17, "options": ["(60/6)\u201412=a", "(60\u201412)/6=a", "(60-6)-12=a", "(60+12)/6=a"], "probs": [[0.04265262313215448, 0.9127287539740248, 0.030296006208489826, 0.0143226165853309], [0.05043772647988547, 0.9019977381485402, 0.02173516222964215, 0.02582937304193213], [0.13304755709887667, 0.1592632308099985, 0.6818546969625365, 0.02583451502858828], [0.2781865853063246, 0.22707740621862862, 0.13883235842341116, 0.3559036499516356], [0.18726305312908414, 0.6142021302599534, 0.1518221469104805, 0.04671266960048198], [0.1809234205624479, 0.6076065414463073, 0.02713042175368902, 0.1843396161375558], [0.21315526721929146, 0.6936880271893548, 0.05108693929526145, 0.04206976619609221], [0.16202993708252522, 0.7555601107654007, 0.05066387826665103, 0.03174607378542299], [0.46066030746604764, 0.2543434925935777, 0.22816897886556953, 0.05682722097480512], [0.5016405023255021, 0.31139156451234323, 0.07574968095669884, 0.11121825210545588], [0.4829334788266644, 0.22104927318811915, 0.23547957221166002, 0.06053767567355642], [0.5299979171373029, 0.27922688455629413, 0.06953286761296296, 0.12124233059343993], [0.0655796110078504, 0.22542675844978485, 0.6846282191468804, 0.02436541129548431], [0.13570165531692643, 0.38679659074553785, 0.08836079322139359, 0.3891409606161421], [0.016451879476130235, 0.9278439394581252, 0.0462272813602431, 0.009476899605501488], [0.019503474633192897, 0.9337917756691146, 0.01954314711303525, 0.02716160248465724], [0.02279014178344559, 0.8835726527585042, 0.030960305178501787, 0.0626769001795485], [0.021216401314451797, 0.9032329101292048, 0.048646009275671497, 0.026904679180671902], [0.152378587054525, 0.5532808181293561, 0.2658531297277121, 0.02848746498840671], [0.18966900099268405, 0.5448746335599752, 0.03198428621667833, 0.23347207913066237], [0.24374817164983542, 0.48487534843097607, 0.22398492679841359, 0.0473915530207749], [0.2878512930637602, 0.546406487082197, 0.03662990641861282, 0.12911231333543], [0.34904987656708536, 0.17551924809605787, 0.12745781621426758, 0.3479730590225892], [0.4458485476845415, 0.24427838257077772, 0.17468367254948683, 0.1351893970951939]], "ideal": "B", "sampled": "B", "correct": true}}
