{"type": "result", "data": {"idx": 0, "options": ["10%", "20%", "40%", "80%"], "probs": [[0.004237312154214313, 0.40305958241145434, 0.5175420393152296, 0.07516106601910176], [0.021959675841886794, 0.317782854368882, 0.0841971649848934, 0.5760603047043378], [0.010465403349550605, 0.47764743570722057, 0.4487255626054561, 0.06316159823777269], [0.03976964533188755, 0.398657198225435, 0.07259441830317696, 0.4889787380395005], [0.016178432428526457, 0.0719633605119762, 0.761807004537066, 0.1500512024224314], [0.0222570421788359, 0.054249710029141106, 0.4723481150548826, 0.45114513263714034], [0.00829103238066534, 0.03358051268071744, 0.8594031557170774, 0.09872529912153988], [0.04674999234450974, 0.055531243269715536, 0.18784642987425723, 0.7098723344115175], [0.01703547055341742, 0.7305263769994113, 0.14381670424655127, 0.10862144810062006], [0.016620817187543154, 0.752624714289259, 0.19327472760396824, 0.037479740819229584], [0.09832549619454004, 0.2286655553499925, 0.15715328996204475, 0.5158556583934227], [0.027129098366034648, 0.1264588813884924, 0.762800622464423, 0.08361139768104994], [0.11919812412865109, 0.11290039445446956, 0.46073870129974603, 0.30716278001713326], [0.10888814246222342, 0.09029985146065451, 0.36275654750091313, 0.4380554584762089], [0.18431777975626715, 0.25594955298800465, 0.0884526954733388, 0.4712799716823894], [0.0746577268570205, 0.18921116495864312, 0.6814761401751668, 0.05465496790916963], [0.13665373302760567, 0.3545219605583268, 0.0531069123001151, 0.45571739401395245], [0.09908802141903245, 0.35138911629305547, 0.4729048292153278, 0.07661803297258432], [0.01874643539594209, 0.017616135768110473, 0.5229395559268967, 0.4406978728090508], [0.013931681527513864, 0.018034315556228177, 0.6767836417693134, 0.2912503610469446], [0.053055858545714006, 0.2341457552064881, 0.06552750140072228, 0.6472708847470756], [0.01684255985671179, 0.1367281597499697, 0.7509368452912496, 0.09549243500206893], [0.029380249734182216, 0.5291659058008423, 0.0716083472728828, 0.36984549709209263], [0.015738955616177497, 0.5296054768005868, 0.4125048740589901, 0.04215069342424564]], "ideal": "C", "sampled": "C", "correct": true}}
{"type": "result", "data": {"idx": 1, "options": ["About $300", "About $3k", "About $8k", "About $15k"], "probs": [[0.22148017083040153, 0.3919417138873766, 0.24333290350982145, 0.14324521167240042], [0.24221767529105848, 0.4186934280755592, 0.2008564352277865, 0.13823246130559583], [0.12693272908052247, 0.5965080438407211, 0.15803665392119798, 0.11852257305755845], [0.115793009482822, 0.5976436600018112, 0.19552540340125182, 0.09103792701411492], [0.19123403156174104, 0.5756059712905471, 0.1197021195261546, 0.11345787752155724], [0.16819995264070184, 0.5604258649885692, 0.2094143433045317, 0.06195983896619731], [0.13531706217686224, 0.5524457280943388, 0.24514239687685507, 0.06709481275194393], [0.15603873924667572, 0.553452824591508, 0.18391898940516668, 0.10658944665664956], [0.18311370634522198, 0.47512336852681836, 0.238905456058551, 0.10285746896940866], [0.2220393121020484, 0.47758281226150684, 0.17568384109170743, 0.12469403444473733], [0.18289263817169168, 0.5131133870731286, 0.16788128266863003, 0.1361126919865497], [0.16878313811571954, 0.5623221825298959, 0.2052569029943457, 0.06363777626003894], [0.14109132656939083, 0.5989172830982138, 0.185530923827404, 0.07446046640499142], [0.17215124747965063, 0.5646499822573473, 0.1330599596051444, 0.13013881055785764], [0.2508004996973001, 0.5067596623822801, 0.1301374930809497, 0.11230234473947008], [0.2502127606187348, 0.5298152008854161, 0.17746116351395338, 0.04251087488189566], [0.28882240385438407, 0.2980385333586161, 0.20483444018597155, 0.20830462250102827], [0.27595701810938245, 0.3381626307626162, 0.3435248732223309, 0.042355477805670456], [0.2597896216502937, 0.5087483638481556, 0.1379977942417652, 0.09346422015978549], [0.26218785856322707, 0.4674972419160541, 0.18307655365884318, 0.08723834576187564], [0.3351174667541275, 0.465324740035301, 0.09234070983367229, 0.1072170832768992], [0.3189123726058408, 0.5017825140250483, 0.13611001656586724, 0.043195096703243736], [0.3369503764344399, 0.41289762792790247, 0.18322313501091309, 0.06692886052674452], [0.3764557582112471, 0.43334180596617233, 0.13635239156110954, 0.053850044161471]], "ideal": "B", "sampled": "D", "correct": false}}
{"type": "result", "data": {"idx": 2, "options": ["52%", "62%", "72%", "82%"], "probs": [[0.014469878504042044, 0.3000865826068632, 0.4364764020746187, 0.24896713671447607], [0.009255223553201242, 0.09206689541728393, 0.5255885519035484, 0.3730893290259664], [0.018410838727059793, 0.30197843231269433, 0.09647936902394122, 0.5831313598363047], [0.010082005982227386, 0.3528497975801612, 0.5464210759065684, 0.09064712043104296], [0.009573286487446112, 0.6560353101137204, 0.14631226793621901, 0.18807913536261442], [0.006719360739543211, 0.7955921509669853, 0.15417519968050566, 0.04351328851296574], [0.0436035127357225, 0.025054942440642665, 0.47262244707652684, 0.458719097647108], [0.026425025377854284, 0.023150748415795296, 0.7487818849047162, 0.20164234120163424], [0.057722906147697865, 0.3886059979507119, 0.04602892512486352, 0.5076421706767267], [0.036662518018402986, 0.5144861801892001, 0.41328670492730657, 0.035564596765090314], [0.022067757526699518, 0.6763832035392578, 0.04059769623132219, 0.26095134260272046], [0.018463605285264025, 0.8494806810976124, 0.11313978531870762, 0.018915928198415952], [0.06834846294800505, 0.03358644396862294, 0.07625594330215581, 0.8218091496812162], [0.04112801027152045, 0.03519859544863706, 0.8594226572669562, 0.06425073691288626], [0.0851022941868477, 0.046647915736841586, 0.033328461147176976, 0.8349213288291337], [0.043801603304870096, 0.04416798937328922, 0.8802114548643198, 0.03181895235752087], [0.05252868642483864, 0.790994578587926, 0.06048099650969536, 0.09599573837754002], [0.056232400442372724, 0.8400509983953127, 0.08184635668862354, 0.021870244373690968], [0.13810254734940056, 0.044164754774957786, 0.11450523222214258, 0.703227465553499], [0.22014271800732985, 0.06021654120572235, 0.6574919100660497, 0.06214883062089813], [0.14610398596795734, 0.07349624873167226, 0.03665626243682431, 0.7437435027635461], [0.23594960124334338, 0.11504940489614292, 0.6218808975142492, 0.02712009624626444], [0.27352564581919653, 0.15591329006135662, 0.05020538346007458, 0.5203556805593722], [0.6710013867652476, 0.23194855297636677, 0.0654088286886977, 0.03164123146968797]], "ideal": "C", "sampled": "D", "correct": false}}
{"type": "result", "data": {"idx": 3, "options": ["China", "United States", "Germany", "Japan"], "probs": [[0.3833745150136124, 0.060210772301276305, 0.46242392403049304, 0.09399078855461825], [0.3223931611153388, 0.08091327848643357, 0.08086224945802936, 0.5158313108401983], [0.44361729086399415, 0.19387536037823982, 0.2587314286380278, 0.10377592001973825], [0.36205088009638425, 0.2691827335928094, 0.13847221020052297, 0.23029417601028337], [0.3048046985979518, 0.024449968120616786, 0.23365840041989605, 0.4370869327615354], [0.4947995321792492, 0.035018680910899505, 0.19675294173390848, 0.2734288450759428], [0.007218030228404169, 0.8816636708822547, 0.09509379215357601, 0.016024506635765115], [0.00858400114066741, 0.9325522822911193, 0.027932865672432874, 0.030930850795780382], [0.01466352041785069, 0.05449195633973972, 0.9074004384539774, 0.02344408468843218], [0.01928716037753112, 0.041163620875317934, 0.07165450174959194, 0.867894716897559], [0.01338478272030838, 0.02025641316369306, 0.8748303659082355, 0.0915284381077631], [0.012642667923065308, 0.013673703428499226, 0.0786572282612919, 0.8950264002871435], [0.050666613335309356, 0.6372923467998353, 0.22712352140998426, 0.08491751835487105], [0.042895119153571075, 0.7316659606447876, 0.06592936739490225, 0.15950955270673908], [0.03391899300828174, 0.028348284948229878, 0.8887424815741891, 0.04899024036929925], [0.04722491094049346, 0.030261990358817437, 0.05740613265221798, 0.8651069659484711], [0.10121058671654444, 0.06905043869520143, 0.5690101384547567, 0.26072883603349745], [0.03886686221642825, 0.02395173507743271, 0.10482257486402417, 0.8323588277421149], [0.021716240829783375, 0.22122724798657672, 0.2772657815676297, 0.4797907295160102], [0.02677070550410985, 0.4900399473380503, 0.2386239035112051, 0.24456544354663476], [0.01105504190092667, 0.01940779364259428, 0.8783537042206985, 0.09118346013578052], [0.012730745431410718, 0.017679586774285373, 0.08235892545257864, 0.8872307422417253], [0.02306960098804207, 0.029861609712350183, 0.7522227595242527, 0.19484602967535505], [0.011149175571017361, 0.013346752462202823, 0.06722933679420035, 0.9082747350725795]], "ideal": "A", "sampled": "A", "correct": true}}
{"type": "result", "data": {"idx": 4, "options": ["by 5 fold", "by 10 fold", "by 15 fold", "by 20 fold"], "probs": [[0.03196657833124877, 0.6478264355303216, 0.17993700569535367, 0.14026998034307597], [0.04200171353249872, 0.5410693943824022, 0.13574707658438867, 0.2811818154007104], [0.04927421470851672, 0.43289623627721124, 0.26678851840484724, 0.2510410305094248], [0.06779567795618405, 0.39671566487285526, 0.17063778382863232, 0.3648508732423284], [0.04270191783213668, 0.5855259785676469, 0.18431007516943695, 0.1874620283307795], [0.04675806918993702, 0.602300625910711, 0.17809421781623952, 0.17284708698311252], [0.044819206328821574, 0.07572399880519247, 0.47877383584043265, 0.4006829589255533], [0.040754680649149284, 0.0762197097073941, 0.5011711250794852, 0.38185448446397136], [0.0665961056881112, 0.335930973257804, 0.19143651423924105, 0.40603640671484376], [0.06165701647700914, 0.4454876928026744, 0.33378719903076287, 0.15906809158955357], [0.07189845823825272, 0.267370454422605, 0.20504798872065497, 0.4556830985184873], [0.07197741632866562, 0.45174737126325243, 0.37769265104607713, 0.09858256126200476], [0.14956562735269857, 0.10534506957827013, 0.2753960561263018, 0.4696932468427295], [0.15999582169846394, 0.151631427516803, 0.4493505291288187, 0.2390222215559144], [0.16684592887292796, 0.30954315350751405, 0.0826640705977912, 0.4409468469217668], [0.12447658971374928, 0.4314495638753024, 0.3869589879236059, 0.05711485838734244], [0.15481053291203206, 0.3925985991562205, 0.11880557237867578, 0.3337852954530717], [0.14513711227590245, 0.47251033577864765, 0.34861810426789597, 0.03373444757755392], [0.16546214868765255, 0.24095622833709035, 0.1763122800365762, 0.4172693428386809], [0.17716833155313208, 0.31609411611551613, 0.26210312861102325, 0.24463442362032853], [0.16304605590240176, 0.2449541000421478, 0.09225449366487051, 0.4997453502905799], [0.1727869478293771, 0.5409358638554813, 0.2497133565870301, 0.03656383162811152], [0.19323772478015613, 0.38159889547583503, 0.08785115312429657, 0.33731222651971227], [0.16770345430221872, 0.5416817927647746, 0.2600261408932084, 0.030588611939798283]], "ideal": "C", "sampled": "D", "correct": false}}
{"type": "result", "data": {"idx": 5, "options": ["Lower respiratory infections", "Preterm birth complications", "Diarrheal diseases", "Malaria"], "probs": [[0.5793859977161443, 0.030710547694661576, 0.37409315501009277, 0.01581029947910134], [0.6365264680470457, 0.04469552981148473, 0.0316841797483309, 0.2870938222931387], [0.13700779202072513, 0.8394779224066373, 0.013890117832350031, 0.009624167640287564], [0.15792269267785228, 0.8147986151022659, 0.011264768834739935, 0.016013923285141916], [0.730640991019238, 0.05011276043198345, 0.02854613895698222, 0.19070010949179633], [0.5921164607083369, 0.03289244616521951, 0.3535846087791345, 0.02140648424730907], [0.0037989288550135084, 0.8204868532466779, 0.16934989592156127, 0.006364321876747291], [0.005494758368498238, 0.9100589556348763, 0.014257653309538093, 0.07018863258708734], [0.011990320907785061, 0.7836666145313996, 0.19206282560605858, 0.012280238854756764], [0.029456715918155615, 0.8280826179299083, 0.023125223726980438, 0.11933544232495566], [0.051112816386754543, 0.04619335778507305, 0.27419635019881894, 0.6284974755293534], [0.10153871471049124, 0.11243092677568846, 0.3743960745438236, 0.4116342838699967], [0.8963621262850491, 0.08337203226409323, 0.012010192371387283, 0.008255648979470398], [0.863737676464244, 0.11507671030318882, 0.011129535237555816, 0.010056077895011294], [0.9371994988514003, 0.017988872990480076, 0.03440022343275844, 0.010411404625361137], [0.9163618436757867, 0.03135315448242502, 0.010419304879449993, 0.04186569686233837], [0.9376493708925502, 0.016645098134412378, 0.02853144524060129, 0.01717408563243609], [0.9064755205820457, 0.023594905633523556, 0.014197839059850758, 0.055731734624579955], [0.012638995327066227, 0.8198549692720841, 0.0227156743503863, 0.14479036095046333], [0.009138129905949066, 0.4874674813558189, 0.4875952141131286, 0.015799174525103356], [0.0730931090978199, 0.027969304573604872, 0.1419921522519759, 0.7569454339765993], [0.1062780300742275, 0.04943810683296014, 0.28220921226359325, 0.5620746507292191], [0.014455730715734904, 0.8807349015479247, 0.0865207444883257, 0.018288623148014715], [0.018554030713729918, 0.8735459474270193, 0.022038006506240614, 0.08586201525301014]], "ideal": "A", "sampled": "C", "correct": false}}
{"type": "result", "data": {"idx": 6, "options": ["10%", "20%", "30%", "40%"], "probs": [[0.06586016017925889, 0.24862401370172976, 0.29988679510252014, 0.3856290309164912], [0.07908428164956824, 0.2455645707911345, 0.39241696918493674, 0.2829341782743605], [0.060667944450178125, 0.44145247973540575, 0.10161478159128685, 0.39626479412312926], [0.05913894755112449, 0.379749544964371, 0.3511993665165036, 0.20991214086800092], [0.055693756990875073, 0.6526794457255275, 0.1650068765900191, 0.12661992059357835], [0.05889695093268564, 0.5950036003962934, 0.19315059337211388, 0.1529488551989071], [0.06195102117153714, 0.1711024854571814, 0.3622053102118158, 0.40474118305946566], [0.058612997027324844, 0.19987959412273193, 0.6061684118412898, 0.1353389969086535], [0.0839662533593871, 0.25073526988366335, 0.3763842536688338, 0.28891422298811575], [0.08062306730668864, 0.252297071697687, 0.29959130060961586, 0.3674885602860085], [0.08576390104183411, 0.40291181524561476, 0.38445100355000067, 0.12687328006255041], [0.0913314331381438, 0.40623379913825414, 0.21404292220525167, 0.2883918454183504], [0.10943539183693778, 0.15679972573141623, 0.08261462669505869, 0.6511502556365873], [0.09868906437363786, 0.23865510520932692, 0.5131871699773678, 0.14946866033966738], [0.13092466992432936, 0.14609062452508476, 0.13509599661823196, 0.5878887088323539], [0.07497905212838926, 0.1479865467115391, 0.603893221477291, 0.17314117958278064], [0.1444852159926287, 0.3990321338066142, 0.2873841438189612, 0.1690985062817959], [0.13474647213262458, 0.3495918176414522, 0.3283815628246081, 0.1872801473013151], [0.231895423862854, 0.32711196917338264, 0.14741242369764415, 0.2935801831661192], [0.241868190200824, 0.3519997701292829, 0.2615501064262536, 0.14458193314363946], [0.22585670647746772, 0.29928836223470434, 0.1705011874266831, 0.3043537437611448], [0.20215566755531764, 0.2896426362946462, 0.31807536357553, 0.19012633247450614], [0.226604195408527, 0.43689731033972773, 0.2031501235721603, 0.13334837057958493], [0.21011930939723067, 0.39267030994122615, 0.23080538325353797, 0.16640499730800518]], "ideal": "C", "sampled": "D", "correct": false}}
{"type": "result", "data": {"idx": 7, "options": ["29%", "49%", "69%", "89%"], "probs": [[0.04700708883921722, 0.3020098585857525, 0.4463949319451366, 0.2045881205298937], [0.07004065877595071, 0.23529181583261757, 0.15427452320129098, 0.5403930020901407], [0.06761069202696822, 0.4588683486425848, 0.22359750838712963, 0.24992345084331735], [0.0636604469531956, 0.48948440378188657, 0.2579190596275393, 0.1889360895373785], [0.074956277381116, 0.23473186529823264, 0.19154410125306343, 0.49876775596758793], [0.08242069621972954, 0.30643867301712696, 0.39351476749140396, 0.21762586317173957], [0.020212302245946556, 0.12197707006203178, 0.6052513200869133, 0.25255930750510835], [0.0366136009599818, 0.1616785620918606, 0.30204923925343447, 0.49965859759472314], [0.024528517230726646, 0.6534218398352917, 0.09939094201533125, 0.22265870081865044], [0.01894462698974565, 0.613403151720197, 0.28522593258269213, 0.08242628860736521], [0.039545610500792854, 0.3584244286678334, 0.24246019890530587, 0.35956976182606787], [0.031339719654915076, 0.3911369115383427, 0.47930982347024226, 0.09821354523650001], [0.09117757731906301, 0.17727144456978913, 0.2702952683512715, 0.4612557096598764], [0.07809350918385217, 0.21406880233121214, 0.49011620933184097, 0.2177214790530947], [0.09203713592049559, 0.24457702584898786, 0.21922232698444, 0.44416351114607655], [0.059765316154343745, 0.24021786301143336, 0.5586700751075686, 0.14134674562665425], [0.07308801898988329, 0.32274522893263197, 0.36006718333835075, 0.24409956863913398], [0.07543091123554083, 0.3518044833683189, 0.3305139713671931, 0.2422506339289472], [0.0303268649325696, 0.34754135424428667, 0.26227563030759177, 0.35985615041555197], [0.0271825937471655, 0.47486108475350197, 0.3529083647337359, 0.14504795666559667], [0.03548305454880521, 0.24464379066282999, 0.3396673176867794, 0.3802058370015854], [0.03558465107626916, 0.34593066070447176, 0.472933036156419, 0.1455516519628401], [0.0395923817102968, 0.23347726548913833, 0.309282035756781, 0.4176483169437839], [0.046879870579328874, 0.3207093929606613, 0.31574969069111297, 0.31666104566889686]], "ideal": "C", "sampled": "C", "correct": true}}
{"type": "result", "data": {"idx": 8, "options": ["18%", "38%", "58%", "78%"], "probs": [[0.04570238140562231, 0.2958086872010394, 0.29573763846103346, 0.36275129283230484], [0.047373158597388984, 0.2995006903929712, 0.3187554633854997, 0.33437068752414006], [0.031209646777973398, 0.40487585749691907, 0.3103669383741454, 0.2535475572509621], [0.02903163411154382, 0.4437474872939038, 0.4234160152889862, 0.10380486320556619], [0.0421934020722195, 0.35895538727652476, 0.2281090940468163, 0.3707421165044394], [0.0465420562469764, 0.36905706200080857, 0.3928198545243406, 0.19158102712787442], [0.06530201142513352, 0.14607412458654254, 0.40639917221777416, 0.3822246916705498], [0.06302085934585432, 0.1609845822375061, 0.42407230307014343, 0.3519222552464961], [0.06437466340892495, 0.40381348429913516, 0.1967600747504771, 0.3350517774414628], [0.04513255251465868, 0.38998434960626766, 0.463108641018454, 0.10177445676061962], [0.04525102929036355, 0.5428497053141894, 0.12110573481399174, 0.2907935304814553], [0.033116446816788374, 0.5388167198869789, 0.3267795558628989, 0.10128727733333383], [0.20905459236579613, 0.14483824586668986, 0.1816180822312722, 0.4644890794362418], [0.1344734311224179, 0.10809152068811492, 0.6467501665023712, 0.11068488158709598], [0.240757543431846, 0.19653290801069137, 0.09803149249216339, 0.4646780559652992], [0.13935920423554096, 0.12398628901358888, 0.654684763522869, 0.08196974312800118], [0.05752812218224678, 0.7820215078774848, 0.05620367347252714, 0.10424669636774125], [0.060873671906510704, 0.802068346643198, 0.09283748198983427, 0.04422049936045694], [0.26664021608547284, 0.12597049771479704, 0.15309531985182456, 0.4542939662479056], [0.32475267551027215, 0.14870243548543155, 0.4041674049477815, 0.12237748395651478], [0.2589193803135106, 0.23212700388115964, 0.15459376111291373, 0.35435985459241603], [0.3052377655016455, 0.2098190305944219, 0.39811920522464905, 0.08682399857928359], [0.3333538869671129, 0.41488695647817725, 0.13468133599118629, 0.1170778204635236], [0.4092735976262422, 0.39670658403174636, 0.11276120775377566, 0.08125861048823577]], "ideal": "C", "sampled": "D", "correct": false}}
{"type": "result", "data": {"idx": 9, "options": ["11%", "26%", "41%", "56%"], "probs": [[0.03128288231857151, 0.36963435039906667, 0.3638584518552705, 0.2352243153270913], [0.04062007906187506, 0.37378670313067724, 0.2338588035336481, 0.3517344141737996], [0.035015136521758944, 0.4202288153381453, 0.34293026239617014, 0.20182578564392561], [0.049854753167944715, 0.4016557155897824, 0.21495894124628023, 0.33353058989599266], [0.03150287396309524, 0.2293356924421872, 0.41520002212246543, 0.32396141137225215], [0.0353630128078369, 0.3056567140182271, 0.4734012219543528, 0.18557905111958323], [0.08803432499507627, 0.30504656062239627, 0.3456510628835247, 0.2612680513990028], [0.08474631177331592, 0.30776796888343283, 0.2114846933974696, 0.3960010258457817], [0.046081384785283966, 0.6465475913776773, 0.14881300370348727, 0.15855802003355152], [0.04180038612143879, 0.6291361252904902, 0.24253395243200182, 0.08652953605606911], [0.07155881609490301, 0.4056446556076563, 0.12272404302353603, 0.40007248517390465], [0.05841549746475328, 0.4153008944260425, 0.4153057820071321, 0.11097782600207207], [0.12316772891099188, 0.24508732160355465, 0.340250209249068, 0.29149474013638543], [0.13900358766412102, 0.2659763355886747, 0.31585254791420403, 0.2791675287330003], [0.12042148706522804, 0.5315789381784989, 0.1725564683593932, 0.17544310629687987], [0.1163143435787678, 0.49372982936510373, 0.3187894414815069, 0.07116638547462154], [0.09242527987440445, 0.4587704793076045, 0.10725343917329666, 0.34155080154469436], [0.07413297780408747, 0.5068366451525991, 0.3594070917096878, 0.05962328523362562], [0.12189051507684598, 0.09351187943477113, 0.3612498640652849, 0.42334774132309794], [0.15554710525743404, 0.13310810327205683, 0.530621862479649, 0.1807229288908601], [0.14759063438710607, 0.3951831187435258, 0.11863622295414018, 0.3385900238152279], [0.13460043759189488, 0.38663599566908696, 0.39892480375801986, 0.07983876288099825], [0.17461892121099615, 0.4748956439502856, 0.10761581016059708, 0.24286962457812117], [0.18867964337817852, 0.5211683317062508, 0.22067538569615197, 0.06947663911941875]], "ideal": "B", "sampled": "C", "correct": false}}
{"type": "result", "data": {"idx": 10, "options": ["23%", "38%", "53%", "68%"], "probs": [[0.04642464229403551, 0.2673686235326595, 0.38291230778605795, 0.30329442628724707], [0.04267703034965977, 0.2678307979120452, 0.36601641887363057, 0.32347575276466445], [0.052837225958620296, 0.4126793689720039, 0.1918518955427421, 0.3426315094266337], [0.032501160610925076, 0.36925944132003935, 0.5208039205625806, 0.07743547740645501], [0.0437756536940797, 0.5682089116523346, 0.1652980087048662, 0.22271742584871954], [0.04348443869235381, 0.5868803923759134, 0.23338651915600386, 0.13624864967572894], [0.048934098510520656, 0.12799838231713492, 0.4432815329409476, 0.3797859861313968], [0.045624334870458715, 0.19674191096776902, 0.5783731405421861, 0.17926061351958605], [0.04945474862557821, 0.5077232121913542, 0.07662740349003318, 0.36619463559303445], [0.02820269873058599, 0.4379837402651066, 0.481076195687731, 0.05273736521657635], [0.04985698126290682, 0.5984237566579081, 0.07314191485426375, 0.27857734712492127], [0.048630725406348156, 0.6311245536503711, 0.2113707355519955, 0.10887398529128525], [0.12630602527925894, 0.17004517955800394, 0.21830641895873176, 0.4853423761040054], [0.06380258880231057, 0.16046890081165305, 0.686371069265576, 0.08935744102046038], [0.10102902058376473, 0.1666243150644712, 0.05120960851438587, 0.6811370557373781], [0.06176790079482249, 0.24061175584665942, 0.6242076390434818, 0.07341270421503628], [0.061006469235933114, 0.7553903774388837, 0.06497006620673579, 0.11863308701844735], [0.0578984488529408, 0.7873639727575336, 0.09256651561935926, 0.06217106267016632], [0.151802636003333, 0.19502373909596257, 0.2707206429592543, 0.38245298184145016], [0.16962939499112423, 0.2608081102110408, 0.3564824163557244, 0.21308007834211057], [0.13777612558942515, 0.21519569201688812, 0.11336692014296423, 0.5336612621507225], [0.14354551685452657, 0.25405256802048354, 0.4529323970997815, 0.1494695179252084], [0.15764200766518766, 0.41882070130504867, 0.16526460658465755, 0.2582726843451061], [0.17596201859088476, 0.4937699808248333, 0.17603184543327266, 0.15423615505100927]], "ideal": "D", "sampled": "D", "correct": true}}
{"type": "result", "data": {"idx": 11, "options": ["5%", "10%", "15%", "25%"], "probs": [[0.15771368144365552, 0.3088552653480665, 0.25206783411366346, 0.28136321899461453], [0.16958722723199646, 0.28853741715254, 0.1593336039522936, 0.38254175156316994], [0.1376518139455381, 0.35158243247953264, 0.3571089154555584, 0.15365683801937086], [0.12452012394881137, 0.17291096439437925, 0.069312151624893, 0.6332567599319164], [0.13704273980784568, 0.2683798252502003, 0.4637217313903991, 0.13085570345155495], [0.1455031229560046, 0.17830758326379306, 0.14326188393775155, 0.5329274097424508], [0.06922084608137156, 0.4958797466169438, 0.2738320733207868, 0.16106733388089783], [0.06373344233393173, 0.5682281805525699, 0.2560998449166169, 0.11193853209688144], [0.03556623362492849, 0.07356087972323926, 0.7786548848961208, 0.11221800165571152], [0.06107253199637349, 0.07030248315242142, 0.06301380323815844, 0.8056111815130467], [0.04227434003807294, 0.0808663648092414, 0.7553981969033675, 0.12146109814931812], [0.06148981142014531, 0.07773985510220453, 0.0494107106804798, 0.8113596226971703], [0.06977920545442903, 0.5532912262702078, 0.2132981365690081, 0.16363143160635504], [0.06657626826420654, 0.5619555408220466, 0.23792733000440824, 0.1335408608093386], [0.0820696422221425, 0.3246720706743766, 0.34023472409843447, 0.2530235629050464], [0.07258566089664507, 0.23071699128958903, 0.11599978198442312, 0.5806975657293427], [0.052997019308175984, 0.09902820071143702, 0.676762654632723, 0.17121212524766402], [0.07445777428769873, 0.08571657047954062, 0.39018396702035446, 0.4496416881124062], [0.04215255704675169, 0.6647162958532861, 0.20590448147341367, 0.08722666552654851], [0.05411886141033172, 0.5299019536642291, 0.26643152632864814, 0.14954765849679108], [0.04977556074817766, 0.4912224539569431, 0.25086334999393445, 0.2081386352009448], [0.04738360960644867, 0.38462146711670536, 0.1035058493179337, 0.46448907385891225], [0.04448890238853545, 0.2704721572296262, 0.5378980996747564, 0.1471408406070819], [0.06255189980608704, 0.2593382558065855, 0.27603965583604384, 0.4020701884512836]], "ideal": "B", "sampled": "A", "correct": false}}
{"type": "result", "data": {"idx": 12, "options": ["2%", "4%", "9%", "18%"], "probs": [[0.0505642629688882, 0.11221200135628806, 0.5271234715110835, 0.31010026406374025], [0.08282643119261025, 0.12831569194686587, 0.35431195621791695, 0.4345459205426069], [0.054113675508232505, 0.3114949797321979, 0.40630722495919075, 0.2280841197003788], [0.08668006990370028, 0.2910228430840573, 0.23021800417089477, 0.3920790827413477], [0.05716257222636416, 0.35578700567107474, 0.3139938945749744, 0.2730565274275867], [0.06959014851881053, 0.30000378710037096, 0.2953597504963987, 0.3350463137844198], [0.08133531542803557, 0.20136994571542066, 0.4330635167164957, 0.2842312220400481], [0.1105823830881864, 0.21827522216810138, 0.3771694611296191, 0.2939729335140931], [0.11064367492932037, 0.29618188073843027, 0.3356312736019597, 0.25754317063028964], [0.13210236631197844, 0.2627742509944446, 0.22830539259101573, 0.37681799000256117], [0.10971248475743385, 0.3952071188056774, 0.2397042882114641, 0.2553761081254246], [0.10563748759055291, 0.2917472334883757, 0.3105777409189979, 0.2920375379020735], [0.11270580019770776, 0.36678870142350745, 0.2560621404368616, 0.2644433578419232], [0.10434106859468675, 0.32911388101184114, 0.2370440967415696, 0.3295009535519025], [0.0809034028501118, 0.4880865477425044, 0.23054826085535715, 0.2004617884520267], [0.09254499744167809, 0.4521038705362838, 0.19750358732342255, 0.2578475445986156], [0.12062196791819417, 0.2805367791532115, 0.2437304479751773, 0.355110804853417], [0.07845813721782577, 0.1409968723141454, 0.4770262205345276, 0.3035187698335012], [0.1328964700103494, 0.36134687600913523, 0.20589250630901434, 0.29986414757150104], [0.11726082726755696, 0.3289455644652539, 0.24445341309825253, 0.30934019506893656], [0.1054122875367939, 0.47999503726901765, 0.15341282689445254, 0.2611798481997359], [0.09497552826123794, 0.4324664940262553, 0.21408643678412462, 0.25847154082838214], [0.11923225701378971, 0.35054134535544423, 0.18471446218622786, 0.34551193534453817], [0.11039356392738922, 0.30728085452460213, 0.3428109134624406, 0.23951466798556806]], "ideal": "C", "sampled": "B", "correct": false}}
{"type": "result", "data": {"idx": 13, "options": ["minimum wage legislation", "land reform", "progressive taxation", "increased access to education"], "probs": [[0.13440291707366497, 0.7860377503335265, 0.01450438624572611, 0.06505494624708243], [0.11519565951872814, 0.8063406785766274, 0.0677388148104879, 0.010724846994156614], [0.12232543998496127, 0.031425236950088344, 0.7321694328908972, 0.11407989007405323], [0.3620247251216111, 0.028140826200377247, 0.16571567981842697, 0.44411876875958467], [0.09334372223917525, 0.0683132745609572, 0.8193675432249006, 0.018975459874966977], [0.500814364218893, 0.07561210330903355, 0.020664801241678275, 0.40290873113039516], [0.03165193807115951, 0.8969473236459156, 0.011738590107821944, 0.05966214807510298], [0.04548271698393528, 0.8858479765807791, 0.05706693173026316, 0.01160237460502245], [0.42902057080089673, 0.09500007047299033, 0.14146594280181457, 0.3345134158242984], [0.32713307409292264, 0.08877028920822054, 0.4761396560851283, 0.10795698051372847], [0.23725290682496203, 0.181957022015276, 0.5605254789645933, 0.02026459209516875], [0.4380333553720581, 0.33072496442840205, 0.07852983707983299, 0.1527118430197068], [0.050024298015157356, 0.09276089244080496, 0.7017761598901548, 0.15543864955388279], [0.10297757846477128, 0.11582474927152635, 0.15339002697379436, 0.627807645189908], [0.039409277708992996, 0.7737161833424446, 0.050220946040311076, 0.1366535928082513], [0.040801607372268865, 0.7125743083880118, 0.21057213997651553, 0.03605194416320371], [0.1304520493158622, 0.11249457834104953, 0.04403449139984511, 0.7130188808432432], [0.09178200951604029, 0.12748675409168456, 0.7223378276518925, 0.05839340864038263], [0.030169530098417174, 0.6255737806438693, 0.33482606418334193, 0.009430624974371651], [0.03031863362243477, 0.8865826393248963, 0.018831059895988503, 0.06426766705668034], [0.038589203324855034, 0.7815274136884669, 0.1716593999108542, 0.008223982975823831], [0.04971527198727576, 0.8749058590418178, 0.04090634336820618, 0.03447252550270025], [0.34183755004209904, 0.13922594278812003, 0.07220682393474287, 0.4467296831350381], [0.21835054943055657, 0.12942308475473646, 0.5666484958852832, 0.08557786982942374]], "ideal": "A", "sampled": "B", "correct": false}}
{"type": "result", "data": {"idx": 14, "options": ["36%", "56%", "76%", "96%"], "probs": [[0.11266169611980158, 0.2746250012642819, 0.5051127038010045, 0.10760059871491201], [0.14764932186547716, 0.29376689388147137, 0.1866858760314851, 0.37189790812156637], [0.09120456060447776, 0.5129036268607698, 0.315962133406081, 0.0799296790286714], [0.11578562509494611, 0.6022130666901541, 0.12232637039611251, 0.15967493771878724], [0.1552733388224933, 0.3018021105344027, 0.29245431465238503, 0.250470235890719], [0.14987744836135336, 0.2779506527488829, 0.3981140672200387, 0.17405783156972499], [0.09035470739689115, 0.44839381191391225, 0.4019490659706259, 0.059302414618570685], [0.11958824752872188, 0.5197227557994548, 0.12245960441154816, 0.2382293921602752], [0.07402818179985374, 0.35054357162127603, 0.5100496004775332, 0.06537864600133697], [0.14713573015840542, 0.475146607257696, 0.14948795288832334, 0.2282297095955753], [0.12905447760667446, 0.21620897422993138, 0.5106201995675844, 0.14411634849580968], [0.16230334862615772, 0.211762385838171, 0.38945887147711067, 0.2364753939585606], [0.08007535605372786, 0.5965867282397965, 0.20940290631328665, 0.11393500929318902], [0.08141693731823371, 0.5971513630060424, 0.223127381592886, 0.09830431798283784], [0.08061737326121687, 0.3729101903986493, 0.44286169277585474, 0.10361074346427908], [0.11369808507993605, 0.47516315108636775, 0.2543138804558293, 0.15682488327786687], [0.11202314822659425, 0.2263665561760141, 0.5263595980490545, 0.13525069744833715], [0.11846536093009107, 0.24317256519644723, 0.4201619781193925, 0.21820009565406923], [0.06548137265892696, 0.5112960376175757, 0.18515081839759473, 0.23807177122590262], [0.05352518354389212, 0.5536219497723907, 0.3010005663816655, 0.09185230020205176], [0.05995457827851448, 0.3506082876622287, 0.3732183241573785, 0.21621880980187835], [0.060041090247684906, 0.4473453265587967, 0.28433399951600824, 0.20827958357751014], [0.06850923107286275, 0.3763326546297388, 0.4006081074302172, 0.1545500067671813], [0.06718737781539827, 0.3749222838858867, 0.2874414090697933, 0.27044892912892166]], "ideal": "B", "sampled": "A", "correct": false}}
{"type": "result", "data": {"idx": 15, "options": ["6%", "13%", "27%", "46%"], "probs": [[0.007246643820378674, 0.05928059708163074, 0.6178114456750907, 0.3156613133228998], [0.026715893416683064, 0.09399420899368154, 0.23630268819019107, 0.6429872092994443], [0.0037590405843894842, 0.7994076794938708, 0.05568527559391477, 0.14114800422782492], [0.002560915913482872, 0.699292427458048, 0.27383801580598394, 0.024308640722485227], [0.015502829391874359, 0.47123239317354715, 0.10350974840957736, 0.4097550289250011], [0.009053103422516444, 0.4466815192547454, 0.43978198375367666, 0.10448339346906146], [0.016303913089167964, 0.027958172312553476, 0.7044626224364892, 0.25127529206178933], [0.04881371784277232, 0.03227041192714293, 0.40564538815598167, 0.5132704819741031], [0.03397529029359157, 0.6879808120028121, 0.07138596899904032, 0.20665792860455598], [0.011643624626045814, 0.6309223550476935, 0.3430499340578551, 0.014384086168405632], [0.10464385778926094, 0.32237699264368147, 0.057348254421412226, 0.5156308950456454], [0.03931857915116286, 0.31175457615162944, 0.6105019886422829, 0.03842485595492478], [0.17269684050932527, 0.05392270806781569, 0.08959979396162873, 0.6837806573612303], [0.08703267703128771, 0.057536394255612404, 0.7821074243911921, 0.07332350422190784], [0.25431591080330845, 0.19198071811677933, 0.0706260571511538, 0.4830773138287584], [0.126247323021886, 0.13652313328876658, 0.715453755492818, 0.021775788096529525], [0.15725112545598327, 0.6318625446470977, 0.051061132957192765, 0.15982519683972632], [0.08758988964714592, 0.7278527630759366, 0.1574103367980835, 0.027147010378833904], [0.11781249456442913, 0.06017948067341105, 0.12156538165926023, 0.7004426430028996], [0.09752388897272407, 0.0736271057408868, 0.6615388294163593, 0.1673101757700298], [0.11823305269935294, 0.26648012992221226, 0.06790580903383671, 0.5473810082445981], [0.06536152237507324, 0.27957588535573735, 0.610810580083781, 0.04425201208540846], [0.09433688798810756, 0.63483845992818, 0.07406145361220141, 0.19676319837151102], [0.06017328798169171, 0.6079144477236323, 0.2871692180346376, 0.04474304616003833]], "ideal": "B", "sampled": "C", "correct": false}}
{"type": "result", "data": {"idx": 16, "options": ["34%", "49%", "64%", "79%"], "probs": [[0.05977435854778668, 0.1960327771134426, 0.28080054226693946, 0.4633923219718313], [0.03622760704306202, 0.11974160639656838, 0.398808160357712, 0.4452226261026576], [0.06737802829600897, 0.18462509213125855, 0.18752141621158674, 0.5604754632611457], [0.035350188082644056, 0.15359075137046752, 0.6075202135503708, 0.2035388468965177], [0.022127656972478395, 0.721637509307651, 0.07371215882171347, 0.18252267479815706], [0.020471796080486014, 0.7275328459061099, 0.1623272127260156, 0.08966814518738855], [0.042335766919455, 0.11875194649868334, 0.271824989189407, 0.5670872972924547], [0.022778093180324532, 0.10868675847739152, 0.5563335122611447, 0.31220163598113926], [0.042541582608531345, 0.46107167516215974, 0.10780638575749565, 0.38858035637181326], [0.0286703811044858, 0.31809628202095086, 0.5163760924760269, 0.13685724429853643], [0.01628636482465206, 0.7259477226385862, 0.09824006117255947, 0.15952585126420224], [0.01861748464734389, 0.6313074206998425, 0.25909882684776947, 0.09097626770504418], [0.1351984787449286, 0.14620310467486566, 0.11209217367748758, 0.6065062428027181], [0.06073937745498329, 0.10094535650630712, 0.7230104422743446, 0.11530482366436495], [0.1057449316222672, 0.12172270111555428, 0.08235894581004878, 0.6901734213521298], [0.05643975214439143, 0.11492200640015691, 0.7264052439319492, 0.10223299742350252], [0.0354617331009818, 0.7763563202625078, 0.11539254193156229, 0.07278940460494808], [0.03882632617603308, 0.7619591638371181, 0.1150355291795776, 0.08417898070727121], [0.11743558109542895, 0.3118928349310235, 0.2585703413036405, 0.31210124256990707], [0.11466140531370497, 0.29057945499288423, 0.4791373097803091, 0.11562182981310168], [0.14112324380402574, 0.22554742279416484, 0.12455430068822546, 0.5087750326135839], [0.16505609697026646, 0.28080881057566903, 0.41506484765230706, 0.13907024470175744], [0.13321505485633028, 0.3736975490673208, 0.14182884989750688, 0.35125854607884205], [0.17418119117225775, 0.5366049212131427, 0.13781305682868417, 0.15140083068591534]], "ideal": "A", "sampled": "D", "correct": false}}
{"type": "result", "data": {"idx": 17, "options": ["62%", "72%", "82%", "92%"], "probs": [[0.09363913208676866, 0.5560665974686756, 0.29302827830789024, 0.05726599203666553], [0.10424871851009652, 0.3583127851533252, 0.09794280734700199, 0.43949568888957624], [0.07326269866813225, 0.31581193087887227, 0.554288265968981, 0.056637104384014585], [0.09967660900524447, 0.3320364007048867, 0.09219375193640676, 0.47609323825346206], [0.09110994907630189, 0.1315570512746459, 0.6083290161576212, 0.16900398339143097], [0.1047806900765608, 0.11691597151087976, 0.4343765416678605, 0.343926796644699], [0.0742131101795322, 0.523345412721101, 0.3541271699392093, 0.04831430706015743], [0.09223995563001813, 0.44710231822212076, 0.12807891057817403, 0.33257881546968704], [0.0718143462286456, 0.35910502778580367, 0.5144221456386693, 0.05465848024688143], [0.10796503319386953, 0.33261199543234543, 0.11140151650829026, 0.44802145476549476], [0.06242228880571188, 0.1486069013680256, 0.6256811827955214, 0.16328962693074112], [0.07903921838921328, 0.12054720879026411, 0.5155072365336859, 0.28490633618683664], [0.04533209126738572, 0.27992030036897675, 0.5926191607509537, 0.08212844751268385], [0.06112919656128544, 0.3105164719730569, 0.21008127612633842, 0.41827305523931924], [0.0696520342685956, 0.4072042910227308, 0.4201428199852443, 0.10300085462342934], [0.07138023418902012, 0.40449417771893836, 0.3005746840445013, 0.22355090394754026], [0.060620636758976054, 0.13664111072493865, 0.4695127079157661, 0.3332255445003192], [0.06536951660456229, 0.18625853953883112, 0.5560802816788585, 0.19229166207774806], [0.040898447139756565, 0.2545416360292567, 0.45376356880461266, 0.25079634792637406], [0.04136656753628563, 0.25545160627670693, 0.4553898334962057, 0.24779199259080176], [0.04878174767507237, 0.24016782401465842, 0.3386708674293049, 0.3723795607809643], [0.049986759195200244, 0.2539073919216474, 0.5996851547835539, 0.09642069399959842], [0.04356625319420092, 0.2392828920217592, 0.21784161110220093, 0.4993092435818389], [0.05156458637281788, 0.40253207833265886, 0.32342926266962413, 0.22247407252489912]], "ideal": "C", "sampled": "B", "correct": false}}
