{"type": "result", "data": {"idx": 0, "options": ["too much curvature of the cornea and lens", "too little curvature of the cornea and lens", "too much curvature of the iris and lens", "too little curvature of the iris and lens"], "probs": [[0.7145726904646509, 0.2797970561432723, 0.0023461418030135063, 0.0032841114890632536], [0.7457788624071575, 0.24977335459267183, 0.0017364097380673587, 0.0027113731621032774], [0.906667403214897, 0.007782335789159115, 0.0804454602553792, 0.005104800640564663], [0.7972930604015263, 0.009955517865550009, 0.0033084458864255407, 0.18944297574649815], [0.6223321417320578, 0.014185260662837524, 0.3601382889952618, 0.0033443085098429615], [0.9743997032934328, 0.007980320302276262, 0.007916907474479698, 0.00970306882981117], [0.9779712462243869, 0.019063018537170122, 0.0010024461622230017, 0.0019632889762199626], [0.9752456817321112, 0.021880485439993994, 0.0009613764374210313, 0.0019124562904737033], [0.9553753824897915, 0.008073357438649297, 0.03479117343780969, 0.0017600865337495805], [0.9813747280991308, 0.005148966105651124, 0.0091059344706756, 0.004370371224542408], [0.9881266683521021, 0.004870230028021881, 0.00461044922874171, 0.002392652291134382], [0.9723969314357446, 0.005515982179304099, 0.001906166942100761, 0.020180919342850566], [0.001534667812955158, 0.2769157914596983, 0.7072044086673418, 0.014345131960004712], [0.002451013956049402, 0.2330292636689914, 0.022889887754556942, 0.7416298345204022], [0.0009190177343700742, 0.8964846392113385, 0.09901558892694445, 0.003580754027346982], [0.0014681571206761536, 0.9246930351302918, 0.03474604886545388, 0.03909275878357813], [0.0018563752406084242, 0.04291422905990733, 0.11846709916343055, 0.8367622964360537], [0.0055789367843619795, 0.2907073921399929, 0.21598314682024095, 0.48773052415540413], [0.004001634904624011, 0.09037143235392515, 0.898761460955431, 0.006865471686019805], [0.009312768595937247, 0.6086876476788496, 0.040137675216193665, 0.3418619084090194], [0.0015755189207387612, 0.9543607571751206, 0.038473741577818146, 0.005589982226322503], [0.0015699614307058398, 0.7883403313726548, 0.016746052232556055, 0.1933436548640833], [0.0034624912278904615, 0.01446535398075591, 0.07879776288504313, 0.9032743918063105], [0.0034387968156885298, 0.01692740416983924, 0.5390719720641132, 0.4405618268503591]], "ideal": "A", "sampled": "B", "correct": false}}
{"type": "result", "data": {"idx": 1, "options": ["OCD.", "schizophrenia.", "conversion disorder.", "antisocial personality disorder."], "probs": [[0.002233161348994085, 0.9895660400918629, 0.004514882783088921, 0.0036859156760541073], [0.0026079139956881395, 0.988507716485857, 0.005231327993431555, 0.0036530414250232667], [0.006320908912874449, 0.013593163802841104, 0.9762194415322132, 0.003866485652071303], [0.006417091215573804, 0.004275833552533723, 0.004731782989940747, 0.9845752921419517], [0.0060261188752990715, 0.014915964272956514, 0.9758037136898803, 0.0032542030618640766], [0.007479579277371698, 0.00702799824123698, 0.002929692991008049, 0.9825627293903832], [0.9849854910392792, 0.00466833868667972, 0.0033366637212375295, 0.007009506452803537], [0.986284234958246, 0.00432322589878083, 0.004861062410857273, 0.0045314766321158375], [0.9789204367403284, 0.009669816482972191, 0.002108126724721624, 0.009301619951977813], [0.9859173452991367, 0.007408902165625069, 0.0029474879147399313, 0.003726264520498358], [0.9858885601575235, 0.007825141926709607, 0.001349689232684648, 0.004936608583082322], [0.9874995013613523, 0.0068631895754003676, 0.0027304935053393776, 0.002906815457907896], [0.004244821390810555, 0.009057514891581032, 0.9839766592727035, 0.002721004344904892], [0.004093379174138352, 0.002949102495716065, 0.005297008806340227, 0.9876605094238053], [0.003771883890187976, 0.9903836832711719, 0.0026153218142113523, 0.0032291109244288346], [0.00220611011492724, 0.993003048869019, 0.003237334941317349, 0.0015535059747364072], [0.008323872641321523, 0.01052395928981905, 0.002155095152440072, 0.9789970728164193], [0.005176792835984451, 0.013220699719535827, 0.9794089451662459, 0.00219356217823377], [0.005229344099745571, 0.010239354283682953, 0.9816414664881111, 0.002889835028460317], [0.006189146857078237, 0.003554887050216822, 0.0031366733988200846, 0.9871192925938849], [0.0027014327963306196, 0.9924509704421672, 0.0022066192705791432, 0.00264097739092302], [0.0017325188252134104, 0.9934897753323194, 0.0029030719685566144, 0.0018746337739105787], [0.009294357836652936, 0.008801288670318727, 0.0021070159880915277, 0.9797973374049368], [0.005158976557521165, 0.016017188956909796, 0.9760386765584763, 0.0027851578270926777]], "ideal": "B", "sampled": "B", "correct": true}}
{"type": "result", "data": {"idx": 2, "options": ["Homeostatic regulation", "Goal-setting", "Expectancy-value", "Hierarchy of needs"], "probs": [[0.010595254105608572, 0.01339225781052292, 0.021401290714403165, 0.9546111972694653], [0.0016969641239911713, 0.0156021303999752, 0.9805721006866107, 0.0021288046894229096], [0.033920272231248716, 0.03261718076575082, 0.00844376790282848, 0.9250187790001719], [0.004565247103762745, 0.030950340535132334, 0.9629427480155512, 0.0015416642455536476], [0.0004942076568064988, 0.9966448998436708, 0.001738336702308326, 0.0011225556972143983], [0.0004932562356639086, 0.9946724288031819, 0.0043955401850741885, 0.0004387746760800012], [0.008878941029725959, 0.16108985813718077, 0.023759440426069856, 0.8062717603070234], [0.0018151004267982396, 0.1122680672438845, 0.8831487832779411, 0.0027680489513762026], [0.004377818059637409, 0.015277116998377345, 0.019463802991815736, 0.9608812618501695], [0.001506712074450612, 0.018640604535235878, 0.9788565602862747, 0.0009961230040388836], [0.000302072598634003, 0.9965298018741787, 0.0020802378173851504, 0.001087887609802057], [0.0003472155531954584, 0.9951739424667979, 0.004004189804229592, 0.00047465207577696483], [0.029708883003309608, 0.04564925229064409, 0.006681156810717077, 0.9179607077953292], [0.008040204780055607, 0.06783553327500326, 0.9220586574902434, 0.002065604354697733], [0.011674210413443097, 0.006150690339719425, 0.03948498196952688, 0.9426901171773105], [0.0024111280389384824, 0.008091727329270956, 0.9879521797881916, 0.0015449647435989114], [0.0008736879245041725, 0.9961261251944062, 0.002179260489694371, 0.0008209262913952555], [0.0009518103052937404, 0.9958468987210662, 0.0021957356321225543, 0.0010055552415174872], [0.995542255034336, 0.0018480645234222398, 0.0005636834446696438, 0.002045996897572091], [0.9956611053110529, 0.001906938086929982, 0.001310687699999188, 0.0011212688020178826], [0.9951493788902411, 0.0013835964559468145, 0.000921730189449461, 0.002545294364362637], [0.995162435432941, 0.0017627536212100046, 0.0014054720116482406, 0.0016693388342007654], [0.9954445437182154, 0.0022817947111885162, 0.0007293742874649538, 0.0015442871831310952], [0.9946350072179994, 0.0027287119414169704, 0.0007008705018217083, 0.001935410238761934]], "ideal": "D", "sampled": "D", "correct": true}}
{"type": "result", "data": {"idx": 3, "options": ["measures what it purports to measure", "yields consistent results on successive administrations", "has been piloted and statistically analyzed", "includes norms based on a representative sample of the general population"], "probs": [[0.9901932481571804, 0.005574538840156708, 0.0015361246192856898, 0.002696088283377284], [0.9847490824352515, 0.005675286541507745, 0.001380266976119388, 0.008195363947121339], [0.9939512707796018, 0.0021405839570927073, 0.002174428918277686, 0.001733716245027798], [0.9919359716299267, 0.0020225289161946765, 0.0012268295590263175, 0.004814669794852295], [0.9918910545941448, 0.0023830390243984724, 0.0021197951191098937, 0.003606111162346804], [0.992124102957999, 0.002136630415354418, 0.0015879493586346514, 0.004151317168011939], [0.00099522069977876, 0.9937511322376306, 0.0029027951051852426, 0.002350851857405385], [0.0011341555933728662, 0.99166492354873, 0.0029195417810213503, 0.004281378976875724], [0.001938326263130526, 0.0063061344742400055, 0.9886335024310674, 0.00312203673156208], [0.002775017075319016, 0.00302419546917229, 0.005433472605452188, 0.9887673147500565], [0.001957602940871434, 0.007330594709623416, 0.9830284854292692, 0.007683316820235922], [0.002464975511763296, 0.003190030406644213, 0.006913448354386214, 0.9874315456272063], [0.0006314069254305138, 0.9918696314128821, 0.005628246492722388, 0.001870715068964991], [0.000744297807842428, 0.9923059323083449, 0.0031096278623340607, 0.0038401419214786564], [0.0011834978179903893, 0.00847587069721566, 0.9874790161576784, 0.0028616152271155183], [0.0016560256651373662, 0.004295564137065793, 0.005871269393682749, 0.9881771407041141], [0.0012466178294277038, 0.0071179977987537385, 0.9847893685364175, 0.00684601573540097], [0.0013798214185819448, 0.003750763600218938, 0.009503247805064062, 0.985366167076135], [0.0008220069099120876, 0.9900900357198267, 0.0054030334437428825, 0.0036849238265183413], [0.0008759899088785803, 0.9911708200203415, 0.0038056606330137497, 0.004147529337766175], [0.0013131272785269145, 0.008697545490159702, 0.9821308036616132, 0.007858523469700111], [0.0022948037007037877, 0.00438903172129062, 0.007068640441485944, 0.9862475240365196], [0.001466965538582912, 0.006783233503377001, 0.9835026879862679, 0.008247112871772122], [0.001829274072591579, 0.003872602855091157, 0.00819824710040197, 0.9860998758719153]], "ideal": "A", "sampled": "A", "correct": true}}
{"type": "result", "data": {"idx": 4, "options": ["the provision of a free, appropriate public education for students with disabilities", "the provision of bilingual education for English-language learners", "schools being held responsible for providing tests that do not discriminate on the basis of race", "the assignment of similar funding to athletic activities for boys and girls"], "probs": [[0.908901595838044, 0.010095935577156165, 0.06687420035274425, 0.01412826813205564], [0.8998956142018025, 0.009536837288861955, 0.008157815836583052, 0.08240973257275247], [0.9553359176622976, 0.023911785398766257, 0.006693024206310897, 0.014059272632625155], [0.9279473612893712, 0.02982107605338787, 0.008955110402915871, 0.03327645215432506], [0.8935876617796186, 0.015370893420259962, 0.007913324568424501, 0.083128120131697], [0.9401941297876166, 0.014385764465376105, 0.018328723725290208, 0.027091381921717016], [0.0896873162643731, 0.08425747476782028, 0.7753198030513095, 0.050735405816497124], [0.10156285168053619, 0.09540653369972514, 0.026498847101941947, 0.7765317674177967], [0.019693891685007965, 0.9126550468255833, 0.054826780486591016, 0.012824280902817713], [0.02774511161119758, 0.6620352586147635, 0.01130395800816653, 0.2989156716658724], [0.028977369751782837, 0.014128058150264175, 0.6497335999101097, 0.3071609720878433], [0.017713906340656265, 0.009122155656808476, 0.6055340800138058, 0.3676298578887295], [0.7170212575290242, 0.24012487662952497, 0.02033921045569682, 0.022514655285753915], [0.628046005288299, 0.30601723497197536, 0.02148968622109748, 0.04444707341862816], [0.7257866655927797, 0.01979841981448379, 0.22838739410401812, 0.02602752038871842], [0.4014589257381431, 0.013004026592407545, 0.009970030913492694, 0.5755670166559567], [0.27727815092893043, 0.021890457391182158, 0.6449164651446875, 0.0559149264351999], [0.34379689985585576, 0.018360988687650133, 0.014524230353312588, 0.6233178810031815], [0.026169510653119638, 0.7590091256001391, 0.01961162134664199, 0.19520974230009921], [0.02247832623174419, 0.8050709036089819, 0.13996281644944816, 0.03248795360982574], [0.04784003343461431, 0.03212715360390472, 0.5027555897739776, 0.41727722308750337], [0.023473866587610585, 0.018866667768086823, 0.67577345053504, 0.2818860150092625], [0.07936576930457412, 0.27924219395204375, 0.5470436337127432, 0.09434840293063883], [0.05994346264245109, 0.3940262430023582, 0.022760947782414966, 0.5232693464727757]], "ideal": "C", "sampled": "A", "correct": false}}
{"type": "result", "data": {"idx": 5, "options": ["0%", "25%", "50%", "75%"], "probs": [[0.5246449229634784, 0.1479783687140716, 0.11523037660229604, 0.2121463316201539], [0.3488176736719949, 0.11962828694854744, 0.14769261963907693, 0.38386141964038073], [0.4421230503170848, 0.28545834226240374, 0.06172824622790027, 0.2106903610926112], [0.3590296533272478, 0.25261819548329423, 0.07583751585200162, 0.3125146352374564], [0.3583307861923469, 0.16152793167406326, 0.12675583361311787, 0.353385448420472], [0.31243431565021407, 0.15960454939199853, 0.2049143016133434, 0.323046833244444], [0.09014549038294403, 0.6561790655181844, 0.1302128275337777, 0.12346261646509392], [0.12400231324382903, 0.5023833437896552, 0.11653239105173309, 0.2570819518147826], [0.12174236773227157, 0.24223802981338452, 0.42521843309918655, 0.21080116925515738], [0.12001499234485737, 0.16798230139655534, 0.1888518850633852, 0.5231508210952021], [0.15016944928708195, 0.2828907114415208, 0.2964607223044516, 0.27047911686694565], [0.1367392837864512, 0.206951081732082, 0.22375366089490673, 0.43255597348656005], [0.30139435345105337, 0.4668713666100421, 0.0570770036882195, 0.17465727615068505], [0.27743672822056, 0.4869983631182013, 0.0958849128285945, 0.13967999573264417], [0.28469610211386437, 0.1754224598232323, 0.33291161057004137, 0.206969827392862], [0.24698906030320084, 0.15578400390747993, 0.2015850304647102, 0.395641905224609], [0.2549530343442426, 0.2358333240461945, 0.38284627740268884, 0.12636736410687405], [0.2633907336011526, 0.1957353753411808, 0.10558025343451426, 0.4352936375231523], [0.16920910900039987, 0.45658639408989393, 0.1136246704466613, 0.26057982636304483], [0.16949947176668806, 0.3912123739328178, 0.21944116053771012, 0.21984699366278398], [0.16847188518043635, 0.22502329608003196, 0.2934804514728492, 0.3130243671666825], [0.16017102180819442, 0.164007966621448, 0.20731281359842976, 0.46850819787192777], [0.10547673349058614, 0.389028116613024, 0.365506871213232, 0.13998827858315782], [0.11459996953652789, 0.29968418774933336, 0.20596041659559294, 0.3797554260185458]], "ideal": "A", "sampled": "A", "correct": true}}
{"type": "result", "data": {"idx": 6, "options": ["variance", "mean", "range", "median"], "probs": [[0.8538604266515667, 0.04669994799530726, 0.07701539147041278, 0.02242423378271325], [0.6951789000241083, 0.05118323671368395, 0.1564145327793656, 0.09722333038284212], [0.38453938980221763, 0.35047327946386836, 0.05857445211756917, 0.20641287851634485], [0.6907966835224751, 0.2463759816396621, 0.024407342437558585, 0.03841999230030418], [0.8390882735469527, 0.04923594443359267, 0.044841122545900926, 0.06683465937355369], [0.8685308176286238, 0.04977753461235479, 0.042590384622702634, 0.03910126303631877], [0.0018458577627722182, 0.9418577820199229, 0.04915096439779646, 0.007145395719508434], [0.0016909939713073278, 0.940336743678644, 0.03346033534622272, 0.024511926903825955], [0.004844112628027355, 0.18332871463770775, 0.7843348283791458, 0.027492344255119042], [0.0075336553818722615, 0.3387961035632419, 0.05703025965426304, 0.5966399813006228], [0.0022044770405713512, 0.6562093353575775, 0.30989065092221657, 0.031695536579634524], [0.002244561596298318, 0.7515138298310894, 0.1611617912230317, 0.08507981724958064], [0.026386962026359196, 0.7782954179762889, 0.060944786015814274, 0.1343728338815376], [0.03593240577557088, 0.9062221392207136, 0.029136768656567114, 0.028708686247148403], [0.013340988431169001, 0.03923673624292479, 0.9143635791491056, 0.03305869607680065], [0.033444296191518556, 0.0271128785533218, 0.08026822565883636, 0.8591745994963232], [0.11961501867677574, 0.07433247122423765, 0.733398810945198, 0.07265369905378868], [0.02290237824161803, 0.01870949824060949, 0.025563621689259203, 0.9328245017285133], [0.010366092483249876, 0.79299211863411, 0.05971185890226419, 0.1369299298803759], [0.008466537441717523, 0.8379042150725707, 0.12259621049233184, 0.03103303689337992], [0.007106883649195929, 0.04390444356242111, 0.881993675944495, 0.06699499674388801], [0.010304589668854185, 0.0371505246107051, 0.06365566071650477, 0.888889224903936], [0.007279633687283616, 0.05865188055461084, 0.8964687188355981, 0.03759976682250745], [0.003149976460018193, 0.013271723755163684, 0.013372345707869968, 0.9702059539769482]], "ideal": "A", "sampled": "A", "correct": true}}
{"type": "result", "data": {"idx": 7, "options": ["They need provide supervision only to school psychologists who are not fully certified or licensed and to any school psychology interns.", "They should provide professional but not administrative supervision.", "They are eligible to serve as supervisors after one year of experience as a school psychologist.", "They should hold the Nationally Certified School Psychologist credential or the state school psychologist credential."], "probs": [[0.10069854706559733, 0.27373129534563895, 0.07141700492706497, 0.5541531525616987], [0.08240379607161344, 0.4217906703845126, 0.4562384902738868, 0.03956704316998714], [0.07122922555335547, 0.05905299895685096, 0.14279491932016716, 0.7269228560696264], [0.033857553184891934, 0.0683973634652237, 0.8401107536873311, 0.05763432956255322], [0.013846433020894458, 0.9483515778263099, 0.020151758902303765, 0.017650230150491896], [0.01372357813482985, 0.9473023250981087, 0.015433948180659907, 0.023540148486401537], [0.045490053560353925, 0.39300749339658914, 0.06366699553884202, 0.4978354574042149], [0.03912959619965264, 0.548738717977963, 0.37729895111125694, 0.034832734611127396], [0.026063873924363108, 0.020782382808332906, 0.24161889741655088, 0.7115348457507531], [0.014444442518266673, 0.018841082298514698, 0.7183278825098478, 0.24838659257337084], [0.019936584268433827, 0.7366324785913241, 0.21780984466633763, 0.025621092373904416], [0.03433899029468132, 0.6738928204305874, 0.04731791591748221, 0.24445027325724908], [0.028861940422844096, 0.14657861800429442, 0.06659504460459313, 0.7579643968682683], [0.011681363797048778, 0.10911378896611959, 0.8585304529070678, 0.0206743942297639], [0.022749631198168883, 0.041844692934388486, 0.23711269087253084, 0.6982929848949118], [0.009003822447123623, 0.027952190757802035, 0.7324537597434239, 0.2305902269516505], [0.0020978334036908385, 0.936899513160648, 0.049656250604286745, 0.011346402731374437], [0.0032447215177345413, 0.9211356574776625, 0.013878246637956356, 0.061741374266646595], [0.6151569691296657, 0.29975737143222164, 0.050098037159210164, 0.03498762217890251], [0.5616060170747441, 0.34058140374129947, 0.04755818701155409, 0.05025439207240228], [0.6262682805129257, 0.08023800847338869, 0.25702620615279814, 0.03646750476088743], [0.6829589263024041, 0.05693597558077943, 0.0450392084165777, 0.2150658896002388], [0.5702799471892803, 0.067572577371925, 0.29128443815934435, 0.07086303717945024], [0.608227598504918, 0.04763275012004793, 0.0426963191310934, 0.30144333214394065]], "ideal": "D", "sampled": "D", "correct": true}}
{"type": "result", "data": {"idx": 8, "options": ["at the beginning of the list", "in the middle of the list", "at the end of the list", "distributed throughout the list"], "probs": [[0.006188825628609161, 0.0841175903542333, 0.8699423564573191, 0.03975122745983842], [0.008330793669998495, 0.047198924558289064, 0.03913062324195414, 0.9053396584297583], [0.006132263243742221, 0.04392188389659306, 0.8485753015035629, 0.10137055125610184], [0.012706266265173962, 0.04909512598916298, 0.22176290261484505, 0.716435705030818], [0.0064234120457610155, 0.04424280779954276, 0.20618901153912295, 0.7431447685155733], [0.01085585843671511, 0.08277329262064938, 0.6512051395566366, 0.25516570928599885], [0.10379906791757958, 0.17386013591978897, 0.6262718614574341, 0.0960689346051974], [0.10474195131501433, 0.16479554140088665, 0.08821563136820056, 0.6422468758158985], [0.16990786058579907, 0.3432765160132327, 0.3029756979181447, 0.18383992538282345], [0.16956460500135573, 0.3881800223361716, 0.12025785030037262, 0.32199752226210004], [0.06946347808434152, 0.05162849392140311, 0.6145110863095926, 0.2643969415846627], [0.02348262772692928, 0.03752997074776407, 0.8746203616388898, 0.06436703978641689], [0.04325996028951435, 0.04534407043111587, 0.7493093170644247, 0.162086652114945], [0.07198805227178083, 0.05922321491798074, 0.31521537309684466, 0.5535733596133937], [0.10370249327743844, 0.33481949078813966, 0.37357416548377, 0.1879038503506519], [0.12917435695620388, 0.37970802335309545, 0.15584113031251007, 0.3352764892781906], [0.1164247462886225, 0.16166488298139894, 0.40018399950937045, 0.3217263711206081], [0.0744976086579806, 0.09870826231353264, 0.6288550354912471, 0.19793909343723973], [0.0036152779331181805, 0.12744371173337568, 0.08759548971695219, 0.7813455205165539], [0.003212598113241861, 0.14771468757078826, 0.34888979366698386, 0.5001829205489859], [0.0017726706330518731, 0.0802365977484029, 0.4337940454568563, 0.4841966860616889], [0.001340492528351052, 0.03948226618949824, 0.9419238085501005, 0.017253432632050224], [0.004403322438245898, 0.23304007782337902, 0.10837369335401874, 0.6541829062843564], [0.0018679638978347439, 0.33970125016937613, 0.6347570101216133, 0.02367377571117573]], "ideal": "A", "sampled": "C", "correct": false}}
{"type": "result", "data": {"idx": 9, "options": ["Piaget's cognitive development theory", "Erikson's psychosocial stage theory", "Kohlberg's moral development theory", "Ainsworth's social attachment theory"], "probs": [[0.0006385382106142094, 0.9951994664332762, 0.0021944641593716124, 0.0019675310967379495], [0.0004638888054455495, 0.995947720685, 0.002356058830996801, 0.001232331578557622], [0.0005283270364450568, 0.004858023151175499, 0.9933359532266053, 0.0012776964857741783], [0.0016381576035691937, 0.0023105865727372174, 0.002364901303999778, 0.9936863544196938], [0.0006570638571064464, 0.005208519799859922, 0.9926873826143348, 0.001447033628698841], [0.002134871650011734, 0.00251598863473903, 0.0024380481118119876, 0.9929110915034373], [0.9720452278962975, 0.010881724336628745, 0.004644110546805723, 0.012428937120267972], [0.9761481120479487, 0.009643603884968587, 0.005494883191308094, 0.00871340077577456], [0.9684420253322591, 0.008987971226875613, 0.009794342028682996, 0.012775661312182298], [0.9664387321944898, 0.009039556808749911, 0.006116576628890891, 0.018405134267869393], [0.9754976688288074, 0.00941400514932369, 0.0058912714362709725, 0.009197054485597954], [0.968534329705978, 0.009949500140964577, 0.003776919946955744, 0.0177392501061017], [0.000601450673952111, 0.007859856744864993, 0.9901612900390838, 0.0013774024420991095], [0.0018236623882715787, 0.003571188934741114, 0.0028244809170977726, 0.9917806676598896], [0.00041213052532062595, 0.9947845845867885, 0.0033974733654731065, 0.0014058114224177506], [0.0004745459997528794, 0.9952497723456809, 0.002229341126980412, 0.0020463404275858025], [0.0010721762536229833, 0.0023605671894264446, 0.004879791696796839, 0.9916874647601537], [0.0007978698283600295, 0.005367613040380847, 0.991560657994774, 0.0022738590364851023], [0.0006122450224267208, 0.005499321241957044, 0.992336429559636, 0.0015520040759802974], [0.0022718705176805265, 0.0026153883686752697, 0.0023995117634210542, 0.9927132292502231], [0.0007991881807230585, 0.9930540015234698, 0.004287397147641336, 0.0018594130481658548], [0.001207251258643646, 0.9915799831173912, 0.003549431569727229, 0.0036633339542379525], [0.0011078655641945795, 0.0016764871073191756, 0.004083441455902811, 0.9931322057725834], [0.0007447803996973575, 0.004219408695044284, 0.9929946950994967, 0.0020411157057617095]], "ideal": "B", "sampled": "B", "correct": true}}
{"type": "result", "data": {"idx": 10, "options": ["aptitude", "projective", "achievement", "intelligence"], "probs": [[0.5911503035742199, 0.13398488313804313, 0.22439727937263212, 0.0504675338151048], [0.33685514202007083, 0.09650731794872167, 0.04453244415772016, 0.5221050957734874], [0.25513491317091885, 0.6723184660036414, 0.05434187189328256, 0.018204748832157128], [0.3506693630660958, 0.5873400218292824, 0.03697249817642404, 0.02501811682819782], [0.4249623544077998, 0.05074794741206364, 0.14916204359118757, 0.375127654488949], [0.3224964949170322, 0.06760329691648403, 0.5750942736176613, 0.034805934448822524], [0.044120377308622956, 0.7291659467590342, 0.20569484734246432, 0.02101882848987849], [0.0687636471044251, 0.571483043627492, 0.053572014700553255, 0.3061812944675296], [0.024347712304433437, 0.055313887370046215, 0.8929442515669199, 0.027394148658600466], [0.06447598434022687, 0.060587891796605765, 0.03732560571732631, 0.8376105180458411], [0.024303036358034585, 0.02469498344235062, 0.7684120716057645, 0.18258990849385026], [0.05780334033655102, 0.02930562952499973, 0.4206860613551715, 0.49220496868327773], [0.00805657331294057, 0.9686655021048016, 0.017470156373864253, 0.005807768108393555], [0.009141146910170171, 0.9699231741883709, 0.015804003532507424, 0.005131675268951427], [0.031053859344184948, 0.053671613156656944, 0.8663870658062224, 0.04888746159293572], [0.07554169602790368, 0.05152903028194467, 0.027154340831560556, 0.8457749327585911], [0.017858596317264525, 0.038412615223717035, 0.9309580221106698, 0.012770766248348685], [0.09667228917599859, 0.04191431358112192, 0.0758970141105352, 0.7855163830323443], [0.010453982287395275, 0.9414356954771558, 0.036795683235716796, 0.011314638899732138], [0.013270292516301536, 0.8949747143022025, 0.08590730334830181, 0.005847689733194129], [0.032782755300361566, 0.058920330415431585, 0.8072297451995765, 0.10106716898463042], [0.08980841523287213, 0.09866172441828554, 0.1872281054677635, 0.6243017547810789], [0.03589341831107609, 0.5194624665729413, 0.43079565965794536, 0.013848455358037257], [0.03796307082012058, 0.7336396142175204, 0.07207726102519317, 0.15632005383716574]], "ideal": "C", "sampled": "A", "correct": false}}
{"type": "result", "data": {"idx": 11, "options": ["proximity and similarity", "top-down processing and bottom-up processing", "binocular and monocular cues", "size and shape constancy"], "probs": [[0.002167685743136213, 0.06537855722543216, 0.9240736340801015, 0.008380122851330178], [0.009800127798072959, 0.06101869268317562, 0.01706884282439361, 0.9121123365943579], [0.001208719480756394, 0.99304794337175, 0.00409026555283676, 0.001653071494656904], [0.0010411903823546653, 0.9923355379054057, 0.00567457779405857, 0.0009486938181809829], [0.018908082556506275, 0.03647565298928023, 0.02428435234648629, 0.9203319120077272], [0.0020103687615068725, 0.032200787528092724, 0.9634915087495062, 0.002297334860894216], [0.34647533423146126, 0.011768152048633445, 0.6275569223266507, 0.014199591293254583], [0.42258950296242676, 0.007104159668745551, 0.01842038486043422, 0.5518859524083934], [0.12147743093665873, 0.8702479547697319, 0.0034485065599430304, 0.004826107633666313], [0.07751301843703236, 0.9083664336676672, 0.012365632700703422, 0.0017549150945970083], [0.4465515003173513, 0.04122056151184427, 0.005535206370302647, 0.5066927317005018], [0.18473054907433803, 0.046718158894382404, 0.7659948032275484, 0.002556488703731157], [0.9895202732421828, 0.005317618399930434, 0.0026109827608024783, 0.002551125497084249], [0.9872263015469843, 0.005559950102729087, 0.004261322759938591, 0.0029524254903479726], [0.9876175000021055, 0.008219720421479587, 0.0015562069492800952, 0.002606572527134879], [0.9885365456861025, 0.006113901324307826, 0.004200778939790686, 0.0011487739497989362], [0.9831217269133237, 0.012284179640184755, 0.0019583842458668513, 0.0026357091006247602], [0.9870915812835495, 0.009604307983441269, 0.0023531024784161293, 0.0009510081545931724], [0.060109027365269116, 0.01922805560540756, 0.028179319757000738, 0.8924835971723226], [0.007126318426754525, 0.018781771606233993, 0.9710006341468982, 0.0030912757201132816], [0.0651737682289325, 0.04081650496033525, 0.006506629360263151, 0.8875030973504691], [0.006178066898692505, 0.03065503164266244, 0.9613250362553452, 0.0018418651032999311], [0.004104082761095371, 0.9891149570673963, 0.004616612369181563, 0.0021643477023267407], [0.0031956803589179854, 0.9887794238392307, 0.006820586854354518, 0.0012043088474968495]], "ideal": "C", "sampled": "C", "correct": true}}
{"type": "result", "data": {"idx": 12, "options": ["be paralyzed", "fall into a coma", "suffer severe speech impairment", "die"], "probs": [[0.2416788723385348, 0.5981685362635675, 0.04039670048705751, 0.11975589081084018], [0.27424035393000246, 0.42476449836596214, 0.2617690054658586, 0.03922614213817682], [0.4471884250949519, 0.04750416357487712, 0.38859196854669453, 0.1167154426834765], [0.4075076832120791, 0.04982375669923158, 0.39501526506375745, 0.1476532949249319], [0.26529877223411846, 0.552938499355761, 0.16606606195779272, 0.015696666352327814], [0.29576493243151364, 0.6164093808193993, 0.0228092957037193, 0.06501639094536771], [0.7804781851910366, 0.13562476280300512, 0.017243958590649738, 0.06665309331530853], [0.5879170412199323, 0.21969505831901476, 0.17112839307852706, 0.021259507282525895], [0.7746165083798732, 0.015222436137311859, 0.1755797196470381, 0.034581335735776854], [0.7427078650754327, 0.018740579902903794, 0.13955983830099086, 0.09899171662067253], [0.6495997260636203, 0.20124099996729186, 0.13618686692405688, 0.01297240694503099], [0.6199987530088314, 0.18909351525799953, 0.01317296922075149, 0.17773476241241756], [0.011973802846598755, 0.7181245000104922, 0.21905271767125087, 0.05084897937165812], [0.015564947449073083, 0.5617825670472579, 0.37429810455248114, 0.04835438085118787], [0.006997268464355308, 0.8610838380941964, 0.10126035998954312, 0.030658533351905087], [0.011452722159371294, 0.8221269103617533, 0.07412146645014492, 0.09229890092873048], [0.008150194127887726, 0.9421699975629292, 0.023960427295345352, 0.0257193809138377], [0.009369213601970735, 0.9049783497480454, 0.05026759331153716, 0.03538484323844676], [0.9598152928643121, 0.020393899925442063, 0.014126264972789394, 0.0056645421374564445], [0.9716589575348451, 0.01441258680913406, 0.003215835273667488, 0.010712620282353355], [0.9495139560635839, 0.021814415856226604, 0.02147606641295729, 0.007195561567232239], [0.939004601265939, 0.02123779061210928, 0.005005056510651643, 0.03475255151130008], [0.9797320995864253, 0.007422504055052078, 0.0058715130558903315, 0.006973883202632301], [0.9716273228532784, 0.00802174184320281, 0.008021410292377087, 0.012329524911141726]], "ideal": "D", "sampled": "D", "correct": true}}
{"type": "result", "data": {"idx": 13, "options": ["achievement", "standardized", "projective", "triarchic"], "probs": [[0.0031664767902541066, 0.987209564207345, 0.007137514726900499, 0.002486444175500456], [0.003935992876806358, 0.986020843299137, 0.005256477024492194, 0.00478668669956448], [0.004227991383795305, 0.043714994438106336, 0.9495118041426657, 0.002545209935432705], [0.01619128067511142, 0.02079074233645086, 0.006390539455586448, 0.9566274374328513], [0.004287747033984059, 0.02862366861077184, 0.9628992156256462, 0.004189368629597888], [0.011288264971131131, 0.016683599769175265, 0.009213329631174898, 0.9628148055285187], [0.9864820064085523, 0.007831708386911723, 0.003316184446036235, 0.0023701006584997053], [0.9860504404936417, 0.007587452516224833, 0.0023322221224608775, 0.0040298847676726104], [0.988436164212877, 0.006454980554298379, 0.003170603933468612, 0.0019382511993559254], [0.9784880062238137, 0.008014841269529265, 0.0023691924645520583, 0.011127959942104965], [0.9856369338355401, 0.005724965969157279, 0.004672450404676276, 0.003965649690626326], [0.9819649655858989, 0.0056151879220524906, 0.0028678936064883585, 0.009551952785560246], [0.0038384415876468623, 0.03290184059029924, 0.9616339244437867, 0.0016257932782671697], [0.018159534816462895, 0.02123136232116555, 0.006424726271480054, 0.9541843764908915], [0.0024890277766086767, 0.9886509087005028, 0.006610599284231848, 0.002249464138656691], [0.0027730805110619474, 0.9873723474089233, 0.0050617224048291, 0.004792849575185629], [0.00983049675818606, 0.01302358013470783, 0.01970299616655633, 0.9574429268405498], [0.0028287478047300412, 0.017464718295637977, 0.9762127052443376, 0.003493828555294441], [0.004871966366719926, 0.039847873555541015, 0.9505570627321139, 0.0047230972456251555], [0.012419706695055707, 0.019847222446885204, 0.010706432581432699, 0.9570266381766264], [0.0030812647977114856, 0.9834240926578661, 0.007869623325806234, 0.005625019118616173], [0.0031286219735862882, 0.98307311959941, 0.006521706963216742, 0.007276551363786967], [0.007432367748818457, 0.011693079175844391, 0.0218441507811403, 0.9590304021941969], [0.002575420995271322, 0.016794597995605037, 0.976144101776638, 0.004485879132485633]], "ideal": "B", "sampled": "B", "correct": true}}
{"type": "result", "data": {"idx": 14, "options": ["discrimination", "spontaneous recovery", "trace conditioning", "generalization"], "probs": [[0.021530253930827352, 0.016771685424101786, 0.5912104877492247, 0.37048757279584615], [0.018151432037289212, 0.025403311142349602, 0.8612250572539641, 0.09522019946639707], [0.07475803415677391, 0.329919056454939, 0.015431079842327472, 0.5798918294459596], [0.012378257502094392, 0.13947985844115343, 0.8412964209985242, 0.00684546295822794], [0.011202343887296845, 0.9328474942001274, 0.010527219818279298, 0.04542294199429648], [0.006115899322432724, 0.9588300892830525, 0.031309888602196384, 0.003744122692318476], [0.007394558720998926, 0.025813873518639452, 0.3000585017926025, 0.666733065867759], [0.0038559045085214435, 0.031052030161712686, 0.9290407200760461, 0.036051345153719716], [0.014114321012875497, 0.03897764736652659, 0.008696958875372883, 0.938211072645225], [0.01172222858689855, 0.6013740350937418, 0.29308429603119285, 0.09381944018816685], [0.03626807859776507, 0.3037370808954131, 0.08238785152180317, 0.5776069888850186], [0.012597076828208691, 0.36820102420121914, 0.5884609927479497, 0.0307409061226224], [0.13481941767618638, 0.06520733212322843, 0.010561708320508815, 0.7894115417800763], [0.014728291287922815, 0.07193839710093775, 0.9043197237016379, 0.009013587809501478], [0.04103087667829565, 0.01893660814351977, 0.011942054243941064, 0.9280904608342435], [0.41420970905936594, 0.04504475909932863, 0.42735667624359946, 0.11338885549770591], [0.040268908607088476, 0.9095496053849391, 0.04528738539598666, 0.004894100511985778], [0.06242682050741335, 0.9175533072432364, 0.00965162275197628, 0.01036824939737396], [0.33949228097877343, 0.2949915698336464, 0.02007481757782695, 0.3454413315097532], [0.3425886898083424, 0.37042062897877914, 0.2796452074931161, 0.007345473619762345], [0.4182763272619298, 0.04014238222607738, 0.04408312084582331, 0.4974981695661695], [0.38873888289125774, 0.040338230661273525, 0.5397203735006421, 0.031202512846826663], [0.5709263309069007, 0.3744020012064678, 0.042339926374825365, 0.01233174141180611], [0.6511736572178242, 0.30759197756917434, 0.012598639470183873, 0.028635725642817578]], "ideal": "D", "sampled": "D", "correct": true}}
{"type": "result", "data": {"idx": 15, "options": ["the mere-exposure effect.", "self-serving bias.", "equipotentiality.", "the fundamental attribution error."], "probs": [[0.08984782043466294, 0.7643467393554602, 0.008627834962011135, 0.1371776051478658], [0.040335119392743056, 0.7321329149607777, 0.2233746923018277, 0.0041572732446515685], [0.06963898448363885, 0.02333517441919072, 0.5743083528393893, 0.3327174881577812], [0.2039325706896314, 0.03743994649989463, 0.5812669460780828, 0.17736053663239115], [0.027415811532787552, 0.9224066541252163, 0.04666102650933026, 0.0035165077326659426], [0.06336016759176749, 0.8748611703544262, 0.00878433287362369, 0.05299432908018255], [0.8320911688586412, 0.10745444357861345, 0.004685550087963645, 0.05576883737478168], [0.8438382181298975, 0.053949870377307876, 0.09923782982966416, 0.002974081563130493], [0.8158899674029312, 0.010352711356137394, 0.0446091338559663, 0.12914818728496508], [0.7367542562809605, 0.009571114941625202, 0.23551109582980662, 0.018163532847607695], [0.7647967550997203, 0.22257942334977604, 0.010091481224167458, 0.0025323402263362008], [0.7482564382359576, 0.23916332209694058, 0.0032309298114471586, 0.00934930975565471], [0.04568942041997264, 0.6116069854523669, 0.16722904824291673, 0.17547454578474367], [0.0376384913966265, 0.6832331825546567, 0.23994307157638753, 0.03918525437232926], [0.007076970229360315, 0.927282143688704, 0.02549585319994983, 0.040145032781985855], [0.004812101221727221, 0.9102293572573091, 0.07954255994998476, 0.00541598147097888], [0.01836511574644001, 0.9061545537767196, 0.047662480066233616, 0.027817850310606785], [0.019002520607887635, 0.9017017986674685, 0.04817425728336234, 0.03112142334128149], [0.953257453533235, 0.026005633739667255, 0.01732500369777162, 0.0034119089293261256], [0.9157729105304974, 0.050858076419912995, 0.003227054126112002, 0.030141958823477605], [0.9593402316090242, 0.02617115014646365, 0.011434644661872148, 0.0030539734826400674], [0.941602657706614, 0.04072570960501896, 0.0022102285884226464, 0.015461403999944423], [0.9319844056881927, 0.009281057338428822, 0.019041075271448136, 0.03969346160193034], [0.8762641547929451, 0.011293271391835256, 0.0815022866622691, 0.030940287052950606]], "ideal": "D", "sampled": "D", "correct": true}}
{"type": "result", "data": {"idx": 16, "options": ["grounding a teenager for staying out past curfew", "spanking a child for misbehavior", "permanently revoking the driving privileges of a third-time DWI driver", "refusing to return the boss' phone call after not getting the expected raise"], "probs": [[0.02952809357264121, 0.0514244682610923, 0.020454158394849563, 0.8985932796714169], [0.0205297102896753, 0.26628545618373956, 0.6801042137387138, 0.0330806196878714], [0.03454768118201016, 0.03146211245115565, 0.18825225162127118, 0.745737954645563], [0.03918628131447374, 0.03981030465046267, 0.7397036651725983, 0.18129974876246524], [0.03226512237566813, 0.4088307840558574, 0.5088955068657618, 0.050008586602712644], [0.03365784864354778, 0.10207763256186032, 0.021395122510690225, 0.8428693961839017], [0.01618647799168149, 0.015690023443257328, 0.011388878602068027, 0.9567346198629931], [0.015532665918867017, 0.02278153094006603, 0.9244138063742647, 0.03727199666680224], [0.023457046442927787, 0.03083735684009955, 0.014679620876597651, 0.931025975740375], [0.0076339369603639125, 0.019650477666974624, 0.9395459771298303, 0.03316960814283111], [0.02909883017301165, 0.8844618480435893, 0.025285822206179528, 0.061153499477219465], [0.01787176421965846, 0.8956259483646272, 0.026008211192317478, 0.060494076123396884], [0.05335872207526199, 0.05907314598660162, 0.08329775121498291, 0.8042703806231535], [0.04768447630256193, 0.058894619115873854, 0.6585451518316179, 0.23487575264994634], [0.04865362641634156, 0.07135718928015707, 0.02280493917623476, 0.8571842450272666], [0.019007736581071116, 0.06584341642495657, 0.8742580565976616, 0.040890790296310646], [0.029248035351688136, 0.6403429269022556, 0.03237998364616547, 0.29802905399989077], [0.009286879361983951, 0.9328005709177145, 0.039721573779488664, 0.01819097584081284], [0.14262885175025686, 0.05587016332654898, 0.7078925982391853, 0.09360838658400891], [0.05295958569052205, 0.026017515934294314, 0.016664473275923696, 0.9043584249992599], [0.5489694720987133, 0.20514924249158792, 0.037356795546705866, 0.20852448976299293], [0.5084549575796229, 0.23647122603829498, 0.04619840715295595, 0.20887540912912617], [0.07932836532049693, 0.042470581667085575, 0.030110169086909173, 0.8480908838255083], [0.35788335145591466, 0.05889568017446575, 0.5291540878444864, 0.054066880425133176]], "ideal": "D", "sampled": "D", "correct": true}}
