{"type": "result", "data": {"idx": 0, "options": ["temporary dipoles created by the position of electrons around the nuclei in a molecule", "the three-dimensional intermolecular bonding present in all covalent substances", "the uneven electron-to-proton ratio found on individual atoms of a molecule", "the electronegativity differences between the different atoms in a molecule"], "probs": [[0.9616732290514377, 0.006478554170117793, 0.012197884747237141, 0.019650331931207327], [0.9218588686416583, 0.010238511187971089, 0.007092167774545028, 0.06081045229582554], [0.9395781132209853, 0.016416059759435393, 0.007284940199333211, 0.036720886720246135], [0.9608054710425165, 0.019936126865382472, 0.011629439623990875, 0.007628962368110225], [0.9446484876669431, 0.009258971971176054, 0.007099299083560121, 0.038993241178320676], [0.9667276566218569, 0.009776436219404234, 0.015261039804322859, 0.008234867254416038], [0.0003987208612929912, 0.9774591187634363, 0.014498068650297628, 0.007644091624973068], [0.001071223028703496, 0.958655793126001, 0.006409324762345185, 0.033863658982950295], [0.0005659599011587061, 0.00642559049271358, 0.9840130691992875, 0.008995380306840092], [0.0006395891210194591, 0.003324622651469465, 0.0064078516044124975, 0.9896279365230986], [0.0007123868753356663, 0.00498295443130578, 0.9875429151046211, 0.0067617434887374565], [0.0005859918929999907, 0.0019976571330512904, 0.009308305628745506, 0.9881080452452032], [0.0027386295186156303, 0.9748836703923169, 0.01009532742167259, 0.012282372567394883], [0.0031403291768111316, 0.978856558804874, 0.011851049180355422, 0.006152062737959441], [0.002001371429235133, 0.004510126980789004, 0.9816922903819344, 0.011796211108041417], [0.001429700603893793, 0.0021799037962968075, 0.006766198574080319, 0.9896241969257291], [0.002913283831498694, 0.009257814684344385, 0.9821658558016, 0.005663045582556939], [0.0019696575108460596, 0.003538537367605956, 0.00465080864726005, 0.9898409963742879], [0.0013063378441579095, 0.9844641051689204, 0.0065307159886438815, 0.0076988408982778325], [0.0009980109714902204, 0.9885871411477805, 0.006819441558658095, 0.003595406222071212], [0.0019134152776732413, 0.005324301802284985, 0.9835573484226658, 0.009204934397375925], [0.0010540152726467068, 0.0018497458007769108, 0.007725924933312873, 0.9893703138932635], [0.0023269074734499928, 0.009569010244036872, 0.9839209213667566, 0.004183160815756517], [0.001738640474274305, 0.004336392783671001, 0.0039480801397125025, 0.9899768865023422]], "ideal": "A", "sampled": "A", "correct": true}}
{"type": "result", "data": {"idx": 1, "options": ["70 pm, 1402 kJ/mol", "86 pm, 898 kJ/mol", "135 pm, 523 kJ/mol", "40 pm, 995 kJ/mol"], "probs": [[0.12371722615213458, 0.599674427468746, 0.17460263223078448, 0.10200571404833488], [0.13768714664989706, 0.5321118831102409, 0.16881375013093813, 0.16138722000892383], [0.1325346807625278, 0.15141360234573897, 0.5165656727547603, 0.19948604403697293], [0.12091427745631712, 0.0956899261263408, 0.09059322216920696, 0.6928025741481352], [0.09315828163617379, 0.22530607709042666, 0.5201362332171396, 0.1613994079562599], [0.1518957522320751, 0.16558734197701688, 0.09810639537286174, 0.5844105103180463], [0.25108766179125486, 0.4840083049646552, 0.0999084398064179, 0.16499559333767205], [0.23267903228224, 0.414841013663024, 0.2054373858533287, 0.14704256810140726], [0.17304213601173266, 0.1306676287917902, 0.3694676811544333, 0.32682255394204385], [0.08584370888493419, 0.09141778604450883, 0.08454764318560812, 0.7381908617849489], [0.14031169470863947, 0.2208189683443641, 0.5137793114995187, 0.1250900253474777], [0.14664843239961556, 0.12162176901013065, 0.09252418301002256, 0.6392056154802312], [0.05873464047321437, 0.43077665563090306, 0.39245793219456465, 0.11803077160131796], [0.10262313999796804, 0.27908422916383674, 0.14938015900443924, 0.468912471733756], [0.09778281462509233, 0.445288422940046, 0.33107245971990185, 0.1258563026149598], [0.08891279315739442, 0.2004590645266216, 0.11969350366359208, 0.5909346385523919], [0.08023318440483353, 0.10228363364323881, 0.3921420538724604, 0.4253411279794672], [0.0687143172978779, 0.08897878014025083, 0.3746421262033928, 0.46766477625847847], [0.028794540450362435, 0.64549287760918, 0.26507754728868127, 0.060635034551776414], [0.07196441822630492, 0.411098140106274, 0.06404366152708064, 0.4528937800403404], [0.0583797888157965, 0.5852876392209506, 0.2945175214490451, 0.061815050414207824], [0.0867819798916518, 0.3276725459914442, 0.1072181330099494, 0.4783273410069546], [0.06852131438346916, 0.10535881824272524, 0.2319193665737358, 0.5942005007000698], [0.059329747705712484, 0.09787598923452454, 0.3363608990544419, 0.5064333639053211]], "ideal": "A", "sampled": "B", "correct": false}}
{"type": "result", "data": {"idx": 2, "options": ["ionic bonding", "nonpolar covalent bonding", "covalent network bonding", "metallic bonding"], "probs": [[0.3065124222295234, 0.04180992860249148, 0.0504283580974358, 0.6012492909705492], [0.10031784773290636, 0.04967623053037107, 0.8081460955592231, 0.04185982607749941], [0.3106219637978087, 0.06116593958908399, 0.028445452122745955, 0.5997666443903613], [0.054821738224679624, 0.05613950363609345, 0.8715003317598088, 0.01753842627941814], [0.07383937381043303, 0.8928426494927044, 0.014775206319650932, 0.018542770277211643], [0.05749054405532283, 0.9137641437701466, 0.019567969437327384, 0.009177342637203207], [0.010087195612471308, 0.8736422124050675, 0.029657042025621982, 0.08661354985683922], [0.008047004656694107, 0.7190413259977001, 0.26042909809993137, 0.012482571145674446], [0.010963520544580024, 0.032495380957871564, 0.8578926127427399, 0.09864848565480856], [0.013502405376582913, 0.04463906021957299, 0.7609551222197315, 0.1809034120841126], [0.0063870046221904415, 0.744392096228599, 0.23423108434362203, 0.014989814705588543], [0.009819845055244848, 0.7447666060371964, 0.03170563827484647, 0.21370791053271226], [0.009833805671350266, 0.9137492289935992, 0.01795419582601918, 0.058462769409031376], [0.006479128318581342, 0.7491990448665063, 0.23946329922488283, 0.0048585274900295305], [0.006425139559420423, 0.019493624765739553, 0.9246571753844103, 0.04942406019042972], [0.009371949987275613, 0.03098159677102076, 0.8506036374272118, 0.10904281571449186], [0.004708094934930403, 0.83010678547396, 0.16092669782377803, 0.004258421667331546], [0.0076217284651131905, 0.8476691892536876, 0.01257126687978772, 0.13213781530141147], [0.22346106752093503, 0.7214713284035491, 0.017102756050453312, 0.03796484792506257], [0.1787679837059136, 0.7767089156067453, 0.028516205240910288, 0.01600689534643084], [0.016858388280575377, 0.017268378797547893, 0.9428028917902377, 0.023070341031639085], [0.21270760114736328, 0.024823383326620246, 0.04123663667597917, 0.7212323787500373], [0.01856992761404111, 0.022764869395519537, 0.9455844491578972, 0.01308075373254214], [0.16662756072444407, 0.03035350787206185, 0.018697541727608645, 0.7843213895758855]], "ideal": "C", "sampled": "A", "correct": false}}
{"type": "result", "data": {"idx": 3, "options": ["Ag+(aq) + Br-(aq) \u2192 AgBr(s)", "NH4+(aq) + Ag+(aq) \u2192 Ag(NH4)3+2(aq)", "Br-(aq) + NO3-(aq) \u2192 NO3Br(aq)", "NH4Br(aq) + NO3-(aq) \u2192 NH4NO3(aq) + Br-(aq)"], "probs": [[0.770782585528253, 0.09132874705104266, 0.031073195683047516, 0.10681547163765687], [0.7534824755938881, 0.07939918610260512, 0.08452166857341097, 0.08259666963009572], [0.72291268661442, 0.113474811369703, 0.02341888715175584, 0.14019361476412118], [0.785940462793414, 0.08028229878495434, 0.11233182279439023, 0.021445415527241364], [0.7690260767645485, 0.17563060742120462, 0.033523773469579486, 0.021819542244667426], [0.5600039096359821, 0.21928278058118456, 0.2092659224802332, 0.011447387202600108], [0.02038444289662998, 0.8739639676288744, 0.031586272912984444, 0.07406531646151115], [0.014022623122093469, 0.9094557122840261, 0.041232798052400974, 0.035288866441479466], [0.022868242623640563, 0.26591593618824144, 0.6532112505351491, 0.058004570552968884], [0.05340098742826159, 0.17111543608135305, 0.2755708581258478, 0.49991271826453754], [0.05188596030211031, 0.5040713698381182, 0.42463598916563833, 0.019406680594133214], [0.07580494541043707, 0.46453280155784143, 0.15928728164835568, 0.3003749712833658], [0.013782450304645047, 0.9151261056445219, 0.014793712043632406, 0.056297731907200665], [0.01064619280701377, 0.9146624594171818, 0.06999919859454727, 0.004692149081257141], [0.04157850704277295, 0.10055527539537863, 0.7973066924001193, 0.06055952506172906], [0.07340903442719679, 0.06232801335560839, 0.5688288105301058, 0.29543414158708897], [0.028779177796361216, 0.9026800049314979, 0.060965636579713746, 0.0075751805924270665], [0.04641489240875417, 0.8692998360073511, 0.021262939381166784, 0.06302233210272792], [0.012607636273153547, 0.9558810741671449, 0.020633428325981914, 0.010877861133719741], [0.008699966990728145, 0.9596977670883237, 0.026601965819150173, 0.005000300001798009], [0.12922143646032594, 0.40751953998186996, 0.4206071997622632, 0.042651823695540915], [0.1713522374458622, 0.19569039342830694, 0.09172078966177213, 0.5412365793640587], [0.05218619914211314, 0.803773891620493, 0.1333433161039931, 0.010696593033400837], [0.07492215311206323, 0.6176475389407354, 0.01985911126745087, 0.28757119657975044]], "ideal": "A", "sampled": "A", "correct": true}}
{"type": "result", "data": {"idx": 4, "options": ["W", "Sb", "Fe", "An"], "probs": [[0.0008514154633038004, 0.9939949023743758, 0.0021576894317614456, 0.0029959926305589695], [0.0006430577473383904, 0.9945327022856388, 0.004360894197844763, 0.00046334566917795604], [0.0013375827465957938, 0.0021714250174310495, 0.9926192755785238, 0.00387171655744935], [0.0018748653528991282, 0.0016548751925797463, 0.017106772265993185, 0.9793634870885279], [0.0010199242406787213, 0.011225784858901758, 0.9871257529157239, 0.0006285378846955482], [0.009685273826974067, 0.008285238076854917, 0.0011660155840475426, 0.9808634724121235], [0.9963156464232231, 0.0012417868565610928, 0.00014043107347928117, 0.002302135546736473], [0.9978856769023616, 0.0011961029051546477, 0.0003024407987654104, 0.0006157792937183309], [0.9969851540415651, 0.0007191878943783774, 0.00019816523185859852, 0.0020974927321979037], [0.9978026298033745, 0.0007426260242521232, 0.0002954053563072435, 0.0011593387160660832], [0.9984140934722564, 0.0007787346912278893, 0.00022841201240418038, 0.0005787597241114835], [0.9975872520319761, 0.0008886048299812795, 0.00012604070677787064, 0.0013981023312647847], [0.000675159074725672, 0.00676628049896343, 0.9886418481175836, 0.0039167122087272865], [0.0010894375878990133, 0.0049598536314012205, 0.010747992930929408, 0.9832027157497704], [0.0005753928844687418, 0.992780533229004, 0.003811332744198409, 0.0028327410423289383], [0.0005080415440925494, 0.9932774067841293, 0.004599673287510423, 0.0016148782842676697], [0.0028364525005413017, 0.007357760167330245, 0.0029038108698993407, 0.9869019763622291], [0.0006891286883511292, 0.011386383113375134, 0.9856994985402231, 0.0022249895580506687], [0.0011564966191491785, 0.0027529036588869417, 0.9955311922578117, 0.0005594073641521755], [0.014304950236961256, 0.004432019881375709, 0.0010946642398114628, 0.9801683655418516], [0.0004629549202353461, 0.9940231373273837, 0.005095567213227898, 0.00041834043915304776], [0.0006286661170707359, 0.9953189441772153, 0.002160473456978432, 0.001891916148735525], [0.0071278885869601495, 0.0017745438008943864, 0.004602234701292476, 0.986495332810853], [0.0021246866822649327, 0.0015068363070701197, 0.9943875570785838, 0.0019809198320811603]], "ideal": "B", "sampled": "B", "correct": true}}
{"type": "result", "data": {"idx": 5, "options": ["0.33 atm", "0.40 atm", "0.50 atm", "2.0 atm"], "probs": [[0.14307412874550626, 0.7210810215694539, 0.08477705798076862, 0.051067791604271294], [0.15215406403485918, 0.5743748202718222, 0.08669608313789755, 0.18677503245542115], [0.07922339645190961, 0.28093705311051764, 0.5857477936316692, 0.05409175670590357], [0.16502194104928608, 0.3837689458940114, 0.1170197278144165, 0.334189385142286], [0.25507466842329823, 0.16597036273740387, 0.4765899265860301, 0.10236504215326776], [0.17221168273841467, 0.10694351978570216, 0.41316814051775314, 0.30767665685813006], [0.12924218128356524, 0.46550696910171646, 0.34600791202747827, 0.05924293748724003], [0.16598088413207554, 0.4306198582690904, 0.11143587364670224, 0.29196338385213183], [0.11795677942637947, 0.14119642024738424, 0.6633987577297329, 0.07744804249650335], [0.21050119633350617, 0.1887145823817734, 0.1745021388056931, 0.4262820823790273], [0.14599271117180973, 0.1329486816988557, 0.5642061232956301, 0.1568524837337044], [0.19187228605070833, 0.14945323609883268, 0.3876127648811842, 0.27106171286927483], [0.05307581809022406, 0.32523319412978674, 0.570982215557965, 0.05070877212202416], [0.13629251242500423, 0.4871315424500201, 0.10698283514672854, 0.2695931098782471], [0.15546533695492187, 0.4499280817346076, 0.3292221773715735, 0.065384403838897], [0.1792642772018459, 0.472380906296222, 0.12129530309417845, 0.22705951330775365], [0.13373234866712297, 0.15639236567840678, 0.44547435636834015, 0.2644009291861301], [0.1575630950043917, 0.21041046707941433, 0.47790886391118964, 0.1541175739050043], [0.020599702698934737, 0.6563297020487031, 0.27357951745787934, 0.04949107769448284], [0.03398428654424532, 0.5706043498777351, 0.20985828577218238, 0.18555307770583723], [0.02777526749844793, 0.6525383676080698, 0.2555124792733595, 0.06417388552012274], [0.041169304747768365, 0.649362928035052, 0.13713650770230443, 0.17233125941487518], [0.03985986649017241, 0.5724505420088372, 0.2155337868820353, 0.17215580451895512], [0.03182867653263629, 0.6346312240551312, 0.22981485328787632, 0.10372524602435616]], "ideal": "C", "sampled": "B", "correct": false}}
{"type": "result", "data": {"idx": 6, "options": ["very soluble", "very electronegative", "isoelectronic with a noble gas", "highly colored"], "probs": [[0.0015967418624998283, 0.005236606807789154, 0.9901825052754946, 0.002984145954216423], [0.0016146248956252858, 0.0015777019130130596, 0.00256045749259532, 0.9942472155987663], [0.0024334636713801983, 0.98959647516346, 0.005358388588264195, 0.0026116724768955467], [0.0020448044707127608, 0.9875022013846666, 0.008152984390575308, 0.002300009654045335], [0.0013668525157095265, 0.0016492435071723823, 0.00540639772031805, 0.9915775061568001], [0.002124553128757792, 0.007956838474767705, 0.9867283440023966, 0.003190264294077924], [0.0012578501701612733, 0.002769461776512454, 0.9937121308991517, 0.002260557054174536], [0.0013186619238614462, 0.0011194376129567444, 0.002813781980954328, 0.9947481183822274], [0.0017998555091356604, 0.992650570210772, 0.0035251486388032326, 0.0020244255412891813], [0.0016340999805256877, 0.9898195718049055, 0.006722457669489974, 0.0018238704450787605], [0.001625973958076454, 0.0014020590830592142, 0.003751391333945808, 0.9932205755249185], [0.001457262145660238, 0.0035239042765967434, 0.9924605300741399, 0.002558303403603127], [0.9894529083095277, 0.003710864847054096, 0.0037111009373291012, 0.0031251258060890665], [0.9870855706951399, 0.003819563389064698, 0.004034415999389995, 0.005060449816405368], [0.990234226191794, 0.00354374333116308, 0.0027600902175894844, 0.003461940159453476], [0.9888344535022109, 0.003622725420006708, 0.0035946916788254925, 0.003948129298956955], [0.9841400401962096, 0.008252894088679697, 0.003084249055305047, 0.004522816559805605], [0.9843143590417546, 0.008855576024644245, 0.0033616178055328886, 0.0034684470280683223], [0.002319445752326153, 0.001969183260522958, 0.0065055682839291725, 0.9892058026032217], [0.0032352529649220547, 0.008327780430831207, 0.9854438559887143, 0.0029931105155324047], [0.003855231202596392, 0.002569104379179649, 0.00397828780007358, 0.9895973765181504], [0.0032615936395961613, 0.0077652065166018205, 0.9857858429908607, 0.003187356752941344], [0.003428573310830664, 0.9887373609877408, 0.0049904529825269195, 0.0028436126189015742], [0.003620852587762117, 0.9886119610877653, 0.004989781239863988, 0.002777404984608655]], "ideal": "C", "sampled": "C", "correct": true}}
{"type": "result", "data": {"idx": 7, "options": ["no two electrons can have the same four quantum numbers", "no two electrons with the same spin can occupy an orbital", "no two electrons can occupy separate orbitals", "no two electrons can pair up if there is an empty orbital at the same energy level available"], "probs": [[0.011111930052849628, 0.018321716015609633, 0.022800920516801774, 0.947765433314739], [0.011505716405084259, 0.03031765895165259, 0.7120068007000656, 0.24616982384319755], [0.00822165041390844, 0.01635234971843194, 0.3469097972565688, 0.6285162025110909], [0.0033129178653326596, 0.011746233235016256, 0.897444300609977, 0.087496548189674], [0.008907868009467539, 0.6394108234922261, 0.21756681320721247, 0.13411449519109384], [0.01548692870491347, 0.19774520487291114, 0.07388999346784883, 0.7128778728543266], [0.012256142488056407, 0.009545992907782203, 0.03384096121515149, 0.9443569032890099], [0.010741234325779222, 0.01336955411701801, 0.7955337443450737, 0.180355467112129], [0.010733874075510087, 0.00755295117896474, 0.014786948548213049, 0.966926226097312], [0.00915860157404442, 0.014522917849328887, 0.964085774142635, 0.012232706333991717], [0.031632548276662516, 0.7371910070771828, 0.02949209133471487, 0.2016843532114398], [0.02608290344344245, 0.7683269421556959, 0.19128859136639645, 0.014301562934465224], [0.002809302648902572, 0.012203795836996824, 0.24130928519593267, 0.743677616218168], [0.001571704176361225, 0.009115953303742335, 0.846679152522549, 0.1426331898973475], [0.0029360036965950433, 0.016634123212289482, 0.013158198297665239, 0.9672716746934502], [0.002905033933822054, 0.14329817250359056, 0.8377143045089561, 0.01608248895363121], [0.0014113462240243331, 0.8285005009825214, 0.009422004806557102, 0.16066614788689718], [0.00040311686451107787, 0.9807623138190495, 0.015126649447090534, 0.003707919769348842], [0.05557407624401714, 0.038807405716522116, 0.539983135184857, 0.3656353827546038], [0.03902740454505489, 0.02500626290906468, 0.07406700498329959, 0.8618993274625808], [0.12495968722585246, 0.46437538742797546, 0.04285883354918043, 0.3678060916969917], [0.09390801557717227, 0.727307884459232, 0.14779089967845832, 0.03099320018513737], [0.04525709667604588, 0.030627510545818838, 0.028103654228622686, 0.8960117384495125], [0.07856406752323529, 0.0810720744288529, 0.7814826702538066, 0.05888118769410525]], "ideal": "D", "sampled": "D", "correct": true}}
{"type": "result", "data": {"idx": 8, "options": ["Rb+", "Se2-", "As5+", "Sr2+"], "probs": [[0.09158719261872429, 0.5151341518607128, 0.1909567699319143, 0.20232188548864868], [0.09255864663637076, 0.5165199925073046, 0.1422847275421952, 0.24863663321412943], [0.07570137195577246, 0.5865981069603788, 0.19801636333297934, 0.1396841576508694], [0.07475492225066424, 0.5929281004834992, 0.14528634843379135, 0.18703062873204523], [0.07010598480000386, 0.5265083312461772, 0.19982373712448784, 0.203561946729331], [0.06017730429298891, 0.5408588091552222, 0.24001708803173627, 0.1589467984200526], [0.09948956817154242, 0.4257428582221274, 0.23879295229322517, 0.23597462121310503], [0.10688190451286893, 0.3732383612326471, 0.14498591335766692, 0.37489382079681705], [0.11196089695968485, 0.5221345747862012, 0.11829240747068416, 0.24761212068342986], [0.10434130655930088, 0.5179451146050794, 0.1506833147157794, 0.22703026401984033], [0.11508270694901208, 0.3746034316225788, 0.08354882399047854, 0.42676503733793053], [0.09913621694145339, 0.4411499136073825, 0.19117071937838725, 0.2685431499727769], [0.10922372340063768, 0.47475796933194925, 0.24629558620374112, 0.16972272096367194], [0.10922893229650331, 0.45653659359797627, 0.16924669328149305, 0.26498778072402734], [0.14232869450366478, 0.5128507674724302, 0.13374380861067475, 0.21107672931323027], [0.14389378045392223, 0.47206918103845685, 0.15685296290815384, 0.2271840754994671], [0.11491959284021554, 0.41084431679511657, 0.13758518982975032, 0.3366509004349176], [0.10613895601980543, 0.4723238524442899, 0.23017373046114528, 0.19136346097475937], [0.11932169077576602, 0.34545457874441554, 0.25672004006798893, 0.2785036903118295], [0.11041914588286604, 0.3622189136812051, 0.27775069861502494, 0.2496112417209039], [0.14825893605674278, 0.3907928379057076, 0.11458018909932348, 0.34636803683822615], [0.14492909608822163, 0.36453735824754285, 0.17762051520955577, 0.31291303035467977], [0.11630785810701828, 0.4093667688367713, 0.18306190319203286, 0.29126346976417755], [0.11528903903934044, 0.44223647975793423, 0.2330229711819399, 0.20945150992078543]], "ideal": "C", "sampled": "C", "correct": true}}
{"type": "result", "data": {"idx": 9, "options": ["the O\u2013H bonds in sulfuric acid are much weaker than in sulfurous acid due to the electron withdrawing of the oxygen atoms on sulfuric acid", "sulfuric acid has more oxygen atoms in its formula", "the sulfur in sulfuric acid is more electronegative than the sulfur in sulfurous acid", "sulfuric acid has the hydrogen atoms bound directly to the sulfur atom"], "probs": [[0.8691004047284718, 0.04128286303588478, 0.030443396869884353, 0.059173335265759075], [0.8388697722910723, 0.03656665330747141, 0.04586691901027114, 0.07869665529118512], [0.875784489267825, 0.035307606131316276, 0.025433254441804533, 0.0634746500590541], [0.8767737043121071, 0.029767766070343395, 0.05306901357170808, 0.040389515945841406], [0.7861751952825768, 0.09387534191403, 0.028859937380576458, 0.09108952532281672], [0.8402076112321949, 0.07692946263588682, 0.03157662505857412, 0.05128630097334417], [0.003971251592124869, 0.971965058148154, 0.010718167578728989, 0.013345522580992085], [0.003257913599602659, 0.9695021761972098, 0.01695045127793457, 0.010289458825252973], [0.007506040491983238, 0.03609695482913634, 0.9387890240942771, 0.017607980484603318], [0.003544142328174226, 0.005577449364750968, 0.020555833883785853, 0.9703225743232889], [0.002212897892741927, 0.014659505458885336, 0.9734312376532329, 0.009696358895139853], [0.0024847109331073472, 0.005778354699673734, 0.010218885916546428, 0.9815180483506725], [0.021803282361556913, 0.9058839745352075, 0.02715737020070009, 0.0451553728025355], [0.015730317153054806, 0.9074652485864355, 0.05625607629189343, 0.02054835786861624], [0.012072590255352534, 0.028739623550980087, 0.9228352846255803, 0.03635250146808714], [0.0065401884162682574, 0.006340748471243389, 0.021279868766915302, 0.9658391942455731], [0.014208373263145621, 0.09787818444532391, 0.8594042414068326, 0.028509200784697833], [0.005938723287934897, 0.010672065461095837, 0.01257370339548135, 0.9708155077554879], [0.005559106806671398, 0.9649365303640193, 0.01124105039367016, 0.018263312335639208], [0.0037396941504412554, 0.9743877097659879, 0.013690711061454868, 0.008181884922115972], [0.0031644043883847102, 0.013748099379469445, 0.9717711944330591, 0.01131630169908673], [0.0034057511506594843, 0.0042066197460784984, 0.007857237052329689, 0.9845303919509323], [0.007696603899970634, 0.05556462039610378, 0.9186807962608291, 0.01805797934309644], [0.0035594663748052704, 0.00542890455066438, 0.008810491111513866, 0.9822011378630164]], "ideal": "A", "sampled": "A", "correct": true}}
{"type": "result", "data": {"idx": 10, "options": ["0.0641 M", "1.64 M", "0.115 M", "0.400 mol/L"], "probs": [[0.44156308148411283, 0.29644726489157375, 0.24389389645539283, 0.018095757068920575], [0.4233131651097562, 0.37353410826103256, 0.027916831528923297, 0.17523589500028794], [0.4522865929134588, 0.39910870421432204, 0.12659597824585514, 0.022008724526364005], [0.4984514377628152, 0.37619381858972456, 0.022420719096648358, 0.10293402445081189], [0.6068333138098716, 0.042602578290656334, 0.17655865122793382, 0.1740054565715382], [0.6548558424141618, 0.04186076639277777, 0.2353025955076458, 0.06798079558541463], [0.19952790849465613, 0.6004393967893378, 0.18174100428773785, 0.018291690328268245], [0.23657067197754553, 0.5631529352606685, 0.032271368364959314, 0.16800502429682673], [0.3291783030757418, 0.32158300172299004, 0.3292966481085124, 0.019942046992755726], [0.441679962711571, 0.3959099425707835, 0.02652400408650943, 0.13588609053113604], [0.4363862557407453, 0.048585686646812044, 0.34523782001992603, 0.1697902374925166], [0.5053566361271864, 0.042469838982215916, 0.28792010256332395, 0.16425342222727377], [0.17441634864556127, 0.6635437023414671, 0.13803455257904507, 0.024005396333926576], [0.20493660407095832, 0.666832372475809, 0.02976366810731228, 0.09846735524592047], [0.1998554706416704, 0.4434593783334678, 0.3401315110542535, 0.01655363987060831], [0.2047433971447139, 0.6507652304301792, 0.029500938509420812, 0.11499043381568608], [0.4403474860891311, 0.054694666638050726, 0.40736340865348014, 0.09759443851933801], [0.3809574288600908, 0.049590100152191244, 0.363593224737866, 0.20585924614985193], [0.11760539297465494, 0.3173135149762075, 0.31740003111615656, 0.247681060832981], [0.08889343721116906, 0.3544715099348529, 0.44136700687415964, 0.11526804587981843], [0.04917574490205385, 0.3284262296070217, 0.4420899583668752, 0.18030806702404925], [0.05314405420320428, 0.5164694343428746, 0.2556908802638329, 0.17469563109008818], [0.06776123341774064, 0.31838499784895563, 0.52935992482912, 0.08449384380418369], [0.09047358141561726, 0.28318445157487593, 0.4154358095455093, 0.21090615736399748]], "ideal": "C", "sampled": "A", "correct": false}}
{"type": "result", "data": {"idx": 11, "options": ["SF4", "PCl5", "BF3", "CO2"], "probs": [[0.22150850252546248, 0.6612680541411609, 0.09234257769342478, 0.024880865539951908], [0.25977598186374606, 0.5854142060537364, 0.03380839727828957, 0.12100141470422793], [0.25591072389921204, 0.39634758156235084, 0.31854534086650776, 0.02919635357192937], [0.2522801780101968, 0.2643726194420265, 0.025368383387997677, 0.457978819059779], [0.08111931503675777, 0.03436415693362866, 0.8069803834194664, 0.07753614451014709], [0.2078867163500897, 0.03937707664973311, 0.4541777466896001, 0.2985584602105771], [0.05313701534806415, 0.8919413055632853, 0.04304754345043342, 0.01187413553821713], [0.061588220865716435, 0.8843575797496537, 0.02129263636715718, 0.03276156291747268], [0.15204033537253878, 0.2546332227674531, 0.5651642784873038, 0.02816216327270435], [0.18826424722978877, 0.26138165103672195, 0.029096710882095197, 0.5212573907513941], [0.05288283957998811, 0.04420116592726477, 0.8539311384367603, 0.04898485595598683], [0.14415151147875196, 0.05061430950355857, 0.2800736181171608, 0.5251605608005286], [0.0135157930122996, 0.8364745517882762, 0.13657978404664525, 0.013429871052778939], [0.017759491583395442, 0.8232739950300207, 0.02646372776510647, 0.13250278552147737], [0.035401760539175896, 0.11252043825788895, 0.8253199226705211, 0.02675787843241407], [0.06588322193528302, 0.33463771519076824, 0.03725083697125041, 0.5622282258026983], [0.02248498996020819, 0.0382577853514243, 0.8642672347769172, 0.07498998981145019], [0.02432552878886836, 0.02358685955533183, 0.516274067620935, 0.43581354393486477], [0.005541840403901984, 0.7093962816740494, 0.26924629483558066, 0.01581558298646791], [0.006091724259458406, 0.8431391320080408, 0.10970803641116794, 0.04106110722133283], [0.007315480209834346, 0.37829277799554245, 0.5952344206344701, 0.019157321060153092], [0.005329341165534256, 0.8623666015521717, 0.09748465467566604, 0.03481940250662795], [0.014477604324524536, 0.329605921622657, 0.5877892100693901, 0.06812726388342837], [0.013578882473000625, 0.406422260310855, 0.4128397131748982, 0.16715914394124617]], "ideal": "A", "sampled": "A", "correct": true}}
{"type": "result", "data": {"idx": 12, "options": ["Fluorine has a very high electronegativity; therefore the H-F bond is stronger than any other H-X bond.", "HF is smaller than any other H-X molecule; therefore it exhibits stronger London dispersion forces.", "The dipoles in a HF molecule exhibit a particularly strong attraction force to the dipoles in other HF molecules.", "The H-F bond is the most ionic in character compared to all other hydrogen halides."], "probs": [[0.49415284793300673, 0.29965968354314754, 0.07403076053255091, 0.13215670789129486], [0.5108686685051265, 0.2528930604204962, 0.15465067325476045, 0.08158759771961681], [0.5709968378865984, 0.023027331320943367, 0.278381594343409, 0.12759423634904923], [0.4524402831705417, 0.018829572593222127, 0.25790667050906835, 0.2708234736271678], [0.22767406530134487, 0.07994354455905758, 0.6194849563553964, 0.0728974336842012], [0.5381942726262935, 0.1414918234825438, 0.053291217631785744, 0.26702268615937697], [0.030661376132988378, 0.8826178294978979, 0.041300970979932135, 0.04541982328918151], [0.027985394310969695, 0.8847823837049174, 0.04512318273692683, 0.04210903914718613], [0.049048145735802004, 0.02774264181898945, 0.8634702803673167, 0.05973893197789187], [0.03773625359828772, 0.014901669415438927, 0.044128628512199286, 0.903233448374074], [0.011237812572756004, 0.024946338329976957, 0.9223019167193508, 0.04151393227791622], [0.036895520967202854, 0.019605049970783592, 0.017847726052289854, 0.9256517029097237], [0.004765659756628797, 0.9227695825111502, 0.05416044804167318, 0.018304309590547897], [0.006037173825851461, 0.9034017970072187, 0.04259911575449691, 0.04796191331243292], [0.014416680651517869, 0.02868195804515243, 0.9068831182743201, 0.05001824292900958], [0.021399357607703753, 0.020749136146438727, 0.0659298950352747, 0.8919216111105828], [0.004594001376592413, 0.0178961228827253, 0.932811339186199, 0.04469853645448326], [0.015367523867771484, 0.048848478110872326, 0.059850153170530496, 0.8759338447508257], [0.05693184753480005, 0.7925073739841032, 0.1187948843358837, 0.031765894045213024], [0.07678909570406978, 0.8195686308981152, 0.027839746219713003, 0.07580252707810202], [0.020866080769629983, 0.02723156113283504, 0.9166144797555252, 0.03528787824200978], [0.0951133324242141, 0.03137805160598096, 0.029244507175074444, 0.8442641086947305], [0.022581581423641525, 0.008445673770793671, 0.8959318557069686, 0.07304088899859618], [0.09134672338110246, 0.012963386032216105, 0.04594409345255075, 0.8497457970341307]], "ideal": "C", "sampled": "A", "correct": false}}
{"type": "result", "data": {"idx": 13, "options": ["3.8 \u00d7 10^-3 mol/L", "5.77 \u00d7 10^-3 mol/L", "1.97 \u00d7 10^-3 M", "9.9 \u00d7 10^-4 M"], "probs": [[0.39495775356318247, 0.35400620020416984, 0.15108372017661564, 0.09995232595603204], [0.35823604505207646, 0.3211117719371663, 0.11629430740476952, 0.20435787550598775], [0.5231562353735335, 0.16981770412821326, 0.2630433190917804, 0.04398274130647277], [0.38325477088923227, 0.152450262213923, 0.37735850008753824, 0.08693646670930653], [0.33125842126436317, 0.306361801417694, 0.287819215043968, 0.07456056217397483], [0.2946125456913043, 0.23307730877015848, 0.36958919575135024, 0.10272094968718704], [0.6935436673249882, 0.10885989583789565, 0.11408304336954474, 0.08351339336757145], [0.6001095219854637, 0.10106299891849276, 0.09129374541393237, 0.20753373358211116], [0.6136064597381204, 0.1900539270231875, 0.15152579713802747, 0.04481381600066456], [0.4534520922675445, 0.1437997408313233, 0.3422944634663792, 0.06045370333475296], [0.4400921761549501, 0.2753791510783428, 0.18778879938631907, 0.09673987328038797], [0.39924041473852795, 0.20232268203358247, 0.3362070111350122, 0.062229891992877324], [0.5682412769732387, 0.09275482993558731, 0.26839258264329124, 0.0706113103478828], [0.4624286717299374, 0.07910576912320715, 0.3774207093405038, 0.08104484970635165], [0.6760269201309892, 0.11745562798232603, 0.112074513362331, 0.09444293842435371], [0.482413271066236, 0.09799785348534083, 0.3641470738163604, 0.05544180153206271], [0.34627819173552565, 0.4176718965653841, 0.05478558433571228, 0.1812643272633779], [0.376372149033385, 0.46108977152820346, 0.09008895410258687, 0.07244912523582467], [0.31242538426450067, 0.10968087194302213, 0.4582460062714931, 0.1196477374209841], [0.3858935678324734, 0.11229558706261761, 0.39200817014857686, 0.10980267485633215], [0.48091331233262113, 0.16748185945970728, 0.18394159172474178, 0.16766323638292976], [0.4007610559402958, 0.1557043860266841, 0.37650983224813317, 0.0670247256848869], [0.16889070959516128, 0.5941831291861273, 0.07041176943039798, 0.16651439168831345], [0.15825332169038067, 0.6611571685665759, 0.11854502905127619, 0.06204448059176721]], "ideal": "A", "sampled": "C", "correct": false}}
{"type": "result", "data": {"idx": 14, "options": ["The N-H bonds within the NH3 molecules break apart.", "The overall temperature of the solution rises as the NH3 molecules speed up.", "The amount of energy within the system remains constant.", "The hydrogen bonds holding separate NH3 molecules together break apart."], "probs": [[0.030379353399305538, 0.1507316396030256, 0.014241970288690602, 0.8046470366089783], [0.01502983024071311, 0.16037684020232287, 0.8148750328067709, 0.009718296650193123], [0.015816589226609223, 0.007955776230352657, 0.8373070642517993, 0.13892057019123874], [0.012972016577846454, 0.0032302913578109165, 0.31189356914015254, 0.6719041228241901], [0.002417035565362449, 0.9454155297015486, 0.04856309902458622, 0.0036043356085026963], [0.007606478534731897, 0.590396414104609, 0.008098673210392269, 0.3938984340502669], [0.02667686628498628, 0.3830619031113595, 0.013419716180180202, 0.576841514323474], [0.010094272884286559, 0.15308736234660042, 0.8279677613220756, 0.008850603347037422], [0.022470154158928845, 0.011041173854275511, 0.13343316489247328, 0.8330555069943224], [0.009257023705059887, 0.008300238913922144, 0.952063299312857, 0.030379437968160918], [0.0024189803391863637, 0.9762871684957793, 0.017331841215246044, 0.003962009849788191], [0.003597486810738722, 0.9672184115622225, 0.007800022241066015, 0.021384079285972763], [0.0025383041693813665, 0.11137541510276865, 0.72637571832412, 0.15971056230373004], [0.0012666219737980512, 0.0551354731413169, 0.4236329161951472, 0.5199649885897378], [0.0016295147579049119, 0.7279018933046136, 0.026298432014974612, 0.2441701598225068], [0.0017372557773604194, 0.1857431592825724, 0.7821757457932172, 0.030343839046849945], [0.0007056479125407158, 0.8702038280879291, 0.026683622252856438, 0.10240690164667376], [0.0006875791039791243, 0.8612982078441326, 0.12600687210204392, 0.012007340849844325], [0.9186957805539313, 0.023178817384364676, 0.04830676979928217, 0.009818632162421834], [0.3713453077946835, 0.026900277846711493, 0.007411759145529392, 0.5943426551130756], [0.9413814008931205, 0.029099630398487668, 0.01984422354714163, 0.009674745061250154], [0.8893955514695615, 0.03787062014764741, 0.008786946697901416, 0.06394688158488962], [0.5083701111068962, 0.007029493938525989, 0.02114408317132236, 0.4634563116832554], [0.4551780001673192, 0.00944949516009193, 0.5078101838809043, 0.02756232069168453]], "ideal": "D", "sampled": "D", "correct": true}}
{"type": "result", "data": {"idx": 15, "options": ["a strong acid", "a weak acid", "a weak base", "a strong base"], "probs": [[0.008685776541262208, 0.7461520274425487, 0.2138613587713823, 0.03130083714480683], [0.016483275003232316, 0.717613926042199, 0.11535949853489212, 0.15054330031967658], [0.014241108818208288, 0.23345057871318356, 0.7307515934176669, 0.02155671895094118], [0.025594578242894395, 0.6705837632791593, 0.16959665176971214, 0.13422500660823422], [0.05232483148051581, 0.3493172526010241, 0.28970551487886637, 0.30865240093959373], [0.07308304581369701, 0.27797670205051134, 0.10388245819522443, 0.5450577938405672], [0.3575647539579327, 0.47361333055553284, 0.10905478351692297, 0.05976713186961151], [0.34991733409413317, 0.4933764503417316, 0.05324241324421951, 0.1034638022199157], [0.14590012459600582, 0.718153581728537, 0.09874828784193895, 0.0371980057335182], [0.24112777266816746, 0.5967486833602614, 0.03501181872277498, 0.1271117251487961], [0.36568736753914105, 0.10640968302013062, 0.46233144053416886, 0.06557150880655949], [0.4330076438130922, 0.09510379637958497, 0.30229137470870904, 0.16959718499861381], [0.601503692563215, 0.09817866600733696, 0.2669080296975208, 0.033409611631927204], [0.5082307571014085, 0.11338949455802587, 0.3385686353680619, 0.03981111287250372], [0.18891883768844947, 0.7708739982327801, 0.025972732424890215, 0.014234431553880204], [0.16190808514929272, 0.7604195942227205, 0.030904803458972507, 0.046767517069014254], [0.6935301863409656, 0.10306557781562167, 0.07308669969259908, 0.13031753605081364], [0.7029458702663495, 0.1202398088597107, 0.10611765718100198, 0.07069666359293784], [0.1687872944716039, 0.6369861099895334, 0.06874155610999658, 0.12548503932886604], [0.1139725082549661, 0.4368977876829642, 0.08082759439753551, 0.36830210956453413], [0.1691095467819461, 0.40565608416702564, 0.3210101603764346, 0.10422420857459369], [0.08641941715777862, 0.3610089963163184, 0.4936176464419028, 0.05895393998400013], [0.15981536326369028, 0.36580453954575576, 0.17555061765721072, 0.2988294794333432], [0.17564539347851083, 0.338549847292575, 0.31813174008925726, 0.16767301903965692]], "ideal": "C", "sampled": "B", "correct": false}}
{"type": "result", "data": {"idx": 16, "options": ["at equilibrium there are more products than reactants", "the value of \u0394G\u00b0 is greater than zero", "the value of \u0394S\u00b0 is greater than zero", "the value of Keq is less than one"], "probs": [[0.004796046708462253, 0.9732064492755791, 0.019427768662500934, 0.0025697352534577436], [0.008489862735850815, 0.9740348609660657, 0.004917134442492964, 0.01255814175559047], [0.015231185690483883, 0.3809426153317978, 0.590158645126729, 0.013667553750989337], [0.030950303386104695, 0.8568101998372774, 0.009015436458999937, 0.103224060217618], [0.02444128119454528, 0.038788255083473035, 0.7317993599275383, 0.20497110369444338], [0.0620232082606605, 0.058311958761435884, 0.10974541518972682, 0.7699194176881767], [0.9348399286607378, 0.03485973714675158, 0.02433548868889234, 0.005964845403618199], [0.922810611008738, 0.03495262551485822, 0.005887794754244872, 0.0363489686221589], [0.9269093581000439, 0.03737313555924878, 0.0300294747490326, 0.005688031491674667], [0.9248469616582519, 0.04127337316130611, 0.005947300025042576, 0.02793236505539942], [0.9270591432419314, 0.01046288232748821, 0.03050490565029099, 0.031973068680289436], [0.9118000590712749, 0.011480728569473094, 0.042976932254162444, 0.03374228000508956], [0.4590891282332484, 0.045117104506087205, 0.481257588526327, 0.014536178634337434], [0.8164983793969669, 0.038189237955891596, 0.007759414064153828, 0.13755296848298768], [0.15753120726190725, 0.8128061401534169, 0.025327358733551443, 0.004335293751124343], [0.22809064941436089, 0.7364928419843638, 0.008577594181210589, 0.026838914320064675], [0.6872075487399021, 0.008654660907136699, 0.03906796663428062, 0.2650698236186806], [0.2852969168896053, 0.01478115623248963, 0.6533174003487447, 0.046604526429160346], [0.024656967224329574, 0.0821794909794232, 0.68801799698674, 0.2051455447095072], [0.05316232655461587, 0.18279992518831967, 0.12461412276682919, 0.6394236253902352], [0.0022851610621030163, 0.9515757214211905, 0.0325583299036897, 0.013580787513016817], [0.002177141518549608, 0.942729512892505, 0.038604808865714664, 0.016488536623230795], [0.025181455957295717, 0.6106038195316732, 0.10524776753332366, 0.2589669568777074], [0.013262186267239108, 0.18610246391437665, 0.7477024164829513, 0.05293293323543292]], "ideal": "A", "sampled": "B", "correct": false}}
