{"type": "result", "data": {"idx": 0, "options": ["total revenue is greater than total cost at its greatest distance", "total revenue is equal to total cost", "marginal product is at its highest point", "total product is at its highest point"], "probs": [[0.004251051083094147, 0.9548041347755246, 0.023720653652051428, 0.01722416038932983], [0.006654324228491937, 0.9065696933107533, 0.055739967295230695, 0.03103601506552398], [0.004889588170689546, 0.011730772043175287, 0.961629715559316, 0.02174992412681914], [0.01757855502370204, 0.009862539219672726, 0.0331022175959427, 0.9394566880606825], [0.007707250935407842, 0.029779265278370885, 0.9485533417862317, 0.01396014189998948], [0.014632242335093996, 0.01953937991639595, 0.03707806665520635, 0.9287503109933037], [0.3295023342785847, 0.40377895816761805, 0.12706975258898354, 0.1396489548648137], [0.1555120716317384, 0.11925894553924357, 0.20607596064872935, 0.5191530220802887], [0.3434667846574626, 0.04470760697378616, 0.31773122786833824, 0.29409438040041297], [0.33804454640544357, 0.04832538108807239, 0.1987605646330907, 0.4148695077733933], [0.2385499399229735, 0.28778950234722617, 0.30166692437692577, 0.17199363325287456], [0.14408655892619743, 0.269264646421705, 0.5112265500280606, 0.07542224452403692], [0.003081024526849004, 0.0197811098140976, 0.9607351844120577, 0.01640268114699559], [0.013443422114300017, 0.019563579365078746, 0.058860412024899514, 0.9081325863957217], [0.03422426483027025, 0.6613147952687262, 0.2550060190751359, 0.049454920725867664], [0.04143715742048109, 0.5722951420337276, 0.2661898195370787, 0.12007788090871263], [0.019512167234839155, 0.02773758028866431, 0.11496339758632955, 0.837786854790167], [0.06678917109024568, 0.06786805238936047, 0.48621021609636805, 0.3791325603240258], [0.004018117575997022, 0.022588531868786316, 0.960620499142186, 0.012772851313030712], [0.016696043217583573, 0.021779233465889534, 0.055179778172631234, 0.9063449450438956], [0.02948247032812785, 0.7429631227132759, 0.18495791838587985, 0.04259648847271637], [0.023666248781083893, 0.7250925029875561, 0.19826398184092967, 0.05297726629043034], [0.018637038904330855, 0.03977048426297824, 0.06256444798204841, 0.8790280287506425], [0.06979506202107606, 0.17828814019386735, 0.5001883915986466, 0.25172840608641006]], "ideal": "A", "sampled": "B", "correct": false}}
{"type": "result", "data": {"idx": 1, "options": ["Increase capital and decrease labor so that the marginal product of capital falls and the marginal product of labor rises.", "Increase capital and decrease labor so that the marginal product of capital rises and the marginal product of labor falls.", "Decrease capital and increase labor so that the marginal product of capital rises and the marginal product of labor falls.", "Decrease capital and increase labor so that the marginal product of capital falls and the marginal product of labor rises."], "probs": [[0.07917857796385978, 0.4349009329405501, 0.09554750328974855, 0.39037298570584156], [0.13186391089622523, 0.5552942917773436, 0.2464884443778207, 0.06635335284861052], [0.06680137315015341, 0.18593441468450075, 0.6492333668966037, 0.09803084516874207], [0.02460506449819565, 0.13621004355746882, 0.7028931005139768, 0.13629179133035865], [0.06786175462645958, 0.591075806726039, 0.1949662613318814, 0.14609617721562004], [0.07689352218196473, 0.6491736076246182, 0.07574500029901689, 0.19818786979440023], [0.16891533366277456, 0.5005043371635599, 0.18707800005904646, 0.1435023290146191], [0.15206201826190302, 0.5145406279806529, 0.14977221635787677, 0.18362513729956728], [0.11223475786102924, 0.5525994237586286, 0.18514805313308638, 0.15001776514725576], [0.07903444883978453, 0.5237197357446717, 0.2398419862722223, 0.15740382904332145], [0.05407588475288776, 0.6094416288505268, 0.2879711048319392, 0.048511381464646224], [0.036383614819375514, 0.7662014361068691, 0.11660358141435212, 0.08081136755940324], [0.020041060745853472, 0.46713813590777764, 0.45293428871378927, 0.05988651453257962], [0.0319509568796782, 0.5891140479335398, 0.15858330730315293, 0.22035168778362907], [0.008429669672166152, 0.9301209336226405, 0.043165914187401726, 0.018283482417791666], [0.016046676385077913, 0.8629116606644246, 0.06919686382064846, 0.051844799029849016], [0.05365974800797038, 0.3755121248948478, 0.19484387374629164, 0.3759842532508902], [0.06718978785720521, 0.33082878070956095, 0.41186499679924554, 0.19011643453398827], [0.0638295801966513, 0.6653720736995685, 0.18481474950717736, 0.08598359649660281], [0.08124023232691566, 0.6342385646900551, 0.08788445918442853, 0.1966367436986007], [0.014247018720524739, 0.7196250369957258, 0.24110497411481568, 0.02502297006893377], [0.021468286731882263, 0.8379136685026992, 0.06263430240959453, 0.07798374225582395], [0.15446602375953347, 0.2468926461156092, 0.2712229328347463, 0.327418397190111], [0.14280458432172713, 0.2177981902263406, 0.3120720200183636, 0.3273252053335687]], "ideal": "C", "sampled": "B", "correct": false}}
{"type": "result", "data": {"idx": 2, "options": ["the supply curve intersects the demand curve", "neither party has an incentive to deviate from his or her strategy", "the marginal revenue curve intersects the marginal cost curve", "the equilibrium is unstable and each party would like to switch strategies"], "probs": [[0.0027973755334809664, 0.9881439337000197, 0.004987412361757181, 0.004071278304742161], [0.0020641525923923115, 0.9888737142590934, 0.005438651201426171, 0.003623481847088105], [0.011248902672192022, 0.015136973952911664, 0.9663497820186224, 0.007264341256273898], [0.007601625828998878, 0.00834845895136284, 0.003144134373889346, 0.980905780745749], [0.003002723583565078, 0.008756763023631467, 0.9810925410478465, 0.0071479722449569365], [0.0077552221774276845, 0.006737577592022141, 0.00787671600718222, 0.977630484123368], [0.9820902652987956, 0.004511736939343385, 0.003541365375980259, 0.009856632285880702], [0.9847702181146034, 0.004930335628363685, 0.004489173748493066, 0.005810272408539827], [0.9797912164406304, 0.004943509247266934, 0.0042950913159638705, 0.010970182896138768], [0.9858625709251165, 0.004897365435001231, 0.004529444116948, 0.004710619422934279], [0.9861649624414245, 0.005338268364135147, 0.0019035464621923526, 0.006593222632247987], [0.9852877775503772, 0.005949912290366628, 0.003039091898835685, 0.005723218160420432], [0.014360884555711344, 0.015407085863338709, 0.9608117604020635, 0.009420269078886451], [0.0109290775012637, 0.008185436677688819, 0.003927422091509041, 0.9769580636295384], [0.003691622151864352, 0.9843634597639155, 0.005808765784351014, 0.006136152199869124], [0.002431894661927996, 0.9887697734833725, 0.005699249937767032, 0.0030990818169324996], [0.010899030815539296, 0.007668312322545033, 0.007036647430634165, 0.9743960093312815], [0.0026133924067932375, 0.007681192527637054, 0.9828192800121076, 0.006886134953462037], [0.001991203143600325, 0.010597384076133884, 0.9766459304598515, 0.010765482220414293], [0.002425111142228249, 0.005338267446294034, 0.0054221181433395165, 0.9868145031681382], [0.0005403883921442354, 0.9924087402113492, 0.0027661271983734984, 0.004284744098133094], [0.0006022847053291827, 0.9914791056115779, 0.004020860670253542, 0.0038977489128393912], [0.002810055151566168, 0.0061856144447297885, 0.005249506814155, 0.985754823489549], [0.0015548521410320107, 0.00998160555155163, 0.9792310598932588, 0.009232482314157653]], "ideal": "B", "sampled": "B", "correct": true}}
{"type": "result", "data": {"idx": 3, "options": ["goods X and Y are normal goods.", "goods X and Y are inferior goods.", "goods X and Y are complementary goods.", "goods X and Y are substitute goods."], "probs": [[0.0044379910992441325, 0.01869184017062307, 0.29012010398283655, 0.6867500646472963], [0.006107096128881643, 0.02632607921386904, 0.9430140432752486, 0.024552781282000634], [0.008764052959433012, 0.0652776380237224, 0.008630207015531795, 0.9173281019013128], [0.0030124851748893405, 0.11043185893288868, 0.8827144030007916, 0.0038412527914303478], [0.0015688883825850635, 0.9728936977885105, 0.006256435339693615, 0.019280978389210723], [0.0015475231182917174, 0.9085071249446115, 0.08858904564881033, 0.0013563061882864813], [0.0009642086321322599, 0.021273171742504045, 0.33021036121582764, 0.6475522583095361], [0.001617212319268469, 0.03004271732822405, 0.9571957618439636, 0.011144308408543904], [0.0045355395134836374, 0.21687657997665488, 0.043379969627943174, 0.7352079107819183], [0.002033295115907849, 0.09721298167733547, 0.8944367625067028, 0.006316960600053889], [0.000661121015853259, 0.9833396894502114, 0.007748350671435208, 0.00825083876250006], [0.000644295697742329, 0.9810503546658007, 0.01636535458946698, 0.0019399949469899671], [0.020959181329838285, 0.01953991826897087, 0.008470280694618675, 0.9510306196065722], [0.006576361285577352, 0.028569034025087967, 0.961413405548549, 0.0034411990407856], [0.017292162063538903, 0.00862929487401456, 0.020538892193211165, 0.9535396507692354], [0.00647223046482639, 0.012379865322858641, 0.976143285552089, 0.005004618560226071], [0.026162387957632243, 0.9666694367577733, 0.005035157452335891, 0.0021330177322586323], [0.0237333694949006, 0.9706727819046775, 0.002643767429186853, 0.002950081071234963], [0.5147443515491313, 0.0193448420664334, 0.011108992485870566, 0.45480181379856466], [0.2608380046125602, 0.03671127594996448, 0.6983612250601756, 0.00408949427729969], [0.25495285469606915, 0.011558878960857387, 0.017351529253900422, 0.716136736989173], [0.09002809868892221, 0.021894547889288286, 0.8817515735034027, 0.006325779818386783], [0.9047332278841478, 0.08818130652107246, 0.003584000933378211, 0.0035014645614015708], [0.8995515911470765, 0.09333047359222936, 0.0028858117542490984, 0.004232123406445073]], "ideal": "D", "sampled": "D", "correct": true}}
{"type": "result", "data": {"idx": 4, "options": ["causes the equilibrium price to be artificially high", "causes the equilibrium price to be artificially low", "exists when markets cannot reach equilibrium", "results in an equilibrium that does not maximize the total benefit to society"], "probs": [[0.027620800248316528, 0.40603048210301484, 0.06034288644698161, 0.506005831101687], [0.04436359719352832, 0.38933579580078576, 0.5322628218991324, 0.034037785006553516], [0.051967460316748704, 0.040800922148247785, 0.2578531301698185, 0.6493784872651851], [0.08498120482287226, 0.0531896913094735, 0.5330724954246936, 0.32875660834296067], [0.06122707130174546, 0.6583711622062672, 0.25785813840048194, 0.02254362799150535], [0.10551582590227644, 0.7155727360597751, 0.04433804882136807, 0.13457338911658037], [0.039555084103693385, 0.47456747465516774, 0.05323942024935143, 0.43263802089178743], [0.0711567508130182, 0.47879003633792705, 0.4226022551204373, 0.027450957628617476], [0.06952927571715749, 0.045254448584610946, 0.2927969824735227, 0.5924192931247089], [0.13511420100256902, 0.06483611850305447, 0.5180828283556479, 0.2819668520387286], [0.0807861851236054, 0.7201250938376684, 0.17927618690284572, 0.019812534035880486], [0.14138453128666054, 0.6959746090662272, 0.043462508717676186, 0.11917835082943602], [0.0037257597719331163, 0.03071434686901101, 0.527713403687718, 0.4378464895713378], [0.009512976413463194, 0.05063696153264147, 0.48803055391989253, 0.4518195080340028], [0.0030565554877011263, 0.04252697108907023, 0.6448403527169458, 0.30957612060628287], [0.00914264159346053, 0.06548660767261306, 0.48772282703024017, 0.43764792360368626], [0.013672407971596637, 0.4459137696015561, 0.05757339759024608, 0.4828404247366012], [0.013264108467765273, 0.37000029948567464, 0.07754228074329866, 0.5391933112032614], [0.7642890525482343, 0.06574068717967128, 0.14360522687469743, 0.026365033297396957], [0.8361166383495446, 0.05961838925315417, 0.014724540057641757, 0.08954043223965948], [0.6856289986381858, 0.10032033006051765, 0.19039861536806546, 0.023652055833231076], [0.7805875480916944, 0.09467870648583232, 0.01569911014293178, 0.10903463517954154], [0.8293883667087621, 0.03140919458230877, 0.013937190952463973, 0.12526524765646513], [0.801082983553078, 0.026982466258809068, 0.018983485528855933, 0.15295106455925694]], "ideal": "D", "sampled": "D", "correct": true}}
{"type": "result", "data": {"idx": 5, "options": ["Collusive output levels tend to increase, driving the price above competitive levels.", "Consumer surplus falls as the price is driven downward.", "Collusive output levels tend to decrease, driving the price down to competitive levels.", "Joint profit maximization costs society consumer surplus as the price rises above competitive levels."], "probs": [[0.5859299738067054, 0.037165465736060076, 0.16785581168759758, 0.20904874866963685], [0.48199313801965954, 0.02698240630542781, 0.4059130291960476, 0.08511142637886501], [0.35169431432658793, 0.03195684763485684, 0.11964375479945757, 0.49670508313909767], [0.2928560255867333, 0.03286161511257332, 0.6200867636591206, 0.054195595541572744], [0.02188622365997087, 0.9528735163717813, 0.009342842621300244, 0.015897417246947626], [0.021515947193817043, 0.951498345495019, 0.012072537295529052, 0.014913169915634924], [0.009964400406234804, 0.9112559954926245, 0.04608506165542598, 0.0326945423457147], [0.007652975562237541, 0.9127845059960146, 0.06612358595710828, 0.013438932384639623], [0.039402044075642, 0.67707578648669, 0.06347202910974875, 0.22005014022791927], [0.028055837602777904, 0.729341978457799, 0.19631771713899254, 0.046284466700430564], [0.018436059079173485, 0.40045061106774227, 0.4984360858532632, 0.08267724389982102], [0.015052080004823986, 0.7601656963914811, 0.17501151795063297, 0.04977070555306187], [0.20875419674216322, 0.069388195865368, 0.1961194276613573, 0.5257381796311115], [0.08181404944713273, 0.07747058454170107, 0.7644162063368244, 0.07629915957434186], [0.2718202173438049, 0.10480192302609512, 0.12252163885798709, 0.5008562206721129], [0.1703510458649373, 0.09631520652277538, 0.6232778522237405, 0.11005589528854672], [0.011325003029670407, 0.9429655809556503, 0.027601168082818022, 0.01810824783186126], [0.00867943893118752, 0.9499550466378616, 0.025515960280173965, 0.01584955405077696], [0.16417972427714977, 0.771210704850339, 0.020393121607063296, 0.04421644916544789], [0.14722507642133978, 0.808513670761734, 0.023851131129445282, 0.02041012158748099], [0.3675822317232668, 0.02041819691453838, 0.5349192022742364, 0.07708036898795846], [0.7187216214235981, 0.017853544856931587, 0.1788976026622718, 0.08452723095719857], [0.7896819415762377, 0.04560452529315114, 0.09729472184345515, 0.06741881118715602], [0.870007691148381, 0.027747206383029358, 0.038219386245578385, 0.06402571612301135]], "ideal": "D", "sampled": "D", "correct": true}}
{"type": "result", "data": {"idx": 6, "options": ["Perfectly horizontal demand curve.", "Highly inelastic demand curve.", "Highly elastic demand curve.", "A demand curve consisting of two discontinuous segments."], "probs": [[0.3032515874965121, 0.4210932756294933, 0.10000120623897156, 0.17565393053502307], [0.2236730708323193, 0.31301956724371693, 0.4346320241609842, 0.02867533766297957], [0.2685502131230768, 0.28371384314272086, 0.2728265482983372, 0.17490939533586514], [0.19682890834725122, 0.18932553268539765, 0.5565316267082294, 0.05731393215912163], [0.22536449866618935, 0.5407521542858887, 0.19281464166750162, 0.04106870528042027], [0.22093778508602915, 0.5914176414309861, 0.1043816337680105, 0.08326293961497427], [0.3166956461636387, 0.2975408301559202, 0.15924754025323223, 0.22651598332720885], [0.2461829139384516, 0.16146503086514977, 0.5378234285728848, 0.05452862652351381], [0.3839755510909007, 0.20877466316017923, 0.11261074569400277, 0.2946390399549173], [0.3556185602775604, 0.14941423879424154, 0.4638818126174793, 0.031085388210718747], [0.23370114934265515, 0.6554914565736635, 0.07017641356981447, 0.04063098041386693], [0.22132908615504868, 0.6305632992868357, 0.13531845390793057, 0.012789160550184992], [0.17771798370491496, 0.20459909735064147, 0.4297877847718558, 0.18789513407258773], [0.14661928572919194, 0.152483399123101, 0.5984757363652025, 0.10242157868250464], [0.2311947299842934, 0.2833033628465067, 0.13805813213062143, 0.3474437749385784], [0.17930429871498604, 0.21129507960192945, 0.5789480111717914, 0.03045261041129305], [0.1160631477716731, 0.7452653645723851, 0.060696572059283735, 0.07797491549665807], [0.08533935863851319, 0.7489748425151657, 0.15217454661099264, 0.013511252135328488], [0.6266146441655878, 0.08817225890855006, 0.21652773504463596, 0.06868536178122614], [0.5507524999890135, 0.13495434316558358, 0.10185920066637445, 0.2124339560790284], [0.686302047082819, 0.14610117053127608, 0.06793834673311502, 0.09965843555278996], [0.6948942074768901, 0.1265360289412866, 0.14115818106383726, 0.03741158241798599], [0.5171532361869617, 0.11096433506688111, 0.05801156157493335, 0.31387086707122375], [0.5747062159960299, 0.08813119974290969, 0.2935252287754707, 0.04363735538558966]], "ideal": "D", "sampled": "D", "correct": true}}
{"type": "result", "data": {"idx": 7, "options": ["Higher risk job.", "Investment in human capital.", "Increase in production of SUVs.", "Racial discrimination."], "probs": [[0.007367525235259782, 0.016864931177775634, 0.8786821348111032, 0.09708540867586128], [0.003058605174920421, 0.00913172112212345, 0.7782689446460368, 0.20954072895691933], [0.0053560637073407575, 0.8528679779219306, 0.010905181275019852, 0.13087077699570876], [0.006358678560201937, 0.8865785642251223, 0.09641079845702925, 0.010651958657646553], [0.00439831684233963, 0.7003535851879471, 0.012144676695065018, 0.2831034211746482], [0.00586512052501978, 0.5077531507467794, 0.477006451339474, 0.009375277288726828], [0.0037831445138615098, 0.025254437334145143, 0.9330408530134428, 0.03792156503855062], [0.0022512526995115815, 0.01400831445973462, 0.5339309970449184, 0.4498094356958353], [0.0019921137595945012, 0.9250887520023731, 0.035312579928469805, 0.03760655420956267], [0.0019919537710774305, 0.9395577643088165, 0.049794735281591555, 0.008655546538514445], [0.0028432847840818695, 0.1370019930764734, 0.03331121101147308, 0.8268435110279716], [0.0024187821603152684, 0.054197812023403305, 0.9311927207177565, 0.012190684998524895], [0.698708317876849, 0.01966573918845834, 0.012115337337013888, 0.26951060549767886], [0.7610109823307666, 0.020439607166782482, 0.2048249047563663, 0.013724505646084567], [0.7376508882142978, 0.01920186989700634, 0.028376862628001324, 0.2147703791606945], [0.780028074192876, 0.018488717471704497, 0.18240355730006952, 0.019079650935349985], [0.9315056620279812, 0.04494919828393975, 0.01181749772836547, 0.011727641859713535], [0.9385694079212695, 0.034186670187025085, 0.00964266569555729, 0.01760125609614804], [0.0510187773934745, 0.01847837513693784, 0.01138380999298013, 0.9191190373766075], [0.019714623797844073, 0.03250469285206682, 0.9352466515368396, 0.012534031713249495], [0.1509121526932028, 0.016800683209118997, 0.028577110168534422, 0.8037100538291438], [0.03612751392231354, 0.023879499302966505, 0.917379467632469, 0.022613519042250892], [0.02025491444629643, 0.9533890548108959, 0.016403929343449773, 0.009952101299357901], [0.016454332050231772, 0.9563833750273975, 0.01157794926098851, 0.015584343561382307]], "ideal": "C", "sampled": "C", "correct": true}}
{"type": "result", "data": {"idx": 8, "options": ["all requirements for price discrimination", "required in order for a firm to earn short-run profits", "all sources of elastic demand", "all barriers to entry"], "probs": [[0.0954928788153476, 0.5083595806829652, 0.05704281883606191, 0.3391047215656254], [0.15600974972483383, 0.6778009583704446, 0.13775426250625666, 0.02843502929846481], [0.10705357522431465, 0.09158011934348605, 0.5190130703681137, 0.2823532349640856], [0.08876574585222728, 0.04902957269738032, 0.28216996155457863, 0.5800347197958138], [0.1953593226857733, 0.3221380816293633, 0.44745242904406013, 0.03505016654080326], [0.10446764099617178, 0.07643710507877172, 0.04528775997690468, 0.7738074938481518], [0.3239669739137169, 0.05542136624979028, 0.03283506942891792, 0.5877765903075749], [0.6487363221866966, 0.12575202157402257, 0.19787771244892993, 0.027633943690350816], [0.1726824306596336, 0.027111193067275427, 0.024682901543707402, 0.7755234746293835], [0.13826352768539169, 0.07062660367457926, 0.7135018918248348, 0.0776079767151942], [0.4782396416787771, 0.44921366881901226, 0.04699129395805386, 0.02555539544415683], [0.49542086084633813, 0.40429817076764935, 0.029986965596941174, 0.07029400268907132], [0.020638063855462734, 0.0650881836511401, 0.5451241216281929, 0.3691496307652043], [0.01690660473594669, 0.04284651348169323, 0.4294364893935651, 0.510810392288795], [0.0036603047852769646, 0.8959842521542873, 0.015659520747356295, 0.08469592221307941], [0.003016987595392827, 0.9556244793483359, 0.03321605446081442, 0.008142478495456814], [0.01033243469695216, 0.3700597974954915, 0.027016526764766634, 0.5925912409427897], [0.016524695274330974, 0.5223222513176728, 0.42641528683824187, 0.03473776646975429], [0.5545289915691654, 0.07160960628757806, 0.35812480966821675, 0.015736592375039854], [0.2022957432000343, 0.026537398797207897, 0.01781591151010468, 0.7533509463926531], [0.4153569944073589, 0.5168964275888088, 0.04589177676183727, 0.021854801141994968], [0.3058957411654506, 0.6375747823439021, 0.02715658914537975, 0.02937288724526755], [0.12851911093758495, 0.0182297557773406, 0.013440709467124518, 0.8398104237179499], [0.16000669775775808, 0.04374886189618555, 0.7517880600590368, 0.0444563801870196]], "ideal": "D", "sampled": "B", "correct": false}}
{"type": "result", "data": {"idx": 9, "options": ["increasing-cost industry", "constant-cost industry", "decreasing-cost industry", "profit-making industry"], "probs": [[0.05557097556255298, 0.0982954876928279, 0.5658064330620574, 0.28032710358256174], [0.07022766127819376, 0.11048608436799981, 0.5700641954874778, 0.24922205876632866], [0.07501903771376989, 0.512676416265192, 0.11989721715476581, 0.29240732876627235], [0.04768837633136008, 0.5249064583734278, 0.34430512910732164, 0.08310003608789047], [0.059302825253849015, 0.6326615786193145, 0.14795678797390882, 0.16007880805292765], [0.046754029165979635, 0.7487714969598308, 0.12612852593883814, 0.07834594783535138], [0.16693547739510134, 0.10446316981306246, 0.4398983218803313, 0.2887030308115049], [0.20474376967373814, 0.09447438873189098, 0.4335146779354819, 0.26726716355888896], [0.16693883635106713, 0.4330145885208981, 0.16437519595245279, 0.235671379075582], [0.11322642032246202, 0.37712767435469186, 0.43416914016011016, 0.075476765062736], [0.0932916188109464, 0.7690659256165391, 0.0398188268936536, 0.09782362857886089], [0.10587006411871847, 0.7465104181872935, 0.06890193860654176, 0.07871757898744625], [0.2810800247620587, 0.08843998214731429, 0.2519594318036859, 0.3785205611869411], [0.23778809000364626, 0.07541074883968829, 0.4374248547945414, 0.24937630626212404], [0.2022006392604663, 0.1599527323079006, 0.3898435590748096, 0.2480030692568235], [0.18487159242293424, 0.12906377593167417, 0.47964011781963023, 0.20642451372576132], [0.12812089871033983, 0.7259048195727517, 0.0521808823437184, 0.0937933992731901], [0.15149991777141536, 0.6086698400615138, 0.12175787692632659, 0.11807236514074419], [0.8262869345485282, 0.03804515131725713, 0.0667718469982797, 0.068896067035935], [0.8423784342967314, 0.0364360323644649, 0.06295667564628028, 0.05822885759252337], [0.8341389800429039, 0.07402920639487048, 0.03234185987005476, 0.05948995359217084], [0.8168943049224052, 0.07480025402155933, 0.044319019377553455, 0.06398642157848203], [0.8733831572242102, 0.04486120149173266, 0.027638759213177537, 0.05411688197087955], [0.8110229048037358, 0.05433230283682143, 0.05307454420717876, 0.081570248052264]], "ideal": "B", "sampled": "D", "correct": false}}
{"type": "result", "data": {"idx": 10, "options": ["Amount of wood used to make a desk.", "Number of pickles put on a sandwich.", "The size of a McDonald\u2019s kitchen.", "Number of teacher\u2019s assistants in local high schools."], "probs": [[0.11378517424612249, 0.13097870836507958, 0.4503188598569499, 0.304917257431848], [0.06541407497551015, 0.10536164672284598, 0.6927752310999005, 0.13644904710174344], [0.08532144446270211, 0.46852632117527093, 0.0509596560456925, 0.39519257821633447], [0.0748997639774847, 0.4482391244952536, 0.3958022653035236, 0.08105884612373813], [0.06495136046114502, 0.7492290762406479, 0.053447704955983825, 0.13237185824222314], [0.0626977737871363, 0.6382639217255837, 0.24619302907529128, 0.05284527531198875], [0.044259847128370805, 0.5026715675036977, 0.27775211360588004, 0.17531647166205147], [0.035323563038508775, 0.4371564273840568, 0.4306486136239006, 0.09687139585353381], [0.045866739171130634, 0.5168604869506735, 0.16016124246963093, 0.2771115313085648], [0.037130973952790074, 0.48537900677402573, 0.3184884166511663, 0.15900160252201792], [0.03143760247656746, 0.6566860797472396, 0.17407146418722208, 0.1378048534889709], [0.02928051121481006, 0.687691960191486, 0.18229184435643486, 0.10073568413726908], [0.18792577455991138, 0.3298011225250699, 0.09599869870187296, 0.3862744041131458], [0.1713708030158959, 0.25328054832905517, 0.4518052901486358, 0.12354335840641313], [0.1961804540476515, 0.1492469392904282, 0.35264591782831667, 0.3019266887336036], [0.15346896418185715, 0.13334367969276706, 0.46570106642207004, 0.24748628960330574], [0.21420379673023537, 0.460604173621513, 0.2077013772629603, 0.11749065228529129], [0.20451165276557307, 0.43293111544397433, 0.12311549953372086, 0.23944173215673173], [0.207246297361204, 0.4818358873292011, 0.06835691426437253, 0.24256090094522237], [0.1898478404254024, 0.36594408474225026, 0.34941068027838773, 0.09479739445395959], [0.1877263351172709, 0.12408072592627513, 0.43333390673635747, 0.2548590321200965], [0.22400802192772326, 0.18570749566281228, 0.3111648029400079, 0.27911967936945653], [0.12018005190541418, 0.6346925903313677, 0.1617986064451482, 0.0833287512180699], [0.11010982511999332, 0.6189982705987905, 0.0728053801342942, 0.19808652404692195]], "ideal": "C", "sampled": "D", "correct": false}}
{"type": "result", "data": {"idx": 11, "options": ["Price rises, but quantity is ambiguous.", "Price falls, but quantity is ambiguous.", "Price is ambiguous, but quantity rises.", "Price is ambiguous, but quantity falls."], "probs": [[0.37997605260458467, 0.29587190458581786, 0.14994219987257354, 0.1742098428370239], [0.399578955732718, 0.2788906374377471, 0.11716841817840169, 0.20436198855113322], [0.35004039030566436, 0.40918789460793586, 0.1287607641943337, 0.11201095079206608], [0.32318708206644087, 0.3719496463120247, 0.20542243467503848, 0.09944083684649593], [0.38551729913671073, 0.31460002061558895, 0.15452799199466377, 0.14535468815303657], [0.24533474808466932, 0.23777771348032375, 0.43067902964038834, 0.08620850869461855], [0.189456588482243, 0.5568811643960974, 0.12921334224183614, 0.12444890477982347], [0.18643843153438452, 0.539509506644251, 0.09016007458917327, 0.18389198713219115], [0.17041018476562655, 0.24990108420509696, 0.4971849582801904, 0.08250377264908612], [0.19010885907785263, 0.19011823190866162, 0.28541816553978755, 0.3343547433736982], [0.1517687611393669, 0.21237810270418014, 0.501741476332759, 0.1341116597236939], [0.18900664430466654, 0.21417476553823744, 0.21417476553823744, 0.3826438245188586], [0.14276441823929123, 0.6551117847568948, 0.08263818112203976, 0.11948561578177419], [0.11187853418118951, 0.6489656260988376, 0.16155380731191119, 0.0776020323080617], [0.10148092218104991, 0.4239898576306415, 0.4046904387480903, 0.06983878134021826], [0.1222981418084159, 0.3709375129688266, 0.20807466838997066, 0.29868967673278685], [0.13624848017973737, 0.42632104671741894, 0.3269424638736397, 0.11048800912920399], [0.1197881132323419, 0.278558214034663, 0.1265295994703006, 0.47512407316269445], [0.1739492351406747, 0.5704341913772584, 0.10886346142159069, 0.1467531119604763], [0.145211061269837, 0.5353781779833523, 0.26508683951106865, 0.05432392113574209], [0.13284937442184, 0.3875029807521488, 0.31140564476986615, 0.16824199995614508], [0.16004935382343283, 0.36927307748895893, 0.2787772201848566, 0.1919003484027516], [0.15615223579264156, 0.46262029498093876, 0.25155765190526064, 0.129669817221159], [0.14259440980269794, 0.478723807172927, 0.144859982552942, 0.23382180037143305]], "ideal": "C", "sampled": "A", "correct": false}}
{"type": "result", "data": {"idx": 12, "options": ["A bumper crop of oranges in Florida", "A decrease in the price of Tang", "Expectations of lower future prices for orange juice", "Expectations of higher future income among juice drinkers"], "probs": [[0.30075767633291556, 0.08032009004743369, 0.5533449053210998, 0.06557732819855092], [0.16858013206672695, 0.06758555265692887, 0.15592563479133587, 0.6079086803850083], [0.4686684519478705, 0.44718616215225265, 0.028589357965830176, 0.05555602783404668], [0.4154031976660052, 0.43532441298197616, 0.111811440080762, 0.03746094917125662], [0.25380643110467327, 0.5719634124037427, 0.031770231703489304, 0.1424599246880947], [0.20521599969671395, 0.43445288092558204, 0.33319051559769425, 0.027140603680009746], [0.026961435433356995, 0.23659280645248093, 0.6956365911156661, 0.04080916689849597], [0.03651078539944064, 0.11786569303880373, 0.16623813469589052, 0.6793853867658651], [0.03037718796341288, 0.7134166028909958, 0.16685905182403113, 0.0893471572215601], [0.03073172179356693, 0.6995560913710769, 0.1007963388820125, 0.16891584785334363], [0.0459046201092407, 0.4974434227015804, 0.18592173795266187, 0.27073021913651707], [0.01771625863049893, 0.21416012781087654, 0.6808779188244305, 0.08724569463419403], [0.37294668789084595, 0.4788441764571189, 0.06430556023160805, 0.08390357532042705], [0.3807409547330032, 0.39281873281467444, 0.1798728034517569, 0.046567508900565525], [0.474517881822818, 0.12972006200446878, 0.20092527566331048, 0.19483678040940272], [0.41499417818619044, 0.11523704257299526, 0.22563840469507257, 0.24413037444574168], [0.265935175528267, 0.38094321173231305, 0.30616256234616207, 0.046959050293257865], [0.29423309815242277, 0.532797725970036, 0.054009278276638324, 0.1189598975009029], [0.5251599461685236, 0.2724266602351037, 0.02916647630917998, 0.1732469171871927], [0.5161187292547139, 0.32297189544319727, 0.13892488827121208, 0.021984486930876766], [0.5539180058070522, 0.10087051679535883, 0.09930599934148153, 0.24590547795610743], [0.4397336804268318, 0.09735603464798322, 0.35340308265746656, 0.10950720216771838], [0.22380904361494144, 0.6179794944791689, 0.13367002308537104, 0.024541438720518668], [0.241765135568237, 0.6572231894529972, 0.03538382929894501, 0.06562784557982076]], "ideal": "D", "sampled": "C", "correct": false}}
{"type": "result", "data": {"idx": 13, "options": ["Demand is downward-sloping.", "The demand curve lies above the marginal revenue curve.", "Price is determined by the equilibrium in the entire market.", "Average revenue differs from price."], "probs": [[0.04107011155079256, 0.04690772346952558, 0.8512961958759903, 0.06072596900369155], [0.04813381481237665, 0.024019577591011608, 0.025169273004630097, 0.9026773344919816], [0.014299619234736473, 0.9492529734409964, 0.02048697460247423, 0.015960432621792937], [0.01395683098686071, 0.9484574859875357, 0.022836180988119098, 0.014749501937484526], [0.04836501571188393, 0.025690723303709525, 0.02609227979701709, 0.8998519810873894], [0.022928008567604026, 0.03870119055466258, 0.9089192794452149, 0.029451521332518465], [0.03136349679418294, 0.0669226095185076, 0.8479183883956442, 0.05379550519166526], [0.040671603857126384, 0.03618009935829822, 0.03143177333388222, 0.8917165233506932], [0.01467222742101198, 0.915003194046955, 0.04246543038160279, 0.027859148050430244], [0.015744974790780124, 0.915268467175787, 0.03206437451070133, 0.03692218342273147], [0.03399798071056486, 0.01907495667892938, 0.047948525218428996, 0.8989785372920768], [0.021651201835207735, 0.03598064703800257, 0.8718904017187274, 0.07047774930806223], [0.7637034228508175, 0.07385912701924191, 0.05237174150654899, 0.11006570852339155], [0.7552560477492776, 0.086067019205153, 0.09161752330756218, 0.06705940963800722], [0.7458548545091548, 0.06991583853260878, 0.07922258227271357, 0.10500672458552289], [0.7080336001393388, 0.09072037514970356, 0.11924765647507354, 0.08199836813588414], [0.7852983356927576, 0.07959288239289788, 0.05732822332213899, 0.07778055849220551], [0.7269021001140266, 0.08887125219740666, 0.10070240121436409, 0.0835242463742027], [0.030187869392320033, 0.037574318648233844, 0.027703529329211787, 0.9045342825302344], [0.019061044796164155, 0.08025486377825009, 0.86973341058984, 0.030950680735745743], [0.030569070987680115, 0.03357803993616256, 0.034104285588174875, 0.9017486033879825], [0.021909569027941125, 0.0654151084130622, 0.8753910888144337, 0.03728423364456294], [0.005312930215046367, 0.958647230945065, 0.021016561915046274, 0.015023276824842356], [0.00708050581896345, 0.9494547538739256, 0.02181399680443074, 0.0216507434026802]], "ideal": "C", "sampled": "C", "correct": true}}
{"type": "result", "data": {"idx": 14, "options": ["money.", "plant and equipment.", "where the central government is located.", "the center of the economy."], "probs": [[0.001532717181612074, 0.9959247803665845, 0.0015209765805807645, 0.0010215257712226488], [0.001363568636457529, 0.9961687920103554, 0.001999760751092873, 0.0004678785020942273], [0.0016259961994617407, 0.0026393066653453, 0.9925996775958646, 0.003135019439328347], [0.004437633348767937, 0.0027772463079218505, 0.00228424744071459, 0.9905008728025956], [0.0013393507309723003, 0.0029715041870284095, 0.9939554156548174, 0.0017337293271819463], [0.0065968419706055334, 0.003068075371395459, 0.0016810673087266077, 0.9886540152492724], [0.9977356122104679, 0.0015474583134498692, 0.000214411728257396, 0.0005025176478248305], [0.998070203380147, 0.0014316361959732626, 0.0002819297725475491, 0.00021623055133223812], [0.998448513120904, 0.0005564983043245462, 0.000606428365334844, 0.00038856010943667476], [0.9980500487603029, 0.0005650342967456324, 0.0003853244641959642, 0.0009995923787554685], [0.99847904956329, 0.0008289249720503142, 0.0004723213690038074, 0.00021970399565580267], [0.9974637189642194, 0.0009310250318086107, 0.0002817561661776351, 0.0013234997377943463], [0.0007143047386798481, 0.006937555385357057, 0.9903285862676845, 0.0020195535082786066], [0.0026265090333129756, 0.005647913287790718, 0.0024290465215688686, 0.9892965310573274], [0.0007105431403367285, 0.9927799268767654, 0.005128650544660969, 0.00138087933823684], [0.0007167186128242552, 0.993627629726051, 0.003935678719221685, 0.0017199728419030312], [0.0014050228689995953, 0.002772578865065635, 0.0075355229852200846, 0.9882868751807147], [0.0006272125129983883, 0.002810940564215341, 0.9930628142426877, 0.003499032580098537], [0.000856939689276459, 0.005544381502516915, 0.9926932966801633, 0.0009053820280433393], [0.003793236866168383, 0.004720977414572655, 0.0018486902413043032, 0.9896370953779546], [0.0009720283426268188, 0.9936340316134805, 0.004822259124733697, 0.0005716808191590094], [0.0012389581546449872, 0.9941103339327538, 0.0026231053146870418, 0.002027602497914123], [0.0015281454851255078, 0.0020888735359454657, 0.009963424525120897, 0.9864195563538081], [0.0009189660726672378, 0.0019454862815169302, 0.9922436421048292, 0.0048919054409866545]], "ideal": "B", "sampled": "B", "correct": true}}
{"type": "result", "data": {"idx": 15, "options": ["Ray pulls weeds, since he has absolute advantage in cooking.", "Dorothy pulls weeds, since she has absolute advantage in cooking.", "Dorothy cooks, since she has comparative advantage in cooking.", "Ray cooks, since he has comparative advantage in cooking."], "probs": [[0.05103263775348086, 0.07426634843204262, 0.48427108740712477, 0.39042992630735174], [0.03372721248053952, 0.03944214286103772, 0.566109278513904, 0.3607213660445187], [0.08152608009788406, 0.2611480115349514, 0.22511542344335334, 0.43221048482381125], [0.057860488298088326, 0.45517863436640993, 0.3227907743554043, 0.16417010288009745], [0.01596673442158341, 0.7171523201336854, 0.06566653607935768, 0.20121440926537354], [0.010794403810915447, 0.877935456798133, 0.07493559910722064, 0.0363345401837309], [0.05333023244596865, 0.09215679190423394, 0.409796692572471, 0.4447162829773264], [0.03999651342252502, 0.06966020470077765, 0.5697273846691138, 0.3206158971075836], [0.018202424318794458, 0.6884329420896314, 0.13555839858425678, 0.15780623490731738], [0.02231840177064882, 0.6522928864478184, 0.21511207310862393, 0.11027663857290894], [0.029311493691362954, 0.6415893578243018, 0.12340236729793864, 0.20569678108639664], [0.014608428689609815, 0.8229267527398636, 0.12042646007913273, 0.04203835839139385], [0.2184618031301727, 0.14103146316284657, 0.17277983344197514, 0.4677269001650056], [0.11735663212089492, 0.12888502689249834, 0.6807259713706342, 0.07303236951597257], [0.16257336612973072, 0.10014969034870061, 0.12174317893849917, 0.6155337644830695], [0.200138807287081, 0.10463329438066914, 0.5657025400506904, 0.12952535818155947], [0.13182993821211336, 0.4859506406574065, 0.20416636185540182, 0.17805305917507833], [0.13595560191702272, 0.537661313956854, 0.1718492805785945, 0.1545338034475288], [0.18161104076443832, 0.16664546229825522, 0.16024775323911145, 0.49149574359819503], [0.31091793905191906, 0.18275156343016047, 0.3157730949239103, 0.19055740249401015], [0.23235584793151448, 0.1376535445314083, 0.14425060151565, 0.48574000592142724], [0.14819220645017897, 0.09948413447472508, 0.6799788221044791, 0.07234483687061682], [0.29880898297394454, 0.28507008296171965, 0.2037252126810312, 0.2123957212833046], [0.27683085705573973, 0.3498792633172336, 0.2442677100413216, 0.12902216948570505]], "ideal": "D", "sampled": "D", "correct": true}}
