{"type": "result", "data": {"idx": 0, "options": ["(0, \u2013 3)", "(4, 1)", "(2, 2)", "(\u2013 4, \u20132)"], "probs": [[0.2617420041361817, 0.4487847615580569, 0.08838719149347082, 0.20108604271229058], [0.2834772615174656, 0.4975325724188256, 0.07513126376949587, 0.14385890219421293], [0.23410548362146333, 0.4306896071784386, 0.1727375732047928, 0.16246733589530524], [0.29179576688610676, 0.4519376557301518, 0.14005540622984192, 0.11621117105389947], [0.31688496467282506, 0.45388332004776655, 0.06591096519764779, 0.16332074998176058], [0.2987213156723376, 0.4147291511979904, 0.11340881222402055, 0.17314072080565143], [0.05535408295812962, 0.7018357875370911, 0.1043415108998325, 0.13846861850494685], [0.05529408321108064, 0.7519775852398386, 0.07990028201437537, 0.11282804943470541], [0.10386461734741761, 0.4997118636680718, 0.24373498230709748, 0.1526885365774131], [0.11646400217345984, 0.5388643660771754, 0.1331302354630283, 0.21154139618633647], [0.13922246006560554, 0.5508904538630469, 0.1566580110133692, 0.1532290749579783], [0.12880810710071577, 0.46415163678797866, 0.12690692760548722, 0.28013332840581834], [0.08286843695015837, 0.6574264960056704, 0.14791731975737188, 0.11178774718679933], [0.08049649769784228, 0.7178497267974053, 0.11908653057637275, 0.08256724482837963], [0.11403297076249237, 0.44084463151823006, 0.2826544873819175, 0.16246791023736004], [0.13074110641872463, 0.47852943055805675, 0.16414495055442144, 0.2265845123687972], [0.12605173051856663, 0.6207164253047396, 0.14521110813713645, 0.10802073593955727], [0.13000224007872893, 0.6157044630406855, 0.09082182427495161, 0.1634714725056339], [0.19489067829010961, 0.5017246229650061, 0.13507339840719917, 0.16831130023768515], [0.18758386092122323, 0.47918029900795184, 0.17497147357246745, 0.15826436639835745], [0.22683843291999173, 0.43735619071651355, 0.10308305610928102, 0.2327223201542137], [0.2137823722278452, 0.38125864375243845, 0.14027602133087125, 0.26468296258884505], [0.1566413836513693, 0.5260098136736399, 0.17218369756954743, 0.14516510500544344], [0.13822784194590151, 0.5302189868027838, 0.1617648206927647, 0.16978835045854998]], "ideal": "D", "sampled": "A", "correct": false}}
{"type": "result", "data": {"idx": 1, "options": ["2500", "2", "50", "25"], "probs": [[0.30868298732183036, 0.35523743492500354, 0.06942239609925309, 0.266657181553913], [0.3425896499236471, 0.40991620215333124, 0.1892783079898175, 0.058215839833204136], [0.3185777223427429, 0.3063261967743291, 0.1470329993652445, 0.22806308141768353], [0.3505152322231744, 0.29283706659892206, 0.21264884824334804, 0.1439988528345555], [0.33788031336266583, 0.49146997923704683, 0.13870139418645488, 0.03194831311383245], [0.3733488362655956, 0.44673312205153504, 0.035829607794162, 0.1440884337887073], [0.08524757622820009, 0.5737531184576393, 0.10870639978752261, 0.23229290542663797], [0.07554532460856898, 0.637722306001082, 0.240472232118003, 0.046260137172345936], [0.061217076614210615, 0.6283612203836818, 0.09791071639042458, 0.21251098651168301], [0.0603243644330215, 0.5254891875387123, 0.3532716175588128, 0.060914830369453374], [0.04409052693942519, 0.8067108276699418, 0.0780649008115488, 0.07113374447908412], [0.0495095316015349, 0.6892114044370456, 0.20236049155747446, 0.058918572303944934], [0.20623929181899678, 0.49092157207224274, 0.14072727736236215, 0.16211185864639832], [0.19329257307503872, 0.44246831531868347, 0.27703323957533926, 0.08720587193093852], [0.24430589443316064, 0.5548627310600062, 0.073947808264513, 0.1268835661423202], [0.15265295817833238, 0.4630264021306975, 0.34715460816455956, 0.037166031426410506], [0.1238084855410824, 0.752699849830561, 0.04592553149314785, 0.07756613303520875], [0.12654356685933676, 0.745698485014326, 0.09338749610811758, 0.03437045191821965], [0.3919010015967115, 0.340351658267331, 0.2216467327534515, 0.04610060728250601], [0.380470335445504, 0.2380175441265507, 0.23813001809123063, 0.14338210223671463], [0.4717119301934516, 0.3530916396135622, 0.11378813400181312, 0.06140829609117306], [0.4291693775641973, 0.3556438558318592, 0.16547831202587496, 0.04970845447806849], [0.17574647837158694, 0.6479871006859378, 0.04342397496540331, 0.13284244587707197], [0.16314784784720016, 0.6869773132620407, 0.11398962903303443, 0.03588520975772474]], "ideal": "C", "sampled": "D", "correct": false}}
{"type": "result", "data": {"idx": 2, "options": ["392", "336", "300", "297"], "probs": [[0.37979759630346344, 0.3375648159176858, 0.13022441772635643, 0.1524131699524944], [0.3608650591673077, 0.2722182591897592, 0.11264487438748018, 0.2542718071554529], [0.4215599235238289, 0.2940714613192537, 0.184163239815844, 0.10020537524107334], [0.38715169983663067, 0.27435476402742215, 0.1665028234107534, 0.17199071262519383], [0.371468633376168, 0.31999993321079784, 0.12152248619771713, 0.18700894711531704], [0.34168673576534464, 0.2787068867019326, 0.20890758062024722, 0.17069879681247552], [0.33540555063199257, 0.4475327527597697, 0.14886455062801923, 0.06819714588021848], [0.3106979637750354, 0.3804438964939776, 0.08296280909740757, 0.22589533053357944], [0.4087281402915834, 0.31070618892464796, 0.18714004195427955, 0.09342562872948905], [0.4099984673000998, 0.27293720228616214, 0.09736195733105658, 0.21970237298268144], [0.35858598882227477, 0.31873223657299965, 0.1393204948065509, 0.18336127969817465], [0.3161563182706486, 0.2558945340885766, 0.2313666572528185, 0.19658249028795624], [0.17201146097225634, 0.586316274353726, 0.1472442266068685, 0.09442803796714913], [0.17307200381396, 0.5629216818350269, 0.09053379704144515, 0.1734725172095679], [0.15419643544779638, 0.5863668075432209, 0.1847424468059838, 0.07469431010299885], [0.1620062279389751, 0.5742350177322159, 0.07537633868762833, 0.18838241554118065], [0.30010515448430225, 0.29299831387450875, 0.18349938092780943, 0.22339715061337959], [0.30122446113123885, 0.2762768483995235, 0.16638171175301086, 0.2561169786162268], [0.42956504761762915, 0.2793129613153167, 0.11740336038068833, 0.1737186305863658], [0.4114939035286369, 0.24941876899816018, 0.21348640638669913, 0.12560092098650377], [0.39376236811031057, 0.3186367058841624, 0.14147954756157774, 0.1461213783439493], [0.36856786511335243, 0.27803755632354665, 0.2100347640910746, 0.14335981437202627], [0.3582385827026768, 0.3751759296078351, 0.14362314242998642, 0.12296234515950169], [0.3654373287789165, 0.36233228441429777, 0.13338495789624555, 0.1388454288105402]], "ideal": "A", "sampled": "A", "correct": true}}
{"type": "result", "data": {"idx": 3, "options": ["\\frac{7}{9}", "\\frac{8}{9}", "\\frac{5}{9}", "\\frac{9}{11}"], "probs": [[0.05943915586637597, 0.7300324398478667, 0.18912705671501373, 0.021401347470743546], [0.054287309268607094, 0.7795107756648203, 0.03564411308442948, 0.13055780188214314], [0.07016931604207674, 0.3220419645367752, 0.5613364085242666, 0.0464523107968815], [0.1319093376584465, 0.38477974266183634, 0.05949982122109788, 0.4238110983586193], [0.11010166167717825, 0.22427329265457538, 0.3700995069431414, 0.29552553862510494], [0.11030080913394368, 0.24479509887631548, 0.14509297905901516, 0.49981111283072566], [0.22441806900125985, 0.4498243234523274, 0.2752132240502946, 0.05054438339611817], [0.2439856605290073, 0.47027076864693357, 0.07329575498277859, 0.21244781574128055], [0.1882084997060087, 0.45865832995715095, 0.2987035657283965, 0.05442960450844383], [0.2238603251844544, 0.47023582977091444, 0.06518382319035641, 0.24072002175427473], [0.2599696516730692, 0.2923276424115631, 0.18303427098351235, 0.2646684348318553], [0.21635875225576465, 0.27355488189963423, 0.17670683387440905, 0.3333795318701921], [0.1630237263503347, 0.45019051763525725, 0.35092339177588655, 0.03586236413852146], [0.1679994860719681, 0.4094402667637431, 0.042843623668331415, 0.3797166233959573], [0.17929041204201768, 0.6065502793340424, 0.18368422762663503, 0.030475080897304857], [0.18994306238267736, 0.6425911259298174, 0.03461741321877757, 0.1328483983687277], [0.2152399069707881, 0.21866562447740784, 0.10913558791092585, 0.4569588805408782], [0.28107461749297913, 0.21385403293995384, 0.2925052388093214, 0.21256611065774567], [0.08925127702624372, 0.29509802208636265, 0.4232003909105259, 0.1924503098768677], [0.11459197250245634, 0.29733927484329237, 0.14726471131421973, 0.4408040412400316], [0.14252591772287865, 0.44958007631693203, 0.1449270608919735, 0.2629669449682158], [0.1281226965006008, 0.4336157246864271, 0.18662761805749997, 0.25163396065547217], [0.1019120477750331, 0.33429004003825363, 0.16557688136147017, 0.3982210307252431], [0.09180245882237774, 0.34663076635869594, 0.3636382357276225, 0.19792853899130386]], "ideal": "B", "sampled": "B", "correct": true}}
{"type": "result", "data": {"idx": 4, "options": ["(-inf, 10)", "(-inf, 9)", "(-inf, 8)", "(-inf, 7)"], "probs": [[0.26467940011447766, 0.5605340557690157, 0.08668009126302978, 0.08810645275347681], [0.19521624866048687, 0.44711297097645514, 0.08808569323582639, 0.2695850870272316], [0.15658684630098607, 0.4641048929164689, 0.302264523340962, 0.07704373734158305], [0.15992326138518642, 0.4248754539987049, 0.118038859878555, 0.29716242463755366], [0.15570495325088832, 0.45084668166092595, 0.2286471622068299, 0.16480120278135582], [0.12786839710583528, 0.36738535210712503, 0.23551386241474198, 0.26923238827229773], [0.2214860915422595, 0.4765043577711559, 0.22351853555937712, 0.07849101502720748], [0.1931726812105823, 0.4709918866728412, 0.1329292674666225, 0.202906164549954], [0.1872016978196242, 0.5769036540610186, 0.10595623639558695, 0.12993841162377023], [0.18048034998999934, 0.5307413296644027, 0.10789671174515635, 0.18088160850044166], [0.15232368719983877, 0.4342219193871865, 0.16363177677138138, 0.2498226165415933], [0.13098692378484578, 0.40060436726113297, 0.31968011850498995, 0.14872859034903124], [0.15064273324167113, 0.5302255591152697, 0.22469324691751025, 0.09443846062554885], [0.14140206784685155, 0.42574653659596146, 0.20281887354638845, 0.23003252191079854], [0.16835351161201959, 0.5229164322470509, 0.0834316381472987, 0.22529841789363084], [0.17986920206135087, 0.5331229487553139, 0.126705033666561, 0.1603028154167743], [0.14715230902011836, 0.4395687710670776, 0.14617282586343144, 0.2671060939493726], [0.1903552199868591, 0.5425274018040502, 0.1818501732398591, 0.08526720486923152], [0.1539386292957088, 0.5418280049079935, 0.21069761717360752, 0.09353574852269012], [0.12119947079100193, 0.37652312127919496, 0.3051505798224899, 0.19712682800731324], [0.13607657157128122, 0.40969759832245356, 0.11652566665029043, 0.3377001633559748], [0.14591726224401952, 0.4359135497398307, 0.30696349418182695, 0.11120569373432285], [0.11104513041343322, 0.4259441228227854, 0.12795926724554468, 0.3350514794182367], [0.15013096853565172, 0.5581502733678473, 0.17993749526858235, 0.11178126272791866]], "ideal": "C", "sampled": "B", "correct": false}}
{"type": "result", "data": {"idx": 5, "options": ["396", "72", "66", "36"], "probs": [[0.17630864021249432, 0.45376862380703165, 0.31937597989166905, 0.050546755988804946], [0.22524074388995652, 0.3127013537780077, 0.06923610177647424, 0.39282180045556153], [0.3205248367387676, 0.44845794958669694, 0.12358790450666414, 0.10742930906787135], [0.3232181869655035, 0.41175322493508937, 0.1600269776414651, 0.10500161035794206], [0.24919731726838656, 0.2065755858320877, 0.051828331854015884, 0.4923987649455098], [0.33201467740184887, 0.37034418899331345, 0.22293975780954953, 0.07470137569528817], [0.5489068071658872, 0.17541632185177447, 0.20193986743114498, 0.07373700345119329], [0.46923308327695334, 0.1699109289592068, 0.09531773235879339, 0.26553825530504643], [0.21925415749902913, 0.6968184320473759, 0.024413429925784828, 0.059513980427810094], [0.21810710874845957, 0.72641731789632, 0.04163375581751786, 0.013841817437702538], [0.40229253683132854, 0.29427733082601143, 0.017814905748125484, 0.28561522649453447], [0.22202592548307598, 0.33069812447423147, 0.4247608379559683, 0.022515111986724238], [0.09512412405367954, 0.43987899358822447, 0.32961752516285253, 0.13537935709524346], [0.15556725510366445, 0.4829351197534263, 0.23731514278701976, 0.1241824822558895], [0.09392350316337945, 0.6780209707298986, 0.05229119997339666, 0.1757643260333252], [0.09195071500741712, 0.7065535839523566, 0.17320577965912246, 0.028289921281103834], [0.11720611724268386, 0.5952404052133113, 0.031064413021908956, 0.2564890644220958], [0.07340402955128861, 0.634140376937606, 0.26035762024568887, 0.03209797316541643], [0.23315898376878097, 0.14031205651811166, 0.16926085442814828, 0.4572681051849591], [0.36046658868562836, 0.15380309062244987, 0.26169555596787747, 0.22403476462404429], [0.22668060519101013, 0.3429390992143001, 0.03503711730112641, 0.39534317819356335], [0.09706285667240695, 0.32076442477449174, 0.5373638907831275, 0.04480882766997377], [0.12733122871160985, 0.6938234061366216, 0.028643893448579025, 0.15020147160318945], [0.08804866113070109, 0.7666987886486191, 0.11047716483072414, 0.03477538528995572]], "ideal": "B", "sampled": "C", "correct": false}}
{"type": "result", "data": {"idx": 6, "options": ["0.16", "0.24", "0.3", "0.5"], "probs": [[0.2866919211274941, 0.32486449625012065, 0.26313041226201966, 0.1253131702603656], [0.24458547116296514, 0.28153223006243683, 0.11198712222638768, 0.36189517644821034], [0.16597907243499357, 0.5153276919803276, 0.18521668015058387, 0.13347655533409497], [0.17519620896628135, 0.465244782474128, 0.0680850048263457, 0.29147400363324494], [0.2990338072313636, 0.19458625338875343, 0.2023390142861766, 0.30404092499370633], [0.2794460952002506, 0.2227910756842028, 0.2730138897622799, 0.2247489392532667], [0.2672074596142268, 0.26306335703265726, 0.31738190751370365, 0.15234727573941229], [0.250778034350711, 0.25473611082486713, 0.18206180225350577, 0.31242405247091604], [0.25714096041222506, 0.4442895286191835, 0.11322590538880599, 0.18534360547978543], [0.21560758876398675, 0.35828290764610293, 0.09949758203088548, 0.32661192145902485], [0.2340505867962437, 0.343229740823755, 0.13336913286305926, 0.289350539416942], [0.19486853516622757, 0.29716778564701696, 0.30191803706264014, 0.20604564202411535], [0.09370446762724266, 0.5608419513643392, 0.18210118602488465, 0.16335239488353342], [0.09919848889314832, 0.5405986824001882, 0.13457797265826002, 0.2256248559484035], [0.14932502204623796, 0.5131836838914576, 0.1200113814955971, 0.21747991246670734], [0.11906404969491101, 0.42551220093155856, 0.17601374052215416, 0.2794100087513763], [0.1244476800701172, 0.40181681210391296, 0.2219327373436729, 0.251802770382297], [0.12361644575600796, 0.4522630706651666, 0.24402729401613696, 0.18009318946268849], [0.055591810696197785, 0.5705055019080307, 0.12435524955770788, 0.24954743773806357], [0.04716373765173404, 0.5747689796890765, 0.23594614161991195, 0.14212114093927752], [0.07199093168226987, 0.5798747115710072, 0.09843609774428012, 0.24969825890244277], [0.05941520106999984, 0.5215299323249594, 0.2706402342734389, 0.14841463223160187], [0.06393082343995786, 0.5880675823686415, 0.16983118398530928, 0.17817041010609133], [0.05858316840855753, 0.6499884941892641, 0.14280684769685636, 0.14862148960532204]], "ideal": "C", "sampled": "C", "correct": true}}
{"type": "result", "data": {"idx": 7, "options": ["42", "12", "36", "39"], "probs": [[0.4021614940987877, 0.3548144796301049, 0.06987994944498933, 0.17314407672611812], [0.46985593778882256, 0.39551725798923826, 0.05789097435166878, 0.07673582977027038], [0.3907418752457848, 0.37277524623590275, 0.14717591574978864, 0.0893069626685238], [0.3721840457434376, 0.28533713306094116, 0.18719104304879322, 0.15528777804682806], [0.3990703239603261, 0.37482944266784074, 0.18563103743138926, 0.04046919584044389], [0.43363302796761977, 0.31226597440687104, 0.08809627283029632, 0.16600472469521288], [0.10707592111207709, 0.6460974004872697, 0.12527229637277867, 0.12155438192787453], [0.11148776112872091, 0.7387974857545199, 0.08756830542403965, 0.06214644759271953], [0.077832012201036, 0.7050589217276798, 0.14442828080955858, 0.07268078516172562], [0.07815106095857137, 0.6151888874274887, 0.18048806217760896, 0.12617198933633095], [0.058532556612870795, 0.6915964715398972, 0.2045565017890837, 0.04531446995814826], [0.08787230401352493, 0.7079604267366075, 0.10042716561743684, 0.10374010353243071], [0.2099985150783093, 0.5198434513310781, 0.19282127627558593, 0.07733675721502668], [0.26123374697933927, 0.5035786032173118, 0.0861690342340131, 0.1490186154693358], [0.3142741007139615, 0.46806327708420964, 0.1147347046082952, 0.1029279174935336], [0.2634520569694647, 0.4145105244476913, 0.14898725074510893, 0.17305016773773502], [0.180687029302706, 0.46153983698402806, 0.18509102252712525, 0.17268211108614065], [0.1846420168692006, 0.5099635719743028, 0.17630086837436057, 0.1290935426821361], [0.168572453115825, 0.5977828412980661, 0.19569466714549136, 0.03795003834061746], [0.21856392754988788, 0.6178480340082895, 0.054422236568088235, 0.10916580177373439], [0.2817980913335132, 0.46463193965566085, 0.20788487557606775, 0.04568509333475817], [0.31313879408453976, 0.4450341495406155, 0.08903058831811209, 0.15279646795673263], [0.2845483635216013, 0.34057359869133313, 0.23053555991324456, 0.14434247777382103], [0.290490673878469, 0.384853435201302, 0.2142925017429054, 0.11036338907732363]], "ideal": "A", "sampled": "A", "correct": true}}
{"type": "result", "data": {"idx": 8, "options": ["\\frac{125}{648}", "\\frac{25}{648}", "\\frac{625}{648}", "\\frac{1}{648}"], "probs": [[0.3106396643569532, 0.4345887688498203, 0.05704923069785758, 0.1977223359953689], [0.30118390241567694, 0.5162667516192089, 0.12177436525406299, 0.06077498061105125], [0.45042439579431826, 0.2862298551770291, 0.10133185896269603, 0.16201388996595664], [0.43260713118139743, 0.29959478078484375, 0.1748875923313374, 0.09291049560242141], [0.26526131235162287, 0.5659000662185572, 0.0518688614663446, 0.11696975986347541], [0.27489981564551513, 0.581875692657228, 0.03286146060908282, 0.110363030988174], [0.4880787188229501, 0.19408597267064437, 0.058309470017862235, 0.25952583838854326], [0.4954941760220651, 0.23217491390526107, 0.1881614769078664, 0.08416943306480745], [0.4767512260180509, 0.1699466917474007, 0.07486785481374275, 0.2784342273208056], [0.5620862673529292, 0.20035190281199897, 0.13671890982456023, 0.1008429199105116], [0.4331279251360222, 0.38212631847934986, 0.04062494871498996, 0.14412080756963797], [0.457015225668683, 0.40319139587405917, 0.028556401492259104, 0.1112369768649987], [0.26692808464324785, 0.36198735247016406, 0.1079130009674177, 0.26317156181917034], [0.26419059845007437, 0.4254612966671525, 0.17204125688493882, 0.1383068478978343], [0.2599716166894071, 0.3015454388738221, 0.06838659145456209, 0.37009635288220866], [0.2854996451152185, 0.4387052691315833, 0.12978864431343118, 0.146006441339767], [0.2656324306472905, 0.45537008546843044, 0.05839594670531121, 0.22060153707896785], [0.27319417825857173, 0.46833308988843686, 0.06443178244052596, 0.19404094931246543], [0.39601012500050176, 0.2256122029544819, 0.20241194641843374, 0.1759657255265826], [0.4525626925634165, 0.22750538719373478, 0.10587639474546755, 0.21405552539738112], [0.4521834614027043, 0.22379207931795536, 0.10333830323252748, 0.22068615594681285], [0.4373748269435378, 0.2377336901357435, 0.07723935635182227, 0.24765212646889645], [0.4239810013947369, 0.1584078037936276, 0.12344570925836273, 0.29416548545327276], [0.4688260308054673, 0.16072743836877595, 0.13438242183641022, 0.23606410888934648]], "ideal": "C", "sampled": "D", "correct": false}}
{"type": "result", "data": {"idx": 9, "options": ["8", "12", "10", "4"], "probs": [[0.23142575353208994, 0.5639623788939322, 0.12884857769331137, 0.07576328978066649], [0.22148280338552384, 0.5745576151904558, 0.14193685668636505, 0.06202272463765531], [0.18443695395968332, 0.5593828170702322, 0.19037838987511943, 0.06580183899496508], [0.19543285957159595, 0.5700312341184292, 0.12044688492474824, 0.11408902128522669], [0.24998359565905015, 0.485691908591785, 0.21390515723104903, 0.050419338418115835], [0.23858830685894442, 0.44580361906903804, 0.17190350846573538, 0.14370456550628216], [0.18622575420922793, 0.5103007478456897, 0.2161245164636537, 0.08734898138142869], [0.19854029123554742, 0.5356350897178075, 0.1534837862628494, 0.11234083268379562], [0.22486207407211395, 0.5522860185803441, 0.10792022417183376, 0.11493168307570822], [0.20474076269009722, 0.5148361920795589, 0.19698521492895565, 0.08343783020138827], [0.12960212414168665, 0.594862840818838, 0.1704618845136577, 0.1050731504258177], [0.13747603314378132, 0.6612556275625419, 0.11582406381808086, 0.08544427537559597], [0.21954075499200157, 0.42656301494379134, 0.2842299576364104, 0.06966627232779665], [0.23920360625958312, 0.43321810211894535, 0.1439996595238843, 0.1835786319975872], [0.14720295422990434, 0.7247188713597686, 0.0690225290774171, 0.059055645232909855], [0.14056062696958652, 0.6400945782021343, 0.14285254477026063, 0.0764922499580185], [0.17244814591543176, 0.5272138196777664, 0.15832580860351475, 0.1420122257032871], [0.1646326774021536, 0.5528090575052484, 0.22693192872023737, 0.05562633627236059], [0.25894589666245366, 0.5313807408647389, 0.1354437091546687, 0.07422965321813882], [0.21975040106139895, 0.48763378723105427, 0.1354290673682404, 0.15718674423930634], [0.3043544522140299, 0.494044620627427, 0.10196311542944705, 0.09963781162909603], [0.329539028302118, 0.5266087611490727, 0.07528590354102571, 0.06856630690778354], [0.2786486835015804, 0.4558766442173338, 0.1208051949018734, 0.14466947727921237], [0.21909030616803613, 0.4602901201893509, 0.2664749244639556, 0.054144649078657375]], "ideal": "B", "sampled": "B", "correct": true}}
{"type": "result", "data": {"idx": 10, "options": ["13", "14", "1", "2"], "probs": [[0.3376376792051883, 0.4234500434006887, 0.1849956303834068, 0.0539166469107162], [0.3003016456706279, 0.37669560870778035, 0.12714846620403508, 0.19585427931755667], [0.41463529241742125, 0.3894433581894374, 0.07316027217462633, 0.12276107711851499], [0.4106554121162272, 0.4041826158669425, 0.07534441407273083, 0.10981755784409948], [0.3455168357968049, 0.34279466182729906, 0.06801776688637297, 0.24367073538952305], [0.3375970150013705, 0.332319202481649, 0.2670584042629153, 0.0630253781540652], [0.06240844796230984, 0.5832344606604275, 0.2733903394586847, 0.08096675181857792], [0.05754190417440568, 0.5131585693062016, 0.15167527181768736, 0.27762425460170526], [0.1259712446499745, 0.37339363054764013, 0.2606544235185564, 0.23998070118382897], [0.12625835285253018, 0.386021374576037, 0.12927019067829007, 0.3584500817931427], [0.07872861171205625, 0.3530240190057597, 0.1760942703344513, 0.3921530988477327], [0.09252150769447717, 0.40203805570924483, 0.3412889990445472, 0.16415143745173083], [0.07107129960808456, 0.555080018913967, 0.12875025599837034, 0.24509842537957816], [0.07825584942082364, 0.5830338174425804, 0.20627219097554853, 0.13243814206104734], [0.09555168838023458, 0.15277961815931898, 0.4421623482052509, 0.30950634515519554], [0.13910993271330266, 0.2539426239440786, 0.35817377910452264, 0.24877366413809604], [0.07660415539559137, 0.31030099656158106, 0.32521223049451525, 0.2878826174483123], [0.09811606330274919, 0.4133067757469376, 0.10778540452077041, 0.3807917563295428], [0.1462322644181686, 0.5146250800962968, 0.09152975813918579, 0.24761289724634877], [0.14554871834176716, 0.5201852398618212, 0.2555732764878594, 0.07869276520855228], [0.2622075339560631, 0.18450809738417998, 0.16153165455735213, 0.3917527140024048], [0.31002055001230744, 0.253012430032184, 0.28675628987468005, 0.15021072998082852], [0.21150246890761806, 0.4584129588864678, 0.1712916246270199, 0.1587929474788942], [0.22641939175568623, 0.5024017151211161, 0.04935230741922606, 0.22182658560397156]], "ideal": "D", "sampled": "A", "correct": false}}
{"type": "result", "data": {"idx": 11, "options": ["30", "64", "2048", "60"], "probs": [[0.1298114628257104, 0.6390808081193267, 0.10115013044470544, 0.12995759851025748], [0.10871738113331376, 0.655801589305672, 0.14524978289604715, 0.09023124656496712], [0.09263042166680178, 0.4705114644600199, 0.3695489686089139, 0.0673091451642644], [0.11750490392321858, 0.39758381835990664, 0.39473304736739456, 0.09017823024948023], [0.10415597026150027, 0.5458807226645287, 0.24810271898181635, 0.10186058799215471], [0.14582896665750877, 0.5011875182242933, 0.1267615296344813, 0.22622198538371655], [0.16389913342143037, 0.6332708377962343, 0.09269037649243282, 0.11013965218990257], [0.1569054789808072, 0.6403278969907045, 0.11043902654531991, 0.09232759738316848], [0.1735166324018518, 0.44312548963113096, 0.29534703710215504, 0.08801084076486214], [0.17330171166117478, 0.4898889362322153, 0.2522807717071022, 0.08452858029950765], [0.15521210314858463, 0.6848874040389076, 0.07992723523825407, 0.07997325747425377], [0.15752100157001464, 0.5542009720039924, 0.10095055851599884, 0.18732746780999407], [0.1544015298659579, 0.5431702278092913, 0.24688809261318034, 0.055540149611570507], [0.17189469547576294, 0.5462897297277944, 0.12385638525164479, 0.15795918944479778], [0.0657686770498691, 0.7828555773481167, 0.11640583687115531, 0.03496990863085884], [0.06337011924995771, 0.7905291384058256, 0.09668833858152645, 0.04941240366269026], [0.0995247043321813, 0.7073700796223908, 0.09651721771303633, 0.09658799823239152], [0.0726324953694091, 0.7056522736705453, 0.16508265698971522, 0.05663257387033036], [0.16089177849286213, 0.588583853271628, 0.19265715147075882, 0.05786721666475102], [0.19077623457122134, 0.5026540905525524, 0.08143525067454574, 0.22513442410168047], [0.15271732903218985, 0.6686585196138604, 0.10918765689597211, 0.06943649435797765], [0.14810535972300412, 0.5292920706320434, 0.10506704918289266, 0.21753552036205984], [0.17511397337482656, 0.41038399319145036, 0.2821870999920245, 0.13231493334169858], [0.1006256312310935, 0.4475561878035227, 0.35420192867858374, 0.09761625218680002]], "ideal": "D", "sampled": "B", "correct": false}}
{"type": "result", "data": {"idx": 12, "options": ["0", "1", "2", "4"], "probs": [[0.0761254235355174, 0.7346703567562741, 0.05840047845253597, 0.13080374115567248], [0.0803917384242373, 0.7288101640573074, 0.0726681309568394, 0.1181299664616159], [0.1256298991404661, 0.3726905646918354, 0.4123887818717895, 0.08929075419590894], [0.14499369942099735, 0.2449485820501893, 0.05635217634292194, 0.5537055420858914], [0.11664084865361128, 0.4339909151056451, 0.3378174753663744, 0.1115507607743692], [0.14656349796731666, 0.37463673387243035, 0.07908587039088298, 0.39971389766937], [0.41277691930135735, 0.4160221535728638, 0.10109353876710904, 0.07010738825866983], [0.3833428196229918, 0.4018007696078102, 0.06923157285496762, 0.14562483781423036], [0.4423875411368888, 0.14475999447537274, 0.3444555324465796, 0.06839693184115885], [0.3317820205605996, 0.10942910855128313, 0.04350306935552746, 0.5152858014325898], [0.3532121233767533, 0.14388415430364854, 0.32921910773232216, 0.17368461448727604], [0.38623083209453346, 0.1512742213943457, 0.09027227892974722, 0.3722226674813736], [0.15842752275095243, 0.4178753525932634, 0.36007517840893816, 0.06362194614684602], [0.18503000211284754, 0.33013946155050156, 0.0498022077356381, 0.4350283285010128], [0.13165684435412517, 0.6591018634107794, 0.1266815998034634, 0.08255969233163202], [0.13397741815514025, 0.6011529788203266, 0.03810631625369286, 0.22676328667084028], [0.17653126223715443, 0.1609072762161246, 0.23763037153354546, 0.42493108991317546], [0.14285314933183613, 0.17119371124014265, 0.47262398271197564, 0.21332915661604557], [0.16060345645415544, 0.4579793903676924, 0.2691064654421011, 0.11231068763605107], [0.168609257900866, 0.33822535752869126, 0.09683860741740258, 0.39632677705304015], [0.07713217459888215, 0.6883812699906864, 0.1312963842759052, 0.10319017103452621], [0.07870475976389663, 0.6649204516674266, 0.04522488655153994, 0.21114990191713678], [0.16971942527803194, 0.3173926425051297, 0.18214110756868965, 0.3307468245481487], [0.14077915879179126, 0.3054955737953868, 0.35150854367266143, 0.20221672364016052]], "ideal": "D", "sampled": "B", "correct": false}}
{"type": "result", "data": {"idx": 13, "options": ["92", "93", "94.5", "95"], "probs": [[0.024090531044365544, 0.1725683277546592, 0.4076602261121348, 0.39568091498884045], [0.03550731258084525, 0.2484843191075571, 0.1721256609042098, 0.5438827073073879], [0.008801586728372477, 0.4376331767531235, 0.4884550759798202, 0.06511016043868381], [0.010051976378317564, 0.5117006515819448, 0.3864056331541049, 0.09184173878563272], [0.018425520850840947, 0.3370689812164634, 0.4196435290834044, 0.22486196874929126], [0.01933255974134343, 0.28418189231410845, 0.3073274487185721, 0.389158099125976], [0.07174552605491676, 0.1137783288577288, 0.42285194213903077, 0.39162420284832367], [0.09692966119773218, 0.15015794223417842, 0.13887649669691574, 0.6140358997711737], [0.024168604200238284, 0.7882249110845483, 0.06370894895045912, 0.12389753566475428], [0.015567959259118039, 0.5619287740926857, 0.3924625870355674, 0.030040679512628874], [0.08047859549787358, 0.524920713660991, 0.06029682740629607, 0.33430386333483936], [0.023705654903618676, 0.2957071495821624, 0.616578964078413, 0.06400823133580598], [0.38150639048699647, 0.2924952263184805, 0.2705743064940287, 0.055424076600494254], [0.4307158057067591, 0.2234472516469318, 0.1956849425192434, 0.1501520000270657], [0.3909133090328312, 0.5342729299043718, 0.02810106408325925, 0.04671269687953769], [0.37015223085733917, 0.40652092832894904, 0.2076778090424529, 0.015649031671258917], [0.3214195346405092, 0.5553788500813169, 0.0455976572170134, 0.07760395796116039], [0.35789783418901244, 0.5372557434391483, 0.09411705670048942, 0.010729365571349818], [0.5697318571396047, 0.14629959186643113, 0.1045608309068528, 0.17940771998711133], [0.42839029107883536, 0.11088009839975606, 0.14689223357391515, 0.3138373768474934], [0.5080484983957126, 0.3491236431698271, 0.03027381702367237, 0.11255404131078782], [0.3867842910317872, 0.30598256444825456, 0.27009103101906895, 0.03714211340088929], [0.6677794927476979, 0.20363536095752158, 0.06929357220110317, 0.0592915739936774], [0.6687345676629288, 0.17443105962123587, 0.1337642584831152, 0.023070114132720143]], "ideal": "B", "sampled": "C", "correct": false}}
{"type": "result", "data": {"idx": 14, "options": ["R <= T <= M <= L", "L <= T <= M <= R", "R <= M <= T <= L", "L <= M <= T <= R"], "probs": [[0.23398432656237853, 0.39813471726373195, 0.11860511715876654, 0.249275838915123], [0.24447066168759363, 0.5176577374694007, 0.15065490636753598, 0.08721669437546972], [0.20114357026679924, 0.4826733351267006, 0.10520350578878455, 0.2109795887177156], [0.21953724158939852, 0.47222160936475055, 0.11128758555068625, 0.19695356339516468], [0.24477172656079996, 0.3791838472945637, 0.2731539525368659, 0.1028904735077704], [0.25323862589564616, 0.36854083440614394, 0.17139237138084393, 0.206828168217366], [0.4190648072817637, 0.24638579049073087, 0.1425941245832267, 0.1919552775442787], [0.4013722240523463, 0.25918400285036336, 0.1809419095335263, 0.15850186346376408], [0.31241378463506575, 0.20174612717135243, 0.3769747113629154, 0.10886537673066636], [0.35646218913434546, 0.1999969810049224, 0.23382666801101185, 0.20971416174972035], [0.38639802786995653, 0.34642300639504553, 0.06020078690352302, 0.20697817873147495], [0.4082940700969427, 0.3438715790108897, 0.05483611172646785, 0.19299823906569968], [0.21977976781091843, 0.4043642432719017, 0.10630809910680095, 0.2695478897103789], [0.24006450352700362, 0.5083485879117672, 0.09403782407027236, 0.15754908439095688], [0.2553333119892047, 0.35456992248833724, 0.21173792216263554, 0.17835884325982243], [0.21905451684408536, 0.24064482387513275, 0.4094188747977251, 0.1308817843830568], [0.24351183341953386, 0.4015875934679777, 0.11870422604374493, 0.23619634696874348], [0.25309040799639215, 0.519418949372275, 0.11772560064925494, 0.10976504188207793], [0.3909585446401991, 0.2524534146797524, 0.23350179019096645, 0.1230862503890821], [0.33920400825917174, 0.22599185664194132, 0.3237663756916056, 0.11103775930728135], [0.40363038758039654, 0.31934623479572233, 0.06746318634089385, 0.20956019118298727], [0.41352778052832306, 0.317103410970696, 0.054677351489003226, 0.21469145691197772], [0.4251659385385347, 0.24608980873478803, 0.14580185275402419, 0.1829423998726531], [0.41744915890838, 0.27379722216363284, 0.12340776988845116, 0.18534584893953596]], "ideal": "D", "sampled": "D", "correct": true}}
{"type": "result", "data": {"idx": 15, "options": ["16", "2\\sqrt{2}", "5", "5+2\\sqrt{13}"], "probs": [[0.10144085597938862, 0.480797542356829, 0.2659060596473797, 0.15185554191640266], [0.14493563035580603, 0.49840253205692975, 0.09741601109955149, 0.2592458263877127], [0.10182529231668688, 0.634445102399692, 0.11475550614242808, 0.14897409904119305], [0.059550495012832855, 0.317203239295804, 0.6030835835144225, 0.0201626820769406], [0.05224133930128426, 0.8372865162457961, 0.01262476644120095, 0.09784737791171871], [0.03437602265572338, 0.8601550755401881, 0.09888822180055656, 0.00658067990353197], [0.16750816749584235, 0.3157465410550612, 0.25388544417039693, 0.26285984717869953], [0.21453296604989755, 0.28000516948307197, 0.18224353411059957, 0.32321833025643093], [0.12414894159275859, 0.5072303972092396, 0.1512109774854742, 0.21740968361252763], [0.1243243636992823, 0.40491404787086555, 0.19136486867381625, 0.2793967196560359], [0.15969434616897488, 0.3463571718936087, 0.24191533387142222, 0.2520331479659942], [0.13197418652722184, 0.31443949593619763, 0.32469277603083063, 0.22889354140574988], [0.2359192537721455, 0.5619075339612792, 0.057454340582215796, 0.14471887158435948], [0.1769429256528343, 0.34121739098256887, 0.467169989587514, 0.014669693677082849], [0.15052012280449636, 0.6100383076968942, 0.12800221716087526, 0.1114393522377342], [0.17467702142591324, 0.46056462250970803, 0.08007177351783704, 0.28468658244654166], [0.06829634518900303, 0.8133095461825558, 0.11106358343617398, 0.0073305250922672295], [0.12228503122554149, 0.773356678905327, 0.011849436951917992, 0.09250885281721348], [0.3766362102229939, 0.45087853447487025, 0.01270296342015518, 0.15978229178198067], [0.2625096203149797, 0.5780699387096602, 0.14632164281078605, 0.013098798064574113], [0.5388755637203535, 0.09150017524340157, 0.1532497658203844, 0.2163744951158605], [0.4492926299122698, 0.10267733036444998, 0.2972522377670582, 0.15077780185622197], [0.29099145772650664, 0.49904111441018606, 0.19567318422724345, 0.014294243536063804], [0.380387138697826, 0.44480861554491774, 0.017131075771856113, 0.15767316988540014]], "ideal": "D", "sampled": "D", "correct": true}}
{"type": "result", "data": {"idx": 16, "options": ["8", "3", "6", "9"], "probs": [[0.0871186645216645, 0.6750944960285871, 0.11829805861849375, 0.11948878073125466], [0.07999387561461305, 0.6702538281810693, 0.16696988417706357, 0.08278241192725412], [0.11316754765925234, 0.48424104478889013, 0.2656667430184909, 0.1369246644333666], [0.1178608304303681, 0.5003795585997735, 0.21371370392604083, 0.16804590694381757], [0.1046856943996525, 0.5488233197720642, 0.2381815303353176, 0.10830945539296565], [0.11581478839230525, 0.5930682331763469, 0.12341503613824754, 0.16770194219310028], [0.14094272674530153, 0.5038711578303708, 0.16629742579875662, 0.188888689525571], [0.1191187852108026, 0.4978622718191999, 0.22469172883879104, 0.15832721403120645], [0.10351904762906064, 0.5302878976699353, 0.19075470308148498, 0.17543835151951906], [0.101640953968498, 0.5763298658969508, 0.162714626358805, 0.15931455367574618], [0.12039588866529172, 0.6262928106838137, 0.11961070924671355, 0.13370059130418097], [0.12046413894496892, 0.6121850244276463, 0.10077297085869075, 0.16657786566869395], [0.14288048444749632, 0.47605323786743375, 0.21990808842367265, 0.1611581891613973], [0.14079290417227522, 0.4839817510958061, 0.1547766602662899, 0.2204486843656288], [0.11032533814193213, 0.660567725950181, 0.11218903372564158, 0.11691790208224535], [0.10633929897034196, 0.6725131918749725, 0.11693164792181714, 0.10421586113286838], [0.1339596449914884, 0.5259399774469516, 0.14612362624181066, 0.1939767512197493], [0.12187319629543618, 0.5638519952969561, 0.19203048370257522, 0.12224432460503255], [0.11800442283152401, 0.4455375836183858, 0.3114829566321337, 0.12497503681795646], [0.12293402586933763, 0.42594587287961283, 0.20773701155263688, 0.24338308959841268], [0.11124215689224846, 0.6871192575279418, 0.0959902803791729, 0.1056483051006368], [0.11036568221146792, 0.6505305378662379, 0.10962797046828891, 0.12947580935400524], [0.10904342951539904, 0.5287185911992549, 0.14461643866309828, 0.21762154052224775], [0.09507633673882164, 0.5183476766548691, 0.265079585696478, 0.12149640080983119]], "ideal": "A", "sampled": "B", "correct": false}}
{"type": "result", "data": {"idx": 17, "options": ["-2", "-4", "-1", "1"], "probs": [[0.11521986496680818, 0.2578661989331213, 0.3724982204845345, 0.254415715515536], [0.13189338457218663, 0.4129967319853311, 0.33473125084290134, 0.12037863249958095], [0.14579656392822757, 0.2580092491396465, 0.08915620097022327, 0.5070379858619026], [0.09647618834490136, 0.3672200386273204, 0.4468884401040158, 0.08941533282376246], [0.1186822837079779, 0.5407733481812124, 0.08423476171350827, 0.2563096062973015], [0.10108371220509395, 0.7078296119560508, 0.09732898488686825, 0.093757690851987], [0.15275208081446134, 0.5131491230977104, 0.07745810308806493, 0.2566406928997633], [0.1181547527837244, 0.6148321215143527, 0.17899182970497707, 0.08802129589694575], [0.10443726336563225, 0.33482742805153787, 0.32465923313022377, 0.2360760753526061], [0.09976360423827028, 0.4838879216102446, 0.3030104108524643, 0.11333806319902086], [0.12695100334726328, 0.6255036908282525, 0.12317614450521686, 0.12436916121926739], [0.12390078510669057, 0.6600704143276086, 0.07405645344368798, 0.14197234702201286], [0.1620099222198553, 0.192471382114842, 0.12043218133985419, 0.5250865142254485], [0.14060262263211126, 0.2587339060862583, 0.5031006485644735, 0.09756282261715699], [0.07402993158322708, 0.20458132483808794, 0.5228232261646723, 0.19856551731401273], [0.1268856227271033, 0.2794984876830029, 0.4684489070900722, 0.12516698239982155], [0.17115348065710734, 0.6463762924508699, 0.07424802111097704, 0.10822220568104568], [0.14849009060835364, 0.45423062004764303, 0.0713003149944863, 0.32597897424951705], [0.18391581014877062, 0.23814681347422645, 0.07150293194162276, 0.5064344443353802], [0.22038746887737798, 0.39625158339487465, 0.21385362320308557, 0.16950732442466182], [0.15981166301279046, 0.4215152326030506, 0.2898914260856211, 0.1287816781985378], [0.17165267465782252, 0.3782953321555451, 0.24055531618573756, 0.20949667690089482], [0.26210190671586014, 0.4323546394710928, 0.08921742039544897, 0.21632603331759812], [0.1846238347014364, 0.24863531812572656, 0.09966821819041549, 0.46707262888242157]], "ideal": "B", "sampled": "D", "correct": false}}
