{"type": "result", "data": {"idx": 0, "options": ["ADD.", "AIDA.", "PESTLE.", "SWOT."], "probs": [[0.023823741578101257, 0.974558479188128, 0.0011776736572792056, 0.00044010547649156657], [0.024938710493227698, 0.9734956074333916, 0.0011225750736651525, 0.0004431068997155287], [0.013075233664137022, 0.0027630795273101494, 0.98361750164741, 0.0005441850611428157], [0.017760796846962607, 0.0030158486387568827, 0.0011093248847108598, 0.9781140295295696], [0.01276593220347138, 0.0036299462050804246, 0.9831425066486938, 0.0004616148427543288], [0.01916918893355414, 0.0030103549200515443, 0.0014554910516893311, 0.9763649649947049], [0.9918749951731135, 0.005368953117650947, 0.0009855274134140362, 0.0017705241958215062], [0.9926505348736728, 0.004930835050277212, 0.0007925614213427043, 0.00162606855470726], [0.9302088029516709, 0.004015015232950638, 0.06428762942288008, 0.0014885522924984716], [0.9402842353248053, 0.003581539663596534, 0.0014135261045904244, 0.054720698807007674], [0.9758867851070521, 0.0026153673567661305, 0.01993625657981436, 0.0015615908563674367], [0.9338654174688839, 0.0027920268708300265, 0.0017607324831858072, 0.06158182307710028], [0.011028828232437239, 0.025451051378363346, 0.9625854608327297, 0.0009346594564697061], [0.014188841330465168, 0.012140146886459516, 0.001094433666629527, 0.9725765780164458], [0.007204751922984765, 0.9514846151432518, 0.040831313471725285, 0.0004793193620381984], [0.018655059362135584, 0.8317665832166953, 0.00275277944398132, 0.14682557787718786], [0.00756205864333955, 0.004344081046507097, 0.09960536349946279, 0.8884884967106905], [0.011442010097964892, 0.005938847449108089, 0.945380016119825, 0.037239126233102014], [0.006617777177730879, 0.010577099602661823, 0.9824486565159891, 0.0003564666036182126], [0.01329301969160367, 0.008320522965486694, 0.0009263057796834289, 0.9774601514632262], [0.002913395462261471, 0.9901502314990959, 0.006723492064622775, 0.00021288087401986308], [0.006673421476218816, 0.960482384784817, 0.0017283722383756302, 0.03111582140058855], [0.005441460997354946, 0.0037998304973672955, 0.06785805076268193, 0.9229006576425958], [0.00574858170402643, 0.003860708624164939, 0.9821536706936048, 0.008237038878203849]], "ideal": "B", "sampled": "B", "correct": true}}
{"type": "result", "data": {"idx": 1, "options": ["The realm of understanding.", "Personal selling.", "Noise.", "Feedback."], "probs": [[0.6833044045888347, 0.02096030789519545, 0.01892553968336121, 0.27680974773260864], [0.9183294418246303, 0.016433503114356447, 0.048276909371794595, 0.01696014558921865], [0.549011551445881, 0.04685942652043207, 0.007413751755676031, 0.39671527017801084], [0.906802280924088, 0.035992685081689284, 0.05361045804102919, 0.0035945758531935345], [0.9592339782162947, 0.021865409242778307, 0.004442738823801498, 0.014457873617125392], [0.9582144661696487, 0.023249954091155274, 0.013990722660395662, 0.004544856978800413], [0.034681977259258784, 0.5826859116327154, 0.01678352499070855, 0.36584858601731723], [0.01465588562639754, 0.9366845109654004, 0.039886140257931094, 0.00877346305027095], [0.009525805923516763, 0.024529274562834717, 0.9426949504208638, 0.02324996899278468], [0.007663131658669344, 0.018975887809809616, 0.5501971889899754, 0.4231637914415457], [0.010071498779733568, 0.3285530346591841, 0.6538751997066128, 0.007500266754469518], [0.03986328920260165, 0.07870853095686949, 0.010566669784485479, 0.8708615099560434], [0.050629225094939764, 0.8242904609399389, 0.008018102912129798, 0.1170622109529916], [0.0289996467792581, 0.9461046355932937, 0.021904069212965633, 0.002991648314482525], [0.013566917135643874, 0.01305782453911506, 0.9446035851335779, 0.028771673091663202], [0.012033151135312498, 0.009379500062657415, 0.699688529323835, 0.27889881937819505], [0.018534241216451433, 0.049613933935996, 0.9293967471514937, 0.0024550775960588563], [0.05958166092132049, 0.04129089124810005, 0.005331284007104266, 0.8937961637234751], [0.2105249248626101, 0.7704495492169211, 0.006462878799761611, 0.01256264702070716], [0.19825580521131192, 0.7843179023024786, 0.014480668134719214, 0.002945624251490291], [0.09387656422722337, 0.015219620625898702, 0.8778720015622183, 0.013031813484659519], [0.13159696364287943, 0.015727478540532254, 0.015714551783583133, 0.8369610059330052], [0.04903679908677819, 0.043291336221445674, 0.904697743100879, 0.002974121490897097], [0.2134961958646227, 0.04076367577801133, 0.008213949130797347, 0.7375261791265686]], "ideal": "A", "sampled": "A", "correct": true}}
{"type": "result", "data": {"idx": 2, "options": ["In the late 1800s.", "In the early 1900s.", "In the 1920s.", "After the end of the Second World War."], "probs": [[0.18191689116304566, 0.27744936027206285, 0.09663281563692669, 0.44400093282796477], [0.18966726956855007, 0.3382333218713128, 0.2634564935897585, 0.2086429148703787], [0.25073316690798636, 0.24306274948073675, 0.24308599529219682, 0.26311808821908006], [0.17137461856904943, 0.1988604784831792, 0.46979846325600827, 0.1599664395917631], [0.30241408214034055, 0.26695152123221944, 0.2887125230077669, 0.14192187351967314], [0.29737517677813063, 0.2666241268043942, 0.20767584750476714, 0.22832484881270806], [0.196096339918544, 0.43520419488357015, 0.1001867770992831, 0.2685126879986028], [0.21392256449436953, 0.4674499967286441, 0.16668332614622708, 0.15194411253075926], [0.16852648554547187, 0.1534861773099001, 0.5358914136350705, 0.14209592340955748], [0.1286580663545642, 0.10023926569117816, 0.41235344061775714, 0.3587492272365005], [0.14010728030475372, 0.2538013869479437, 0.5292108891022383, 0.07688044354506425], [0.17638808749920676, 0.20629053123155444, 0.1440179965354727, 0.4733033846337661], [0.12288689062766206, 0.49389935307186006, 0.22264025107898017, 0.16057350512149773], [0.11427795651654844, 0.5455366020344015, 0.22745063425340514, 0.11273480709564493], [0.13424475289664187, 0.16453781477150306, 0.4688670266864666, 0.2323504055453884], [0.1166393423965359, 0.13858529510944156, 0.40110795490581247, 0.34366740748821006], [0.06785835325039342, 0.40624260898342357, 0.46052163834734994, 0.06537739931883305], [0.1134310977558773, 0.3663466030938639, 0.1412426701232017, 0.37897962892705706], [0.27244022079902086, 0.3725069705395874, 0.20898347779533352, 0.1460693307660582], [0.25740892459586867, 0.3411286276574132, 0.19745581438521334, 0.20400663326150478], [0.21272880153806809, 0.1270690132113735, 0.52688557689413, 0.13331660825642846], [0.22515634203290216, 0.0983920640785664, 0.0999401979035081, 0.5765113958850233], [0.1401131205162781, 0.17173277479677584, 0.5633240551431438, 0.12483004944380229], [0.24242685416696713, 0.2663590411308004, 0.1641168620931256, 0.32709724250910693]], "ideal": "C", "sampled": "A", "correct": false}}
{"type": "result", "data": {"idx": 3, "options": ["The level of tangibility associated with the type of product.", "Performance-value.", "Variations in supply and demand.", "The way in which the service is delivered."], "probs": [[0.021009575495222407, 0.1370490784170927, 0.7351393671524781, 0.10680197883520677], [0.023246195684571428, 0.0870851297683012, 0.05490214872337552, 0.8347665257237519], [0.006108048073511172, 0.9138948571512192, 0.04919170722912387, 0.03080538744614574], [0.0054761214178569075, 0.914104578245631, 0.036277012292186626, 0.04414228794432547], [0.01639958641887013, 0.05507700093399374, 0.3399144975136565, 0.5886089150334797], [0.012647069021070123, 0.07630350796398773, 0.7705926218620638, 0.14045680105287836], [0.02819505470163694, 0.05924814108250813, 0.8178374566507834, 0.0947193474650715], [0.03688001340646465, 0.041490042090630716, 0.07334589369016002, 0.8482840507127446], [0.0390620853247298, 0.8164784068102224, 0.04532603411441675, 0.099133473650631], [0.049521387945460627, 0.7692634089996141, 0.08559521617354643, 0.09561998678137881], [0.03563348243364661, 0.052283857596844764, 0.0461130519848366, 0.865969607884672], [0.05812243285011521, 0.09149647366835928, 0.7029098166878973, 0.14747127669362814], [0.8042192248585721, 0.023003253483622286, 0.11404426097359069, 0.05873326058421495], [0.7427060950387577, 0.033684844881043494, 0.06288059589410834, 0.1607284640860904], [0.8593662800282874, 0.03776594546166632, 0.02101069831802382, 0.08185707609202246], [0.8766485427325418, 0.03822820362686347, 0.02906777131159627, 0.056055482228998504], [0.7634237066597586, 0.04844090498018568, 0.03769924695267176, 0.150436141307384], [0.8848473728173271, 0.032493135730510755, 0.03538854301181867, 0.047270948340343476], [0.03817959442334697, 0.05140313181835807, 0.17655064120655828, 0.7338666324517367], [0.0195957694698653, 0.07115045682400736, 0.7709186995609781, 0.13833507404514922], [0.041829218156086145, 0.07818665529422882, 0.050062802802894095, 0.8299213236467909], [0.062226228873364944, 0.16663046303685, 0.6239458368388666, 0.14719747115091844], [0.01667048188993653, 0.8422592108881664, 0.03876889789749074, 0.10230140922440632], [0.018283000918843613, 0.8882622751433299, 0.055892255337280455, 0.037562468500546085]], "ideal": "B", "sampled": "C", "correct": false}}
{"type": "result", "data": {"idx": 4, "options": ["found guilty under the Sherman Antitrust Act and face prison time", "found guilty under the Magnuson-Moss Warranty Act and face large fines", "found guilty under the Adamson Act and face prison time and fines", "found not guilty because retailers are allowed to set their own price levels"], "probs": [[0.955988203789001, 0.007354483743861715, 0.010784959816232217, 0.025872352550905107], [0.9306841704368194, 0.013801830298184619, 0.04352247256533002, 0.011991526599666024], [0.9649124131063229, 0.015713781094869667, 0.0046097277594641245, 0.014764077939343269], [0.9408434569986716, 0.031438340778457016, 0.024298527162965728, 0.003419674959905741], [0.9340844910408058, 0.03620546745687128, 0.005775430804328376, 0.023934610597994493], [0.9352680935304232, 0.0356877665667933, 0.020499048523428244, 0.008545091279355235], [0.0022131723840989434, 0.9807981263107483, 0.011333170358975951, 0.005655530846176814], [0.002446800249240341, 0.9796492504309579, 0.014880128276090074, 0.003023820943711679], [0.005415542261613185, 0.02604113023926204, 0.947609677951748, 0.02093364944737681], [0.011272237207607403, 0.029239069111957956, 0.018297753181613467, 0.9411909403988211], [0.0035935221180093454, 0.01942862441169506, 0.9664097978170351, 0.010568055553260543], [0.014449804852831993, 0.025562032328985046, 0.04926943611601245, 0.9107187266021705], [0.05822160748373816, 0.9251798845806899, 0.007012407201981389, 0.00958610063359057], [0.03788550407923654, 0.939751525102672, 0.020773074628979038, 0.0015898960891124476], [0.027893401063874567, 0.014028540506831968, 0.9316536007629124, 0.026424457566381114], [0.05111084916014113, 0.01780360950205217, 0.021984525186489922, 0.9091010160513168], [0.034769100693239595, 0.04535332030220993, 0.9117390522659832, 0.008138526638567256], [0.0653711387990156, 0.032109717702788414, 0.01163163039271363, 0.8908875130054823], [0.006429401441367472, 0.9846702430250954, 0.005375261208979115, 0.0035250942245580365], [0.0029300397639433064, 0.9877628058261992, 0.008158829038615908, 0.0011483252712415374], [0.006943539004153357, 0.021899725070445974, 0.9538265171718646, 0.017330218653536043], [0.02358597575638525, 0.01186160865309934, 0.020175401892196736, 0.9443770135983187], [0.01068228978351794, 0.6767028160945031, 0.3100943650975928, 0.002520528924386106], [0.07529565684182526, 0.21787039913119371, 0.01268629821571663, 0.6941476457112644]], "ideal": "A", "sampled": "A", "correct": true}}
{"type": "result", "data": {"idx": 5, "options": ["A composite analysis of all environmental factors inside and outside the firm.", "A series of business decisions that aid in selling a product.", "The relationship between a firm's marketing strengths and its business weaknesses.", "A blending of four strategic elements to satisfy specific target markets."], "probs": [[0.0053287888760101525, 0.014260468041880746, 0.002239217743949337, 0.9781715252381598], [0.0014825821888075552, 0.0248787069308258, 0.9710561225714481, 0.002582588208918504], [0.001913987584074475, 0.0020374984059222433, 0.03392510853415636, 0.962123405375847], [0.002233167247965707, 0.0051922395393394685, 0.9820010201355504, 0.010573572977144407], [0.0008998375610709201, 0.9868694917956803, 0.009161593739803717, 0.0030690768034450314], [0.001488763399193491, 0.9827062062176168, 0.0029390461787502636, 0.012865984104439362], [0.16695508955247298, 0.007278121151706718, 0.002657146981850955, 0.8231096422139693], [0.2674599062594483, 0.00966655581673505, 0.7159628461376439, 0.006910691686172674], [0.09302502072589601, 0.0047046607092645736, 0.004055804549930323, 0.898214513914909], [0.07055780563556854, 0.007208550626766718, 0.9152992124544809, 0.006934431183183859], [0.023565306560585274, 0.9713971670237427, 0.003190851714457312, 0.0018466746012147607], [0.02681743156886606, 0.967969004193209, 0.002515325487647546, 0.0026982386502773536], [0.0021402266400367674, 0.004391597321266702, 0.0211140169279233, 0.9723541590107733], [0.0025185614010140214, 0.01085502918690701, 0.9774111970125102, 0.009215212299568712], [0.005470477596307854, 0.024327023337546085, 0.0041300436200269325, 0.9660724553461191], [0.001601958600214026, 0.032427336066083105, 0.9628088786901343, 0.003161826543568601], [0.0015421401814254706, 0.9866926886184788, 0.005469869476406224, 0.006295301623689521], [0.0013476707789246633, 0.9846482142963214, 0.009883894450610742, 0.004120220374143123], [0.9904958749012466, 0.00411122369531939, 0.002361145046752285, 0.0030317562566817805], [0.9889317205081669, 0.004268232240168781, 0.0012326466126121082, 0.005567400539052173], [0.9892488921031696, 0.005790421160269146, 0.0018365884226082727, 0.003124098213952984], [0.9884117095093208, 0.006404104386062535, 0.00161942065062514, 0.0035647653539915684], [0.9906683255062736, 0.0026967332097055257, 0.0016745862883615647, 0.004960354895659356], [0.9914320329087066, 0.0030581986248098846, 0.0022028993760881345, 0.003306868990395326]], "ideal": "D", "sampled": "D", "correct": true}}
{"type": "result", "data": {"idx": 6, "options": ["Gatekeepers.", "Buyers.", "Users.", "Initiators."], "probs": [[0.9821354696314207, 0.0022867188196498108, 0.013681758023813342, 0.0018960534251160966], [0.9924296717021164, 0.0019609173693780533, 0.0009048037523157484, 0.004704607076189778], [0.9948745226299838, 0.0026451851047246916, 0.000690088813376728, 0.0017902033519147475], [0.995778701831642, 0.002336527738149915, 0.0006240133217464334, 0.0012607570084616575], [0.9878512919749597, 0.002585841809882497, 0.0008136950937529931, 0.008749171021404763], [0.9937250720489818, 0.0020578428229085124, 0.002768980534882474, 0.0014481044932272774], [0.00197830959548886, 0.9856635348333831, 0.010780183616145822, 0.001577971854982212], [0.0036946446298553415, 0.9854293996925424, 0.0035821511013248313, 0.007293804476277431], [0.006238321666909678, 0.02884792702446502, 0.9629648881778632, 0.0019488630307620785], [0.007477873310654885, 0.01895220096396456, 0.006297187205776648, 0.9672727384196039], [0.004013598696181097, 0.014230953750308544, 0.9747072567683676, 0.007048190685142767], [0.0032946817056503513, 0.00692220879039406, 0.03711419226327584, 0.9526689171406797], [0.06229713607843644, 0.9300537778116701, 0.005076191893408614, 0.0025728941164848743], [0.06193634383956049, 0.9318927990774781, 0.0030371274289809807, 0.0031337295539804436], [0.01465350259373442, 0.01080618070635617, 0.972920695720566, 0.0016196208793433204], [0.023650219276157895, 0.007741574536721409, 0.005661985744077059, 0.9629462203430437], [0.016940022990091414, 0.010938958976932398, 0.9696013366505349, 0.0025196812824412633], [0.03386754002212882, 0.006121995297514228, 0.005400774395531446, 0.9546096901848254], [0.004240461815923999, 0.9826542098075345, 0.005362078199870713, 0.007743250076670846], [0.002651782423890772, 0.9818453008846092, 0.014115496274246308, 0.0013874203172536757], [0.0037164945466394983, 0.007807688582910639, 0.9835487932918117, 0.004927023478638204], [0.005517498659491694, 0.005104961904110194, 0.08043883908313916, 0.908938700253259], [0.005449200651817456, 0.017050622460122535, 0.9758368976086342, 0.0016632791794257745], [0.01047971009230387, 0.00869126542948627, 0.004578698497245791, 0.976250325880964]], "ideal": "A", "sampled": "A", "correct": true}}
{"type": "result", "data": {"idx": 7, "options": ["Motive development.", "An attitude.", "A self-concept.", "Product evaluation."], "probs": [[0.828366015440933, 0.025604755733031743, 0.09588156287418079, 0.05014766585185447], [0.7935280799072194, 0.02845240570320277, 0.019252529365879276, 0.1587669849236985], [0.6598847225070449, 0.02499908287763403, 0.2708837869672662, 0.0442324075480549], [0.6239083664351855, 0.02616199585452554, 0.025955253410380543, 0.32397438419990837], [0.7960362896191636, 0.025991405853409217, 0.025990059160989034, 0.1519822452664381], [0.5795028643241994, 0.03427241273983162, 0.02885843918765725, 0.3573662836483117], [0.09622779190638775, 0.8452268039533726, 0.029378387579475435, 0.029167016460764257], [0.07947451067883872, 0.8358075224247309, 0.015551565590008039, 0.06916640120642235], [0.05575161810930209, 0.01913070624099869, 0.8935597557830407, 0.031557919766658504], [0.1211306993348669, 0.035281304825091626, 0.013707447081389627, 0.8298805486586518], [0.022919623413733096, 0.01358953038977987, 0.9306254481309604, 0.032865397965526656], [0.2233063835538501, 0.02411261317438149, 0.04132339185511629, 0.7112576113166521], [0.12127256527752545, 0.6259699533175923, 0.21980051939748724, 0.03295696190739499], [0.08222284932942718, 0.5003342497904804, 0.020980423405570523, 0.39646247737452195], [0.03237522994823867, 0.036140910110276724, 0.903747622471098, 0.02773623737038661], [0.08978734683813601, 0.05894031599376611, 0.009851529014251117, 0.8414208080538468], [0.008671663716819338, 0.007541617391885687, 0.7750042690586234, 0.20878244973267154], [0.05106328939312691, 0.010063242638316544, 0.038554946059983074, 0.9003185218085735], [0.0427153590770996, 0.8724454559216903, 0.01701202786346252, 0.0678271570377476], [0.04077717113870614, 0.6906668877606451, 0.014335353620256428, 0.2542205873803923], [0.015655290767644096, 0.023330727323036274, 0.9248603929433742, 0.03615358886594542], [0.17075765703706136, 0.041541998731951614, 0.08932157904467174, 0.6983787650863152], [0.039594811632095384, 0.021214087192502753, 0.5385504524929338, 0.40064064858246806], [0.07466352785871484, 0.019957527664971816, 0.2932189724540968, 0.6121599719222166]], "ideal": "A", "sampled": "A", "correct": true}}
{"type": "result", "data": {"idx": 8, "options": ["Promotion.", "Product.", "Target market.", "Pricing."], "probs": [[0.43655316236563374, 0.04639361180703162, 0.5104218265066275, 0.0066313992207071145], [0.6899019127173303, 0.04696005003474616, 0.02082728109248017, 0.24231075605544336], [0.18901268087685727, 0.7248629475719081, 0.0825781161469235, 0.003546255304311163], [0.21800545018225484, 0.7377951199404345, 0.016681091982552423, 0.027518337794758325], [0.674181584243383, 0.01479149804186147, 0.16516940386340162, 0.14585751375135383], [0.4570437239320668, 0.015050514165142574, 0.47156925623372076, 0.05633650556906987], [0.2471208623904114, 0.03617969539471699, 0.7040986312421452, 0.01260081087272636], [0.5607581995219915, 0.03264871763897152, 0.020904521497880545, 0.38568856124115647], [0.48839027003039737, 0.4661682278040081, 0.03349434605880081, 0.011947156006793748], [0.5893889736372712, 0.3520204169102642, 0.04913633003225207, 0.009454279320212533], [0.39115345619862346, 0.018882144310978354, 0.020242817773295303, 0.5697215816171028], [0.3665634660623682, 0.025950977358645516, 0.5950363227918573, 0.01244923368712903], [0.9037239874679007, 0.03370409206858705, 0.05598753145850109, 0.006584388905011098], [0.8803189978079174, 0.03720031179229522, 0.011887224244621155, 0.07059346605516614], [0.9377479619981304, 0.0360788542200988, 0.014460750014953585, 0.011712433666817235], [0.9336053672054339, 0.03975871672278939, 0.01593561731569248, 0.010700298656084262], [0.879713313803495, 0.021854105276279113, 0.008555866362691176, 0.08987671445753463], [0.8978365761518828, 0.023375640267811047, 0.07254593420028717, 0.006241849280018991], [0.6034102326883046, 0.023047748521501474, 0.20849273708440225, 0.1650492816057916], [0.46593301036116097, 0.022320570721237644, 0.44459833036222307, 0.06714808845537829], [0.5584080679541749, 0.045486329880050726, 0.017944538529510813, 0.37816106353626366], [0.5710554425889943, 0.048000459889714325, 0.3744986759148178, 0.006445421506473557], [0.49804021465338455, 0.43280260501117207, 0.015395721905938832, 0.05376145832950454], [0.4432702459895958, 0.33996255646954554, 0.21268337002212168, 0.004083827418736995]], "ideal": "C", "sampled": "C", "correct": true}}
{"type": "result", "data": {"idx": 9, "options": ["Classical conditioning.", "Operant conditioning.", "Social learning.", "Behavioural learning."], "probs": [[0.6193193654248829, 0.10673499612780242, 0.12674981071091712, 0.14719582763639755], [0.575840243279574, 0.08966162933498502, 0.221943486041636, 0.11255464124380499], [0.5466674239883077, 0.13498326330126956, 0.24257262092950402, 0.0757766916809187], [0.48732531716460287, 0.11755146960867156, 0.21287740860817503, 0.18224580451855052], [0.39172702962169514, 0.10459537837319023, 0.4371330765296792, 0.06654451537543542], [0.49184744079417564, 0.07541169000671119, 0.13869238975173936, 0.29404847934737377], [0.6948681550694694, 0.17840481002042224, 0.03624686266395298, 0.09048017214615534], [0.6596181342864679, 0.15419855597415436, 0.1298649599283339, 0.05631834971104382], [0.5603221904815184, 0.057687460223961574, 0.32944245615775164, 0.05254789303676838], [0.531576772412279, 0.0639800825643665, 0.16465898469898782, 0.23978416022436672], [0.5502566344600498, 0.06674479245821328, 0.3443535421900408, 0.03864503079169616], [0.5949630825366132, 0.06726297090666855, 0.06939255548904642, 0.2683813909676718], [0.43012364220587884, 0.12515896372903612, 0.27347218859896183, 0.17124520536612317], [0.3561695760703118, 0.1036430879780855, 0.1998227655714191, 0.3403645702801836], [0.2315456534460257, 0.342199469439746, 0.30693497793384217, 0.11931989908038614], [0.300321643029246, 0.27341524171203946, 0.21637381933512925, 0.2098892958235853], [0.3473881534495483, 0.23501880814793144, 0.06425896382075144, 0.35333407448176873], [0.17977375878591717, 0.11517838130085883, 0.3412880224850419, 0.36375983732818207], [0.1074090581418707, 0.11436351238943357, 0.6090046484385327, 0.16922278093016294], [0.05799132795709804, 0.05450025003419731, 0.6799793926670795, 0.2075290292416251], [0.061940680952357545, 0.6872399423059526, 0.1765783422391179, 0.07424103440257189], [0.07327658046461388, 0.623354205774828, 0.17047825707993206, 0.13289095658062608], [0.1370697894061554, 0.6338660114617463, 0.05005240533488448, 0.17901179369721387], [0.15327105033202124, 0.4299399108692124, 0.2196709891590884, 0.19711804953967796]], "ideal": "A", "sampled": "B", "correct": false}}
{"type": "result", "data": {"idx": 10, "options": ["To break down large markets into smaller markets.", "To provide an opportunity to surpass competitors.", "By grouping together customers with similar needs, it provides a commercially viable method of serving these customers.", "To allow the achievement of greater market share."], "probs": [[0.00404982965375856, 0.005756479194946128, 0.9834098769140968, 0.006783814137198518], [0.006456282112431289, 0.0046874881680963485, 0.006306841623609011, 0.9825493879958633], [0.0049843270123657, 0.9878206296482217, 0.004263932786524807, 0.0029311104528878308], [0.004368395293097756, 0.9886963256146486, 0.0046144958985216734, 0.0023207830937319583], [0.009234043619880892, 0.004943339106918379, 0.00471655086493091, 0.9811060663082698], [0.004927933023188342, 0.005584508551756148, 0.9843219801505544, 0.005165578174501133], [0.0013681913287672419, 0.023876285228094034, 0.9688574691078616, 0.005898054235277067], [0.0027583186338415626, 0.014795914697359115, 0.006720923536965242, 0.975724843031834], [0.000620007233994365, 0.9893417519229322, 0.00698590057151371, 0.0030523401715596967], [0.0006255407047844473, 0.9904059611702719, 0.004920546649708689, 0.0040479513752349], [0.0021119569389246484, 0.0055649046136277665, 0.13909114828273153, 0.8532319900647161], [0.0014920749997311496, 0.007518605591815859, 0.9848519297844291, 0.006137389524023869], [0.9889997289746051, 0.005972512199774074, 0.001570241089170586, 0.003457517636450252], [0.9897665052053453, 0.00579333751740893, 0.00165980198950631, 0.0027803551877395327], [0.987975008597334, 0.003763017039466729, 0.0037922996840730333, 0.004469674579126266], [0.9852225694259971, 0.0037233822263209844, 0.0016914164873126068, 0.009362631760369323], [0.9899869776874733, 0.003741407848448822, 0.0033799131205911217, 0.0028917012434867074], [0.9867244484883169, 0.0038174598462007345, 0.001437682530232042, 0.008020409035250378], [0.0032350290594451835, 0.012209372658025812, 0.005677586948940874, 0.9788780112335881], [0.0015625079195416129, 0.018306346376063674, 0.9764402979902518, 0.00369084761414295], [0.0022169334054073825, 0.004621092905946131, 0.11823849471441789, 0.8749234788742286], [0.0016785943076361488, 0.006536264578298937, 0.9854490372191157, 0.006336103794949191], [0.0007206622528665754, 0.9913237279113286, 0.0061292886941793625, 0.0018263210416254272], [0.0008834985386456995, 0.9919298441678924, 0.004053787146207151, 0.003132870047254711]], "ideal": "C", "sampled": "C", "correct": true}}
{"type": "result", "data": {"idx": 11, "options": ["Repeat purchases.", "Buyphases.", "Buyclasses.", "Tenders."], "probs": [[0.036665135292502087, 0.07701938060603715, 0.8822901823869916, 0.004025301614469071], [0.1169852401244338, 0.12359310838113702, 0.023597847519533994, 0.7358238038748952], [0.020027434549288452, 0.07617577946907238, 0.9002836985791308, 0.003513087302508292], [0.2749067740274697, 0.40005497630205505, 0.03636506809060704, 0.2886731814798682], [0.29311673192449184, 0.050156169557240185, 0.3538130025688833, 0.30291409584938467], [0.21260335262016633, 0.05170801082247522, 0.5433523240521007, 0.19233631240525775], [0.021758498684243368, 0.018611799707750367, 0.9553073892850676, 0.004322312222938571], [0.09207562775466553, 0.022925372353172168, 0.028983407556562167, 0.8560155922356001], [0.11566350446327418, 0.8616025326619373, 0.01052626766355311, 0.0122076951112354], [0.06918280048237943, 0.9114703827983326, 0.01440644403498195, 0.004940372584306063], [0.0697141323243493, 0.03451505845584468, 0.009739948795491277, 0.8860308603243148], [0.025714812366638584, 0.051136917503592276, 0.9216378175761171, 0.0015104524536520916], [0.022585840989243443, 0.04026233834553551, 0.9315664038512818, 0.005585416713939297], [0.33555784673260997, 0.08960840760687143, 0.05394331980485087, 0.5208904257556677], [0.09255221123143044, 0.8783685816584206, 0.012842786926053432, 0.016236420084095544], [0.07239946368280338, 0.9031105528431398, 0.015555213112879667, 0.008934770261177153], [0.27146524390445426, 0.05387279803417422, 0.06153203964759536, 0.6131299183137762], [0.13339290195440656, 0.07903029126854452, 0.7622886994762268, 0.025288107200822058], [0.07104890365406737, 0.1469657188640667, 0.38755734503375266, 0.3944280323481133], [0.03612905525030674, 0.09446688922492394, 0.5440982255333023, 0.32530582989146695], [0.04110072011794444, 0.10017073488024242, 0.010564200146161832, 0.8481643447556513], [0.018095850470823384, 0.14685268315706093, 0.8330957671477138, 0.0019556991244018386], [0.07116499022764003, 0.478954807140898, 0.019625997790299915, 0.43025420474116205], [0.020447311773279516, 0.6563722443232664, 0.3202753937649321, 0.0029050500385220486]], "ideal": "C", "sampled": "C", "correct": true}}
{"type": "result", "data": {"idx": 12, "options": ["Winner's curse.", "Winner's price.", "Winner's reward.", "Loss-leader pricing."], "probs": [[0.9985584003910057, 0.0010810415761281344, 0.00021297678325069393, 0.00014758114961542292], [0.9987373318034974, 0.0008487171039756172, 0.00022148142825604073, 0.0001924695642709332], [0.9987910773624948, 0.0007972797335957961, 0.000284385732823499, 0.0001272570710858412], [0.9989005840580427, 0.0006407282145738674, 0.00018079773722491866, 0.0002778898901584942], [0.998282176458771, 0.001055744467575762, 0.00043002578612511987, 0.00023205318752806404], [0.9983916584633216, 0.0010640900375041642, 0.0002933018522589745, 0.00025094954691523574], [0.0001452958833004713, 0.999059267126139, 0.0006931511502615679, 0.00010228574029897941], [0.0001088167640067293, 0.9989976325373937, 0.000761209769996311, 0.00013234082860324558], [0.0003999525268912495, 0.0033485300820667095, 0.9961205853988395, 0.00013093189220253035], [0.001934326047824112, 0.002407086901636658, 0.0010272829783249447, 0.9946313039722143], [0.00030402254911365666, 0.0041964376400251665, 0.9952752824101048, 0.00022425730075635158], [0.0014694198702090591, 0.0038710464153268774, 0.0014020851285908025, 0.9932574484858733], [0.00016586611293306546, 0.9986939262639146, 0.0010648140907754465, 7.53934323768698e-05], [0.00011585084880160417, 0.9991615677007211, 0.0005702406783395028, 0.00015234067213777236], [0.00043806905868354904, 0.005999848876341861, 0.993437478679613, 0.00012460328536160827], [0.0016914492443206586, 0.003994164816420784, 0.0010021293570000498, 0.9933122564822585], [0.00021732291225824336, 0.004036465609230166, 0.995486008585569, 0.0002602027929425664], [0.0006572591479395563, 0.002991572769039645, 0.003038673943347004, 0.9933124940396738], [0.00012326443049223866, 0.9986247017121475, 0.0010899490654483377, 0.00016208469191198151], [0.00013544930324349617, 0.999126996867721, 0.0005702209458631058, 0.00016733278317236942], [0.0001329899930877821, 0.00322148532477635, 0.9964924065238021, 0.00015311805833375633], [0.0013904851951098685, 0.005085707124163401, 0.0008433873794832197, 0.9926804202012435], [0.00016558464176049124, 0.0026100980939914686, 0.9969737194704115, 0.00025059769383655063], [0.0009566328934990824, 0.002703742981786295, 0.0026826918307318115, 0.9936569321939828]], "ideal": "A", "sampled": "A", "correct": true}}
{"type": "result", "data": {"idx": 13, "options": ["Price bundling.", "Price elasticity.", "Price inelasticity.", "Price inflation."], "probs": [[0.0030481475068786876, 0.9431067004960318, 0.05156085583253171, 0.0022842960645577375], [0.012828776480169947, 0.8194246803394923, 0.011325807193480452, 0.15642073588685723], [0.004496466381289566, 0.023016464551944994, 0.9710718830694245, 0.0014151858973409353], [0.0065864715018497735, 0.01086122048961232, 0.004491765321452695, 0.9780605425870852], [0.0024801152304215934, 0.013728149341361677, 0.9774569415612359, 0.006334793766980804], [0.0038314281184665495, 0.011002966514238197, 0.03233067410310179, 0.9528349311641935], [0.7280898919375313, 0.016599313450841917, 0.25160671992806816, 0.003704074583558599], [0.4144507750362806, 0.02249327544579584, 0.013426128179825695, 0.5496298212380979], [0.7031403699061194, 0.28856694366230656, 0.006036261958449755, 0.002256424373124279], [0.696133432919985, 0.294762759616368, 0.00527417751488248, 0.003829629848764571], [0.5977125869061427, 0.015085172173565732, 0.012897015776167151, 0.37430522504412433], [0.11007281615404613, 0.03130025319244069, 0.8526049409803181, 0.0060219895731950255], [0.010975443691809724, 0.01500325827183506, 0.9727799237650601, 0.0012413741712951549], [0.019438614639386575, 0.008168608849676217, 0.005398187615489252, 0.966994588795448], [0.0074729739036174855, 0.986609296090646, 0.00432601578090412, 0.0015917141248323844], [0.007951480478245966, 0.9861912307127283, 0.003846060320384515, 0.002011228388641209], [0.022498294415518774, 0.007136685679964819, 0.005556985662882704, 0.9648080341416337], [0.00935547010251997, 0.012395065003249604, 0.9770123880214991, 0.001237076772731306], [0.00179970762090463, 0.008999616692462315, 0.9847453076246325, 0.00445536796200051], [0.0033501671062943455, 0.008490550766052932, 0.044127741107946324, 0.9440315409197064], [0.002899083844403654, 0.9851326984725679, 0.0050106106303378, 0.006957606952690625], [0.001906585286480791, 0.9724594894231005, 0.024343274392451722, 0.0012906507979670366], [0.008568155297127112, 0.01199112048002469, 0.003892488882291889, 0.9755482352405563], [0.005037277760506803, 0.026190231568230467, 0.967556919541885, 0.0012155710293776966]], "ideal": "B", "sampled": "B", "correct": true}}
{"type": "result", "data": {"idx": 14, "options": ["Relationship marketing.", "Service mix.", "Market exchanges.", "Service failure."], "probs": [[0.2208268396717675, 0.04927318619888423, 0.7129986936201475, 0.016901280409200786], [0.41243899309517923, 0.022730730937170856, 0.026364511118374203, 0.5384657647492757], [0.21094600814902953, 0.7596480235449387, 0.01338369024153385, 0.016022277964497976], [0.2252478975033254, 0.7502050161477893, 0.01232003008927789, 0.01222705615960734], [0.41284317158544714, 0.027445083736911364, 0.020714447093121962, 0.5389972974845195], [0.27937104422511283, 0.047421820309083505, 0.6599308153461073, 0.013276320019696268], [0.08813939349385744, 0.14760661302417222, 0.7498598784838457, 0.01439411489812465], [0.251442814828772, 0.22190415067413188, 0.02588956872142331, 0.5007634656756728], [0.035909241105402834, 0.7984357303242248, 0.1572535568350626, 0.008401471635309776], [0.04884252824107778, 0.8863990537114415, 0.018836156023098016, 0.045922261924382736], [0.19296972432157322, 0.0499496830616736, 0.11344024395462028, 0.6436403485621329], [0.0694973717543646, 0.06895557302233987, 0.8144949097288131, 0.04705214539448243], [0.8149564155095306, 0.12302044766033016, 0.01916501040058475, 0.042858126329554457], [0.8594658189263146, 0.0964155638647922, 0.02085303180947849, 0.023265585299414773], [0.6774004470006084, 0.037328800793881546, 0.26528718175476085, 0.019983570350749182], [0.7571290575544021, 0.031003942074798282, 0.08232065865779892, 0.12954634161300077], [0.7647180698926099, 0.03777306224350389, 0.18163648584226766, 0.015872381921618575], [0.7460183001720841, 0.0424125498060339, 0.028697254507504606, 0.1828718954143774], [0.29909674555821486, 0.11176693151308606, 0.020675060253108557, 0.5684612625755905], [0.14761153068237312, 0.11317614622925408, 0.7268024783804988, 0.01240984460787398], [0.1808142116339985, 0.02505344408463056, 0.16208270643379324, 0.6320496377475777], [0.09216943038937278, 0.04154454761534676, 0.8090222175719619, 0.057263804323318575], [0.05411508724207545, 0.7952799266875971, 0.1426188510546983, 0.00798613491562913], [0.07987567454287199, 0.8324247256703033, 0.01714532379411607, 0.07055427589270859]], "ideal": "C", "sampled": "C", "correct": true}}
{"type": "result", "data": {"idx": 15, "options": ["Search marketing.", "Internet advertising.", "Permission-based email marketing.", "Social web marketing."], "probs": [[0.0017963920967680178, 0.005621091220246711, 0.9907283580370794, 0.0018541585459059002], [0.002336349376147489, 0.003320397299218845, 0.0050619794488039925, 0.9892812737758296], [0.000881317375853373, 0.9897347240849015, 0.007380992284684707, 0.002002966154560398], [0.0009095185410936508, 0.9899915175723919, 0.006881454764154666, 0.0022175090223597923], [0.0019512432470963515, 0.003241988338618533, 0.005869159893581592, 0.9889376084207036], [0.002862344363467915, 0.006708558884009506, 0.9879020202785973, 0.002527076373925237], [0.001752497938921306, 0.006563353643468955, 0.9894504986144788, 0.0022336497031309986], [0.0018910159833233095, 0.0030452472834148242, 0.006246782607904733, 0.9888169540253571], [0.0005282804826215675, 0.993375961317249, 0.004746027130499623, 0.0013497309696297954], [0.0005075022184958674, 0.9923460711933264, 0.0058085741644302285, 0.0013378523237475052], [0.002209666223960367, 0.004160263183152578, 0.005257965623714753, 0.9883721048691723], [0.0014437070194844304, 0.005800714188622338, 0.9908864988221512, 0.0018690798697420634], [0.9984631946052114, 0.0006766124911818159, 0.0003122202224674838, 0.0005479725811392738], [0.9984064199679205, 0.0007258595503975042, 0.00027986211626300527, 0.0005878582654190275], [0.9985791116391058, 0.000743183632155708, 0.0002338794361488897, 0.0004438251925896023], [0.9985331160499834, 0.0007607797766832891, 0.0002691790671539317, 0.0004369250061793281], [0.9983991851910545, 0.0007488873439326777, 0.0002548208113845784, 0.0005971065536282293], [0.9984987185034415, 0.0007035840399479917, 0.0003026288700907751, 0.0004950684865197018], [0.0018750974900823365, 0.0030196538751175836, 0.006964378401976321, 0.9881408701328237], [0.002729937104918989, 0.006601419163977222, 0.9874001638654037, 0.0032684797657000246], [0.0028135270269410823, 0.004460723814356687, 0.005053790989028102, 0.9876719580696741], [0.0015735644182444082, 0.0054502531446431095, 0.991077381230269, 0.0018988011068435085], [0.0006226488378802465, 0.993678385471548, 0.004157110809352655, 0.001541854781219098], [0.0005663454850551677, 0.9926749821056357, 0.005501431143081625, 0.0012572411662275503]], "ideal": "C", "sampled": "C", "correct": true}}
{"type": "result", "data": {"idx": 16, "options": ["Vehicle.", "Courier.", "Transportation.", "Distribution channel."], "probs": [[0.0024130806081900085, 0.003978737661352677, 0.003947616116650022, 0.9896605655138073], [0.0008814549039858718, 0.006070511858040594, 0.9898485503479109, 0.003199482790062695], [0.0033997490793135406, 0.005348944511918235, 0.0024682292263141976, 0.988783077082454], [0.0011119544898484605, 0.008953262436448246, 0.9879522076212832, 0.001982575352420086], [0.001073832368440153, 0.9920927558785355, 0.002518136507597953, 0.0043152751454263215], [0.0008166056566364382, 0.9916537544844234, 0.003182541432899442, 0.004347098326040744], [0.002061107405983543, 0.00601082893901258, 0.0037909484981087085, 0.9881371150568952], [0.0007409516949077008, 0.008886099692526163, 0.9880362480800164, 0.002336700432549689], [0.002311962347428329, 0.008523005637464588, 0.0032859612151057, 0.9858790707000014], [0.0005458016828754462, 0.01062453669173762, 0.9870258056254407, 0.001803855899946155], [0.00043752434015498025, 0.9923754900409639, 0.00251883981213404, 0.00466814570674703], [0.00039559276117937865, 0.9931599467577815, 0.002089892400285991, 0.004354567980753073], [0.003997767468444959, 0.005908857749134559, 0.003212505120107887, 0.9868808695623126], [0.0012877742058144694, 0.009894369346466111, 0.9863544282330328, 0.0024634281146866106], [0.0038737170927847153, 0.006337376482817391, 0.0031618502385527356, 0.9866270560858451], [0.0009138734793094372, 0.00894541397379446, 0.9869254782777575, 0.0032152341691386753], [0.0006821271842032119, 0.9913746538175582, 0.004451041030653094, 0.003492177867585468], [0.0007392366098263453, 0.9936201583902721, 0.0021403088372172413, 0.003500296062684374], [0.9862442842761936, 0.0057714338372871574, 0.0010763555879431997, 0.006907926198576101], [0.9880528313514856, 0.0053473022527203975, 0.0014971335239867972, 0.005102732771807204], [0.984981200008244, 0.0028761956515951288, 0.001946265617449362, 0.010196338622711488], [0.9887359409314742, 0.0025084362461861385, 0.001440621515291904, 0.007315001207047738], [0.9870825664005746, 0.002504027280228109, 0.004499907721196549, 0.005913498498000788], [0.9907296981250917, 0.002218083131325191, 0.0014323260828016224, 0.0056198925607814495]], "ideal": "D", "sampled": "D", "correct": true}}
