{"type": "result", "data": {"idx": 0, "options": ["jus in bello.", "jus ad bellum.", "moral nihilism.", "all of the above"], "probs": [[0.6838528003157905, 0.2635740074607991, 0.006397041106292212, 0.04617615101711817], [0.49936169113503, 0.13865023775759494, 0.35974570912573, 0.002242361881645068], [0.6967024115578815, 0.01066143610476994, 0.21920269439707096, 0.07343345784027756], [0.5828206663413862, 0.010105059697601339, 0.06435351956004375, 0.3427207543009687], [0.533345393534637, 0.28544643106398243, 0.17867889740624612, 0.0025292778951345137], [0.5628746167087794, 0.23096370759242363, 0.005390626392879584, 0.20077104920591743], [0.020629795025952583, 0.9562936312925521, 0.005688364085075134, 0.01738820949642019], [0.015975502080416707, 0.8656399625050983, 0.11717996508901359, 0.001204570225471395], [0.0669240184598355, 0.015173683378185908, 0.8352102364208193, 0.08269206164115933], [0.1053498504846291, 0.011548123908434123, 0.05338894416188932, 0.8297130813450474], [0.0643025889769883, 0.3044360122055691, 0.6250375796782294, 0.006223819039213252], [0.14103999043656082, 0.17554556828870493, 0.009600404263095767, 0.6738140369116384], [0.01108543849751113, 0.5734189611416871, 0.3267998062723255, 0.08869579398847617], [0.014702261848553526, 0.543405071634063, 0.18488905365737932, 0.25700361276000405], [0.015144057781475224, 0.06086073529271845, 0.7834975713670029, 0.14049763545880342], [0.025888029326357538, 0.055681113372394876, 0.11159741925488725, 0.8068334379463603], [0.02071980075986018, 0.04285437368484075, 0.0541701854463941, 0.882255640008905], [0.01617686438266943, 0.04004371135993921, 0.02409818005247697, 0.9196812441049144], [0.0458744456005167, 0.2579105438501146, 0.6904706203886926, 0.005744390060676112], [0.09240803152342433, 0.14202577266526498, 0.008870089671416337, 0.7566961060398943], [0.03578785228128538, 0.12299103861334348, 0.8343339950098785, 0.006887113995492646], [0.07966048921440844, 0.07425944469935186, 0.008398026274630148, 0.8376820397116096], [0.05455047213345576, 0.02153341265614493, 0.06278928310178707, 0.8611268320086123], [0.041339017494381375, 0.020790066602820727, 0.024686368570303024, 0.9131845472324949]], "ideal": "A", "sampled": "A", "correct": true}}
{"type": "result", "data": {"idx": 1, "options": ["violates human dignity.", "fails a prima facie duty of honesty.", "is tantamount to asserting that you are infallible.", "is a risk worth taking of the speech is dangerous enough."], "probs": [[0.4719150136224634, 0.15320080745477518, 0.31936502929362365, 0.05551914952913771], [0.5009593944459896, 0.19922198278989714, 0.047698963251041726, 0.2521196594130716], [0.167109597116659, 0.772724694325963, 0.03531127179337141, 0.02485443666400664], [0.14238340430236343, 0.7818942491578974, 0.02761279009150055, 0.048109556348238644], [0.5807201222441016, 0.12853209577309174, 0.06669037738751261, 0.22405740449529402], [0.3206357860055071, 0.08106809612095012, 0.512574120930015, 0.08572199684352778], [0.6654138813404128, 0.04187673856542088, 0.26059211918978065, 0.03211726080438572], [0.7759861060206172, 0.04515494982614511, 0.021166666551549532, 0.15769227750168818], [0.6805862955075137, 0.2792641643987179, 0.012273384422404133, 0.027876155571364237], [0.6660998723513193, 0.2733010756311004, 0.019958956945811505, 0.04064009497176883], [0.7954036622272886, 0.03837285204731967, 0.030122894902953095, 0.13610059072243857], [0.6961272591593072, 0.03631674247188796, 0.21904898422047797, 0.04850701404832686], [0.9299449690526745, 0.024780976081187706, 0.025971297800582792, 0.01930275696555491], [0.9280219647253757, 0.02715824350305756, 0.012052805128085823, 0.032766986543480967], [0.9350727317627159, 0.038291785061186946, 0.008544980268712036, 0.01809050280738508], [0.9307789465630676, 0.03723175927340523, 0.012969449523548504, 0.019019844539978632], [0.9474426953045123, 0.017624530660445392, 0.013834793831522581, 0.02109798010351971], [0.943634970241032, 0.017014558270467845, 0.02783563859849932, 0.011514832790000746], [0.5228339627918039, 0.293174516126049, 0.04094527068865892, 0.1430462502934882], [0.3057680473285328, 0.20367241207220538, 0.4450606769632388, 0.04549886353602299], [0.5471208426085948, 0.28375072890379893, 0.025191026448609082, 0.14393740193899715], [0.5037606982220647, 0.26130402231567246, 0.21003110822069898, 0.024904171141563878], [0.08692481189538105, 0.8711987108833766, 0.02377653649244883, 0.018099940628793443], [0.0973572853482165, 0.8411338147612066, 0.050137138601285325, 0.011371761189291542]], "ideal": "C", "sampled": "C", "correct": true}}
{"type": "result", "data": {"idx": 2, "options": ["obscures the harms of noncoerced, consensual sex by implying that because what is coerced is bad what is noncoerced is good.", "obscures the harms of rape by equating all sex with nonconsensual sex.", "by not acknowledging a distinction between what is good and what noncoerced, has led to the acknowledgement of the harms of consensual sex.", "All of the above"], "probs": [[0.31797303620994327, 0.0491328520026766, 0.016212200170565044, 0.6166819115168151], [0.08480229637287262, 0.024305044640252245, 0.884960973909252, 0.005931684977623149], [0.17609145335888923, 0.031578560484049334, 0.034147852310590525, 0.7581821337464709], [0.39045988056565606, 0.027000329579333498, 0.5686109883902664, 0.01392880136474414], [0.34704616112909414, 0.608773281411722, 0.03130259687499587, 0.012877960484187967], [0.36100063653681336, 0.5949659008935058, 0.012652829500677821, 0.0313806329690031], [0.10432580397687705, 0.0793697667770336, 0.032085195200509085, 0.7842192339455802], [0.05425670344651743, 0.049809612096849525, 0.8842332917115555, 0.011700392645077516], [0.08680882011723974, 0.03852892867613863, 0.0692393666784931, 0.8054228844281285], [0.15836940453017614, 0.05063398205471943, 0.45891920337447617, 0.33207740994062823], [0.17970923926443141, 0.5040598290699192, 0.2660606105404727, 0.05017032102517661], [0.19789906802540858, 0.4673183488197403, 0.04022532523367344, 0.29455725782117764], [0.03149577405896467, 0.03921051914656623, 0.015359722934601958, 0.9139339837598671], [0.046457779821698325, 0.05225687278380206, 0.8919613703115482, 0.009323976982951392], [0.04202556997871941, 0.04405288414236288, 0.04171801373585371, 0.872203532043064], [0.030135434230143174, 0.05374498684816912, 0.8484661013844992, 0.06765347743718854], [0.09959657711873181, 0.25437373488923204, 0.6019935145817751, 0.044036173310261044], [0.18286330732193154, 0.18001880957002278, 0.11908762209259147, 0.5180302609154542], [0.008961512609560999, 0.9074508199911986, 0.07059077085135268, 0.01299689644788775], [0.01134655443673735, 0.867214672200443, 0.02682434932393838, 0.0946144239388813], [0.02086357558674154, 0.6495109711187944, 0.2546323206348406, 0.0749931325596234], [0.03199207734753531, 0.5246790568798763, 0.051174058742560716, 0.3921548069300277], [0.017719462248111134, 0.4098848341012668, 0.47981005187287923, 0.09258565167774285], [0.02334121051319999, 0.4108709386867855, 0.24361899447311053, 0.322168856226904]], "ideal": "A", "sampled": "D", "correct": false}}
{"type": "result", "data": {"idx": 3, "options": ["its quantity alone.", "its quality alone.", "both its quantity and its quality.", "neither its quantity nor its quality."], "probs": [[0.004396475772368622, 0.02001649503541135, 0.9720251818671909, 0.003561847225029126], [0.05401218792942047, 0.05075243241658808, 0.042062641874166376, 0.853172737679825], [0.0031999477718549635, 0.8401596563916353, 0.1554246995155188, 0.0012156962209909634], [0.010191767295135268, 0.8759477578689702, 0.013936076065262946, 0.09992439867063158], [0.00975928497303204, 0.01740114651488541, 0.8584242830009613, 0.11441528541112121], [0.014568107757464218, 0.014917885521456143, 0.5341282094287733, 0.43638579719230636], [0.054155907309095634, 0.026815430590464158, 0.8949856557177808, 0.02404300628265948], [0.27978837269127876, 0.024452679408116667, 0.0839956485615296, 0.6117632992390749], [0.233683719772418, 0.6868320093979947, 0.06854785220282528, 0.010936418526762047], [0.3065368274772553, 0.6192182978639083, 0.027209109047433334, 0.04703576551140313], [0.14498072267070508, 0.02579664705524001, 0.08006815283410626, 0.7491544773399487], [0.33305153619577854, 0.042015407699787545, 0.5079572853082287, 0.11697577069620516], [0.9481518161672831, 0.013845676400107532, 0.033471215138911714, 0.004531292193697719], [0.9596015046889296, 0.01703332254269211, 0.006722869651369639, 0.01664230301700867], [0.9663683319074384, 0.018840335588364305, 0.008625443221145255, 0.006165889183052042], [0.9610134559116401, 0.024055809273053733, 0.005581777656636917, 0.009348957058669272], [0.9697534865425501, 0.009732522828538943, 0.008588232878503781, 0.01192575765040711], [0.9628113175487147, 0.012025012219122957, 0.01862467947312356, 0.006538990659038748], [0.021487709693004047, 0.016483135949594847, 0.36638818142891716, 0.5956409728284839], [0.027736415819918314, 0.031195562497578353, 0.6670760152084374, 0.27399200637406596], [0.05305771763314202, 0.036474435566737684, 0.05223841083395801, 0.8582294358661623], [0.06073466880893851, 0.10829282069360299, 0.7119264668935948, 0.11904604350386362], [0.0545819178169028, 0.21424749491456463, 0.10040550677964374, 0.6307650803888888], [0.06962177189731696, 0.16189332623948902, 0.6817776726001086, 0.08670722916308546]], "ideal": "C", "sampled": "C", "correct": true}}
{"type": "result", "data": {"idx": 4, "options": ["the animal.", "the wider effects on human beings.", "both A and B", "neither A nor B"], "probs": [[0.3129576590774564, 0.03172108749588712, 0.6129543483821288, 0.04236690494452774], [0.3834322886675717, 0.032723423402256265, 0.22897743278177574, 0.3548668550483963], [0.45398399778925425, 0.5142995180847787, 0.01517637744142055, 0.016540106584546535], [0.5555384520702448, 0.41269758049819394, 0.022053312083113834, 0.009710655248447502], [0.5653519650927779, 0.053392347141947995, 0.021578043777491198, 0.3596776438877829], [0.4998749848015859, 0.08352250945555172, 0.401851247121195, 0.014751258521667358], [0.00904984467433108, 0.8340521816992004, 0.14725644473591365, 0.009641528790554856], [0.01258628433380116, 0.8161819515590626, 0.131199820839161, 0.040031943167975224], [0.031815080764927874, 0.06277978209144149, 0.8670134848863069, 0.038391652157323666], [0.04738187365816211, 0.024391140468261702, 0.02556282239335055, 0.9026641633802256], [0.02796655955556272, 0.04985772929269082, 0.8437012025697502, 0.07847450848199619], [0.03735387634823041, 0.024690476761125305, 0.059236272170568496, 0.8787193746200758], [0.14779726774041252, 0.7744377052714951, 0.02249639794946213, 0.05526862893863019], [0.07368865704511193, 0.8838577384865888, 0.02547736871423903, 0.016976235654060253], [0.03514262628257305, 0.02199264036278441, 0.9137229833422786, 0.029141749912363877], [0.11940446450343384, 0.010598621951951798, 0.013716476841517953, 0.8562804366030964], [0.17467541541948073, 0.05285941378895822, 0.7472901788971683, 0.025174991794392775], [0.11371305009719822, 0.011259674069241441, 0.007102158026373089, 0.8679251177071873], [0.20046475307091927, 0.19734611864979024, 0.02113219856724185, 0.5810569296120486], [0.05037846450446286, 0.6089964100037403, 0.3261809428035735, 0.014444182588223295], [0.016446031230164047, 0.016706170108025675, 0.8706752446190972, 0.0961725539427131], [0.03460824968140219, 0.01303495040978654, 0.17580511214462274, 0.7765516876641885], [0.09073840758237035, 0.22812467641244447, 0.6502445291059318, 0.030892386799253393], [0.07927577764621858, 0.01796791662167824, 0.008292071335110751, 0.8944642342969924]], "ideal": "B", "sampled": "A", "correct": false}}
{"type": "result", "data": {"idx": 5, "options": ["skin cell nuclear transfer", "stem cell nuclear transmission", "somatic cell nuclear transfer", "none of the above"], "probs": [[0.053995588384637916, 0.01453757418322255, 0.9136486895361075, 0.01781814779603209], [0.1315774178539953, 0.013979493704062358, 0.008412491568512445, 0.8460305967734298], [0.010515485472942494, 0.9848221149661723, 0.002385144725791408, 0.0022772547350937084], [0.01150683283218782, 0.9809962251982866, 0.006982639247542886, 0.0005143026219827384], [0.24590672216553747, 0.015358160970674883, 0.0038231636329174546, 0.7349119531308702], [0.16705749464812386, 0.03164039554608333, 0.7972775361091478, 0.004024573596645033], [0.007463664503740461, 0.028843321825737792, 0.9478808927558277, 0.01581212081469405], [0.03600399588104488, 0.039858565348361026, 0.015246973170208494, 0.9088904655003855], [0.0011446435154873766, 0.9933164644234864, 0.002790275242575023, 0.0027486167184511824], [0.001635860953108831, 0.9909367271372049, 0.00647207516864707, 0.0009553366410391805], [0.026243905487866943, 0.020442028697695496, 0.019504224152990416, 0.9338098415614472], [0.01238153258300751, 0.027689871017386458, 0.9463229929862913, 0.013605603313314675], [0.9896742998367039, 0.0031250383245220894, 0.00047931862337190337, 0.0067213431154021066], [0.9944463908403299, 0.00311577686144086, 0.0011285321696975182, 0.0013093000285316412], [0.9901767916662362, 0.002571916969341992, 0.0005266781687615015, 0.006724613095660258], [0.9947800352509937, 0.0026868647807846923, 0.0009656084888111387, 0.0015674913794104888], [0.9935662885605678, 0.00422184153967253, 0.0005452860899509628, 0.0016665837098086423], [0.993780835125819, 0.003997998246788628, 0.0005411617951517779, 0.0016800047322404834], [0.007925979730770626, 0.09658003132754525, 0.0055776208166136475, 0.8899163680250705], [0.0016129237808353355, 0.27991982848505187, 0.7149689679674416, 0.003498279666671176], [0.006478803074784077, 0.039383205558925785, 0.020270678653182283, 0.9338673126131078], [0.001390705577325842, 0.050191573571600714, 0.9398938374915942, 0.008523883259479245], [0.001348444270882641, 0.9930537418332557, 0.0033905769489781926, 0.002207236846883505], [0.0014343850113702173, 0.9923790054811447, 0.002875583346654999, 0.003311026060830081]], "ideal": "C", "sampled": "C", "correct": true}}
{"type": "result", "data": {"idx": 6, "options": ["we allow the patient to harm him- or herself.", "we force doctors to harm the patient.", "we harm the patient's family.", "we harm the patient."], "probs": [[0.2638925409535634, 0.039532327593784805, 0.010893644228281853, 0.6856814871243699], [0.6430709535069842, 0.05403220798925717, 0.2944099386281112, 0.008486899775647391], [0.06505020010603302, 0.0069658952345877925, 0.014179426349618385, 0.9138044782097607], [0.6242329419503398, 0.023826369791457396, 0.28132852647128265, 0.07061216168692006], [0.6605951275466019, 0.2840439117943084, 0.044597104768800445, 0.010763855790289325], [0.6740924339365552, 0.27223745301518365, 0.010233602793206962, 0.04343651015505415], [0.05623171195853331, 0.0608119819238527, 0.015020570830270485, 0.8679357351873435], [0.07804362453286466, 0.3209834089526762, 0.5905638320044588, 0.010409134410000336], [0.0217557061114813, 0.008131597038819395, 0.036152574488023906, 0.9339601222616754], [0.034353971043876406, 0.01187592414659885, 0.3389972633625904, 0.6147728413469343], [0.07908268072048848, 0.28704436608633205, 0.6174083180929737, 0.016464635000205705], [0.12059380408683715, 0.1410024560473503, 0.020636349145630582, 0.717767390620182], [0.02040281260619162, 0.02877694266232315, 0.025592635408725466, 0.9252276092227597], [0.022079281494733496, 0.10371372226914281, 0.7908074921814371, 0.0833995039546866], [0.025797201798459592, 0.02833693340764941, 0.09660349220195517, 0.8492623724919358], [0.009219376725435104, 0.020943167241810858, 0.6617970052999823, 0.3080404506327717], [0.022224004895550774, 0.5556577340021562, 0.3117131532470388, 0.1104051077552542], [0.033221869667370806, 0.23795845393070847, 0.0703367271848697, 0.6584829491170511], [0.5295625998513565, 0.3934363181323743, 0.06473559976004349, 0.0122654821562257], [0.5364449935979023, 0.3922918531946225, 0.016449431960532036, 0.05481372114694308], [0.5620109657522896, 0.13138768684675814, 0.2781683913823289, 0.02843295591862333], [0.558226002100595, 0.13461861374775896, 0.017250903365729743, 0.28990448068591623], [0.7375658648326497, 0.028815725884994675, 0.1671092324088528, 0.06650917677350282], [0.5522351182111933, 0.03786197620457316, 0.052971760879050964, 0.35693114460518255]], "ideal": "D", "sampled": "D", "correct": true}}
{"type": "result", "data": {"idx": 7, "options": ["preventive", "proportional", "equality", "retaliatory"], "probs": [[0.012937615340052586, 0.8591222022220129, 0.09712972930964578, 0.030810453028288762], [0.010160152099149122, 0.8265746261409715, 0.1505153522321046, 0.012749869427774712], [0.023816605228418563, 0.155343887714719, 0.7707855435302223, 0.05005396342664015], [0.047581969977896106, 0.13349287011640182, 0.5533342278443636, 0.2655909319613385], [0.021383276954517215, 0.5389294938762498, 0.41974429082986897, 0.01994293823936405], [0.06359298242322038, 0.27634765459749844, 0.15139912880639123, 0.50866023407289], [0.41056337336721094, 0.07304505894280588, 0.20642000127128865, 0.3099715663186945], [0.3578182849851358, 0.08302848256740943, 0.5125779642696915, 0.046575268077763285], [0.46463181487648786, 0.3046987777333981, 0.03696059214165196, 0.1937088151484621], [0.18495470111313614, 0.21457277036386796, 0.5878831092808818, 0.012589419142114026], [0.2794497655705456, 0.6809648388850028, 0.017865404784361834, 0.02171999066008969], [0.23707532107542081, 0.6754110830725081, 0.08193691552002919, 0.005576680232041888], [0.030007712540009942, 0.08822424708914663, 0.7988612054979642, 0.0829068347728792], [0.05088100973336094, 0.0800757113021843, 0.6298755430168191, 0.23916773584763565], [0.04525835964987587, 0.8216371733570884, 0.03872310927346391, 0.09438135761957177], [0.022853480011170473, 0.5042537309399286, 0.4663933384773519, 0.006499450471548934], [0.09461874403282065, 0.36000063445548613, 0.03735208016386174, 0.5080285412478315], [0.02612683623476248, 0.6740044546171698, 0.2944745802784858, 0.005394128769581893], [0.04516980474552846, 0.06272576073740982, 0.8593016958044409, 0.032802738612620806], [0.06952044988656275, 0.03415531225059421, 0.07458943794721463, 0.8217347998156284], [0.0354870584189466, 0.9299140072365029, 0.01945005874514232, 0.015148875499408172], [0.027894164002848613, 0.8885430849734826, 0.07947950737932802, 0.004083243544340811], [0.1042706037969295, 0.0757033447856985, 0.024385546582006295, 0.7956405047353657], [0.04221306469549047, 0.1643862767514736, 0.7844095917339556, 0.00899106671908031]], "ideal": "B", "sampled": "B", "correct": true}}
{"type": "result", "data": {"idx": 8, "options": ["consequentialism", "Kantianism", "virtue ethics", "contractualism"], "probs": [[0.44103801081747923, 0.43418723178713636, 0.07604752451893348, 0.04872723277645095], [0.42144854596666415, 0.40217860330557553, 0.11704346187602893, 0.05932938875173136], [0.4536150378518117, 0.07233702363715021, 0.4131223841599671, 0.06092555425107102], [0.4740679930282619, 0.0636553028706926, 0.11526641420264355, 0.3470102897984019], [0.2953848496471771, 0.0859789760923986, 0.5478882111375775, 0.0707479630228468], [0.509989857622646, 0.09963365643220201, 0.09507266431096163, 0.2953038215341903], [0.4383052044125507, 0.4248145878925087, 0.09480323856847944, 0.04207696902646113], [0.41951392514109426, 0.3941403778195981, 0.12998570016270028, 0.05635999677660737], [0.33214182400679243, 0.057724752816554085, 0.5393886686185483, 0.07074475445810514], [0.44970403254473207, 0.04739666907997558, 0.12984799805353, 0.37305130022176236], [0.40548467672917576, 0.10496992653824674, 0.3931871349110758, 0.09635826172150164], [0.4820478407139484, 0.15894335516597896, 0.05241806688957379, 0.30659073713049884], [0.17331094451882295, 0.5864400572866897, 0.21080849671982269, 0.029440501374664647], [0.18561406262323243, 0.6183217210459737, 0.07328286111073257, 0.1227813551200613], [0.25040181260896016, 0.13830497348339074, 0.5558244382804037, 0.05546877552724539], [0.3833749252947327, 0.15610411318273712, 0.10562531612225, 0.3548956453002801], [0.1839541196639166, 0.10901607571942218, 0.5243577956628962, 0.18267200885376497], [0.3046091153226299, 0.14615735192390983, 0.2246534939682317, 0.32458003868522856], [0.21177250845950168, 0.21517861575796338, 0.5084122229450575, 0.0646366527374774], [0.34558049355836723, 0.31469110120205945, 0.09448662540096844, 0.24524177973860486], [0.27818033796759406, 0.15609203488299686, 0.4625117399257655, 0.10321588712364362], [0.392349523038656, 0.22009485123623418, 0.07201256071838517, 0.3155430649067246], [0.20856774564357045, 0.05152874247479946, 0.4739670576438549, 0.2659364541377752], [0.32229179162026694, 0.04982176514046913, 0.2844971385031624, 0.3433893046361015]], "ideal": "D", "sampled": "A", "correct": false}}
{"type": "result", "data": {"idx": 9, "options": ["institutional adequacy", "dispersion of causes and effects", "fragmentation of agency", "all of the above"], "probs": [[0.06987816042590105, 0.06313512426627793, 0.04728445375025947, 0.8197022614575615], [0.028658954423780338, 0.04370259865681405, 0.9128829239886067, 0.014755522830798885], [0.015929412807246118, 0.018625860001930356, 0.21481914286338988, 0.7506255842274336], [0.04386735497972367, 0.055456554714876774, 0.7962178287685103, 0.10445826143688926], [0.04519493521743172, 0.5506220479899697, 0.3500676465804524, 0.05411537011214614], [0.03673040288708353, 0.4581347149449636, 0.031916884781382854, 0.47321799728657005], [0.12299333833295217, 0.030617746406888878, 0.05587356751309404, 0.7905153476470649], [0.06964604659644752, 0.042910446116663205, 0.8620159157548998, 0.025427591431989516], [0.1225756358108432, 0.037386509856207784, 0.039795483926059284, 0.8002423703068897], [0.07394501648787448, 0.054953680051065566, 0.8597583269931227, 0.01134297636793719], [0.08407750739389143, 0.8899672238447343, 0.008326878591266584, 0.017628390070107768], [0.07371574371446596, 0.8981069026203781, 0.01835278353171875, 0.009824570033437164], [0.012877127769772002, 0.018447471856588633, 0.361942911817761, 0.6067324884558783], [0.03676873924552974, 0.05145029276378132, 0.7159806826714591, 0.1958002852192298], [0.043205445076370745, 0.11837487005144115, 0.028558666150470792, 0.8098610186217173], [0.015611160836585506, 0.06420551721757578, 0.9146153551141902, 0.005567966731648527], [0.04901394002803367, 0.37957392128865547, 0.026862242025563927, 0.5445498965577469], [0.019138689253468975, 0.2501441375180156, 0.7017488857974165, 0.028968287331098894], [0.02913521653051563, 0.05401095123370463, 0.7516621596516883, 0.16519167248409153], [0.029871772637899287, 0.017426589307384343, 0.028505405089700963, 0.9241962328650154], [0.0345729346688577, 0.8575964420412826, 0.03739322544076066, 0.07043739774909906], [0.02859168424995684, 0.8689614873408139, 0.0724636195559905, 0.029983208753238753], [0.031679921616126185, 0.019672709060253663, 0.027740982098772068, 0.9209063871248481], [0.014162799147034636, 0.05779197344393169, 0.8363526439659157, 0.09169258334311804]], "ideal": "D", "sampled": "D", "correct": true}}
{"type": "result", "data": {"idx": 10, "options": ["the problem of massive world overpopulation over generations.", "the problem that the bad effects of current carbon dioxide emissions will fall largely on future generations.", "the problem that the compounding effects of greenhouse gas emissions require the current generation to, in effect, cooperate with future generations.", "the problem that countries are possibly biased toward the interests of the current generation, which largely benefits from carbon dioxide emissions."], "probs": [[0.00039973349294361213, 0.8514554645934009, 0.14569418381023475, 0.0024506180034206586], [0.0006926167446776728, 0.7594769682809517, 0.007926021482804812, 0.2319043933915658], [0.00025386514073310023, 0.9869162828553601, 0.011856016453324444, 0.0009738354505823344], [0.0006893862566686776, 0.7101533836747689, 0.006339342711703739, 0.2828178872568587], [0.0007212839602975747, 0.12222062132598475, 0.29318958715921595, 0.5838685074545017], [0.0007926060010277359, 0.1697840617310784, 0.28881244604607426, 0.5406108861218196], [0.8310135992960607, 0.006597000483833418, 0.15614054339782518, 0.006248856722280661], [0.6930833002553718, 0.004779808319590616, 0.0037514440074480127, 0.2983854473175896], [0.9395617857047808, 0.05216413371794499, 0.0016385444930675584, 0.006635535984206668], [0.9663055075654372, 0.03032947371642948, 0.001570625989778408, 0.0017943926283548546], [0.7615362724171606, 0.007521933724805113, 0.002089094923608896, 0.22885269883442538], [0.9444188186463457, 0.006825063133746734, 0.04628245310384437, 0.0024736650160631798], [0.9206490849997585, 0.007839578063928012, 0.06667867230947723, 0.004832664526836199], [0.40231974950664473, 0.006155896765320779, 0.004869379242453057, 0.5866549743855815], [0.9643767111270594, 0.029110037615279725, 0.0017216277223231072, 0.004791623435337794], [0.9727844421301248, 0.0241539507392649, 0.001212352124411373, 0.0018492549061988924], [0.5384337257845939, 0.011435220847034413, 0.002960382468587251, 0.4471706707997844], [0.8146913840750976, 0.011617672986365755, 0.1707503711170481, 0.00294057172148857], [0.014805319939346256, 0.0031045243425557923, 0.1721232044499899, 0.809966951168108], [0.02719000938253532, 0.004545759451547169, 0.412351671680101, 0.5559125593858165], [0.021769000255689556, 0.7266732467108598, 0.0039664208958921495, 0.24759133203755854], [0.002411996424713379, 0.9213187189768356, 0.07564874579632065, 0.0006205387021303785], [0.06784755549506474, 0.2242183176441904, 0.004441683523816442, 0.7034924432369284], [0.022839128155215657, 0.6319578064230811, 0.34380667173534524, 0.0013963935863580636]], "ideal": "D", "sampled": "B", "correct": false}}
{"type": "result", "data": {"idx": 11, "options": ["it fails to reconcile prima facie duties.", "it can run counter to a person's being able to integrate her commitments at various levels.", "it can run counter to the idea that persons are atomistic and individually rational actors.", "it fails to recognize that possibility that the persons are best understood in relation to one another."], "probs": [[0.10992906732930958, 0.5851646326715786, 0.0404627415704233, 0.2644435583286885], [0.13726457849810336, 0.6549066851757713, 0.1103453627837718, 0.09748337344235351], [0.2496750336108626, 0.04582520266591102, 0.31087387500675506, 0.39362588861647135], [0.35857643872095607, 0.061339101308281845, 0.3215078043279155, 0.2585766555428466], [0.3947080759616684, 0.13639349048845342, 0.3539230306224437, 0.1149754028274345], [0.3728622793778444, 0.13930600880183477, 0.1734098493879477, 0.3144218623323731], [0.7094701250326596, 0.06443990514297486, 0.022625424943214994, 0.20346454478115056], [0.8148727253314398, 0.06041800785037864, 0.0700931260205444, 0.05461614069763717], [0.6301532340153232, 0.025601237819009633, 0.08936808190816968, 0.2548774461574975], [0.6566688989315322, 0.029764566456662294, 0.18815191018133395, 0.12541462433047146], [0.7912983326988559, 0.05384054054467108, 0.10542747416569824, 0.04943365249077483], [0.7058816463803084, 0.05976928936091832, 0.07675421983871582, 0.1575948443200575], [0.12313109245837087, 0.08075224584298664, 0.3001825779539492, 0.49593408364469327], [0.15085148585045585, 0.1260416190790017, 0.5351248899293534, 0.18798200504118903], [0.11328238739544441, 0.27390187363787094, 0.2004854485083579, 0.41233029035832675], [0.1105492645064154, 0.2652125796283762, 0.3860880502023817, 0.23815010556282667], [0.08152990285326045, 0.6514593556306786, 0.13448237282130493, 0.13252836859475603], [0.08105145997872014, 0.5760225486196149, 0.15267577413252414, 0.19025021716914084], [0.5390895644713494, 0.11656526561827028, 0.24685077550662757, 0.09749439430375283], [0.5007320083231576, 0.12856659387678654, 0.08499335560092773, 0.28570804209912815], [0.4300167262124152, 0.22657476363300505, 0.2450795322411552, 0.09832897781342455], [0.37779985000288974, 0.2327053467012798, 0.09478323443130239, 0.29471156876452803], [0.4146754134273543, 0.11878350981004995, 0.1811717613477315, 0.28536931531486426], [0.348149518578688, 0.10370293567642469, 0.23560968741235472, 0.3125378582325326]], "ideal": "B", "sampled": "B", "correct": true}}
{"type": "result", "data": {"idx": 12, "options": ["often have to be made quickly and without immediate authorization.", "should be made with visibility and accountability by the highest-level officials.", "have no objective answer.", "none of the above"], "probs": [[0.6412768720463556, 0.07901766601093943, 0.03589811041971767, 0.24380735142298726], [0.6913910742922335, 0.09578475600645771, 0.17756754722180887, 0.03525662237949995], [0.3158396086126383, 0.037738321872571264, 0.28770225079065304, 0.3587198186241374], [0.3051959514652283, 0.03590291646494524, 0.23408770900055076, 0.42481342296927566], [0.5228200036184701, 0.09596663855496969, 0.31723094456049866, 0.06398241316606156], [0.49316450581115745, 0.09485844451090981, 0.02696949223182, 0.3850075573461127], [0.3486058161063587, 0.3890388360291449, 0.029540645340827416, 0.23281470242366897], [0.35604230560645406, 0.5021935841179312, 0.11653898980809042, 0.025225120367524292], [0.46714414379547986, 0.040197079182790675, 0.07931161132846874, 0.41334716559326073], [0.6015867218364719, 0.05340554763608382, 0.1697106573453208, 0.17529707308212344], [0.5146285275800415, 0.08805872466257761, 0.33767437805705236, 0.05963836960032853], [0.6176753466980692, 0.09621608732564957, 0.02822210374316812, 0.2578864621331131], [0.033942282702244815, 0.23402779150690523, 0.37408671336734683, 0.3579432123235031], [0.05366721508857906, 0.18312372936904264, 0.21412876779104326, 0.549080287651335], [0.028911951904240035, 0.6640352769254059, 0.08054899643447377, 0.22650377463588037], [0.037635126057269035, 0.7333397432429829, 0.1356604427483717, 0.09336468785137642], [0.05134265725452466, 0.033695768897644154, 0.2866185912996686, 0.6283429824481626], [0.037227556363909585, 0.043895523627972596, 0.6453543895811463, 0.2735225303269715], [0.011136820157110375, 0.9065834730412629, 0.06314698172734089, 0.01913272497428587], [0.018742339439312746, 0.8361382970626319, 0.016687821377607676, 0.1284315420204477], [0.014524215075425125, 0.6581073482378682, 0.30141568545814573, 0.025952751128560964], [0.027994645756663845, 0.7573841213422609, 0.028683738780133524, 0.18593749402094178], [0.03635426678059793, 0.03813283588603347, 0.3119644282439646, 0.6135484689894041], [0.02644901075877295, 0.04164473122108511, 0.5796886897881552, 0.3522175681319867]], "ideal": "B", "sampled": "B", "correct": true}}
{"type": "result", "data": {"idx": 13, "options": ["to minimize damage incurred by all individual living beings.", "to minimize the suffering of all sentient creatures.", "to promote the functional integrity of ecosystems.", "to promote human welfare."], "probs": [[0.029615405765622896, 0.035727524526721774, 0.8327435872401664, 0.10191348236748896], [0.038207133646453124, 0.021943905193008834, 0.0254525252744164, 0.9143964357861216], [0.04587719961542075, 0.8197634219303528, 0.04846809431425834, 0.08589128403996815], [0.036828435267765885, 0.8190181101967547, 0.0985903721466721, 0.04556308228880731], [0.06586506217059473, 0.07122077047112652, 0.025593720373932174, 0.8373204468843466], [0.04142734610731578, 0.11620091169577362, 0.7882598910778073, 0.054111851019103395], [0.11671677361062627, 0.06151066416085075, 0.715332396800798, 0.10644016532772506], [0.10183306782419398, 0.03437936305655962, 0.021681763229586128, 0.8421058057896602], [0.04540974307289301, 0.8704959931542599, 0.051069476545961764, 0.033024787126885315], [0.0488808769266927, 0.8532309253119137, 0.04281478906794857, 0.05507340859344497], [0.14231060072781768, 0.056607248642406315, 0.07557401608285759, 0.7255081344469184], [0.08089167322558108, 0.06812929852633991, 0.7619844986487204, 0.0889945294993586], [0.28713710167938616, 0.1512772041296568, 0.07146239545851416, 0.49012329863244286], [0.24863893169782486, 0.15680978489694464, 0.45041177638980756, 0.1441395069154229], [0.37420992732224617, 0.17948786224810875, 0.08816455697867287, 0.3581376533509722], [0.3435645410281662, 0.1597252183747204, 0.19269427887905424, 0.30401596161805916], [0.04207304613926214, 0.8653494199036815, 0.060763217606236854, 0.03181431625081946], [0.041753621149466014, 0.8723076245004131, 0.04209844520560462, 0.043840309044516246], [0.1323723377915727, 0.08283771774255301, 0.020142203682600095, 0.7646477406832742], [0.12020597157893155, 0.2688225705346396, 0.5518235358109762, 0.0591479219754526], [0.14462780843251222, 0.05077342278171411, 0.0434213538169552, 0.7611774148688185], [0.14779921204905144, 0.09106997603168791, 0.6034425035285074, 0.15768830829075328], [0.07335575068073108, 0.8139332461044927, 0.07689720506294553, 0.03581379805183065], [0.09805550206093054, 0.77753363294127, 0.044206178685934384, 0.08020468621186504]], "ideal": "D", "sampled": "C", "correct": false}}
{"type": "result", "data": {"idx": 14, "options": ["consequentialism", "virtue ethics", "both A and B", "neither A nor B"], "probs": [[0.0062740553810501695, 0.8614197589138888, 0.12602909224969636, 0.006277093355364653], [0.007028865551075694, 0.9500385452297365, 0.02511720498257946, 0.017815384136608284], [0.029130383020838504, 0.07981495946674783, 0.8785216414710793, 0.012533015941334434], [0.06378064945476292, 0.10599043540245517, 0.02119830091217565, 0.8090306141306063], [0.028947732908397944, 0.03384778970368298, 0.9220651845894298, 0.015139292698489267], [0.06410514259421948, 0.0284497701583693, 0.03540249039976203, 0.8720425967476492], [0.9475923819804704, 0.011652325333105836, 0.032931897939297794, 0.007823394647126032], [0.9506074903419593, 0.009246876805596884, 0.012539504891727404, 0.0276061278607163], [0.938600123545739, 0.04672727288600479, 0.0072783860391258505, 0.007394217429130389], [0.9333921013083617, 0.04230984272369008, 0.016829145960872028, 0.007468909907076194], [0.9659170507418787, 0.011693079954706566, 0.008825749157976678, 0.013564120045438003], [0.9658955096267692, 0.012741963063338605, 0.014325483347136996, 0.007037043862755169], [0.021396335640145855, 0.07411168017983562, 0.888954937364714, 0.015537046715304589], [0.040160734576447976, 0.05198081258146719, 0.013454092790462361, 0.8944043599516225], [0.003891190179286367, 0.9825687143137803, 0.009707633732687099, 0.0038324616742462184], [0.0041566747109262475, 0.9783164731766856, 0.011843007415868561, 0.005683844596519619], [0.04249644191486835, 0.044195003041340795, 0.12297064144227869, 0.7903379135015122], [0.02280777824263394, 0.025848533585512652, 0.932867759594354, 0.01847592847749938], [0.016479712254242343, 0.07987073942003516, 0.8790972975356123, 0.024552250690110244], [0.018851063581874453, 0.048521100023868384, 0.030360943661248144, 0.902266892633009], [0.004515241384351408, 0.9752136508782847, 0.013801257182493582, 0.006469850454870269], [0.003947427877025033, 0.9736506729400619, 0.018834326010931452, 0.003567573071981551], [0.022827480241170785, 0.08820358761490533, 0.08958331594744777, 0.7993856160964761], [0.0179060745027785, 0.05062055196057562, 0.9043735688499878, 0.027099804586658102]], "ideal": "C", "sampled": "B", "correct": false}}
{"type": "result", "data": {"idx": 15, "options": ["will be seen as curiosities.", "will be scrutinized in relation to the person they are clones of.", "both of the above", "none of the above"], "probs": [[0.009526026922193013, 0.1455717012200625, 0.8248841588199674, 0.0200181129377771], [0.018403025193443997, 0.12191686423364625, 0.03836355342737966, 0.8213165570455301], [0.03351561239905585, 0.3689074392241622, 0.47390688852264234, 0.12367005975413962], [0.047220676397844885, 0.4696632026570552, 0.07431892030472555, 0.4087972005403744], [0.018075748895038882, 0.0305166213607285, 0.3082362665717442, 0.6431713630724885], [0.03668536604318719, 0.06050167954666257, 0.304948090340443, 0.5978648639697072], [0.0972931052282917, 0.04317950633844539, 0.8276807408119375, 0.03184664752132537], [0.10280372145662967, 0.044572155181699685, 0.08590979704286986, 0.7667143262188008], [0.2220391407325564, 0.7167484999876337, 0.025508292872048553, 0.03570406630776142], [0.20377627060853234, 0.7113223763770626, 0.06722155481944231, 0.017679798094962715], [0.27223570813845105, 0.06883773618661455, 0.04444608994203709, 0.6144804656328973], [0.22172017682369374, 0.07907264036920536, 0.6727093545214267, 0.026497828185674185], [0.05041725541736695, 0.0470092369307908, 0.7530873389046532, 0.14948616864718903], [0.08029158086302438, 0.03296254746835989, 0.08031936407951654, 0.8064265074890992], [0.21243594268170632, 0.43591537417708703, 0.056304394354190726, 0.2953442886870159], [0.23964304041980866, 0.5073728031001431, 0.22522354417382406, 0.027760612206224163], [0.05967407767650547, 0.04612551786822399, 0.022306979524209937, 0.8718934248310606], [0.1547005462886624, 0.09384798932740393, 0.693614358433158, 0.05783710585077567], [0.012758303289795712, 0.019613556342694287, 0.3615125078922443, 0.6061156323752657], [0.026663136554216343, 0.026673699614443398, 0.21310882924734315, 0.7335543344839971], [0.056309420819572645, 0.1762179142664656, 0.04153177902257785, 0.7259408857913839], [0.026641558036069494, 0.3825017424754249, 0.5744305866768747, 0.01642611271163084], [0.02324011726728095, 0.035168673708614984, 0.018825659456361058, 0.922765549467743], [0.03956209451053936, 0.11011297876650557, 0.7645374450306027, 0.08578748159235237]], "ideal": "C", "sampled": "C", "correct": true}}
{"type": "result", "data": {"idx": 16, "options": ["because dead people no longer exist, and thus cannot benefit from choosing to die.", "because some things (e.g., long-term torture) are worse than death.", "because there has yet to be a satisfactory philosophical explanation of why death is bad.", "because death is, by definition, undesirable."], "probs": [[0.1432594379705485, 0.259357131155084, 0.17558228888106278, 0.4218011418933047], [0.1391455017871889, 0.23849724162203728, 0.274734483615968, 0.34762277287480586], [0.10049639600097389, 0.04859425119391189, 0.10698813107005248, 0.7439212216350617], [0.23500982714300186, 0.15408484176987813, 0.24638544776403368, 0.3645198832230863], [0.10441957302379012, 0.5301808279819409, 0.12601197222007068, 0.23938762667419836], [0.10222432228220785, 0.6930187578467067, 0.06812266649474955, 0.13663425327633585], [0.16802448408170242, 0.5014928094874882, 0.06581277546700091, 0.26466993086380847], [0.17121452601671294, 0.5612648296171885, 0.19718973924303293, 0.07033090502306562], [0.20585825007268613, 0.1308226912521735, 0.10271846731585814, 0.5606005912592822], [0.31075085334347446, 0.26158364045485827, 0.20708352581078085, 0.22058198029088644], [0.17128922298758806, 0.588443526394584, 0.15605049066250404, 0.0842167598553239], [0.2260368997391364, 0.5953544599472105, 0.105162646803273, 0.07344599341038012], [0.10285849067826475, 0.05462337651012276, 0.09293090429254502, 0.7495872284190674], [0.15773712214544422, 0.12282956481859814, 0.4290075035635342, 0.29042580937242346], [0.11478311677493583, 0.17499197831430346, 0.12609260722423857, 0.5841322975865222], [0.1355720738100725, 0.2323732490251559, 0.29862123279831937, 0.3334334442664522], [0.21020605607639997, 0.31545542097463125, 0.13789371271067483, 0.3364448101382939], [0.19445505156792597, 0.14904757888472975, 0.23100762868574973, 0.42548974076159457], [0.30657857881831935, 0.11013097396979347, 0.22434707150858593, 0.3589433756033012], [0.3732608723234788, 0.16816683863657664, 0.11294448879473669, 0.34562780014520783], [0.24787211797714537, 0.36619363574626457, 0.15276534170923806, 0.23316890446735197], [0.2869695383294137, 0.37415594223774573, 0.23070809815377494, 0.10816642117906562], [0.390814283930172, 0.2369336660078486, 0.0769514922820533, 0.29530055767992613], [0.2702895660384976, 0.14461456022284847, 0.29699044974172834, 0.28810542389692567]], "ideal": "A", "sampled": "D", "correct": false}}
