{"type": "result", "data": {"idx": 0, "options": ["Wrong, Wrong", "Wrong, Not wrong", "Not wrong, Wrong", "Not wrong, Not wrong"], "probs": [[0.08584340235639246, 0.4095920476500898, 0.09430349968561365, 0.41026105020790415], [0.08810384022540607, 0.515115332144739, 0.14532688583456063, 0.2514539416952943], [0.16914810238577227, 0.22763031718838808, 0.16397280989437696, 0.4392487704314627], [0.10075367385609683, 0.23984891234330463, 0.5406168972537576, 0.11878051644684094], [0.13475945188964517, 0.4930199535288139, 0.2205413215970595, 0.15167927288448144], [0.1046957193301016, 0.4239867202815597, 0.31027268435615935, 0.1610448759321793], [0.2298905222346185, 0.44311621294418246, 0.05768337766491116, 0.2693098870562879], [0.2199330411606529, 0.48416833888250066, 0.09993919356431519, 0.19595942629253124], [0.2167978085419315, 0.20851578748446759, 0.532626712237384, 0.042059691636216895], [0.24044059931140585, 0.19626604603551287, 0.2540524081349358, 0.3092409464181455], [0.15087308269111604, 0.10868737302914006, 0.681778443569656, 0.058661100610087925], [0.1709141033172101, 0.1352373578867764, 0.4505957394032649, 0.2432527992927486], [0.2664550919997995, 0.18315578051034248, 0.27716604698407743, 0.2732230804057805], [0.25433040420642533, 0.16681251425304366, 0.49426938571366347, 0.08458769572686752], [0.14859193612866448, 0.25477421793725824, 0.5311511239998519, 0.06548272183422538], [0.1691355604279445, 0.14022984263508861, 0.1887291259142303, 0.5019054709227366], [0.13644196396689562, 0.21137215667426199, 0.5441480400051227, 0.10803783925371958], [0.11856307694895493, 0.20170764610332448, 0.13864753105985964, 0.541081745787861], [0.027008192358188635, 0.8145267852044246, 0.10118275737839942, 0.05728226495898731], [0.028371163145555985, 0.8100597450228354, 0.0551370913318142, 0.10643200039979436], [0.037155536729354614, 0.3444045041635968, 0.5769565362780946, 0.041483422728953924], [0.06860709189682582, 0.26718479392240874, 0.1522599458542198, 0.5119481682265457], [0.052146816700951615, 0.33749644222075054, 0.3323509518600555, 0.27800578911824236], [0.04883005032974489, 0.30627280712586336, 0.12279745582329013, 0.5220996866211016]], "ideal": "D", "sampled": "A", "correct": false}}
{"type": "result", "data": {"idx": 1, "options": ["Wrong, Wrong", "Wrong, Not wrong", "Not wrong, Wrong", "Not wrong, Not wrong"], "probs": [[0.08922637519022766, 0.5466858906999682, 0.0865071069066774, 0.2775806271031267], [0.08409286352220317, 0.621536021032884, 0.10148105099885907, 0.19289006434605374], [0.19298711129602453, 0.24399055174547515, 0.25176587323165767, 0.3112564636268426], [0.12136125856313723, 0.23951736688016667, 0.5232425732669554, 0.11587880118974071], [0.20348308978430105, 0.40792381759379015, 0.2760779559336196, 0.1125151365882892], [0.15784001819224341, 0.3290369012335788, 0.3395560782675957, 0.17356700220658206], [0.1935415286982698, 0.6296464377994171, 0.03932762626948593, 0.1374844071328271], [0.19430863897730144, 0.6272550353335646, 0.055684003549908, 0.12275232203922588], [0.2097948895413297, 0.18372539797640766, 0.5840015291136313, 0.02247818326863124], [0.2789512615960725, 0.1815319684194584, 0.19174982891176667, 0.34776694097270244], [0.12711370132091984, 0.07651051963671202, 0.7668655003607687, 0.029510278581599426], [0.18760196024082815, 0.10444469281978913, 0.49840901049119535, 0.20954433634818737], [0.2261863581256475, 0.21086935068437723, 0.3292121788764944, 0.23373211221348086], [0.21062638334223754, 0.18590775545856397, 0.5015201680200488, 0.10194569307914962], [0.09757791276831589, 0.23410415211020058, 0.6315412999143477, 0.03677663510713581], [0.12919538395578903, 0.1131390466574937, 0.13541641046179342, 0.6222491588249238], [0.0818886494107291, 0.14831258853998763, 0.6858977998566212, 0.08390096209266198], [0.09121498328704958, 0.1564025408409217, 0.12276598626986363, 0.6296164895021651], [0.011522980129033808, 0.9084484496319774, 0.059928826661057415, 0.020099743477931392], [0.011919772495473846, 0.9107849187585277, 0.03117070783153981, 0.046124600814458565], [0.025151670668009506, 0.3262102451682661, 0.6240502304681406, 0.024587853595583905], [0.04966140574958072, 0.25224584526464533, 0.13293479480706583, 0.5651579540787081], [0.03572996013596923, 0.3933574913549083, 0.30640781379269877, 0.26450473461642376], [0.036421782117471733, 0.3196512388616538, 0.09902920528835284, 0.5448977736325216]], "ideal": "A", "sampled": "A", "correct": true}}
{"type": "result", "data": {"idx": 2, "options": ["Wrong, Wrong", "Wrong, Not wrong", "Not wrong, Wrong", "Not wrong, Not wrong"], "probs": [[0.07959465173863102, 0.46899805865956434, 0.09678765673824821, 0.35461963276355646], [0.07735824296005443, 0.5899244326536358, 0.12366883739826051, 0.20904848688804928], [0.14759114383175273, 0.24914242324721864, 0.21988473830408423, 0.3833816945169444], [0.09753594401194905, 0.2510650716312238, 0.5399458327357568, 0.11145315152107028], [0.1366190720475468, 0.4480719134338083, 0.2696932473600451, 0.14561576705859983], [0.1112095001523187, 0.3763185896974518, 0.34002937596506866, 0.17244253408516083], [0.2311366165773906, 0.42850359631509727, 0.06319732869235517, 0.27716245831515696], [0.21806636125550002, 0.4992274269077527, 0.10303130591328834, 0.17967490582345896], [0.2119272492169733, 0.24207106140043919, 0.5085633973694778, 0.03743829191310976], [0.2312900447085211, 0.2313403063289677, 0.26013215331606643, 0.2772374955464448], [0.13646422731895236, 0.10713242312589127, 0.7041704267802126, 0.05223292267494375], [0.1545367584829992, 0.14521854057107175, 0.4837561691443012, 0.21648853170162788], [0.2649339139196583, 0.17242565749351488, 0.29104799029300826, 0.27159243819381856], [0.23594563845501776, 0.1535578347058841, 0.52363514114694, 0.0868613855921581], [0.1547419864176296, 0.2716195860857874, 0.5075422487083497, 0.0660961786882333], [0.16733419893498777, 0.15721698103763065, 0.22698481378669635, 0.4484640061406852], [0.13410226799544375, 0.2299604679420038, 0.5305886189021268, 0.10534864506042559], [0.12042759061248304, 0.21472246252544488, 0.1364878913805451, 0.5283620553815269], [0.02812262687079925, 0.8093069375832266, 0.1078455174124917, 0.0547249180334825], [0.030564701026864538, 0.8071160170624941, 0.057119469550470835, 0.10519981226017046], [0.037550619471953935, 0.37930913484109857, 0.5434492643712778, 0.03969098121566967], [0.06960559791239025, 0.3194176625755864, 0.17367852120626337, 0.4372982182057599], [0.05347581446272989, 0.40148209336030455, 0.29148797500890167, 0.2535541170680639], [0.05153835956064942, 0.35228368767659046, 0.12859360920318105, 0.46758434345957905]], "ideal": "D", "sampled": "A", "correct": false}}
{"type": "result", "data": {"idx": 3, "options": ["Wrong, Wrong", "Wrong, Not wrong", "Not wrong, Wrong", "Not wrong, Not wrong"], "probs": [[0.08621361786595913, 0.5449548322538355, 0.07669923396610712, 0.2921323158140983], [0.09749153328078258, 0.588031773121203, 0.06702721913253959, 0.24744947436547476], [0.18523721671095655, 0.291450176976536, 0.23605519882546452, 0.28725740738704286], [0.10442416090625084, 0.26461754429454826, 0.5304770110230306, 0.10048128367617029], [0.23534096775085708, 0.2773409187516391, 0.35619559880509394, 0.1311225145924099], [0.15930969536768644, 0.21441387489040706, 0.44698383067596975, 0.17929259896593674], [0.14051037739204944, 0.6862380495855737, 0.034711427231993705, 0.13854014569038317], [0.1403160285903575, 0.6642357904317077, 0.047012673224655535, 0.1484355076532793], [0.1393778575280975, 0.207625680140389, 0.634699800128729, 0.018296662102784567], [0.2128515275034771, 0.216224152069883, 0.18788191954226888, 0.383042400784371], [0.08242224824328674, 0.06995993786760488, 0.8197791499217836, 0.027838663867324785], [0.10663967816895054, 0.09711934842209914, 0.5460850121894897, 0.25015596111946065], [0.19366761127167256, 0.36186854126019213, 0.30478302549601627, 0.13968082187211903], [0.18414688657310582, 0.25770149400343867, 0.4704065760620878, 0.08774504326136767], [0.051624646369547965, 0.19791416032192038, 0.7297511954346569, 0.020709997773874732], [0.10531431866682485, 0.10866471800120663, 0.11935137600446186, 0.6666695872275067], [0.055819921605815885, 0.13392604985928927, 0.7412779385695508, 0.06897608986534408], [0.06401754915074089, 0.1488589197248373, 0.0976269543073302, 0.6894965767170916], [0.004272219051826291, 0.9519081094971082, 0.03387525137351268, 0.009944419977552747], [0.005183133223742682, 0.949957297787666, 0.019718786424119877, 0.02514078246447145], [0.012238209829867567, 0.27210496419033575, 0.694988528564271, 0.020668297315525726], [0.030353643220131746, 0.2260632690638835, 0.14711407520956116, 0.5964690124064236], [0.024151845324494516, 0.35774872551268766, 0.39918429256355686, 0.21891513649926095], [0.024770592576100026, 0.31627651162235504, 0.09423126761144396, 0.564721628090101]], "ideal": "B", "sampled": "A", "correct": false}}
{"type": "result", "data": {"idx": 4, "options": ["Wrong, Wrong", "Wrong, Not wrong", "Not wrong, Wrong", "Not wrong, Not wrong"], "probs": [[0.08337774126888009, 0.43013924355973876, 0.08808005600286878, 0.39840295906851236], [0.0920777375652347, 0.5341202934517972, 0.128881819764709, 0.24492014911825902], [0.15930637781460055, 0.25659290639639787, 0.21609788688961373, 0.36800282879938784], [0.09007820076631005, 0.23921717101987552, 0.578442118201009, 0.09226250991280543], [0.1563891894006923, 0.4455927245530032, 0.278908188927473, 0.11910989701883153], [0.12558619302488594, 0.3663158605234321, 0.3721719272905371, 0.13592601906114485], [0.19498245488758548, 0.49791217030788376, 0.05630875771789711, 0.25079661698663364], [0.1922855803965733, 0.5309395549545426, 0.0930044042750549, 0.18377046027382923], [0.19133381514700923, 0.19437409929726773, 0.5895628186695718, 0.024729266786151186], [0.23171695373968879, 0.1669261405621096, 0.31930600642033163, 0.28205089917787], [0.11044725230828675, 0.09748683959089376, 0.7550481011936, 0.037017806807219486], [0.14724250136333514, 0.12997448443066711, 0.5305286049312306, 0.19225440917476716], [0.21649800561435686, 0.22869801859800892, 0.28914758991013695, 0.26565638577749723], [0.15920545211087211, 0.16428278486036685, 0.5963959078873852, 0.08011585504137589], [0.08937206638507343, 0.212749108965528, 0.6605928878664862, 0.037285936682912364], [0.11809315619251234, 0.12185591548845465, 0.22590163516156103, 0.5341492930574719], [0.08494996960393973, 0.18851256228206503, 0.6479058216765384, 0.07863164633745684], [0.08039346216718891, 0.17838132113846514, 0.13677172157630949, 0.6044534950180365], [0.01201118066417412, 0.9106097245906044, 0.05643226594034343, 0.02094682870487807], [0.011771629398839167, 0.9064643255488055, 0.03328334120770554, 0.048480703744649765], [0.023435859836681065, 0.3553587621687694, 0.5952461571948975, 0.025959220699652133], [0.049703752050519134, 0.27509895681704605, 0.16048226177345187, 0.5147150292589829], [0.04215327575721106, 0.3877203440527571, 0.32911070527236497, 0.2410156748176668], [0.037798098729333415, 0.3265663962895457, 0.12108525179963721, 0.5145502530814836]], "ideal": "D", "sampled": "A", "correct": false}}
{"type": "result", "data": {"idx": 5, "options": ["Wrong, Wrong", "Wrong, Not wrong", "Not wrong, Wrong", "Not wrong, Not wrong"], "probs": [[0.08686117244574142, 0.31776655566570167, 0.07090865344457625, 0.5244636183439806], [0.09651711915777145, 0.4979844053319264, 0.11922034462321565, 0.28627813078708647], [0.151019417433862, 0.1879725372019548, 0.18798220805513632, 0.47302583720904684], [0.08414963075011563, 0.17541034909990974, 0.6569076326631459, 0.08353238738682874], [0.19713201214285334, 0.3460594518452367, 0.30070812403259023, 0.15610041187931972], [0.1579494648708326, 0.2466159350419182, 0.41630525013076475, 0.17912934985648443], [0.1962317282100021, 0.34175966511648265, 0.05241641520403162, 0.40959219136948366], [0.208563128475692, 0.4964860899169208, 0.07266094114624268, 0.22228984036114452], [0.2035342240088168, 0.17276590278665455, 0.5891263725779051, 0.03457350052662354], [0.21007354555413454, 0.12546628712353125, 0.2362559288503902, 0.428204238371944], [0.11195209329325764, 0.06738709481984909, 0.7834342513044554, 0.037226560482437845], [0.1629731755399697, 0.08261780193760927, 0.46811361701237125, 0.2862954054100498], [0.26151392640580035, 0.14110377850026826, 0.3230165041068983, 0.2743657908870331], [0.23612789455484565, 0.11069247705585775, 0.5406862416220497, 0.11249338666724686], [0.09755311014878618, 0.16212129097673814, 0.709848089864249, 0.03047750891022672], [0.11697547437351699, 0.07151536537129076, 0.09400745575746687, 0.7175017043977253], [0.09670725007005794, 0.12517783417575976, 0.6820931041182393, 0.09602181153594302], [0.08410744674592466, 0.11057546157008148, 0.09458007914327095, 0.7107370124407228], [0.015000053028008381, 0.8719533843411528, 0.07158264650401361, 0.04146391602682524], [0.014109023306532856, 0.8867724198355473, 0.037767606272802574, 0.06135095048511729], [0.021687310873567976, 0.18019618662756115, 0.7706879024586051, 0.027428599940265783], [0.0469704476842853, 0.12870369854096503, 0.1493036276384432, 0.6750222260363065], [0.04205834276770962, 0.3550183606917175, 0.30133024977599726, 0.30159304666457565], [0.038009287055782943, 0.20875239992296526, 0.08908555176218243, 0.6641527611590694]], "ideal": "C", "sampled": "A", "correct": false}}
{"type": "result", "data": {"idx": 6, "options": ["Wrong, Wrong", "Wrong, Not wrong", "Not wrong, Wrong", "Not wrong, Not wrong"], "probs": [[0.08944296757302576, 0.5609406054159793, 0.07592823921340183, 0.27368818769759307], [0.09087427501497776, 0.6407942628042148, 0.07419799101658284, 0.19413347106422463], [0.19017494646271862, 0.30629121341350807, 0.1872613523039312, 0.3162724877198421], [0.13159080240575244, 0.2965676574579639, 0.474013104212957, 0.09782843582332665], [0.17913924689704644, 0.502455607079555, 0.18927385475154987, 0.12913129117184874], [0.1477658726460112, 0.4080388484779425, 0.2805131631732634, 0.16368211560278284], [0.20514408783476307, 0.6172162751858461, 0.03650229342284198, 0.14113734345654888], [0.19159223779733153, 0.6430908656513503, 0.04807948109293247, 0.11723741535838571], [0.2351563647197875, 0.2644025897438842, 0.47889579801459037, 0.021545247421737933], [0.2586478369766462, 0.2546371595198732, 0.1644458819596199, 0.3222691214438607], [0.1395487069585687, 0.09591627043243887, 0.7313771216522658, 0.03315790085672663], [0.19383012524431817, 0.12321852432380294, 0.4543879160431156, 0.22856343428876327], [0.27998310741937416, 0.22674879767339098, 0.2800699215857745, 0.21319817322146034], [0.2696300108516296, 0.20836707637063556, 0.41127794364038134, 0.11072496903735352], [0.1513512140038923, 0.296347410561116, 0.5121749062032488, 0.04012646913174291], [0.16656890013433062, 0.1540554417797218, 0.14934107214682765, 0.53003458583912], [0.13009867361597616, 0.22657862809818086, 0.5310932516019906, 0.11222944658385234], [0.119947901952581, 0.2056494339673995, 0.11009241557441614, 0.5643102484056034], [0.017327125597439236, 0.8888118597330387, 0.06592874776870108, 0.027932266800821066], [0.016925438351519242, 0.9027722402242426, 0.03089841260796775, 0.04940390871627036], [0.034302053979409594, 0.3546780155884026, 0.5849125068749023, 0.026107423457285554], [0.0661918491271175, 0.29900469036369537, 0.15636951520803685, 0.4784339452011503], [0.04319646889736719, 0.4608671000009786, 0.2565901538981184, 0.2393462771035358], [0.04254079736465377, 0.4005124389877481, 0.08799579255880498, 0.4689509709887931]], "ideal": "D", "sampled": "A", "correct": false}}
{"type": "result", "data": {"idx": 7, "options": ["Wrong, Wrong", "Wrong, Not wrong", "Not wrong, Wrong", "Not wrong, Not wrong"], "probs": [[0.07518344315743045, 0.5219594796824075, 0.0806862854825762, 0.3221707915775858], [0.06679226357876511, 0.6240593697391844, 0.11546903675431108, 0.19367932982773944], [0.15567471647644668, 0.23190073774517758, 0.17507420925093084, 0.4373503364274449], [0.09122173149962746, 0.24226149507103406, 0.5678220048495446, 0.0986947684797939], [0.13757181111096514, 0.5193088595819025, 0.22341730538639143, 0.11970202382074088], [0.11321453425700316, 0.4307203154848557, 0.3127672490450617, 0.14329790111307944], [0.22004916114138381, 0.4694657378452925, 0.05066781226281272, 0.25981728865051096], [0.21129307621004656, 0.5312120436616713, 0.08473196069194845, 0.17276291933633367], [0.21805945498609322, 0.20973171849804664, 0.5357348299691053, 0.03647399644675485], [0.2466261202873933, 0.20130841422240392, 0.21433868895274627, 0.33772677643745647], [0.13698318446194133, 0.0986821193296636, 0.718057624349564, 0.046277071758831084], [0.17311713556006086, 0.1296935898118508, 0.47458681610923764, 0.2226024584188507], [0.2937454072463441, 0.1687079420131997, 0.2696532985195068, 0.26789335212094934], [0.2520672047552293, 0.14936639434937207, 0.5134010849947068, 0.08516531580069178], [0.13579809714910684, 0.25373864265876783, 0.5631197711378472, 0.04734348895427816], [0.14290861039193112, 0.11574169850825095, 0.13854118412680044, 0.6028085068730175], [0.1114332510421956, 0.21822169068919803, 0.6026926354375425, 0.06765242273106384], [0.10283222563656517, 0.19823884518908522, 0.11034708222357704, 0.5885818468507725], [0.01722133583317848, 0.8563179032041006, 0.080291646123595, 0.046169114739125876], [0.0185647670663762, 0.8603867660140693, 0.0415260250733591, 0.07952244174619547], [0.027059490211240364, 0.2909605838751481, 0.6406866990968777, 0.04129322671673386], [0.051999848181781085, 0.19936814906926925, 0.1381158576681291, 0.6105161449808205], [0.04463432040344838, 0.4073856184212028, 0.2844827867567186, 0.2634972743186302], [0.04102190879653872, 0.30317362575230605, 0.10560758959176827, 0.5501968757593869]], "ideal": "D", "sampled": "A", "correct": false}}
{"type": "result", "data": {"idx": 8, "options": ["Wrong, Wrong", "Wrong, Not wrong", "Not wrong, Wrong", "Not wrong, Not wrong"], "probs": [[0.15535791896588644, 0.5215272034876776, 0.043490578941868446, 0.27962429850456755], [0.18403388626535894, 0.5081732887571011, 0.03950293003932585, 0.2682898948382141], [0.3164898454826485, 0.1890011578609293, 0.20598168669071318, 0.288527309865709], [0.18614480313611043, 0.17218320454834857, 0.5388028741566608, 0.10286911805888019], [0.44268376302176754, 0.09500313053803873, 0.3239659199706492, 0.1383471863695445], [0.32870420810273443, 0.08119846879623958, 0.3725984096154501, 0.21749891338557586], [0.07620021742677258, 0.8453645752569819, 0.01661567212819116, 0.06181953508805427], [0.07650568221480991, 0.8162531730274714, 0.02371152454807386, 0.08352962010964486], [0.11357562174708088, 0.1002440661237171, 0.7764010891377034, 0.00977922289149857], [0.22504244761438338, 0.10304501597599758, 0.09605122255661953, 0.5758613137529994], [0.06515783828061018, 0.034610431702346164, 0.8857970849391841, 0.014434644977859576], [0.1331837847779248, 0.05510453198832579, 0.37077961276603033, 0.4409320703677191], [0.24445519246151912, 0.33158968393513094, 0.25033526491096963, 0.1736198585923803], [0.2260601337615073, 0.224338125797456, 0.4676497210444798, 0.08195201929655686], [0.04231207781904198, 0.08750937804860934, 0.8567499445725769, 0.013428599459771737], [0.08398251698129981, 0.036693150806340086, 0.03640775260088188, 0.8429165795114782], [0.06341268830254088, 0.07075490102450445, 0.809830398385127, 0.05600201218782765], [0.06421393661252, 0.07992551922276364, 0.04082201268778766, 0.8150385313769287], [0.002631434348840641, 0.9819408740110714, 0.01065739289692261, 0.0047702986431652945], [0.002383316621221623, 0.9843913263027106, 0.006429864058585726, 0.006795492917482047], [0.009272948647848753, 0.08937289381790905, 0.8887708600159828, 0.012583297418259396], [0.02490686522929331, 0.0704088927194929, 0.04581609552649067, 0.8588681464247231], [0.02020866895861117, 0.20897861417806227, 0.5550055861567611, 0.2158071306065655], [0.020210450869979198, 0.15898619896176558, 0.04312706416957465, 0.7776762858986805]], "ideal": "A", "sampled": "A", "correct": true}}
{"type": "result", "data": {"idx": 9, "options": ["Wrong, Wrong", "Wrong, Not wrong", "Not wrong, Wrong", "Not wrong, Not wrong"], "probs": [[0.09223889225866902, 0.6206658759390177, 0.08206615217995226, 0.20502907952236105], [0.09167733520650025, 0.6515778046272643, 0.07968470869007298, 0.17706015137616246], [0.21426993819299797, 0.28388787601207727, 0.2263645245585262, 0.27547766113639854], [0.14062190683069858, 0.26898009784721133, 0.48335760007543926, 0.10704039514665081], [0.22971841811514965, 0.40008196826260123, 0.25635929365221305, 0.11384031987003611], [0.1718219718708227, 0.3235768473890753, 0.33918414527315, 0.16541703536695207], [0.1803613357469385, 0.7077619627634437, 0.031104642645658258, 0.0807720587439595], [0.17341940163601358, 0.6858897225668342, 0.042509395700262465, 0.09818147999688975], [0.20346595963343872, 0.20348261913093807, 0.5752622238138405, 0.017789197321782656], [0.29223259627357073, 0.20722393226285943, 0.12471747863422061, 0.3758259927293492], [0.13232682164440945, 0.07779873010808816, 0.7616888865611544, 0.028185561586348013], [0.18508800172862247, 0.10714111076933461, 0.4338938729815707, 0.2738770144204722], [0.24369517730138054, 0.25541850160731244, 0.333199789097374, 0.16768653189393298], [0.24910394659305093, 0.2268350554266603, 0.42719667827389823, 0.09686431960639051], [0.10729740878753001, 0.227168000531368, 0.6322738716051671, 0.03326071897593482], [0.1460856518910123, 0.12017255454310909, 0.11290004271481012, 0.6208417507510685], [0.11351483805426892, 0.1758433093883838, 0.6235442021563524, 0.08709765030099484], [0.11133052903796851, 0.1658408455569415, 0.09087838028479449, 0.6319502450202955], [0.009527098262307849, 0.9274305579405185, 0.049161943892439885, 0.0138803998047337], [0.01060409338351566, 0.9252965914706355, 0.026459456818149988, 0.03763985822769887], [0.02727566091936786, 0.30734421823275687, 0.640723031742326, 0.024657089005549155], [0.05573892177539071, 0.2680379846395746, 0.13374522820675835, 0.5424778652782762], [0.04148041253973192, 0.32634471200790843, 0.38163434038956956, 0.25054053496279005], [0.0421775599379638, 0.2882728756266091, 0.09507108089203412, 0.5744784834433929]], "ideal": "C", "sampled": "A", "correct": false}}
{"type": "result", "data": {"idx": 10, "options": ["Wrong, Wrong", "Wrong, Not wrong", "Not wrong, Wrong", "Not wrong, Not wrong"], "probs": [[0.07106595966008582, 0.3842255627640724, 0.09490627440955354, 0.44980220306628826], [0.06940333027418838, 0.5546264234653987, 0.16018282172100132, 0.21578742443941165], [0.14033587040116555, 0.2260359131499913, 0.2042292240858791, 0.429398992262964], [0.07990907817347646, 0.22766516930817932, 0.5952409460899969, 0.09718480632834733], [0.13928452547839773, 0.4461893571821509, 0.27068326681181804, 0.14384285042763334], [0.11214058594460127, 0.37647502769173646, 0.3375438674005714, 0.17384051886309085], [0.21629351617051087, 0.46150324259743597, 0.05260406865328597, 0.2695991724787672], [0.22822970659752095, 0.5224628564743414, 0.09224065598460983, 0.15706678084352782], [0.25332322093203824, 0.21167795839260062, 0.4961292311173413, 0.038869589458019806], [0.26516425211811456, 0.1851362707260445, 0.2758143502821727, 0.2738851267736682], [0.1552250471867953, 0.10260873115203002, 0.7013373170093945, 0.040828904551780135], [0.20539602675440527, 0.13900374910363417, 0.43843674941720734, 0.2171634746247532], [0.24478349847779107, 0.1749594606296263, 0.3047229258493958, 0.2755341149431868], [0.2130017765322976, 0.15954635203655168, 0.5526422569460181, 0.07480961438513266], [0.13715697661936138, 0.26856207465903753, 0.5383952184908958, 0.05588573013070528], [0.15795994274109354, 0.1472445323094863, 0.2076724084310405, 0.48712311641837963], [0.13680431206598254, 0.2186457270188591, 0.5628120269646172, 0.08173793385054115], [0.11419700105667326, 0.20201600950533652, 0.12064077767839869, 0.5631462116595916], [0.014893109116081106, 0.9002029382673752, 0.06032049338959909, 0.02458345912694462], [0.0157852973582102, 0.8962904933640532, 0.03189641601763098, 0.05602779316010562], [0.033515172252973575, 0.34655193728300243, 0.5896382034721087, 0.030294686891915314], [0.06936589472719508, 0.2966706686169367, 0.12861369261467978, 0.5053497439411885], [0.050518362203601785, 0.37336253003432374, 0.3047975806647446, 0.27132152699732986], [0.0522758297909053, 0.31777942650984, 0.11332314629201065, 0.5166215973072441]], "ideal": "D", "sampled": "A", "correct": false}}
{"type": "result", "data": {"idx": 11, "options": ["Wrong, Wrong", "Wrong, Not wrong", "Not wrong, Wrong", "Not wrong, Not wrong"], "probs": [[0.07726837866580528, 0.5363852501061298, 0.06559141871254073, 0.3207549524155241], [0.08217918759873795, 0.612066801062597, 0.07485374771835553, 0.23090026352030948], [0.159053403193736, 0.2684678235033039, 0.18745052906109982, 0.38502824414186027], [0.09830093968725312, 0.25301463917435113, 0.5658625701018101, 0.0828218509365856], [0.1771784643422899, 0.37221284033154844, 0.31353850748062667, 0.13707018774553498], [0.13976473447860766, 0.2959242341177318, 0.41421022495718574, 0.15010080634647482], [0.15464532661838606, 0.6164039487595606, 0.03617062859193308, 0.19278009593012027], [0.14751445970858593, 0.6458036778630538, 0.053028154125197846, 0.15365370820316243], [0.15671752625205834, 0.22450784181060188, 0.5963524668268921, 0.022422165010447685], [0.2138946503186908, 0.22592787442332243, 0.20415937898501618, 0.3560180961729706], [0.11107344510259462, 0.08996144204317276, 0.7653316486705429, 0.03363346408368972], [0.13388400277214538, 0.1145390091177652, 0.5640314430936196, 0.18754554491646983], [0.25891542046289184, 0.23947706459337223, 0.29811283498833424, 0.20349467985540168], [0.23424607606893327, 0.19421598645795424, 0.4846155652148357, 0.08692237215827682], [0.11982314733793957, 0.2536850665883752, 0.5993110760190454, 0.027180709954639795], [0.15052188562749763, 0.14030470997962327, 0.12677148927758183, 0.5824019150152973], [0.09998396335984686, 0.19275162196471854, 0.642150242328511, 0.0651141722469236], [0.09996353684910564, 0.2019430666670459, 0.10810505436613359, 0.5899883420177149], [0.010118580807033777, 0.9252911901415871, 0.046805267483246336, 0.01778496146813276], [0.011086528624087776, 0.9230562034940252, 0.026191291157161588, 0.0396659766247254], [0.02305235165948153, 0.336141138234075, 0.6184470586764851, 0.02235945132995834], [0.050780505693550755, 0.2599257865277149, 0.15523322156356975, 0.5340604861151645], [0.0401310008665574, 0.4487122096248286, 0.2743744429206159, 0.2367823464879981], [0.03968883932167253, 0.3678669819503624, 0.08876628908323826, 0.5036778895447268]], "ideal": "B", "sampled": "A", "correct": false}}
{"type": "result", "data": {"idx": 12, "options": ["Wrong, Wrong", "Wrong, Not wrong", "Not wrong, Wrong", "Not wrong, Not wrong"], "probs": [[0.09382966159835934, 0.47659850115778446, 0.09608617424004043, 0.33348566290381576], [0.09965869189346484, 0.5736407891152383, 0.09440047475344822, 0.2323000441378487], [0.17543351909900015, 0.22707261481208735, 0.2533608712503403, 0.3441329947385722], [0.10767325517188808, 0.21755639720269154, 0.5644466750255532, 0.1103236724998671], [0.2128983650262355, 0.288814404244581, 0.3539843962429947, 0.14430283438618882], [0.16256527322136474, 0.2257699687381793, 0.4121581324640619, 0.199506625476394], [0.15734848612982838, 0.6127457709406868, 0.04544912345922171, 0.1844566193702631], [0.1597081631153617, 0.6171162357725083, 0.06305823709402109, 0.16011736391810893], [0.14208456202781444, 0.14777871328071934, 0.6942988438270786, 0.015837880764387573], [0.20266105836573364, 0.13609897004491978, 0.22093195379348485, 0.44030801769586175], [0.08288689331387096, 0.06661827563789643, 0.8245920169456333, 0.025902814002599226], [0.12145436756047355, 0.08959653572155715, 0.47328332926294003, 0.31566576735502927], [0.2526822463224645, 0.21449605267573366, 0.3401918810322996, 0.19262981986950223], [0.21168177300843727, 0.1598262226382905, 0.5283624051361953, 0.100129599117077], [0.07429079835233973, 0.16485002911612381, 0.7390418175825837, 0.021817354848952746], [0.10912776574700907, 0.0823838176885741, 0.11173826288449577, 0.6967501535799211], [0.08167052572411646, 0.1346904238435949, 0.7114767696547104, 0.07216228067757828], [0.07982476799881913, 0.1316310167180991, 0.10251770167517685, 0.6860265135079049], [0.00710641333034934, 0.9382397773680708, 0.04155615187484193, 0.01309765732673791], [0.0073444448982988774, 0.9397930099336542, 0.023532477128300137, 0.029330067939746737], [0.018411358552998525, 0.24637703730053534, 0.7131535778682512, 0.02205802617821497], [0.04075801075509177, 0.18556990073199625, 0.14454213052552428, 0.6291299578873877], [0.03692623862474732, 0.3141454960346343, 0.3880346301395697, 0.2608936351010487], [0.03369524270846161, 0.265077466591526, 0.10711168004168847, 0.594115610558324]], "ideal": "C", "sampled": "A", "correct": false}}
{"type": "result", "data": {"idx": 13, "options": ["Wrong, Wrong", "Wrong, Not wrong", "Not wrong, Wrong", "Not wrong, Not wrong"], "probs": [[0.09556302284889913, 0.5206844728562425, 0.05751927110693937, 0.32623323308791896], [0.10694734910472688, 0.5919076291909129, 0.0653919587277341, 0.23575306287662612], [0.23159349307476423, 0.22099033325176376, 0.15308715629666755, 0.39432901727680447], [0.1583036733020886, 0.23397571638939355, 0.4764205968970299, 0.13130001331148794], [0.2597850665350449, 0.408714323545777, 0.19767183080783923, 0.13382877901133888], [0.20277855683985446, 0.32660617447787277, 0.27080812240490904, 0.19980714617736375], [0.17183849405833604, 0.6690526678755815, 0.0271933566065509, 0.1319154813595316], [0.17010551372508032, 0.6727535598657024, 0.039168621611242994, 0.11797230469797433], [0.21314480858931703, 0.19256918094510647, 0.5705444205530448, 0.02374158981253168], [0.27298540687767925, 0.15798156432662802, 0.11116473706936032, 0.4578682916263324], [0.13651047391363683, 0.07539418943600805, 0.7556561090105585, 0.032439227539796674], [0.1765888968661171, 0.08674369200368838, 0.36814466937998575, 0.3685227416502088], [0.3067898038789687, 0.20120201712038852, 0.2707909804783266, 0.22121719842231616], [0.3142218700200887, 0.18328999378696065, 0.40355358098562766, 0.09893455510732295], [0.12791895912768378, 0.21760885496350924, 0.6200220011300535, 0.03445018467875354], [0.15421396147674538, 0.0865065734037698, 0.08319692871937576, 0.6760825363001091], [0.12321661217246865, 0.16072020651522345, 0.6162112034037454, 0.09985197780856249], [0.10561851295479026, 0.1284047143572144, 0.05971646664239639, 0.706260305945599], [0.00887720579918014, 0.9343297241293114, 0.03738330342545069, 0.01940976654605782], [0.009635516558054006, 0.9306133501213507, 0.019775221361736327, 0.03997591185885898], [0.024696424347606674, 0.2325041541686774, 0.7162902932841162, 0.026509128099599683], [0.054450324851040025, 0.1588009572048984, 0.08500578126942746, 0.7017429365746342], [0.03732187161512462, 0.3101010206739067, 0.3654607099875161, 0.28711639762345254], [0.03684347936223591, 0.24214941711815796, 0.061708969275982524, 0.6592981341436236]], "ideal": "A", "sampled": "A", "correct": true}}
{"type": "result", "data": {"idx": 14, "options": ["Wrong, Wrong", "Wrong, Not wrong", "Not wrong, Wrong", "Not wrong, Not wrong"], "probs": [[0.07917803761101842, 0.4382151793463461, 0.08904639150940184, 0.3935603914332337], [0.08848271999419871, 0.5861343566149146, 0.08991235225754833, 0.23547057103333832], [0.14655741610976514, 0.2360538769708293, 0.21835207286224542, 0.39903663395716016], [0.08811431705496411, 0.22328060204838357, 0.6166400542477062, 0.07196502654894615], [0.1858167890775118, 0.3261687360029466, 0.3288294574638359, 0.1591850173557057], [0.15158491964500143, 0.23666098984653866, 0.4634965407009755, 0.14825754970748437], [0.15205945809442975, 0.44344063756177116, 0.06097730916391377, 0.3435225950798853], [0.15113242896131718, 0.5703702952004458, 0.07782441832001036, 0.20067285741822666], [0.14916059918800673, 0.22924838996165817, 0.5948199848536148, 0.02677102589672033], [0.17030734583406335, 0.21700298263956108, 0.3061192470238121, 0.3065704244025635], [0.08812176835669551, 0.0895197654427567, 0.7918826627134349, 0.030475803387112862], [0.11984138965353666, 0.12270618242549602, 0.5332333723230368, 0.22421905549793048], [0.16528996577264057, 0.13179884653265278, 0.4425120287316788, 0.2603991588630279], [0.14867392513175537, 0.11854873116355434, 0.6213203210802506, 0.11145702252443966], [0.0679396517080046, 0.20443745760088808, 0.697210526862702, 0.03041236372840535], [0.0988300628425467, 0.09654561788910833, 0.11200908242569903, 0.6926152367426459], [0.07694659725313502, 0.16419888275108827, 0.6702058614212261, 0.08864865847455061], [0.071667245470323, 0.16025975287680375, 0.11277095490498745, 0.6553020466478857], [0.009222003398477755, 0.8976906311381274, 0.06816810197396367, 0.02491926338943113], [0.00976334620202323, 0.8927838682427307, 0.03893030495179227, 0.05852248050345375], [0.014853539746171254, 0.2148991194004885, 0.7502459692151371, 0.020001371538203132], [0.03215830892592611, 0.16851193338854564, 0.16723117853635067, 0.6320985790491775], [0.029382605431076448, 0.3665052096906205, 0.34982777029310425, 0.2542844144851988], [0.026705848995554022, 0.2783026197418729, 0.10002801920317514, 0.5949635119593979]], "ideal": "D", "sampled": "A", "correct": false}}
{"type": "result", "data": {"idx": 15, "options": ["Wrong, Wrong", "Wrong, Not wrong", "Not wrong, Wrong", "Not wrong, Not wrong"], "probs": [[0.06124378938023274, 0.5089344259712809, 0.07625418120737223, 0.35356760334111403], [0.06505709722498049, 0.6078918523083868, 0.08828748806018294, 0.23876356230644968], [0.1336293578146592, 0.21192426434681705, 0.2221145579942031, 0.43233181974432067], [0.07723871099810987, 0.2675460099316759, 0.5754571766641867, 0.07975810230602759], [0.1386714176194713, 0.4619844509210798, 0.2738010083013402, 0.12554312305810866], [0.10329305816770637, 0.28752436374160245, 0.44894133655882673, 0.16024124143186444], [0.10366684274580665, 0.6253247307012362, 0.03845370589150182, 0.23255472056145537], [0.09384817209580062, 0.6670817433935115, 0.06453982451479744, 0.17453025989589047], [0.1035784653086258, 0.2390012193772609, 0.634816361496036, 0.0226039537180773], [0.15225451275646965, 0.2340526441070247, 0.18518297758736235, 0.4285098654491433], [0.08024989603495797, 0.08089507904485961, 0.810877957575349, 0.02797706724483343], [0.0814335533254273, 0.11488305262595229, 0.5657299503537059, 0.23795344359491452], [0.14728850124793594, 0.17771470544945264, 0.3882283269970811, 0.2867684662055303], [0.14111508427639294, 0.1526169627752275, 0.5805981158629607, 0.12566983698541886], [0.04727935426820268, 0.232754320316498, 0.6896424305674015, 0.030323894747897782], [0.08521239966567976, 0.08931659693519763, 0.08725455922533097, 0.7382164440737916], [0.04872068162432915, 0.1388236176478208, 0.7275163747392664, 0.08493932588858356], [0.05893760304936868, 0.132844546940714, 0.08781092998282095, 0.7204069199270964], [0.003858207986908882, 0.9442808077029023, 0.038680548611587616, 0.013180435598601178], [0.00482484772057597, 0.9414407828980683, 0.021464322763243136, 0.03227004651811256], [0.012893165105476539, 0.23216369293530367, 0.7322939364905278, 0.02264920536869198], [0.024072511164061963, 0.149812534715551, 0.12616908572501584, 0.6999458682953712], [0.019562803352625936, 0.3750518886001261, 0.36647203834022085, 0.2389132696070271], [0.02012079253861547, 0.24709430886780084, 0.07478197085367297, 0.6580029276399108]], "ideal": "A", "sampled": "A", "correct": true}}
{"type": "result", "data": {"idx": 16, "options": ["Wrong, Wrong", "Wrong, Not wrong", "Not wrong, Wrong", "Not wrong, Not wrong"], "probs": [[0.09444655969633368, 0.4949433763173268, 0.09522911656890565, 0.3153809473174338], [0.10066824625410982, 0.5839976959241766, 0.09994894488912742, 0.21538511283258616], [0.189091810077525, 0.2929062377922692, 0.233591343450642, 0.2844106085795638], [0.11170655820762315, 0.2680211444831435, 0.5416098993954824, 0.07866239781375083], [0.22562197498129216, 0.36916832737031186, 0.2967710682165732, 0.1084386293318228], [0.17210930840602967, 0.2951390488916398, 0.39424419986603365, 0.13850744273629687], [0.19629893536880694, 0.5591761281803421, 0.05368688894576152, 0.19083804740508944], [0.18918461733265032, 0.5827721108075608, 0.08141597099777327, 0.14662730076201563], [0.21220761231116123, 0.20252774295389497, 0.5638875679790109, 0.021377076655932938], [0.2511726542706654, 0.19411971584644694, 0.25328823166674, 0.3014193981161477], [0.12338131835468683, 0.0861554180113396, 0.762247526837306, 0.028215736696667524], [0.1660239522585553, 0.12635424543615886, 0.4923178777751063, 0.21530392443017954], [0.22764601622790487, 0.290083608297796, 0.3017758934858893, 0.18049448188840983], [0.20271781084894513, 0.21583765743004588, 0.5180679559189574, 0.06337657570205163], [0.09984233769844107, 0.23037176849980384, 0.6413638459715335, 0.02842204773022156], [0.13433196939180111, 0.12819127546174, 0.1659333084963729, 0.571543446550086], [0.09526400515342766, 0.16855489326904297, 0.6669334420749133, 0.06924765940261601], [0.09085661984279737, 0.16583175948079942, 0.12519780919472376, 0.6181138113816794], [0.009028963600786534, 0.9356748312647087, 0.042432858863924824, 0.012863346170579944], [0.009162793276391815, 0.942109381391869, 0.024154347333666254, 0.02457347789807297], [0.02477557276473919, 0.311457254632712, 0.639348106303343, 0.0244190661992057], [0.056461764673852353, 0.27151872895867246, 0.16344706225408615, 0.5085724440133891], [0.0431538130102066, 0.3422054192240298, 0.37897400617055993, 0.23566676149520369], [0.042098822205449915, 0.2992045458432968, 0.12378549812375261, 0.5349111337275007]], "ideal": "D", "sampled": "A", "correct": false}}
{"type": "result", "data": {"idx": 17, "options": ["Wrong, Wrong", "Wrong, Not wrong", "Not wrong, Wrong", "Not wrong, Not wrong"], "probs": [[0.08896141365828479, 0.4625694384325491, 0.08760892468397531, 0.3608602231251908], [0.0883176898512935, 0.5583229036455062, 0.1326432079715399, 0.22071619843166038], [0.16415845100666288, 0.25034392250573473, 0.20920041513139748, 0.3762972112562049], [0.09836471678279592, 0.255174394594329, 0.5488059438394172, 0.09765494468345796], [0.1572819077406288, 0.45166117621407104, 0.2574108281088378, 0.1336460878364623], [0.12770909069691536, 0.3696134090053971, 0.3555392920615377, 0.14713820813614983], [0.24154933604396872, 0.49177493308772674, 0.05144072868520657, 0.21523500208309795], [0.226281715711066, 0.5179889759053192, 0.07641204388858654, 0.1793172643950282], [0.23163833153238023, 0.21933643926230978, 0.5221892692034279, 0.026835959901882065], [0.280225707251081, 0.2018657802221504, 0.23058708125508176, 0.28732143117168685], [0.14827141992781748, 0.09956032593076057, 0.7076216138725323, 0.04454664016888966], [0.18468613920749116, 0.12597711383036647, 0.4830608665460085, 0.2062758803161339], [0.2717810611420448, 0.19578068248133093, 0.28269315184348864, 0.24974510443313558], [0.24089998183896152, 0.16951501494079696, 0.4906348026100517, 0.09895020051018978], [0.14467603505729412, 0.24612952193129148, 0.5591504781562656, 0.05004396475514877], [0.1656176274012168, 0.1279906015269528, 0.18336292826245046, 0.52302884270938], [0.1281761007285748, 0.20168941923088077, 0.5702219944754434, 0.09991248546510101], [0.11613170940815912, 0.1757253167596775, 0.11707056447069909, 0.5910724092614643], [0.022083102244378157, 0.855144518168046, 0.08208589423175507, 0.04068648525582067], [0.022229201178558457, 0.8607622627485886, 0.04457181136501435, 0.07243672460783858], [0.03466939040690056, 0.34747164787785073, 0.582061150899068, 0.0357978107161807], [0.06456366276935314, 0.27832377368891204, 0.15615464978079072, 0.5009579136609441], [0.05040538160280841, 0.38738786015845184, 0.30177344969552655, 0.26043330844321316], [0.04781770313801965, 0.32177228075404585, 0.11121623050517399, 0.5191937855027605]], "ideal": "C", "sampled": "A", "correct": false}}
