{"type": "result", "data": {"idx": 0, "options": ["essential to our existence", "unimportant to most people", "not essential to our existence", "rarely viewed"], "probs": [[0.21340011594247144, 0.07436059827237099, 0.6088567699394185, 0.1033825157457391], [0.24193521971167892, 0.0810564371704996, 0.09406175323288156, 0.58294658978494], [0.06353815478655445, 0.8710418115531112, 0.025902911342621945, 0.03951712221771242], [0.060000148409576536, 0.797078251541289, 0.12325737797408884, 0.019664221975045585], [0.1821188757149676, 0.33511694887896415, 0.0509958820255229, 0.43176829328054533], [0.12126622460749129, 0.3483861716896799, 0.5073418663991086, 0.023005737203720164], [0.3733408208315875, 0.14286780568821783, 0.4041905164938873, 0.07960085688630737], [0.48018409247913546, 0.18369933018335513, 0.10886580075325095, 0.22725077648425845], [0.19853619415600765, 0.03591038511701599, 0.6623671974844506, 0.10318622314252578], [0.1974896906112646, 0.023602330598994043, 0.09783814684593688, 0.6810698318438045], [0.33026253189531835, 0.1055833665747152, 0.20042406913350283, 0.3637300322964636], [0.19956007895202718, 0.055867363594359815, 0.03470042026739641, 0.7098721370862165], [0.4014259860527442, 0.5489824802276883, 0.020483804451832274, 0.029107729167735203], [0.3241160433163691, 0.5780599572773766, 0.0846397856159857, 0.01318421369026862], [0.13295554519058936, 0.015888932380476208, 0.8283874021363047, 0.022768120192629773], [0.175957442131726, 0.010821382564441278, 0.03467012957635147, 0.7785510456274812], [0.23859510646809623, 0.08379675958035476, 0.6701056173302973, 0.007502516521251693], [0.2620746422295415, 0.040513704363957466, 0.015508249912965639, 0.6819034033935354], [0.5865071792870175, 0.09278353702155497, 0.09426027929360765, 0.22644900429781997], [0.5002761203141101, 0.09182445190909627, 0.3494826955660366, 0.05841673211075703], [0.6833574847568896, 0.08619084304667585, 0.06018411807319819, 0.17026755402323632], [0.5099447813136616, 0.06585383963361953, 0.03842665885223158, 0.3857747201004873], [0.4955492089075791, 0.08749279195110057, 0.39245622159713045, 0.024501777444189892], [0.4122421886966927, 0.05450699670744429, 0.02657692414435506, 0.5066738903515079]], "ideal": "C", "sampled": "A", "correct": false}}
{"type": "result", "data": {"idx": 1, "options": ["the state", "the justice system", "the body", "the soul"], "probs": [[0.0025658833891997026, 0.0029764394556805467, 0.005965435001448388, 0.9884922420536714], [0.00153702971359172, 0.00524031166057591, 0.9909856849119725, 0.0022369736138598897], [0.009044779775371473, 0.006167970344007594, 0.0018376610873231131, 0.9829495886932978], [0.004154965606458821, 0.01762987241058064, 0.9779092338362597, 0.0003059280467007864], [0.0016067035460839297, 0.9961577198873925, 0.0015333937944796813, 0.0007021826720438331], [0.0010599502163124981, 0.9942466648189742, 0.00453323127278163, 0.00016015359193165192], [0.0012077696702900232, 0.005124444839792748, 0.008716542668636444, 0.9849512427212808], [0.0006359090049445771, 0.007053086042942334, 0.9912204589778935, 0.0010905458742196854], [0.0014942213521815973, 0.005215154246867622, 0.006439696909576545, 0.9868509273913743], [0.0006105548034580295, 0.009328547556614008, 0.9896243483338997, 0.00043654920602827853], [0.0004666782978364909, 0.9942042317335661, 0.0043934276095245394, 0.0009356622590728587], [0.00044517512189028456, 0.9939191806707135, 0.005134899875260168, 0.0005007442321360332], [0.009177371533843194, 0.006927461583179076, 0.0020638894488574865, 0.9818312773341202], [0.0032661658444909573, 0.017112839339253307, 0.9793669818193484, 0.0002540128969073123], [0.0035071326994879494, 0.0030950685265741947, 0.00490719493125886, 0.9884906037426789], [0.0014123198522795533, 0.00549903517745984, 0.9922898759647212, 0.0007987689055393947], [0.001034250802952034, 0.9930797534843349, 0.0057689527282957205, 0.00011704288441738389], [0.0013638235220160397, 0.996307360217842, 0.0018498797197112192, 0.0004789364404307355], [0.9856941720798477, 0.012212194528144493, 0.0010507471183153812, 0.001042886173692416], [0.982605054981552, 0.01347539769226602, 0.0035711599427998846, 0.00034838728338204593], [0.9931873469455889, 0.0035257690094998113, 0.002105458255801343, 0.0011814256891099235], [0.9936804345871093, 0.003288026919912252, 0.0023683839907623306, 0.0006631544022161165], [0.9848186467023777, 0.011196852767761228, 0.0036640891686808208, 0.00032041126118025217], [0.9889175163871975, 0.00946779106894475, 0.0010137882035833215, 0.0006009042402744292]], "ideal": "D", "sampled": "D", "correct": true}}
{"type": "result", "data": {"idx": 2, "options": ["right action", "good consequences", "happiness", "a good will"], "probs": [[0.01371867915944841, 0.012108233414986942, 0.0038105707003931325, 0.9703625166251715], [0.0020696130666961595, 0.012384644386831933, 0.9840307719306718, 0.0015149705158000787], [0.008793803238145442, 0.009003344305473086, 0.0036954783258807272, 0.9785073740305007], [0.004180310804469116, 0.017059167992117017, 0.9763016313822886, 0.0024588897211252608], [0.017534645047006567, 0.9650944179362516, 0.01512211981636359, 0.002248817100378172], [0.0243778567473821, 0.9588882462308611, 0.014336816237398464, 0.002397080684358343], [0.0038668206800505987, 0.03668911241240301, 0.004850981570199263, 0.9545930852373471], [0.0012295544177319108, 0.04873021420183009, 0.9488663402721663, 0.001173891008271676], [0.0011899245162610111, 0.007881580509837489, 0.027941774803046066, 0.9629867200708554], [0.0006941936750699237, 0.011925331774305173, 0.9853070582794694, 0.0020734161711554906], [0.0008991573752705038, 0.9784171037777735, 0.019838392841089913, 0.0008453459058661376], [0.001397993464604155, 0.9899216641329702, 0.005402657392779561, 0.003277684909646089], [0.0038707995933740503, 0.015430551643909959, 0.0023854601141046067, 0.9783131885486114], [0.0018959953495386057, 0.04315208919037013, 0.9521701943505938, 0.0027817210094974554], [0.0014570090204064727, 0.004852967874264719, 0.023700530060253716, 0.9699894929450751], [0.0009564627197623438, 0.008591541186425149, 0.9855548974808986, 0.0048970985129138415], [0.002063023990486969, 0.9213643819001702, 0.07505011939381748, 0.0015224746155253104], [0.0030837376116787324, 0.9690503347013844, 0.011824958274489192, 0.01604096931244769], [0.9656446216303777, 0.028931752555042923, 0.004369156542017468, 0.0010544691725619152], [0.9719116096183744, 0.023766676379993967, 0.002625947891152409, 0.0016957660104792438], [0.9801303480467918, 0.011410564570930233, 0.007543608336273316, 0.0009154789460046987], [0.9804409341646415, 0.012150218021054815, 0.0020152898906845066, 0.005393557823619213], [0.984141630875623, 0.0056278835013353744, 0.008924214015770086, 0.0013062715072715667], [0.985163201664604, 0.006383738335255926, 0.003995458330331129, 0.004457601569808883]], "ideal": "D", "sampled": "D", "correct": true}}
{"type": "result", "data": {"idx": 3, "options": ["found in everyday objects", "nonexistent", "everywhere in the natural world", "not of this world"], "probs": [[0.003567070961770471, 0.009546563106130224, 0.004510080478134507, 0.9823762853539648], [0.0019929909559947244, 0.013620316014701185, 0.9776942703932167, 0.00669242253608745], [0.00710310990945625, 0.014238261039468295, 0.017721287186463548, 0.9609373417646119], [0.0032430450992922614, 0.01464931698135443, 0.9724971793072452, 0.009610458512108075], [0.0025605919098059217, 0.9859094481818482, 0.006962773247986138, 0.004567186560359719], [0.00337058183223818, 0.9796592335185702, 0.007658095828393249, 0.00931208872079833], [0.0019682158537809953, 0.004612452279636963, 0.004299538577996091, 0.9891197931885859], [0.0011707121135350034, 0.006530048638206298, 0.9845424765704415, 0.007756762577817214], [0.0047599029080126025, 0.008893569636459778, 0.00447263041580224, 0.9818738969397254], [0.0011060352842300098, 0.008432211130699708, 0.9824758507467389, 0.00798590273833138], [0.0015810595581681056, 0.9806151401790931, 0.00931790601817728, 0.008485894144561464], [0.0015000839142821584, 0.9827024712610155, 0.010176168522670151, 0.005621276202032168], [0.013152450236045396, 0.013677700332167992, 0.03547983593105481, 0.9376900134007318], [0.0037496627185405534, 0.012785370260916864, 0.9693082418851632, 0.014156725035379444], [0.015898534419436935, 0.027688530145024166, 0.00906157552032026, 0.9473513598152187], [0.003172491091465081, 0.02534776457650013, 0.958926462624701, 0.012553281607333754], [0.003848766722327937, 0.9568228838734004, 0.011315378498950774, 0.02801297080532088], [0.0022301985741820687, 0.9730100746737583, 0.0189718266437375, 0.005787900008322115], [0.9629469952369175, 0.017227639297307022, 0.011749148903830667, 0.008076216461944794], [0.9331159503838494, 0.015559855702082362, 0.004858786194483219, 0.046465407619585036], [0.9625753754892913, 0.021767955261076527, 0.00470858765499678, 0.01094808149463536], [0.9605742846338471, 0.025002664976759088, 0.005712309234550943, 0.008710741054842928], [0.9253569082070446, 0.018040094906962113, 0.004387436074609429, 0.05221556071138387], [0.9629954713040859, 0.019675306366426747, 0.009741324620540039, 0.007587897608947234]], "ideal": "D", "sampled": "D", "correct": true}}
{"type": "result", "data": {"idx": 4, "options": ["one does not know that one\u2019s actions are wrong.", "one knows that one\u2019s actions are wrong, but does them anyway.", "one knows that one\u2019s feelings are inappropriate, and does not act on them.", "one does the right action, but for the wrong reason."], "probs": [[0.0003546960083688994, 0.993117991998965, 0.0033653194682221783, 0.0031619924244439004], [0.0003328903281482942, 0.9921490186086066, 0.002701578097034763, 0.004816512866210365], [0.0010143869508622112, 0.011518787009519511, 0.9818077186416001, 0.0056591072980182126], [0.002362918956050689, 0.006945237954886753, 0.006372809345902463, 0.9843190336431601], [0.0006865319074571258, 0.008169825915989914, 0.9820272153706728, 0.00911642670588009], [0.001976345099580459, 0.006087918456229156, 0.006530818197288706, 0.9854049181469017], [0.6148159342445393, 0.24071251067175017, 0.03335387122939608, 0.11111768375431448], [0.6490777899552919, 0.23872994506620338, 0.03282192062166477, 0.07937034425684], [0.5593453132449331, 0.1902900664361276, 0.17463921268980545, 0.0757254075291339], [0.5970229216764711, 0.18636282374069338, 0.03727737260756455, 0.17933688187527097], [0.5697703956987907, 0.08943392335474222, 0.18496790526447746, 0.15582777558198954], [0.6092127282642751, 0.07623588690629592, 0.052395689234633606, 0.2621556954947954], [0.0007205876746326372, 0.009491810564233491, 0.9835614550745899, 0.006226146586543934], [0.0023137580211868964, 0.004975587576177762, 0.006191771339899915, 0.9865188829627354], [0.0006250924951510299, 0.9741899042342661, 0.017567527031017206, 0.007617476139565667], [0.0005819839680403911, 0.973067608461771, 0.010981130560961458, 0.015369276909227198], [0.0013476909165770262, 0.005808665364737809, 0.007694726425987069, 0.985148917192698], [0.0006737451990412826, 0.00944661752835049, 0.9712346517443181, 0.018644985428290083], [0.0010984529273164866, 0.013592614501350976, 0.9756675749801497, 0.009641357491182828], [0.0057145338020805295, 0.007630702043421885, 0.009495749057753626, 0.977159014996744], [0.016898636843350554, 0.8874371016867786, 0.031335504844272236, 0.06432875652559865], [0.013074527554184916, 0.902559105694186, 0.039045721470411965, 0.045320645181217194], [0.005659962204183751, 0.010492913668226612, 0.00849707910000776, 0.9753500449275818], [0.006516412485264981, 0.038692174284152246, 0.9088226669463552, 0.045968746184227624]], "ideal": "B", "sampled": "B", "correct": true}}
{"type": "result", "data": {"idx": 5, "options": ["are the result of applying arbitrarily stringent standards.", "are based on linguistic confusions.", "are logically self-refuting.", "grow from the consistent application of ordinary standards."], "probs": [[0.3823890644041392, 0.024644190232954496, 0.11663276738024866, 0.4763339778826576], [0.2999723756394628, 0.029251457194154715, 0.5694587645840429, 0.10131740248233959], [0.4492581258401986, 0.05450875013220793, 0.03229514773795878, 0.4639379761896347], [0.1930076711416513, 0.053614991214622494, 0.7230586122563653, 0.03031872528736099], [0.533197498259105, 0.37225633371852834, 0.037447306040846895, 0.057098861881519775], [0.5476334227059664, 0.3427283846532347, 0.08872608309364996, 0.020912109447149024], [0.1282702674717316, 0.05476320493595135, 0.26329570809878705, 0.55367081939353], [0.06395917606048747, 0.059177758904176814, 0.738135873307275, 0.1387271916280607], [0.14979936739047067, 0.23209823040199268, 0.06495756897267699, 0.5531448331348596], [0.19909815933273903, 0.4216760788810894, 0.26390728941693725, 0.11531847226923435], [0.3466079481104911, 0.15874483943268422, 0.2617157956440428, 0.2329314167127819], [0.31266011901009544, 0.10641303625918236, 0.47694799517192293, 0.10397884945879925], [0.4666151843515699, 0.03684197242346882, 0.03683705876573039, 0.4597057843592309], [0.10270043976992561, 0.033618132760333916, 0.8273268752315281, 0.03635455213821233], [0.5117594827986373, 0.025886536799160968, 0.06355573520423011, 0.3987982450979716], [0.6634988111096038, 0.025137951698981947, 0.2088014199555846, 0.10256181713582961], [0.3443440528646734, 0.5252414990179405, 0.1050633350753712, 0.02535111294201489], [0.3981445073959766, 0.49563580007907815, 0.04069051085466772, 0.06552918157027751], [0.6452716203716871, 0.2046377089630941, 0.039675337687617426, 0.11041533287760144], [0.6215929330487993, 0.18375648385165674, 0.16602159880283995, 0.028628984196704014], [0.6114905270940463, 0.037309336152726635, 0.1364446683538531, 0.21475546829937395], [0.5852087277729349, 0.03684011930737113, 0.2679605572135571, 0.1099905956061369], [0.6412010619951558, 0.2233449401220923, 0.10146371554746277, 0.033990282235289174], [0.6057778867076092, 0.24862402296369643, 0.03695891217334136, 0.108639178055353]], "ideal": "D", "sampled": "D", "correct": true}}
{"type": "result", "data": {"idx": 6, "options": ["enter a particular society.", "set up a particular form of government.", "establish the principles of justice for the basic structure of society.", "establish the content of morality."], "probs": [[0.004033899869397993, 0.007535865536636401, 0.9873180397612095, 0.0011121947327561432], [0.0038462754854703307, 0.0044966803004446625, 0.003786861753113675, 0.9878701823609713], [0.0019484128150337075, 0.993632175732807, 0.0033677526639189744, 0.0010516586882402586], [0.0022258359747913273, 0.9939540775074314, 0.0024265460164128267, 0.0013935404013644505], [0.004526611285337579, 0.0021551360212458234, 0.006638012166926049, 0.9866802404264905], [0.0026981544099455635, 0.003437492283212195, 0.9912685709380123, 0.0025957822688298855], [0.0036078985999162282, 0.01789681413456398, 0.977428232488269, 0.0010670546772507642], [0.003489819820253841, 0.008113728293188653, 0.0041122359265624775, 0.984284215859995], [0.0007237573998082345, 0.9954874279488829, 0.0030476640615064456, 0.0007411504898024413], [0.0009219086631539378, 0.9953106787928253, 0.002282236969084906, 0.001485175474935855], [0.003434298306347711, 0.0023238159683816647, 0.010333252538215452, 0.9839086330870552], [0.002131562785572472, 0.0036828853319398054, 0.9899120931879943, 0.004273458594493373], [0.9943982953436753, 0.0025825715446262613, 0.001229750837742818, 0.001789382173955562], [0.9951325668459474, 0.0022987656286207235, 0.0008864448664792438, 0.0016822225589526092], [0.9949153888461041, 0.002092592806177908, 0.0013619044988584358, 0.001630113748859564], [0.9942926439462091, 0.002208871594302754, 0.001201140144983791, 0.0022973442145044084], [0.9955702851045783, 0.0015320161795874198, 0.0011748279012554308, 0.0017228707145787556], [0.9946260085650951, 0.0016809989853150712, 0.001340402553974268, 0.0023525897956155834], [0.003590506874432488, 0.0063508347437711485, 0.008546141132684554, 0.9815125171491118], [0.002143100367817649, 0.009022351297461385, 0.9875443092151609, 0.0012902390195600473], [0.0024677649701487143, 0.00522403457747262, 0.01080329793131653, 0.9815049024210621], [0.001132654427894877, 0.005706912636775051, 0.9904212218624658, 0.0027392109728642056], [0.0005767525202612302, 0.994996055761971, 0.0035611329991107675, 0.0008660586186569965], [0.0006533416843728967, 0.9947028769567529, 0.003216315611061201, 0.0014274656478130785]], "ideal": "C", "sampled": "C", "correct": true}}
{"type": "result", "data": {"idx": 7, "options": ["modest changes to our personal habits, but not to our society as a whole.", "modest changes to our personal habits, as well as to society.", "drastic changes to our personal habits, but not to our society.", "drastic changes to both our personal habits and to our society."], "probs": [[0.0050630191630736026, 0.04478570762144785, 0.027802904715459303, 0.9223483684000192], [0.004527167446170068, 0.10147557472757358, 0.8632732089145287, 0.03072404881172755], [0.002430687617498105, 0.013882285681206974, 0.21882199872071686, 0.7648650278805781], [0.001464724851102716, 0.016505352714926348, 0.9594638093115695, 0.022566113022401486], [0.0014170488229277032, 0.9728412986547342, 0.020830660549516156, 0.004910991872821956], [0.0013167836707169884, 0.9698887388624488, 0.017762213030084753, 0.011032264336749526], [0.10775907216157819, 0.018443463162237862, 0.0171892622410163, 0.8566082023351677], [0.5525100436444175, 0.0353351136759021, 0.36815731105093086, 0.04399753152874956], [0.11918542120863236, 0.014810111785971681, 0.023111677440692414, 0.8428927894647036], [0.13914221109124736, 0.027846354158526928, 0.7888344886457509, 0.04417694600447478], [0.01637176761314933, 0.9597320248469897, 0.013476438198909499, 0.010419769240951483], [0.016616231215765352, 0.9589427335845331, 0.012551882595242297, 0.011889152504459233], [0.0060747484143864015, 0.025989534235042886, 0.5734320076172843, 0.3945037096332864], [0.00648540265590741, 0.029764857472835398, 0.8769105173915333, 0.08683922237972391], [0.0027449157266080278, 0.8631813728275208, 0.029297393501376175, 0.10477631784449495], [0.005446393520600332, 0.3344748325648467, 0.6449078931873881, 0.01517088062716484], [0.0018974948686661512, 0.9682332162712829, 0.01083949169027519, 0.019029797069775718], [0.0019295291922230777, 0.9769127106376592, 0.016939395583396334, 0.004218364486721416], [0.9293725128471577, 0.016242438515210598, 0.020528899476463046, 0.03385614906116857], [0.8640743292531577, 0.016714690573002126, 0.013534830565190392, 0.10567614950864977], [0.9392644240361591, 0.021575121377661752, 0.007515156234681508, 0.03164529825149769], [0.9444974934717987, 0.021358862623790286, 0.008171140968860673, 0.02597250283555035], [0.8674849770004254, 0.021376684067011334, 0.008306767697843588, 0.1028315711347197], [0.9301660337163482, 0.019760402506413983, 0.017990427626075202, 0.032083136051162565]], "ideal": "D", "sampled": "D", "correct": true}}
{"type": "result", "data": {"idx": 8, "options": ["knowledge", "wealth", "community", "courage"], "probs": [[0.9965762760096261, 0.0017931696968384733, 0.001005884053765384, 0.0006246701397700863], [0.9965250270347853, 0.001953930667417375, 0.0005384037124122395, 0.0009826384853850432], [0.9942288448064429, 0.004603815011836888, 0.000608688652571342, 0.0005586514291488535], [0.994715727826437, 0.0041938278811385, 0.00046693439475656897, 0.0006235097976679416], [0.996857838423559, 0.001765846176743643, 0.0005020302288643555, 0.000874285070832952], [0.9971661277585975, 0.0014874731265618478, 0.0006652837027969889, 0.0006811153120436358], [0.0015017146623458211, 0.9912377980937312, 0.0062751014312428036, 0.0009853857126800995], [0.00232473351251209, 0.9907696652109569, 0.002594421723742021, 0.004311179452789003], [0.0016291712558905856, 0.010961289930567483, 0.9868592395666193, 0.0005502991469226975], [0.005744039712210199, 0.008357963088021276, 0.004010409838507357, 0.9818875872612611], [0.001090708838484903, 0.0058964997464401895, 0.9917860050641221, 0.0012267862509528706], [0.002487604033453468, 0.0037933471502854033, 0.0051043731944065565, 0.9886146755218546], [0.0024445693741445905, 0.9940665255582631, 0.0024452629766660407, 0.0010436419909261678], [0.00336674674968265, 0.9938619171871235, 0.0012883800518835597, 0.0014829559113103301], [0.006359533741535385, 0.010163622511945492, 0.9816681067287463, 0.0018087369177728111], [0.01921318531460434, 0.007068670329591581, 0.0029239381220736733, 0.9707942061337304], [0.003784487247590372, 0.007410331611222115, 0.985969719876729, 0.002835461164458554], [0.03359338668988405, 0.009476311583322745, 0.004728092851159312, 0.9522022087756339], [0.0026319877511607717, 0.9898952521295923, 0.0023975771122331504, 0.005075182907013729], [0.002055359646352201, 0.9925943537158218, 0.003723563588704991, 0.0016267229491209968], [0.0018414622582470707, 0.003960060509495664, 0.9920946580392741, 0.0021038190929831588], [0.004937790802886554, 0.0033413573762726113, 0.00501599860876198, 0.9867048531120789], [0.0019808888855229064, 0.009304419138378418, 0.987058816058329, 0.0016558758177696695], [0.019399464598207808, 0.011494696417476864, 0.004035389148152267, 0.9650704497361631]], "ideal": "A", "sampled": "A", "correct": true}}
{"type": "result", "data": {"idx": 9, "options": ["perform the action that leads to the greatest total happiness.", "act only on maxims that we can will to become universal laws.", "behave only in such a way as a perfectly virtuous person would behave.", "place the interests of others above the interests of ourselves."], "probs": [[0.0005434070711346341, 0.99019340898027, 0.004920854907469481, 0.004342328941125892], [0.0005105184095314006, 0.9902686435908529, 0.007104251932084915, 0.002116585967530799], [0.0010465743901960792, 0.02419189058363455, 0.9153397824778619, 0.05942175244830753], [0.001003030996197677, 0.007017225674236536, 0.012706404037303649, 0.9792733391922621], [0.0007273165806390528, 0.006793626892499881, 0.9851324330197596, 0.007346623407101476], [0.001030024264460272, 0.003918327883330118, 0.03546835878656317, 0.9595832889656465], [0.9746968026616945, 0.0033023166051731837, 0.006122080531618147, 0.015878800101514184], [0.9786510849355382, 0.003557234209982568, 0.008271338740836921, 0.009520342013642309], [0.9838394526264451, 0.003806520254811773, 0.0025561633529175218, 0.00979786366582559], [0.9872642072275201, 0.0032167257457019786, 0.0075978384613566595, 0.0019212284654213049], [0.9826783655856778, 0.0054886458169324855, 0.002782133906957704, 0.00905085459043205], [0.9902174633339743, 0.004110172894081895, 0.0034889316742655486, 0.0021834319976782707], [0.0013800653458089169, 0.00323448987542324, 0.9699446824617406, 0.02544076221702724], [0.002182539599583403, 0.001572589256178937, 0.012758123534220582, 0.9834867475100171], [0.0023043746510666477, 0.9897009302293033, 0.0031518507853757474, 0.004842844234254281], [0.0012877216819004828, 0.9858665189117417, 0.01203302839358362, 0.0008127309127741465], [0.003941618164499153, 0.00482999099418125, 0.002667708962957411, 0.9885606817783622], [0.0016557708876642262, 0.008024120491423656, 0.9876103736403986, 0.0027097348805135433], [0.0023988122208172943, 0.003924834005946159, 0.9833348787766097, 0.01034147489662678], [0.006294983854346646, 0.0022107595400616205, 0.018650319277746345, 0.9728439372278453], [0.004720893199284011, 0.9881959508227786, 0.003707566978537642, 0.0033755888993998126], [0.0034364971062461535, 0.9909255443195301, 0.004051314663474871, 0.0015866438107488981], [0.011228783764115222, 0.005182230276354746, 0.0027099965998172654, 0.9808789892597127], [0.004611238120185936, 0.009171956644964405, 0.9807808258884873, 0.005435979246362372]], "ideal": "B", "sampled": "B", "correct": true}}
{"type": "result", "data": {"idx": 10, "options": ["maximizing the utility of all sentient beings.", "God\u2019s commands.", "the agreement of rational persons choosing the terms of their interaction.", "the purposive order of nature."], "probs": [[0.0061489442531999375, 0.02096860734531177, 0.9644722976713983, 0.008410150630090039], [0.00973374864846104, 0.010203810436200169, 0.016430391042984067, 0.9636320497723547], [0.0016453060996037528, 0.9888750652775796, 0.0069295795237679396, 0.002550048999048678], [0.0016498638698624688, 0.9915951403595132, 0.004927544641976944, 0.0018274510286473188], [0.010468090614961609, 0.012434115488254233, 0.011145038303607996, 0.9659527554931762], [0.004030018158448158, 0.016969082967974867, 0.97122891537666, 0.0077719833969169755], [0.0069546230753550365, 0.01567649689927015, 0.9702996231457273, 0.007069256779647532], [0.008678346263432894, 0.008092397193263259, 0.017126560847483093, 0.9661026955958207], [0.0033931725144315276, 0.9862403340171719, 0.007075437354334285, 0.003291056014062299], [0.003881472988431484, 0.9878200019845633, 0.005434397320243522, 0.002864127606761609], [0.011146534990985137, 0.011504390126639237, 0.010975744389044893, 0.9663733303933307], [0.00806322974627946, 0.022441309713940514, 0.9622055228190308, 0.007289937620749128], [0.9169940402763921, 0.027261737883690018, 0.03187211247888434, 0.023872109261033503], [0.9322273707267915, 0.023891003405899693, 0.022797578482136416, 0.02108404728517238], [0.9162132670841331, 0.04284886610937138, 0.016521001109907462, 0.02441686559658808], [0.917696650209105, 0.044278599949880156, 0.012988872848860794, 0.02503587689215413], [0.931412227964163, 0.027473230045253438, 0.01590185727797208, 0.025212684612611502], [0.9187354376087599, 0.03294306223552513, 0.02014010756902081, 0.02818139248669418], [0.00992643724212863, 0.00791667854838671, 0.01455840165814755, 0.9675984824513371], [0.005436475524866117, 0.010563427846951702, 0.9737575298053184, 0.010242566722863833], [0.009283783218436094, 0.008930958133347388, 0.01102627401759219, 0.9707589845306243], [0.005212752703461992, 0.015203570276157539, 0.9709162282363502, 0.008667448684030344], [0.0029699325556191395, 0.9857737574780954, 0.00746990612178934, 0.0037864037444961265], [0.002705135018393595, 0.9860919143984288, 0.007531451526090043, 0.00367149895708753]], "ideal": "C", "sampled": "C", "correct": true}}
{"type": "result", "data": {"idx": 11, "options": ["religion.", "physics.", "psychology.", "art."], "probs": [[0.8298364837273245, 0.023901415726482435, 0.12140193649372458, 0.024860163952468397], [0.800519141496054, 0.02572143928052998, 0.03891770328227448, 0.13484171584114152], [0.912324299061809, 0.02527110250111046, 0.038843668559291555, 0.023560929777788935], [0.911370958428151, 0.02645574211220406, 0.03242091552274888, 0.029752383836896046], [0.8086181546877851, 0.025578818164566062, 0.052894638541113946, 0.11290838850653494], [0.8154107179532122, 0.024805100170182594, 0.13516556963527138, 0.02461861214133385], [0.049792968520088104, 0.8751638669369889, 0.06393104147162583, 0.011112122971297182], [0.05505220136908218, 0.783882129354139, 0.025804373979903098, 0.13526129519687566], [0.003999037280372092, 0.012116044516330976, 0.9786284809164317, 0.005256437186865254], [0.011569982958378515, 0.01260440290914561, 0.010367370812591356, 0.9654582432198845], [0.0029603673264650444, 0.005439928165721446, 0.9823382558514147, 0.009261448556398839], [0.0186293180839814, 0.008329245253257834, 0.030216775803397152, 0.9428246607593636], [0.008951159037180866, 0.9641677975320057, 0.018662741159676602, 0.008218302171136876], [0.008034620567933153, 0.9654430311865275, 0.017831139563625593, 0.008691208581913768], [0.003977708006139422, 0.007903664280060257, 0.9810282472817319, 0.007090380332068468], [0.010171594040354965, 0.00849686371917508, 0.012075146591526047, 0.9692563955489439], [0.002434094656019096, 0.004474209131480085, 0.9899162000060924, 0.003175496106408472], [0.023572463602318346, 0.009230845833271264, 0.023380041197246133, 0.9438166492671642], [0.01439226598846906, 0.9403556557578479, 0.0209464164071418, 0.024305661746541238], [0.013527194477617122, 0.947977692892245, 0.031949904854238105, 0.006545207675899828], [0.0056544908155849154, 0.007780329685826858, 0.9732161020453152, 0.013349077353273073], [0.02477209482004199, 0.010817593889364142, 0.025541052545452848, 0.938869258645141], [0.004765675110136735, 0.00862164733495424, 0.981993531987357, 0.004619145467552073], [0.03506701484990578, 0.016691450245574183, 0.02028935242618656, 0.9279521823783334]], "ideal": "C", "sampled": "A", "correct": false}}
{"type": "result", "data": {"idx": 12, "options": ["duty.", "justice.", "virtue.", "supererogation."], "probs": [[0.4498991865237355, 0.03869938018457923, 0.2902504140537462, 0.22115101913793908], [0.4843656691477294, 0.04400501104715671, 0.2631260873998224, 0.2085032323052915], [0.4942489641001263, 0.12688308385758476, 0.11819184787022001, 0.2606761040720689], [0.478506110881011, 0.10757973628786666, 0.2767277914496529, 0.1371863612814694], [0.4910858019248418, 0.046750719230697374, 0.15928866554359877, 0.30287481320086207], [0.3151517977001907, 0.021618898069902484, 0.5444335713856525, 0.11879573274425433], [0.4308812617824734, 0.03649184107415538, 0.41746997829077254, 0.11515691875259869], [0.5072485747361106, 0.05514605653688876, 0.10459300012667981, 0.33301236850032084], [0.44012334938416453, 0.15937359629467818, 0.3269044458539215, 0.07359860836723578], [0.5238796589121787, 0.22523715103185454, 0.12242257122415741, 0.1284606187318093], [0.4430931176155645, 0.027668745972056718, 0.19959161873202083, 0.32964651758035796], [0.2730064608477796, 0.018151744657377844, 0.5180293762753131, 0.19081241811952954], [0.6165268007143133, 0.11221574238354105, 0.07413635650111548, 0.19712110030103014], [0.6008401229814926, 0.09577826164038716, 0.21746246158568933, 0.08591915369243092], [0.6235302043564686, 0.05619209217320167, 0.18852051950208248, 0.13175718386824728], [0.5951255581496294, 0.05405559782909063, 0.24407154410153553, 0.10674729981974447], [0.5988520338618033, 0.033776931209636644, 0.2783352115596014, 0.08903582326895862], [0.6376529169057038, 0.04139641191480268, 0.21681132345088105, 0.10413934762861243], [0.6058627456694375, 0.16556604451619014, 0.08790980409562366, 0.1406614056187487], [0.5224124114823601, 0.11473868615167312, 0.31681024552976605, 0.04603865673620079], [0.5560664492582541, 0.09005356512023327, 0.21426623897893673, 0.13961374654257588], [0.46732876744653223, 0.06424128407136813, 0.3016192086101276, 0.16681073977197203], [0.26471257650889746, 0.30470619113370206, 0.4101414748826138, 0.020439757374786708], [0.3939943401269236, 0.4394651451147872, 0.08321081287052931, 0.0833297017877599]], "ideal": "B", "sampled": "C", "correct": false}}
{"type": "result", "data": {"idx": 13, "options": ["one and the same thing", "both nonexistent", "two distinct things", "imaginary"], "probs": [[0.7801538973878378, 0.02062956500898937, 0.19119965196946376, 0.00801688553370904], [0.8941274204662943, 0.016763891128414535, 0.007857516860889598, 0.08125117144440147], [0.7256675924116225, 0.2628015863315891, 0.0059458412878516725, 0.0055849798689367415], [0.7367458767278544, 0.2506407142682651, 0.0075703466403563265, 0.005043062263524112], [0.8817140491273733, 0.02443005877200173, 0.00722249415865661, 0.08663339784196833], [0.7289455866975011, 0.03128590322298317, 0.23300128337408627, 0.006767226605429454], [0.00827117517854992, 0.07908891040066961, 0.9055068037795064, 0.007133110541274083], [0.03371454117855717, 0.09455802537265384, 0.02061576077251481, 0.8511116725762742], [0.029518238317451324, 0.14305339325864908, 0.8171422833238793, 0.010286085000020284], [0.050996341322603146, 0.13649235298620602, 0.025651423495391262, 0.7868598820957996], [0.01713983548396894, 0.03462496809222315, 0.12085998376606447, 0.8273752125577435], [0.026947681967798672, 0.031754902604914516, 0.13369902593518923, 0.8075983893920976], [0.4771949648119735, 0.5000925375637626, 0.012329990812377503, 0.010382506711886392], [0.45014313365632797, 0.526261419890513, 0.013490905242588386, 0.010104541110570643], [0.6922300624881442, 0.038148225273711346, 0.25467968601205, 0.014942026126094434], [0.5339902758211176, 0.03413380758422081, 0.02203997273612099, 0.40983594375854066], [0.29566162794138484, 0.07534625373460678, 0.6163960688909692, 0.012596049333039169], [0.648722210385432, 0.05667291546331847, 0.019741256964691676, 0.2748636170865579], [0.027526738990986222, 0.8048016682982834, 0.025473383128046843, 0.14219820948268352], [0.014532730376011053, 0.21524442045285244, 0.7633548798915287, 0.006867969179607836], [0.030384379909577174, 0.0452589581570642, 0.061865239330015746, 0.8624914225033429], [0.05656306508247123, 0.046896104288955985, 0.21686911823148214, 0.6796717122970907], [0.044150209448785456, 0.16794171297807398, 0.776827434675859, 0.011080642797281574], [0.0683474910624989, 0.5091336350038626, 0.03155108901710051, 0.390967784816538]], "ideal": "A", "sampled": "A", "correct": true}}
{"type": "result", "data": {"idx": 14, "options": ["rational", "artificial", "constitutional", "fair"], "probs": [[0.037708097870541524, 0.012339384839679904, 0.005874983759998257, 0.9440775334297803], [0.021542529200597193, 0.02240165932242459, 0.9528269786051823, 0.003228832771795966], [0.024925930237319465, 0.006815394335188948, 0.009315553982253482, 0.9589431213452381], [0.020708097760039953, 0.015878538141407328, 0.9524104878072359, 0.011002876191316744], [0.010467944934084785, 0.9798836682575721, 0.0071411728985919295, 0.002507213809751208], [0.02103664177790539, 0.9672845650615205, 0.0048454110753997125, 0.006833381985174373], [0.03772888615087068, 0.025531197015680344, 0.006661042604128556, 0.9300788741293204], [0.020444194963443206, 0.043963106590078016, 0.9329511775153257, 0.002641520831153072], [0.021347772162626535, 0.008295995325704759, 0.010164597036428458, 0.9601916353752402], [0.02073713273142745, 0.01392316211556614, 0.961190254928965, 0.004149450124041373], [0.01754876787664933, 0.9733018890011784, 0.007148339424042075, 0.002001003598130215], [0.018971267856039566, 0.9731267571867104, 0.005353132663140527, 0.00254884219410957], [0.01837877279821585, 0.012831780796127321, 0.009916184054912593, 0.9588732622507442], [0.011598327009975167, 0.028706723803357762, 0.9509368552943104, 0.008758093792356625], [0.029849784834954787, 0.015979094637550026, 0.00961707731113439, 0.9445540431163608], [0.02619513901592564, 0.0320962797612772, 0.9382442280555799, 0.003464353067217185], [0.02508428056680163, 0.9488122170672928, 0.013966938050083215, 0.012136564215822357], [0.012972369184706959, 0.9681865121114218, 0.015899478647223558, 0.0029416399566476663], [0.9450481163398412, 0.03961639323444823, 0.010096974274928613, 0.005238516050781909], [0.9320324262014307, 0.04224578753776569, 0.005288879499841797, 0.020432906660961814], [0.9433636113668333, 0.042758799266816264, 0.0076677962755093395, 0.006209792990841081], [0.9487423012629196, 0.037361020950372525, 0.0062450648251593435, 0.007651612861548547], [0.9494480357098702, 0.020974386188324635, 0.011494199583635503, 0.018083378418169576], [0.9482186850760728, 0.019832507641984486, 0.023008276781922684, 0.008940530400020021]], "ideal": "D", "sampled": "D", "correct": true}}
{"type": "result", "data": {"idx": 15, "options": ["a mind", "absolute existence", "material substance", "a material universe"], "probs": [[0.9693519090470154, 0.015665343376220997, 0.002875817304469526, 0.012106930172294025], [0.9752378912359355, 0.01401801579866748, 0.003356201085513636, 0.007387891779883372], [0.973923208693288, 0.015495666323331358, 0.0030280820176989726, 0.007553042865681739], [0.9787076310600398, 0.013010655789014036, 0.004639796539449534, 0.0036419165114966756], [0.9710044586312532, 0.019077497926407734, 0.0031148508707446107, 0.006803192471594494], [0.9763272915632838, 0.015413030847697056, 0.0047383629303997055, 0.003521314558619393], [0.022711189162707, 0.9435774914531389, 0.011160798190954072, 0.022550521093200028], [0.019735272291745865, 0.9510786800719495, 0.01701946870279704, 0.012166578833507566], [0.17500970743763347, 0.021736686399082862, 0.6016205288773712, 0.20163307718591247], [0.527523012556909, 0.027738403316847442, 0.027096889662827767, 0.4176416943634157], [0.12842870386256222, 0.031971862255216546, 0.7110579132358367, 0.1285415205463846], [0.5231111360927523, 0.043274267357687066, 0.025841882127435604, 0.40777271432212503], [0.02043687690690503, 0.947186030651113, 0.015554417492327671, 0.01682267484965437], [0.012872350948585767, 0.9533166004265725, 0.025811963874144122, 0.007999084650697555], [0.0384895593760608, 0.05470891147974672, 0.8106995556352029, 0.09610197340898957], [0.16099246944944315, 0.3408770776359314, 0.02431493379660037, 0.4738155190180251], [0.06341415879294025, 0.06698585550509549, 0.842307539285961, 0.027292446316003194], [0.2577680435515679, 0.12176447768737267, 0.038923059959943246, 0.5815444187011162], [0.00799966738295182, 0.9691614480910796, 0.011373701704659817, 0.011465182721308738], [0.004537555807828595, 0.9723414678125079, 0.017812846044214493, 0.005308130235449049], [0.016756349308981705, 0.04699676763522149, 0.8940935070868413, 0.042153375868955505], [0.11182310988677396, 0.18728224617318276, 0.02554857874045365, 0.6753460650995896], [0.02582578519520238, 0.08207976576727935, 0.8759232700959633, 0.016171178841554966], [0.09905798806047778, 0.1038154296757433, 0.029057726477591098, 0.7680688556861878]], "ideal": "A", "sampled": "A", "correct": true}}
{"type": "result", "data": {"idx": 16, "options": ["duty and charity.", "egoism and altruism.", "rights and privileges.", "positive and negative rights."], "probs": [[0.703505209458869, 0.08461549001831813, 0.016531604610094886, 0.195347695812718], [0.8637101617198616, 0.04503306356727365, 0.027739412976488333, 0.0635173616363764], [0.7042179965349893, 0.03423271455395303, 0.1185020848432177, 0.14304720396784001], [0.5615856929165857, 0.03506617424289169, 0.3568801680103598, 0.046467964730162785], [0.8565363307497952, 0.05140305665111658, 0.03559833896078652, 0.05646227353830169], [0.8056933587386201, 0.04836234990348026, 0.10156149806126458, 0.04438279319663496], [0.28425769565586234, 0.2754765908184322, 0.0260248375980783, 0.4142408758276272], [0.6083039044725559, 0.22366245088724832, 0.06066314130414868, 0.10737050323604716], [0.2921529889579188, 0.016102849562707394, 0.39929916924878095, 0.2924449921305929], [0.47285223354775996, 0.016693301621595383, 0.20014609543576672, 0.31030836929487793], [0.4555311049818694, 0.03274108731914806, 0.421293006081335, 0.09043480151764749], [0.5395795025944626, 0.039073965857383805, 0.08871348814206072, 0.33263304330609283], [0.019914906544165015, 0.66496694329052, 0.13297988522578116, 0.18213826483953383], [0.005471493972448438, 0.07494991060869813, 0.899229828915119, 0.0203487664037344], [0.04953617201881862, 0.018515454499907037, 0.15497143478461678, 0.7769769385966576], [0.03558475361440907, 0.014956094571897264, 0.6510432064803109, 0.2984159452333828], [0.008652405264514869, 0.9252615580175676, 0.04396345560044467, 0.022122581017472873], [0.00885308608024116, 0.9321085994967162, 0.012591327663387643, 0.046446986659654965], [0.1256483024671139, 0.5676470292602748, 0.06220670300460099, 0.24449796516801037], [0.12268141824876949, 0.27224834798894393, 0.5588214217179555, 0.046248811944331066], [0.14520122679949338, 0.017755898452077416, 0.08668624804916537, 0.7503566265992638], [0.12023109442756917, 0.01627553473814781, 0.6204111106530096, 0.24308226008127345], [0.05747874804205566, 0.8189312188293254, 0.08976364846463046, 0.033826384563988426], [0.05366657723756821, 0.8529856879620517, 0.022733470634458325, 0.07061426406592176]], "ideal": "A", "sampled": "A", "correct": true}}
