{"type": "result", "data": {"idx": 0, "options": ["Aging is related to an increase in vaginal lubrication", "Aging is associated with an increase in the frequency and number of orgasmic contractions in both sexes", "There is no significant relationship between aging and sexual responses in either sex", "Aging is related to some loss of erectile rigidity in the male"], "probs": [[0.02597515347644511, 0.18315229438204986, 0.015395716031235997, 0.7754768360102691], [0.007506847199807495, 0.10363700837124958, 0.8621705026893445, 0.026685641639598457], [0.010084335983900685, 0.013677434128211695, 0.027416328091869023, 0.9488219016960185], [0.013621794956997925, 0.03588865070474244, 0.9053806020821069, 0.04510895215615267], [0.002089155273766571, 0.9856438172228211, 0.00696225012434535, 0.0053047772790669944], [0.0020294439811951847, 0.9877570929043265, 0.004685125525816957, 0.005528337488661357], [0.024172737780919256, 0.0850367466007898, 0.012742476269269068, 0.8780480392490219], [0.005415570695566121, 0.04678747636953495, 0.9191276240720149, 0.028669328762884038], [0.005220756688045157, 0.004262405768003796, 0.036243348078081564, 0.9542734893658694], [0.012309321049332737, 0.016056750984988162, 0.8440511760347064, 0.12758275183097276], [0.004002614997004999, 0.9722791602914551, 0.01106183449997655, 0.012656390111563274], [0.003655076688449331, 0.9598489306667456, 0.006521297552805238, 0.02997469499199979], [0.0034171596279404357, 0.012306289433598768, 0.017085805823114388, 0.9671907450153464], [0.0033613324651122828, 0.053821008684660096, 0.8905277257527002, 0.052289932997527405], [0.001750439762401469, 0.0061582950585603305, 0.014656679812816984, 0.9774345852662212], [0.005683582698997432, 0.03976197464083187, 0.878325706507775, 0.07622873605239566], [0.011731315118936977, 0.9106137531122808, 0.020617646595209264, 0.05703728507357301], [0.006671959372062851, 0.908909954382803, 0.016274667880601393, 0.06814341826453273], [0.7906309748328453, 0.05998998797781579, 0.08596008686413488, 0.0634189502252041], [0.7623333816610379, 0.06869009779168563, 0.12060306785386173, 0.048373452593414766], [0.7790566115012167, 0.11572399777404054, 0.05258899201146259, 0.0526303986132801], [0.7317059298290489, 0.15567941022953172, 0.02582527974488927, 0.08678938009653007], [0.8073159430821676, 0.09265607505283582, 0.020684761525896253, 0.07934322023910034], [0.8860224139860914, 0.047293061952584314, 0.01132617956735137, 0.05535834439397294]], "ideal": "D", "sampled": "D", "correct": true}}
{"type": "result", "data": {"idx": 1, "options": ["\u201cBlank slates\u201d", "Less intelligent than adults", "\u201cLittle scientists\u201d", "Shaped by culture"], "probs": [[0.0021023041231783717, 0.006787179380167009, 0.9690203559261807, 0.022090160470473852], [0.006758456164819171, 0.006107282445961566, 0.1347132092594233, 0.852421052029796], [0.02374694362480203, 0.2533881620864516, 0.032473105474942005, 0.6903917887138044], [0.025531149161643216, 0.8326635552682807, 0.13388485556804736, 0.007920439902028696], [0.025651151931468375, 0.044327585243298, 0.017359880489624602, 0.912661382235609], [0.02480058223949726, 0.16174749064333094, 0.8091043346845038, 0.004347592332667924], [0.001817118739594784, 0.013323370313379967, 0.9056990780137519, 0.07916043283327329], [0.005744746288877799, 0.013891206735907009, 0.15288696832754944, 0.8274770785476657], [0.0015807975234549516, 0.9879191293124215, 0.005065131031499409, 0.005434942032624107], [0.003003383902817154, 0.9890769614705643, 0.0065112452458949525, 0.0014084092807235369], [0.018038975845888226, 0.06599229111202017, 0.031665184957160135, 0.8843035479849315], [0.004307133487165584, 0.04703954235191471, 0.9451084886389024, 0.003544835422017235], [0.3198061441961495, 0.045715747747859165, 0.02646218368149567, 0.6080159242744957], [0.8370808611593271, 0.05309496232619301, 0.0910355848291552, 0.01878859158532463], [0.6273978924542918, 0.020167745625855008, 0.031728769751277364, 0.3207055920685758], [0.868901388053531, 0.03700077229742195, 0.06805984056916921, 0.02603799897987784], [0.8833488471061305, 0.0670577737327253, 0.03617852910941887, 0.013414849951725311], [0.8737751049320926, 0.08126874830650527, 0.0205502356445303, 0.024405911016871753], [0.02493665977002025, 0.04769759722447549, 0.019273344820313273, 0.9080923980851909], [0.05628984551988734, 0.15303244051465698, 0.7776072205572254, 0.01307049330823021], [0.03474976802363378, 0.034754741286089096, 0.06052429115680552, 0.8699711994334716], [0.005393055762890037, 0.016743743884064834, 0.9734249168411165, 0.004438283411928586], [0.01578319675824325, 0.9614963801410288, 0.01919648850209319, 0.0035239344986347843], [0.02103633346043162, 0.9598262164445253, 0.01180641036010908, 0.007331039634934009]], "ideal": "C", "sampled": "C", "correct": true}}
{"type": "result", "data": {"idx": 2, "options": ["about 68% of the observed scores for the test population lie within 15 points of the mean score", "about 68% of the individuals with a given cure score will have observed scores within 15 points of the true score", "about 15% of the scores are in error (i.e., they are not measuring the trait reliably)", "differences of up to 30 points represent the same true score"], "probs": [[0.6893958993356764, 0.23082467739341592, 0.042057946006786535, 0.03772147716412122], [0.7897297716831095, 0.15545068318812352, 0.02922155361263411, 0.025597991416132792], [0.7799319522004837, 0.08216427786121944, 0.07723390054294123, 0.060669869295355616], [0.8280128249732015, 0.06282029600712678, 0.03444313386326984, 0.07472374505640192], [0.7944273233449662, 0.131690321377306, 0.04081350876260693, 0.033068846415120846], [0.7488535711617471, 0.1670203224311299, 0.01654657550499689, 0.06757953080212606], [0.7825289005012265, 0.1745272330624347, 0.018549038648211908, 0.024394827688126928], [0.860664970338064, 0.10601303073741207, 0.019619396611129127, 0.01370260221339478], [0.77098383881899, 0.16152871391383958, 0.027862355675446353, 0.0396250914917241], [0.7299799159188765, 0.1733099928330175, 0.03387332631591991, 0.06283676483218614], [0.8545140479942731, 0.09288609616279295, 0.03016924807216426, 0.02243060767076965], [0.7845072032545217, 0.15442710883224828, 0.017468467092727185, 0.04359722072050278], [0.007845649421867993, 0.9144403848400422, 0.048499032398501535, 0.02921493323958827], [0.008736870616880305, 0.9057712933630233, 0.03740736626024814, 0.048084469659848236], [0.00348124151699971, 0.9213127780380219, 0.052823094431219464, 0.022382885913758848], [0.004641453960818176, 0.9200894952157876, 0.02757873615847798, 0.047690314564916146], [0.042049446460853575, 0.14345631429478392, 0.6962233392562628, 0.11827089988809969], [0.052527336695683324, 0.20462172611629, 0.4913900347638468, 0.25146090232417984], [0.02268629808584823, 0.9137265493727883, 0.04588528554659971, 0.01770186689476379], [0.02227998222701913, 0.9044685053218273, 0.026701665394929755, 0.04654984695622376], [0.023127153675508858, 0.9027853801519515, 0.054265105254103635, 0.01982236081843591], [0.02375650449896162, 0.8509677806198445, 0.09117389639251698, 0.03410181838867694], [0.05310159057365738, 0.17018274580812162, 0.6138952236628142, 0.16282043985540673], [0.05331698138951029, 0.17353536445454937, 0.5697420323776984, 0.20340562167824194]], "ideal": "B", "sampled": "A", "correct": false}}
{"type": "result", "data": {"idx": 3, "options": ["An Apgar", "A teratogen", "Only a problem in the first 6 weeks", "A controlled substance"], "probs": [[0.001127540626875991, 0.993688190219372, 0.0038755257621705336, 0.0013087432915814157], [0.0010130042233973421, 0.9958941959843868, 0.0019531680782487117, 0.0011396316139671635], [0.0031385314676924928, 0.00577323232326036, 0.9864481695746342, 0.0046400665344128785], [0.00716712577426968, 0.004888053180242564, 0.0028072132999099357, 0.9851376076455778], [0.0016847727912736457, 0.006929367818713348, 0.989135151569362, 0.0022507077206508986], [0.004325570698709753, 0.005137213142872322, 0.0025432110364350387, 0.9879940050219829], [0.9949008381615254, 0.00224476068467412, 0.0007119768953203934, 0.0021424241584800372], [0.9956505837449442, 0.0018624167316678194, 0.000609458478856569, 0.0018775409445313817], [0.9947199200944026, 0.001996131256496896, 0.001003822132723043, 0.0022801264163774615], [0.9948974060226192, 0.0021087280068666277, 0.000695470765349182, 0.002298395105164929], [0.9961069135398214, 0.001290669070890228, 0.0007240607453583889, 0.0018783565439299996], [0.9956095761552392, 0.0015560015952963537, 0.0006905413428708526, 0.002143880806593665], [0.002216400965524826, 0.011345091133217692, 0.9824230757827294, 0.004015432018528124], [0.007365000562280531, 0.008089648608716664, 0.0029075030791665883, 0.9816378476498362], [0.0006860855743483792, 0.9968831045514446, 0.0017389206053147188, 0.0006918891688923723], [0.0010879009822085445, 0.9969719946806298, 0.001030545246903254, 0.0009095589902583642], [0.003697853031132037, 0.0036694868066646127, 0.00521514871539169, 0.9874175113468117], [0.0012533812663617244, 0.00495735746091078, 0.9902455027453189, 0.003543758427408561], [0.0030087648716080333, 0.01100696693026427, 0.9832212715653176, 0.0027629965328100645], [0.007205160582532419, 0.006929878419396263, 0.002980706697695928, 0.9828842542003754], [0.0013395945035106287, 0.9941275858341101, 0.0034215744143976036, 0.001111245147981663], [0.0015517253629668722, 0.9927177110677853, 0.0037526582485492258, 0.001977905220698583], [0.005195390713191415, 0.005236708375780655, 0.005841763539421401, 0.9837261372716065], [0.0021135908826218526, 0.0052725778185954775, 0.989389984865252, 0.0032238463335306864]], "ideal": "B", "sampled": "B", "correct": true}}
{"type": "result", "data": {"idx": 4, "options": ["needs analysis.", "job evaluation.", "summative evaluation.", "formative evaluation."], "probs": [[0.9972874680102701, 0.0009164757322463089, 0.00048308249838992836, 0.0013129736590936415], [0.9977696611894138, 0.0009313696715134782, 0.0005562850897436197, 0.0007426839493290934], [0.9978759516060184, 0.0006868213105912335, 0.0004909613747210448, 0.0009462656086693001], [0.9980028714785957, 0.0007427370621908032, 0.0007785042744263226, 0.00047588708478713573], [0.9978597428481845, 0.0009170051407035918, 0.0005145171751585461, 0.0007087347359533897], [0.9978465921419654, 0.0009314378734889749, 0.0006062193938161013, 0.0006157504907295838], [0.0006352548708031151, 0.990289621429583, 0.002655628976646515, 0.006419494622967321], [0.000684126769682816, 0.9939989543328542, 0.003700353950275887, 0.0016165648471870983], [0.0010053206288137934, 0.0035645779664174966, 0.9885038647389269, 0.006926236565841763], [0.002281133047350703, 0.003242836144922319, 0.04372315481948174, 0.9507528758882452], [0.0012077902805776384, 0.004967494167953882, 0.9922732839208604, 0.0015514315306079797], [0.007232193987728137, 0.00595040136211526, 0.007700772126888814, 0.9791166324232677], [0.000550928911635648, 0.996166428891336, 0.0017248135320019307, 0.0015578285650264016], [0.000408019176489101, 0.992716036445212, 0.006434571527285979, 0.00044137275101292], [0.0008252374147448606, 0.0025223390830000757, 0.9941491962224116, 0.0025032271798434884], [0.0028672702682637176, 0.0029359632301344013, 0.0338602988457225, 0.9603364675558793], [0.0018846834227880594, 0.028353259653791426, 0.969012041422986, 0.000750015400434526], [0.011072206262734549, 0.01840097045144758, 0.002801171028893108, 0.9677256521569247], [0.001138397855515813, 0.995435011534207, 0.0020310529753933544, 0.001395537534883791], [0.001011982056441573, 0.9948785479337116, 0.003143324294448118, 0.0009661456153987752], [0.001841760481280379, 0.004118546600988619, 0.99233573791781, 0.001703954899920976], [0.016327309135494295, 0.004865290789168749, 0.005778165296606346, 0.9730292346787306], [0.005031293690414655, 0.011976773948472456, 0.9818599471765442, 0.001131985084568687], [0.017339690372490977, 0.00812873178878062, 0.003664812850822086, 0.9708667648879062]], "ideal": "A", "sampled": "A", "correct": true}}
{"type": "result", "data": {"idx": 5, "options": ["a useful strategy for helping the client understand the present.", "a way for the client to avoid coming to terms with the present.", "\"the \"\"second layer\"\" of therapy.\"", "\"a way for achieving \"\"closure\"\" near the end of therapy.\""], "probs": [[0.44441308904594934, 0.5113515777173161, 0.03049317701611201, 0.013742156120622483], [0.35395645550896593, 0.5925916841143328, 0.028396908285396285, 0.025054951991304933], [0.5756421941975283, 0.06019367918636031, 0.34383644207122743, 0.02032768444488401], [0.7977057590582095, 0.04064003697286899, 0.014051543364086766, 0.14760266050483475], [0.7664512138119519, 0.03138297318186913, 0.1657540444424904, 0.03641176846368858], [0.7735652413216624, 0.023718638608303755, 0.021770080792627693, 0.18094603917740615], [0.007294551971682151, 0.9481915283140188, 0.03709423560652447, 0.0074196840077746466], [0.012376001702829474, 0.9309727999480657, 0.0342140959347219, 0.022437102314382937], [0.02122770495633369, 0.04747460126553473, 0.9107022337776339, 0.020595459900497593], [0.033094116195137545, 0.020391302144788473, 0.013276400669416776, 0.9332381808906572], [0.008405892741234695, 0.017798315062716234, 0.9500160853370567, 0.023779706758992335], [0.03296885174456466, 0.016323430005967976, 0.02064396010568791, 0.9300637580437795], [0.033683016328224, 0.6661431081014662, 0.2824042987883088, 0.017769576682001003], [0.026563401750345907, 0.8938287888620627, 0.018716462143892394, 0.06089134714369896], [0.022324226910591025, 0.046173010129955935, 0.9139616369540678, 0.017541125905385202], [0.05627426419827611, 0.0287454664882666, 0.01758282465259355, 0.8973974445608637], [0.012097407439179596, 0.00739976373797233, 0.9473206178318245, 0.03318221089102354], [0.023990365435486084, 0.008967998695601736, 0.03465103830253851, 0.9323905974663736], [0.0058398622673265285, 0.9227563397218276, 0.05812638779914235, 0.01327741011170358], [0.007360637553483633, 0.9494140615049317, 0.016480447500258625, 0.026744853341326043], [0.01010283927399208, 0.02923651244632559, 0.9392537534925385, 0.02140689468714382], [0.07501073897993456, 0.08700700816011955, 0.05937846354777965, 0.7786037892121662], [0.011288124629603517, 0.011744121602468844, 0.9191212459467432, 0.057846507721184416], [0.032167826803323314, 0.021264225876118988, 0.06012520000110427, 0.8864427472194534]], "ideal": "B", "sampled": "A", "correct": false}}
{"type": "result", "data": {"idx": 6, "options": ["the efficiency of controlled memory processes", "metamemory skills, or knowledge about memory", "recognition memory", "the amount of factual memory knowledge available"], "probs": [[0.9076431363025984, 0.04379400511225313, 0.04179184399132261, 0.006771014493825788], [0.9232534375590727, 0.03900580940018521, 0.022931378845023786, 0.014809374095718222], [0.8377389059007043, 0.13047949942645576, 0.02671957688111814, 0.005062017691721769], [0.8094253743281301, 0.14064011785351926, 0.0355613363413067, 0.014373171377043966], [0.8853117102992393, 0.054422560313547044, 0.050731155307577415, 0.009534573979636304], [0.834987315056648, 0.06642490408196676, 0.08529744763433057, 0.013290333127054667], [0.02912360216084575, 0.36905344973303256, 0.5456175156731528, 0.05620543233296896], [0.07353300655295002, 0.40394223033279636, 0.3402155662748908, 0.1823091967393628], [0.05412411226438242, 0.248391283567288, 0.5512842226891991, 0.1462003813791305], [0.10297134977911443, 0.15222241663404856, 0.1954675105972703, 0.5493387228895666], [0.05757415473568109, 0.07871143255190631, 0.6593142526167385, 0.2044001599956741], [0.08292286529650603, 0.08165618457270653, 0.27628572233238674, 0.5591352276984006], [0.032734460576684096, 0.9061856713065477, 0.04407385289849551, 0.017006015118272714], [0.030464777993691433, 0.8110653930280828, 0.11868349587636133, 0.039786333001864446], [0.24224822266968205, 0.08571406687153153, 0.5635640880757814, 0.10847362228300507], [0.298923060956965, 0.08432279221063692, 0.2440375216676834, 0.3727166250647147], [0.0977386903004261, 0.2941786337566546, 0.5584890821073916, 0.04959359373552776], [0.2173320336621328, 0.5638987975458255, 0.10932473755782791, 0.10944443113421373], [0.011710527166410935, 0.923353597711627, 0.05417817744720135, 0.010757697574760803], [0.009965185814669833, 0.9258734135608208, 0.05063283617421069, 0.013528564350298694], [0.20906525448449517, 0.1136828198600852, 0.5959390116004237, 0.08131291395499583], [0.23514013779374549, 0.10936486394012476, 0.15668183096624708, 0.49881316719988267], [0.0749777475298637, 0.38688558047951555, 0.504825707438578, 0.033310964452042756], [0.208005824425704, 0.5927172722009986, 0.08950008929370637, 0.10977681397959102]], "ideal": "A", "sampled": "A", "correct": true}}
{"type": "result", "data": {"idx": 7, "options": ["Parkinson's disease", "Vascular Dementia", "a right frontal lobe tumor", "Alzheimer's disease"], "probs": [[0.6054374069180248, 0.1155194508246215, 0.09429960092405627, 0.18474354123329742], [0.6530944619172204, 0.11890691767414817, 0.12462964842850097, 0.10336897188013046], [0.47379220565992397, 0.3926907318452773, 0.04582507347574116, 0.08769198891905754], [0.4850546175448017, 0.39575490246190553, 0.09701701957444697, 0.02217346031884574], [0.6833069552906611, 0.13877378868028117, 0.04948720128855258, 0.12843205464050517], [0.5962958775830349, 0.16813428259844593, 0.20609695669930028, 0.029472883019218826], [0.005894473460542969, 0.8957444095236893, 0.028133409920317688, 0.07022770699545008], [0.003965841356269913, 0.9333341629242827, 0.04611679417349464, 0.016583201445952687], [0.007006339843808878, 0.0577544465423495, 0.8692180693656297, 0.06602114414821195], [0.0011955260252605553, 0.015624526504565221, 0.007856534138080268, 0.9753234132320939], [0.00526077275760145, 0.05189836528106517, 0.9132456949350016, 0.029595166926331722], [0.004111951358337591, 0.016390896034150566, 0.0106657588793783, 0.9688313936281335], [0.006444194732645661, 0.9715977669774377, 0.009908210567553286, 0.012049827622363361], [0.003772749916632224, 0.9751865567655554, 0.014812057388031577, 0.006228635829780754], [0.04969996678518396, 0.06900779285723921, 0.8217382583269213, 0.0595539819306555], [0.007268602320803497, 0.01827380576362444, 0.0059794716973616095, 0.9684781201182104], [0.008391995419795307, 0.08087246540950094, 0.8979226222143072, 0.012812916856396541], [0.02676281084797057, 0.02916577035110152, 0.013564013574965535, 0.9305074051259624], [0.0027123846205341037, 0.9657808507714798, 0.019895248678695743, 0.01161151582929037], [0.0024491156962238884, 0.9579001815256536, 0.03203343849569644, 0.007617264182426015], [0.008698848650154311, 0.07398024642553701, 0.8878672354281951, 0.029453669396113588], [0.005637538519018741, 0.022472071992808686, 0.014853315163582702, 0.9570370742245898], [0.0049388960436121485, 0.07487764557436327, 0.9129884071195395, 0.007195051162485029], [0.012063556068684705, 0.05845957112706608, 0.027187324424644627, 0.9022895482796046]], "ideal": "A", "sampled": "A", "correct": true}}
{"type": "result", "data": {"idx": 8, "options": ["unethical, because the client's needs were not addressed more directly", "unethical, because the psychologist should have delayed the trip and given the client an appointment for that afternoon", "unethical, because the psychologist should have called a physician directly", "ethical, because it was not possible to determine whether or not the client was being manipulative"], "probs": [[0.9783727215160698, 0.01086702295599285, 0.0076460360911982175, 0.003114219336739121], [0.9313439803962535, 0.020730631597665836, 0.004019231568781214, 0.0439061563372994], [0.966521839299064, 0.02636249471801309, 0.003710293130746187, 0.003405372752176686], [0.9048658083890976, 0.08282862122638586, 0.003905247902943748, 0.008400322381572754], [0.8207577068838963, 0.0216951133327032, 0.0296511359212415, 0.127896043762159], [0.6507949680918353, 0.022094700143332976, 0.3074456664900925, 0.019664665174739197], [0.007938252267883236, 0.9695171055754529, 0.018760564839047443, 0.0037840772176163857], [0.008269624675938217, 0.9562787884002713, 0.011671319450576164, 0.023780267373214356], [0.09692294582900998, 0.2872132787065563, 0.5988697080700126, 0.016994067294421145], [0.06810896310166824, 0.12529518218874114, 0.024481171687089773, 0.7821146829225009], [0.0318666034274206, 0.0384523990308292, 0.5435560486849449, 0.38612494875680536], [0.0262029033665786, 0.03445530091426786, 0.2667934715537726, 0.6725483240653809], [0.035119097156357616, 0.9495753319528165, 0.010972647996750962, 0.0043329227940749285], [0.04188597962543968, 0.9389745031065088, 0.010274970941242405, 0.008864546226809138], [0.5971963845327289, 0.06700881395168434, 0.3197449958071185, 0.01604980560846823], [0.21410246031749178, 0.07171493714543076, 0.02070891096452727, 0.6934736914725502], [0.2922482788270526, 0.0699696242739326, 0.5907541512852239, 0.04702794551379086], [0.20498456669738152, 0.052645628972917184, 0.03562046320739212, 0.7067493410223091], [0.0012254852600031968, 0.953167935888105, 0.020572822984409652, 0.025033755767482187], [0.0014503646190229041, 0.9208296694060525, 0.07215131196941545, 0.00556865390550912], [0.0028152966567252893, 0.0606733452274405, 0.8185066031550801, 0.11800475486075418], [0.004694227347403873, 0.044200049245684665, 0.1404459402428233, 0.8106597830640881], [0.0038836876989051675, 0.5501652575893408, 0.43554161708323974, 0.010409437528514332], [0.011836560722786911, 0.2823870324612074, 0.026060095484979624, 0.679716311231026]], "ideal": "A", "sampled": "A", "correct": true}}
{"type": "result", "data": {"idx": 9, "options": ["clarify boundaries between family members in order to reduce enmeshment.", "work initially with the most differentiated family member.", "\"use a multiple-therapist team to prevent any one therapist from becoming \"\"triangulated\"\" into the family system.\"", "\"issue specific \"\"directives\"\" designed to counteract dysfunctional processes.\""], "probs": [[0.1697703932954955, 0.7257794846463456, 0.07837230185864409, 0.026077820099514787], [0.26986042617421613, 0.6172335961727441, 0.02714294477227838, 0.08576303278076138], [0.468511675012861, 0.3761968587552767, 0.13317796063942933, 0.022113505492432982], [0.4546491232268871, 0.2587770367138867, 0.055559989473032735, 0.23101385048619344], [0.674619995256777, 0.10916283346539432, 0.1576709054962013, 0.0585462656816274], [0.5387340984228233, 0.1043149122608786, 0.06329749014703845, 0.29365349906925964], [0.0050555167788151004, 0.9336957004101095, 0.051100121860120945, 0.010148660850954413], [0.006365265684443861, 0.9371894072688741, 0.024044928920320476, 0.032400398026361577], [0.0213227922746667, 0.41184660558095076, 0.5296040147221741, 0.037226587322208377], [0.03232894970011198, 0.2582419620220715, 0.03443685687289021, 0.6749922313049262], [0.029254019039521666, 0.0614362428913949, 0.8296090897862322, 0.07970064818285129], [0.037958023617272484, 0.040083257108020014, 0.18407303778748663, 0.7378856813872209], [0.01906141890513319, 0.9258861263826214, 0.040728674738283975, 0.014323779873961445], [0.02395614108097497, 0.8578605262676827, 0.03153078334072118, 0.08665254921062107], [0.05150759600092854, 0.21680088294656397, 0.6853447070719804, 0.0463468138805271], [0.07077077643665068, 0.06542040285148423, 0.026876534763335676, 0.8369322858485294], [0.05433007952779945, 0.06920041733585265, 0.5762594808897907, 0.3002100221465571], [0.06286773900283733, 0.060429547651359806, 0.0788922691142524, 0.7978104441315504], [0.02024941974207778, 0.8542915931875829, 0.09520984085184514, 0.03024914611849417], [0.023274248074879697, 0.8202758950094547, 0.032085264267728515, 0.12436459254793705], [0.03615838208078998, 0.22140879431964397, 0.6674342601652374, 0.07499856333432865], [0.05777501142117762, 0.14402424858488103, 0.08279893299708485, 0.7154018068968565], [0.04951677079928675, 0.11598056510428378, 0.5589352228718287, 0.27556744112460074], [0.04917250536507005, 0.10003504826592136, 0.09334574569315753, 0.7574467005758511]], "ideal": "A", "sampled": "A", "correct": true}}
{"type": "result", "data": {"idx": 10, "options": ["A true experiment", "A cross-sequential cohort design", "A natural experiment", "A cross-sectional cohort design"], "probs": [[0.09441358272145911, 0.10782864425722222, 0.7258668269623707, 0.07189094595894792], [0.17914356289502661, 0.16310803590573966, 0.362073719465288, 0.2956746816339457], [0.0372839248373078, 0.9394605159906774, 0.01239848617051883, 0.010857072901495986], [0.02427881358904333, 0.9549439534976079, 0.015440634460843757, 0.005336598352505061], [0.18896325212262782, 0.3421707800012009, 0.18039629130342114, 0.2884696764727501], [0.08171220705118967, 0.13160536629490507, 0.7816950638925084, 0.004987362661396833], [0.04709947779561134, 0.09079208054031501, 0.7971627620248805, 0.06494567953919314], [0.14235614986416906, 0.11261217452737185, 0.32602213109634287, 0.41900954441211624], [0.06882985191960216, 0.7878156597055824, 0.10501616838329537, 0.038338319891520076], [0.05697683836629164, 0.7162105972117263, 0.21182347369075913, 0.014989090631222899], [0.07865478535001494, 0.6690134143732505, 0.028059021400761126, 0.2242727787759734], [0.04326851035111529, 0.6822205374619297, 0.2472049595344245, 0.0273059925525305], [0.8005058775416901, 0.18426397583958945, 0.006406004537307475, 0.008824141981413], [0.8001743472294548, 0.18418897497853648, 0.00882075997258026, 0.0068159177194284755], [0.8429873427839373, 0.060584305582389884, 0.07482333341194246, 0.021605018121730366], [0.8034090471222077, 0.061945158668968436, 0.11575096089858941, 0.0188948332102344], [0.8995372962078945, 0.06618210155668809, 0.030305513290734925, 0.0039750888446825235], [0.8361695439134679, 0.09527993981809277, 0.045014739199751554, 0.023535776968687746], [0.31347444472824004, 0.16261351070686852, 0.05280916864425861, 0.4711028758206328], [0.03098256135017885, 0.07037148188123514, 0.8918883247241942, 0.006757631944391765], [0.13779416165634803, 0.6176089413737199, 0.034313684910319935, 0.2102832119596121], [0.11497362633204013, 0.5316811423144716, 0.30308676597928824, 0.050258465274200005], [0.08254390243052127, 0.8601835224224839, 0.053318473568480615, 0.0039541014785143035], [0.09897258932069729, 0.8550695823865059, 0.027496801840167832, 0.01846102635262899]], "ideal": "B", "sampled": "C", "correct": false}}
{"type": "result", "data": {"idx": 11, "options": ["recall of words", "verbal comprehension", "verbal learning", "production of speech"], "probs": [[0.015055312413617437, 0.006227536828353488, 0.0018845450380750549, 0.976832605619954], [0.0029109495148829444, 0.006983244307382273, 0.9890593860055201, 0.0010464200722146652], [0.012627604005314036, 0.004263203766372994, 0.0025061721546845695, 0.9806030199736284], [0.0031246843901040202, 0.006023215714934746, 0.9895792799498903, 0.0012728198450709285], [0.0006501294173025125, 0.9976298817305994, 0.0014313524909759442, 0.00028863626112213736], [0.0008147921193765919, 0.9968443529326914, 0.001879981489221662, 0.00046087335871034457], [0.007559210360473745, 0.00531886026773644, 0.004207502285360424, 0.9829144269864294], [0.0013485666607513389, 0.004634047090631176, 0.9929750316091174, 0.0010423545395001309], [0.0041662226728109274, 0.0030009913377617423, 0.004231979627633357, 0.988600806261794], [0.0015282678649760834, 0.004353754821804411, 0.9930916267522863, 0.0010263504609331919], [0.00045698060518744454, 0.9966541588654856, 0.0023945708938255964, 0.0004942895355013732], [0.000494329248765629, 0.9970965779092215, 0.0019552735214913818, 0.00045381922052154986], [0.0016699646036178683, 0.005967121037203507, 0.011591937286713483, 0.9807709769724652], [0.0006563547169076893, 0.006424880686147963, 0.9916131054079588, 0.001305659088985618], [0.0009123317560321637, 0.0042186547665684585, 0.00943267917524607, 0.9854363342021533], [0.0006214263851159987, 0.006083084376639266, 0.9916448929455457, 0.001650596192699062], [0.0002786908215720261, 0.9942928852514856, 0.004462968890800755, 0.0009654549361415756], [0.00023864414279283405, 0.995407797704973, 0.0034526273514072065, 0.0009009307008269923], [0.9984347533495406, 0.0009033575510968202, 0.00043343888165614264, 0.0002284501177065063], [0.9981544454226399, 0.0010394592370396626, 0.000379423517487334, 0.0004266717228331605], [0.998460303148504, 0.001015699479063804, 0.00026913968309807794, 0.00025485758933408044], [0.9986137599368461, 0.0009249505130224419, 0.00020639026395931587, 0.00025489918617217495], [0.9980465871884043, 0.0009917618702096852, 0.00042655330690462675, 0.000535097534481354], [0.9985376726228434, 0.0007849407722927094, 0.0003885758565582266, 0.00028881064830562465]], "ideal": "D", "sampled": "D", "correct": true}}
{"type": "result", "data": {"idx": 12, "options": ["the child\u2019s intelligence.", "the child\u2019s \u201cbasic personality.\u201d", "the strength of the parent-child attachment.", "the parents\u2019 childrearing behaviors"], "probs": [[0.000376169240447164, 0.0067718674635013736, 0.8535060077755143, 0.1393459554205371], [0.0010465866575443685, 0.013467408616559678, 0.9446237613071312, 0.04086224331876476], [0.0025562956578608262, 0.2162252862698422, 0.01164071847121016, 0.7695776995010868], [0.0011256278582270636, 0.5741590665766629, 0.4137726585969319, 0.010942646868178078], [0.0008162255968311857, 0.9237576708732553, 0.00949185526384953, 0.0659342481660639], [0.00045699880092660224, 0.9437509911020064, 0.05120965216196802, 0.004582357835098892], [0.0007077628015640843, 0.0035391814145865072, 0.8938855781848821, 0.10186747749896732], [0.0025255816328640045, 0.007424865518385016, 0.9502113634025484, 0.03983818934620252], [0.0017015058116285448, 0.9025206358707389, 0.00349406889794606, 0.09228378931968644], [0.0008652184383634937, 0.8845054261302487, 0.11248628482358056, 0.0021430705078072307], [0.0014630156527224542, 0.9657577518456241, 0.0038273835981265346, 0.028951848803526973], [0.0007059228943967793, 0.9635221346007651, 0.034560922475501424, 0.00121101992933673], [0.44738034576048386, 0.0031610122771644337, 0.008656625860795403, 0.5408020160015563], [0.7578299355008791, 0.0042030311462711, 0.22408191012276527, 0.013885123130084583], [0.5466359960107704, 0.00890602468146965, 0.004479311493769827, 0.43997866771399013], [0.4382017313566744, 0.008820066346734682, 0.5456653906531239, 0.007312811543467045], [0.9464207103385961, 0.041254785562507675, 0.003606082322733649, 0.008718421676162573], [0.95912544257305, 0.028960290794377244, 0.006879859484717138, 0.005034407047855578], [0.1001382119884387, 0.008755013541486358, 0.016610950601174707, 0.8744958237689002], [0.10307778394102063, 0.01581647315340477, 0.8637308430008499, 0.01737489980472475], [0.1321447050730002, 0.022088331575861035, 0.008652064013696803, 0.837114899237442], [0.026896539947604114, 0.019683595653128355, 0.9487059667283703, 0.00471389757089723], [0.2438369768606065, 0.7395673176499261, 0.005184731759246665, 0.01141097363022071], [0.2325320851810247, 0.7507673770357791, 0.012234193630304936, 0.0044663440528912605]], "ideal": "D", "sampled": "C", "correct": false}}
{"type": "result", "data": {"idx": 13, "options": ["is nonresponsive to visual or auditory stimuli and seems to be in a state of deep sleep.", "is confused and incoherent, may exhibit bizarre behavior, and is unable to care for him/herself.", "is alert and oriented and can remember and integrate remote and recent events but may have some impairment in judgment, planning, and abstract reasoning.", "is functioning at an intellectual level that is superior for his/her age, education, and demographic background."], "probs": [[0.5389175970394102, 0.35894325104533953, 0.08660770142249666, 0.015531450392753556], [0.4045232786818271, 0.42388218163317054, 0.02731239392358682, 0.1442821456614156], [0.36225199212110687, 0.36219730485576196, 0.25292127084826754, 0.02262943207486361], [0.19864929238413495, 0.41397986891398725, 0.027308259868714095, 0.36006257873316366], [0.04300473890383701, 0.03885143893583498, 0.8116574074946731, 0.10648641456565494], [0.15146658692435042, 0.04840915823802272, 0.4890709914531212, 0.31105326328450567], [0.7742385178471055, 0.04333536688097477, 0.17275415320862653, 0.009671961963293231], [0.5377109726384648, 0.07867127773379272, 0.019583896092362267, 0.3640338534353802], [0.8347685688660785, 0.11120500932919848, 0.038735230193975304, 0.015291191510747638], [0.8246552421105064, 0.12644357177266882, 0.010626062076805918, 0.03827512394001876], [0.4199226984726969, 0.04289161674159512, 0.038149922087514644, 0.4990357625981933], [0.7383886515302872, 0.03168690807016238, 0.20504485068049452, 0.024879589619055915], [0.9151670880715662, 0.05452261834126894, 0.018697481496080276, 0.011612811991084564], [0.9092358586004446, 0.04251765663589751, 0.005039448184224167, 0.04320703647943365], [0.9054854806463849, 0.07316115736289405, 0.010216798965345084, 0.011136562925375926], [0.9100313585540007, 0.06800279764740447, 0.0067869623161287305, 0.015178881382466054], [0.9315239224825744, 0.027689224209435086, 0.007112069081221356, 0.03367478412676913], [0.9575207743800614, 0.0269473136785506, 0.007310575274531327, 0.008221336566856637], [0.009317956725053662, 0.12466972134252838, 0.6955105558011226, 0.1705017660312953], [0.005102298872933268, 0.05528470196972269, 0.9281104888225217, 0.011502510234822355], [0.004066760868942829, 0.7280392797992141, 0.020018939568297884, 0.24787501966354514], [0.0016309349783663134, 0.7813741408188232, 0.2136728883760672, 0.0033220357267432477], [0.000968587355667794, 0.9900885859308506, 0.006672087215700494, 0.0022707393977811664], [0.0007327509806576641, 0.9922776216038491, 0.006184435911343625, 0.0008051914041495165]], "ideal": "B", "sampled": "C", "correct": false}}
{"type": "result", "data": {"idx": 14, "options": ["decline the request to testify.", "agree to testify only if she obtains consent from both parents.", "agree to testify only if she can evaluate all of the involved parties.", "agree to testify only if her familiarity with the child won''t bias her testimony."], "probs": [[0.15277741392582506, 0.4973423928317071, 0.09497119202346019, 0.25490900111900766], [0.0921940190216716, 0.41990949917279424, 0.4475501691931312, 0.040346312512402976], [0.15893729927525135, 0.22777528210033804, 0.11283873345175263, 0.5004486850726579], [0.09503703455669989, 0.2584160143306533, 0.6015890643464564, 0.04495788666619037], [0.017935523761505437, 0.9349139927882835, 0.03054244443468799, 0.016608038915523073], [0.015896013742495455, 0.9535978952647821, 0.021580225189761937, 0.008925865702960454], [0.09683529142312494, 0.7048353447084812, 0.06357724124187379, 0.13475212252652005], [0.06818823316773995, 0.6574461986029337, 0.24590129137142339, 0.028464276757902907], [0.1196211966696148, 0.08551336206405598, 0.5004006698286911, 0.2944647713376381], [0.16167331266733673, 0.10940542908972616, 0.09734386369543196, 0.6315773944475052], [0.08536642725384089, 0.20323178018659718, 0.6464015196630555, 0.0650002727965065], [0.15766677258822198, 0.20890030262765427, 0.07278460263478087, 0.5606483220493429], [0.05264067374836767, 0.6570450189247268, 0.07975030093122543, 0.21056400629568006], [0.026417515578812983, 0.7087636430874185, 0.24516267524079574, 0.01965616599297286], [0.06891879567540764, 0.1003213062494832, 0.4982890040713849, 0.3324708939037243], [0.10023860781738039, 0.1402953287862811, 0.13817757572606626, 0.6212884875702722], [0.03699352646984558, 0.37663874587582297, 0.5399245103642514, 0.046443217190080016], [0.07920000841421725, 0.3606376752609367, 0.06570272136225531, 0.4944595948625907], [0.3422080716308307, 0.5554326999740672, 0.054166546443022746, 0.048192681852079325], [0.3781344507673488, 0.5675604215987107, 0.03228602113357634, 0.02201910640036423], [0.3497324754936029, 0.08437583258234291, 0.5092129953432822, 0.05667869648077189], [0.4145121814872803, 0.07786706912132793, 0.05147997220821207, 0.4561407770831797], [0.3452931796545135, 0.08137166117979448, 0.5186763041101118, 0.05465885495558017], [0.38270539469213416, 0.07653108323938729, 0.04828389414979358, 0.492479627818685]], "ideal": "A", "sampled": "A", "correct": true}}
{"type": "result", "data": {"idx": 15, "options": ["goals serve 2 purposes: they are a basis for motivation and they direct behaviors", "goal attainment is maximized when goals are specific and highly difficult", "goal attainment is maximized when frequent feedback is given", "worker participation in goal-setting is also good"], "probs": [[0.11778868733658691, 0.3489836454042496, 0.3718183636293526, 0.16140930352981092], [0.07429400443244585, 0.23067201958745595, 0.5325018485288318, 0.16253212735126643], [0.06776204906507365, 0.7229677057427712, 0.12866366291737374, 0.0806065821747813], [0.07405030229860897, 0.6010174356141071, 0.2885216869002217, 0.03641057508706222], [0.042593644092845495, 0.6875494878485889, 0.1583372850120657, 0.11151958294649984], [0.04653950728152764, 0.6947611492017907, 0.22213786589959053, 0.03656147751709121], [0.17299089865092446, 0.08367404839597145, 0.5631601549515324, 0.18017489790157165], [0.12483252210657757, 0.07632329541645042, 0.5597539710365459, 0.23909021134042613], [0.22981572114191276, 0.5385158998530902, 0.053744107157763614, 0.17792427174723335], [0.19445120593064838, 0.4348526178736456, 0.3441479942813135, 0.02654818181439248], [0.09762194152126925, 0.646685550247814, 0.04540816761707423, 0.21028434051384248], [0.09379719057043413, 0.5613679205606104, 0.32500263561034665, 0.019832253158608894], [0.5100295505160461, 0.07821146339728534, 0.2447303962110347, 0.16702858977563373], [0.43494196101615207, 0.0869915676405622, 0.4086788144046123, 0.06938765683867343], [0.5070373083834039, 0.25687740590195424, 0.04789137344506999, 0.18819391216957188], [0.43132221767136425, 0.22729748603906766, 0.3156641646815299, 0.025716131508038143], [0.4043851822537006, 0.4371823998638588, 0.06601358253603848, 0.0924188352464021], [0.45255916096166854, 0.3810877948671285, 0.148098325547043, 0.01825471852415995], [0.26790778828311906, 0.07267544147109507, 0.28083564782181714, 0.3785811223239687], [0.33740014803610974, 0.09442858579236205, 0.4542031911036242, 0.113968074967904], [0.24822648617448223, 0.28567077855380385, 0.042795865448133213, 0.4233068697235807], [0.23369863355721374, 0.33220343530897267, 0.40092464388229987, 0.033173287151513735], [0.291686950998318, 0.562167761559567, 0.048368442618597955, 0.097776844723517], [0.2989747590788566, 0.5945773853045097, 0.08702295467183636, 0.019424900844797387]], "ideal": "B", "sampled": "C", "correct": false}}
