{"type": "result", "data": {"idx": 0, "options": ["0", "4", "2", "6"], "observed": [[0.0, 0.0, 0.02999999999997, 0.96999999999903], [0.03999999999996, 0.0, 0.95999999999904, 0.0], [0.02999999999997, 0.17999999999982, 0.0, 0.78999999999921], [0.24242424242399754, 0.0, 0.7575757575749923, 0.0]], "ideal": "B", "sampled": "D", "correct": false}}
{"type": "result", "data": {"idx": 1, "options": ["8", "2", "24", "120"], "observed": [[0.08536585365843248, 0.03658536585361392, 0.8536585365843248, 0.024390243902409278], [0.06493506493498061, 0.23376623376593017, 0.532467532466841, 0.16883116883094956], [0.2238805970145912, 0.6119402985065493, 0.1492537313430608, 0.01492537313430608], [0.09756097560963711, 0.024390243902409278, 0.012195121951204639, 0.8658536585355294]], "ideal": "C", "sampled": "C", "correct": true}}
{"type": "result", "data": {"idx": 2, "options": ["0", "1", "0,1", "0,4"], "observed": [[0.03409090909087035, 0.01136363636362345, 0.227272727272469, 0.7272727272719008], [0.021276595744658216, 0.09574468085096197, 0.7978723404246831, 0.08510638297863286], [0.1276595744679493, 0.8510638297863287, 0.021276595744658216, 0.0], [0.7052631578939944, 0.11578947368408864, 0.0, 0.17894736842086426]], "ideal": "D", "sampled": "D", "correct": true}}
{"type": "result", "data": {"idx": 3, "options": ["True, True", "False, False", "True, False", "False, True"], "observed": [[0.00999999999999, 0.0, 0.8999999999991, 0.08999999999991], [0.02999999999997, 0.07999999999992, 0.82999999999917, 0.05999999999994], [0.08247422680403868, 0.7113402061848336, 0.09278350515454352, 0.1134020618555532], [0.13999999999986, 0.05999999999994, 0.4999999999995, 0.2999999999997]], "ideal": "B", "sampled": "D", "correct": false}}
{"type": "result", "data": {"idx": 4, "options": ["2x^2 + 5", "6x^2 + 4x + 6", "0", "x^2 + 1"], "observed": [[0.0, 0.98999999999901, 0.00999999999999, 0.0], [0.8265306122440546, 0.051020408163213245, 0.10204081632642649, 0.020408163265285297], [0.0, 0.0, 0.11111111111099888, 0.888888888887991], [0.0, 0.0, 0.989795918366337, 0.010204081632642649]], "ideal": "B", "sampled": "B", "correct": true}}
{"type": "result", "data": {"idx": 5, "options": ["True, True", "False, False", "True, False", "False, True"], "observed": [[0.010101010100999898, 0.0, 0.8585858585849913, 0.13131313131299868], [0.16161616161599837, 0.27272727272699726, 0.5252525252519947, 0.04040404040399959], [0.15999999999984, 0.72999999999927, 0.05999999999994, 0.04999999999995], [0.2631578947365651, 0.05263157894731302, 0.557894736841518, 0.12631578947355124]], "ideal": "A", "sampled": "D", "correct": false}}
{"type": "result", "data": {"idx": 6, "options": ["True, True", "False, False", "True, False", "False, True"], "observed": [[0.06999999999993, 0.02999999999997, 0.75999999999924, 0.13999999999986], [0.07999999999992, 0.12999999999987, 0.76999999999923, 0.01999999999998], [0.06999999999993, 0.8999999999991, 0.01999999999998, 0.00999999999999], [0.34999999999965, 0.1999999999998, 0.12999999999987, 0.31999999999968]], "ideal": "A", "sampled": "D", "correct": false}}
{"type": "result", "data": {"idx": 7, "options": ["True, True", "False, False", "True, False", "False, True"], "observed": [[0.04040404040399959, 0.0, 0.8484848484839914, 0.11111111111099888], [0.3999999999995789, 0.15789473684193905, 0.42105263157850414, 0.02105263157892521], [0.24742268041211604, 0.7113402061848336, 0.010309278350504835, 0.030927835051514505], [0.23711340206161122, 0.05154639175252418, 0.6082474226797853, 0.10309278350504836]], "ideal": "D", "sampled": "D", "correct": true}}
{"type": "result", "data": {"idx": 8, "options": ["0", "4", "2", "6"], "observed": [[0.0, 0.03999999999996, 0.73999999999926, 0.21999999999977998], [0.5408163265300604, 0.0, 0.4591836734689192, 0.0], [0.04040404040399959, 0.010101010100999898, 0.0, 0.9494949494939904], [0.14736842105247644, 0.0, 0.8421052631570083, 0.010526315789462604]], "ideal": "B", "sampled": "B", "correct": true}}
{"type": "result", "data": {"idx": 9, "options": ["1", "2", "2,3", "6"], "observed": [[0.13414634146325105, 0.23170731707288816, 0.609756097560232, 0.024390243902409278], [0.13253012048176804, 0.5301204819270722, 0.2650602409635361, 0.07228915662641892], [0.4565217391294423, 0.2608695652168242, 0.1304347826084121, 0.15217391304314745], [0.08695652173903591, 0.11956521739117439, 0.489130434782077, 0.3043478260866257]], "ideal": "C", "sampled": "C", "correct": true}}
{"type": "result", "data": {"idx": 10, "options": ["True, True", "False, False", "True, False", "False, True"], "observed": [[0.05999999999994, 0.00999999999999, 0.84999999999915, 0.07999999999992], [0.12999999999987, 0.25999999999974, 0.50999999999949, 0.0999999999999], [0.27272727272699726, 0.4343434343429956, 0.27272727272699726, 0.020202020201999796], [0.42708333333288845, 0.1458333333331814, 0.1979166666664605, 0.22916666666642796]], "ideal": "C", "sampled": "C", "correct": true}}
{"type": "result", "data": {"idx": 11, "options": ["symmetric only", "anti-symmetric only", "both symmetric and anti-symmetric", "an equivalence relation"], "observed": [[0.25999999999974, 0.63999999999936, 0.0999999999999, 0.0], [0.46999999999953, 0.22999999999977, 0.03999999999996, 0.25999999999974], [0.06999999999993, 0.03999999999996, 0.56999999999943, 0.31999999999968], [0.04999999999995, 0.46999999999953, 0.31999999999968, 0.15999999999984]], "ideal": "C", "sampled": "B", "correct": false}}
{"type": "result", "data": {"idx": 12, "options": ["1", "2", "5", "11"], "observed": [[0.010204081632642649, 0.08163265306114119, 0.8877551020399105, 0.020408163265285297], [0.27999999999972, 0.63999999999936, 0.07999999999992, 0.0], [0.7835051546383675, 0.05154639175252418, 0.030927835051514505, 0.13402061855656286], [0.18999999999981, 0.04999999999995, 0.54999999999945, 0.20999999999979]], "ideal": "A", "sampled": "C", "correct": false}}
{"type": "result", "data": {"idx": 13, "options": ["(x \u2212 2)(x + 2)(x \u2212 1)", "(x + 1)(x + 4)(x \u2212 2)", "(x + 1)(x \u2212 4)(x \u2212 2)", "(x - 1)(x \u2212 4)(x \u2212 2)"], "observed": [[0.010204081632642649, 0.40816326530570596, 0.46938775510156183, 0.11224489795906914], [0.40999999999958997, 0.05999999999994, 0.50999999999949, 0.01999999999998], [0.29896907216464025, 0.3402061855666596, 0.36082474226766925, 0.0], [0.34343434343399654, 0.24242424242399754, 0.34343434343399654, 0.07070707070699929]], "ideal": "C", "sampled": "D", "correct": false}}
{"type": "result", "data": {"idx": 14, "options": ["6", "12", "30", "105"], "observed": [[0.020408163265285297, 0.09183673469378384, 0.4999999999994898, 0.38775510204042063], [0.061224489795855895, 0.3367346938772074, 0.6020408163259163, 0.0], [0.030612244897927948, 0.9693877551010516, 0.0, 0.0], [0.8585858585849913, 0.0, 0.04040404040399959, 0.10101010100999898]], "ideal": "C", "sampled": "D", "correct": false}}
{"type": "result", "data": {"idx": 15, "options": ["True, True", "False, False", "True, False", "False, True"], "observed": [[0.03999999999996, 0.01999999999998, 0.84999999999915, 0.08999999999991], [0.16326530612228238, 0.22448979591813828, 0.5816326530606309, 0.030612244897927948], [0.3333333333329861, 0.41666666666623264, 0.17708333333314888, 0.0729166666665907], [0.07999999999992, 0.08999999999991, 0.43999999999955997, 0.38999999999961]], "ideal": "B", "sampled": "C", "correct": false}}
{"type": "result", "data": {"idx": 16, "options": ["1", "-1", "i", "-i"], "observed": [[0.00999999999999, 0.00999999999999, 0.57999999999942, 0.3999999999996], [0.02061855670100967, 0.3092783505151451, 0.6701030927828143, 0.0], [0.5408163265300604, 0.4183673469383486, 0.030612244897927948, 0.010204081632642649], [0.21212121212099785, 0.07070707070699929, 0.11111111111099888, 0.6060606060599939]], "ideal": "C", "sampled": "C", "correct": true}}
{"type": "result", "data": {"idx": 17, "options": ["(1,1)", "(3,1)", "(1,6)", "(3,6)"], "observed": [[0.0454545454544938, 0.07954545454536416, 0.37499999999957384, 0.4999999999994318], [0.021978021977997825, 0.3186813186809685, 0.6483516483509358, 0.010989010988998913], [0.1348314606740058, 0.6404494382015276, 0.14606741573017296, 0.07865168539317005], [0.4772727272721849, 0.1136363636362345, 0.23863636363609245, 0.17045454545435176]], "ideal": "C", "sampled": "D", "correct": false}}
{"type": "result", "data": {"idx": 18, "options": ["multiplication is not a binary operation", "multiplication is not associative", "identity element does not exist", "zero has no inverse"], "observed": [[0.0, 0.08999999999991, 0.10999999999988999, 0.7999999999992], [0.17999999999982, 0.05999999999994, 0.53999999999946, 0.21999999999977998], [0.0, 0.14999999999985, 0.0, 0.84999999999915], [0.47999999999952, 0.02999999999997, 0.20999999999979, 0.27999999999972]], "ideal": "D", "sampled": "D", "correct": true}}
{"type": "result", "data": {"idx": 19, "options": ["True, True", "False, False", "True, False", "False, True"], "observed": [[0.12999999999987, 0.01999999999998, 0.70999999999929, 0.13999999999986], [0.18999999999981, 0.16999999999983, 0.55999999999944, 0.07999999999992], [0.2268041237111064, 0.4948453608242321, 0.1134020618555532, 0.16494845360807736], [0.2659574468082277, 0.10638297872329108, 0.489361702127139, 0.1382978723402784]], "ideal": "A", "sampled": "D", "correct": false}}
{"type": "result", "data": {"idx": 20, "options": ["True, True", "False, False", "True, False", "False, True"], "observed": [[0.01999999999998, 0.0, 0.84999999999915, 0.12999999999987], [0.15999999999984, 0.05999999999994, 0.77999999999922, 0.0], [0.11999999999988, 0.73999999999926, 0.02999999999997, 0.10999999999988999], [0.12999999999987, 0.03999999999996, 0.75999999999924, 0.06999999999993]], "ideal": "A", "sampled": "D", "correct": false}}
{"type": "result", "data": {"idx": 21, "options": ["2x^2 + 5", "6x^2 + 4x + 6", "0", "x^2 + 1"], "observed": [[0.0, 0.97999999999902, 0.00999999999999, 0.00999999999999], [0.7471264367807504, 0.045977011494200026, 0.17241379310325008, 0.03448275862065002], [0.0, 0.021505376344062896, 0.09677419354828304, 0.8817204301065787], [0.0, 0.03614457831320946, 0.9638554216855857, 0.0]], "ideal": "A", "sampled": "B", "correct": false}}
{"type": "result", "data": {"idx": 22, "options": ["True, True", "False, False", "True, False", "False, True"], "observed": [[0.0, 0.0, 0.96999999999903, 0.02999999999997], [0.02999999999997, 0.15999999999984, 0.7999999999992, 0.00999999999999], [0.05999999999994, 0.88999999999911, 0.01999999999998, 0.02999999999997], [0.10204081632642649, 0.051020408163213245, 0.6326530612238442, 0.21428571428549562]], "ideal": "D", "sampled": "D", "correct": true}}
{"type": "result", "data": {"idx": 23, "options": ["semi group with identity", "commutative semigroups with identity", "group", "abelian group"], "observed": [[0.0, 0.0, 0.46999999999953, 0.52999999999947], [0.0, 0.12999999999987, 0.86999999999913, 0.0], [0.08999999999991, 0.90999999999909, 0.0, 0.0], [0.02999999999997, 0.0, 0.0, 0.96999999999903]], "ideal": "D", "sampled": "D", "correct": true}}
{"type": "result", "data": {"idx": 24, "options": ["True, True", "False, False", "True, False", "False, True"], "observed": [[0.12371134020605802, 0.030927835051514505, 0.7731958762878627, 0.07216494845353386], [0.3684210526311911, 0.4421052631574294, 0.16842105263140167, 0.02105263157892521], [0.18749999999980468, 0.7812499999991862, 0.031249999999967446, 0.0], [0.5263157894731302, 0.12631578947355124, 0.08421052631570083, 0.2631578947365651]], "ideal": "B", "sampled": "C", "correct": false}}
{"type": "result", "data": {"idx": 25, "options": ["subgroup", "finite abelian group", "infinite, non abelian group", "ininite, abelian"], "observed": [[0.16999999999983, 0.02999999999997, 0.71999999999928, 0.07999999999992], [0.05999999999994, 0.75999999999924, 0.17999999999982, 0.0], [0.95999999999904, 0.03999999999996, 0.0, 0.0], [0.01999999999998, 0.01999999999998, 0.0999999999999, 0.85999999999914]], "ideal": "C", "sampled": "C", "correct": true}}
{"type": "result", "data": {"idx": 26, "options": ["True, True", "False, False", "True, False", "False, True"], "observed": [[0.07999999999992, 0.0, 0.84999999999915, 0.06999999999993], [0.3548387096770378, 0.19354838709656608, 0.4408602150532894, 0.010752688172031448], [0.454545454544938, 0.48863636363580837, 0.01136363636362345, 0.0454545454544938], [0.4516129032253208, 0.021505376344062896, 0.05376344086015724, 0.47311827956938374]], "ideal": "C", "sampled": "C", "correct": true}}
{"type": "result", "data": {"idx": 27, "options": ["Yes, with p=2.", "Yes, with p=3.", "Yes, with p=5.", "No."], "observed": [[0.17171717171699827, 0.23232323232299765, 0.24242424242399754, 0.35353535353499643], [0.01999999999998, 0.00999999999999, 0.95999999999904, 0.00999999999999], [0.00999999999999, 0.83999999999916, 0.13999999999986, 0.00999999999999], [0.22999999999977, 0.3999999999996, 0.32999999999967, 0.03999999999996]], "ideal": "B", "sampled": "D", "correct": false}}
{"type": "result", "data": {"idx": 28, "options": ["True, True", "False, False", "True, False", "False, True"], "observed": [[0.06999999999993, 0.0, 0.85999999999914, 0.06999999999993], [0.14285714285699708, 0.612244897958559, 0.19387755102021031, 0.051020408163213245], [0.10204081632642649, 0.8163265306114119, 0.061224489795855895, 0.020408163265285297], [0.36734693877513536, 0.08163265306114119, 0.2653061224487089, 0.28571428571399415]], "ideal": "D", "sampled": "C", "correct": false}}
{"type": "result", "data": {"idx": 29, "options": ["True, True", "False, False", "True, False", "False, True"], "observed": [[0.12999999999987, 0.0, 0.84999999999915, 0.01999999999998], [0.02999999999997, 0.07999999999992, 0.51999999999948, 0.36999999999963], [0.08999999999991, 0.23999999999976, 0.64999999999935, 0.01999999999998], [0.41999999999958, 0.20999999999979, 0.15999999999984, 0.20999999999979]], "ideal": "A", "sampled": "A", "correct": true}}
{"type": "result", "data": {"idx": 30, "options": ["True, True", "False, False", "True, False", "False, True"], "observed": [[0.05050505050499949, 0.0, 0.888888888887991, 0.060606060605999386], [0.010204081632642649, 0.040816326530570594, 0.6938775510197002, 0.25510204081606624], [0.04999999999995, 0.88999999999911, 0.04999999999995, 0.00999999999999], [0.2553191489358986, 0.19148936170192393, 0.03191489361698732, 0.5212765957441263]], "ideal": "B", "sampled": "D", "correct": false}}
{"type": "result", "data": {"idx": 31, "options": ["commutative semi group", "abelian group", "non-abelian group", "None of these"], "observed": [[0.00999999999999, 0.95999999999904, 0.02999999999997, 0.0], [0.93999999999906, 0.04999999999995, 0.0, 0.00999999999999], [0.0999999999999, 0.0, 0.00999999999999, 0.88999999999911], [0.0, 0.0, 0.97999999999902, 0.01999999999998]], "ideal": "B", "sampled": "B", "correct": true}}
{"type": "result", "data": {"idx": 32, "options": ["True, True", "False, False", "True, False", "False, True"], "observed": [[0.030303030302999693, 0.0, 0.9494949494939904, 0.020202020201999796], [0.11999999999988, 0.02999999999997, 0.80999999999919, 0.03999999999996], [0.15306122448963974, 0.377551020407778, 0.46938775510156183, 0.0], [0.31111111111076545, 0.2222222222219753, 0.3555555555551605, 0.11111111111098765]], "ideal": "A", "sampled": "D", "correct": false}}
{"type": "result", "data": {"idx": 33, "options": ["g = g^-1 for every g in G", "g = g^2 for every g in G", "(g o h)^2 = g^2 o h^2 for every g,h in G", "G is of finite order"], "observed": [[0.7959183673461266, 0.0, 0.20408163265285298, 0.0], [0.32999999999967, 0.66999999999933, 0.0, 0.0], [0.98999999999901, 0.0, 0.00999999999999, 0.0], [0.03999999999996, 0.90999999999909, 0.0, 0.04999999999995]], "ideal": "C", "sampled": "C", "correct": true}}
{"type": "result", "data": {"idx": 34, "options": ["True, True", "False, False", "True, False", "False, True"], "observed": [[0.01999999999998, 0.0, 0.95999999999904, 0.01999999999998], [0.20202020201999796, 0.33333333333299664, 0.4646464646459953, 0.0], [0.17171717171699827, 0.8181818181809917, 0.010101010100999898, 0.0], [0.3020833333330187, 0.04166666666662326, 0.5104166666661349, 0.1458333333331814]], "ideal": "A", "sampled": "C", "correct": false}}
{"type": "result", "data": {"idx": 35, "options": ["0", "4", "2", "6"], "observed": [[0.0, 0.05999999999994, 0.02999999999997, 0.90999999999909], [0.21999999999977998, 0.0, 0.77999999999922, 0.0], [0.03999999999996, 0.28999999999971, 0.0, 0.66999999999933], [0.14999999999985, 0.0, 0.84999999999915, 0.0]], "ideal": "B", "sampled": "D", "correct": false}}
{"type": "result", "data": {"idx": 36, "options": ["0", "1", "11", "22"], "observed": [[0.04040404040399959, 0.010101010100999898, 0.4848484848479951, 0.4646464646459953], [0.04999999999995, 0.13999999999986, 0.67999999999932, 0.12999999999987], [0.23999999999976, 0.43999999999955997, 0.31999999999968, 0.0], [0.42105263157850414, 0.2421052631576399, 0.03157894736838781, 0.3052631578944155]], "ideal": "D", "sampled": "D", "correct": true}}
{"type": "result", "data": {"idx": 37, "options": ["Yes, with p=2.", "Yes, with p=3.", "Yes, with p=5.", "No."], "observed": [[0.07999999999992, 0.21999999999977998, 0.55999999999944, 0.13999999999986], [0.04999999999995, 0.05999999999994, 0.8799999999991199, 0.00999999999999], [0.01999999999998, 0.66999999999933, 0.24999999999975, 0.05999999999994], [0.02999999999997, 0.20999999999979, 0.71999999999928, 0.03999999999996]], "ideal": "B", "sampled": "D", "correct": false}}
{"type": "result", "data": {"idx": 38, "options": ["1", "2", "3", "4"], "observed": [[0.23999999999976, 0.16999999999983, 0.58999999999941, 0.0], [0.5999999999994, 0.21999999999977998, 0.15999999999984, 0.01999999999998], [0.72999999999927, 0.03999999999996, 0.11999999999988, 0.10999999999988999], [0.16999999999983, 0.0, 0.7499999999992499, 0.07999999999992]], "ideal": "C", "sampled": "B", "correct": false}}
{"type": "result", "data": {"idx": 39, "options": ["True, True", "False, False", "True, False", "False, True"], "observed": [[0.05050505050499949, 0.030303030302999693, 0.8686868686859912, 0.05050505050499949], [0.08999999999991, 0.2999999999997, 0.54999999999945, 0.05999999999994], [0.07999999999992, 0.90999999999909, 0.00999999999999, 0.0], [0.43999999999955997, 0.03999999999996, 0.32999999999967, 0.18999999999981]], "ideal": "D", "sampled": "D", "correct": true}}
{"type": "result", "data": {"idx": 40, "options": ["0", "1", "-1", "12"], "observed": [[0.34999999999965, 0.35999999999964, 0.28999999999971, 0.0], [0.27999999999972, 0.3999999999996, 0.12999999999987, 0.18999999999981], [0.2999999999997, 0.08999999999991, 0.52999999999947, 0.07999999999992], [0.00999999999999, 0.40999999999958997, 0.56999999999943, 0.00999999999999]], "ideal": "C", "sampled": "A", "correct": false}}
{"type": "result", "data": {"idx": 41, "options": ["0", "3", "12", "30"], "observed": [[0.16161616161599837, 0.4646464646459953, 0.32323232323199674, 0.05050505050499949], [0.42999999999957, 0.37999999999962, 0.18999999999981, 0.0], [0.5757575757569942, 0.20202020201999796, 0.04040404040399959, 0.18181818181799816], [0.11999999999988, 0.02999999999997, 0.7999999999992, 0.04999999999995]], "ideal": "A", "sampled": "B", "correct": false}}
{"type": "result", "data": {"idx": 42, "options": ["True, True", "False, False", "True, False", "False, True"], "observed": [[0.18749999999980468, 0.031249999999967446, 0.7812499999991862, 0.0], [0.20408163265285298, 0.07142857142849854, 0.6734693877544148, 0.051020408163213245], [0.5312499999994466, 0.15624999999983724, 0.23958333333308376, 0.0729166666665907], [0.38947368421011636, 0.07368421052623822, 0.3684210526311911, 0.16842105263140167]], "ideal": "B", "sampled": "C", "correct": false}}
{"type": "result", "data": {"idx": 43, "options": ["True, True", "False, False", "True, False", "False, True"], "observed": [[0.00999999999999, 0.0, 0.8799999999991199, 0.10999999999988999], [0.10999999999988999, 0.31999999999968, 0.54999999999945, 0.01999999999998], [0.06999999999993, 0.88999999999911, 0.00999999999999, 0.02999999999997], [0.23999999999976, 0.06999999999993, 0.25999999999974, 0.42999999999957]], "ideal": "C", "sampled": "D", "correct": false}}
{"type": "result", "data": {"idx": 44, "options": ["True, True", "False, False", "True, False", "False, True"], "observed": [[0.0999999999999, 0.00999999999999, 0.70999999999929, 0.17999999999982], [0.25252525252499747, 0.34343434343399654, 0.26262626262599736, 0.14141414141399858], [0.4432989690717079, 0.3917525773191837, 0.10309278350504836, 0.06185567010302901], [0.3979591836730633, 0.07142857142849854, 0.21428571428549562, 0.3163265306119221]], "ideal": "C", "sampled": "C", "correct": true}}
{"type": "result", "data": {"idx": 45, "options": ["True, True", "False, False", "True, False", "False, True"], "observed": [[0.0, 0.0, 0.96999999999903, 0.02999999999997], [0.7835051546383675, 0.19587628865959186, 0.02061855670100967, 0.0], [0.7325581395340319, 0.24418604651134396, 0.0, 0.02325581395346133], [0.6464646464639935, 0.010101010100999898, 0.28282828282799716, 0.060606060605999386]], "ideal": "C", "sampled": "C", "correct": true}}
{"type": "result", "data": {"idx": 46, "options": ["True, True", "False, False", "True, False", "False, True"], "observed": [[0.03999999999996, 0.00999999999999, 0.91999999999908, 0.02999999999997], [0.11999999999988, 0.27999999999972, 0.52999999999947, 0.06999999999993], [0.16999999999983, 0.71999999999928, 0.07999999999992, 0.02999999999997], [0.25510204081606624, 0.15306122448963974, 0.3061224489792795, 0.28571428571399415]], "ideal": "B", "sampled": "C", "correct": false}}
{"type": "result", "data": {"idx": 47, "options": ["0", "2", "1", "3"], "observed": [[0.46808510638248074, 0.2659574468082277, 0.2553191489358986, 0.010638297872329108], [0.4883720930226879, 0.16279069767422932, 0.16279069767422932, 0.18604651162769065], [0.3163265306119221, 0.12244897959171179, 0.3367346938772074, 0.22448979591813828], [0.2604166666663954, 0.18749999999980468, 0.42708333333288845, 0.12499999999986978]], "ideal": "B", "sampled": "B", "correct": true}}
{"type": "result", "data": {"idx": 48, "options": ["True, True", "False, False", "True, False", "False, True"], "observed": [[0.06451612903218869, 0.0, 0.935483870966736, 0.0], [0.23958333333308376, 0.10416666666655816, 0.6145833333326931, 0.04166666666662326], [0.34408602150500633, 0.13978494623640883, 0.5161290322575095, 0.0], [0.45263157894689193, 0.38947368421011636, 0.14736842105247644, 0.010526315789462604]], "ideal": "C", "sampled": "C", "correct": true}}
{"type": "result", "data": {"idx": 49, "options": ["8", "120", "240", "24"], "observed": [[0.010101010100999898, 0.12121212121199877, 0.8686868686859912, 0.0], [0.19587628865959186, 0.8041237113393772, 0.0, 0.0], [0.7422680412363482, 0.02061855670100967, 0.0, 0.23711340206161122], [0.0, 0.0, 0.9278350515454352, 0.07216494845353386]], "ideal": "B", "sampled": "C", "correct": false}}
{"type": "result", "data": {"idx": 50, "options": ["True, True", "False, False", "True, False", "False, True"], "observed": [[0.0, 0.0, 0.8799999999991199, 0.11999999999988], [0.04999999999995, 0.40999999999958997, 0.46999999999953, 0.06999999999993], [0.10999999999988999, 0.84999999999915, 0.02999999999997, 0.00999999999999], [0.38999999999961, 0.05999999999994, 0.25999999999974, 0.28999999999971]], "ideal": "D", "sampled": "D", "correct": true}}
{"type": "result", "data": {"idx": 51, "options": ["0", "2", "1", "3"], "observed": [[0.33333333333299664, 0.32323232323199674, 0.31313131313099685, 0.030303030302999693], [0.4242424242419957, 0.25252525252499747, 0.21212121212099785, 0.11111111111099888], [0.2999999999997, 0.0999999999999, 0.33999999999966, 0.25999999999974], [0.22999999999977, 0.34999999999965, 0.2999999999997, 0.11999999999988]], "ideal": "B", "sampled": "B", "correct": true}}
{"type": "result", "data": {"idx": 52, "options": ["6", "8", "4", "2"], "observed": [[0.14141414141399858, 0.05050505050499949, 0.33333333333299664, 0.4747474747469952], [0.11999999999988, 0.01999999999998, 0.83999999999916, 0.01999999999998], [0.3838383838379961, 0.4343434343429956, 0.14141414141399858, 0.04040404040399959], [0.32999999999967, 0.07999999999992, 0.57999999999942, 0.00999999999999]], "ideal": "A", "sampled": "D", "correct": false}}
{"type": "result", "data": {"idx": 53, "options": ["True, True", "False, False", "True, False", "False, True"], "observed": [[0.03999999999996, 0.0, 0.82999999999917, 0.12999999999987], [0.08999999999991, 0.18999999999981, 0.62999999999937, 0.08999999999991], [0.10101010100999898, 0.6767676767669931, 0.13131313131299868, 0.09090909090899908], [0.17999999999982, 0.07999999999992, 0.5999999999994, 0.13999999999986]], "ideal": "C", "sampled": "D", "correct": false}}
{"type": "result", "data": {"idx": 54, "options": ["0", "2", "1", "3"], "observed": [[0.0, 0.31999999999968, 0.67999999999932, 0.0], [0.999999999999, 0.0, 0.0, 0.0], [0.00999999999999, 0.0, 0.0, 0.98999999999901], [0.0, 0.0, 0.999999999999, 0.0]], "ideal": "B", "sampled": "B", "correct": true}}
{"type": "result", "data": {"idx": 55, "options": ["True, True", "False, False", "True, False", "False, True"], "observed": [[0.0, 0.0, 0.97999999999902, 0.01999999999998], [0.04123711340201934, 0.4536082474222128, 0.4639175257727176, 0.04123711340201934], [0.16161616161599837, 0.6969696969689929, 0.09090909090899908, 0.05050505050499949], [0.36999999999963, 0.03999999999996, 0.2999999999997, 0.28999999999971]], "ideal": "A", "sampled": "C", "correct": false}}
{"type": "result", "data": {"idx": 56, "options": ["True, True", "False, False", "True, False", "False, True"], "observed": [[0.02999999999997, 0.02999999999997, 0.86999999999913, 0.06999999999993], [0.19191919191899806, 0.31313131313099685, 0.4444444444439955, 0.05050505050499949], [0.2999999999997, 0.57999999999942, 0.07999999999992, 0.03999999999996], [0.3124999999996745, 0.06249999999993489, 0.37499999999960937, 0.24999999999973957]], "ideal": "D", "sampled": "C", "correct": false}}
{"type": "result", "data": {"idx": 57, "options": ["1", "2", "3", "4"], "observed": [[0.32999999999967, 0.15999999999984, 0.50999999999949, 0.0], [0.6464646464639935, 0.15151515151499848, 0.19191919191899806, 0.010101010100999898], [0.73999999999926, 0.01999999999998, 0.15999999999984, 0.07999999999992], [0.15999999999984, 0.04999999999995, 0.6899999999993099, 0.0999999999999]], "ideal": "B", "sampled": "B", "correct": true}}
{"type": "result", "data": {"idx": 58, "options": ["True, True", "False, False", "True, False", "False, True"], "observed": [[0.0, 0.010101010100999898, 0.8585858585849913, 0.13131313131299868], [0.14999999999985, 0.10999999999988999, 0.71999999999928, 0.01999999999998], [0.05999999999994, 0.92999999999907, 0.0, 0.00999999999999], [0.17708333333314888, 0.010416666666655815, 0.48958333333282333, 0.3229166666663303]], "ideal": "A", "sampled": "D", "correct": false}}
{"type": "result", "data": {"idx": 59, "options": ["True, True", "False, False", "True, False", "False, True"], "observed": [[0.10204081632642649, 0.010204081632642649, 0.8469387755093398, 0.040816326530570594], [0.6276595744674174, 0.18085106382959484, 0.19148936170192393, 0.0], [0.5604395604389446, 0.384615384614962, 0.010989010988998913, 0.04395604395599565], [0.7311827956981385, 0.021505376344062896, 0.17204301075250317, 0.07526881720422014]], "ideal": "A", "sampled": "C", "correct": false}}
{"type": "result", "data": {"idx": 60, "options": ["True, True", "False, False", "True, False", "False, True"], "observed": [[0.0, 0.0, 0.96999999999903, 0.02999999999997], [0.08163265306114119, 0.3163265306119221, 0.5816326530606309, 0.020408163265285297], [0.10999999999988999, 0.66999999999933, 0.20999999999979, 0.00999999999999], [0.43617021276549345, 0.03191489361698732, 0.2553191489358986, 0.2765957446805568]], "ideal": "D", "sampled": "D", "correct": true}}
{"type": "result", "data": {"idx": 61, "options": ["True, True", "False, False", "True, False", "False, True"], "observed": [[0.04123711340201934, 0.0, 0.9072164948444256, 0.05154639175252418], [0.4943820224713546, 0.2471910112356773, 0.2471910112356773, 0.01123595505616715], [0.18556701030908704, 0.7010309278343289, 0.08247422680403868, 0.030927835051514505], [0.4021739130430411, 0.03260869565213847, 0.3043478260866257, 0.26086956521710775]], "ideal": "D", "sampled": "C", "correct": false}}
{"type": "result", "data": {"idx": 62, "options": ["True, True", "False, False", "True, False", "False, True"], "observed": [[0.08999999999991, 0.01999999999998, 0.80999999999919, 0.07999999999992], [0.47422680412322243, 0.23711340206161122, 0.2577319587626209, 0.030927835051514505], [0.24242424242399754, 0.27272727272699726, 0.4141414141409958, 0.07070707070699929], [0.2604166666663954, 0.15624999999983724, 0.41666666666623264, 0.16666666666649305]], "ideal": "C", "sampled": "C", "correct": true}}
{"type": "result", "data": {"idx": 63, "options": ["not anti-symmetric", "transitive", "reflexive", "symmetric"], "observed": [[0.47999999999952, 0.37999999999962, 0.0, 0.13999999999986], [0.0, 0.0, 0.75999999999924, 0.23999999999976], [0.0, 0.40816326530570596, 0.5816326530606309, 0.010204081632642649], [0.020202020201999796, 0.888888888887991, 0.09090909090899908, 0.0]], "ideal": "B", "sampled": "A", "correct": false}}
{"type": "result", "data": {"idx": 64, "options": ["1", "2", "infinitely many", "0"], "observed": [[0.15999999999984, 0.18999999999981, 0.64999999999935, 0.0], [0.0999999999999, 0.8799999999991199, 0.0, 0.01999999999998], [0.22999999999977, 0.0, 0.15999999999984, 0.60999999999939], [0.00999999999999, 0.02999999999997, 0.90999999999909, 0.04999999999995]], "ideal": "B", "sampled": "B", "correct": true}}
{"type": "result", "data": {"idx": 65, "options": ["True, True", "False, False", "True, False", "False, True"], "observed": [[0.020202020201999796, 0.0, 0.9797979797969901, 0.0], [0.20202020201999796, 0.28282828282799716, 0.4747474747469952, 0.04040404040399959], [0.2653061224487089, 0.6224489795912016, 0.11224489795906914, 0.0], [0.7575757575749923, 0.04040404040399959, 0.010101010100999898, 0.19191919191899806]], "ideal": "C", "sampled": "D", "correct": false}}
{"type": "result", "data": {"idx": 66, "options": ["True, True", "False, False", "True, False", "False, True"], "observed": [[0.07216494845353386, 0.0, 0.8556701030919014, 0.07216494845353386], [0.3505154639171644, 0.23711340206161122, 0.4020618556696886, 0.010309278350504835], [0.28282828282799716, 0.6767676767669931, 0.030303030302999693, 0.010101010100999898], [0.5520833333327583, 0.05208333333327908, 0.3124999999996745, 0.08333333333324652]], "ideal": "D", "sampled": "D", "correct": true}}
{"type": "result", "data": {"idx": 67, "options": ["a,b in H=> a * b in H", "a in H => a^-1 in H", "a,b in H=> a * b^-1 in H", "H contains the identity element"], "observed": [[0.6836734693870574, 0.0, 0.28571428571399415, 0.030612244897927948], [0.19191919191899806, 0.16161616161599837, 0.04040404040399959, 0.6060606060599939], [0.5816326530606309, 0.0, 0.36734693877513536, 0.051020408163213245], [0.07368421052623822, 0.7684210526307701, 0.0, 0.15789473684193905]], "ideal": "C", "sampled": "A", "correct": false}}
{"type": "result", "data": {"idx": 68, "options": ["(x \u2212 2)(x + 2)(x \u2212 1)(x + 1)", "(x+1)^4", "(x-1)(x+1)^3", "(x-1)^3(x+1)"], "observed": [[0.18999999999981, 0.0, 0.71999999999928, 0.08999999999991], [0.02999999999997, 0.40999999999958997, 0.50999999999949, 0.04999999999995], [0.21212121212099785, 0.26262626262599736, 0.5252525252519947, 0.0], [0.11999999999988, 0.5999999999994, 0.01999999999998, 0.25999999999974]], "ideal": "A", "sampled": "C", "correct": false}}
{"type": "result", "data": {"idx": 69, "options": ["True, True", "False, False", "True, False", "False, True"], "observed": [[0.02999999999997, 0.00999999999999, 0.90999999999909, 0.04999999999995], [0.10999999999988999, 0.1999999999998, 0.62999999999937, 0.05999999999994], [0.12999999999987, 0.53999999999946, 0.22999999999977, 0.0999999999999], [0.18367346938756768, 0.061224489795855895, 0.40816326530570596, 0.3469387755098501]], "ideal": "A", "sampled": "C", "correct": false}}
{"type": "result", "data": {"idx": 70, "options": ["0", "-2", "a-2", "(2+a)*-1"], "observed": [[0.01999999999998, 0.24999999999975, 0.4999999999995, 0.22999999999977], [0.10999999999988999, 0.5999999999994, 0.28999999999971, 0.0], [0.64999999999935, 0.33999999999966, 0.0, 0.00999999999999], [0.15306122448963974, 0.0, 0.2653061224487089, 0.5816326530606309]], "ideal": "D", "sampled": "C", "correct": false}}
{"type": "result", "data": {"idx": 71, "options": ["0", "4", "2", "6"], "observed": [[0.010101010100999898, 0.030303030302999693, 0.4444444444439955, 0.5151515151509948], [0.33333333333299664, 0.010101010100999898, 0.6565656565649933, 0.0], [0.030927835051514505, 0.09278350515454352, 0.0, 0.876288659792911], [0.20999999999979, 0.0, 0.76999999999923, 0.01999999999998]], "ideal": "C", "sampled": "B", "correct": false}}
{"type": "result", "data": {"idx": 72, "options": ["1", "2", "3", "4"], "observed": [[0.32999999999967, 0.36999999999963, 0.21999999999977998, 0.07999999999992], [0.5918367346932736, 0.061224489795855895, 0.16326530612228238, 0.18367346938756768], [0.11999999999988, 0.05999999999994, 0.6899999999993099, 0.12999999999987], [0.4343434343429956, 0.18181818181799816, 0.35353535353499643, 0.030303030302999693]], "ideal": "D", "sampled": "B", "correct": false}}
{"type": "result", "data": {"idx": 73, "options": ["0", "3", "12", "30"], "observed": [[0.29896907216464025, 0.6701030927828143, 0.02061855670100967, 0.010309278350504835], [0.9292929292919906, 0.030303030302999693, 0.04040404040399959, 0.0], [0.17171717171699827, 0.0, 0.010101010100999898, 0.8181818181809917], [0.00999999999999, 0.0, 0.96999999999903, 0.01999999999998]], "ideal": "B", "sampled": "B", "correct": true}}
{"type": "result", "data": {"idx": 74, "options": ["True, True", "False, False", "True, False", "False, True"], "observed": [[0.01999999999998, 0.01999999999998, 0.88999999999911, 0.06999999999993], [0.33999999999966, 0.26999999999973, 0.37999999999962, 0.00999999999999], [0.30999999999968997, 0.6199999999993799, 0.02999999999997, 0.03999999999996], [0.43999999999955997, 0.01999999999998, 0.44999999999955, 0.08999999999991]], "ideal": "D", "sampled": "C", "correct": false}}
{"type": "result", "data": {"idx": 75, "options": ["True, True", "False, False", "True, False", "False, True"], "observed": [[0.07777777777769136, 0.07777777777769136, 0.6999999999992222, 0.14444444444428395], [0.28571428571399415, 0.3571428571424927, 0.3367346938772074, 0.020408163265285297], [0.17708333333314888, 0.7708333333325303, 0.02083333333331163, 0.031249999999967446], [0.31521739130400517, 0.03260869565213847, 0.4130434782604206, 0.23913043478234877]], "ideal": "B", "sampled": "D", "correct": false}}
{"type": "result", "data": {"idx": 76, "options": ["True, True", "False, False", "True, False", "False, True"], "observed": [[0.13999999999986, 0.0, 0.82999999999917, 0.02999999999997], [0.33749999999957814, 0.11249999999985938, 0.4124999999994844, 0.13749999999982812], [0.20833333333311632, 0.43749999999954425, 0.3229166666663303, 0.031249999999967446], [0.36046511627865063, 0.16279069767422932, 0.4069767441855733, 0.06976744186038399]], "ideal": "C", "sampled": "D", "correct": false}}
{"type": "result", "data": {"idx": 77, "options": ["0", "3", "12", "30"], "observed": [[0.38947368421011636, 0.06315789473677562, 0.3157894736838781, 0.23157894736817727], [0.12631578947355124, 0.18947368421032687, 0.38947368421011636, 0.2947368421049529], [0.4999999999994898, 0.15306122448963974, 0.3469387755098501, 0.0], [0.32323232323199674, 0.595959595958994, 0.04040404040399959, 0.04040404040399959]], "ideal": "A", "sampled": "A", "correct": true}}
{"type": "result", "data": {"idx": 78, "options": ["True, True", "False, False", "True, False", "False, True"], "observed": [[0.01999999999998, 0.0, 0.97999999999902, 0.0], [0.23232323232299765, 0.27272727272699726, 0.4545454545449954, 0.04040404040399959], [0.5652173913037335, 0.18478260869545132, 0.23913043478234877, 0.010869565217379489], [0.48453608247372726, 0.06185567010302901, 0.3195876288656499, 0.13402061855656286]], "ideal": "D", "sampled": "C", "correct": false}}
{"type": "result", "data": {"idx": 79, "options": ["True, True", "False, False", "True, False", "False, True"], "observed": [[0.00999999999999, 0.01999999999998, 0.91999999999908, 0.04999999999995], [0.24489795918342358, 0.25510204081606624, 0.46938775510156183, 0.030612244897927948], [0.23958333333308376, 0.6041666666660374, 0.12499999999986978, 0.031249999999967446], [0.393617021276177, 0.06382978723397464, 0.4468085106378225, 0.09574468085096197]], "ideal": "C", "sampled": "D", "correct": false}}
{"type": "result", "data": {"idx": 80, "options": ["True, True", "False, False", "True, False", "False, True"], "observed": [[0.00999999999999, 0.00999999999999, 0.8799999999991199, 0.0999999999999], [0.09090909090899908, 0.14141414141399858, 0.7676767676759922, 0.0], [0.12999999999987, 0.8199999999991799, 0.0, 0.04999999999995], [0.14141414141399858, 0.04040404040399959, 0.6666666666659933, 0.15151515151499848]], "ideal": "B", "sampled": "D", "correct": false}}
{"type": "result", "data": {"idx": 81, "options": ["True, True", "False, False", "True, False", "False, True"], "observed": [[0.02999999999997, 0.0, 0.86999999999913, 0.0999999999999], [0.06999999999993, 0.13999999999986, 0.73999999999926, 0.04999999999995], [0.13999999999986, 0.80999999999919, 0.03999999999996, 0.00999999999999], [0.23999999999976, 0.14999999999985, 0.35999999999964, 0.24999999999975]], "ideal": "D", "sampled": "D", "correct": true}}
{"type": "result", "data": {"idx": 82, "options": ["True, True", "False, False", "True, False", "False, True"], "observed": [[0.07999999999992, 0.01999999999998, 0.8999999999991, 0.0], [0.02999999999997, 0.05999999999994, 0.42999999999957, 0.47999999999952], [0.01999999999998, 0.20999999999979, 0.75999999999924, 0.00999999999999], [0.14999999999985, 0.45999999999954, 0.10999999999988999, 0.27999999999972]], "ideal": "A", "sampled": "A", "correct": true}}
{"type": "result", "data": {"idx": 83, "options": ["True, True", "False, False", "True, False", "False, True"], "observed": [[0.04166666666662326, 0.04166666666662326, 0.8541666666657769, 0.06249999999993489], [0.17708333333314888, 0.2708333333330512, 0.49999999999947914, 0.05208333333327908], [0.20430107526859753, 0.6666666666659498, 0.08602150537625158, 0.04301075268812579], [0.2999999999997, 0.04999999999995, 0.48999999999951, 0.15999999999984]], "ideal": "C", "sampled": "D", "correct": false}}
{"type": "result", "data": {"idx": 84, "options": ["True, True", "False, False", "True, False", "False, True"], "observed": [[0.16999999999983, 0.0, 0.7499999999992499, 0.07999999999992], [0.11999999999988, 0.22999999999977, 0.26999999999973, 0.37999999999962], [0.41237113402019343, 0.42268041237069826, 0.1443298969070677, 0.02061855670100967], [0.38775510204042063, 0.11224489795906914, 0.17346938775492504, 0.32653061224456476]], "ideal": "D", "sampled": "C", "correct": false}}
{"type": "result", "data": {"idx": 85, "options": ["True, True", "False, False", "True, False", "False, True"], "observed": [[0.00999999999999, 0.0, 0.8799999999991199, 0.10999999999988999], [0.1999999999998, 0.34999999999965, 0.41999999999958, 0.02999999999997], [0.2755102040813515, 0.6632653061217721, 0.030612244897927948, 0.030612244897927948], [0.21649484536060154, 0.08247422680403868, 0.5567010309272611, 0.1443298969070677]], "ideal": "C", "sampled": "C", "correct": true}}
