{"type": "result", "data": {"idx": 0, "options": ["k = 0 and n = 1", "k = 1 and n = 0", "k = n = 1", "k > 1"], "observed": [[0.6179775280891933, 0.12359550561783865, 0.23595505617951015, 0.0224719101123343], [0.8152173913034617, 0.05434782608689745, 0.08695652173903591, 0.043478260869517955], [0.030303030302999693, 0.060606060605999386, 0.8787878787869912, 0.030303030302999693], [0.1999999999998, 0.22999999999977, 0.54999999999945, 0.01999999999998]], "ideal": "B", "sampled": "A", "correct": false}}
{"type": "result", "data": {"idx": 1, "options": ["0", "1", "2", "3"], "observed": [[0.05999999999994, 0.12999999999987, 0.72999999999927, 0.07999999999992], [0.4141414141409958, 0.36363636363599633, 0.22222222222199775, 0.0], [0.53999999999946, 0.2999999999997, 0.01999999999998, 0.13999999999986], [0.44999999999955, 0.01999999999998, 0.32999999999967, 0.1999999999998]], "ideal": "D", "sampled": "C", "correct": false}}
{"type": "result", "data": {"idx": 2, "options": ["n = 1 and r = 6", "n = 1 and r = 7", "n = 2 and r = 5", "n = 2 and r = 6"], "observed": [[0.11594202898533922, 0.1304347826085066, 0.1304347826085066, 0.6231884057961983], [0.069444444444348, 0.08333333333321759, 0.7222222222212191, 0.12499999999982639], [0.18518518518495655, 0.395061728394574, 0.3703703703699131, 0.04938271604932175], [0.3857142857137347, 0.05714285714277551, 0.19999999999971427, 0.35714285714234695]], "ideal": "D", "sampled": "D", "correct": true}}
{"type": "result", "data": {"idx": 3, "options": ["4", "8", "16", "2sqrt(2)"], "observed": [[0.06999999999993, 0.0, 0.00999999999999, 0.91999999999908], [0.020202020201999796, 0.0, 0.9292929292919906, 0.05050505050499949], [0.0, 0.93999999999906, 0.05999999999994, 0.0], [0.9894736842094848, 0.010526315789462604, 0.0, 0.0]], "ideal": "A", "sampled": "D", "correct": false}}
{"type": "result", "data": {"idx": 4, "options": ["2/69", "1/30", "2/23", "12/125"], "observed": [[0.3235294117637543, 0.0, 0.4411764705869377, 0.23529411764636676], [0.04444444444439506, 0.0, 0.9222222222211975, 0.03333333333329629], [0.0, 0.8552631578936115, 0.10526315789459834, 0.039473684210474376], [0.3176470588231557, 0.1882352941174256, 0.1058823529410519, 0.3882352941171903]], "ideal": "C", "sampled": "D", "correct": false}}
{"type": "result", "data": {"idx": 5, "options": ["(S, +, x) is closed under addition modulo 10.", "(S, +, x) is closed under multiplication modulo 10.", "(S, +, x) has an identity under addition modulo 10.", "(S, +, x) has no identity under multiplication modulo 10."], "observed": [[0.03999999999996, 0.07999999999992, 0.05999999999994, 0.8199999999991799], [0.04999999999995, 0.04999999999995, 0.85999999999914, 0.03999999999996], [0.07999999999992, 0.8799999999991199, 0.02999999999997, 0.00999999999999], [0.78999999999921, 0.05999999999994, 0.06999999999993, 0.07999999999992]], "ideal": "D", "sampled": "D", "correct": true}}
{"type": "result", "data": {"idx": 6, "options": ["12*sqrt(2)", "6*sqrt(2)", "4*sqrt(2)", "1/(2*sqrt(2))"], "observed": [[0.5487804878042087, 0.2804878048777067, 0.14634146341445567, 0.024390243902409278], [0.5505617977521904, 0.224719101123343, 0.0898876404493372, 0.1348314606740058], [0.3424657534241884, 0.027397260273935072, 0.24657534246541565, 0.383561643835091], [0.10843373493962839, 0.04819277108427929, 0.5903614457824212, 0.25301204819246625]], "ideal": "C", "sampled": "B", "correct": false}}
{"type": "result", "data": {"idx": 7, "options": ["0", "10%", "25%", "50%"], "observed": [[0.0, 0.00999999999999, 0.70999999999929, 0.27999999999972], [0.00999999999999, 0.18999999999981, 0.7999999999992, 0.0], [0.16999999999983, 0.76999999999923, 0.04999999999995, 0.00999999999999], [0.17999999999982, 0.00999999999999, 0.06999999999993, 0.73999999999926]], "ideal": "C", "sampled": "D", "correct": false}}
{"type": "result", "data": {"idx": 8, "options": ["nan", "I only", "II only", "III only"], "observed": [[0.0, 0.0, 0.03999999999996, 0.95999999999904], [0.0, 0.0, 0.9999999999989583, 0.0], [0.0, 0.97999999999902, 0.00999999999999, 0.00999999999999], [0.97999999999902, 0.0, 0.01999999999998, 0.0]], "ideal": "C", "sampled": "D", "correct": false}}
{"type": "result", "data": {"idx": 9, "options": ["Every compact space is complete", "Every complete space is compact", "Neither (a) nor (b).", " Both (a) and (b)."], "observed": [[0.0, 0.0, 0.999999999999, 0.0], [0.0, 0.8061224489787693, 0.0, 0.19387755102021031], [0.9999999999989583, 0.0, 0.0, 0.0], [0.0, 0.0, 0.0, 0.999999999999]], "ideal": "A", "sampled": "C", "correct": false}}
{"type": "result", "data": {"idx": 10, "options": ["10", "20", "25", "45"], "observed": [[0.0, 0.0, 0.10101010100999898, 0.898989898988991], [0.0, 0.0, 0.999999999999, 0.0], [0.0, 0.999999999998969, 0.0, 0.0], [0.9999999999989583, 0.0, 0.0, 0.0]], "ideal": "D", "sampled": "D", "correct": true}}
{"type": "result", "data": {"idx": 11, "options": ["1/64", "15/64", "1/4", "3/8"], "observed": [[0.0816326530610579, 0.6326530612231986, 0.10204081632632236, 0.18367346938738024], [0.43478260869502205, 0.043478260869502204, 0.46376811594135686, 0.05797101449266961], [0.04411764705875865, 0.1470588235291955, 0.07352941176459775, 0.7352941176459775], [0.11538461538446745, 0.051282051281985534, 0.7692307692297831, 0.06410256410248191]], "ideal": "B", "sampled": "B", "correct": true}}
{"type": "result", "data": {"idx": 12, "options": ["0", "1", "2", "3"], "observed": [[0.50999999999949, 0.06999999999993, 0.06999999999993, 0.34999999999965], [0.03999999999996, 0.0, 0.16999999999983, 0.78999999999921], [0.08999999999991, 0.18999999999981, 0.6899999999993099, 0.02999999999997], [0.28999999999971, 0.51999999999948, 0.05999999999994, 0.12999999999987]], "ideal": "A", "sampled": "A", "correct": true}}
{"type": "result", "data": {"idx": 13, "options": ["4", "7", "10", "13"], "observed": [[0.12999999999987, 0.37999999999962, 0.28999999999971, 0.1999999999998], [0.07999999999992, 0.27999999999972, 0.63999999999936, 0.0], [0.10999999999988999, 0.6199999999993799, 0.11999999999988, 0.14999999999985], [0.28999999999971, 0.05999999999994, 0.51999999999948, 0.12999999999987]], "ideal": "B", "sampled": "D", "correct": false}}
{"type": "result", "data": {"idx": 14, "options": ["0.64", "0.72", "0.81", "0.95"], "observed": [[0.4776119402977946, 0.17910447761167297, 0.3283582089547338, 0.01492537313430608], [0.35227272727232695, 0.10227272727261105, 0.07954545454536416, 0.4659090909085615], [0.06382978723397464, 0.0, 0.7978723404246831, 0.1382978723402784], [0.06451612903218869, 0.4301075268812579, 0.4838709677414152, 0.021505376344062896]], "ideal": "D", "sampled": "A", "correct": false}}
{"type": "result", "data": {"idx": 15, "options": ["I only", "II only", "III only", "I and II only"], "observed": [[0.5531914893611136, 0.03191489361698732, 0.03191489361698732, 0.38297872340384786], [0.377551020407778, 0.14285714285699708, 0.3979591836730633, 0.08163265306114119], [0.9191919191909907, 0.010101010100999898, 0.05050505050499949, 0.020202020201999796], [0.595959595958994, 0.07070707070699929, 0.07070707070699929, 0.26262626262599736]], "ideal": "D", "sampled": "D", "correct": true}}
{"type": "result", "data": {"idx": 16, "options": ["I only", "II only", "III only", "I and II only"], "observed": [[0.0999999999999, 0.22999999999977, 0.02999999999997, 0.63999999999936], [0.28999999999971, 0.0999999999999, 0.60999999999939, 0.0], [0.07070707070699929, 0.6666666666659933, 0.07070707070699929, 0.19191919191899806], [0.42999999999957, 0.12999999999987, 0.40999999999958997, 0.02999999999997]], "ideal": "B", "sampled": "D", "correct": false}}
{"type": "result", "data": {"idx": 17, "options": ["-1/4", "-1/(4sqrt(2))", "0", "sqrt(2)"], "observed": [[0.35714285714030614, 0.35714285714030614, 0.2857142857122449, 0.0], [0.413793103446849, 0.2068965517234245, 0.24137931034399526, 0.137931034482283], [0.23287671232844812, 0.06849315068483768, 0.5068493150677988, 0.1917808219175455], [0.0, 0.2222222222213992, 0.6666666666641976, 0.1111111111106996]], "ideal": "C", "sampled": "B", "correct": false}}
{"type": "result", "data": {"idx": 18, "options": ["I and II only", "III only", "I and III only", "I, II, and III"], "observed": [[0.12121212121199877, 0.020202020201999796, 0.7373737373729925, 0.12121212121199877], [0.67999999999932, 0.18999999999981, 0.08999999999991, 0.03999999999996], [0.7303370786508647, 0.1123595505616715, 0.1573033707863401, 0.0], [0.18181818181799816, 0.24242424242399754, 0.10101010100999898, 0.4747474747469952]], "ideal": "D", "sampled": "C", "correct": false}}
{"type": "result", "data": {"idx": 19, "options": ["3", "e", "sqrt(5)", "0"], "observed": [[0.07142857142849854, 0.07142857142849854, 0.8469387755093398, 0.010204081632642649], [0.0, 0.9479166666656792, 0.05208333333327908, 0.0], [0.9693877551010516, 0.010204081632642649, 0.020408163265285297, 0.0], [0.04040404040399959, 0.07070707070699929, 0.060606060605999386, 0.8282828282819916]], "ideal": "A", "sampled": "C", "correct": false}}
{"type": "result", "data": {"idx": 20, "options": ["I only", "II only", "III only", "I, II, and III"], "observed": [[0.3571428571424927, 0.3163265306119221, 0.020408163265285297, 0.3061224489792795], [0.6562499999993164, 0.0729166666665907, 0.21874999999977213, 0.05208333333327908], [0.27835051546363054, 0.3092783505151451, 0.24742268041211604, 0.16494845360807736], [0.23469387755078092, 0.32653061224456476, 0.3979591836730633, 0.040816326530570594]], "ideal": "D", "sampled": "B", "correct": false}}
{"type": "result", "data": {"idx": 21, "options": ["nan", "One", "Four", "Five"], "observed": [[0.06999999999993, 0.14999999999985, 0.43999999999955997, 0.33999999999966], [0.56999999999943, 0.14999999999985, 0.23999999999976, 0.03999999999996], [0.75999999999924, 0.12999999999987, 0.03999999999996, 0.06999999999993], [0.62999999999937, 0.00999999999999, 0.24999999999975, 0.10999999999988999]], "ideal": "D", "sampled": "C", "correct": false}}
{"type": "result", "data": {"idx": 22, "options": ["I only", "II only", "III only", "I and II only"], "observed": [[0.25510204081606624, 0.6632653061217721, 0.0, 0.08163265306114119], [0.6808510638290629, 0.19148936170192393, 0.1276595744679493, 0.0], [0.04166666666662326, 0.5416666666661024, 0.04166666666662326, 0.37499999999960937], [0.42553191489316433, 0.23404255319124037, 0.34042553191453145, 0.0]], "ideal": "B", "sampled": "B", "correct": true}}
{"type": "result", "data": {"idx": 23, "options": ["2/81", "1/18", "2/27", "1/9"], "observed": [[0.4512195121945717, 0.13414634146325105, 0.37804878048734386, 0.03658536585361392], [0.17910447761167297, 0.5223880597007129, 0.10447761194014257, 0.19402985074597906], [0.451612903225078, 0.161290322580385, 0.32258064516077, 0.06451612903215401], [0.14102564102546022, 0.4230769230763807, 0.19230769230744577, 0.24358974358943128]], "ideal": "A", "sampled": "C", "correct": false}}
{"type": "result", "data": {"idx": 24, "options": ["True, True", "True, False", "False, True", "False, False"], "observed": [[0.3163265306119221, 0.11224489795906914, 0.48979591836684716, 0.08163265306114119], [0.6704545454537836, 0.19318181818159866, 0.1136363636362345, 0.0227272727272469], [0.5894736842099058, 0.13684210526301385, 0.15789473684193905, 0.11578947368408864], [0.31999999999968, 0.07999999999992, 0.50999999999949, 0.08999999999991]], "ideal": "B", "sampled": "B", "correct": true}}
{"type": "result", "data": {"idx": 25, "options": ["I and II only", "I and III only", "II and III only", "III only"], "observed": [[0.3737373737369962, 0.27272727272699726, 0.35353535353499643, 0.0], [0.85999999999914, 0.02999999999997, 0.04999999999995, 0.05999999999994], [0.3367346938772074, 0.030612244897927948, 0.36734693877513536, 0.2653061224487089], [0.13265306122435444, 0.10204081632642649, 0.7040816326523428, 0.061224489795855895]], "ideal": "D", "sampled": "B", "correct": false}}
{"type": "result", "data": {"idx": 26, "options": ["9/2 days", "5 days", "41/8 days", "36/7 days"], "observed": [[0.17999999999982, 0.0, 0.64999999999935, 0.16999999999983], [0.00999999999999, 0.7499999999992499, 0.1999999999998, 0.03999999999996], [0.42999999999957, 0.53999999999946, 0.02999999999997, 0.0], [0.50999999999949, 0.34999999999965, 0.01999999999998, 0.11999999999988]], "ideal": "D", "sampled": "C", "correct": false}}
{"type": "result", "data": {"idx": 27, "options": ["1/2", "1", "sqrt(2)", "pi"], "observed": [[0.07142857142849854, 0.19387755102021031, 0.44897959183627656, 0.28571428571399415], [0.01999999999998, 0.25999999999974, 0.71999999999928, 0.0], [0.51999999999948, 0.43999999999955997, 0.02999999999997, 0.00999999999999], [0.7755102040808413, 0.020408163265285297, 0.15306122448963974, 0.051020408163213245]], "ideal": "A", "sampled": "D", "correct": false}}
{"type": "result", "data": {"idx": 28, "options": ["f has all of its relative extrema on the line x = y.", "f has all of its relative extrema on the parabola x = y^2.", "f has a relative minimum at (0, 0).", "f has an absolute minimum at (2/3, 2/3)."], "observed": [[0.15999999999984, 0.55999999999944, 0.22999999999977, 0.04999999999995], [0.16999999999983, 0.30999999999968997, 0.26999999999973, 0.24999999999975], [0.16999999999983, 0.02999999999997, 0.76999999999923, 0.02999999999997], [0.21428571428549562, 0.551020408162703, 0.23469387755078092, 0.0]], "ideal": "A", "sampled": "A", "correct": true}}
{"type": "result", "data": {"idx": 29, "options": ["5", "6", "12", "15"], "observed": [[0.07999999999992, 0.02999999999997, 0.73999999999926, 0.14999999999985], [0.02999999999997, 0.70999999999929, 0.25999999999974, 0.0], [0.34999999999965, 0.37999999999962, 0.00999999999999, 0.25999999999974], [0.15999999999984, 0.0, 0.15999999999984, 0.67999999999932]], "ideal": "B", "sampled": "C", "correct": false}}
{"type": "result", "data": {"idx": 30, "options": ["S(n0 + 1) is not true.", "S(n0 - 1) is not true.", "S(n) is not true for any n <= n0", "S(n) is not true for any n >= n0"], "observed": [[0.020202020201999796, 0.0, 0.21212121212099785, 0.7676767676759922], [0.0, 0.0999999999999, 0.85999999999914, 0.03999999999996], [0.06249999999993489, 0.8333333333324653, 0.10416666666655816, 0.0], [0.1999999999998, 0.01999999999998, 0.00999999999999, 0.76999999999923]], "ideal": "C", "sampled": "D", "correct": false}}
{"type": "result", "data": {"idx": 31, "options": ["(0, 0, 1)", "(3/7, 3/14, 9/14)", "(7/15, 8/15, 1/15)", "(5/6, 1/3, 1/3)"], "observed": [[0.03999999999996, 0.65999999999934, 0.27999999999972, 0.01999999999998], [0.44565217391255907, 0.46739130434731807, 0.08695652173903591, 0.0], [0.5858585858579941, 0.21212121212099785, 0.010101010100999898, 0.19191919191899806], [0.21212121212099785, 0.12121212121199877, 0.35353535353499643, 0.31313131313099685]], "ideal": "B", "sampled": "B", "correct": true}}
{"type": "result", "data": {"idx": 32, "options": ["For no such integer n", "For 3, 5, 7, and 11 only", "For 3, 5, 7, 9, and 11 only", "For 4, 6, 8, and 10 only"], "observed": [[0.8080808080799918, 0.18181818181799816, 0.010101010100999898, 0.0], [0.02999999999997, 0.00999999999999, 0.0, 0.95999999999904], [0.00999999999999, 0.0, 0.97999999999902, 0.00999999999999], [0.00999999999999, 0.54999999999945, 0.43999999999955997, 0.0]], "ideal": "B", "sampled": "A", "correct": false}}
{"type": "result", "data": {"idx": 33, "options": ["1", "2", "3", "4"], "observed": [[0.03999999999996, 0.06999999999993, 0.63999999999936, 0.24999999999975], [0.04999999999995, 0.20999999999979, 0.73999999999926, 0.0], [0.24999999999975, 0.63999999999936, 0.01999999999998, 0.08999999999991], [0.30999999999968997, 0.02999999999997, 0.30999999999968997, 0.34999999999965]], "ideal": "C", "sampled": "D", "correct": false}}
{"type": "result", "data": {"idx": 34, "options": ["I only", "II only", "III only", "I, II, and III"], "observed": [[0.15053763440844029, 0.7419354838701699, 0.05376344086015724, 0.05376344086015724], [0.3617021276591897, 0.35106382978686057, 0.2659574468082277, 0.021276595744658216], [0.10638297872329108, 0.2446808510635695, 0.2446808510635695, 0.4042553191485061], [0.020202020201999796, 0.16161616161599837, 0.7777777777769921, 0.04040404040399959]], "ideal": "D", "sampled": "B", "correct": false}}
{"type": "result", "data": {"idx": 35, "options": ["x^2 + y^2 + z^2 + 8 = 6y", "(x^2 + y^2 + z^2)^2 = 8 + 36(x^2 + z^2)", "(x^2 + y^2 + z^2 + 8)^2 = 36(x^2 + z^2)", "(x^2 + y^2 + z^2 + 8)^2 = 36(x^2 + y^2)"], "observed": [[0.0, 0.1999999999998, 0.56999999999943, 0.22999999999977], [0.00999999999999, 0.98999999999901, 0.0, 0.0], [0.65999999999934, 0.26999999999973, 0.0, 0.06999999999993], [0.12999999999987, 0.0, 0.05999999999994, 0.80999999999919]], "ideal": "D", "sampled": "C", "correct": false}}
{"type": "result", "data": {"idx": 36, "options": ["y = 2x + 1", "y = 2x", "y = x + 2", "y = x + 1"], "observed": [[0.295081967212631, 0.19672131147508734, 0.24590163934385917, 0.26229508196678314], [0.09333333333320888, 0.013333333333315555, 0.7333333333323555, 0.15999999999978667], [0.06578947368412395, 0.27631578947332064, 0.4736842105256925, 0.18421052631554707], [0.38372093023211196, 0.30232558139499727, 0.27906976744153594, 0.03488372093019199]], "ideal": "A", "sampled": "D", "correct": false}}
{"type": "result", "data": {"idx": 37, "options": ["2", "3", "4", "5"], "observed": [[0.1976744186044213, 0.47674418604595725, 0.2325581395346133, 0.09302325581384532], [0.3932584269658503, 0.19101123595484157, 0.20224719101100871, 0.21348314606717586], [0.13953488372076797, 0.058139534883653324, 0.5930232558132639, 0.20930232558115197], [0.1609195402297001, 0.1954022988503501, 0.45977011494200026, 0.1839080459768001]], "ideal": "A", "sampled": "B", "correct": false}}
{"type": "result", "data": {"idx": 38, "options": ["True, True", "True, False", "False, True", "False, False"], "observed": [[0.07070707070699929, 0.10101010100999898, 0.6969696969689929, 0.13131313131299868], [0.12371134020605802, 0.5979381443292805, 0.2577319587626209, 0.02061855670100967], [0.32999999999967, 0.21999999999977998, 0.26999999999973, 0.17999999999982], [0.15789473684193905, 0.08421052631570083, 0.7368421052623823, 0.02105263157892521]], "ideal": "A", "sampled": "C", "correct": false}}
{"type": "result", "data": {"idx": 39, "options": ["1", "2", "3", "4"], "observed": [[0.11999999999988, 0.07999999999992, 0.56999999999943, 0.22999999999977], [0.03999999999996, 0.12999999999987, 0.82999999999917, 0.0], [0.16999999999983, 0.75999999999924, 0.0, 0.06999999999993], [0.45999999999954, 0.0, 0.1999999999998, 0.33999999999966]], "ideal": "C", "sampled": "D", "correct": false}}
{"type": "result", "data": {"idx": 40, "options": ["the entire real axis", "a point", "a ray", "an open finite interval"], "observed": [[0.53999999999946, 0.27999999999972, 0.17999999999982, 0.0], [0.08999999999991, 0.21999999999977998, 0.00999999999999, 0.67999999999932], [0.08999999999991, 0.0, 0.57999999999942, 0.32999999999967], [0.01999999999998, 0.08999999999991, 0.86999999999913, 0.01999999999998]], "ideal": "B", "sampled": "A", "correct": false}}
{"type": "result", "data": {"idx": 41, "options": ["finite", "cyclic", "of order two", "abelian"], "observed": [[0.0, 0.00999999999999, 0.0, 0.98999999999901], [0.00999999999999, 0.01999999999998, 0.96999999999903, 0.0], [0.0, 0.9499999999990499, 0.03999999999996, 0.00999999999999], [0.98999999999901, 0.0, 0.00999999999999, 0.0]], "ideal": "D", "sampled": "D", "correct": true}}
{"type": "result", "data": {"idx": 42, "options": ["3", "4", "5", "8"], "observed": [[0.05454545454535537, 0.05454545454535537, 0.32727272727213225, 0.5636363636353389], [0.22857142857110205, 0.07142857142846938, 0.585714285713449, 0.11428571428555102], [0.144927536231674, 0.579710144926696, 0.10144927536217181, 0.17391304347800882], [0.3488372093015143, 0.13953488372060574, 0.13953488372060574, 0.3720930232549486]], "ideal": "D", "sampled": "D", "correct": true}}
{"type": "result", "data": {"idx": 43, "options": ["II only", "III only", "I and II only", "II and III only"], "observed": [[0.0117647058823391, 0.058823529411695503, 0.2823529411761384, 0.6470588235286505], [0.2765957446805568, 0.03191489361698732, 0.6702127659567338, 0.021276595744658216], [0.1904761904759637, 0.21428571428545917, 0.2976190476186933, 0.2976190476186933], [0.545454545453719, 0.15151515151492195, 0.10606060606044536, 0.19696969696939853]], "ideal": "A", "sampled": "D", "correct": false}}
{"type": "result", "data": {"idx": 44, "options": ["1", "3", "5", "7"], "observed": [[0.1752577319585822, 0.3092783505151451, 0.3814432989686789, 0.13402061855656286], [0.27777777777746915, 0.29999999999966664, 0.21111111111087655, 0.21111111111087655], [0.32323232323199674, 0.04040404040399959, 0.4646464646459953, 0.17171717171699827], [0.47916666666616753, 0.12499999999986978, 0.2916666666663628, 0.10416666666655816]], "ideal": "D", "sampled": "C", "correct": false}}
{"type": "result", "data": {"idx": 45, "options": ["True, True", "True, False", "False, True", "False, False"], "observed": [[0.04166666666662326, 0.10416666666655816, 0.677083333332628, 0.17708333333314888], [0.35416666666629776, 0.2604166666663954, 0.3854166666662652, 0.0], [0.3092783505151451, 0.16494845360807736, 0.1443298969070677, 0.3814432989686789], [0.08999999999991, 0.02999999999997, 0.83999999999916, 0.03999999999996]], "ideal": "A", "sampled": "B", "correct": false}}
{"type": "result", "data": {"idx": 46, "options": ["\u03c0/12", "\u03c0/6", "\u03c0/3", "2\u03c0/3"], "observed": [[0.025316455696170484, 0.16455696202510814, 0.5443037974676654, 0.2658227848097901], [0.012345679012330437, 0.197530864197287, 0.6666666666658436, 0.12345679012330438], [0.0117647058823391, 0.4941176470582422, 0.27058823529379933, 0.2235294117644429], [0.03896103896098836, 0.12987012986996121, 0.6103896103888177, 0.22077922077893405]], "ideal": "B", "sampled": "D", "correct": false}}
{"type": "result", "data": {"idx": 47, "options": ["3", "pi", "3pi", "3/2"], "observed": [[0.1136363636362345, 0.30681818181783316, 0.556818181817549, 0.0227272727272469], [0.14141414141399858, 0.7171717171709927, 0.020202020201999796, 0.12121212121199877], [0.5773195876282708, 0.09278350515454352, 0.29896907216464025, 0.030927835051514505], [0.4347826086951796, 0.34782608695614364, 0.18478260869545132, 0.03260869565213847]], "ideal": "B", "sampled": "C", "correct": false}}
{"type": "result", "data": {"idx": 48, "options": ["Only (II)", "Only (IV )", "(I) and (IV )", "(II) and (III)"], "observed": [[0.01999999999998, 0.63999999999936, 0.30999999999968997, 0.02999999999997], [0.7999999999992, 0.08999999999991, 0.0999999999999, 0.00999999999999], [0.64999999999935, 0.00999999999999, 0.18999999999981, 0.14999999999985], [0.00999999999999, 0.0, 0.53999999999946, 0.44999999999955]], "ideal": "C", "sampled": "B", "correct": false}}
{"type": "result", "data": {"idx": 49, "options": ["f is Riemann integrable.", "There does not exist a countably infinite E of R such that f is nondifferentiable at every x \\in E.", "There does not exist an uncountable subset E of R such that f is nondifferentiable at every x \\in E.", "None of the above."], "observed": [[0.01999999999998, 0.0, 0.02999999999997, 0.9499999999990499], [0.0, 0.0, 0.999999999999, 0.0], [0.13999999999986, 0.72999999999927, 0.07999999999992, 0.04999999999995], [0.27999999999972, 0.20999999999979, 0.37999999999962, 0.12999999999987]], "ideal": "D", "sampled": "D", "correct": true}}
{"type": "result", "data": {"idx": 50, "options": ["the open first quadrant", "a closed curve", "a ray in the open first quadrant", "a single point"], "observed": [[0.23999999999976, 0.46999999999953, 0.25999999999974, 0.02999999999997], [0.08999999999991, 0.13999999999986, 0.70999999999929, 0.05999999999994], [0.13999999999986, 0.4999999999995, 0.28999999999971, 0.06999999999993], [0.63999999999936, 0.14999999999985, 0.16999999999983, 0.03999999999996]], "ideal": "A", "sampled": "D", "correct": false}}
{"type": "result", "data": {"idx": 51, "options": ["1", "2", "p >= 1", "infinity"], "observed": [[0.10999999999988999, 0.17999999999982, 0.25999999999974, 0.44999999999955], [0.10999999999988999, 0.10999999999988999, 0.71999999999928, 0.05999999999994], [0.11999999999988, 0.64999999999935, 0.1999999999998, 0.02999999999997], [0.25999999999974, 0.24999999999975, 0.16999999999983, 0.31999999999968]], "ideal": "B", "sampled": "D", "correct": false}}
{"type": "result", "data": {"idx": 52, "options": ["f is a homeomorphism.", "f is continuous and one-to-one", "f is continuous.", "f is one-to-one"], "observed": [[0.16999999999983, 0.27999999999972, 0.50999999999949, 0.03999999999996], [0.14999999999985, 0.82999999999917, 0.00999999999999, 0.00999999999999], [0.5999999999994, 0.05999999999994, 0.07999999999992, 0.25999999999974], [0.07999999999992, 0.00999999999999, 0.6899999999993099, 0.21999999999977998]], "ideal": "C", "sampled": "C", "correct": true}}
{"type": "result", "data": {"idx": 53, "options": ["12", "16", "12*sqrt(3)", "16*sqrt(3)"], "observed": [[0.010204081632642649, 0.0, 0.9795918367336943, 0.010204081632642649], [0.03999999999996, 0.72999999999927, 0.22999999999977, 0.0], [0.8686868686859912, 0.13131313131299868, 0.0, 0.0], [0.91999999999908, 0.0, 0.00999999999999, 0.06999999999993]], "ideal": "C", "sampled": "C", "correct": true}}
{"type": "result", "data": {"idx": 54, "options": ["4", "7", "8", "12"], "observed": [[0.12999999999987, 0.03999999999996, 0.40999999999958997, 0.41999999999958], [0.05999999999994, 0.0999999999999, 0.73999999999926, 0.0999999999999], [0.25999999999974, 0.37999999999962, 0.34999999999965, 0.00999999999999], [0.56999999999943, 0.11999999999988, 0.0999999999999, 0.20999999999979]], "ideal": "A", "sampled": "D", "correct": false}}
{"type": "result", "data": {"idx": 55, "options": ["|x| \u2265 0", "|x \u00b7 y| \u2264 |x||y|", "|x| = 0 if and only if x = 0", "|x + y| = |x| + |y|"], "observed": [[0.0999999999999, 0.04999999999995, 0.03999999999996, 0.80999999999919], [0.02999999999997, 0.06999999999993, 0.51999999999948, 0.37999999999962], [0.6199999999993799, 0.18999999999981, 0.08999999999991, 0.0999999999999], [0.41999999999958, 0.42999999999957, 0.08999999999991, 0.05999999999994]], "ideal": "D", "sampled": "D", "correct": true}}
{"type": "result", "data": {"idx": 56, "options": ["4", "5", "6", "7"], "observed": [[0.07999999999968001, 0.15999999999936002, 0.67999999999728, 0.07999999999968001], [0.2608695652162571, 0.21739130434688092, 0.13043478260812855, 0.39130434782438567], [0.14285714285663267, 0.0, 0.5714285714265307, 0.28571428571326535], [0.02083333333328993, 0.02083333333328993, 0.8124999999983072, 0.1458333333330295]], "ideal": "B", "sampled": "B", "correct": true}}
{"type": "result", "data": {"idx": 57, "options": ["1 only", "2 only", "0 and 1 only", "0, 1, and 2 only"], "observed": [[0.0, 0.0, 0.02999999999997, 0.96999999999903], [0.0, 0.0, 0.999999999999, 0.0], [0.13999999999986, 0.84999999999915, 0.0, 0.00999999999999], [0.8999999999991, 0.0, 0.01999999999998, 0.07999999999992]], "ideal": "D", "sampled": "D", "correct": true}}
{"type": "result", "data": {"idx": 58, "options": ["2", "\u03c0", "4", "3\u03c0/2"], "observed": [[0.25252525252499747, 0.4848484848479951, 0.16161616161599837, 0.10101010100999898], [0.51999999999948, 0.08999999999991, 0.30999999999968997, 0.07999999999992], [0.35999999999964, 0.33999999999966, 0.17999999999982, 0.11999999999988], [0.4545454545449954, 0.11111111111099888, 0.33333333333299664, 0.10101010100999898]], "ideal": "C", "sampled": "B", "correct": false}}
{"type": "result", "data": {"idx": 59, "options": ["9", "8", "0", "-5"], "observed": [[0.6944444444425154, 0.19444444444390432, 0.05555555555540123, 0.05555555555540123], [0.8780487804856633, 0.0731707317071386, 0.0, 0.04878048780475907], [0.35483870967627473, 0.09677419354807493, 0.09677419354807493, 0.45161290322434966], [0.40476190476094104, 0.42857142857040814, 0.07142857142840135, 0.09523809523786847]], "ideal": "A", "sampled": "B", "correct": false}}
{"type": "result", "data": {"idx": 60, "options": ["nan", "One", "Two", "Three"], "observed": [[0.07070707070699929, 0.09090909090899908, 0.7272727272719927, 0.11111111111099888], [0.612244897958559, 0.25510204081606624, 0.11224489795906914, 0.020408163265285297], [0.6161616161609937, 0.23232323232299765, 0.0, 0.15151515151499848], [0.35999999999964, 0.0, 0.30999999999968997, 0.32999999999967]], "ideal": "B", "sampled": "C", "correct": false}}
{"type": "result", "data": {"idx": 61, "options": ["20!/2^(10)", "10!/2^9", "10^(20) - 2^(10)", "10^(20) - 100"], "observed": [[0.9583333333323351, 0.04166666666662326, 0.0, 0.0], [0.29885057471230014, 0.0, 0.0, 0.7011494252865504], [0.0, 0.0, 0.9999999999989796, 0.0], [0.0, 0.98999999999901, 0.00999999999999, 0.0]], "ideal": "A", "sampled": "A", "correct": true}}
{"type": "result", "data": {"idx": 62, "options": ["It is possible to place an linear order relation \u2264 on the complex numbers C such that (C, +, \u00d7, \u2264) is not an ordered field.", "It is possible to place a linear order relation on the complex numbers C which make (C, +, \u00d7, \u2264) an ordered field.", "Neither (a) nor (b)", "Both (a) and (b)."], "observed": [[0.32999999999967, 0.00999999999999, 0.21999999999977998, 0.43999999999955997], [0.03999999999996, 0.08999999999991, 0.13999999999986, 0.72999999999927], [0.24999999999975, 0.08999999999991, 0.64999999999935, 0.00999999999999], [0.18999999999981, 0.6199999999993799, 0.0999999999999, 0.08999999999991]], "ideal": "A", "sampled": "A", "correct": true}}
{"type": "result", "data": {"idx": 63, "options": ["1/4", "1/3", "1/2", "2/3"], "observed": [[0.11702127659562019, 0.3617021276591897, 0.14893617021260752, 0.3723404255315188], [0.060606060605999386, 0.030303030302999693, 0.9090909090899908, 0.0], [0.07216494845353386, 0.6597938144323094, 0.02061855670100967, 0.24742268041211604], [0.25999999999974, 0.03999999999996, 0.6999999999993, 0.0]], "ideal": "D", "sampled": "D", "correct": true}}
{"type": "result", "data": {"idx": 64, "options": ["The integers under addition", "The nonzero integers under multiplication", "The nonzero real numbers under multiplication", "The complex numbers under addition"], "observed": [[0.00999999999999, 0.16999999999983, 0.70999999999929, 0.10999999999988999], [0.020202020201999796, 0.3737373737369962, 0.6060606060599939, 0.0], [0.13265306122435444, 0.7653061224481986, 0.0, 0.10204081632642649], [0.27999999999972, 0.01999999999998, 0.33999999999966, 0.35999999999964]], "ideal": "B", "sampled": "D", "correct": false}}
{"type": "result", "data": {"idx": 65, "options": ["4x + 6y", "x + y + 5", "9x + 4y", "4x - 9y"], "observed": [[0.5360824742262514, 0.0, 0.29896907216464025, 0.16494845360807736], [0.3555555555551605, 0.13333333333318517, 0.21111111111087655, 0.29999999999966664], [0.890109890108912, 0.09890109890099022, 0.010989010988998913, 0.0], [0.5773195876282708, 0.030927835051514505, 0.0, 0.3917525773191837]], "ideal": "D", "sampled": "C", "correct": false}}
{"type": "result", "data": {"idx": 66, "options": ["0", "-2", "-sqrt(34)", "-sqrt(35)"], "observed": [[0.0, 0.03333333333329629, 0.7444444444436172, 0.2222222222219753], [0.09230769230755029, 0.4769230769223432, 0.43076923076856805, 0.0], [0.6938775510189921, 0.1632653061221158, 0.04081632653052895, 0.10204081632632236], [0.6049382716041914, 0.024691358024660874, 0.20987654320961743, 0.16049382716029567]], "ideal": "C", "sampled": "C", "correct": true}}
{"type": "result", "data": {"idx": 67, "options": ["II only", "III only", "I and II only", "I and III only"], "observed": [[0.13684210526301385, 0.05263157894731302, 0.6736842105256067, 0.13684210526301385], [0.09473684210516344, 0.2842105263154903, 0.6210526315782936, 0.0], [0.8043478260860822, 0.1086956521737949, 0.08695652173903591, 0.0], [0.888888888887991, 0.020202020201999796, 0.010101010100999898, 0.08080808080799919]], "ideal": "D", "sampled": "C", "correct": false}}
{"type": "result", "data": {"idx": 68, "options": ["\u03c0/3", "\u03c0/4", "\u03c0", "2\u03c0"], "observed": [[0.6170212765950882, 0.22340425531891125, 0.11702127659562019, 0.04255319148931643], [0.040816326530570594, 0.07142857142849854, 0.21428571428549562, 0.6734693877544148], [0.04999999999995, 0.0999999999999, 0.67999999999932, 0.16999999999983], [0.020202020201999796, 0.7979797979789919, 0.13131313131299868, 0.05050505050499949]], "ideal": "A", "sampled": "A", "correct": true}}
{"type": "result", "data": {"idx": 69, "options": ["Sunday", "Monday", "Tuesday", "Wednesday"], "observed": [[0.32323232323199674, 0.17171717171699827, 0.24242424242399754, 0.26262626262599736], [0.2210526315787147, 0.2210526315787147, 0.3999999999995789, 0.15789473684193905], [0.08999999999991, 0.2999999999997, 0.44999999999955, 0.15999999999984], [0.3737373737369962, 0.4444444444439955, 0.09090909090899908, 0.09090909090899908]], "ideal": "A", "sampled": "A", "correct": true}}
{"type": "result", "data": {"idx": 70, "options": ["\u221248/\u03c0 cm/min", "\u22124/(3\u03c0) cm/min", "\u22128/(3\u03c0) cm/min", "\u221216/(3\u03c0) cm/min"], "observed": [[0.16216216216172388, 0.05405405405390796, 0.4054054054043097, 0.3783783783773557], [0.3214285714274235, 0.28571428571326535, 0.214285714284949, 0.17857142857079084], [0.14814814814759947, 0.2222222222213992, 0.1111111111106996, 0.5185185185165981], [0.26666666666622224, 0.04999999999991667, 0.26666666666622224, 0.4166666666659722]], "ideal": "D", "sampled": "C", "correct": false}}
{"type": "result", "data": {"idx": 71, "options": ["The system is consistent.", "The system has infinitely many solutions.", "The sum of any two solutions is a solution.", "Every solution is a scalar multiple of (-5, 1, 1, 0)."], "observed": [[0.03999999999996, 0.0999999999999, 0.37999999999962, 0.47999999999952], [0.02999999999997, 0.21999999999977998, 0.70999999999929, 0.03999999999996], [0.11999999999988, 0.80999999999919, 0.01999999999998, 0.04999999999995], [0.18999999999981, 0.02999999999997, 0.14999999999985, 0.62999999999937]], "ideal": "D", "sampled": "D", "correct": true}}
{"type": "result", "data": {"idx": 72, "options": ["f(c)", "f(e^c)", "f(1/c)", "f(log c)"], "observed": [[0.03157894736838781, 0.8105263157886204, 0.12631578947355124, 0.03157894736838781], [0.6483516483509358, 0.07692307692299238, 0.0879120879119913, 0.1868131868129815], [0.43037974683489827, 0.10126582278468194, 0.34177215189830157, 0.12658227848085243], [0.04395604395599565, 0.23076923076897718, 0.7032967032959304, 0.021978021977997825]], "ideal": "D", "sampled": "B", "correct": false}}
{"type": "result", "data": {"idx": 73, "options": ["I only", "II only", "III only", "I and II only"], "observed": [[0.010869565217379489, 0.0, 0.978260869564154, 0.010869565217379489], [0.0, 0.9302325581384532, 0.06976744186038399, 0.0], [0.9605263157882098, 0.0, 0.039473684210474376, 0.0], [0.010416666666655815, 0.0, 0.010416666666655815, 0.9791666666656467]], "ideal": "D", "sampled": "C", "correct": false}}
{"type": "result", "data": {"idx": 74, "options": ["1/(2e)", "1/e", "e^2/2", "2e"], "observed": [[0.46666666666355555, 0.13333333333244443, 0.19999999999866666, 0.19999999999866666], [0.2631578947361496, 0.34210526315699447, 0.2368421052625346, 0.15789473684168975], [0.5833333333284723, 0.16666666666527777, 0.08333333333263888, 0.16666666666527777], [0.2545454545449917, 0.290909090908562, 0.4181818181810578, 0.03636363636357025]], "ideal": "C", "sampled": "C", "correct": true}}
{"type": "result", "data": {"idx": 75, "options": ["H = 50", "T >= 60", "51 <= H <= 55", "H >= 48 and T >= 48"], "observed": [[0.6428571428564869, 0.11224489795906914, 0.13265306122435444, 0.11224489795906914], [0.4842105263152798, 0.2421052631576399, 0.2631578947365651, 0.010526315789462604], [0.6292134831453604, 0.30337078651651306, 0.05617977528083575, 0.01123595505616715], [0.8777777777768024, 0.09999999999988889, 0.0, 0.02222222222219753]], "ideal": "D", "sampled": "D", "correct": true}}
{"type": "result", "data": {"idx": 76, "options": ["True, True", "True, False", "False, True", "False, False"], "observed": [[0.16494845360807736, 0.4432989690717079, 0.3402061855666596, 0.05154639175252418], [0.40860215053719506, 0.5161290322575095, 0.04301075268812579, 0.032258064516094344], [0.8404255319139995, 0.07446808510630376, 0.04255319148931643, 0.04255319148931643], [0.5463917525767563, 0.02061855670100967, 0.41237113402019343, 0.02061855670100967]], "ideal": "D", "sampled": "C", "correct": false}}
{"type": "result", "data": {"idx": 77, "options": ["2", "1", "0", "-1"], "observed": [[0.677083333332628, 0.281249999999707, 0.04166666666662326, 0.0], [0.7812499999991862, 0.12499999999986978, 0.05208333333327908, 0.04166666666662326], [0.23999999999976, 0.08999999999991, 0.25999999999974, 0.40999999999958997], [0.03999999999996, 0.10999999999988999, 0.8199999999991799, 0.02999999999997]], "ideal": "C", "sampled": "B", "correct": false}}
{"type": "result", "data": {"idx": 78, "options": ["x^2/9", "x^2/8", "x^2/4", "x^2"], "observed": [[0.15999999999984, 0.54999999999945, 0.27999999999972, 0.00999999999999], [0.16999999999983, 0.60999999999939, 0.00999999999999, 0.20999999999979], [0.27999999999972, 0.06999999999993, 0.12999999999987, 0.51999999999948], [0.02999999999997, 0.07999999999992, 0.58999999999941, 0.2999999999997]], "ideal": "B", "sampled": "B", "correct": true}}
{"type": "result", "data": {"idx": 79, "options": ["True, True", "True, False", "False, True", "False, False"], "observed": [[0.21111111111087655, 0.12222222222208642, 0.5555555555549383, 0.11111111111098765], [0.39024390243854845, 0.2439024390240928, 0.35365853658493457, 0.012195121951204639], [0.3516483516479652, 0.09890109890099022, 0.30769230769196954, 0.24175824175797608], [0.13684210526301385, 0.05263157894731302, 0.7684210526307701, 0.04210526315785042]], "ideal": "B", "sampled": "B", "correct": true}}
{"type": "result", "data": {"idx": 80, "options": ["R", "The set of all functions from Z to Z", "The set of all functions from R to {0, 1}", "The set of all finite subsets of R"], "observed": [[0.00999999999999, 0.8999999999991, 0.06999999999993, 0.01999999999998], [0.7857142857134839, 0.010204081632642649, 0.051020408163213245, 0.15306122448963974], [0.7422680412363482, 0.0, 0.18556701030908704, 0.07216494845353386], [0.040816326530570594, 0.010204081632642649, 0.8673469387746251, 0.08163265306114119]], "ideal": "C", "sampled": "B", "correct": false}}
{"type": "result", "data": {"idx": 81, "options": ["24", "30", "32", "36"], "observed": [[0.13636363636301654, 0.13636363636301654, 0.4090909090890496, 0.31818181818037194], [0.399999999996, 0.199999999998, 0.199999999998, 0.199999999998], [0.8888888888790123, 0.11111111110987654, 0.0, 0.0], [0.24999999999791667, 0.16666666666527777, 0.16666666666527777, 0.41666666666319446]], "ideal": "B", "sampled": "C", "correct": false}}
{"type": "result", "data": {"idx": 82, "options": ["4", "6", "8", "9"], "observed": [[0.18999999999981, 0.08999999999991, 0.65999999999934, 0.05999999999994], [0.07999999999992, 0.11999999999988, 0.7999999999992, 0.0], [0.58999999999941, 0.3999999999996, 0.00999999999999, 0.0], [0.4999999999995, 0.02999999999997, 0.36999999999963, 0.0999999999999]], "ideal": "B", "sampled": "D", "correct": false}}
{"type": "result", "data": {"idx": 83, "options": ["27", "28", "35", "37"], "observed": [[0.14999999999985, 0.05999999999994, 0.63999999999936, 0.14999999999985], [0.17999999999982, 0.21999999999977998, 0.55999999999944, 0.03999999999996], [0.56999999999943, 0.25999999999974, 0.14999999999985, 0.01999999999998], [0.30303030302999695, 0.15151515151499848, 0.31313131313099685, 0.23232323232299765]], "ideal": "C", "sampled": "C", "correct": true}}
