{"type": "result", "data": {"idx": 1, "options": ["No effect No effect", "No effect Understated", "Understated No effect", "Understated Understated"], "observed": [[0.0, 0.40999999999958997, 0.2999999999997, 0.28999999999971], [0.33999999999966, 0.21999999999977998, 0.42999999999957, 0.00999999999999], [0.82999999999917, 0.0999999999999, 0.02999999999997, 0.03999999999996], [0.57999999999942, 0.00999999999999, 0.24999999999975, 0.15999999999984]], "ideal": "B", "sampled": "C", "correct": false}}
{"type": "result", "data": {"idx": 12, "options": ["Engagement performance.", "Risk analysis.", "Safeguarding of assets.", "Information processing."], "observed": [[0.53999999999946, 0.45999999999954, 0.0, 0.0], [0.50999999999949, 0.0, 0.0, 0.48999999999951], [0.0, 0.0, 0.999999999999, 0.0], [0.0, 0.9499999999990499, 0.04999999999995, 0.0]], "ideal": "A", "sampled": "A", "correct": true}}
{"type": "result", "data": {"idx": 13, "options": ["$18,000", "$22,500", "$25,000", "$40,500"], "observed": [[0.03614457831320946, 0.469879518071723, 0.33734939758995497, 0.15662650602390768], [0.03614457831320946, 0.2289156626503266, 0.24096385542139642, 0.4939759036138627], [0.0, 0.048780487804818556, 0.5121951219505949, 0.43902439024336704], [0.03296703296699674, 0.4065934065929598, 0.48351648351595217, 0.07692307692299238]], "ideal": "B", "sampled": "A", "correct": false}}
{"type": "result", "data": {"idx": 14, "options": ["$100 billion", "$80 billion", "$20 billion", "$10 billion"], "observed": [[0.16494845360807736, 0.7010309278343289, 0.13402061855656286, 0.0], [0.2727272727269628, 0.3863636363631973, 0.23863636363609245, 0.10227272727261105], [0.12359550561783865, 0.14606741573017296, 0.4157303370781846, 0.3146067415726802], [0.0, 0.21505376344062896, 0.720430107526107, 0.06451612903218869]], "ideal": "C", "sampled": "B", "correct": false}}
{"type": "result", "data": {"idx": 17, "options": ["Issue either an adverse opinion or a qualified opinion depending on materiality because of the departure from GAAP.", "Add a separate paragraph to the accountant's report that restricts the distribution of the financial statements to \u201a\u00c4\u00fainternal use only.\u201a\u00c4\u00f9", "Add a separate paragraph to the accountant's report that discloses the departure from GAAP and its effects on the financial statements.", "Add a separate paragraph to the accountant's report that explains the underlying purpose of recording assets at historical cost."], "observed": [[0.0, 0.0, 0.999999999999, 0.0], [0.0, 0.999999999999, 0.0, 0.0], [0.999999999999, 0.0, 0.0, 0.0], [0.0, 0.0, 0.0, 0.999999999999]], "ideal": "C", "sampled": "C", "correct": true}}
{"type": "result", "data": {"idx": 20, "options": ["Maintain appropriate written source documents so the data can be re-entered if it is lost or compromised", "Maintain redundant systems for instant availability to assure the flow of transactions", "Review additional expenses to obtain the required amount of business interruption insurance coverage for the organization", "Assure that appropriate data backups are stored in an off-site location"], "observed": [[0.0, 0.999999999999, 0.0, 0.0], [0.999999999999, 0.0, 0.0, 0.0], [0.0, 0.0, 0.0, 0.999999999999], [0.0, 0.0, 0.999999999999, 0.0]], "ideal": "B", "sampled": "B", "correct": true}}
{"type": "result", "data": {"idx": 24, "options": ["No contract was formed because the offer failed to state an expiration date.", "No contract was formed because Sands received the revocation of the offer before Sands accepted the offer", "A contract was formed on the day Jackson received Sands\u2019 acceptance", "A contract was formed on the day Sands mailed the acceptance to Jackson"], "observed": [[0.0, 0.05999999999994, 0.18999999999981, 0.7499999999992499], [0.00999999999999, 0.11999999999988, 0.86999999999913, 0.0], [0.12999999999987, 0.78999999999921, 0.0, 0.07999999999992], [0.10999999999988999, 0.0, 0.15999999999984, 0.72999999999927]], "ideal": "D", "sampled": "D", "correct": true}}
{"type": "result", "data": {"idx": 25, "options": ["$1600 $1200", "$1600 $2800", "$0 $1200", "$0 $2800"], "observed": [[0.2886597938141354, 0.628865979380795, 0.07216494845353386, 0.010309278350504835], [0.21212121212099785, 0.060606060605999386, 0.4242424242419957, 0.30303030302999695], [0.02999999999997, 0.0999999999999, 0.4999999999995, 0.36999999999963], [0.00999999999999, 0.14999999999985, 0.82999999999917, 0.00999999999999]], "ideal": "B", "sampled": "B", "correct": true}}
{"type": "result", "data": {"idx": 28, "options": ["Provide reasonable assurance that personnel are adequately trained to fulfill their responsibilities.", "Minimize the likelihood of associating with clients whose management lacks integrity.", "Document the matters that are required to be communicated to the audit committee.", "Enhance the auditor's understanding of the client's business and its industry."], "observed": [[0.0, 0.999999999999, 0.0, 0.0], [0.999999999999, 0.0, 0.0, 0.0], [0.0, 0.0, 0.0, 0.999999999999], [0.0, 0.0, 0.999999999999, 0.0]], "ideal": "B", "sampled": "B", "correct": true}}
{"type": "result", "data": {"idx": 29, "options": ["$100", "$85", "$82", "$75"], "observed": [[0.01999999999998, 0.42999999999957, 0.53999999999946, 0.00999999999999], [0.53999999999946, 0.42999999999957, 0.02999999999997, 0.0], [0.8999999999991, 0.06999999999993, 0.00999999999999, 0.01999999999998], [0.24242424242399754, 0.11111111111099888, 0.24242424242399754, 0.4040404040399959]], "ideal": "C", "sampled": "C", "correct": true}}
{"type": "result", "data": {"idx": 31, "options": ["Statements on Auditing Standards", "Statements on Standards for Attestation Engagements", "Statements on Standards for Accounting and Review Services", "Statements on Standards for Consulting Services"], "observed": [[0.0, 0.999999999999, 0.0, 0.0], [0.93999999999906, 0.0, 0.0, 0.05999999999994], [0.0, 0.0, 0.8999999999991, 0.0999999999999], [0.0, 0.0, 0.999999999999, 0.0]], "ideal": "B", "sampled": "B", "correct": true}}
{"type": "result", "data": {"idx": 33, "options": ["Not refer to the change in the auditor\u2019s report.", "Refer to the note in the financial statements that discusses the change.", "Refer to the change in an emphasis-of-matter paragraph.", "Explicitly state whether the change conforms with GAAP."], "observed": [[0.83999999999916, 0.15999999999984, 0.0, 0.0], [0.02999999999997, 0.00999999999999, 0.0, 0.95999999999904], [0.0, 0.0, 0.999999999999, 0.0], [0.0, 0.88999999999911, 0.10999999999988999, 0.0]], "ideal": "A", "sampled": "A", "correct": true}}
{"type": "result", "data": {"idx": 38, "options": ["6 percent", "6.25 percent", "10 percent", "10.4 percent"], "observed": [[0.11224489795906914, 0.6734693877544148, 0.10204081632642649, 0.11224489795906914], [0.4639175257727176, 0.02061855670100967, 0.47422680412322243, 0.04123711340201934], [0.021739130434758978, 0.6086956521732514, 0.14130434782593337, 0.22826086956496927], [0.2717391304344872, 0.08695652173903591, 0.6086956521732514, 0.03260869565213847]], "ideal": "D", "sampled": "B", "correct": false}}
{"type": "result", "data": {"idx": 40, "options": ["$0", "$5,000", "$30,000", "$35,000"], "observed": [[0.0, 0.52999999999947, 0.07999999999992, 0.38999999999961], [0.27999999999972, 0.01999999999998, 0.67999999999932, 0.01999999999998], [0.0, 0.13999999999986, 0.06999999999993, 0.78999999999921], [0.03999999999996, 0.00999999999999, 0.72999999999927, 0.21999999999977998]], "ideal": "C", "sampled": "B", "correct": false}}
{"type": "result", "data": {"idx": 42, "options": ["Liable to pay State on the due date of the note.", "Liable to pay State only if State first seeks payment from Royal.", "Not liable to pay State because Royal's incompetency discharges Royal as a surety.", "Not liable to pay State unless Brown was a compensated surety."], "observed": [[0.02999999999997, 0.77999999999922, 0.12999999999987, 0.05999999999994], [0.72999999999927, 0.15999999999984, 0.10999999999988999, 0.0], [0.25999999999974, 0.12999999999987, 0.22999999999977, 0.37999999999962], [0.40999999999958997, 0.00999999999999, 0.48999999999951, 0.08999999999991]], "ideal": "A", "sampled": "B", "correct": false}}
{"type": "result", "data": {"idx": 50, "options": ["(4,2),(2,2),(2,3)", "(2,2),(2,3),(4,2)", "(2,2),(4,2),(2,3)", "(2,3),(2,2),(4,2)"], "observed": [[0.08999999999991, 0.10999999999988999, 0.7999999999992, 0.0], [0.14999999999985, 0.17999999999982, 0.66999999999933, 0.0], [0.18999999999981, 0.03999999999996, 0.76999999999923, 0.0], [0.11999999999988, 0.02999999999997, 0.8199999999991799, 0.02999999999997]], "ideal": "A", "sampled": "C", "correct": false}}
{"type": "result", "data": {"idx": 51, "options": ["$2,500", "$3,700", "$4,400", "4900"], "observed": [[0.08421052631570083, 0.3578947368417285, 0.5157894736836676, 0.04210526315785042], [0.13265306122435444, 0.377551020407778, 0.22448979591813828, 0.2653061224487089], [0.010101010100999898, 0.07070707070699929, 0.787878787877992, 0.13131313131299868], [0.010204081632642649, 0.17346938775492504, 0.7653061224481986, 0.051020408163213245]], "ideal": "A", "sampled": "B", "correct": false}}
{"type": "result", "data": {"idx": 54, "options": ["Tests of details typically provide a low level of assurance.", "Analytical procedures are an inefficient means of obtaining assurance.", "The procedures to be applied on a particular engagement are a matter of the auditor\u2019s professional judgment.", "The use of tests of controls should be considered without regard to the level of assurance required."], "observed": [[0.0, 0.0, 0.999999999999, 0.0], [0.0, 0.999999999999, 0.0, 0.0], [0.999999999999, 0.0, 0.0, 0.0], [0.0, 0.0, 0.0, 0.999999999999]], "ideal": "C", "sampled": "C", "correct": true}}
{"type": "result", "data": {"idx": 56, "options": ["The JIT approach usually involves a large number of suppliers while traditional approaches usually involve only a small number of suppliers.", "The JIT approach requires centralized purchasing while traditional approaches encourage purchasing decisions by production employees.", "The JIT approach uses a push-through system while traditional approaches use a pull-through system.", "The JIT approach operates with low inventory levels while traditional approaches may operate with high inventory levels."], "observed": [[0.0, 0.0, 0.0, 0.999999999999], [0.0, 0.0, 0.999999999999, 0.0], [0.0, 0.999999999999, 0.0, 0.0], [0.999999999999, 0.0, 0.0, 0.0]], "ideal": "D", "sampled": "D", "correct": true}}
{"type": "result", "data": {"idx": 57, "options": ["$4,000,000", "$5,000,000", "$8,000,000", "$8,500,000"], "observed": [[0.11999999999988, 0.13999999999986, 0.66999999999933, 0.06999999999993], [0.03999999999996, 0.34999999999965, 0.57999999999942, 0.02999999999997], [0.22999999999977, 0.45999999999954, 0.26999999999973, 0.03999999999996], [0.25999999999974, 0.14999999999985, 0.48999999999951, 0.0999999999999]], "ideal": "D", "sampled": "D", "correct": true}}
{"type": "result", "data": {"idx": 60, "options": ["Is absolute.", "Is conditioned upon the demanding shareholder owning at least $5000 worth of stock.", "Requires that the demand to inspect be for a proper purpose.", "Exists only when fraud or illegality is alleged."], "observed": [[0.0, 0.0, 0.999999999999, 0.0], [0.0, 0.999999999999, 0.0, 0.0], [0.999999999999, 0.0, 0.0, 0.0], [0.0, 0.0, 0.0, 0.999999999999]], "ideal": "C", "sampled": "C", "correct": true}}
{"type": "result", "data": {"idx": 61, "options": ["Make inquiries of management concerning restrictions on the availability of cash balances.", "Communicate deficiencies in the design of internal control to the entity's audit committee.", "Examine trend analysis to determine the appropriateness of the CPA's assessment of detection risk.", "Evaluate management's plans for dealing with negative trends and financial difficulties."], "observed": [[0.07999999999992, 0.01999999999998, 0.01999999999998, 0.8799999999991199], [0.0, 0.00999999999999, 0.98999999999901, 0.0], [0.01999999999998, 0.95999999999904, 0.01999999999998, 0.0], [0.83999999999916, 0.01999999999998, 0.13999999999986, 0.0]], "ideal": "A", "sampled": "D", "correct": false}}
{"type": "result", "data": {"idx": 62, "options": ["$260,000", "$280,000", "$320,000", "340000"], "observed": [[0.17346938775492504, 0.19387755102021031, 0.6224489795912016, 0.010204081632642649], [0.19191919191899806, 0.6161616161609937, 0.12121212121199877, 0.07070707070699929], [0.27999999999972, 0.11999999999988, 0.52999999999947, 0.06999999999993], [0.040816326530570594, 0.4591836734689192, 0.4591836734689192, 0.040816326530570594]], "ideal": "D", "sampled": "C", "correct": false}}
{"type": "result", "data": {"idx": 63, "options": ["$9,000", "$19,000", "$24,000", "34000"], "observed": [[0.07070707070699929, 0.4242424242419957, 0.5050505050499949, 0.0], [0.15999999999984, 0.52999999999947, 0.1999999999998, 0.10999999999988999], [0.04040404040399959, 0.4747474747469952, 0.07070707070699929, 0.4141414141409958], [0.01999999999998, 0.0, 0.84999999999915, 0.12999999999987]], "ideal": "A", "sampled": "B", "correct": false}}
{"type": "result", "data": {"idx": 64, "options": ["$0", "$40,000", "$50,000", "$90,000"], "observed": [[0.17999999999982, 0.78999999999921, 0.02999999999997, 0.0], [0.70999999999929, 0.03999999999996, 0.0, 0.24999999999975], [0.01999999999998, 0.0, 0.13999999999986, 0.83999999999916], [0.0, 0.17999999999982, 0.8199999999991799, 0.0]], "ideal": "B", "sampled": "B", "correct": true}}
{"type": "result", "data": {"idx": 70, "options": ["36000", "33000", "24000", "12000"], "observed": [[0.3999999999996, 0.4999999999995, 0.0999999999999, 0.0], [0.393939393938996, 0.34343434343399654, 0.16161616161599837, 0.10101010100999898], [0.13999999999986, 0.06999999999993, 0.60999999999939, 0.17999999999982], [0.04999999999995, 0.26999999999973, 0.65999999999934, 0.01999999999998]], "ideal": "B", "sampled": "B", "correct": true}}
{"type": "result", "data": {"idx": 71, "options": ["$100,000", "$100,276", "$100,414", "$100,552"], "observed": [[0.0, 0.15999999999984, 0.73999999999926, 0.0999999999999], [0.17346938775492504, 0.6836734693870574, 0.14285714285699708, 0.0], [0.41999999999958, 0.51999999999948, 0.00999999999999, 0.04999999999995], [0.5151515151509948, 0.0, 0.4040404040399959, 0.08080808080799919]], "ideal": "C", "sampled": "C", "correct": true}}
{"type": "result", "data": {"idx": 72, "options": ["$6,000", "$16,000", "$36,000", "46000"], "observed": [[0.02999999999997, 0.23999999999976, 0.67999999999932, 0.04999999999995], [0.030303030302999693, 0.3737373737369962, 0.595959595958994, 0.0], [0.08999999999991, 0.42999999999957, 0.38999999999961, 0.08999999999991], [0.060606060605999386, 0.020202020201999796, 0.8686868686859912, 0.05050505050499949]], "ideal": "A", "sampled": "B", "correct": false}}
{"type": "result", "data": {"idx": 75, "options": ["Variable sampling.", "Discovery sampling.", "Attribute sampling.", "Random-number sampling."], "observed": [[0.999999999999, 0.0, 0.0, 0.0], [0.0, 0.0, 0.0, 0.999999999999], [0.0, 0.0, 0.999999999999, 0.0], [0.0, 0.999999999999, 0.0, 0.0]], "ideal": "A", "sampled": "A", "correct": true}}
{"type": "result", "data": {"idx": 76, "options": ["Management places the same degree of reliance on the files as they do on files generated from mainframe systems.", "Management receives limited information for decision making due to a lack of flexibility in EUC files.", "Management is unable to respond to competitive pressures quickly.", "Management continues to incur additional cost because it takes more hours to do the tasks using EUC."], "observed": [[0.7499999999992499, 0.18999999999981, 0.00999999999999, 0.04999999999995], [0.00999999999999, 0.0, 0.0, 0.98999999999901], [0.0, 0.0, 0.64999999999935, 0.34999999999965], [0.0, 0.8199999999991799, 0.17999999999982, 0.0]], "ideal": "A", "sampled": "A", "correct": true}}
{"type": "result", "data": {"idx": 77, "options": ["Insuring the lives of key executives and listing the entity as beneficiary.", "Selling real estate at a price that differs significantly from its appraised value.", "Making a loan with specific scheduled terms for repayment of the funds.", "Granting stock options to key executives at favorable prices."], "observed": [[0.09090909090899908, 0.07070707070699929, 0.0, 0.8383838383829915], [0.0999999999999, 0.0, 0.8799999999991199, 0.01999999999998], [0.0, 0.0, 0.70999999999929, 0.28999999999971], [0.20408163265285298, 0.0, 0.7959183673461266, 0.0]], "ideal": "B", "sampled": "D", "correct": false}}
{"type": "result", "data": {"idx": 79, "options": ["Purchase of equipment.", "Payment on long-term debt.", "Depreciation.", "Decrease in accounts payable."], "observed": [[0.0, 0.0, 0.999999999999, 0.0], [0.0, 0.96999999999903, 0.02999999999997, 0.0], [0.84999999999915, 0.13999999999986, 0.0, 0.00999999999999], [0.08999999999991, 0.0, 0.0, 0.90999999999909]], "ideal": "C", "sampled": "C", "correct": true}}
{"type": "result", "data": {"idx": 84, "options": ["$8,000", "$7,000", "$5,333", "4667"], "observed": [[0.020408163265285297, 0.040816326530570594, 0.8163265306114119, 0.12244897959171179], [0.01999999999998, 0.8799999999991199, 0.08999999999991, 0.00999999999999], [0.8199999999991799, 0.12999999999987, 0.02999999999997, 0.01999999999998], [0.20408163265285298, 0.0, 0.08163265306114119, 0.7142857142849854]], "ideal": "C", "sampled": "C", "correct": true}}
{"type": "result", "data": {"idx": 88, "options": ["Single.", "Married filing jointly.", "Qualifying widow(er).", "Head of household."], "observed": [[0.01999999999998, 0.0, 0.97999999999902, 0.0], [0.0, 0.67999999999932, 0.0, 0.31999999999968], [0.13999999999986, 0.0, 0.85999999999914, 0.0], [0.0, 0.02999999999997, 0.0, 0.96999999999903]], "ideal": "A", "sampled": "C", "correct": false}}
{"type": "result", "data": {"idx": 92, "options": ["Confirm with those members of management as to whether they are actually option holders.", "Verify the existence of option holders in the issuer's payroll and human resources records.", "Trace the authorization for the options granted to the board of directors' approval.", "Review the public records of the SEC to determine whether the options were properly reported."], "observed": [[0.14999999999985, 0.12999999999987, 0.71999999999928, 0.0], [0.22999999999977, 0.7499999999992499, 0.01999999999998, 0.0], [0.86999999999913, 0.0, 0.01999999999998, 0.10999999999988999], [0.0, 0.0, 0.02999999999997, 0.96999999999903]], "ideal": "C", "sampled": "C", "correct": true}}
{"type": "result", "data": {"idx": 94, "options": ["Charging all costs to expense when incurred.", "Capitalizing all costs when incurred.", "Capitalizing costs specified by management and charging all other costs to expense.", "Accumulating all costs in a separate component of stockholders' equity until the existence of future benefits can be determined."], "observed": [[0.999999999999, 0.0, 0.0, 0.0], [0.0, 0.0, 0.0, 0.999999999999], [0.0, 0.0, 0.999999999999, 0.0], [0.03999999999996, 0.95999999999904, 0.0, 0.0]], "ideal": "A", "sampled": "A", "correct": true}}
{"type": "result", "data": {"idx": 102, "options": ["$280,000.00", "$380,000.00", "$480,000.00", "$580,000.00"], "observed": [[0.23999999999976, 0.50999999999949, 0.24999999999975, 0.0], [0.46999999999953, 0.3999999999996, 0.12999999999987, 0.0], [0.25999999999974, 0.6199999999993799, 0.08999999999991, 0.02999999999997], [0.26262626262599736, 0.23232323232299765, 0.4646464646459953, 0.04040404040399959]], "ideal": "C", "sampled": "B", "correct": false}}
{"type": "result", "data": {"idx": 104, "options": ["$10,000", "$15,000", "$16,000", "18500"], "observed": [[0.3578947368417285, 0.3052631578944155, 0.2736842105260277, 0.06315789473677562], [0.24242424242399754, 0.5454545454539945, 0.13131313131299868, 0.08080808080799919], [0.4545454545449954, 0.04040404040399959, 0.4343434343429956, 0.07070707070699929], [0.09278350515454352, 0.3917525773191837, 0.4536082474222128, 0.06185567010302901]], "ideal": "A", "sampled": "C", "correct": false}}
{"type": "result", "data": {"idx": 108, "options": ["$322,000", "$644,000", "$966,000", "1288000"], "observed": [[0.08510638297863286, 0.5957446808504301, 0.29787234042521504, 0.021276595744658216], [0.5918367346932736, 0.32653061224456476, 0.08163265306114119, 0.0], [0.28409090909058626, 0.15909090909072832, 0.0, 0.556818181817549], [0.11494252873550007, 0.022988505747100013, 0.7586206896543004, 0.10344827586195006]], "ideal": "B", "sampled": "B", "correct": true}}
{"type": "result", "data": {"idx": 109, "options": ["Yes Yes", "Yes No", "No Yes", "No No"], "observed": [[0.00999999999999, 0.10999999999988999, 0.85999999999914, 0.01999999999998], [0.04999999999995, 0.84999999999915, 0.0999999999999, 0.0], [0.08999999999991, 0.25999999999974, 0.00999999999999, 0.63999999999936], [0.01999999999998, 0.02999999999997, 0.54999999999945, 0.3999999999996]], "ideal": "A", "sampled": "C", "correct": false}}
{"type": "result", "data": {"idx": 114, "options": ["Failure to sign a prepared tax return as a tax preparer.", "Failure to provide a copy of a prepared tax return to the taxpayer.", "Failure to notify a taxpayer about an inadvertent error on a tax return filed 10 years ago.", "Failure to retain copies of prepared tax returns or a list of taxpayers for whom such returns were prepared for the last three years."], "observed": [[0.03999999999996, 0.01999999999998, 0.15999999999984, 0.77999999999922], [0.04999999999995, 0.07999999999992, 0.77999999999922, 0.08999999999991], [0.01999999999998, 0.64999999999935, 0.23999999999976, 0.08999999999991], [0.16999999999983, 0.05999999999994, 0.41999999999958, 0.34999999999965]], "ideal": "C", "sampled": "D", "correct": false}}
{"type": "result", "data": {"idx": 115, "options": ["Indicate in the audit report that the emphasis-of-matter paragraph is required by law or regulation.", "Notify the appropriate regulatory authority if the auditor's opinion was modified on the basis of the matter.", "Modify the introductory paragraph to direct the reader to the emphasis-of-matter paragraph.", "Include the paragraph immediately after the opinion paragraph in the audit report."], "observed": [[0.0, 0.0, 0.23999999999976, 0.75999999999924], [0.0, 0.0, 0.999999999999, 0.0], [0.0, 0.999999999999, 0.0, 0.0], [0.999999999999, 0.0, 0.0, 0.0]], "ideal": "D", "sampled": "D", "correct": true}}
{"type": "result", "data": {"idx": 117, "options": ["$3,000 of suspended losses can be utilized each year against portfolio income.", "Suspended losses can be carried forward, but not back, until utilized.", "Suspended losses must be carried back three years and forward seven years.", "A maximum of 50% of the suspended losses can be used each year when an election is made to forgo the carryback period."], "observed": [[0.0, 0.999999999999, 0.0, 0.0], [0.999999999999, 0.0, 0.0, 0.0], [0.0, 0.00999999999999, 0.07999999999992, 0.90999999999909], [0.0, 0.0, 0.999999999999, 0.0]], "ideal": "B", "sampled": "B", "correct": true}}
{"type": "result", "data": {"idx": 121, "options": ["Separate columns for governmental activities business-type activities and discretely presented component units.", "Separate columns for each major governmental fund.", "Separate columns for each nonmajor governmental fund.", "A separate section at the bottom of the statement that shows program and general revenues."], "observed": [[0.999999999999, 0.0, 0.0, 0.0], [0.0, 0.0, 0.0, 0.999999999999], [0.0, 0.0, 0.999999999999, 0.0], [0.0, 0.999999999999, 0.0, 0.0]], "ideal": "A", "sampled": "A", "correct": true}}
{"type": "result", "data": {"idx": 127, "options": ["Lower Lower", "Higher Higher", "Lower Higher", "Higher Lower"], "observed": [[0.07999999999992, 0.03999999999996, 0.43999999999955997, 0.43999999999955997], [0.17999999999982, 0.21999999999977998, 0.58999999999941, 0.00999999999999], [0.38999999999961, 0.60999999999939, 0.0, 0.0], [0.7499999999992499, 0.03999999999996, 0.15999999999984, 0.04999999999995]], "ideal": "A", "sampled": "D", "correct": false}}
{"type": "result", "data": {"idx": 129, "options": ["One year.", "Two years.", "Three years.", "Four years."], "observed": [[0.0, 0.04999999999995, 0.9499999999990499, 0.0], [0.00999999999999, 0.95999999999904, 0.02999999999997, 0.0], [0.52999999999947, 0.33999999999966, 0.00999999999999, 0.11999999999988], [0.0, 0.0, 0.06999999999993, 0.92999999999907]], "ideal": "B", "sampled": "C", "correct": false}}
{"type": "result", "data": {"idx": 135, "options": ["$0", "$6,000", "$8,000", "$12,000"], "observed": [[0.12999999999987, 0.12999999999987, 0.70999999999929, 0.02999999999997], [0.11999999999988, 0.33999999999966, 0.0999999999999, 0.43999999999955997], [0.36999999999963, 0.10999999999988999, 0.41999999999958, 0.0999999999999], [0.05999999999994, 0.25999999999974, 0.28999999999971, 0.38999999999961]], "ideal": "B", "sampled": "C", "correct": false}}
{"type": "result", "data": {"idx": 140, "options": ["Inspection of in-process goods.", "Recording the number of products returned over time.", "Tracking the number of products reworked.", "Tracking warranty expenses over time."], "observed": [[0.0, 0.0, 0.98999999999901, 0.00999999999999], [0.0, 0.92999999999907, 0.06999999999993, 0.0], [0.93999999999906, 0.05999999999994, 0.0, 0.0], [0.05999999999994, 0.01999999999998, 0.06999999999993, 0.84999999999915]], "ideal": "C", "sampled": "C", "correct": true}}
{"type": "result", "data": {"idx": 142, "options": ["Expensed in the year in which the research and development project started.", "Capitalized and depreciated over the term of the research and development project.", "Capitalized and depreciated over its estimated useful life.", "Either capitalized or expensed, but not both, depending on the term of the research and development project."], "observed": [[0.0, 0.00999999999999, 0.33999999999966, 0.64999999999935], [0.0, 0.91999999999908, 0.07999999999992, 0.0], [0.66999999999933, 0.12999999999987, 0.0, 0.1999999999998], [0.02999999999997, 0.0, 0.27999999999972, 0.6899999999993099]], "ideal": "C", "sampled": "C", "correct": true}}
{"type": "result", "data": {"idx": 143, "options": ["$520,000", "$550,000", "$590,000", "$650,000"], "observed": [[0.01999999999998, 0.20999999999979, 0.64999999999935, 0.11999999999988], [0.16999999999983, 0.41999999999958, 0.37999999999962, 0.02999999999997], [0.27272727272699726, 0.3838383838379961, 0.19191919191899806, 0.15151515151499848], [0.2653061224487089, 0.15306122448963974, 0.36734693877513536, 0.21428571428549562]], "ideal": "B", "sampled": "C", "correct": false}}
{"type": "result", "data": {"idx": 145, "options": ["Accruals are concerned with expected future cash receipts and payments while deferrals are concerned with past cash receipts and payments.", "Accruals are concerned with past cash receipts and payments while deferrals are concerned with expected future cash receipts and payments.", "Both accruals and deferrals are concerned with expected future cash receipts and payments.", "Both accruals and deferrals are concerned with past cash receipts and payments."], "observed": [[0.66999999999933, 0.0999999999999, 0.22999999999977, 0.0], [0.0, 0.0, 0.0, 0.999999999999], [0.01999999999998, 0.0, 0.27999999999972, 0.6999999999993], [0.0, 0.60999999999939, 0.37999999999962, 0.00999999999999]], "ideal": "A", "sampled": "A", "correct": true}}
{"type": "result", "data": {"idx": 147, "options": ["Incorporation costs.", "Temporary directors\u2019 fees.", "Stock issuance costs.", "Organizational meeting costs."], "observed": [[0.22999999999977, 0.24999999999975, 0.42999999999957, 0.08999999999991], [0.14999999999985, 0.50999999999949, 0.13999999999986, 0.1999999999998], [0.12999999999987, 0.14999999999985, 0.06999999999993, 0.64999999999935], [0.34999999999965, 0.05999999999994, 0.38999999999961, 0.1999999999998]], "ideal": "C", "sampled": "B", "correct": false}}
{"type": "result", "data": {"idx": 148, "options": ["Measuring the performance gap", "Standard measurement", "Benchmarking", "Variance management"], "observed": [[0.0, 0.0, 0.999999999999, 0.0], [0.0, 0.999999999999, 0.0, 0.0], [0.85999999999914, 0.00999999999999, 0.12999999999987, 0.0], [0.0, 0.0, 0.0, 0.999999999999]], "ideal": "C", "sampled": "C", "correct": true}}
{"type": "result", "data": {"idx": 149, "options": ["$12.20", "$12.80", "$15.80", "18.2"], "observed": [[0.25999999999974, 0.54999999999945, 0.16999999999983, 0.01999999999998], [0.4545454545449954, 0.19191919191899806, 0.060606060605999386, 0.29292929292899705], [0.15151515151499848, 0.030303030302999693, 0.4545454545449954, 0.36363636363599633], [0.0, 0.57999999999942, 0.35999999999964, 0.05999999999994]], "ideal": "A", "sampled": "B", "correct": false}}
{"type": "result", "data": {"idx": 154, "options": ["Permanent Permanent", "Permanent Special revenue", "Special revenue Permanent", "Special revenue Special revenue"], "observed": [[0.15999999999984, 0.04999999999995, 0.77999999999922, 0.00999999999999], [0.08999999999991, 0.75999999999924, 0.14999999999985, 0.0], [0.28999999999971, 0.52999999999947, 0.06999999999993, 0.10999999999988999], [0.16999999999983, 0.00999999999999, 0.28999999999971, 0.52999999999947]], "ideal": "B", "sampled": "C", "correct": false}}
{"type": "result", "data": {"idx": 157, "options": ["Management reputation for failing to provide schedules to prior auditors on a timely basis.", "The CPA's inability to review the predecessor auditor's working papers.", "Management's unwillingness to make all financial records available to the CPA.", "The CPA's lack of understanding of the entity's operations and industry."], "observed": [[0.02999999999997, 0.0, 0.93999999999906, 0.02999999999997], [0.0, 0.96999999999903, 0.02999999999997, 0.0], [0.82999999999917, 0.03999999999996, 0.12999999999987, 0.0], [0.02999999999997, 0.0, 0.0, 0.96999999999903]], "ideal": "C", "sampled": "C", "correct": true}}
{"type": "result", "data": {"idx": 158, "options": ["Material misrepresentation and breach of contract.", "Freedom from contributory negligence and loss.", "Scienter and justifiable reliance.", "Intent to deceive and privity."], "observed": [[0.0, 0.0, 0.999999999999, 0.0], [0.0, 0.999999999999, 0.0, 0.0], [0.999999999999, 0.0, 0.0, 0.0], [0.0, 0.0, 0.0, 0.999999999999]], "ideal": "C", "sampled": "C", "correct": true}}
{"type": "result", "data": {"idx": 166, "options": ["$4,000 loss.", "No gain or loss.", "$6,000 gain.", "$36,000 gain."], "observed": [[0.77999999999922, 0.13999999999986, 0.07999999999992, 0.0], [0.07999999999992, 0.12999999999987, 0.00999999999999, 0.77999999999922], [0.01999999999998, 0.00999999999999, 0.38999999999961, 0.57999999999942], [0.0, 0.75999999999924, 0.15999999999984, 0.07999999999992]], "ideal": "B", "sampled": "A", "correct": false}}
{"type": "result", "data": {"idx": 169, "options": ["Novation.", "Accord and satisfaction.", "Anticipatory repudiation.", "Impossibility of performance."], "observed": [[0.0, 0.0, 0.0, 0.999999999999], [0.0, 0.0, 0.999999999999, 0.0], [0.0, 0.999999999999, 0.0, 0.0], [0.999999999999, 0.0, 0.0, 0.0]], "ideal": "D", "sampled": "D", "correct": true}}
{"type": "result", "data": {"idx": 178, "options": ["$35,000 ordinary loss.", "$35,000 capital loss.", "$50,000 ordinary loss.", "$50,000 capital loss."], "observed": [[0.11999999999988, 0.02999999999997, 0.84999999999915, 0.0], [0.0, 0.82999999999917, 0.05999999999994, 0.10999999999988999], [0.03999999999996, 0.01999999999998, 0.93999999999906, 0.0], [0.0, 0.92999999999907, 0.03999999999996, 0.02999999999997]], "ideal": "C", "sampled": "A", "correct": false}}
{"type": "result", "data": {"idx": 180, "options": ["$75,000", "$300,000", "$375,000", "475000"], "observed": [[0.0, 0.0, 0.9494949494939904, 0.05050505050499949], [0.0, 0.11224489795906914, 0.8877551020399105, 0.0], [0.19387755102021031, 0.6938775510197002, 0.020408163265285297, 0.09183673469378384], [0.06185567010302901, 0.0, 0.05154639175252418, 0.8865979381434158]], "ideal": "C", "sampled": "C", "correct": true}}
{"type": "result", "data": {"idx": 181, "options": ["Verify that the financial information supplied by the entity agrees with the books of original entry.", "Perform preliminary analytical procedures to identify accounts that may represent specific risks relevant to the engagement.", "Make inquiries of management concerning the entity's procedures used in adjusting and closing the books of account.", "Obtain an understanding of any specialized financial reporting frameworks and practices used in the entity's industry."], "observed": [[0.0, 0.10999999999988999, 0.83999999999916, 0.04999999999995], [0.50999999999949, 0.11999999999988, 0.36999999999963, 0.0], [0.77999999999922, 0.21999999999977998, 0.0, 0.0], [0.95999999999904, 0.0, 0.00999999999999, 0.02999999999997]], "ideal": "D", "sampled": "C", "correct": false}}
{"type": "result", "data": {"idx": 182, "options": ["Verify the account balance by inspecting the client's bank statements and cash receipt records.", "Select at random a different account for confirmation that is approximately the same size.", "Request the client's management to document the matter in the management representation letter.", "Explain to the client that the request will most likely cause the auditor to disclaim an opinion."], "observed": [[0.00999999999999, 0.01999999999998, 0.96999999999903, 0.0], [0.00999999999999, 0.84999999999915, 0.13999999999986, 0.0], [0.8199999999991799, 0.17999999999982, 0.0, 0.0], [0.21999999999977998, 0.04999999999995, 0.16999999999983, 0.55999999999944]], "ideal": "A", "sampled": "C", "correct": false}}
{"type": "result", "data": {"idx": 184, "options": ["Theory of constraints.", "Economic order quantity.", "Balanced scorecard.", "Cost-variance analysis."], "observed": [[0.999999999999, 0.0, 0.0, 0.0], [0.0, 0.0, 0.0, 0.999999999999], [0.0, 0.0, 0.999999999999, 0.0], [0.0, 0.999999999999, 0.0, 0.0]], "ideal": "A", "sampled": "A", "correct": true}}
{"type": "result", "data": {"idx": 186, "options": ["Stock price will likely decrease.", "Cost of equity will likely remain stable.", "Cost of equity will likely decrease.", "Stock price will likely remain stable."], "observed": [[0.10999999999988999, 0.12999999999987, 0.6999999999993, 0.05999999999994], [0.57999999999942, 0.37999999999962, 0.03999999999996, 0.0], [0.62999999999937, 0.01999999999998, 0.27999999999972, 0.06999999999993], [0.18999999999981, 0.0999999999999, 0.4999999999995, 0.20999999999979]], "ideal": "C", "sampled": "C", "correct": true}}
{"type": "result", "data": {"idx": 188, "options": ["$0", "$25,000", "$40,000", "65000"], "observed": [[0.11999999999988, 0.57999999999942, 0.26999999999973, 0.02999999999997], [0.14999999999985, 0.16999999999983, 0.18999999999981, 0.48999999999951], [0.01999999999998, 0.18999999999981, 0.65999999999934, 0.12999999999987], [0.07999999999992, 0.37999999999962, 0.4999999999995, 0.03999999999996]], "ideal": "B", "sampled": "A", "correct": false}}
{"type": "result", "data": {"idx": 191, "options": ["They can be issued by firms.", "Their payouts (i.e. dividend or coupons) are made after corporation tax has already been deducted.", "Their payouts (i.e. dividends or coupons) are made before corporation tax has been deducted.", "They can be traded on the secondary market."], "observed": [[0.06999999999993, 0.00999999999999, 0.90999999999909, 0.00999999999999], [0.25999999999974, 0.34999999999965, 0.37999999999962, 0.00999999999999], [0.41999999999958, 0.06999999999993, 0.03999999999996, 0.46999999999953], [0.48999999999951, 0.0, 0.07999999999992, 0.42999999999957]], "ideal": "B", "sampled": "C", "correct": false}}
{"type": "result", "data": {"idx": 197, "options": ["$3,750,000.00", "$480,000", "$300,000", "$1,500,000"], "observed": [[0.899999999998875, 0.02499999999996875, 0.0, 0.07499999999990625], [0.04999999999991667, 0.03333333333327778, 0.6999999999988333, 0.21666666666630555], [0.0, 0.720430107526107, 0.2688172043007862, 0.010752688172031448], [0.13095238095222506, 0.8571428571418367, 0.011904761904747731, 0.0]], "ideal": "B", "sampled": "A", "correct": false}}
{"type": "result", "data": {"idx": 199, "options": ["All accounts do not have an equal opportunity to be selected for confirmation.", "Accounts unconfirmed may have already been written off as uncollectible.", "Few responses may occur because more effort is required of recipients.", "Accounts actually confirmed may not be representative of the population."], "observed": [[0.2999999999997, 0.05999999999994, 0.1999999999998, 0.43999999999955997], [0.07999999999992, 0.10999999999988999, 0.7499999999992499, 0.05999999999994], [0.27999999999972, 0.20999999999979, 0.48999999999951, 0.01999999999998], [0.33999999999966, 0.37999999999962, 0.11999999999988, 0.15999999999984]], "ideal": "C", "sampled": "D", "correct": false}}
{"type": "result", "data": {"idx": 200, "options": ["40.00%", "10.00%", "4.00%", "0.025"], "observed": [[0.468354430379154, 0.18987341772127864, 0.2658227848097901, 0.07594936708851145], [0.0, 0.22826086956496927, 0.510869565216836, 0.26086956521710775], [0.2268041237111064, 0.3917525773191837, 0.2268041237111064, 0.15463917525757254], [0.39772727272682074, 0.15909090909072832, 0.26136363636333937, 0.1818181818179752]], "ideal": "D", "sampled": "D", "correct": true}}
{"type": "result", "data": {"idx": 211, "options": ["The ranking of projects by NPV is invariant to changes in the market rate", "The IRR will always agree with NPV metric", "The IRR never changes the ranking of the projects", "We should use a single metric, like the NPV or the IRR, to have a coherent comparison"], "observed": [[0.08999999999991, 0.01999999999998, 0.01999999999998, 0.86999999999913], [0.0, 0.0, 0.86999999999913, 0.12999999999987], [0.0, 0.95999999999904, 0.03999999999996, 0.0], [0.60999999999939, 0.15999999999984, 0.22999999999977, 0.0]], "ideal": "C", "sampled": "D", "correct": false}}
{"type": "result", "data": {"idx": 213, "options": ["$110", "$140", "$190", "200"], "observed": [[0.677083333332628, 0.15624999999983724, 0.16666666666649305, 0.0], [0.13684210526301385, 0.38947368421011636, 0.05263157894731302, 0.42105263157850414], [0.3163265306119221, 0.020408163265285297, 0.6428571428564869, 0.020408163265285297], [0.08163265306114119, 0.6734693877544148, 0.22448979591813828, 0.020408163265285297]], "ideal": "C", "sampled": "A", "correct": false}}
{"type": "result", "data": {"idx": 215, "options": ["By recognizing $10,000 in other comprehensive income.", "By recognizing $15,000 in other comprehensive income.", "By recognizing $15,000 in profit or loss.", "By recognizing $10,000 in profit or loss and $5,000 in other comprehensive income."], "observed": [[0.41999999999958, 0.56999999999943, 0.00999999999999, 0.0], [0.64999999999935, 0.0, 0.24999999999975, 0.0999999999999], [0.0, 0.20999999999979, 0.72999999999927, 0.05999999999994], [0.03999999999996, 0.44999999999955, 0.50999999999949, 0.0]], "ideal": "D", "sampled": "B", "correct": false}}
{"type": "result", "data": {"idx": 218, "options": ["Yes Yes", "Yes No", "No Yes", "No No"], "observed": [[0.84999999999915, 0.06999999999993, 0.07999999999992, 0.0], [0.7999999999992, 0.17999999999982, 0.0, 0.01999999999998], [0.63999999999936, 0.01999999999998, 0.20999999999979, 0.12999999999987], [0.01999999999998, 0.02999999999997, 0.9499999999990499, 0.0]], "ideal": "A", "sampled": "B", "correct": false}}
{"type": "result", "data": {"idx": 227, "options": ["$9,500", "$8,250", "$5,000", "3250"], "observed": [[0.1999999999998, 0.73999999999926, 0.01999999999998, 0.03999999999996], [0.5102040816321325, 0.0, 0.47959183673420447, 0.010204081632642649], [0.0, 0.8080808080799918, 0.060606060605999386, 0.13131313131299868], [0.01999999999998, 0.03999999999996, 0.93999999999906, 0.0]], "ideal": "D", "sampled": "B", "correct": false}}
