{"type": "result", "data": {"idx": 0, "options": ["0", "4", "2", "6"], "probs": [[0.12786334214297881, 0.48254937543732734, 0.22795467284684756, 0.16163260947284622], [0.12270677010709141, 0.4703864437357231, 0.2517919669337034, 0.15511481912348205], [0.1322036267204737, 0.4614497010142365, 0.25886095233406275, 0.14748571983122707], [0.12509551271399222, 0.4435125985458378, 0.2732531374347963, 0.15813875120537366], [0.12648507026741482, 0.5081432688388186, 0.21516949898100673, 0.15020216181275986], [0.13686868343074332, 0.5329336444063469, 0.16510368635935072, 0.16509398570355904], [0.23163824345138367, 0.21425942329684147, 0.3819550175033751, 0.17214731564839972], [0.22440254533446194, 0.2175284008481174, 0.3938857253327903, 0.16418332838463034], [0.27923086282798815, 0.3642026483648401, 0.16162371633820774, 0.19494277236896398], [0.2514220252805469, 0.3545858965336115, 0.21846371047886215, 0.17552836760697937], [0.2828654222116687, 0.3307332248327257, 0.2037625370524073, 0.18263881580319827], [0.2613144076392647, 0.3152287193953904, 0.24937914305691447, 0.17407772980843042], [0.20527773215141698, 0.22903179312536984, 0.40829144140843876, 0.15739903321477441], [0.197449248857378, 0.2272893474643242, 0.4115643150135174, 0.16369708856478038], [0.2578381184452075, 0.3931728723323769, 0.17722587983508434, 0.17176312928733123], [0.2601862251498389, 0.36126208301746265, 0.21572403607595414, 0.16282765565674426], [0.2503981366147218, 0.4128585982334281, 0.15917846625836155, 0.1775647987934886], [0.23784251081841287, 0.3570695380689555, 0.24161502306496527, 0.16347292794766627], [0.266718663746825, 0.22114900411388133, 0.3372070889495495, 0.1749252430897442], [0.25190993390216815, 0.22233834197865768, 0.35529236923204266, 0.1704593547871315], [0.3061448861460377, 0.331048423841901, 0.17999358324348927, 0.18281310666857206], [0.2766689483545743, 0.3234848226351082, 0.22939018438206824, 0.17045604452824925], [0.2990178972476353, 0.3441918985442276, 0.15758983319644282, 0.19920037091169426], [0.2698594371683663, 0.33066741121483356, 0.21686607920245402, 0.18260707231434609]], "ideal": "B", "sampled": "D", "correct": false}}
{"type": "result", "data": {"idx": 1, "options": ["8", "2", "24", "120"], "probs": [[0.2966052977922575, 0.24593042567685902, 0.26593742564454936, 0.19152685078633408], [0.3120433231299502, 0.24686979858506738, 0.2547353321685865, 0.1863515460163959], [0.3054042205714388, 0.38608021115495667, 0.13984562663595584, 0.1686699415376487], [0.2962839260954819, 0.3203704905134371, 0.22720734434228976, 0.15613823894879125], [0.3141873086916939, 0.36733769272058386, 0.1394439297940783, 0.17903106869364388], [0.32302503719825093, 0.3492842822491098, 0.1574583147283878, 0.17023236572425146], [0.2382874190569055, 0.3633591532343855, 0.24207301435434037, 0.1562804132543686], [0.2571029739451492, 0.35695363151299636, 0.21993949172501256, 0.16600390271684187], [0.24345019820058988, 0.35423863458426863, 0.23234176979634985, 0.16996939731879163], [0.27045600235475614, 0.3262486651957816, 0.2313701648105377, 0.1719251675389245], [0.2796348035055906, 0.3534986972455339, 0.1863073110394137, 0.18055918810946178], [0.2910967983831536, 0.35113954176517204, 0.16078352634368287, 0.19698013340799148], [0.30956223142684, 0.3144522262131798, 0.1968069494049594, 0.17917859285502075], [0.29626985056999644, 0.2827170066528275, 0.2495315410156667, 0.1714816016615093], [0.29681396039119595, 0.2385254466514861, 0.27889409242919505, 0.1857665004281229], [0.3027245862751408, 0.23212878856146105, 0.27568750338386566, 0.18945912167953247], [0.30493005198379675, 0.3794915562640155, 0.14182637207799367, 0.17375201957419412], [0.29893041990377267, 0.38988603900435026, 0.13267095978740662, 0.17851258120447047], [0.3238560750074824, 0.26435192012240954, 0.2059024396870728, 0.20588956508303521], [0.29898061008828497, 0.2557507638786941, 0.2639074505345016, 0.18136117539851934], [0.32076553463009666, 0.23106870741526395, 0.23109193832625516, 0.21707381952838423], [0.3162130320884565, 0.23871851743699538, 0.22080388004944398, 0.22426457032510408], [0.30018310841350687, 0.3001989930508645, 0.22312887835867481, 0.1764890200769538], [0.31302316574498773, 0.3081988852223017, 0.17022391391077496, 0.2085540350219356]], "ideal": "C", "sampled": "D", "correct": false}}
{"type": "result", "data": {"idx": 2, "options": ["0", "1", "0,1", "0,4"], "probs": [[0.21074737920363362, 0.16675290712168586, 0.36421359124436076, 0.2582861223303198], [0.25811827564814793, 0.19188036308575684, 0.2835807544242989, 0.26642060674179624], [0.25868344304358964, 0.38234689827910234, 0.16967152057381502, 0.189298138003493], [0.2563127500661375, 0.3503783836497647, 0.20279086519863251, 0.19051800098546526], [0.2730598964102228, 0.3452258602862285, 0.1656509886322373, 0.2160632545713114], [0.26151348579214617, 0.3306374948506229, 0.17698471681585026, 0.2308643024413807], [0.23467101853739003, 0.22050798594260465, 0.32082984804371956, 0.22399114737628573], [0.2570701539259379, 0.24923640487085882, 0.2737300395691846, 0.21996340153401867], [0.2184208086620536, 0.3955650152362937, 0.18396068285231906, 0.20205349314933363], [0.23782779273992724, 0.4174571632921471, 0.19113162158008423, 0.15358342228784141], [0.2585461504308585, 0.38820334774516113, 0.16697160895243016, 0.18627889277155021], [0.2732817232335513, 0.3678246140112217, 0.20313562450761766, 0.1557580381476093], [0.40799382324907185, 0.21170665321617216, 0.17827486990099575, 0.20202465353376023], [0.40572498453747025, 0.18872334623605297, 0.19169006320973808, 0.21386160591673867], [0.44418897558495585, 0.20025078651913036, 0.15840850532842327, 0.19715173246749051], [0.4978734924574542, 0.18318853053389747, 0.16941897821846644, 0.14951899869018187], [0.4312016642257263, 0.23084856337618806, 0.17425362955871904, 0.16369614273936658], [0.4740725214359337, 0.2274962981932579, 0.14688162108395098, 0.1515495591868574], [0.3610217707531439, 0.2368126405473479, 0.1653304472997657, 0.23683514129974248], [0.3425051024586944, 0.2282183204097565, 0.20457355980874137, 0.22470301722280772], [0.37023923570749795, 0.21101306609111503, 0.18333530821544564, 0.23541238988594138], [0.3748665339909679, 0.19150915169263633, 0.2537109179925254, 0.17991339622387034], [0.3401850112904913, 0.23386983222604832, 0.21629886004700635, 0.209646296336454], [0.37560157103363456, 0.2463830186592428, 0.19490865451856404, 0.18310675568855855]], "ideal": "D", "sampled": "C", "correct": false}}
{"type": "result", "data": {"idx": 3, "options": ["True, True", "False, False", "True, False", "False, True"], "probs": [[0.29524296959134383, 0.2999100729509802, 0.28175852119725453, 0.12308843616042142], [0.2620502671031824, 0.27897256194286474, 0.29238259353720036, 0.16659457731675245], [0.2778106290150436, 0.3299286017992688, 0.26101305689268284, 0.13124771219300477], [0.2886411974428081, 0.3322443216220038, 0.2587709542300743, 0.12034352660511387], [0.25907951590808254, 0.284560352535402, 0.2890628575989624, 0.1672972738575531], [0.2819817938971036, 0.30490746863931517, 0.2955493308639815, 0.11756140649959974], [0.24362383379394664, 0.3715072439913241, 0.28486858088812267, 0.10000034122660656], [0.2546016839221594, 0.3822289507543677, 0.2247192944813817, 0.13845007074209112], [0.21489734305088465, 0.36557926634532373, 0.32264714468330835, 0.0968762458204833], [0.22326127517192318, 0.36812265606648115, 0.24524150055454985, 0.16337456810704581], [0.20507937973295323, 0.26750788488555954, 0.36000001963353306, 0.16741271564795415], [0.19406107644468293, 0.24920911337056476, 0.36262650374799166, 0.19410330633676062], [0.28452003423289435, 0.337892835373063, 0.2322474454445967, 0.14533968484944593], [0.28154063641505317, 0.3504000656015958, 0.2371106927919309, 0.13094860509142017], [0.25082346981359255, 0.271226080265535, 0.3537690069453478, 0.12418144287552467], [0.25332671023865405, 0.25335472442127827, 0.26971348715538523, 0.22360507808468244], [0.2402874642327427, 0.2853687362777618, 0.34966760349252546, 0.12467619589696997], [0.2547586668207796, 0.27982241807893, 0.25085113561244143, 0.21456777938784902], [0.28155764515031656, 0.37302365339507204, 0.2060168801635588, 0.13940182119105263], [0.25591073511136975, 0.36659652239914536, 0.27245033734917534, 0.10504240504030954], [0.2494284621866271, 0.23803336489949642, 0.34635473842531245, 0.166183434388564], [0.24829831727058335, 0.23327967621856602, 0.31887091282571023, 0.19955109358514042], [0.24635478873442987, 0.347436943768272, 0.301879626370305, 0.10432864102699307], [0.27059242529834077, 0.3641442710414609, 0.20111231803540403, 0.16415098552479426]], "ideal": "B", "sampled": "A", "correct": false}}
{"type": "result", "data": {"idx": 4, "options": ["2x^2 + 5", "6x^2 + 4x + 6", "0", "x^2 + 1"], "probs": [[0.2565382084509759, 0.4718758691095922, 0.12310358697280703, 0.14848233536662483], [0.2464870959273853, 0.432615846352231, 0.15669333933217003, 0.16420371828821373], [0.187193280058061, 0.13699548353361496, 0.4856374408009026, 0.19017379550742144], [0.23823260833470633, 0.14454776693393673, 0.2965435815996032, 0.32067604303175373], [0.229404486079059, 0.318534443302918, 0.2992341309258362, 0.15282693959218674], [0.2655556937455402, 0.3357721664705575, 0.17148338724547096, 0.22718875243843126], [0.36291987241036233, 0.26145935445583957, 0.16880181681616616, 0.20681895621763197], [0.33027663331489143, 0.24933905525487152, 0.2200409587991591, 0.20034335253107796], [0.3082308906707789, 0.1433863703786859, 0.30828519050459124, 0.24009754834594396], [0.31822139969925956, 0.14126167120896804, 0.22219688360247952, 0.31832004538929287], [0.29481404672422734, 0.27698891848436996, 0.26020329534223047, 0.16799373934917225], [0.3325233905812896, 0.2889790961891112, 0.14990954769734469, 0.2285879654322545], [0.13191477249225714, 0.2141699769384062, 0.4463416305537697, 0.207573619915567], [0.1397652369527895, 0.23412129978345989, 0.33013860371800785, 0.29597485944574276], [0.15321474917300848, 0.3792418225655565, 0.2410680234986892, 0.2264754046627458], [0.14804137633997227, 0.3607752239805426, 0.2188239227805613, 0.2723594767989238], [0.1456015299411898, 0.21190580634845632, 0.3661071683020481, 0.2763854953083058], [0.14261265525191524, 0.18032646323975227, 0.4063484663595365, 0.270712415048796], [0.2090344789127432, 0.3288960852561144, 0.31382969953944273, 0.1482397361916997], [0.2322826052629735, 0.3830332698583042, 0.15235569844576508, 0.2323284263329572], [0.2010826379182314, 0.38161663354444925, 0.2582198756144474, 0.159080852822872], [0.22157004473377867, 0.44070658083323344, 0.12626525758434307, 0.21145811674864484], [0.1852595074681416, 0.112409152916822, 0.42414748980443684, 0.27818384971059956], [0.1598281782628886, 0.11161700388941113, 0.4847828366025565, 0.24377198114514376]], "ideal": "B", "sampled": "B", "correct": true}}
{"type": "result", "data": {"idx": 5, "options": ["True, True", "False, False", "True, False", "False, True"], "probs": [[0.305307209461199, 0.29135248062081287, 0.27802556750378316, 0.12531474231420497], [0.2716679992255697, 0.2716958047935977, 0.28923646905673106, 0.1673997268241015], [0.3001446857812974, 0.31953404778924266, 0.24501022299209882, 0.1353110433373611], [0.30225058035880165, 0.3268402966452498, 0.2429034005054787, 0.12800572239046992], [0.27010780570190157, 0.296678274840251, 0.27440047261355116, 0.15881344674429626], [0.2924376878376214, 0.31131981443658646, 0.28347991392429617, 0.11276258370149592], [0.23714587696707023, 0.37312255896165397, 0.28610800628080885, 0.10362355769046694], [0.24182730959456988, 0.3864753015563667, 0.23811994561437103, 0.1335774431346924], [0.21315250971044672, 0.36262291125869106, 0.3250805984845433, 0.09914398044631892], [0.2183606475373299, 0.3657209574810518, 0.2634410857890856, 0.15247730909253274], [0.20650098292695354, 0.26937251076213625, 0.3682161404621679, 0.1559103657487423], [0.19241852196236156, 0.24710818018044747, 0.37682004074768843, 0.18365325700950255], [0.28137708126736866, 0.35571763445929366, 0.21916872587349875, 0.1437365582998389], [0.27525684234727593, 0.3534659742955555, 0.23918406662933325, 0.1320931166278353], [0.24224736289284826, 0.27028202242757815, 0.36372429129544925, 0.1237463232841243], [0.24531161051587047, 0.2453488187142589, 0.28241079201226216, 0.22692877865760847], [0.23317393210466195, 0.29022337300661893, 0.3556132177182015, 0.1209894770705176], [0.2534782327976401, 0.2828100663559461, 0.2535268403861739, 0.21018486036023995], [0.2718566872844432, 0.39557905802409643, 0.19584068070358596, 0.13672357388787443], [0.25526776907275506, 0.37729379530948437, 0.25932961699753504, 0.1081088185202255], [0.2527009810091707, 0.24116728732813247, 0.3454731466769218, 0.16065858488577503], [0.24730556463791775, 0.23235724171588112, 0.3276905021432027, 0.19264669140299837], [0.2428059523427729, 0.34244366711432334, 0.3069862356403544, 0.10776414480254932], [0.27038633014876856, 0.358236570375007, 0.2073445258128566, 0.16403257356336787]], "ideal": "A", "sampled": "A", "correct": true}}
{"type": "result", "data": {"idx": 6, "options": ["True, True", "False, False", "True, False", "False, True"], "probs": [[0.3443632695899514, 0.2992063738165628, 0.2480588387594504, 0.10837151773403543], [0.31248265967347655, 0.2801298540569832, 0.2550703622901233, 0.1523171238794169], [0.33927794023645363, 0.31874566079671357, 0.2190778620665541, 0.12289853680027872], [0.3441612668861316, 0.3233307253494775, 0.21539272044840163, 0.11711528721598931], [0.3049324498010588, 0.2864763779126684, 0.2528247572649729, 0.1557664149212999], [0.3235501372755134, 0.30396101102144507, 0.26409819916303107, 0.10839065244001043], [0.26889973876171475, 0.45035517211225207, 0.21274337170380805, 0.0680017173222251], [0.27177005801038673, 0.4623307550807591, 0.16745217018053177, 0.09844701662832238], [0.21960250376643636, 0.3735891468869834, 0.3297082087154828, 0.07710014053109748], [0.23749699403941887, 0.37955556447154243, 0.2196808671636504, 0.16326657422538823], [0.2142135287841466, 0.26250096370632137, 0.3760287053200469, 0.1472568020894851], [0.19776399136943873, 0.23488580828216524, 0.369538689076623, 0.19781151117177304], [0.31752877478020713, 0.3654943297290586, 0.19261094351836328, 0.124365951872371], [0.31304789752541357, 0.37762997957379696, 0.1959230525567057, 0.11339907024408381], [0.27486749343662137, 0.2748966997145168, 0.3475115829925241, 0.1027242237563377], [0.28226213803263744, 0.2491316571841358, 0.24527312081765767, 0.22333308386556908], [0.2653119366118288, 0.2868979657230501, 0.33543241501729004, 0.11235768254783106], [0.28634316152962364, 0.2775685530261073, 0.2265508953486463, 0.20953738999562277], [0.30024974193030346, 0.42344541440638994, 0.16583121570040998, 0.11047362786289662], [0.27557195872721824, 0.4202205490777216, 0.22145154899835676, 0.0827559430967034], [0.27321376856340623, 0.24494158428915933, 0.3400761192765013, 0.14176852777093313], [0.2676405608386382, 0.23622296748183272, 0.3033214509183831, 0.19281502066114606], [0.26165456412947125, 0.3412868100498946, 0.3107595188727554, 0.08629910684787882], [0.29442878238466047, 0.36077229552361384, 0.18717186804455976, 0.15762705394716592]], "ideal": "A", "sampled": "A", "correct": true}}
{"type": "result", "data": {"idx": 7, "options": ["True, True", "False, False", "True, False", "False, True"], "probs": [[0.32142300714347427, 0.28814055010042183, 0.2665057937121575, 0.12393064894394643], [0.28979622882990513, 0.280902381497808, 0.27656864705048995, 0.1527327425217969], [0.31758624785326367, 0.31268465981761023, 0.22878277640413405, 0.14094631582499206], [0.32535081613757894, 0.3153619718927394, 0.22364321015560545, 0.1356440017140762], [0.29579893633146287, 0.28227446321628413, 0.2610821503462226, 0.16084445000603037], [0.3118186615976207, 0.2884005925396811, 0.2795506736323134, 0.12023007213038482], [0.26332709190596404, 0.3953298627934901, 0.23980492351041283, 0.10153812169013306], [0.2653843361905324, 0.41106346327898974, 0.19419324352835132, 0.12935895690212654], [0.22137425177940545, 0.3650155554342167, 0.31224357148136833, 0.10136662120500949], [0.22741514915568226, 0.3691621853416568, 0.24212825703606505, 0.1612944083665959], [0.2127150807381072, 0.28627822653405777, 0.34535146785356585, 0.15565522477426924], [0.1956727442995473, 0.2633412895836922, 0.3599777680265536, 0.1810081979902069], [0.285681758579084, 0.36115053830633903, 0.20260697903107563, 0.15056072398350132], [0.2876145627096143, 0.3693187048458897, 0.2071901770381618, 0.13587655530633416], [0.24894608375537358, 0.2821193147982629, 0.34568456474095, 0.12325003660541353], [0.25506832432972815, 0.27154784582677455, 0.2715733864162971, 0.20181044332720022], [0.25492300251213806, 0.29343919412782166, 0.32738260704225075, 0.12425519621778951], [0.2714138232953502, 0.29349555768829844, 0.23956601614091366, 0.19552460277543768], [0.2877624163233654, 0.3933487709970265, 0.18294020813096962, 0.13594860444863852], [0.2670610904514703, 0.3766421163445051, 0.24319939856480083, 0.11309739453922373], [0.2570522090974859, 0.26113441194762504, 0.3353255340818187, 0.1464878447730704], [0.24684012669360247, 0.25470659893309905, 0.3120936546041501, 0.18635961966914835], [0.25495648571502055, 0.33255383616753204, 0.30281761511231414, 0.10967206290513329], [0.2823895555808316, 0.3460243693545794, 0.20027755497296923, 0.1713085199916197]], "ideal": "D", "sampled": "A", "correct": false}}
{"type": "result", "data": {"idx": 8, "options": ["0", "4", "2", "6"], "probs": [[0.11626302328563713, 0.4971831964067739, 0.22764335364484106, 0.15891042656274793], [0.11458910488283174, 0.4824348173954782, 0.23883644166421697, 0.16413963595747305], [0.12145504242595401, 0.4956123788851101, 0.23412322726637305, 0.1488093513225628], [0.11849636141902031, 0.4686653140960865, 0.25087191717530244, 0.16196640720959074], [0.11575081598343816, 0.5269265613348891, 0.20635824778525022, 0.1509643747964225], [0.12510404548753168, 0.5434178356320662, 0.1657439246195478, 0.1657341941608542], [0.20936591921143188, 0.2372671067477424, 0.38512989874803183, 0.1682370751927939], [0.20154065492345086, 0.23565124675215876, 0.40086002348407984, 0.16194807474031053], [0.2532008738980337, 0.3921731645771985, 0.1634944327604851, 0.19113152866428273], [0.2281136363516622, 0.3880477249234297, 0.21431380508187062, 0.16952483354303743], [0.2544934673503814, 0.3478709355283321, 0.21432653918726147, 0.18330905783402499], [0.23832594635708226, 0.33089603984337024, 0.261777631561279, 0.16900038213826854], [0.18686552900786735, 0.2475794627293564, 0.4081930937416382, 0.15736191442113803], [0.1854638148259289, 0.2457244281019734, 0.40513455901971435, 0.1636771979523833], [0.2359698669064944, 0.4077286008067367, 0.18093962284333412, 0.1753619093434348], [0.23926779561438385, 0.3883858256181611, 0.2078972135513079, 0.1644491651161471], [0.22765880142382688, 0.4388368296531045, 0.1589464795744474, 0.1745578892486212], [0.21624798103876175, 0.38551996411163997, 0.23752597400289877, 0.16070608074669954], [0.23794405940942565, 0.24171923868267792, 0.34624682821605685, 0.1740898735918396], [0.22841807516859414, 0.23940538644168682, 0.3650545964753772, 0.16712194181434184], [0.2765138488211959, 0.3550679736239486, 0.18421662126452273, 0.18420155619033277], [0.2544817214436388, 0.34785284033577263, 0.22814022472572779, 0.16952521339486085], [0.27277486294276787, 0.3728556167920076, 0.1578875858378064, 0.19648193432741803], [0.2423058115850106, 0.3637630586891736, 0.21385761774640094, 0.18007351187941484]], "ideal": "B", "sampled": "D", "correct": false}}
{"type": "result", "data": {"idx": 9, "options": ["1", "2", "2,3", "6"], "probs": [[0.17633014915610357, 0.2373234629393719, 0.35630375143302806, 0.23004263637149647], [0.22284593017921503, 0.29524577100968974, 0.1819441941488264, 0.29996410456226885], [0.17925438550191267, 0.35651290944398034, 0.27338159488956576, 0.19085111006454125], [0.20199173099725917, 0.41448985398840854, 0.17829831739810723, 0.20522009751622503], [0.22864902698641443, 0.33271483575100985, 0.1753751389618718, 0.26326099820070387], [0.2037382542326224, 0.2699525017773491, 0.22035616305716413, 0.3059530808328644], [0.1790839135467736, 0.23361715672064157, 0.3346724509858199, 0.25262647864676496], [0.22639450906659908, 0.2999553248006263, 0.17363529619468546, 0.3000148698380891], [0.2030585352049109, 0.4298888062868344, 0.17922846127487582, 0.18782419713337883], [0.20469984070103225, 0.4135264384160376, 0.19536258021762165, 0.18641114056530853], [0.22584516768773455, 0.34981804935252836, 0.16020439621356888, 0.26413238664616817], [0.1920953421414824, 0.24670565493479432, 0.35343009756592314, 0.2077689052578001], [0.36938644780757646, 0.2619571866448294, 0.1828914053752783, 0.18576496007231583], [0.38632650432628235, 0.26971416457068154, 0.15858004276746004, 0.1853792882355761], [0.37227899387152, 0.2810320597759796, 0.16523136443082267, 0.1814575818216777], [0.37429519368555786, 0.28254868735382666, 0.16354813682744165, 0.17960798203317385], [0.4141803783741214, 0.2759226827437707, 0.13449832682476615, 0.1753986119573418], [0.3942114890952634, 0.258567802326816, 0.17497583700528865, 0.172244871472632], [0.22636172847754313, 0.2605923789655559, 0.19368458369477648, 0.3193613087621245], [0.20438510753919292, 0.22805622688384145, 0.2142604940500951, 0.35329817142687053], [0.24901162085427211, 0.3099397420573239, 0.18802435694244787, 0.2530242800459561], [0.21444026484609224, 0.25470998121605376, 0.30250494767665903, 0.2283448061611949], [0.22866971234153433, 0.3890137920276317, 0.1866779607337633, 0.19563853479707066], [0.21113367691214058, 0.32706052548983183, 0.2754353325603443, 0.18637046493768325]], "ideal": "C", "sampled": "C", "correct": true}}
{"type": "result", "data": {"idx": 10, "options": ["True, True", "False, False", "True, False", "False, True"], "probs": [[0.30803588029642115, 0.28938639161077084, 0.2761503457746921, 0.12642738221811592], [0.27889597413135114, 0.27033174035230034, 0.2789304852206726, 0.17184180019567594], [0.2989183619480674, 0.30364235780119797, 0.2517424188042904, 0.14569686134644425], [0.31193050274217377, 0.3071097089473801, 0.24678399788677488, 0.13417579032367127], [0.2733915407176876, 0.2734053093904242, 0.2821008520723283, 0.17110229771955987], [0.29337670303269364, 0.28436126242858956, 0.2980274148722207, 0.12423461956649612], [0.2295670943964687, 0.3844803800484734, 0.2902404242607046, 0.09571210119435328], [0.23971632477801466, 0.4142183424746777, 0.2115764202200853, 0.13448891242722233], [0.19331037276129104, 0.3611782058273354, 0.35560248954009066, 0.08990893177128288], [0.20829800948953817, 0.3831477107745562, 0.25129168848726036, 0.15726259114864524], [0.1892371205682631, 0.24684730537519964, 0.40700665718727236, 0.1569089167692649], [0.1734263255080798, 0.21926253848640184, 0.4226643694612537, 0.18464676644426467], [0.27049748315926153, 0.3314336388122544, 0.24631693567779364, 0.1517519422506904], [0.27142809605440776, 0.34313188446017545, 0.25105680890597043, 0.13438321047944632], [0.22598425368241873, 0.24821957203589504, 0.4029193102040505, 0.1228768639776358], [0.24144462108350268, 0.23404527056924432, 0.28676858968800484, 0.2377415185592482], [0.22151731612604939, 0.26307977027288143, 0.3949540970810905, 0.12044881641997865], [0.2521940209046241, 0.2643230298541365, 0.26433763299232266, 0.21914531614891672], [0.27102942079663267, 0.39436302760361924, 0.19830906980167792, 0.13629848169807016], [0.24251205494028955, 0.3756282813284194, 0.2791602826089564, 0.10269938102233461], [0.23198758516431453, 0.22488008922115843, 0.3885724072407948, 0.15455991827373222], [0.22427521643780043, 0.21403312680965136, 0.369825661145421, 0.19186599550712718], [0.2346371017453228, 0.346791602937283, 0.32074788926496106, 0.09782340595243316], [0.26362254427352205, 0.37179036816841693, 0.20214942983306255, 0.16243765762499845]], "ideal": "C", "sampled": "A", "correct": false}}
{"type": "result", "data": {"idx": 11, "options": ["symmetric only", "anti-symmetric only", "both symmetric and anti-symmetric", "an equivalence relation"], "probs": [[0.18833894658225572, 0.238105862599992, 0.424545581569273, 0.14900960914847924], [0.18935901003977929, 0.22842633510135682, 0.4202226980934507, 0.1619919566654132], [0.21611810454313343, 0.4504144913565499, 0.21955924423950693, 0.1139081597608098], [0.2059390678353374, 0.4032038419796858, 0.29047524709720957, 0.10038184298776727], [0.23230426635861942, 0.5234814090696491, 0.10975006557834618, 0.1344642588933852], [0.2185530068732021, 0.508133675306863, 0.15259844530050345, 0.12071487241943137], [0.17699422467947992, 0.2575558500496041, 0.411649090357656, 0.15380083481325998], [0.1805329200524298, 0.2506628371623258, 0.4069504202040944, 0.16185382248115002], [0.1953690676995809, 0.4071798086829077, 0.2712897102455663, 0.1261614132719451], [0.20014118252604068, 0.4042939663808757, 0.28673384445225375, 0.10883100654082985], [0.23153187222143568, 0.4000423192603087, 0.2141711243278864, 0.15425468409036922], [0.19793138200943303, 0.35285926387446026, 0.30662125802879864, 0.14258809598730807], [0.2518383114182457, 0.3336241046080689, 0.2518977372455387, 0.1626398466281467], [0.21938592847138022, 0.2861290659060769, 0.3674909581618864, 0.12699404736065645], [0.24738127374941157, 0.3176438368102434, 0.26754857891140543, 0.1674263104289396], [0.2347122763564758, 0.30137393324600825, 0.3362800230685366, 0.12763376722897934], [0.26400433168174764, 0.3134968420622749, 0.28551436744074593, 0.13698445871523154], [0.26156994308046533, 0.330646778153394, 0.2699242491761494, 0.1378590294899913], [0.49411409720222665, 0.21587714389879556, 0.1192368036446186, 0.1707719551543592], [0.39392213203312004, 0.21756461908920388, 0.2389796000175988, 0.14953364876007727], [0.4718042963125595, 0.21602915344679385, 0.14392581162844878, 0.16824073851219784], [0.34413482293628184, 0.21537590987507055, 0.2853568919622254, 0.1551323751264222], [0.4108405418909431, 0.2304676942645286, 0.20987743210760798, 0.14881433163692032], [0.41118994434461403, 0.24174094508711144, 0.20043420792856737, 0.14663490253970715]], "ideal": "C", "sampled": "D", "correct": false}}
{"type": "result", "data": {"idx": 12, "options": ["1", "2", "5", "11"], "probs": [[0.16977151973678414, 0.29337247766045826, 0.3222200822177162, 0.21463592028504136], [0.1955762923227432, 0.3077134741875752, 0.2715764601022157, 0.22513377328746587], [0.1781706415883541, 0.3599417018513065, 0.24356410630782965, 0.21832355015250973], [0.18390705511699595, 0.32279328951557934, 0.28488452513131124, 0.20841513013611346], [0.217546659947734, 0.3369731356905661, 0.22100653081422122, 0.22447367344747865], [0.20817370710675373, 0.2890516519257457, 0.2845857441140738, 0.2181888967534268], [0.2230532500379736, 0.27762791925318225, 0.28645053929877584, 0.21286829131006832], [0.26313742992630773, 0.2935788929168854, 0.21818277237617673, 0.22510090468063015], [0.23610125831539644, 0.3435479453391199, 0.20197403729883748, 0.2183767589466461], [0.2410235851762074, 0.30470585820012025, 0.24484851953919007, 0.2094220369844823], [0.29019119946956273, 0.313799379478252, 0.16280594431971154, 0.23320347663247373], [0.2699810644708621, 0.27000836339898004, 0.24972670522000676, 0.21028386681015107], [0.24824894962212488, 0.22256465253988494, 0.2769844531735955, 0.25220194456439465], [0.2548155410387945, 0.208010086157678, 0.31226601262945525, 0.22490836007407225], [0.2441011441732072, 0.3038197250008665, 0.23663141536228097, 0.21544771536364535], [0.25005021316217974, 0.2969701841628087, 0.24239293867320402, 0.21058666390180755], [0.3002690285063814, 0.3196665251034752, 0.15338448721470951, 0.2266799590754339], [0.29560258100645365, 0.3246809445091965, 0.1765373594424212, 0.20317911494192867], [0.236940510936512, 0.23329759436606134, 0.2814152156603489, 0.24834667893707776], [0.22807359483989254, 0.22108681340638167, 0.3117877310360815, 0.2390518606176443], [0.24646941580485016, 0.29733490054808287, 0.22097575003751452, 0.23521993350955245], [0.20922312693188408, 0.2524052447243095, 0.3190794146153398, 0.21929221362846663], [0.23210690221531022, 0.3484637335052197, 0.18363829898075798, 0.2357910651987121], [0.2330388506108284, 0.31855701447648066, 0.2294611117174907, 0.21894302309520025]], "ideal": "A", "sampled": "C", "correct": false}}
{"type": "result", "data": {"idx": 13, "options": ["(x \u2212 2)(x + 2)(x \u2212 1)", "(x + 1)(x + 4)(x \u2212 2)", "(x + 1)(x \u2212 4)(x \u2212 2)", "(x - 1)(x \u2212 4)(x \u2212 2)"], "probs": [[0.5656535534579349, 0.1672929227744766, 0.1262368672575659, 0.14081665641002258], [0.5339954217135624, 0.17617776548160244, 0.14152205832508943, 0.14830475437974575], [0.5710317577004377, 0.18260234864617772, 0.11072075530853452, 0.13564513824485003], [0.5443993100932607, 0.1713886414048326, 0.14655084726693626, 0.13766120113497046], [0.5411877389670153, 0.19006591183732083, 0.1207753663787751, 0.14797098271688872], [0.5605214864037864, 0.18205641752781526, 0.11568978975559834, 0.14173230621279995], [0.4862536417019839, 0.2262230034509128, 0.1437653579603113, 0.14375799678679196], [0.4703033864027835, 0.21541284022561294, 0.14123910664099693, 0.1730446666306066], [0.4996898248245785, 0.21167582586788078, 0.14544864214170802, 0.14318570706583267], [0.5256085913012044, 0.19958565829805947, 0.12882910475591328, 0.14597664554482284], [0.5040780901404797, 0.19441494343720828, 0.1378305554252123, 0.16367641089709978], [0.47704092374204926, 0.19281785475498253, 0.17280583339402308, 0.15733538800894512], [0.4959052872091304, 0.23434366539337745, 0.12541114726981695, 0.1443399000276752], [0.48000841612771605, 0.22682946580124358, 0.139718858291857, 0.15344325967918337], [0.520773208650731, 0.15645784928763629, 0.1639078782078087, 0.15886106375382408], [0.5762080425810422, 0.15275516866338706, 0.11348574047401522, 0.15755104818155555], [0.5358595847547637, 0.1795676797448835, 0.13340964912034128, 0.15116308628001157], [0.5644778692825098, 0.18049927322995607, 0.10775023858289627, 0.14727261880463793], [0.47708837478352434, 0.20850111916076372, 0.13886883604945366, 0.17554166990625827], [0.5060561079812713, 0.21434515819381691, 0.12999078108491827, 0.14960795263999344], [0.4855093819452153, 0.15047332787737583, 0.19620090457019046, 0.1678163855072184], [0.49255252569104974, 0.15505948326374336, 0.18993565363293338, 0.1624523373122735], [0.5230115573626544, 0.15226727495656725, 0.1725008014789457, 0.1522203661018327], [0.5769054083854376, 0.14592752837679646, 0.11185866598208734, 0.16530839715567858]], "ideal": "C", "sampled": "A", "correct": false}}
{"type": "result", "data": {"idx": 14, "options": ["6", "12", "30", "105"], "probs": [[0.17327397801821232, 0.2994068518069962, 0.3340205500086825, 0.19329862006610893], [0.2051074833233808, 0.32776999958709435, 0.2803733986391402, 0.18674911835038463], [0.18560277200277467, 0.33088499797380666, 0.2920194907495347, 0.19149273917388399], [0.20847319685738316, 0.3279827930594166, 0.2677039881588734, 0.19584002182432686], [0.2261898334665929, 0.4095787344526146, 0.14155603732904787, 0.2226753946517446], [0.23277994641151867, 0.37198465504525596, 0.19299795934121092, 0.20223743910201442], [0.2090034037619442, 0.2560942768794504, 0.3089136182952958, 0.22598870096330964], [0.22916052084598915, 0.26792911091642185, 0.28079930363468664, 0.22211106450290236], [0.23621764776728704, 0.3774763941387355, 0.1573629230103486, 0.22894303498362883], [0.22754448177078992, 0.2967807782940667, 0.2619188544750043, 0.2137558853601391], [0.23996741649943373, 0.4081946495450228, 0.13673915578871706, 0.2150987780668263], [0.25167991583453503, 0.38980795186698713, 0.1625087188390384, 0.1960034133594394], [0.23788119495693463, 0.22700801151198988, 0.3251813601350246, 0.20992943329605093], [0.2370915079313129, 0.21929023830947472, 0.3343867013360451, 0.2092315523231673], [0.2707168419281603, 0.306773926186075, 0.19807709456374695, 0.2244321372220177], [0.2570891265125174, 0.26114745758183444, 0.2652717709899616, 0.21649164481568656], [0.26384902587537284, 0.42825664042697814, 0.12080659986137122, 0.18708773373627777], [0.2730839150467154, 0.43637581029731043, 0.10863302987349631, 0.18190724468247785], [0.22727837004889742, 0.26160899191876297, 0.25756284975758753, 0.25354978817475204], [0.2224064171091833, 0.23309344050937497, 0.30402144786655527, 0.24047869441488645], [0.2449977361166196, 0.26492189963609336, 0.24122203524647878, 0.24885832890080825], [0.23949064606198722, 0.22853353829881592, 0.31730388975724666, 0.2146719257819502], [0.2718539969736283, 0.27186472580904725, 0.19279007952728702, 0.2634911975900374], [0.2768660567980125, 0.26009810743407497, 0.2405676913190031, 0.2224681443489094]], "ideal": "C", "sampled": "D", "correct": false}}
{"type": "result", "data": {"idx": 15, "options": ["True, True", "False, False", "True, False", "False, True"], "probs": [[0.29525105822481856, 0.2730845686631449, 0.30466713136366036, 0.12699724164837614], [0.2694711386887969, 0.26120612022648865, 0.30066844817969574, 0.16865429280501873], [0.2845008969022445, 0.31741097566291526, 0.24338679013202577, 0.15470133720281448], [0.2846569034661981, 0.322582537095962, 0.24735232047888114, 0.14540823885895873], [0.2684041897446358, 0.2813093405875788, 0.27696896009311456, 0.1733175094746708], [0.2795093634481663, 0.28840148231184226, 0.3118600225743224, 0.12022913156566903], [0.2550130321209766, 0.3828542133781382, 0.2590817943967523, 0.10305096000413294], [0.25587018629169467, 0.4089140363147861, 0.20244971235602582, 0.13276606493749338], [0.21651285239340815, 0.374138791102344, 0.31020750667904645, 0.09914084972520139], [0.2242839667615119, 0.39366922365169754, 0.22786584833766024, 0.15418096114913032], [0.20613653387168412, 0.26062132090501433, 0.3675753936210189, 0.16566675150228266], [0.19093090862900766, 0.23765500595741176, 0.3681236018803234, 0.20329048343325715], [0.28753476903640657, 0.3414763459001786, 0.20713618086984384, 0.163852704093571], [0.28636675643490955, 0.3454467602407185, 0.2196017023760762, 0.14858478084829574], [0.24966699998565783, 0.24969710033261197, 0.36905671812137153, 0.13157918146035866], [0.26550893390450575, 0.24178154813127575, 0.26556710803433325, 0.22714240982988526], [0.2490670363614435, 0.2651601571780606, 0.3624604533043378, 0.12331235305615813], [0.2781557101007941, 0.27387627548405186, 0.23796856046370357, 0.20999945385145044], [0.2940905646076177, 0.4083352921742859, 0.1649981861396809, 0.13257595697841557], [0.2653913398793435, 0.3801850534526406, 0.24549113787151414, 0.10893246869650178], [0.2471200523796948, 0.22859045733254826, 0.35964506024370646, 0.16464442994405046], [0.23949852940278174, 0.22502793704744875, 0.3173613595251975, 0.218112173924572], [0.24633052392082092, 0.3263699935116586, 0.3213385867451974, 0.10596089572232313], [0.28190280724167466, 0.35087199427231186, 0.19078216592033484, 0.17644303246567866]], "ideal": "B", "sampled": "A", "correct": false}}
{"type": "result", "data": {"idx": 16, "options": ["1", "-1", "i", "-i"], "probs": [[0.27031572442112517, 0.33641703409688534, 0.22410330662408692, 0.16916393475790256], [0.2530892936281021, 0.34056557171720586, 0.22687345878755513, 0.17947167576713685], [0.20627574005818705, 0.3508956327416586, 0.2607716243968419, 0.1820570027033125], [0.20144877436080053, 0.3535536334624083, 0.2586768048348674, 0.18632078724192377], [0.20354177359008532, 0.33558202286556316, 0.25731403016428983, 0.20356217328006165], [0.2055381032114471, 0.33361627159431506, 0.276591790138471, 0.18425383495576678], [0.3121621515390398, 0.2932590754555735, 0.22485176546555033, 0.16972700743983635], [0.28508124602212526, 0.30346984572564273, 0.2438541723202447, 0.1675947358319873], [0.27924962513334284, 0.4000084042154134, 0.16162386008219123, 0.15911811046905247], [0.2794175570663442, 0.37017287474921995, 0.1861420356806655, 0.16426753240377034], [0.28083262263160924, 0.33349422113979127, 0.21533130428025485, 0.1703418518483446], [0.28518891756646403, 0.32316133858252527, 0.21867166783219855, 0.17297807591881215], [0.2295678418902759, 0.20904000345523868, 0.35558540486204754, 0.20580674969243787], [0.21300420162931907, 0.19701072571691697, 0.4106056093759011, 0.17937946317786282], [0.27993776914101814, 0.3026988180601825, 0.22494775575663054, 0.1924156569421688], [0.26950219672461745, 0.28689688868778285, 0.26122901230269574, 0.18237190218490398], [0.31932102679036584, 0.3733195550867257, 0.14169784956653986, 0.16566156845636856], [0.3227214620552719, 0.3227256045778365, 0.16483070462302896, 0.18972222864386262], [0.19808721835550483, 0.2315988276905506, 0.3422923436760196, 0.22802161017792497], [0.19917584360110263, 0.22570752422616264, 0.3663649747492584, 0.20875165732347634], [0.2260307751062748, 0.2813104903026101, 0.276956609550538, 0.2157021249405771], [0.21584277260019366, 0.25633466165665497, 0.3343282241095687, 0.19349434153358264], [0.2523382453464509, 0.40323222256250774, 0.16549069191406135, 0.17893884007698002], [0.2401311695335583, 0.3604838251707082, 0.21526181695692842, 0.18412318823880508]], "ideal": "C", "sampled": "C", "correct": true}}
{"type": "result", "data": {"idx": 17, "options": ["(1,1)", "(3,1)", "(1,6)", "(3,6)"], "probs": [[0.23302545547907738, 0.27674562242134, 0.3087337336767572, 0.18149518832282538], [0.1989379823008917, 0.25948730108527257, 0.3546771406772703, 0.18689757583656536], [0.23519999926122429, 0.31651463629843696, 0.27073493193757825, 0.1775504324027605], [0.2303298975247798, 0.30996241700585875, 0.29118576209038677, 0.16852192327897467], [0.2048781991526974, 0.3709974343852358, 0.24331099155065655, 0.18081337481141027], [0.2198966508853078, 0.3569464491530876, 0.2491934671508465, 0.1739634327107581], [0.2566629090151261, 0.23372729468582237, 0.30010441389814685, 0.20950538230090462], [0.2489198297013272, 0.23754951355465997, 0.31965404745720083, 0.193876609186812], [0.2639336546405422, 0.26811837747815714, 0.25584500644263697, 0.2121029613386637], [0.27075214804994474, 0.27504278865941423, 0.27937720888307643, 0.17482785430756462], [0.2872602726905461, 0.29640922830744515, 0.23084234386884467, 0.18548815503316401], [0.2815542476856153, 0.29509439621754374, 0.22982371998777926, 0.19352763600906167], [0.29886831186114643, 0.2596877333122561, 0.2327825828907724, 0.20866137183582503], [0.2984906688258975, 0.2593612631991236, 0.25534024451592857, 0.1868078233590503], [0.30042552497324876, 0.25301169969574167, 0.22328202091484603, 0.22328075431616357], [0.28814297911623576, 0.24649143216529226, 0.27931135890074926, 0.1860542297177227], [0.33057875915643276, 0.3154589674511536, 0.1797501226968182, 0.17421215059559544], [0.31684570557150654, 0.30711497938199384, 0.19829655590766881, 0.17774275903883086], [0.2868793606471238, 0.23785908517843118, 0.2653540670606381, 0.20990748701380693], [0.28771719762364567, 0.231222647870644, 0.2832931322066782, 0.19776702219903217], [0.3222591434577096, 0.2549590056152937, 0.20809145829572, 0.21469039253127664], [0.3296997645078145, 0.2568046526891875, 0.21965529677028225, 0.1938402859327157], [0.32145237919453934, 0.27930808064528695, 0.2011836319960636, 0.1980559080641101], [0.34167494857359093, 0.28328689507859944, 0.19776829780495914, 0.17726985844285045]], "ideal": "C", "sampled": "D", "correct": false}}
