{"type": "result", "data": {"idx": 0, "options": ["This type occurs in binary systems.", "This type occurs in young galaxies.", "This type produces gamma-ray bursts.", "This type produces high amounts of X-rays."], "probs": [[0.4508355817615477, 0.19696550091878595, 0.15827867697990575, 0.1939202402397606], [0.3752122111180063, 0.19773375396736745, 0.16914647311824457, 0.2579075616963817], [0.4885842763249431, 0.22369937429799275, 0.11074732905452137, 0.17696902022254274], [0.5193608170514133, 0.21650970502224434, 0.10069292332597808, 0.16343655450036426], [0.44159012370476747, 0.2363762373035769, 0.11342319676005293, 0.2086104421316027], [0.48162431347213586, 0.2239842016480008, 0.1144081600905618, 0.17998332468930153], [0.22011744973842526, 0.4446652531179175, 0.17415276168035387, 0.16106453536330334], [0.19905562696850537, 0.37190282341099085, 0.1812733858642503, 0.24776816365625345], [0.15909861500754263, 0.2075217427857344, 0.41925830894266103, 0.21412133316406193], [0.17318148909267483, 0.1601829230625187, 0.17321871219333335, 0.4934168755514731], [0.15194147823721674, 0.19511464236215662, 0.3645681738488886, 0.28837570545173796], [0.1269352677217476, 0.12694945362656856, 0.16820017239854798, 0.5779151061531359], [0.2989306583223624, 0.47029694032273756, 0.10998119904407153, 0.12079120221082852], [0.31822063567374925, 0.4777200377189219, 0.09407457428007614, 0.10998475222725272], [0.24338273299507626, 0.26317430716390594, 0.31255634033041435, 0.18088661941060347], [0.22814946214286055, 0.1982346206442161, 0.147330226694666, 0.42628569041825737], [0.19449133548392053, 0.1771000255660948, 0.45941369794544606, 0.1689949409045386], [0.24715827402981144, 0.1672489493918063, 0.17805281279690724, 0.407539963681475], [0.2642112253185723, 0.4494548144866589, 0.12097804313286131, 0.16535591696190746], [0.28481217994343977, 0.476985441106623, 0.10981564541257523, 0.12838673343736198], [0.24563383321589102, 0.23076821173600728, 0.2740671254698413, 0.24953082947826039], [0.23866201223543795, 0.18588508109722113, 0.15654533633379294, 0.41890757023354797], [0.21677602502359772, 0.18835282043193527, 0.4179231163750924, 0.17694803806937462], [0.2811585580676207, 0.18154368751785616, 0.1705595054885206, 0.36673824882600253]], "ideal": "A", "sampled": "A", "correct": true}}
{"type": "result", "data": {"idx": 1, "options": ["Its speed relative to you", "Its composition", "Its size", "Its distance from you"], "probs": [[0.373438769937383, 0.17098670941391317, 0.17367557920752322, 0.2818989413411806], [0.19709191605378817, 0.14648342785935475, 0.4955532771845792, 0.16087137880227784], [0.3811580921587233, 0.2619813440920992, 0.09488336207998234, 0.26197720156919513], [0.22680450297696791, 0.2198495203081604, 0.4511102303080587, 0.10223574630681298], [0.20977006113500254, 0.7322073396758578, 0.02585016102558561, 0.03217243806355407], [0.2679638048131665, 0.6529689625137437, 0.04045888529190802, 0.03860834728118179], [0.252596814353599, 0.18773248698417222, 0.2689135274702756, 0.29075717109195315], [0.13188154306306776, 0.11107057497661718, 0.6099146881879199, 0.14713319367239516], [0.27594149109942, 0.2397595345734209, 0.1243848502511571, 0.359914123976002], [0.21311443626706594, 0.16599133615103415, 0.4442127843460773, 0.1766814431358226], [0.2386594521161428, 0.572550858763013, 0.081208389149311, 0.10758129987153311], [0.23442340860950497, 0.5893847810025146, 0.07377184761832883, 0.10241996266965162], [0.43651249349948945, 0.20945764763856986, 0.09740525337965893, 0.25662460538228177], [0.1810819845565683, 0.13885944252655447, 0.5846276530260744, 0.09543091979080282], [0.35078408265229705, 0.15088288034829023, 0.1069882927135442, 0.3913447441858685], [0.20585441587296924, 0.11915159224272351, 0.5016437768434513, 0.1733502149408559], [0.33558555684044344, 0.5279798985196194, 0.07034789612898318, 0.06608664841095399], [0.24764035824177105, 0.6524837065020667, 0.03918476804091661, 0.060691167115245644], [0.7384735556004456, 0.14095409968070274, 0.03508543784865011, 0.08548690677020153], [0.6727804240158762, 0.17828493511600413, 0.057879847675145146, 0.09105479309297446], [0.7381628072474028, 0.12051438404329796, 0.04296975161856891, 0.09835305699073033], [0.752352888419061, 0.11360165992421042, 0.03987603665061572, 0.09416941490611291], [0.7061287926837057, 0.1575735083423626, 0.057068424871014066, 0.07922927400291767], [0.7649755306154943, 0.12105041470545563, 0.032074107999706156, 0.08189994657934396]], "ideal": "D", "sampled": "D", "correct": true}}
{"type": "result", "data": {"idx": 2, "options": ["Because the molecules that compose the Earth's atmosphere have a blue-ish color.", "Because the sky reflects the color of the Earth's oceans.", "Because the atmosphere preferentially scatters short wavelengths.", "Because the Earth's atmosphere preferentially absorbs all other colors."], "probs": [[0.03230576625485009, 0.08124144465306224, 0.8077234119232299, 0.07872937706885769], [0.12874891438160424, 0.18738857747477575, 0.3445940171401131, 0.33926849090350686], [0.07331092327200248, 0.8522617435082098, 0.03924517902733524, 0.03518215409245244], [0.07941580681328261, 0.8406185036149205, 0.041854147487480474, 0.038111541984316405], [0.13592373238407515, 0.4058870793737515, 0.1469900204687358, 0.31119916767343747], [0.14259848634658004, 0.39383764831527984, 0.30194578921513326, 0.16161807602300685], [0.05738022922895741, 0.24544131753374443, 0.5980195998547488, 0.09915885328254932], [0.1486943021657098, 0.4953158349699426, 0.17938130557587117, 0.1766085571884764], [0.06022041811115775, 0.8849778440835536, 0.025902814195590224, 0.02889892350969842], [0.06591899262610126, 0.8820385953063054, 0.02581680770036895, 0.026225604267224437], [0.14462441527792907, 0.5995263590703336, 0.09193920548695049, 0.1639100200647868], [0.15204312942763265, 0.5391277509648572, 0.19223099372160393, 0.11659812578590618], [0.9155776686537661, 0.0558620591765484, 0.009555875826898874, 0.01900439624278657], [0.9022259409903306, 0.06237681080144298, 0.01209101386400797, 0.023306234244218415], [0.9095722837207586, 0.0563697355775567, 0.010926545362469021, 0.023131435239215632], [0.904460189109206, 0.05874290672826004, 0.0123118804411426, 0.024485023621391384], [0.8712458767547955, 0.07979859009600042, 0.016210203173485094, 0.03274532987571897], [0.8791155282064307, 0.0768323717616927, 0.014892976759334457, 0.029159123172542132], [0.6958684790953176, 0.12676237286174813, 0.04245369429361791, 0.13491545364931645], [0.5959205297196274, 0.18179432368521348, 0.10853747017508787, 0.11374767632007124], [0.6963112872374589, 0.11020235792208066, 0.04521990903908133, 0.148266445701379], [0.5513389027857948, 0.1484402991915276, 0.19661302569609174, 0.10360777222658586], [0.6164890114790326, 0.24912970508020416, 0.04829170698313912, 0.08608957635762417], [0.6199574077281438, 0.25848437696258336, 0.04633992988980287, 0.07521828531946996]], "ideal": "C", "sampled": "C", "correct": true}}
{"type": "result", "data": {"idx": 3, "options": ["The first time you drop a bowling ball and it falls to the ground proving your hypothesis.", "After you\u2019ve repeated your experiment many times.", "You can never prove your theory to be correct only \u201cyet to be proven wrong\u201d.", "When you and many others have tested the hypothesis."], "probs": [[0.11167862598013564, 0.5328694144213617, 0.11525275900560722, 0.24019920049289542], [0.1131308326102539, 0.33780787861808204, 0.37104655629948197, 0.1780147323721821], [0.08147666784626575, 0.10968007391369433, 0.5838149319858027, 0.22502832615423723], [0.08216854500559968, 0.09761321779636542, 0.6567687645092878, 0.16344947258874706], [0.12324154171144563, 0.5699445603160126, 0.1534098993664947, 0.15340399850604702], [0.12061000640318653, 0.6727854803851707, 0.07203097211409688, 0.13457354099754584], [0.32821740474185135, 0.25170969022864964, 0.11169177621634317, 0.3083811287131558], [0.1854256093316619, 0.17976818976988787, 0.4179824888288225, 0.21682371196962774], [0.26629061694569595, 0.21740006880076615, 0.258161913942594, 0.25814740021094384], [0.17974381833616354, 0.1637042836515389, 0.45911229580018015, 0.1974396021121174], [0.23118827545750098, 0.3995137691243197, 0.13807288889479086, 0.23122506642338844], [0.26819274226416545, 0.3666318411256584, 0.1247412729845069, 0.24043414352566925], [0.08003238885915107, 0.18614499962498696, 0.475390869159801, 0.25843174225606097], [0.08167384761452051, 0.17028229285161103, 0.5328012347045373, 0.21524262472933114], [0.11534676498661427, 0.42864065188062683, 0.21555071495747308, 0.24046186807528583], [0.1265906802709267, 0.3899888577670621, 0.26804547700450154, 0.21537498485750964], [0.10325578983793463, 0.6425562143635514, 0.1152117444165973, 0.1389762512819167], [0.12449169438980988, 0.55800042452297, 0.1525548639534274, 0.16495301703379267], [0.3231152786358107, 0.17299726144713284, 0.2852168550931418, 0.21867060472391464], [0.5064440369099574, 0.18635393677278458, 0.07890050112412136, 0.22830152509313664], [0.3392761000759461, 0.24826478585703876, 0.16029111800541263, 0.25216799596160255], [0.3415687381879653, 0.249946936939994, 0.12966747580662097, 0.2788168489654197], [0.4256989486298126, 0.17750423183764893, 0.1542066977527519, 0.24259012167978658], [0.29232751082402864, 0.16148727603056104, 0.31125651661958187, 0.23492869642582842]], "ideal": "C", "sampled": "D", "correct": false}}
{"type": "result", "data": {"idx": 4, "options": ["Titan is the only outer solar system moon with a thick atmosphere", "Titan is the only outer solar system moon with evidence for recent geologic activity", "Titan's atmosphere is composed mostly of hydrocarbons", "A and D"], "probs": [[0.3680147637957308, 0.13752878120742176, 0.06399285983378099, 0.4304635950630665], [0.3586316566689049, 0.16678949444367255, 0.27945239598276933, 0.19512645280465316], [0.31588578927083033, 0.1316895216204305, 0.07052964874090488, 0.4818950402678343], [0.3888251060823494, 0.17254310125814953, 0.2632235704050101, 0.17540822215449098], [0.4951508155376214, 0.26922989490684973, 0.08213780258082579, 0.15348148687470306], [0.4864157538417334, 0.2815369300032221, 0.06902131258180774, 0.1630260034732367], [0.3706679412848862, 0.13426043341941438, 0.06150296071866097, 0.4335686644770384], [0.3690324911394489, 0.15626555213958346, 0.2830936526047123, 0.19160830401625528], [0.3665015533273785, 0.1369617818027067, 0.06784136289388888, 0.42869530187602595], [0.37749977771143745, 0.16492036981958894, 0.276311389290138, 0.18126846307883562], [0.5048116520259368, 0.2788117569229108, 0.07390378524970748, 0.14247280570144485], [0.5138117438131221, 0.2750503019190297, 0.056779884089878295, 0.15435807007796992], [0.3138773826576081, 0.13500589715789935, 0.07230083903910252, 0.47881588104539], [0.3883023684097386, 0.1750211041236243, 0.25876771244347546, 0.1779088149231617], [0.35268481511270316, 0.13179719053985392, 0.06948846370811378, 0.44602953053932914], [0.3786755002764948, 0.1733733000226261, 0.2603680464748893, 0.18758315312598978], [0.46903185634000105, 0.28450231893488914, 0.08679817357392848, 0.15966765105118136], [0.4990450404156513, 0.2756215909174016, 0.07305494640741145, 0.15227842215953566], [0.5516544847142691, 0.23359741365973205, 0.06388274943888624, 0.15086535208711255], [0.550661685078889, 0.24821299404483316, 0.05286669377776818, 0.1482586269985096], [0.5613751755968801, 0.2414594631493271, 0.05737134557218776, 0.139794015581605], [0.55754772996898, 0.24358679676501901, 0.05107750378615772, 0.14778796937984315], [0.5225221436317454, 0.2282843406525801, 0.06856362418795009, 0.1806298914277244], [0.5454350072685203, 0.22038794887553195, 0.06516467730671686, 0.16901236644923082]], "ideal": "D", "sampled": "D", "correct": true}}
{"type": "result", "data": {"idx": 5, "options": ["m*v", "0.5*m/(R^3)", "0.5*m*(2GM/R)", "0.6*G(M^2)/R"], "probs": [[0.1844803922206633, 0.25220615796634477, 0.31881843439215046, 0.24449501532084147], [0.20943137447370072, 0.2648003219459045, 0.21612257729347584, 0.30964572618691893], [0.2061950934399443, 0.49470714866984195, 0.1053282951708498, 0.19376946261936395], [0.22504550849156357, 0.4839931519150721, 0.12625773422939418, 0.16470360526397013], [0.2310328712520573, 0.37506954740500237, 0.12368613111671349, 0.2702114501262269], [0.2247767679235043, 0.3592716646052247, 0.21120368802808612, 0.20474787934318486], [0.2383235132206105, 0.1664163047864959, 0.34145772962519894, 0.25380245226769466], [0.28520764192505077, 0.17574926504594626, 0.20546660743685005, 0.3335764854921529], [0.28436551766378, 0.34844972257332146, 0.13860849164270295, 0.2285762680201956], [0.30964863297227, 0.3454778194082012, 0.17645901439809505, 0.1684145331214337], [0.2798818432969664, 0.2548748628502978, 0.14297345705311648, 0.3222698366996192], [0.2733104282364737, 0.2412423424560874, 0.31960165620215614, 0.16584557300528274], [0.48883599402215294, 0.16376955927589149, 0.10908456971958623, 0.23830987688236935], [0.4708045124536825, 0.16530485449568416, 0.13075353203896475, 0.2331371009116686], [0.4854899256701978, 0.1678113963239433, 0.12085900970104332, 0.22583966820481557], [0.4738864725848829, 0.18273787342311304, 0.17435564167743578, 0.16902001221456825], [0.4663491392970231, 0.2006124957602097, 0.11609778917707878, 0.21694057566568845], [0.5175365131942982, 0.22262532675088434, 0.10681196887003225, 0.15302619108478527], [0.42959454430854793, 0.17911224221045952, 0.11384440109154578, 0.27744881228944673], [0.39029549312989786, 0.18154534017171994, 0.20570353591040008, 0.2224556306879821], [0.3973321195839421, 0.18772054464376844, 0.13310828900297042, 0.281839046669319], [0.3573042856486252, 0.2100866052324078, 0.27400136807805214, 0.1586077409409148], [0.39933463629562843, 0.2702462354758872, 0.1199176376944248, 0.21050149043405955], [0.4224939173780758, 0.30435053418068003, 0.11022621720601199, 0.16292933113523217]], "ideal": "C", "sampled": "C", "correct": true}}
{"type": "result", "data": {"idx": 6, "options": ["it was stripped away by the magnetic field when it rapidly decreased in strength", "it was broken into hydrogen and oxygen by ultraviolet light and the hydrogen was lost through thermal escape", "it was consumed by a civilization of thirsty Martians", "it was vaporized during a period of intense volcanism and was lost to space through thermal escape"], "probs": [[0.027042648677291694, 0.778186107403385, 0.04390128840499552, 0.15086995541432774], [0.05398284603128291, 0.26999601517900945, 0.5897350862797321, 0.0862860524099755], [0.0027156014995444225, 0.011434006141513655, 0.7414155366944735, 0.24443485556446845], [0.003506453410136553, 0.013869346794291576, 0.8188821521952289, 0.16374204750034296], [0.08463815661893906, 0.6063134714825129, 0.22305315896912956, 0.08599521282941851], [0.02849074090915154, 0.819857123486136, 0.03716493411424494, 0.11448720139046743], [0.5786699946339672, 0.14410734913732395, 0.05057135705144512, 0.2266512990772638], [0.24192436806153858, 0.11796429400562893, 0.5453566149715624, 0.0947547228612701], [0.4942596664737549, 0.11207458626269935, 0.0794473978674104, 0.3142183492961353], [0.033545448123086394, 0.041118918313484784, 0.8520589748641028, 0.07327665859932604], [0.48144697420779003, 0.33618592711624457, 0.07984286426933586, 0.10252423430662956], [0.4607708648704219, 0.3761686896267912, 0.05011412388820207, 0.11294632151458484], [0.00795002213469179, 0.021614411854327917, 0.5751605136538626, 0.3952750522571177], [0.011485533103060566, 0.02755842752130849, 0.6782531333332626, 0.28270290594236835], [0.03209031950635503, 0.6651464949179224, 0.061866824076338624, 0.24089636139938395], [0.02545858670129712, 0.24161199902918287, 0.6170116961173313, 0.11591771805218865], [0.03835307619556955, 0.690652344226617, 0.060349444981376794, 0.2106451344964366], [0.02908525232275574, 0.46224132003393203, 0.3953963204994419, 0.11327710704387028], [0.2655428051683005, 0.12164216487383356, 0.5120073556388017, 0.10080767421906428], [0.575058928824878, 0.12250084778939184, 0.04721296255232296, 0.2552272607334072], [0.5717928153773252, 0.2538162918919598, 0.07501233070412164, 0.09937856192659332], [0.5951515499516831, 0.2600964373003825, 0.04448770333491606, 0.10026430931301834], [0.513200994431309, 0.10110852791022075, 0.06946623272896861, 0.3162242448295017], [0.04640486004475515, 0.043613377141812355, 0.835820003593205, 0.07416175912022754]], "ideal": "B", "sampled": "D", "correct": false}}
{"type": "result", "data": {"idx": 7, "options": ["Lunar rocks are composed of fragments pulverized by many impacts.", "Radioactive dating of lunar samples shows that they are older.", "The Moon's surface is more heavily eroded than the Earth's surface.", "The Moon's surface has more impact craters than the Earth's surface."], "probs": [[0.12684785253638636, 0.7893162037531204, 0.0325803879363422, 0.051255555674151035], [0.10123641966869956, 0.8345477149785191, 0.02811517263973884, 0.03610069261304251], [0.04036908370770549, 0.055188179652004905, 0.8368303307335136, 0.06761240580677597], [0.06965885925976863, 0.05867117906015054, 0.08670893149125489, 0.7849610300888259], [0.05801096433472112, 0.10506179772599944, 0.7525127480626356, 0.08441448977664393], [0.07974121599977686, 0.08759428429332197, 0.06408467047639585, 0.7685798291305053], [0.7468368728145343, 0.11817514454974351, 0.03548207746530607, 0.0995059050704161], [0.7791725526949791, 0.10880483123176185, 0.03117247536569595, 0.08085014060756314], [0.757339767022621, 0.10742191104162738, 0.034333254754836146, 0.10090506708091553], [0.775605852960688, 0.1049740532030204, 0.031029572533900655, 0.08839052120239102], [0.7704874319398721, 0.11453065338999618, 0.029876412987756097, 0.0851055015823756], [0.7752389911070113, 0.11523660881279468, 0.02652844770049566, 0.08299595227969837], [0.03147550883037688, 0.0855737981871935, 0.8120120711416751, 0.07093862174075449], [0.06996689199602968, 0.0971558644422848, 0.08054584503995114, 0.7523313984217344], [0.0717289909757515, 0.8738884823464077, 0.021539249349335817, 0.032843277228505004], [0.053730840842233354, 0.8947509951766909, 0.021374797477595072, 0.030143366403480684], [0.07657862510942522, 0.10146638825613655, 0.09531839261978158, 0.7266365939146566], [0.030471390507489093, 0.07310707216677181, 0.8367568958781199, 0.05966464134761927], [0.0914314476839438, 0.1847216213869014, 0.624976354590241, 0.0988705762389138], [0.17154669675760867, 0.16628914942554196, 0.07264800219351768, 0.5895161515233317], [0.23026073394551802, 0.698287156420447, 0.027503040267056664, 0.043949069266978225], [0.22788887869709176, 0.7130350828425334, 0.021871506402932957, 0.03720453195744187], [0.14726651042567904, 0.08658786310703626, 0.10608812657624847, 0.6600574997910362], [0.06793959235645652, 0.06483807220889233, 0.8023904322063086, 0.06483190312834254]], "ideal": "B", "sampled": "B", "correct": true}}
{"type": "result", "data": {"idx": 8, "options": ["Iron", "Hydrogen", "Methane", "Helium"], "probs": [[0.5115022177073463, 0.3627057156208828, 0.0461128587850903, 0.07967920778668067], [0.3688743925722381, 0.34115254113050925, 0.20371147532859002, 0.08626159086866263], [0.4831422114825563, 0.1749841175793698, 0.17226817225486446, 0.16960549858320942], [0.5149441169080731, 0.16981182358161886, 0.11670846056112098, 0.1985355988491871], [0.40592586082796883, 0.30165626921491645, 0.20732603501706728, 0.08509183484004745], [0.5556839004407226, 0.2624835620840497, 0.05588597327124311, 0.12594656410398455], [0.08586981523853568, 0.8405625459215307, 0.04524943410760482, 0.02831820463232877], [0.10717080492508542, 0.7556202978793389, 0.09457728230537447, 0.042631614790201194], [0.11614182624010448, 0.11614561113530114, 0.6683651656382966, 0.09934739688629772], [0.19543397749889724, 0.1322428952178501, 0.4473678798604942, 0.22495524732275846], [0.17222675183747513, 0.7250985921158044, 0.07179470774118135, 0.0308799482055391], [0.1513615393809057, 0.8055661885917543, 0.02470915755118266, 0.01836311437615735], [0.07696035618251389, 0.685950229784055, 0.16809775184049705, 0.06899166209293406], [0.0795042869479958, 0.6976354561577002, 0.13953502162934936, 0.08332523516495467], [0.06704432271080742, 0.579188986004264, 0.286717734212645, 0.06704895697228352], [0.0823907324411231, 0.5126700362596588, 0.3158473050587882, 0.08909192614042984], [0.05979194835625552, 0.5498520362671591, 0.3182278657829614, 0.07212814949362402], [0.08231746649865075, 0.5122114572075832, 0.32053423879917575, 0.08493683739459028], [0.14778434729632436, 0.7050334091174445, 0.0984455934516268, 0.048736650034604354], [0.13447122161578842, 0.7618269011418858, 0.051039395352338514, 0.052662481789987295], [0.2364518089452054, 0.5412473436091202, 0.16251262294309626, 0.0597882244025781], [0.3141332496209743, 0.5777779091813524, 0.04525568979699551, 0.06283315130067776], [0.2167470156929707, 0.14897249637544546, 0.45174914593947474, 0.1825313418921091], [0.26753208835823533, 0.1648272920928664, 0.365683506860032, 0.20195711258886626]], "ideal": "D", "sampled": "A", "correct": false}}
{"type": "result", "data": {"idx": 9, "options": ["Near-Earth asteroids gradually disintegrate and spread out along their orbital path. When the Earth passes through the orbit of an asteroid we are bombarded by sand-sized particles which cause a meteor shower.", "Near-Earth asteroids disintegrate as they enter Earth's atmosphere creating hundreds of bright meteors that appear to radiate from a single location in the sky.", "The nuclei of comets disintigrate as they enter Earth's atmosphere creating hundreds of bright meteors that appear to radiate from a central location in the sky.", "The nuclei of comets gradually disintegrate and spread out along the comet's orbital path. When the Earth passes through the orbit of a comet we are bombarded by sand-sized particles which cause a meteor shower."], "probs": [[0.9056979090767768, 0.053558809410902734, 0.012522807716750746, 0.028220473695569678], [0.8340046420492778, 0.09808211045864293, 0.027662845377209984, 0.04025040201486922], [0.8600247889263658, 0.07754756321705575, 0.019605112716706456, 0.04282253503987198], [0.8225445777195117, 0.10297344662327049, 0.029499400514019773, 0.04498257504319803], [0.7414700676021668, 0.16290007981818072, 0.04594591434685852, 0.04968393813279393], [0.8379080169866812, 0.10992321952192631, 0.021643871116800297, 0.0305248922745922], [0.34070253622628527, 0.5795899076149671, 0.042649351373887964, 0.037058204684859646], [0.3275949004700559, 0.5317892453217387, 0.07904851326894452, 0.06156734083926093], [0.30748120749039415, 0.15464722021810434, 0.47635821745440504, 0.06151335473709645], [0.3204687905095899, 0.17427745849261628, 0.44502804673545865, 0.06022570416233522], [0.38411911459630055, 0.47810273289140176, 0.06996264896670751, 0.06781550344559018], [0.28146242882877476, 0.6343492817665385, 0.04667774925154263, 0.03751054005314411], [0.25750110318175173, 0.5803370648142628, 0.07854491705540907, 0.08361691484857628], [0.3045798358267047, 0.5022082028954763, 0.10861632324465804, 0.08459563793316091], [0.1901299484716181, 0.14354805119339967, 0.5857997332836324, 0.08052226695134976], [0.2001295387544774, 0.1252661645287179, 0.6263121365874542, 0.048292160029350474], [0.2754590614098442, 0.6017080118931674, 0.06857816388895364, 0.05425476270803481], [0.28883450338437955, 0.6408515441395432, 0.040335442071625496, 0.029978510304451814], [0.757904645568684, 0.127669761143506, 0.049217726972078386, 0.06520786621573163], [0.7898079340215314, 0.12498083057594837, 0.039944456665610355, 0.04526677863690994], [0.7785531774703596, 0.1139500287700134, 0.04257523165135111, 0.06492156200827595], [0.8618161611140983, 0.07531719371941654, 0.019955150145010318, 0.04291149492147479], [0.840043012937586, 0.09426614693875902, 0.027005581333426558, 0.03868525869022846], [0.8943036193023732, 0.05992655851724659, 0.014683855735675516, 0.031085966344704646]], "ideal": "D", "sampled": "D", "correct": true}}
{"type": "result", "data": {"idx": 10, "options": ["Radiation pressure from the Sun's light pushes the ions away.", "The conservation of the angular momentum in the tail keeps it always pointing away from the Sun.", "The ions are following Keplerian orbits that lead away from the Sun.", "The solar wind electromagnetically \"blows\" the ions directly away from the Sun."], "probs": [[0.4502087462072163, 0.25260383798157715, 0.10047052721288582, 0.1967168884983207], [0.47658011452080706, 0.298296195340356, 0.0968367250562197, 0.1282869649826172], [0.4442702995013886, 0.18816264901179022, 0.13341551620175884, 0.23415153518506238], [0.5025494322817884, 0.18783461395268597, 0.13318269548795092, 0.17643325817757474], [0.4928662253850498, 0.23286186503319672, 0.11172078715221646, 0.16255112232953697], [0.5144445529562426, 0.25077394769547773, 0.08269083868738394, 0.1520906605608958], [0.4773714804367821, 0.24771357885719586, 0.10991371340014823, 0.16500122720587376], [0.5849591419969389, 0.21190366551279918, 0.08428204067240114, 0.1188551517178608], [0.39326887096714125, 0.18874452359925104, 0.17184015384863707, 0.24614645148497066], [0.5538918641316211, 0.18557799244586584, 0.10908386950094212, 0.15144627382157097], [0.6745519267501681, 0.16277754850919698, 0.0608194080954122, 0.10185111654522272], [0.6260860831215548, 0.18802644819983255, 0.0736248305711002, 0.11226263800751246], [0.24810835716627497, 0.27685710785004564, 0.25603854653659097, 0.21899598834708844], [0.29055247140828677, 0.27731517367741676, 0.2228203597862279, 0.20931199502806852], [0.23337371048616756, 0.3848545206828439, 0.17897024638917255, 0.20280152234181595], [0.29932516060198944, 0.4221964494608184, 0.1370645267427386, 0.14141386309445356], [0.3694366161239764, 0.1829367997621824, 0.1772933873760226, 0.27033319663781863], [0.3208295058759666, 0.1977132082128519, 0.30145826483545723, 0.17999902097572426], [0.27540142572456733, 0.15696369811650707, 0.34281919935579563, 0.22481567670312996], [0.31835050336367776, 0.19314015485322725, 0.23662794339161966, 0.2518813982914753], [0.3152993368086725, 0.4588301845751856, 0.10237717780009115, 0.12349330071605073], [0.39287068903653855, 0.35223454064471943, 0.10575488753260621, 0.14913988268613582], [0.3478173068982831, 0.20452262763902693, 0.18914124649572284, 0.2585188188669671], [0.36558182678061873, 0.1926966842531694, 0.23979663428337358, 0.20192485458283824]], "ideal": "D", "sampled": "B", "correct": false}}
{"type": "result", "data": {"idx": 11, "options": ["By observing the duration of a solar eclipse.", "By measuring the size of Earth's shadow on the Moon in a lunar eclipse.", "By comparing the maximum altitude of the Sun in two cities at different latitudes at the same time on the same day.", "By sending fleets of ships around Earth."], "probs": [[0.004803215794708614, 0.033348278922138916, 0.9593559520120658, 0.002492553171086634], [0.05244192333995494, 0.6389947354435421, 0.02942165463621843, 0.2791416864802845], [0.0041265202078370625, 0.9941110310448811, 0.0016415621948919067, 0.0001208864523899547], [0.004394134945140823, 0.9944471059495374, 0.0010769247243809779, 8.183428094071487e-05], [0.004488786226827638, 0.012592587648080057, 0.9396549484210487, 0.04326367760404366], [0.0017090212014382196, 0.009386263711073173, 0.9877479379715126, 0.0011567770159759954], [0.006685763993765764, 0.027719093266982475, 0.9618439052386878, 0.003751237400563991], [0.15001201348719403, 0.07907644511198655, 0.03244803412589732, 0.738463507174922], [0.027327539180202077, 0.9633977335949198, 0.007471549730458833, 0.0018031773944193288], [0.018490771345943093, 0.9785636935581064, 0.0024639040451269268, 0.0004816309508235779], [0.06563457919337554, 0.030534465204118722, 0.18700581996141954, 0.7168251355410862], [0.004380615582683149, 0.016280623727399468, 0.9761329637730877, 0.0032057968168296472], [0.9293495739118198, 0.05244350651502466, 0.007553991173615842, 0.010652928299539637], [0.9696205975402207, 0.02281022332610008, 0.002480246936456041, 0.005088932097223256], [0.9097356298439406, 0.06695483564924168, 0.009494672319076757, 0.013814862087740964], [0.9575104118665361, 0.03488742560611651, 0.002954305382837877, 0.004647857044509523], [0.9660320449711298, 0.020694308928026157, 0.004914382720402575, 0.008359263280441448], [0.9642378499445393, 0.025307501804804393, 0.004982406484116347, 0.005472241666539961], [0.001323463644884079, 0.032068465312475404, 0.9519269587348991, 0.014681112207741402], [0.0009274256294543573, 0.012217588716505981, 0.9858360285524683, 0.0010189570015713542], [0.00181279208681141, 0.9841402424397596, 0.010763313244301874, 0.0032836521291271462], [0.0010669730052636226, 0.23041565047340457, 0.7674159085072436, 0.0011014679140882212], [0.002012188197446114, 0.9946432690742961, 0.0030208741670447073, 0.00032366846121305716], [0.0020423090428178022, 0.993875148311345, 0.0037565976396583592, 0.0003259449061787389]], "ideal": "C", "sampled": "C", "correct": true}}
{"type": "result", "data": {"idx": 12, "options": ["a dwarf galaxy orbiting the Milky Way.", "the closest planetary nebula to the Earth.", "a bright star cluster discovered by Magellan.", "the outer arm of the Milky Way named after Magellan."], "probs": [[0.9908836297487349, 0.007334399389178051, 0.0008491695537183197, 0.0009328012083687251], [0.9915616484757439, 0.006787798814248521, 0.0007736855165032487, 0.0008768670935042708], [0.9913617828499214, 0.007223859327300417, 0.0007043158885236984, 0.0007100418342545206], [0.9899430791077373, 0.00804727518021235, 0.0009030242726867023, 0.001106621339363728], [0.9914554788210307, 0.0073383397816488855, 0.0006616956376128103, 0.000544485659707562], [0.989663509091436, 0.00869859872236193, 0.0008284247243855713, 0.0008094673618165122], [0.0016709320871692432, 0.9962694780403317, 0.001594828484426167, 0.00046476128807281056], [0.0019223584675387834, 0.9958248432062257, 0.0016969025085386493, 0.0005558957176969389], [0.0006809616435347458, 0.006985715563694995, 0.9742107950137479, 0.0181225276790224], [0.0018873975690033042, 0.00489548178429258, 0.015558807847628047, 0.9776583126990761], [0.0008937559471278649, 0.00784264052225752, 0.9803733391863356, 0.010890264244279023], [0.0019528352699969642, 0.005308326110719963, 0.012343033001159348, 0.9803958055181237], [0.0019548615956538015, 0.9969436072217619, 0.0009381969106140288, 0.00016333417197022715], [0.002016095583542023, 0.9965475333763177, 0.001185507458397674, 0.0002508634817425605], [0.0014392462986919752, 0.0071961432506347425, 0.9726965468614008, 0.01866806348927243], [0.0042443967187695535, 0.005040683068616835, 0.015049637482271783, 0.9756652826303418], [0.0013002932036512414, 0.008612713444792468, 0.9803256610932805, 0.009761332158275817], [0.005605793865527883, 0.00868297322780182, 0.013035677157067932, 0.9726755556496024], [0.002215177046884882, 0.9969638555886803, 0.0006917990373941485, 0.00012916822704063887], [0.0016217146096884456, 0.9976120178749552, 0.0006253909410347757, 0.00014087647432152846], [0.0023099138952195957, 0.009426431403878714, 0.9768915207131039, 0.011372133887797748], [0.0044636094468195366, 0.005642892502649685, 0.01087746151092183, 0.9790160364396089], [0.0014048649825473846, 0.009161153112760119, 0.9795269026203972, 0.009907079184295314], [0.006975385763668324, 0.00938724345510196, 0.011148141597300425, 0.9724892290839293]], "ideal": "A", "sampled": "A", "correct": true}}
{"type": "result", "data": {"idx": 13, "options": ["Actually water-ice is all over Mercury and not just at the poles.", "The pole is the only place fortunate enough to have had comet impacts", "Radar from the earth can only see Mercury's poles.", "These craters contain the only permanently shadowed regions on Mercury"], "probs": [[0.043866869874882725, 0.05547987027432797, 0.07235175505212171, 0.8283015046986676], [0.03594774714756278, 0.07265275647628551, 0.7224840001862719, 0.16891549608987982], [0.051167524098620916, 0.06471743747439028, 0.08308889373364008, 0.8010261445933488], [0.049649897191917806, 0.0871997229488746, 0.7077191297132834, 0.15543125004592417], [0.06266948393345571, 0.812893545162047, 0.04881922009637862, 0.07561775070811862], [0.07635252171425519, 0.7476310857323526, 0.08388293601089947, 0.09213345644249275], [0.07668922955057884, 0.08692841360487114, 0.09696884596821813, 0.7394135107763319], [0.07733547633132143, 0.10090030885822658, 0.6579946271114354, 0.16376958759901653], [0.09806893180409287, 0.09964120538184788, 0.09963685424303906, 0.7026530084710202], [0.11856798649782414, 0.12824210332180974, 0.5316005865459428, 0.22158932353442334], [0.17540420720763483, 0.5842754287752019, 0.10153309330471112, 0.13878727061245216], [0.20027302800419997, 0.41102070837144705, 0.16868651414276647, 0.22001974938158647], [0.09246482962001228, 0.08423757112925041, 0.09544046469506448, 0.7278571344556728], [0.09887184504748801, 0.095900836760609, 0.6657159626243199, 0.13951135546758306], [0.16447731096041418, 0.10791339461529238, 0.0967219962107673, 0.6308872981135262], [0.19288510657065783, 0.13262249923281347, 0.4417215120863718, 0.2327708820101569], [0.23621833662356795, 0.5002089179318587, 0.11336989177711307, 0.15020285356746024], [0.2809458348790188, 0.45613126399803416, 0.08705417909127404, 0.17586872193167294], [0.7211559038030317, 0.11593011160890185, 0.04331635457429391, 0.11959762991377249], [0.6149061963457843, 0.1461038004170569, 0.07345578873507591, 0.16553421440208294], [0.6866377038788453, 0.11037390960896355, 0.05213378482291536, 0.15085460158927577], [0.5107605609013657, 0.13966747043129277, 0.10059319735335298, 0.24897877121398856], [0.5450253093079578, 0.19438957400127363, 0.08360035283028855, 0.17698476376048006], [0.49016002546058024, 0.20438126032068848, 0.08789914976521236, 0.2175595643535189]], "ideal": "D", "sampled": "D", "correct": true}}
{"type": "result", "data": {"idx": 14, "options": ["Virgo", "Laniakea", "Sculptor", "Bo\u00f6tes"], "probs": [[0.15850492926487, 0.7924929068517789, 0.024691357608301087, 0.024310806175050034], [0.15527942543742823, 0.7885972739176532, 0.028279711999453696, 0.027843588545464818], [0.16499236731116898, 0.07437196674962389, 0.6838984677168215, 0.07673719812238564], [0.27288511697698437, 0.06687565967005417, 0.045249816531445025, 0.6149894067215164], [0.1554224148147977, 0.08319600483512435, 0.6965845693641285, 0.06479701088594948], [0.2795475464712312, 0.0764265891300693, 0.04287111077581953, 0.60115475352288], [0.873548872337873, 0.06230288101560112, 0.01784975776613088, 0.046298488780394956], [0.8650100504110737, 0.06775760397540445, 0.020664426657561314, 0.04656791885596053], [0.8678310704559682, 0.053775524073699205, 0.0246193974897141, 0.053774007880618487], [0.903075727638425, 0.038460387629585285, 0.013500645353020847, 0.04496323927896884], [0.8734177268781143, 0.05584027565606072, 0.02516816719026856, 0.04557383017555647], [0.9022509210538393, 0.039644967793716464, 0.012474662392581165, 0.04562944865986305], [0.0779878433129712, 0.14122413430094008, 0.6951242710970582, 0.08566375118903054], [0.09789256151371621, 0.1718122984567178, 0.07162166492851109, 0.6586734750010549], [0.07803718570501392, 0.839003246066938, 0.04309783406651056, 0.039861734061537556], [0.04761422451638878, 0.8984344650936668, 0.02320626763323867, 0.030745042656705746], [0.07422443450906545, 0.05964229605628808, 0.2147762171158881, 0.6513570522187584], [0.061282199399188816, 0.058478754683314475, 0.7583553394774657, 0.12188370634003103], [0.09059962834408108, 0.14253986520892337, 0.7015950856940647, 0.06526542065293087], [0.120637930917597, 0.20521968601081958, 0.07092108576780642, 0.603221297203777], [0.0876225068228432, 0.8184779834398361, 0.05314714444883891, 0.04075236518848179], [0.05572055753755189, 0.8853639532996384, 0.025115986245610657, 0.03379950281719906], [0.07461594011169195, 0.05128416628638914, 0.2193074742462625, 0.6547924192556565], [0.058855420519737855, 0.05034413820722608, 0.787497264347513, 0.10330317682552306]], "ideal": "B", "sampled": "B", "correct": true}}
{"type": "result", "data": {"idx": 15, "options": ["Venus", "Mars", "Jupiter", "Saturn"], "probs": [[0.0026044095148241827, 0.09181082740586481, 0.884777700346015, 0.020807062633296017], [0.004590992501459345, 0.09970920116544743, 0.08662305312772962, 0.8090767531053636], [0.0036707359861012693, 0.9864537068421174, 0.006147182237295018, 0.0037283748344862574], [0.0036595536576342217, 0.983448937031946, 0.009344680736559533, 0.0035468284738602676], [0.005708471610836637, 0.21421617779918573, 0.22448778615891402, 0.5555875643310636], [0.004513957415344708, 0.18031340348678668, 0.7955655239924571, 0.019607115005411548], [0.0018889488078517025, 0.0196833713104905, 0.9633366892399611, 0.015090990541696712], [0.003067670667531364, 0.028210254797043706, 0.10480947945219973, 0.8639125949832251], [0.002382478786736941, 0.9916412319106471, 0.003807085137115571, 0.002169204065500348], [0.0032954091157409637, 0.987953202296159, 0.006656727461534597, 0.002094661026565376], [0.006487903299344265, 0.2082428521795704, 0.06975039962471295, 0.7155188447963724], [0.0071284841746459444, 0.27171240817283304, 0.6938328380425101, 0.027326269510010975], [0.9834748985736638, 0.01238051844144386, 0.0015496541111897353, 0.00259492877370259], [0.9841170220929979, 0.012196606106119317, 0.001599900778602463, 0.00208647092228035], [0.9843621827256351, 0.012586788245248498, 0.0012659368774457565, 0.0017850920516706385], [0.9831973040030664, 0.014025043223869844, 0.0014105787729578483, 0.0013670739001059593], [0.9761716436660306, 0.021232849659669338, 0.001378804838195133, 0.0012167017361049582], [0.9673427112990585, 0.029212209694361918, 0.0018969393111665299, 0.0015481395954130956], [0.020014001837409184, 0.10651887623812577, 0.14559019179936072, 0.7278769300251043], [0.010358344608130182, 0.05260537113311291, 0.9179848890878948, 0.019051395070862072], [0.048466342886164644, 0.220639032617808, 0.08244413789531027, 0.648450486500717], [0.03403873216592332, 0.25548149990798524, 0.6730953749447586, 0.03738439288133292], [0.020723884276603037, 0.9678165609708305, 0.007743941377612263, 0.0037156132749542542], [0.027193021812827088, 0.9586036420952677, 0.010161358459900318, 0.004041977532004892]], "ideal": "C", "sampled": "C", "correct": true}}
