{"type": "result", "data": {"idx": 0, "options": ["k = 0 and n = 1", "k = 1 and n = 0", "k = n = 1", "k > 1"], "probs": [[0.24659730103816116, 0.12400253670179014, 0.3318953364112779, 0.2975048257487708], [0.2464972530096755, 0.12395439018661635, 0.46786489032302614, 0.161683466380682], [0.2472954743871918, 0.10974149559202437, 0.22874820614725397, 0.41421482377352986], [0.2000528886718141, 0.09598980169520861, 0.5354695359489514, 0.16848777358402586], [0.32665728059166665, 0.24658506003901384, 0.2316718444739244, 0.19508581479539508], [0.3130329502354014, 0.32298016063648993, 0.19900679289784573, 0.16498009613026293], [0.2743967575453289, 0.11802279642619123, 0.3061649317049636, 0.3014155142235163], [0.26213694397382015, 0.11633105921568623, 0.4674050350736583, 0.15412696163683526], [0.29253723342660587, 0.14257780781220736, 0.21743167286630713, 0.3474532857948796], [0.26578106869612317, 0.14450901547199949, 0.4451848368066763, 0.14452507892520103], [0.3557039498927133, 0.28582617637637037, 0.19042585788253058, 0.16804401574838573], [0.3325623025738701, 0.30280975228427526, 0.22157268063201976, 0.1430552644098349], [0.26442927513502124, 0.11023788317290081, 0.25236425177262223, 0.37296858981945574], [0.2101759361304855, 0.09182631428723388, 0.5368228078131624, 0.1611749416691182], [0.26312016222290635, 0.12236890271065919, 0.24338822206279112, 0.37112271290364335], [0.21698259138355322, 0.10575439192421267, 0.5371456225744023, 0.14011739401783171], [0.31899752259052094, 0.36147706619828995, 0.17346010583513555, 0.14606530527605358], [0.3035913678930825, 0.33343446252300046, 0.20544951008734572, 0.15752465939657131], [0.4207549502687381, 0.15239756616629033, 0.22175924976518824, 0.20508823369978332], [0.46394379324874446, 0.15786141626035335, 0.19648489939646738, 0.18170989099443477], [0.41604989762914085, 0.168110579235432, 0.2192821055431429, 0.19655741749228425], [0.4384556616294921, 0.1771639128897726, 0.2205136220967535, 0.16386680328398182], [0.44773165365756096, 0.17262815655703906, 0.19871637824948582, 0.18092381143591413], [0.4170091151774153, 0.17115093765931466, 0.22676511106607625, 0.18507483599719382]], "ideal": "B", "sampled": "D", "correct": false}}
{"type": "result", "data": {"idx": 1, "options": ["0", "1", "2", "3"], "probs": [[0.16570891191332093, 0.17367426790535784, 0.45756711869481503, 0.2030497013865062], [0.13784777037457316, 0.15140711220798117, 0.4450102282618589, 0.2657348890555868], [0.17323270438369295, 0.29469364878568566, 0.3667574524512698, 0.16531619427935157], [0.17282927549628485, 0.25543827577177186, 0.3279841043616406, 0.24374834427030267], [0.18112674224412478, 0.2940070365963091, 0.3437299122708111, 0.18113630878875497], [0.15022364628126672, 0.2220268083866829, 0.46275069837482335, 0.16499884685722704], [0.17389822198960003, 0.103848360181768, 0.5614061532795682, 0.1608472644490637], [0.17661732607674763, 0.10713418518915935, 0.5031819564210388, 0.21306653221305422], [0.25309640543755746, 0.35140651984584736, 0.2268836233818685, 0.16861345123472668], [0.27343594617737915, 0.29567113075173873, 0.2650345524130289, 0.16585837055785319], [0.24469130864242608, 0.3045414640518247, 0.2446992807635452, 0.20606794644220405], [0.2231829811476663, 0.20642535953728294, 0.41698793688770874, 0.153403722327342], [0.3740453552507424, 0.1313113958416074, 0.3005691930096646, 0.19407405579798553], [0.3686816582107917, 0.11970144152334056, 0.320331236082134, 0.1912856640837338], [0.43781318603826613, 0.19428847438704488, 0.16106724497455135, 0.20683109450013765], [0.4064258336614448, 0.20120725033655346, 0.21755172310084156, 0.17481519280116015], [0.4480882255635535, 0.1573019121311905, 0.19884177735496616, 0.19576808485028985], [0.39242722995488694, 0.13352484800784412, 0.310448671690642, 0.16359925024662694], [0.40514677155218026, 0.1024451091418772, 0.29182821074446086, 0.20057990846148166], [0.2710324687110038, 0.09079108182422874, 0.4908065789927925, 0.147369870371975], [0.44826847669980086, 0.17832007840877334, 0.15492102166362778, 0.218490423127798], [0.374066291269975, 0.17396862609201144, 0.27799447459141585, 0.1739706079465977], [0.4367748070287591, 0.19687909789265054, 0.1632134418558748, 0.20313265312271556], [0.42815452809820626, 0.18415860829895933, 0.21195955572392886, 0.17572730777890555]], "ideal": "D", "sampled": "C", "correct": false}}
{"type": "result", "data": {"idx": 2, "options": ["n = 1 and r = 6", "n = 1 and r = 7", "n = 2 and r = 5", "n = 2 and r = 6"], "probs": [[0.34718378340158645, 0.17457791640866688, 0.25404211119131637, 0.22419618889843027], [0.3418778478757396, 0.18016289172755104, 0.2501721381890941, 0.22778712210761526], [0.35711316654479436, 0.2305615292007944, 0.2270224141688531, 0.18530288998555813], [0.31182964703810295, 0.17491986824551814, 0.3118780162058918, 0.20137246841048712], [0.36455619331529, 0.22458736596245796, 0.2246264368071043, 0.18623000381514776], [0.34901581771232554, 0.1988593577629857, 0.24368252947050725, 0.20844229495418148], [0.30927254148933486, 0.17622407566740522, 0.2951581311746481, 0.21934525156861176], [0.3005601882300112, 0.18230423732935827, 0.3006104647448775, 0.21652510959575305], [0.3119402918485878, 0.24676326650188166, 0.2429760468650089, 0.19832039468452162], [0.3048922853563839, 0.22657584664534056, 0.24888306476144445, 0.21964880313683108], [0.31155085096297214, 0.21412640488798346, 0.27931910334239035, 0.19500364070665407], [0.311037923200052, 0.2071967391880272, 0.2745304364506486, 0.20723490106127215], [0.3841642565269641, 0.22582996369890257, 0.2056516316781193, 0.184354147996014], [0.3198448621953105, 0.1939935030149091, 0.3149301315549951, 0.17123150313478527], [0.3734464346989072, 0.22650583086132922, 0.1937699168726747, 0.2062778174670889], [0.3774924575905009, 0.2475600689402022, 0.2020851671493624, 0.17286230621993454], [0.38254154424766645, 0.1893694734759818, 0.23570619606365886, 0.1923827861126929], [0.3903227564398363, 0.1932189074924759, 0.2405005913881542, 0.1759577445795336], [0.38320780938631227, 0.1957209764440133, 0.2253093339369691, 0.19576188013270535], [0.360368422255744, 0.1840558161584748, 0.25960327739523265, 0.19597248409054857], [0.36825550384084377, 0.2131290457554688, 0.23048569376037212, 0.1881297565433153], [0.3621483824994584, 0.21624463995650778, 0.24507463005269783, 0.176532347391336], [0.37110691152953684, 0.16726861393958706, 0.2434186415602142, 0.21820583287066192], [0.37770922279860925, 0.17564717638313357, 0.2596340659164701, 0.1870095348017871]], "ideal": "D", "sampled": "D", "correct": true}}
{"type": "result", "data": {"idx": 3, "options": ["4", "8", "16", "2sqrt(2)"], "probs": [[0.32333776351556354, 0.11710858343860653, 0.25578397509878076, 0.30376967784704917], [0.31020343300578385, 0.11591669915947461, 0.2914167046255519, 0.2824631631091896], [0.32559361565442924, 0.15868325293439392, 0.2457759939517771, 0.2699471373593998], [0.3456055922641138, 0.15823191874328196, 0.20962468412283958, 0.28653780476976465], [0.34387909432066444, 0.18696318189200817, 0.24007578132587676, 0.2290819423614506], [0.3603298693289238, 0.17288932404507903, 0.19899506872429285, 0.2677857378017043], [0.2849268274480263, 0.1755408022296602, 0.23621020856804567, 0.3033221616542679], [0.2826132307596578, 0.18534565355440308, 0.24941074849193154, 0.2826303670940076], [0.2775244712552065, 0.16571742294561698, 0.25666821000393525, 0.30008989569524125], [0.2830361127570357, 0.1538856923426284, 0.2617712020612252, 0.30130699273911066], [0.28879822986822157, 0.24701674665945855, 0.22846676875749944, 0.23571825461482043], [0.2961787923304911, 0.22009991435144616, 0.2343023454059656, 0.24941894781209714], [0.32592567798216265, 0.15395691989312787, 0.2499003708112679, 0.27021703121344154], [0.3392607867378482, 0.16794940827597543, 0.2025841176307273, 0.29020568725544904], [0.3351638416659599, 0.14415362905472306, 0.23398441771266748, 0.28669811146664953], [0.3306954155428011, 0.14002626924267456, 0.2419454270069436, 0.28733288810758073], [0.33969640222227476, 0.16298970335597532, 0.24088807042681212, 0.2564258238949378], [0.33084585273397005, 0.1612408410971798, 0.2658526519911079, 0.24206065407774224], [0.41433901718560406, 0.12057870086215, 0.22527617696910598, 0.23980610488313994], [0.4157035524517768, 0.13286816676515345, 0.17879187526131268, 0.27263640542175704], [0.40960660572724306, 0.12688976524991477, 0.2227031886354903, 0.24080044028735184], [0.42606117999717835, 0.12399087007600779, 0.17485338317453694, 0.27509456665227694], [0.4165541665715533, 0.12904409918848714, 0.19371942214274296, 0.2606823119972166], [0.4189209279159865, 0.11633087520135107, 0.21065145414970649, 0.25409674263295595]], "ideal": "A", "sampled": "D", "correct": false}}
{"type": "result", "data": {"idx": 4, "options": ["2/69", "1/30", "2/23", "12/125"], "probs": [[0.29926349513300743, 0.2330809225255178, 0.2682821910281234, 0.19937339121335138], [0.2978139817416877, 0.22481429574625636, 0.2628426849579229, 0.21452903745413304], [0.32167132247727115, 0.1643075720366036, 0.2929147052659119, 0.22110640012021332], [0.3149784317310525, 0.15839431234240212, 0.31012706097082093, 0.21650019485572447], [0.30917740081043155, 0.2407967977762707, 0.2408060215942241, 0.20921977971907366], [0.3333516865627148, 0.2807169430846767, 0.19598019735133956, 0.1899511729012689], [0.3117057084725526, 0.23165246841975162, 0.23901207742685104, 0.21762974558084475], [0.2986985653727999, 0.20212168387174928, 0.2806239938269373, 0.2185557568285135], [0.3007494464104214, 0.2067159234269981, 0.2825545924238744, 0.20998003763870612], [0.28291059380654404, 0.19445333462360076, 0.3156356309228102, 0.20700044054704494], [0.29472339589514646, 0.24055849371767243, 0.2683708707477132, 0.19634723953946792], [0.2958212759039168, 0.2735977715216658, 0.2304027882348079, 0.20017816423960944], [0.32518792149152903, 0.16871798036795485, 0.296117186516714, 0.2099769115238021], [0.3354899086920758, 0.16870671993555053, 0.2825357745283967, 0.21326759674397705], [0.3140088272673472, 0.2226766016457832, 0.2728400487501763, 0.19047452223669328], [0.3000694304425289, 0.21614148364711502, 0.2775397681179195, 0.20624931769243657], [0.32595750134587353, 0.24605377359118505, 0.24225028171577595, 0.18573844324716549], [0.30695067003574084, 0.2353554674535794, 0.26256991845307126, 0.1951239439576085], [0.37998139854446034, 0.2131599634672628, 0.20024950800323707, 0.20660912988503977], [0.4113717499372785, 0.2344015757326798, 0.15372750619684702, 0.20049916803319467], [0.36423110149026056, 0.21413342438782262, 0.21081508460410806, 0.21082038941780873], [0.3791219663764222, 0.2299579095635584, 0.18478079527075256, 0.20613932868926685], [0.3964013338765074, 0.1652560482677652, 0.22943703144172148, 0.20890558631400594], [0.376716244876972, 0.15952063619923892, 0.2589314800560382, 0.20483163876775087]], "ideal": "C", "sampled": "D", "correct": false}}
{"type": "result", "data": {"idx": 5, "options": ["(S, +, x) is closed under addition modulo 10.", "(S, +, x) is closed under multiplication modulo 10.", "(S, +, x) has an identity under addition modulo 10.", "(S, +, x) has no identity under multiplication modulo 10."], "probs": [[0.40856248136249457, 0.19299384949661552, 0.2054489254746028, 0.19299474356628707], [0.42356870836458943, 0.17935617800814982, 0.20009296236698512, 0.1969821511602756], [0.39720676529031873, 0.19058633416732645, 0.20932679500056536, 0.20288010544178942], [0.4082528291494762, 0.1811650964262951, 0.2052940844495328, 0.20528798987469593], [0.4237239784688412, 0.2001582443561144, 0.1909998116004146, 0.18511796547462978], [0.42506284597454835, 0.19767787166893172, 0.18863152612506653, 0.18862775613145338], [0.41574178380807597, 0.17881182367240878, 0.19639313804311012, 0.20905325437640512], [0.42324663465697926, 0.17644130217579793, 0.20953505363559635, 0.19077700943162643], [0.41788164399679434, 0.17694795393586868, 0.18836634139868969, 0.2168040605686473], [0.4003057598758506, 0.18043575226754874, 0.22108360291545895, 0.1981748848411417], [0.44146023202921025, 0.1989848524586868, 0.17837587689869566, 0.1811790385134073], [0.43385316230050897, 0.19252503490087475, 0.17806309990482388, 0.1955587027937924], [0.4035543323218891, 0.19363307037899927, 0.1966891347178565, 0.20612346248125513], [0.43656123708764577, 0.1907198790693352, 0.190729415812072, 0.18198946793094703], [0.4060903661644788, 0.19484941117087765, 0.19485717467504907, 0.20420304788959445], [0.4057718514990346, 0.1916779875563632, 0.21384054420240134, 0.18870961664220082], [0.4391811722199847, 0.21404023147409212, 0.1774546924435262, 0.16932390376239692], [0.4145748255050631, 0.20846306964960631, 0.18112431194871936, 0.19583779279661123], [0.46177233176803745, 0.17803471482844777, 0.16466005898885142, 0.1955328943146634], [0.4687800248624998, 0.17517474814018485, 0.17246324336184718, 0.18358198353546812], [0.48610529298689664, 0.18164992330641996, 0.1505962163059319, 0.18164856730075146], [0.4902355299364709, 0.18607358355339912, 0.1542663700088615, 0.16942451640126846], [0.4647302834849372, 0.17917355204102758, 0.16832343494654753, 0.18777272942748766], [0.48402079213754834, 0.18660826701133587, 0.16468746713112792, 0.1646834736199879]], "ideal": "D", "sampled": "D", "correct": true}}
{"type": "result", "data": {"idx": 6, "options": ["12*sqrt(2)", "6*sqrt(2)", "4*sqrt(2)", "1/(2*sqrt(2))"], "probs": [[0.38346301934068805, 0.17016142351473335, 0.1868873955586318, 0.25948816148594683], [0.39780687096292705, 0.18790909086049767, 0.1533695115481575, 0.26091452652841773], [0.36977677982660667, 0.1692983184690109, 0.21069605332449062, 0.25022884827989184], [0.3923133430182027, 0.18531416906989687, 0.16100921215024455, 0.26136327566165585], [0.34562543436219356, 0.1271532232073035, 0.2821071831520035, 0.24511415917849944], [0.3410298056943104, 0.12160126571636069, 0.2917131889957982, 0.2456557394935307], [0.38673872328018194, 0.14679308452916104, 0.20064238010787802, 0.265825811982779], [0.4042387607467324, 0.15584858921463882, 0.14413578390645446, 0.2957768660321743], [0.4005923150951485, 0.16699383899453954, 0.17776250473364477, 0.25465134107666726], [0.4326078915616315, 0.1747871618384545, 0.13826919630792844, 0.25433575019198557], [0.3854671831182769, 0.13744558802200546, 0.216233215198149, 0.2608540135615686], [0.37370032068330256, 0.1232371777172829, 0.2691785096853014, 0.23388399181411312], [0.36818669339869214, 0.13975081262832542, 0.2268389232777887, 0.26522357059519375], [0.39026752691937217, 0.15523508420874654, 0.1552383475630963, 0.299259041208785], [0.39266315683764275, 0.14904001575767734, 0.1884018359651788, 0.26989499133950107], [0.4220607326764564, 0.1552661415620664, 0.14585841321330528, 0.27681471244817196], [0.38356401369419574, 0.143327410703649, 0.20530887824303565, 0.2677996972591196], [0.37168642320959616, 0.12845428095286604, 0.26357349357988974, 0.23628580215764808], [0.41634671635199355, 0.13946121514054627, 0.18766217862689888, 0.2565298897805613], [0.41369727249776905, 0.1429712027168354, 0.19239048657877578, 0.2509410381066198], [0.4092032732912962, 0.1653352428907296, 0.16533306732113068, 0.2601284163968435], [0.40199874045401385, 0.15742835870087496, 0.1928835717510093, 0.24768932899410193], [0.4189027623922432, 0.16150064718604193, 0.16149772655818712, 0.25809886376352775], [0.42703291769525753, 0.1570973545155784, 0.1725353896445354, 0.24333433804462867]], "ideal": "C", "sampled": "B", "correct": false}}
{"type": "result", "data": {"idx": 7, "options": ["0", "10%", "25%", "50%"], "probs": [[0.1543640265175128, 0.12212367900537668, 0.406747567914621, 0.3167647264624895], [0.16479159889957462, 0.14773184059573097, 0.45506411786297135, 0.23241244254172305], [0.16692777225088387, 0.22818062047137805, 0.3118968652159536, 0.2929947419617845], [0.16855878121605064, 0.24526551391619436, 0.39812303192669324, 0.18805267284106178], [0.18143859095181153, 0.3443219866600222, 0.25192041704045326, 0.2223190052477131], [0.19524720018271383, 0.3373690196926435, 0.2627531548661521, 0.20463062515849056], [0.16677319133004223, 0.11110688413711764, 0.4677964026682329, 0.25432352176460726], [0.1829633874290469, 0.13179608196221473, 0.4746336880869619, 0.2106068424217765], [0.23135287367912635, 0.21398226276933346, 0.29249002654935535, 0.2621748369021848], [0.23457673539225038, 0.17433484156675488, 0.38080162373551885, 0.21028679920547588], [0.25379693883797133, 0.2744312923042419, 0.28315607132398846, 0.1886156974337983], [0.2832650668605304, 0.24999004227358806, 0.24612566436417804, 0.22061922640170348], [0.26345265694167186, 0.134571437064406, 0.3080416115226744, 0.29393429437124774], [0.24357531198138024, 0.1324420014619112, 0.434271646523907, 0.18971103993280158], [0.3140189442922256, 0.16039839863360497, 0.248436160314159, 0.27714649666001046], [0.2794370775883788, 0.14273220937309813, 0.35328076865481556, 0.2245499442837075], [0.32191519864649265, 0.2430047835467511, 0.26276381387251435, 0.17231620383424193], [0.3507557599935394, 0.24872937803586265, 0.18776056539561894, 0.21275429647497898], [0.2802975559043, 0.14771852335998006, 0.3127233776949064, 0.2592605429408136], [0.2911260252228705, 0.14870577162770876, 0.34039534086189094, 0.2197728621875298], [0.3442691512915566, 0.17861751944100557, 0.2329673434118813, 0.2441459857555565], [0.33050661290837496, 0.16108634586254172, 0.2740251339988527, 0.2343819071302306], [0.3604818880197532, 0.1784638911307208, 0.255644172404474, 0.20541004834505194], [0.39442633361566143, 0.17779221433674544, 0.19224437438611675, 0.23553707756147638]], "ideal": "C", "sampled": "D", "correct": false}}
{"type": "result", "data": {"idx": 8, "options": ["None", "I only", "II only", "III only"], "probs": [[0.27944925424642336, 0.18615946171806314, 0.28387835618995017, 0.25051292774556333], [0.2632493894060639, 0.2018449842178147, 0.27163418315215004, 0.2632714431239714], [0.2565027849567564, 0.18766782245153527, 0.29526338858224893, 0.2605660039094594], [0.265812855894189, 0.19754224406631363, 0.25366456447975905, 0.28298033545973833], [0.24491334323987005, 0.1999006151938305, 0.28193006336745713, 0.27325597809884233], [0.2548544146589058, 0.1954131453350447, 0.24704482026974753, 0.302687619636302], [0.26254421469923994, 0.17218630014128203, 0.33714851733650913, 0.22812096772296886], [0.2482973895972418, 0.18452481648678867, 0.318857158407614, 0.2483206354083555], [0.28182858225865187, 0.1656836867166775, 0.3295258879332034, 0.22296184299146724], [0.33341484264929305, 0.1812784915600192, 0.259690604789198, 0.22561606090148978], [0.25960077013164995, 0.18993278694933272, 0.2988301648867887, 0.2516362779322286], [0.29562128468243315, 0.19387889484251575, 0.2691975017873712, 0.24130231858767992], [0.27378122364040897, 0.15845922179668712, 0.34076620093954135, 0.22699335352336256], [0.2756635639046465, 0.17522847835245237, 0.2980934755136393, 0.2510144821292618], [0.30252542187152714, 0.15452122226239118, 0.3073252645624734, 0.23562809120360828], [0.32623491660178466, 0.1719198128981276, 0.2704889258617555, 0.23135634453833226], [0.29060675009891423, 0.16558978700128357, 0.2952143979618258, 0.2485890648379764], [0.30968122075446586, 0.17372227489949754, 0.28644130911531523, 0.23015519513072133], [0.27298619933697316, 0.16558459152734561, 0.32422500362394985, 0.23720420541173137], [0.28135677330789416, 0.17607962558655588, 0.290324530264774, 0.2522390707407759], [0.2941561639014773, 0.1812328100023235, 0.2807201444821972, 0.243890881514002], [0.3311016559269728, 0.1916374116944364, 0.23117607829643194, 0.2460848539821588], [0.2906207826627976, 0.17905553217097286, 0.2817147457828959, 0.2486089392833336], [0.3221431076204499, 0.18356154857230395, 0.2548705339176892, 0.23942480978955696]], "ideal": "C", "sampled": "B", "correct": false}}
{"type": "result", "data": {"idx": 9, "options": ["Every compact space is complete", "Every complete space is compact", "Neither (a) nor (b).", " Both (a) and (b)."], "probs": [[0.28722545501697755, 0.17698276041168404, 0.27415439483762055, 0.26163738963371785], [0.28893002037273535, 0.18656916814437205, 0.3378899646875602, 0.18661084669533237], [0.3057398725546535, 0.171532852299707, 0.30583827983049977, 0.21688899521513966], [0.3241446758845259, 0.15314201203582165, 0.29986227896175527, 0.22285103301789716], [0.3267598048574682, 0.1749192580357666, 0.28396211764131235, 0.2143588193654528], [0.34424078876504144, 0.178611056592257, 0.24415713217222434, 0.2329910223704772], [0.30590720349056577, 0.19447536143840824, 0.25368882357126465, 0.24592861139976135], [0.3069445514123562, 0.2013178883603461, 0.3167813434777566, 0.17495621664954109], [0.3170106566971631, 0.17238948466889054, 0.30260928109498886, 0.2079905774389575], [0.3373756806923042, 0.15449201029460494, 0.27977744575854147, 0.22835486315454934], [0.33212603630711185, 0.1834353722402881, 0.27975373206826165, 0.20468485928433844], [0.35751280717720957, 0.19138530180008614, 0.22378327283682659, 0.22731861808587772], [0.2905207660658938, 0.19971338507661993, 0.24095035314982705, 0.2688154956076592], [0.2839515762648412, 0.20456625214309881, 0.2796478229533954, 0.23183434853866455], [0.29454047270597533, 0.2089085572072156, 0.2405133962008202, 0.25603757378598885], [0.2878102020957818, 0.21393696642856788, 0.27048316192182387, 0.22776966945382646], [0.3116494649075848, 0.20125353343661245, 0.2794392316836249, 0.20765776987217785], [0.32687610326801225, 0.21779636003548733, 0.250709973314067, 0.20461756328243336], [0.3245854079398773, 0.1765030324282573, 0.26501730081769076, 0.23389425871417466], [0.31839654928858696, 0.19314375856710672, 0.2480374575582984, 0.2404222344860079], [0.3296913157119775, 0.18210482324172694, 0.2650191744149076, 0.22318468653138795], [0.3337709555624298, 0.19624809626392878, 0.2294787581113165, 0.2405021899623249], [0.3018928512911034, 0.14486991083469547, 0.3642595762284856, 0.18897766154571555], [0.32441060281680684, 0.1581332314690812, 0.3296355159414009, 0.187820649672711]], "ideal": "A", "sampled": "D", "correct": false}}
{"type": "result", "data": {"idx": 10, "options": ["10", "20", "25", "45"], "probs": [[0.31288129554363464, 0.16232748569902963, 0.23990273830730882, 0.2848884803500269], [0.30940354542293996, 0.17087610281218224, 0.23355900988932793, 0.28616134177554986], [0.26519978438943714, 0.14646457352461914, 0.335268532231727, 0.25306710975421676], [0.3090663849998398, 0.17337888477499, 0.2226237952486574, 0.2949309348765128], [0.2832199888658427, 0.16138185318611759, 0.3015078857014884, 0.2538902721465513], [0.3074430502330576, 0.17246836113280142, 0.23573631567156003, 0.2843522728625809], [0.41357510045281565, 0.16451355323000047, 0.1671048948864458, 0.2548064513307381], [0.3968962906006775, 0.17070917056473944, 0.1761287380338346, 0.25626580070074845], [0.3910240792778766, 0.11558985739020479, 0.24091552320872392, 0.2524705400231947], [0.41948723476292565, 0.09964003338681623, 0.15922374903141845, 0.3216489827188396], [0.37702357374621026, 0.15473623678899054, 0.2322955966691302, 0.23594459269566903], [0.3937779156569283, 0.12010079144455797, 0.19801344418065728, 0.28810784861785643], [0.4064441565133486, 0.12991157947144652, 0.20121170287574086, 0.262432561039464], [0.39663106790139263, 0.15292068052134583, 0.19031513018962662, 0.26013312128763494], [0.41833307711570766, 0.15390109784999623, 0.18564364035592268, 0.24212218457837345], [0.3934558746855156, 0.1402967762895232, 0.1692314347226497, 0.29701591420231144], [0.40614091135550456, 0.14709968425055536, 0.20423305914049292, 0.24252634515344712], [0.38910764161996425, 0.11324187282650337, 0.22171844374616223, 0.2759320417073701], [0.3553420251946645, 0.12870366678286518, 0.25596075866105433, 0.25999354926141593], [0.36223402075968786, 0.14186100448946629, 0.22669589179430572, 0.26920908285654016], [0.3484501242289184, 0.18362779913496516, 0.23579058048751408, 0.23213149604860234], [0.3478455543170221, 0.15926198659734742, 0.2044992297683303, 0.2883932292173002], [0.3611098068095328, 0.15776328035669665, 0.24056572134328524, 0.24056119139048526], [0.36555031483020106, 0.13034671737956963, 0.21490826030769997, 0.2891947073825293]], "ideal": "D", "sampled": "B", "correct": false}}
{"type": "result", "data": {"idx": 11, "options": ["1/64", "15/64", "1/4", "3/8"], "probs": [[0.40329186326082467, 0.22622848229019002, 0.157943119329606, 0.21253653501937927], [0.39790624969059146, 0.21298741119441505, 0.16588370747522235, 0.2232226315397711], [0.4011677741429215, 0.1620921468260895, 0.22859620705052777, 0.20814387188046124], [0.4136391220030933, 0.15456990665782677, 0.19237091848758014, 0.2394200527514998], [0.3913740398678996, 0.16572355728508134, 0.21280147989047996, 0.23010092285653908], [0.40059422845717413, 0.1618576323547387, 0.19831981957479236, 0.2392283195132948], [0.46764176382452166, 0.19495053296895587, 0.12987232013428393, 0.20753538297223853], [0.45738606023345374, 0.19367835500921243, 0.13950780448435826, 0.2094277801729756], [0.4386400281944325, 0.20399640498505536, 0.17449328301592165, 0.18287028370459046], [0.4507983855333382, 0.1908871502851222, 0.15825444222515123, 0.2000600218563884], [0.44703799166011726, 0.2046749862630128, 0.16191820273676807, 0.18636881924010182], [0.4401977824665653, 0.1835069750510835, 0.17786651317884522, 0.19842872920350593], [0.3481056689867959, 0.2014719992674581, 0.23926730451575376, 0.2111550271299923], [0.36588644432512124, 0.21509650026947277, 0.1675247077845194, 0.2514923475208866], [0.3271620224511986, 0.2628864010475486, 0.2145759729144578, 0.19537560348679503], [0.3258987110719667, 0.2876031400455819, 0.1857023283641051, 0.2007958204183463], [0.3704206567883011, 0.2318026412376011, 0.18337902027793893, 0.21439768159615885], [0.33912084513851837, 0.21221896146258332, 0.23308662272407155, 0.21557357057482676], [0.39434183269718714, 0.19521577980856314, 0.18921973171608508, 0.22122265567816463], [0.40787282640676115, 0.20832106530975264, 0.14772915449223487, 0.2360769536912513], [0.3997247635836455, 0.2424424511679694, 0.17193070564728385, 0.18590207950110124], [0.38503458980603555, 0.24473952087842205, 0.17355693677991574, 0.19666895243562668], [0.4123944885553482, 0.23867352236945, 0.14476808276922715, 0.20416390620597458], [0.37127775503376353, 0.22170132726749053, 0.19873893555112512, 0.2082819820476208]], "ideal": "B", "sampled": "B", "correct": true}}
{"type": "result", "data": {"idx": 12, "options": ["0", "1", "2", "3"], "probs": [[0.38535043484220105, 0.1683530038689855, 0.23012486322343312, 0.21617169796538033], [0.36692609832601997, 0.1553738093910142, 0.23325821407402184, 0.244441878108944], [0.3980768857842102, 0.18804353104400912, 0.19402703307280003, 0.21985254999898068], [0.41234481853028426, 0.15898176078507376, 0.17461647540870706, 0.2540569451759349], [0.3890469851984855, 0.19259929081065813, 0.18962844639227588, 0.22872527749858046], [0.4114370223040111, 0.17696506745937873, 0.19135757708550494, 0.22024033305110524], [0.3754348996586442, 0.17735187443283107, 0.2462447546735812, 0.20096847113494354], [0.37465656547038945, 0.1769859983156364, 0.23817855187784737, 0.2101788842361268], [0.3802227079488094, 0.18823216853643648, 0.2342759668592781, 0.19726915655547603], [0.39630135299323666, 0.1731413725867375, 0.1901688249193873, 0.2403884494006385], [0.37366013044881846, 0.20001613197638568, 0.2231513310827086, 0.20317240639208725], [0.40857666662893827, 0.1900181032513722, 0.17574934840312337, 0.2256558816165662], [0.3971789776881721, 0.1966242193979096, 0.19358903167696068, 0.2126077711369576], [0.40731201731161065, 0.19544077534029025, 0.19242390128131154, 0.20482330596678758], [0.40588437902021074, 0.19475389724879164, 0.1887758494907215, 0.21058587414027613], [0.40436233828589324, 0.19402616680435456, 0.18515392694890445, 0.21645756786084774], [0.3885680726205219, 0.16976375650882, 0.2431923629988697, 0.1984758077717884], [0.41871399791610336, 0.18873847175416325, 0.19474627695164456, 0.19780125327808884], [0.3998498320179679, 0.19794942436622953, 0.19796355066703988, 0.20423719284876268], [0.406121498396934, 0.19793826634600648, 0.20106844901620002, 0.19487178614085948], [0.40731054540375744, 0.19241078196031977, 0.1954551189942408, 0.20482355354168194], [0.40953283887682607, 0.19046230328469763, 0.18752462880636625, 0.21248022893211008], [0.4042019130273638, 0.1850674383932404, 0.21978742864560064, 0.19094321983379514], [0.42887646594641093, 0.19636385433444498, 0.1873858151752992, 0.18737386444384485]], "ideal": "A", "sampled": "A", "correct": true}}
{"type": "result", "data": {"idx": 13, "options": ["4", "7", "10", "13"], "probs": [[0.3237233161602546, 0.1392363309720993, 0.27690225836845844, 0.2601380943991876], [0.32031051275836614, 0.1443816168277607, 0.2655559857089796, 0.2697518846048935], [0.28077437634120883, 0.10492275341526223, 0.37784378590847195, 0.23645908423505696], [0.3139371182027305, 0.11370658534502621, 0.29957427678765414, 0.27278201956458914], [0.311086789736926, 0.12182883372449754, 0.3209751998621281, 0.24610917657644837], [0.30592505981228235, 0.11980814039223835, 0.3206232070370066, 0.25364359265847275], [0.32708528147220145, 0.17508235311124756, 0.24307570986886376, 0.2547566554476872], [0.3345026821086293, 0.19360276430113682, 0.21937815333399532, 0.25251640015623855], [0.31943779704598324, 0.14855763093300783, 0.290859903502288, 0.24114466841872093], [0.33598503467060986, 0.13575623928143019, 0.24969102439767646, 0.2785677015502835], [0.34080126878191414, 0.1795949786721879, 0.24167144296136753, 0.23793230948453042], [0.3256301380556078, 0.14678016740940972, 0.26997167673903116, 0.25761801769595133], [0.26082313446809025, 0.1820907172690142, 0.3195811259364553, 0.2375050222264402], [0.27386878978470036, 0.2067348365826429, 0.27388074051686706, 0.24551563301578966], [0.28009702859231, 0.18369835491864378, 0.2889972544170446, 0.24720736197200163], [0.2893000201695937, 0.17547698055722435, 0.26342370710981616, 0.2717992920633658], [0.30050639210635605, 0.1851417775309248, 0.2652064640616351, 0.24914536620108405], [0.2965700283861119, 0.1562883383432452, 0.3012572481739677, 0.24588438499667514], [0.3080358206917764, 0.15249468384648301, 0.3032709657842634, 0.23619852957747725], [0.3188663422742504, 0.16034290192907985, 0.2685246765345031, 0.2522660791621666], [0.3181562077955705, 0.18998446775586258, 0.2516878209504952, 0.24017150339807172], [0.3236540056040288, 0.17597470210147587, 0.24431807528431057, 0.2560532169101848], [0.331449111325703, 0.16408337162035871, 0.25814013901334065, 0.24632737794059767], [0.3369724351732991, 0.15428190962077398, 0.25436859562331093, 0.25437705948261596]], "ideal": "B", "sampled": "B", "correct": true}}
{"type": "result", "data": {"idx": 14, "options": ["0.64", "0.72", "0.81", "0.95"], "probs": [[0.3639296536688217, 0.1830007108415841, 0.21063470524477584, 0.24243493014481837], [0.34164046293898137, 0.1886753552173859, 0.2311777014011055, 0.2385064803425272], [0.349588175095284, 0.18712613917130141, 0.21538471531547826, 0.24790097031793631], [0.3574289838953061, 0.1943345007553599, 0.21013287647051293, 0.23810363877882107], [0.3555439114215074, 0.18159893153281972, 0.22600992021684754, 0.23684723672882535], [0.34973326843062413, 0.1843022284368485, 0.23298688577746357, 0.2329776172550638], [0.34799377551202965, 0.18054150726145335, 0.22469376510993855, 0.2467709520165785], [0.3520994939496455, 0.18554938667122958, 0.22035070746501348, 0.24200041181411144], [0.35845999837926656, 0.18308942962575628, 0.2042552469688471, 0.25419532492613006], [0.35398248704812696, 0.18080018871405595, 0.21809278616555422, 0.24712453797226286], [0.35374075170794256, 0.19233107564910185, 0.2145682722115525, 0.23935990033140306], [0.3497135832641415, 0.18429067179831718, 0.22936182528342497, 0.2366339195541164], [0.3547403864914144, 0.18119026988706474, 0.20855108212160348, 0.2555182613999174], [0.33218127980756834, 0.1892766235471727, 0.2392763381849316, 0.23926575836032737], [0.3736169226506182, 0.17375494020170076, 0.17927117109678073, 0.2733569659509003], [0.33185985681076235, 0.1748835295263883, 0.2466321438304317, 0.24662446973241764], [0.3371255296988268, 0.19511837673863514, 0.22110582226968614, 0.2466502711928519], [0.35107705152193114, 0.1908810160160827, 0.212948281709263, 0.24509365065272312], [0.3311176449719812, 0.19164118802235058, 0.23117064393962486, 0.24607052296604334], [0.31644910721751607, 0.19803303197730826, 0.25034708524104116, 0.23517077546413456], [0.3404119458270028, 0.2001236438495824, 0.20648269920298787, 0.252981711020427], [0.32675143099284687, 0.1951164544888986, 0.23906966329002832, 0.23906245112822616], [0.3394351994988515, 0.1964532019625428, 0.21576982938457542, 0.24834176905403033], [0.3542110814035053, 0.1895996275473887, 0.20501142127217872, 0.25117786967692723]], "ideal": "D", "sampled": "C", "correct": false}}
{"type": "result", "data": {"idx": 15, "options": ["I only", "II only", "III only", "I and II only"], "probs": [[0.34302927593567667, 0.1985316663125556, 0.21135173190589007, 0.24708732574587766], [0.3234763386131954, 0.18431620181119568, 0.2767124977962003, 0.21549496167940865], [0.3049603907470802, 0.21625026413870216, 0.24126835936075683, 0.2375209856534608], [0.2630408782410103, 0.2146918241373133, 0.307560065583231, 0.21470723193844538], [0.319049938842784, 0.2192844250259054, 0.2524140291742707, 0.2092516068570399], [0.28862518069242044, 0.2507623731839234, 0.23929974434366952, 0.22131270167998665], [0.3388581124119703, 0.2087665702745211, 0.21207200530709017, 0.24030331190641843], [0.3190619003593461, 0.18757274465513937, 0.2905420617387912, 0.20282329314672326], [0.32307783728819395, 0.18698798675419567, 0.2678700765064732, 0.22206409935113716], [0.2961090626355498, 0.17960673988413392, 0.2825818489160572, 0.24170234846425903], [0.32905939218091546, 0.2027338743007105, 0.26860478517707326, 0.1996019482413008], [0.3217201376408545, 0.21769445615444252, 0.21771144347896118, 0.2428739626257418], [0.3168363774448781, 0.24675645686434405, 0.2045855460979932, 0.23182161949278463], [0.26769534548512425, 0.24758356054880643, 0.27622193918511545, 0.20849915468095384], [0.3121138652301883, 0.21119306433442087, 0.2587825473340002, 0.21791052300139063], [0.28247474779419374, 0.20667519547436589, 0.265395484379351, 0.24545457225208936], [0.2940265106550945, 0.2554620985969801, 0.26359705936074035, 0.18691433128718504], [0.2676510472678062, 0.26765951112723735, 0.25944506732842065, 0.20524437417653582], [0.32726469145028403, 0.2284689064323584, 0.23945641158426736, 0.20480999043309023], [0.31113557878813625, 0.25393877944426185, 0.22765202684820235, 0.20727361481939957], [0.3243956267509314, 0.21274524925011828, 0.25664690134343016, 0.20621222255552013], [0.31847167011890964, 0.2330001890426332, 0.2155099957965871, 0.23301814494187], [0.30362853404823514, 0.21196818349625923, 0.2852634191227798, 0.19913986323272578], [0.2822430943492012, 0.21305107433301343, 0.2778947568289275, 0.2268110743888579]], "ideal": "D", "sampled": "D", "correct": true}}
{"type": "result", "data": {"idx": 16, "options": ["I only", "II only", "III only", "I and II only"], "probs": [[0.33232854794090944, 0.22138416594342858, 0.22488599863700284, 0.2214012873786591], [0.3100094152675591, 0.19706441166420446, 0.2958503023112458, 0.19707587065699064], [0.3017856135396531, 0.2242764498921999, 0.2425196432449346, 0.23141829322321245], [0.24119493310393542, 0.2162130603701064, 0.3297091918680687, 0.2128828145578895], [0.29908115114381983, 0.22932133417997339, 0.27234569595035935, 0.19925181862584743], [0.26387733218415305, 0.2722559869017142, 0.2518131732688861, 0.21205350754524668], [0.33675066135064907, 0.21405648011892991, 0.2140744807219185, 0.2351183777085025], [0.31671654082448353, 0.19210856805957932, 0.2929529722011971, 0.19822191881474005], [0.3079660236527514, 0.18974177537451184, 0.28044369813975656, 0.22184850273298024], [0.2814219807873286, 0.17611984381941545, 0.3091178145958471, 0.23334036069740888], [0.30829212525819555, 0.2118946643244127, 0.28073960958206057, 0.19907360073533117], [0.3085163625324116, 0.22927901829808014, 0.22929378534926184, 0.2329108337202464], [0.300388386803975, 0.2451798991560165, 0.2130299146847509, 0.24140179925525757], [0.24276933071569803, 0.22806954381569403, 0.2974777519405434, 0.23168337342806458], [0.3015288457200724, 0.20403778855008653, 0.27032429379985, 0.22410907182999107], [0.2903450087861198, 0.18456850669075361, 0.2727879542914241, 0.25229853013170245], [0.2580286715981824, 0.2424058760404102, 0.30169992454014755, 0.19786552772125987], [0.2784282862861678, 0.23816521463396698, 0.2698916494576452, 0.21351484952222], [0.30856714330752977, 0.24031619424829326, 0.2518709114038224, 0.1992457509403546], [0.2923325597947566, 0.25798168775839675, 0.24237202105482622, 0.2073137312920204], [0.3049632128790107, 0.21625663539055265, 0.269160373830083, 0.20961977780035368], [0.3074113680500631, 0.23204932758798325, 0.22846892133351937, 0.2320703829284343], [0.27576762435062757, 0.21477404234645778, 0.3076774179627778, 0.20178091524013686], [0.2844046140745375, 0.21135892601757417, 0.275681742273471, 0.22855471753441736]], "ideal": "B", "sampled": "D", "correct": false}}
{"type": "result", "data": {"idx": 17, "options": ["-1/4", "-1/(4sqrt(2))", "0", "sqrt(2)"], "probs": [[0.4237693610925301, 0.18513982271995202, 0.14195272536575937, 0.2491380907217585], [0.47407013173131, 0.14234709738261586, 0.12175655363772668, 0.2618262171483474], [0.3464172209930993, 0.09620528738881678, 0.29173517441615143, 0.26564231710193253], [0.3483767690804716, 0.09524591017844529, 0.2933825109134604, 0.2629948097276226], [0.4798200308729717, 0.16582707186721016, 0.10540739838497518, 0.24894549877484295], [0.4215851833286172, 0.19002877814528948, 0.1326634973454359, 0.2557225410806574], [0.5785055289250017, 0.08734704003385281, 0.09297879247135249, 0.24116863846979295], [0.5187758168150581, 0.10706161626801958, 0.12131540385675675, 0.2528471629601656], [0.5939358979773263, 0.08293937767303028, 0.07551515734163029, 0.2476095669080131], [0.537980679651797, 0.08646815333744584, 0.16154113530645495, 0.2140100316043022], [0.5487243246403699, 0.14540474847119428, 0.0841533572211639, 0.22171756956727184], [0.5893224652810403, 0.12162042025364428, 0.09772394887793188, 0.19133316548738355], [0.2745766762180235, 0.25395698488007007, 0.17453979734253997, 0.2969265414593664], [0.24610063821146685, 0.2877303829025913, 0.22761662774715732, 0.23855235103878453], [0.2869951576375523, 0.3516478721560193, 0.09173284203483668, 0.2696241280715917], [0.2748792089283004, 0.3641648481670981, 0.17202318690418003, 0.18893275590042147], [0.2626407820510717, 0.288462319597435, 0.19826019399151038, 0.2506367042599829], [0.2982161520550149, 0.2845674326473479, 0.19558390648697443, 0.22163250871066278], [0.42876357474753546, 0.18441637133328279, 0.1307714004798801, 0.25604865333930166], [0.4204403459605347, 0.18368670342515855, 0.14083710311434952, 0.2550358473999572], [0.4706225727819352, 0.18720892209333365, 0.10178396925641484, 0.2403845357683163], [0.44250321067146, 0.2443832870787909, 0.13708894422106876, 0.17602455792868033], [0.3409201698880163, 0.1399215417983818, 0.24943640082259863, 0.2697218873910033], [0.37473714347906684, 0.13572914897038246, 0.2657462656232209, 0.22378744182732982]], "ideal": "C", "sampled": "B", "correct": false}}
