{"type": "result", "data": {"idx": 0, "options": ["10%", "20%", "40%", "80%"], "probs": [[0.19847159677164664, 0.3171714340480323, 0.2214248395169336, 0.2629321295633875], [0.2642159284540295, 0.4028870788857999, 0.11724984603507582, 0.21564714652509476], [0.2318483750678687, 0.4198333966411495, 0.0936798099376572, 0.25463841825332456], [0.22451107353641148, 0.46793312020789496, 0.10942319872338889, 0.19813260743230468], [0.2906384126456253, 0.28170135194671425, 0.12306953781998986, 0.3045906974876706], [0.30753927045044793, 0.28002433714341785, 0.10966129109680954, 0.3027751012093247], [0.25689471913814793, 0.20968005996395708, 0.17113661039265027, 0.36228861040524474], [0.3632601878720738, 0.2536024895889781, 0.12554406370194604, 0.2575932587370021], [0.2984647650487917, 0.3892787564025878, 0.05696463765870455, 0.25529184078991596], [0.3317477877200277, 0.38184623484048075, 0.10603694966727531, 0.18036902767221621], [0.3897263690822273, 0.285133539539622, 0.048781011066993826, 0.27635908021115685], [0.41499259445402675, 0.28080257352162885, 0.067747517403928, 0.23645731452041638], [0.38466689846543806, 0.202709664444687, 0.10353436551402123, 0.3090890714758537], [0.39281296433444907, 0.2238248420742976, 0.12169145700838586, 0.2616707364828674], [0.41555943810230755, 0.25205222778073416, 0.05120818288346212, 0.28118015113349615], [0.41152092503723303, 0.2741362133784919, 0.10085033549216445, 0.21349252599211055], [0.45561054948427565, 0.29880149591251526, 0.04654473568172855, 0.19904321882148054], [0.4344097213605109, 0.2848976446068879, 0.07549109027930591, 0.2052015436532953], [0.3244861517006748, 0.23010050219527356, 0.10534862701963091, 0.3400647189844207], [0.32643344508671607, 0.21745851309719902, 0.15420235462133305, 0.30190568709475185], [0.36903549061829866, 0.2576311287986898, 0.047657617496946476, 0.32567576298606504], [0.3826131835848814, 0.2671118895310586, 0.07895915111520059, 0.27131577566885945], [0.4038671610030688, 0.3508884101225672, 0.04531395164787913, 0.19993047712648482], [0.4019102170732674, 0.3384465289464646, 0.0606813842767942, 0.19896186960347378]], "ideal": "C", "sampled": "C", "correct": true}}
{"type": "result", "data": {"idx": 1, "options": ["About $300", "About $3k", "About $8k", "About $15k"], "probs": [[0.457367972764294, 0.23728441482542129, 0.1086369869410541, 0.19671062536923062], [0.4715881889893752, 0.2334577565065698, 0.1102787919024523, 0.18467526250160265], [0.4272419006913401, 0.29826714141115773, 0.05965808116958853, 0.2148328766279136], [0.5015974976691987, 0.25619690345476204, 0.08188636404185158, 0.1603192347341876], [0.49333143045539335, 0.25594261190737405, 0.05449319237487024, 0.19623276516236235], [0.5335634191228819, 0.22948833613817776, 0.06372676599202759, 0.17322147864691276], [0.48309419993976366, 0.17497276289420283, 0.13415490489318238, 0.2077781321728511], [0.5249933599900727, 0.17862620947958915, 0.09711588918191591, 0.19926454124842224], [0.497763592616745, 0.28362060646933573, 0.035499507017590616, 0.18311629379632863], [0.5128210415694362, 0.2578660066704081, 0.0891169796400202, 0.14019597202013548], [0.5205158765266478, 0.28746078379240103, 0.030775663540344105, 0.16124767604060702], [0.5124399027279186, 0.27429181130250324, 0.06414081852881832, 0.14912746734075977], [0.6354032422874053, 0.1331938286561929, 0.040621107184194344, 0.19078182177220745], [0.5660082101255891, 0.14311718939303691, 0.14998346565654097, 0.140891134724833], [0.6279690452176908, 0.15631941425189058, 0.027163744779604624, 0.188547795650814], [0.5820854218901436, 0.18316758894329063, 0.09210187058568067, 0.14264511848088512], [0.6243522050286797, 0.2522694421257115, 0.024590994702223378, 0.09878735804338531], [0.5791811238547679, 0.26517253617576936, 0.03424398909457335, 0.12140235077488935], [0.7384044495130696, 0.10638506776853701, 0.02487591657522519, 0.13033456604316818], [0.7117515298963853, 0.11619826785488349, 0.03831691665653613, 0.133733285492195], [0.7233239519368083, 0.11994601963670665, 0.018683359303444287, 0.13804666902304075], [0.6550629978367901, 0.14617164976072583, 0.07947068211649934, 0.1192946701859847], [0.7350544586482934, 0.1447500220937249, 0.0175597156585462, 0.10263580349943544], [0.6813836959609316, 0.16961591607486468, 0.02683666266897532, 0.12216372519522833]], "ideal": "B", "sampled": "D", "correct": false}}
{"type": "result", "data": {"idx": 2, "options": ["52%", "62%", "72%", "82%"], "probs": [[0.37288219768419767, 0.3239760527597315, 0.10355055536148161, 0.19959119409458914], [0.3998903512505805, 0.3263887312557673, 0.09063744949257509, 0.18308346790107713], [0.3843085054875007, 0.3236286245371538, 0.08311667789830056, 0.20894619197704498], [0.41231829446494284, 0.32112131585716797, 0.08643122991465106, 0.18012915966323814], [0.4242981170654261, 0.3202843737345512, 0.06713668406388879, 0.18828082503613391], [0.4223074049997277, 0.3041829787202202, 0.08316142173145151, 0.1903481944486006], [0.4210758820556643, 0.28492333624816824, 0.08555088083714667, 0.20844990075902076], [0.45184275553018055, 0.2917385594675793, 0.06509703088551431, 0.1913216540167258], [0.44149287359628964, 0.3180044423398096, 0.05356172318660158, 0.18694096077729913], [0.4361545047587344, 0.31415890941997393, 0.07346365435885656, 0.17622293136243508], [0.43854196548421776, 0.3469229534838488, 0.05320375998669022, 0.16133132094524327], [0.4251630305818733, 0.32598996159154653, 0.07161240278958406, 0.17723460493699608], [0.48913229053566915, 0.2577608852325508, 0.052367944850392985, 0.2007388792813871], [0.4970614965179622, 0.27451047605336676, 0.05664951044480449, 0.1717785168838665], [0.5032014790061409, 0.269351538958829, 0.03941548943778679, 0.18803149249724332], [0.48476709465999296, 0.2762193895236782, 0.060678480241236586, 0.17833503547509227], [0.5019323472367483, 0.30444498341386167, 0.045252455722790914, 0.14837021352659907], [0.48918000587667787, 0.3061299667369658, 0.0507622368696567, 0.15392779041669963], [0.5836436173616967, 0.22856496357332717, 0.037899982321570116, 0.14989143664340607], [0.5691211797878205, 0.24098874536358664, 0.04599392769028035, 0.1438961470583125], [0.5807623158417594, 0.2346572683021971, 0.03542831846292088, 0.14915209729312265], [0.5525914532993874, 0.23767498575894122, 0.053867993011675615, 0.1558655678299958], [0.6089604632460182, 0.22756074875316007, 0.03382400498552648, 0.1296547829152953], [0.5738547826038595, 0.23551884903941062, 0.04092717762898502, 0.14969919062774492]], "ideal": "C", "sampled": "D", "correct": false}}
{"type": "result", "data": {"idx": 3, "options": ["China", "United States", "Germany", "Japan"], "probs": [[0.21826609452565796, 0.22876771814775348, 0.41422997772559644, 0.13873620950099208], [0.26354087413142674, 0.2719305252808702, 0.1839917909921154, 0.2805368094955877], [0.2530689574982321, 0.3799246903862813, 0.23775175565713988, 0.12925459635834669], [0.2585555353286922, 0.3942713497821307, 0.15200515316404498, 0.19516796162513214], [0.2293550176400822, 0.17046346530685477, 0.25588084408529616, 0.34430067286776683], [0.20211745495388148, 0.1756254855274545, 0.3896205068791627, 0.23263655253950133], [0.13058970769984682, 0.38990705910965573, 0.3606005879831278, 0.11890264510736966], [0.14961158629420876, 0.47550284711748875, 0.13204016577116484, 0.24284540071713767], [0.11116335870840548, 0.42616645890062893, 0.3760957875436037, 0.08657439474736187], [0.14251962730952247, 0.5132646773790144, 0.16405132679108436, 0.18016436842037878], [0.10395573698170948, 0.19123339300826528, 0.43092226566072095, 0.2738886042493043], [0.1062354410421203, 0.19239716946634305, 0.45435865421365923, 0.2470087351778774], [0.23641422388573663, 0.41493973131798784, 0.22210244832202042, 0.12654359637425514], [0.23877875437606275, 0.4392000102080795, 0.13605853234709883, 0.1859627029687589], [0.21228684258047845, 0.22600267682215613, 0.4288654284564204, 0.132845052040945], [0.27847981450157094, 0.261628180716101, 0.17702317236083773, 0.28286883232149035], [0.19875613760014185, 0.21159846361563714, 0.37135188874668895, 0.21829350993753205], [0.2621682427759118, 0.20741144074443463, 0.24248185796209126, 0.2879384584175623], [0.13771384078588098, 0.35169600028884124, 0.25330946979267116, 0.2572806890326066], [0.1189565420809237, 0.31343824313141905, 0.40245118714933487, 0.1651540275383224], [0.11450156249829381, 0.20098502190580617, 0.44587578045870707, 0.23863763503719296], [0.11531046347245583, 0.19926651567960466, 0.4561020263535393, 0.2293209943944002], [0.1186940591630294, 0.3656332114350665, 0.36562871128411817, 0.1500440180177859], [0.15337200689826525, 0.4369443421663651, 0.20964739036918387, 0.2000362604661858]], "ideal": "A", "sampled": "C", "correct": false}}
{"type": "result", "data": {"idx": 4, "options": ["by 5 fold", "by 10 fold", "by 15 fold", "by 20 fold"], "probs": [[0.3819145971725316, 0.31661788569556154, 0.16947892811626944, 0.1319885889156374], [0.3963020918704083, 0.3184366368230122, 0.1504241593221277, 0.1348371118844518], [0.3821181242644697, 0.3319859703451416, 0.14964435547153715, 0.13625154981885151], [0.38355673498719134, 0.32807044169216215, 0.15989509699817234, 0.12847772622247416], [0.3821813406833095, 0.32182642334720246, 0.1618307804626702, 0.13416145540681781], [0.37701130080839124, 0.3125509684554884, 0.17809260052951928, 0.13234513010660107], [0.384980404562295, 0.20606785703523822, 0.2060750393948259, 0.20287669890764085], [0.39780862929989536, 0.21969162760887173, 0.20318933713820198, 0.17931040585303093], [0.4195315539417352, 0.3216614126837457, 0.08391472696418849, 0.1748923063103306], [0.40494071829828276, 0.3104774905359586, 0.16107974704860545, 0.1235020440171532], [0.4370418125394769, 0.31974020120671476, 0.09451919652292871, 0.1486987896308796], [0.40317991071498915, 0.2814636507239834, 0.19045495843133925, 0.12490148002968818], [0.4035653351271309, 0.17088239874077485, 0.2194261187266591, 0.2061261473054352], [0.43655517692968737, 0.18485148249208155, 0.23005928096854833, 0.14853405950968274], [0.518464409588484, 0.22649944838849206, 0.07016934767420806, 0.1848667942488158], [0.46144651904211476, 0.22843338335007568, 0.17791129811479997, 0.1322087993930096], [0.5072384400570026, 0.31249543555688025, 0.06349034512167541, 0.1167757791644417], [0.5045863910321502, 0.3012983157736019, 0.08498856297792626, 0.10912673011632164], [0.40883694922577124, 0.18142164562713262, 0.23662562233640103, 0.17311578271069508], [0.40508816283658855, 0.18838489247925766, 0.2575008205067644, 0.14902612407738935], [0.48840929164493496, 0.23433992788102126, 0.08894945133965086, 0.1883013290343929], [0.42798875482604365, 0.23269432087316771, 0.19595671604233272, 0.14336020815845593], [0.4817217088674995, 0.2876460489649014, 0.08371348619255993, 0.14691875587503914], [0.4886854072014133, 0.29639996750371145, 0.09327042429987788, 0.12164420089499738]], "ideal": "C", "sampled": "C", "correct": true}}
{"type": "result", "data": {"idx": 5, "options": ["Lower respiratory infections", "Preterm birth complications", "Diarrheal diseases", "Malaria"], "probs": [[0.4151597289686508, 0.299032000429589, 0.17579549418274326, 0.11001277631901694], [0.5972584351912769, 0.269212388908487, 0.029736741709639542, 0.10379243409059657], [0.24433601707563188, 0.6960452003813411, 0.022727296981719103, 0.03689148546130792], [0.2139227334290684, 0.7466600341846673, 0.013464040701800184, 0.0259531915844641], [0.6258583068221798, 0.1332583278284329, 0.04394327103652212, 0.19694009421286518], [0.15808358863648156, 0.12702694888391858, 0.5517880422706717, 0.16310142010892814], [0.16493227093166224, 0.6943987789414056, 0.09696232693642362, 0.043706623090508545], [0.2094756725064751, 0.7311559536666453, 0.024631545679238316, 0.034736828047641236], [0.1871517682105206, 0.6739576759539571, 0.0667327225171079, 0.07215783321841443], [0.197824490451455, 0.7123895789962762, 0.028500174729095187, 0.06128575572317365], [0.24908924094863763, 0.23400568864423585, 0.19705412964365052, 0.31985094066347597], [0.13864405865010163, 0.18950781789040372, 0.499298170138085, 0.17254995322140967], [0.5189428261286387, 0.41698270488294675, 0.020122220475346134, 0.04395224841306841], [0.6113381854206403, 0.34833266187864353, 0.011734943379091249, 0.02859420922162491], [0.6948752091930978, 0.16764847183122508, 0.04044759092309755, 0.09702872795257966], [0.804420155436876, 0.11956942703858879, 0.013002776286340606, 0.0630076411381946], [0.7971243110875302, 0.08668596035973149, 0.02814259164550687, 0.08804713680723143], [0.8380816822837441, 0.07555792908350026, 0.013129976026472876, 0.07323041250628269], [0.15962225616914988, 0.7266507256805191, 0.050229188406937866, 0.06349782964339315], [0.08256792399307818, 0.5384143670618702, 0.3116235183109678, 0.06739419053408378], [0.1551189078200042, 0.34957327393453574, 0.2187636727244341, 0.27654414542102596], [0.11526392399112101, 0.3335322141313807, 0.39609184857222246, 0.15511201320527584], [0.1194623145862409, 0.7912438936770669, 0.04394863492308466, 0.04534515671360754], [0.12178831455541454, 0.80665253983826, 0.02675379047458713, 0.04480535503173826]], "ideal": "A", "sampled": "C", "correct": false}}
{"type": "result", "data": {"idx": 6, "options": ["10%", "20%", "30%", "40%"], "probs": [[0.3201108824870123, 0.2695651609990868, 0.16869160279894363, 0.24163235361495733], [0.28862689202361536, 0.27541430140278517, 0.22479295878588565, 0.2111658476877138], [0.30815458519763494, 0.294045183565551, 0.1501880451718544, 0.24761218596495965], [0.2731370410984917, 0.3047109038736958, 0.21272786593479126, 0.20942418899302118], [0.3176931057495918, 0.3656637019370903, 0.11152444781529289, 0.205118744398025], [0.3194455098455887, 0.345405092527008, 0.11213944029517779, 0.22300995723222544], [0.35623294642332654, 0.2373056446867155, 0.12902300250764406, 0.27743840628231387], [0.3615235172432629, 0.24462354212796972, 0.16043152447338796, 0.2334214160553794], [0.3573468593409089, 0.2456020448559823, 0.10079623018659233, 0.2962548655165165], [0.3822805398999995, 0.23187000248110223, 0.14285308546941727, 0.24299637204948102], [0.378579790906138, 0.32381697677080773, 0.0885285570887387, 0.20907467513431552], [0.40465214577643693, 0.2695598484756102, 0.10231544017393669, 0.22347256547401614], [0.36382562731648754, 0.2539925035727656, 0.10754908115568566, 0.2746327878550612], [0.38524019250234276, 0.27747896810269446, 0.131074640343674, 0.20620619895128875], [0.40621396592508197, 0.2502624671636415, 0.0812498101417696, 0.2622737566695069], [0.3838806266365211, 0.24785565576028795, 0.1390366297534138, 0.22922708774977713], [0.4412268068853851, 0.263469008602163, 0.08688410305939434, 0.20842008135305756], [0.451955063150515, 0.2495956774702042, 0.09473745916069418, 0.2037118001185866], [0.42962545372909455, 0.26058225782457817, 0.10365442212785032, 0.20613786621847693], [0.43651983787999155, 0.2731675844093321, 0.08731103072650874, 0.20300154688416758], [0.4642587830517535, 0.25638886901573144, 0.07009416713469384, 0.20925818069782126], [0.4429393874279962, 0.2484676465600322, 0.0858694140268104, 0.22272355188516116], [0.47794625514396555, 0.21542726615470537, 0.08436342390798865, 0.22226305469334043], [0.4900718324929254, 0.20429478311252794, 0.0812637556271206, 0.22436962866742605]], "ideal": "C", "sampled": "D", "correct": false}}
{"type": "result", "data": {"idx": 7, "options": ["29%", "49%", "69%", "89%"], "probs": [[0.31427023279907107, 0.37320513085574797, 0.17087193086333913, 0.1416527053818418], [0.35233288474831953, 0.34686701969512096, 0.14687835949861938, 0.15392173595794012], [0.3797991033978807, 0.26103279380919087, 0.15587504438801086, 0.20329305830491753], [0.41435378168322945, 0.2592967411721222, 0.1366442123418865, 0.18970526470276183], [0.37139820835737336, 0.2083364433092489, 0.21833993628970425, 0.2019254119436735], [0.3754790182852629, 0.21731148981829193, 0.22421613667475354, 0.18299335512169163], [0.3056729642540624, 0.30567406693995774, 0.19129323387339392, 0.19735973483258593], [0.3460988350447794, 0.30069505717287975, 0.15600390498264388, 0.19720220269969696], [0.33766226234867636, 0.34837896926119166, 0.1185339956810999, 0.19542477260903207], [0.359148532116261, 0.32700806852885317, 0.1593761145909197, 0.15446728466396611], [0.36060094292430733, 0.31329339272684054, 0.13902792125998553, 0.18707774298886656], [0.36718308130306304, 0.2771643267094685, 0.1875445358294182, 0.16810805605805024], [0.3621281629121547, 0.26493888695959955, 0.1463171817764774, 0.22661576825176832], [0.3760906923673775, 0.27948750312010795, 0.17490386252906662, 0.1695179418834479], [0.4500873282023601, 0.28609234514126175, 0.08196859818158043, 0.18185172837479774], [0.3698042255153535, 0.266361192817349, 0.19185867557148875, 0.17197590599580873], [0.4087351553675718, 0.40873137047291097, 0.06171159730893186, 0.12082187675058535], [0.4036095975888047, 0.3617913370695818, 0.09291876713123419, 0.1416802981103793], [0.39476786824545806, 0.3074420231619904, 0.1407626632056139, 0.15702744528693768], [0.45612766393008786, 0.3442990635422861, 0.09123368223143798, 0.10833959019618802], [0.5175306565155825, 0.290306555139007, 0.07114475646746585, 0.12101803177794467], [0.4974570014411526, 0.27471961135622486, 0.10591742587951138, 0.12190596122311113], [0.5703415295296592, 0.2570708701393387, 0.06202346481516412, 0.11056413541583791], [0.5896497104628949, 0.23090959050836593, 0.06513309186940824, 0.11430760705933084]], "ideal": "C", "sampled": "D", "correct": false}}
{"type": "result", "data": {"idx": 8, "options": ["18%", "38%", "58%", "78%"], "probs": [[0.29334324158263453, 0.3826037885968179, 0.16456101587913385, 0.15949195384141376], [0.31591804164896553, 0.39317450853065655, 0.12180492390491586, 0.16910252581546203], [0.3150863137840789, 0.3800787968500666, 0.11960086168339096, 0.1852340275824635], [0.27838279888102113, 0.37461852834490866, 0.18837627680029292, 0.1586223958737773], [0.3955272884447491, 0.2761340336175533, 0.1064608280827624, 0.22187784975493519], [0.38316911455137426, 0.27171972391272364, 0.1431887894725662, 0.2019223719633359], [0.35347774274671917, 0.27103116144741995, 0.18628220156074896, 0.1892088941451119], [0.41159346082276677, 0.2741895872946137, 0.11978816806387822, 0.19442878371874134], [0.4072416929364876, 0.337624393273855, 0.08536713378692284, 0.16976677990273453], [0.35704326414084936, 0.32510209153899144, 0.1713211681086313, 0.1465334761115279], [0.38093389496021546, 0.39303605134059844, 0.06218903628830324, 0.16384101731088285], [0.3696352055190478, 0.3365658323596866, 0.1218993849006402, 0.1718995771206253], [0.5938403142508161, 0.18112308189971935, 0.06768030823865931, 0.1573562955108053], [0.6388564466152248, 0.16929345777205165, 0.0558258214439778, 0.13602427406874573], [0.6848613006805803, 0.15523202817985543, 0.03518142981343452, 0.12472524122612977], [0.5600237929264535, 0.18468776618612331, 0.0973231806854912, 0.15796526010193188], [0.5593138557573283, 0.28568164575867977, 0.04313196697259985, 0.11187253141139217], [0.5264380456031869, 0.2862311239351697, 0.05212747188596384, 0.13520335847567957], [0.6385760855142257, 0.151685624169398, 0.05324520875543465, 0.15649308146094162], [0.6606867012027846, 0.14975177419558697, 0.065419699189366, 0.1241418253122624], [0.7063228793870215, 0.15039474644370623, 0.031523632453359055, 0.11175874161591322], [0.6573314363894318, 0.16363278761208416, 0.05743947881360302, 0.12159629708488096], [0.7079423148364695, 0.1579737829777627, 0.03209370037697104, 0.10199020170879672], [0.6942830966784277, 0.16235987114654196, 0.033504261065458854, 0.10985277100957151]], "ideal": "C", "sampled": "D", "correct": false}}
{"type": "result", "data": {"idx": 9, "options": ["11%", "26%", "41%", "56%"], "probs": [[0.2111109494951853, 0.4133466183725905, 0.211124792673933, 0.1644176393582912], [0.24154960746808918, 0.4583916297336244, 0.14651706594973318, 0.15354169674855325], [0.24760047904458854, 0.4483530487539564, 0.10817519493678884, 0.19587127716466624], [0.2132036238695564, 0.4804711639400663, 0.16866815088492762, 0.13765706120544968], [0.2673797407941064, 0.4548378843480082, 0.08817843434983601, 0.18960394040804934], [0.2525683528274295, 0.4573507998120542, 0.12700740423985504, 0.16307344302066124], [0.3287322124887927, 0.25206037602108267, 0.19326535779494497, 0.22594205359517963], [0.36881337115672685, 0.2656591275911975, 0.15863579746441858, 0.20689170368765708], [0.3392662759510749, 0.40289748933283426, 0.07337596287040893, 0.18446027174568191], [0.30920228819738727, 0.36719781703850024, 0.16812037180352413, 0.1554795228605884], [0.410187504185789, 0.32960473226613735, 0.0724068247219618, 0.18780093872611187], [0.390054368340967, 0.3085696284801921, 0.11712346177857882, 0.18425254130026203], [0.38389357348576425, 0.23652077856498893, 0.15034478677282134, 0.22924086107642547], [0.4391986131228892, 0.23509863016638577, 0.16158221660428704, 0.16412054000643797], [0.4385016523460131, 0.265975222917139, 0.0750237747965995, 0.2204993498402484], [0.38290902841054625, 0.2631800072511116, 0.1672918175956072, 0.1866191466427349], [0.42966231158336804, 0.3398989458125051, 0.07237138005303939, 0.15806736245108746], [0.4266825552352373, 0.33230959870607124, 0.07650448267135179, 0.1645033632873397], [0.5206710346562591, 0.19155729020694903, 0.07739573942422537, 0.21037593561256648], [0.6125965323184599, 0.17552686324354264, 0.056984050241585066, 0.15489255409641237], [0.6078659589809932, 0.19128699035047014, 0.044730140195381296, 0.15611691037315542], [0.5680442409540086, 0.19328109774086422, 0.07336088214557233, 0.16531377905955477], [0.6126705727016246, 0.19280002524713025, 0.04438451908600267, 0.15014488286524244], [0.6008947938746427, 0.1920710050920555, 0.04781003652109705, 0.15922416441220472]], "ideal": "B", "sampled": "D", "correct": false}}
{"type": "result", "data": {"idx": 10, "options": ["23%", "38%", "53%", "68%"], "probs": [[0.2409466134978802, 0.3674004266073341, 0.25649335213440655, 0.13515960766037916], [0.29513716254952854, 0.40975623708209297, 0.16816897438023184, 0.1269376258881466], [0.255574375365449, 0.5326601862374749, 0.07917474209470551, 0.13259069620237052], [0.24759734596806418, 0.5324167210976603, 0.11514597068864398, 0.10483996214563156], [0.3167637444672436, 0.47551674500493146, 0.05090971062971977, 0.15680979979810517], [0.318978992676286, 0.4714189136196212, 0.06582654217846653, 0.1437755514256263], [0.2245582110823607, 0.23169196340186995, 0.38200296106103576, 0.1617468643547336], [0.3312149197478964, 0.2745888706205883, 0.2276485013295229, 0.1665477082019924], [0.2954280398150002, 0.5349466840011384, 0.06591963071402067, 0.10370564536984064], [0.34611869514201743, 0.45852973958163007, 0.10072773763610733, 0.09462382754024515], [0.4088987707682837, 0.37816846366915335, 0.052805423731291726, 0.1601273417312712], [0.4108197145754721, 0.3740535453151999, 0.06399474655973245, 0.15113199344959552], [0.5157287716349811, 0.21165788171558958, 0.08288733660345901, 0.18972600994597033], [0.5185626110023064, 0.23011469667253462, 0.11391588214453433, 0.13740681008062472], [0.5968639894489424, 0.20307576805614033, 0.04190721393633444, 0.15815302845858287], [0.5039162710388683, 0.23071283443517307, 0.1254377830713389, 0.1399331113546198], [0.512112904018073, 0.3746701990884592, 0.03709795242703127, 0.07611894436643657], [0.49482551980320694, 0.3564091165122513, 0.04823555581226392, 0.10052980777227778], [0.6685516908306955, 0.15633641356532504, 0.032769848024211394, 0.142342047479768], [0.6653517336457505, 0.17630409712398223, 0.049728849928079556, 0.10861531920218767], [0.7153185142479498, 0.1523035196864204, 0.026055958604739454, 0.10632200736089042], [0.7028252966882685, 0.1543934487820879, 0.03667156401605672, 0.10610969041358678], [0.7134723026701786, 0.18039831416517496, 0.028543045581948888, 0.07758633748269753], [0.6710377559860303, 0.1952860420656659, 0.03393573799919593, 0.09974046384910787]], "ideal": "D", "sampled": "D", "correct": true}}
{"type": "result", "data": {"idx": 11, "options": ["5%", "10%", "15%", "25%"], "probs": [[0.28380981930665705, 0.24276220029436427, 0.1617151397816096, 0.3117128405173691], [0.25820758936207294, 0.24257178602177096, 0.22434718904635953, 0.2748734354697966], [0.26978129713984944, 0.3203779470262274, 0.1314860166639315, 0.2783547390699917], [0.26721120276179877, 0.32740006335382044, 0.1620802903323261, 0.24330844345205468], [0.2732902650232937, 0.3735481750735633, 0.11939664239412, 0.23376491740902303], [0.2699794527636689, 0.34666719910011234, 0.13365549142912186, 0.2496978566070969], [0.29921702298383224, 0.2294241614839368, 0.15283143870260077, 0.31852737672963016], [0.30330596543462107, 0.2325593839317826, 0.170147483323041, 0.29398716721055534], [0.315801601628576, 0.23468864052996738, 0.12367329753155787, 0.32583646020989876], [0.3203875624697624, 0.22719647801045112, 0.14668964901024528, 0.3057263104095412], [0.30033907291269984, 0.3622834682102316, 0.10709291695477532, 0.2302845418222932], [0.32279687154650694, 0.28936054437364706, 0.13248180946927235, 0.25536077451057365], [0.37248690802643397, 0.2520392163728202, 0.08986898987977086, 0.285604885620975], [0.38160450968522763, 0.25821073014884244, 0.10597174342280724, 0.2542130166431227], [0.42724457581871284, 0.23229165613501365, 0.07309489496028339, 0.2673688729859901], [0.40625391919774523, 0.22088088915824766, 0.0892451811211413, 0.28362001042286583], [0.4085146334167111, 0.26376094428937985, 0.09856167812547637, 0.22916274406843268], [0.4231316117285878, 0.23368044021117057, 0.10208880079195638, 0.2410991471682852], [0.4070627330274212, 0.26696160035203176, 0.0866710530630843, 0.2393046134574628], [0.37583236482585847, 0.2707059580299024, 0.11826551263842809, 0.23519616440581104], [0.39783543937155025, 0.30503336046615714, 0.08082759499974802, 0.2163036050625446], [0.3779815108846523, 0.2853201010141551, 0.10015834047270832, 0.2365400475284842], [0.42155758798548804, 0.28082008003824366, 0.08564739183664342, 0.21197494003962486], [0.43435158026787574, 0.26345195578527586, 0.08034917471948916, 0.22184728912735924]], "ideal": "B", "sampled": "D", "correct": false}}
{"type": "result", "data": {"idx": 12, "options": ["2%", "4%", "9%", "18%"], "probs": [[0.18567961559229862, 0.26598356169905074, 0.30615431766471035, 0.24218250494394028], [0.17584354649682105, 0.25586085746528553, 0.37815447511007333, 0.19014112082782003], [0.1889479550843847, 0.44623933888266476, 0.14042131182871795, 0.2243913941042326], [0.19555296584656234, 0.4406911861661813, 0.21145351859164233, 0.152302329295614], [0.23227268349426952, 0.5400501810994224, 0.0953283813696174, 0.13234875393669066], [0.2401147180623932, 0.4850456705231606, 0.1245754435280824, 0.15026416778636373], [0.20326995847576676, 0.2692961990563986, 0.2822302877620754, 0.24520355460575918], [0.22326322230346393, 0.28223663986239705, 0.2912087781616227, 0.2032913595725163], [0.20124978724716303, 0.439572890337836, 0.12017681240624106, 0.23900050990875996], [0.21407000399371082, 0.40623881803505063, 0.22788716510807738, 0.1518040127631612], [0.2240831091229415, 0.6091181402263767, 0.06420297557683353, 0.10259577497384834], [0.2651669183542995, 0.4877154710295152, 0.11584692878782579, 0.13127068172835948], [0.26041792656479157, 0.30925645038716887, 0.15309885948413599, 0.27722676346390357], [0.27166656061773653, 0.32769492753588864, 0.22523138260423958, 0.17540712914213527], [0.3021836578543794, 0.3267394601971997, 0.1320199966298644, 0.23905688521855648], [0.264782774506133, 0.33472059657561687, 0.23736300001022345, 0.16313362880802665], [0.3125952253758169, 0.4619834823887781, 0.09097310358061113, 0.13444818855479385], [0.3208741891193515, 0.43858248644529596, 0.11089494988546887, 0.12964837444988367], [0.3796235520561758, 0.3196751045691604, 0.09749835492059501, 0.2032029883540688], [0.37218011531029005, 0.31834203950386825, 0.13907821889554112, 0.17039962619030058], [0.39529085779463974, 0.34343514776162287, 0.0938930306404497, 0.1673809637032877], [0.37376171708199424, 0.34567308532772567, 0.1271703803862461, 0.15339481710403394], [0.39198956473706614, 0.37992764081624136, 0.08611141272684229, 0.1419713816198502], [0.3931736975006507, 0.3810759512779209, 0.08773147379274637, 0.1380188773286821]], "ideal": "C", "sampled": "D", "correct": false}}
{"type": "result", "data": {"idx": 13, "options": ["minimum wage legislation", "land reform", "progressive taxation", "increased access to education"], "probs": [[0.2942880733655861, 0.21532321294960682, 0.19606586090847977, 0.2943228526763273], [0.3107411470477634, 0.2169504100776203, 0.16635202864080031, 0.30595641413381597], [0.2914250238160685, 0.20346586707384037, 0.22699705102255494, 0.2781120579875362], [0.30119184105352426, 0.19754407102194987, 0.13791363145393296, 0.3633504563705929], [0.3137899356358435, 0.17603832397742097, 0.2332245349748082, 0.2769472053119273], [0.2885837892675491, 0.15938665036276686, 0.16967146070052072, 0.38235809956916333], [0.2543218249270134, 0.22097782286182807, 0.19809737195018987, 0.32660298016096867], [0.2540215177871623, 0.242407135867461, 0.17736121481787145, 0.32621013142750527], [0.26303013764626826, 0.17251668611654003, 0.24713271485580213, 0.3173204612813896], [0.24986252932471073, 0.1744506649989678, 0.1886347512442706, 0.38705205433205087], [0.23335743047303323, 0.15305397490794917, 0.3044013199262607, 0.3091872745927569], [0.24747934182432113, 0.15248392975247738, 0.23990312931234084, 0.36013359901086067], [0.21222785338259265, 0.2025268403967247, 0.28120027293729494, 0.30404503318338777], [0.22450801727910866, 0.1950719803376629, 0.15432004629022442, 0.426099955993004], [0.2293719878750553, 0.196210467908715, 0.25592084953845806, 0.31849669457777163], [0.22658849097889486, 0.19688153558314272, 0.18496190285266406, 0.39156807048529835], [0.21162765585369586, 0.15244289776818717, 0.20837073895126834, 0.42755870732684864], [0.1991876333268554, 0.14803954349703635, 0.30855764794587937, 0.34421517513022887], [0.20097404716389308, 0.27046108243145, 0.2580939233044976, 0.27047094700015933], [0.20099739728348148, 0.21734799442501965, 0.14938622711595126, 0.43226838107554755], [0.19850800326752432, 0.23209571383490524, 0.2713655354421661, 0.29803074735540436], [0.2071849580089714, 0.22756728661363834, 0.20721403017272486, 0.3580337251046654], [0.19935303028476573, 0.1627219218664145, 0.1815332824267196, 0.4563917653221002], [0.19035139394359557, 0.16540051748587933, 0.29951473621242125, 0.3447333522581038]], "ideal": "A", "sampled": "B", "correct": false}}
{"type": "result", "data": {"idx": 14, "options": ["36%", "56%", "76%", "96%"], "probs": [[0.4180146989104159, 0.3010908618105732, 0.12949821158696326, 0.1513962275920476], [0.4412317705080283, 0.2804690682747355, 0.08553822592649482, 0.19276093519074133], [0.4235070473577378, 0.28212241176294584, 0.11222114002241458, 0.18214940075690175], [0.4508825136971339, 0.27347958620320545, 0.08472036557062354, 0.19091753442903708], [0.4060671683103778, 0.21067078643892803, 0.16927797081697152, 0.21398407433372257], [0.3253628167767536, 0.18251953201318585, 0.291663514421167, 0.2004541366888935], [0.4709544619731367, 0.27257413481651327, 0.09872007663216671, 0.1577513264781833], [0.4929074869123797, 0.25572278712035845, 0.05530336416252704, 0.19606636170473485], [0.4725948764076256, 0.3148208785899871, 0.05915338413228023, 0.1534308607701071], [0.49183530025595124, 0.27162374626836255, 0.06656426588562674, 0.16997668749005942], [0.48214381462734546, 0.21732534109324586, 0.1026566305549337, 0.19787421362447494], [0.3888063074437448, 0.18081918087553028, 0.27571504894546656, 0.15465946263525837], [0.4930478525896076, 0.2765810560725344, 0.06777902136386223, 0.16259206987399577], [0.475344977123215, 0.29746807948362775, 0.05502605683667804, 0.17216088645647923], [0.49840935317048246, 0.2795884567280897, 0.05505408264065468, 0.16694810736077312], [0.4538037045202727, 0.3070645836563432, 0.0614171158783675, 0.17771459584501662], [0.4900745195366494, 0.2315010605483161, 0.08650538618342013, 0.1919190336316144], [0.4374380409280122, 0.21655449269036542, 0.1488353609889922, 0.1971721052926302], [0.44386426605922696, 0.29109920747203893, 0.06807025962073221, 0.19696626674800188], [0.39485929589075947, 0.2934409467117882, 0.1546330497894939, 0.1570667075079584], [0.44076854971341606, 0.32755739225652647, 0.0479323949154753, 0.18374166301458217], [0.41492623902818027, 0.3282398708009373, 0.1134372964830428, 0.14339659358783965], [0.4609986892738239, 0.3534650245715187, 0.04493822579684994, 0.1405980602578075], [0.44728334733953046, 0.3483500104417987, 0.05686689040538724, 0.14749975171328364]], "ideal": "B", "sampled": "C", "correct": false}}
{"type": "result", "data": {"idx": 15, "options": ["6%", "13%", "27%", "46%"], "probs": [[0.07816072377911785, 0.37290357706162514, 0.3614331700716124, 0.18750252898764458], [0.11588534711632589, 0.4879149794090637, 0.23779578504568605, 0.15840388832892432], [0.07631324054381361, 0.7707510567990372, 0.038373778635432884, 0.11456192392171632], [0.08349747954964128, 0.7678546904749723, 0.07722548394623024, 0.07142234592915614], [0.12792526279545038, 0.6199268148214094, 0.050887160377235445, 0.20126076190590475], [0.1370722579855803, 0.6338330772121347, 0.06374694818940584, 0.16534771651287916], [0.14128408466136624, 0.19312410917991837, 0.2991128399272443, 0.3664789661314711], [0.23541116799079642, 0.2317723493479968, 0.21103009811734272, 0.3217863844438641], [0.14511323159417072, 0.6923087442032511, 0.038451553102455925, 0.12412647100012231], [0.21845030456906112, 0.5666237984534153, 0.11333315649488981, 0.10159274038263384], [0.23295623929541193, 0.533254106783221, 0.046595224979152784, 0.1871944288422142], [0.30305599260113003, 0.44094805591024067, 0.07783314352946555, 0.1781628078591638], [0.3300222281044845, 0.17943488728080767, 0.060101876405646716, 0.4304410081090611], [0.39522550683913676, 0.21155700715920744, 0.15721174051416592, 0.23600574538748983], [0.4005971327134677, 0.23185283375173962, 0.045654249292037354, 0.3218957841427553], [0.4310934236202745, 0.2655947982280584, 0.10899884983544567, 0.1943129282162214], [0.38952536770986285, 0.4554095081175514, 0.041702496037457515, 0.11336262803512825], [0.3978875725276582, 0.4235534527307929, 0.051382863940482366, 0.12717611070106644], [0.3125787230399723, 0.1781084027537263, 0.061551406228974544, 0.4477614678773268], [0.43019409585890556, 0.20641656986856738, 0.11048517786668972, 0.25290415630583735], [0.41919683000436353, 0.238857499673481, 0.04929071871586291, 0.2926549515062926], [0.4301950729251745, 0.2529052254209015, 0.11048568285982412, 0.2064140186940999], [0.4919113149813155, 0.29374031021188485, 0.04434768524712267, 0.170000689459677], [0.4720808898340518, 0.28633621545503346, 0.053801082470111374, 0.1877818121408034]], "ideal": "B", "sampled": "C", "correct": false}}
{"type": "result", "data": {"idx": 16, "options": ["34%", "49%", "64%", "79%"], "probs": [[0.3188468658089765, 0.4290591073676639, 0.09425367835355564, 0.15784034836980398], [0.3496953702977202, 0.40883364116783866, 0.07104654927049373, 0.17042443916394737], [0.3387049847813428, 0.38984979502179923, 0.052761582558743414, 0.21868363753811454], [0.3574297903982446, 0.3925616609171305, 0.05567844397350921, 0.19433010461111572], [0.3783451092851241, 0.3087971026113523, 0.052829858486742244, 0.26002792951678133], [0.38111830889700316, 0.2968160598224434, 0.06419223737647664, 0.25787339380407676], [0.3837340416564161, 0.31319918758718623, 0.09114818138241967, 0.211918589273978], [0.4430394618789196, 0.2905531920760097, 0.05049171840053085, 0.21591562754453983], [0.40110028234323075, 0.37095857077433864, 0.044305686398326376, 0.18363546038410422], [0.42978528297785046, 0.3399910343098062, 0.06191849358475351, 0.16830518902758987], [0.4510061572411352, 0.3051668887590593, 0.04679982934424815, 0.1970271245555574], [0.4474662027170054, 0.27140398496561774, 0.059620783564930335, 0.22150902865244648], [0.5116130265562635, 0.23060562401508808, 0.03427676958327758, 0.22350457974537083], [0.5369991895541535, 0.2536637612702067, 0.03770405545948033, 0.17163299361615955], [0.5065988075256921, 0.27116664029181464, 0.029952643959836055, 0.19228190812265714], [0.5026698689305659, 0.2819764603318806, 0.05216104144766469, 0.16319262918988878], [0.5176635758317, 0.3502711503300043, 0.030132290544620906, 0.10193298319367487], [0.5129955152451616, 0.34173206753076535, 0.030808482629278582, 0.1144639344947944], [0.6424828065695279, 0.18992078262671044, 0.02198486011512384, 0.1456115505886378], [0.6578554804496712, 0.2070062252823931, 0.0243400346168393, 0.11079825955109632], [0.6777028349632946, 0.18240433798428765, 0.02212799505131657, 0.11776483190110107], [0.668519002580723, 0.18856758875759339, 0.026744420871403586, 0.11616898769028], [0.6931676239933098, 0.19248896922763525, 0.01905892945373371, 0.09528447722532125], [0.6761615351227449, 0.19677885094677772, 0.021735530587371935, 0.10532408324310548]], "ideal": "A", "sampled": "D", "correct": false}}
{"type": "result", "data": {"idx": 17, "options": ["62%", "72%", "82%", "92%"], "probs": [[0.39950988883284794, 0.3160539065299453, 0.07390631954843793, 0.21052988498876882], [0.4316335239643075, 0.2920695488594922, 0.052365872028339484, 0.22393105504786082], [0.3943040190035389, 0.2976493625834768, 0.09366143027982576, 0.2143851880331585], [0.417700562208436, 0.3056078955399326, 0.053107753752703164, 0.22358378839892826], [0.4275656544533696, 0.21167152644801449, 0.11329986645713236, 0.24746295254148357], [0.3996102272716109, 0.21390724602353525, 0.14028411866371754, 0.24619840794113634], [0.38929214199556844, 0.31774433733897134, 0.06765312549570648, 0.22531039506975375], [0.4295734416684076, 0.29990154166610894, 0.04058795749078171, 0.22993705907470172], [0.42196878157853235, 0.3087304188191552, 0.06997309520181005, 0.1993277043005024], [0.43167349606206745, 0.29209618736017673, 0.05574828014512569, 0.2204820363326301], [0.43389483564675013, 0.2359164032954604, 0.08678954546423218, 0.2433992154935573], [0.39975745675034674, 0.22425401696164915, 0.15173951601629176, 0.22424901017171234], [0.4008716374949187, 0.3122125523548397, 0.07894125481914185, 0.20797455523109973], [0.39597609340182843, 0.3231974815760898, 0.04803999477114695, 0.23278643015093478], [0.434155618920063, 0.31272428807444763, 0.0543441891450933, 0.19877590376039606], [0.4155746129002846, 0.30884050755709513, 0.0496359171011368, 0.22594896234148346], [0.42569929674257084, 0.2542088348477848, 0.07753018346793644, 0.24256168484170793], [0.4362148934608643, 0.24091200653444672, 0.08196674091071285, 0.2409063589939761], [0.33143386241459527, 0.3212494551814218, 0.08512401579959307, 0.2621926665043899], [0.32742136225672586, 0.3325895319160595, 0.1114060564018236, 0.228583049325391], [0.36300014364069194, 0.32540230970102013, 0.06210575812118797, 0.24949178843709993], [0.344174494957749, 0.323333670067263, 0.11710681718053487, 0.2153850176944531], [0.4236925293127531, 0.3051856409977817, 0.05471779108912715, 0.21640403850033804], [0.42159278924094007, 0.3084555096355474, 0.05795825137192368, 0.21199344965158884]], "ideal": "C", "sampled": "C", "correct": true}}
