{"type": "result", "data": {"idx": 0, "options": ["P(t > 1.54) with df = 6", "2P(t > 1.54) with df = 6", "P(t > 1.54) with df = 7", "2P(t > 1.54) with df = 7"], "probs": [[0.3331698327996528, 0.16752832377390214, 0.2940319942821682, 0.20526984904427692], [0.3150551271860387, 0.15842167795472104, 0.26119875516069485, 0.2653244395985454], [0.3405618274206197, 0.26522205858094033, 0.19710613469931157, 0.19710997919912837], [0.34259601403040957, 0.2545891030000638, 0.20140440159797066, 0.20141048127155595], [0.3121036337317398, 0.20150508284796484, 0.25078672541832514, 0.23560455790197019], [0.2731691341301192, 0.1656838679994938, 0.3733872528505548, 0.18775974491983222], [0.26656124787529756, 0.3068037422232115, 0.19502354247478104, 0.23161146732670987], [0.28217416578430227, 0.32988696795551775, 0.19093297135510592, 0.19700589480507405], [0.2940039292577363, 0.2514681480354708, 0.22192866767320027, 0.23259925493359265], [0.2967984752955413, 0.24604865563073033, 0.24993529541263335, 0.20721757356109496], [0.26082085394542065, 0.2063199189253994, 0.32971645904537933, 0.2031427679838006], [0.24547489743534998, 0.1882079336393042, 0.3627965937848706, 0.20352057504047522], [0.3568706022403581, 0.22332075901542361, 0.20334493227787673, 0.21646370636634155], [0.3491537376636914, 0.2325807282865142, 0.2254356361829996, 0.1928298977667948], [0.30616708674447496, 0.16908111662720265, 0.3109993841635309, 0.21375241236479145], [0.29866434030718175, 0.17557427808598128, 0.2894815292510447, 0.2362798522557923], [0.3488519437433325, 0.1809815439254628, 0.2552344462730393, 0.21493206595816536], [0.3182076513449035, 0.1703263223000908, 0.2517310976730386, 0.2597349285819672], [0.3162955343407002, 0.2278155386220091, 0.23505851624045593, 0.22083041069683482], [0.2772139525966606, 0.21928963899536572, 0.27721943622381595, 0.2262769720841577], [0.2603562772013661, 0.17343083022290656, 0.35035458203626885, 0.21585831043945847], [0.24906636766484402, 0.17117610102229805, 0.3857698372079505, 0.1939876940049074], [0.2711074190400683, 0.3219408200692566, 0.17504278270384932, 0.2319089780868258], [0.29045060706885795, 0.3395646860791133, 0.17343992251569013, 0.19654478423633864]], "ideal": "B", "sampled": "C", "correct": false}}
{"type": "result", "data": {"idx": 1, "options": ["0 to 31.7 minutes", "31.7 to 39.3 minutes", "25.3 to 44.7 minutes", "25.3 to 35 minutes"], "probs": [[0.3518237032459685, 0.22716372728298176, 0.19737128303631116, 0.22364128633473854], [0.31635606285746354, 0.2208594530599987, 0.28807029125193945, 0.17471419273059835], [0.35533716015395655, 0.2559443704892311, 0.1731902154284122, 0.21552825382840013], [0.35785994463351944, 0.249831814291406, 0.19156185076052398, 0.20074639021455054], [0.34814301648447915, 0.2392812108647141, 0.20467922394433088, 0.20789654860647586], [0.3684489561942296, 0.24544637295624194, 0.16608382017365053, 0.22002085057587792], [0.4829637109750343, 0.16433061657692785, 0.13838317988919208, 0.21432249245884577], [0.487943851307127, 0.17129290316083964, 0.15842622826703903, 0.18233701716499434], [0.4748632715509557, 0.25417972176617104, 0.09351227640570497, 0.1774447301771683], [0.44846253914427575, 0.22200950647146422, 0.1305198947877318, 0.1990080594965282], [0.44407414059646755, 0.2867176341246062, 0.10065303371782769, 0.16855519146109854], [0.4525866969196401, 0.25788065020007034, 0.09487366392636278, 0.19465898885392677], [0.479233740474565, 0.20936792844633265, 0.10528085262204531, 0.20611747835705702], [0.4857387985023537, 0.215551099623079, 0.11719924559611053, 0.18151085617845675], [0.4778434277709739, 0.22572323486013743, 0.09410012556415613, 0.20233321170473256], [0.43696467010461687, 0.2163181647130445, 0.15581704577589936, 0.19090011930643927], [0.43702519962179026, 0.19699065994778334, 0.16589245947017275, 0.20009168086025364], [0.46175461314837046, 0.2049112438218835, 0.1408411094280142, 0.19249303350173186], [0.38756949860659334, 0.2663840432611169, 0.15417585234816444, 0.19187060568412526], [0.4035171390224445, 0.26464457105864797, 0.13517012103547352, 0.19666816878343402], [0.37180031660354046, 0.28507398281790247, 0.15023157817568, 0.19289412230287706], [0.3891450754272024, 0.2674614092038891, 0.14771283771951355, 0.19568067754939492], [0.36657095747077695, 0.20563930535409983, 0.2189120817613986, 0.20887765531372465], [0.39562916719154734, 0.21511113754081876, 0.18400262175170015, 0.2052570734159337]], "ideal": "C", "sampled": "B", "correct": false}}
{"type": "result", "data": {"idx": 2, "options": ["The possible outcomes must all be numerical.", "The possible outcomes must be mutually exclusive.", "The mean (expected value) always equals the sum of the products obtained by multiplying each value by its corresponding probability.", "Approximately 95% of the outcomes will be within two standard deviations of the mean."], "probs": [[0.35356622057992426, 0.19225556802350383, 0.24303469017904672, 0.21114352111752516], [0.36489437657943913, 0.20472049136143353, 0.1984195499707323, 0.23196558198839504], [0.38464028326954824, 0.2522792367516463, 0.1506452321470992, 0.21243524773170622], [0.3874491029940126, 0.262180459272592, 0.1615289521739312, 0.18884148545946422], [0.36724098965964463, 0.24851920827944587, 0.15796950222507689, 0.2262702997358326], [0.37137523289781427, 0.21834456918440334, 0.201938569525552, 0.2083416282922304], [0.36176469379376686, 0.21604393098512623, 0.21604607675230597, 0.20614529836880094], [0.37628372555209283, 0.22472052910101745, 0.17776922515664154, 0.22122652009024818], [0.3710029886740328, 0.2395618515771312, 0.17802947063585634, 0.21140568901297968], [0.3832882274773822, 0.26759357852605764, 0.1623068697473147, 0.18681132414924542], [0.3655256330601424, 0.2323709726101247, 0.18382115660259718, 0.2182822376271357], [0.37711552905589757, 0.2252056218519794, 0.1926308778519784, 0.20504797114014459], [0.45349136666131074, 0.21760927462799734, 0.11467203667614588, 0.21422732193454602], [0.4150684773506898, 0.2638491391871771, 0.13688646255554812, 0.18419592080658498], [0.4676086220892446, 0.18602164053369472, 0.1219963703781554, 0.2243733668989053], [0.416771565826488, 0.25279627721188075, 0.13961065472096904, 0.1908215021406622], [0.41112634535492926, 0.19727951286250472, 0.20039109883688686, 0.19120304284567918], [0.43864268060112477, 0.20721711216284916, 0.1564186364255889, 0.1977215707104372], [0.432692938512613, 0.2245071347651813, 0.11830568136126374, 0.22449424526094197], [0.3700477017070882, 0.26242666260836867, 0.1694391591928219, 0.19808647639172128], [0.45095453713388617, 0.19703392953993834, 0.12524190173463412, 0.2267696314915413], [0.37910322071675956, 0.24479077785006353, 0.1763184114328489, 0.19978758990032805], [0.4227354715074522, 0.22986714077083484, 0.16556964063045088, 0.18182774699126208], [0.44667955215163635, 0.2391166025950864, 0.1279903386711931, 0.18621350648208415]], "ideal": "D", "sampled": "C", "correct": false}}
{"type": "result", "data": {"idx": 3, "options": ["If there is sufficient evidence to reject a null hypothesis at the 10% level, then there is sufficient evidence to reject it at the 5% level.", "Whether to use a one- or a two-sided test is typically decided after the data are gathered.", "If a hypothesis test is conducted at the 1% level, there is a 1% chance of rejecting the null hypothesis.", "The power of a test concerns its ability to detect an alternative hypothesis."], "probs": [[0.36225179373950905, 0.17112688973513956, 0.20970201802692906, 0.2569192983984223], [0.3287330069431651, 0.15051208883544964, 0.2725795290370257, 0.24817537508435955], [0.3648972619674465, 0.17237353836879576, 0.20795325062440262, 0.25477594893935507], [0.284030233057203, 0.16960673285228792, 0.3480564705389843, 0.19830656345152484], [0.37135104661367485, 0.2019094883340082, 0.17543940950191644, 0.2513000554504005], [0.3484747305618519, 0.22854357274441606, 0.2181005263676539, 0.2048811702260781], [0.29155914234827174, 0.25332798041385446, 0.21335830010674858, 0.24175457703112518], [0.25838701474389514, 0.2504498511570493, 0.26663927830409595, 0.22452385569495958], [0.26487457749579035, 0.1878387033751523, 0.2864685952376953, 0.26081812379136204], [0.255147878131801, 0.20826180587506568, 0.3078408584859218, 0.22874945740721145], [0.23131236776352013, 0.19177732155457625, 0.3419220796171945, 0.23498823096470908], [0.24628243214830248, 0.20102934836864864, 0.32128811358112075, 0.23140010580192813], [0.33855467022387176, 0.2363594699754548, 0.19597614715594847, 0.22910971254472504], [0.28274644260995696, 0.23077747911224122, 0.3010266512637309, 0.1854494269140709], [0.29400330778996614, 0.15737918017720948, 0.28502640125285417, 0.2635911106799702], [0.3080601004036135, 0.1549133612086426, 0.2894583257904772, 0.2475682124972667], [0.3020081772799057, 0.22797585681817267, 0.26242595517356593, 0.2075900106283557], [0.34931085030684866, 0.225546750784414, 0.1812508729105371, 0.24389152589820023], [0.3342251031857989, 0.2903925944398854, 0.1629099474873675, 0.21247235478694823], [0.3267899848727423, 0.29755718399759373, 0.19516136331875653, 0.18049146771090743], [0.2713440343378079, 0.1570529803382888, 0.34307656287004934, 0.2285264223538539], [0.3053434652376246, 0.1634545402011194, 0.30068029606254815, 0.2305216983987078], [0.31623485210005836, 0.23871804415702738, 0.25019767505114193, 0.1948494285917723], [0.3528645371393752, 0.2663737038723212, 0.16671011098221947, 0.2140516479060841]], "ideal": "D", "sampled": "A", "correct": false}}
{"type": "result", "data": {"idx": 4, "options": ["is seen more frequently than the other observations in the data set", "is seen less frequently than the other observations in the data set", "is always smaller than the other observations in the data set", "is significantly different from the other observations in the data set"], "probs": [[0.2590062242783515, 0.21141544842347976, 0.16990376500863233, 0.3596745621895364], [0.1110724268556848, 0.11284254333662433, 0.6700864187003015, 0.10599861100738933], [0.2052448865420085, 0.11336182871150861, 0.1811729561402253, 0.5002203285062576], [0.047365574239752656, 0.06680432235097244, 0.8013832896713324, 0.08444681363794244], [0.1837246796407602, 0.7043035363333622, 0.046457020693207986, 0.06551476323266968], [0.10291944670611898, 0.8352388914743595, 0.03188542488474714, 0.02995623683477443], [0.31419783359309467, 0.21596455250063737, 0.15557460253508917, 0.3142630112711788], [0.14300147441827019, 0.12426141000168266, 0.621355203108295, 0.1113819123717522], [0.2780809567936906, 0.12933369750480125, 0.1941714253333604, 0.39841392026814776], [0.07851027360944575, 0.093243514384725, 0.7335346126921248, 0.09471159921370444], [0.20564036877338196, 0.6742805995431465, 0.051192348951087464, 0.06888668263238414], [0.11673889068813031, 0.8231093117997185, 0.032419572848163894, 0.027732224563987305], [0.2103204875974143, 0.0918945819047586, 0.17715457080023192, 0.5206303595975952], [0.03054531764272665, 0.03922609502356991, 0.8655604477415306, 0.06466813949217287], [0.2265072512471405, 0.10869360973223657, 0.1999460220161098, 0.46485311690451314], [0.045470120042601606, 0.05571919493368661, 0.8190017020293713, 0.07980898289434049], [0.08622673243127917, 0.8708824165894287, 0.023946226097490926, 0.01894462478180119], [0.13103549548486676, 0.7902681149639925, 0.03934749250840935, 0.03934889694273139], [0.8612581910191504, 0.05336933845667547, 0.028567680500860882, 0.05680478992331331], [0.8792685744382129, 0.04883974681371934, 0.024559676108718047, 0.04733200253934964], [0.7601087746677148, 0.08528939030025942, 0.051732860564019365, 0.10286897436800643], [0.7977786360545872, 0.07777200183135398, 0.042952576385336984, 0.08149678562872184], [0.8648074026765933, 0.0579430857144987, 0.025314671090922676, 0.05193484041798536], [0.8250815363716203, 0.07098274011553374, 0.034059863914792626, 0.06987585949805328]], "ideal": "D", "sampled": "D", "correct": true}}
{"type": "result", "data": {"idx": 5, "options": ["95 percent of the students in her school are from families whose income is between $35,095 and $45,005.", "There is a 95% probability that the families of all the students in this school have an income of between $35,095 and $45,005.", "If we were to take another sample of the same size and compute a 95 percent confidence interval, we would have a 95% chance of getting the interval ($35,095, $45,005).", "There is a 95% probability that the mean income per family in the school is between $35,095 and $45,005."], "probs": [[0.28010286625939107, 0.22508283441127824, 0.1672720387140116, 0.3275422605153191], [0.2500594481558052, 0.2661966303858209, 0.30640189923554617, 0.17734202212282768], [0.24072782278907257, 0.17340358375082998, 0.281478447356021, 0.30439014600407643], [0.2469292729846073, 0.2213533371465582, 0.3593099414942967, 0.17240744827453783], [0.2669086615121879, 0.38836180494488726, 0.169666658007026, 0.17506287543589882], [0.29564892905815704, 0.3978492376867757, 0.12716267648522087, 0.1793391566698464], [0.3339373021713954, 0.17325467585136414, 0.14819606474663732, 0.34461195713060316], [0.32128851537403363, 0.19185879478078538, 0.3066013637832983, 0.18025132596188273], [0.31073470772584566, 0.16633858776447283, 0.2309456456040253, 0.29198105880565617], [0.2943298141609707, 0.1960720565772722, 0.3495525381776226, 0.16004559098413448], [0.33061398550306625, 0.374649690411014, 0.13358814120095863, 0.16114818278496118], [0.3409507350495163, 0.3686653457660071, 0.11069511868506396, 0.17968880039941265], [0.2450880185988427, 0.25288581091957224, 0.2568815273718989, 0.2451446430096861], [0.22377847289121683, 0.31558955811744754, 0.3205751287273786, 0.14005684016395709], [0.24338245026743766, 0.34325235567158635, 0.16992643220623152, 0.24343876175474446], [0.2034945068457178, 0.4444831940395288, 0.23423390182096473, 0.11778839719378868], [0.20728551312591434, 0.5723504551453099, 0.10587647047794134, 0.11448756115083439], [0.17987932263006046, 0.6377398371058732, 0.08905008434358827, 0.09333075582047802], [0.43699346290609703, 0.20967938628720698, 0.17113984139459107, 0.1821873093121049], [0.43710568917757087, 0.23765717517996443, 0.13125032892998872, 0.19398680661247597], [0.41939904801222166, 0.23527251093851262, 0.1591967140990273, 0.18613172685023843], [0.3970838903114646, 0.268687584036172, 0.12495418264075833, 0.20927434291160507], [0.3910189510339046, 0.20931021555192958, 0.20607213366843669, 0.1935986996457291], [0.39652672996916893, 0.21899025466323846, 0.20573041147514848, 0.1787526037924441]], "ideal": "D", "sampled": "D", "correct": true}}
{"type": "result", "data": {"idx": 6, "options": ["The probability of a Type I error and the probability of a Type II error would both decrease.", "The probability of a Type I error and the power would both increase.", "The probability of a Type II error and the power would both increase.", "The probability of a Type I error would stay the same and the power would increase."], "probs": [[0.3258666146349871, 0.24986464155000193, 0.16645480938759075, 0.2578139343274202], [0.31468975071904665, 0.2375503742822327, 0.25686886521290714, 0.19089100968581352], [0.2953054606619215, 0.24103766677353416, 0.23363883791017645, 0.2300180345543679], [0.29768064171555125, 0.18340789996625886, 0.2392211371537071, 0.27969032106448277], [0.3316216618256202, 0.28366197864875853, 0.24646443514455407, 0.13825192428106717], [0.3147176801843638, 0.30504521724511496, 0.20641632376037186, 0.17382077871014937], [0.3723969126212509, 0.18726189248520064, 0.18436835546124863, 0.2559728393322998], [0.3610966639859487, 0.1873408323037666, 0.26420851358177344, 0.18735399002851127], [0.34626666624262303, 0.16103768877340166, 0.21004462478178612, 0.2826510201021892], [0.35606454410857147, 0.16050065279640044, 0.2773374144755462, 0.20609738851948187], [0.38882229390891615, 0.20172512817003924, 0.1698797094723749, 0.2395728683486697], [0.41163740784693303, 0.210252514766068, 0.17431532364280278, 0.20379475364419614], [0.33391669389246587, 0.15773998199316003, 0.29936012622700675, 0.20898319778736738], [0.3675055989998954, 0.1791175699317876, 0.216066711640605, 0.23731011932771207], [0.362790747123854, 0.1713785303341494, 0.20037450488704137, 0.2654562175549552], [0.3716191219145577, 0.17555006631422196, 0.24758052440107, 0.20525028727015035], [0.37416912236552297, 0.17131773146220697, 0.14426806997609098, 0.3102450760961791], [0.38820644052299724, 0.1892061325955092, 0.23919399857531187, 0.18339342820618168], [0.3786909579852022, 0.20270729062914333, 0.2770842313489395, 0.14151751993671494], [0.3493803583013158, 0.2516597992678246, 0.21193048898557262, 0.18702935334528695], [0.3958765683933564, 0.25164005907761144, 0.1502703174878983, 0.20221305494113387], [0.4383436506301459, 0.2576961853499236, 0.1295852680312937, 0.1743748958886368], [0.38390430804228276, 0.20231597123507084, 0.14572869239780353, 0.26805102822484284], [0.39393075709679154, 0.2750173765888365, 0.16681930172534573, 0.1642325644890262]], "ideal": "D", "sampled": "D", "correct": true}}
{"type": "result", "data": {"idx": 7, "options": ["It cannot be determined, because the mean heights for the two groups are different.", "It cannot be determined, because the standard deviations of the heights for the two groups are different.", "The man, because he is 74 inches tall and the woman is only 70 inches tall.", "The woman, because her height is 1.33 standard deviations above the mean height of all women, whereas the man\u2019s height is only one standard deviation above the mean height of all men."], "probs": [[0.049562384578571414, 0.06566497340398912, 0.6039149445629849, 0.2808576973544546], [0.05338800518987637, 0.061455374379649576, 0.8484604669402543, 0.03669615339021968], [0.10013636571623763, 0.1480230225448901, 0.09860167294481022, 0.653238938694062], [0.04757172862336377, 0.1023007231993557, 0.8047305730927146, 0.04539697498456597], [0.09099233641082913, 0.8633310664263576, 0.018777717917311375, 0.026898879145501875], [0.07297781786172268, 0.8752773321729568, 0.02225734645038533, 0.029487503414935216], [0.046797381241332155, 0.06396927129491049, 0.5791959934607903, 0.310037353902967], [0.051460579307109816, 0.06404945569258363, 0.8437776594957417, 0.040712305404564886], [0.086008209606978, 0.1087492283139007, 0.09596693085812306, 0.7092756311209982], [0.04550286483292544, 0.09785176974439992, 0.8066659684169692, 0.04997939690570543], [0.07315572972906924, 0.8912395088579438, 0.017106957445142717, 0.018497803867844255], [0.056934824493158814, 0.8906176451990439, 0.023366324287707574, 0.029081205920089816], [0.1439881068332967, 0.0833534536164009, 0.12709321623565273, 0.6455652232146497], [0.0768778662212265, 0.07809342094057294, 0.8012220500552198, 0.04380666268298075], [0.13342619139747, 0.08222191157445505, 0.127341451145513, 0.657010445782562], [0.08348899363544586, 0.0809258451183633, 0.7922683274617836, 0.04331683368440735], [0.14440672942713967, 0.6997841879122148, 0.0875902807212077, 0.06821880183943788], [0.14265305761113803, 0.691286538051732, 0.10275305423777997, 0.06330734999934996], [0.7516319778988343, 0.09859564191083978, 0.04804960283175029, 0.10172277725857562], [0.7498078736557913, 0.09682759401569933, 0.04364340234486792, 0.10972112988364142], [0.7469586757082777, 0.10109244323662953, 0.04926662537434747, 0.10268225558074526], [0.7387647444815938, 0.11688795592703541, 0.04436572516074383, 0.099981574330627], [0.7044786791489283, 0.09991596711974285, 0.08413875791726295, 0.11146659571406597], [0.6814996802572294, 0.10615659820438611, 0.10783014021719463, 0.10451358122118985]], "ideal": "D", "sampled": "D", "correct": true}}
{"type": "result", "data": {"idx": 8, "options": ["There are different t-distributions for different values of df (degrees of freedom).", "t-distributions are bell-shaped and symmetric.", "t-distributions always have mean 0 and standard deviation 1.", "t-distributions are more spread out than the normal distribution."], "probs": [[0.4085857156368371, 0.23282350148123582, 0.19605753700221912, 0.16253324577970796], [0.40737314794242185, 0.22499730510257868, 0.20808681223437084, 0.15954273462062862], [0.43437474961705447, 0.2676298022002573, 0.15249086914921778, 0.14550457893347046], [0.4080662672151116, 0.2634900369076713, 0.2020237864068059, 0.12641990937041114], [0.43791093482964666, 0.261515146928342, 0.14442125160251998, 0.1561526665394914], [0.4144370257440025, 0.276098668547677, 0.18106994031049103, 0.12839436529782952], [0.37508405554638335, 0.23843765680621418, 0.20078465933052567, 0.1856936282168768], [0.37757804423403846, 0.23630894366063496, 0.21854886084771874, 0.1675641511576078], [0.3866287642313789, 0.2535743528458677, 0.1855197333591312, 0.1742771494636222], [0.35715266207179186, 0.2532766612083753, 0.20997416732441718, 0.17959650929541565], [0.392264217099064, 0.26962605116055266, 0.17960838971726104, 0.15850134192312235], [0.3573543109517689, 0.26558256752375214, 0.19736380598683176, 0.1796993154376472], [0.4226850803863753, 0.24085959430819787, 0.16297463828223432, 0.1734806869231925], [0.4155772738230122, 0.23681557607597156, 0.19941810370098675, 0.14818904630002946], [0.3990750609740191, 0.2383143036063346, 0.17989069071778993, 0.1827199446018563], [0.3816464599830698, 0.2314981405428735, 0.1919191359077571, 0.1949362634662996], [0.4163382649005354, 0.2817329764084417, 0.15803746877520425, 0.1438912898158187], [0.39586567284878665, 0.2720944542598657, 0.1479351796369559, 0.18410469315439165], [0.474892874375927, 0.21407560254771382, 0.14944669671541388, 0.1615848262609453], [0.4562697206158767, 0.22239447133726062, 0.17319742559262238, 0.14813838235424032], [0.435885177929766, 0.20591921488612397, 0.18748920595293297, 0.17070640113117705], [0.39979324933793076, 0.20742656851303992, 0.1948583485799623, 0.19792183346906705], [0.45259398217443664, 0.24609462914390098, 0.1588890105327027, 0.14242237804895966], [0.43276355311064907, 0.2353062664527767, 0.1543172918749107, 0.17761288846166354]], "ideal": "C", "sampled": "D", "correct": false}}
{"type": "result", "data": {"idx": 9, "options": ["This study was an observational study.", "Lack of blocking makes this a poorly designed study.", "The placebo effect is irrelevant in this type of study.", "This study was an experiment in which the subjects were used as their own controls."], "probs": [[0.3685683607686546, 0.17688225207944158, 0.15367950497520974, 0.300869882076694], [0.3066067099264621, 0.18891559539336278, 0.3213759660399449, 0.18310172854023016], [0.3850613637692547, 0.16565175590590567, 0.16308519453558198, 0.2862016856892576], [0.2878878881693535, 0.16150849333987616, 0.33663962763282607, 0.21396399075794428], [0.37601768788047174, 0.2974790556043227, 0.154335584799084, 0.17216767161612154], [0.36849734183441185, 0.2781778275688466, 0.14659741519415678, 0.2067274153025847], [0.32495568242663936, 0.24152834761538713, 0.15114819101084617, 0.2823677788471273], [0.31938766002198526, 0.24110825769688451, 0.2487726547123872, 0.19073142746874303], [0.23515342874420836, 0.134016055869054, 0.3643160868613018, 0.2665144284254358], [0.2502247392881031, 0.15178735552700418, 0.3937375843131195, 0.20425032077177316], [0.3565583090079144, 0.27340258387286925, 0.18213286318147653, 0.18790624383773974], [0.3632906078929007, 0.2874089181135778, 0.14228461681373633, 0.20701585707978518], [0.2971771568604017, 0.2542399390014104, 0.16936170548409257, 0.27922119855409533], [0.24386837712667955, 0.24389010301937428, 0.3131811273800902, 0.19906039237385595], [0.21937397120189378, 0.1484695672840422, 0.3674899637331637, 0.2646664976809003], [0.21919082102967852, 0.17072457073411773, 0.42257824535912464, 0.18750636277707913], [0.27709005105973156, 0.30434269616965925, 0.2158244614332996, 0.20274279123730957], [0.3156776427906979, 0.341352581943709, 0.15148194132720563, 0.19148783383838752], [0.43221318957456073, 0.23137034707216972, 0.1590230136222822, 0.17739344963098735], [0.4251883815633022, 0.22407848642366668, 0.14023149639000612, 0.210501635523025], [0.37890813880076213, 0.22276955014532981, 0.2193252062377117, 0.17899710471619637], [0.4362349482759496, 0.2159774738350992, 0.13516122584472326, 0.21262635194422794], [0.3454843008701293, 0.16578251870781027, 0.2691097138950958, 0.2196234664269646], [0.4374939230759985, 0.1823981540019321, 0.16350842738814428, 0.21659949543392512]], "ideal": "D", "sampled": "D", "correct": true}}
{"type": "result", "data": {"idx": 10, "options": ["It describes a process that creates estimates that are too high on average or too low on average.", "It describes a process that results in a sample that does not represent the population.", "It describes a lack of randomization in the sampling process.", "It describes a sample that is not representative of the population."], "probs": [[0.6829709333656498, 0.12439077207255585, 0.04947774428963143, 0.14316055017216284], [0.7000305521527527, 0.1235737404928138, 0.046902458236473356, 0.1294932490179602], [0.7027946140018445, 0.09219758245990675, 0.05769329911524283, 0.1473145043230059], [0.7380812304861599, 0.0802720129460293, 0.04296473120775197, 0.13868202526005882], [0.7602536734197268, 0.08530506554365248, 0.0378531294863304, 0.11658813145029032], [0.7338588319043707, 0.09043891828093326, 0.042056296486556344, 0.1336459532281396], [0.6020266749495252, 0.18077145035087766, 0.05260794530699773, 0.1645939292925993], [0.5600654690922072, 0.23348239931671508, 0.06483822556824151, 0.1416139059228362], [0.6115745582488901, 0.11672873930135458, 0.09090937199007147, 0.18078733035968395], [0.6120420553699573, 0.12052995118261714, 0.07782023979096049, 0.1896077535564651], [0.5830438894162746, 0.13423514854793878, 0.11304023018539323, 0.16968073175039342], [0.6144866300915619, 0.12101003436271694, 0.07113950645853337, 0.1933638289871878], [0.31128639443512834, 0.4390000169881275, 0.10266085120993712, 0.147052737266807], [0.3256786039127338, 0.4451645546419694, 0.08235123437161253, 0.14680560697368425], [0.2517374418165263, 0.50854175520011, 0.11892457127984374, 0.12079623160351989], [0.27781255913216096, 0.4725874978821316, 0.08880250005446831, 0.1607974428312391], [0.2942706898414268, 0.2989221468429539, 0.23648287001148047, 0.17032429320413886], [0.33114141222503407, 0.2832573055937751, 0.1276828944555392, 0.2579183876256516], [0.3459025153880563, 0.4802490353196813, 0.06499809268204923, 0.10885035651021314], [0.37594711496686195, 0.41291659758643307, 0.070643864038646, 0.14049242330805897], [0.34215597334527637, 0.21749945630936768, 0.254303284092247, 0.18604128615310894], [0.38568631960130245, 0.19395042041837068, 0.12920636322417314, 0.2911568966561537], [0.334884161693878, 0.17105619352751772, 0.30022930648559165, 0.1938303381930126], [0.3643303432297169, 0.1721127284660322, 0.1518977821852529, 0.31165914601899797]], "ideal": "A", "sampled": "A", "correct": true}}
{"type": "result", "data": {"idx": 11, "options": ["Halting the production process when sufficient customer complaints are received.", "Halting the production process when the tissue strength is below specifications.", "Halting the production process when the tissue strength is within specifications.", "Allowing the production process to continue when the tissue strength is below specifications."], "probs": [[0.21861699058449852, 0.6036485984045965, 0.060709975201451695, 0.11702443570945328], [0.23711604584218313, 0.57780398654536, 0.07819582754175204, 0.1068841399707048], [0.10099922187366646, 0.14470051747376625, 0.6285897071231592, 0.12571055342940807], [0.18427747760773916, 0.11715266281912423, 0.1652086550608271, 0.5333612044123095], [0.20939249976280766, 0.28623657989267287, 0.3733228687073559, 0.13104805153716356], [0.2565501045309385, 0.25657791009461595, 0.11931566304462869, 0.3675563222298168], [0.5881775178784909, 0.1558642122094773, 0.08743188622972106, 0.16852638358231067], [0.5526921830919851, 0.15836490925106614, 0.13545373282648204, 0.1534891747304667], [0.6193847355670182, 0.1541882976569726, 0.062297166095914555, 0.16412980058009463], [0.5271861866892407, 0.1822058070838521, 0.14189965377221023, 0.14870835235469707], [0.6217429978554593, 0.175385512657655, 0.05518565472765423, 0.1476858346592315], [0.5642122625740414, 0.1950025409265065, 0.0865295678290622, 0.15425562857038985], [0.11471766171009525, 0.1028478281304406, 0.6603086387634769, 0.12212587129598725], [0.26308461825090884, 0.10968702203661787, 0.2322040927758762, 0.3950242668365971], [0.34266636410405277, 0.4539907360738775, 0.06048764027958549, 0.1428552594424842], [0.37349656498792455, 0.38537308856994434, 0.10372039006895034, 0.13740995627318078], [0.4419347281216565, 0.21879376165816203, 0.06268312267694125, 0.2765883874432402], [0.35201290246304395, 0.2535662352785222, 0.2382028549671389, 0.156218007191295], [0.270633780840533, 0.11824302854898484, 0.4750333321729616, 0.1360898583375205], [0.3092635457959585, 0.09886201314307154, 0.10523261756039062, 0.4866418234005793], [0.5940802803429, 0.20532718681217813, 0.048011225606379423, 0.1525813071385425], [0.5550016884323653, 0.21067193619302077, 0.072803774605946, 0.16152260066866786], [0.39763624064576253, 0.12710610220213395, 0.07129697607187196, 0.4039606809802316], [0.35467331203281527, 0.16495782872686496, 0.32297278891132675, 0.15739607022899305]], "ideal": "C", "sampled": "B", "correct": false}}
{"type": "result", "data": {"idx": 12, "options": ["75 - 0.30(14)", "75 + 0.30(14)", "75 - 0.4756(14)", "75 - 0.5244(14)"], "probs": [[0.3678449799600451, 0.20001160202445015, 0.1792892419900789, 0.2528541759254258], [0.36980910432474223, 0.18889581310815964, 0.18308488204355078, 0.2582102004235473], [0.3625386600945649, 0.1971311539641905, 0.20984586758532942, 0.23048431825591517], [0.3766504581886947, 0.2047971070322802, 0.1864733723584111, 0.23207906232061395], [0.36831373521450195, 0.20342290702548263, 0.19410828043230835, 0.23415507722770704], [0.355523179600544, 0.21230906878699893, 0.20259114211533544, 0.2295766093971216], [0.3347273668149583, 0.15326660293397093, 0.23008262990096898, 0.28192340025010176], [0.3292075097231675, 0.14383469520561012, 0.24088011679624738, 0.286077678174975], [0.3330596734706245, 0.18684858360282575, 0.23254043208032668, 0.24755131074622305], [0.34428358489679733, 0.18144405024591234, 0.184299961883774, 0.2899724028735163], [0.33898365494199273, 0.19017109272962485, 0.21889004109101076, 0.2519552111373716], [0.34172958132187564, 0.18010048566447745, 0.18581525979568086, 0.2923546731179661], [0.4041749596813707, 0.19699518674125038, 0.1685008878614023, 0.23032896561597666], [0.38958327216857275, 0.20213083017246472, 0.17561698663190745, 0.23266891092705508], [0.4030923246934249, 0.2027069479024359, 0.16805063186395514, 0.22615009544018405], [0.39129556387611014, 0.22648484187498347, 0.14853238010507785, 0.23368721404382853], [0.37697123182391945, 0.19255469108181983, 0.20180011695692082, 0.22867396003733986], [0.3754345234172795, 0.1858733770940602, 0.20735827395270343, 0.23133382543595687], [0.411098378524846, 0.19726181930530906, 0.1610022735136, 0.23063752855624498], [0.3914944231118668, 0.19997110960868025, 0.17104622719961596, 0.23748823997983698], [0.4054271099120065, 0.2007177233174419, 0.16640084236384595, 0.2274543243067057], [0.3935248675463274, 0.21734159211094184, 0.154118277678056, 0.23501526256467478], [0.3888013304559807, 0.18950161053578057, 0.1895067216339934, 0.23219033727424532], [0.38250363308869095, 0.18070089940715928, 0.2047617171286966, 0.23203375027545317]], "ideal": "D", "sampled": "D", "correct": true}}
{"type": "result", "data": {"idx": 13, "options": ["increases the interval size by 9%.", "decreases the interval size by 9%.", "increases the interval size by 57%.", "decreases the interval size by 57%."], "probs": [[0.36729517575405723, 0.1905625015306645, 0.22279793021835131, 0.21934439239692693], [0.3277267808342181, 0.19267475835614697, 0.2397970473345076, 0.2398014133751273], [0.40347997526604484, 0.21938214213224239, 0.15078336814996607, 0.2263545143517467], [0.3640003149741429, 0.2501846216341319, 0.16153806205656937, 0.2242770012351558], [0.3527714855203197, 0.21735334070307055, 0.19484303599371602, 0.2350321376828937], [0.35647022189404887, 0.2266000773292666, 0.1938303828964955, 0.22309931778018904], [0.3317924837857998, 0.2012532233243662, 0.23529946889315628, 0.23165482389667771], [0.339946732186658, 0.1848380797099145, 0.24873566246834025, 0.22647952553508727], [0.35652378729181283, 0.20000839529434086, 0.20961672377899304, 0.23385109353485323], [0.35831302934748577, 0.22076142161011572, 0.1859085587361596, 0.2350169902062389], [0.40142206549868337, 0.21487896782630544, 0.14768815479256497, 0.23601081178244623], [0.3642094730966662, 0.23151677844593402, 0.16163152454667254, 0.24264222381072723], [0.4249319357337073, 0.1976254536265559, 0.12367337840835552, 0.25376923213138125], [0.44422469862503194, 0.1881065573535972, 0.1511516764952092, 0.21651706742616167], [0.41760932150451585, 0.18245291164323324, 0.14660962977702707, 0.2533281369752239], [0.3854203762411045, 0.18207113171677305, 0.21963260738392865, 0.2128758845581938], [0.42203202210569035, 0.1815226944872607, 0.17052937788257327, 0.22591590542447565], [0.39596997477490625, 0.187053584455035, 0.1730007904446331, 0.24397565022542564], [0.42533477502779443, 0.16399159781497527, 0.1402734049973672, 0.2704002220598631], [0.39237502213369035, 0.16357624529156473, 0.2306924462087728, 0.2133562862659721], [0.42912546755087955, 0.17889717619337447, 0.119173894494192, 0.27280346166155395], [0.4549094113198638, 0.17539256364693068, 0.1409347290216851, 0.22876329591152042], [0.40627043177754496, 0.18313093061528377, 0.16415917649543452, 0.24643946101173678], [0.3980563639906802, 0.17390693981557892, 0.194010856638981, 0.23402583945475994]], "ideal": "C", "sampled": "C", "correct": true}}
{"type": "result", "data": {"idx": 14, "options": ["The number of tosses before a \"5\" appears when tossing a fair die.", "The number of points a hockey team receives in 10 games, where two points are awarded for wins, one point for ties, and no points for losses.", "The number of hearts out of five cards randomly drawn from a deck of 52 cards, without replacement.", "The number of motorists not wearing seat belts in a random sample of five drivers."], "probs": [[0.30464184281163786, 0.23361565170336115, 0.3244135379466846, 0.13732896743831635], [0.4386693507985679, 0.23852941104400457, 0.1614166824792823, 0.1613845555781452], [0.3752805152428187, 0.35257227891986415, 0.15404974838855592, 0.11809745734876123], [0.3635011965305388, 0.38097915475125754, 0.133753648358747, 0.12176600025945665], [0.3622307019066364, 0.21633303686304545, 0.25296359120922707, 0.16847266992109103], [0.31765443083447603, 0.2083590030461807, 0.3330154716635521, 0.1409710943557912], [0.4386159209927336, 0.21716159707830307, 0.2040248665028087, 0.14019761532615463], [0.48065712442232283, 0.23428103069994766, 0.13143206152256826, 0.15362978325516122], [0.42982805411433467, 0.3734847660508506, 0.09297771144440395, 0.10370946829041072], [0.391347608124499, 0.40381791281049184, 0.09444005575338214, 0.11039442321162701], [0.48538984484081765, 0.199237209606762, 0.16262993250979504, 0.1527430129426253], [0.3863084969478253, 0.17968033520094337, 0.2827190202597041, 0.15129214749152725], [0.6075157160440112, 0.17681627409977183, 0.09030742404109629, 0.12536058571512068], [0.633054689469772, 0.17040907386137538, 0.06992968259704367, 0.126606553971809], [0.5950040639340709, 0.20888965697316603, 0.07332635451637516, 0.12277992447638793], [0.5959898188413004, 0.1996511205857188, 0.0734463403043738, 0.13091272016860692], [0.6233070770761115, 0.18141750310413596, 0.07444943074656532, 0.12082598897318717], [0.5875157669529224, 0.17642260954685127, 0.10700694390801216, 0.12905467949221416], [0.38136030376197905, 0.2242269284568592, 0.2277912118144891, 0.1666215558666726], [0.3647234574464263, 0.23186795864761, 0.26278408184475066, 0.14062450196121304], [0.38937744494359094, 0.28492254015934343, 0.17556573448809681, 0.1501342803089688], [0.31254012972536965, 0.2551340942514768, 0.28467662847131014, 0.14764914745184332], [0.41892051551619314, 0.3314296951983472, 0.1258112545326266, 0.12383853465283305], [0.3820924885743611, 0.31680305372871176, 0.16696811464391875, 0.1341363429530084]], "ideal": "D", "sampled": "C", "correct": false}}
{"type": "result", "data": {"idx": 15, "options": ["I only", "II only", "III only", "I and II"], "probs": [[0.27312428163426183, 0.1848140982325946, 0.19674672477582664, 0.3453148952573169], [0.25105595586173524, 0.17527478931581603, 0.3485989868292301, 0.22507026789321868], [0.239240910353023, 0.17779860693518273, 0.25075365231302643, 0.3322068302987678], [0.20439860831835152, 0.1748368941024017, 0.4065345646491784, 0.21422993283006836], [0.27920380647972376, 0.250287655720234, 0.24260089160461462, 0.22790764609542763], [0.27304682946594466, 0.2773566030390843, 0.21601789341250233, 0.23357867398246868], [0.282207787008675, 0.2197915613431484, 0.18801146743801647, 0.30998918411016013], [0.25956493226726585, 0.20215674931536018, 0.3230680774862148, 0.21521024083115917], [0.2753983478777137, 0.18061821430036584, 0.25078177823273556, 0.29320165948918486], [0.2709415595102802, 0.18049241869570545, 0.31679216496149015, 0.23177385673252415], [0.2932695956750618, 0.258816949734527, 0.24315350520702025, 0.20475994928339095], [0.31798307525836345, 0.26362587197286563, 0.19288254644503036, 0.22550850622374052], [0.2823353157057373, 0.21648516803437745, 0.20983841627182515, 0.2913410998880601], [0.25668725751287724, 0.19991545675059924, 0.3096545086439915, 0.23374277699253196], [0.2758877616232084, 0.19261135446010175, 0.25122741236599466, 0.2802734714506952], [0.2802538019176282, 0.18380318854108016, 0.2846939903912461, 0.25124901905004554], [0.2837463276736361, 0.2707603831205156, 0.22100264992586116, 0.22449063917998716], [0.3064389961549716, 0.2704398156628692, 0.1917801137872536, 0.23134107429490564], [0.2907629440775149, 0.27745626614252955, 0.24107357444767513, 0.19070721523228035], [0.28514240894703885, 0.2941998707566566, 0.21525563825351787, 0.20540208194278664], [0.28348936360522276, 0.25412865334613044, 0.27053867558491856, 0.19184330736372826], [0.30324084015497305, 0.2553640045769555, 0.205202671942496, 0.23619248322557543], [0.25047051530850833, 0.2316586787519855, 0.3069226993772026, 0.21094810646230347], [0.26272854989311034, 0.23186839315564547, 0.25467092555214144, 0.2507321312991027]], "ideal": "D", "sampled": "D", "correct": true}}
