{"type": "result", "data": {"idx": 0, "options": ["(0, \u2013 3)", "(4, 1)", "(2, 2)", "(\u2013 4, \u20132)"], "probs": [[0.3414763807908951, 0.2039316445385134, 0.25380894539202326, 0.20078302917856825], [0.35322739795653707, 0.21095141533598288, 0.2838750352501137, 0.15194615135736633], [0.3220521461335808, 0.21456294929976974, 0.27985241589351784, 0.18353248857313165], [0.3224794614362022, 0.22166706949739884, 0.2936714037016125, 0.16218206526478648], [0.3629051662860103, 0.2655359962636531, 0.23803421781270878, 0.13352461953762784], [0.341874172001442, 0.26628469624584317, 0.24246325363883897, 0.14937787801387586], [0.2702907919613437, 0.3160391747635468, 0.26202243563892835, 0.15164759753618107], [0.28284328119447333, 0.3106788876834191, 0.2828923060129699, 0.12358552500913768], [0.26010195580959844, 0.24822818850008746, 0.32886774814719333, 0.1628021074431207], [0.27150126884395953, 0.26732721523759934, 0.32247742526767353, 0.13869409055076762], [0.3162570297401791, 0.3113864957974899, 0.2541610598309987, 0.11819541453133231], [0.2874472439001646, 0.3108429014371927, 0.2700830101696775, 0.13162684439296524], [0.28768097922784724, 0.2745414931120886, 0.2788757043965577, 0.15890182316350646], [0.29626268145459617, 0.27403232452513276, 0.2783601879795187, 0.15134480594075236], [0.2940270216758963, 0.2362890619909192, 0.2940799804011956, 0.1756039358319889], [0.30643102523600424, 0.2540699541314686, 0.29244807359631975, 0.14705094693620738], [0.33577762051376514, 0.274083801304225, 0.24569834008437136, 0.1444402379976385], [0.3161984823118668, 0.28346611333632515, 0.2621775386448677, 0.13815786560694032], [0.3277924705385073, 0.2804056149501181, 0.25934359815125424, 0.13245831626012033], [0.30751497697646013, 0.2714144723492962, 0.25899536851466354, 0.16207518205958013], [0.34577488895773206, 0.24522061643532445, 0.2735767960274824, 0.13542769847946107], [0.3162802551752029, 0.23142713995726702, 0.27484060150141687, 0.17745200326611318], [0.3100473376812634, 0.2377562146472465, 0.2913158622484913, 0.16088058532299876], [0.3002575129047041, 0.23755540659303376, 0.2910736885695758, 0.17111339183268637]], "ideal": "D", "sampled": "D", "correct": true}}
{"type": "result", "data": {"idx": 1, "options": ["2500", "2", "50", "25"], "probs": [[0.41264221682955354, 0.177477809433442, 0.17473902066895913, 0.2351409529680453], [0.40648735122863505, 0.18610611936936655, 0.1721295611609014, 0.23527696814109697], [0.40723773833017163, 0.1835608482177279, 0.1807320713816155, 0.22846934197048496], [0.4028290927850432, 0.1873337980122927, 0.18735430201070444, 0.22248280709195967], [0.40869190066864364, 0.18135927075243558, 0.18422799751620997, 0.22572083096271084], [0.41028181325686663, 0.17372426647779976, 0.20312682094817847, 0.21286709921715516], [0.2723589932378719, 0.3552218410597286, 0.1731460859344543, 0.19927307966794525], [0.2572889587429822, 0.3862329961534595, 0.17963933675222282, 0.17683870825133544], [0.25020628419381863, 0.24251566102119063, 0.32132514350404345, 0.18595291118094726], [0.26871510536620724, 0.24853307755687784, 0.25645112224484595, 0.22630069473206896], [0.25014902649696746, 0.26216198573840566, 0.30178283460596367, 0.18590615305866326], [0.24085628625046246, 0.2524238488954628, 0.3191329192925306, 0.18758694546154409], [0.2868217570319314, 0.3569495134734223, 0.1767298754385689, 0.17949885395607737], [0.2956650985033977, 0.3566379110145625, 0.1711402909796293, 0.17655669940241048], [0.2930168676224797, 0.18053118075720867, 0.32187245834205414, 0.2045794931782575], [0.3113809823678487, 0.1859452426247618, 0.27483385798566967, 0.2278399169217198], [0.2972907423675793, 0.22093421218570078, 0.2837219834043976, 0.1980530619423224], [0.3108861194372147, 0.2577370443345219, 0.20390858057946223, 0.22746825554880115], [0.2928840597512452, 0.3166842820413911, 0.20132194447575852, 0.18910971363160517], [0.3094348059200976, 0.29991448369475887, 0.2029613286495101, 0.1876893816356334], [0.3071752809716298, 0.18058675401311486, 0.29777387099502156, 0.21446409392023372], [0.3190612291690897, 0.17898642058330302, 0.28604356304060696, 0.21590878710700026], [0.3084291127483836, 0.26796992811950787, 0.23651709445384997, 0.18708386457825857], [0.3145949337941208, 0.30018738803804296, 0.18209162895323727, 0.20312604911459897]], "ideal": "C", "sampled": "A", "correct": false}}
{"type": "result", "data": {"idx": 2, "options": ["392", "336", "300", "297"], "probs": [[0.34118823160167633, 0.2575740958448509, 0.20376579737021566, 0.1974718750832571], [0.3461942374360074, 0.2613537609315825, 0.18246263263785115, 0.20998936889455894], [0.351948312005868, 0.22727027397686111, 0.23818300591608293, 0.18259840800118796], [0.3657038861997379, 0.23615065566548518, 0.20841119001824507, 0.18973426801653182], [0.3417701779320488, 0.24620239022023224, 0.21727921842778314, 0.1947482133199358], [0.32781675943161276, 0.24364342156065044, 0.24749450751891136, 0.18104531138882543], [0.336893006966414, 0.26653425691438537, 0.20758858883144155, 0.18898414718775908], [0.34540286249959995, 0.26075558814448174, 0.19078130949476713, 0.20306023976115115], [0.3413754359571077, 0.23835027501213302, 0.23466459172588813, 0.1856096972048712], [0.36451122425493127, 0.23908373419905998, 0.19821532081951493, 0.19818972062649381], [0.34202741631588873, 0.24256865633497796, 0.21744218272431942, 0.19796174452481388], [0.32556061893787497, 0.23821712957724736, 0.25359083730968135, 0.18263141407519634], [0.269124615055622, 0.30026169266104547, 0.2568480257352031, 0.1737656664481294], [0.2850434013190465, 0.30823729817037804, 0.22552845887946904, 0.18119084153110643], [0.28412619670236233, 0.3024785843953281, 0.23558869339357064, 0.17780652540873898], [0.2904562521976534, 0.31408555888586537, 0.21928267688572986, 0.17617551193075134], [0.29790969792278654, 0.25485860539335703, 0.25486951304302474, 0.19236218354083168], [0.29111725522821547, 0.2609918454176241, 0.2569575943832573, 0.1909333048709031], [0.3121758149576312, 0.2670507768580113, 0.2284352813199502, 0.19233812676440726], [0.286088432550306, 0.26461425026670027, 0.2730368334819503, 0.1762604836010434], [0.3217640625057284, 0.2626435301849739, 0.21105803779291304, 0.20453436941638461], [0.29289980846993274, 0.25850694598632, 0.2709358849571647, 0.17765736048658254], [0.3345935890549569, 0.26888393952416795, 0.2229303386147857, 0.17359213270608947], [0.33459833261004907, 0.2688835859029822, 0.22292773423349793, 0.17359034715347074]], "ideal": "A", "sampled": "B", "correct": false}}
{"type": "result", "data": {"idx": 3, "options": ["\\frac{7}{9}", "\\frac{8}{9}", "\\frac{5}{9}", "\\frac{9}{11}"], "probs": [[0.3975807964764697, 0.2690423984699262, 0.20629369903090428, 0.12708310592269978], [0.40350673173763135, 0.26464717000179444, 0.19667928236667778, 0.13516681579389644], [0.3872705274703004, 0.25400696337694345, 0.23493380402363537, 0.12378870502912079], [0.3885590202086619, 0.24700874105553908, 0.2146159133329404, 0.14981632530285863], [0.3634841793931258, 0.23470354427588694, 0.2701563279083869, 0.1316559483226004], [0.38112626611731704, 0.23482885164144326, 0.22761619767106903, 0.15642868447017064], [0.4137835974940054, 0.23950646101504233, 0.20809901628502367, 0.1386109251059286], [0.3958626805107112, 0.23640381501944588, 0.22209232215127658, 0.14564118221856628], [0.39197175462968326, 0.24918046214981623, 0.22337574763042023, 0.13547203549008024], [0.3921186263239837, 0.24927243583525574, 0.2165811637769819, 0.14202777396377866], [0.3965001583745899, 0.22594056347910482, 0.24052245195718075, 0.1370368260891245], [0.39252015359469783, 0.22719616847156202, 0.23811085164980908, 0.14217282618393107], [0.37761129070354216, 0.25955531772030577, 0.2363407384022388, 0.12649265307391327], [0.3822119406472272, 0.25463239494246803, 0.21110929000245243, 0.15204637430785234], [0.39241061195399146, 0.2614311316561207, 0.21674512647525332, 0.12941312981463451], [0.4061947105985785, 0.2622836788886214, 0.18892328157736177, 0.14259832883543833], [0.35728330799568275, 0.23802875406021407, 0.2533902114350929, 0.15129772640901026], [0.36744223136333526, 0.24479476344506051, 0.252577461353837, 0.13518554373776723], [0.36375249512588814, 0.2579636054366238, 0.24234878246592267, 0.1359351168715654], [0.3902389653913283, 0.25595352742912114, 0.20567606038694633, 0.14813144669260422], [0.40098014469905296, 0.2671335041255846, 0.19545049963427116, 0.13643585144109122], [0.3769674823483846, 0.26733602684065766, 0.2148231395758823, 0.14087335113507538], [0.36654792027694666, 0.2559213485508732, 0.229418383252425, 0.14811234781975513], [0.37627654142561207, 0.2627115171076944, 0.22472217007052264, 0.13628977129617084]], "ideal": "B", "sampled": "B", "correct": true}}
{"type": "result", "data": {"idx": 4, "options": ["(-inf, 10)", "(-inf, 9)", "(-inf, 8)", "(-inf, 7)"], "probs": [[0.2707185290112807, 0.3877844118273715, 0.2175355964886357, 0.12396146257271212], [0.2508524991448083, 0.3885254619407372, 0.22841216961859645, 0.132209869195858], [0.23045445921135516, 0.4044581380072848, 0.24919026906745884, 0.11589713361390123], [0.24329476458553945, 0.37097589499626665, 0.23581839041355668, 0.14991094990463727], [0.22913721542953702, 0.40214548110137477, 0.25166747346488477, 0.11704982990420344], [0.2310835524156672, 0.3635408146408612, 0.25380546986629293, 0.15157016297717868], [0.231000111616393, 0.44526252472343736, 0.22742657495688598, 0.09631078860328368], [0.2315281910103879, 0.4393608834947803, 0.22794702477003279, 0.10116390062479899], [0.2269624867742233, 0.4306969545940192, 0.24160910600371555, 0.10073145252804196], [0.25046763749043843, 0.3940367375337125, 0.23530146038923988, 0.12019416448660919], [0.22986478296200885, 0.43620358213007226, 0.233493528744878, 0.10043810606304085], [0.23677934016997682, 0.3783667751676569, 0.2600611103870269, 0.12479277417533936], [0.2387096012072927, 0.4390530654842829, 0.22425525208714106, 0.09798208112128332], [0.23934257856191038, 0.4135439199993049, 0.22485027402665966, 0.12226322731212501], [0.26048996653798095, 0.42281442246359763, 0.2028773247564016, 0.11381828614201982], [0.2562416119247253, 0.38465918940455046, 0.2261418781608139, 0.13295732040991035], [0.22239272790147907, 0.3903085116513841, 0.24810661754034657, 0.1391921428067903], [0.2440433498402782, 0.35507573810100673, 0.2722604436757366, 0.12862046828297846], [0.2207032839576, 0.48205919971579547, 0.21728953231286252, 0.07994798391374204], [0.22165757576823772, 0.4548098187297123, 0.2251566667001297, 0.09837593870192027], [0.24037134938838742, 0.4780335487654858, 0.19315096065508694, 0.08844414109103982], [0.23804177696174839, 0.4112950326284003, 0.22715030946770204, 0.12351288084214926], [0.21354003465781835, 0.4246728166708172, 0.24198183462692424, 0.11980531394444024], [0.2375841587544322, 0.36797189708844696, 0.2692280411451048, 0.12521590291201606]], "ideal": "C", "sampled": "A", "correct": false}}
{"type": "result", "data": {"idx": 5, "options": ["396", "72", "66", "36"], "probs": [[0.17484859672518072, 0.20766164107997673, 0.46074506401849163, 0.15674469807635094], [0.2517902775813596, 0.2598130923305487, 0.2365650165868164, 0.2518316134012753], [0.2914871014523693, 0.45861523218796985, 0.08890856006669975, 0.16098910619296108], [0.29954838303389225, 0.46398704548029884, 0.08583138754356813, 0.15063318384224078], [0.24358163045647874, 0.20836866768992432, 0.22530024570059096, 0.3227494560530059], [0.23702509621545279, 0.20919842772766656, 0.3908574217678113, 0.16291905418906935], [0.16820434486097446, 0.15802738775345176, 0.5181952946053197, 0.15557297268025405], [0.29396605926742087, 0.19584197095822836, 0.20205928684328928, 0.3081326828310615], [0.18737788775742673, 0.7183281289563702, 0.025360085445491922, 0.06893389774071113], [0.30096458264542825, 0.5623053698310704, 0.04202658526080103, 0.0947034621627003], [0.31793854111142295, 0.3602962845247742, 0.10322496447760214, 0.2185402097862007], [0.2900289849642614, 0.3087635291988312, 0.2724989611755659, 0.12870852456134152], [0.4558065072976671, 0.19301638580467492, 0.1456984622838968, 0.2054786445137612], [0.48537645100699245, 0.20877258633055157, 0.10662924576698313, 0.19922171679547285], [0.5070646555830011, 0.2017100215266107, 0.08950715032836241, 0.20171817246202584], [0.46014145697733017, 0.2106865377615786, 0.15175181851883873, 0.1774201866422525], [0.5034314839505935, 0.2453684882464466, 0.07720565565035598, 0.17399437205260396], [0.4509640335585718, 0.25697422025018146, 0.1312476545441033, 0.16081409154714338], [0.3873952867091439, 0.15653395417951887, 0.15899945557018394, 0.29707130344115323], [0.2802242296620491, 0.15477272635979372, 0.407799655042047, 0.15720338883611018], [0.4772563483102213, 0.1869052197153418, 0.10321828621039897, 0.23262014566403794], [0.31052526828521637, 0.20051084456822862, 0.3574722110867656, 0.13149167595978936], [0.4390372800674902, 0.3473311558813868, 0.06424887286232542, 0.14938269108879756], [0.4399836462303457, 0.3120196917928308, 0.1028950019273829, 0.14510165994944066]], "ideal": "B", "sampled": "C", "correct": false}}
{"type": "result", "data": {"idx": 6, "options": ["0.16", "0.24", "0.3", "0.5"], "probs": [[0.3924236390573346, 0.34632490255741316, 0.12349163095579375, 0.1377598273294585], [0.37739868655299214, 0.33831141907965967, 0.14325820548554102, 0.1410316887818071], [0.37700836723228104, 0.21482835067662015, 0.24344547855072182, 0.16471780344037698], [0.3930585144522897, 0.2104050995259448, 0.2137293102189153, 0.18280707570285018], [0.3742908183216655, 0.22351777218255736, 0.2532941661030949, 0.14889724329268222], [0.3755793496936102, 0.2173865268839486, 0.23506349233800894, 0.17197063098443222], [0.4070858480250804, 0.29322809851897325, 0.14516403212180562, 0.15452202123414074], [0.39858592740441845, 0.29162881644517996, 0.15610528455917483, 0.15367997149122675], [0.4357501863997538, 0.20584949848977577, 0.19038750229362147, 0.16801281271684892], [0.4155935644687861, 0.19941876826676314, 0.20899769661720752, 0.17598997054724322], [0.4090904179889842, 0.22243758538097147, 0.20573064112382067, 0.16274135540622364], [0.4229024774278239, 0.21601482377320522, 0.18477425528032349, 0.17630844341864735], [0.29772163640134747, 0.3071872706590506, 0.24301867226204932, 0.15207242057755258], [0.28309653077449676, 0.320804572013382, 0.24217074792863547, 0.1539281491834858], [0.3266460895211684, 0.337029516663227, 0.16947798429224867, 0.16684640942335593], [0.2880750810867871, 0.3585285811161527, 0.21077977199084075, 0.14261656570621944], [0.3034543304302527, 0.3180314803392107, 0.2185934865675281, 0.15992070256300844], [0.2720951397132704, 0.29885202197942756, 0.276409502651327, 0.15264333555597503], [0.3324499725963021, 0.31724604961083824, 0.21805286405290175, 0.13225111363995787], [0.35201887341850085, 0.3255796827223068, 0.1586848097488985, 0.16371663401029385], [0.3496822312219271, 0.36080043429103253, 0.1504122718895384, 0.13910506249750193], [0.3347379416520512, 0.37932394646743295, 0.1373894126898979, 0.14854869909061796], [0.37436116295827726, 0.30081892458796744, 0.156071128771063, 0.1687487835826923], [0.3405279669061103, 0.2958682609441764, 0.2002055287252818, 0.1633982433244315]], "ideal": "C", "sampled": "B", "correct": false}}
{"type": "result", "data": {"idx": 7, "options": ["42", "12", "36", "39"], "probs": [[0.3840787639280788, 0.18144529647474777, 0.2640013553833028, 0.17047458411387056], [0.386614227455724, 0.1855167867725824, 0.25357001639497734, 0.17429896927671626], [0.3844662010285242, 0.20904617009456627, 0.21908082065775653, 0.187406808119153], [0.3841585528348266, 0.19018361043640444, 0.2294076509985658, 0.19625018563020316], [0.3881822526066743, 0.20140042899025118, 0.22119745609932495, 0.18921986220374953], [0.39592360856263925, 0.18997782183806983, 0.20541391958605604, 0.20868464991323488], [0.2752786751436682, 0.29768760658710347, 0.27966155348924643, 0.14737216467998188], [0.28502179895373964, 0.3034442527239153, 0.26364340196997693, 0.14789054625236817], [0.277043832689009, 0.24837249524657756, 0.3091190570808844, 0.16546461488352904], [0.28796375200577073, 0.2387586469329273, 0.3065864169362788, 0.16669118402502314], [0.2671041528181977, 0.2357540761556023, 0.3273224283028514, 0.1698193426233486], [0.2762286149055286, 0.22547811939482512, 0.3280786075287389, 0.17021465807090735], [0.3552745123474636, 0.23302211313500815, 0.23302211313500815, 0.1786812612825201], [0.36244763020370774, 0.21309210992983255, 0.23040882437335553, 0.19405143539310415], [0.3568343764658414, 0.18514728268400155, 0.28676503466532405, 0.17125330608483302], [0.3704077137454017, 0.1862734025706311, 0.2710247216389629, 0.17229416194500427], [0.3703222572433175, 0.18916018305317414, 0.23912480471127123, 0.20139275489223712], [0.3676886667744788, 0.21282472348542816, 0.2374284784982145, 0.18205813114187852], [0.33046023039076894, 0.2307235816106022, 0.25340319432475905, 0.18541299357386978], [0.34213434116990793, 0.22092555963606708, 0.23887472274560884, 0.19806537634841617], [0.3361494393079349, 0.1945751694205364, 0.29209022036657445, 0.17718517080495422], [0.3452058875868574, 0.1877088760676038, 0.2907258737962149, 0.1763593624493239], [0.328666761276046, 0.2025118262496061, 0.2725094678357187, 0.19631194453862916], [0.337637956230699, 0.21802045536993692, 0.2548976134177667, 0.18944397488159742]], "ideal": "A", "sampled": "A", "correct": true}}
{"type": "result", "data": {"idx": 8, "options": ["\\frac{125}{648}", "\\frac{25}{648}", "\\frac{625}{648}", "\\frac{1}{648}"], "probs": [[0.5146886437406499, 0.24314007382658206, 0.10789786460449373, 0.13427341772827422], [0.494781799798223, 0.24495196735114236, 0.12708728936143612, 0.1331789433891985], [0.5281975308143212, 0.22366851732631393, 0.1124739282650078, 0.13566002349435705], [0.5035965888116843, 0.22700268841491988, 0.12734560287675548, 0.14205511979664034], [0.4849777455904579, 0.2327150230834359, 0.1411559774469261, 0.14115125377918006], [0.502285536311365, 0.23728003918778331, 0.12310639675886405, 0.1373280276419877], [0.4960954782523613, 0.2271443293549564, 0.12544893474808136, 0.15131125754460092], [0.4539749784619133, 0.23924454331257, 0.15938363492731936, 0.14739684319819735], [0.49237334632400437, 0.2289916102647207, 0.1284597371044132, 0.15017530620686173], [0.4561475394661966, 0.24038694323741486, 0.1576615140225373, 0.1458040031738512], [0.4590831696528069, 0.24962025878317395, 0.14223831890591165, 0.14905825255810748], [0.4915291703114806, 0.24334061324651948, 0.12429406585265561, 0.1408361504893443], [0.5219239954758501, 0.23526594478820745, 0.11288618535673436, 0.12992387427920807], [0.49953468143104895, 0.23969357550486908, 0.12631623806439157, 0.13445550489969038], [0.5129455350259865, 0.23486040885702986, 0.11626895706657402, 0.13592509895040958], [0.5169344947367113, 0.22940402366147095, 0.12089303429359369, 0.13276844720822406], [0.48634278126094194, 0.23704215605852688, 0.13506982212877947, 0.1415452404517517], [0.4966293422866741, 0.2273899682351045, 0.13368271688324665, 0.14229797249497472], [0.36397148259729734, 0.26631475285950745, 0.21068590015110242, 0.15902786429209279], [0.3693907535742943, 0.274531831902516, 0.1946852352040956, 0.1613921792190941], [0.36939447564075234, 0.24609593677897068, 0.20724856542588194, 0.17726102205439506], [0.3833785595603083, 0.24755186961273606, 0.19892666935530837, 0.17014290137164725], [0.4012176096038144, 0.2714981138434709, 0.17258676884832666, 0.15469750760438802], [0.3858252303422828, 0.27792116664000704, 0.18514794882497046, 0.15110565409273974]], "ideal": "C", "sampled": "A", "correct": false}}
{"type": "result", "data": {"idx": 9, "options": ["8", "12", "10", "4"], "probs": [[0.2692573586058367, 0.200114825344494, 0.3512405648106595, 0.17938725113900975], [0.2846212898023033, 0.23969774721556783, 0.3030276505933868, 0.17265331228874203], [0.29679515628187625, 0.20083703404179826, 0.3015158147673525, 0.20085199480897298], [0.2840688526346333, 0.21112120149408564, 0.3270207047135443, 0.17778924105773683], [0.26172860284235716, 0.21700571995268075, 0.3522567591200138, 0.16900891798494824], [0.2790824902325444, 0.2173714955010304, 0.34200204357052877, 0.16154397059589645], [0.28074218094859293, 0.2152735835965883, 0.32827351961460044, 0.17571071574021835], [0.28545876909234447, 0.23667631688319707, 0.2992032423434979, 0.1786616715809606], [0.2969876737003267, 0.23495910359181477, 0.28789429995833893, 0.18015892264951958], [0.2803453802782094, 0.23609539864086496, 0.2938442825977213, 0.1897149383832044], [0.27667023492057014, 0.20562725337949841, 0.33904261858160595, 0.1786598930183255], [0.26933088323738946, 0.1970685300393205, 0.3513369874010107, 0.18226359922227928], [0.2821769672025647, 0.21637425992151613, 0.3248390506652145, 0.17660972211070464], [0.291232636803095, 0.2268355271936458, 0.3052625564847336, 0.1766692794185256], [0.2944794594947067, 0.21885967252450075, 0.3135219216033219, 0.17313894627747065], [0.2916779176349143, 0.22365864775837072, 0.2963182285680356, 0.18834520593867943], [0.2698939998193796, 0.2037495493126379, 0.3520730383033192, 0.17428341246466325], [0.2713317017184321, 0.20483736997042193, 0.3430581739657514, 0.1807727542453946], [0.2533696369087538, 0.23071967750625344, 0.33051339773548777, 0.18539728774950498], [0.27539906723722757, 0.23558074935645673, 0.3271000184417502, 0.16192016486456545], [0.24459477892166037, 0.2334175819905993, 0.3615564053657238, 0.16043123362201647], [0.24597092727433834, 0.22398427949142916, 0.36359118328061124, 0.16645360985362126], [0.2476613148102254, 0.22202285293572746, 0.37771494318388527, 0.15260088897016183], [0.2573810930612091, 0.227161909341235, 0.3357490152864735, 0.1797079822110824]], "ideal": "B", "sampled": "A", "correct": false}}
{"type": "result", "data": {"idx": 10, "options": ["13", "14", "1", "2"], "probs": [[0.3932329533074344, 0.2171844010488883, 0.20086923838243584, 0.18871340716124146], [0.3728753141052768, 0.2226717538215098, 0.22268975442476666, 0.1817631775484467], [0.3983548222593363, 0.1972168801358941, 0.21325370448207404, 0.1911745930226955], [0.3875282935427504, 0.1979435800082377, 0.23143130427855413, 0.18309682207045774], [0.398764914215935, 0.20052744744988873, 0.22371776733124887, 0.1769898709029274], [0.3930512661132009, 0.2103989429858737, 0.21371893684805096, 0.18283085395287443], [0.3418210293686835, 0.23865648034854178, 0.22773284189810133, 0.19178964828467335], [0.3218392373179847, 0.24295933862278193, 0.24297510405249806, 0.19222631990673528], [0.35209172792862037, 0.20063538543643425, 0.2616875235456035, 0.18558536298934192], [0.3396803089684268, 0.19970372019642726, 0.2729736525594361, 0.18764231817570978], [0.3453065248795835, 0.2062108840610475, 0.26069192521993556, 0.1877906657394334], [0.35489210146783096, 0.2186589105699533, 0.2364330765691207, 0.19001591129309506], [0.30470810245530816, 0.26065323530967915, 0.2526546791734371, 0.18198398296157556], [0.3109073406961088, 0.27439291218212275, 0.2347183946495184, 0.17998135237225002], [0.30267181538487953, 0.23945739506089142, 0.2713552076641285, 0.18651558179010053], [0.29738039218462564, 0.25839296365766107, 0.26660684145715347, 0.17761980260055985], [0.29884516299224134, 0.22559919278752272, 0.29425292327284003, 0.1813027208473959], [0.3006552755532017, 0.24160741267172395, 0.26954531666921244, 0.1881919950058619], [0.37169271492912154, 0.23262259604859167, 0.2254778314512372, 0.17020685747104955], [0.3654891252152211, 0.25517153737377485, 0.19262117145519467, 0.1867181658558094], [0.3734082356670671, 0.21278055231943493, 0.23738330675473393, 0.176427905158764], [0.3730339649984635, 0.24851843341907542, 0.19659702184920963, 0.18185057963325146], [0.36041584607334864, 0.192928582410593, 0.25962677595403305, 0.18702879546202528], [0.3715161472278808, 0.19579388751452062, 0.23989744004118674, 0.19279252511641184]], "ideal": "D", "sampled": "A", "correct": false}}
{"type": "result", "data": {"idx": 11, "options": ["30", "64", "2048", "60"], "probs": [[0.29492991280795533, 0.23699732906244517, 0.2522883041758882, 0.21578445385371128], [0.2606762919274669, 0.2264971522086869, 0.3000611975552843, 0.21276535820856188], [0.28014356312548444, 0.2550935484972841, 0.239645499557812, 0.22511738871941941], [0.295593704319337, 0.2649862726514851, 0.2231462713384065, 0.21627375159077136], [0.28311774975561393, 0.20077853501155477, 0.29212734970888893, 0.22397636542394236], [0.29140167557062335, 0.2132076408289955, 0.2612305205432455, 0.23416016295713563], [0.2909342776365639, 0.23746572003965907, 0.24500949283516776, 0.2265905093886093], [0.30278064444104047, 0.21809682762989244, 0.243305597729242, 0.2358169300998251], [0.3281587708883961, 0.29416844684175125, 0.16245781125675998, 0.2152149709130926], [0.3310310838217287, 0.306162801905307, 0.1828269823750103, 0.17997913179795402], [0.3166160598125885, 0.22452811377234064, 0.2044351812007572, 0.25442064511431367], [0.3175986503521492, 0.23237288688400903, 0.2633192319403791, 0.18670923072346265], [0.287291577808393, 0.16628705957993786, 0.3155588413292861, 0.23086252118238307], [0.32775261018120155, 0.1674127379663443, 0.276014528365711, 0.22882012338674318], [0.26087411458046844, 0.31965958116256654, 0.20318157363345213, 0.2162847305235129], [0.24310519926642402, 0.27984091219724877, 0.2755024093784202, 0.20155147905790705], [0.32389358648081956, 0.21243172024842852, 0.21916728372668864, 0.24450740944406327], [0.2868609683396509, 0.19717867376652481, 0.29599883708379787, 0.21996152071002636], [0.2896456674994611, 0.2291430051523334, 0.25562640641120243, 0.22558492083700304], [0.293075595663619, 0.24680710204170359, 0.22826348583000355, 0.23185381636467384], [0.2996961906116805, 0.2334175511998864, 0.2297987593390662, 0.23708749874936683], [0.323525965181423, 0.2367088943483155, 0.24044229087809352, 0.19932284949216794], [0.3068902239923286, 0.2883102936502617, 0.16949014616538163, 0.23530933609202806], [0.28658771939075683, 0.2734796147293497, 0.24901764463404588, 0.19091502114584763]], "ideal": "D", "sampled": "B", "correct": false}}
{"type": "result", "data": {"idx": 12, "options": ["0", "1", "2", "4"], "probs": [[0.30268670027467764, 0.20164558890369472, 0.2843512381135557, 0.21131647260807193], [0.29880641997429586, 0.192938247514199, 0.2896276625812205, 0.21862766983028464], [0.2894894566690353, 0.24378951617990416, 0.26774231394660236, 0.1989787131044582], [0.310737263485277, 0.2273510409753041, 0.23455984980145836, 0.22735184563796051], [0.29613378641028226, 0.27389863130691494, 0.2417130172010942, 0.1882545649817086], [0.2658295114319782, 0.2536743954665424, 0.29197437438352913, 0.18852171861795022], [0.3254336811405929, 0.19132251115681348, 0.2827458167611682, 0.2004979908414254], [0.35391290917693247, 0.1985405326126002, 0.23947646497845607, 0.20807009313201127], [0.33784655740001596, 0.1725618592495572, 0.27146736593712784, 0.218124217313299], [0.4042633952211919, 0.13970807817856476, 0.19094591694409152, 0.26508260955615176], [0.3629350553705435, 0.17688936956277754, 0.25337638693372677, 0.20679918803295222], [0.37605937751258806, 0.16687866795065148, 0.24279985957698133, 0.21426209485977912], [0.3186218284625895, 0.20572655820547145, 0.26005543438227624, 0.21559617884966276], [0.3280979888169486, 0.22906052939154087, 0.24382825156564567, 0.19901323012586483], [0.3315377333887004, 0.1830984706426887, 0.25026143340533064, 0.23510236246328026], [0.3602230685489383, 0.19585863368376663, 0.2254250544639235, 0.21849324320337157], [0.3287196555023389, 0.18440144311734125, 0.28117362499923, 0.2057052762810899], [0.36649174290259995, 0.20882602279327067, 0.22228847607008134, 0.20239375813404809], [0.36246995754506256, 0.2130973434129649, 0.23040534093483983, 0.1940273580071327], [0.3398309248396394, 0.2029300569411821, 0.260559461670108, 0.19667955644907045], [0.3736404795838914, 0.17650179738263086, 0.23019836615716419, 0.2196593567763136], [0.37102404233083275, 0.1780236065209702, 0.2395516931771099, 0.2114006578710871], [0.35577790005755744, 0.2124480668227437, 0.2226356930103496, 0.20913834000934922], [0.37911414531382415, 0.23357511706437747, 0.1966827184259499, 0.19062801909584848]], "ideal": "D", "sampled": "D", "correct": true}}
{"type": "result", "data": {"idx": 13, "options": ["92", "93", "94.5", "95"], "probs": [[0.3236803258786916, 0.3088877636878249, 0.1414246026176918, 0.22600730771579167], [0.30383700129331626, 0.28546190258986204, 0.16265448926252787, 0.24804660675429385], [0.2607159471677863, 0.241154521152373, 0.28194959649303936, 0.21617993508680136], [0.3275617859166592, 0.2396779733752549, 0.1344481815427746, 0.29831205906531133], [0.24044392642293097, 0.1872934074915899, 0.3391533741141946, 0.2331092918712845], [0.2907180401178143, 0.19983675478377058, 0.20942547291135227, 0.30001973208706284], [0.31969815489433023, 0.2529351711020258, 0.1821889579113923, 0.24517771599225163], [0.2972612976730632, 0.25035455820441094, 0.198049932698472, 0.25433421132405387], [0.33438072103465694, 0.286041413010982, 0.14610076166868652, 0.23347710418567458], [0.3492066755778069, 0.2806253647337262, 0.14111101205395155, 0.22905694753451541], [0.2731551013063951, 0.2094686391581827, 0.2566533164916078, 0.26072294294381443], [0.29216812296758293, 0.2039943960704421, 0.2538800386008037, 0.24995744226117125], [0.26280526737891546, 0.21452132076732947, 0.2978429318462235, 0.22483047990753158], [0.24135611229640339, 0.21978686092721392, 0.27783467534879047, 0.2610223513275922], [0.32345493090442007, 0.24802454922212933, 0.18432023453300822, 0.24420028524044238], [0.27907985861907875, 0.24249746264323727, 0.25413602966711746, 0.2242866489705665], [0.27803326064597683, 0.20989781928791432, 0.2066444338151465, 0.30542448615096235], [0.2933076663514869, 0.20801212201440597, 0.26295856030574255, 0.23572165122836455], [0.23263969218310962, 0.2636597532860952, 0.28509468686992134, 0.21860586756087386], [0.23659604080349428, 0.28542964797057535, 0.20558887105349563, 0.2723854400724347], [0.2538216189435105, 0.3062065036648227, 0.19771007290621603, 0.24226180438545075], [0.25109361851405654, 0.31252839226791074, 0.21818392816436194, 0.21819406095367078], [0.2762046199195242, 0.24000247178065542, 0.1755916502239298, 0.30820125797589054], [0.2788655078470342, 0.28328709947354636, 0.2206316524335155, 0.21721574014590397]], "ideal": "B", "sampled": "B", "correct": true}}
{"type": "result", "data": {"idx": 14, "options": ["R <= T <= M <= L", "L <= T <= M <= R", "R <= M <= T <= L", "L <= M <= T <= R"], "probs": [[0.264584404110575, 0.2687631369305517, 0.27302823688466027, 0.19362422197421306], [0.26171172052555386, 0.2576668896665829, 0.28302288474326653, 0.1975985049645967], [0.28615924713134194, 0.25652214882192775, 0.26059478518741097, 0.19672381875931932], [0.2832272179094098, 0.2538940721747035, 0.2619886515171495, 0.20089005829873718], [0.26362659508532, 0.24004584846821908, 0.2941464106553505, 0.2021811456911104], [0.2587932684578975, 0.24312533798059452, 0.29330489473546384, 0.2047764987260441], [0.2449174821131883, 0.24113036689731182, 0.2908951937861418, 0.22305695710335807], [0.2560577988368515, 0.23682653901592915, 0.31378638741216386, 0.1933292746350555], [0.24300169580232422, 0.2318826133990474, 0.3072345508739894, 0.21788113982463903], [0.23829271962164347, 0.22039521723548477, 0.34677486178275074, 0.19453720126012097], [0.2969948814365604, 0.25804786718077466, 0.2501379437432814, 0.19481930753938356], [0.2910267325638754, 0.25286283332969844, 0.252892278023337, 0.20321815598308912], [0.2881850046850894, 0.26240617425211066, 0.25436559695986777, 0.19504322400293217], [0.28294448748050843, 0.26580910476226516, 0.25367255528253096, 0.19757385237469544], [0.263830866432169, 0.24401671818413903, 0.2898141400253914, 0.20233827525830053], [0.2632314562534315, 0.23968788979040803, 0.2983324527442146, 0.19874820111194585], [0.2798197269159878, 0.26287665960544143, 0.2588343023995011, 0.1984693109790697], [0.2809457057010753, 0.25581820653123577, 0.26396720418821173, 0.19926888347947716], [0.24116229955897905, 0.230129628166171, 0.3348823090982717, 0.19382576307657823], [0.23642954147058, 0.23643842256318, 0.3084148352084995, 0.21871720065774047], [0.28031911607802773, 0.25926827609127057, 0.25527932476592363, 0.20513328296477806], [0.2760650987916002, 0.25935151011057184, 0.25938321978017165, 0.2052001712176563], [0.24429032568113387, 0.24051352201252377, 0.28565046614011375, 0.2295456860662286], [0.2560035288077889, 0.2405064850805102, 0.3040673434430277, 0.19942264256867315]], "ideal": "D", "sampled": "B", "correct": false}}
{"type": "result", "data": {"idx": 15, "options": ["16", "2\\sqrt{2}", "5", "5+2\\sqrt{13}"], "probs": [[0.2876224219511419, 0.2460463642827989, 0.22404687104368876, 0.2422843426223704], [0.36484887648675834, 0.21449654972648602, 0.1922905863287892, 0.22836398735796642], [0.25042298060501306, 0.15430782503868093, 0.3069041027283117, 0.28836509152799433], [0.2723634662518292, 0.14580067152416054, 0.33377642928197016, 0.24805943284204005], [0.3842545804631098, 0.20892426680806578, 0.18439306591683066, 0.22242808671199377], [0.31732589948955564, 0.2114067736475888, 0.2631193179558646, 0.20814800880699097], [0.3249507739785669, 0.1794788050161415, 0.21315027551607302, 0.2824201453892185], [0.36621181264469055, 0.1991193651691446, 0.20545790209676323, 0.22921091998940157], [0.32019591805409076, 0.16102890908641013, 0.25734228276633153, 0.26143288999316755], [0.33571702238540413, 0.1825479715879998, 0.2615154981351644, 0.22021950779143173], [0.341366192149727, 0.2103228843194259, 0.23465971554911266, 0.21365120788173442], [0.2919302669450853, 0.18270664459745833, 0.3308689394521334, 0.194494148905323], [0.2522984034033365, 0.2226869215137483, 0.2686360954089303, 0.25637857957398497], [0.2807312434957888, 0.21192684224781855, 0.28520656904139696, 0.2221353451149957], [0.267497390481902, 0.2593113481739132, 0.25135380027164805, 0.2218374609725367], [0.31468208683317944, 0.24130325787922927, 0.23758707230137938, 0.2064275828862119], [0.30103771689728853, 0.28728421251787123, 0.22028828978053971, 0.19138978070430052], [0.3238038170580686, 0.2602081933388407, 0.19339022326607114, 0.22259776623701957], [0.32192599770187724, 0.2711063623157238, 0.1750539392057841, 0.23191370067661485], [0.3087913485692506, 0.248140148738251, 0.24052440344444923, 0.20254409914804916], [0.30922285180013914, 0.25637305162329316, 0.2408689594157415, 0.1935351370608262], [0.29379796103287387, 0.2398155110889614, 0.26755925212928555, 0.19882727564887914], [0.3288947543502348, 0.25616266557508094, 0.20908778280647503, 0.2058547971682092], [0.3233393334023869, 0.2722997583981322, 0.1785916483643382, 0.22576925973514272]], "ideal": "D", "sampled": "D", "correct": true}}
{"type": "result", "data": {"idx": 16, "options": ["8", "3", "6", "9"], "probs": [[0.30897860577465447, 0.19337342340046146, 0.30425893090656214, 0.19338903981832187], [0.29988574084961445, 0.1790877527091303, 0.3243237636860605, 0.19670274265519477], [0.30911603106274493, 0.21582041357057155, 0.2904521779358183, 0.18461137733086522], [0.2925355434125189, 0.20108069477454676, 0.3114755451367754, 0.1949082165761589], [0.3047543284138667, 0.20302294472673174, 0.29543371224824383, 0.19678901451115777], [0.3061394669856021, 0.20079188932641273, 0.3014610393010028, 0.1916076042869823], [0.24206129388128694, 0.24209531323533065, 0.3468297731675372, 0.16901361961584518], [0.24200551161763034, 0.22037483572990346, 0.3577476058690193, 0.17987204668344686], [0.25596559807976244, 0.23308848536927612, 0.32364774711614147, 0.18729816933481994], [0.23420397048670213, 0.22351091116019353, 0.33556315319429325, 0.20672196505881105], [0.24519644309815872, 0.23767669142377804, 0.34049483622938603, 0.17663202914867718], [0.24004759249741822, 0.24769659707001349, 0.328181420653746, 0.18407438967882228], [0.30750044719034364, 0.22150428260876576, 0.28445779850532465, 0.1865374715955659], [0.3013240306873588, 0.1915540041864886, 0.2967191845859644, 0.2104027804401882], [0.2975994138896714, 0.19826631836894296, 0.31195444795214244, 0.19217981968924316], [0.29905990960826584, 0.19615134915826102, 0.30862529223304513, 0.19616344890042803], [0.29439851200023015, 0.2222457345763266, 0.29909726528667696, 0.18425848803676625], [0.31350384738124265, 0.2403954606831126, 0.2559260015264825, 0.19017469030916226], [0.28758120105399004, 0.2007789581697231, 0.3259395312051941, 0.18570030947109278], [0.29812674064009675, 0.2081444058274684, 0.2981871797525948, 0.19554167367984002], [0.3080476017896523, 0.19278638637481638, 0.3033297450039369, 0.1958362667315945], [0.3075599326249371, 0.20172278280442177, 0.28898486061507156, 0.20173242385556955], [0.2931208741276789, 0.23190037450410225, 0.2886328229898436, 0.18634592827837523], [0.30138797014006063, 0.23843811805304865, 0.2744696478937225, 0.18570426381316815]], "ideal": "A", "sampled": "D", "correct": false}}
{"type": "result", "data": {"idx": 17, "options": ["-2", "-4", "-1", "1"], "probs": [[0.2686534363565348, 0.23342888153669178, 0.2951001646759951, 0.20281751733077832], [0.2590852495359936, 0.2511341385799212, 0.3224801266979613, 0.16730048508612394], [0.2608715412149421, 0.2338604882361301, 0.2821026868285969, 0.2231652836203309], [0.2550936791101517, 0.24726587515181492, 0.33798601254337823, 0.15965443309465513], [0.2752148467740151, 0.25455030417057034, 0.2839867132024092, 0.18624813575300536], [0.27622219505793016, 0.25950339047245846, 0.2940744415514478, 0.17019997281816354], [0.2795486318516509, 0.2626287795417405, 0.2626424886108546, 0.19518009989575397], [0.27901828702011444, 0.28342888178716336, 0.28344631614601823, 0.15410651494670397], [0.2620034022364723, 0.22411913987845575, 0.3160782518608507, 0.19779920592422132], [0.2673772155653539, 0.23969105302271695, 0.31755773790472286, 0.1753739934072063], [0.27572933247505044, 0.24334691825082666, 0.3028707847124078, 0.1780529644617151], [0.29219735536625696, 0.24607000485790761, 0.2788512491558665, 0.18288139051996893], [0.26626617507257266, 0.22076039671956443, 0.27049282996610424, 0.24248059814175868], [0.2433605302639071, 0.23223617218658338, 0.35971202070596925, 0.16469127674354025], [0.21139136499773387, 0.2250455368064811, 0.3710603249718082, 0.19250277312397682], [0.225655391789759, 0.25175446269378815, 0.34954726692518934, 0.1730428784912635], [0.2656333327489699, 0.24955089762319027, 0.3105894784055238, 0.17422629112231602], [0.2326834856650144, 0.24008280692824235, 0.32817745159361283, 0.19905625571313038], [0.29716771838077516, 0.2425588667150172, 0.26228213307618875, 0.19799128172801886], [0.25777198709479215, 0.249861840139891, 0.3310309798223607, 0.16133519284295617], [0.25760893566469784, 0.24970087404739533, 0.3012167990631724, 0.1914733911247344], [0.2529065759469431, 0.2529291661086572, 0.31479372467193534, 0.17937053317246432], [0.316331411623146, 0.24255227678745958, 0.26640238958313783, 0.17471392190625656], [0.2881196779934487, 0.2388717716525306, 0.27495772053468986, 0.19805082971933086]], "ideal": "B", "sampled": "D", "correct": false}}
