{"type": "result", "data": {"idx": 0, "options": ["a force that works through matter", "essentially a philosophical notion", "merely a property of a certain kind of matter", "a supernatural phenomenon"], "probs": [[0.2871980625578913, 0.14442077078752866, 0.4448573390567101, 0.12352382749786989], [0.47498163576144653, 0.1591126471598776, 0.1616132706242119, 0.20429244635446395], [0.27030304877150246, 0.5460109276824837, 0.11093347104076266, 0.07275255240525112], [0.12029222123264988, 0.7967362118674182, 0.05255342852473363, 0.030418138275198344], [0.40927420891934685, 0.12879466094850983, 0.2561321968835252, 0.20579893314861814], [0.11947074854407812, 0.0975142729942684, 0.7094101347282534, 0.07360484363340003], [0.20263783933636487, 0.5863320914268089, 0.14825482885926825, 0.06277524027755801], [0.131232819577751, 0.7913885806692781, 0.04260446606047609, 0.03477413359249483], [0.1418985830029942, 0.7205735981171176, 0.10220514998346363, 0.03532266879642453], [0.022719188039930983, 0.9659974931664868, 0.007851872436195043, 0.0034314462573871523], [0.05677716179620459, 0.05767553786317009, 0.7962247372565033, 0.089322562984122], [0.053289545572079954, 0.06736676888363044, 0.7955059708043415, 0.08383771463994813], [0.5885951781546405, 0.2571395154251592, 0.06813577866479881, 0.0861295276554015], [0.6323571949014015, 0.25549666262680654, 0.046530127952540426, 0.06561601441925152], [0.552239839321582, 0.1194381052094328, 0.23384536974658632, 0.09447668562239886], [0.7479149419843177, 0.10282025102167364, 0.05418023264685006, 0.09508457424715851], [0.414715423590367, 0.11517226265812569, 0.3957584352485541, 0.0743538784029532], [0.7125779017984168, 0.10928452188925113, 0.0705569722142383, 0.10758060399809367], [0.07608395948766337, 0.8843799389044374, 0.024317304100299, 0.015218797407600139], [0.09318929234101271, 0.7924984155734008, 0.09318957546307748, 0.02112271652250895], [0.049355059169805475, 0.04859316286615908, 0.8219420770232615, 0.080109700840774], [0.05253755045613277, 0.05861275401004832, 0.7966438709142748, 0.09220582451954415], [0.029821131930892, 0.9571228204664645, 0.011319360905486913, 0.0017366865971565773], [0.012200447018630356, 0.9844362757219955, 0.0024788704185276316, 0.0008844067408464298]], "ideal": "C", "sampled": "C", "correct": true}}
{"type": "result", "data": {"idx": 1, "options": ["In ancient Rome, religious worship was decentralized and tended to vary with one's social position.", "In ancient Rome, religious worship was the source of much social tension and turmoil.", "In ancient Rome, religious worship was homogeneous and highly centralized.", "In ancient Rome, religious worship was revolutionized by the introduction of Christianity."], "probs": [[0.4285888841740194, 0.33380111053820966, 0.17868877413009543, 0.05892123105767554], [0.4233316166896547, 0.36779412486528223, 0.15333937049859933, 0.055534887846463765], [0.4682560825754634, 0.25861614747280454, 0.20460079455862268, 0.06852697529310935], [0.4628746590421248, 0.2721118851719686, 0.14797009248796847, 0.1170433631979381], [0.35385428273770925, 0.2113018984299344, 0.3594953256711586, 0.07534849306119779], [0.4541748057589419, 0.2112139572396699, 0.21796053187212497, 0.1166507050292632], [0.3641035935835828, 0.3213350844360319, 0.2502864654921003, 0.06427485638828491], [0.3694730918915998, 0.35809995874757566, 0.20407114647202323, 0.06835580278880124], [0.25985881683612044, 0.21885153649048972, 0.4491162597683971, 0.07217338680499275], [0.2726640619761058, 0.20264028896927128, 0.25620835253393515, 0.26848729642068775], [0.274952243052951, 0.25428996434835194, 0.40012700852203836, 0.07063078397665866], [0.3082862542005983, 0.2118888528714611, 0.2679101268367799, 0.21191476599116071], [0.29505112324608596, 0.32917195064751825, 0.2951061681347103, 0.08067075787168547], [0.28059474938717427, 0.3384580708130652, 0.2053304788067957, 0.1756167008929648], [0.2031935377516232, 0.31970165965855674, 0.4170299612675079, 0.06007484122231217], [0.20906351816148336, 0.3393503477733285, 0.2727337519959132, 0.17885238196927494], [0.14568503199550992, 0.17573529480130465, 0.5499862431929872, 0.1285934299101982], [0.1488704852442657, 0.16870279859856743, 0.54472006173528, 0.13770665432188692], [0.16627407320079546, 0.3255476105714276, 0.4450585013936723, 0.06311981473410465], [0.1851853021683698, 0.368271239466125, 0.3250764116274238, 0.1214670466380814], [0.14297455654334712, 0.5743532819050882, 0.24707332435069354, 0.03559883710087119], [0.14113041423663747, 0.5758693689617058, 0.20861509659861086, 0.07438512010304586], [0.14893518608712703, 0.18248079987252044, 0.43786797575547537, 0.23071603818487718], [0.11748067858414235, 0.1819695654035994, 0.5694680128501408, 0.13108174306211742]], "ideal": "A", "sampled": "A", "correct": true}}
{"type": "result", "data": {"idx": 2, "options": ["Many were accomplished scientists, who added important pieces to human understanding of the universe.", "They utilized new methods of communicating their ideas, such as salons and inexpensive printed pamphlets.", "Most rejected religion altogether and adopted atheism as the only credo of a rational man.", "Many believed that the new scientific discoveries justified a more tolerant and objective approach to social and cultural issues."], "probs": [[0.032325342294321484, 0.07876496016191568, 0.30677354332717177, 0.582136154116591], [0.030392506584131108, 0.0852428191178501, 0.7964234707344429, 0.08794120346357594], [0.024860179280799304, 0.06757697525295776, 0.18087892400973246, 0.7266839213565105], [0.011306317548883045, 0.05478435845998506, 0.87085772972046, 0.06305159417067184], [0.10100989637244102, 0.6284345294139999, 0.19779513479586666, 0.07276043931769242], [0.11906052148890689, 0.5768868449814756, 0.22596625619633728, 0.07808637723328019], [0.04648149905537361, 0.09687653458865188, 0.3489428589283525, 0.507699107327622], [0.051453334001323084, 0.11963997066970508, 0.7216694520187251, 0.10723724321024672], [0.032508759960810804, 0.08046195475410069, 0.24403942573522241, 0.6429898594498661], [0.026506178275871414, 0.08293590755628616, 0.7994860469457173, 0.09107186712212503], [0.12405381067547225, 0.6201810471160807, 0.18051772490267273, 0.07524741720577428], [0.1598967301693348, 0.5580536084954166, 0.20533086204464163, 0.07671879919060691], [0.028439761688535063, 0.08490885491089789, 0.19745589330450478, 0.6891954899960623], [0.023189516082520546, 0.10073242860864842, 0.7925770695313937, 0.08350098567743724], [0.02939967367171674, 0.06943553077578966, 0.21059998514222764, 0.690564810310266], [0.036474824763349574, 0.09315140007588225, 0.7680817417348639, 0.10229203332590431], [0.11106197865871538, 0.6390508603127766, 0.1747423313306568, 0.0751448295978512], [0.12032588093998027, 0.6403344416052766, 0.16970456024137098, 0.06963511711337213], [0.3505529112680937, 0.2126304475358518, 0.2906729237344325, 0.146143717361622], [0.33732432123625655, 0.1952377110524443, 0.337380826439498, 0.13005714117180112], [0.36761570214412304, 0.23735935705319527, 0.24878634146450035, 0.1462385992381813], [0.38038323175940125, 0.21339427409558515, 0.282724893423766, 0.12349760062124762], [0.3585471212505375, 0.23885589835639395, 0.27068907019769306, 0.1319079100953755], [0.40139987163553303, 0.25119882258051635, 0.22874339901432142, 0.11865790666962922]], "ideal": "D", "sampled": "D", "correct": true}}
{"type": "result", "data": {"idx": 3, "options": ["The duke, as a member of the French nobility, is sympathetic to King Louis.", "The duke, as a member of the French nobility, is biased against the king because of his suppression of the nobility.", "The duke, as a member of the French nobility, supported the extension of the administrative, financial, military, and religious control of the central state over the French population.", "The duke, as a member of the French nobility, supported King Louis's preservation of the aristocracy's social position and legal privileges, while he removed their power."], "probs": [[0.1354992659700852, 0.1881338674953678, 0.33026203482383276, 0.3461048316107142], [0.16871148830684785, 0.17680813806624573, 0.49597281236619256, 0.15850756116071388], [0.1115297227986386, 0.15976844726395326, 0.2804881036001098, 0.4482137262372984], [0.19361870277403817, 0.25252217428129203, 0.4099573255659066, 0.14390179727876318], [0.20828660544582753, 0.4548702666129433, 0.22877318302589314, 0.10806994481533606], [0.21202064980074878, 0.4558624930429753, 0.23654076550671527, 0.09557609154956061], [0.13186658409905402, 0.14483311359872833, 0.34752845369741386, 0.3757718485048038], [0.16250365691524357, 0.13684281234883852, 0.5329662361928001, 0.1676872944431177], [0.1323658843558668, 0.23229731963185068, 0.3127106176407941, 0.32262617827148843], [0.19209735152459292, 0.2585001693034826, 0.41316851871288834, 0.13623396035903615], [0.21699514659566616, 0.4314738745336317, 0.25370958066862526, 0.09782139810207685], [0.22556391210469476, 0.44158875589656194, 0.23274539305895037, 0.10010193883979294], [0.10507034509323365, 0.08847732096025704, 0.26424247023801056, 0.5422098636084988], [0.22439882004394182, 0.16675471761673388, 0.43943851820834057, 0.16940794403098372], [0.12764868519366881, 0.11805346958808148, 0.30158392490661073, 0.4527139202116389], [0.22484647405421776, 0.17787907055861377, 0.45433769979516253, 0.14293675549200593], [0.21010691551571828, 0.3686940481500899, 0.29173053177451036, 0.12946850445968153], [0.2537570780072485, 0.38089625320963694, 0.26596294641980994, 0.0993837222633046], [0.3172436952273699, 0.16716206072089365, 0.3075155019452616, 0.20807874200647483], [0.2889765884878321, 0.18367417702251282, 0.3224080896772822, 0.2049411447123729], [0.34292099898369155, 0.21124999852601173, 0.28880638741962056, 0.15702261497067613], [0.36565546287383216, 0.23979961094245245, 0.2513425424843781, 0.14320238359933724], [0.2955284206431148, 0.2648782510754307, 0.29097131758913336, 0.14862201059232108], [0.3469177937272974, 0.2384269641888266, 0.278790396966044, 0.13586484501783194]], "ideal": "B", "sampled": "D", "correct": false}}
{"type": "result", "data": {"idx": 4, "options": ["that the lyrics from the popular song Deutschland \u00fcber alles (which eventually became the German national anthem) were the reason Germany started the war", "that the lyrics from the popular song Deutschland \u00fcber alles (which eventually became the German national anthem) were evidence of Germany's aggressive attitude", "that the reason Germany lost the war was that it was betrayed from within", "that Germany provided the ultimate framework for modern warfare"], "probs": [[0.2709738475393789, 0.5388896785965903, 0.13841404844414162, 0.05172242531988916], [0.16506273306007538, 0.7752388472701077, 0.046561779711886936, 0.01313663985792996], [0.28354440404072967, 0.28802348467912614, 0.2880530485842534, 0.14037906259589075], [0.38212368457852747, 0.3425359478628222, 0.14733766237421178, 0.12800270508443853], [0.29894317084372296, 0.16769545278348805, 0.42164967716440127, 0.11171169910838773], [0.37178528305150554, 0.1729001998728467, 0.285098046035867, 0.1702164709397807], [0.4813329397654158, 0.28742729543898804, 0.1379231759051453, 0.09331658879045085], [0.4861207324008328, 0.4157905593686896, 0.05286825094911858, 0.04522045718135901], [0.45772946469299647, 0.28200815634547066, 0.14631759355822954, 0.11394478530330332], [0.5769439677193208, 0.22950168415836675, 0.08848585536999427, 0.10506849265231817], [0.46247969451331705, 0.1675004561823135, 0.2635491568644295, 0.10647069233993996], [0.5516285546300373, 0.14847547478124531, 0.17090783285463684, 0.12898813763408046], [0.3524138190578885, 0.1886383379198474, 0.32092566729520716, 0.1380221756270569], [0.5026313103428863, 0.24496126354987507, 0.13113473452161756, 0.12127269148562102], [0.37455894612630836, 0.23808917897608814, 0.2495476193948385, 0.13780425540276503], [0.40055629014279054, 0.34800731226345616, 0.13844551969845573, 0.11299087779529754], [0.42630772899986696, 0.18623579276556573, 0.18919692206838276, 0.1982595560661845], [0.37720683775358566, 0.17270212131057883, 0.2513104416373957, 0.1987805991984398], [0.21308780031886387, 0.20333269539427984, 0.4582932957294247, 0.1252862084574316], [0.2664944350375964, 0.24264591524465942, 0.3317070155277103, 0.15915263409003388], [0.24986303967106813, 0.2618532893628269, 0.35242216370852925, 0.13586150715757564], [0.26111626622449874, 0.3100852071928837, 0.28681868311874853, 0.14197984336386904], [0.2586450653605818, 0.3320974806244119, 0.20462830972497734, 0.20462914419002898], [0.28328319959067877, 0.2703204114417061, 0.24233746165091155, 0.20405892721670355]], "ideal": "B", "sampled": "B", "correct": true}}
{"type": "result", "data": {"idx": 5, "options": ["the Russian interest in French culture", "the spirit of camaraderie amongst the miners", "the sense of continual class struggle", "the need for noblesse oblige"], "probs": [[0.031242549009366457, 0.03827851359747892, 0.8578442307152223, 0.07263470657793226], [0.21032104757348394, 0.14913428873912393, 0.25370284156339984, 0.3868418220239923], [0.16847766604134867, 0.7203955467387705, 0.05469766412786939, 0.05642912299201144], [0.15344203035297452, 0.7206021686286465, 0.061996832282802596, 0.0639589686355764], [0.26605990526399764, 0.20397526023732343, 0.2039941847120377, 0.3259706496866412], [0.03538958167472542, 0.04990807435428102, 0.8311303094532857, 0.08357203441770789], [0.009516985740340945, 0.012412135037215418, 0.941019918023778, 0.037050961098665555], [0.19466587319019246, 0.07989021896844249, 0.32602532723190525, 0.3994185805094598], [0.10370941420460737, 0.8155475823676595, 0.034735075996564745, 0.046007927331168416], [0.12086923329165941, 0.800421112692623, 0.0362907570840579, 0.042418896831659725], [0.2884120854920198, 0.1405499088459755, 0.1643269757962714, 0.4067110297657333], [0.0928887080291831, 0.0832681984901801, 0.7082490550931592, 0.11559403828747761], [0.6723747498121283, 0.08415028013153816, 0.10474077064848542, 0.1387341993078481], [0.667639623033392, 0.08099142581891867, 0.11785107280403655, 0.1335178782436528], [0.6739535481692478, 0.09263608810801002, 0.08304923957610913, 0.1503611240466331], [0.7019493861413172, 0.10270936326954722, 0.08254154401751519, 0.11279970647162042], [0.7207730352733753, 0.08743355328710392, 0.07597036479923122, 0.11582304654028948], [0.7279082644436263, 0.10162782074430299, 0.077931807598603, 0.09253210711346767], [0.2221830950617865, 0.10997811785714341, 0.2328445630499674, 0.43499422393110265], [0.00814542123607265, 0.012037789144389, 0.9415650261813232, 0.03825176333821518], [0.2515924722653848, 0.150218883154801, 0.1702314120498783, 0.4279572324299359], [0.04855298358952465, 0.05009356252557295, 0.8213117305406312, 0.08004172324427118], [0.10317357820681612, 0.8113637716883383, 0.04039956331593301, 0.04506308668891259], [0.12173523823904425, 0.806161934469918, 0.03830403718517889, 0.03379879000585877]], "ideal": "C", "sampled": "C", "correct": true}}
{"type": "result", "data": {"idx": 6, "options": ["the size of landed estates", "the number of estates owned by an individual", "the monetary value of goods", "the amount of gold held"], "probs": [[0.12469198553507337, 0.0744611546322748, 0.6741866468709053, 0.1266602128617465], [0.26516445283185175, 0.20015356537991905, 0.27361373867575217, 0.26106824301247705], [0.06173796821782985, 0.9215321346806159, 0.009468605542499285, 0.007261291459054934], [0.04441731133644571, 0.9497078038167144, 0.004330208708496498, 0.0015446760383433695], [0.21828567979537114, 0.1987485289374921, 0.2892125546643008, 0.29375323650283597], [0.14779127582207321, 0.1284076672512159, 0.6031728757622836, 0.12062818106442727], [0.1154746527712905, 0.0806177681419767, 0.6750815308884761, 0.12882604809825668], [0.21241127492995124, 0.26024504330036635, 0.29036508689755397, 0.23697859477212846], [0.07306898473021675, 0.9041853655663539, 0.010045402803934756, 0.012700246799494634], [0.04847921121260481, 0.9437938454670596, 0.005612446999150911, 0.0021144962211846418], [0.2414214877973856, 0.2032962140762006, 0.32490435798909983, 0.230377940037314], [0.15550074095587169, 0.1269193151981818, 0.6055734202075418, 0.11200652353840468], [0.5894123246150981, 0.1335846752019462, 0.11075502133051848, 0.16624797875243724], [0.642832050301404, 0.13474458655477062, 0.08976909651110569, 0.13265426653271972], [0.5999992444511332, 0.1042658306236173, 0.11274549279914246, 0.18298943202610704], [0.6899533198874179, 0.10580713021075121, 0.07049067380037256, 0.13374887600145835], [0.6794885295026227, 0.11807766379609601, 0.07275286207733903, 0.1296809445239422], [0.6180736329820535, 0.12955426975453357, 0.10090856102726241, 0.1514635361361505], [0.18480798324870754, 0.17912147670502154, 0.34531211335019074, 0.29075842659608014], [0.11040619677388636, 0.09743829743008246, 0.676447505611728, 0.11570800008430326], [0.1706829914076415, 0.13715174384081516, 0.43592192419217124, 0.2562433404593721], [0.08792860780682063, 0.07290013731213704, 0.7363675243419365, 0.10280373043910583], [0.13585604877740626, 0.7230308135959644, 0.07987232594740734, 0.06124081157922191], [0.12168183493802873, 0.7338215899357675, 0.08234139000691248, 0.0621551850192913]], "ideal": "C", "sampled": "C", "correct": true}}
{"type": "result", "data": {"idx": 7, "options": ["De las Casas was exaggerating to support the start of African slavery.", "Columbus was biased in favor of himself in his writings.", "Columbus's men were nicer to the natives than were later expeditions.", "De las Casas wanted the Spanish to leave the Americas."], "probs": [[0.18107398122338675, 0.21167445496103066, 0.3437323025081389, 0.2635192612074437], [0.2105597045640282, 0.22411844954280655, 0.31128044985756476, 0.2540413959356005], [0.17865768073202742, 0.2366546988250589, 0.3287099301486323, 0.2559776901942814], [0.19880417588730634, 0.24355091553498523, 0.31779207355515826, 0.23985283492255016], [0.20651454039109715, 0.18223385782556098, 0.31995186683244564, 0.2912997348508962], [0.19156919355035376, 0.177156357237591, 0.36938234931875563, 0.2618920997932996], [0.19130790231698983, 0.1883231699278382, 0.3746759891135334, 0.2456929385416386], [0.2026819614754912, 0.19338089563218744, 0.33952934502965326, 0.2644077977626681], [0.186841401243024, 0.18976773602506855, 0.33843154216051646, 0.28495932047139094], [0.19377165406964098, 0.18488267888735696, 0.33490978185060327, 0.28643588509239876], [0.2188775026913901, 0.1731309391942063, 0.3087516632739406, 0.299239894740463], [0.20930723843865637, 0.16816975174652685, 0.3451840579164551, 0.2773389517983617], [0.1655598357649064, 0.19659190489210157, 0.35614593221503715, 0.28170232702795484], [0.18051914599939303, 0.20453872969878664, 0.34808775260413094, 0.2668543715976894], [0.16716830679843514, 0.1779420700184691, 0.3325791706196557, 0.32231045246344003], [0.17508998250566435, 0.17508516943067096, 0.337616736592614, 0.3122081113710507], [0.1938219277015796, 0.17646860110391588, 0.32470766674334195, 0.30500180435116253], [0.190477379711775, 0.17615603696235937, 0.324115499409607, 0.30925108381625865], [0.16902000214019017, 0.1612664807058978, 0.363577644895246, 0.30613587215866594], [0.15410933585902747, 0.1517095186428793, 0.40619550967008766, 0.2879856357280056], [0.183969272950467, 0.15982448753788878, 0.33323847746783586, 0.32296776194380833], [0.17207829139662711, 0.1518460019720938, 0.36441113455194546, 0.3116645719793336], [0.1778937306508408, 0.18641422964875734, 0.3377059152042807, 0.2979861243961211], [0.173210536617915, 0.1786895447400201, 0.3392419021756528, 0.3088580163664121]], "ideal": "B", "sampled": "C", "correct": false}}
{"type": "result", "data": {"idx": 8, "options": ["the spread of revolutionary ideas among the British working class in the eighteenth century", "the rise of the Luddite movement in Britain in the eighteenth century", "the replacing of traditional laborers by machines in the industrialization of Britain in the eighteenth century", "an increase in the use of child labor in eighteenth-century Britain"], "probs": [[0.32767729483200775, 0.3126257815960744, 0.22522213045987738, 0.1344747930120405], [0.3659779618023044, 0.40820275516592097, 0.10323525656516383, 0.12258402636661082], [0.30576114230202883, 0.39254378043110705, 0.19436424347442946, 0.10733083369243467], [0.35091620837364035, 0.47956482878581685, 0.0887310062615659, 0.08078795647897691], [0.36773190139044354, 0.13957410009492685, 0.2864287281920637, 0.2062652702225659], [0.37731092602248467, 0.15007903946807677, 0.3177694332614251, 0.15484060114801348], [0.49094678429661515, 0.18059780240034512, 0.1983739047559581, 0.13008150844708166], [0.6316109299028118, 0.16999086735932842, 0.08157174288410815, 0.11682645975375162], [0.472635546012544, 0.3351068346564566, 0.10063358690476266, 0.09162403232623673], [0.5705015957268453, 0.31998263117542003, 0.05390422137042105, 0.05561155162731359], [0.5774234102518547, 0.12884167365621016, 0.13088343061066424, 0.16285148538127087], [0.5969823598264712, 0.13530138133603345, 0.1606927960950376, 0.10702346264245775], [0.652774139241918, 0.13898363149901685, 0.10168983723106739, 0.10655239192799781], [0.7427250714500903, 0.12706895123988415, 0.05551568024975837, 0.07469029696026724], [0.6291138294785248, 0.18595958551545563, 0.08382592782188407, 0.10110065708413545], [0.7070760752562272, 0.17327307227485556, 0.05285147224155348, 0.06679938012736383], [0.7457958224241655, 0.11438023106706378, 0.06122530175106756, 0.07859864465770316], [0.7498032580120763, 0.11145604735190182, 0.06450845180261176, 0.0742322427334102], [0.21537362885188155, 0.18711524642279442, 0.3496257260203697, 0.24788539860495437], [0.22434819745330536, 0.21406609774770916, 0.3999988913135577, 0.16158681338542774], [0.22739584268125146, 0.336030647245599, 0.24207883662897267, 0.19449467334417683], [0.2291721322656619, 0.3386515181516168, 0.30362872191101054, 0.12854762757171073], [0.2240050086749973, 0.580941842864284, 0.11264343306837847, 0.08240971529234029], [0.23059897066290838, 0.536085986852876, 0.15362124603500155, 0.07969379634921402]], "ideal": "C", "sampled": "C", "correct": true}}
{"type": "result", "data": {"idx": 9, "options": ["Pride in the mastery of the military arts", "Chivalry", "Civic pride", "Patronage of the arts"], "probs": [[0.043730723762384974, 0.08697742060682714, 0.787587381625219, 0.08170447390556891], [0.04021665273726214, 0.06735714968258924, 0.8207310666486467, 0.07169513083150192], [0.021348916112689357, 0.9513532210097956, 0.024195988113947017, 0.0031018746635680427], [0.0504816348497356, 0.6753890350157076, 0.25640558573037703, 0.01772374430417975], [0.09109710476860709, 0.8508630593917205, 0.033518547490680214, 0.024521288248992183], [0.11251299333593887, 0.6576413062520117, 0.19443862572838488, 0.03540707458366452], [0.05150827964783765, 0.08762409988429755, 0.7690379957035718, 0.09182962466429302], [0.05921116299145222, 0.070321186730501, 0.7801789204169406, 0.09028872976110616], [0.13743047414835868, 0.625597417292024, 0.11756340413110025, 0.11940870432851705], [0.13612213222356392, 0.33168117953197923, 0.4534149894627885, 0.07878169868166832], [0.16713582600232862, 0.6507582906265342, 0.08537394870611931, 0.09673193456501782], [0.1399116471204058, 0.41769403346876904, 0.36866467953993876, 0.07372963977088641], [0.7455781030882581, 0.09629578771559959, 0.08768209030209531, 0.07044401879404702], [0.172260721032325, 0.07409843994937843, 0.6922189773133071, 0.06142186160498951], [0.7110652989134435, 0.10086009644005682, 0.09624660042108742, 0.09182800412541228], [0.3352614417767862, 0.10225931037519448, 0.4803204047271197, 0.08215884302089968], [0.43109497031358446, 0.45888488870523586, 0.06928982042913805, 0.04073032045204164], [0.42752619777207335, 0.4550857756747119, 0.07089596108949593, 0.0464920653637188], [0.7800711755507026, 0.09613043505595578, 0.055640789995537974, 0.06815759929780359], [0.08572134193696089, 0.06272269107162304, 0.8135161116204973, 0.03803985527091873], [0.7526739042664998, 0.10028969979017961, 0.0571477286459202, 0.08988866719740032], [0.4455174538458721, 0.12372778447022392, 0.34164759767846825, 0.08910716390543572], [0.5203728403926328, 0.38669813638868084, 0.051528208990476554, 0.04140081412820987], [0.5090438552384852, 0.37827782550955286, 0.05985756017146695, 0.05282075898049501]], "ideal": "C", "sampled": "D", "correct": false}}
{"type": "result", "data": {"idx": 10, "options": ["Utopian socialism", "Social conservatism", "Romanticism", "Social Darwinism"], "probs": [[0.19076269294611256, 0.19377792792236392, 0.23011571970916211, 0.3853436593223614], [0.05613101917578464, 0.08167821563640337, 0.7995726852602569, 0.06261807982755507], [0.19498357465379032, 0.16420257334561092, 0.1803393539656567, 0.46047449793494205], [0.06413728093664144, 0.08365937446203747, 0.7574159019042994, 0.09478744259702168], [0.1796295304499601, 0.6993585667948251, 0.07487904857365671, 0.04613285408155809], [0.13943210771964176, 0.7775867640740114, 0.05375332014307621, 0.0292278079632706], [0.17301759838739192, 0.27648853016911334, 0.22217076021428042, 0.32832311112921425], [0.08718085547948852, 0.13294683791699238, 0.7075965018636644, 0.07227580463985465], [0.1349647979292849, 0.1459395630791745, 0.24061367630381317, 0.4784819625877274], [0.021221989882228193, 0.04635597045827507, 0.8747379827820729, 0.05768405677742377], [0.099742232721416, 0.848160675334895, 0.03726978934000293, 0.01482730250368603], [0.0628432243098367, 0.909008480011641, 0.0197734976783324, 0.00837479790018985], [0.13328901527781126, 0.20644829598008746, 0.2163593120519217, 0.4439033765901796], [0.05329060862278976, 0.09065795690972867, 0.7832124782662886, 0.07283895610119294], [0.09070110048122952, 0.1319771030699339, 0.3020985879796402, 0.47522320836919635], [0.016022845623594243, 0.03904375689700943, 0.9027209011986872, 0.04221249618070907], [0.07232479234344989, 0.8673100149216258, 0.043184866629213586, 0.017180326005710626], [0.0647464505190355, 0.87980311056014, 0.03746976539880283, 0.017980673422021552], [0.8073010203239359, 0.11273654213205507, 0.03717574366031633, 0.04278669378369265], [0.8354626955408551, 0.10458342062815819, 0.029041189913834673, 0.030912693817152014], [0.8050319581606316, 0.10896039048595543, 0.043340817250972226, 0.04266683400244081], [0.855161439516058, 0.08737109714542884, 0.025826232841978027, 0.03164123039653504], [0.8409647532672213, 0.09004594585991846, 0.03261122925129523, 0.03637807152156499], [0.850019219619042, 0.0815860110498814, 0.02863801653634485, 0.03975675269473173]], "ideal": "D", "sampled": "D", "correct": true}}
{"type": "result", "data": {"idx": 11, "options": ["Establish control of European states by democracy in the tradition of the Enlightenment.", "Suppress all voices in government other than his own and control all aspects of his citizens' lives.", "Suppress all nationalist revolutions across the continent.", "Suppress all speech but that of monarchs and the churches that they approve of."], "probs": [[0.08308626710537698, 0.39632317419857266, 0.33909386393017144, 0.18149669466587895], [0.09978587029090269, 0.5741166814061089, 0.23939450019555467, 0.0867029480074337], [0.07347569066477506, 0.3849350522867066, 0.4295387245628803, 0.11205053238563806], [0.060189743261611174, 0.26972079575777846, 0.5365434348405435, 0.13354602604006688], [0.06009636788313157, 0.7206171267090283, 0.17391200685842134, 0.04537449844941875], [0.06059242400471966, 0.7380225501527997, 0.1282841192524966, 0.073100906489984], [0.21650539536067062, 0.13131918719175434, 0.374154515577421, 0.27802090177015404], [0.3263788964889407, 0.15416293533823247, 0.3474668121348117, 0.17199135593801518], [0.38606049927549346, 0.41091468395145436, 0.10072120133353586, 0.1023036153395163], [0.32457488971227705, 0.4299376536156718, 0.19081754835722659, 0.05466990821482456], [0.37134273943467117, 0.41419385519420215, 0.09389824929955772, 0.12056515597156896], [0.3448764226748904, 0.4713261320141531, 0.1309057080613405, 0.05289173714961598], [0.07628200031913936, 0.07278956309448441, 0.6591383666823663, 0.19179006980401], [0.06719758761434845, 0.05570791248169244, 0.5805954682601328, 0.2964990315438264], [0.3377025651543626, 0.42685079452341834, 0.11312859517811961, 0.12231804504409939], [0.33702543843703076, 0.41288837690334423, 0.19506561790947388, 0.05502056665015116], [0.24520896555422117, 0.4236221344615249, 0.1214026743156704, 0.20976622556858354], [0.26292498428027106, 0.454230372512159, 0.23569871655923225, 0.047145926548337706], [0.22349383775825832, 0.1334461112801319, 0.5116644438835589, 0.1313956069780509], [0.2939791722894655, 0.13044996752701002, 0.24759319791095893, 0.32797766217256547], [0.43981814083394, 0.42621686855041035, 0.06436645504438533, 0.06959853547126435], [0.44416687549928013, 0.43722722581465606, 0.07251285123864153, 0.04609304734742228], [0.41062851512413157, 0.1970072031716034, 0.1272262594803226, 0.26513802212394244], [0.42858102168377366, 0.2599228159783116, 0.24042767047708277, 0.0710684917608319]], "ideal": "C", "sampled": "D", "correct": false}}
{"type": "result", "data": {"idx": 12, "options": ["the International Workingman's Association", "Pierre-Joseph Proudhon", "the Congress of Vienna", "the Paris Commune"], "probs": [[0.2991534515790025, 0.16782357047047206, 0.2519713677507701, 0.2810516100997553], [0.30111721603716096, 0.1611789041772075, 0.2919180138403026, 0.24578586584532894], [0.2988781421743415, 0.24015905676344682, 0.19301905311260786, 0.26794374784960384], [0.25452938294056804, 0.1862192573030449, 0.2752700108719272, 0.2839813487844599], [0.3032331168348348, 0.2513878643261338, 0.16490477321883057, 0.28047424552020084], [0.2558641097310009, 0.1842966648111722, 0.21550424073710345, 0.3443349846207235], [0.2603692489712118, 0.2644855458616638, 0.22275618380334192, 0.2523890212637825], [0.2688865821621099, 0.23361150820371945, 0.2526502759591579, 0.24485163357501272], [0.26479837690325597, 0.23368735957323178, 0.2527258135531813, 0.24878844987033097], [0.2618639986889759, 0.2171018654754657, 0.2788145458772751, 0.2422195898582833], [0.28539483032031715, 0.22576698177733792, 0.2329798742737788, 0.25585831352856614], [0.285009852396497, 0.22903192257318802, 0.20533134080884977, 0.2806268841214652], [0.2641727367401109, 0.308841978114387, 0.17878949906810615, 0.24819578597739594], [0.23198732385718576, 0.22838438704733477, 0.2508844993625856, 0.2887437896328939], [0.2896416018453397, 0.16503044208860138, 0.2896977494232225, 0.25563020654283636], [0.27536260258297424, 0.15937068581862912, 0.3024872749000116, 0.26277943659838504], [0.23254496896377688, 0.17829146286365233, 0.276206595104429, 0.31295697296814173], [0.27114418550319325, 0.2247906509530858, 0.20154497325707119, 0.3025201901866497], [0.28373343615872737, 0.3422400100008132, 0.14954978602003244, 0.22447676772042696], [0.24632805194454008, 0.27053950443570246, 0.18597538108644013, 0.2971570624333173], [0.3014121443152658, 0.16645640629225586, 0.2702369174161599, 0.26189453187631845], [0.30135557950569386, 0.15881804103508998, 0.23844272606499925, 0.3013836532942169], [0.2517839744966962, 0.2120199266466053, 0.2722960791403772, 0.26390001961632126], [0.290729245790697, 0.2688884952726741, 0.18775602613729148, 0.2526262326993374]], "ideal": "C", "sampled": "A", "correct": false}}
{"type": "result", "data": {"idx": 13, "options": ["Laissez-faire capitalism", "Mercantilism", "Industrialization", "Bullionism"], "probs": [[0.23647820514213497, 0.28080953420019333, 0.40226300364866063, 0.08044925690901109], [0.35347203996843113, 0.3268932845962958, 0.13627279412603185, 0.18336188120924118], [0.23371575248029725, 0.6156586270389027, 0.088703295087066, 0.06192232529373405], [0.17574520915412992, 0.7170152858850489, 0.05194662220554887, 0.05529288265527227], [0.30241930481747537, 0.19223949311241362, 0.22125846145324646, 0.28408274051686455], [0.15740673242425413, 0.13892856238883236, 0.5669193267255346, 0.13674537836137887], [0.18481811879217186, 0.2336258589987779, 0.5103103517975712, 0.07124567031147895], [0.3036996469149225, 0.3495391360997173, 0.13476146957065316, 0.21199974731470705], [0.2580564829355646, 0.5999134577239866, 0.09200755942412524, 0.05002249981632352], [0.22986726854335313, 0.6547204195941769, 0.055454098502179916, 0.05995821326029003], [0.2624827027058379, 0.21091078219688836, 0.224511995889147, 0.30209451910812674], [0.21179091612678436, 0.1869138302181931, 0.4414440923272584, 0.15985116122776413], [0.5970934210744473, 0.21290212011896786, 0.11045316189773507, 0.07955129680884979], [0.692669788407694, 0.17514945032322932, 0.05686033977494811, 0.07532042139412862], [0.6363705944648995, 0.18811781562385937, 0.10069078130988605, 0.07482080850135508], [0.6945126885852932, 0.16241805896828806, 0.0588210790415329, 0.08424817330488582], [0.6610736895516582, 0.1452387432999118, 0.09231295504476093, 0.10137461200366903], [0.7132211444633976, 0.1361402479776034, 0.0706226629275691, 0.08001594453142988], [0.1896151424812134, 0.307763273867538, 0.2591701111061965, 0.24345147244505216], [0.10213634507014147, 0.16840446479994056, 0.6257250531450006, 0.10373413688491738], [0.21484106456811966, 0.3486885078098101, 0.21483054434847462, 0.22163988317359562], [0.17357003169797552, 0.30460890216735004, 0.42293490694898245, 0.09888615908569198], [0.1810071603033108, 0.5751569699037825, 0.14543668517779434, 0.09839918451511229], [0.1832413510553481, 0.6101949764908486, 0.12398155685033195, 0.08258211550347123]], "ideal": "B", "sampled": "C", "correct": false}}
{"type": "result", "data": {"idx": 14, "options": ["provoking fear to drive their readers to action", "attacking the extreme communists who threatened to sink the entire movement", "demonstrating the understanding of the others in point of fact", "explaining the reasons for debunking opponents of communism"], "probs": [[0.34264537688643554, 0.27532428500283257, 0.2014550119436988, 0.1805753260670331], [0.2682774920749981, 0.22947206749004084, 0.3445236035162857, 0.15772683681867533], [0.2729992229516612, 0.1935899526642395, 0.3398068198250648, 0.19360400445903453], [0.24706172940644616, 0.14525464175679106, 0.38271343704211197, 0.2249701916946508], [0.18245370145683779, 0.40478416404169965, 0.31040258831271506, 0.1023595460887475], [0.24752805386905014, 0.38337622926644604, 0.21174455545976603, 0.1573511613047378], [0.3661595339134675, 0.29885068978138474, 0.18703758993420602, 0.14795218627094173], [0.2610385197449511, 0.24522522820241419, 0.36246515396979223, 0.13127109798284248], [0.3099020236479072, 0.179369200487725, 0.3197839665221885, 0.1909448092421793], [0.35340886430835383, 0.1473380116874468, 0.30710031429440293, 0.19215280960979644], [0.2523458841411428, 0.4225944483767799, 0.22622797875314715, 0.09883168862893013], [0.33740424891500304, 0.41989618996696426, 0.1260905667044511, 0.11660899431358157], [0.18422555921619657, 0.3388408422131252, 0.3442235886706405, 0.13271000980003772], [0.1730868615607129, 0.2723149277797739, 0.4088297066032436, 0.14576850395626956], [0.22326604860374155, 0.25698612669437976, 0.3458465841571301, 0.17390124044474856], [0.2619264384555191, 0.224049505210622, 0.3311556826028521, 0.18286837363100675], [0.12866239344280597, 0.5856933636801863, 0.21888297957141087, 0.06676126320559687], [0.1674776461747581, 0.5665585187047958, 0.1927886682262204, 0.07317516679422577], [0.3141212211849271, 0.26042318729572767, 0.28605249947507433, 0.13940309194427092], [0.42291757460179696, 0.2773664593419228, 0.14167526362909724, 0.15804070232718298], [0.3649676631035718, 0.23199919662542173, 0.25087510789284395, 0.15215803227816255], [0.4846039576697965, 0.22537253269929222, 0.12254237031822518, 0.1674811392126861], [0.34065488992666726, 0.14884295011590468, 0.31022036997018587, 0.20028178988724218], [0.40892080077792076, 0.1552266650525474, 0.2599699237678244, 0.1758826103017074]], "ideal": "D", "sampled": "D", "correct": true}}
{"type": "result", "data": {"idx": 15, "options": ["the role of women in army regiments", "the running of a school for domestic servants", "the running of a school for girls", "the role of a woman in running her own domestic household"], "probs": [[0.02080039885432512, 0.012229930722141758, 0.09619014798810066, 0.8707795223354324], [0.0011617062170720665, 0.013825488381168838, 0.9846412152250305, 0.0003715900767286623], [0.004382742860599267, 0.01051498535273977, 0.8353589441697569, 0.1497433275169041], [0.0008034682875884943, 0.008052581616593491, 0.9909340914403206, 0.00020985855549734593], [0.005892205242086706, 0.9909388555426044, 0.002920106149573005, 0.00024883296573583905], [0.008267611119262386, 0.9860531513701978, 0.005222002417815089, 0.0004572349927247342], [0.02112345291654901, 0.014749535921166887, 0.17144671735438188, 0.7926802937079022], [0.0008679224756723118, 0.008974323406639048, 0.9899183906023011, 0.00023936341538746374], [0.02418586622076621, 0.011608020489409565, 0.027841113345142214, 0.936364999844682], [0.007352490374525663, 0.0226479263706961, 0.9630914239824513, 0.006908159172326932], [0.0026915753579520763, 0.9964091895992326, 0.000808538121914347, 9.069682090091407e-05], [0.0032706544020440274, 0.9959830311317056, 0.000659489244343414, 8.682512190689924e-05], [0.0007244684995075319, 0.008826760610257566, 0.9890073577134995, 0.001441413076735485], [0.0007213592916125159, 0.0066343403671758165, 0.9924892603807062, 0.0001550398605054849], [0.00233413634365908, 0.9946097989960377, 0.001372570091192223, 0.0016834944691109296], [0.01871106297407896, 0.180318125100573, 0.7956913464794888, 0.005279465345859272], [0.0027975592874931537, 0.9959597892193763, 0.0011310327932826168, 0.00011161859984785098], [0.003072364587665008, 0.995938706691676, 0.0009015999776994007, 8.73286429596439e-05], [0.9823149743591612, 0.01690441049265717, 0.0003537626579740855, 0.0004268523902076259], [0.9853369224858062, 0.014057820987122925, 0.0002919236789273624, 0.00031333274814347576], [0.9825026856465531, 0.016907410468105743, 0.00026502244515516404, 0.00032488134018606216], [0.9873850229677442, 0.010467954788381771, 0.0005907618836984447, 0.0015562602601755825], [0.984554813819229, 0.014952230995136468, 0.0002271821109405401, 0.0002657729746939193], [0.9901478963061764, 0.008702690663866532, 0.000394659305227157, 0.0007547536247299189]], "ideal": "D", "sampled": "D", "correct": true}}
