{"type": "result", "data": {"idx": 0, "options": ["a currency.", "a well-connected transportation infrastructure.", "government activity.", "a banking service."], "probs": [[0.6282295034810718, 0.14239111647367458, 0.06029252007218665, 0.16908685987306696], [0.672427711298771, 0.14542837385336985, 0.05968498043236458, 0.12245893431549457], [0.6174026727058989, 0.1443804800366026, 0.06406894325569333, 0.17414790390180518], [0.5931860582985587, 0.15966350733890755, 0.09240791601479159, 0.15474251824774213], [0.6258030486538825, 0.17378413545998464, 0.06294188600937517, 0.1374709297767577], [0.5979175299739071, 0.17953493386790692, 0.07602156358100678, 0.14652597247717922], [0.2873630120039745, 0.5285442825392227, 0.06615766580798506, 0.11793503954881772], [0.31530629645692443, 0.5198530399323291, 0.06406110333573649, 0.10077956017500996], [0.27492878657598135, 0.1747703008110484, 0.364265869946587, 0.18603504256638326], [0.3738173563540663, 0.24903380502998437, 0.16079241327880134, 0.21635642523714796], [0.34211381325363166, 0.27923609487817375, 0.23150446898436958, 0.147145622783825], [0.3904077315897804, 0.33394687125940575, 0.1050843129618449, 0.17056108408896892], [0.2978486893981088, 0.4685910622957287, 0.08143185563655111, 0.15212839256961128], [0.2949813393947943, 0.47138877123019257, 0.09428818803941635, 0.13934170123559678], [0.21699739470386414, 0.15631002884926062, 0.45232330790064385, 0.17436926844623138], [0.35252164214952797, 0.24611632913350096, 0.17727766136791298, 0.2240843672490581], [0.26259859611154407, 0.25059028710630155, 0.31187774798499834, 0.1749333686971561], [0.35292954301075063, 0.32136330963030435, 0.11822662108629699, 0.20748052617264798], [0.43088656017514776, 0.35168292590911643, 0.07970949887865156, 0.13772101493708425], [0.40385869141354785, 0.3620219826336281, 0.09011739491515208, 0.14400193093767194], [0.3800518568977918, 0.1852313754556821, 0.3054083928966348, 0.12930837464989126], [0.5075157095164783, 0.21829102118026497, 0.10151696571001882, 0.17267630349323795], [0.32056157708309674, 0.16120156114882886, 0.34664781964220054, 0.17158904202587386], [0.4631048703989345, 0.19919234363834665, 0.11894439816071956, 0.2187583877019993]], "ideal": "B", "sampled": "A", "correct": false}}
{"type": "result", "data": {"idx": 1, "options": ["zero population growth.", "rapid growth rate.", "homeostatic plateau.", "demographic momentum."], "probs": [[0.8221185680086059, 0.06541701308107348, 0.024443171551716224, 0.08802124725860434], [0.3231592716817211, 0.09704457200425275, 0.5005894079742974, 0.07920674823972872], [0.7547969831419626, 0.10540643352968147, 0.025829864711394784, 0.11396671851696107], [0.6047758920308587, 0.16026578483768997, 0.12481050658146517, 0.11014781644998618], [0.4517292140079017, 0.528145463987253, 0.00982591830088534, 0.010299403603959926], [0.6299622161458546, 0.316780393343822, 0.020893933477500563, 0.03236345693282282], [0.09174896133238084, 0.7216986497704796, 0.06112324886668094, 0.12542913993045857], [0.04968261174420754, 0.4095705922160075, 0.4940631959687794, 0.04668359997100549], [0.09317556420617996, 0.28258587854562556, 0.38625662076125034, 0.2379819363869442], [0.051861749639741495, 0.18972530034448767, 0.6519752338465323, 0.10643771606923849], [0.0065631119396293205, 0.9894041117415339, 0.002779340985254916, 0.001253435233581894], [0.0077827723430481666, 0.987990875944148, 0.002819060341635386, 0.0014072912711684375], [0.28896821638680725, 0.5837647533731405, 0.030458938204314393, 0.09680809193573787], [0.3025911646655086, 0.5228506150853235, 0.11307496942315229, 0.06148325072601555], [0.27675191183791487, 0.11183489362898215, 0.25598750088011246, 0.35542569355299053], [0.08651650567208069, 0.07636196796783172, 0.7359471210705343, 0.10117440518955327], [0.09931347721650526, 0.8579509433198711, 0.01986507366867608, 0.0228705056949476], [0.05032883572171577, 0.9349375248278815, 0.007365311398407091, 0.0073683279519956], [0.9596644005514512, 0.03335743218777495, 0.003515988559808357, 0.0034621786009654534], [0.9356512904802736, 0.048065550016196515, 0.006817211776259959, 0.00946594762726995], [0.964252962359527, 0.02822401228117352, 0.0038199145885589878, 0.0037031106707405476], [0.967672815424508, 0.02538962294810233, 0.0032789241511469993, 0.0036586373762426874], [0.9063793529622348, 0.06265574768911777, 0.012729223039106568, 0.018235676209540804], [0.960711307106222, 0.03137068294538633, 0.0038657458840092185, 0.004052263964382457]], "ideal": "D", "sampled": "D", "correct": true}}
{"type": "result", "data": {"idx": 2, "options": ["push factors.", "pull factors.", "distance decay.", "migration selectivity."], "probs": [[0.1511185984324033, 0.295866414345533, 0.4441663092737968, 0.1088486778482669], [0.16385810075551818, 0.2920863330072141, 0.12562794982130715, 0.4184276163159606], [0.03985264774466257, 0.9358093450011777, 0.01741071550508675, 0.0069272916490729555], [0.04678042740162197, 0.9250216469146739, 0.01980855802509463, 0.008389367558609452], [0.12281956326416822, 0.20568970763219538, 0.41551070278501007, 0.2559800262186263], [0.08201330887570189, 0.12121768633265256, 0.719721023939493, 0.07704798075215256], [0.14905190688448602, 0.26989153427005297, 0.4736959408300671, 0.1073606179153939], [0.1698298194051537, 0.2713643074814285, 0.1113698581800967, 0.4474360148333211], [0.03393954615812732, 0.9464165100253227, 0.014597625680974155, 0.00504631803557584], [0.03708828074464593, 0.9416715676883735, 0.01546113496292885, 0.005779016504051807], [0.15118796671345028, 0.2066488353210022, 0.273768506208446, 0.36839469165710154], [0.07683462133599185, 0.1135648487239489, 0.7290744291882565, 0.0805261006518028], [0.868710472754679, 0.07710445800759011, 0.023515098188768003, 0.030669970948962788], [0.8283943876509268, 0.07826865406897293, 0.02207596187412162, 0.07126099630597868], [0.8585058109648568, 0.08238875365591952, 0.02633269581926876, 0.03277273945995487], [0.8598833182779188, 0.07169635179185109, 0.019908842410439696, 0.04851148741979049], [0.7340549065767449, 0.10910729073892321, 0.03125943173320701, 0.12557837085112483], [0.731700385233991, 0.11046912890395812, 0.03265448396285547, 0.12517600179919544], [0.19718773661072098, 0.1511895209399668, 0.23416623470825756, 0.41745650764105463], [0.14023605746377543, 0.10922339732922798, 0.618798760027463, 0.13174178507953357], [0.23001423252202924, 0.15322207261415394, 0.19368971929328999, 0.42307397547052683], [0.15654104156155282, 0.1257911827643123, 0.5816579720537435, 0.13600980352039135], [0.11809345789862309, 0.8069778569577568, 0.029395631732097163, 0.04553305331152297], [0.14866197600995681, 0.7668145380048241, 0.030677916284553717, 0.05384556960066535]], "ideal": "C", "sampled": "C", "correct": true}}
{"type": "result", "data": {"idx": 3, "options": ["First", "Second", "Third", "Fourth"], "probs": [[0.340466757368768, 0.19401910320907464, 0.24908839911448355, 0.21642574020767377], [0.32931663565421904, 0.19976423379356176, 0.19359324534347355, 0.2773258851087457], [0.32473358024786664, 0.23761008323424074, 0.23758390189441592, 0.2000724345234767], [0.3555210828425607, 0.22250105438391596, 0.1577624827465605, 0.26421537992696287], [0.31213507053114914, 0.21455314753294227, 0.2587734758595139, 0.21453830597639467], [0.29898578371076767, 0.2087477625511122, 0.2557390072051104, 0.23652744643300977], [0.3132928153541084, 0.2328517987876051, 0.28083117068721186, 0.17302421507107466], [0.3149521303614119, 0.23045354735851145, 0.21310127951903077, 0.24149304266104585], [0.3329496035697462, 0.2938661233210828, 0.20835382923853296, 0.16483044377063807], [0.33456865448241535, 0.2688635329463962, 0.19363254595299215, 0.20293526651819632], [0.32858981210031263, 0.23670129907589596, 0.2258336144832315, 0.20887527424055993], [0.3064294113444414, 0.2139399615619229, 0.28786623046103016, 0.1917643965326055], [0.3356396605579141, 0.17145900682074375, 0.3104103849578985, 0.18249094756344364], [0.3375250050456807, 0.17242015639577435, 0.2431052588710679, 0.24694957958747699], [0.33799917509749644, 0.25121904165673525, 0.24344893522954153, 0.16733284791622674], [0.35256874032415764, 0.2539815268563335, 0.2105287728914379, 0.18292095982807097], [0.34499782834474124, 0.2227850738359986, 0.2446373737304753, 0.1875797239887848], [0.3306929271669544, 0.21023375030836677, 0.26159964430102495, 0.19747367812365388], [0.28338241152041915, 0.1540930993090987, 0.2878469483587346, 0.27467754071174755], [0.2663275678585148, 0.15176585767437864, 0.2705229601149331, 0.3113836142521734], [0.27921033318842325, 0.2503076530788521, 0.2278856817835028, 0.2425963318492218], [0.29841099965038, 0.2324229021092034, 0.22176267036143626, 0.24740342777898036], [0.28935383060752856, 0.2761308673998642, 0.2020028174616819, 0.23251248443092537], [0.2975189089477567, 0.254503637526811, 0.20131339130772663, 0.24666406211770572]], "ideal": "A", "sampled": "C", "correct": false}}
{"type": "result", "data": {"idx": 4, "options": ["Most women work in agriculture", "The percentage of women economically active in the labor force declined worldwide", "The percentage of women in the total labor force declined", "Women spend more hours per day working than men in all regions except Anglo America and Australia"], "probs": [[0.2934606881604976, 0.2550031168502937, 0.24336586164884383, 0.20817033324036488], [0.3069547803975585, 0.2751845799166326, 0.17495279533761, 0.2429078442481989], [0.2588163459747691, 0.18071946912868822, 0.3172340501686167, 0.24323013462792592], [0.30276333380403403, 0.2048936722999459, 0.2250666253023796, 0.26727636849364045], [0.2975355760801642, 0.17222404685205206, 0.2506367079188595, 0.27960366904892425], [0.32337211113741327, 0.1992539674177904, 0.2480090745435419, 0.22936484680125444], [0.3352360924883878, 0.14421130084808792, 0.3006184876033147, 0.21993411896020953], [0.3666011149308219, 0.14584754623277157, 0.17873373892209346, 0.30881759981431306], [0.36916038940374546, 0.2701167206213474, 0.12962980760276133, 0.23109308227214578], [0.4333473418705932, 0.2670031884788309, 0.15216833707894578, 0.1474811324716301], [0.42282063394759795, 0.16560012347234487, 0.10693933227988593, 0.3046399102001713], [0.4660279015424361, 0.18831520709553098, 0.1943253071612908, 0.15133158410074207], [0.27423081616493017, 0.12557702139483853, 0.3691812565309551, 0.23101090580927616], [0.3380040228028848, 0.1323850303755936, 0.20189888773329676, 0.32771205898822486], [0.3668480353751512, 0.28572631943819404, 0.12485232668061476, 0.22257331840603994], [0.4239697112595086, 0.28688924231576457, 0.1535976769530763, 0.13554336937165054], [0.4188469960007689, 0.16662758338480738, 0.11276108865512485, 0.30176433185929885], [0.41087619690589683, 0.18234451656736939, 0.2532105223047998, 0.15356876412193396], [0.29569096587973515, 0.1252212747674369, 0.24909101429528477, 0.32999674495754316], [0.3466019836676408, 0.13364978929910434, 0.24972954388323826, 0.2700186830500166], [0.36834869098097384, 0.2378471706135103, 0.10231898148696479, 0.2914851568185511], [0.4290591371699876, 0.1995553910333958, 0.20592650199528867, 0.16545896970132787], [0.4215468701068189, 0.21533789907719184, 0.10333345675428338, 0.2597817739617059], [0.41547587509768885, 0.1962803154987512, 0.2122741788413443, 0.17596963046221567]], "ideal": "D", "sampled": "B", "correct": false}}
{"type": "result", "data": {"idx": 5, "options": ["safety.", "better climate.", "better schools.", "overcrowding."], "probs": [[0.44368891906871216, 0.1632475180722329, 0.09747481780902015, 0.2955887449500348], [0.47821784014688035, 0.17871889470220562, 0.1135976612454304, 0.22946560380548361], [0.4484558467178792, 0.18121921069199773, 0.09401105598107586, 0.27631388650904726], [0.4851119969266724, 0.19298682529823835, 0.10995842187621054, 0.21194275579887872], [0.5073203557368512, 0.24727418078857424, 0.06450376803163849, 0.1809016953429361], [0.49698232452645774, 0.2460488468060836, 0.06832474386173956, 0.18864408470571908], [0.423861171194914, 0.21315538661466665, 0.12145262189202656, 0.24153082019839278], [0.44549425104292983, 0.22403108403733946, 0.12966096013498216, 0.20081370468474855], [0.44966587754808784, 0.21577365855036373, 0.11194250814944537, 0.22261795565210304], [0.4582106147671857, 0.21646481550345706, 0.13129360264976792, 0.1940309669795893], [0.4791702174413916, 0.2730460844078628, 0.08727182707127903, 0.1605118709794665], [0.46884583723556683, 0.2589455208080519, 0.08276417727292183, 0.18944446458345943], [0.4405398401217685, 0.24331149637733268, 0.10142811462332882, 0.21472054877756996], [0.45615499527430237, 0.24418294063476287, 0.11534616178094988, 0.18431590220998487], [0.4703700296386115, 0.2120320209672627, 0.11527920627031335, 0.20231874302381242], [0.48336470221426164, 0.2079130138002733, 0.1280904484805257, 0.18063183540493932], [0.47932127827561805, 0.28623688644641615, 0.08594508596313474, 0.14849674921483105], [0.5009477920682383, 0.28545574414318353, 0.06780167920960767, 0.1457947844789706], [0.5737685731602706, 0.18629412906375617, 0.07295261540138206, 0.16698468227459118], [0.574292766373697, 0.17792651023569347, 0.0753379749335837, 0.17244274835702586], [0.5891142662506559, 0.16107286991275546, 0.08621318894397931, 0.16359967479260937], [0.5892526770204846, 0.13780543822782512, 0.06929028343269007, 0.20365160121900022], [0.5859919117691956, 0.17323713061601234, 0.08056119803825842, 0.16020975947653365], [0.5996323495339302, 0.15890490227413645, 0.06420111942548322, 0.17726162866645012]], "ideal": "D", "sampled": "D", "correct": true}}
{"type": "result", "data": {"idx": 6, "options": ["Vietnam", "United Kingdom", "Germany", "Bolivia"], "probs": [[0.4471615385874406, 0.27122323692026373, 0.09520867856352581, 0.18640654582876984], [0.4366581932759913, 0.29088394151180585, 0.08465204020422742, 0.18780582490797537], [0.421878968323066, 0.2854632564817557, 0.10835028537916738, 0.1843074897160109], [0.4084937961399457, 0.31320828896329594, 0.097027981950206, 0.18126993284655238], [0.4208571220321952, 0.2803580399987323, 0.12058106539129013, 0.1782037724777823], [0.40201320641173316, 0.2806565719464417, 0.13893595129447678, 0.17839427024734833], [0.4454793731157407, 0.261890357599825, 0.1126381109386871, 0.17999215824574724], [0.46263445230401756, 0.26775943444490413, 0.08558118298831852, 0.1840249301627598], [0.4793934189839085, 0.2647526542223535, 0.07949327617466288, 0.17636065051907507], [0.4681476687033795, 0.27955103126018466, 0.0879647812752734, 0.1643365186611625], [0.46872297111097827, 0.2798942458412748, 0.07894798641917472, 0.1724347965285722], [0.44778243392405465, 0.2891180751950916, 0.09836787045543122, 0.16473162032542255], [0.4135959096492535, 0.2629029609240224, 0.1281293408819661, 0.195371788444758], [0.42107727492000047, 0.2718733806357102, 0.10814405815497338, 0.19890528618931597], [0.44635829990152776, 0.28819552490504796, 0.08789508174814624, 0.17755109334527802], [0.44403282795949855, 0.29579598369760696, 0.09163361246638708, 0.16853757577650735], [0.4260099263511011, 0.2882578990190399, 0.09961975439103454, 0.18611242013882445], [0.41526972315175215, 0.28991180007437967, 0.11898011447088966, 0.17583836220297852], [0.42169755064655073, 0.2722743708774213, 0.1246566604749379, 0.18137141790109007], [0.40348107219894763, 0.2730143706676692, 0.14163919002843894, 0.1818653670049442], [0.4525780553372083, 0.30623516651378657, 0.06940657623678824, 0.17178020181221687], [0.4688729433750304, 0.28887124555480004, 0.0802167171062756, 0.16203909386389392], [0.4202576044945428, 0.3123130104429053, 0.08947963623438186, 0.17794974872817002], [0.44098174590800354, 0.29838983200853014, 0.09839895451880039, 0.16222946746466596]], "ideal": "D", "sampled": "B", "correct": false}}
{"type": "result", "data": {"idx": 7, "options": ["Chain migration", "Cluster migration", "Circular migration", "International migration"], "probs": [[0.28737960547522073, 0.19446910295042766, 0.3206237101513067, 0.19752758132304488], [0.34595847126362195, 0.20024037359142616, 0.2269014566909863, 0.22689969835396562], [0.349640851427532, 0.3037887260578578, 0.16516782587855164, 0.18140259653605856], [0.3366573678359223, 0.33666785825410517, 0.21737332607390283, 0.10930144773606963], [0.36181615701227754, 0.23362729744877753, 0.14393059478957815, 0.2606259506493668], [0.29815492789781806, 0.23222461100397276, 0.3124948804889393, 0.15712558050926992], [0.25842130374128247, 0.38794920133607264, 0.23530742699019003, 0.11832206783245486], [0.2696274183805105, 0.40476653916040306, 0.216660952670011, 0.10894508968907542], [0.24504548279251842, 0.2820593286506004, 0.3146711179103367, 0.15822407054654447], [0.2666004180671218, 0.31660576236334453, 0.26248665468064725, 0.15430716478888643], [0.257359653685583, 0.3056375086001888, 0.26555079219069955, 0.17145204542352863], [0.25382474818745415, 0.2967687039307628, 0.24222230140595252, 0.20718424637583052], [0.35635759891943525, 0.32958539825980054, 0.1508963979496204, 0.16316060477114383], [0.358918927002146, 0.3319497331954199, 0.21100519123786957, 0.09812614846456444], [0.28971063656129165, 0.19604082111483173, 0.31820722937073287, 0.19604131285314375], [0.3702380899679256, 0.1891077281478523, 0.2544765434237673, 0.1861776383604548], [0.352431311314418, 0.2876554002628233, 0.2240324963092663, 0.13588079201349235], [0.3699993049729248, 0.2927028187574916, 0.1361215101199511, 0.20117636604963243], [0.4205759104579933, 0.23965413508918246, 0.12827697203848026, 0.21149298231434394], [0.3682469536963499, 0.2491861953839679, 0.24918932462791157, 0.1333775261917706], [0.3234585523281888, 0.20885704455671286, 0.2945371567908435, 0.17314724622425479], [0.33891828329817514, 0.20239410387664206, 0.22934441731017297, 0.22934319541500983], [0.3491709530004375, 0.2805815934854306, 0.243779405927122, 0.12646804748700988], [0.39208203550232623, 0.25316283104272264, 0.1313391476738244, 0.22341598568112672]], "ideal": "C", "sampled": "A", "correct": false}}
{"type": "result", "data": {"idx": 8, "options": ["Religious differences", "A national holiday", "An attack by another country", "A charismatic national leader"], "probs": [[0.5865616666707568, 0.17613085708948553, 0.07694884216875347, 0.1603586339710042], [0.527028480643117, 0.17932653271301424, 0.12519342638741393, 0.16845156015645477], [0.7053694075730688, 0.1389031846764124, 0.04236448524197123, 0.11336292240854759], [0.47526503312700363, 0.1804073032617064, 0.17486188074482087, 0.16946578276646906], [0.5868892466584305, 0.2193179277399012, 0.06283841702865325, 0.1309544084730151], [0.5520636603299154, 0.24885243916563476, 0.07589940952195923, 0.12318449088249064], [0.3522527007553766, 0.38089949598678713, 0.09782893371623376, 0.16901886944160247], [0.31849749924045206, 0.3185215795162213, 0.18149777704159073, 0.18148314410173594], [0.3083914953932897, 0.16769146177096705, 0.2721968712622513, 0.2517201714734919], [0.3084400845988096, 0.1785303625504902, 0.27652492704420306, 0.2365046257064971], [0.3373394755381007, 0.23187445555359945, 0.23553693729353736, 0.1952491315147625], [0.41331529921120314, 0.293105276593352, 0.11300853722908916, 0.18057088686635572], [0.4186547978598886, 0.3872096523731808, 0.0603194718735715, 0.1338160777933591], [0.34590252199580734, 0.30055077965380966, 0.18230375102414306, 0.17124294722623995], [0.3790767732021106, 0.16052928326120114, 0.21942259042121307, 0.2409713530154752], [0.383189868387702, 0.17273279047468887, 0.21164654823948087, 0.23243079279812826], [0.39482147124505806, 0.19855100221132543, 0.20808859417213743, 0.19853893227147906], [0.4955732671591758, 0.197139239206247, 0.1006925135956599, 0.20659497993891723], [0.43418873714826056, 0.3656394643105205, 0.06354330987804076, 0.1366284885631782], [0.4842812084348416, 0.2983747698189356, 0.08286083427091707, 0.13448318737530565], [0.4562962760733888, 0.17593444964924487, 0.1652803717639007, 0.2024889024134656], [0.5515051833060884, 0.18474607832017473, 0.09289845408024201, 0.17085028419349477], [0.53027183602323, 0.1543337576582736, 0.14052598386381462, 0.17486842235468178], [0.5880417490032162, 0.153408280897071, 0.08472259720562737, 0.17382737279408547]], "ideal": "A", "sampled": "A", "correct": true}}
{"type": "result", "data": {"idx": 9, "options": ["Mediterranean climate", "Limited forest cover", "Growth of manufacturing", "Access to trade routes"], "probs": [[0.4036845621847014, 0.16828999408648385, 0.14621085545681975, 0.281814588171995], [0.14373769078810636, 0.1350442936142985, 0.6442800259583642, 0.07693798953923088], [0.3487799309390721, 0.14769437247404044, 0.1809546419370429, 0.3225710545498445], [0.16254878126794445, 0.1227104112028208, 0.6330071108087626, 0.08173369662047211], [0.28565521428678103, 0.653861673484183, 0.03306833441928281, 0.027414777709753067], [0.3464584761195313, 0.6176097593736147, 0.022497570873237515, 0.013434193533616409], [0.4491649075146787, 0.16016238868086785, 0.13071939026473609, 0.25995331343971734], [0.16411278506060548, 0.1382102144182956, 0.6098331530440377, 0.08784384737706119], [0.45520698341337107, 0.13456611133412766, 0.1548822498929255, 0.2553446552595758], [0.28738273882751453, 0.1422746713790476, 0.4813157700422799, 0.08902681965115804], [0.40694330199688417, 0.4908618160443613, 0.043568165241955344, 0.05862671661679919], [0.5162462610840365, 0.40204575803597803, 0.04372164995427432, 0.0379863308257112], [0.32398358466937194, 0.1603946262496447, 0.17073622598633817, 0.3448855629946452], [0.1265597277312223, 0.11705944820502935, 0.6842685580323338, 0.07211226593141454], [0.3462195642509609, 0.17684115204173456, 0.17139932256118112, 0.3055399610461234], [0.2174517301485607, 0.1591064775696419, 0.5299158178566542, 0.09352597432514317], [0.4512407200005942, 0.444236578167646, 0.05389403571355093, 0.05062866601820891], [0.40846000943539884, 0.4280615043835616, 0.08429357785455956, 0.07918490822647994], [0.733091115878229, 0.13774873314910507, 0.050675332541166594, 0.07848481833149935], [0.7890331597389794, 0.11191156296967746, 0.04451543009366057, 0.05453984709768266], [0.7381640938006935, 0.13655119522556713, 0.04868912478694139, 0.07659558608679798], [0.8127657528074699, 0.10173090243124203, 0.04175036648242302, 0.04375297817886505], [0.7840319012204807, 0.10284473401172711, 0.051713897038946834, 0.06140946762884536], [0.7190505915090416, 0.11027353337998291, 0.08067783027585589, 0.08999804473511958]], "ideal": "D", "sampled": "D", "correct": true}}
{"type": "result", "data": {"idx": 10, "options": ["high birth rates with high but fluctuating death rates.", "declining birth rates with continuing high death rates.", "low birth rates with continuing high death rates.", "high birth rates with declining death rates."], "probs": [[0.4627990000529842, 0.2516467664752624, 0.09854529419097169, 0.18700893918078174], [0.4883468485012082, 0.2739618440738677, 0.12348514141014033, 0.11420616591478375], [0.4236785534148707, 0.23037934644271876, 0.16082810103518966, 0.18511399900722086], [0.4406044088813171, 0.20492967619071428, 0.23586557184493098, 0.11860034298303766], [0.4931509269750334, 0.26814243594323045, 0.11004719301028071, 0.12865944397145546], [0.49292842283279353, 0.2557520904248322, 0.09860144701510286, 0.15271803962727137], [0.5113461980600628, 0.15842668002332413, 0.09608830081060916, 0.2341388210060039], [0.5017066001390383, 0.16807293890226008, 0.2091661989479707, 0.12105426191073088], [0.4658973494241061, 0.17685819724568597, 0.09175056765059446, 0.2654938855796135], [0.5421301843159959, 0.19332191778250807, 0.10676276176315054, 0.15778513603834549], [0.5892221682210933, 0.16620990132874533, 0.07037786068080581, 0.17419006966935557], [0.5859699379656096, 0.18730269789244353, 0.0831150654571477, 0.1436122985847992], [0.4428115220529728, 0.19652111800442276, 0.15790740830417488, 0.20275995153842954], [0.4312261640594317, 0.20056822893998041, 0.22374600169805386, 0.144459605202534], [0.46254013707110714, 0.24760597374071597, 0.09398036799311978, 0.1958735210950571], [0.5050507557609438, 0.2579761329940014, 0.10102660501364182, 0.135946506131413], [0.5578411816992818, 0.22895687816237653, 0.07433125375958043, 0.13887068627876126], [0.5269658964730628, 0.25286166915519387, 0.09302324454214603, 0.1271491897295973], [0.488409310530459, 0.1912839263486313, 0.13777819274478237, 0.18252857027612732], [0.49111881847238775, 0.1724193841046529, 0.11850129066712783, 0.2179605066558315], [0.5608265315802369, 0.24502502014235622, 0.07472943402482667, 0.11941901415258017], [0.5524381604401477, 0.2376175313062847, 0.0847260908968246, 0.12521821725674298], [0.5544021252972283, 0.21044615379358755, 0.09051219575346822, 0.14463952505571587], [0.5153065668854324, 0.22165052586704337, 0.12433587102110708, 0.13870703612641716]], "ideal": "A", "sampled": "D", "correct": false}}
{"type": "result", "data": {"idx": 11, "options": ["Crude birth rate", "Replacement level", "Mortality rate", "Total fertility rate"], "probs": [[0.09462222702732531, 0.14204572510163138, 0.04198964421749249, 0.7213424035535508], [0.010276634761909797, 0.08472028799895083, 0.8967439982368506, 0.008259078902288757], [0.07344061135511322, 0.08066371082452946, 0.27718231079190764, 0.5687133669284496], [0.0034735540041610936, 0.046481289107988065, 0.9483517272603382, 0.001693429527512636], [0.0016844459051861172, 0.9965127213313116, 0.0015580564665267818, 0.00024477619697540164], [0.0014879364371006192, 0.9974390608207291, 0.0009386042124749475, 0.00013439842969534193], [0.1585431814306536, 0.06306690604601999, 0.03375786107146932, 0.7446320513518571], [0.009453560438491177, 0.03512925760186606, 0.9495000713633303, 0.0059171104963125195], [0.10605442364862348, 0.050888634454754854, 0.04706446010797762, 0.795992481688644], [0.00344291361005496, 0.04065625565603252, 0.9547649803579891, 0.001135850275923499], [0.015089680455024958, 0.9783934960101158, 0.0051345825243974885, 0.001382240910461735], [0.006473658318503416, 0.991295984344536, 0.001599073218328613, 0.0006312840186319603], [0.02848497490818836, 0.2538864820497602, 0.25789617576846285, 0.4597323671735885], [0.0018159135449562047, 0.07782725532099304, 0.9190172892364287, 0.0013395417976220644], [0.015003398753079813, 0.8452002867505349, 0.02717217759709376, 0.11262413679929148], [0.002191809247319217, 0.1661502846859224, 0.8307578905329082, 0.000900015433850155], [0.0018498306903069262, 0.9963054397801431, 0.0016849734538199462, 0.00015975597573007625], [0.0012931361317128447, 0.9977223986642948, 0.000882061784952368, 0.00010240331903999516], [0.9388121629360445, 0.04256265086871491, 0.011456005799995455, 0.007169180295245129], [0.9140878625298046, 0.06622221542232595, 0.009690977956945677, 0.009998943990923796], [0.9309800101550451, 0.053354675863433856, 0.008986650806189236, 0.0066786630753318645], [0.9502198348231289, 0.03627788225248684, 0.006015665432298669, 0.007486617392085578], [0.938335297393248, 0.043891311530908333, 0.010263862344711674, 0.007509528631132005], [0.944931552777979, 0.03664422212314317, 0.010498984292913101, 0.007925240705964669]], "ideal": "B", "sampled": "D", "correct": false}}
{"type": "result", "data": {"idx": 12, "options": ["Islam", "Christianity", "Hinduism", "Buddhism"], "probs": [[0.5977556398316377, 0.29132939792969026, 0.049843920941028685, 0.061071041197643325], [0.613944168223557, 0.2724428752355312, 0.052818413425033316, 0.06079454301587855], [0.5429399296141586, 0.14387594912350604, 0.22991309766699256, 0.08327102349534272], [0.6364562700486385, 0.13552047714786963, 0.06708869537304589, 0.16093455733044595], [0.5170584667219695, 0.13701667808973117, 0.2641072152064752, 0.08181763988182411], [0.6425253676443407, 0.1368117466043392, 0.06071185624686893, 0.15995102940445116], [0.07832505932496209, 0.8161108292174841, 0.05730517858054134, 0.04825893277701246], [0.0828456046670441, 0.8109217760508689, 0.05518889716924334, 0.05104372201284363], [0.050643670592230836, 0.13342718083878322, 0.7213151288095094, 0.0946140196594765], [0.1588267338466743, 0.22051022287457786, 0.1237028055155908, 0.496960237663157], [0.04517047294196584, 0.12867652841323635, 0.7290231286033094, 0.09712986994148835], [0.18324371897468794, 0.22103689279377092, 0.11290222237020886, 0.48281716576133227], [0.11322876978619253, 0.6414833759841092, 0.19262384163336702, 0.05266401249633119], [0.13225731461405593, 0.6716710273866476, 0.0881116975349584, 0.10795996036433801], [0.048210510866307614, 0.21272066851840343, 0.6655512178729134, 0.0735176026423756], [0.16236095211292212, 0.42778099742093223, 0.10649001883671402, 0.3033680315294316], [0.05483079930660334, 0.09474955251146003, 0.6892494378862978, 0.1611702101956388], [0.09928745997346763, 0.14223388153905134, 0.5202737566369643, 0.2382049017505167], [0.11749225765179826, 0.5966840719217209, 0.2336797397543613, 0.05214393057211947], [0.15732072961809762, 0.6320338514989616, 0.08421786434460131, 0.12642755443833945], [0.08327940912665167, 0.2817408165183615, 0.5603218119800187, 0.07465796227496803], [0.24448504859383052, 0.44969421285592087, 0.0831896581924989, 0.22263108025774966], [0.06962675218621456, 0.09225128326208, 0.6710799089711329, 0.1670420554805725], [0.12483170533289369, 0.12880728319229304, 0.5094425943438748, 0.23691841703093838]], "ideal": "A", "sampled": "A", "correct": true}}
{"type": "result", "data": {"idx": 13, "options": ["redline area.", "threshold.", "range.", "hinterland."], "probs": [[0.319761886554059, 0.16851163662082028, 0.17660164130657569, 0.33512483541854504], [0.19540397495485196, 0.1697792064842203, 0.5395846687960265, 0.09523214966490129], [0.29606499711231327, 0.17135606618685145, 0.12151171516625556, 0.4110672214345797], [0.24650596263406735, 0.18901290138420473, 0.4752016698481412, 0.08927946603358669], [0.35225888558294094, 0.5045875831250278, 0.07269659529351512, 0.07045693589851611], [0.35720695311844686, 0.5279170018542849, 0.05923346142610522, 0.055642583501163016], [0.288423201757938, 0.20453282579126583, 0.19517036688848585, 0.3118736054623103], [0.178533235814205, 0.17305148620509653, 0.5586427283132904, 0.08977254956740807], [0.2900121764546869, 0.2992261901313921, 0.16269208246791525, 0.2480695508460057], [0.1822298277233889, 0.21981937689774858, 0.5440841195020457, 0.0538666757768168], [0.2240928139535101, 0.7121397813253815, 0.036582878855088506, 0.02718452576601994], [0.2473666434173521, 0.6829810319935291, 0.04101829337338722, 0.02863403111573152], [0.25447841717802566, 0.19209764323406767, 0.15925828636310493, 0.39416565312480173], [0.21426502825852, 0.19817476858488287, 0.49823903279563, 0.08932117026096711], [0.24521043865674996, 0.17119217937618295, 0.2267987416039846, 0.35679864026308244], [0.12093375486862824, 0.1349180027530503, 0.6852112335189163, 0.05893700875940507], [0.23521221733698616, 0.7021940219036509, 0.03780300471920598, 0.024790755940156985], [0.2611665887261075, 0.6668965468017253, 0.04263529331222702, 0.029301571059940187], [0.8669077804411898, 0.08063746654383043, 0.021367193468151156, 0.031087559446828582], [0.8857488066161077, 0.07158214359782342, 0.01754225541961177, 0.025126794266457107], [0.8564619016490166, 0.08749549285554986, 0.021779813357048605, 0.03426279203838489], [0.8246401627359812, 0.10321811686466571, 0.02911469578646781, 0.043027024512885294], [0.8726578142654112, 0.08117206197307501, 0.018981566191130457, 0.02718855747038327], [0.851519977758607, 0.09260121276807277, 0.022341559341725162, 0.03353725003159509]], "ideal": "D", "sampled": "D", "correct": true}}
{"type": "result", "data": {"idx": 14, "options": ["the central city and its developed areas.", "the central city and its surrounding suburbs.", "the central city and its hinterlands.", "the central city and the adjacent counties."], "probs": [[0.4294939050733319, 0.33978003961905234, 0.0845826285900257, 0.14614342661759], [0.4351850585507881, 0.3134723188611198, 0.11004442310557434, 0.14129819938251773], [0.29432761666215657, 0.22925437984558195, 0.328398883309903, 0.14801912008235843], [0.30960012863163194, 0.1878027254663088, 0.1290774104947747, 0.37351973530728455], [0.25798906720133813, 0.25402383858298894, 0.3582428831289295, 0.1297442109867434], [0.32056209441794076, 0.22733689842334937, 0.11079920827234445, 0.3413017987863654], [0.5276609658667285, 0.23416955766720346, 0.07722373305979013, 0.16094574330627787], [0.5065658499328176, 0.23194215325397372, 0.10454820451032933, 0.1569437922028793], [0.5330239931324564, 0.21204379899006337, 0.08978847078869139, 0.1651437369887888], [0.5129316448652412, 0.2172085195562592, 0.11094339190804171, 0.15891644357045784], [0.5161342620333476, 0.24766334888842642, 0.08831140398096073, 0.14789098499726536], [0.5024556591970285, 0.2606911995849271, 0.08597129710606267, 0.15088184401198168], [0.3409461524318679, 0.23804757422595868, 0.25739594140775235, 0.16361033183442106], [0.35000714656190784, 0.1994506120482312, 0.12678098677321056, 0.3237612545166504], [0.43751854724449246, 0.34076549076164797, 0.08616338284211783, 0.13555257905174173], [0.42727491688777414, 0.32762558292298033, 0.10636938473297101, 0.1387301153562745], [0.35823147907313113, 0.2277292612679811, 0.10757519279966418, 0.30646406675922355], [0.2676235556762617, 0.2594247278054537, 0.33836276848342406, 0.13458894793486048], [0.2594437993596256, 0.3331679825586692, 0.2940294553801483, 0.1133587626015569], [0.3035997702831448, 0.32321214191047576, 0.11346144804026373, 0.2597266396661157], [0.30477812201958127, 0.534937488943396, 0.0795162004261028, 0.08076818851091998], [0.30076581460780655, 0.544652167985901, 0.07487655486070796, 0.07970546244558449], [0.28126174162245804, 0.45657374252307686, 0.10188000965828244, 0.16028450609618264], [0.2502653058427342, 0.4126601311001313, 0.24642088067498236, 0.09065368228215213]], "ideal": "B", "sampled": "B", "correct": true}}
{"type": "result", "data": {"idx": 15, "options": ["Buddhism", "Christianity", "Islam", "Hinduism"], "probs": [[0.4850990248001155, 0.2988691076168929, 0.13683821463465554, 0.079193652848336], [0.47800922651169186, 0.31349184349121817, 0.14579482127223933, 0.06270410862485068], [0.4106492904017902, 0.20329518159766402, 0.30519171864039174, 0.08086380926015405], [0.43877987049855594, 0.22064032151519938, 0.25002989729295555, 0.09054991059328907], [0.4949175764204183, 0.28200165131124805, 0.16578807606597365, 0.05729269610235998], [0.49526883642694325, 0.2692778488509149, 0.15585379765423651, 0.07959951696790532], [0.5573629154968142, 0.20505159442518295, 0.13448052194317972, 0.1031049680348232], [0.5636763404140555, 0.21732363945088218, 0.13389485674070914, 0.08510516329435322], [0.577271725044237, 0.21571935915462517, 0.10350669302461454, 0.10350222267652329], [0.5390051281506164, 0.2429529581451079, 0.1300490867932276, 0.08799282681104813], [0.5622857850398042, 0.23809246893895303, 0.11604250307742511, 0.08357924284381762], [0.5192554073895624, 0.2414828276613692, 0.15837419267462732, 0.080887572174441], [0.37518830780755097, 0.21378400385256605, 0.32599176430385707, 0.08503592393602588], [0.4098962690309966, 0.22993717228791097, 0.2565263413930331, 0.10364021718805938], [0.4641646361944011, 0.3343306505521799, 0.12690365763274203, 0.0746010555206769], [0.4568322964573882, 0.344836150743395, 0.1393343528866663, 0.05899719981255049], [0.4302641322699827, 0.2609736543342669, 0.20970707504717304, 0.09905513824857735], [0.39602926339937167, 0.25972705031770843, 0.27648936779188144, 0.06775431839103849], [0.49345755533156815, 0.29009317097702475, 0.16021169185298093, 0.056237581738426135], [0.48556949598174026, 0.2723837731718481, 0.1652164273122938, 0.07683030343411781], [0.4917060063033433, 0.32247203104740224, 0.10802044557414414, 0.07780151697511026], [0.458614367920698, 0.3103180547954017, 0.15850190889723387, 0.07256566828666643], [0.48121180161991317, 0.24578441152775743, 0.16893193229646516, 0.10407185445586423], [0.44579090999390836, 0.24237843984357993, 0.24238781267383025, 0.06944283738868147]], "ideal": "D", "sampled": "B", "correct": false}}
{"type": "result", "data": {"idx": 16, "options": ["World cities contain the headquarters of many transnational corporations.", "World cities are well connected to secondary-level world cities.", "World cities contain many offices of multinational organizations.", "World cities are found only in the northern and western hemispheres."], "probs": [[0.40824232109640024, 0.17288275318924423, 0.08039415001652589, 0.3384807755978297], [0.339370350188959, 0.1904063281347582, 0.23327567376175315, 0.23694764781452965], [0.4226354391646603, 0.16043684004458408, 0.09284841337503659, 0.32407930731571905], [0.335234408572088, 0.16087624668771958, 0.30053925959054195, 0.20335008504965046], [0.39663731456847334, 0.40926676374654014, 0.050429775554415524, 0.14366614603057096], [0.4100440564354711, 0.44339756494491606, 0.04124129686066252, 0.10531708165895033], [0.3845050959240225, 0.16539573791009063, 0.08316191346977453, 0.3669372525961124], [0.33896009140678435, 0.17315900840097614, 0.27240029786486253, 0.21548060222737697], [0.39854049370821804, 0.16616217414460613, 0.0835459809809364, 0.3517513510662394], [0.3469105453793666, 0.16910727802568715, 0.28318212725775077, 0.2008000492371955], [0.40407545393769545, 0.41047752891769057, 0.052184478641304974, 0.13326253840330898], [0.39571878162644325, 0.43465080691010366, 0.04510025290283969, 0.12453015846061338], [0.4104193356874096, 0.165850114078996, 0.0990265064060045, 0.3247040437275899], [0.33158874014297135, 0.1616347258877838, 0.2926642254795393, 0.21411230838970555], [0.40494182966715464, 0.17693449858736052, 0.08758211292762665, 0.3305415587178582], [0.3267606843198513, 0.17769764626778867, 0.27093366189473056, 0.22460800741762948], [0.39498745839930377, 0.44068028558732464, 0.045725356419995485, 0.1186068994933761], [0.3798330753034931, 0.4441155178468061, 0.04680744599328208, 0.12924396075641878], [0.8260570656009986, 0.08309431264899432, 0.026143146335323202, 0.06470547531468389], [0.8279356226206184, 0.08459247375509271, 0.0246148979982835, 0.0628570055260054], [0.8118180504492958, 0.09253497210073508, 0.03003763021818158, 0.0656093471317876], [0.8372536273019485, 0.08036318566865866, 0.024506220628387306, 0.05787696630100552], [0.8041464359154246, 0.0931018473037237, 0.027950827966657103, 0.07480088871419459], [0.8258650425124578, 0.08178659649547541, 0.024553783601358622, 0.06779457729070806]], "ideal": "D", "sampled": "D", "correct": true}}
