{"type": "result", "data": {"idx": 0, "options": ["temporary dipoles created by the position of electrons around the nuclei in a molecule", "the three-dimensional intermolecular bonding present in all covalent substances", "the uneven electron-to-proton ratio found on individual atoms of a molecule", "the electronegativity differences between the different atoms in a molecule"], "probs": [[0.8076154853945613, 0.09349212411447233, 0.036614636317849655, 0.06227775407311674], [0.6581112643699679, 0.12174356546162705, 0.10578067442043787, 0.11436449564796712], [0.7566802243137759, 0.1008244425326095, 0.06020847231479533, 0.0822868607388193], [0.53212696322019, 0.1133090354416047, 0.25140038300767553, 0.10316361823052979], [0.6446168729934607, 0.1905501548509415, 0.06901711661346978, 0.09581585544212795], [0.6787472048699829, 0.17161998854284355, 0.05485644788275802, 0.09477635860441555], [0.14333546694184482, 0.7055118942118455, 0.07321679119096143, 0.07793584755534828], [0.18508872112138822, 0.5110519451725251, 0.1766383472409286, 0.12722098636515808], [0.06734191675810568, 0.0642750416950312, 0.759058957911067, 0.1093240835357961], [0.09648677130647604, 0.07634409806298123, 0.619658969599093, 0.2075101609314498], [0.15011835320459196, 0.13045220270122218, 0.5492978177310757, 0.17013162626311024], [0.27430752853485213, 0.20386660068182455, 0.14685778714307424, 0.3749680835402491], [0.2010200007712986, 0.6907493501341795, 0.05496011595950322, 0.05327053303501868], [0.18839183026772705, 0.528368282376256, 0.18549207926566996, 0.09774780799034705], [0.21393613778372192, 0.10592432442118135, 0.4822544254237858, 0.1978851122713109], [0.2459182404343997, 0.11617882375480999, 0.3635283057992473, 0.27437462991154304], [0.20406649426862622, 0.38726715980772036, 0.2661906599519492, 0.1424756858717042], [0.2306247519517642, 0.6076024815399005, 0.07145111315319026, 0.09032165325514507], [0.4714472065610197, 0.3847779390543064, 0.061844826660004154, 0.08193002762466974], [0.4255783541612238, 0.4390831572902586, 0.05411082858009877, 0.0812276598684188], [0.4327947529180786, 0.12208906650878798, 0.28835770699744995, 0.15675847347568345], [0.6834418380602774, 0.11511455073142918, 0.06259336508462836, 0.13885024602366514], [0.2899088371221207, 0.10666919895942736, 0.47068144639648385, 0.13274051742196807], [0.6238720919481094, 0.11362069674755346, 0.09719537052739206, 0.16531184067694502]], "ideal": "A", "sampled": "A", "correct": true}}
{"type": "result", "data": {"idx": 1, "options": ["70 pm, 1402 kJ/mol", "86 pm, 898 kJ/mol", "135 pm, 523 kJ/mol", "40 pm, 995 kJ/mol"], "probs": [[0.41569346068416574, 0.30412916060258777, 0.09570170224978396, 0.18447567636346254], [0.4138833232634629, 0.30280547155722665, 0.09380750916302957, 0.18950369591628083], [0.39606423391624324, 0.25175749127623454, 0.14345089448518505, 0.20872738022233714], [0.402519887683073, 0.25988960650780074, 0.11178006397232294, 0.22581044173680326], [0.4035117029740226, 0.23721611497414216, 0.15316256879228568, 0.20610961315954957], [0.41579923958940024, 0.2444387430700319, 0.11367769047250834, 0.22608432676805948], [0.41844021160174205, 0.2921193670391697, 0.0978509827389759, 0.19158943852011234], [0.41459544671031473, 0.29862292175257504, 0.09695183990420113, 0.18982979153290905], [0.38789969100798904, 0.2427462601009711, 0.1617085015357478, 0.20764554725529205], [0.40103216469122666, 0.258929292046809, 0.11854974620906698, 0.2214887969528974], [0.38981324354485014, 0.23643814296430357, 0.15506444535079011, 0.21868416804005616], [0.41594230076050315, 0.23699975696073625, 0.11371694147701172, 0.23334100070174887], [0.40928808155502905, 0.2994438729839385, 0.10677308667704465, 0.18449495868398777], [0.42482666442993827, 0.3157053981615921, 0.08235933131226836, 0.1771086059962013], [0.4132114977215638, 0.3023144624997442, 0.1094944857658809, 0.17497955391281111], [0.4184896758455416, 0.3109969357389529, 0.09050821852487258, 0.18000516979063297], [0.40111408828998124, 0.25101608783524687, 0.13647833871902207, 0.2113914850557498], [0.40837209804188257, 0.2515949569153282, 0.1346725950304215, 0.20536034991236776], [0.40690770134868604, 0.2930866435907257, 0.11658541683304595, 0.18342023812754227], [0.4347849325853568, 0.3035284465423515, 0.0804296776411839, 0.1812569431311078], [0.4109980410521329, 0.2824783195259809, 0.11236556542974992, 0.19415807389213627], [0.4380463985695289, 0.2872791802058816, 0.08625937149998517, 0.18841504962460423], [0.3933137713473184, 0.24231842518884322, 0.1402463188663891, 0.22412148449744926], [0.40247966035991944, 0.2441209594309159, 0.14128986858103, 0.21210951152813468]], "ideal": "A", "sampled": "A", "correct": true}}
{"type": "result", "data": {"idx": 2, "options": ["ionic bonding", "nonpolar covalent bonding", "covalent network bonding", "metallic bonding"], "probs": [[0.29957439599694013, 0.2643881361104466, 0.23332271772308294, 0.20271475006953038], [0.3026619941486844, 0.2843399430330353, 0.2432098609922464, 0.1697882017260339], [0.3084480762173241, 0.29897367951264414, 0.18709458408868954, 0.2054836600813422], [0.27519232852068354, 0.28841830156596093, 0.30226240459824144, 0.13412696521511405], [0.3116550054341332, 0.41288043814105285, 0.12592547755396327, 0.14953907877085063], [0.2693383057244747, 0.39190068253084, 0.20332005314999058, 0.13544095849469473], [0.2974061170172187, 0.513872827352937, 0.07758575901900851, 0.11113529651083573], [0.2909615169604412, 0.5106563199839295, 0.09300003615581982, 0.10538212679980953], [0.2405607449182929, 0.17328436353574042, 0.4425023034142597, 0.1436525880317069], [0.2917732167649611, 0.2457169929325587, 0.27411543094834906, 0.18839435925413114], [0.23244768378794298, 0.1988409459392071, 0.42095047231279387, 0.14776089786005606], [0.2851308328392707, 0.2637237349443721, 0.22557391560167245, 0.22557151651468474], [0.29918284335656953, 0.493271488396353, 0.07683915930363892, 0.13070650884343857], [0.2946819452551948, 0.4564198987152698, 0.13704543222742033, 0.11185272370211506], [0.20406732265200989, 0.1614459329897536, 0.45992637361347466, 0.17456037064476185], [0.29183766677795614, 0.22030997602390498, 0.2382096236439202, 0.24964273345421864], [0.23989050266646406, 0.31782093877758993, 0.31782809133501555, 0.12446046712093045], [0.2847861583666443, 0.40794666685674064, 0.11152945953544005, 0.195737715141175], [0.4028462319103027, 0.3844002341690622, 0.08989002219843421, 0.12286351162220087], [0.3569920573468878, 0.39208882399982264, 0.13133651799655985, 0.11958260055672969], [0.2719014408272449, 0.13888534032887187, 0.441377868073755, 0.14783535067012826], [0.39381451043634286, 0.18603431067786072, 0.14948116840529702, 0.2706700103804994], [0.3220659446086393, 0.1671019171443087, 0.3765681329504365, 0.13426400519661552], [0.389873546021144, 0.21198309097504, 0.15031750946680092, 0.24782585343701505]], "ideal": "C", "sampled": "A", "correct": false}}
{"type": "result", "data": {"idx": 3, "options": ["Ag+(aq) + Br-(aq) \u2192 AgBr(s)", "NH4+(aq) + Ag+(aq) \u2192 Ag(NH4)3+2(aq)", "Br-(aq) + NO3-(aq) \u2192 NO3Br(aq)", "NH4Br(aq) + NO3-(aq) \u2192 NH4NO3(aq) + Br-(aq)"], "probs": [[0.3946420336145881, 0.25087391777331947, 0.11132376228060385, 0.24316028623148858], [0.2864362256473531, 0.2450296991069009, 0.24888738616470038, 0.21964668898104558], [0.35139089819255254, 0.21315144000306077, 0.16599981485137336, 0.2694578468530133], [0.2830793815109269, 0.17996097831176705, 0.3362013051143659, 0.20075833496294018], [0.3134444168823785, 0.42180178031269033, 0.11897861247192469, 0.14577519023300645], [0.320254433113556, 0.4112275685246494, 0.11242680576709661, 0.156091192494698], [0.360263924570533, 0.20211439434993897, 0.13890614028096343, 0.2987155406985646], [0.27744766240183644, 0.16831284258134344, 0.33472352219084894, 0.21951597272597115], [0.3433662303437215, 0.17540047799680278, 0.1781572672821155, 0.30307602427736025], [0.2703663964244605, 0.14029176322768264, 0.3754303101010653, 0.21391153014679154], [0.30096187446698025, 0.4178631914632279, 0.1274475699124122, 0.15372736405737955], [0.3299184364440876, 0.3857367893044191, 0.11582411856101828, 0.16852065559047502], [0.3044160604172513, 0.24463175234732484, 0.16042949257676864, 0.29052269455865526], [0.26486830499314845, 0.18785664066919502, 0.356469026557861, 0.19080602767979551], [0.32203540202735154, 0.2670073210926077, 0.12224331496923624, 0.2887139618108045], [0.24810768291692875, 0.21225322464588833, 0.3339181194281726, 0.2057209729090103], [0.32000997897770167, 0.42396152331137066, 0.107198753250837, 0.1488297443600907], [0.3142569503286765, 0.4163378662797749, 0.11382535607683955, 0.15557982721470898], [0.444648325398803, 0.18830065427327655, 0.1536823361958363, 0.21336868403208414], [0.4279681081944681, 0.19596415464163947, 0.15745614232848865, 0.21861159473540376], [0.510466143125922, 0.19992330072539652, 0.1104057696230343, 0.1792047864256472], [0.4348002075714187, 0.23642742631455305, 0.12654879687951126, 0.20222356913451703], [0.44380233683608, 0.21972319989436662, 0.1332656681434611, 0.2032087950260923], [0.41977339978788714, 0.22825469074350907, 0.14737030862288197, 0.20460160074572178]], "ideal": "A", "sampled": "D", "correct": false}}
{"type": "result", "data": {"idx": 4, "options": ["W", "Sb", "Fe", "An"], "probs": [[0.004183137589774961, 0.992038143030862, 0.002007047782814295, 0.0017716714965487486], [0.016880415480806876, 0.9658218553513546, 0.00992279428921997, 0.007374934778618598], [0.007732235906175465, 0.024964156245567963, 0.9367224702469706, 0.030581137501285896], [0.05638863082721992, 0.06194871221665643, 0.32964086160893996, 0.5520217952471838], [0.013284565678204368, 0.04860021067987571, 0.8887585292955148, 0.049356694246405104], [0.0891102658552545, 0.10584626862495879, 0.12567006058271418, 0.6793734048370725], [0.95490402685171, 0.02428524959057047, 0.006535719196856009, 0.014275004260863425], [0.9149707290694705, 0.043472128592148634, 0.013051355810842095, 0.028505786427538687], [0.9479436391907501, 0.025265441962119706, 0.00859523682964234, 0.01819568191748781], [0.947067937094085, 0.026452991024803394, 0.008859805398822994, 0.017619266382288584], [0.9337382490303046, 0.036208908781101716, 0.009744321795988884, 0.020308520292604822], [0.9587811538716792, 0.023267109692298806, 0.005882295502636198, 0.012069440833385812], [0.005826008641183985, 0.029131307010682974, 0.9349906065262586, 0.030052077721874345], [0.040630963090912, 0.08470226874305449, 0.4168601290057866, 0.4578066390602469], [0.0045894277993404585, 0.9909677659089731, 0.00291713145426356, 0.0015256747374229448], [0.007758765042072421, 0.9848669204744526, 0.004855093562682429, 0.0025192208207925585], [0.0369543162745528, 0.08460432814619923, 0.2335610179558518, 0.6448803375233961], [0.009366781859875654, 0.04006166558582028, 0.9117489259264443, 0.038822626527859734], [0.01021436044026625, 0.0340234482331836, 0.9195504439405705, 0.03621174728597959], [0.11244969311201995, 0.10901274043664644, 0.15132131494612328, 0.6272162514052103], [0.01944145602389866, 0.9664319633179242, 0.008103674608178197, 0.006022905949998901], [0.011972864779147717, 0.981279288105793, 0.003767251404984172, 0.002980595610075102], [0.06451629822608775, 0.05694625877412074, 0.1956504277851344, 0.6828870151146571], [0.009656341619579472, 0.022455021443980382, 0.9399479504114041, 0.027940686425036082]], "ideal": "B", "sampled": "B", "correct": true}}
{"type": "result", "data": {"idx": 5, "options": ["0.33 atm", "0.40 atm", "0.50 atm", "2.0 atm"], "probs": [[0.3719182797322801, 0.28965940205361435, 0.15996728359150753, 0.1784550345225981], [0.42318191947416184, 0.31449017562625725, 0.12706773525191228, 0.13526016954766865], [0.36217476834684537, 0.29560898850557543, 0.1684353301226942, 0.173780912924885], [0.39348872905776816, 0.3211637389165307, 0.1359918991192501, 0.149355632806451], [0.3950548293021969, 0.247230667719973, 0.19557721036606837, 0.16213729251176173], [0.3934465108931979, 0.24622385568278246, 0.18298062952984373, 0.1773490037941759], [0.37356759424195063, 0.27331994739481713, 0.17104124256563832, 0.18207121569759388], [0.3952407299367832, 0.371302222740806, 0.0968620344431997, 0.1365950127792111], [0.39097185104071996, 0.2816164875230652, 0.14840361916737732, 0.1790080421688375], [0.41824027891745025, 0.301255583732997, 0.13368366657350755, 0.14682047067604517], [0.3688017184485008, 0.2381299471338374, 0.23444015134672597, 0.1586281829709358], [0.4059438169482287, 0.23865490014930538, 0.18879331927785797, 0.16660796352460797], [0.32076526640918723, 0.30134324134385887, 0.20074011981685602, 0.1771513723300979], [0.3220958767437796, 0.40717491450001186, 0.13219349590160526, 0.1385357127546033], [0.35184122535757956, 0.3410253968035464, 0.13565314698413322, 0.1714802307547409], [0.33918596826913455, 0.3843561284316929, 0.1436270390438624, 0.1328308641553101], [0.3264226615102502, 0.28807935115794436, 0.210767596938991, 0.17473039029281442], [0.3306415230908473, 0.28282504006664266, 0.22026831414873693, 0.1662651225937731], [0.25634818884628247, 0.39705150723880417, 0.2027974247312788, 0.14380287908363457], [0.23867646568642856, 0.3935233173430822, 0.22075033843545983, 0.14704987843502942], [0.24596473229714777, 0.4184103593996212, 0.19764660314382018, 0.1379783050594109], [0.2430121632431446, 0.4265106041683369, 0.1983494310143002, 0.13212780147421826], [0.2655198117515278, 0.34631598908322986, 0.2167231907196765, 0.1714410083455659], [0.2615036109052403, 0.3630741888379699, 0.21680561028943438, 0.1586165898673554]], "ideal": "C", "sampled": "B", "correct": false}}
{"type": "result", "data": {"idx": 6, "options": ["very soluble", "very electronegative", "isoelectronic with a noble gas", "highly colored"], "probs": [[0.506578486117038, 0.21117415235411305, 0.12032702860794853, 0.16192033282090038], [0.5003386139369351, 0.2185861766119762, 0.0969987213514604, 0.18407648799962825], [0.44625070686646195, 0.1889556944181314, 0.19803194699691282, 0.16676165161849382], [0.5484387710607342, 0.18659990467947632, 0.09237615487914927, 0.17258516928064022], [0.4064470468584498, 0.1616785353010365, 0.22099557187440025, 0.21087884586611347], [0.4346367120308161, 0.16497115789194253, 0.17838461695317748, 0.2220075130240639], [0.5341700354740063, 0.19346462332358946, 0.11197098426869612, 0.16039435683370815], [0.5388470807304498, 0.17494246101205826, 0.08796739446285763, 0.1982430636946343], [0.5700271170046626, 0.20325089280333672, 0.09752275393554852, 0.12919923615645215], [0.6037604617010103, 0.1703029537978829, 0.07797065154231607, 0.14796593285879067], [0.48786028487780303, 0.15351710983295225, 0.1583919352374243, 0.20023066995182046], [0.46903334645607586, 0.1522779270175431, 0.15711655742991706, 0.22157216899646395], [0.5260105728577078, 0.19051119683267922, 0.13509921728213675, 0.14837901292747624], [0.6160364379876396, 0.15821627370236685, 0.07711012202885491, 0.1486371661811386], [0.5543358325403916, 0.2421710192915025, 0.08909317105117598, 0.1143999770169299], [0.5167642350744963, 0.28096536427084384, 0.07562231440731851, 0.12664808614734124], [0.5200718795754554, 0.13781175426689787, 0.15374327162585838, 0.1883730944317883], [0.4314801651690162, 0.137918435793343, 0.21698270539156608, 0.21361869354607468], [0.2750322736515066, 0.2543716354601036, 0.23897217989641317, 0.2316239108919766], [0.3016761541064901, 0.2580407261590409, 0.19785693285870856, 0.24242618677576044], [0.28699224329128176, 0.3055111674506577, 0.19420229807931386, 0.21329429107874667], [0.32191489582634497, 0.26274628619068263, 0.17232216173127368, 0.2430166561516987], [0.30806568261880585, 0.2514426409946769, 0.21508239207501123, 0.225409284211506], [0.27625535680919905, 0.19590280072356636, 0.27628200008421994, 0.2515598422830147]], "ideal": "C", "sampled": "B", "correct": false}}
{"type": "result", "data": {"idx": 7, "options": ["no two electrons can have the same four quantum numbers", "no two electrons with the same spin can occupy an orbital", "no two electrons can occupy separate orbitals", "no two electrons can pair up if there is an empty orbital at the same energy level available"], "probs": [[0.21909128780234274, 0.2157174561915883, 0.30901358449389654, 0.25617767141217235], [0.21002427605602142, 0.22359735595143962, 0.33567439506051744, 0.23070397283202151], [0.2491135895531456, 0.21986499606169055, 0.2779478264800223, 0.2530735878051415], [0.2062008740159565, 0.2411036115972579, 0.3619603026135494, 0.1907352116732362], [0.30106934902041493, 0.4115317463463285, 0.13361287115668266, 0.1537860333765739], [0.2978889434602676, 0.4201093440860418, 0.13219975327718747, 0.14980195907650312], [0.2301107725237937, 0.15817282620955805, 0.3509320213762059, 0.2607843797904424], [0.21026015356018746, 0.17987184074747717, 0.3928970390833692, 0.21697096650896616], [0.31718955858707504, 0.2843460567463928, 0.1475221133467009, 0.25094227121983126], [0.2323001841163848, 0.26740277607755425, 0.32764319558572197, 0.17265384412033896], [0.312514151415059, 0.46187990210980884, 0.09531967198909296, 0.1302862743860392], [0.31909426440790173, 0.3971337375492389, 0.13302917278190135, 0.150742825160958], [0.25035510206504585, 0.20757437874616264, 0.2837324186518996, 0.2583381004368919], [0.21055796112822067, 0.2073241857284352, 0.38735096488443915, 0.194766888158905], [0.2896598490884368, 0.3083628323853753, 0.1502895906330979, 0.25168772779309], [0.22679235177201948, 0.245245948692715, 0.351312586551786, 0.17664911288347954], [0.2678982177459956, 0.5497037481121403, 0.0883492036191357, 0.0940488304227284], [0.28308784326118924, 0.49684386329948815, 0.11261179790387418, 0.10745649543544841], [0.48019857043298675, 0.1739320975100468, 0.1487778656582232, 0.19709146629874322], [0.45514728936252397, 0.17009088141869988, 0.17277504244544334, 0.20198678667333278], [0.511510539491497, 0.17956918074847997, 0.11776939515107229, 0.19115088450895074], [0.39582603576060565, 0.15261755654749637, 0.25559305761295087, 0.19596334997894707], [0.5373690563687036, 0.1828432326478734, 0.10256948760409194, 0.17721822327933107], [0.5083589629076037, 0.17846265699364267, 0.13471476933078042, 0.17846361066797317]], "ideal": "D", "sampled": "D", "correct": true}}
{"type": "result", "data": {"idx": 8, "options": ["Rb+", "Se2-", "As5+", "Sr2+"], "probs": [[0.3910817983033046, 0.23724559730167205, 0.12306987871280811, 0.24860272558221524], [0.3715548459582283, 0.24371616176736782, 0.141039473682851, 0.2436895184915529], [0.3774498925695799, 0.23996348616843785, 0.13886962167242986, 0.2437169994895524], [0.3623200464577765, 0.23034071116351532, 0.1583018349936802, 0.249037407285028], [0.3708484332321613, 0.2799745097485907, 0.12422998530553793, 0.22494707161371003], [0.35943986890775115, 0.26300903368319434, 0.13432497874570792, 0.24322611856334656], [0.36557728048483507, 0.23607265946888542, 0.15480758248211599, 0.24354247746416352], [0.38400499864537996, 0.22228419116049847, 0.14576386969527685, 0.2479469403988447], [0.4089540625500133, 0.24045174057491517, 0.12473508808896107, 0.22585910868611045], [0.42402143229822203, 0.24164343417947753, 0.11775597446924023, 0.2165791589530602], [0.3873489796727977, 0.246252506946734, 0.1277447193733263, 0.238653793907142], [0.3742012846483682, 0.26538566938602975, 0.1334356874139844, 0.2269773584516176], [0.3606557493943562, 0.251821424759755, 0.14347271406001533, 0.2440501116858735], [0.3645156621568468, 0.2281454354296467, 0.1567914336762993, 0.2505474686372072], [0.3516739360885902, 0.28262216271051044, 0.13142183617561876, 0.2342820649252806], [0.38111447148343086, 0.2745567180073864, 0.12374113130103535, 0.22058767910814736], [0.3564366016291738, 0.2374753199265541, 0.15331588107697128, 0.2527721972673008], [0.3629254102343984, 0.2655674218865902, 0.14437548814760315, 0.22713167963140823], [0.3659214620534015, 0.2635983487163882, 0.1304849962687393, 0.23999519286147097], [0.36007642742370916, 0.25140547749866315, 0.1410215794899109, 0.24749651548771678], [0.34104137153678277, 0.2615274009529817, 0.13997685043500635, 0.25745437697522916], [0.3803019451894703, 0.2417744840007337, 0.1399184995701167, 0.23800507113967925], [0.34824805929384955, 0.22841848090363484, 0.16451704255311045, 0.2588164171494051], [0.3740565124665683, 0.24535061050955756, 0.14649693448126228, 0.23409594244261184]], "ideal": "C", "sampled": "B", "correct": false}}
{"type": "result", "data": {"idx": 9, "options": ["the O\u2013H bonds in sulfuric acid are much weaker than in sulfurous acid due to the electron withdrawing of the oxygen atoms on sulfuric acid", "sulfuric acid has more oxygen atoms in its formula", "the sulfur in sulfuric acid is more electronegative than the sulfur in sulfurous acid", "sulfuric acid has the hydrogen atoms bound directly to the sulfur atom"], "probs": [[0.45297836183145557, 0.16927352522645703, 0.185921697068544, 0.19182641577354342], [0.5460767867483276, 0.1745396295284946, 0.1075379052845416, 0.17184567833863618], [0.4865000771021109, 0.226247009221236, 0.11377194353140214, 0.17348097004525093], [0.4716391492664178, 0.2298591251462447, 0.12498239985374894, 0.17351932563358852], [0.5665451583133047, 0.1701095490789687, 0.09845904773393153, 0.16488624477379507], [0.4661786506470781, 0.17150192173331175, 0.18257498869150604, 0.17974443882810415], [0.3045807091712143, 0.4295276573011603, 0.11743509418281492, 0.14845653924481045], [0.329897937667923, 0.47999465103121824, 0.07959633260470139, 0.11051107859615733], [0.22140999795994368, 0.22143057646416361, 0.4073152067049886, 0.1498442187709041], [0.2528042532668667, 0.3678347224796746, 0.1418272426854887, 0.23753378146797], [0.21690364574365642, 0.17430230385678777, 0.4665164688935505, 0.14227758140600533], [0.21160134584565815, 0.16740350666432144, 0.3656870747970125, 0.25530807259300786], [0.37209502690502183, 0.4086647720672884, 0.09262881634118561, 0.12661138458650414], [0.3772445450087595, 0.42084030411623236, 0.08685238270252936, 0.11506276807247881], [0.27633818471691957, 0.17026606232603994, 0.3959115799190486, 0.1574841729379919], [0.3672409057249947, 0.19053162632467394, 0.1734952479427411, 0.2687322199075903], [0.28877666159399434, 0.192381528114191, 0.3886577726711927, 0.1301840375206219], [0.4089081341270108, 0.1814603101155311, 0.15766688239983298, 0.2519646732576251], [0.3426117879460097, 0.4907646580921434, 0.07295030952598365, 0.09367324433586319], [0.31682567369039055, 0.4398648839809517, 0.11122418441744199, 0.13208525781121577], [0.20726157413940902, 0.15165032218891336, 0.5051361842673109, 0.13595191930436676], [0.1977450131836231, 0.14244425507617486, 0.4058297038541172, 0.25398102778608483], [0.21981864510309, 0.23769550804814452, 0.41721593086076153, 0.12526991588800396], [0.2563121463810106, 0.3788106215330267, 0.13508105961634587, 0.22979617236961683]], "ideal": "A", "sampled": "A", "correct": true}}
{"type": "result", "data": {"idx": 10, "options": ["0.0641 M", "1.64 M", "0.115 M", "0.400 mol/L"], "probs": [[0.47899729722414613, 0.21931034651158124, 0.09885147360247512, 0.2028408825617975], [0.48343243469779645, 0.22134035493693135, 0.08401162796355158, 0.21121558230172058], [0.48451579334235584, 0.25935238983648873, 0.07787214334829974, 0.17825967337285567], [0.4786536991117568, 0.26850786802467813, 0.07114830612424808, 0.18169012663931694], [0.48905650869463024, 0.2577233669885322, 0.07045812316558284, 0.18276200105125467], [0.4685142267993335, 0.2468974255240809, 0.09821015449063135, 0.18637819308595424], [0.45722412036501525, 0.2263514199697055, 0.11031590899505941, 0.2061085505702198], [0.45918631206937577, 0.23823058425316168, 0.0890213467909681, 0.21356175678649444], [0.4523712098146109, 0.2701321243969675, 0.07985198496973697, 0.19764468071868463], [0.4568546013780266, 0.2685799240369753, 0.08996418661549659, 0.18460128786950156], [0.4716659239829178, 0.29059459240688057, 0.06689930357640213, 0.17084017993379952], [0.45036612554785355, 0.29536727187232015, 0.0833132260725636, 0.17095337640726274], [0.4381833108686068, 0.2657838185296694, 0.08902712976807525, 0.20700574073364852], [0.45703016601133234, 0.25240517383627736, 0.08454603690142035, 0.20601862315096994], [0.44488789303949683, 0.22024510128996838, 0.10403760909133908, 0.23082939647919568], [0.4360040658871824, 0.21584781680559595, 0.12888935014971625, 0.21925876705750544], [0.46055377319388136, 0.2543501764121511, 0.08387719036283578, 0.20121885993113178], [0.45931270371766764, 0.26171958248889204, 0.09044866940630487, 0.18851904428713542], [0.4987309891940931, 0.2711651769475762, 0.05773457189065077, 0.17236926186767992], [0.4946389087248172, 0.26476978661221984, 0.06694447098872121, 0.17364683357424177], [0.5199524701617108, 0.22363801048354331, 0.06210203026245113, 0.19430748899229477], [0.5267458479064587, 0.20953428430944018, 0.07588817065361965, 0.18783169703048147], [0.5075082324675437, 0.2759358337899033, 0.054335142279036484, 0.16222079136351655], [0.5111874265280671, 0.26938762856728643, 0.06105527190171172, 0.15836967290293463]], "ideal": "C", "sampled": "D", "correct": false}}
{"type": "result", "data": {"idx": 11, "options": ["SF4", "PCl5", "BF3", "CO2"], "probs": [[0.2662195742063926, 0.20100588195969799, 0.2747227724490769, 0.25805177128483253], [0.25660937257199257, 0.1877866629237899, 0.290828040486458, 0.2647759239177595], [0.27052979046203707, 0.2387970543385929, 0.22431732865013654, 0.26635582644923345], [0.25619632003129567, 0.21918252108289438, 0.2643722295496736, 0.26024892923613635], [0.2593045234420871, 0.28484976288807995, 0.20839206872286653, 0.24745364484696636], [0.26060620724355454, 0.2862765874062777, 0.21949098166091716, 0.23362622358925056], [0.23594696817422786, 0.3030177950556052, 0.232329860306395, 0.22870537636377192], [0.24858207998174123, 0.29067069289161773, 0.2160021364472871, 0.24474509057935392], [0.23839464356875556, 0.2618739721754865, 0.24987545233889627, 0.24985593181686164], [0.2624733447766091, 0.2625168859696132, 0.2504902183759062, 0.22451955077787153], [0.22992950332950748, 0.2448074929945116, 0.26058819499109726, 0.2646748085848836], [0.24507845935754935, 0.305056452720654, 0.2266987114918031, 0.22316637632999353], [0.2519305423225523, 0.28110406637671104, 0.2189201628621098, 0.24804522833862683], [0.2416152727843686, 0.2781431757572258, 0.22701287943873258, 0.253228671919673], [0.2504824958419285, 0.2077055095270366, 0.2666861970949784, 0.2751257974360565], [0.2592942598518301, 0.22532439712456884, 0.2717817303960161, 0.2435996125275849], [0.23554656609166275, 0.2178854112969133, 0.2711615344957014, 0.27540648801572254], [0.25183114406928403, 0.24797558782005108, 0.25987258550906217, 0.24032068250160268], [0.29446677595610565, 0.2519296555309103, 0.20561196172494164, 0.24799160668804243], [0.28687008785016477, 0.2653656562097893, 0.20992150587841474, 0.2378427499616312], [0.2847868884751589, 0.2084069462927475, 0.24747809012674366, 0.25932807500534993], [0.33782195034755785, 0.20494992418177063, 0.22862880738389615, 0.22859931798677532], [0.26677102245361733, 0.23546827187967406, 0.23917858656605312, 0.2585821190006555], [0.30296328660796357, 0.23599816856408481, 0.22873277959920466, 0.23230576512874695]], "ideal": "A", "sampled": "D", "correct": false}}
{"type": "result", "data": {"idx": 12, "options": ["Fluorine has a very high electronegativity; therefore the H-F bond is stronger than any other H-X bond.", "HF is smaller than any other H-X molecule; therefore it exhibits stronger London dispersion forces.", "The dipoles in a HF molecule exhibit a particularly strong attraction force to the dipoles in other HF molecules.", "The H-F bond is the most ionic in character compared to all other hydrogen halides."], "probs": [[0.4907618018266998, 0.24295691419326834, 0.13417934970171508, 0.13210193417831675], [0.4665608246623071, 0.2420631719008369, 0.14682449836527817, 0.14455150497157784], [0.5307259875437961, 0.2668712893976899, 0.08939473862914796, 0.11300798432936598], [0.47861950158400884, 0.29030334081419, 0.11914743871846106, 0.11192971878334007], [0.4883550630266613, 0.26552509863217166, 0.1039848610061006, 0.14213497723506646], [0.47243992193444717, 0.2650239208824243, 0.135368870712227, 0.1271672863709015], [0.3207466697594649, 0.40546177041832404, 0.13582463965919278, 0.1379669200630182], [0.32725026712646477, 0.39474304918360525, 0.12816354440117425, 0.14984313918875575], [0.2667752027293341, 0.31680734378540476, 0.2545880788871009, 0.16182937449816026], [0.21931178702223791, 0.21257419723699003, 0.12497616464902783, 0.4431378509917442], [0.27115976807743725, 0.24307978150797963, 0.2842169403745629, 0.2015435099400202], [0.22865443610808847, 0.20497403157610455, 0.13235153650961634, 0.43401999570619065], [0.3226445413101293, 0.4768276058205258, 0.09244473553104825, 0.10808311723829658], [0.3234102379444151, 0.4560729196796779, 0.11713891300670774, 0.10337792926919927], [0.2875130731336619, 0.23467235872833866, 0.30610468737146096, 0.17170988066653844], [0.21028858421130145, 0.17987911401380377, 0.13579253851009476, 0.4740397631648], [0.24464615083366267, 0.2604364040038441, 0.33444769672173963, 0.16046974834075362], [0.22136436235654752, 0.21123567064053694, 0.11307590369437946, 0.4543240632085361], [0.3568540736977261, 0.4172027867552741, 0.10066220603419877, 0.12528093341280103], [0.3484185065607884, 0.4137499660864227, 0.12818615232754996, 0.10964537492523893], [0.30855530037543205, 0.2329231316672824, 0.28541054893544454, 0.17311101892184097], [0.24698671696100383, 0.18644410369915954, 0.12616258858372773, 0.4404065906561089], [0.2957125085510755, 0.2734956239266169, 0.2866538251162644, 0.14413804230604313], [0.2609084092768347, 0.20005216000152876, 0.10877459591882888, 0.4302648347028077]], "ideal": "C", "sampled": "A", "correct": false}}
{"type": "result", "data": {"idx": 13, "options": ["3.8 \u00d7 10^-3 mol/L", "5.77 \u00d7 10^-3 mol/L", "1.97 \u00d7 10^-3 M", "9.9 \u00d7 10^-4 M"], "probs": [[0.3251413501516091, 0.2825022423730589, 0.18240540271381592, 0.20995100466151612], [0.3064936262140017, 0.27908046783336576, 0.17194243495194328, 0.2424834709006892], [0.3073686406806994, 0.27988097485903984, 0.23203632578967745, 0.18071405857058326], [0.3191598856380341, 0.2906125995043596, 0.17084776844319585, 0.21937974631441048], [0.25681773208222175, 0.2096337707076511, 0.3456276706354052, 0.18792082647472189], [0.286883486070347, 0.2571806754105, 0.24927340449740792, 0.20666243392174508], [0.37263890541881856, 0.21568260763391808, 0.202620637357527, 0.20905784948973635], [0.3525020076726434, 0.21050457026925962, 0.19469077302980284, 0.24230264892829412], [0.361474340543874, 0.26037887124168124, 0.19350186276738784, 0.1846449253470569], [0.35643504128572473, 0.26078859746198463, 0.17646478640653696, 0.20631157474575365], [0.3292531272662307, 0.24470091624492418, 0.22631567039862097, 0.1997302859902242], [0.33474324147760953, 0.2526972070887475, 0.20950014021388216, 0.20305941111976078], [0.3343497961879612, 0.22981449496598877, 0.22981988918658156, 0.2060158195594685], [0.30116260946250184, 0.21026446549770042, 0.2576260345209117, 0.23094689041888597], [0.3442026273799664, 0.2723030962581398, 0.18425671205297187, 0.19923756420892194], [0.32333677040273817, 0.2557976169390699, 0.2120721574788167, 0.20879345507937522], [0.28995272946367995, 0.23667434208223295, 0.2366803919537672, 0.23669253640031993], [0.2716728827584177, 0.22524676395925763, 0.2847469235596499, 0.2183334296226747], [0.31149612730583687, 0.23885063758193925, 0.23885662784909564, 0.2107966071631282], [0.33216069145691607, 0.23190203414612406, 0.22477451114942906, 0.21116276314753082], [0.34460071752799837, 0.299406656575263, 0.14366542229602816, 0.21232720350071047], [0.3467396640398216, 0.283013867572831, 0.16638352721531446, 0.20386294107203298], [0.31940924041708474, 0.23370069165877144, 0.20949427539961352, 0.2373957924245303], [0.30276665361774335, 0.2285577897298252, 0.24713826947676937, 0.22153728707566211]], "ideal": "A", "sampled": "B", "correct": false}}
{"type": "result", "data": {"idx": 14, "options": ["The N-H bonds within the NH3 molecules break apart.", "The overall temperature of the solution rises as the NH3 molecules speed up.", "The amount of energy within the system remains constant.", "The hydrogen bonds holding separate NH3 molecules together break apart."], "probs": [[0.5709032032404354, 0.22012566847856244, 0.0835500167059056, 0.12542111147509652], [0.5580879199801531, 0.2290650354514668, 0.08831136278023219, 0.12453568168814794], [0.3372203064536823, 0.15443074362154827, 0.40054744482113713, 0.10780150500363232], [0.43016812201012955, 0.16587942837010028, 0.151028871521152, 0.25292357799861814], [0.5511324795852633, 0.20597042864101656, 0.1309196006033184, 0.11197749107040172], [0.50884023735473, 0.19621130647710155, 0.1017904424276037, 0.19315801364056467], [0.5162006692996101, 0.2516086138772979, 0.10165985079076324, 0.13053086593232882], [0.5406044761340961, 0.22894114424190184, 0.10001581235731707, 0.13043856716668495], [0.3552642464282492, 0.17590649424224364, 0.313595443932645, 0.15523381529686217], [0.36239922863201895, 0.17391795371712807, 0.31492779758833894, 0.14875501996251408], [0.5715375286685614, 0.22737495464047686, 0.08496257423281853, 0.11612494235814315], [0.48019242160233705, 0.2867705458480995, 0.0888386926691968, 0.1441983397803666], [0.22500373085567793, 0.2757436889768515, 0.37689691216608545, 0.12235566790138508], [0.26200856337362444, 0.3210616898848437, 0.15894217244836759, 0.25798757419316426], [0.2508907503730662, 0.46875784681112587, 0.15219459745876263, 0.12815680525704531], [0.24655139035292198, 0.46065746577845273, 0.16684898982678686, 0.12594215394183836], [0.28515895348442233, 0.36051805729485287, 0.14566732507478883, 0.20865566404593597], [0.253927244052906, 0.3364516075748613, 0.29692439790431807, 0.1126967503679146], [0.568550169411071, 0.19651448724688908, 0.12297249584160366, 0.11196284740043626], [0.4964451306396065, 0.18846542429285748, 0.0947629103430626, 0.2203265346244734], [0.5783251947085342, 0.2336874832370398, 0.07586698752279417, 0.11212033443163193], [0.5739413627544103, 0.20788825020845622, 0.07529189605165375, 0.1428784908854797], [0.43777485001998906, 0.17416902403785614, 0.15369822541423142, 0.23435790042792337], [0.3926914690443301, 0.15869467195316686, 0.341241156145202, 0.10737270275730099]], "ideal": "D", "sampled": "B", "correct": false}}
{"type": "result", "data": {"idx": 15, "options": ["a strong acid", "a weak acid", "a weak base", "a strong base"], "probs": [[0.2414313888521667, 0.3300270189018882, 0.1794281330440046, 0.2491134591019405], [0.2817062479230128, 0.3617468827861434, 0.14389033828563552, 0.21265653090520825], [0.2045994878296024, 0.376353776064934, 0.21443386693291105, 0.20461286907255255], [0.19809641237209752, 0.37013295840694066, 0.24273272217964784, 0.18903790694131398], [0.2426834901143696, 0.460563488751775, 0.08257330884932068, 0.2141797121845347], [0.2574720833921502, 0.43121522250722427, 0.08760500475514102, 0.22370768924548448], [0.3862796223972595, 0.2739400124456223, 0.11967192709960267, 0.22010843795751547], [0.42579246197544063, 0.2582837083421706, 0.09501375398600291, 0.22091007559638579], [0.3053656427147901, 0.43744687918082753, 0.07483719065522246, 0.18235028734915992], [0.32693359252521376, 0.3822529315566233, 0.08938398956358662, 0.2014294862545763], [0.31451979276372927, 0.21959117052743357, 0.30014076825955194, 0.16574826834928516], [0.3688268849234443, 0.2784323609064035, 0.1254965029383421, 0.22724425113181007], [0.4752481841919805, 0.22103477847575057, 0.11466709437812768, 0.18904994285414123], [0.45031503134545475, 0.21948911429301762, 0.13951175572003022, 0.1906840985414974], [0.4147026564837385, 0.3717625133582702, 0.05612674421502273, 0.15740808584296856], [0.3941444876033288, 0.3533324738984019, 0.07761598775731272, 0.17490705064095657], [0.512437041704991, 0.24208217676482088, 0.07382903192326465, 0.1716517495069234], [0.45914104234201064, 0.25757720871989165, 0.09776326195094423, 0.18551848688715344], [0.44648701932344764, 0.37016676197969267, 0.04285007523241956, 0.14049614336444013], [0.45461820095539185, 0.3769071824179855, 0.03617103146228315, 0.1323035850643395], [0.3920779946615521, 0.20342383367364622, 0.23050784031941843, 0.17399033124538327], [0.42504469636102743, 0.234752003761658, 0.11620838419489542, 0.22399491558241916], [0.4671487072492779, 0.24618712821563496, 0.1277191302732323, 0.15894503416185482], [0.4807833694872533, 0.23433293225260007, 0.08756221019672267, 0.19732148796342394]], "ideal": "C", "sampled": "D", "correct": false}}
{"type": "result", "data": {"idx": 16, "options": ["at equilibrium there are more products than reactants", "the value of \u0394G\u00b0 is greater than zero", "the value of \u0394S\u00b0 is greater than zero", "the value of Keq is less than one"], "probs": [[0.4988708271236162, 0.27124546996365567, 0.07532747650342983, 0.1545562263092983], [0.47961128825244775, 0.2775921585340105, 0.1053709932766759, 0.13742555983686586], [0.5360095660153334, 0.19720131744562447, 0.100726816069747, 0.16606230036929512], [0.5000061541297558, 0.21173173818055643, 0.12843142831326973, 0.15983067927641798], [0.40153907528858135, 0.25927274643949505, 0.18676041998305667, 0.15242775818886695], [0.4559270229561277, 0.27226301962435584, 0.11174542697011511, 0.16006453034940135], [0.31906369325308204, 0.44297599788050707, 0.08723545073590536, 0.1507248580305055], [0.34387400230494586, 0.37767704754752524, 0.13053601784390165, 0.14791293220362725], [0.24419068196101812, 0.15046195011741545, 0.39644409430037775, 0.2089032735211887], [0.3006447598133559, 0.1660459662218638, 0.21322079318448742, 0.3200884806802929], [0.30238450922257093, 0.22125263008882237, 0.2841225393185154, 0.19224032127009125], [0.3313864966482387, 0.23500334513807639, 0.1318342646277956, 0.3017758934858893], [0.29445730631175354, 0.44202843287827887, 0.10833516697259585, 0.15517909373737174], [0.29585614797494625, 0.3919508456791887, 0.14878594873847834, 0.1634070575073867], [0.24086228728455567, 0.17081885547178038, 0.3790162318272729, 0.20930262531639104], [0.26814380285442646, 0.19619369504874, 0.21215432880187415, 0.32350817319495934], [0.2698309638876806, 0.22025453385729832, 0.2964190156038513, 0.2134954865511698], [0.2872526390153903, 0.23083161159280727, 0.18549338257683154, 0.2964223667149709], [0.31111848549844634, 0.38720437398814067, 0.16142770693228298, 0.14024943348113003], [0.31914896007526977, 0.4294629128552881, 0.10525680410745793, 0.14613132286198424], [0.3204589890839678, 0.2963956715528404, 0.21686737434677975, 0.16627796491641206], [0.32794603946465567, 0.322873773563953, 0.10160430595457998, 0.24757588091681132], [0.3210194754431419, 0.21386541742727444, 0.2703742722952339, 0.19474083473434972], [0.3603578424306668, 0.22907015554224489, 0.15500729708357083, 0.25556470484351745]], "ideal": "A", "sampled": "A", "correct": true}}
