{"type": "result", "data": {"idx": 0, "options": ["It demonstrates the difference between the internal and the external aspect of a rule.", "It refutes the natural lawyer' view of the role of morality in law.", "It explains the nature of power-conferring rules.", "It illuminates the concept of a rule."], "probs": [[0.6586864043015663, 0.1199825936434583, 0.0994659073511578, 0.12186509460381753], [0.6086174113003838, 0.12367493381586121, 0.15152889149918808, 0.11617876328456689], [0.6433907815371898, 0.157697232538565, 0.07219870541129414, 0.1267132804129511], [0.5729116200827845, 0.1720485091037363, 0.11461023985193466, 0.1404296308615445], [0.5401311113792611, 0.2551729488733831, 0.084151008407477, 0.12054493123987883], [0.5340709606162451, 0.25628584238878266, 0.08857292549062776, 0.12107027140434444], [0.26006420281622006, 0.4424360792297516, 0.18735346848789283, 0.11014624936613548], [0.258338101430871, 0.4193730776895849, 0.20762323459764023, 0.11466558618190385], [0.24798761675243675, 0.44911128947283857, 0.19621537916211187, 0.1066857145126128], [0.2598229580699519, 0.4217915911662422, 0.18142570685351958, 0.13695974381028625], [0.22315550679551358, 0.45085589772632867, 0.24514564292459134, 0.08084295245356639], [0.24081538256359894, 0.43612628520946084, 0.2092709658939338, 0.1137873662330064], [0.5165473453130655, 0.2557503993143869, 0.09707279936323991, 0.13062945590930772], [0.4777843426850138, 0.24406828347489787, 0.13907100466098957, 0.13907636907909876], [0.4555244701999527, 0.155022535083398, 0.20536704319397492, 0.1840859514226744], [0.4198062607139574, 0.154473415946716, 0.21784495788921326, 0.20787536535011333], [0.449777036860311, 0.28150922057197725, 0.14378513394348433, 0.12492860852422741], [0.45554286576381825, 0.2720619758100094, 0.1099256210658716, 0.16246953726030072], [0.5302400268954294, 0.26252843316030083, 0.09072909976457025, 0.11650244007969954], [0.5239474059725215, 0.2553937377809804, 0.10001409574311484, 0.12064476040338316], [0.4764689873646417, 0.1547269099010312, 0.23226619110565602, 0.1365379115286711], [0.5070837290698957, 0.14761047503695418, 0.1672577609627407, 0.17804803483040943], [0.5053403006885889, 0.22429145382894825, 0.1277967152376848, 0.14257153014477802], [0.5198375907105187, 0.21674576759241904, 0.10729476993900929, 0.156121871658053]], "ideal": "D", "sampled": "A", "correct": false}}
{"type": "result", "data": {"idx": 1, "options": ["It is misinterpreted as a prediction.", "His concept of status is misrepresented.", "It is taken literally.", "His idea is considered inapplicable to Western legal systems."], "probs": [[0.31173033448113024, 0.41955162340831287, 0.1592511432980533, 0.10946689871250358], [0.331799047575444, 0.39408894444505305, 0.18616617694992244, 0.08794583092958054], [0.29296626328133263, 0.20457621492294173, 0.3480180644036874, 0.15443945729203823], [0.31180773768550574, 0.20137134782276417, 0.2976235017945197, 0.1891974125972104], [0.3134703705922051, 0.318468518191063, 0.2724263728679916, 0.09563473824874033], [0.32616444932888, 0.3313627789380175, 0.21064111274399308, 0.1318316588891094], [0.3691914842292197, 0.23473055217588554, 0.2347334281001242, 0.16134453539477053], [0.38737173327549884, 0.24628854712946047, 0.2462976219369647, 0.120042097558076], [0.37459833731787057, 0.24192680824691104, 0.22726496035873844, 0.15620989397647994], [0.4068718789577134, 0.25868507831661275, 0.21783731551022534, 0.11660572711544849], [0.370338240115082, 0.3023255186416173, 0.22119871596852797, 0.10613752517477273], [0.35039933098623904, 0.304497076741573, 0.2446812202394252, 0.10042237193276275], [0.2797951912661186, 0.24315399694532494, 0.3272269866369671, 0.1498238250515893], [0.2702582736004599, 0.24231983357748368, 0.30159610057443265, 0.18582579214762376], [0.23396957092604997, 0.4877146816340736, 0.1822588755176413, 0.09605687182223513], [0.24764691645760314, 0.48494473727746723, 0.18697935243907518, 0.08042899372585444], [0.2677904287371342, 0.31807856800717527, 0.25164069972976844, 0.16249030342592208], [0.2563278617529276, 0.32409902679438096, 0.3092860212027339, 0.11028709014995755], [0.2803111394982701, 0.29846260170978833, 0.3329889500775907, 0.0882373086143509], [0.27459053839027, 0.3016499758448536, 0.27899952402898315, 0.14475996163589328], [0.28372546393435827, 0.46060334602004177, 0.18611646770799595, 0.069554722237604], [0.2665544569301028, 0.46789204912402943, 0.1981326655607426, 0.06742082828512519], [0.2868089548544746, 0.2959821996382251, 0.2612125432952822, 0.1559963021120181], [0.2719984175886199, 0.3035042421292654, 0.3333562165175607, 0.09114112366455396]], "ideal": "A", "sampled": "B", "correct": false}}
{"type": "result", "data": {"idx": 2, "options": ["Depression of the 1930", "The rise of Fascism", "The international recognition of human rights after World War II", "The Bolshevik Revolution"], "probs": [[0.23162557637049047, 0.1920646492021848, 0.4195433667086719, 0.15676640761865282], [0.23913140770734728, 0.15443772191081118, 0.10781491627073175, 0.4986159540111098], [0.31327806086976495, 0.4777580677150039, 0.06991289070715083, 0.13905098060808027], [0.27778861523943027, 0.5525252345095868, 0.05385968744673358, 0.11582646270424934], [0.21991744128281598, 0.09761685568385528, 0.12932235579340456, 0.5531433471399242], [0.18460657227990215, 0.1085559743542311, 0.551340133944296, 0.15549731932157065], [0.20168603053075695, 0.130251133566685, 0.5315566420817801, 0.13650619372077794], [0.2399973994252131, 0.10165346942998406, 0.1000734619734516, 0.5582756690713513], [0.36065764306329123, 0.43510393600594904, 0.07561043129434361, 0.1286279895364161], [0.3057784815588638, 0.5202417508800593, 0.052319978791607165, 0.12165978866946973], [0.21396307007428972, 0.09063075211838309, 0.10431343005110479, 0.5910927476562224], [0.13969305709665683, 0.10065171191680185, 0.6263202604257414, 0.1333349704607999], [0.558628179283111, 0.12083698128097493, 0.11175246539914811, 0.2087823739367659], [0.6638794963621447, 0.09566052007603829, 0.06175808074338596, 0.1787019027184311], [0.5867830979211258, 0.14839444721359715, 0.08860506663468154, 0.17621738813059543], [0.6361668827369265, 0.11408962948301747, 0.07027857971393273, 0.17946490796612338], [0.6905833662135372, 0.09495505937239708, 0.060351213145399284, 0.15411036116866642], [0.6539493457494484, 0.09722779183164602, 0.07001983008475154, 0.17880303223415406], [0.2523125801844628, 0.11555236262240183, 0.1530859527243307, 0.47904910436880466], [0.1895041707116353, 0.12049266335675211, 0.5400476294201694, 0.14995553641144324], [0.23680503134732367, 0.13081679944540417, 0.12289543919015085, 0.5094827299171213], [0.18810699878242068, 0.1313639283048873, 0.51958215231468, 0.16094692049801207], [0.3402709237789984, 0.4302008587361995, 0.08083536173953293, 0.14869285564526916], [0.32247230790767195, 0.46199857042565307, 0.06552500215523369, 0.15000411941144132]], "ideal": "C", "sampled": "C", "correct": true}}
{"type": "result", "data": {"idx": 3, "options": ["There is no distinction between the two forms of legal reasoning.", "Judges are appointed to interpret the law, not to make it.", "It is misleading to pigeon-hole judges in this way.", "Judicial reasoning is always formal."], "probs": [[0.28588449952127726, 0.3395628034728949, 0.22620202598693942, 0.14835067091888837], [0.260685116026559, 0.45758205647661115, 0.14855740962927114, 0.13317541776755862], [0.2575615144100088, 0.46645583455278355, 0.18554966841085208, 0.09043298252635555], [0.2091034163602991, 0.6646029103048162, 0.0899472208948679, 0.03634645234001676], [0.20425238594598344, 0.1747679658128503, 0.4000610589562821, 0.22091858918488416], [0.1968589395555848, 0.190884751198206, 0.44382029106022836, 0.16843601808598083], [0.5321913957063634, 0.1897952556420312, 0.14551620183920053, 0.1324971467124049], [0.6009682044146579, 0.1862036207953015, 0.09811660266865875, 0.11471157202138176], [0.5100001210209374, 0.29520461620130894, 0.09435341717149213, 0.1004418455062615], [0.5592745729478383, 0.31375999307415453, 0.06892290196737641, 0.05804253191063076], [0.624124192537696, 0.1654041470944935, 0.09133925628267486, 0.11913240398513564], [0.5746383794859236, 0.1808544586609005, 0.14306022545144376, 0.10144693630173214], [0.4583424124404323, 0.17131451494852876, 0.23052494685170252, 0.13981812565933643], [0.6225794506748351, 0.17564591632780882, 0.10324988436225295, 0.09852474853510317], [0.5050915479154943, 0.23492474851643214, 0.1218768507120326, 0.138106852756041], [0.5990064739581963, 0.24973377582913733, 0.07267520575988717, 0.07858454435277921], [0.6004243581949916, 0.17206853882839987, 0.11108578160912241, 0.11642132126748608], [0.5191113909626097, 0.17666728661180678, 0.1970736369511581, 0.10714768537442537], [0.17047988130652622, 0.14586492098698076, 0.43552104283270704, 0.24813415477378598], [0.18415500496207418, 0.16513781493946306, 0.44195670543597315, 0.2087504745624896], [0.22884833469414548, 0.49991267169613346, 0.13667510244857797, 0.13456389106114308], [0.2317649475647818, 0.4330628312630655, 0.23546709644228894, 0.09970512462986375], [0.2234440462324398, 0.588771526372948, 0.11962135969114177, 0.06816306760347038], [0.2159689793352272, 0.5430206979578531, 0.1708782416934702, 0.07013208091344945]], "ideal": "C", "sampled": "C", "correct": true}}
{"type": "result", "data": {"idx": 4, "options": ["The POP will choose wealth over a compassionate society.", "The POP will choose equality over power.", "The POP will be unselfish.", "The POP will choose to protect the disabled."], "probs": [[0.2059251635177865, 0.6148570683750018, 0.09729344996889866, 0.08192431803831304], [0.20952227085157302, 0.5969395459013419, 0.10055070814823805, 0.09298747499884698], [0.15597169660130897, 0.13768715334426437, 0.5707972901013536, 0.13554385985307307], [0.21139823370693148, 0.12237630311762096, 0.2114645438757196, 0.45476091919972794], [0.15377468327458801, 0.14908765699229842, 0.5716039708163138, 0.12553368881679974], [0.2098185991922964, 0.13763979896359907, 0.2415806645855522, 0.41096093715855236], [0.439945989207947, 0.21783415646409962, 0.17779750855280924, 0.1644223456751441], [0.4440383678832423, 0.19708024257060378, 0.179449039373469, 0.17943235007268488], [0.4659541775423118, 0.2036092101786195, 0.14214034165301578, 0.18829627052605294], [0.49187826690484576, 0.17542001028050203, 0.12439298532218726, 0.20830873739246494], [0.50506893578105, 0.1773313266853479, 0.14028144926526895, 0.17731828816833314], [0.489417836336492, 0.1858040336839113, 0.14470342859062635, 0.18007470128897035], [0.17050391399610465, 0.13704414929174508, 0.577059396114514, 0.11539254049763636], [0.22716540909029098, 0.11788098161588537, 0.22370743082588707, 0.4312461783679366], [0.30918220143180064, 0.32408652189242265, 0.19052848501875802, 0.17620279155701868], [0.3270647975297378, 0.32204930531517934, 0.16449602701377875, 0.18638987004130406], [0.22749855603613628, 0.11622423417692901, 0.17447669412365654, 0.4818005155632782], [0.24226158086802618, 0.18007720051625256, 0.40583710087762287, 0.17182411763809835], [0.1746030119738253, 0.1425495839195921, 0.5817766579105068, 0.10107074609607582], [0.25455071381687516, 0.15443413757773036, 0.24297070904757564, 0.34804443945781877], [0.3237318396244567, 0.37266716357319163, 0.15536347030039688, 0.1482375264019548], [0.3312905033706984, 0.3813703542158001, 0.14704009450872305, 0.14029904780477842], [0.2634516993415908, 0.13045308186974564, 0.17831199135058165, 0.42778322733808194], [0.27546871526671635, 0.19538614734204232, 0.35939587230056347, 0.16974926499067786]], "ideal": "A", "sampled": "B", "correct": false}}
{"type": "result", "data": {"idx": 5, "options": ["Law and Economics", "Critical Legal Studies", "Historical", "Natural Law"], "probs": [[0.9276977197682876, 0.04547242163537553, 0.006654302173710665, 0.020175556322626204], [0.9226353274973802, 0.05124642386574089, 0.007268335288459211, 0.018849913248419687], [0.9254667687733673, 0.044660410582543976, 0.007066349899665081, 0.022806470644423628], [0.9224003146408003, 0.04664904276223714, 0.007497237236418014, 0.02345340526054454], [0.9129487411204286, 0.056569372209753714, 0.008675307163850787, 0.021806579405966964], [0.9150410881142198, 0.05326430121531383, 0.008427874176453045, 0.023266736394013294], [0.013130864574287561, 0.9797421828747199, 0.004330489317216798, 0.0027964631337757447], [0.009350812541160356, 0.983862667605384, 0.004021909228635436, 0.002764610524820217], [0.012855570417402866, 0.02808194921631388, 0.9447192383835131, 0.014343241882770098], [0.061744937229503596, 0.04047560913174376, 0.018824897003344086, 0.8789545565354085], [0.006516741290669839, 0.017715758765140182, 0.9673981820173706, 0.008369317826819399], [0.0431020703637557, 0.03202005824111533, 0.01796310753968206, 0.9069147637554469], [0.03467843892272048, 0.951978341023312, 0.007500735227165607, 0.005842484726801917], [0.036148797335070815, 0.9468681331541562, 0.009284603284934044, 0.007698466125838939], [0.011252558118317319, 0.024581037856800676, 0.9518054751513993, 0.012360928773482622], [0.04236322000134021, 0.035662179413384384, 0.0165851701706905, 0.9053894303145849], [0.010697210550043707, 0.025664896222777085, 0.948311157475987, 0.015326735651192162], [0.03024466677374501, 0.02976617748365571, 0.014060808267265554, 0.9259283473753337], [0.022996330481540855, 0.9625430043403495, 0.008460448067512763, 0.006000217010596965], [0.025231016297535772, 0.9615783017764732, 0.007817016404632112, 0.00537366542135887], [0.008022039861511614, 0.025897633565690973, 0.9568452435140369, 0.00923508295876046], [0.035727442370698234, 0.038020552093417766, 0.019419795316021136, 0.9068322101198628], [0.010304120819724689, 0.03486182005439488, 0.9424018420080824, 0.012432217017797986], [0.0385348950841938, 0.04037008486766972, 0.016568595757876805, 0.9045264241902596]], "ideal": "A", "sampled": "A", "correct": true}}
{"type": "result", "data": {"idx": 6, "options": ["All commands include some sanction.", "The concept of a command contains the likelihood that a sanction will follow failure to obey the command.", "Without a sanction the mere expression of a wish is not a command.", "A command confers power to change one's legal status."], "probs": [[0.44384039766642797, 0.20969269302454832, 0.14638770061422898, 0.2000792085947947], [0.489426440653916, 0.19777758400977638, 0.11809738859078892, 0.19469858664551873], [0.4439626269498168, 0.22679099100361824, 0.1441564836334601, 0.18508989831310488], [0.44252010516092466, 0.22605597633759658, 0.128801641916245, 0.20262227648523373], [0.47550694712691055, 0.19518099141609938, 0.13414404885190243, 0.1951680125050876], [0.42808581670073864, 0.19911745782045515, 0.1575141148860927, 0.2152826104927135], [0.39129065815414077, 0.24110890869524448, 0.1581254397547334, 0.20947499329588132], [0.4148464972901794, 0.24391409025393337, 0.13261501094520112, 0.2086244014106861], [0.37489559125442706, 0.1975983918231302, 0.220435806477801, 0.20707021034464174], [0.4111521839684368, 0.21003592012212385, 0.12939818202155268, 0.24941371378788668], [0.38540154226130785, 0.18208679417159068, 0.2196396392686395, 0.212872024198462], [0.40364627248918594, 0.18483989489733205, 0.15085979254107448, 0.26065403997240755], [0.3965526641559718, 0.2768818612023636, 0.13922614725511115, 0.18733932728655345], [0.39549399630522575, 0.26765071146565217, 0.12842019817050684, 0.20843509395861526], [0.4085839694764895, 0.20230732873348864, 0.19303929751963947, 0.19606940417038235], [0.45012240926708086, 0.20612030912185372, 0.11382795699548955, 0.22992932451557585], [0.3932217119721002, 0.18871084134942925, 0.20087872742907187, 0.21718871914939866], [0.44694586601612263, 0.19529194510825357, 0.12220851131983707, 0.23555367745578673], [0.3803646081414317, 0.2697645803946078, 0.1585871326343716, 0.1912836787295889], [0.35425224368826164, 0.2674556930474854, 0.1700067941673444, 0.20828526899690855], [0.36902978462716485, 0.21030778867424815, 0.21362271584486495, 0.20703971075372202], [0.3931797029227318, 0.21049658324709855, 0.14242778292579378, 0.2538959308043759], [0.3462911144658007, 0.22016499278236198, 0.22016499278236198, 0.21337889986947534], [0.38806743582383685, 0.22817651115092272, 0.1519970044936832, 0.23175904843155723]], "ideal": "D", "sampled": "A", "correct": false}}
{"type": "result", "data": {"idx": 7, "options": ["By denying its existence.", "By explaining the difference between the common law and civil law.", "By distinguishing certain features of the English legal system that facilitated the development of capitalism.", "By recognizing the importance of legitimate domination."], "probs": [[0.004650683774243534, 0.02399578536088977, 0.9587086418142199, 0.012644888950646787], [0.008045054332253792, 0.026805314274997504, 0.7476341399154205, 0.21751549137732817], [0.0034158672638136167, 0.9925521061165027, 0.0033635930619249584, 0.0006684334577586844], [0.003923851851506084, 0.9905686591546506, 0.004808376004657915, 0.0006991128891853466], [0.008619584423146887, 0.921536038679064, 0.027397444596581493, 0.04244693220120767], [0.004803805533254145, 0.3699165820020627, 0.6195706623522449, 0.005708950012438354], [0.0037178776074025775, 0.014257230597179886, 0.9690444893456698, 0.012980402349747755], [0.009733992401142614, 0.01967454469392434, 0.6723387084150132, 0.29825275438991977], [0.005619598017996737, 0.9904134152050874, 0.003104079476669118, 0.0008629072002466961], [0.012879926507428814, 0.9763607934201902, 0.008448182151019525, 0.0023110978213614227], [0.01599355923914365, 0.33155983543759576, 0.06132756325933227, 0.5911190419639283], [0.0153242541476376, 0.6619207698097329, 0.3126995487476102, 0.010055427195019274], [0.9574168552608954, 0.03328580074157518, 0.004684719716708411, 0.0046126241808210604], [0.9451831239359094, 0.04026535381140226, 0.008180346045809164, 0.006371176106879134], [0.9543823176663032, 0.03878756813092691, 0.00313532222130852, 0.0036947918814613113], [0.9186069938778358, 0.04946380466809259, 0.013734695461877772, 0.01819450589219375], [0.9362427200201672, 0.05283432196447022, 0.005439867849697166, 0.005483090065665426], [0.8851502649745723, 0.0836489416517571, 0.01282686842766908, 0.018373924846001578], [0.48663624028533514, 0.0723621381963965, 0.06188679347566507, 0.37911482794260326], [0.05110924070405929, 0.057934311201046376, 0.8648454127229531, 0.02611103527194123], [0.40138919941377527, 0.06158377418546632, 0.05266875988705495, 0.48435826641370344], [0.49367310856303437, 0.10189989801371489, 0.36694302604488227, 0.0374839672783685], [0.16965297665622006, 0.822191264616696, 0.005897964111347936, 0.0022577945157359444], [0.4321773571355506, 0.5378974580412657, 0.016243604654099204, 0.013681580069084587]], "ideal": "C", "sampled": "C", "correct": true}}
{"type": "result", "data": {"idx": 8, "options": ["It is a sin for humans not to apply reason.", "The principles of natural law are discoverable by reason.", "Natural law does not apply without good reason.", "The law of nature is the basis of all positive law."], "probs": [[0.15990686175879698, 0.7629788518029259, 0.04511920715232264, 0.031995079185954484], [0.16638901267710596, 0.745801967259532, 0.052372208923761834, 0.03543681103960021], [0.11076975365135083, 0.12955479032990913, 0.6379718637281783, 0.12170359219056179], [0.1446444722413423, 0.10585565355529032, 0.19474512771980135, 0.554754746383566], [0.10976713812917167, 0.15975943087113137, 0.6320513439138636, 0.0984220869858333], [0.14907958056269147, 0.15385488132651537, 0.15150027427053225, 0.5455652637402609], [0.8487169540903693, 0.07189902997317854, 0.02997373370031666, 0.04941028213613547], [0.8457605935038248, 0.07164567550376667, 0.03179436437272483, 0.050799366519683704], [0.8002499907399284, 0.09863221607625539, 0.037438485628204544, 0.06367930745561165], [0.7728779738470367, 0.10963669173135165, 0.05098924671372692, 0.06649608760788472], [0.8033662258022929, 0.11757950965824236, 0.029269269941742306, 0.04978499449772249], [0.7523044879495753, 0.13281140670125036, 0.04810413685697062, 0.06677996839220371], [0.10354487828347742, 0.07345733209987036, 0.7194141905649509, 0.10358359895170123], [0.15905877421696474, 0.056731775662290845, 0.14490244935984548, 0.639307000660899], [0.1587318977153309, 0.7814089306481187, 0.03433902297526566, 0.025520148561284733], [0.2087360666946068, 0.6952614938948515, 0.05797840411333024, 0.038024035197211474], [0.20543376068431135, 0.10999122506750672, 0.11710880212302952, 0.5674662120251524], [0.13494556738739105, 0.11727898217223569, 0.6646166245088962, 0.08315882583147703], [0.12586725590556747, 0.08129638753707816, 0.691666864969198, 0.10116949148815636], [0.20356218818122304, 0.0671471367284137, 0.13997847048996523, 0.589312204500398], [0.13198954814885522, 0.8342764630934744, 0.020245651814171543, 0.01348833684349887], [0.20041230396657664, 0.7331306315066793, 0.041365649057806396, 0.025091415368937626], [0.24253524612256488, 0.10272389440006408, 0.11642374704333854, 0.5383171123340325], [0.18615602751613647, 0.14502156729210702, 0.5737166190424309, 0.09510578604932562]], "ideal": "B", "sampled": "B", "correct": true}}
{"type": "result", "data": {"idx": 9, "options": ["Women can achieve equality through political pressure.", "Equality is impossible because men define women as different.", "The idea of 'woman' needs to be redefined.", "The world is phallocentric and oppressive."], "probs": [[0.338660140639648, 0.30364250228818185, 0.16769420599171833, 0.19000315098045184], [0.344228779404144, 0.2723919491553896, 0.19619277410024624, 0.18718649724022016], [0.2963539538298103, 0.23085713270126693, 0.24194325456245785, 0.2308456588064649], [0.34145304557246786, 0.24987916645889116, 0.19158571956626014, 0.21708206830238083], [0.29868871415681014, 0.26366687211241474, 0.20858158479901875, 0.22906282883175633], [0.34187941721002535, 0.28795590135687227, 0.14939035028542216, 0.22077433104768018], [0.4357603062026955, 0.2296839734776418, 0.1350242455161419, 0.19953147470352078], [0.434481103726142, 0.24762734385162938, 0.1367489458520581, 0.1811426064701705], [0.41272152790845884, 0.22444556012172537, 0.16166296795838883, 0.20116994391142695], [0.42908707040079075, 0.27283398261665, 0.11918393378377708, 0.17889501309878217], [0.4321698908398993, 0.2242791089828908, 0.15174815283313078, 0.19180284724407912], [0.4707384915509284, 0.225935141388911, 0.11010629429787355, 0.19322007266228705], [0.28227754162658814, 0.2530947512241789, 0.23776734300110253, 0.22686036404813043], [0.32366645332914457, 0.28127387163210515, 0.176015749556106, 0.21904392538264425], [0.31727377995389927, 0.3124199350947617, 0.18082369180407507, 0.18948259304726398], [0.3575671208272303, 0.30594187060092565, 0.15383028524081546, 0.18266072323102858], [0.3312547056606576, 0.25805301625173216, 0.18298164826209806, 0.2277106297255121], [0.3327505787054567, 0.23975329874283738, 0.19875071348495452, 0.22874540896675136], [0.25368433432175047, 0.26181103996367655, 0.23469176186683008, 0.24981286374774286], [0.31220339606282743, 0.26710023085189527, 0.16978288707125416, 0.25091348591402307], [0.27893109373631186, 0.29239441268475375, 0.2277252477652953, 0.2009492457136391], [0.3265945515724891, 0.3021303921000906, 0.16685536004855533, 0.204419696178865], [0.3066306320530321, 0.24644257881434253, 0.20431148394951107, 0.2426153050831143], [0.2939545047266903, 0.2515048496846367, 0.22195085383002572, 0.23258979165864724]], "ideal": "A", "sampled": "B", "correct": false}}
{"type": "result", "data": {"idx": 10, "options": ["John Rawls", "Stammler", "Jerome Hall", "John Finns"], "probs": [[0.41131265943806533, 0.2826512181888557, 0.12350773358897693, 0.1825283886841021], [0.43311597525899626, 0.28398792010641083, 0.09367359777622464, 0.18922250675836824], [0.3785793837314662, 0.17881895866422243, 0.252223286785642, 0.19037837071866934], [0.4605946150227315, 0.1720998661986687, 0.08791549895937005, 0.2793900197192297], [0.34907210010424283, 0.1432501950642442, 0.31788533784715434, 0.1897923668843586], [0.46088155866314934, 0.15436472917233396, 0.1221354825455292, 0.2626182295189875], [0.45429194984419974, 0.26702952979135947, 0.10623870281346288, 0.1724398174509779], [0.475513786029948, 0.2666948139400816, 0.08009479939136643, 0.17769660053860392], [0.39619353999994295, 0.17307916539784746, 0.26812252799158076, 0.16260476651062883], [0.40535760485901345, 0.16896896545574377, 0.0947968903210203, 0.3308765392642225], [0.4062804695730223, 0.15662542773891422, 0.2623522462127007, 0.17474185637536285], [0.4091695478891853, 0.15529202024945216, 0.10674749849436639, 0.32879093326699615], [0.28495941412458564, 0.2475592567541774, 0.28058437346347836, 0.18689695555775862], [0.32098265412116855, 0.32093482139089, 0.08775952980591617, 0.2703229945820253], [0.31729649405265803, 0.2470857499045854, 0.26309152022898946, 0.1725262357137671], [0.315413802830626, 0.23805920777324455, 0.1107300966867343, 0.33579689260939516], [0.24728642786266217, 0.14089957738452713, 0.38309003186462864, 0.22872396278818208], [0.2544363552570577, 0.14496993175054965, 0.28389499857693623, 0.3166987143154564], [0.23268807972226582, 0.22201071179721127, 0.34935028919140126, 0.1959509191891216], [0.2772667192320933, 0.3292074599296696, 0.13304001488070508, 0.26048580585753206], [0.27004520309453256, 0.29653315078630227, 0.26176066374071455, 0.17166098227845056], [0.26427534613761045, 0.2769115608193463, 0.13498641750336496, 0.3238266754396783], [0.22004605499621094, 0.15849219024843256, 0.40480937946549045, 0.21665237518986605], [0.2418295966791796, 0.1636201094338558, 0.2534670157933977, 0.34108327799356686]], "ideal": "B", "sampled": "A", "correct": false}}
{"type": "result", "data": {"idx": 11, "options": ["Historical", "Analytical", "Command", "Sociological"], "probs": [[0.06352983190100989, 0.03454010843841436, 0.038532271410061526, 0.8633977881505143], [0.028510752155748904, 0.028960860371106605, 0.901045352538008, 0.04148303483513654], [0.06116093972533553, 0.029344034931285626, 0.024710632833721883, 0.884784392409657], [0.04107946580733545, 0.04108257642449101, 0.825263256755913, 0.09257470091226044], [0.12778199336579366, 0.6907871103349673, 0.05163074906846056, 0.1298001471307785], [0.13880119501908128, 0.6124287589266584, 0.04039598109146709, 0.20837406486279322], [0.07054938673513617, 0.07509559661656255, 0.046994597464167856, 0.8073604190841335], [0.02853520767750744, 0.05331303541329641, 0.8605099303522926, 0.05764182645690358], [0.08066673515923749, 0.052078641557860156, 0.10196734887856296, 0.7652872743043394], [0.030110643208313245, 0.03927359101598891, 0.71831353652189, 0.21230222915380778], [0.06513406983656918, 0.7224857698778169, 0.09626433108880594, 0.116115829096808], [0.06110363953798947, 0.4514865946791529, 0.035921531875839234, 0.4514882338070184], [0.13199531784832547, 0.055016576213539684, 0.04153038856101496, 0.7714577172771199], [0.07822444451381001, 0.06385040551900088, 0.7423188132557916, 0.1156063366113975], [0.08612367388736061, 0.0453815377260755, 0.08885311930842939, 0.7796416689781345], [0.036873508806971766, 0.03203763165427174, 0.7524075458736313, 0.17868131356512512], [0.22922338030676004, 0.38992955405248547, 0.09555823141368289, 0.2852888341270716], [0.16760942088463562, 0.31313788421095434, 0.06361876332691756, 0.4556339314774925], [0.34854975858644666, 0.17527011296292982, 0.1780284520511884, 0.2981516762994351], [0.33912012735611785, 0.15285899085197846, 0.07930218604834513, 0.4287186956435585], [0.279623253339983, 0.1341740408897908, 0.297677081932038, 0.2885256237381882], [0.20839430948225499, 0.09393342908575142, 0.07547650893127857, 0.622195752400715], [0.33698543902842, 0.16424284873750486, 0.17212568221755153, 0.32664602991652364], [0.26114030891607554, 0.11956455946070696, 0.11588427077909964, 0.5034108607441179]], "ideal": "D", "sampled": "D", "correct": true}}
{"type": "result", "data": {"idx": 12, "options": ["Conflict.", "Love.", "War.", "Reciprocity."], "probs": [[0.02876201617465498, 0.03014092491507008, 0.017997728491286023, 0.9230993303189889], [0.022815240583861494, 0.06106168912580677, 0.9114872379975744, 0.004635832192757365], [0.0198644777205961, 0.018659893783240407, 0.019251967279412457, 0.942223661116751], [0.011340663079573841, 0.04084263419672624, 0.9443028354573033, 0.003513867166396625], [0.11269541477095618, 0.8591387599023079, 0.020847621652638707, 0.007318203574097151], [0.0455308287004562, 0.9435668581664157, 0.008292616863537645, 0.002609696169590441], [0.029288371039995764, 0.03532833859732976, 0.024280191513994746, 0.9111030987486797], [0.020565151658668474, 0.07291525421656346, 0.9023409262216439, 0.004178667803124173], [0.03814168788639091, 0.037551352286731864, 0.04254925036560867, 0.8817577093612685], [0.019495464650642915, 0.050571180333384674, 0.9249259133488301, 0.005007441567142263], [0.026591225538332933, 0.9671283788460636, 0.005319038035790259, 0.00096135747981321], [0.030491701291914964, 0.9635106600801977, 0.004978088646740282, 0.0010195498811469902], [0.019028450193063286, 0.023312960334209026, 0.026416534892598525, 0.9312420544801292], [0.013003546914017316, 0.05648997159164571, 0.92614998312686, 0.004356498267476975], [0.03192269825558543, 0.03617200281982504, 0.02773305049062389, 0.9041722483339656], [0.014951908543517254, 0.056430636471395124, 0.9251747488882422, 0.0034427059968454177], [0.051793474203450346, 0.9325276448425852, 0.011557577166213666, 0.00412130368775074], [0.08398792299325239, 0.8889486354208069, 0.019949803489147756, 0.007113637996792905], [0.9603172870619467, 0.029001447437274782, 0.0043108595153679395, 0.006370405885410496], [0.9751166645852827, 0.01758480434548391, 0.002782511509029345, 0.0045160194602040385], [0.9495340235451708, 0.03681931881390835, 0.005559132695027954, 0.008087524845892915], [0.9510387343326444, 0.035189034670553086, 0.0051495365305987955, 0.008622694366203734], [0.9751082135611924, 0.017311963255240818, 0.0026969288891526017, 0.004882894194414175], [0.9689747035481237, 0.02174652913241884, 0.00360612662152664, 0.0056726405979308685]], "ideal": "D", "sampled": "D", "correct": true}}
{"type": "result", "data": {"idx": 13, "options": ["That there is no distinction between law and morality.", "That there is a distinction between right and wrong.", "That facts about the world or human nature cannot normally ordain what ought to be", "That human rights are fundamentally unsound."], "probs": [[0.5249895892515433, 0.22939256637804864, 0.12088601674760452, 0.1247318275228036], [0.5107257365669694, 0.2528983652338807, 0.09450051187523928, 0.1418753862239106], [0.4812356484099515, 0.20379635262369483, 0.20064468236133284, 0.11432331650502081], [0.43789224507327174, 0.15862327339781745, 0.09772196119875128, 0.3057625202301595], [0.26073050107836376, 0.10375320755765612, 0.47977080221488344, 0.1557454890490967], [0.28142741739062654, 0.08857144546474595, 0.29042950702429515, 0.33957163002033236], [0.36715792482870235, 0.372988450528436, 0.1460772589361705, 0.1137763656066912], [0.33230683699364605, 0.3947075067767303, 0.13221797542766744, 0.14076768070195622], [0.37521652686346146, 0.3062763076888873, 0.20404323021323975, 0.11446393513441146], [0.38050839868120623, 0.2575174012152736, 0.12748107502796596, 0.23449312497555416], [0.21399357060419105, 0.11281718648787245, 0.4900688674576422, 0.18312037535029427], [0.2247046414494019, 0.10290660116398344, 0.46122247663329935, 0.2111662806533153], [0.36297938764905147, 0.2783429067801681, 0.2271876219758837, 0.13149008349489671], [0.34095271656338616, 0.09771272320710385, 0.10239403464975645, 0.4589405254797535], [0.34455835302366844, 0.22600744325631628, 0.2561233005249185, 0.17331090309509675], [0.3659695982567075, 0.2438462525362309, 0.12650416790174016, 0.26367998120532143], [0.22214388348599362, 0.06366749709951117, 0.29902156516106354, 0.41516705415343164], [0.27133382929132444, 0.09678079427209102, 0.4270168915774706, 0.204868484759114], [0.08406112279601863, 0.6212580753147866, 0.2181006057483859, 0.07658019604080887], [0.14772114545707304, 0.4016277192408759, 0.22531369137644006, 0.22533744382561097], [0.09756467635795371, 0.6463367438614257, 0.19107176646276572, 0.06502681321785488], [0.1086521289489386, 0.6761441179721119, 0.13315252859190352, 0.08205122438704597], [0.15782732240252917, 0.2727679393247569, 0.30909619653400905, 0.26030854163870487], [0.13079497216824068, 0.26427707073429924, 0.4566664397259856, 0.14826151727147452]], "ideal": "C", "sampled": "B", "correct": false}}
{"type": "result", "data": {"idx": 14, "options": ["Individual stories are suspect.", "The law is static.", "Universal values are meaningless.", "Literature reproduces repression."], "probs": [[0.3763925162802686, 0.11846580443438726, 0.34820568817505354, 0.15693599101029063], [0.25823512957425576, 0.07172932471950888, 0.08788753128346023, 0.5821480143227752], [0.41536791675734974, 0.3902422334698843, 0.09415772907081903, 0.10023212060194693], [0.3955912795948194, 0.3602424451474996, 0.09398063761445191, 0.15018563754322906], [0.26248234312232344, 0.07883247673593052, 0.10282162499277536, 0.5558635550489707], [0.24665361844088243, 0.10611517917938151, 0.4005016177230569, 0.24672958455667912], [0.19823881377855068, 0.2668273865981625, 0.40690358307927943, 0.12803021644400736], [0.1695163969598114, 0.18334372066595972, 0.11654923681421003, 0.5305906454600188], [0.2646063942825354, 0.3732204548111002, 0.24099340260579474, 0.12117974820056965], [0.289914412316645, 0.43528034244358405, 0.12668639986528488, 0.14811884527448604], [0.11020921791499086, 0.060882087110427946, 0.1210890026147758, 0.7078196922598053], [0.1429886998761217, 0.10966613387708729, 0.5151680226518929, 0.2321771434948981], [0.5339850146982666, 0.25624164745449374, 0.09427015412199924, 0.11550318362524031], [0.5462228181312768, 0.19479816095367034, 0.09493703606379691, 0.16404198475125595], [0.5158341372738782, 0.13886113049605275, 0.19279637356271473, 0.15250835856735434], [0.5993084266234024, 0.1256455024530598, 0.09785481468462795, 0.1771912561389098], [0.5747254790020325, 0.12826562595470123, 0.09834322100194251, 0.1986656739413237], [0.5751777376430897, 0.13452421327861303, 0.10641957976975158, 0.1838784692085457], [0.12176721794758041, 0.07504250723466557, 0.1237328526333024, 0.6794574220844516], [0.1518601842904305, 0.11467218910525762, 0.49817245440444624, 0.23529517209986564], [0.10334119328769618, 0.06269949300261228, 0.10501022754988637, 0.7289490860598051], [0.13769595836573592, 0.10896204071751044, 0.5039137789071014, 0.2494282219096522], [0.2809829026911984, 0.4218901113662019, 0.1369777572746507, 0.16014922856794894], [0.2505682669244736, 0.468202285895581, 0.1384151259162424, 0.14281432116370302]], "ideal": "C", "sampled": "C", "correct": true}}
{"type": "result", "data": {"idx": 15, "options": ["Law as medium' describes law as a body of formal, general rules that control the state and the economy; 'law as institution' inhabits the 'lifeworld' and expresses its shared values and norms in institutional form.", "Law as medium' consists of the manner in which law is presented by the media; 'law as institution' describes the courts.", "Law as medium' concerns the manner in which the law expresses its rules in simplified terms; 'law as institution' refers to the formal declaration of laws by legislative bodies.", "Law as medium' is defined as the intermediate stage of legal development; 'law as institution' is the advanced stage."], "probs": [[0.895332826514905, 0.05635610306230044, 0.020411342684542602, 0.027899727638252016], [0.9297419820159093, 0.038984771959253706, 0.012856559874532537, 0.01841668605030446], [0.9130362015435579, 0.051514966464664115, 0.014305644268812345, 0.021143187622965565], [0.8623552355380159, 0.07419055215892865, 0.027293674728378778, 0.03616053747467666], [0.9511888963950172, 0.02828172154903226, 0.007978031629000166, 0.012551350326950362], [0.8901957653960411, 0.05691499133778587, 0.021943260922128206, 0.0309459822440449], [0.21583860384178483, 0.7188439026837079, 0.03993031896004885, 0.025387174414458407], [0.17828131185167834, 0.7744122944775897, 0.028211469563554938, 0.019094924007176953], [0.07507548694145104, 0.15894139176550137, 0.7351600006678167, 0.03082312052523087], [0.09742892968107693, 0.11391432346371567, 0.18207807160932288, 0.6065786751458845], [0.03447530848612431, 0.055095926845270024, 0.889510765593204, 0.020917998975401676], [0.06700216799647066, 0.05300429104796949, 0.23392493776417497, 0.6460686030913849], [0.46671928733749907, 0.43164478602595485, 0.05319450656403052, 0.048441419972515554], [0.47023720595538765, 0.3662245951127887, 0.08431857266891013, 0.07921962616291352], [0.09320669705633357, 0.07490048771679453, 0.7930266295045852, 0.03886618562228667], [0.09535939990520557, 0.05184881388622595, 0.1477446555943564, 0.7050471305142121], [0.0862758632298222, 0.07856362546384363, 0.7937512037482207, 0.041409307458113456], [0.09365308575330639, 0.04709356422170813, 0.12218419614555535, 0.7370691537794302], [0.16512769812737274, 0.8127870732981994, 0.01398668374884121, 0.008098544725586618], [0.2588738202789832, 0.6610634326273751, 0.048646993930243486, 0.03141575306339819], [0.03581625967859687, 0.046719785775042606, 0.895731985479427, 0.02173196896693348], [0.06389340179241705, 0.03936449913119827, 0.17646262508072516, 0.7202794738956595], [0.08262221206560733, 0.12999534121363257, 0.7483383733649858, 0.039044073255774324], [0.09193803848573788, 0.07387816545483158, 0.12183267512316641, 0.7123511208362642]], "ideal": "A", "sampled": "A", "correct": true}}
