{"type": "result", "data": {"idx": 0, "options": ["includes two or more alternatives", "classifies subjects", "affirms the antecedent or denies the consequent", "leads to a valid conclusion"], "probs": [[0.5947043476315991, 0.12862736368762737, 0.12863071644899557, 0.148037572131778], [0.5089822411028189, 0.13073208926800894, 0.21894238887027953, 0.1413432806588927], [0.6566051161702046, 0.1559700193672762, 0.06013448633704331, 0.12729037802547594], [0.6082798702045992, 0.16372802485986357, 0.12553898708297373, 0.10245311775256354], [0.5765822996386464, 0.21212982655140283, 0.07217765437437806, 0.1391102193355727], [0.6129701456618598, 0.17563066800726504, 0.1065298299810215, 0.10486935624985368], [0.09777949785871339, 0.8316321999181369, 0.0407653638708259, 0.029822938252323808], [0.09438600185902526, 0.8027793552853464, 0.06094850731176968, 0.04188613544385869], [0.04663088224321942, 0.053677868692549695, 0.8139178843047664, 0.08577336465946447], [0.21271702105885062, 0.22295265894177207, 0.19676118476633894, 0.3675691351330383], [0.04296832643309557, 0.05024168398359091, 0.8498624187939748, 0.05692757068933866], [0.12871956248547867, 0.08575732621777823, 0.19026531916748277, 0.5952577920292603], [0.23694406977036594, 0.6542419936801858, 0.04890143980121594, 0.059912496648232325], [0.247122832624266, 0.6310666634350766, 0.07537499617916232, 0.04643550766149518], [0.07871629355594353, 0.07630341556131309, 0.7470097596718637, 0.09797053111087972], [0.453504254780253, 0.12793188367690317, 0.2076557073231573, 0.2109081541196865], [0.1664083302085589, 0.0978350551774071, 0.6480602638019526, 0.08769635071208143], [0.5636841268156095, 0.15172853139494502, 0.0739478868897775, 0.2106394547996679], [0.22028708771021158, 0.657683664751746, 0.05484115036216817, 0.06718809707587424], [0.24664552343547247, 0.649844781627319, 0.058589529036789115, 0.044920165800419444], [0.058231163764137284, 0.06008751317257821, 0.8167151211875545, 0.06496620177572994], [0.21780970365894736, 0.10290141249311012, 0.23925730227138206, 0.44003158147656046], [0.12539049981770692, 0.08618859945865867, 0.6994999050394555, 0.08892099558417889], [0.3813414275264868, 0.23132005331587252, 0.09493669866566197, 0.2924018203919787]], "ideal": "A", "sampled": "A", "correct": true}}
{"type": "result", "data": {"idx": 1, "options": ["Changing the meaning of a word or phrase from one part of the argument to another.", "Confusing figurative language with literal language.", "Reasoning that ideas presented in an appealing manner are correct, regardless of the content of the message.", "Using emotionally charged language to create an impression about the subject of a claim, without making an argument that the language fits the subject."], "probs": [[0.16967082753552312, 0.11129037537249947, 0.47596255792555503, 0.24307623906642237], [0.0777822285812797, 0.0909475684075007, 0.74975055448664, 0.08151964842457966], [0.2286364448654632, 0.6513506381247387, 0.05346867867956255, 0.06654423823023552], [0.24546099190913157, 0.49587697733954395, 0.20035568546767982, 0.058306345183644644], [0.17490507237025335, 0.7597746068279073, 0.034443578776687946, 0.03087674192515141], [0.27687915744278935, 0.6143047121401543, 0.06892492518741679, 0.039891205129639645], [0.11686746736335922, 0.1572876466982074, 0.5238853341192046, 0.20195955171922877], [0.05935729869342001, 0.14464938550070344, 0.7232619031719661, 0.07273141253391041], [0.1816491240711367, 0.6644835124887293, 0.07813407817492452, 0.07573328516520954], [0.14443830337207098, 0.59872087464897, 0.20691937539970473, 0.049921446479254346], [0.13759344250998884, 0.7918198975500683, 0.0426280592752511, 0.027958600564691745], [0.18809561938647992, 0.7210700731190401, 0.06106996962197531, 0.02976433777250458], [0.8902375895278595, 0.05022922305725885, 0.023357371684478764, 0.03617581563040288], [0.7680091542425871, 0.10725207186247476, 0.0748682736398252, 0.04987050015511288], [0.9085651208402086, 0.04119080753940467, 0.021037359180383675, 0.029206712340003067], [0.8227241464324724, 0.07653480054652512, 0.0634454951143247, 0.03729555780667778], [0.6675013601485573, 0.2236005167558937, 0.057424313156121544, 0.05147380983942739], [0.7759846256783403, 0.16522812213286162, 0.029164243144976097, 0.029623008943822006], [0.8091554503840214, 0.07645845664290177, 0.04028863612197628, 0.07409745675110052], [0.7030496491824428, 0.13006731672674143, 0.08800244199345982, 0.07888059199735596], [0.8816078588405991, 0.05052533566449967, 0.02790151996235022, 0.03996528543255098], [0.8517164442083969, 0.06671932414154229, 0.04046441739141779, 0.04109981415864305], [0.6798114927881226, 0.17460565657521376, 0.07165542404356993, 0.07392742649309368], [0.8021874606296092, 0.119246425897917, 0.03470139655201462, 0.04386471682045913]], "ideal": "C", "sampled": "D", "correct": false}}
{"type": "result", "data": {"idx": 2, "options": ["significance", "snob appeal", "poisoning the well", "appeal to anonymous authority"], "probs": [[0.0160762597326274, 0.056110662934439004, 0.7867655958467706, 0.1410474813861629], [0.05944986157549488, 0.08786635681357075, 0.16159768099961333, 0.691086100511321], [0.08887533594200131, 0.7558314029767433, 0.05920031624442189, 0.09609294473683348], [0.11753417813051505, 0.6763345749670723, 0.10869662705533936, 0.0974346197470733], [0.12015798091863897, 0.17483332563926787, 0.08520146348231346, 0.6198072298597797], [0.10901077754442472, 0.23077986960204433, 0.5040656886187855, 0.15614366413474537], [0.035873557433195875, 0.1038068505770173, 0.6664017264444356, 0.19391786544535122], [0.08090194938413987, 0.11589556758592531, 0.17670719060461146, 0.6264952923253233], [0.08389707466351039, 0.649636909681335, 0.09962597265679334, 0.16684004289836124], [0.12708362960541536, 0.6062632925218012, 0.1395736949988141, 0.12707938277396927], [0.14270088819407611, 0.24275256466872827, 0.11647008220648274, 0.49807646483071283], [0.11174937915057963, 0.20236034387769758, 0.5331518570075963, 0.1527384198641266], [0.5930019197169583, 0.13866587395073737, 0.06972189454698403, 0.1986103116853203], [0.4917477442092848, 0.19560280731752722, 0.1453550926503484, 0.16729435572283957], [0.5118150558014982, 0.13562212478884467, 0.09921730758100075, 0.2533455117286563], [0.5234035175008175, 0.16214757914489905, 0.1523183412352125, 0.16213056201907095], [0.49681444821807824, 0.24593592603786837, 0.1009315066285644, 0.15631811901548898], [0.6090090915622943, 0.18866025050079893, 0.08241841257596173, 0.11991224526094504], [0.26723091995335824, 0.12234982482313028, 0.07898992063835363, 0.5314293344851578], [0.24381408419362027, 0.19287599568196548, 0.39574751222255444, 0.16756240780185977], [0.24747595557295043, 0.11509274116635869, 0.09691116357238298, 0.5405201395883079], [0.15720259120092114, 0.14539701178399148, 0.5402055543182172, 0.1571948425968702], [0.36780315359875765, 0.3915181130411254, 0.10537693569964707, 0.1353017975604699], [0.4063424139336031, 0.40004002745889666, 0.08926203034475383, 0.1043555281627464]], "ideal": "C", "sampled": "C", "correct": true}}
{"type": "result", "data": {"idx": 3, "options": ["a specific type of false cause fallacy that argues that since two event happened at the same time one event must have caused the other", "arguing that an event that preceded another event necessarily is the cause of the second event", "arguing that since something is new it is necessarily good", "drawing a conclusion based on a comparison when the items being compared are not similar enough to support the conclusion."], "probs": [[0.041312763139675, 0.04537655581737865, 0.10886800693630302, 0.8044426740066433], [0.09875989557172861, 0.12882816598277216, 0.6751713651463037, 0.0972405731991955], [0.0411484739528287, 0.03988569363169584, 0.10509835534939165, 0.8138674769660839], [0.062323622641983156, 0.07879708266231629, 0.7477622805665926, 0.11111701402910805], [0.016726034550974433, 0.9720846873046095, 0.00828120244609363, 0.0029080755983223994], [0.024644404150262356, 0.9541259935759456, 0.014489621725470463, 0.006739980448321567], [0.050590338434809694, 0.049038676615367094, 0.10881030324920471, 0.7915606816006184], [0.0985244259579474, 0.1368080336669956, 0.6735347307981628, 0.09113280947689413], [0.06809469752399522, 0.0620074542397486, 0.13759020844557915, 0.732307639690677], [0.055766779522491594, 0.09195847611452314, 0.7464261499150905, 0.10584859434789477], [0.04275388547155642, 0.9284937769327807, 0.020198126801360586, 0.008554210694302285], [0.029608492494591628, 0.935582957499769, 0.021665171291030013, 0.01314337861460932], [0.06840607778066589, 0.05851603516783407, 0.1258483426835582, 0.7472295442679419], [0.08936248173481258, 0.09970680101053536, 0.7031225122506201, 0.10780820490403203], [0.07079630318024484, 0.056891944041776936, 0.13438187488172515, 0.7379298777962531], [0.04538916237466338, 0.07254161387717341, 0.804846849758475, 0.07722237388968826], [0.07253361092081845, 0.8836309732592669, 0.029770776177861703, 0.014064639542052929], [0.04011037080749992, 0.9272690138107416, 0.02215366185522088, 0.010466953426537673], [0.8288853711305446, 0.09595305466059645, 0.03816758914834289, 0.03699398496051604], [0.8277928222188455, 0.08590307693873539, 0.03811861099016059, 0.0481854897522585], [0.8591354084452621, 0.07625495812104194, 0.033313595499796116, 0.03129603783389975], [0.8148794940479578, 0.09143458574064586, 0.04319003371216414, 0.05049588639923223], [0.8259246286972612, 0.08438051428263597, 0.04309631479028803, 0.0465985421298148], [0.8012545316002614, 0.09422055174635206, 0.04737628393931896, 0.057148632614067586]], "ideal": "D", "sampled": "D", "correct": true}}
{"type": "result", "data": {"idx": 4, "options": ["arguing that something should be done because that's the way it's been done in the past.", "arguing that an act should be carried out because it will not have any significant consequences, when there is no evidence of the effects", "reasoning that a conclusion is true because it's been claimed so often", "reasoning that a claim is true because so many people believe it is true"], "probs": [[0.13907951322415718, 0.10337704573099753, 0.5949174849826852, 0.1626259559621601], [0.24720521653779423, 0.1282746585356472, 0.44078526906201443, 0.18373485576454415], [0.3012998171139916, 0.42492953888390445, 0.09936865640261967, 0.17440198749948427], [0.3176296400353024, 0.420809603005433, 0.15004924161795197, 0.1115115152413126], [0.3251718032805564, 0.41108176720623735, 0.09764382387680631, 0.16610260553639994], [0.2976313321778967, 0.3269084789100753, 0.2391777705662019, 0.13628241824582607], [0.1019493154353282, 0.10039739680786063, 0.644575989011442, 0.15307729864536926], [0.1910042045969128, 0.1739601071595055, 0.45834315501551726, 0.1766925331280644], [0.17467831782687904, 0.659283608462286, 0.09206117277143404, 0.07397690083940099], [0.15016860663394127, 0.6626146830024123, 0.11515193372718935, 0.07206477653645706], [0.23612379766775207, 0.5239222918482429, 0.12839689029049067, 0.11155702009351438], [0.12717000217224037, 0.35670976441704416, 0.4170594699439342, 0.09906076336678124], [0.6373048877681164, 0.1467312392431266, 0.07151011217020356, 0.14445376071855345], [0.6327612665457901, 0.20867301923400242, 0.08974943586103136, 0.06881627825917613], [0.5748937000900716, 0.13445298071828826, 0.10973345241939146, 0.18091986667224866], [0.64506540560622, 0.1270335690272118, 0.15085271898505867, 0.07704830628150944], [0.6008585318641966, 0.19508080909241524, 0.10441922784369177, 0.09964143109969639], [0.6875583291327957, 0.1582949988986581, 0.06808158364636682, 0.08606508822217934], [0.42629587963651294, 0.13207379080579523, 0.0936539105504521, 0.34797641890723974], [0.32114625452445567, 0.1614989066185818, 0.39352802024613465, 0.12382681851082789], [0.4184305542756744, 0.14238489738516028, 0.15156490647573848, 0.28761964176342686], [0.2598438560702833, 0.11177650092914522, 0.525008797593068, 0.10337084530750348], [0.4050195363869238, 0.33579431710035695, 0.14670180726440224, 0.11248433914831701], [0.4748349239660979, 0.31632505194454635, 0.09063162181051232, 0.11820840217884346]], "ideal": "C", "sampled": "C", "correct": true}}
{"type": "result", "data": {"idx": 5, "options": ["false criteria", "hasty generalization", "ad crumenam", "division"], "probs": [[0.1166553826269311, 0.126141930875162, 0.07532104568469397, 0.6818816407132129], [0.17264833272839156, 0.15237199577482732, 0.49961382892438266, 0.17536584247239848], [0.1296346634496754, 0.1256551444404832, 0.08635936676592308, 0.6583508252439183], [0.11342021483776599, 0.12074836727519239, 0.6132125075080959, 0.15261891027894572], [0.22964231325412665, 0.5015829130269739, 0.0899320678333105, 0.17884270578558895], [0.19803054643449644, 0.5383104876404259, 0.07172506512542569, 0.191933900699652], [0.24988984499942704, 0.12763754007573858, 0.05935580503927443, 0.5631168097855599], [0.28646188552452473, 0.14631835932922707, 0.4040019276931935, 0.1632178273530547], [0.2835668356831691, 0.11821455639403451, 0.051643174713638565, 0.5465754331091578], [0.3559805452467658, 0.13512307404120572, 0.367303371392713, 0.14159300921931542], [0.43778552666826415, 0.31043908201578535, 0.07489902600799807, 0.17687636520795244], [0.497013648977839, 0.2831944472209581, 0.05844193960063723, 0.16134996410056565], [0.09154043277525106, 0.12128205505825672, 0.07830341101173773, 0.7088741010547545], [0.07959847507270051, 0.12329993201900041, 0.6460530450019769, 0.15104854780632218], [0.11723173629519436, 0.2812443249580208, 0.06785282188633356, 0.5336711167604512], [0.1376147588594443, 0.3682986552391506, 0.38000089492575456, 0.11408569087565057], [0.10999779279177595, 0.6738319917038679, 0.05361157222735196, 0.16255864317700422], [0.1330210387643539, 0.6547606440404804, 0.06382775908455283, 0.14839055801061288], [0.6479337842348425, 0.1423353690538511, 0.06516575698763281, 0.1445650896236736], [0.6479991673775218, 0.14235304294593162, 0.055745348328737905, 0.1539024412478086], [0.6546637694232073, 0.14158382324728996, 0.059950367432221555, 0.1438020397972812], [0.6587549079246561, 0.1447131850772262, 0.054075368446923414, 0.14245653845119433], [0.68839352033866, 0.12342788047919927, 0.04833388610569059, 0.13984471297645013], [0.6752565603066234, 0.13090878918812088, 0.06087784559233936, 0.13295680481291633]], "ideal": "D", "sampled": "D", "correct": true}}
{"type": "result", "data": {"idx": 6, "options": ["responding to an argument with an expression of derision instead of a counter argument", "attempts to gain agreement based solely the feelings aroused by the message", "characterizing an opponent's position in such way to make it or its consequences appear to be ridiculous", "arguing actions should be taken to avoid negative results, when those results are exaggerated, unlikely, or irrelevant"], "probs": [[0.05060391721803797, 0.08215158932127821, 0.8042595146012854, 0.06298497875939842], [0.2306520359781107, 0.11419575745361334, 0.1512863647137272, 0.5038658417545487], [0.22197772561923515, 0.6323855094614824, 0.07792903704637826, 0.06770772777290412], [0.3172535754160616, 0.5070014964877528, 0.09676722003592471, 0.07897770796026089], [0.28330647942570986, 0.1801021247922086, 0.14931298790869083, 0.3872784077733907], [0.11801592259418978, 0.13586041329932594, 0.65841245644661, 0.08771120755987435], [0.047168076033643785, 0.2471696883192848, 0.6411818861320183, 0.06448034941505312], [0.11343067714286004, 0.3897955657182419, 0.13057203394996691, 0.3662017230889311], [0.08280224136323334, 0.5930331790180826, 0.271526210352882, 0.05263836916580206], [0.16412720716675125, 0.6003896280319565, 0.1076489407197578, 0.12783422398153446], [0.04913649842108236, 0.06409335570434438, 0.5712973794259072, 0.31547276634866606], [0.041077933742342594, 0.05884889074367886, 0.7632536206012618, 0.13681955481271674], [0.6061474635132921, 0.2487746309331534, 0.06801178254988327, 0.07706612290367121], [0.5216762060154633, 0.29265238159884793, 0.09501328743103503, 0.09065812485465374], [0.15654043761181982, 0.10760344780830401, 0.6695682408350118, 0.06628787364486444], [0.5680723528337053, 0.13494046835387205, 0.11541952879583162, 0.18156764991659105], [0.4868889595644245, 0.16310355551708552, 0.2526207939318758, 0.09738669088661418], [0.6511763721754479, 0.14530921847018183, 0.08676640460615365, 0.11674800464821661], [0.16734639063927073, 0.23235780931927769, 0.15239113667183038, 0.4479046632696212], [0.082656386585329, 0.1384452930865309, 0.6922649998369335, 0.08663332039120666], [0.0223509203311811, 0.03685353625486984, 0.7880533982665114, 0.15274214504743758], [0.03009415451241519, 0.049622860355438766, 0.8135828465927731, 0.10670013843937294], [0.15356718920247936, 0.5114869880355895, 0.2612561783955439, 0.07368964426638731], [0.17081157479638368, 0.6151505570582443, 0.10200673857786263, 0.11203112946750936]], "ideal": "A", "sampled": "C", "correct": false}}
{"type": "result", "data": {"idx": 7, "options": ["Appeal to ignorance", "Double negative", "Equivocation", "Burden of proof"], "probs": [[0.971543190617742, 0.015950775715672928, 0.005960528625038975, 0.006545504941546121], [0.9685117186461275, 0.016926803830591516, 0.007167330169615546, 0.0073941472536654075], [0.973197885013824, 0.014548177013264416, 0.005697278350419482, 0.006556659522492057], [0.9709678805964367, 0.015941524742929796, 0.006341236589707421, 0.006749357970926045], [0.9684737409432526, 0.017738329401807387, 0.006732820592111782, 0.007055108962828292], [0.9722024355298392, 0.01596165101009812, 0.005872088576848614, 0.005963824783214051], [0.053319178963217424, 0.9160295204687005, 0.017583858367397145, 0.013067442100684971], [0.057218573347230864, 0.9091461194985138, 0.019166884114613057, 0.014468422939642327], [0.0712529644298826, 0.07238533347121225, 0.754297733231455, 0.10206396876745016], [0.22294688378952915, 0.17095587470721899, 0.10368808534674996, 0.5024091560565019], [0.05005756318411711, 0.051655094419028255, 0.8207569014656484, 0.07753044083120622], [0.22492194993267467, 0.14077068444362187, 0.11135410929537559, 0.5229532562283279], [0.10069889874342111, 0.8564191118939354, 0.021441165994680565, 0.021440823267962927], [0.17028331785989062, 0.7631568850089081, 0.0325007634297386, 0.0340590336014627], [0.0724887533602179, 0.06105183672923644, 0.767379922327106, 0.09907948748343971], [0.26461670785793595, 0.12897810819118788, 0.11205139427448096, 0.4943537895763952], [0.17232621227943842, 0.11845489198140571, 0.6110322060877658, 0.09818668955139011], [0.3057563097694624, 0.14902858878757155, 0.0862466271506915, 0.45896847419227454], [0.09074747071312998, 0.8745443943725169, 0.01843731191815456, 0.01627082289619856], [0.14880436269333594, 0.804436424178448, 0.024292954539124702, 0.022466258489091385], [0.06081628922145178, 0.04964610730320268, 0.8138509654469517, 0.0756866379283938], [0.2583426179103906, 0.11112662900335041, 0.09212010146977961, 0.5384106515164794], [0.1764662660044912, 0.10538994950820268, 0.6160158926819891, 0.10212789170531701], [0.2872801954619855, 0.1336129128736849, 0.07494524698077411, 0.5041616445835555]], "ideal": "A", "sampled": "A", "correct": true}}
{"type": "result", "data": {"idx": 8, "options": ["ignoring another person's arguments and attacking her character instead", "asserting an opposing arguer has taken an easily defeated position, which she has not really taken", "causing confusion during an argument by a lack of ability to engage in refutation", "using threats of harm instead of reasoning to gain agreement"], "probs": [[0.7423527240010821, 0.13310986755947343, 0.05548520385664173, 0.06905220448280272], [0.6260388549874829, 0.13754071238431284, 0.09452405066838881, 0.14189638185981546], [0.5820754635778154, 0.1566885972606478, 0.15185896711338223, 0.10937697194815466], [0.6007335185403905, 0.12594325839213744, 0.10119119285525259, 0.17213203011221948], [0.404893767939066, 0.1513209834937225, 0.22362955578801572, 0.22015569267919577], [0.5406899935083308, 0.14106987186480355, 0.10647770223247488, 0.2117624322943908], [0.26571294256077643, 0.6474847227976546, 0.042044245049438454, 0.044758089492130504], [0.22717086493951197, 0.6175552285987339, 0.07037840352450175, 0.08489550283725239], [0.24411176870145396, 0.13068472237128667, 0.5168681298236194, 0.10833537900363999], [0.37802675644273287, 0.11711932059785256, 0.12083442597994666, 0.3840194968794679], [0.09592971490644897, 0.08467217786276535, 0.7089736672221049, 0.11042443990868082], [0.2555914077259658, 0.10823489624579598, 0.11166930118095583, 0.5245043947472824], [0.26242911030919325, 0.5219390832278007, 0.12205002837003588, 0.09358177799297016], [0.19535781766858257, 0.592473471554072, 0.08403011654787686, 0.12813859412946849], [0.2107553560357397, 0.19801888605532547, 0.49009298118864736, 0.10113277662028747], [0.2737484451669092, 0.26953684076041945, 0.11061439912638786, 0.34610031484628345], [0.04956530816033523, 0.0646568094476238, 0.8001272737189244, 0.08565060857311656], [0.12848764369497104, 0.11164884763624468, 0.25159903795887517, 0.5082644706099091], [0.21053134765512427, 0.40585948803361277, 0.1858119611014294, 0.1977972031098336], [0.19294512557462293, 0.6037411183072549, 0.0767550777828691, 0.12655867823525305], [0.09016360543132321, 0.09750742682228652, 0.6983404910985269, 0.11398847654786334], [0.17083267102175279, 0.14163666328995678, 0.10043501403959021, 0.5870956515487002], [0.09913807810930221, 0.09170427644217059, 0.6671284237692673, 0.14202922157925985], [0.12387528559534744, 0.09351812886453528, 0.29259356999662867, 0.49001301544348863]], "ideal": "A", "sampled": "A", "correct": true}}
{"type": "result", "data": {"idx": 9, "options": ["Laudatory personality", "Guilt by association", "Reprehensible personality", "Circular reasoning"], "probs": [[0.08272018072550705, 0.7848098563023931, 0.05596925043855169, 0.07650071243354814], [0.08058521920364926, 0.7410260967741977, 0.07810297654357554, 0.10028570737857744], [0.0508051172327924, 0.09200747113544394, 0.7124556130922026, 0.14473179843956105], [0.10588126900264078, 0.147016220658492, 0.1564876814110098, 0.5906148288278574], [0.016964990140094935, 0.04909150695111457, 0.8567180126772818, 0.07722549013150867], [0.11205142902284063, 0.1966732471488922, 0.13100542321989328, 0.5602699005083739], [0.6019166886775789, 0.16456045699144256, 0.07895033296005188, 0.15457252127092666], [0.6092708518747998, 0.1493096004559279, 0.07745444548167611, 0.16396510208759618], [0.6562759337734904, 0.1441698105051895, 0.062001752236102166, 0.13755250338521796], [0.579158310378976, 0.16336143136895323, 0.08086402028634163, 0.17661623786572914], [0.5372213840816444, 0.19763392649776623, 0.08238118325202054, 0.18276350606856873], [0.5396587453115772, 0.21133457909402556, 0.07653611437718065, 0.17247056111721654], [0.046739015828831894, 0.07353925561863768, 0.7311854364963323, 0.14853629195619814], [0.08167540463753034, 0.10165497886836936, 0.14334769865959224, 0.673321917734508], [0.10016710979355403, 0.7636249630889014, 0.05445759296592742, 0.08175033405161716], [0.12490289657059, 0.6544357537568831, 0.09576319157119607, 0.12489815800133083], [0.06683210282849517, 0.11192876844478933, 0.09134866296331538, 0.7298904656634001], [0.023548445716065985, 0.057382961454354314, 0.8302000450928287, 0.08886854763675099], [0.021528250767222572, 0.04928101119865397, 0.8466678122205873, 0.0825229257135362], [0.16480919471509442, 0.136642468906053, 0.14097067502265107, 0.5575776612562016], [0.06817446673789777, 0.8176252871590753, 0.05309171993906256, 0.06110852606396435], [0.06893827174521641, 0.8267878477965785, 0.04888254885369209, 0.05539133150451291], [0.11141606587232145, 0.10145253028434634, 0.09382269554429043, 0.6933087081990418], [0.03044925586212819, 0.06248310137664032, 0.8103013913221246, 0.09676625133910678]], "ideal": "B", "sampled": "B", "correct": true}}
{"type": "result", "data": {"idx": 10, "options": ["Appeal to ignorance", "Extension", "a priori", "Complex question"], "probs": [[0.5574303601083247, 0.09686843882238391, 0.06976866392204831, 0.2759325370472431], [0.617788943024209, 0.1274892009102797, 0.11250883181431706, 0.14221302415119422], [0.5594538533046756, 0.09875289496913814, 0.07338247556820533, 0.26841077605798097], [0.5705179400557432, 0.13341472545531832, 0.13764673005506275, 0.15842060433387575], [0.6534520983042532, 0.13696925340713284, 0.0768332779330668, 0.13274537025554717], [0.63411259935899, 0.1459810007085552, 0.0806183593831781, 0.13928804044927673], [0.1607472103450719, 0.39170323631115034, 0.07957960427264485, 0.3679699489711329], [0.20679200259203068, 0.49608955544832545, 0.16360089939980796, 0.13351754245983588], [0.11096368397272445, 0.08917336497209936, 0.26208300372136684, 0.5377799472338094], [0.07742504318122591, 0.07274733754068828, 0.6186765662214092, 0.23115105295667654], [0.18979498100446537, 0.2325703456424219, 0.36589051924967925, 0.21174415400343344], [0.16179678806813586, 0.3070711676213734, 0.1777117060073349, 0.3534203382031558], [0.2043987451468529, 0.3818897192725203, 0.09213584385976194, 0.32157569162086486], [0.22391820619007533, 0.43164165109972064, 0.1856529469797015, 0.15878719563050253], [0.11404108085026744, 0.08882906154654648, 0.27790861904958436, 0.5192212384536017], [0.07861946405251219, 0.07741618040299846, 0.5901713282744303, 0.253793027170059], [0.18652472454008018, 0.2471313698977868, 0.3377945225435815, 0.2285493829185515], [0.17978859481767787, 0.2657376308693279, 0.22376955220159012, 0.3307042220114041], [0.3255550788265857, 0.4180312062821959, 0.10736302045337809, 0.14905069433784032], [0.3277940998972373, 0.4016370415041986, 0.1132889969043543, 0.15727986159420984], [0.27305831078385484, 0.1230909536533894, 0.39118517381290635, 0.2126655616498494], [0.35591563313683383, 0.11556152167087375, 0.21928867532140078, 0.3092341697708917], [0.2848277091695153, 0.12251906095710081, 0.3490175604471234, 0.24363566932626052], [0.34767756121613913, 0.10772005547787444, 0.22802989352471625, 0.31657248968127016]], "ideal": "D", "sampled": "A", "correct": false}}
{"type": "result", "data": {"idx": 11, "options": ["Attacking the Person (ad hominem)", "Equivocation", "Begging the Question", "Appeal to Pity"], "probs": [[0.45774098544101666, 0.2231152471212663, 0.16581387569119582, 0.15332989164652122], [0.4311992905663244, 0.2272537675566194, 0.13784195328264434, 0.20370498849441188], [0.47389213149587045, 0.2536787002314693, 0.11615304854605014, 0.1562761196266101], [0.4536599387393204, 0.28839025972843607, 0.11294446560149203, 0.14500533583075143], [0.430471177682219, 0.23044407248839446, 0.1419795240009619, 0.19710522572842468], [0.4269344571839176, 0.2395235186504737, 0.18366144869370635, 0.14988057537190233], [0.27255444360358555, 0.3236893012014771, 0.2601152813243199, 0.1436409737706175], [0.2909090090590822, 0.31456871411476767, 0.15331742970673465, 0.2412048470194155], [0.2835209794142881, 0.39365034071071864, 0.18889456339800417, 0.13393411637698907], [0.27765027099530387, 0.40401122571974923, 0.14183500619058562, 0.1765034969943613], [0.2669100840692068, 0.24688795942245545, 0.24689912039252115, 0.2393028360158166], [0.24291294448758505, 0.23919549225567718, 0.33734490961419356, 0.18054665354254423], [0.3178628290018618, 0.35461180341834775, 0.1701626130719905, 0.15736275440779995], [0.3621473990228783, 0.33494354274836274, 0.12914102498545124, 0.17376803314330772], [0.2897959351249816, 0.3085066377808101, 0.23656482992190778, 0.16513259707230052], [0.3096176087546675, 0.29088881608915146, 0.16575935481321227, 0.23373422024296875], [0.3270136366902562, 0.2547103128370696, 0.23193102727103992, 0.18634502310163434], [0.304968872783946, 0.24508853984672305, 0.2302539416993063, 0.21968864557002463], [0.31742523536302897, 0.3769638706499614, 0.13029140815138598, 0.17531948573562367], [0.32896674695499767, 0.37278050938809326, 0.17338125862645243, 0.1248714849304566], [0.26753190954429573, 0.25531268878149993, 0.25532943768717925, 0.2218259638870251], [0.26739333272554805, 0.23235728883016918, 0.29837955375218794, 0.20186982459209485], [0.29577558789014063, 0.3512718326802674, 0.20651998806139946, 0.14643259126819247], [0.2969790487284229, 0.3161667083235332, 0.18588516668264388, 0.20096907616540002]], "ideal": "C", "sampled": "A", "correct": false}}
{"type": "result", "data": {"idx": 12, "options": ["Equivocation", "Affirming the Consequent", "Gambler's Fallacy", "Inconsistency"], "probs": [[0.346821739632, 0.2421591322406754, 0.1799677976800332, 0.23105133034729136], [0.32601123493713663, 0.24231997445186512, 0.2040553840832044, 0.22761340642779387], [0.3388264325446915, 0.23657939268163092, 0.20236841427589483, 0.22222576039778272], [0.31263238188478293, 0.23603378233933456, 0.1754042953077388, 0.2759295403681437], [0.31379543796633597, 0.33407025530364487, 0.17332696396384975, 0.17880734266616938], [0.2973733544052297, 0.3215796351111221, 0.16683886943579262, 0.21420814094785562], [0.3687490357649067, 0.2574630860370835, 0.16366467636686022, 0.21012320173114957], [0.3452838217248664, 0.2566349620846307, 0.1819896779171783, 0.2160915381733246], [0.3815313165542029, 0.25025101747838496, 0.15418311492501297, 0.21403455094239915], [0.39174966771334435, 0.26100115152078723, 0.13754502552318615, 0.20970415514268226], [0.37317906694319103, 0.23724720662703286, 0.1735782422375478, 0.21599548409222827], [0.3836459219072073, 0.24389722940866998, 0.17027512191023383, 0.2021817266738889], [0.396189558579953, 0.2154400582264973, 0.16262076308827317, 0.22574962000527649], [0.36142465468607127, 0.20597201583709934, 0.15546885131234922, 0.27713447806448016], [0.4061305699499453, 0.21741514747903729, 0.1590643179536447, 0.21738996451737272], [0.42525659274547306, 0.220652944443004, 0.1402532350952215, 0.21383722761630145], [0.37551032751085317, 0.1888567321622302, 0.15655548312025228, 0.2790774571066644], [0.3977242111762005, 0.20002552864935474, 0.16843222079976902, 0.23381803927467576], [0.3398322912635848, 0.26057667702408627, 0.19980774220946937, 0.19978328940285958], [0.31757542487783413, 0.24735605714231762, 0.18382716177055772, 0.25124135610929055], [0.3427077880562531, 0.22832066158635062, 0.21449914892106756, 0.2144724013363287], [0.3696561510440026, 0.23135571524207463, 0.19483162751084768, 0.20415650610307506], [0.3305785704904809, 0.25748777770638176, 0.16625041015646938, 0.24568324154666796], [0.35897833640231597, 0.250635299816032, 0.19520597448790028, 0.19518038919375175]], "ideal": "D", "sampled": "B", "correct": false}}
{"type": "result", "data": {"idx": 13, "options": ["arguing that something is necessarily bad because it doesn't cost very much", "substituting individual stories for a larger sample when supporting a generalization", "arguing that what is true in nature must be true about humans", "the same thing as the  post hoc  fallacy"], "probs": [[0.065206964372717, 0.06625330151312764, 0.7946366907769026, 0.07390304323725276], [0.20454000391717794, 0.08798735039518106, 0.0966356492684031, 0.6108369963192379], [0.3026818930800071, 0.44045150275594264, 0.12041480838048324, 0.13645179568356705], [0.21872801156798247, 0.6231504840602198, 0.05796350316773569, 0.10015800110406209], [0.10995969067745043, 0.05444339243786872, 0.09555201333353865, 0.7400449034511423], [0.04218659145569197, 0.0493341121822874, 0.8088296590768874, 0.09964963718513316], [0.052031192299359943, 0.06376811496383726, 0.8141700513842166, 0.0700306412525862], [0.1835855989016173, 0.1046225715260766, 0.1096430479918038, 0.6021487814805023], [0.169456080216569, 0.7361330416663461, 0.04352370665354794, 0.05088717136353694], [0.1394515453262156, 0.7900906623834639, 0.031118105398327288, 0.039339686791993164], [0.1205649021231503, 0.07429123779822405, 0.13244165676165903, 0.6727022032169666], [0.031040322771571687, 0.036298728792917026, 0.8659045825139029, 0.06675636582160835], [0.4279588226241893, 0.19905084666185138, 0.16761911163470505, 0.2053712189792543], [0.5493617098181568, 0.1433301876590136, 0.09548082272856906, 0.21182727969426052], [0.4472686118523336, 0.2357290571055875, 0.1498403869395677, 0.1671619440025112], [0.5988201125417898, 0.17428723625165923, 0.08901834073585957, 0.13787431037069137], [0.4878328449337904, 0.1511519013997619, 0.13762842787150562, 0.2233868256949421], [0.46771277890876956, 0.16942180968546416, 0.16167001620836802, 0.20119539509739826], [0.11367429300768053, 0.08449174651757785, 0.09425880224638646, 0.7075751581283551], [0.03756467252594095, 0.0659487768941734, 0.8034890293271523, 0.09299752115273333], [0.11336866596148207, 0.0925477729265563, 0.12070826259973165, 0.67337529841223], [0.03497290741201593, 0.047815533268719144, 0.847648294470195, 0.06956326474906997], [0.09234996505704293, 0.8361181273320921, 0.03242091701365866, 0.039110990497206254], [0.13218014433329275, 0.7726654697429896, 0.04497632551400338, 0.05017806030971425]], "ideal": "C", "sampled": "C", "correct": true}}
{"type": "result", "data": {"idx": 14, "options": ["Style over substance", "Question begging epithets", "Hypostatization", "Amphiboly"], "probs": [[0.37942460740921397, 0.26908892791395045, 0.1352956017015524, 0.21619086287528322], [0.3616771345719053, 0.2605415543572602, 0.13306054273317014, 0.24472076823766437], [0.34307305043702985, 0.21140435965940368, 0.18654373842232827, 0.25897885138123816], [0.3612160086270559, 0.19337718186828892, 0.15058623252793302, 0.29482057687672214], [0.3026494861925676, 0.18649744607118102, 0.183585520582051, 0.32726754705420036], [0.3689364978619086, 0.18554102819670437, 0.14907177836978494, 0.29645069547160213], [0.42880772476711115, 0.19944461579613978, 0.13493541484923227, 0.23681224448751678], [0.4135134692519608, 0.19535909008936267, 0.13636757025643753, 0.25475987030223896], [0.4360315268204416, 0.17620383463831768, 0.15069473012810103, 0.23706990831313965], [0.41530473387757055, 0.15765960667370574, 0.11354306033312452, 0.31349259901559917], [0.41632225606583256, 0.1531833352402649, 0.1531621457877864, 0.2773322628061161], [0.4047981352996645, 0.14894119458427219, 0.11067005658049058, 0.3355906134355727], [0.27592485729192856, 0.3078792645045309, 0.18382657788604173, 0.23236930021749877], [0.2645980158868779, 0.33979735281343776, 0.13099627390678484, 0.2646083572928995], [0.31548958383993364, 0.26991029601901984, 0.16888603334571112, 0.24571408669533543], [0.2947974954517615, 0.2684739371814889, 0.12290240718921484, 0.3138261600775347], [0.22977397528299634, 0.1734840623409136, 0.240828253031378, 0.355913709244712], [0.24634995665247206, 0.19190616271541458, 0.19188539049578385, 0.3698584900363295], [0.22879909784892738, 0.2675581196410687, 0.19572790871904305, 0.3079148736909609], [0.2619883236915886, 0.3210458600667578, 0.13806881626367398, 0.27889699987797967], [0.28398377546760095, 0.25862813764096276, 0.16437381994194605, 0.2930142668494902], [0.2921193285310112, 0.2702270488204596, 0.12178562761796025, 0.31586799493056894], [0.21575524553749834, 0.181732138428758, 0.2522746697493844, 0.3502379461843593], [0.24099056312899655, 0.20298946831455092, 0.1998185753406233, 0.3562013931158292]], "ideal": "B", "sampled": "B", "correct": true}}
{"type": "result", "data": {"idx": 15, "options": ["Tu quoque", "Composition", "Appeal to the masses", "Appeal to reason"], "probs": [[0.09171482516335808, 0.0772503643126412, 0.6569796448653965, 0.17405516555860415], [0.16517152136658242, 0.10338230584097682, 0.14578052080872958, 0.5856656518837111], [0.110690493111473, 0.7564622416639851, 0.053114889102459734, 0.07973237602208214], [0.09568074130768754, 0.7887210668865648, 0.052844679659282356, 0.06275351204646529], [0.2008000492371955, 0.1380349166234433, 0.123722978000012, 0.5374420560393491], [0.060305833361184266, 0.09055141291196069, 0.7234480326387436, 0.12569472098811144], [0.11306904831785199, 0.12228668297667301, 0.5566630279958438, 0.20798124060963125], [0.163793230862524, 0.14457801844688992, 0.11984958467772665, 0.5717791659128594], [0.14190500804713357, 0.6985344940595747, 0.05734231483943239, 0.1022181829538594], [0.11534061353048498, 0.7639983240345856, 0.04734083972202673, 0.07332022261290273], [0.1597062581464668, 0.1409691347546271, 0.11504849645342917, 0.5842761105454769], [0.06612870589196305, 0.09327775933985144, 0.6892139828420383, 0.15137955182614726], [0.7361907259809639, 0.08656624539147567, 0.04932206454304301, 0.12792096398451738], [0.7328127972223368, 0.09918032998112841, 0.05563332325893154, 0.11237354943760317], [0.7247682186058776, 0.08260230688445402, 0.058571163340868725, 0.13405831106879967], [0.7604113560338472, 0.07184623502279153, 0.03967608688417076, 0.1280663219591905], [0.7555473760673578, 0.08746582688016384, 0.04983464442311159, 0.1071521525293668], [0.7887746271173441, 0.06680486499904063, 0.03255697412218116, 0.111863533661434], [0.177311843309084, 0.10425606570249973, 0.09947257714239405, 0.6189595137460222], [0.07605374368625073, 0.09467476495207981, 0.6780134893433843, 0.1512580019182851], [0.15373018840594158, 0.09472982121741655, 0.11425569247818929, 0.6372842977984525], [0.07027113227525583, 0.07482151463411528, 0.6668415466225417, 0.18806580636808723], [0.10674843071732372, 0.7410001075160079, 0.05804291674611409, 0.09420854492055429], [0.11564831120289379, 0.7424516357652333, 0.04897223594936643, 0.09292781698250643]], "ideal": "C", "sampled": "C", "correct": true}}
{"type": "result", "data": {"idx": 16, "options": ["poisoning the well", "suppressed evidence", "appeal to pride", "appeal to the people"], "probs": [[0.3102552615559927, 0.10074476226711712, 0.09316407212550673, 0.49583590395138344], [0.1792477071106, 0.11757898329512687, 0.5522232651158286, 0.15095004437844442], [0.2740294202309653, 0.094717910561502, 0.08623330808214144, 0.5450193610253913], [0.18844717598724015, 0.10573523411784777, 0.5897130921659761, 0.11610449762893597], [0.3175565803461634, 0.5661271045200017, 0.04870277497571127, 0.06761354005812366], [0.31730176669995197, 0.5745720566383945, 0.049429337273105466, 0.058696839288548075], [0.20027907489143348, 0.19414994407962302, 0.13982528655062518, 0.4657456943783183], [0.12040202497831018, 0.12819376777609398, 0.6309946868830942, 0.12040952026250162], [0.11467345057771265, 0.08261133729585417, 0.14272704719069862, 0.6599881648357345], [0.05520767366038898, 0.06065110139184822, 0.7743412880359412, 0.1097999368118216], [0.2511452938683533, 0.6216121679812373, 0.051831824631580724, 0.0754107134188286], [0.2390507846478033, 0.6498340013656623, 0.04154482638214921, 0.06957038750438525], [0.1733371997698211, 0.11193312286460433, 0.08061764088146213, 0.6341120363841125], [0.12315099960416626, 0.11572136242397801, 0.6454315925213094, 0.11569604535054631], [0.12187270637317626, 0.0934588001059593, 0.1257539968699527, 0.6589144965509117], [0.08269693640018347, 0.08402281936145906, 0.6926003046192509, 0.14067993951910648], [0.22686520692530143, 0.6564831439576295, 0.05062696855931494, 0.06602468045775406], [0.21314337926887666, 0.6774039293051511, 0.041324865222780255, 0.06812782610319194], [0.7242799022817579, 0.11824536450725337, 0.05945615159726837, 0.09801858151372035], [0.7234761010359039, 0.13384230234115566, 0.06522695622347761, 0.07745464029946283], [0.6736744290235422, 0.11526505046783078, 0.08837462499880404, 0.12268589540982298], [0.7163604007892755, 0.09848688688614894, 0.0625992352095118, 0.12255347701506368], [0.7015060290217147, 0.12002767055067685, 0.08644848444861677, 0.0920178158789917], [0.7328109062533678, 0.09464373332831348, 0.05477352006066264, 0.11777184025765607]], "ideal": "D", "sampled": "D", "correct": true}}
