{"type": "result", "data": {"idx": 0, "options": ["Bargaining", "Satisficing", "Accepting", "Compromising"], "probs": [[0.3841917302267153, 0.47817237249090666, 0.057105199773230746, 0.08053069740914723], [0.32690304270915194, 0.413271096208558, 0.15202702467093246, 0.10779883631135756], [0.18833729903509303, 0.18257628651486393, 0.5282759744633849, 0.10081043988665808], [0.25408700863225564, 0.24248137300216377, 0.34192730011880346, 0.16150431814677713], [0.2646981159727958, 0.4645758236139174, 0.18479417124931188, 0.08593188906397486], [0.29099251354517014, 0.5269353067984786, 0.07831883093104243, 0.10375334862530892], [0.6310832226014892, 0.204910324561661, 0.05261785928803219, 0.11138859344881764], [0.586186017910007, 0.19332323340583338, 0.09569132754850103, 0.12479942103565854], [0.7278025637166684, 0.12260848099840742, 0.0666472082272996, 0.08294174695762456], [0.5465870891491204, 0.15420208295375049, 0.10431920347365613, 0.19489162432347304], [0.49548299592198225, 0.2304432013532508, 0.16858244442989753, 0.10549135819486939], [0.5405908226426267, 0.2325322329765484, 0.06456373631308555, 0.16231320796773932], [0.029023615694540407, 0.13633671426962538, 0.714343131847665, 0.12029653808816926], [0.04163384018086225, 0.19863588884011002, 0.48398115685233756, 0.27574911402669017], [0.027456993745818458, 0.9092179109218825, 0.03363830658528418, 0.029686788647014812], [0.04316593414049947, 0.8144846709465969, 0.07006281744105128, 0.07228657737185232], [0.05204503000869653, 0.42901618403046193, 0.4357799106790181, 0.0831588751818234], [0.049234179929846376, 0.4744968906295621, 0.358167633154353, 0.11810129618623853], [0.3353585227535913, 0.38600819436307626, 0.1795068342914447, 0.09912644849188776], [0.28047100751542015, 0.5406310163132761, 0.0655836412834969, 0.11331433478780682], [0.34834018990593363, 0.49125951209717106, 0.0789489246040586, 0.08145137329283668], [0.26768195127846567, 0.6032764202632898, 0.05353933845038012, 0.07550228990786449], [0.26679931875782587, 0.20458314396258642, 0.3590372341942614, 0.1695803029853263], [0.10750967928057424, 0.12376651074418667, 0.679596299762147, 0.08912751011309207]], "ideal": "B", "sampled": "B", "correct": true}}
{"type": "result", "data": {"idx": 1, "options": ["Framing bias", "Hindsight bias", "Over-confidence bias", "Heuristics"], "probs": [[0.3234052239256591, 0.2639556428542661, 0.122749659304352, 0.2898894738157228], [0.3121710279791351, 0.28873281377351145, 0.23200442347570918, 0.16709173467164432], [0.3460858372154952, 0.2653603711673719, 0.12731901568802653, 0.26123477582910637], [0.35847056133177446, 0.28806176374014364, 0.19189232811430396, 0.16157534671377788], [0.23253617208069166, 0.6321015498624796, 0.06874071959629309, 0.06662155836053561], [0.2403200131629005, 0.5948152344327691, 0.08050273152771663, 0.0843620207766138], [0.5154670553208562, 0.1866975603318908, 0.08957509829065159, 0.20826028595660143], [0.6113388214992559, 0.1724493878512215, 0.08807376419946908, 0.12813802635005353], [0.4665926312000942, 0.2658608635661168, 0.09045347574202509, 0.1770930293917639], [0.4895936055403832, 0.2620714819376829, 0.11448957218117, 0.1338453402407639], [0.5659214579605673, 0.28015686702147247, 0.06154157295192613, 0.09238010196603412], [0.4886390668784926, 0.3306385847373804, 0.0682316701831861, 0.11249067810094085], [0.55100287643534, 0.1680492957677071, 0.084496560222299, 0.1964512674746539], [0.6227832303902019, 0.16246843056756027, 0.09402581258860329, 0.12072252635363455], [0.4990639872001232, 0.2509441170942222, 0.0802049592133485, 0.1697869363923061], [0.5183842143018406, 0.2606642822611119, 0.09589182513073934, 0.12505967820630817], [0.613737553216939, 0.2558407013083303, 0.05117115253154698, 0.07925059284318366], [0.5833973483551878, 0.3026600283228449, 0.0464142315703711, 0.06752839165159621], [0.9645911262398851, 0.023770361269930314, 0.00482946421653715, 0.006809048173647422], [0.9544530301055593, 0.03020164117870718, 0.006136005143770045, 0.009209323471963456], [0.9525909126823754, 0.0331051343493759, 0.006318400276340539, 0.007985552591908135], [0.9544998250843626, 0.032152059892086915, 0.005947641465140182, 0.007400473458410329], [0.9388699975094937, 0.04124754751476388, 0.008250083756515869, 0.011632371119226466], [0.9532342293491103, 0.032615279067194615, 0.006033371415566919, 0.008117120068128215]], "ideal": "D", "sampled": "D", "correct": true}}
{"type": "result", "data": {"idx": 2, "options": ["The way things are.", "The way things are going to be.", "The way things should be.", "The way things were."], "probs": [[0.005342284630362306, 0.05149591663271519, 0.9272081164314938, 0.01595368220542867], [0.031798312463881734, 0.046258964694083825, 0.0215129895730733, 0.9004297331689611], [0.008040472854440778, 0.9893871578762, 0.001595928845219623, 0.0009764403241396065], [0.005715425085854081, 0.9918143295111611, 0.001550616113359847, 0.0009196291896250013], [0.026087012333697663, 0.03678521913507205, 0.03195976489432758, 0.9051680035369027], [0.006419067551388343, 0.05050052922973635, 0.923610608382641, 0.019469794736234284], [0.01250884660845402, 0.15973445503751604, 0.7986623510143924, 0.02909434723963753], [0.04453663651181359, 0.08857365201792712, 0.026592893899950176, 0.8402968174703092], [0.013749380002370892, 0.9792102748587568, 0.0045345507467073705, 0.002505794292164926], [0.012334105424486066, 0.979954842479564, 0.004004877785135978, 0.003706174210813977], [0.03898555156155639, 0.05944672403476399, 0.17747384836907223, 0.7240938759346074], [0.007294059288119036, 0.03426899245352284, 0.9262478375717897, 0.03218911058656842], [0.6236839642320483, 0.24812424076796724, 0.04244539750941685, 0.0857463973905676], [0.638391022606363, 0.22413824663408036, 0.03955885797014764, 0.09791187268940897], [0.39066055052505133, 0.13088762146407254, 0.40948438405888865, 0.06896744385198748], [0.6249922760141599, 0.12310177888784121, 0.042536848637481896, 0.2093690963605171], [0.6103532308816908, 0.13837505725784977, 0.11292058576980249, 0.1383511259906569], [0.6657200727799927, 0.11571613427166359, 0.039365565150843954, 0.1791982276974998], [0.05113888961093098, 0.08431319240732607, 0.0646438605792683, 0.7999040573024746], [0.008845968715184966, 0.08136204273183625, 0.8885662165861379, 0.021225771866840888], [0.026449607593502608, 0.06055856901566921, 0.413856474452865, 0.4991353488379632], [0.008595671952175607, 0.0479559848833698, 0.9049165123870224, 0.03853183067743219], [0.09579218530548572, 0.8406464112189544, 0.0425113980890567, 0.021050005286503155], [0.07037174060790961, 0.8846277725501528, 0.022145506322337544, 0.022854980419600057]], "ideal": "C", "sampled": "C", "correct": true}}
{"type": "result", "data": {"idx": 3, "options": ["The potential for entry into the industry", "The threat of substitute products", "The power of customers", "The level of rivalry"], "probs": [[0.061049611593840585, 0.18513067796302207, 0.06601015207214796, 0.6878095582709894], [0.024269532871137412, 0.23027780810189433, 0.6162938119132161, 0.12915884701375213], [0.04940611013113373, 0.11487445722397274, 0.08670942290654732, 0.7490100096383462], [0.023521214721234914, 0.13749995826299866, 0.6357994675000492, 0.20317935941571721], [0.09477332625434803, 0.6578384392110888, 0.08363973781972169, 0.16374849661484153], [0.08054354366000113, 0.7406304687682252, 0.04809549944613857, 0.1307304880256351], [0.04876199818588452, 0.1549653020366853, 0.05700754033904176, 0.7392651593383884], [0.02154070026372361, 0.17757811214454325, 0.680744373989497, 0.12013681350223614], [0.051344310044502454, 0.12511187138063964, 0.08077479476848465, 0.7427690237063732], [0.04317092474299805, 0.1817729452617531, 0.5342687904195933, 0.24078733947565553], [0.11078738337550799, 0.6179127646520268, 0.07380256001060366, 0.19749729186186152], [0.10603449103036551, 0.639458975709846, 0.05948164885393583, 0.19502488430585266], [0.03493609096838876, 0.09646331759886494, 0.09797784174114518, 0.7706227495916012], [0.016288680013597807, 0.10960175953146303, 0.7146727029360412, 0.15943685741889796], [0.04387991322630294, 0.14387781327024796, 0.07011804441667831, 0.7421242289867708], [0.03315697758269936, 0.24502072831120905, 0.5187133185961683, 0.20310897540992326], [0.09414705773465704, 0.5010530426754136, 0.09125073389170112, 0.31354916559822815], [0.09348240215193995, 0.4529937668289613, 0.18303185154062496, 0.27049197937847375], [0.13922649865905457, 0.1873593609718455, 0.264213031723331, 0.40920110854576897], [0.22843778471506782, 0.24317990603369405, 0.08807090055167477, 0.44031140859956336], [0.1729026333574822, 0.29412276776932333, 0.14334266522031103, 0.3896319335528834], [0.2030552791869842, 0.34005933803385885, 0.10052077549978616, 0.3563646071793708], [0.17803304262513725, 0.1865872637161416, 0.12823238815018778, 0.5071473054085334], [0.1448882137789177, 0.1831627867856499, 0.3019801214920552, 0.36996887784337723]], "ideal": "D", "sampled": "D", "correct": true}}
{"type": "result", "data": {"idx": 4, "options": ["Margaret Thatcher", "Mikhail Gorbachov", "Nelson Mandela", "Bill Clinton"], "probs": [[0.31511949387734, 0.26539234906119674, 0.17404433630420793, 0.2454438206572553], [0.3171780454374775, 0.25891018297035495, 0.19543001344976582, 0.2284817580424017], [0.2979348599612801, 0.24702888724717822, 0.20801122484511228, 0.24702502784642938], [0.30374047157111217, 0.24793958661461032, 0.2154057472728854, 0.2329141944413921], [0.3124775038716272, 0.2590883114539027, 0.19253349589171148, 0.2359006886827586], [0.3137878132478355, 0.2601756712507951, 0.18162695791056996, 0.2444095574907994], [0.3012503846619604, 0.2966149018431417, 0.16380221407851725, 0.23833249931638062], [0.30337142489243574, 0.2940736368887554, 0.18402193210636256, 0.21853300601244635], [0.2830493151858522, 0.26180815694098225, 0.22046002743423757, 0.23468250033892799], [0.2709957441713343, 0.24676800507128205, 0.2354624043307401, 0.24677384632664354], [0.29595320972890676, 0.2824332671712541, 0.19109986435797344, 0.2305136586418657], [0.28182538921063116, 0.26477604707251595, 0.19676156046864382, 0.2566370031482091], [0.29430289738053494, 0.2943400906772084, 0.17852019463839214, 0.23283681720386457], [0.29866018888347934, 0.2895109951206613, 0.18985812364110177, 0.22197069225475757], [0.28261412061799773, 0.2697103716379128, 0.21335260468431103, 0.23432290295977848], [0.27287553924944524, 0.25239645680059913, 0.22624182024595255, 0.24848618360400304], [0.284033183487163, 0.2753285806399715, 0.2014303386223102, 0.23920789715055527], [0.28210729357759373, 0.2609363794065846, 0.20006257293607896, 0.25689375397974273], [0.30943942528013607, 0.2565667071170347, 0.19671123020933753, 0.23728263729349167], [0.3059141130711924, 0.2616922933105886, 0.1826859915874302, 0.2497076019307888], [0.3015138551516895, 0.24611695475079554, 0.21382534820423113, 0.23854384179328383], [0.28794478509095406, 0.23503608298824033, 0.2106828775587734, 0.26633625426203217], [0.28561334948028, 0.24054037805356093, 0.229518809011908, 0.24432746335425107], [0.27548465540462597, 0.2284063134621606, 0.22486217652787494, 0.2712468545053385]], "ideal": "D", "sampled": "A", "correct": false}}
{"type": "result", "data": {"idx": 5, "options": ["Work flow design", "Work schedule design", "Work rate design", "Work output design"], "probs": [[0.13221878144490554, 0.8487112734691005, 0.011373272450507768, 0.007696672535486272], [0.16831088379870868, 0.8028526226327275, 0.01565387224514121, 0.013182621223422623], [0.3177588974443875, 0.20838766418958996, 0.3657494295991116, 0.10810400866691088], [0.31122407859541473, 0.16920350656727082, 0.05241550467113921, 0.4671569100661752], [0.3183037255738775, 0.22924935862546633, 0.34416418591781245, 0.10828272978284376], [0.3360951953226133, 0.21698913703515185, 0.05401259468743005, 0.3929030728548048], [0.6060022417668387, 0.27314539418286715, 0.03754919957687129, 0.08330316437342282], [0.5871323630845547, 0.2688051294060461, 0.04671154024450525, 0.09735096716489393], [0.6929134779804077, 0.1645856221738602, 0.0378895931068862, 0.10461130663884588], [0.6952007904281965, 0.16004699109716938, 0.033027707139551096, 0.11172451123508301], [0.6079296446433342, 0.22716356727010964, 0.05068727190774717, 0.11421951607880901], [0.6410474585533602, 0.21139597260638177, 0.03616542260984261, 0.11139114613041541], [0.2112428310672646, 0.22485960197761948, 0.4686912139391466, 0.0952063529159693], [0.2571234183389144, 0.2453315330895286, 0.07366302828239966, 0.4238820201891574], [0.12480240302327744, 0.8527729502466146, 0.012949482524450941, 0.009475164105656974], [0.11824304796516483, 0.8600614206201357, 0.012857540712875896, 0.008837990601823543], [0.2721313651439937, 0.21864934287385085, 0.07439208276177035, 0.4348272091203851], [0.23647791497246828, 0.22214217812793563, 0.44878265925900535, 0.09259724754059073], [0.2622928638664814, 0.2748659273324664, 0.35851851369221927, 0.10432269500883296], [0.2863388210574431, 0.30006270182439343, 0.057268868387590564, 0.3563296086305729], [0.12308952933233631, 0.8542962653559428, 0.012972594213357093, 0.009641610998363716], [0.08755440338497651, 0.8981020098205833, 0.009084638126223047, 0.005258948568217136], [0.26113570671208336, 0.18229162755229497, 0.06106004013158414, 0.4955126255040375], [0.2606080115935068, 0.2126983207393456, 0.4230374598891266, 0.10365620767802095]], "ideal": "B", "sampled": "B", "correct": true}}
{"type": "result", "data": {"idx": 6, "options": ["Workers enjoy responsibility.", "Workers view physical and mental effort as a natural part of work.", "Workers like to show initiative.", "Workers like to be directed."], "probs": [[0.23139468461216128, 0.2350995303790785, 0.10111588607030671, 0.43238989883845347], [0.24505469930864668, 0.2568982021819411, 0.2529287413382546, 0.2451183570711576], [0.21377174235572904, 0.20726054595930207, 0.19778069557088643, 0.38118701601408245], [0.156719875075633, 0.1891176096248463, 0.3703106023232326, 0.2838519128762881], [0.23998736915516228, 0.44151060762359046, 0.14560758226879822, 0.17289444085244904], [0.24146517928908712, 0.44422229789059947, 0.11409444275777196, 0.20021807996254146], [0.3046349953827359, 0.18773110300428633, 0.0846134212071458, 0.42302048030583195], [0.33360508080961127, 0.20240484176042206, 0.2121170311954097, 0.25187304613455697], [0.3321093991887414, 0.20788703952898407, 0.09517499910404974, 0.36482856207822484], [0.28780856725675685, 0.2349817752603153, 0.29706248638043475, 0.18014717100249308], [0.32062828537595717, 0.47393777961759953, 0.07382896541810843, 0.13160496948833486], [0.3140897469722285, 0.4642791630507901, 0.08861433666526226, 0.1330167532117191], [0.257615830610027, 0.22389293871230692, 0.17712095114127413, 0.3413702794363919], [0.20222058304108187, 0.20229537197244965, 0.32329918396067514, 0.27218486092579336], [0.30951400683426733, 0.2607146080056743, 0.1053365465001398, 0.3244348385599185], [0.2387694829646969, 0.26232376301163157, 0.3214305293025432, 0.17747622462112833], [0.2718317114909638, 0.515959003215022, 0.07550430859647456, 0.13670497659753966], [0.26521701210805293, 0.5113238210015639, 0.10389279805335379, 0.11956636873702939], [0.4433258705392334, 0.2336805576794034, 0.13524658775099796, 0.18774698393036526], [0.48602130558808054, 0.20908234611727422, 0.08580721616371594, 0.21908913203092933], [0.510174609214849, 0.29075555690798316, 0.06387014400900815, 0.1351996897681597], [0.4995177909016783, 0.2983431949172532, 0.06976369334493435, 0.13237532073613414], [0.4973248094620241, 0.2462521270788189, 0.07628439138709428, 0.18013867197206268], [0.4366425643685574, 0.28199391083611375, 0.12319722872947063, 0.1581662959658582]], "ideal": "D", "sampled": "D", "correct": true}}
{"type": "result", "data": {"idx": 7, "options": ["Referent", "Expert", "Reward", "Legitimate"], "probs": [[0.32492551809514103, 0.19708072014195194, 0.0475455792116061, 0.4304481824513009], [0.22257810497176944, 0.22609278220519327, 0.40305613866804535, 0.14827297405499193], [0.29025103882123293, 0.1874017517386273, 0.04381970573993692, 0.47852750360020285], [0.24926227328668876, 0.21321408448471343, 0.4513795375372595, 0.08614410459133828], [0.3263421137522227, 0.4976133966058536, 0.06326290540236794, 0.1127815841395558], [0.4220425360364116, 0.4423011111085049, 0.06782727485731645, 0.06782907789776699], [0.027890199376979955, 0.938015744919916, 0.01916599989988475, 0.014928055703219232], [0.04720723247203668, 0.8498650176534582, 0.08414931578809945, 0.018778433986405666], [0.007156521134529024, 0.05455664957928957, 0.8944564527455812, 0.04383037644060027], [0.0116814813177596, 0.056601103653132936, 0.7573873435199381, 0.1743300714091694], [0.019963023178142716, 0.1984896261806111, 0.7491461853176979, 0.03240116522354822], [0.0692812525202155, 0.503975353788452, 0.07490641064890113, 0.3518369829424314], [0.04164430312495858, 0.8363715631555395, 0.04296230332292281, 0.07902183029657904], [0.04634367205297472, 0.747890159287179, 0.1748946264148475, 0.030871542144998806], [0.006574172041573247, 0.06536436524668729, 0.8884231455246879, 0.03963831708705147], [0.011115750069040762, 0.06808590748794317, 0.7207000703245531, 0.200098272018463], [0.01365480204406477, 0.13576030780418225, 0.8188422948005112, 0.03174259525124174], [0.053849187344692864, 0.2777523727186071, 0.05218666104659106, 0.6162117787901089], [0.16231764497218523, 0.7623396244949756, 0.045781696596850864, 0.029561033835988286], [0.11360686516326614, 0.8394022077059671, 0.03254680087247924, 0.014444126158287529], [0.030336188768921767, 0.13385487543047678, 0.8073114421140516, 0.028497493586549894], [0.20181217637270052, 0.1925785526993625, 0.06551716427209585, 0.5400921065558412], [0.04391974275745455, 0.14628420986685922, 0.7665581816645547, 0.04323786561113151], [0.18441779291365085, 0.1705621274574189, 0.05894151504316988, 0.5860785644857603]], "ideal": "D", "sampled": "A", "correct": false}}
{"type": "result", "data": {"idx": 8, "options": ["Henry Fayol", "Max Weber", "Adam Smith", "Mary Parker Follett"], "probs": [[0.011860076447322312, 0.9720193833260089, 0.013024984047609654, 0.0030955560790590737], [0.02053134145847213, 0.9439741124185983, 0.02850473230749837, 0.006989813715431241], [0.002298653551609739, 0.035397879306058436, 0.9567874131221952, 0.005516053920136631], [0.012372115049572478, 0.13300734137683304, 0.07697970060887685, 0.7776408428647177], [0.0036835421522921864, 0.05852925808693919, 0.9299849921614691, 0.007802207499299455], [0.020845592911804166, 0.27032216121895825, 0.1540264564399968, 0.5548057893292407], [0.6587809993276708, 0.2923153373192967, 0.020847205303542327, 0.028056457949490247], [0.6051997338867064, 0.3239237259179026, 0.031575600486144405, 0.03930093960924658], [0.443246088072178, 0.21940843350093117, 0.2773558147466768, 0.059989663580214035], [0.588511915257377, 0.13760858106387608, 0.020774888729187754, 0.25310461484955915], [0.4198866816261976, 0.23552332814701327, 0.28409440503555916, 0.06049558509123004], [0.5903710280237703, 0.1665109588247052, 0.02593657814286581, 0.21718143490865874], [0.0034269396061536585, 0.06671174565754122, 0.9209694629997868, 0.008891851636518377], [0.013987430441498479, 0.25579439018862743, 0.087030278748513, 0.6431879005213611], [0.009375926943684046, 0.9713202616702882, 0.017243388865871425, 0.002060422420156396], [0.006928873310053196, 0.981090428844564, 0.008757693182401197, 0.003223004562981564], [0.006516240585064747, 0.07115477375834994, 0.5774553460605806, 0.34487363949600475], [0.0016359038090863285, 0.02403651316057763, 0.9601940916597389, 0.014133491270597142], [0.014531376889494333, 0.17158851557063395, 0.7811219254963213, 0.03275818194355043], [0.03098617739349704, 0.338370428490796, 0.10647206316124357, 0.5241713308544633], [0.03953122903808655, 0.858520070867446, 0.08111055572220925, 0.020838144272258257], [0.013873582111138521, 0.9574409862227358, 0.015235478245259887, 0.013449953320865828], [0.013949875237752459, 0.1132019123056664, 0.5400657467167622, 0.33278246563981895], [0.003683365294928397, 0.048515846565072074, 0.9154756943541863, 0.03232509368581319]], "ideal": "B", "sampled": "B", "correct": true}}
{"type": "result", "data": {"idx": 9, "options": ["Frederick Taylor", "Seebohm Rowntree", "Henry Ford", "Max Weber"], "probs": [[0.16262600914725178, 0.604189913195371, 0.07802143470306491, 0.15516264285431228], [0.13432640075025776, 0.6820995171710927, 0.04714800350380798, 0.13642607847484156], [0.1703904023712476, 0.4217347925996687, 0.20553406193388712, 0.20234074299519658], [0.1826258138934003, 0.5537863927988769, 0.06613845328222104, 0.1974493399255018], [0.07641070449200155, 0.11471682211677686, 0.5735293711674285, 0.23534310212379309], [0.11814773914636661, 0.1381366114041401, 0.41238299315309584, 0.3313326561963974], [0.7654758234763098, 0.09731988772850254, 0.03362774648164722, 0.10357654221354039], [0.7874666284945953, 0.09259087439683004, 0.02736673983831012, 0.09257575717026462], [0.7696981343263543, 0.11620764303303378, 0.02360628146137103, 0.09048794107924088], [0.6756751347865871, 0.19973280465842197, 0.028771345628211584, 0.09582071482677933], [0.8461538975068918, 0.07509928042045991, 0.016495665195699928, 0.06225115677694826], [0.7334322419618, 0.11972952257850804, 0.04913076097872175, 0.09770747438097016], [0.42119668342992933, 0.13675102526455307, 0.23998255548279573, 0.20206973572272185], [0.7018746058476544, 0.10270553711476328, 0.033865745728811944, 0.16155411120877036], [0.4937560911030103, 0.334087643747385, 0.03927970348590874, 0.13287656156369598], [0.679537203598393, 0.1947006808188956, 0.029392517387242738, 0.09636959809546872], [0.7414712155000707, 0.09136884458157736, 0.027863101829073148, 0.13929683798927883], [0.6016722827298934, 0.14070510653183815, 0.10786959367106118, 0.1497530169672073], [0.03948755978570392, 0.0836015650948902, 0.6999598819058025, 0.1769509931136034], [0.10732196215793437, 0.11973498613419445, 0.3864790508897771, 0.3864640007180941], [0.058653960757974716, 0.8891095319593233, 0.019338727859950118, 0.03289777932275183], [0.11972455902177455, 0.7448765177443156, 0.053121392667967816, 0.082277530465942], [0.15577599114529217, 0.5697721136206565, 0.05820417667708065, 0.21624771845697072], [0.1501611962812346, 0.5241238630522845, 0.1501618966358315, 0.17555304393064933]], "ideal": "B", "sampled": "B", "correct": true}}
{"type": "result", "data": {"idx": 10, "options": ["John Kenneth Galbraith", "John Maynard Keynes", "Milton Friedman", "Alfred Marshall"], "probs": [[0.22465564124605292, 0.15684490225796283, 0.4263353923777036, 0.19216406401828062], [0.24506406483583754, 0.16583055256138934, 0.07832647859266936, 0.5107789039101037], [0.3592395155696088, 0.27545597218619744, 0.12222553208928434, 0.24307898005490935], [0.35120225472517874, 0.2413973695006576, 0.1464028678152021, 0.2609975078589616], [0.210139718479664, 0.16624603916165684, 0.0785233366630927, 0.5450909055955865], [0.2119876349361907, 0.1600338893953616, 0.40230829701386783, 0.22567017855457988], [0.2882698392780818, 0.1495655439320803, 0.3117036753360416, 0.2504609413537963], [0.298615157574356, 0.14783814547967725, 0.19892188904680397, 0.3546248077991628], [0.31651476965703734, 0.16680709023020798, 0.2583373265704659, 0.2583408134422888], [0.3156450782592877, 0.16377173850602542, 0.2785622858294125, 0.2420208973052743], [0.25486601535808545, 0.16979173583143584, 0.08404635267816532, 0.4912958960323134], [0.32665433502941116, 0.1890706661431467, 0.1472367004236357, 0.33703829830380644], [0.5206834595772966, 0.14235661710333888, 0.09482228613706488, 0.24213763708229966], [0.4934423487933816, 0.13490978485083566, 0.1348969102469899, 0.2367509560087928], [0.5122620944405962, 0.14005471451547796, 0.10570961744675292, 0.24197357349717294], [0.534780553739912, 0.13312703173647567, 0.07948536908389546, 0.25260704533971695], [0.5138277602362805, 0.1449419164863542, 0.0787957712480521, 0.2624345519293131], [0.5276045936311385, 0.14882780998125525, 0.058275987976668706, 0.26529160831093745], [0.43724230627294847, 0.12527742327285254, 0.10224043043661668, 0.3352398399175823], [0.4342695901636011, 0.12638920920983307, 0.24360262581065986, 0.19573857471590594], [0.3735597333872847, 0.14403099934725724, 0.059104482027448904, 0.4233047851380091], [0.5095558014134888, 0.12884562822347992, 0.09724783606606288, 0.2643507341969684], [0.4966156817223893, 0.12557043227467726, 0.11612377401117374, 0.26169011189175967], [0.5414912861488563, 0.1246644593550609, 0.08978426723131541, 0.24405998716476732]], "ideal": "C", "sampled": "C", "correct": true}}
{"type": "result", "data": {"idx": 11, "options": ["Mary Parker Follett", "Elton Mayo", "Lillian Gilbreth", "Frederick Taylor"], "probs": [[0.07441216269820118, 0.9065395372395129, 0.012338465589784912, 0.006709834372501044], [0.08530443939443265, 0.8889078116207568, 0.018447801289990275, 0.007339947594820283], [0.02638210312214608, 0.05762760651876541, 0.9014191517471537, 0.014571138511934754], [0.08996743649958597, 0.113727786870177, 0.031091586264010183, 0.7652131902662268], [0.019770699687840156, 0.05902798047036378, 0.9090196980401289, 0.012181621701667148], [0.11817433177613827, 0.10593032382040371, 0.028958816700414756, 0.7469365276030433], [0.924887789803738, 0.051372715501155346, 0.007061741427926892, 0.01667775316717983], [0.9337707261320257, 0.04872412720461659, 0.008206053200526022, 0.009299093362831693], [0.9229551446711102, 0.051264795397025366, 0.007501458215320162, 0.018278601616544314], [0.9416190893508509, 0.041374000157461975, 0.006546140070048382, 0.010460770321638753], [0.9250662169224106, 0.05301393074730238, 0.008928579701482193, 0.012991272528804812], [0.9385242407095895, 0.043217125045900556, 0.006627369122752247, 0.011631265021757719], [0.01940179720820951, 0.05032886091030195, 0.906121660450252, 0.02414768133123655], [0.058108342566537616, 0.08587673545543209, 0.02831911188227368, 0.8276958099957566], [0.04680023945306156, 0.9400229764620951, 0.008006524051472801, 0.005170259933370538], [0.048213419060648376, 0.9386122788480792, 0.008248302531648951, 0.004925999459623465], [0.02983838358384883, 0.040782627245949374, 0.01547901911199486, 0.9138999699582069], [0.015243915016032873, 0.03892998931732079, 0.9285519216622096, 0.017274173904436745], [0.01770162119018858, 0.05988814001877034, 0.9079613815663684, 0.014448857124672665], [0.04673386235914964, 0.05132630362060096, 0.020098724517384998, 0.8818411094028644], [0.049001605916920876, 0.9391668627298424, 0.008649033118869436, 0.0031824981343672783], [0.043566657343838175, 0.9461650468533014, 0.007111866207258889, 0.0031564294956015542], [0.03613469507025743, 0.040944696448357264, 0.019644523582872924, 0.9032760847985124], [0.017939794405846542, 0.046536206154277795, 0.9201786907547228, 0.015345308585152873]], "ideal": "B", "sampled": "B", "correct": true}}
{"type": "result", "data": {"idx": 12, "options": ["Strategic", "Operational", "Functional", "Developmental"], "probs": [[0.042236082094275026, 0.036694630840124025, 0.03187980863177935, 0.8891894783338216], [0.05362184497982377, 0.08306210146876873, 0.8006156354089702, 0.06270041804243735], [0.04792240437704006, 0.04099000449482215, 0.03451573334410939, 0.8765718576840283], [0.04928388312223377, 0.07876459889793941, 0.7956098106561994, 0.07634170722362739], [0.0686091210491396, 0.8896827067142216, 0.01483746885392741, 0.026870703282711406], [0.0631439450479495, 0.8992744515817166, 0.013235201811301377, 0.02434640145903248], [0.02561200906436369, 0.056820130859078645, 0.028570679465874636, 0.888997180510683], [0.023944255318992854, 0.08489696807156852, 0.8442710763008188, 0.04688770020861986], [0.0174492140127129, 0.02876739032175219, 0.04455536337911398, 0.9092280321864209], [0.023762779352230996, 0.05272779995556361, 0.7394610656420916, 0.18404835495011385], [0.06857274778571813, 0.8485247871261836, 0.03502460352836198, 0.04787786145973625], [0.043433717408149615, 0.8588445589835875, 0.017825416820380843, 0.07989630668788202], [0.06159498077618573, 0.1015571191573343, 0.0502723559646349, 0.786575544001845], [0.04898407299078837, 0.1193742584062224, 0.7545678620555237, 0.07707380644746546], [0.04254143232908426, 0.05462486939657229, 0.08728934661004734, 0.815544351564296], [0.0344679399259927, 0.06856124975147032, 0.7606163761864015, 0.13635443403613542], [0.1374220791083147, 0.6354752608444403, 0.08079236541723395, 0.14631029453001101], [0.09759068324726541, 0.6566086802188797, 0.03590362732669062, 0.20989700910716416], [0.3711615966408546, 0.3327203243364114, 0.040997432510810616, 0.2551206464119234], [0.3485832090642389, 0.35966025506545984, 0.028613154692228703, 0.26314338107807256], [0.36659050530389486, 0.12474045342062912, 0.2404299562993118, 0.2682390848761642], [0.2664181510415047, 0.06842539254859119, 0.025969199059714756, 0.6391872572501893], [0.37089632892084284, 0.12819243144710699, 0.09982694460040896, 0.4010842949316412], [0.2693323464671854, 0.07597423169314135, 0.02838690421232435, 0.6263065175273489]], "ideal": "A", "sampled": "D", "correct": false}}
{"type": "result", "data": {"idx": 13, "options": ["Guiding, mentoring and motivating", "Guiding, commanding and motivating", "Guiding, demonstrating and motivating", "Guiding, mentoring and demonstrating"], "probs": [[0.44753170363091205, 0.14761998857720615, 0.0923623213349547, 0.31248598635692704], [0.4416578014872876, 0.17300992815679397, 0.10011287553845108, 0.2852193947174673], [0.47730379580696036, 0.1649922554776147, 0.06359979414900235, 0.2941041544664226], [0.35546826980942253, 0.22600165200965983, 0.13284600769487803, 0.2856840703860396], [0.48639270577291693, 0.1415890837521277, 0.07230315042625939, 0.29971505994869596], [0.3763990401845281, 0.17784206567416372, 0.13848687706992968, 0.3072720169713785], [0.4003019749807949, 0.25055370478966793, 0.08658138174685427, 0.2625629383826829], [0.38277402801540883, 0.2358777987413995, 0.0923613093131904, 0.2889868638300013], [0.40978448430602904, 0.22284516196012494, 0.09434983555102848, 0.2730205180828176], [0.36902553620072254, 0.20383873854990464, 0.09627799114945419, 0.33085773399991864], [0.31646501071670974, 0.19809297624952596, 0.23892814696640202, 0.24651386596736224], [0.355080227669739, 0.178586875736345, 0.132700804837213, 0.333632091656703], [0.4668679112797481, 0.2137986799040723, 0.06940096129531653, 0.24993244742086307], [0.38196590823560395, 0.21768720608029857, 0.10281754360673986, 0.29752934197735764], [0.41660751894212283, 0.14178858896132088, 0.18489377912744032, 0.25671011286911594], [0.3741798623533304, 0.14888208500339403, 0.12535085529926726, 0.3515871972440083], [0.3365782000337312, 0.19791679392761927, 0.20739339543930627, 0.2581116104993433], [0.3847870981015264, 0.15309689367160723, 0.07118575754102896, 0.3909302505858374], [0.3239478670050247, 0.27285706181011743, 0.09881064000301977, 0.30438443108183816], [0.27595868292733117, 0.28477996160550284, 0.14543996533131603, 0.29382139003584995], [0.214348140551294, 0.18921819609326682, 0.35348460601437703, 0.24294905724106214], [0.22071795995656948, 0.15654870399612206, 0.3162208700990101, 0.30651246584829833], [0.2299773165346873, 0.2606564539605926, 0.26064608275209367, 0.2487201466526264], [0.25493438568751076, 0.18655207373136826, 0.09677149931246899, 0.461742041168652]], "ideal": "A", "sampled": "A", "correct": true}}
{"type": "result", "data": {"idx": 14, "options": ["Incomplete information", "An agreed goal", "A structured problem", "High level of certainty regarding the environment"], "probs": [[0.42298073517728635, 0.20298412893882378, 0.08329604006387398, 0.2907390957200159], [0.4215965881941626, 0.19305373921934682, 0.09556120737393597, 0.28978846511255457], [0.43717220421234054, 0.19102180002209654, 0.07597374915316922, 0.2958322465123937], [0.4961584059743158, 0.2005043685386058, 0.09323253014444392, 0.21010469524263445], [0.45764312484488445, 0.2031113073258489, 0.07018677196834043, 0.26905879576092623], [0.5188103047114947, 0.20640665704297317, 0.07474725302879504, 0.2000357851167371], [0.2992611229120447, 0.3444917201651358, 0.10024827717732258, 0.2559988796454969], [0.2941476448204168, 0.3386068394233955, 0.11165772543711071, 0.255587790219077], [0.3084901662902547, 0.25182134661008043, 0.17579138801102429, 0.2638970989886405], [0.30027395931271994, 0.2528893985031886, 0.12715740690088373, 0.31967923518320773], [0.30786950310577343, 0.2513137236377732, 0.16481042397789394, 0.2760063491785594], [0.30795763775354446, 0.2634405352472398, 0.12060952904267191, 0.3079922978565438], [0.26017620769259003, 0.40301167360370993, 0.08852554724932266, 0.24828657135437734], [0.2865259370407481, 0.43695393525875537, 0.11577638323770806, 0.1607437443627885], [0.2675377766153568, 0.25532555958050634, 0.22181971699492797, 0.25531694670920885], [0.2705530089199004, 0.2541927548507625, 0.12781182692035403, 0.34744240920898306], [0.2716562747683666, 0.2633406817649715, 0.23976482448564418, 0.22523821888101775], [0.2688400088986133, 0.25257881908769525, 0.10528536649592805, 0.37329580541776336], [0.29272342379571054, 0.40644595931382965, 0.07636819204747364, 0.2244624247429862], [0.2985691227679742, 0.44825008481541967, 0.08036542144143999, 0.17281537087516616], [0.30280979289423005, 0.24335029679191247, 0.18657755471852597, 0.2672623554953315], [0.31056190922262644, 0.24956851820693507, 0.1040329979568845, 0.33583657451355403], [0.2887743711182783, 0.24703998861226653, 0.22846566138367047, 0.23571997878578468], [0.2883091378038829, 0.2390406220554915, 0.09657692522993976, 0.37607331481068584]], "ideal": "A", "sampled": "A", "correct": true}}
{"type": "result", "data": {"idx": 15, "options": ["Making people's strengths effective and their weaknesses irrelevant.", "Enhancing the ability of people to contribute.", "To operate the organisation's status system.", "Integrating people in a common venture by thinking through, setting and exemplifying the organisational objectives, values and goals."], "probs": [[0.20883226392564996, 0.1627255976037378, 0.3338407575750296, 0.29460138079558257], [0.2665562331409927, 0.18614067135379955, 0.10771776734705446, 0.43958532805815326], [0.25869138009834886, 0.37067426628169586, 0.09518658723425391, 0.27544776628570133], [0.2866675066164877, 0.3739896257588902, 0.09022093899468907, 0.24912192852993298], [0.25842155948837936, 0.21097327848450206, 0.10443007232918655, 0.42617508959793204], [0.19784694023626223, 0.19795814759726946, 0.3419905747731509, 0.2622043372933174], [0.21322456416363209, 0.1824937476774721, 0.3303891417401678, 0.27389254631872795], [0.24813104967465244, 0.2057773577994079, 0.11723320051326548, 0.42885839191267416], [0.27270275961196516, 0.31399325235013226, 0.11370630070263715, 0.2995976872352654], [0.2742014690483472, 0.35218813130839216, 0.09932953710334837, 0.2742808624399123], [0.24108783718702448, 0.22653892465249093, 0.11569630267285443, 0.4166769353876302], [0.1952919930725906, 0.20160846109745753, 0.34829601122985204, 0.25480353450009985], [0.3966596007945964, 0.21573302994796903, 0.09277318140612613, 0.2948341877513085], [0.4134609195205076, 0.23936887618075217, 0.08016716867257297, 0.2670030355261672], [0.39884516881364324, 0.20378497420921593, 0.09624564690448588, 0.30112420997265493], [0.41317972536723613, 0.23184366521901076, 0.0839573889886822, 0.2710192203250709], [0.41248754799022075, 0.26226340549364335, 0.08647705227119484, 0.23877199414494105], [0.4097327115642392, 0.25647500919146604, 0.0928796408345696, 0.2409126383097252], [0.23994483647536735, 0.20850459452478978, 0.08164836906390108, 0.4699021998359418], [0.20041707156084512, 0.20366017518391102, 0.34641832109801807, 0.24950443205722575], [0.24411191988280284, 0.20559802189801965, 0.09412681100037856, 0.4561632471187989], [0.18035711761357148, 0.1832694599880615, 0.3819517265205064, 0.2544216957778606], [0.24375041734785233, 0.46264930298206913, 0.08829491913534344, 0.20530536043473513], [0.21766668849745469, 0.4983449986212426, 0.08263175120830683, 0.2013565615729959]], "ideal": "C", "sampled": "C", "correct": true}}
{"type": "result", "data": {"idx": 16, "options": ["A theoretical assumption", "An illustration", "A theoretical model", "An example serving as a model"], "probs": [[0.02986360218636219, 0.048481451218585006, 0.8867328994800711, 0.0349220470149817], [0.03781803197645598, 0.058582005915006244, 0.13201589438435873, 0.7715840676241791], [0.37090435896758855, 0.5744965714721815, 0.02772358639055108, 0.02687548306967889], [0.3855426878428656, 0.487390663520006, 0.06700286218596876, 0.060063786351159595], [0.4994369632451027, 0.1780917369783094, 0.04230098090577869, 0.28017031877080917], [0.1615163349604842, 0.17466353977967117, 0.6097082358799273, 0.05411188927991729], [0.00813517768294127, 0.9258226711453431, 0.059186402532428385, 0.006855748539287271], [0.01814702308867598, 0.610519041256144, 0.06434748958315321, 0.30698644597202684], [0.006224666636999196, 0.9834976797545051, 0.006837322794664485, 0.0034403307138312065], [0.006830162313674434, 0.9825884546785515, 0.00786253098062599, 0.002718851927148104], [0.030840097657048295, 0.8736897826109912, 0.039606190734628684, 0.05586392889733184], [0.011432833282023271, 0.23329699536858203, 0.7414718428386724, 0.013798328410722286], [0.7268941252774369, 0.16998956747537203, 0.03000534077795288, 0.07311096636923822], [0.4779617870287164, 0.2366378052308937, 0.162638627156506, 0.12276178048388389], [0.28765507672368623, 0.10750281489302115, 0.32601257183830473, 0.27882953644498787], [0.32743338966944974, 0.16211777037689792, 0.4338701826596827, 0.07657865719396967], [0.6702713687811406, 0.18041945129810313, 0.061383570916679744, 0.08792560890407657], [0.8367415494302674, 0.09994248095018247, 0.02230026713293013, 0.04101570238662001], [0.0431585156403758, 0.8805927502140058, 0.024981136990356704, 0.05126759705526161], [0.0949158537090994, 0.5548458798204935, 0.31127274613085415, 0.038965520239552964], [0.04436635267541556, 0.06160558673081753, 0.2718275582647026, 0.6222005022290643], [0.008496823168299321, 0.028748524726221653, 0.9373814285673742, 0.02537322343810489], [0.08573510009884197, 0.8795774078474698, 0.020686671823162403, 0.014000820130525757], [0.01673158507016465, 0.9724988108860849, 0.006975406575958371, 0.00379419736779206]], "ideal": "D", "sampled": "C", "correct": false}}
