{"type": "result", "data": {"idx": 0, "options": ["164%", "1.64%", "0.45%", "183%"], "probs": [[0.4900217207769763, 0.15420837239248128, 0.10934562654159875, 0.24642428018894366], [0.46562553141267254, 0.17401014525953507, 0.13341175217205944, 0.22695257105573294], [0.3796298205472879, 0.12717406450430377, 0.27346011993534625, 0.21973599491306212], [0.3844152688595687, 0.12678097187204937, 0.24821636078259718, 0.2405873983857847], [0.42662441726233025, 0.25878256556784124, 0.11305074392618729, 0.20154227314364123], [0.405156174376835, 0.22729278116544835, 0.1179144930255477, 0.24963655133216894], [0.4788471936271264, 0.15547615867327175, 0.12107829454367151, 0.2445983530559303], [0.5251995041560152, 0.13702056627218032, 0.11537625582114974, 0.2224036736506547], [0.4356242547679705, 0.17602587269053543, 0.17601998673168903, 0.21232988570980504], [0.47000049832239177, 0.14561487870118597, 0.12071221179562065, 0.2636724110808016], [0.3993589012890146, 0.10919155329198794, 0.29679968402395357, 0.19464986129504389], [0.4549321328424007, 0.13876161847686666, 0.13034724605207915, 0.27595900252865346], [0.27395087886024155, 0.24945825707590835, 0.2494545019832319, 0.22713636198061818], [0.26129237593458965, 0.234242535634534, 0.27385262468259713, 0.2306124636482792], [0.3389240452468615, 0.3442854829639801, 0.1266542803122961, 0.19013619137686233], [0.30576589700502216, 0.363131284677432, 0.11426244674970504, 0.2168403714678408], [0.2794434469575902, 0.18616904593884478, 0.28386652889790437, 0.25052097810566065], [0.269212224135068, 0.20008102653651433, 0.2777789019598612, 0.25292784726855644], [0.43076638987697885, 0.24546527284407454, 0.12342448246081052, 0.20034385471813607], [0.3936110729785843, 0.22782644834523386, 0.13603752373568245, 0.2425249548404994], [0.39193854840009784, 0.15591858462071032, 0.26110827663549285, 0.19103459024369895], [0.4697700826456722, 0.15984600066228644, 0.098474781273526, 0.27190913531851535], [0.36244476377982554, 0.14195265085995232, 0.26519191657621033, 0.23041066868401183], [0.3813799150779971, 0.140317061217236, 0.22421907374021516, 0.25408394986455174]], "ideal": "A", "sampled": "B", "correct": false}}
{"type": "result", "data": {"idx": 1, "options": ["No effect No effect", "No effect Understated", "Understated No effect", "Understated Understated"], "probs": [[0.25335672872746706, 0.18829508404480602, 0.23803753013074527, 0.32031065699698164], [0.24672775335717187, 0.18052722780876948, 0.33729175232392883, 0.23545326641012976], [0.222680777289057, 0.18462631104530386, 0.32405391332246825, 0.2686389982431709], [0.20612442491377475, 0.17359098790340202, 0.39738601442177873, 0.2228985726610445], [0.2554468924496532, 0.33318750556299886, 0.21852652213145882, 0.19283907975588915], [0.25738490392331076, 0.305672505636419, 0.2201817399097363, 0.21676085043053395], [0.31760148297939716, 0.10474463671920484, 0.22879214708948156, 0.34886173311191643], [0.27309907293864205, 0.09738819590393946, 0.4100498678885093, 0.2194628631689092], [0.3568700200428824, 0.15837543965223017, 0.17947108774370704, 0.30528345246118044], [0.33030677330628216, 0.14207817824370725, 0.3303633679173341, 0.19725168043267646], [0.37056669036964296, 0.31206851729508084, 0.12808042572528186, 0.1892843665099944], [0.36162414065487536, 0.26875608355826497, 0.19058767881312416, 0.17903209687373553], [0.25079022340709095, 0.140696472470014, 0.3765476419222722, 0.2319656621006229], [0.22455906698425823, 0.12402848060657708, 0.4681155050218221, 0.18329694728734255], [0.3480119601136537, 0.23549553047759167, 0.16186046116341427, 0.25463204814534035], [0.3121120426376095, 0.18065566361097943, 0.33752728511079344, 0.16970500854061762], [0.27344075657496575, 0.3679809083564928, 0.1353797803796983, 0.22319855458884313], [0.2911213419204892, 0.3457418422247552, 0.2097147993746196, 0.15342201638013603], [0.37893815130952796, 0.1289398165392168, 0.28608225494374884, 0.20603977710750637], [0.3977432905893636, 0.1271372903329743, 0.23385455060430138, 0.24126486837336075], [0.47218969625342494, 0.20954543591159613, 0.10871671981220744, 0.2095481479227715], [0.4453868402210584, 0.19157204600957742, 0.1744386009530211, 0.18860251271634304], [0.44620622850348207, 0.1591113311158055, 0.14042047736371605, 0.2542619629169963], [0.4695357591726821, 0.17546588965088333, 0.19272203112949068, 0.16227631994694386]], "ideal": "B", "sampled": "D", "correct": false}}
{"type": "result", "data": {"idx": 2, "options": ["Nonsampling risk arises from the possibility that, when a substantive test is restricted to a sample, conclusions might be different than if the auditor had tested each item in the population.", "Nonsampling risk can arise because an auditor failed to recognize misstatements.", "Sampling risk is derived from the uncertainty in applying audit procedures to specific risks.", "Sampling risk includes the possibility of selecting audit procedures that are not appropriate to achieve the specific objective."], "probs": [[0.6145284405017228, 0.11914797160936184, 0.10848751761498872, 0.15783607017392665], [0.5842288601359131, 0.12057808515911828, 0.12248050891544347, 0.17271254568952513], [0.5856444151762932, 0.17585991059183945, 0.08571004738978687, 0.15278562674208054], [0.5488134148647948, 0.15972990153019015, 0.1132684598735356, 0.17818822363147935], [0.5578420286330495, 0.18687208412668183, 0.09544859293896474, 0.15983729420130388], [0.5450751902752347, 0.16367905206114272, 0.11426984773036718, 0.1769759098332554], [0.3479599602476495, 0.34258910499679773, 0.14507011851603288, 0.16438081613951985], [0.33949664286824366, 0.32397079380826105, 0.16038688959546385, 0.17614567362803144], [0.3093101772151084, 0.2093076321067009, 0.26877389156437026, 0.21260829901382042], [0.3190354656997848, 0.2092474667630836, 0.21930353014506024, 0.25241353729207133], [0.32200423839461123, 0.20469582688835208, 0.25877592736207305, 0.21452400725496365], [0.33824277928792906, 0.20517460121173112, 0.20518747581538502, 0.2513951435849548], [0.5054222012398522, 0.1979411943475279, 0.12195362040429196, 0.1746829839083279], [0.44323831776038314, 0.20613856395875965, 0.15082203382829062, 0.19980108435256655], [0.4878398448444435, 0.117709800146758, 0.20339371388201916, 0.19105664102677936], [0.4767433524868227, 0.11868448857206554, 0.18966510183460153, 0.2149070570065102], [0.40559039682905285, 0.1799969443500225, 0.20397298614251916, 0.2104396725784055], [0.5573794675096952, 0.18097161705556938, 0.09687238641984951, 0.1647765289148859], [0.4973399115109737, 0.19477666873598426, 0.12774444576896654, 0.18013897388407554], [0.4469695718455635, 0.1983558864183025, 0.1593922728502936, 0.19528226878584037], [0.497241604756318, 0.11628698192663481, 0.19475238419448637, 0.19171902902256077], [0.4901842882035205, 0.11644282451097372, 0.18901411119480005, 0.20435877599070573], [0.41194938995370367, 0.1638780062648986, 0.2104341058157935, 0.21373849786560428], [0.5381698607860268, 0.1693584322760024, 0.10935156046250692, 0.18312014637546392]], "ideal": "B", "sampled": "A", "correct": false}}
{"type": "result", "data": {"idx": 3, "options": ["Inspect inventory items that were ordered before the year end but arrived after the year end.", "Test internal control activities that were previously reported to management as inadequate.", "Review the client's cutoff bank statements for several months after the year end.", "Compare the latest available interim financial statements with the statements being audited."], "probs": [[0.2061689167089389, 0.09294067183786055, 0.30956145656646955, 0.391328954786731], [0.23477905720697528, 0.10258093265212856, 0.3416742562289083, 0.32096575381198783], [0.23178015602493102, 0.12215559985492865, 0.23918438004645842, 0.4068798639736819], [0.22589272258406967, 0.13490581511102115, 0.34452286359202783, 0.29467859861288137], [0.2901703503488511, 0.1228803730746524, 0.23687381255862106, 0.3500754639178755], [0.27988929387778466, 0.12229106193425421, 0.2756061039770044, 0.32221354011095676], [0.2110174964523337, 0.09969257190971888, 0.30709602281747844, 0.382193908720469], [0.23443079434535471, 0.11249753328788939, 0.35200048896128383, 0.30107118330547206], [0.22531374488811623, 0.10644629882554103, 0.28488167896597244, 0.3833582772203703], [0.21661794990436994, 0.10558694248287043, 0.38625179176088253, 0.29154331575187703], [0.2844874900963653, 0.14532025373496155, 0.2673040071950877, 0.30288824887358545], [0.28012523887113616, 0.13233992850470153, 0.28459403764125996, 0.3029407948829023], [0.21603049657614143, 0.11746868665040087, 0.23000502926798896, 0.43649578740546874], [0.20695572216097397, 0.127519566628089, 0.3690184464389153, 0.2965062646720217], [0.21750181879548064, 0.09652845462754747, 0.2465066180769429, 0.43946310840002895], [0.18701855182350569, 0.09115757454724573, 0.40857161913771894, 0.3132522543915296], [0.28204446149363427, 0.19386939656802935, 0.23754972496858917, 0.2865364168697472], [0.29606847295490707, 0.1713709758663606, 0.22704483091251285, 0.3055157201662195], [0.4392541810153077, 0.11107368434874428, 0.17475148194590162, 0.2749206525900464], [0.45114299605531916, 0.1105702668680515, 0.18518030889996717, 0.25310642807666217], [0.41199031250464296, 0.10256470681507708, 0.1886548079204648, 0.2967901726598151], [0.4137020100461489, 0.09827544552033032, 0.20805892286165245, 0.27996362147186826], [0.4413558542287068, 0.11514857410233097, 0.19588287172742863, 0.24761269984153358], [0.4552205170591892, 0.1098397291353794, 0.1755312816956101, 0.25940847200982126]], "ideal": "D", "sampled": "D", "correct": true}}
{"type": "result", "data": {"idx": 4, "options": ["Accounting Standards Updates.", "Emerging Issues Task Force Releases.", "Statements of Financial Accounting Standards.", "Staff Technical Bulletins."], "probs": [[0.7388403790795948, 0.09693393566432024, 0.05609705131395811, 0.10812863384212693], [0.7341434495561207, 0.0933562832484968, 0.050752763645356275, 0.1217475034500263], [0.7301153431085488, 0.0899852649779745, 0.06792001324332034, 0.1119793785701564], [0.702069067581652, 0.08128673109933196, 0.05499733795784309, 0.1616468632611729], [0.7410987548296756, 0.07226066389607018, 0.061802418958704725, 0.12483816221554953], [0.6960801299987504, 0.06893733708407028, 0.058960529363503995, 0.17602200345367536], [0.43387995549705594, 0.44774101703237185, 0.051827916495362295, 0.06655111087520989], [0.42725148951926284, 0.4478521661305063, 0.04946615937403706, 0.07543018487619374], [0.25151898160796615, 0.09402264539109065, 0.5495834718560789, 0.10487490104486423], [0.2747323173794744, 0.08122981962896968, 0.10593685348856771, 0.5381010094029882], [0.28047919897491536, 0.08829227286347582, 0.516092311898992, 0.11513621616261688], [0.2868506737153572, 0.0822039793525997, 0.12731551363890686, 0.5036298331931363], [0.23450396690589628, 0.678681365943468, 0.0420488077131094, 0.044765859337526366], [0.21092950981341252, 0.7136847865808867, 0.031849022476930056, 0.043536681028770646], [0.197051449122308, 0.10551508436403212, 0.6071929289747585, 0.09024053743890133], [0.2506681159087125, 0.10451698613662377, 0.12218514447734234, 0.5226297533773213], [0.11187268875815838, 0.05454674403231315, 0.7529823239361939, 0.08059824317333454], [0.17265071487639533, 0.06762942872650927, 0.17540436013984087, 0.5843154961572545], [0.2728224941662103, 0.6546535965396418, 0.03259062705998129, 0.039933282134166505], [0.2616688428524967, 0.6683675185488893, 0.02982636521537452, 0.040137273283239516], [0.2386301588875577, 0.12385553028048656, 0.5380084473995158, 0.0995058633324399], [0.25828966495792044, 0.136144176111912, 0.14491935072880183, 0.4606468081013657], [0.13142330236451688, 0.07261387690854376, 0.6997844993239912, 0.09617832130294805], [0.18545686367727562, 0.08361622316524672, 0.17700398665368836, 0.5539229264037894]], "ideal": "A", "sampled": "A", "correct": true}}
{"type": "result", "data": {"idx": 5, "options": ["\u2212$3", "\u2212$27", "$3", "$500"], "probs": [[0.2724577228818728, 0.2599968352653388, 0.21554695388824407, 0.2519984878645443], [0.2745275877000816, 0.27886701458487784, 0.2579152064636286, 0.1886901911514119], [0.26487213765225726, 0.24884118508057654, 0.23744632655162887, 0.24884035061553733], [0.27036855024925077, 0.28782809206689164, 0.2500713206588197, 0.19173203692503787], [0.2898912982368957, 0.47056558022315065, 0.08436836175718086, 0.15517475968277275], [0.2731731493025067, 0.4365594917611898, 0.1138833446108162, 0.1763840142254873], [0.28092907550679175, 0.15274999454580085, 0.28094966891278705, 0.28537126093462034], [0.30208513587799485, 0.16170679272147412, 0.31170395478028273, 0.22450411652024826], [0.2971496327989622, 0.1641145968886203, 0.21741564893657858, 0.32132012127583887], [0.29274757384944977, 0.17482418528727023, 0.32155446757642453, 0.21087377318685546], [0.32590014953260565, 0.40561495738201375, 0.0994009636019966, 0.16908392938338399], [0.32796386369709574, 0.40818641193877336, 0.1064822093511763, 0.15736751491295456], [0.2971120597356241, 0.21070032053865093, 0.2173874844460368, 0.27480013517968815], [0.2795710646698767, 0.20138761999344454, 0.32688436883054756, 0.19215694640613123], [0.27587516346237245, 0.2891344259003241, 0.183786057682705, 0.25120435285459836], [0.2632669429734254, 0.2592075687623821, 0.293723783054669, 0.18380170510952348], [0.2861250127901118, 0.4228909439287173, 0.11743358126400529, 0.1735504619171656], [0.29939537122104115, 0.4425026013072418, 0.09275405507523418, 0.16534797229648288], [0.3048845276659501, 0.18207171828821087, 0.2128595890318023, 0.3001841649140367], [0.2877105133288904, 0.18006504801998371, 0.2661116381302851, 0.2661128004208408], [0.3282311411664464, 0.22211254138010447, 0.18998163087338452, 0.2596746864800646], [0.32868555674671807, 0.21558004936774547, 0.21897191133353733, 0.23676248245199913], [0.29195370832215284, 0.18852106944045108, 0.26585053998776326, 0.2536746821496328], [0.3336303879527961, 0.19311274873937354, 0.24032597599496208, 0.23293088721286825]], "ideal": "C", "sampled": "D", "correct": false}}
{"type": "result", "data": {"idx": 6, "options": ["Overstated Understated", "Understated Overstated", "Overstated No effect", "No effect No effect"], "probs": [[0.4521250916155471, 0.20702100927359834, 0.17708551788774865, 0.1637683811231059], [0.44476767707239895, 0.19738554658427568, 0.14441953382806902, 0.21342724241525637], [0.4260906259221945, 0.1495932676051521, 0.2625694675056724, 0.161746638866981], [0.41251991424369, 0.151780311801166, 0.20426013182326402, 0.23143964203188], [0.2870047986220411, 0.11597982047828544, 0.3803331255532448, 0.2166822552464287], [0.32398976340584507, 0.12108578327960903, 0.3141115745935851, 0.24081287862096082], [0.45652395741403834, 0.1994680047152843, 0.17604130945583238, 0.167966728314845], [0.4444680743299298, 0.20672087061244024, 0.14208930517669244, 0.2067217497809375], [0.3981608091290478, 0.17396944306359116, 0.269472197831875, 0.15839754987548607], [0.4057249668266936, 0.1857785097042814, 0.17728726130663292, 0.23120926206239206], [0.2919930691422931, 0.12174323925608325, 0.36923062018222536, 0.2170330713193983], [0.28750245065358215, 0.12367596283849944, 0.2921162079928557, 0.2967053784150627], [0.2821987186924928, 0.32996081319248743, 0.24142276518843037, 0.14641770282658936], [0.26219791171312956, 0.33149591084980023, 0.1888991445114064, 0.2174070328256638], [0.28275448502387035, 0.29176861479596183, 0.27410933781072233, 0.15136756226944553], [0.2747905335983184, 0.3163204585092981, 0.17745301654510448, 0.23143599124727907], [0.21568104096644689, 0.1482638633816929, 0.4426853258175428, 0.19336976973431746], [0.2213314688381196, 0.15697508026505588, 0.4201334839678928, 0.20155996682893168], [0.2178642250914963, 0.3025162354934, 0.29323784824826804, 0.18638169106683564], [0.21314888335566742, 0.3053646774393333, 0.2780616962053977, 0.20342474289960155], [0.2015741408373368, 0.307411207559267, 0.30744410932465055, 0.18357054217874566], [0.20417512646995004, 0.29712038786538947, 0.28800463244412244, 0.21069985312053804], [0.18608745653426248, 0.15672851863830825, 0.4395889275887764, 0.2175950971386529], [0.21142326608306808, 0.17530413231443892, 0.3950943111247253, 0.2181782903777677]], "ideal": "D", "sampled": "A", "correct": false}}
{"type": "result", "data": {"idx": 7, "options": ["$100", "$104.29", "$96.71", "$97.33"], "probs": [[0.15436431643983517, 0.6601899769043877, 0.061405965235027, 0.12403974132075003], [0.15176336389038797, 0.6696678427000337, 0.060371184750121244, 0.1181976085594571], [0.16430527725788258, 0.6298996523927727, 0.06957535133968344, 0.1362197189096613], [0.1752793898568248, 0.5930085645095637, 0.0841051991772321, 0.14760684635637936], [0.18179571762385072, 0.5688319377902589, 0.09141818497025338, 0.15795415951563702], [0.18785695359359872, 0.5436238969988731, 0.09746520801196626, 0.1710539412955618], [0.5276431918888429, 0.15844845416045172, 0.10070974153666996, 0.21319861231403545], [0.5302819688129917, 0.15923947331563884, 0.10280703160341241, 0.20767152616795698], [0.4686557421909369, 0.15947410700327, 0.167117672651949, 0.20475247805384408], [0.4614510237709173, 0.15949067471816653, 0.12420657275865173, 0.25485172865226446], [0.4761660453324725, 0.15951692754796354, 0.15950879151334632, 0.20480823550621766], [0.47847479577048135, 0.1602870076734473, 0.10511459409139436, 0.25612360236467696], [0.47353428281987353, 0.14902384864078025, 0.15374590797626217, 0.22369596046308407], [0.46461071867155035, 0.15809438885516908, 0.1508482075950424, 0.2264466847782382], [0.42545985347607235, 0.15653893440538463, 0.2106359859521766, 0.20736522606636643], [0.4464586243642363, 0.16426179811915848, 0.14270737340491355, 0.24657220401169172], [0.4136242989372136, 0.1779187076485667, 0.18355925926397254, 0.22489773405024716], [0.46290715365783214, 0.17571802354622834, 0.10169385953477601, 0.2596809631611635], [0.4678693920443707, 0.15191388807776848, 0.1591969650465629, 0.22101975473129787], [0.4807899141066268, 0.15856622630459566, 0.13352060714580377, 0.22712325234297373], [0.42457846885048295, 0.15140799499690433, 0.2202865978727026, 0.20372693817991014], [0.4513760439395133, 0.16607030977033393, 0.12535191884349076, 0.257201727346662], [0.4165414695484575, 0.16060989082071106, 0.19987539050593137, 0.22297324902490004], [0.4781149660922424, 0.15523703510428577, 0.10668856729013187, 0.25995943141333994]], "ideal": "D", "sampled": "B", "correct": false}}
{"type": "result", "data": {"idx": 8, "options": ["It will be reclassified as an asset held for sale.", "It will be classified as a current asset.", "It will no longer be depreciated.", "It will be valued at historical cost."], "probs": [[0.4888667536614243, 0.1562783890251759, 0.1663540775364294, 0.18850077967697043], [0.4795165669726692, 0.15328866818273998, 0.17643128772215305, 0.19076347702243776], [0.48068183054573904, 0.17141922029485587, 0.15365869150572056, 0.19424025755368454], [0.46942675990714805, 0.1700457407343629, 0.16481161869256364, 0.1957158805659254], [0.4869571996284915, 0.16060634195102053, 0.15566300086108392, 0.19677345745940406], [0.4743131257324023, 0.16140622908032481, 0.16652798154691587, 0.197752663540357], [0.4685474037655537, 0.16972258685322122, 0.1723965704268674, 0.18933343885435766], [0.45178113343752546, 0.1715029699257039, 0.18836111476499715, 0.1883547817717735], [0.46065105375961557, 0.15192984495818773, 0.18615103320856136, 0.20126806797363533], [0.42200633879256194, 0.15527559815284556, 0.19324359295819946, 0.22947446999639307], [0.4502423077515916, 0.1532101275296857, 0.19982641634292383, 0.19672114827579884], [0.4321850006175735, 0.15412561823563722, 0.18591237343348171, 0.22777700761330757], [0.5162236401651836, 0.1479245363280988, 0.13680500606152327, 0.19904681734519436], [0.4951925427659114, 0.14640546897361503, 0.15829842809350522, 0.2001035600669683], [0.47805649749708645, 0.1458241067058667, 0.17048381521313963, 0.2056355804839072], [0.4316660954371307, 0.15155706485590506, 0.18568871253460648, 0.23108812707235776], [0.49519866699988807, 0.14190201459896135, 0.16589716075191918, 0.19700215754923137], [0.44635752823847474, 0.1472193234764644, 0.17482329121763865, 0.2315998569674222], [0.46529453988190683, 0.17119854686932423, 0.16335877774512347, 0.20014813540364546], [0.4560486051609208, 0.16011641382263797, 0.18143635577749945, 0.2023986251389418], [0.4260458838236109, 0.16173455840525466, 0.21094233738498988, 0.2012772202861445], [0.4089916463238055, 0.16527608786616604, 0.19627169385355356, 0.2294605718564749], [0.4641999921215301, 0.16045131321427192, 0.18181446599248052, 0.19353422857171743], [0.4156627008298239, 0.1679719041401204, 0.19033783316722508, 0.22602756176283065]], "ideal": "D", "sampled": "A", "correct": false}}
{"type": "result", "data": {"idx": 9, "options": ["$28,000", "$132,000", "$160,000", "$188,000"], "probs": [[0.34711247161862396, 0.31117233167200425, 0.14699040132795516, 0.1947247952814166], [0.3466404882704569, 0.3059327486407446, 0.14679197350416764, 0.20063478948463084], [0.3573691440055288, 0.24950475244695092, 0.17971524058823987, 0.21341086285928038], [0.361967016363693, 0.24879776687524932, 0.17642817863761862, 0.21280703802343906], [0.36199245136392794, 0.27757076338355896, 0.15091626710304443, 0.20952051804946872], [0.36364499543576895, 0.27026016886749327, 0.1588809097321351, 0.20721392586460274], [0.42807049192782876, 0.18702559449926745, 0.1729761685701511, 0.21192774490275265], [0.41052795597405917, 0.1909296725083839, 0.18219119984215104, 0.21635117157540584], [0.424158220440503, 0.2696307224208044, 0.10894411949011006, 0.19726693754858257], [0.4346086013050898, 0.22903810143614273, 0.12452973328558149, 0.21182356387318596], [0.4257279995511619, 0.2972272380476084, 0.0995622590019421, 0.17748250329928753], [0.4203432797965277, 0.23580764231707932, 0.14528138934113136, 0.19856768844526163], [0.4179272242036016, 0.18546924822275462, 0.17976848092822786, 0.21683504654541588], [0.3891502146413596, 0.18098796093197952, 0.21493480136622775, 0.21492702296043306], [0.40364285725150445, 0.2999821483778275, 0.10864981165334746, 0.18772518261732055], [0.4088711890493942, 0.2640022137497938, 0.12470943944061827, 0.20241715766019366], [0.41559759900597, 0.29936637133198785, 0.10346154405058994, 0.18157448551145222], [0.41936788103021794, 0.23896503736408828, 0.1340514521205076, 0.20761562938518616], [0.42526794743064, 0.19169872078464886, 0.16917796935469812, 0.213855362330013], [0.4070717156580076, 0.18638745226169567, 0.19533767095248075, 0.21120316102781594], [0.4039550302830196, 0.28646518923561554, 0.11574694168164361, 0.1938328386997213], [0.4070635200192297, 0.24308368923444126, 0.14515654957566293, 0.20469624107066614], [0.401891019886098, 0.2940500952452662, 0.10817887552357593, 0.19588000924505988], [0.40918897900164286, 0.2560794720322586, 0.11909182793870302, 0.21563972092739553]], "ideal": "C", "sampled": "B", "correct": false}}
{"type": "result", "data": {"idx": 10, "options": ["$100", "$2", "$500", "$200"], "probs": [[0.25868212788674066, 0.14287663781888088, 0.359182113981358, 0.23925912021302043], [0.23946311353842561, 0.12620557467254848, 0.3948505998797566, 0.2394807118092693], [0.2907906049670422, 0.3453569021688395, 0.1373706094706142, 0.2264818832935041], [0.3180109716032885, 0.3333044200815256, 0.14334996892494095, 0.20533463929024495], [0.3058063594450809, 0.3106571045011432, 0.1490506783261654, 0.2344858576276105], [0.2961166842897159, 0.24551925426530247, 0.24170560002451452, 0.21665846132046715], [0.27879303618789175, 0.36936999236212886, 0.14464588480518, 0.20719108654479937], [0.27317062831682026, 0.37341121948237, 0.1439611507498651, 0.20945700135094464], [0.3003270350120672, 0.35667607450402417, 0.12326286078697782, 0.2197340295969308], [0.2986884205843862, 0.34381494947258523, 0.1284733601821147, 0.2290232696609138], [0.2691309531995028, 0.3621851015379968, 0.1557730482593286, 0.21291089690317172], [0.2763278442892097, 0.34933813882347187, 0.16245651001413558, 0.21187750677318284], [0.32536515590275095, 0.223650187231587, 0.18540546296172983, 0.2655791938039322], [0.3296469898350061, 0.20631398826350994, 0.23745890387937021, 0.22658011792211372], [0.2909318804449974, 0.17374700306108598, 0.28645190593715986, 0.24886921045675675], [0.28251472112691517, 0.16871899364691595, 0.2915119230455711, 0.2572543620805978], [0.3291267254359233, 0.2523779944041715, 0.2059809179690409, 0.21251436209086425], [0.31999033209476246, 0.2737309593622694, 0.1609148806036299, 0.24536382783933824], [0.3615817833056604, 0.28162906410348637, 0.12693725903365993, 0.22985189345719334], [0.33534930152368714, 0.23782593718254344, 0.22341164120024432, 0.2034131199935251], [0.3240654121899578, 0.13301314214012358, 0.29051890533464336, 0.25240254023527525], [0.28581662047838374, 0.12103704812795452, 0.3670324223506144, 0.22611390894304734], [0.3489257938971014, 0.32273640744533755, 0.12638281096173895, 0.20195498759582214], [0.33775008940112716, 0.3223156462569865, 0.1113867179959861, 0.22854754624590026]], "ideal": "D", "sampled": "C", "correct": false}}
{"type": "result", "data": {"idx": 11, "options": ["$0", "$15,000", "$20,000", "$40,000"], "probs": [[0.19262121328839849, 0.3126802397552341, 0.2473531924335189, 0.2473453544228485], [0.1818199536836101, 0.2860676773828755, 0.3292662350176131, 0.20284613381590133], [0.19257019171323614, 0.30774995222963053, 0.2323043907603121, 0.2673754651968212], [0.18075167592292493, 0.28886505097644566, 0.312341144281948, 0.21804212871868142], [0.21483301473993435, 0.4692671754705377, 0.1263025216243767, 0.18959728806515125], [0.2070359109576746, 0.45223727143895354, 0.13368150391312503, 0.20704531359024686], [0.29247718828616476, 0.12193707284648951, 0.3314556454427215, 0.2541300933246242], [0.2733372808720408, 0.12130714477817175, 0.36785767300900607, 0.2374979012407814], [0.3305731068135568, 0.174218294391223, 0.21681524487927156, 0.27839335381594865], [0.3395424288035367, 0.14378494451351412, 0.2603581923092775, 0.2563144342736717], [0.34363183795712493, 0.3279207998245263, 0.12642522703149078, 0.20202213508685793], [0.36213667546080697, 0.314652395017734, 0.09301124113654964, 0.2301996882849094], [0.3100202427497466, 0.11953710196517262, 0.3052453443884384, 0.2651973107966423], [0.27746059660936595, 0.11749800688349411, 0.3563066614418558, 0.24873473496528417], [0.3498012020893413, 0.17590890298786296, 0.19319526273478513, 0.2810946320880106], [0.359335622711942, 0.1498066276046809, 0.232022805907341, 0.25883494367603604], [0.35850737563682866, 0.2836268330417615, 0.14040573358340888, 0.21746005763800091], [0.3823629928472495, 0.2754274103196649, 0.10291931755412716, 0.23929027917895845], [0.475526332807672, 0.12406229971598733, 0.17223855851358363, 0.22817280886275706], [0.46222830847264085, 0.11872381981147807, 0.17545678111922294, 0.24359109049665814], [0.5245783807279474, 0.16000246642414542, 0.10012430472883016, 0.215294848019077], [0.5743272560704875, 0.12816089963350633, 0.06545612507952908, 0.23205571911647704], [0.5192740481680805, 0.1535114622929445, 0.10386836372963469, 0.22334612570934034], [0.5820269670802511, 0.12011899976898573, 0.06633354076576804, 0.23152049228499508]], "ideal": "B", "sampled": "D", "correct": false}}
{"type": "result", "data": {"idx": 12, "options": ["Engagement performance.", "Risk analysis.", "Safeguarding of assets.", "Information processing."], "probs": [[0.41601455708071505, 0.2408057456487566, 0.13721281960946174, 0.20596687756106657], [0.4209000122662699, 0.23247921360070575, 0.1477777002769572, 0.1988430737560672], [0.34926509333239536, 0.16245285922969785, 0.25558742497410414, 0.23269462236380264], [0.33884159736945135, 0.15760505667555993, 0.19011405675042092, 0.3134392891045678], [0.3755419719831004, 0.18593894774569614, 0.22783043506685438, 0.21068864510434906], [0.3314747115198685, 0.17745601600255193, 0.17471271230879573, 0.3163565600687839], [0.47841681470905284, 0.15534715815859734, 0.15056963712168958, 0.2156663899106602], [0.4827803598937356, 0.1519424445485754, 0.1543381489012555, 0.21093904655643353], [0.4530212715715523, 0.12780502818155842, 0.19488379938095443, 0.22428990076593486], [0.47871248228940827, 0.1268699580485871, 0.14602908306113652, 0.2483884765008681], [0.45460146661027107, 0.12825101612715903, 0.19556312261056302, 0.2215843945520069], [0.4817735397862487, 0.12968941418094185, 0.14243910139683352, 0.24609794453597594], [0.34106430916153585, 0.18258901210671183, 0.2419031894248695, 0.2344434892068828], [0.3080173730542202, 0.17829652128820825, 0.1958283036751422, 0.3178578018824293], [0.3711515256048172, 0.20500139279099514, 0.19870213570091516, 0.22514494580327252], [0.35072336119964265, 0.22296727033661248, 0.1736533518506286, 0.2526560165131162], [0.2727518379415511, 0.1393320858339214, 0.24839860198397973, 0.3395174741405478], [0.27033791748973174, 0.14932024922428172, 0.2969782440656945, 0.283363589120292], [0.31731784340546304, 0.208138093331504, 0.2631318568920218, 0.21141220627101118], [0.29078182141880354, 0.19988518653472373, 0.18487272879312353, 0.3244602631533492], [0.34391124077908, 0.21525000675105296, 0.22559473588579193, 0.21524401648407512], [0.3322080075408606, 0.2393163442372378, 0.16971099374981358, 0.258764654372088], [0.20606128300429874, 0.11928181882269635, 0.27735711381152317, 0.39729978426148177], [0.20320805299610178, 0.12719043708988376, 0.3738695271276228, 0.2957319826863916]], "ideal": "A", "sampled": "B", "correct": false}}
{"type": "result", "data": {"idx": 13, "options": ["$18,000", "$22,500", "$25,000", "$40,500"], "probs": [[0.40947771068292915, 0.27708667513937507, 0.12885944543980418, 0.18457616863789156], [0.38926047662866403, 0.2984778031181507, 0.12837717127078244, 0.18388454888240277], [0.40930923205530556, 0.19949823318664664, 0.1788320365543342, 0.2123604981037136], [0.3885575822022609, 0.20477302405969666, 0.19539956712255674, 0.2112698265154857], [0.39638744008805704, 0.2258740264305786, 0.1814996816856106, 0.19623885169575375], [0.3940775511489882, 0.22809363088990078, 0.16688049335242913, 0.21094832450868187], [0.44929008699737677, 0.18154383515437222, 0.16021417795967094, 0.20895189978858003], [0.4501283533440172, 0.19061126097041503, 0.15316418040001858, 0.20609620518554922], [0.4558992989135885, 0.1991829260436665, 0.12271577196415427, 0.22220200297859075], [0.4365777139909251, 0.20304458143833237, 0.1508920960110348, 0.2094856084597077], [0.4480697979551798, 0.21838890801752764, 0.1283865406788021, 0.20515475324849042], [0.4319327876165954, 0.21383855278863453, 0.14697235164190278, 0.20725630785286728], [0.3799313065019493, 0.23777066523097476, 0.1851808754196487, 0.19711715274742725], [0.35997240360828453, 0.23609305481157855, 0.20512683114415273, 0.19880771033598416], [0.40361768330914716, 0.2731197103906502, 0.11385582574371945, 0.20940678045648317], [0.3686917565324873, 0.26975861424593023, 0.1610845370232355, 0.20046509209834693], [0.37040827226523315, 0.28849482963321765, 0.14281912359387697, 0.19827777440767222], [0.3611392217004116, 0.2902051378404655, 0.15534012813772477, 0.19331551222139812], [0.40463475560218504, 0.23057121495513644, 0.18240091877539713, 0.18239311056728139], [0.4031151890815784, 0.22970526260381544, 0.17070600643098977, 0.1964735417836164], [0.4065513822466361, 0.29284600947791006, 0.1201864618040034, 0.18041614637145043], [0.4043537799680663, 0.2779259673299885, 0.135453730035828, 0.18226652256611717], [0.41171502536679994, 0.22738773983754196, 0.1538614871265501, 0.20703574756910798], [0.41464137518082395, 0.22900456062676636, 0.15739528281278714, 0.19895878127962255]], "ideal": "B", "sampled": "B", "correct": true}}
{"type": "result", "data": {"idx": 14, "options": ["$100 billion", "$80 billion", "$20 billion", "$10 billion"], "probs": [[0.43197181172861565, 0.23488387113123907, 0.16917657598388341, 0.1639677410562618], [0.4591168692380495, 0.23088466774770455, 0.13572615181450554, 0.17427231109974037], [0.40547993775127633, 0.17171201108169049, 0.2537671625360399, 0.16904088853099325], [0.43355346763774855, 0.1751926015801206, 0.1697976513127618, 0.22145627936936907], [0.41672616696518755, 0.17104587976687624, 0.23016035436238105, 0.18206759880555512], [0.3913002247001965, 0.15566820832532885, 0.23005562899527907, 0.2229759378791956], [0.4570535378406208, 0.2687157192024303, 0.1137795810451885, 0.1604511618117604], [0.46324629496264935, 0.27235706420393363, 0.10177072426683985, 0.16262591646657715], [0.42747093949004134, 0.18676770665066256, 0.21835155132161924, 0.1674098024376769], [0.44937635133207793, 0.19029686136573257, 0.15776014561506263, 0.20256664158712684], [0.44051146857437345, 0.13436502906140946, 0.24712856128554497, 0.17799494097867208], [0.4443861080078779, 0.13554628595982396, 0.20347311207027344, 0.21659449386202465], [0.3898299808334386, 0.2721737446590469, 0.17032080158322158, 0.16767547282429288], [0.3821740518322448, 0.3023544071399168, 0.1320882211738927, 0.1833833197539457], [0.3685030097667877, 0.27818876916649754, 0.19726406329781185, 0.15604415766890292], [0.364284008758029, 0.326572772770504, 0.12013913929401376, 0.18900407907745317], [0.36477909837983125, 0.19224708411050737, 0.2507336921411198, 0.19224012526854162], [0.34907957387831495, 0.17014737171993835, 0.28494113256255776, 0.19583192173918892], [0.3679174239255245, 0.26092133312181115, 0.2000520854996079, 0.17110915735305643], [0.3580954915210809, 0.27891572891492394, 0.18007811633815468, 0.18291066312584048], [0.3547556539379405, 0.2806633287091034, 0.20215157258791724, 0.1624294446650389], [0.35060815064405515, 0.30943975771669896, 0.15804498367055275, 0.18190710786869313], [0.346993873889135, 0.2460833711998955, 0.22405666778400118, 0.1828660870269683], [0.33152814214215764, 0.23146971023138616, 0.26228602545532215, 0.17471612207113404]], "ideal": "C", "sampled": "B", "correct": false}}
{"type": "result", "data": {"idx": 15, "options": ["Receivable confirmations received from the client\u2019s customers.", "Prenumbered receiving reports completed by the client\u2019s employees.", "Prior months\u2019 bank statements obtained from the client.", "Municipal property tax bills prepared in the client\u2019s name."], "probs": [[0.42071331329166956, 0.12438698208050156, 0.19568168094457566, 0.25921802358325324], [0.43823851741446035, 0.12956833699507775, 0.16636331622938466, 0.26582982926107723], [0.4317177130618085, 0.12763931426497355, 0.1828281662949556, 0.2578148062782623], [0.44008187110913594, 0.1301128436511706, 0.17508027216651034, 0.2547250129731831], [0.43714806384194843, 0.11953419502231027, 0.18225989966014658, 0.2610578413755947], [0.4276955925760626, 0.11878927530376472, 0.2020616784028928, 0.2514534536172799], [0.4563223855135209, 0.11011377304030337, 0.18153849783329234, 0.25202534351288336], [0.47589457595764406, 0.11483737190687952, 0.15452105956626422, 0.2547469924692122], [0.4828371333170325, 0.1147029084641834, 0.15195204089624026, 0.25050791722254384], [0.4875505675085478, 0.12138278307407481, 0.1534372453261341, 0.23762940399124327], [0.48657289142511284, 0.10690562425974859, 0.15798830984443066, 0.2485331743707079], [0.4664713407104297, 0.11256257359628855, 0.18270020048951832, 0.23826588510376337], [0.4527279959165725, 0.10924522427347502, 0.17186059137602763, 0.2661661883339249], [0.4597715827465024, 0.11446767532570354, 0.1718290818238203, 0.25393166000397377], [0.47948354600143517, 0.11214210913597034, 0.15568762088127008, 0.2526867238813244], [0.47348366594001406, 0.11973800120759687, 0.16111964465913226, 0.24565868809325678], [0.4732584164546675, 0.1124292264564237, 0.16877019780908076, 0.24554215917982805], [0.4712565242772915, 0.11732687054891337, 0.17070476709089308, 0.24071183798290208], [0.4712348650108645, 0.11550037733801108, 0.15300625789134875, 0.2602584996597757], [0.46130007044082755, 0.11665435755171415, 0.17511199598409033, 0.24693357592336798], [0.4905905242298751, 0.12213713219519735, 0.14057352613840718, 0.24669881733652038], [0.4717919685430813, 0.12900206060901523, 0.165638277942119, 0.23356769280578446], [0.4850501715651882, 0.12075698374494334, 0.15027940271782117, 0.24391344187204725], [0.49137649982084597, 0.12425886366650259, 0.15224115306592984, 0.2321234833467216]], "ideal": "B", "sampled": "C", "correct": false}}
{"type": "result", "data": {"idx": 16, "options": ["$10,000", "$25,000", "$44,000", "59000"], "probs": [[0.23753808362123732, 0.25686182120030393, 0.3147194274778018, 0.19088066760065692], [0.2622509456760264, 0.2835844327872191, 0.1918828303552213, 0.26228179108153316], [0.2525187824607243, 0.45019258741230184, 0.09436738096602505, 0.2029212490609488], [0.2683294079056445, 0.47096757677389145, 0.07336300576280365, 0.18734000945766038], [0.2729577557196794, 0.34507734503410525, 0.13726156130481673, 0.2447033378413986], [0.23790681005264258, 0.2961063340590377, 0.24934722109108326, 0.21663963469723643], [0.3072681816290963, 0.19840667241039664, 0.2797997676986729, 0.2145253781618342], [0.3310926009546321, 0.2171547296002124, 0.1772339370257339, 0.2745187323194216], [0.28825053784535604, 0.412925991470991, 0.08791833435549076, 0.21090513622816218], [0.32882821066625506, 0.40926265102611237, 0.07453246302854058, 0.187376675179092], [0.32034215805221167, 0.3254117119793283, 0.10080666989282024, 0.2534394599756398], [0.2637693583701532, 0.2478119581689978, 0.27645266053296264, 0.21196602282788635], [0.46963712037471295, 0.15248315830033654, 0.1225215185881121, 0.2553582026368384], [0.4963951893460149, 0.15379215431630144, 0.10405740653299649, 0.24575524970468715], [0.4891374968312488, 0.18279345195556532, 0.09336095232804104, 0.23470809878514484], [0.5050147808956845, 0.1858045025416514, 0.0850642404252479, 0.22411647603741613], [0.5217171012871288, 0.1616394391665117, 0.07400065136694758, 0.24264280807941196], [0.506649486570812, 0.1569719887074022, 0.08943541213816995, 0.2469431124836159], [0.29161623986475876, 0.30089480578557165, 0.13776073268945468, 0.26972822156021486], [0.2563720643263983, 0.27292874452722676, 0.22983330485906622, 0.24086588618730867], [0.22556866703161946, 0.500474870154878, 0.0779600441377881, 0.19599641857571437], [0.20731461718396926, 0.4672180603055801, 0.14249645168362385, 0.18297087072682677], [0.17231261457992417, 0.6605716218543378, 0.039055547643479016, 0.128060215822259], [0.18868407970663076, 0.6284442764819484, 0.04481865198052852, 0.13805299173089228]], "ideal": "C", "sampled": "C", "correct": true}}
