{"type": "result", "data": {"idx": 0, "options": ["5 permanent members with veto power, 10 rotating members with no veto power", "5 permanent members and 10 rotating members, all with veto power", "10 permanent members with veto power, and 5 rotating members without veto power", "15 permanent members with veto power"], "probs": [[0.3266204716914783, 0.29282076254616407, 0.12207093543347916, 0.25848783022887845], [0.3261615883059737, 0.3016884281678047, 0.1614866381500608, 0.2106633452761608], [0.21909722683622931, 0.13712121544897252, 0.40306079383634186, 0.2407207637784563], [0.359350756937872, 0.20800585482450815, 0.18939920614550385, 0.243244181992116], [0.266190860635109, 0.18585329032847359, 0.301683489973231, 0.24627235896318633], [0.3079797418995599, 0.20841767512912576, 0.17550983056190364, 0.3080927523094107], [0.5359096646348844, 0.13341266213690753, 0.10720493883025599, 0.22347273429795209], [0.5340172051849406, 0.1415154635764704, 0.148311674580048, 0.17615565655854104], [0.6137455243938208, 0.1413079543786038, 0.07446528415640967, 0.17048123697116577], [0.5330893317361648, 0.16516269495679314, 0.1286292205826575, 0.17311875262438456], [0.5735117493399994, 0.20134476265225007, 0.08009034721771341, 0.1450531406900372], [0.5174467524558917, 0.19337498995683772, 0.09876764491130946, 0.1904106125759612], [0.5822814193125635, 0.12399007563528407, 0.13199003236151133, 0.16173847259064114], [0.721332143492868, 0.11237840520775685, 0.06710349867721162, 0.09918595252216349], [0.6649423288950739, 0.13510869260579053, 0.06482562304931153, 0.135123355349824], [0.6945652364989944, 0.12454759328311943, 0.07096237688547044, 0.10992479323241572], [0.6645981124080768, 0.12489250767608089, 0.06897077143487189, 0.14153860838097043], [0.6545791430242197, 0.12494794650771611, 0.08323056746989957, 0.13724234289816464], [0.5852885885345412, 0.15510340148971705, 0.1227015638430021, 0.13690644603273958], [0.5881203631513432, 0.15831083647481628, 0.09020414538539967, 0.1633646548884409], [0.7169592433224349, 0.13472908834308972, 0.06265573994677356, 0.08565592828770185], [0.6368185829716487, 0.14210823070991355, 0.08755286716872467, 0.13352031904971304], [0.6627814719701024, 0.1599221217478174, 0.0656327376774427, 0.11166366850463753], [0.5958369506859307, 0.1996008351156377, 0.08720169410433383, 0.11736051999409775]], "ideal": "A", "sampled": "D", "correct": false}}
{"type": "result", "data": {"idx": 1, "options": ["It allowed the US to intensify its involvement in Vietnam", "It illustrated the influence of public opinion on US foreign policy", "It enhanced Congressional control over the Vietnam War", "It curtailed US involvement in Vietnam"], "probs": [[0.811414783536034, 0.05522249335721597, 0.026913915119792187, 0.10644880788695778], [0.8060206990804702, 0.06119431269700981, 0.030294537993166826, 0.10249045012935312], [0.808353494135805, 0.04931448463826225, 0.027664306000182267, 0.11466771512575043], [0.8554650314706719, 0.03700826475248341, 0.022802251434377575, 0.08472445224246716], [0.7701582066511625, 0.050014833543997, 0.032805126464696854, 0.14702183324014362], [0.8361508631618034, 0.03790910174453907, 0.024478835474301797, 0.10146119951935573], [0.06542627060174559, 0.8618506577576427, 0.023329747018704976, 0.04939332452190668], [0.08955322021638365, 0.8235439488604719, 0.029075173062481238, 0.057827657760663266], [0.05462071895361578, 0.039335632442072214, 0.7903712714942829, 0.11567237701002915], [0.2433318513636731, 0.1282334337123656, 0.09680735391011855, 0.5316273609138428], [0.17762271626738993, 0.15923165732410616, 0.46802994413642407, 0.19511568217207984], [0.2515490167283853, 0.17021701499087719, 0.0855997093949419, 0.49263425878579564], [0.12613802959047962, 0.7146528256021621, 0.047879173633449, 0.1113299710739092], [0.15592762497949172, 0.6565159451689411, 0.058269296451739123, 0.1292871332998281], [0.039766660855893886, 0.030480989445207083, 0.8372491394557277, 0.09250321014317132], [0.22220002443803483, 0.15272480941471828, 0.10016867740060997, 0.5249064886466369], [0.1608133274701353, 0.11583693356050301, 0.45816141454356457, 0.26518832432579714], [0.17888916760549436, 0.14375249825839392, 0.2059239565237479, 0.4714343775123638], [0.16452578689156522, 0.6507441192658158, 0.06245047225628482, 0.12227962148633423], [0.1530013691704558, 0.6751154114757043, 0.054557763441097, 0.11732545581274285], [0.12776969276752628, 0.12384193297099984, 0.5817112282699434, 0.16667714589153046], [0.20766024598876628, 0.242796230929596, 0.12996460689742012, 0.41957891608421755], [0.15592801549168653, 0.11057753533875864, 0.48034713975369986, 0.253147309315855], [0.15907225485260776, 0.11105798514739681, 0.18311198599629294, 0.5467577739037025]], "ideal": "A", "sampled": "A", "correct": true}}
{"type": "result", "data": {"idx": 2, "options": ["Terrorists", "Organized crime", "Drug traffickers", "China"], "probs": [[0.19797442556466147, 0.16414956502242156, 0.09956209212198493, 0.538313917190932], [0.2193663003726923, 0.21942821469836915, 0.2565375604453082, 0.30466792438363033], [0.20019714530811866, 0.18809792486202823, 0.13131304595699225, 0.48039188377286085], [0.18914722830707129, 0.18052792009312893, 0.2930309386845175, 0.33729391281528226], [0.2807102501111654, 0.25566735861128936, 0.15998980401346574, 0.3036325871640795], [0.27433556843020845, 0.25777573066377213, 0.13166021122269594, 0.33622848958332346], [0.18926833568110826, 0.1342312544450043, 0.11128160356362464, 0.5652188062102628], [0.21461151429269007, 0.16459897422642297, 0.32734793962632874, 0.2934415717545582], [0.22180363864176184, 0.15730867022652908, 0.09691713893811016, 0.5239705520935989], [0.20637496996283636, 0.17113052051843766, 0.34033804621365643, 0.28215646320506954], [0.2779170829090155, 0.31500198964601855, 0.1333886811988974, 0.2736922461460685], [0.25612378117861123, 0.32894089814711386, 0.15061095355435114, 0.2643243670199238], [0.2031826318529898, 0.1684683338444595, 0.1558088133689884, 0.4725402208335623], [0.18671608902983056, 0.17272217055255978, 0.31276755589792044, 0.3277941844196892], [0.2312490097481255, 0.19174184331783664, 0.09492021265243471, 0.48208893418160315], [0.21961629061266616, 0.2162579712613038, 0.2820571916706853, 0.28206854635534473], [0.22771355374643287, 0.301729428841067, 0.1640516170130005, 0.3065054002994996], [0.22529557680761284, 0.29852277482329936, 0.18681885578580404, 0.2893627924832837], [0.3112824168107835, 0.24631058433243436, 0.1802037304398896, 0.2622032683168925], [0.3205910276957977, 0.23829929173143966, 0.1445358373894423, 0.2965738430833203], [0.32214355465528566, 0.284362971754248, 0.13859513400599216, 0.25489833948447416], [0.3166727423351235, 0.27519068119158185, 0.1496238112300022, 0.2585127651432924], [0.2739078022591208, 0.26141720228509985, 0.14437239930460355, 0.3203025960511758], [0.26169874231126133, 0.25769015083791946, 0.1975849864870155, 0.2830261202638037]], "ideal": "D", "sampled": "D", "correct": true}}
{"type": "result", "data": {"idx": 3, "options": ["Richard Nixon", "George H. W. Bush", "Jimmy Carter", "Ronald Reagan"], "probs": [[0.7335395784928262, 0.04847710933618841, 0.05381674298919225, 0.16416656908179306], [0.7357282904964348, 0.047872824312154325, 0.06529193824061778, 0.15110694685079304], [0.7191960020684982, 0.055724903324163313, 0.056599612710903795, 0.16847948179643468], [0.735326479168179, 0.05611341069807233, 0.059086095299065874, 0.1494740147346829], [0.7515526609148617, 0.04919785761484637, 0.0486252171511622, 0.1506242642191297], [0.7621799053602016, 0.049574680099083474, 0.04102655893298926, 0.14721885550772565], [0.1538180883528753, 0.39908064076732896, 0.02892967920529463, 0.41817159157450107], [0.20228665219129507, 0.4930774595639214, 0.05671625301343833, 0.2479196351313452], [0.10425824360227358, 0.10760258561481119, 0.37586821981878804, 0.4122709508641272], [0.08722180807298065, 0.06794504769998051, 0.1376028199534886, 0.7072303241735503], [0.11248487885029215, 0.11877485223604223, 0.5173942060702562, 0.2513460627434094], [0.11656174279630103, 0.08014559149211856, 0.04329742943989072, 0.7599952361716896], [0.22074674725550544, 0.27908385628901144, 0.03281848230088835, 0.4673509140545948], [0.3068350025742258, 0.37024537552719394, 0.04784638541115055, 0.2750732363874297], [0.09372061955824215, 0.09592767518015041, 0.5618013571594224, 0.2485503480021851], [0.100730320790316, 0.07487458623383848, 0.12558649291948543, 0.6988085999563601], [0.15961938619151772, 0.147698576802189, 0.4081986126432329, 0.28448342426306034], [0.10108061588395276, 0.06326320118667095, 0.028580407475201765, 0.8070757753541745], [0.19787925221812291, 0.5637804791764709, 0.01757325022675803, 0.2207670182786482], [0.19833538451427096, 0.5650767830773026, 0.018745724598753715, 0.21784210770967266], [0.07148434327549666, 0.07237732517557754, 0.7073403105526184, 0.14879802089630745], [0.08593863896979834, 0.06487855242052216, 0.04683170042279277, 0.8023511080868867], [0.15250108680090918, 0.1479134962436613, 0.3665214667394367, 0.3330639501159928], [0.07316842701734724, 0.051861137339729815, 0.025588270369549804, 0.8493821651733732]], "ideal": "A", "sampled": "A", "correct": true}}
{"type": "result", "data": {"idx": 4, "options": ["on nuclear weapons signed between the United States and the Soviet Union.", "cutting conventional arms in Europe.", "to be rejected by the U.S. Senate.", "mandating the elimination of many long-range nuclear missiles."], "probs": [[0.3778553759540102, 0.05193867001656872, 0.05361420507847168, 0.5165917488509494], [0.14353873040980616, 0.04307833673418888, 0.7320350945424561, 0.08134783821354888], [0.31003853560104566, 0.06497278784693447, 0.04541075584802873, 0.5795779206039912], [0.329303567515219, 0.10098069310639833, 0.450834638592737, 0.11888110068564568], [0.5591816597190977, 0.39034848456978966, 0.018407587920174398, 0.03206226769093828], [0.3842721376100692, 0.5334672460452353, 0.029410282859121867, 0.052850333385573614], [0.0756547467853786, 0.7931260047013525, 0.03310839905501026, 0.09811084935825859], [0.10082458033763868, 0.7198332601053403, 0.0779108932380765, 0.10143126621894448], [0.026923242144179817, 0.03540207956273674, 0.8164663037321692, 0.12120837446091424], [0.023464262745391293, 0.036604632097599274, 0.8217400999485026, 0.11819100510850679], [0.08882815041971706, 0.6758883300889906, 0.13651641322125635, 0.09876710617003595], [0.0424911746760468, 0.8666025286303031, 0.024028872755370755, 0.06687742383827935], [0.15601572413824802, 0.6671348263606326, 0.0454122542571261, 0.13143719514399332], [0.1715783502225117, 0.6669769981876164, 0.08508834368761369, 0.07635630780225827], [0.04078905877103839, 0.03229474900732042, 0.7280087795122335, 0.19890741260940764], [0.03336595793280069, 0.030546121751384887, 0.7948150156361029, 0.14127290457971153], [0.20707743639206763, 0.5444139444437825, 0.1578124820213339, 0.09069613704281584], [0.20104095862019827, 0.6695604498272754, 0.04556926830769195, 0.08382932314483443], [0.3166119724304355, 0.6496174885383242, 0.011357029930008828, 0.02241350900123146], [0.3319887101833692, 0.6011308755735353, 0.021228394684351524, 0.045652019458744], [0.5267265274146363, 0.05136436644433908, 0.3374590851926851, 0.0844500208483395], [0.760882107870267, 0.05867636421765596, 0.032917016477460245, 0.1475245113346168], [0.6650513954955278, 0.09251272690592938, 0.13181542939097082, 0.11062044810757195], [0.7861690652245925, 0.09244299088981733, 0.024496784841932174, 0.096891158943658]], "ideal": "D", "sampled": "D", "correct": true}}
{"type": "result", "data": {"idx": 5, "options": ["It ended the influence of American exceptionalism entirely", "Exceptionalism was enhanced by America's status as the 'leader of the free world'", "The extension of American power globally challenged core assumptions of exceptionalism", "Both b and c"], "probs": [[0.03831381020662543, 0.15394456855096403, 0.3259474671225727, 0.48179415401983783], [0.11175267892511222, 0.2558549883142189, 0.1901622669917411, 0.4422300656689278], [0.04157617082909266, 0.7724472447952483, 0.06749689201166766, 0.11847969226399138], [0.06323510737565922, 0.8074983182672424, 0.07167141512586138, 0.05759515913123701], [0.13093229931874617, 0.17622814808173784, 0.20606648612842896, 0.486773066371087], [0.036198390888600114, 0.06764128501150328, 0.7388452556506683, 0.15731506834922837], [0.034441192089037904, 0.08659715110864302, 0.5142477252176214, 0.3647139314846976], [0.13657592911690083, 0.11868145353313875, 0.178208966344121, 0.5665336509058394], [0.08734382977650226, 0.6659676084614417, 0.04977833964588872, 0.19691022201616734], [0.1325322428967815, 0.6034451306289526, 0.17290838576341275, 0.09111424061085319], [0.3074163702325617, 0.44042143194289246, 0.07418755938628543, 0.17797463833826044], [0.07788951190617895, 0.10988192905871558, 0.6732938545715714, 0.13893470436353403], [0.1937404866129497, 0.18490345661754037, 0.09444672572016428, 0.5269093309493457], [0.26842294520894977, 0.1706552254592456, 0.23698729351849007, 0.32393453571331454], [0.2164065503473676, 0.26936162920233675, 0.06299256861286244, 0.4512392517374332], [0.27568086157423577, 0.2981407851236707, 0.27149971507755766, 0.15467863812453586], [0.39944275614435415, 0.4818997012803901, 0.05240698825182489, 0.06625055422343083], [0.49341741934576855, 0.3783574458333601, 0.057129220019963865, 0.07109591470090744], [0.07148427834485716, 0.08759377373810222, 0.5536573198684334, 0.2872646279486073], [0.00956399768584337, 0.02810931578392197, 0.8610743906081292, 0.10125229582210547], [0.2025578706491726, 0.48598067499365344, 0.08185790234409059, 0.22960355191308338], [0.01586770354865844, 0.11367093816912989, 0.7531565560128518, 0.1173048021693598], [0.19396627859422202, 0.7207875036237816, 0.04195412495449485, 0.04329209272750149], [0.2239153756899794, 0.7006448271698831, 0.03771824635387693, 0.03772155068626055]], "ideal": "D", "sampled": "C", "correct": false}}
{"type": "result", "data": {"idx": 6, "options": ["He believed that internal reform rather than international negotiation was the key to economic regeneration of the US", "He believed that German domination of Europe would be in US interests", "He always favoured isolationism", "All of the above"], "probs": [[0.3014265231167879, 0.09786417115549725, 0.1337711483008497, 0.4669381573268651], [0.16853143398664477, 0.06009572043485291, 0.6461198377419096, 0.12525300773659268], [0.30205587899894376, 0.11829244873052089, 0.08929508577713383, 0.4903565863934015], [0.2107034278293081, 0.09953655824105716, 0.5639303796041005, 0.1258296342255342], [0.2824360314221012, 0.5705729488595626, 0.04469067792297485, 0.10230034169536135], [0.25150053941177025, 0.6523797913024183, 0.033511071395173196, 0.06260859779063828], [0.24349976166511322, 0.12054544982056929, 0.18096951464357597, 0.45498527377074155], [0.09794779589337278, 0.05242916394239673, 0.7238455255064916, 0.1257775145577389], [0.20206141921484647, 0.10320692739066155, 0.1367342949537014, 0.5579973583407906], [0.15509359883665416, 0.10494817281839197, 0.549911809283157, 0.1900464189617969], [0.217929555608179, 0.5479055234312333, 0.08669190952120234, 0.14747301133938534], [0.20187696060467997, 0.6619682660793802, 0.04795288115435825, 0.08820189206158156], [0.24381746712597066, 0.152584584825644, 0.10324728641740091, 0.5003506615309844], [0.08152505633127448, 0.08543859294039068, 0.7266974340144662, 0.1063389166138687], [0.2230485280316463, 0.08078543276542435, 0.117548215024672, 0.5786178240782573], [0.11963284549259684, 0.07486711776403976, 0.6367767737218288, 0.16872326292153456], [0.09018257259420745, 0.23392583427474126, 0.5271820425460062, 0.1487095504850451], [0.18082051659114634, 0.41392112903980666, 0.1836836404758155, 0.2215747137932315], [0.4693815408903596, 0.3434520282948949, 0.05266901811197208, 0.1344974126027734], [0.4332573630738371, 0.40074601018992256, 0.06145414967492075, 0.10454247696131962], [0.4316867621682045, 0.21709586839513523, 0.12369588853445404, 0.22752148080220624], [0.43309848452194005, 0.20143044893353537, 0.11477111791883614, 0.25069994852568844], [0.21396669743305585, 0.13815997539569175, 0.45302075143098575, 0.19485257564026665], [0.4088956117221109, 0.14132355152147402, 0.1552173942172282, 0.29456344243918686]], "ideal": "A", "sampled": "D", "correct": false}}
{"type": "result", "data": {"idx": 7, "options": ["A strand of neo-isolationist sentiment", "A strand of internationalist sentiment", "An expression of American cultural superiority", "Increased incorporation of public opinion in foreign policy making"], "probs": [[0.22990668108737078, 0.23354818196615648, 0.1069240588701999, 0.4296210779762728], [0.34379141588298257, 0.2636132397157532, 0.20854010928811056, 0.18405523501315366], [0.12061343134985672, 0.06257649045153749, 0.27611307541260516, 0.5406970026860006], [0.03634897361692242, 0.030402879259021402, 0.809085335044215, 0.12416281197984119], [0.4192061423836165, 0.20116183159723916, 0.1720604002303678, 0.20757162568877652], [0.254994241458053, 0.4915659986573183, 0.07538304421011494, 0.17805671557451372], [0.1898137117649215, 0.4413622516561273, 0.1133510073913982, 0.255473029087553], [0.23241790087799083, 0.4695300249495948, 0.14319966091871292, 0.1548524131537015], [0.07486681137378404, 0.05477409441991139, 0.4959590101965685, 0.37440008390973606], [0.03160997378148464, 0.02972013012604862, 0.8274502866310809, 0.11121960936138588], [0.14572501941114102, 0.1246510436451753, 0.4930379349339612, 0.23658600190972245], [0.2524483278870956, 0.21260120606088145, 0.14385287890941467, 0.3910975870426083], [0.14390784704070045, 0.13103941400176472, 0.29531184175829805, 0.4297408970992368], [0.10852174881440736, 0.10684115120173542, 0.4941263945166943, 0.2905107053671629], [0.09680511512965145, 0.08152252936970968, 0.46190519739821273, 0.35976715800242615], [0.07856117816137681, 0.07977335780398984, 0.5541472351869039, 0.2875182287477295], [0.1652386933399901, 0.24044103918055337, 0.30874499675524303, 0.28557527062421345], [0.19977025685696848, 0.20613279936636486, 0.19669468698918827, 0.3974022566874784], [0.23447770227349027, 0.43809608273440703, 0.1637056047112792, 0.1637206101808235], [0.21482798935175385, 0.5073965304745691, 0.09683848387908718, 0.18093699619458983], [0.08748981616485861, 0.09459783417822172, 0.6267429776382439, 0.19116937191867572], [0.1805760901642414, 0.10616243741866657, 0.15690120117876305, 0.556360271138329], [0.06995179633751969, 0.054474135007368016, 0.6236159917017069, 0.25195807685340543], [0.16572747382082642, 0.11570476967259063, 0.19992463885075468, 0.5186431175558283]], "ideal": "A", "sampled": "A", "correct": true}}
{"type": "result", "data": {"idx": 8, "options": ["The war reduced European population levels below that of the United States", "The United States seized German resources after the war", "European countries paid the United States for assistance", "The United States became a creditor country and financial centre, with European war spending boosting the US economy"], "probs": [[0.04576336591978203, 0.04039029776646115, 0.07665070145555743, 0.8371956347581994], [0.014573189947464886, 0.01714592455021333, 0.9332565995933385, 0.03502428580898326], [0.041861566862346426, 0.03994879051738858, 0.06384141623630818, 0.8543482262839568], [0.02200773304834578, 0.022764117834799605, 0.924328304704479, 0.0308998443123756], [0.08748147940878463, 0.8699076333377345, 0.022468422338639073, 0.02014246481484186], [0.11693650465634531, 0.8245579061959035, 0.03511279219606364, 0.02339279685168754], [0.059210019523318065, 0.047581257203725434, 0.1007347814911743, 0.7924739416817822], [0.013022556729881018, 0.014949148324417669, 0.9428325171574101, 0.029195777688291145], [0.05327313884425459, 0.04851051155388681, 0.07752325558311692, 0.8206930939187417], [0.015693260442907468, 0.01712123314001506, 0.9343456081168251, 0.03283989820025231], [0.07238070463836849, 0.8681739921323589, 0.03064960341641765, 0.028795699712854898], [0.0729980533664945, 0.8755849484799387, 0.029495318964029196, 0.021921679089537516], [0.03954964345377379, 0.03601391875197062, 0.0652164654823266, 0.859219972211929], [0.01877529075980907, 0.018505991400850394, 0.9330816377394269, 0.029637079999913708], [0.05671432957390444, 0.048515230703757316, 0.07398151826994578, 0.8207889213523925], [0.01474618334693442, 0.016074348889525764, 0.9347751030538659, 0.03440436460967392], [0.1306227232604894, 0.8128183417115437, 0.032011950609646074, 0.024546984318320815], [0.11462616876623354, 0.8470418420814744, 0.02257228820332062, 0.015759700848971506], [0.8092448801026182, 0.08665151990066665, 0.03556128258157244, 0.06854231731514272], [0.7591188009748614, 0.10115849301070547, 0.055864185505467574, 0.08385852040896558], [0.782594056804369, 0.09203433706052364, 0.04415696365425647, 0.08121464238085091], [0.8130734612898972, 0.0870591492600677, 0.03517428549348808, 0.06469310385654695], [0.8007315397006881, 0.09868223954363096, 0.0368745950479137, 0.0637116256077672], [0.8505704897069071, 0.07912576294358521, 0.024511491731141533, 0.045792255518366215]], "ideal": "D", "sampled": "D", "correct": true}}
{"type": "result", "data": {"idx": 9, "options": ["the president of the United States.", "the secretary of defense.", "the chairman of the Joint Chiefs of Staff.", "Congress."], "probs": [[0.4963149261468754, 0.018946946892771405, 0.01836469893986261, 0.46637342792049064], [0.6397477054087781, 0.048570436681472075, 0.19513899558341444, 0.11654286222633535], [0.532228665585804, 0.02000293720290028, 0.020003717651155217, 0.4277646794601406], [0.15705983719480374, 0.02485065780901237, 0.761187214133456, 0.05690229076272782], [0.7696175826487308, 0.13585408913382935, 0.02513132876809478, 0.06939699934934507], [0.7565122856123323, 0.1377777310654164, 0.024703634946378634, 0.08100634827587261], [0.05310585481216665, 0.856909415975912, 0.016207158240852795, 0.07377757087106855], [0.07040331446417361, 0.8358697812553042, 0.024793134768872065, 0.06893376941165011], [0.005242294374429805, 0.003342523139467429, 0.9675715353896757, 0.023843646996427062], [0.005256931754721943, 0.005986064727468698, 0.8756715224881311, 0.11308548092967831], [0.012663443560142882, 0.01639111458952255, 0.9501457903621258, 0.02079965138820881], [0.027299513115687967, 0.042944499835684304, 0.01138248985626729, 0.9183734970923604], [0.050516231337614785, 0.8472773179376033, 0.01949685753696328, 0.08270959308781861], [0.05567931580341931, 0.828955441165062, 0.02556211777833827, 0.08980312515318041], [0.005635678370165352, 0.004603925682005185, 0.9614011164707922, 0.028359279377037267], [0.007701233264201749, 0.009797914930200399, 0.8100197774740927, 0.1724810742315052], [0.009705662219605591, 0.016245894539300157, 0.9528690714650295, 0.021179371676064686], [0.03890423505292886, 0.5327642599166454, 0.044440217642812065, 0.3838912872876136], [0.1270324564033289, 0.8283468925805009, 0.013712463643661106, 0.030908187272509106], [0.13058345377605177, 0.8124263774204191, 0.01489135214454057, 0.04209881655898852], [0.010989166134985939, 0.005984321342193253, 0.9632868187172041, 0.019739693705616727], [0.02641958839029741, 0.005367435709343915, 0.007223465741555719, 0.960989510058803], [0.0063993037634551865, 0.0034983307608397033, 0.9756020442855322, 0.014500321090172841], [0.031130058310894927, 0.006424038592537607, 0.008919536958530816, 0.9535263660380366]], "ideal": "D", "sampled": "A", "correct": false}}
{"type": "result", "data": {"idx": 10, "options": ["The US ignored the Third World", "Local developments were viewed through a geopolitical lens", "The US unreservedly supported decolonization", "None of the above"], "probs": [[0.14715550838429414, 0.573078513088139, 0.10768283902521956, 0.17208313940234735], [0.15632330578447654, 0.5207135313547573, 0.1401554706622041, 0.18280769209856204], [0.055848949068034864, 0.06428867625762379, 0.600573544148451, 0.27928883042589037], [0.07982928840363133, 0.09782118260173284, 0.08771823933934286, 0.734631289555293], [0.03068906724465366, 0.08214389792091437, 0.6773715233038176, 0.20979551143061442], [0.09097521141714882, 0.10805349211884077, 0.12835081111624036, 0.6726204852477701], [0.6490448688474761, 0.12582820605782463, 0.04487648961662824, 0.18025043537807092], [0.5240174247704905, 0.14104292635955187, 0.12646429993224906, 0.20847534883770855], [0.6224620759025524, 0.1410850082924326, 0.049536566772790495, 0.18691634893222445], [0.4710125011338158, 0.16795008883883447, 0.13499384431644454, 0.22604356561090513], [0.6180692017760443, 0.18558884563920322, 0.05841126947767488, 0.13793068300707761], [0.49769842262591574, 0.2208755911078687, 0.10113799637854533, 0.18028798978767027], [0.05078897997229041, 0.05240604653430445, 0.6691460012720442, 0.227658972121361], [0.0959462054883958, 0.11044674118740398, 0.12717158806903933, 0.6664354651551608], [0.13794060101552016, 0.6581808467498328, 0.08769822354835487, 0.11618032858629214], [0.17340819794303886, 0.5018421485792748, 0.13720785284470122, 0.18754180053298516], [0.114447399738709, 0.1516367393227973, 0.1338734387855398, 0.6000424220529539], [0.02485458930830778, 0.07538052099964157, 0.7735152873981297, 0.12624960219392095], [0.0403881243033319, 0.1168938265494098, 0.5578503303040935, 0.28486771874316485], [0.06333635190498323, 0.11118124010587269, 0.06538202062733874, 0.7601003872618053], [0.12165775602054535, 0.6681183824809237, 0.09042834081447121, 0.11979552058405976], [0.15789643947999918, 0.6053606090726893, 0.11374952303972236, 0.12299342830758912], [0.0777184396054527, 0.14522404018171903, 0.07304962995847832, 0.70400789015435], [0.041963766787135016, 0.13131858260377943, 0.6168640186371249, 0.20985363187196063]], "ideal": "B", "sampled": "B", "correct": true}}
{"type": "result", "data": {"idx": 11, "options": ["It was the first time the US became involved in the Balkans", "It was the first time NATO used military force", "It was the first war won by airpower alone", "It was the first war to employ 'smart weapons'"], "probs": [[0.4016798259178274, 0.1810676346161711, 0.18107019761616353, 0.236182341749838], [0.3774037546315756, 0.19581037174262397, 0.1868467126049499, 0.23993916092085055], [0.2681098698333849, 0.09559986098347702, 0.3722862351270552, 0.26400403395608285], [0.24606419363946175, 0.09788313215340455, 0.15888620437922066, 0.497166469727913], [0.29528218064809164, 0.11745996597039363, 0.3346399316655746, 0.25261792161594016], [0.3009631357857859, 0.10731808175055446, 0.15373207741728961, 0.43798670494637004], [0.29595663258583255, 0.24157241754582523, 0.2131937231448566, 0.24927722662348561], [0.29922672657318705, 0.22238394284432625, 0.22238991820987536, 0.2559994122726113], [0.2021378322118679, 0.10324681010757815, 0.39581362324947206, 0.29880173433108187], [0.26135478199952306, 0.13559735224075206, 0.21669334816832084, 0.38635451749140404], [0.22828824475675433, 0.12412568740608274, 0.37642684014211597, 0.27115922759504696], [0.27547929615907085, 0.15214567241446086, 0.20157107697117171, 0.37080395435529656], [0.15741626364899652, 0.19287316158709372, 0.37766619783834093, 0.2720443768255688], [0.15742245549508946, 0.20856446336455362, 0.17840026583080057, 0.4556128152095564], [0.1854112827031251, 0.15614034931917797, 0.35743223234859123, 0.30101613552910567], [0.22130698952728214, 0.21451271537093186, 0.2213294157758792, 0.3428508792259068], [0.12242015434591576, 0.07542376669032733, 0.35426848254645577, 0.44788759631730113], [0.13596006416152912, 0.08777915907344651, 0.4123446397163606, 0.36391613694866376], [0.18519320806211206, 0.22339561246492273, 0.34602271991454303, 0.24538845945842216], [0.16531531018406104, 0.26009532031512095, 0.16533468169303378, 0.4092546877077842], [0.20788004992313594, 0.1834668516929265, 0.3374623655935426, 0.27119073269039495], [0.23249101982907652, 0.2084215612265895, 0.198888409101273, 0.360199009743061], [0.10834128973584545, 0.07217336076680445, 0.384146650760402, 0.43533869863694813], [0.1496485151253225, 0.09076841039393027, 0.4005216300009268, 0.35906144437982046]], "ideal": "C", "sampled": "B", "correct": false}}
{"type": "result", "data": {"idx": 12, "options": ["The character of a state's leader", "The distribution of power in the international system", "The distribution of power within a state's governmental system", "A state's political ideology"], "probs": [[0.017000830559259668, 0.9429138723375474, 0.016478561599926635, 0.023606735403266313], [0.01539878877977067, 0.952760789792645, 0.014925562372017719, 0.01691485895556665], [0.010066267858352079, 0.021509749311525366, 0.8980373348436956, 0.07038664788642697], [0.05381214649881795, 0.23376172788357596, 0.06697098486012042, 0.6454551406574857], [0.003097608889763981, 0.005667818231930837, 0.9523350388849366, 0.03889953389336856], [0.02173904357666186, 0.02042368278350659, 0.37936535698246965, 0.5784719165573619], [0.7777774593946294, 0.03312545752987233, 0.023488775680841727, 0.16560830729465653], [0.7982424333253464, 0.03144197473758878, 0.02264611562653803, 0.14766947621052678], [0.8566055275347276, 0.029776545372525262, 0.01750421641247727, 0.09611371058026984], [0.8793076112116062, 0.03744908724631853, 0.01853844488713942, 0.06470485655493591], [0.8464467619233528, 0.021192867543584522, 0.015996672390254624, 0.11636369804280802], [0.8451231577679503, 0.03176365591481463, 0.01896678199808748, 0.10414640421914757], [0.018141070632420646, 0.01136193347089833, 0.8879170540938307, 0.08257994170285032], [0.050279329942100374, 0.011942974168197175, 0.03246254440343601, 0.9053151513862664], [0.18324822458652357, 0.7025339707407258, 0.03781821634716425, 0.0763995882255864], [0.21818415141099945, 0.6721090924108368, 0.04718911078059817, 0.06251764529756552], [0.05774600068972592, 0.011195242424670983, 0.02770661381300376, 0.9033521429725994], [0.040180882127205324, 0.018693976955248125, 0.8727611427066305, 0.06836399811091608], [0.0027375314573175697, 0.00514021379686862, 0.9496657913741877, 0.042456463271626034], [0.01564387576755752, 0.01492906242119597, 0.373142742430998, 0.5962843192802485], [0.013010120011957352, 0.9709500068894308, 0.008269977751166587, 0.007769895247445224], [0.020492080394747363, 0.9570473610985635, 0.011141909256716959, 0.01131864914997215], [0.04884702839187522, 0.5418658993337888, 0.036872413967241016, 0.37241465820709496], [0.02883721855548863, 0.14999726245545505, 0.7614602360694818, 0.05970528281957451]], "ideal": "B", "sampled": "B", "correct": true}}
{"type": "result", "data": {"idx": 13, "options": ["Leaders have incentives to lie", "If leaders revealed their programs, they would be more likely to be attacked", "Leaders will not always grant foreign monitors access to their nuclear programs", "ALL of the above"], "probs": [[0.13352566558201004, 0.051498374293113526, 0.03379530358586604, 0.7811806564390104], [0.06085828227897443, 0.053714226125557776, 0.741666425069516, 0.14376106642595185], [0.1420646895172339, 0.05393453274176695, 0.03539549160100101, 0.7686052860399981], [0.02669286635840572, 0.023192484750248626, 0.8704144665806458, 0.07970018221069983], [0.11986352114264148, 0.7696953644488065, 0.0377238925575409, 0.07271722175101111], [0.1400554143482913, 0.7114345841141808, 0.04917275404360425, 0.09933724739392365], [0.12173730334596522, 0.062200387015661884, 0.03383917954944626, 0.7822231299889266], [0.05224691330864097, 0.05391396581587478, 0.7561513184744947, 0.1376878023009895], [0.08886554157490141, 0.03763600466497885, 0.055661507359999654, 0.81783694630012], [0.04696045663180096, 0.03601123362293959, 0.7581323729294458, 0.15889593671581362], [0.11965541540379832, 0.6887249349859066, 0.060177206987085306, 0.13144244252320983], [0.13357953725909535, 0.6178096532203845, 0.06311070918405758, 0.1855001002364625], [0.16667747061343038, 0.07634028530022355, 0.03234361689155277, 0.7246386270947933], [0.02592628397893914, 0.028925116748270325, 0.858785435557154, 0.08636316361563652], [0.1383825653329766, 0.05861806716062133, 0.05424744866345698, 0.7487519187429451], [0.047213967325478876, 0.04505746368253546, 0.7504517938494216, 0.157276775042564], [0.09440473747515582, 0.7783594362660555, 0.04390924554353686, 0.08332658061525175], [0.08295870166390693, 0.7996673910873957, 0.035685924409282324, 0.08168798273941508], [0.40771554131351334, 0.21159560116784584, 0.10474118901460576, 0.275947668404035], [0.3671141457920648, 0.209237884445912, 0.11921198541584507, 0.3044359842461781], [0.3416836763090149, 0.1424812759305377, 0.1947525855556634, 0.32108246210478397], [0.3302051821081995, 0.11237755006553155, 0.06924275514514491, 0.48817451258112404], [0.3246648858957935, 0.1909150154561367, 0.17934216289899188, 0.3050779356490779], [0.362434533482052, 0.1419716019639588, 0.05827324793446527, 0.4373206165195239]], "ideal": "D", "sampled": "D", "correct": true}}
{"type": "result", "data": {"idx": 14, "options": ["the Senate.", "the president.", "the Secretary of State.", "the chairman of the Joint Chiefs."], "probs": [[0.19808572366917768, 0.5138032780388992, 0.10770744061411426, 0.18040355757780882], [0.021762910944393345, 0.03701283361562165, 0.015921702399278606, 0.9253025529407064], [0.052560157187537815, 0.03110899164965176, 0.8349240877495306, 0.08140676331327974], [0.02783866132650098, 0.009324379257825989, 0.011605277420379157, 0.9512316818952938], [0.0035590618278304445, 0.002923705919139547, 0.952251858522026, 0.041265373631004035], [0.0038162177310914216, 0.003915392411531521, 0.9362378916078654, 0.056030498149511616], [0.5780655231205551, 0.07946801303229797, 0.18191199273900988, 0.160554471008137], [0.018559050889285673, 0.005838825585047246, 0.008904590824511827, 0.9666975326011552], [0.7207236069097508, 0.0990809402781482, 0.04261482728817928, 0.13758062542392166], [0.7984554603213876, 0.08157161455290932, 0.026072171911236588, 0.09390075311446648], [0.02498241386914251, 0.007157107916818122, 0.015632874468648597, 0.9522276036453907], [0.0147435031816521, 0.011406477539590782, 0.9290318488145675, 0.0448181703641896], [0.05613919729949021, 0.01644405911781122, 0.837706567333513, 0.08971017614918556], [0.03401962735482413, 0.005640878920139011, 0.01157521013880534, 0.9487642834862315], [0.40241742130070063, 0.33364060517789385, 0.06468027829477098, 0.1992616951266345], [0.4348441659969361, 0.35494232174184953, 0.04512494802023726, 0.1650885641409771], [0.0434567901743006, 0.0073192191246649356, 0.01989659902185527, 0.9293273915791792], [0.04781229518981342, 0.011798953878050746, 0.8343354037644275, 0.10605334706770837], [0.003970995308622091, 0.0045976925497532494, 0.939835781388827, 0.051595530652797664], [0.0036248461352178, 0.0059077457953375274, 0.8945122112052862, 0.09595519676415841], [0.040105386369229626, 0.7328816433149342, 0.016860037537914204, 0.21015293267792198], [0.06995721853601806, 0.7986144959231218, 0.0372134965828585, 0.09421478885800154], [0.032613442316770845, 0.2485682591120661, 0.0638545472514715, 0.6549637512196915], [0.03231458148907906, 0.1793622403095102, 0.6890280380062735, 0.09929514009513722]], "ideal": "B", "sampled": "B", "correct": true}}
{"type": "result", "data": {"idx": 15, "options": ["Required the United States and Russia to demobilize their armies", "Required the United States and Russia to dismantle a significant number of their nuclear weapons", "Prohibited the acquisition of new military bases", "Prohibited short-range nuclear weapons"], "probs": [[0.031745737710995765, 0.9423367424769323, 0.014765393059969201, 0.011152126652102726], [0.03368852884790102, 0.9393770282607664, 0.015188087042913866, 0.011746355748418742], [0.013667235162295146, 0.008420520469095907, 0.9591707595215929, 0.018741484747015993], [0.02000927496561852, 0.013968919381801463, 0.03148016165963482, 0.9345416438929451], [0.010918205363908634, 0.007481946911076903, 0.9668763067336653, 0.014723540891349186], [0.011205138885395184, 0.00807074169733303, 0.018188577195029927, 0.9625355421222418], [0.9370295742168572, 0.025766419949233798, 0.013368696373901385, 0.023835309360007575], [0.9337725194891341, 0.026080880935373398, 0.01486196205061315, 0.02528463742487931], [0.9544692145676426, 0.021089129930206972, 0.010605910248622424, 0.013835745153528093], [0.9309389150300451, 0.0276781306557678, 0.015773609543434618, 0.025609344670752456], [0.9559976794957866, 0.021122828097958544, 0.010457873339691436, 0.012421618966563436], [0.9472228548525127, 0.022278609826248772, 0.012306017364421851, 0.018192517856816682], [0.009900238386995686, 0.0066373474112532, 0.9677027485476346, 0.015759665554116464], [0.03374432638375604, 0.022832797591426375, 0.04541059159331865, 0.8980122843314989], [0.027647317566702027, 0.9595197228679437, 0.009555288043096863, 0.0032776714222574155], [0.03110415429655386, 0.9526315176862745, 0.012181656406579575, 0.004082671510591994], [0.017028918837018077, 0.014116661910946291, 0.024401041245276915, 0.9444533779067588], [0.008385755077915204, 0.007138078529363612, 0.9734712192242803, 0.011004947068440862], [0.006956485504315604, 0.006251676837036883, 0.9764850110984071, 0.010306826460240377], [0.0079054786915219, 0.006553703072525696, 0.0128338319978636, 0.9727069861380888], [0.02170417994665876, 0.9672066471527102, 0.008633898483830069, 0.002455274316800915], [0.023391448236749813, 0.9640556091332755, 0.009600602203399708, 0.002952340326574942], [0.01265667959965571, 0.01134472267174311, 0.016515076451015808, 0.9594835211775854], [0.007994691139996984, 0.007900987979101264, 0.9737952035694297, 0.010309117211471965]], "ideal": "B", "sampled": "B", "correct": true}}
