{"type": "result", "data": {"idx": 0, "options": ["Offerings", "Prayers", "Apparitions", "Idols"], "probs": [[0.2600125449639585, 0.0874560799349137, 0.404146564089968, 0.2483848109111598], [0.08256323111880116, 0.0407747563188322, 0.8156312186731951, 0.06103079378917151], [0.24801303986321885, 0.08431671504938741, 0.4084897971742236, 0.2591804478131701], [0.08250263578372606, 0.043485948244930316, 0.8190168385585748, 0.05499457731276888], [0.22840568420987123, 0.08723787962517972, 0.5450468658855893, 0.13930957017935974], [0.22342556379847306, 0.084353237078796, 0.5403206267364821, 0.15190057228624881], [0.21201605460859946, 0.07850403848983484, 0.5508685543323468, 0.15861135246921884], [0.07822140305452145, 0.05019765346740379, 0.813393652357778, 0.05818729102029669], [0.18081396951069775, 0.08415400298703095, 0.5122715272411401, 0.22276050016113116], [0.0741057533829947, 0.044068104857745156, 0.8257102246396024, 0.05611591701965772], [0.20488043585338778, 0.07556186039500987, 0.579645646595635, 0.13991205705596732], [0.19833462849746047, 0.07665833030458157, 0.5774751894741997, 0.1475318516237582], [0.19590628291127737, 0.06923272511589154, 0.4949659741544921, 0.239895017718339], [0.07863420569474042, 0.040518590974125406, 0.8347049696719208, 0.04614223355921338], [0.15987397728751754, 0.0785693377177824, 0.534506440109208, 0.227050244785492], [0.07531013663234695, 0.04071530099279263, 0.823331488772953, 0.06064307350190737], [0.21483817854489884, 0.07084637187343454, 0.5657444637876091, 0.1485709856940575], [0.2052872237974505, 0.07253122004746781, 0.5742394666884533, 0.14794208936662837], [0.2479433752041974, 0.051513180899135494, 0.5337556679572716, 0.16678777583939555], [0.23992188928868816, 0.051215800147557194, 0.5384578182758488, 0.17040449218790585], [0.23545877195591, 0.05229051644385805, 0.5535881170190764, 0.15866259448115552], [0.23251639304220093, 0.0510752201029247, 0.5554633736054949, 0.16094501314937942], [0.24196655367018186, 0.050626037472022156, 0.5364298403764847, 0.17097756838131126], [0.23155469931334313, 0.051306630837555434, 0.5558966335556949, 0.16124203619340652]], "ideal": "D", "sampled": "D", "correct": true}}
{"type": "result", "data": {"idx": 1, "options": ["Daoism", "Yin-Yang School", "Mengzi", "Humanistic Buddhism"], "probs": [[0.19910119694456088, 0.05432522729604468, 0.5552716912735611, 0.19130188438583326], [0.19882916365211617, 0.053172280096116464, 0.5609955494515717, 0.18700300670019568], [0.18982058761605822, 0.05163487791498727, 0.5713105201149881, 0.1872340142539664], [0.1967675341273231, 0.05227706853477529, 0.5575503401113232, 0.1934050571265784], [0.1961873696478454, 0.05215433790183296, 0.5706324364183762, 0.1810258559319454], [0.20049954650036877, 0.053331314717393885, 0.5542471921746928, 0.19192194650754463], [0.19777352278922783, 0.05488179435008365, 0.568632740908975, 0.17871194185171357], [0.1977232762416317, 0.05457907318385355, 0.5714566472867018, 0.176241003187813], [0.17109264814094885, 0.04833541173009193, 0.6145209210761994, 0.16605101895275978], [0.18837370764913525, 0.054601197885432586, 0.5501795205601901, 0.20684557380524202], [0.16949245748698133, 0.04770793090643184, 0.6223867736858046, 0.16041283782078217], [0.1928776703603463, 0.05477981840209823, 0.5511465646971355, 0.20119594644041988], [0.18611740232108206, 0.05350143967772482, 0.5723856431097069, 0.18799551479148624], [0.18630539920024533, 0.05262807677689354, 0.5736246428972912, 0.1874418810255699], [0.16732611633119732, 0.04822161299663835, 0.6183567368998953, 0.16609553367226898], [0.1800807037733404, 0.054614288148144265, 0.554390942053597, 0.21091406592491838], [0.166094762524354, 0.04745780284658865, 0.6167664986803151, 0.16968093584874228], [0.1784980254291627, 0.05343224426165818, 0.5573985312261207, 0.21067119898305842], [0.1925306822804098, 0.05376586429625935, 0.5740111787708334, 0.17969227455249748], [0.19323029054028823, 0.05488225194744869, 0.5612126117654544, 0.19067484564680862], [0.1673871253652805, 0.04763439226218967, 0.6224596407020554, 0.1625188415704744], [0.1877077803743843, 0.055036224009283576, 0.5496122795567733, 0.2076437159595589], [0.16861666360413188, 0.04816415052757487, 0.6105806094412737, 0.1726385763270196], [0.18021073801346507, 0.05329110433156516, 0.5591528969507089, 0.20734526060426084]], "ideal": "B", "sampled": "A", "correct": false}}
{"type": "result", "data": {"idx": 2, "options": ["325 CE", "119 CE", "451 CE", "596 CE"], "probs": [[0.24354174329326822, 0.05623369169717576, 0.5674045338989171, 0.13282003101063897], [0.23120078442168887, 0.05279196798273502, 0.5836416482341773, 0.13236559926139876], [0.2446147017738777, 0.056257098069270955, 0.5689303789623319, 0.13019782109451944], [0.23499875470512735, 0.05376492632430949, 0.5927027264601187, 0.11853359241044449], [0.2340574649508734, 0.05874274144266006, 0.5823540903922485, 0.124845703114218], [0.23599456868147373, 0.059942124176777606, 0.5800334733174488, 0.12402983372429985], [0.24071847382688777, 0.05458482801691057, 0.5650818810486518, 0.1396148170075499], [0.22195693682926898, 0.049869976561223564, 0.5946318462296363, 0.13354124027987122], [0.23803963900153197, 0.05517695761401588, 0.5676337395393392, 0.139149663745113], [0.2248622766476185, 0.05127521212156258, 0.5915758587142235, 0.13228665241659546], [0.22695375300302256, 0.05530072583299028, 0.5817011420830188, 0.13604437898096836], [0.2251656286143911, 0.054639904057286824, 0.5836980168325727, 0.1364964503957493], [0.24809039006271189, 0.05330641646606748, 0.5500480018013223, 0.14855519156989835], [0.23992637154931207, 0.05102659837430961, 0.5653505408995828, 0.14369648907679555], [0.24517993597797108, 0.054988640838646005, 0.5590542887518615, 0.14077713433152136], [0.23614804092447753, 0.052184491566796665, 0.569791666066416, 0.14187580134230982], [0.23491420109561864, 0.05672020142108745, 0.5756289195162299, 0.132736677867064], [0.23642199348447346, 0.056135272373037066, 0.5755669259610791, 0.13187580808141047], [0.2449970132612119, 0.05163332896361982, 0.550457843344864, 0.15291181433030426], [0.2482750322035909, 0.05183576907822176, 0.5444086911225255, 0.1554805074956618], [0.2423058025584162, 0.052896638430756066, 0.5587989991970876, 0.14599855971374007], [0.23926881488110893, 0.05179346468065108, 0.559276474046133, 0.14966124629210695], [0.2446772285510346, 0.052378426238491926, 0.552039890414997, 0.15090445469547642], [0.2445863071276269, 0.05192427723516417, 0.5551929886972771, 0.1482964268399318]], "ideal": "D", "sampled": "D", "correct": true}}
{"type": "result", "data": {"idx": 3, "options": ["Akitu", "Wag and Thoth", "Bast", "Nehebkau"], "probs": [[0.25891380342127457, 0.06393339943544196, 0.4606301280113813, 0.21652266903190215], [0.26279785639106645, 0.06447010342571427, 0.4579699532683445, 0.2147620868148748], [0.25606267401692123, 0.060163424224631806, 0.47692052195679757, 0.20685337970164935], [0.2558449959585714, 0.05971557685234908, 0.4777829975650819, 0.20665642952399763], [0.2659016211675695, 0.06409236692603702, 0.4499003819686232, 0.22010562983777027], [0.2581656478770578, 0.06282626602817647, 0.4636875813852145, 0.21532050460955124], [0.248080950234148, 0.06787665086489672, 0.5200314443778795, 0.16401095442307573], [0.251157965606753, 0.06981033814257201, 0.5101994807716083, 0.16883221537906667], [0.08681953146527202, 0.0333373554018484, 0.8308217114308032, 0.049021401602076374], [0.22973905209518863, 0.04969213416559981, 0.5150398284075115, 0.20552898523170005], [0.09063218803191414, 0.0326482588809344, 0.823255146160506, 0.05346440682664543], [0.22439492248127602, 0.0495525982081347, 0.5128537530577023, 0.21319872615288699], [0.23886848561469373, 0.06628881690534344, 0.5345668435113596, 0.16027585386860324], [0.2437159789472283, 0.06745909354784305, 0.5293306865559383, 0.15949424084899028], [0.09088787096992708, 0.034141740417726746, 0.8197223237930704, 0.05524806471927575], [0.2359447145830376, 0.04811739849388139, 0.49653898924781076, 0.21939889757527026], [0.08523963295665743, 0.03536210914315443, 0.8302003051605581, 0.049197952639630047], [0.22106425626648352, 0.04568348113499826, 0.4822494423074782, 0.25100282019104003], [0.255076110337499, 0.07650697230527655, 0.49245953554950894, 0.17595738170771555], [0.24986954402433148, 0.0721439623867819, 0.5109751604713009, 0.16701133301758575], [0.09418571485605735, 0.03140292480140172, 0.8173482843523303, 0.0570630758902106], [0.21402082801798306, 0.04864214577674874, 0.5072098004553552, 0.23012722564991295], [0.08085683875043966, 0.03374936179856513, 0.8405467836801003, 0.044847015670894955], [0.21885305967009605, 0.04662001201968119, 0.49462196962986316, 0.23990495858035957]], "ideal": "A", "sampled": "A", "correct": true}}
{"type": "result", "data": {"idx": 4, "options": ["Zazen", "Tariki", "Kami", "Ikebana"], "probs": [[0.1779333501876281, 0.05202776193098497, 0.5444266795567634, 0.22561220822462352], [0.13309992250884223, 0.03949585076371247, 0.7028637402977048, 0.12454048632974045], [0.1779072907077279, 0.051674426366800745, 0.5405728300950692, 0.22984545273040213], [0.1270049512259317, 0.03838644921395768, 0.7163219451187974, 0.11828665434131312], [0.2019566639035399, 0.06708877183108142, 0.5436688377486254, 0.18728572641675328], [0.20041361299825072, 0.06571925381868092, 0.5483530122361118, 0.1855141208469566], [0.17955560025433037, 0.052790613550349405, 0.549258606058824, 0.21839518003649613], [0.1364867929182257, 0.040818983874825576, 0.6959191870920658, 0.12677503601488288], [0.18049855999143682, 0.053533782710505434, 0.5482295297938968, 0.2177381274041609], [0.13623423093416626, 0.04024003655567887, 0.6986859804497977, 0.12483975196035722], [0.20259213728117761, 0.06631105742321557, 0.5472571523085059, 0.18383965288710089], [0.201177395903966, 0.06590881443515016, 0.5474235618842423, 0.18549022767664142], [0.1758192299307381, 0.05165600377478241, 0.5433843499657957, 0.22914041622868386], [0.1259355367757612, 0.03840552184185359, 0.7188060122276418, 0.11685292905474334], [0.17709624265018756, 0.05245845684956268, 0.5447721189147166, 0.22567318148553317], [0.13239440616522916, 0.03922223387018047, 0.7063201823046839, 0.12206317755990645], [0.2014777392167694, 0.06707562605478598, 0.5436391314862792, 0.18780750314216538], [0.2008595644714504, 0.06809775124716756, 0.5398764884005636, 0.1911661957808185], [0.20666611346522187, 0.0551009107706052, 0.5578527491566939, 0.18038022650747898], [0.20512979303649095, 0.055421558519652435, 0.5575274575304408, 0.18192119081341587], [0.20831604051390554, 0.055347371414572834, 0.5544568630174779, 0.1818797249540437], [0.2083689554693875, 0.055580161092235555, 0.5547546106412977, 0.18129627269707926], [0.20546665249846122, 0.055003429254515124, 0.5582372996112475, 0.1812926185357762], [0.20721064505889167, 0.05522477626248289, 0.5570928453842016, 0.18047173319442383]], "ideal": "D", "sampled": "D", "correct": true}}
{"type": "result", "data": {"idx": 5, "options": ["Harmony and balance", "Devotion and piety", "Love and passion", "Goodwill and love"], "probs": [[0.20800899026764968, 0.06036527904005782, 0.5387905044903869, 0.19283522610190562], [0.1993571638478457, 0.060656431946436606, 0.5350587686396294, 0.2049276354660883], [0.17185272996557543, 0.047792045120941665, 0.6109591448757423, 0.16939607993774058], [0.196842353594867, 0.05129105511303616, 0.5634544210012674, 0.18841217019082943], [0.1945685657112088, 0.061147344353014436, 0.540419315920999, 0.2038647739147777], [0.20952450914784365, 0.06042215137440506, 0.537424019857785, 0.19262931951996634], [0.20841638989650876, 0.05571794177225703, 0.547388938170236, 0.1884767300609981], [0.19936852600745633, 0.057052442210849985, 0.5411929012560467, 0.202386130425647], [0.20513700978335492, 0.052743023939900276, 0.55403511472388, 0.1880848514528648], [0.20405654652956134, 0.05374107501460974, 0.5523093547347796, 0.18989302362104934], [0.2025022804534589, 0.05877898632892282, 0.5323953031961196, 0.20632342992149869], [0.2065490186007898, 0.0573693364801258, 0.5431897043638634, 0.19289194045522098], [0.1762688775512388, 0.06123650514358919, 0.5649711552252905, 0.19752346197988152], [0.1780750195073707, 0.06049763545901269, 0.5614103203765738, 0.2000170245570428], [0.19560175986418812, 0.06885182060468246, 0.523434575420171, 0.21211184401095837], [0.1941200509035186, 0.06715311904439185, 0.5315754452678618, 0.20715138468422775], [0.16843828118000384, 0.05486632367395955, 0.5809025612402282, 0.1957928338058084], [0.1636918162585745, 0.05479723132900939, 0.5907907993382882, 0.19072015297412792], [0.2002306029051867, 0.05929365141008145, 0.5425233961663288, 0.19795234941840303], [0.21003633265995936, 0.0591525198649504, 0.5429804203195198, 0.18783072705557047], [0.20548555824405454, 0.0636004926081256, 0.5244927767366447, 0.20642117231117507], [0.20934445287710457, 0.0630025137302611, 0.5339898029624829, 0.19366323033015145], [0.1991915523324826, 0.051813069088825055, 0.5657012799234504, 0.18329409855524195], [0.19567947233507862, 0.051677547775089316, 0.5713561815298167, 0.1812867982600153]], "ideal": "A", "sampled": "B", "correct": false}}
{"type": "result", "data": {"idx": 6, "options": ["Shabad", "Khalse", "Nam", "Guru"], "probs": [[0.2282437085877103, 0.05252304672669655, 0.54507511848721, 0.17415812609838313], [0.2279393357709148, 0.05316340138109812, 0.5398930270437945, 0.1790042357041926], [0.23030076661302004, 0.053386311376124575, 0.5410513816860397, 0.17526154022481566], [0.22630840621975618, 0.05383893494454662, 0.5436990876834998, 0.1761535710521973], [0.2272721742137427, 0.05387010224108738, 0.5386353529959454, 0.18022237044922443], [0.22338259717188477, 0.05349115401324269, 0.5468205335223846, 0.17630571519248792], [0.20953289935235533, 0.0658604523141016, 0.551978244787684, 0.1726284034458591], [0.21054493280768086, 0.06609382135015841, 0.5477038335704953, 0.17565741217166544], [0.10371990964507574, 0.0412646699475808, 0.7908826823136288, 0.0641327379937146], [0.21067535561190287, 0.05748118373949925, 0.5460020221819553, 0.1858414383666426], [0.11291860337331551, 0.03770529204206504, 0.7767801486574467, 0.0725959558271727], [0.14724442909841137, 0.04303201447861274, 0.6895672339095247, 0.12015632241345123], [0.23231044409336135, 0.07449226080626385, 0.5099564790215751, 0.18324081597879963], [0.23038199026705247, 0.07565816321976515, 0.5047368889973676, 0.18922295741581485], [0.12741020510427906, 0.03906796185382875, 0.758784961010409, 0.07473687193148316], [0.23408232190946038, 0.051787155641891326, 0.5251929661629242, 0.18893755618572408], [0.13920878999606376, 0.03951831431057672, 0.7300814199068848, 0.09119147568647477], [0.237427630900975, 0.052765065901854105, 0.5217548206580522, 0.18805248243911873], [0.2148353670273572, 0.07115251037221439, 0.5308702149715695, 0.18314190752885895], [0.20970171687890166, 0.07033473252546775, 0.5351461171568735, 0.18481743333875703], [0.10625538696855313, 0.03593574742781045, 0.7912361414734551, 0.06657272403018133], [0.1272338508069057, 0.040966705399381145, 0.7318809791342898, 0.09991846455942326], [0.11590268688669994, 0.038595853506824776, 0.763619388699789, 0.08188207080668637], [0.21736485962621213, 0.05782068046328767, 0.5308095973280819, 0.1940048624824183]], "ideal": "A", "sampled": "A", "correct": true}}
{"type": "result", "data": {"idx": 7, "options": ["Muhammad's miraculous ascent to heaven", "Muhammad's migration to Mecca", "Muhammad's first community in Mecca", "Muhammad's revelations of the Qur'an"], "probs": [[0.2552513077310613, 0.055642643520374874, 0.496102133875934, 0.19300391477262985], [0.25895527774352933, 0.059266047449922074, 0.4887080933770019, 0.1930705813295467], [0.2594889382796605, 0.0539004575116642, 0.4927992187484096, 0.19381138536026568], [0.26710039573546823, 0.05504905472926944, 0.48287105915240996, 0.19497949028285236], [0.27781059714287143, 0.058476483999086094, 0.4707327975443269, 0.19298012121371552], [0.28450232317430396, 0.05513149417189545, 0.4670087029018589, 0.19335747965194167], [0.259538549477497, 0.06422553668755858, 0.5404184814560096, 0.13581743227893484], [0.26279266252230227, 0.0663483480356356, 0.5458116260108892, 0.12504736333117297], [0.10918774319769875, 0.03322281501237455, 0.8312911258900616, 0.026298315799865114], [0.39484205102619074, 0.021475214109001526, 0.14638918364094375, 0.437293551123864], [0.10909984395121676, 0.04064928140181902, 0.8245255485548958, 0.025725325992068466], [0.483482911642212, 0.021293700373835878, 0.17456412833864654, 0.32065925954530555], [0.2773200662663371, 0.06552054989274665, 0.5124615048505873, 0.14469787889032892], [0.29383431110815506, 0.07049867089885783, 0.5058339532206891, 0.12983306467229794], [0.11595445038742748, 0.03590628477641783, 0.8190166888385315, 0.029122575897623206], [0.3710167131189493, 0.027403307896845936, 0.1807246073359868, 0.42085537154821795], [0.11125496856690742, 0.036460578709626296, 0.8179874480292842, 0.03429700459418206], [0.3401969328329212, 0.02906488098396888, 0.18914060211827918, 0.4415975839648308], [0.2667811174903593, 0.06704346735040265, 0.5328943053413854, 0.1332811097178527], [0.27010689792953335, 0.06741880281601506, 0.5296886878490459, 0.13278561130540573], [0.11053956508643321, 0.03893177394882542, 0.8216147024070987, 0.028913958457642743], [0.5026961489607441, 0.035351395076682654, 0.22609403390271476, 0.2358584219598585], [0.1156372610026129, 0.03525409430416678, 0.8050945554142903, 0.04401408917892998], [0.34385478172873246, 0.030032420248213308, 0.22027770967555305, 0.4058350882475012]], "ideal": "A", "sampled": "A", "correct": true}}
{"type": "result", "data": {"idx": 8, "options": ["Laws of Dharma", "Laws of Karma", "Laws of Vishnu", "Laws of Manu"], "probs": [[0.20970161641839766, 0.050006334479189216, 0.45871846004176664, 0.2815735889606465], [0.124096476507627, 0.03496753241686483, 0.738903841508595, 0.1020321494669132], [0.20947788341516754, 0.04837161230003493, 0.4463383190433138, 0.2958121851414837], [0.10265906613004602, 0.029054456755047874, 0.8065189482889233, 0.061767528725982776], [0.22792524266888262, 0.07288598322799596, 0.5168663301313599, 0.1823224438717615], [0.23745718772910604, 0.07572690453164663, 0.5059298910136477, 0.1808860166255996], [0.21867088995149017, 0.058154586522491156, 0.4576506307348746, 0.26552389269114407], [0.12135642472768803, 0.03663610058045969, 0.7457117119323446, 0.09629576265950764], [0.21841198392043004, 0.04486311704287619, 0.48355719540307107, 0.2531677035336227], [0.09558755493975137, 0.0295249378668914, 0.8198802119097451, 0.05500729518361209], [0.20921076919358297, 0.06623249056204131, 0.5440602533232828, 0.18049648682109293], [0.21782677714354745, 0.06982010394172725, 0.5234904728756244, 0.18886264593910088], [0.22183033493823529, 0.055031004502775795, 0.4329594316455362, 0.29017922881345276], [0.11389803055355889, 0.03313132350462672, 0.7752158583281887, 0.07775478751362566], [0.21536033701649407, 0.04864647839040432, 0.44211231340182433, 0.29388087109127725], [0.10416682893919833, 0.03187547049396243, 0.7892252302243765, 0.07473247024246275], [0.22558588627652576, 0.07130953189425587, 0.5217658475177454, 0.18133873421147303], [0.22807883534299908, 0.07294185241500721, 0.5109355296894924, 0.18804378245250128], [0.24921462122998922, 0.05700042140659224, 0.5094716586368803, 0.18431329862653828], [0.2583783287920835, 0.05711383414527226, 0.49285573129535265, 0.19165210566729154], [0.24469831979666498, 0.055626479279209065, 0.5178442961423385, 0.18183090468178748], [0.24869242585972506, 0.05462404028477452, 0.4902164394314966, 0.2064670943240038], [0.2516108265557488, 0.05544521991017184, 0.5086360790343017, 0.18430787439977764], [0.24400185627278523, 0.05363014885134581, 0.49985737721625073, 0.20251061755961822]], "ideal": "D", "sampled": "D", "correct": true}}
{"type": "result", "data": {"idx": 9, "options": ["The Holy Book", "The Narrative", "The Recitation", "The Pillars"], "probs": [[0.7026700763396071, 0.09383767562650017, 0.09021436898359424, 0.11327787895029853], [0.9878647920181627, 0.006254989651743908, 0.002711249048850564, 0.0031689691812428573], [0.91712700585457, 0.07829801675496592, 0.0032067801546287193, 0.0013681971358353415], [0.8440213105547046, 0.07104371892400257, 0.04418021882856293, 0.04075475159272992], [0.9779124566991962, 0.0010461265610567485, 0.0009007227806541395, 0.02014069385909286], [0.9304959773086838, 0.01096850912908303, 0.007129893637480618, 0.05140561982475255], [0.9339359865361643, 0.04630645375406591, 0.01691922227032338, 0.002838337339446399], [0.5870014718406729, 0.298995360009517, 0.056272418091727776, 0.0577307499580823], [0.6332055134605477, 0.25575263925243, 0.050962645057577444, 0.06007920212944484], [0.020640595383389613, 0.978941166208354, 0.0002455546987425222, 0.0001726836095138701], [0.18115930397790284, 0.18655970790906964, 0.3973948063009843, 0.23488618171204323], [0.18758019895613456, 0.23422817628513634, 0.3131209378286301, 0.26507068683009904], [0.7176994741959308, 0.16188088341816095, 0.08397506295980718, 0.03644457932610106], [0.5356608508961493, 0.176999505360617, 0.16700920087643592, 0.12033044276679772], [0.5028299467381134, 0.07680719917298184, 0.327085280913582, 0.09327757307532265], [0.9684545317869967, 0.02295859884158438, 0.0025977452536959183, 0.0059891240177229865], [0.2465064527440058, 0.07763373388266673, 0.5672311444173574, 0.10862866885597006], [0.8130062797117805, 0.03218639869495324, 0.037183104848417886, 0.11762421664484839], [0.5094522047482523, 0.4361439482377949, 0.025646653931010566, 0.028757192982942333], [0.5716845802307646, 0.3932678272886195, 0.027202130337250077, 0.007845462043365862], [0.13561274918229752, 0.16603877638341244, 0.5337617118874912, 0.1645867624467988], [0.15984430669371777, 0.23293821164218434, 0.38497924227173935, 0.22223823929235853], [0.14823545182722853, 0.12350588759649299, 0.6201323727613658, 0.10812628771491267], [0.27666423958742703, 0.3931615826017601, 0.024343745006142063, 0.3058304327046708]], "ideal": "C", "sampled": "A", "correct": false}}
{"type": "result", "data": {"idx": 10, "options": ["Mother of Light", "Father of Goodness", "Ineffable Lover", "Eternal Spirit"], "probs": [[0.3368121212686598, 0.05187582417341214, 0.46514950930703, 0.14616254515089813], [0.3053288802993276, 0.04662400553094025, 0.5172633009223939, 0.1307838131473383], [0.4093011762797875, 0.04607120729256873, 0.41968999725518397, 0.12493761907245979], [0.3788746397405293, 0.044366230732507346, 0.4438546366025524, 0.1329044928244109], [0.351766006920104, 0.051761960539933, 0.46017916271781745, 0.1362928697221455], [0.3562614566288548, 0.05372767069804324, 0.44980930607277264, 0.14020156650032933], [0.29163171161618867, 0.050125556439761555, 0.5020395741276382, 0.15620315771641152], [0.25663586762686, 0.04564378073150477, 0.5552469987832873, 0.1424733527583479], [0.31885841010513555, 0.047083764562014664, 0.4894881771091658, 0.14456964812368395], [0.32659698624389566, 0.04554664868376108, 0.4922937319331939, 0.13556263303914934], [0.29751248039035716, 0.05124642709248606, 0.5061650513458131, 0.14507604107134367], [0.30353774260505684, 0.05162164337618117, 0.4989379420852342, 0.14590267183352781], [0.388407297177651, 0.05803423109879088, 0.448965438577441, 0.10459303304611711], [0.3509740429192381, 0.053380518403928184, 0.4806699722899001, 0.11497546628693359], [0.29541483527373325, 0.05175553858731373, 0.5137847740725402, 0.1390448519664129], [0.29986696762125453, 0.04993415511792399, 0.5203122975832194, 0.1298865795776021], [0.25473699730283744, 0.04420896005811153, 0.5768718294780305, 0.12418221306102058], [0.2599140165467079, 0.04863777119860432, 0.5452184798444631, 0.14622973231022457], [0.3901558997790502, 0.062307579442362516, 0.44503788809385336, 0.10249863258473393], [0.39916114656938156, 0.06124578582921577, 0.4336982223580554, 0.10589484514334724], [0.2885430476417414, 0.051229246337277136, 0.527744952743215, 0.1324827531777665], [0.30419868794391924, 0.05340632522701476, 0.5094283913577612, 0.13296659537130476], [0.27604889969765684, 0.042837631112663886, 0.5654032250874705, 0.11571024400220875], [0.2795485895525302, 0.04794852506558221, 0.5344379623361142, 0.13806492294577338]], "ideal": "B", "sampled": "A", "correct": false}}
{"type": "result", "data": {"idx": 11, "options": ["Bushido", "Shinto", "Nichiren", "Soto Zen"], "probs": [[0.1687731482390628, 0.04809524970978667, 0.6001160278342177, 0.1830155741169328], [0.16766268878755142, 0.04678905580510742, 0.6108859549266923, 0.1746623003806488], [0.1939586790022404, 0.05791160291117662, 0.547468407472807, 0.200661310513776], [0.1860007113330012, 0.054558945237949866, 0.5790234544730763, 0.18041688885597254], [0.19675077325192253, 0.058999236898133585, 0.5473363765975919, 0.1969136131523519], [0.18112662708334115, 0.05370803561737256, 0.5900353989136374, 0.17512993828564882], [0.16624913612583353, 0.0465310649070979, 0.6077581462324427, 0.17946165263462585], [0.16578288506092997, 0.0451246239470205, 0.6153865547663593, 0.17370593612569019], [0.19505332226203337, 0.05692004793522107, 0.5161570656186778, 0.23186956408406775], [0.18942650021646587, 0.05180051613525015, 0.5772002590794182, 0.18157272446886583], [0.1986043243777776, 0.057535770121532596, 0.535785460528147, 0.20807444487254279], [0.17968977601775066, 0.05103569690000455, 0.5987781257113037, 0.17049640127094104], [0.19644920991524184, 0.05447492463845296, 0.5359410363526602, 0.21313482899364494], [0.18239903244341413, 0.04976383913074674, 0.5877114468108467, 0.18012568151499236], [0.19992260037660806, 0.055319795197102256, 0.5318526666382273, 0.21290493768806243], [0.19370263596509557, 0.05095108913547927, 0.5749896699920156, 0.18035660480740956], [0.20774045584508594, 0.05769492685217881, 0.5297113656467969, 0.2048532515559383], [0.20679546582425762, 0.05629455958795032, 0.5412084975117373, 0.1957014769760548], [0.19802206310090426, 0.05298263460651767, 0.5444038984140861, 0.20459140377849197], [0.17921341932521948, 0.0491622354099508, 0.5996860756613164, 0.17193826950351335], [0.20037786066217525, 0.05361962557582619, 0.5412426236286112, 0.20475989003338738], [0.18445049293152685, 0.048870798377539715, 0.5957287571569431, 0.17094995143399033], [0.20447204733663799, 0.05686247687143549, 0.5375695548455515, 0.2010959208463751], [0.20420563979661016, 0.05617092013434088, 0.5483930314675327, 0.1912304085015162]], "ideal": "D", "sampled": "C", "correct": false}}
{"type": "result", "data": {"idx": 12, "options": ["Sangat", "Langar", "Gurdwara", "Panth"], "probs": [[0.1928892717102305, 0.060500837405675155, 0.5792794183861139, 0.16733047239798052], [0.20090847307333806, 0.06297386900567685, 0.5588642108389272, 0.17725344698205786], [0.1301896960818354, 0.042154071826560696, 0.7170781767957395, 0.1105780551958644], [0.19618578984063706, 0.05887041459651238, 0.5514685120429164, 0.19347528341993417], [0.12382195704202485, 0.03889304341146275, 0.732154596789658, 0.10513040265685437], [0.12696221564157426, 0.04072567105426684, 0.7010195902854999, 0.13129252291865903], [0.2033258355578948, 0.05187610850847935, 0.580095403805904, 0.16470265202772186], [0.20929353560779282, 0.05461938841450561, 0.5572141574425834, 0.1788729184351182], [0.21033761059876163, 0.05503695498629109, 0.5616309088028433, 0.17299452551210398], [0.21070190477119746, 0.055432652846669636, 0.5581463962925725, 0.1757190459895604], [0.20698356626348133, 0.053521633142841196, 0.5633352994355488, 0.17615950105812866], [0.20427527260692344, 0.05259483111143059, 0.5728950286495357, 0.17023486753211028], [0.12182591355087127, 0.03967043221950661, 0.7377489502167618, 0.10075470391286032], [0.19297448301926726, 0.05171500653258276, 0.5630781796814213, 0.19223233066672876], [0.20000010652330213, 0.06174804619176096, 0.5663323976787374, 0.17191944950619945], [0.2034946780788744, 0.06240716716549703, 0.5592582875649335, 0.1748398670906951], [0.17868961284552748, 0.04813490377169176, 0.5948850576087452, 0.17829042567403552], [0.12235062796052104, 0.03954945950465519, 0.737126781291689, 0.10097313114313475], [0.11749092839445088, 0.04104206200510162, 0.7404026736188714, 0.10106433588157614], [0.12184359994440408, 0.04579903881606582, 0.7093144560528328, 0.12304290508669723], [0.18927225116103144, 0.05989705286512854, 0.5829115996874668, 0.1679190961863733], [0.18594522495280083, 0.05819733353573249, 0.596083870528875, 0.1597735708825917], [0.1790765550415932, 0.05547879718402751, 0.5867424694121615, 0.17870217826221776], [0.12767312119627477, 0.04255576494738725, 0.7223217594247213, 0.10744935433161666]], "ideal": "B", "sampled": "B", "correct": true}}
{"type": "result", "data": {"idx": 13, "options": ["Buddhism", "Daoism", "Confucianism", "Shamanism"], "probs": [[0.20639697099642615, 0.06007556356029651, 0.5344707468822846, 0.19905671846099274], [0.20511301394658213, 0.060385485817035435, 0.535809411616187, 0.1986920885201954], [0.17940615249423836, 0.04875614529923909, 0.5985797687660588, 0.17325793334046383], [0.19709208458857677, 0.05478598881124471, 0.5174553951293188, 0.2306665313708597], [0.16420290667649357, 0.04592354445074993, 0.6260726754447027, 0.1638008733280538], [0.19262616190901735, 0.05232120265794213, 0.5286436041016955, 0.22640903123134493], [0.2076609242770023, 0.05653817500925349, 0.5359425227672187, 0.19985837784652555], [0.20769048508752025, 0.057020569476019814, 0.5360309680771854, 0.1992579772592745], [0.19774882215529677, 0.05121185917236161, 0.5622068140355678, 0.18883250453677386], [0.2058162456651406, 0.05507758833726494, 0.5300260142479115, 0.20908015164968294], [0.18862673427558088, 0.049128110897902005, 0.58021199048977, 0.18203316423674706], [0.20252299683980102, 0.05374727870260785, 0.5339948037849356, 0.20973492057265555], [0.18229914185106919, 0.053680425041623424, 0.5950196539952053, 0.16900077901210217], [0.2000127382373131, 0.05921177038523612, 0.5307679633437714, 0.21000752793367936], [0.18910594716047688, 0.05609371571648311, 0.5765808497958249, 0.17821948722721506], [0.1993303834893326, 0.06089982662038189, 0.5353380084398602, 0.20443178135042528], [0.15901750679998267, 0.0455153967137284, 0.6261122366035966, 0.16935485978269232], [0.15776260430669603, 0.04514935679504819, 0.6284691784419356, 0.16861886035632012], [0.17430116172860077, 0.052264940546548795, 0.6108402513790444, 0.16259364624580602], [0.1993433132910823, 0.059013728693960835, 0.5400986389224265, 0.20154431899253045], [0.18954829368214296, 0.0583824918262202, 0.5689143238571616, 0.18315489053447523], [0.19715232830176124, 0.06154086061940266, 0.5375308714287903, 0.20377593955004575], [0.1619871365343844, 0.04627081258171141, 0.6251091197410823, 0.16663293104282195], [0.16176080822638939, 0.04579221490902902, 0.6250968025379396, 0.16735017422664195]], "ideal": "B", "sampled": "B", "correct": true}}
{"type": "result", "data": {"idx": 14, "options": ["Worship", "Submission", "Obedience", "Faith"], "probs": [[0.20250566659850203, 0.7115530424339657, 0.030615550463121966, 0.05532574040441029], [0.23878507736388307, 0.5992158382882359, 0.051706751354526695, 0.11029233289335433], [0.17209916279388085, 0.035943088769710585, 0.6837931463157916, 0.108164602020617], [0.244173753895389, 0.06325024459996491, 0.4060042560589255, 0.28657174534572055], [0.19000088741963497, 0.03153074834484276, 0.7265130118333538, 0.051955352302168384], [0.22026786041837748, 0.06111339433540669, 0.4670964146154696, 0.25152233053074624], [0.9974022259155695, 0.0013796168054841912, 0.0008835067527803845, 0.000334650426165976], [0.9938579706694588, 0.0023361126208536454, 0.0026985866014636213, 0.0011073300082238991], [0.9963364272026657, 0.0016791866377985224, 0.0014584026457320728, 0.000525983413803665], [0.9963731005892013, 0.0014545354691822502, 0.0014587433011722252, 0.0007136205404443057], [0.9977001513794682, 0.001028876227543684, 0.0008670742879120458, 0.00040389800507605684], [0.9987641588386771, 0.0007157364327682386, 0.00036549042182614454, 0.00015461420672852608], [0.17810814243948495, 0.04409333734568071, 0.6314874416340135, 0.1463110784808208], [0.22276210118801693, 0.061411870669784104, 0.4846815321949764, 0.23114449584722258], [0.5143770984225555, 0.31030856432825965, 0.16648548235110003, 0.00882885479808475], [0.47056042792740327, 0.3709515603189886, 0.14867631978786125, 0.00981169186574681], [0.2224496387482865, 0.06489832505237794, 0.4919838460196653, 0.22066819007967026], [0.1917790145715174, 0.04706849087202009, 0.6184848454201903, 0.14266764903627224], [0.001969031087968868, 0.0011591948743768957, 0.9967422635781893, 0.00012951035946489467], [0.29200310164757154, 0.06529367860410124, 0.17619109545803435, 0.4665121241902929], [0.23981819240450375, 0.5894095699470193, 0.04073141750813971, 0.13004082004033723], [0.21387191967399255, 0.6925885470237586, 0.021933852970378077, 0.07160568023187074], [0.24523654760379374, 0.060186617518803526, 0.4084584146959795, 0.28611842008142324], [0.19651343794301399, 0.03069558828422249, 0.706620909179576, 0.06617006449318756]], "ideal": "B", "sampled": "B", "correct": true}}
{"type": "result", "data": {"idx": 15, "options": ["Suffering", "Soul", "Impermanence", "No-self"], "probs": [[0.27788972334225415, 0.02633204634350882, 0.62398521923767, 0.071793010976567], [0.08891688451989582, 0.057441861501587047, 0.8170138748852083, 0.03662737899330887], [0.4753243908004122, 0.07272029355754192, 0.252986297164074, 0.19896901837797187], [0.09044596248700636, 0.04273066898538521, 0.824195297658883, 0.04262807076872541], [0.22699958527057978, 0.061348215333769975, 0.5748332095875336, 0.13681898970811665], [0.2252603403921071, 0.060584140992539295, 0.5696453877819538, 0.1445101307333998], [0.156286698287497, 0.03659719501048886, 0.7560128536073976, 0.05110325299461658], [0.081456405772338, 0.052390950291816105, 0.8300667783888079, 0.03608586544703792], [0.33834120627834546, 0.0852323621426227, 0.4317777752444504, 0.14464865623458145], [0.07290498802968494, 0.053488816263559856, 0.8399900071974533, 0.033616188409301896], [0.22970190128543444, 0.062014660336998643, 0.581201182667879, 0.1270822556096879], [0.22884051202842695, 0.062114115312435665, 0.5798715654858801, 0.12917380707325718], [0.3838848995799969, 0.04779301866796602, 0.34232451870735064, 0.22599756294468645], [0.10325483102092732, 0.03936487670533856, 0.8046287180947528, 0.05275157407898138], [0.46924456433397727, 0.032105965007166795, 0.30113149422886476, 0.19751797632999119], [0.0844971633005143, 0.05034656130804486, 0.8279158543914791, 0.03724042089996181], [0.23130514353789208, 0.06122427205038742, 0.5610921173319858, 0.14637846697973464], [0.23239070521043476, 0.06178727837462173, 0.5688001597670168, 0.13702185654792665], [0.21879104185134948, 0.05172034821366289, 0.5570762856693101, 0.1724123241656775], [0.2206789337130842, 0.05320238519681882, 0.5508474316212819, 0.17527124936881508], [0.22053470219546423, 0.052188647435364506, 0.5525121441298085, 0.1747645061393627], [0.21811311541088224, 0.05257692344577048, 0.5540345679623913, 0.17527539308095597], [0.219391235736811, 0.05384314652841266, 0.5490820036275786, 0.17768361400719768], [0.21733906943911657, 0.052831974072060646, 0.5536999126480394, 0.1761290437407833]], "ideal": "D", "sampled": "D", "correct": true}}
{"type": "result", "data": {"idx": 16, "options": ["Spiritual narratives", "Redemption narratives", "Birth narratives", "Theological narratives"], "probs": [[0.23242238507960178, 0.05225211459251428, 0.5348916132942142, 0.18043388693366968], [0.22545657735444616, 0.05381059181654386, 0.5307407655422529, 0.18999206518675704], [0.23386083793244922, 0.05608331084311285, 0.5360761683699979, 0.17397968275443995], [0.23224159726798319, 0.055848344322694296, 0.5388135829205886, 0.17309647538873396], [0.2270564037160134, 0.05417388434879172, 0.5295384885047505, 0.1892312233304444], [0.2278080736143424, 0.05160467371842002, 0.5464076649263582, 0.17417958764087935], [0.19471779318652116, 0.04652560467161193, 0.6041825964131072, 0.1545740056287597], [0.206737868216156, 0.052414527067719915, 0.5517378243349909, 0.1891097802811333], [0.2285297763951971, 0.05738604324717847, 0.5569987545498953, 0.15708542570772907], [0.233858282864175, 0.0576441462717294, 0.5560351858194779, 0.1524623849446177], [0.20897947628012925, 0.05123693208512287, 0.5500286712718137, 0.18975492026293422], [0.1924846229505167, 0.042281181876042774, 0.6332384536002177, 0.13199574147322288], [0.23989496347576408, 0.05308811524242106, 0.5322754541185329, 0.1747414670632819], [0.23624831435702093, 0.05264249443481449, 0.5384764670787207, 0.17263272402944388], [0.24163965388179254, 0.05237503665068471, 0.530852870296638, 0.17513243907088474], [0.25042951011228587, 0.05133656020196298, 0.5265942195775737, 0.17163971000817743], [0.24149347710100885, 0.05241892134790237, 0.5332117914701792, 0.1728758099809096], [0.25204974410397596, 0.05152304470023863, 0.5256888865898872, 0.17073832450589826], [0.21390953657872197, 0.052995249623721166, 0.5401691793855278, 0.19292603431202912], [0.20243250115083894, 0.04768678261239601, 0.5895821696179315, 0.16029854651883346], [0.2109607049855858, 0.050899048470135815, 0.5469884586612823, 0.19115178778299607], [0.19946499765316278, 0.04385363859153967, 0.6094733799619936, 0.14720798369330396], [0.22590810394871325, 0.05592139148035809, 0.5624115550314974, 0.15575894943943125], [0.22924412443067796, 0.05630667423181918, 0.5582796251471911, 0.15616957609031182]], "ideal": "C", "sampled": "C", "correct": true}}
{"type": "result", "data": {"idx": 17, "options": ["Vajrayana", "Theravada", "Mahayana", "Mahavira"], "probs": [[0.1539864878124441, 0.04417840133630821, 0.6651227050945338, 0.13671240565671397], [0.19597891847225374, 0.048173414829328035, 0.4656426518232089, 0.2902050147752093], [0.20216529069309372, 0.06614635884100346, 0.5475605129648057, 0.1841278374010971], [0.20473769727414978, 0.06795327755372974, 0.5416564062322317, 0.18565261883988887], [0.19646946984397615, 0.049245379620568054, 0.4528968058261348, 0.30138834460932096], [0.14843327469086207, 0.0432545860033256, 0.6763717237796801, 0.13194041542613222], [0.1542536358372671, 0.043969203928873456, 0.6647750311925273, 0.1370021289413321], [0.1932882695196738, 0.04929073227882307, 0.471329994025334, 0.2860910040761691], [0.20832157940195384, 0.06854394852716282, 0.5357989705474901, 0.18733550142339322], [0.2135718635362281, 0.07154780199123387, 0.52208432418345, 0.1927960101890881], [0.19328119772882038, 0.05004361122216196, 0.4642363647879933, 0.29243882616102435], [0.13522055290410379, 0.039862694740912655, 0.7044104100815857, 0.12050634217339792], [0.21438832311966252, 0.056682649073973884, 0.5416980537328934, 0.1872309739734703], [0.21472550446496524, 0.05656667671755511, 0.5434086200779723, 0.1852991986395073], [0.2164014755004029, 0.05657189802476453, 0.5397211158997436, 0.18730551047508898], [0.21903623741307948, 0.056341931375394574, 0.5362086552011189, 0.18841317591040704], [0.21828032702587274, 0.05649271522653354, 0.5369803228887329, 0.1882466347588608], [0.21780470335994723, 0.0564387300023433, 0.5358455260433186, 0.18991104049439086], [0.19037019211689793, 0.04727186760650914, 0.4719871930014696, 0.2903707471751234], [0.15166405293807841, 0.043373183704246504, 0.6697028478221804, 0.13525991543549473], [0.18817588106257896, 0.047845511215579895, 0.4981671812489658, 0.26581142637287536], [0.14091563308122126, 0.0406130523134074, 0.6929066954873532, 0.12556461901801813], [0.2000115051673281, 0.06394681017594793, 0.5515656244508, 0.1844760601059239], [0.2012548967527175, 0.0640042176777114, 0.548453846949112, 0.1862870385204591]], "ideal": "C", "sampled": "C", "correct": true}}
