{"type": "result", "data": {"idx": 0, "options": ["middle ages", "chess board", "kids story", "fairy tale", "castle"], "probs": [[0.2938460111324196, 0.18559841809800967, 0.12151099740243783, 0.26031559703131096, 0.13872897623582192], [0.30109603331565055, 0.19015435090824623, 0.14778093052596725, 0.2449854703369678, 0.11598321481316815], [0.3001597433934536, 0.20995239285657177, 0.1354210038222253, 0.22368278430600944, 0.1307840755217399], [0.3023604199339645, 0.2061847478866736, 0.1402980407976585, 0.24198966086455725, 0.10916713041714612], [0.28783235379905614, 0.18986642641711615, 0.1417486092567049, 0.23361191499299067, 0.1469406954341321]], "ideal": "D", "sampled": "D", "correct": true}}
{"type": "result", "data": {"idx": 1, "options": ["counter", "coffee table", "school room", "backpack", "bedside table"], "probs": [[0.23674943688007838, 0.22538920898881898, 0.18758399503167197, 0.22740301148699094, 0.12287434751243974], [0.2314932976654138, 0.22208966643511127, 0.17673579119965044, 0.24055147527064624, 0.12912976932917825], [0.22783369974251588, 0.20856807813096412, 0.17959163813595685, 0.24636253344989054, 0.13764405044067257], [0.24076434070577332, 0.2185617305655618, 0.19115730406081535, 0.22611214866045437, 0.12340447590739513], [0.2415356897837429, 0.22979923738030503, 0.19192383895498785, 0.21966658203094094, 0.11707465175002327]], "ideal": "B", "sampled": "A", "correct": false}}
{"type": "result", "data": {"idx": 2, "options": ["cleanness", "wetness", "exfoliation", "use water", "hygiene"], "probs": [[0.30486876478210445, 0.1702082924219413, 0.1506455428266722, 0.2568425940582661, 0.11743480581101595], [0.27664757802728407, 0.20507388578814995, 0.14853382662441988, 0.26060731187119146, 0.10913739758895465], [0.355842234681031, 0.20529166207272237, 0.14921001932410574, 0.2065578883582524, 0.0830981954638885], [0.34523092925305365, 0.2477132771427588, 0.12502306419054252, 0.19221789703344108, 0.08981483228020391], [0.4816476820803957, 0.16210525622440858, 0.10241619114983408, 0.18421613481973723, 0.06961473562562442]], "ideal": "A", "sampled": "E", "correct": false}}
{"type": "result", "data": {"idx": 3, "options": ["table", "meeting", "drawer", "toilet", "garage"], "probs": [[0.40163643947291056, 0.1859919522221077, 0.16925517708590318, 0.17301617045412312, 0.07010026066495544], [0.3106491128499497, 0.1824411966122995, 0.17257932545399463, 0.21287660837086414, 0.12145375661289197], [0.363885678997435, 0.1773088017817334, 0.17299676326415217, 0.21612395827078154, 0.06968479758589789], [0.30813047975492314, 0.17709480620106677, 0.24932611543410976, 0.19066192633976606, 0.07478667217013424], [0.3638593581242541, 0.22713792491025725, 0.16741488997018253, 0.17207291848781253, 0.06951490840749365]], "ideal": "A", "sampled": "A", "correct": true}}
{"type": "result", "data": {"idx": 4, "options": ["damage", "wonderful", "exhaustion", "orgasm", "lazy"], "probs": [[0.2222423139326404, 0.20125307440612447, 0.13705960118978933, 0.2802650969979803, 0.15917991337346546], [0.2951467268958571, 0.2081743879071084, 0.15449571262627285, 0.21761148679438835, 0.12457168567637332], [0.3040157235555637, 0.1762906001608317, 0.11201488142074406, 0.23280919912506706, 0.17486959563779342], [0.2950950816709484, 0.16980957730190233, 0.10972006454383755, 0.25007950884464736, 0.17529576753866438], [0.2201843295675101, 0.1592279887442809, 0.12002076326492254, 0.2800982448127335, 0.22046867351055296]], "ideal": "B", "sampled": "D", "correct": false}}
{"type": "result", "data": {"idx": 5, "options": ["enemies", "perform better", "sweat", "tension", "frostbite"], "probs": [[0.21392823434823927, 0.22841156676494462, 0.18346997820286118, 0.2322118694518474, 0.1419783511321075], [0.2681284108720896, 0.2602795524489114, 0.17892972190000409, 0.2014657451736611, 0.09119656950533385], [0.24231972113210598, 0.2462885861067491, 0.16833241046268332, 0.20177549134974723, 0.14128379084871434], [0.24755662691760313, 0.26609234413273497, 0.136297292320373, 0.2209491001773005, 0.12910463635198843], [0.22374866900590729, 0.20577369628279024, 0.1521040052023418, 0.24692571160708232, 0.17144791780187835]], "ideal": "D", "sampled": "D", "correct": true}}
{"type": "result", "data": {"idx": 6, "options": ["free will", "choice", "will", "alcohol", "freedom"], "probs": [[0.23644117223166844, 0.23425286213954807, 0.17929289277467983, 0.2024203897041434, 0.14759268304996026], [0.14689778623462957, 0.17977899997616595, 0.15711430501345855, 0.2808780842346073, 0.23533082444113862], [0.138135284171596, 0.1990158259669606, 0.21608023343309626, 0.28112432357837863, 0.16564433274996845], [0.13062013781716664, 0.24035641727693682, 0.3016429267644461, 0.22947783936856567, 0.09790267867288478], [0.22813247481884813, 0.33880451823071894, 0.20597818798714715, 0.16854617249094067, 0.05853864637234509]], "ideal": "B", "sampled": "A", "correct": false}}
{"type": "result", "data": {"idx": 7, "options": ["bathtub", "washing area", "hotel", "shower stall", "department store"], "probs": [[0.2908673242804512, 0.19163205932202815, 0.18368141077586894, 0.2466708533715273, 0.08714835215012438], [0.2921396406555206, 0.17666047283252337, 0.21397335187520602, 0.22696060753696676, 0.09026592699978324], [0.3507018115073053, 0.2022957369653923, 0.17220518119554135, 0.1959932758909665, 0.07880399434079458], [0.3534451232033717, 0.18424402724581382, 0.16330856569887975, 0.20546967401445604, 0.09353260973747868], [0.25923630206322656, 0.1713995907820786, 0.17172863821862505, 0.2594263812725639, 0.13820908756350586]], "ideal": "A", "sampled": "D", "correct": false}}
{"type": "result", "data": {"idx": 8, "options": ["new york city", "subdivision", "ring", "hazleton", "live in"], "probs": [[0.36191976336436094, 0.19855474081553356, 0.09304251590217441, 0.22426210508683406, 0.12222087473109702], [0.23756103997355216, 0.2045988826368629, 0.13291209538703935, 0.2752354956817915, 0.14969248622075407], [0.2779943748283438, 0.21428073248660293, 0.14127378690595024, 0.2578168309153899, 0.1086342747637131], [0.25507783567656656, 0.2278169928966477, 0.14040553542817388, 0.2551901308390254, 0.12150950505958645], [0.3015720641747399, 0.2565682656127364, 0.11401376107592794, 0.22404253468372032, 0.10380337435287539]], "ideal": "A", "sampled": "A", "correct": true}}
{"type": "result", "data": {"idx": 9, "options": ["very entertaining", "fun", "slow", "competitive", "violent"], "probs": [[0.21850007256916, 0.18535672954956114, 0.1745209622739508, 0.28915376760841643, 0.1324684678989116], [0.20172717263496986, 0.17849615906646335, 0.21954258292762824, 0.26856957662834124, 0.13166450864259732], [0.19374647445907167, 0.18018100885465468, 0.18436149976255403, 0.28739270136771555, 0.15431831545600402], [0.1990188717350684, 0.18759480675951667, 0.18812029622462598, 0.297884622123393, 0.12738140305739587], [0.2133044930081521, 0.1910324273966317, 0.18730752447322793, 0.25126332416500335, 0.1570922308569849]], "ideal": "E", "sampled": "D", "correct": false}}
{"type": "result", "data": {"idx": 10, "options": ["night sky", "galaxy", "outer space", "hollywood", "eat cake"], "probs": [[0.30653449204774413, 0.19643722033539268, 0.11130163568706235, 0.24436218487943465, 0.14136446695036617], [0.24803415492753242, 0.14700329630849393, 0.09706656105739532, 0.27983573701792447, 0.2280602505886538], [0.2174626640402174, 0.14217106360990875, 0.09384378370402566, 0.3235658858288963, 0.2229566027169519], [0.20064801573678115, 0.15407719175696952, 0.13856369668539625, 0.32518644106672095, 0.1815246546541321], [0.2275016056890554, 0.20611028939911646, 0.16423105457730144, 0.27711127946982533, 0.12504577076470136]], "ideal": "C", "sampled": "A", "correct": false}}
{"type": "result", "data": {"idx": 11, "options": ["new perspective", "entertained", "understanding", "hunger", "tired eyes"], "probs": [[0.48792521504899644, 0.1876802977392052, 0.12249636983217461, 0.15120906619377217, 0.05068905108585159], [0.2931777812755648, 0.21878258718759538, 0.10423783134194547, 0.20835190854111044, 0.17544989155378385], [0.3188699222218324, 0.19766387211564487, 0.10879031421129692, 0.2672946829808572, 0.10738120837036864], [0.22195640865599056, 0.1901674029090794, 0.32245583299916536, 0.19244298910490445, 0.0729773662308602], [0.29223978257980127, 0.38293520198427405, 0.10538279500507201, 0.17058445610118028, 0.04885776422967236]], "ideal": "A", "sampled": "A", "correct": true}}
{"type": "result", "data": {"idx": 12, "options": ["initiate", "ignore", "question", "answer", "ask"], "probs": [[0.17308928070721652, 0.21621012685521004, 0.16093078254044074, 0.30908119675406504, 0.14068861304306768], [0.19169845318225284, 0.22065943981022923, 0.181270919069212, 0.25772171057917664, 0.14864947725912925], [0.17688880595451761, 0.23622370901988476, 0.14773484842887102, 0.28848081394408975, 0.1506718225526368], [0.16849139582158132, 0.22738236525440852, 0.18933841866355822, 0.269193623474048, 0.14559419668640391], [0.16232790776929795, 0.19871374360930452, 0.15182075581615292, 0.3253595676108487, 0.1617780250943959]], "ideal": "A", "sampled": "D", "correct": false}}
{"type": "result", "data": {"idx": 13, "options": ["hair brush", "ladies bathroom", "art supplies", "shower", "hair salon"], "probs": [[0.2931911857672044, 0.20157819383577769, 0.10512591584090412, 0.24840020390648554, 0.15170450054962825], [0.22772679881371488, 0.18309806012620314, 0.10333925330590082, 0.2989490285373443, 0.18688685911683686], [0.30015859899376135, 0.22200048629211117, 0.13326982059546236, 0.2608523744337886, 0.08371871958487648], [0.2865199191063213, 0.2286085818271997, 0.18598942733915558, 0.21910599198394412, 0.07977607964337932], [0.3374082596594165, 0.2527315133288277, 0.09059454904758449, 0.2225877741913432, 0.09667790367282802]], "ideal": "C", "sampled": "A", "correct": false}}
{"type": "result", "data": {"idx": 14, "options": ["plastic bag", "pantry", "supermarket", "toaster", "prison"], "probs": [[0.2770805656632862, 0.21654292938928016, 0.14508733151892328, 0.2276287674676241, 0.1336604058608863], [0.22305080126192764, 0.1991507097942854, 0.24549567514068885, 0.20930723687919595, 0.12299557682390216], [0.26577707924437316, 0.26692804492629546, 0.12405834253338408, 0.20558933758475847, 0.13764719561118882], [0.2544170840003858, 0.189496079381349, 0.14758073842299171, 0.24483942253407934, 0.16366667556119413], [0.2015926212820056, 0.1988925754164987, 0.17523297220104814, 0.2332692583130537, 0.19101257268739383]], "ideal": "D", "sampled": "D", "correct": true}}
{"type": "result", "data": {"idx": 15, "options": ["oven", "freezer", "plate", "tupperware", "grill"], "probs": [[0.26938063676057333, 0.21019068125696014, 0.1111558212026511, 0.2745934201463077, 0.13467944053350775], [0.27472537139159875, 0.17930620506163522, 0.11842567207763717, 0.2767685589639813, 0.15077419240514758], [0.22001926270878633, 0.18333555482974798, 0.13743309470481585, 0.2854964988319213, 0.1737155888247285], [0.25083702426373417, 0.18734945075799925, 0.12626038302320686, 0.2807037192197518, 0.1548494226353079], [0.23458464882778798, 0.20654172269983223, 0.14798050455846498, 0.2765772516788865, 0.13431587213502832]], "ideal": "B", "sampled": "B", "correct": true}}
{"type": "result", "data": {"idx": 16, "options": ["jungle", "zoo", "kill", "india", "eat cake"], "probs": [[0.3323899258696928, 0.28734896012277295, 0.12767513285306573, 0.15127733573708133, 0.1013086453173872], [0.3178816139380147, 0.21908199784949073, 0.13202811776271425, 0.1856660395675006, 0.14534223078227973], [0.24263013852972226, 0.23383520444887246, 0.13034395159037535, 0.20897824815676455, 0.18421245717426538], [0.2889451298143068, 0.2505406364386883, 0.11669720360372142, 0.2172593111399319, 0.12655771890335155], [0.2863732490737987, 0.25370588140019246, 0.17056585338299937, 0.18377147065436525, 0.10558354538864419]], "ideal": "B", "sampled": "B", "correct": true}}
{"type": "result", "data": {"idx": 17, "options": ["picture of sea side", "seaside town", "beach", "california", "see side picture"], "probs": [[0.283298111305326, 0.19509961145132967, 0.24623010110397234, 0.1838634800100525, 0.09150869602931946], [0.31396228539728105, 0.21450263579283851, 0.21543521007879748, 0.16761911163470505, 0.08848075699637789], [0.3333864633922106, 0.22208393445192956, 0.1684194716799026, 0.17584865448536777, 0.10026147589058945], [0.33815103765920856, 0.15805982051699277, 0.12716220317999466, 0.18474586306155014, 0.19188107548225386], [0.24149096729399736, 0.1678090443386427, 0.14522740676224544, 0.26826769910358017, 0.17720488240153437]], "ideal": "D", "sampled": "C", "correct": false}}
{"type": "result", "data": {"idx": 18, "options": ["west virginia", "kentucky", "rocky hills", "scotland", "canyon"], "probs": [[0.27663499114131235, 0.1866317540220549, 0.11173164843395623, 0.24112196264239935, 0.1838796436602772], [0.2690948984030825, 0.1447090581880596, 0.12193168589387283, 0.26808814609809817, 0.1961762113168869], [0.18509384049394037, 0.1382186900900276, 0.1220410502443179, 0.32325241929792653, 0.23139399977378758], [0.23627127704641834, 0.17252802847090637, 0.13877570627732116, 0.2839964329912384, 0.1684285551141157], [0.2521769479313726, 0.17798434726557524, 0.15739204456996692, 0.24878483259529022, 0.16366182753779498]], "ideal": "B", "sampled": "B", "correct": true}}
{"type": "result", "data": {"idx": 19, "options": ["office building", "office supply store", "desk drawer", "with dwight", "desktop"], "probs": [[0.2544064800603608, 0.21208719749052984, 0.19897070376842288, 0.2129376365557638, 0.12159798202492265], [0.2884888307686918, 0.2786830323852115, 0.16383197657866128, 0.17288686075736456, 0.0961092994100708], [0.2878403577564302, 0.24284071494175336, 0.17224592945504513, 0.17872315110794168, 0.11834984663882962], [0.24805926916061277, 0.2524254133727988, 0.15073444314772222, 0.17981000393246555, 0.16897087028640068], [0.24094142125325946, 0.2136175526622834, 0.15355078534131134, 0.23287081920311864, 0.15901942144002718]], "ideal": "C", "sampled": "C", "correct": true}}
{"type": "result", "data": {"idx": 20, "options": ["work", "tacos", "mass", "play sports", "wrestle"], "probs": [[0.2484895940283955, 0.2298153093931183, 0.20272210691456072, 0.226499875459519, 0.09247311410440645], [0.14215651576755994, 0.23822291902970003, 0.2641844231873145, 0.2416806590816293, 0.11375548283379623], [0.21552936409449938, 0.3365282663883765, 0.202851530846762, 0.1871527703343521, 0.05793806823601001], [0.2638854724611867, 0.24420691148960932, 0.20448520287087418, 0.19524497880931752, 0.09217743426901229], [0.2077472256157796, 0.23537722753712909, 0.19814661586121, 0.24722928358889815, 0.11149964729698314]], "ideal": "D", "sampled": "D", "correct": true}}
{"type": "result", "data": {"idx": 21, "options": ["math class", "math book", "in pythagorus' band", "orchestra", "music class"], "probs": [[0.259650029503667, 0.15783545843678268, 0.1598125743650297, 0.2816654229378793, 0.14103651465664133], [0.26093903570157145, 0.1610950851442515, 0.1952254354047075, 0.25749501967082916, 0.12524542397864039], [0.3039145997477854, 0.1848604637603272, 0.18391350988888014, 0.22834214055470245, 0.09896928594830483], [0.33269162717741785, 0.1910466800239874, 0.16288478030269787, 0.22383641871698684, 0.08954049367891001], [0.26645467677620754, 0.15548760028956143, 0.1624289331848218, 0.2709780133261, 0.1446507763233093]], "ideal": "E", "sampled": "D", "correct": false}}
{"type": "result", "data": {"idx": 22, "options": ["believe in god", "smoke marijuana", "desire to travel", "use weapons", "throw away"], "probs": [[0.17770330307591434, 0.1773524254097897, 0.3112499624272595, 0.21772661772830249, 0.11596769125873393], [0.25909248763987774, 0.34459350536576633, 0.1501637741821977, 0.17767625084758007, 0.06847398186457816], [0.4054680228642668, 0.17560538909475387, 0.15802574391611293, 0.17349165934812094, 0.08740918467674541], [0.18039117751701794, 0.18231409786308572, 0.16969595847817048, 0.24539038536478897, 0.22220838067693688], [0.17900320352304464, 0.21095895136395656, 0.19902793467951532, 0.288289776764598, 0.1227201335688855]], "ideal": "C", "sampled": "C", "correct": true}}
{"type": "result", "data": {"idx": 23, "options": ["mall", "grocery store", "grocery store", "shop", "supermarket"], "probs": [[0.3707636997079685, 0.18319988783554672, 0.16777037697550345, 0.1808751279968503, 0.09739090738413103], [0.24376213948544445, 0.18658127544826342, 0.2046818939533937, 0.22650164841078263, 0.1384730426021158], [0.26407951113921097, 0.2290647625694092, 0.1896468996812001, 0.20090684292691555, 0.11630198358326421], [0.3132521807834178, 0.20037855205916288, 0.19829764960213372, 0.1870281249097716, 0.10104349254551394], [0.3323147270903121, 0.22464546909991667, 0.16631483902954303, 0.19172942717708907, 0.0849955375031391]], "ideal": "A", "sampled": "A", "correct": true}}
{"type": "result", "data": {"idx": 24, "options": ["digestive", "feel better", "sleepiness", "indigestion", "illness"], "probs": [[0.26770104758590973, 0.2019189207686213, 0.12151693753352316, 0.23353140499947342, 0.17533168901247237], [0.24036272942237766, 0.17752731638238703, 0.15164606949568582, 0.2675556659828344, 0.16290821861671503], [0.2082603722602485, 0.18497629461822876, 0.14298044143677466, 0.27544131872283734, 0.18834157286191078], [0.2684653819142953, 0.18788329604847767, 0.14186962581659565, 0.2506069652756915, 0.15117473084493988], [0.2755101836790251, 0.18939907282487778, 0.14404341147760327, 0.22938238888525758, 0.16166494303323625]], "ideal": "D", "sampled": "E", "correct": false}}
{"type": "result", "data": {"idx": 25, "options": ["club", "assembly hall", "meditation center", "meeting", "church"], "probs": [[0.4322404256788075, 0.2004203483543779, 0.09938952992239435, 0.18254691094511818, 0.0854027849993021], [0.3458779726138691, 0.21021391292635086, 0.11097656851659662, 0.1977909490432914, 0.13514059679989202], [0.35969676491905134, 0.21172101162578374, 0.11096059944233533, 0.2086295870146265, 0.1089920368982031], [0.3597507232030701, 0.2229003194183776, 0.15316558110919154, 0.18335278603616842, 0.08083059013319231], [0.34893025124672783, 0.2555031344894227, 0.12352670083683093, 0.17957890585465275, 0.09246100747236577]], "ideal": "A", "sampled": "A", "correct": true}}
{"type": "result", "data": {"idx": 26, "options": ["forest", "valley", "outdoors", "countryside", "woods"], "probs": [[0.34654525575370676, 0.21466316331289984, 0.12638196990539133, 0.19329558504928177, 0.11911402587872033], [0.3647895509353502, 0.17039825274429812, 0.1154995726752947, 0.20968747449338862, 0.13962514905166834], [0.2818624376968809, 0.17739762364044048, 0.12589287756614606, 0.2395267337321127, 0.17532032726441987], [0.29443933331640637, 0.19427832627012617, 0.15630071795216136, 0.22480229880959648, 0.13017932355170958], [0.3374174879587917, 0.18157544867551662, 0.16299762105819637, 0.20028296108903168, 0.11772648111846365]], "ideal": "B", "sampled": "B", "correct": true}}
{"type": "result", "data": {"idx": 27, "options": ["music store", "create music", "zoo", "music room", "symphony"], "probs": [[0.3145877326833214, 0.1809150075458867, 0.14914375097619909, 0.2215994679229548, 0.13375404077163802], [0.356195961740696, 0.17514440676523793, 0.16730489084395955, 0.20637584038065188, 0.09497890016945462], [0.3659550761559395, 0.19280757977147447, 0.18296861228334654, 0.17301006298912328, 0.08525866870011624], [0.399143499070531, 0.19289112663995897, 0.14722744067708932, 0.1854105050798765, 0.07532742843254421], [0.39692388163781245, 0.18893875742866945, 0.15106554778095055, 0.1774902843503572, 0.08558152870221034]], "ideal": "E", "sampled": "E", "correct": true}}
{"type": "result", "data": {"idx": 28, "options": ["boat", "necessary to live", "edible", "unhealthy", "kitchen"], "probs": [[0.2348824730210546, 0.1616983956949181, 0.21220069896249086, 0.27343724804988484, 0.1177811841716516], [0.27702733458747814, 0.19241131553497068, 0.17125548165433468, 0.2552299163201044, 0.10407595180311212], [0.2613572361197226, 0.17016176117022008, 0.16655572502635552, 0.25766964592429803, 0.14425563165940378], [0.24030200776584973, 0.16579429556568082, 0.14125819292357325, 0.2764204401034792, 0.17622506354141698], [0.2285018265018843, 0.16173461077980128, 0.15803535281031494, 0.2914729714102143, 0.16025523839778522]], "ideal": "D", "sampled": "C", "correct": false}}
{"type": "result", "data": {"idx": 29, "options": ["most offices", "fish department", "fancy restaurant", "government submarine", "chesapeake bay"], "probs": [[0.30325843256324775, 0.28021554408619015, 0.143565586652358, 0.18523789278373967, 0.08772254381446444], [0.29161152675233115, 0.178377556460805, 0.16396096591443782, 0.23246558354654212, 0.13358436722588388], [0.22777567669114665, 0.18186485359428733, 0.17638062990216685, 0.24082086923222773, 0.17315797048017142], [0.24971759316808242, 0.1988721191684215, 0.1844487339073745, 0.2384114116191871, 0.1285501420369344], [0.2915557600895393, 0.19827309101123908, 0.2116454972737569, 0.18813562251135157, 0.1103900290141131]], "ideal": "B", "sampled": "B", "correct": true}}
{"type": "result", "data": {"idx": 30, "options": ["case", "jewelry store", "shopping", "jewelery box", "hock"], "probs": [[0.2617621363043806, 0.2797006603862639, 0.16708887738355055, 0.2103520286539243, 0.08109629717188069], [0.2651633004194329, 0.21888862384985017, 0.15543864550050418, 0.2519584875155969, 0.10855094261461579], [0.2400615662096288, 0.2246843725218202, 0.1792604028999359, 0.24634987113396487, 0.10964378713465024], [0.20210870496073755, 0.21090581382472823, 0.22192727855825595, 0.25463175012212536, 0.1104264524341529], [0.20390644363649432, 0.22479088267237798, 0.22148003841986708, 0.2559648117768383, 0.09385782339442235]], "ideal": "B", "sampled": "B", "correct": true}}
{"type": "result", "data": {"idx": 31, "options": ["dishwasher", "water fountain", "sand box", "toilet", "kitchen cabinet"], "probs": [[0.26729200674650383, 0.1781087411399151, 0.1777393264748142, 0.22349225140409415, 0.15336767413467273], [0.30771001940913284, 0.1567915663332764, 0.18301648970926357, 0.21474909030370729, 0.13773283414461987], [0.2671249548395322, 0.17919244137391302, 0.18867056351012612, 0.23038450224456813, 0.1346275379318605], [0.3257916520837247, 0.17902528971095819, 0.1703188542803847, 0.20481982519933062, 0.12004437862560179], [0.2964235632249394, 0.16012216089918851, 0.18247843330699615, 0.21242745851620048, 0.14854838395267542]], "ideal": "E", "sampled": "D", "correct": false}}
{"type": "result", "data": {"idx": 32, "options": ["office building", "internet cafe", "house", "school", "internet cafe"], "probs": [[0.32735839780169645, 0.17400536003414974, 0.12453011891616342, 0.2235182340316431, 0.1505878891163473], [0.3298606819970869, 0.20346456789906936, 0.1333976934268065, 0.25886421341573984, 0.07441284316129744], [0.32299041504170356, 0.18058717114470174, 0.1225252365755309, 0.22577752002471793, 0.14811965711334582], [0.33426309384003283, 0.2090762938062715, 0.14852684904567331, 0.23404791584296078, 0.07408584736506155], [0.36383480372120663, 0.21536360999820126, 0.16000153361153277, 0.18270851942125535, 0.07809153314780398]], "ideal": "A", "sampled": "E", "correct": false}}
{"type": "result", "data": {"idx": 33, "options": ["last word", "conclusion", "ikea instructions", "afterword", "epilogue"], "probs": [[0.28920735613162957, 0.20899725514062759, 0.07327882617222899, 0.27622993542934127, 0.1522866270261726], [0.3026332005948166, 0.21022190464751614, 0.08297072473785158, 0.2717044095677291, 0.13246976035208657], [0.2657459000755073, 0.2025669454560683, 0.08214294664804421, 0.2646195213345457, 0.18492468638583448], [0.3460075115516859, 0.24011787353071892, 0.0926126432004037, 0.24585315191610996, 0.0754088197010815], [0.31056688389678344, 0.2058200465614927, 0.09706264349826027, 0.24437866522828736, 0.1421717607151762]], "ideal": "E", "sampled": "E", "correct": true}}
{"type": "result", "data": {"idx": 34, "options": ["fish market", "pet shop", "fishmongers", "intertidal zone", "obesity"], "probs": [[0.434565507144674, 0.20618129849807748, 0.11884681754062018, 0.18962661418945473, 0.05077976252717363], [0.4158571989109789, 0.1986954971852053, 0.13816277784338882, 0.1787710649994883, 0.0685134609609387], [0.41555167982143043, 0.19914101958843392, 0.10224705628782092, 0.2043335972720615, 0.07872664693025322], [0.3795636395958074, 0.1829342150465041, 0.11599981923732416, 0.22499414102748924, 0.09650818499287511], [0.37625888089684867, 0.22064112442799638, 0.11055156748431506, 0.2110814028908487, 0.08146702419999119]], "ideal": "C", "sampled": "A", "correct": false}}
{"type": "result", "data": {"idx": 35, "options": ["brush hair", "theater", "house", "dwelling", "bathhouse"], "probs": [[0.21739338854493098, 0.15850526874393944, 0.13352023956989112, 0.27125753737102465, 0.2193235656702138], [0.3146932265455694, 0.19891933493946612, 0.15604320864502247, 0.23556983031524134, 0.09477439945470062], [0.29198577344509746, 0.19968322961233712, 0.26652272937338506, 0.17041562115003062, 0.07139264631914977], [0.31854043119658465, 0.327322669160178, 0.10156195091696614, 0.17094472431048596, 0.08163022431578525], [0.2910966916254636, 0.16259365024421368, 0.1240803319699711, 0.25571385404464286, 0.16651547201570877]], "ideal": "E", "sampled": "E", "correct": true}}
{"type": "result", "data": {"idx": 36, "options": ["poisonous gas", "homicide", "cinder", "nuclear weapons", "cyanide"], "probs": [[0.24043055234576835, 0.20895807754331505, 0.15598179630838366, 0.2667510250949992, 0.12787854860753373], [0.2144904189570147, 0.20121791057282565, 0.14808344177538013, 0.27471934518215585, 0.16148888341262366], [0.20431785892344362, 0.20458469402486745, 0.13901992555121934, 0.29724002767332364, 0.15483749372714595], [0.2275715287164042, 0.2140589771345928, 0.15263376901063208, 0.28338700107799797, 0.12234872396037291], [0.2467900348870257, 0.20946304583565312, 0.1588330907253203, 0.26012362283018287, 0.12479020562181803]], "ideal": "B", "sampled": "A", "correct": false}}
{"type": "result", "data": {"idx": 37, "options": ["players", "play games", "casino", "table", "toy store"], "probs": [[0.30324041614450187, 0.17671738431536224, 0.16880056134562071, 0.2531041483841743, 0.09813748971034088], [0.3047769231144176, 0.19180700813668639, 0.22833882739322128, 0.19202285144690875, 0.08305438980876598], [0.38843248534345354, 0.21246822716548247, 0.1310149074506171, 0.1996962189610482, 0.06838816097939866], [0.456186808734626, 0.1512138073244864, 0.12182169659736454, 0.17418254847578848, 0.09659513876773453], [0.25803577512849235, 0.15779079260155993, 0.12501202336175793, 0.255938853954428, 0.2032225548537618]], "ideal": "D", "sampled": "D", "correct": true}}
{"type": "result", "data": {"idx": 38, "options": ["read book", "own house", "apartment", "more rice", "warm coat"], "probs": [[0.31051902803210274, 0.19198166606958908, 0.12390800102648832, 0.20201934119456885, 0.171571963577251], [0.2520584576500034, 0.17648343038955228, 0.1329792648262588, 0.23827258815197266, 0.20020625888221286], [0.2441666987169971, 0.18658374348028214, 0.156378674761313, 0.23968679904874404, 0.17318408389266374], [0.2646416762898221, 0.21714607202543063, 0.14431765889151632, 0.21966715482164909, 0.15422743787158183], [0.3793611893549842, 0.20522197086461766, 0.11766603982507609, 0.1873984220151921, 0.11035237784012994]], "ideal": "E", "sampled": "E", "correct": true}}
{"type": "result", "data": {"idx": 39, "options": ["gap", "shopping mall", "bedroom", "laundromat", "bathroom"], "probs": [[0.31258869633810143, 0.18044017522378655, 0.2062153846745416, 0.2144300671367504, 0.08632567652681998], [0.29568207701590343, 0.15414759744872347, 0.1890693185895755, 0.240959483971334, 0.1201415228744636], [0.2148119690026401, 0.16041793166609683, 0.1999013304495784, 0.2998482629334333, 0.1250205058482514], [0.24402463251873943, 0.16048472998560429, 0.2828567900757996, 0.21789553596958458, 0.0947383113502721], [0.2720021524156678, 0.20933463543543082, 0.21477177096925898, 0.2091254082373644, 0.09476603284227804]], "ideal": "B", "sampled": "A", "correct": false}}
{"type": "result", "data": {"idx": 40, "options": ["theater", "opera", "show", "television", "blockbuster feature"], "probs": [[0.34772683222770856, 0.20421174775143047, 0.13057256132764913, 0.21216962371640505, 0.1053192348768068], [0.24010186311726442, 0.21188913826511235, 0.13661312444871412, 0.24385799865110963, 0.16753787541779944], [0.28550572689405157, 0.24249395500274737, 0.11867423973327025, 0.2538398934414407, 0.09948618482849012], [0.2419922030769099, 0.22203908526371002, 0.22337036997522833, 0.21679801877346871, 0.09580032281068303], [0.21505675038119448, 0.23797208422981322, 0.1244068611200449, 0.29194549158195077, 0.13061881258699662]], "ideal": "A", "sampled": "A", "correct": true}}
{"type": "result", "data": {"idx": 41, "options": ["baggage compartment", "movie", "subway", "airplane", "cargo hold"], "probs": [[0.2911252292364215, 0.22700839555948646, 0.15906287254105214, 0.20648808159884988, 0.11631542096419004], [0.28409476143614015, 0.20632071069504593, 0.16761574771872936, 0.22470528722189734, 0.1172634928281872], [0.2898036284425674, 0.21039790226498165, 0.1764470066914393, 0.21707664751440095, 0.10627481498661066], [0.2977330950558263, 0.21462394723748215, 0.1857098804863245, 0.20000402925434665, 0.10192904786602039], [0.27239942142028417, 0.19331399806423027, 0.19237434575460333, 0.21066164654381017, 0.13125058811707205]], "ideal": "B", "sampled": "D", "correct": false}}
{"type": "result", "data": {"idx": 42, "options": ["eat", "think", "reading", "meditate", "fall asleep"], "probs": [[0.26298194925105844, 0.24751658550770061, 0.1845958516964804, 0.20613343858048233, 0.0987721748642782], [0.3208161985796606, 0.19354013183387275, 0.20972860482409217, 0.19288912988429968, 0.0830259347780748], [0.23031675813279107, 0.15596619246830537, 0.16659310458424706, 0.23914515969746, 0.2079787850171965], [0.21504791190916892, 0.16503497696023217, 0.19369763087016748, 0.2932516554637298, 0.13296782469670163], [0.19179531501263247, 0.16419835020006535, 0.31064825552616854, 0.23081062215916995, 0.1025474570019637]], "ideal": "E", "sampled": "B", "correct": false}}
{"type": "result", "data": {"idx": 43, "options": ["eyes", "animal", "fingertips", "brainstem", "human body"], "probs": [[0.2590353527262359, 0.21086097075709562, 0.19517161240967867, 0.20052422879902324, 0.13440783520796656], [0.2760456224705324, 0.19811566319656818, 0.20823060129162504, 0.19486364865487987, 0.12274446428639453], [0.2516775466500009, 0.19818431432328107, 0.21810508097173872, 0.19615516356883628, 0.13587789438614298], [0.243807457916723, 0.19664349882035487, 0.19583959614706287, 0.2122098166542796, 0.15149963036157968], [0.2476878574699367, 0.19841719558715867, 0.19586343446785043, 0.21762771385047833, 0.14040379852457585]], "ideal": "B", "sampled": "B", "correct": true}}
{"type": "result", "data": {"idx": 44, "options": ["ground", "subway", "bank", "bed", "street"], "probs": [[0.2272650748264022, 0.24398533997480037, 0.1650887578560726, 0.21742722389907942, 0.14623360334364538], [0.19697428650751048, 0.23925771593867148, 0.19217784128121485, 0.21177040897366425, 0.15981974719893893], [0.2255108803285155, 0.2651655971738771, 0.17280617354572292, 0.21902008352473648, 0.11749726532714798], [0.21900713299951854, 0.22744050415264297, 0.24840215975526278, 0.19256398135256497, 0.11258622164001075], [0.2318011016791731, 0.25646806447909004, 0.17088125606724172, 0.1986289889647527, 0.14222058870974244]], "ideal": "D", "sampled": "A", "correct": false}}
{"type": "result", "data": {"idx": 45, "options": ["theater", "train", "bathhouse", "dwelling", "actors and actresses"], "probs": [[0.34975245852066694, 0.19427022480713407, 0.14932651927562277, 0.2126525060072417, 0.0939982912893345], [0.2464355360735719, 0.15661860884189077, 0.11697664023528491, 0.25302508282347674, 0.22694413192577567], [0.29650206475355284, 0.18961330462635737, 0.15411484814066995, 0.2790112599083146, 0.08075852247110524], [0.3200746595567266, 0.20934126558822838, 0.221530833130187, 0.17915888796292104, 0.06989435366193698], [0.3650401939098633, 0.22149927081930765, 0.14116098405979055, 0.18622373597618558, 0.0860758151348529]], "ideal": "A", "sampled": "A", "correct": true}}
{"type": "result", "data": {"idx": 46, "options": ["packaging materials", "recycle bin", "box factory", "warehouse", "bowler hats"], "probs": [[0.46317021528311547, 0.1823403807515481, 0.13485519770586815, 0.18002618593903863, 0.039608020220429654], [0.3001818477698881, 0.21735114051605492, 0.1939551565479899, 0.2000819623221371, 0.08842989274393001], [0.29743371075622027, 0.22963363443180035, 0.15818129831866043, 0.2490705903162718, 0.06568076607704719], [0.25864992313927526, 0.1920449939787566, 0.317518035067696, 0.18370265314240006, 0.04808439457187206], [0.2444784044974943, 0.43307349081477065, 0.12061972169861994, 0.15720854698039577, 0.04461983590871932]], "ideal": "A", "sampled": "A", "correct": true}}
{"type": "result", "data": {"idx": 47, "options": ["sick person", "hospital", "elderly person", "graveyard", "doctor's office"], "probs": [[0.32423962850366184, 0.20189319111811052, 0.18894437938984252, 0.17334927030740854, 0.1115735305809766], [0.27705186602682974, 0.19150269029609632, 0.16814646123158317, 0.19779133794713982, 0.16550764439835097], [0.2824210906467868, 0.19204240117663185, 0.20814201854001313, 0.1986105054004216, 0.11878398413614664], [0.2524385452018069, 0.19757580755165355, 0.2582693695763764, 0.19324822721933027, 0.09846805035083282], [0.26260047170127243, 0.21530566305355653, 0.21064189779731127, 0.2025323434518273, 0.10891962389603246]], "ideal": "A", "sampled": "A", "correct": true}}
{"type": "result", "data": {"idx": 48, "options": ["park", "internet", "meeting", "library", "book"], "probs": [[0.3219910859739654, 0.23255889115392153, 0.13393069802375446, 0.22395870087291359, 0.08756062387544498], [0.36105439084437274, 0.20872638897007884, 0.14263895473671728, 0.21137132996379132, 0.07620893538503984], [0.31683703781719064, 0.2336907500735071, 0.14747057633906252, 0.2107678322168846, 0.09123380345335509], [0.32812199482202536, 0.20164169669581208, 0.14233581932456224, 0.23843235130358129, 0.089468137754019], [0.2772282680385364, 0.20599123986979181, 0.16559594991336285, 0.2353593128338484, 0.11582522924446054]], "ideal": "D", "sampled": "B", "correct": false}}
{"type": "result", "data": {"idx": 49, "options": ["stagnant", "stagnation", "tradition", "hunger", "paper money"], "probs": [[0.2798549234587241, 0.21811632809842, 0.16468337176583453, 0.22259131071725807, 0.1147540658597633], [0.2618226784749075, 0.21929763908868427, 0.1696679642527894, 0.21539445861195666, 0.13381725947166215], [0.20514396136652327, 0.20728755304063065, 0.16025895117496658, 0.26148224263977204, 0.16582729167810742], [0.21899586609085023, 0.23408761189799307, 0.18246565752050842, 0.24249194062750026, 0.12195892376314799], [0.26362633898919824, 0.24633816065663, 0.17319156356801857, 0.20347742885907294, 0.11336650782708026]], "ideal": "B", "sampled": "A", "correct": false}}
{"type": "result", "data": {"idx": 50, "options": ["cause irrational behaviour", "recur", "effectively treated", "managed", "cause suffering"], "probs": [[0.2610817868827105, 0.1849394156221837, 0.26924267609140995, 0.22321002349417024, 0.06152609780952564], [0.3836190230633096, 0.305912480953479, 0.13035605263795014, 0.12680853335147205, 0.0533039098937892], [0.58977630632855, 0.17416948660072631, 0.08050480809350181, 0.1235355893790186, 0.032013809498203184], [0.36662220429390013, 0.1681573950585692, 0.11608293684712345, 0.19474401883842318, 0.15439344486198403], [0.1901704342447721, 0.18009239165036423, 0.12429629079803185, 0.37044181864071174, 0.1349990645661201]], "ideal": "C", "sampled": "C", "correct": true}}
{"type": "result", "data": {"idx": 51, "options": ["cast iron stomach", "physical exertion", "shin splints", "adventure", "fatigue"], "probs": [[0.23371933050024815, 0.17153432707957217, 0.1798583391150035, 0.2644076605710079, 0.1504803426341683], [0.2773477774185915, 0.15614456169451316, 0.20389591459226, 0.22784211078752709, 0.13476963540710823], [0.21869748642030792, 0.16183237204318418, 0.16967309530904479, 0.2592473184354528, 0.1905497276920103], [0.24776818989956836, 0.15816732061061195, 0.20301440333672727, 0.2513880542125209, 0.13966203184057152], [0.22835289279848997, 0.1514390133384276, 0.2038203955062118, 0.24447571103029045, 0.17191198722658016]], "ideal": "C", "sampled": "B", "correct": false}}
{"type": "result", "data": {"idx": 52, "options": ["chess game", "scheme", "chess set", "checkers", "north carolina"], "probs": [[0.4408199707020354, 0.2316342244528046, 0.10996155987654763, 0.15844434630694548, 0.05913989856166694], [0.35648068250905, 0.22003772524722853, 0.09024277194070249, 0.18340164147865132, 0.14983717872436764], [0.28893765804262417, 0.23866190013883065, 0.10547778009313569, 0.24887363610163088, 0.11804902552377859], [0.311974680990472, 0.24640461454277238, 0.1488375999750669, 0.20297639047735774, 0.08980671391433101], [0.30506799531115164, 0.2805702173599237, 0.10873495365292131, 0.1982149838671054, 0.10741184970889793]], "ideal": "A", "sampled": "A", "correct": true}}
{"type": "result", "data": {"idx": 53, "options": ["isolation", "grief", "happiness", "relief", "angry"], "probs": [[0.36363209103059535, 0.2278296104105633, 0.10836918893197969, 0.20982297231743277, 0.0903461372094289], [0.31483077930639897, 0.260971580474576, 0.13249922004142228, 0.20428680882997508, 0.0874116112476277], [0.3849987415956808, 0.24696795823911735, 0.1052635170806251, 0.18273720279547978, 0.08003258018909694], [0.4039188412364334, 0.19667315945512193, 0.09392331049797095, 0.2039485169174003, 0.10153617179307343], [0.32097612980363593, 0.23148675322736662, 0.12368699246289457, 0.22175922984523078, 0.1020908945608721]], "ideal": "C", "sampled": "D", "correct": false}}
{"type": "result", "data": {"idx": 54, "options": ["continue to grow", "plant themselves", "many colors", "smell good", "make pretty"], "probs": [[0.19799793059630974, 0.17401819188669884, 0.19918982979436353, 0.25909138109315405, 0.16970266652947383], [0.20192164180643749, 0.19492429492908545, 0.25464269516305804, 0.23113282022549053, 0.11737854777592846], [0.23993132291029695, 0.20293442298128134, 0.18532826942354058, 0.24265969564098339, 0.12914628894389774], [0.2505067325953485, 0.1839490411090043, 0.17880347635751287, 0.24560420578652595, 0.14113654405160833], [0.23767782745368735, 0.18292565641958128, 0.17359389362983452, 0.23827697334290968, 0.16752564905398717]], "ideal": "D", "sampled": "D", "correct": true}}
{"type": "result", "data": {"idx": 55, "options": ["controversy", "responsibility", "resentment", "judge feelings", "hurt feelings"], "probs": [[0.22046065328300765, 0.24798551199340518, 0.166448935849711, 0.2464262097827533, 0.11867868899112285], [0.23669931290166882, 0.25644940135298666, 0.1299622207750058, 0.25027936694503433, 0.1266096979253044], [0.2858711204084324, 0.21728767614343233, 0.13854271275314112, 0.2338351028464483, 0.12446338774854591], [0.20340593460263162, 0.2673505882256691, 0.13684760236634663, 0.2422429955097635, 0.15015287919558912], [0.3344452628986584, 0.2108726022796669, 0.11604974244790466, 0.2301152164986805, 0.10851717577508953]], "ideal": "C", "sampled": "E", "correct": false}}
