{"type": "result", "data": {"idx": 0, "options": ["r = k ln[A]", "r = k [A]^2", "r = k [A]", "r = k"], "probs": [[0.1700223284776462, 0.27175842093143726, 0.22528760280218288, 0.3329316476887337], [0.10580060551151159, 0.1977129414650306, 0.20718259952989698, 0.4893038533935608], [0.12465741857660713, 0.19927486181427487, 0.3722672053123615, 0.30380051419675647], [0.19112285115344588, 0.37429760209613033, 0.18528044883780564, 0.24929909781261814]], "ideal": "D", "sampled": "A", "correct": false}}
{"type": "result", "data": {"idx": 1, "options": ["all molecular bonds absorb IR radiation", "IR peak intensities are related to molecular mass", "most organic functional groups absorb in a characteristic region of the IR spectrum", "each element absorbs at a characteristic wavelength"], "probs": [[0.11298899014687186, 0.19225377759638804, 0.4400817918313008, 0.2546754403254393], [0.173165108136808, 0.37834882007325027, 0.18438648784620396, 0.2640995838437377], [0.21582542679275643, 0.27719238810736213, 0.22980395299586304, 0.2771782320040184], [0.15112754926254376, 0.25714496158688205, 0.22340299519753104, 0.36832449385304317]], "ideal": "C", "sampled": "C", "correct": true}}
{"type": "result", "data": {"idx": 2, "options": ["2", "3", "4", "5"], "probs": [[0.19795574540834557, 0.2926126761831192, 0.27061620755195814, 0.23881537075657708], [0.17252102492514595, 0.2672601043910749, 0.275731325121963, 0.28448754546181615], [0.17850278210320167, 0.25976670443499844, 0.28086525668089996, 0.28086525668089996], [0.1862101499189446, 0.2667793849803642, 0.288444808441023, 0.25856565655966823]], "ideal": "D", "sampled": "B", "correct": false}}
{"type": "result", "data": {"idx": 3, "options": ["The I\u2212 : IO3\u2212 ratio is 3:1.", "The MnO4- : I- ratio is 6:5.", "The MnO4- : Mn2+ ratio is 3:1.", "The H+ : I\u2212 ratio is 2:1."], "probs": [[0.19185438464370522, 0.30682339804049646, 0.2624240776272837, 0.2388981395885146], [0.20424114774333918, 0.3215221262110256, 0.24269551759604116, 0.23154120834959402], [0.19469439730833538, 0.33146011842809464, 0.242501386156146, 0.231344098007424], [0.1851601412802633, 0.3152104505706796, 0.2654311218849303, 0.2341982861641268]], "ideal": "B", "sampled": "C", "correct": false}}
{"type": "result", "data": {"idx": 4, "options": ["always", "only for constant pressure processes", "only for constant temperature processes", "only for constant volume processes"], "probs": [[0.24903032929104757, 0.2866644475571414, 0.23034263458503676, 0.2339625884667743], [0.21113521719444783, 0.2247732512495677, 0.23190672002181797, 0.33218481143416645], [0.19964298603922453, 0.21588176486717525, 0.3240776657734089, 0.2603975832201913], [0.25099932770902283, 0.29809870868773436, 0.2113794056654282, 0.2395225578378146]], "ideal": "B", "sampled": "A", "correct": false}}
{"type": "result", "data": {"idx": 5, "options": ["3 lines", "9 lines", "5 lines", "7 lines"], "probs": [[0.23993866500747896, 0.289472941868459, 0.25546598812567567, 0.21512240489838633], [0.23852892573070802, 0.31605601778529585, 0.23487776865514412, 0.21053728772885197], [0.2167215580508484, 0.2871635768375654, 0.28271444786599037, 0.21340041714559585], [0.24680469908658442, 0.3374051652454789, 0.21114425127446712, 0.20464588429346953]], "ideal": "B", "sampled": "A", "correct": false}}
{"type": "result", "data": {"idx": 6, "options": ["Neutrons", "Alpha particles", "Beta particles", "X-rays"], "probs": [[0.23547139324000416, 0.3321108668163991, 0.25466309133589654, 0.17775464850770017], [0.21449895520596918, 0.32203159212873095, 0.25878221179612804, 0.20468724076917183], [0.20682933924514044, 0.30096685883373386, 0.29172769185963643, 0.20047610996148926], [0.1929248393443296, 0.33338078356358314, 0.28075950916642467, 0.1929348678256626]], "ideal": "A", "sampled": "A", "correct": true}}
{"type": "result", "data": {"idx": 7, "options": ["Strong oxidizing conditions", "Low-spin electron configuration", "Metallic physical properties", "Unpaired electrons"], "probs": [[0.14633823493631887, 0.2302564611724295, 0.21295068521305235, 0.41045461857819926], [0.15041468890724655, 0.21549506919867176, 0.2559061576980291, 0.37818408409605253], [0.1367150693995136, 0.23997958002074843, 0.2151109277986946, 0.40819442268104333], [0.1665206054592866, 0.2348656347079036, 0.23486372735915728, 0.3637500323736525]], "ideal": "D", "sampled": "D", "correct": true}}
{"type": "result", "data": {"idx": 8, "options": ["1:1", "1:3", "1:6", "2:3"], "probs": [[0.21578928622169805, 0.3449032511904597, 0.23336589234914598, 0.2059415701386963], [0.1949489894344771, 0.28817985721449, 0.25036747748926136, 0.26650367576177153], [0.1963813631991069, 0.2948685332073227, 0.26431215200630404, 0.24443795148726635], [0.2090066664451964, 0.35560772150121556, 0.22959062234321434, 0.20579498961037376]], "ideal": "C", "sampled": "A", "correct": false}}
{"type": "result", "data": {"idx": 9, "options": ["T1, unlike T2, is sensitive to very low-frequency molecular motions.", "T2, unlike T1, is sensitive to very low-frequency molecular motions.", "T1, unlike T2, is sensitive to molecular motions at the Larmor frequency.", "T2, unlike T1, is sensitive to molecular motions at the Larmor frequency."], "probs": [[0.15601407222400723, 0.29615676841392063, 0.27820682937413177, 0.2696223298879404], [0.1620952188806563, 0.3326835930014759, 0.22509759662284545, 0.2801235913950223], [0.16633752978196512, 0.30603926214729626, 0.2617649293736077, 0.2658582785971309], [0.1647490785218351, 0.32774145922923364, 0.21831134473682795, 0.2891981174121033]], "ideal": "D", "sampled": "C", "correct": false}}
{"type": "result", "data": {"idx": 10, "options": ["3.02 ppm", "5.03 ppm", "10.56 ppm", "11.30 ppm"], "probs": [[0.15173148202979295, 0.31139589477072177, 0.30181716070630993, 0.23505546239317537], [0.14830669538226776, 0.3091628505105137, 0.3091628505105137, 0.23336760349670488], [0.14418995378959712, 0.3005790412125416, 0.3353212475441351, 0.2199097573537262], [0.15038758066617852, 0.3841103498518702, 0.2599011879928925, 0.20560088138905872]], "ideal": "D", "sampled": "A", "correct": false}}
{"type": "result", "data": {"idx": 11, "options": ["[The polarization relaxes exponentially: p(t) = [p(0) - peq]exp(-t/T1) + peq.]", "72.0 s", "56.6 s", "12.7 s"], "probs": [[0.1816208118501721, 0.31388936379063503, 0.24830184124316806, 0.2561879830160248], [0.06612846353180234, 0.19441239823561487, 0.2657350937120881, 0.47372404442049465], [0.09541356952228794, 0.25142850532742483, 0.3545791374321672, 0.29857878761812007], [0.1534172010193352, 0.4303581925476009, 0.2064909899185348, 0.20973361641452912]], "ideal": "B", "sampled": "A", "correct": false}}
{"type": "result", "data": {"idx": 12, "options": ["4.6 mT", "27 G", "5.4 mT", "3.8 mT"], "probs": [[0.18114874985271068, 0.26776659086997, 0.30342566511836766, 0.24765899405895164], [0.16542058688474756, 0.27708031898707014, 0.30911242037565617, 0.24838667365252612], [0.1822777932021196, 0.29133137189421304, 0.2959231943811134, 0.23046764042255397], [0.18438656235201437, 0.2993428885245725, 0.2520815880095163, 0.2641889610138968]], "ideal": "A", "sampled": "D", "correct": false}}
{"type": "result", "data": {"idx": 13, "options": ["1:19:36:84:126:126:84:36:19:1", "1:9:36:84:126:126:84:36:9:1", "1:9:35:82:120:120:82:35:9:1", "1:8:28:56:70:56:28:8:1"], "probs": [[0.17069320378980782, 0.28593322631837625, 0.18752254543813404, 0.3558510243536819], [0.17572148142487934, 0.2765227853975339, 0.1871076971105388, 0.360648035967048], [0.209071081720678, 0.2727532643886852, 0.17337757088927794, 0.3447980829013588], [0.16154787951439786, 0.28806238505157944, 0.19189161978556213, 0.3584981155484606]], "ideal": "D", "sampled": "C", "correct": false}}
{"type": "result", "data": {"idx": 14, "options": ["spin trapping provides more structural information than direct detection by EPR", "spin trapping makes it easy to quantify free radical intermediates", "steady state concentration of free radical intermediates is often too low to enable direct detection by EPR", "detection of spin adducts requires lower power than direct detection of radical intermediates"], "probs": [[0.2189735420860517, 0.2521116547978382, 0.22954441140730364, 0.29937039160880646], [0.20514507895362935, 0.23991242406222818, 0.22187516421655096, 0.33306733266759153], [0.20992535037794507, 0.23062064897763254, 0.2342445368198078, 0.32520946372461457], [0.2068008451433679, 0.22718883710036464, 0.24564304579359997, 0.3203672718626675]], "ideal": "D", "sampled": "B", "correct": false}}
{"type": "result", "data": {"idx": 15, "options": ["6.1445 x 10^-27 J T-1", "3.1445 x 10^-27 J T-1", "9.1445 x 10^-27 J T-1", "1.1445 x 10^-28 J T-1"], "probs": [[0.19502426972561307, 0.2666464487441929, 0.2544593550674872, 0.2838699263627068], [0.19909353848930364, 0.26383242401572876, 0.25177443400151733, 0.28529960339345023], [0.1998514920206859, 0.27324549582455704, 0.24495470126301408, 0.28194831079174293], [0.1951511800094003, 0.26268181202169016, 0.26684817669107336, 0.2753188311778362]], "ideal": "C", "sampled": "B", "correct": false}}
{"type": "result", "data": {"idx": 16, "options": ["I only", "II only", "III only", "I and III only"], "probs": [[0.2009006857536896, 0.30163147593057615, 0.2662081082464069, 0.23125972996932734], [0.15805072297292216, 0.304689987182993, 0.2999798789311425, 0.23727941081294235], [0.2213808845017706, 0.33761522132222316, 0.2394195133727223, 0.20158438070328394], [0.22394291720620135, 0.3362264582740838, 0.24218731755297468, 0.19764330686674014]], "ideal": "D", "sampled": "D", "correct": true}}
{"type": "result", "data": {"idx": 17, "options": ["Square planar complexes can display optical isomerism only if all four ligands are identical.", "Tetrahedral complexes never display optical isomerism.", "Linear complexes can display optical isomerism when both ligands are different.", "Octahedral complexes of monodentate ligands can display optical isomerism only when they have at least three different ligands."], "probs": [[0.15241065165632794, 0.3079248276663407, 0.25930096923795226, 0.28036355133937907], [0.13415588637077186, 0.3320931543389635, 0.262711111619295, 0.2710398475709696], [0.17208108512222406, 0.34227312037851576, 0.23524318370529101, 0.2504026106939692], [0.183634203897915, 0.2981109872443739, 0.2510373256694971, 0.26721748308821397]], "ideal": "D", "sampled": "D", "correct": true}}
{"type": "result", "data": {"idx": 18, "options": ["Protons and neutrons have orbital and spin angular momentum.", "Protons have orbital and spin angular momentum, neutrons have spin angular momentum.", "Protons and neutrons possess orbital angular momentum only.", "Protons and neutrons possess spin angular momentum only."], "probs": [[0.18993099597971716, 0.33346197999546134, 0.24017488179710472, 0.23643214212771677], [0.17765458092890493, 0.3168229820394356, 0.24290120279586172, 0.26262123413579774], [0.17930245397682074, 0.2821652292923096, 0.2650697231027655, 0.2734625935281042], [0.1906917896882276, 0.3454106254652625, 0.2373947422682696, 0.2265028424782403]], "ideal": "C", "sampled": "A", "correct": false}}
{"type": "result", "data": {"idx": 19, "options": ["23.56 GHz", "42.58 MHz", "74.34 kHz", "13.93 MHz"], "probs": [[0.1847318532173102, 0.28173860484914004, 0.2646789511076334, 0.2688505907259164], [0.18231742353877295, 0.257161501876052, 0.2824512761914101, 0.27806979829376494], [0.2027832954089724, 0.31908996939180323, 0.24466709061002562, 0.23345964448919876], [0.1918819724111896, 0.2749158482711154, 0.2749334316415844, 0.25826874757611057]], "ideal": "B", "sampled": "D", "correct": false}}
{"type": "result", "data": {"idx": 20, "options": ["Silicon", "Diamond", "Silicon carbide", "Arsenic-doped silicon"], "probs": [[0.197370332498925, 0.2534611485129282, 0.2574475368980283, 0.2917209819901185], [0.2108674582369622, 0.279383352985358, 0.2389684546062261, 0.2707807340714537], [0.21090497935972632, 0.2625016193573943, 0.24277060498043274, 0.2838227962024466], [0.20572579518066328, 0.27686996090236127, 0.2405449223440226, 0.27685932147295284]], "ideal": "D", "sampled": "C", "correct": false}}
{"type": "result", "data": {"idx": 21, "options": ["Both 35Cl and 37Cl have I = 0.", "The hydrogen atom undergoes rapid intermolecular exchange.", "The molecule is not rigid.", "Both 35Cl and 37Cl have electric quadrupole moments."], "probs": [[0.1813544630822979, 0.28536763784415914, 0.2479283213367489, 0.285349577636794], [0.1874048029859057, 0.27703260134224683, 0.240684334581074, 0.29487826099077347], [0.17120976489247777, 0.28677871393109483, 0.24148583049913622, 0.30052569057729117], [0.1723655292491752, 0.2393513052932958, 0.2712126278019408, 0.3170705375555882]], "ideal": "D", "sampled": "B", "correct": false}}
{"type": "result", "data": {"idx": 22, "options": ["1.0 \u00d7 10^\u22123", "1.0 \u00d7 10^\u22126", "1.0 \u00d7 10^\u22129", "4.0 \u00d7 10^\u22129"], "probs": [[0.17291197436677785, 0.2851406676058042, 0.294203315559461, 0.24774404236795694], [0.15531051620213332, 0.2642424185084035, 0.29022122291467795, 0.2902258422747852], [0.1649459601822094, 0.24003528890278067, 0.32301753848384374, 0.2720012123311662], [0.2041111801178529, 0.306467952478215, 0.258082863760711, 0.2313380035432211]], "ideal": "D", "sampled": "A", "correct": false}}
{"type": "result", "data": {"idx": 23, "options": ["hexane", "2-methylpentane", "3-methylpentane", "2,3-dimethylbutane"], "probs": [[0.1539025868248956, 0.26183750193462296, 0.28756611698718015, 0.2966937941533013], [0.17459989822251173, 0.28343474439774685, 0.254066105846001, 0.2878992514337404], [0.17171172073457874, 0.24218226559343248, 0.24986648183945745, 0.33623953173253135], [0.16223006190570227, 0.25928011920362887, 0.28924328516874026, 0.2892465336219286]], "ideal": "B", "sampled": "B", "correct": true}}
{"type": "result", "data": {"idx": 24, "options": ["Metallic element", "Sulfide", "Fluoride", "Oxide"], "probs": [[0.1655446290804304, 0.319123417107141, 0.20604029295768272, 0.3092916607547459], [0.13230798940068642, 0.21144744436641866, 0.34860982967988685, 0.3076347364530081], [0.20959681270410746, 0.36788722869055196, 0.20961405334760702, 0.21290190515773355], [0.23317580169907498, 0.36118381922684956, 0.193326383312561, 0.21231399566151446]], "ideal": "D", "sampled": "D", "correct": true}}
{"type": "result", "data": {"idx": 25, "options": ["17O", "19F", "29Si", "31P"], "probs": [[0.1717856202581755, 0.24609921503438414, 0.26609912115507, 0.3160160434523703], [0.1412612199642064, 0.2558280825359101, 0.2990950047670723, 0.30381569263281116], [0.1833235472257396, 0.3022955953772564, 0.23913292584412107, 0.2752479314528829], [0.18242874065133874, 0.2654754339850653, 0.24171386247157264, 0.3103819627920233]], "ideal": "A", "sampled": "D", "correct": false}}
{"type": "result", "data": {"idx": 26, "options": ["I only", "III only", "I and III only", "I, II, and III"], "probs": [[0.15950513122133478, 0.3172579156626587, 0.2799957138019308, 0.24324123921407573], [0.1634667217568009, 0.3302545845178321, 0.31515058871932417, 0.19112810490604282], [0.18124650826748673, 0.42810750431860983, 0.22560498261550158, 0.16504100469840183], [0.1691959573518734, 0.32112817517609027, 0.2923997211581256, 0.21727614621391067]], "ideal": "D", "sampled": "D", "correct": true}}
{"type": "result", "data": {"idx": 27, "options": ["3.41 ppm", "3.98 ppm", "4.33 ppm", "4.62 ppm"], "probs": [[0.2037285866927465, 0.29646765411419734, 0.2828982086865983, 0.21690555040645784], [0.18912583024023677, 0.28842954965241674, 0.2795572197289688, 0.24288740027837769], [0.17851724260801785, 0.3037155658810277, 0.29900778228057856, 0.2187594091303758], [0.2120644088752276, 0.33367561296238774, 0.25187232337243953, 0.20238765468994513]], "ideal": "D", "sampled": "A", "correct": false}}
{"type": "result", "data": {"idx": 28, "options": ["I only", "I and II only", "I and III only", "I, II, and III"], "probs": [[0.1729596853083266, 0.3334549963140819, 0.26796799895467904, 0.2256173193229125], [0.16676221536912575, 0.32149964194513797, 0.3369539028266284, 0.1747842397591079], [0.2092175687990078, 0.40334610323987724, 0.2193073085040797, 0.16812901935703525], [0.220526494942115, 0.34162728957016464, 0.26607840457644416, 0.1717678108112762]], "ideal": "D", "sampled": "D", "correct": true}}
{"type": "result", "data": {"idx": 29, "options": ["1.5 M", "0.15 M", "0.067 M", "0.015 M"], "probs": [[0.21502206897042606, 0.3228369306772433, 0.24369859329858382, 0.21844240695374684], [0.2019102841129112, 0.3031639411270851, 0.2513335905519089, 0.24359218410809483], [0.21262401246209506, 0.3293769709900727, 0.2093705527744021, 0.24862846367343014], [0.20957200155755248, 0.30024696136638923, 0.2489218526142873, 0.24125918436177096]], "ideal": "C", "sampled": "B", "correct": false}}
{"type": "result", "data": {"idx": 30, "options": ["Accurate but not precise", "Precise but not accurate", "Both accurate and precise", "Neither accurate nor precise"], "probs": [[0.22182385621236808, 0.28488469120991483, 0.2848832010937956, 0.20840825138392144], [0.23169668016500936, 0.3118222653553992, 0.22111424801522683, 0.23536680636436463], [0.20798683223930575, 0.2933535496115548, 0.2629569070491174, 0.235702711000022], [0.2255249518440913, 0.2941946851527935, 0.24389994541799095, 0.23638041748512426]], "ideal": "B", "sampled": "C", "correct": false}}
{"type": "result", "data": {"idx": 31, "options": ["500 MHz = 0.185 mT = 0.29842 cm-1", "500 MHz = 16.850 mT = 0.01667 cm-1", "500 MHz = 32.953 mT = 0.76298 cm-1", "500 MHz = 45.672 mT = 2.86329 cm-1"], "probs": [[0.1393286329168416, 0.2644778270599361, 0.2771780871226797, 0.31901545280054255], [0.1433910088577226, 0.27647679217444376, 0.27648737199857504, 0.3036448268692586], [0.15829320175494138, 0.2912385425787685, 0.24525728031840605, 0.30521097524788404], [0.15422202756453854, 0.283742700452203, 0.250409193275338, 0.3116260786079204]], "ideal": "C", "sampled": "D", "correct": false}}
{"type": "result", "data": {"idx": 32, "options": ["Al(s) + 3 NaNO3(aq) 3 Na(s) + Al(NO3)3(aq)", "Zn(s) + 2 Ag(NO3)(aq) \u2192 2 Ag(s) + Zn(NO3)2(aq)", "Pb(s) + Ca(NO3)2(aq) \u2192 Ca(s) + Pb(NO3)2(aq)", "Pb(s) + 2 LiNO3(aq) \u2192 2 Li(s) + Pb(NO3)2(aq)"], "probs": [[0.17931653290212293, 0.2821561353795282, 0.27347662634682807, 0.26505070527152075], [0.18466612694800982, 0.2772702574452649, 0.2816391288952522, 0.25642448661147305], [0.18620534516805026, 0.283988450200597, 0.275251034995971, 0.25455516953538176], [0.17775926157848193, 0.2753725144459223, 0.284115442298593, 0.2627527815770028]], "ideal": "B", "sampled": "D", "correct": false}}
{"type": "result", "data": {"idx": 33, "options": ["Its 1H spectrum is a singlet.", "Its protons are quite strongly shielded.", "It dissolves in most organic solvents.", "Most organic compounds do not contain silicon atoms."], "probs": [[0.11513165270640106, 0.2678127983084134, 0.2677982845784934, 0.3492572643066921], [0.13165996654445297, 0.2539071071407005, 0.26195442035747435, 0.35247850585737217], [0.13021860821407302, 0.25506180142203727, 0.2550500593071927, 0.35966953095669696], [0.12172119136843013, 0.24598678577486313, 0.2744108099303789, 0.3578812128263278]], "ideal": "D", "sampled": "B", "correct": false}}
{"type": "result", "data": {"idx": 34, "options": ["g = 2.002", "g = 1.950", "g = 2.250", "g = 2.005"], "probs": [[0.19537508485747665, 0.27557715770826685, 0.23571050164726634, 0.29333725568699015], [0.18695713856372967, 0.2516310848287108, 0.2807127874915146, 0.2806989890160449], [0.19469203962846643, 0.2877957734834714, 0.23858772994910785, 0.27892445683895434], [0.19417331532165846, 0.2825817381283663, 0.24937198310468386, 0.2738729633452914]], "ideal": "A", "sampled": "D", "correct": false}}
{"type": "result", "data": {"idx": 35, "options": ["2.166 x 10^-34 J s", "3.691 x 10^-34 J s", "4.185 x 10^-34 J s", "5.493 x 10^-34 J s"], "probs": [[0.17690231167845638, 0.25745430969784505, 0.2872412247257468, 0.27840215379795175], [0.17682524986807774, 0.261398784450415, 0.26553901235967836, 0.29623695322182897], [0.17212315622680532, 0.2466252484689531, 0.292895423164191, 0.2883561720400506], [0.17694642438965746, 0.2615784821358326, 0.27415568859319744, 0.28731940478131246]], "ideal": "C", "sampled": "A", "correct": false}}
{"type": "result", "data": {"idx": 36, "options": ["0.5 T", "1.2 T", "2.9 T", "100 T"], "probs": [[0.1791961720047288, 0.2909333537645286, 0.2690770746085864, 0.2607933995221562], [0.18032573576997088, 0.30681199983795016, 0.2504271417351193, 0.26243512255695967], [0.17199325303513585, 0.27490010445200014, 0.3066836549529169, 0.24642298745994712], [0.1772072490456407, 0.3416540971303179, 0.24996178222126242, 0.23117687150277896]], "ideal": "C", "sampled": "A", "correct": false}}
{"type": "result", "data": {"idx": 37, "options": ["0.0471 Hz", "21.2 Hz", "42.4 Hz", "66.7 Hz"], "probs": [[0.17069090682728658, 0.30914666568724336, 0.29041757360307735, 0.2297448537823927], [0.1511825024930452, 0.26955515143559944, 0.3054520785503111, 0.27381026742104425], [0.12707517875244415, 0.19684997762186535, 0.42330236673766125, 0.2527724767880292], [0.16867082806715986, 0.3861738625922904, 0.24165675811566042, 0.2034985511248893]], "ideal": "B", "sampled": "A", "correct": false}}
{"type": "result", "data": {"idx": 38, "options": ["3.691 x 10^-34 J s", "4.185 x 10^-34 J s", "5.493 x 10^-34 J s", "8.370 x 10^-34 J s"], "probs": [[0.18996675951517933, 0.24397243956395104, 0.24783042452999302, 0.31823037629087664], [0.18020703849757572, 0.22785001311854866, 0.27059375430638444, 0.3213491939774912], [0.1849504355916075, 0.22313692498547888, 0.28208910575402857, 0.30982353356888503], [0.1845303342632002, 0.22969647313114064, 0.28144651184663644, 0.3043266806590227]], "ideal": "A", "sampled": "A", "correct": true}}
{"type": "result", "data": {"idx": 39, "options": ["HCl", "AgCl", "CaCl2", "CCl4"], "probs": [[0.21024991256503944, 0.24970230085584486, 0.2742479700432954, 0.26579981643582035], [0.2224052912491269, 0.2683000942289778, 0.23677770006606597, 0.2725169143558293], [0.19500073207452756, 0.2543543501136356, 0.2624328355993803, 0.2882120821124565], [0.18298551983748443, 0.25013674048475687, 0.2834425652769652, 0.2834351743007935]], "ideal": "A", "sampled": "B", "correct": false}}
{"type": "result", "data": {"idx": 40, "options": ["Binding energy per nucleon reaches a maximum for 56Fe.", "Nuclear binding energies have about the same magnitude as chemical bond energies.", "Nuclei have slightly less mass than the sum of their component nucleons.", "The nuclei of heavy elements have more neutrons than protons in order to provide sufficient binding energy to hold the nuclei together."], "probs": [[0.10762940987639652, 0.2792272435878979, 0.2314869154154387, 0.38165643102026686], [0.11453114937893555, 0.29713412452198235, 0.2242861637780904, 0.3640485622209917], [0.11247877440285114, 0.31552519450831645, 0.23084319437689257, 0.3411528366119398], [0.12282675032937301, 0.2901387279221565, 0.22596027459836032, 0.36107424705011015]], "ideal": "B", "sampled": "D", "correct": false}}
{"type": "result", "data": {"idx": 41, "options": ["0.375 mT", "3.75 G", "2.35 mT", "0.58 G"], "probs": [[0.2032507359778286, 0.2452015876524818, 0.26930871603180023, 0.28223896023788936], [0.20000773666289107, 0.26500505206319064, 0.25287839767788295, 0.28210881349603534], [0.1974977015505734, 0.2496929242865769, 0.2785616301783005, 0.2742477438845492], [0.19870256783457688, 0.2846732650509933, 0.21827244105920668, 0.2983517259552232]], "ideal": "D", "sampled": "A", "correct": false}}
{"type": "result", "data": {"idx": 42, "options": ["NH3", "NH2\u2212", "NH4+", "N2H4"], "probs": [[0.19755453476325616, 0.2617567064311096, 0.25769131221170316, 0.28299744649393105], [0.2308437376983588, 0.31556507941905076, 0.1662880927158007, 0.2873030900667897], [0.19728922841960214, 0.2380070239067489, 0.24942432341465565, 0.3152794241589933], [0.22294960420359108, 0.3400017472762395, 0.1763857830758936, 0.2606628653442758]], "ideal": "B", "sampled": "A", "correct": false}}
{"type": "result", "data": {"idx": 43, "options": ["n\u03b1 = n\u03b2eq and n\u03b2 = n\u03b1eq", "n\u03b1 = n\u03b1eq and n\u03b2 = n\u03b2eq", "n\u03b1 = \u00bd(n\u03b1eq + n\u03b2eq) and n\u03b2 = \u00bd(n\u03b1eq + n\u03b2eq)", "n\u03b1 = n\u03b1eq + n\u03b2eq and n\u03b2 = n\u03b1eq + n\u03b2eq"], "probs": [[0.18422523688099024, 0.318373242536335, 0.2681053360463895, 0.22929618443628533], [0.2087989927440549, 0.32854253539946265, 0.2403715288454059, 0.22228694291107656], [0.25457703305985774, 0.3373270231944649, 0.1834063922160327, 0.2246895514296447], [0.17747224168815806, 0.22792422297959172, 0.3019597665049565, 0.2926437687272937]], "ideal": "A", "sampled": "C", "correct": false}}
{"type": "result", "data": {"idx": 44, "options": ["Q = 1012", "Q = 2012", "Q = 3012", "Q = 6012"], "probs": [[0.1567373667046073, 0.2928823108906112, 0.27089415612457224, 0.2794861661802093], [0.14924364012840513, 0.2702977697325324, 0.27889937575202756, 0.3015592142870349], [0.16026627538192154, 0.2769688285023516, 0.2769894219065057, 0.28577547410922116], [0.1587701785039137, 0.2966826050188274, 0.27014843431836266, 0.2743987820588962]], "ideal": "D", "sampled": "A", "correct": false}}
{"type": "result", "data": {"idx": 45, "options": ["7.73 kHz", "30.7 kHz", "91.6 kHz", "122 kHz"], "probs": [[0.19175340804785462, 0.321196833852502, 0.26628816918714804, 0.22076158881249536], [0.18310036036180846, 0.29726267300945186, 0.2881223304001804, 0.23151463612855921], [0.16798021147926026, 0.30902314643486334, 0.31389740574048275, 0.20909923624539367], [0.18746661765289907, 0.3503040283749292, 0.25629167293677846, 0.20593768093539327]], "ideal": "A", "sampled": "A", "correct": true}}
{"type": "result", "data": {"idx": 46, "options": ["0.050 M AlCl3", "0.100 M NaCl", "0.050 M CaCl2", "0.100 M HCl"], "probs": [[0.16497930882711473, 0.2678314447135123, 0.2636847793792254, 0.3035044669801476], [0.16271046565140293, 0.25205187860359063, 0.2811895184896054, 0.304048137155401], [0.16272452472013196, 0.26833137867151585, 0.26008278128884155, 0.3088613152195106], [0.16554275400089943, 0.24854983757260216, 0.28608626550683935, 0.29982114281965905]], "ideal": "A", "sampled": "B", "correct": false}}
{"type": "result", "data": {"idx": 47, "options": ["3.72 mT", "5.18 mT", "17.0 mT", "23.3 mT"], "probs": [[0.2011017412074493, 0.2972612469274939, 0.2664738078588149, 0.23516320390624187], [0.20152196286093607, 0.32716622945374885, 0.2356554269554994, 0.2356563806298157], [0.18092822757151103, 0.2846888857096523, 0.29835944920239293, 0.23602343741644377], [0.20035744009931183, 0.36286694348501836, 0.21668087266723443, 0.22009474364843537]], "ideal": "B", "sampled": "A", "correct": false}}
{"type": "result", "data": {"idx": 48, "options": ["Blackbody radiation curves", "Emission spectra of diatomic molecules", "Electron diffraction patterns", "Temperature dependence of reaction rates"], "probs": [[0.18519829763701187, 0.28244540934257745, 0.2269683696689245, 0.30538792325148617], [0.17253102412862045, 0.27147346179215526, 0.21814765494200536, 0.3378478590372189], [0.1486462122938199, 0.23757910298024032, 0.27346737412463, 0.34030731050130975], [0.17272990940274044, 0.2804229259210544, 0.2436495423073306, 0.3031976222688746]], "ideal": "A", "sampled": "A", "correct": true}}
{"type": "result", "data": {"idx": 49, "options": ["150 mCi", "38 mCi", "19 mCi", "9.4 mCi"], "probs": [[0.19334237851779548, 0.3289397456597092, 0.24445886145945173, 0.2332590142630436], [0.18670761960620505, 0.2984104872398891, 0.2674990434677701, 0.2473828495861358], [0.16023865398008724, 0.260133451781475, 0.35006022300257456, 0.2295676711358632], [0.20052604972878682, 0.4312771090814466, 0.17978980181177043, 0.18840703927799612]], "ideal": "D", "sampled": "A", "correct": false}}
{"type": "result", "data": {"idx": 50, "options": ["3", "2", "1", "0"], "probs": [[0.17982958791333972, 0.29192061099234484, 0.27855644457405104, 0.24969335642026438], [0.19875286212083162, 0.3434469606203289, 0.22174928911788794, 0.2360508880409515], [0.19678961618316496, 0.3194545947942132, 0.22302148740839645, 0.2607343015142254], [0.17364459969386595, 0.30006643679618616, 0.2487692646616887, 0.2775196987482592]], "ideal": "C", "sampled": "C", "correct": true}}
{"type": "result", "data": {"idx": 51, "options": ["Na2CO3", "Na3PO4", "Na2S", "NaCl"], "probs": [[0.2343582852982341, 0.2614772798689219, 0.23439093374094708, 0.26977350099189695], [0.227233529068158, 0.25353506204930776, 0.25353658196774936, 0.2656948268147849], [0.22453026805853055, 0.2625415662047219, 0.25847357894091294, 0.25445458669583454], [0.2317043668020252, 0.27093098526488074, 0.25451536067895847, 0.24284928715413556]], "ideal": "D", "sampled": "A", "correct": false}}
{"type": "result", "data": {"idx": 52, "options": ["15.5 MHz = 11.104 mT = 27.201 Gauss = 0.862 x 10^-4 cm-1", "15.5 MHz = 7.352 mT = 10.104 Gauss = 18.39 x 10^-4 cm-1", "15.5 MHz = 1.55 mT = 0.562 Gauss = 31.0 x 10^-4 cm-1", "15.5 MHz = 0.553 mT = 5.530 Gauss = 5.17 x 10^-4 cm-1"], "probs": [[0.2088312506466889, 0.30396270748913495, 0.21894836423591765, 0.26825767752825846], [0.18880183992882033, 0.31631195542033413, 0.22431387004993342, 0.2705723345009121], [0.17742288639627557, 0.32139481068600384, 0.23885411733545828, 0.26232818548226233], [0.20602616096579826, 0.3293493536984598, 0.21600615451587543, 0.2486183307198665]], "ideal": "B", "sampled": "A", "correct": false}}
{"type": "result", "data": {"idx": 53, "options": ["Cu", "Gd", "Eu", "Am"], "probs": [[0.1800239383994323, 0.2702889442173559, 0.26198539135220417, 0.2877017259310077], [0.18812671390330693, 0.2492687516209994, 0.2572141097814339, 0.3053904245942598], [0.17576446423104192, 0.24790614459000176, 0.24792661878639533, 0.328402772292561], [0.1643027565134519, 0.26672951774734166, 0.2667441506867604, 0.3022235749524461]], "ideal": "A", "sampled": "B", "correct": false}}
{"type": "result", "data": {"idx": 54, "options": ["0.95", "0.85", "0.15", "0.65"], "probs": [[0.19566759465168262, 0.29377526041907825, 0.2592702805736671, 0.251286864255572], [0.21810832942492708, 0.3173937546501124, 0.2286245260699131, 0.2358733897550474], [0.20114030241654027, 0.30199200361915485, 0.2464969492680242, 0.25037074459628067], [0.19400175825796365, 0.2958615631802586, 0.2570682389160747, 0.253068439545703]], "ideal": "C", "sampled": "C", "correct": true}}
{"type": "result", "data": {"idx": 55, "options": ["rate of fluorescence emission", "number of photons emitted", "number of photons emitted, divided by the number of photons absorbed", "number of excitation photons impinging on the sample, divided by the number of photons absorbed"], "probs": [[0.12127284117863114, 0.22663474279124726, 0.29558094555021996, 0.3565114703799016], [0.15971402346342997, 0.3489361301032613, 0.23609665820333758, 0.25525318812997116], [0.23363960928905697, 0.340034062529862, 0.17366873957463785, 0.25265758850644315], [0.15936089035350573, 0.250780977306947, 0.2628094632007963, 0.327048669038751]], "ideal": "C", "sampled": "C", "correct": true}}
{"type": "result", "data": {"idx": 56, "options": ["Large and positive g shifts are observed when the LUMO \u2013 HOMO gap is small and \u03bb is positive.", "Large deviations in g occurs when the energy difference between the SOMO and lowest lying excited state is large.", "A large deviation of g from ge is expected when \u03bb is large and the energy difference between the SOMO and the lowest lying excited state is small.", "A small deviation of g from ge is expected when \u03bb is small and positive."], "probs": [[0.18161268938080163, 0.27278922359663915, 0.2685534495708938, 0.2770446373516654], [0.17881121696796393, 0.2770937300317436, 0.2445256636933638, 0.2995693892069287], [0.1637516493000497, 0.27438027072755894, 0.27436164427579096, 0.2875064355966004], [0.1635355326023727, 0.2740437890347819, 0.2614783839231307, 0.3009422943397147]], "ideal": "C", "sampled": "A", "correct": false}}
{"type": "result", "data": {"idx": 57, "options": ["[\u0263 (205TI = 1.569 x 108 T-1 s-1, I = \u00bd]", "0.717 x 10^-26 J T-1", "0.827 x 10^-26 J T-1", "1.433 x 10^-26 J T-1"], "probs": [[0.17464212290796083, 0.28357555191770645, 0.25820975338873153, 0.2835725716856012], [0.09228262728129377, 0.19850816854815584, 0.2756233862183855, 0.4335858178521649], [0.09186812291824781, 0.21034681558572724, 0.3869090012466833, 0.3108760601493416], [0.1523814133082799, 0.3488991104209609, 0.24741980815053238, 0.25129966802022685]], "ideal": "C", "sampled": "A", "correct": false}}
{"type": "result", "data": {"idx": 58, "options": ["3.74 T", "5.19 T", "6.08 T", "9.49 T"], "probs": [[0.22033311929586546, 0.2874204089613248, 0.25765134729917183, 0.2345951243436379], [0.20099585654793245, 0.26632903214096715, 0.2663360058847169, 0.2663391053263835], [0.19712701437886213, 0.2653108238908578, 0.29598712918182707, 0.24157503244845296], [0.21976853397236407, 0.30043931155356346, 0.253002327044444, 0.2267898273296285]], "ideal": "A", "sampled": "A", "correct": true}}
{"type": "result", "data": {"idx": 59, "options": ["MgO", "MgS", "NaF", "NaCl"], "probs": [[0.19592363838496119, 0.25556999061576885, 0.2806853013847925, 0.26782106951447743], [0.16388657687455677, 0.2422418296094886, 0.3062160610846433, 0.28765553233131136], [0.16463276742242527, 0.24717953798683295, 0.3124567567989698, 0.275730937691772], [0.1990812628988402, 0.2852133299188707, 0.26792333325816187, 0.24778207382412717]], "ideal": "A", "sampled": "A", "correct": true}}
{"type": "result", "data": {"idx": 60, "options": ["CH3F", "CH3Cl", "CH3Br", "CH3I"], "probs": [[0.18612814225076224, 0.24279307188337618, 0.316645269312267, 0.2544335164535946], [0.18368515644151667, 0.2286308590635142, 0.33263886467228176, 0.25504511972268734], [0.18476796699011291, 0.2410181981387578, 0.3294138410183344, 0.2447999937527949], [0.18021241365694168, 0.23143164010808123, 0.342012653972657, 0.24634329216232007]], "ideal": "B", "sampled": "B", "correct": true}}
{"type": "result", "data": {"idx": 61, "options": ["10.8 x 10^-5", "4.11 x 10^-5", "3.43 x 10^-5", "1.71 x 10^-5"], "probs": [[0.16820673405982337, 0.24103343790098491, 0.2999903782895012, 0.2907694496496905], [0.16946150865831644, 0.23535873694923531, 0.30223111215880494, 0.2929486421336433], [0.17565305267524958, 0.24017285940372002, 0.2989245608310311, 0.28524952698999934], [0.17733288602245745, 0.22778322818608668, 0.3113684197070554, 0.28351546598440047]], "ideal": "D", "sampled": "D", "correct": true}}
{"type": "result", "data": {"idx": 62, "options": ["14N", "2H", "19F", "6Li"], "probs": [[0.2060068757926116, 0.28162760378964596, 0.22629477755831057, 0.28607074275943184], [0.19282727228899643, 0.285021279500552, 0.2326264415840106, 0.2895250065264409], [0.18520461296978183, 0.269516203816347, 0.24926039945464792, 0.29601878365922324], [0.19844519498613278, 0.3171777630376209, 0.22141962581388394, 0.26295741606236234]], "ideal": "B", "sampled": "A", "correct": false}}
{"type": "result", "data": {"idx": 63, "options": ["II only", "I and II only", "I and III only", "I, II, and III"], "probs": [[0.19482874868352004, 0.3163026868980725, 0.2425461709256813, 0.24632239339272616], [0.16659677523487118, 0.31130884022308175, 0.3419348103042682, 0.18015957413777883], [0.23446540532151652, 0.4052112698149781, 0.19141995904915635, 0.16890336571434897], [0.2297384670224982, 0.3615091931008632, 0.22980620769925983, 0.17894613207737875]], "ideal": "D", "sampled": "D", "correct": true}}
{"type": "result", "data": {"idx": 64, "options": ["Nuclear magnetic resonance", "Infrared", "Raman", "Ultraviolet-visible"], "probs": [[0.1246400512523004, 0.2479179873194132, 0.2990305810578823, 0.32841138027040406], [0.1313370634683322, 0.25718802594336965, 0.32006589051958867, 0.29140901996870944], [0.13129971603925764, 0.2531229185616796, 0.3005807966212573, 0.31499656867780546], [0.16092841085779097, 0.2914500192790343, 0.26954051447884186, 0.27808105528433286]], "ideal": "C", "sampled": "D", "correct": false}}
{"type": "result", "data": {"idx": 65, "options": ["Momentum is known exactly, but no information about position can be known.", "Position is known exactly, but no information about momentum can be known.", "No information about either position or momentum can be known.", "Neither position nor momentum can be known exactly."], "probs": [[0.1831021077851191, 0.2623347522502429, 0.26646291015778584, 0.2881002297068522], [0.22442516682287914, 0.3265978991658723, 0.2209872007149008, 0.22798973319634774], [0.2281316680601591, 0.35897595527301923, 0.19517579999546703, 0.2177165765713546], [0.22865411636927022, 0.3029774427110963, 0.22870083150960824, 0.23966760931002523]], "ideal": "D", "sampled": "D", "correct": true}}
{"type": "result", "data": {"idx": 66, "options": ["2 HBr(g) \u2192 H2(g) + Br2(l)", "HBr(g) \u2192 H+(g) + Br\u2212(g)", "H(g) + Br(g) \u2192 HBr(g)", "HBr(g) \u2192 H(g) + Br(g)"], "probs": [[0.20088783203869606, 0.33126366628766946, 0.21387596744955584, 0.25397253412407866], [0.14879293516589004, 0.23781397581979755, 0.3353587636707825, 0.27803432524352995], [0.18003642288975974, 0.331195915737472, 0.2348460668858574, 0.2539215943869109], [0.16722876076003823, 0.2631341320658248, 0.29816142480361385, 0.2714756822705231]], "ideal": "D", "sampled": "D", "correct": true}}
{"type": "result", "data": {"idx": 67, "options": ["101.1 x 10^7 T-1 s-1", "26.75 x 10^7 T-1 s-1", "7.081 x 10^7 T-1 s-1", "0.9377 x 10^7 T-1 s-1"], "probs": [[0.15929780661513154, 0.279657091475519, 0.30239086889594524, 0.2586542329134042], [0.16967653973675936, 0.3073399318843714, 0.27984392223176474, 0.24313960604710447], [0.16859692333442816, 0.3006556927857151, 0.2695107459752462, 0.2612366378046106], [0.156678067976633, 0.2750657539549443, 0.2974325164472532, 0.27082366152116943]], "ideal": "C", "sampled": "C", "correct": true}}
{"type": "result", "data": {"idx": 68, "options": ["simple harmonic oscillator", "particle in a one-dimensional box", "rigid rotor", "helium atom"], "probs": [[0.24006949005006895, 0.2477262877018936, 0.1990536421479364, 0.31315058000010104], [0.22596689576483145, 0.2295590741505724, 0.2156493759974976, 0.3288246539870986], [0.21095069064997174, 0.21430373509027908, 0.24283472062952943, 0.33191085353021976], [0.2202312350052901, 0.2419085800405827, 0.22725161907784552, 0.31060856577628165]], "ideal": "D", "sampled": "A", "correct": false}}
{"type": "result", "data": {"idx": 69, "options": ["1.5R", "2R", "2.5R", "3.5R"], "probs": [[0.23370755858308162, 0.2607818206767455, 0.25275429704114044, 0.25275632359903244], [0.21807476226072015, 0.2590309006005507, 0.24716158962276796, 0.2757327474159612], [0.20508184989116296, 0.22528441059687865, 0.28926677333898687, 0.2803669660729715], [0.2418396734675373, 0.26985513759156904, 0.23081184577404262, 0.257493343066851]], "ideal": "D", "sampled": "A", "correct": false}}
{"type": "result", "data": {"idx": 70, "options": ["B", "Al", "In", "Tl"], "probs": [[0.23780778829438273, 0.30065061743082305, 0.21997401950621218, 0.24156757466858206], [0.20115166309632485, 0.30200110232795196, 0.2464932909283889, 0.25035394354733426], [0.19419612567259406, 0.29615462705972484, 0.22707115788189272, 0.28257808928578837], [0.20083799956220685, 0.27888098356319163, 0.24999910590532845, 0.27028191086927306]], "ideal": "D", "sampled": "B", "correct": false}}
{"type": "result", "data": {"idx": 71, "options": ["electron distribution", "dipole moment", "force constant", "reduced mass"], "probs": [[0.20793807504481898, 0.23937845227708754, 0.2547987997277092, 0.2978846728503843], [0.17780609857413723, 0.2111983173160166, 0.26282124142276153, 0.34817434258708463], [0.177061617356714, 0.21031180022043916, 0.2919732629960865, 0.32065331932676033], [0.1794775059406171, 0.2378142880178529, 0.2913600336331847, 0.2913481723083453]], "ideal": "D", "sampled": "A", "correct": false}}
