{"type": "result", "data": {"idx": 0, "options": ["k = 0 and n = 1", "k = 1 and n = 0", "k = n = 1", "k > 1"], "probs": [[0.21803489975045012, 0.1924640593474584, 0.26721987921962853, 0.32228116158246295], [0.23117951357498098, 0.1887301299165665, 0.28780748579581955, 0.292282870612633], [0.23992957232403114, 0.2362611003722262, 0.2476164699773847, 0.27619285722635795], [0.2564797844344326, 0.1876819319726938, 0.26059205764357696, 0.29524622584929666]], "ideal": "B", "sampled": "D", "correct": false}}
{"type": "result", "data": {"idx": 1, "options": ["0", "1", "2", "3"], "probs": [[0.19591420886941616, 0.2555584311229732, 0.2678323387831838, 0.28069502112442685], [0.21088606117047023, 0.24277493355230637, 0.26250931617972745, 0.28382968899749594], [0.2229414946494528, 0.23005006400579645, 0.26069176971367103, 0.28631667153107976], [0.24070007682569206, 0.24452282088886942, 0.23333057311811842, 0.2814465290673201]], "ideal": "D", "sampled": "C", "correct": false}}
{"type": "result", "data": {"idx": 2, "options": ["n = 1 and r = 6", "n = 1 and r = 7", "n = 2 and r = 5", "n = 2 and r = 6"], "probs": [[0.1852420783494506, 0.18241674380787598, 0.362787319856933, 0.26955385788574043], [0.18805054388700576, 0.19106352896757203, 0.32500804435960945, 0.2958778826858127], [0.1711175288579833, 0.15342880902286624, 0.3797554331856803, 0.2956982288334702], [0.19376763745935946, 0.184942380697235, 0.33488741998844607, 0.2864025617549595]], "ideal": "D", "sampled": "A", "correct": false}}
{"type": "result", "data": {"idx": 3, "options": ["4", "8", "16", "2sqrt(2)"], "probs": [[0.18387573133615906, 0.22889578807020994, 0.2593729379794086, 0.32785554251422244], [0.12991777776862717, 0.18326181569282543, 0.37018466765846403, 0.31663573878008333], [0.19984046815065182, 0.25666492792386747, 0.25267636396926574, 0.290818239856215], [0.2121567545297665, 0.21221446672620453, 0.29006856244779855, 0.2855602161962304]], "ideal": "A", "sampled": "D", "correct": false}}
{"type": "result", "data": {"idx": 4, "options": ["2/69", "1/30", "2/23", "12/125"], "probs": [[0.2124706601498442, 0.23707931801150653, 0.28597225034233364, 0.2644777713963156], [0.21358516274872635, 0.2383278863636295, 0.30601511770474493, 0.2420718330828992], [0.2413471972901753, 0.22677336968856335, 0.28667581505703876, 0.2452036178642226], [0.21197746465336237, 0.22924877577210426, 0.29900391688956446, 0.2597698425849689]], "ideal": "C", "sampled": "C", "correct": true}}
{"type": "result", "data": {"idx": 5, "options": ["(S, +, x) is closed under addition modulo 10.", "(S, +, x) is closed under multiplication modulo 10.", "(S, +, x) has an identity under addition modulo 10.", "(S, +, x) has no identity under multiplication modulo 10."], "probs": [[0.2849988554133429, 0.19291991908647863, 0.2186056459146987, 0.30347557948547976], [0.2946411072913214, 0.17878177760243738, 0.22249001262347243, 0.30408710238276876], [0.297492396951228, 0.1951778414544287, 0.2143584957886857, 0.2929712657056576], [0.29761508547690246, 0.1834269342153665, 0.22125023930915377, 0.29770774089857727]], "ideal": "D", "sampled": "D", "correct": true}}
{"type": "result", "data": {"idx": 6, "options": ["12*sqrt(2)", "6*sqrt(2)", "4*sqrt(2)", "1/(2*sqrt(2))"], "probs": [[0.15953511061845294, 0.17524346630816404, 0.3378183837357556, 0.32740303923762737], [0.1606558185948329, 0.1657835617100914, 0.391550260365354, 0.2820103592297217], [0.2578173279504451, 0.2460571676246634, 0.24224914607963402, 0.2538763582452575], [0.19944655893238689, 0.20581236479608442, 0.30897447463760536, 0.28576660153392336]], "ideal": "C", "sampled": "D", "correct": false}}
{"type": "result", "data": {"idx": 7, "options": ["0", "10%", "25%", "50%"], "probs": [[0.2103030979423028, 0.2537242471918059, 0.2658953666421116, 0.2700772881237796], [0.24466136460035248, 0.20930911910391553, 0.26875690023531473, 0.27727261596041725], [0.26581339629694434, 0.2346241613763885, 0.25368641336326586, 0.24587602886340126], [0.2689103523955602, 0.20946918737982903, 0.2526625730241386, 0.2689578871004722]], "ideal": "C", "sampled": "D", "correct": false}}
{"type": "result", "data": {"idx": 8, "options": ["None", "I only", "II only", "III only"], "probs": [[0.23274641430274984, 0.2596842723731076, 0.2989115505787304, 0.2086577626454122], [0.24892700464241907, 0.24131063395379965, 0.28659229613679826, 0.223170065166983], [0.24288925526097413, 0.242916434978989, 0.2930258214180699, 0.221168488241967], [0.25804304689504587, 0.23133277546040382, 0.3064799560824527, 0.20414422146209762]], "ideal": "C", "sampled": "B", "correct": false}}
{"type": "result", "data": {"idx": 9, "options": ["Every compact space is complete", "Every complete space is compact", "Neither (a) nor (b).", " Both (a) and (b)."], "probs": [[0.23735952450288847, 0.23389907274892985, 0.23760154914854895, 0.2911398534996328], [0.24041076417497304, 0.225957487830686, 0.22952218815525083, 0.30410955973909015], [0.24112543101990824, 0.2609240671593681, 0.24893837793754078, 0.24901212378318285], [0.25689622374444865, 0.2571538052129815, 0.21651766869469444, 0.26943230224787545]], "ideal": "A", "sampled": "A", "correct": true}}
{"type": "result", "data": {"idx": 10, "options": ["10", "20", "25", "45"], "probs": [[0.24592876431866884, 0.23839792606830804, 0.25379806754435286, 0.26187524196867024], [0.2284347780844056, 0.21462500732853548, 0.2589103656423571, 0.29802984884470185], [0.2388070140963715, 0.21746135209960868, 0.24643859977987076, 0.297293033924149], [0.23825052378179323, 0.22385188934948677, 0.2458724677316841, 0.2920251190370359]], "ideal": "D", "sampled": "A", "correct": false}}
{"type": "result", "data": {"idx": 11, "options": ["1/64", "15/64", "1/4", "3/8"], "probs": [[0.22872645809856929, 0.20187928969809296, 0.28470864464909895, 0.2846856074542388], [0.2569896876554991, 0.21984539923853638, 0.277918964596613, 0.24524594840935143], [0.2695373078773287, 0.2234840012411509, 0.28697491544520815, 0.2200037753363122], [0.2607669713489578, 0.2450042555234289, 0.23748112150971482, 0.25674765151789847]], "ideal": "B", "sampled": "D", "correct": false}}
{"type": "result", "data": {"idx": 12, "options": ["0", "1", "2", "3"], "probs": [[0.22636899208958197, 0.24102589432129382, 0.23728264790085277, 0.2953224655882714], [0.21200992796714724, 0.2293124863071156, 0.2403066378682942, 0.31837094775744296], [0.2018577814453977, 0.20509261502040738, 0.28031174181017793, 0.31273786162401696], [0.2472861633266235, 0.26330500053797645, 0.19566404234407597, 0.29374479369132406]], "ideal": "A", "sampled": "A", "correct": true}}
{"type": "result", "data": {"idx": 13, "options": ["4", "7", "10", "13"], "probs": [[0.2342925781627761, 0.23798979461808625, 0.2782627600412048, 0.2494548670779328], [0.23032659633131178, 0.22676511444513975, 0.26931316059091437, 0.2735951285326341], [0.2001966297484899, 0.20335499056198134, 0.33529497188836066, 0.2611534077011681], [0.23780818635541623, 0.2304975424550578, 0.28242612303094256, 0.2492681480585834]], "ideal": "B", "sampled": "A", "correct": false}}
{"type": "result", "data": {"idx": 14, "options": ["0.64", "0.72", "0.81", "0.95"], "probs": [[0.23490599755593472, 0.22419246387247319, 0.2704465671079015, 0.2704549713636906], [0.21805555276047825, 0.22153044404945108, 0.2889488723271883, 0.27146513076288237], [0.2285761649890227, 0.23221414932947587, 0.2801249879299868, 0.25908469765151465], [0.223005655728416, 0.23012094540263162, 0.2819705051195358, 0.26490289364941655]], "ideal": "D", "sampled": "A", "correct": false}}
{"type": "result", "data": {"idx": 15, "options": ["I only", "II only", "III only", "I and II only"], "probs": [[0.2711226980284337, 0.2355760072767002, 0.2754313092467624, 0.2178699853481037], [0.27282290293962846, 0.23337606984284698, 0.30919032148549475, 0.18461070563202978], [0.3117404142422483, 0.25051294634908433, 0.2544728105496441, 0.18327382875902332], [0.3139879954443107, 0.25629382941106277, 0.2563076576884432, 0.1734105173561833]], "ideal": "D", "sampled": "D", "correct": true}}
{"type": "result", "data": {"idx": 16, "options": ["I only", "II only", "III only", "I and II only"], "probs": [[0.24712850502109637, 0.2590196921432049, 0.2757409122117474, 0.21811089052395127], [0.2538651265526036, 0.24995641780315322, 0.30152208059279023, 0.19465637495145288], [0.2860519630332634, 0.26875880758397575, 0.24857424567499894, 0.1966149836077619], [0.2825147382998446, 0.2654367268369869, 0.26962973459513995, 0.18241880016802858]], "ideal": "B", "sampled": "D", "correct": false}}
{"type": "result", "data": {"idx": 17, "options": ["-1/4", "-1/(4sqrt(2))", "0", "sqrt(2)"], "probs": [[0.1806392574320177, 0.2047212631712655, 0.30731780249734564, 0.3073216767993711], [0.20612259775771113, 0.2160519711731998, 0.2731193777741342, 0.30470605319495486], [0.18073619092372845, 0.2180544636305164, 0.28886585133468956, 0.3123434940110656], [0.23274087556745449, 0.21195344308948758, 0.3036034955733874, 0.25170218566967056]], "ideal": "C", "sampled": "D", "correct": false}}
{"type": "result", "data": {"idx": 18, "options": ["I and II only", "III only", "I and III only", "I, II, and III"], "probs": [[0.2455814595586752, 0.21675377957189818, 0.3105109102332837, 0.22715385053614293], [0.2547377835509092, 0.21453796433285, 0.332310522486605, 0.19841372952963585], [0.2962380007173714, 0.2827127235440913, 0.2574327549463457, 0.16361652069219154], [0.26141113429750257, 0.23804876560645175, 0.28715902991938497, 0.2133810700766607]], "ideal": "D", "sampled": "D", "correct": true}}
{"type": "result", "data": {"idx": 19, "options": ["3", "e", "sqrt(5)", "0"], "probs": [[0.21660461051363586, 0.20035607215147044, 0.2915068138170732, 0.29153250341782044], [0.23209271178446955, 0.21806599522534875, 0.3027466580378258, 0.2470946348523559], [0.26543061736117113, 0.25331209955161443, 0.19421566152646624, 0.2870416214607482], [0.2700115659559496, 0.2136200602550253, 0.24205791226416457, 0.27431046142486054]], "ideal": "A", "sampled": "D", "correct": false}}
{"type": "result", "data": {"idx": 20, "options": ["I only", "II only", "III only", "I, II, and III"], "probs": [[0.24367340995944983, 0.22895626254874898, 0.27194456478966333, 0.25542576260213784], [0.23331746903779843, 0.2158209882838828, 0.3449291134312433, 0.20593242914707546], [0.2903457413478009, 0.2685856938951408, 0.24457767206567055, 0.19649089259138777], [0.2895865569534345, 0.2596447285591325, 0.2637634394991432, 0.18700527488828977]], "ideal": "D", "sampled": "D", "correct": true}}
{"type": "result", "data": {"idx": 21, "options": ["None", "One", "Four", "Five"], "probs": [[0.20636768069443304, 0.20964441638479156, 0.24896534897722705, 0.33502255384354834], [0.24557278316030537, 0.2271570197367897, 0.21677125342194387, 0.3104989435809611], [0.2735087654766745, 0.21303524709702787, 0.22678481715988677, 0.28667117016641086], [0.26883641283262194, 0.20939219307880083, 0.24866845081746078, 0.27310294317111644]], "ideal": "D", "sampled": "D", "correct": true}}
{"type": "result", "data": {"idx": 22, "options": ["I only", "II only", "III only", "I and II only"], "probs": [[0.25620161031316374, 0.26435847663372497, 0.2602799391653098, 0.21915997378780153], [0.26624010597428255, 0.25406791291485176, 0.2879153065343061, 0.19177667447655955], [0.3050963534840372, 0.269273396267288, 0.23765205980469412, 0.18797819034398064], [0.30050833219215267, 0.2736451760468318, 0.24917444589182786, 0.17667204576918766]], "ideal": "B", "sampled": "D", "correct": false}}
{"type": "result", "data": {"idx": 23, "options": ["2/81", "1/18", "2/27", "1/9"], "probs": [[0.26053243872898213, 0.2263929545652971, 0.25654947755155455, 0.2565251290541662], [0.25737445097819855, 0.22018201469258133, 0.29171146698129513, 0.230732067247925], [0.2717962941790908, 0.2398984950510719, 0.2594049053947475, 0.22890030527508984], [0.2741084057696474, 0.2381939107210576, 0.2457739226904022, 0.24192376071889277]], "ideal": "A", "sampled": "D", "correct": false}}
{"type": "result", "data": {"idx": 24, "options": ["True, True", "True, False", "False, True", "False, False"], "probs": [[0.2707846325832803, 0.27512507287642296, 0.2708596450331937, 0.183230649407103], [0.3232258413456879, 0.2722647664156342, 0.25181879465063944, 0.1526905974880385], [0.28461428201566846, 0.27593018368419575, 0.28470684802485735, 0.15474868617527843], [0.24161807830274776, 0.269619758852882, 0.29154732386017046, 0.19721483888419977]], "ideal": "B", "sampled": "B", "correct": true}}
{"type": "result", "data": {"idx": 25, "options": ["I and II only", "I and III only", "II and III only", "III only"], "probs": [[0.2566151656939544, 0.24874620507772113, 0.28188071072085263, 0.21275791840747182], [0.2504127137297042, 0.2504373900537418, 0.2882666120360093, 0.2108832840805447], [0.27397343513610056, 0.2534087598070413, 0.27832737562257315, 0.19429042933428495], [0.26808558293966317, 0.2558402564364979, 0.2639811775431595, 0.21209298298067952]], "ideal": "D", "sampled": "D", "correct": true}}
{"type": "result", "data": {"idx": 26, "options": ["9/2 days", "5 days", "41/8 days", "36/7 days"], "probs": [[0.25727655417704903, 0.20675984073298664, 0.28262632207922544, 0.2533372829107388], [0.27904331681322114, 0.23502224681411374, 0.25813752410214647, 0.22779691217051865], [0.2515495567338713, 0.20858203119445004, 0.3035048959246819, 0.23636351604699682], [0.2730474593834577, 0.23726702794743793, 0.24865930891497734, 0.241026203654127]], "ideal": "D", "sampled": "A", "correct": false}}
{"type": "result", "data": {"idx": 27, "options": ["1/2", "1", "sqrt(2)", "pi"], "probs": [[0.13632900334002263, 0.22475264813754414, 0.32195882924906444, 0.3169595191733688], [0.1630517168054123, 0.26464263785111797, 0.2861600943887218, 0.2861455508547479], [0.20164936177951143, 0.2509657367525149, 0.2843923185662454, 0.26299258280172827], [0.2216252270361472, 0.31747231357308914, 0.20180866420946045, 0.2590937950813032]], "ideal": "A", "sampled": "D", "correct": false}}
{"type": "result", "data": {"idx": 28, "options": ["f has all of its relative extrema on the line x = y.", "f has all of its relative extrema on the parabola x = y^2.", "f has a relative minimum at (0, 0).", "f has an absolute minimum at (2/3, 2/3)."], "probs": [[0.28921100925311666, 0.1838958439627549, 0.2675752381351526, 0.2593179085489758], [0.2939243868604767, 0.1783454540440096, 0.2515161893784391, 0.27621396961707456], [0.27875342546963533, 0.18005723981163527, 0.25793403000138704, 0.2832553046173424], [0.29773486988554215, 0.18065371425075524, 0.2587813254387278, 0.2628300903249748]], "ideal": "A", "sampled": "B", "correct": false}}
{"type": "result", "data": {"idx": 29, "options": ["5", "6", "12", "15"], "probs": [[0.2285244945733382, 0.22855377535551752, 0.2756987552918281, 0.26722297467931616], [0.22395321724559478, 0.2137234508777518, 0.27017903325240106, 0.2921442985242524], [0.19024945226645995, 0.22950018256097265, 0.29011880483948344, 0.29013156023308395], [0.21631461902863502, 0.24513896201458593, 0.26505939965014186, 0.27348701920663715]], "ideal": "B", "sampled": "A", "correct": false}}
{"type": "result", "data": {"idx": 30, "options": ["S(n0 + 1) is not true.", "S(n0 - 1) is not true.", "S(n) is not true for any n <= n0", "S(n) is not true for any n >= n0"], "probs": [[0.27403872794095024, 0.16886274263268766, 0.2698564190914125, 0.2872421102349496], [0.250650696411975, 0.18056922611072315, 0.29771908227449473, 0.2710609951028071], [0.2410064971355964, 0.18195931882766203, 0.2907798929337934, 0.28625429100294814], [0.27320918438086694, 0.17920485137101078, 0.2567068338137458, 0.29087913033437646]], "ideal": "C", "sampled": "D", "correct": false}}
{"type": "result", "data": {"idx": 31, "options": ["(0, 0, 1)", "(3/7, 3/14, 9/14)", "(7/15, 8/15, 1/15)", "(5/6, 1/3, 1/3)"], "probs": [[0.28109389073665375, 0.2481186015463846, 0.2682881892908914, 0.20249931832607032], [0.290132769619204, 0.21565630182423232, 0.29477084558551786, 0.19944008287104587], [0.2630640346461933, 0.1836917454920822, 0.31739486206560913, 0.23584935769611534], [0.2975419759452824, 0.21103145180022406, 0.2667861580581908, 0.22464041409630275]], "ideal": "B", "sampled": "B", "correct": true}}
{"type": "result", "data": {"idx": 32, "options": ["For no such integer n", "For 3, 5, 7, and 11 only", "For 3, 5, 7, 9, and 11 only", "For 4, 6, 8, and 10 only"], "probs": [[0.19078614453019532, 0.3146118678756516, 0.2608188273875891, 0.23378316010656397], [0.32116185179887957, 0.16664252428642076, 0.2541071062680095, 0.25808851754669015], [0.30809413465476254, 0.1728593357372476, 0.25547500680886986, 0.26357152269912], [0.24220601850999243, 0.1564103639504311, 0.33113383750086967, 0.2702497799387068]], "ideal": "B", "sampled": "B", "correct": true}}
{"type": "result", "data": {"idx": 33, "options": ["1", "2", "3", "4"], "probs": [[0.23070035528766275, 0.2380568349412917, 0.2614695092555254, 0.2697733004155201], [0.24018619236373534, 0.2221667104091591, 0.24786023054445053, 0.289786866582655], [0.24861755964654023, 0.20938581226162367, 0.2688737511365953, 0.27312287685524084], [0.2567321917644874, 0.2301700825733732, 0.22661351817646183, 0.28648420738567754]], "ideal": "C", "sampled": "A", "correct": false}}
{"type": "result", "data": {"idx": 34, "options": ["I only", "II only", "III only", "I, II, and III"], "probs": [[0.24080189646467112, 0.23344528226210506, 0.2772583191084014, 0.24849450206482243], [0.24461802805707616, 0.2227618677847466, 0.345047077206861, 0.1875730268513162], [0.3257757528828195, 0.27438847572512487, 0.21706882313293194, 0.18276694815912364], [0.3108870433092224, 0.270177368348304, 0.24988429618190752, 0.16905129206056607]], "ideal": "D", "sampled": "D", "correct": true}}
{"type": "result", "data": {"idx": 35, "options": ["x^2 + y^2 + z^2 + 8 = 6y", "(x^2 + y^2 + z^2)^2 = 8 + 36(x^2 + z^2)", "(x^2 + y^2 + z^2 + 8)^2 = 36(x^2 + z^2)", "(x^2 + y^2 + z^2 + 8)^2 = 36(x^2 + y^2)"], "probs": [[0.2355136047221229, 0.1593978750366874, 0.29782886197654945, 0.30725965816464024], [0.29462526123632976, 0.17597458289218276, 0.2812323951807241, 0.24816776059076331], [0.2523112968046868, 0.15070111007080797, 0.2729135534762683, 0.32407403954823694], [0.22426311516087438, 0.12781614825735738, 0.31637417172452115, 0.3315465647572471]], "ideal": "D", "sampled": "B", "correct": false}}
{"type": "result", "data": {"idx": 36, "options": ["y = 2x + 1", "y = 2x", "y = x + 2", "y = x + 1"], "probs": [[0.19362029431314223, 0.21945169565867312, 0.2774391472062191, 0.3094888627219655], [0.17372124154203264, 0.1968957810934549, 0.3196176337819206, 0.3097653434825919], [0.1916484540771186, 0.21384875371040576, 0.31118536654092127, 0.2833174255715543], [0.19284082947233122, 0.22201226649448424, 0.2720393240179773, 0.31310757991520716]], "ideal": "A", "sampled": "A", "correct": true}}
{"type": "result", "data": {"idx": 37, "options": ["2", "3", "4", "5"], "probs": [[0.23614748958152162, 0.1839375319306267, 0.3080515815299916, 0.27186339685786004], [0.23674021658914182, 0.19629438219491677, 0.27682435509774483, 0.29014104601819657], [0.21714567165234305, 0.16393847029036904, 0.3311720342079019, 0.28774382374938595], [0.26006761190674776, 0.1902979314136942, 0.26836448905168525, 0.28126996752787276]], "ideal": "A", "sampled": "A", "correct": true}}
{"type": "result", "data": {"idx": 38, "options": ["True, True", "True, False", "False, True", "False, False"], "probs": [[0.24765754481633137, 0.26371056624727546, 0.28963119651852115, 0.19900069231787196], [0.3016414209164896, 0.2621515573827335, 0.27474729975930307, 0.16145972184147384], [0.25699153922895934, 0.2611059883140584, 0.3052770540599283, 0.17662541829705394], [0.223173123230475, 0.24903818591371993, 0.3148326528527519, 0.21295603790305315]], "ideal": "A", "sampled": "B", "correct": false}}
{"type": "result", "data": {"idx": 39, "options": ["1", "2", "3", "4"], "probs": [[0.23429462311309093, 0.24177588520016474, 0.24561049041676128, 0.27831900116998304], [0.24043228503349298, 0.222410836125698, 0.23311049539170609, 0.30404638334910294], [0.26138962481043815, 0.23805065024725228, 0.23075735108142298, 0.2698023737608866], [0.2606174945570681, 0.22296375034009985, 0.23006182906711223, 0.28635692593571976]], "ideal": "C", "sampled": "C", "correct": true}}
{"type": "result", "data": {"idx": 40, "options": ["the entire real axis", "a point", "a ray", "an open finite interval"], "probs": [[0.3015998854693191, 0.18878014102508092, 0.23495882397091974, 0.27466114943468023], [0.2347616106036982, 0.17725478110925053, 0.3260406255396005, 0.2619429826474507], [0.252413727102037, 0.19356934483773872, 0.3093381843253219, 0.24467874363490233], [0.32210481163618554, 0.26708918807219856, 0.18939976392282484, 0.22140623626879108]], "ideal": "B", "sampled": "A", "correct": false}}
{"type": "result", "data": {"idx": 41, "options": ["finite", "cyclic", "of order two", "abelian"], "probs": [[0.29789751765133204, 0.25090438125008657, 0.20801942048376806, 0.24317868051481328], [0.2796750920779711, 0.26279031836161204, 0.21449866569134382, 0.24303592376907304], [0.30595801189337335, 0.2658913214504462, 0.2007290333525985, 0.22742163320358194], [0.2722143110860924, 0.2518177813717236, 0.21207050028987703, 0.2638974071523069]], "ideal": "D", "sampled": "C", "correct": false}}
{"type": "result", "data": {"idx": 42, "options": ["3", "4", "5", "8"], "probs": [[0.21229920421799559, 0.2156558398882216, 0.29941020305173244, 0.27263475274205035], [0.24110510942909077, 0.23738473651419487, 0.256674081061445, 0.26483607289526934], [0.23995536145949023, 0.21177409043760717, 0.28055588662303804, 0.26771466137986455], [0.2494147084491178, 0.20678953516219145, 0.2782639819364044, 0.26553177435228636]], "ideal": "D", "sampled": "C", "correct": false}}
{"type": "result", "data": {"idx": 43, "options": ["II only", "III only", "I and II only", "II and III only"], "probs": [[0.2468331529499566, 0.246870763481927, 0.3170185779319656, 0.1892775055361508], [0.26478284989306217, 0.2566876747453969, 0.26903298895400074, 0.20949648630754023], [0.28035940408045285, 0.25532008736680334, 0.2804305720305495, 0.18388993642219426], [0.2573821284719537, 0.2574250140145043, 0.2783530395699299, 0.20683981784361213]], "ideal": "A", "sampled": "C", "correct": false}}
{"type": "result", "data": {"idx": 44, "options": ["1", "3", "5", "7"], "probs": [[0.22429029975511303, 0.23507571568337304, 0.22432077263020547, 0.31631321183130845], [0.21414333579783004, 0.22096265850241698, 0.22798366842374246, 0.3369103371760105], [0.24749350545315593, 0.25142028925288834, 0.21172431109218512, 0.2893618941017706], [0.226359824501878, 0.21942337836023584, 0.2447972704879791, 0.309419526549907]], "ideal": "D", "sampled": "D", "correct": true}}
{"type": "result", "data": {"idx": 45, "options": ["True, True", "True, False", "False, True", "False, False"], "probs": [[0.291177196377181, 0.27791441726503074, 0.2570338959899062, 0.17387449026788204], [0.34133918615768655, 0.26590887898120513, 0.24593756699803832, 0.14681436776307], [0.28145423109318257, 0.2563252112560663, 0.3091947091926682, 0.15302584835808294], [0.25031842290749895, 0.2665298143674524, 0.28819762395108395, 0.19495413867396474]], "ideal": "A", "sampled": "B", "correct": false}}
{"type": "result", "data": {"idx": 46, "options": ["\u03c0/12", "\u03c0/6", "\u03c0/3", "2\u03c0/3"], "probs": [[0.1844696594782123, 0.2332169209562742, 0.313862594886599, 0.2684508245789145], [0.18154070591038196, 0.24052941381892676, 0.31373847930297216, 0.26419140086771914], [0.20674646772622485, 0.2342979688917356, 0.3056098131348112, 0.2533457501472283], [0.19577254384493042, 0.23989122806391086, 0.31291345407564647, 0.25142277391551227]], "ideal": "B", "sampled": "C", "correct": false}}
{"type": "result", "data": {"idx": 47, "options": ["3", "pi", "3pi", "3/2"], "probs": [[0.20906522244910214, 0.2561780733752947, 0.24446138008589577, 0.2902953239897074], [0.17220613358682907, 0.25060126182911163, 0.2976130246818476, 0.2795795798022117], [0.2042491672952618, 0.27486353290719323, 0.25028380003203116, 0.2706034996655138], [0.21871429353681116, 0.24024180707552967, 0.25574758265221303, 0.28529631663544613]], "ideal": "B", "sampled": "D", "correct": false}}
{"type": "result", "data": {"idx": 48, "options": ["Only (II)", "Only (IV )", "(I) and (IV )", "(II) and (III)"], "probs": [[0.1880085794142913, 0.213163244899105, 0.3683881814169283, 0.23043999416967537], [0.2466330601515024, 0.27097267717312107, 0.25064063816665494, 0.23175362440872158], [0.23597577563512576, 0.24356718721885437, 0.3278134811761016, 0.19264355586991827], [0.20262190717085843, 0.2333513969956486, 0.2996629103467397, 0.26436378538675326]], "ideal": "C", "sampled": "C", "correct": true}}
{"type": "result", "data": {"idx": 49, "options": ["f is Riemann integrable.", "There does not exist a countably infinite E of R such that f is nondifferentiable at every x \\in E.", "There does not exist an uncountable subset E of R such that f is nondifferentiable at every x \\in E.", "None of the above."], "probs": [[0.2925156565458424, 0.24640529611015036, 0.2503298744210648, 0.21074917282294245], [0.2973571926845623, 0.18907083005591493, 0.242766328347298, 0.2708056488122248], [0.33975266451732244, 0.1998027085940537, 0.24102257136214986, 0.219422055426474], [0.16623473413466144, 0.20061333774428136, 0.3412676504101968, 0.2918842776108604]], "ideal": "D", "sampled": "B", "correct": false}}
{"type": "result", "data": {"idx": 50, "options": ["the open first quadrant", "a closed curve", "a ray in the open first quadrant", "a single point"], "probs": [[0.299128656046409, 0.16784756134034926, 0.2519647516351021, 0.28105903087813966], [0.3051165478423542, 0.18225241520306723, 0.23037901058183588, 0.2822520262727427], [0.29272747036867647, 0.16947624085638915, 0.25841379163065276, 0.2793824970442816], [0.22698177532180622, 0.17138918211002793, 0.3055242713667836, 0.2961047711013822]], "ideal": "A", "sampled": "B", "correct": false}}
{"type": "result", "data": {"idx": 51, "options": ["1", "2", "p >= 1", "infinity"], "probs": [[0.15883417425951485, 0.1886427551319307, 0.36933580037238345, 0.283187270136171], [0.21875672040182276, 0.26808372137249886, 0.23657275733966213, 0.2765868007860162], [0.22873487384610233, 0.23604857215760292, 0.25923492729351594, 0.2759816266027788], [0.17599296568064288, 0.23319813606791248, 0.22958371040909423, 0.36122518774235035]], "ideal": "B", "sampled": "C", "correct": false}}
{"type": "result", "data": {"idx": 52, "options": ["f is a homeomorphism.", "f is continuous and one-to-one", "f is continuous.", "f is one-to-one"], "probs": [[0.25450745601653285, 0.20776175270032118, 0.2667695025351531, 0.2709612886479929], [0.27663259364178666, 0.22582520398177697, 0.22938142591694521, 0.2681607763594912], [0.25288178760617025, 0.18217968395975298, 0.26923920899204534, 0.2956993193420314], [0.26664965944827923, 0.23172139773850955, 0.26257007920247083, 0.2390588635107404]], "ideal": "C", "sampled": "B", "correct": false}}
{"type": "result", "data": {"idx": 53, "options": ["12", "16", "12*sqrt(3)", "16*sqrt(3)"], "probs": [[0.11175165736297865, 0.1626128654730766, 0.4490063652243322, 0.2766291118396126], [0.18213548578596364, 0.29110814439312876, 0.27777249859949044, 0.24898387112141715], [0.2243554573761983, 0.24262500979373935, 0.26234884092949634, 0.270670691800566], [0.2081346393635552, 0.21815705622275217, 0.28013223824280953, 0.2935760660708831]], "ideal": "C", "sampled": "C", "correct": true}}
{"type": "result", "data": {"idx": 54, "options": ["4", "7", "8", "12"], "probs": [[0.180648993274326, 0.2547968479615074, 0.2712526184795816, 0.293301540184585], [0.16567164657843406, 0.23735705015669947, 0.27752429244127225, 0.3194470107235942], [0.15900439022381513, 0.22779238221751616, 0.31138750907645096, 0.3018157183822177], [0.16516739620605667, 0.2639670152390387, 0.2854342247389694, 0.2854313637159352]], "ideal": "A", "sampled": "A", "correct": true}}
{"type": "result", "data": {"idx": 55, "options": ["|x| \u2265 0", "|x \u00b7 y| \u2264 |x||y|", "|x| = 0 if and only if x = 0", "|x + y| = |x| + |y|"], "probs": [[0.2183405342232477, 0.21501177867604582, 0.26344249042383666, 0.3032051965768698], [0.23033841412423525, 0.23403205419083348, 0.23039961319051644, 0.3052299183944148], [0.19772283436283872, 0.21053549331503552, 0.2500148676083581, 0.34172680461376764], [0.19055049757763362, 0.2061080989285191, 0.2688111840451134, 0.33453021934873384]], "ideal": "D", "sampled": "B", "correct": false}}
{"type": "result", "data": {"idx": 56, "options": ["4", "5", "6", "7"], "probs": [[0.2508038803444672, 0.2393486428215574, 0.2628821652005836, 0.2469653115333918], [0.240210514637492, 0.24023827550037968, 0.259767647661106, 0.2597835621010223], [0.2173213893756092, 0.21397628740387342, 0.30651231683669083, 0.26219000628382655], [0.22165403267071257, 0.2434634457226963, 0.27160434698111197, 0.2632781745254792]], "ideal": "B", "sampled": "A", "correct": false}}
{"type": "result", "data": {"idx": 57, "options": ["1 only", "2 only", "0 and 1 only", "0, 1, and 2 only"], "probs": [[0.1908514527912538, 0.2490466124918355, 0.2822486800008199, 0.27785325461609084], [0.21169667803028183, 0.23627839275982346, 0.3229904376246269, 0.22903449148526778], [0.24654022224077163, 0.29293078617699386, 0.242853943127754, 0.2176750483544805], [0.22302598423593142, 0.2865444804901778, 0.25288794195769404, 0.23754159321619678]], "ideal": "D", "sampled": "D", "correct": true}}
{"type": "result", "data": {"idx": 58, "options": ["2", "\u03c0", "4", "3\u03c0/2"], "probs": [[0.20969467415673643, 0.20326030833803144, 0.2866535952406453, 0.3003914221645868], [0.17391961552073404, 0.2098130999323557, 0.32497581352060007, 0.2912914709263102], [0.21257177943421593, 0.23716577455260948, 0.27728198215343264, 0.27298046375974194], [0.19822512578284895, 0.21103307520476586, 0.3022995961677033, 0.2884422027446819]], "ideal": "C", "sampled": "D", "correct": false}}
{"type": "result", "data": {"idx": 59, "options": ["9", "8", "0", "-5"], "probs": [[0.2294814838007752, 0.2122667526509726, 0.2725795927034248, 0.28567217074482737], [0.3039005217307578, 0.27674554126203993, 0.15524925854744173, 0.2641046783597605], [0.27616798051909663, 0.2475945726506304, 0.20849952968361563, 0.26773791704665734], [0.2968602224419717, 0.22764191368392458, 0.2009000658922173, 0.27459779788188643]], "ideal": "A", "sampled": "C", "correct": false}}
{"type": "result", "data": {"idx": 60, "options": ["None", "One", "Two", "Three"], "probs": [[0.227755263424986, 0.2834782600119354, 0.24629840252320645, 0.24246807393987216], [0.27112690571764064, 0.3025285971958455, 0.2015393076978766, 0.2248051892886372], [0.28427486761722753, 0.2887921246957436, 0.19849059882293277, 0.22844240876409608], [0.2586782353463845, 0.26278594916773396, 0.23927576060512318, 0.23926005478075835]], "ideal": "B", "sampled": "C", "correct": false}}
{"type": "result", "data": {"idx": 61, "options": ["20!/2^(10)", "10!/2^9", "10^(20) - 2^(10)", "10^(20) - 100"], "probs": [[0.16311996687450092, 0.16316672671692897, 0.3735512681363613, 0.3001620381722088], [0.20565369723170818, 0.1993798017302451, 0.28121706840563987, 0.3137494325324068], [0.16387392090488104, 0.16392816113000475, 0.39329769031353656, 0.2789002275515776], [0.18297841597818168, 0.1888392213144046, 0.30181824258473583, 0.3263641200226779]], "ideal": "A", "sampled": "C", "correct": false}}
{"type": "result", "data": {"idx": 62, "options": ["It is possible to place an linear order relation \u2264 on the complex numbers C such that (C, +, \u00d7, \u2264) is not an ordered field.", "It is possible to place a linear order relation on the complex numbers C which make (C, +, \u00d7, \u2264) an ordered field.", "Neither (a) nor (b)", "Both (a) and (b)."], "probs": [[0.2750960886203328, 0.24291226265385513, 0.21104046700274545, 0.27095118162306664], [0.25676329471662745, 0.19698357264119917, 0.21635848081085035, 0.32989465173132304], [0.21320463177834606, 0.2068131658293545, 0.24947282294547982, 0.3305093793468196], [0.26074525322772435, 0.21966190306639627, 0.2375499272474036, 0.2820429163584758]], "ideal": "A", "sampled": "A", "correct": true}}
{"type": "result", "data": {"idx": 63, "options": ["1/4", "1/3", "1/2", "2/3"], "probs": [[0.2746773198164611, 0.24243162615070588, 0.26214383467533353, 0.2207472192574995], [0.3098859992347418, 0.286633214724213, 0.1970114052989344, 0.2064693806421108], [0.3066709865822926, 0.2542694996243883, 0.23152798646816872, 0.2075315272251504], [0.29630446872586014, 0.24186510205629427, 0.23813125843604188, 0.2236991706818037]], "ideal": "D", "sampled": "C", "correct": false}}
{"type": "result", "data": {"idx": 64, "options": ["The integers under addition", "The nonzero integers under multiplication", "The nonzero real numbers under multiplication", "The complex numbers under addition"], "probs": [[0.2015720844770003, 0.20167062586037052, 0.28440119104526923, 0.3123560985173599], [0.2215344905631737, 0.2216337024943924, 0.2632148563598632, 0.2936169504825707], [0.21204437087110398, 0.21212874125080397, 0.27667941309304367, 0.2991474746850484], [0.20835542987223238, 0.21172549143887498, 0.2718667428201776, 0.308052335768715]], "ideal": "B", "sampled": "C", "correct": false}}
{"type": "result", "data": {"idx": 65, "options": ["4x + 6y", "x + y + 5", "9x + 4y", "4x - 9y"], "probs": [[0.24136959373578115, 0.18510934984485958, 0.28227708161447573, 0.29124397470488356], [0.23677489511945732, 0.18734528401625203, 0.2901841445004456, 0.28569567626384507], [0.22638974603488984, 0.17361392855162444, 0.2999974623021355, 0.2999988630113502], [0.2492912039122675, 0.19725939041610707, 0.2572903854205099, 0.2961590201511155]], "ideal": "D", "sampled": "A", "correct": false}}
{"type": "result", "data": {"idx": 66, "options": ["0", "-2", "-sqrt(34)", "-sqrt(35)"], "probs": [[0.1554319788912084, 0.1965055526668521, 0.32908929900115164, 0.3189731693407878], [0.18739441035304094, 0.22605562207822452, 0.2726836204256125, 0.31386634704312205], [0.14151346682087063, 0.1578832864603469, 0.3502899706013388, 0.35031327601744366], [0.21485976552513741, 0.26742273167941905, 0.20505040576418526, 0.31266709693125827]], "ideal": "C", "sampled": "A", "correct": false}}
{"type": "result", "data": {"idx": 67, "options": ["II only", "III only", "I and II only", "I and III only"], "probs": [[0.24844453485971163, 0.24847995491881028, 0.32411249502897155, 0.17896301509250653], [0.2969216527092573, 0.2580196107356253, 0.26210875734397754, 0.1829499791111399], [0.2891810026231608, 0.271707751476647, 0.27173156353294203, 0.16737968226725009], [0.27264044228684436, 0.2642992498342815, 0.2727069908667795, 0.19035331691209464]], "ideal": "D", "sampled": "C", "correct": false}}
{"type": "result", "data": {"idx": 68, "options": ["\u03c0/3", "\u03c0/4", "\u03c0", "2\u03c0"], "probs": [[0.207563369881961, 0.24651841470231964, 0.2665702799761247, 0.2793479353395946], [0.21690384071816296, 0.23455112121660396, 0.2699867664013483, 0.2785582715638848], [0.18829924427471806, 0.23073158353440096, 0.31539277179045944, 0.2655764003004215], [0.1970770002085483, 0.2452947424019034, 0.3005615680941914, 0.2570666891953569]], "ideal": "A", "sampled": "A", "correct": true}}
{"type": "result", "data": {"idx": 69, "options": ["Sunday", "Monday", "Tuesday", "Wednesday"], "probs": [[0.26508150292015187, 0.21305934227539403, 0.19704649437622176, 0.32481266032823236], [0.22478691561397388, 0.21121511721838004, 0.2798219537508225, 0.2841760133168236], [0.29932722000277084, 0.27262338586966794, 0.16795839117339936, 0.2600910028541618], [0.3014538585838225, 0.19773247836043, 0.20401272175656102, 0.2968009411991865]], "ideal": "A", "sampled": "D", "correct": false}}
{"type": "result", "data": {"idx": 70, "options": ["\u221248/\u03c0 cm/min", "\u22124/(3\u03c0) cm/min", "\u22128/(3\u03c0) cm/min", "\u221216/(3\u03c0) cm/min"], "probs": [[0.21259292958041, 0.2409729063269922, 0.264690875980611, 0.2817432880119868], [0.24276666659420956, 0.2109763928274233, 0.27954359942439216, 0.266713341053975], [0.2135807307384523, 0.19758497471003242, 0.28752959200143835, 0.30130470245007696], [0.1990811705253297, 0.19604969314834514, 0.32837507614748757, 0.2764940600788376]], "ideal": "D", "sampled": "B", "correct": false}}
{"type": "result", "data": {"idx": 71, "options": ["The system is consistent.", "The system has infinitely many solutions.", "The sum of any two solutions is a solution.", "Every solution is a scalar multiple of (-5, 1, 1, 0)."], "probs": [[0.251524265807685, 0.21521795963254178, 0.21520626222118008, 0.3180515122385931], [0.26426202449930597, 0.21576048753131247, 0.22966328603211109, 0.2903142018372705], [0.2704394636581349, 0.22080325091046782, 0.22079507017333894, 0.2879622151580583], [0.2645788451082348, 0.22639146107568223, 0.22286744081433, 0.28616225290175296]], "ideal": "D", "sampled": "D", "correct": true}}
{"type": "result", "data": {"idx": 72, "options": ["f(c)", "f(e^c)", "f(1/c)", "f(log c)"], "probs": [[0.2627549767231447, 0.19838553665084627, 0.28415390846271926, 0.2547055780632898], [0.25561570356865504, 0.192998567412908, 0.30360307381684193, 0.24778265510159506], [0.2408008354422799, 0.18467245443784855, 0.31411935939868185, 0.2604073506211897], [0.26482797060982494, 0.19995037017179318, 0.28640029258248645, 0.24882136653589537]], "ideal": "D", "sampled": "A", "correct": false}}
{"type": "result", "data": {"idx": 73, "options": ["I only", "II only", "III only", "I and II only"], "probs": [[0.24740370736920825, 0.23610055092446514, 0.28039410289711064, 0.23610163870921597], [0.2520099617588334, 0.23309153663407692, 0.31861871952534476, 0.19627978198174492], [0.3120455397048646, 0.24687566982906425, 0.25473075722992083, 0.18634803313615034], [0.2980726525751011, 0.25103305645609164, 0.267239230818881, 0.1836550600499262]], "ideal": "D", "sampled": "D", "correct": true}}
{"type": "result", "data": {"idx": 74, "options": ["1/(2e)", "1/e", "e^2/2", "2e"], "probs": [[0.2523124666147921, 0.20597643885796474, 0.27719398002200873, 0.26451711440523434], [0.2437876200996576, 0.2118531943921964, 0.2636664250775723, 0.28069276033057367], [0.201759263721849, 0.18663644888349265, 0.32249403574117425, 0.28911025155348413], [0.22552900495975442, 0.22557089212199363, 0.28516324076945454, 0.26373686204879737]], "ideal": "C", "sampled": "A", "correct": false}}
{"type": "result", "data": {"idx": 75, "options": ["H = 50", "T >= 60", "51 <= H <= 55", "H >= 48 and T >= 48"], "probs": [[0.1847384367776419, 0.16054017361763545, 0.3452463344810966, 0.30947505502362604], [0.25511169431042635, 0.2182559072753088, 0.25920361277849246, 0.2674287855357724], [0.23155743681387858, 0.19502712203021275, 0.26658686198349657, 0.3068285790724121], [0.2066614771679898, 0.17959365398923305, 0.2781711609255883, 0.33557370781718887]], "ideal": "D", "sampled": "C", "correct": false}}
{"type": "result", "data": {"idx": 76, "options": ["True, True", "True, False", "False, True", "False, False"], "probs": [[0.25511089725061914, 0.28468994151755217, 0.2551986948949811, 0.2050004662368476], [0.30247117263206036, 0.2754975094819237, 0.2469631882084892, 0.17506812957752674], [0.2619681138124792, 0.2703696271616941, 0.2789616667635926, 0.18870059216223412], [0.22463399990237515, 0.2710467495931318, 0.2796672200976125, 0.22465203030688055]], "ideal": "D", "sampled": "B", "correct": false}}
{"type": "result", "data": {"idx": 77, "options": ["2", "1", "0", "-1"], "probs": [[0.2378614104830935, 0.22700958088693382, 0.26129133929433146, 0.2738376692356412], [0.2751418865899709, 0.25450634195326793, 0.1951414288343127, 0.2752103425224484], [0.2876604623709275, 0.23481571762504141, 0.20722869291446416, 0.27029512698956687], [0.26221235557350664, 0.22784531321670892, 0.23508467039236017, 0.27485766071742423]], "ideal": "C", "sampled": "C", "correct": true}}
