{"type": "result", "data": {"idx": 0, "options": ["True, True", "False, False", "True, False", "False, True"], "probs": [[0.2646348256989377, 0.2774686895769137, 0.30472741436078904, 0.15316907026335955], [0.25369350631641624, 0.29674206949735993, 0.28316356436541645, 0.1664008597208074], [0.3451347674466852, 0.30953985680181745, 0.24487540305844502, 0.10044997259305236], [0.3123771706338549, 0.34321750652855915, 0.21818239009363402, 0.12622293264395198]], "ideal": "D", "sampled": "C", "correct": false}}
{"type": "result", "data": {"idx": 1, "options": ["True, True", "False, False", "True, False", "False, True"], "probs": [[0.2557053825643451, 0.285384740124644, 0.30857449307076185, 0.15033538414024908], [0.24289508523441916, 0.3024280712067859, 0.2797024291429725, 0.17497441431582245], [0.3345797954540834, 0.31941086175130756, 0.23737596830950955, 0.10863337438509953], [0.2992050602851362, 0.3391855904242124, 0.2224518772371899, 0.13915747195346143]], "ideal": "C", "sampled": "C", "correct": true}}
{"type": "result", "data": {"idx": 2, "options": ["True, True", "False, False", "True, False", "False, True"], "probs": [[0.24028351542508555, 0.30386366984392904, 0.28545727897624745, 0.17039553565473795], [0.23564849440410876, 0.31230851539366866, 0.27134850214169187, 0.1806944879605307], [0.32251705417998605, 0.3226536382305986, 0.23240755218068915, 0.1224217553087262], [0.29705966725599464, 0.3474215061661969, 0.21073535316652606, 0.1447834733112824]], "ideal": "B", "sampled": "C", "correct": false}}
{"type": "result", "data": {"idx": 3, "options": ["12", "24", "48", "72"], "probs": [[0.23107949009733336, 0.32590849241880915, 0.2007946401160051, 0.2422173772678524], [0.2143070825307092, 0.2884138398128725, 0.21771441205436873, 0.27956466550204956], [0.22521434386483236, 0.28473162223931514, 0.16738840686512393, 0.3226656269307286], [0.2267590842390072, 0.26930998950559965, 0.23035744633882052, 0.27357347981657265]], "ideal": "D", "sampled": "B", "correct": false}}
{"type": "result", "data": {"idx": 4, "options": ["convolutional networks", "graph networks", "fully connected networks", "RBF networks"], "probs": [[0.35646199645319326, 0.2956174567699237, 0.19693837764471755, 0.15098216903216552], [0.2400975411904793, 0.2637720743120004, 0.2364487683007417, 0.25968161609677853], [0.15934418377689782, 0.23191964969580267, 0.41344735638309654, 0.19528881004420293], [0.2148888110899613, 0.42090430851541993, 0.20195098219282523, 0.1622558981017935]], "ideal": "A", "sampled": "A", "correct": true}}
{"type": "result", "data": {"idx": 5, "options": ["True, True", "False, False", "True, False", "False, True"], "probs": [[0.2605520382674285, 0.30475422027298704, 0.29079627174183514, 0.14389746961774927], [0.2632494231311074, 0.3226873230211013, 0.259290810510056, 0.15477244323773529], [0.34575202542435635, 0.3352877745399199, 0.2198929902707239, 0.09906720966499986], [0.31154546138509, 0.3643878399961387, 0.20764085648367622, 0.11642584203509508]], "ideal": "B", "sampled": "C", "correct": false}}
{"type": "result", "data": {"idx": 6, "options": ["O(D)", "O(N)", "O(ND)", "O(ND^2)"], "probs": [[0.26542024008154147, 0.2870274612181809, 0.23426730485602876, 0.2132849937442489], [0.25936603930034435, 0.28939256500378974, 0.23620048514925496, 0.21504091044661097], [0.2533958033485874, 0.2740315578315276, 0.24182967069799377, 0.2307429680218912], [0.24902214484307775, 0.2866716852495242, 0.23397002065956282, 0.23033614914783526]], "ideal": "A", "sampled": "B", "correct": false}}
{"type": "result", "data": {"idx": 7, "options": ["True, True", "False, False", "True, False", "False, True"], "probs": [[0.2539576443154558, 0.30170123584241065, 0.2878759674664135, 0.15646515227572008], [0.23903063293436952, 0.3118867324261918, 0.27956930216689624, 0.16951333237254243], [0.323235087290081, 0.33889716102749046, 0.23292219115873575, 0.10494556042369278], [0.30161502055445094, 0.36395021184768, 0.2106457438661887, 0.12378902363168029]], "ideal": "B", "sampled": "D", "correct": false}}
{"type": "result", "data": {"idx": 8, "options": ["2", "4", "8", "16"], "probs": [[0.24153456398922069, 0.3101974360481721, 0.19110529056554984, 0.2571627092970573], [0.23820836484719882, 0.2829422312253561, 0.19144829820494225, 0.2874011056225028], [0.22488859293596145, 0.2888309061238421, 0.1835883259589666, 0.3026921748812298], [0.23008514252730666, 0.29549597810246053, 0.20953042178650233, 0.26488845748373047]], "ideal": "C", "sampled": "B", "correct": false}}
{"type": "result", "data": {"idx": 9, "options": ["Lower variance", "Higher variance", "Same variance", "None of the above"], "probs": [[0.3187787281966126, 0.2522258795877281, 0.24447262648987766, 0.18452276562578163], [0.3041432175460195, 0.276962930856927, 0.24826797079953145, 0.17062588069752208], [0.2268033873869197, 0.28230564065310954, 0.3249373878930739, 0.16595358396689677], [0.2738097783436352, 0.3408231284505634, 0.19118081666789288, 0.19418627643790853]], "ideal": "A", "sampled": "A", "correct": true}}
{"type": "result", "data": {"idx": 10, "options": ["True, True", "False, False", "True, False", "False, True"], "probs": [[0.2720832051995947, 0.28526441535173164, 0.30367906256018923, 0.1389733167884844], [0.2557007891965276, 0.30378763959387, 0.285407177020167, 0.15510439408943538], [0.342412258018402, 0.3218210887315751, 0.23917880295539043, 0.09658785019463241], [0.3209105849284361, 0.3471292088254314, 0.21389488180431396, 0.1180653243418185]], "ideal": "A", "sampled": "C", "correct": false}}
{"type": "result", "data": {"idx": 11, "options": ["good fitting", "overfitting", "underfitting", "all of the above"], "probs": [[0.29873928869865063, 0.30353761168570226, 0.16501629596812858, 0.23270680354751846], [0.3783263265708252, 0.26006761190674776, 0.19630265233937852, 0.16530340908304852], [0.3917331934815337, 0.3099473370309568, 0.13752850683850876, 0.1607909625490008], [0.2448957486174707, 0.2690304895677499, 0.24493337405060273, 0.24114038766417667]], "ideal": "C", "sampled": "B", "correct": false}}
{"type": "result", "data": {"idx": 12, "options": ["True, True", "False, False", "True, False", "False, True"], "probs": [[0.23485243318116564, 0.29238587614950284, 0.32112303372986584, 0.15163865683946565], [0.2319382910487321, 0.3122196839768352, 0.2887698752706047, 0.167072149603828], [0.32555177804552404, 0.31566843387308097, 0.24972556528932036, 0.10905422269207461], [0.2848079290099299, 0.3545586202267929, 0.23620402540854715, 0.12442942525473001]], "ideal": "A", "sampled": "C", "correct": false}}
{"type": "result", "data": {"idx": 13, "options": ["True, True", "False, False", "True, False", "False, True"], "probs": [[0.2544924578636836, 0.28403016498779865, 0.3071145667258564, 0.1543628103226614], [0.24544815350926924, 0.3153037679579893, 0.2782666045407352, 0.16098147389200623], [0.31926668050722323, 0.31941765906005054, 0.2526845426639807, 0.10863111766874554], [0.2986548177899947, 0.35479509033898077, 0.22204625108004356, 0.12450384069098097]], "ideal": "B", "sampled": "C", "correct": false}}
{"type": "result", "data": {"idx": 14, "options": ["pure", "not pure", "useful", "useless"], "probs": [[0.2947629391852301, 0.2995015382467222, 0.19337794182750973, 0.21235758064053792], [0.3120169639275385, 0.3072735964944649, 0.15940229593113467, 0.2213071435468619], [0.29250864499156093, 0.25420631112028635, 0.21074085877550122, 0.24254418501265151], [0.271902356595958, 0.2940886064188929, 0.20853789459375174, 0.2254711422913973]], "ideal": "B", "sampled": "B", "correct": true}}
{"type": "result", "data": {"idx": 15, "options": ["True, True", "False, False", "True, False", "False, True"], "probs": [[0.25030373778511233, 0.2927591415124691, 0.2927693637087424, 0.16416775689367616], [0.24858215069887407, 0.30470259356592533, 0.27315206553970434, 0.17356319009549628], [0.3197511827551805, 0.3149502668945035, 0.23405886391620315, 0.13123968633411284], [0.2995815828205341, 0.3396041342335466, 0.21928593187395432, 0.141528350971965]], "ideal": "B", "sampled": "C", "correct": false}}
{"type": "result", "data": {"idx": 16, "options": ["This feature has a strong effect on the model (should be retained)", "This feature does not have a strong effect on the model (should be ignored)", "It is not possible to comment on the importance of this feature without additional information", "Nothing can be determined."], "probs": [[0.37170852123894027, 0.3179870579209243, 0.14788900366769075, 0.16241541707244467], [0.31448563058785883, 0.3245232620563632, 0.11215551203410538, 0.2488355952216725], [0.2127782169599608, 0.23739927222140705, 0.36201203944675114, 0.18781047127188097], [0.20662848187492217, 0.5115041021900057, 0.10231257000333871, 0.17955484583173334]], "ideal": "C", "sampled": "A", "correct": false}}
{"type": "result", "data": {"idx": 17, "options": ["The number of hidden nodes", "The learning rate", "The initial choice of weights", "The use of a constant-term unit input"], "probs": [[0.27942550179548276, 0.22455124554772768, 0.18909598885075746, 0.3069272637060321], [0.2632115702600848, 0.271604291423689, 0.1621847104212966, 0.3029994277949296], [0.26552036401954476, 0.2417859434839696, 0.2271432280313323, 0.26555046436515334], [0.2746139846352498, 0.2789665841469326, 0.15406442146144708, 0.29235500965637057]], "ideal": "A", "sampled": "A", "correct": true}}
{"type": "result", "data": {"idx": 18, "options": ["The polynomial degree", "Whether we learn the weights by matrix inversion or gradient descent", "The assumed variance of the Gaussian noise", "The use of a constant-term unit input"], "probs": [[0.24843600389857254, 0.25635093447982754, 0.20923462508016602, 0.2859784364414339], [0.23764491432979862, 0.28668293781219484, 0.1608145707806254, 0.31485757697738115], [0.18689137138371245, 0.2151382501167019, 0.2595111352091458, 0.3384592431904398], [0.228695985224385, 0.2632601221646841, 0.20503337373719618, 0.30301051877373475]], "ideal": "A", "sampled": "A", "correct": true}}
{"type": "result", "data": {"idx": 19, "options": ["True, True", "False, False", "True, False", "False, True"], "probs": [[0.2557129745355996, 0.2853906324790847, 0.30378843972975, 0.1551079531555657], [0.2521921546321539, 0.3043396654027145, 0.2728082998007896, 0.17065988006434205], [0.3265704487938165, 0.32165202255570025, 0.23532748044665164, 0.1164500481038316], [0.2975195811010098, 0.3372589198642959, 0.22467412538036496, 0.1405473735543293]], "ideal": "A", "sampled": "C", "correct": false}}
{"type": "result", "data": {"idx": 20, "options": ["Requires the dimension of the feature space to be no bigger than the number of samples", "Has the smallest value of the objective function when K = 1", "Minimizes the within class variance for a given number of clusters", "Converges to the global optimum if and only if the initial means are chosen as some of the samples themselves"], "probs": [[0.32108352063490103, 0.2501143850153073, 0.15409405757576153, 0.27470803667403015], [0.30941186735271176, 0.25259028011673296, 0.16056417644940318, 0.2774336759811521], [0.3363787581640684, 0.2206618520495447, 0.13175262705785706, 0.3112067626285298], [0.2887013170221437, 0.23938716232209167, 0.1645231942810046, 0.30738832627476004]], "ideal": "C", "sampled": "C", "correct": true}}
{"type": "result", "data": {"idx": 21, "options": ["True, True", "False, False", "True, False", "False, True"], "probs": [[0.2598922887168554, 0.28555629079997474, 0.3087557897967661, 0.1457956305864038], [0.25297069547030837, 0.3005408644375668, 0.2779569625576535, 0.1685314774344713], [0.33111942551221, 0.3210733008303533, 0.23860680097801892, 0.10920047257941778], [0.3029126822645543, 0.33805027600722587, 0.22874574360944203, 0.1302912980187778]], "ideal": "A", "sampled": "C", "correct": false}}
{"type": "result", "data": {"idx": 22, "options": ["0", "1", "2", "3"], "probs": [[0.2899345586874777, 0.29920278334022216, 0.18147485767612928, 0.2293878001961709], [0.26955827264598725, 0.26543649237373024, 0.19117578292437606, 0.2738294519559064], [0.2862666078360746, 0.2607037567412171, 0.22298389832031706, 0.23004573700239123], [0.3113030585723668, 0.2925033060169765, 0.1719457260182134, 0.22424790929244334]], "ideal": "B", "sampled": "A", "correct": false}}
{"type": "result", "data": {"idx": 23, "options": ["True, True", "False, False", "True, False", "False, True"], "probs": [[0.25641079588304266, 0.2998756333941321, 0.2998756333941321, 0.1438379372286932], [0.24572374631007693, 0.3205979752754622, 0.2699796202490616, 0.1636986580653993], [0.34724157010296824, 0.32126923434891597, 0.2350572873399851, 0.0964319081081307], [0.3157000455041465, 0.3692039498528851, 0.20075078162597568, 0.11434522291699269]], "ideal": "C", "sampled": "C", "correct": true}}
{"type": "result", "data": {"idx": 24, "options": ["Decision Trees", "Density-based clustering", "Model-based clustering", "K-means clustering"], "probs": [[0.2244991693346587, 0.316647355474865, 0.20443205837995018, 0.2544214167105261], [0.29261061110236813, 0.3019488706592438, 0.2011413246021992, 0.20429919353618886], [0.2718142649800243, 0.28938973809536417, 0.19889023000666098, 0.2399057668179505], [0.207516676390778, 0.26236221973543994, 0.2836654270503999, 0.24645567672338214]], "ideal": "B", "sampled": "B", "correct": true}}
{"type": "result", "data": {"idx": 25, "options": ["True, True", "False, False", "True, False", "False, True"], "probs": [[0.2811224758343908, 0.30889126655350724, 0.2812722623066964, 0.12871399520540558], [0.2602028354591076, 0.3189472318161044, 0.27714187819407493, 0.14370805443071305], [0.3520754758998964, 0.33090992504304706, 0.23467915981713167, 0.08233543913992485], [0.3305851247841611, 0.3632127344592285, 0.20378589448049658, 0.10241624617611382]], "ideal": "A", "sampled": "D", "correct": false}}
{"type": "result", "data": {"idx": 26, "options": ["they are biased", "they have high variance", "they are not consistent estimators", "None of the above"], "probs": [[0.24984434615887782, 0.34166702190104453, 0.19470481533136122, 0.2137838165087164], [0.2505453378036614, 0.29301049068682794, 0.2246684565717891, 0.23177571483772158], [0.22463050633624948, 0.33733586443055746, 0.18341160215620306, 0.25462202697699], [0.18983083678625867, 0.3438762374790914, 0.24771445618008317, 0.21857846945456677]], "ideal": "B", "sampled": "B", "correct": true}}
{"type": "result", "data": {"idx": 27, "options": ["linear in D", "linear in N", "polynomial in D", "dependent on the number of iterations"], "probs": [[0.23119564352107752, 0.30637624856746115, 0.2348232716087122, 0.22760483620274916], [0.26222372833919083, 0.29259619985861807, 0.227804905982033, 0.21737516572015808], [0.23821708982810502, 0.3206607257703827, 0.23089017429620026, 0.21023201000531205], [0.26618310806473605, 0.27472296354407616, 0.23492956159149728, 0.2241643666996905]], "ideal": "C", "sampled": "D", "correct": false}}
{"type": "result", "data": {"idx": 28, "options": ["Increase bias", "Decrease bias", "Increase variance", "Decrease variance"], "probs": [[0.28667868462372104, 0.3459252273359033, 0.18228263475931625, 0.18511345318105943], [0.20905540014368076, 0.24449334274747847, 0.32388208278403624, 0.22256917422480452], [0.2964287532463217, 0.3521447934816953, 0.17161493768830782, 0.1798115154836752], [0.23769378940573052, 0.2531106362321166, 0.28235440566952796, 0.22684116859262493]], "ideal": "D", "sampled": "D", "correct": true}}
{"type": "result", "data": {"idx": 29, "options": ["Best-subset selection", "Forward stepwise selection", "Forward stage wise selection", "All of the above"], "probs": [[0.2743940528478684, 0.22754802280409459, 0.21043453167802398, 0.287623392570013], [0.23942521212090917, 0.2146501689934657, 0.3027025460894197, 0.24322207269620544], [0.2682926614568659, 0.31371697312858265, 0.20573034573926063, 0.21226001957529078], [0.3029223499637503, 0.2846257516680196, 0.18376142179550395, 0.22869047647272614]], "ideal": "C", "sampled": "D", "correct": false}}
{"type": "result", "data": {"idx": 30, "options": ["Optimize a convex objective function", "Can only be trained with stochastic gradient descent", "Can use a mix of different activation functions", "None of the above"], "probs": [[0.36731459895958585, 0.2773310409108255, 0.15558543236997147, 0.19976892765961712], [0.3393583944004923, 0.23327482091947407, 0.19040166123396005, 0.2369651233460736], [0.2792440867370047, 0.28816874953700056, 0.18607529441417278, 0.24651186921182197], [0.2375479148484705, 0.30036304740717173, 0.196998530472421, 0.2650905071719368]], "ideal": "C", "sampled": "A", "correct": false}}
{"type": "result", "data": {"idx": 31, "options": ["0.0368", "0.473", "0.078", "None of the above"], "probs": [[0.2492815106857881, 0.3054872452907251, 0.2035340368544177, 0.2416972070690691], [0.2202679118174027, 0.26162998696199463, 0.30117078266242936, 0.21693131845817332], [0.20815634725396465, 0.382932126483771, 0.2251464575303952, 0.18376506863186917], [0.21458558844756906, 0.3594481020395204, 0.18649296360035664, 0.23947334581255392]], "ideal": "C", "sampled": "D", "correct": false}}
{"type": "result", "data": {"idx": 32, "options": ["True, True", "False, False", "True, False", "False, True"], "probs": [[0.2730232517598722, 0.27743256502703945, 0.3143784748355853, 0.13516570827750304], [0.26832264659105715, 0.304171323745828, 0.2769736051282475, 0.15053242443486742], [0.3547995335283793, 0.3132407022216495, 0.23645870032838662, 0.09550106382158458], [0.3301324794836646, 0.3407254465965626, 0.2132458654839257, 0.11589620833584705]], "ideal": "B", "sampled": "C", "correct": false}}
{"type": "result", "data": {"idx": 33, "options": ["It can not be applied to non-differentiable functions.", "It can not be applied to non-continuous functions.", "It is hard to implement.", "It runs reasonably slow for multiple linear regression."], "probs": [[0.3707886746390019, 0.2800051355083464, 0.14754865011732457, 0.20165753963532715], [0.3440888071868485, 0.28536685022688485, 0.1551535954102575, 0.21539074707600916], [0.27786200325854593, 0.35142883293011434, 0.16089585130511974, 0.20981331240621998], [0.3469910323272851, 0.336457043852539, 0.121851086604331, 0.19470083711584485]], "ideal": "D", "sampled": "A", "correct": false}}
{"type": "result", "data": {"idx": 34, "options": ["Supervised learning", "Unsupervised learning", "Clustering", "None of the above"], "probs": [[0.36176624066587076, 0.361887476520558, 0.15324027258057463, 0.12310601013299659], [0.30707509930005605, 0.29306458113848466, 0.23547573822725615, 0.16438458123420313], [0.16466692333760652, 0.21480621715433415, 0.43391079352794387, 0.18661606588011542], [0.1768084045592228, 0.3303895939614234, 0.3103551612536967, 0.182446840125657]], "ideal": "A", "sampled": "A", "correct": true}}
{"type": "result", "data": {"idx": 35, "options": ["It relates inputs to outputs.", "It is used for prediction.", "It may be used for interpretation.", "It discovers causal relationships"], "probs": [[0.26197563818530195, 0.30177696636946316, 0.16151442640851799, 0.2747329689367169], [0.31187715658590004, 0.32703312740880536, 0.13633520696684515, 0.22475450893844945], [0.2896264238310274, 0.2989576503180173, 0.1434394291412357, 0.2679764966097196], [0.24829096349703997, 0.30914365320858456, 0.16546515625654562, 0.2771002269378298]], "ideal": "D", "sampled": "C", "correct": false}}
{"type": "result", "data": {"idx": 36, "options": ["To save computing time during testing", "To save space for storing the Decision Tree", "To make the training set error smaller", "To avoid overfitting the training set"], "probs": [[0.2577969095181382, 0.29676022680473696, 0.19160778533080752, 0.25383507824631724], [0.23856913617411848, 0.28780622573922937, 0.24236467071574228, 0.2312599672709099], [0.28510853220489824, 0.33862539617869447, 0.16764250146198972, 0.20862357005441756], [0.34407714005844203, 0.29897287484993973, 0.13476486502730262, 0.2221851199643156]], "ideal": "D", "sampled": "D", "correct": true}}
{"type": "result", "data": {"idx": 37, "options": ["True, True", "False, False", "True, False", "False, True"], "probs": [[0.26054394630783, 0.2862695497922365, 0.30000988093013387, 0.1531766228697996], [0.2584509877727725, 0.3070496000139747, 0.27525216447394585, 0.15924724763930703], [0.3388810056442588, 0.3135521318136383, 0.2442036794119152, 0.10336318303018771], [0.3218978773235859, 0.34278537031934875, 0.21120357899919318, 0.12411317325787223]], "ideal": "B", "sampled": "C", "correct": false}}
{"type": "result", "data": {"idx": 38, "options": ["Increase the amount of training data.", "Improve the optimisation algorithm being used for error minimisation.", "Decrease the model complexity.", "Reduce the noise in the training data."], "probs": [[0.21994882640718302, 0.32514982370163875, 0.17677866974366213, 0.27812268004751606], [0.2550279535847379, 0.33271107570049596, 0.15716018015303457, 0.2551007904617315], [0.22804560104780217, 0.31670025459788614, 0.16688701757441546, 0.2883671266798962], [0.21806272862161108, 0.30759653445982565, 0.18082520363906773, 0.29351553317949547]], "ideal": "B", "sampled": "B", "correct": true}}
{"type": "result", "data": {"idx": 39, "options": ["True, True", "False, False", "True, False", "False, True"], "probs": [[0.24518115421977757, 0.29129279959087917, 0.3100844759966804, 0.15344157009266288], [0.2380524618066113, 0.3058182162119901, 0.28730242157227814, 0.16882690030912043], [0.3147680280328944, 0.3199083029869778, 0.25307829128201825, 0.11224537759810951], [0.2941450134498032, 0.3440512665158487, 0.22920803381880786, 0.13259568611554026]], "ideal": "A", "sampled": "C", "correct": false}}
{"type": "result", "data": {"idx": 40, "options": ["For two dimensional data points, the separating hyperplane learnt by a linear SVM will be a straight line.", "In theory, a Gaussian kernel SVM cannot model any complex separating hyperplane.", "For every kernel function used in a SVM, one can obtain an equivalent closed form basis expansion.", "Overfitting in an SVM is not a function of number of support vectors."], "probs": [[0.4169692191877305, 0.2822281483031544, 0.12139510633465633, 0.17940752607445873], [0.42005957420617607, 0.2933586624972318, 0.10299037702813145, 0.1835913861684607], [0.4119845628326419, 0.2745452224933737, 0.12768822907124608, 0.18578198550273833], [0.35531117116732985, 0.30402700468958505, 0.13492873912871967, 0.20573308491436545]], "ideal": "A", "sampled": "C", "correct": false}}
{"type": "result", "data": {"idx": 41, "options": ["P(H, U, P, W) = P(H) * P(W) * P(P) * P(U)", "P(H, U, P, W) = P(H) * P(W) * P(P | W) * P(W | H, P)", "P(H, U, P, W) = P(H) * P(W) * P(P | W) * P(U | H, P)", "None of the above"], "probs": [[0.32894284059223977, 0.32901251841678386, 0.1817066533900398, 0.16033798750093659], [0.34638145046374236, 0.2534607014780991, 0.14669637161968896, 0.25346147633846955], [0.2610640447753659, 0.19103040720011594, 0.2867941770626158, 0.2611113708619024], [0.14141794179834105, 0.26841132049907274, 0.3340535610902144, 0.2561171765123718]], "ideal": "C", "sampled": "B", "correct": false}}
{"type": "result", "data": {"idx": 42, "options": ["True, True", "False, False", "True, False", "False, True"], "probs": [[0.26732847091862544, 0.3126592933818963, 0.2937258779708868, 0.12628635762859144], [0.25965648113108447, 0.31826435567938466, 0.28088777417450317, 0.14119138891502772], [0.3417104176796125, 0.32619777382350384, 0.23866368184113895, 0.09342812655574463], [0.3254377987106058, 0.35200496097881523, 0.21689199878603904, 0.10566524142453994]], "ideal": "B", "sampled": "C", "correct": false}}
{"type": "result", "data": {"idx": 43, "options": ["True, True", "False, False", "True, False", "False, True"], "probs": [[0.2626440148495048, 0.31693922525636264, 0.2753653741988734, 0.14505138559525915], [0.2515509090834999, 0.3231278907463496, 0.26789500907521213, 0.15742619099493832], [0.3368776364985525, 0.3370300753741431, 0.22804955626123027, 0.09804273176607413], [0.3093875738486481, 0.3675498177503504, 0.21274148559652697, 0.11032112270447453]], "ideal": "B", "sampled": "D", "correct": false}}
{"type": "result", "data": {"idx": 44, "options": ["Stochastic Gradient Descent", "Mini-Batch Gradient Descent", "Batch Gradient Descent", "All of the above"], "probs": [[0.31698447935070445, 0.27118039532543026, 0.18348932537820858, 0.2283457998456567], [0.26644910570322283, 0.2279322696069953, 0.28812964055620605, 0.21748898403357578], [0.2629920243953927, 0.327335506644894, 0.20483559367992538, 0.2048368751797879], [0.25729932995101756, 0.32529860246953896, 0.19729959668779892, 0.22010247079164455]], "ideal": "D", "sampled": "D", "correct": true}}
{"type": "result", "data": {"idx": 45, "options": ["Decreases model bias", "Decreases estimation bias", "Decreases variance", "Doesn\u2019t affect bias and variance"], "probs": [[0.2693318265805429, 0.2530820814665149, 0.21647842426052005, 0.26110766759242215], [0.2892956988329123, 0.25535189722380736, 0.21169581691747183, 0.24365658692580852], [0.3093159564039772, 0.2817011563420855, 0.1790651247422798, 0.2299177624116575], [0.2731180746115604, 0.2647759278632282, 0.20945502503423907, 0.2526509723909723]], "ideal": "A", "sampled": "C", "correct": false}}
{"type": "result", "data": {"idx": 46, "options": ["3", "4", "7", "15"], "probs": [[0.22816542808659512, 0.29301111216942927, 0.2281939340092304, 0.2506295256347452], [0.22244498958613304, 0.2901656838911975, 0.21902365327600912, 0.2683656731466604], [0.2022092370660014, 0.2679273326172328, 0.24015820082657818, 0.2897052293901876], [0.22912711834459967, 0.32317048398864767, 0.19600321088232664, 0.251699186684426]], "ideal": "D", "sampled": "A", "correct": false}}
{"type": "result", "data": {"idx": 47, "options": ["anomaly detection", "one-class detection", "train-test mismatch robustness", "background detection"], "probs": [[0.28245702383077836, 0.3407589494841278, 0.17956787345997902, 0.1972161531251148], [0.3007298275201373, 0.3303272278130282, 0.14889215755945934, 0.2200507870073751], [0.20076349375624505, 0.24601906535549453, 0.27444651720163554, 0.27877092358662486], [0.21122189808261704, 0.3707919286174691, 0.16711647063833343, 0.25086970256158037]], "ideal": "A", "sampled": "A", "correct": true}}
{"type": "result", "data": {"idx": 48, "options": ["True, True", "False, False", "True, False", "False, True"], "probs": [[0.23720981254531237, 0.3094801717996959, 0.3243323966934361, 0.12897761886155562], [0.23105874198117282, 0.31102539496107295, 0.3110310276002554, 0.1468848353574988], [0.3295565447013869, 0.31953530548192594, 0.26080384070637963, 0.09010430901030753], [0.2980289160907263, 0.3540165125969683, 0.24332885441730986, 0.1046257167949955]], "ideal": "D", "sampled": "C", "correct": false}}
{"type": "result", "data": {"idx": 49, "options": ["True, True", "False, False", "True, False", "False, True"], "probs": [[0.24892160293950907, 0.28664276000971156, 0.32479166981310187, 0.13964396713767746], [0.24866925548017715, 0.3096243486932888, 0.2908603592054312, 0.15084603652110287], [0.3233819829338319, 0.32354699838918766, 0.2480742279622534, 0.10499679061472703], [0.29818443885972173, 0.3487657722380649, 0.22873537537293387, 0.12431441342927953]], "ideal": "D", "sampled": "C", "correct": false}}
{"type": "result", "data": {"idx": 50, "options": ["O(1)", "O( N )", "O(log N )", "O( N^2 )"], "probs": [[0.256129536843459, 0.34472176942837807, 0.20583287186103388, 0.19331582176712903], [0.2896585550512857, 0.36626593366375415, 0.15999375758936726, 0.1840817535955929], [0.29614603075186263, 0.2870876746026533, 0.20678148853526748, 0.20998480601021663], [0.2581750750283512, 0.3164145648163047, 0.20111618934050698, 0.22429417071483712]], "ideal": "B", "sampled": "C", "correct": false}}
{"type": "result", "data": {"idx": 51, "options": ["True, True", "False, False", "True, False", "False, True"], "probs": [[0.23711676539915758, 0.29065909545705204, 0.3142606866900674, 0.15796345235372294], [0.2350243408735707, 0.306679239639393, 0.2836224053927039, 0.17467401399433247], [0.3203087901610743, 0.3255238983220421, 0.238152016460087, 0.1160152949567966], [0.28727605507964, 0.3466733940094727, 0.22382737360403757, 0.14222317720684974]], "ideal": "A", "sampled": "C", "correct": false}}
{"type": "result", "data": {"idx": 52, "options": ["True, True", "False, False", "True, False", "False, True"], "probs": [[0.27017195802436816, 0.2832670382901715, 0.2877216210202019, 0.15883938256525842], [0.26578808224207773, 0.30606016969690075, 0.261799607575576, 0.16635214038544552], [0.3373795571462428, 0.3121761814547835, 0.23564483484121698, 0.11479942645775677], [0.31594654914557513, 0.3417607843534124, 0.21057277915756212, 0.13171988724345032]], "ideal": "D", "sampled": "C", "correct": false}}
{"type": "result", "data": {"idx": 53, "options": ["Is unbounded, encompassing all real numbers.", "Is unbounded, encompassing all integers.", "Is bounded between 0 and 1.", "Is bounded between -1 and 1."], "probs": [[0.17297525444424044, 0.22918292536257287, 0.29892441181942137, 0.2989174082737653], [0.25904530284198485, 0.46913942689972604, 0.09095075725599587, 0.1808645129022932], [0.3775689174260636, 0.27626956741444303, 0.18119458172273292, 0.1649669333367605], [0.35191559954184193, 0.3805689853557938, 0.08491926653602296, 0.18259614846634134]], "ideal": "C", "sampled": "C", "correct": true}}
{"type": "result", "data": {"idx": 54, "options": ["Linear hard-margin SVM.", "Linear Logistic Regression.", "Linear Soft margin SVM.", "The centroid method."], "probs": [[0.3843152522656456, 0.3040888011151447, 0.13284656404120448, 0.17874938247800518], [0.3786669671156825, 0.2996184825597598, 0.14832189677662594, 0.17339265344793173], [0.37980076516352634, 0.29584863002982353, 0.13334784903890434, 0.19100275566774577], [0.34957465525946085, 0.3085766434360918, 0.1576041132054081, 0.18424458799903923]], "ideal": "A", "sampled": "B", "correct": false}}
{"type": "result", "data": {"idx": 55, "options": ["Partitioning based clustering", "K-means clustering", "Grid based clustering", "All of the above"], "probs": [[0.4443709088230088, 0.2572286205400677, 0.10724380930912372, 0.19115666122779984], [0.3885066864773551, 0.23201510653582333, 0.20158835053794852, 0.17788985634887305], [0.41857389858869903, 0.3062802644149231, 0.1162542288262887, 0.15889160807008912], [0.41068718365572676, 0.28675283269679996, 0.1442004058097402, 0.15835957773773307]], "ideal": "D", "sampled": "D", "correct": true}}
{"type": "result", "data": {"idx": 56, "options": ["True, True", "False, False", "True, False", "False, True"], "probs": [[0.2610030251779331, 0.2867982174705232, 0.324987570163521, 0.12721118708802273], [0.2597559547019098, 0.3134851344203468, 0.2810290921066763, 0.14572981867106705], [0.3538682241503532, 0.31738407125988866, 0.24336280470208863, 0.0853848997876695], [0.3215637528691277, 0.3478426660833806, 0.21770361225889356, 0.11288996868859816]], "ideal": "D", "sampled": "C", "correct": false}}
{"type": "result", "data": {"idx": 57, "options": ["True, True", "False, False", "True, False", "False, True"], "probs": [[0.24988100674875216, 0.2922609535241213, 0.3062830360309875, 0.151575003596139], [0.2523653619796409, 0.3142012497856495, 0.2729956033401902, 0.16043778479451945], [0.3232294666925119, 0.32846484074384796, 0.23658945016565508, 0.11171624229798506], [0.3088390528846892, 0.3446689247740353, 0.21570438144434143, 0.13078764079693406]], "ideal": "D", "sampled": "C", "correct": false}}
{"type": "result", "data": {"idx": 58, "options": ["P(E, F), P(H), P(E|H), P(F|H)", "P(E, F), P(H), P(E, F|H)", "P(H), P(E|H), P(F|H)", "P(E, F), P(E|H), P(F|H)"], "probs": [[0.3135666548892213, 0.24808847901724437, 0.20890566704568353, 0.22943919894785075], [0.3028667704249592, 0.24340186608690256, 0.1986549436246109, 0.25507641976352735], [0.2555897793575374, 0.22559089620255215, 0.30356394789217217, 0.21525537644773823], [0.3139456557011426, 0.26031417039881993, 0.19958360788590052, 0.226156565914137]], "ideal": "B", "sampled": "A", "correct": false}}
{"type": "result", "data": {"idx": 59, "options": ["The use of sampling with replacement as the sampling technique", "The use of weak classifiers", "The use of classification algorithms which are not prone to overfitting", "The practice of validation performed on every classifier trained"], "probs": [[0.24085454281462892, 0.2604701777962124, 0.21259408870308424, 0.28608119058607445], [0.24328541028196393, 0.28447126491588975, 0.1646414647938636, 0.30760185990828276], [0.19198893294782216, 0.25839171196010224, 0.2280348871127452, 0.32158446787933037], [0.23462529386470662, 0.31089119973001544, 0.13371218046473554, 0.32077132584054235]], "ideal": "B", "sampled": "A", "correct": false}}
{"type": "result", "data": {"idx": 60, "options": ["True, True", "False, False", "True, False", "False, True"], "probs": [[0.2420485764499849, 0.2875610291670294, 0.32584932443221304, 0.14454106985077264], [0.23699146506800617, 0.304433703392103, 0.29050630328134364, 0.16806852815854714], [0.33116112655839675, 0.3161417104222369, 0.25010125708606584, 0.10259590583330054], [0.30961602480426936, 0.3509697009321755, 0.21624946874262171, 0.12316480542093344]], "ideal": "B", "sampled": "C", "correct": false}}
{"type": "result", "data": {"idx": 61, "options": ["True, True", "False, False", "True, False", "False, True"], "probs": [[0.24678473559006525, 0.2977948949428923, 0.3169811225970001, 0.13843924677004232], [0.24337802422792898, 0.317548855401807, 0.28912164070344953, 0.14995147956681448], [0.3382086980293611, 0.3331147357341769, 0.23621007891536022, 0.09246648722110183], [0.3012184910628912, 0.36918692172303397, 0.21703378172409482, 0.11256080538997994]], "ideal": "A", "sampled": "C", "correct": false}}
{"type": "result", "data": {"idx": 62, "options": ["0", "1", "2", "3"], "probs": [[0.28080752958760197, 0.31332448300645377, 0.17303484619602122, 0.23283314110992306], [0.2714713554032079, 0.2801525932293016, 0.17258985596048274, 0.2757861953070078], [0.27695548531623754, 0.2813748120980222, 0.19338063893768556, 0.2482890635480547], [0.2947664988386832, 0.2902592252020505, 0.16281222533202264, 0.2521620505272436]], "ideal": "C", "sampled": "A", "correct": false}}
{"type": "result", "data": {"idx": 63, "options": ["The examples farthest from the decision boundary.", "The only examples necessary to compute f(x) in an SVM.", "The data centroid.", "All the examples that have a non-zero weight \u03b1k in a SVM."], "probs": [[0.34681397931396307, 0.31093260874419915, 0.12176369965172867, 0.2204897121901091], [0.2628012636458521, 0.25476158042329405, 0.24310306074427998, 0.23933409508657383], [0.2021279842093514, 0.5003894120070452, 0.1245572156947634, 0.17292538798883994], [0.37718396813101757, 0.33292909957225103, 0.12247966046181906, 0.16740727173491235]], "ideal": "B", "sampled": "D", "correct": false}}
{"type": "result", "data": {"idx": 64, "options": ["True, True", "False, False", "True, False", "False, True"], "probs": [[0.26300084980183663, 0.2889805478906815, 0.2981559976362453, 0.14986260457123657], [0.25592762539966585, 0.3186601961737891, 0.27257383004060354, 0.1528383482859415], [0.3376730432422006, 0.3274529326745187, 0.2286108766060575, 0.10626314737722319], [0.31182894339892003, 0.35350933930847506, 0.21443014004492839, 0.12023157714767647]], "ideal": "A", "sampled": "C", "correct": false}}
{"type": "result", "data": {"idx": 65, "options": ["Regularization is too low and model is overfitting", "Regularization is too high and model is underfitting", "Step size is too large", "Step size is too small"], "probs": [[0.31397760379121503, 0.3448782316232293, 0.1415430179326704, 0.19960114655288527], [0.24953979251273523, 0.3010454475578624, 0.2037019431387332, 0.2457128166906692], [0.2691098531546256, 0.3455969793926879, 0.18212663178192126, 0.2031665355707652], [0.2639891684988274, 0.355287237938553, 0.1652292982221137, 0.21549429524050587]], "ideal": "C", "sampled": "A", "correct": false}}
{"type": "result", "data": {"idx": 66, "options": ["0.0495", "0.078", "0.635", "0.97"], "probs": [[0.20766214714861297, 0.2708859999074953, 0.25054233890438526, 0.27090951393950646], [0.23014028368078998, 0.3146148621721365, 0.20634226498924585, 0.24890258905782764], [0.2198981940526409, 0.2453521340840082, 0.3006222545799994, 0.23412741718335148], [0.2426008392300375, 0.3642504973755337, 0.1542416134728453, 0.2389070498215835]], "ideal": "C", "sampled": "A", "correct": false}}
{"type": "result", "data": {"idx": 67, "options": ["True, True", "False, False", "True, False", "False, True"], "probs": [[0.2440886609893037, 0.3086805893368705, 0.2991754665794492, 0.14805528299437665], [0.23592993966261508, 0.32768875845506307, 0.2716615538275013, 0.16471974795482058], [0.3330742319169091, 0.3384773033972667, 0.22198245755650678, 0.10646600702931738], [0.2963436565724477, 0.3632185485835635, 0.21689532856631435, 0.12354246617767443]], "ideal": "A", "sampled": "C", "correct": false}}
{"type": "result", "data": {"idx": 68, "options": ["True, True", "False, False", "True, False", "False, True"], "probs": [[0.26107969099415157, 0.295969686002648, 0.30536263268031894, 0.13758799022288146], [0.2446428086896161, 0.30939366274324576, 0.2952301379880204, 0.15073339047911774], [0.33903024102382434, 0.31864592904608746, 0.24817000696814903, 0.09415382286193918], [0.3059380169837895, 0.3522759465654512, 0.22745895517822695, 0.11432708117253243]], "ideal": "A", "sampled": "C", "correct": false}}
{"type": "result", "data": {"idx": 69, "options": ["Expectation Maximization", "CART", "Gaussian Na\u00efve Bayes", "Apriori"], "probs": [[0.21297211942927194, 0.31478786465357983, 0.24901568887127762, 0.22322432694587063], [0.21560733660709497, 0.29937238390349913, 0.23682422149269494, 0.24819605789671093], [0.17855644224288655, 0.2809366583543221, 0.27658116814708555, 0.26392573115570583], [0.17835512223978095, 0.2850440655350532, 0.28504332047701575, 0.2515574916481501]], "ideal": "A", "sampled": "B", "correct": false}}
{"type": "result", "data": {"idx": 70, "options": ["Your decision trees are too shallow.", "You need to increase the learning rate.", "You are overfitting.", "None of the above."], "probs": [[0.26765155789559814, 0.2805714904981422, 0.2117987721946633, 0.23997817931159635], [0.277872170809851, 0.3625040894011138, 0.13976095407159814, 0.21986278561743708], [0.37596391328228546, 0.2928688656783281, 0.16429556148922617, 0.16687165945016028], [0.19494500754314284, 0.39390563960904695, 0.18318246303157038, 0.22796688971623988]], "ideal": "A", "sampled": "C", "correct": false}}
{"type": "result", "data": {"idx": 71, "options": ["linear in K", "quadratic in K", "cubic in K", "exponential in K"], "probs": [[0.3356252312324592, 0.330450415578222, 0.20042134819410734, 0.1335030048952114], [0.31701354133933246, 0.30252344314778873, 0.22835314952096114, 0.15210986589191763], [0.3264919367027992, 0.31156884033405213, 0.22794463757133784, 0.13399458529181082], [0.35139332103831405, 0.35142196106841866, 0.17948368610234203, 0.11770103169092529]], "ideal": "A", "sampled": "A", "correct": true}}
{"type": "result", "data": {"idx": 72, "options": ["True, True", "False, False", "True, False", "False, True"], "probs": [[0.25091413408733027, 0.2844643677326996, 0.31241808269529886, 0.15220341538467125], [0.2519644012821777, 0.3040915500745405, 0.28123621034520274, 0.1627078381980791], [0.325764486928922, 0.33108056574969424, 0.2422259670917151, 0.10092898012966867], [0.3014527260955719, 0.3525988161211274, 0.2241368889584518, 0.12181156872484887]], "ideal": "B", "sampled": "D", "correct": false}}
