{"type": "result", "data": {"idx": 0, "options": ["middle ages", "chess board", "kids story", "fairy tale", "castle"], "probs": [[0.03588472585321831, 0.059146574081429384, 0.12521329194361638, 0.7206007053570881, 0.05915470266464785], [0.020377494392741457, 0.048862814898373, 0.7643430232237366, 0.033577658232669, 0.13283900915247995], [0.04183576938336306, 0.6543751856868473, 0.06896604494111436, 0.18742634074860606, 0.0473966591400693], [0.34851752344969866, 0.0686271685271432, 0.5070900122148647, 0.028601527955070847, 0.04716376775322257], [0.01107598499496493, 0.020689441467134032, 0.01611221626553354, 0.07219618759875523, 0.8799261695736122]], "ideal": "D", "sampled": "D", "correct": true}}
{"type": "result", "data": {"idx": 1, "options": ["counter", "coffee table", "school room", "backpack", "bedside table"], "probs": [[0.27413053338954857, 0.2135048587967357, 0.31068540773732284, 0.100832220187841, 0.10084697978855188], [0.2767432567928422, 0.2155278723725946, 0.2442385499477851, 0.11535214373763902, 0.1481381770491391], [0.1470549360648283, 0.14704514600221671, 0.18880970211496226, 0.2424070464604965, 0.2746831692574962], [0.10351141772527207, 0.15054753757731615, 0.2813009682307195, 0.36117035954194915, 0.10346971682474318], [0.18604703522918364, 0.23888911660441695, 0.3476264826252103, 0.12785355935984177, 0.09958380608134733]], "ideal": "B", "sampled": "B", "correct": true}}
{"type": "result", "data": {"idx": 2, "options": ["cleanness", "wetness", "exfoliation", "use water", "hygiene"], "probs": [[0.18177525409173692, 0.019161445422475394, 0.013168854577070736, 0.06686646187709556, 0.7190279839316214], [0.010306386631718518, 0.013227048257303592, 0.013227825911539612, 0.9272877409274298, 0.0359509981720085], [0.011715751048973632, 0.019312144708783847, 0.9303569863900464, 0.01930800032303002, 0.01930711742916606], [0.024172777155912976, 0.9070768401403383, 0.039851239905148036, 0.010075972196359176, 0.018823170502241547], [0.8928610354629856, 0.05037548244270722, 0.02379992544246165, 0.018530739416459763, 0.014432817135385783]], "ideal": "A", "sampled": "E", "correct": false}}
{"type": "result", "data": {"idx": 3, "options": ["table", "meeting", "drawer", "toilet", "garage"], "probs": [[0.9068159553013806, 0.039842714028425305, 0.02417134518110139, 0.00784475457430815, 0.021325230814784542], [0.0427742046185867, 0.07050439045134013, 0.007433042474726095, 0.02019599846572192, 0.8590923638896252], [0.015357931659529858, 0.013550256942946093, 0.009312946096923755, 0.9498237113963122, 0.01195515380428812], [0.018966356431780712, 0.021486137220246757, 0.9137246675898199, 0.021481808432888123, 0.024341030225264508], [0.04007213748926684, 0.9119567102751833, 0.02430616432120871, 0.006962593968382194, 0.016702393845958903]], "ideal": "A", "sampled": "A", "correct": true}}
{"type": "result", "data": {"idx": 4, "options": ["damage", "wonderful", "exhaustion", "orgasm", "lazy"], "probs": [[0.025378556427761233, 0.2727352527802437, 0.022389061093480826, 0.65413496444895, 0.02536216514956424], [0.2796999957721375, 0.0623962241108425, 0.5920802663014464, 0.02294904858123752, 0.04287446513433609], [0.0254142271113344, 0.6552358523350552, 0.017464525085046288, 0.028782440708105293, 0.2731029546604588], [0.3762279706493646, 0.04493121379613968, 0.050913731924787535, 0.4830009882823809, 0.044926095247327304], [0.010652423577283687, 0.013671148235986212, 0.8457476887104555, 0.015489440966035583, 0.11443929841023909]], "ideal": "B", "sampled": "D", "correct": false}}
{"type": "result", "data": {"idx": 5, "options": ["enemies", "perform better", "sweat", "tension", "frostbite"], "probs": [[0.007334072242341605, 0.01066859478883878, 0.00941437435831885, 0.012086163602855526, 0.9604967949076453], [0.011847030118475045, 0.015202129462620789, 0.015202129462620789, 0.9405224409096767, 0.0172262699466066], [0.011841007402915635, 0.010447808338761144, 0.940406268862537, 0.022108848817450684, 0.015196066478335598], [0.018812550866139546, 0.9062191848339071, 0.03101264855431825, 0.016594170440571647, 0.02736144520506349], [0.48055513856471277, 0.1376612098821968, 0.08352180197842271, 0.17674873067528085, 0.12151311879938685]], "ideal": "D", "sampled": "E", "correct": false}}
{"type": "result", "data": {"idx": 6, "options": ["free will", "choice", "will", "alcohol", "freedom"], "probs": [[0.22760413294361348, 0.6188013068905537, 0.06522749598500001, 0.03079807144557599, 0.05756899263525679], [0.5703722982752892, 0.06814854769114585, 0.036469527536286864, 0.019515399396732202, 0.30549422700054585], [0.008572468754025007, 0.014124799278915138, 0.010999269802015228, 0.7712724760863323, 0.1950309859787123], [0.004348540084952551, 0.014245824468999073, 0.2371605862900397, 0.7308589004906539, 0.013386148565354751], [0.006013226274738427, 0.2117540390190763, 0.7391703803863876, 0.014407337566747056, 0.028655016653050615]], "ideal": "B", "sampled": "B", "correct": true}}
{"type": "result", "data": {"idx": 7, "options": ["bathtub", "washing area", "hotel", "shower stall", "department store"], "probs": [[0.0211101909561304, 0.02390935532931703, 0.03069775780832019, 0.89719201907894, 0.02709067672729243], [0.02955228894708823, 0.04297988677240003, 0.8634823785974596, 0.02606340758342735, 0.037922037999624764], [0.10546458825798952, 0.6069555462872667, 0.06396750550725658, 0.17380501846140103, 0.04980734138608622], [0.8196160149987298, 0.06728633943702246, 0.07624540988493965, 0.021838623629916457, 0.01501361194939165], [0.0098960067106575, 0.06450565338902488, 0.011210941090364444, 0.02372488259263247, 0.8906625161173207]], "ideal": "A", "sampled": "D", "correct": false}}
{"type": "result", "data": {"idx": 8, "options": ["new york city", "subdivision", "ring", "hazleton", "live in"], "probs": [[0.9733242459589175, 0.012254537348502669, 0.007433412192580834, 0.005108050724405397, 0.0018797536755935395], [0.003895221319400518, 0.005665795006368572, 0.00500026117727729, 0.03259856288450139, 0.9528401595124523], [0.00822589458155563, 0.010557599691896836, 0.01740455648481327, 0.9502565204452738, 0.013555428696460436], [0.00827420185662403, 0.015451131613213102, 0.9559714356947252, 0.008270394610113127, 0.012032836125324494], [0.010600238282180931, 0.9540436183225582, 0.01747391993307404, 0.010597733955956463, 0.007284489406230295]], "ideal": "A", "sampled": "A", "correct": true}}
{"type": "result", "data": {"idx": 9, "options": ["very entertaining", "fun", "slow", "competitive", "violent"], "probs": [[0.005827094156009086, 0.005826493918589822, 0.0027517237216966774, 0.005823995180039183, 0.9797706929236653], [0.00508141201326934, 0.006127571803477853, 0.0057535424058603474, 0.9674036090522071, 0.01563386462518531], [0.006512040007510387, 0.009473067746516586, 0.9661913906944067, 0.0083560290916506, 0.009467472359915635], [0.010549157738943956, 0.9496050369951655, 0.02232781772470917, 0.009305492869890216, 0.008212494571291147], [0.9754905775640365, 0.012282599038912328, 0.006574401280758535, 0.003518168393715377, 0.0021342536225773547]], "ideal": "E", "sampled": "E", "correct": true}}
{"type": "result", "data": {"idx": 10, "options": ["night sky", "galaxy", "outer space", "hollywood", "eat cake"], "probs": [[0.14546447611542004, 0.12837195060383672, 0.6520489879628784, 0.03244522501532912, 0.041669360202535706], [0.4459305587905116, 0.44595845376540677, 0.041480602529544906, 0.025154815152390757, 0.04147556966214595], [0.8299373798001456, 0.06012046574675798, 0.03217600958824241, 0.03645604021953475, 0.04131010454531932], [0.01167880257298122, 0.019236355677660324, 0.12539514676111566, 0.2067269944120105, 0.6369627004762323], [0.01816931251544525, 0.10445544531188243, 0.07177844923640389, 0.7716910544113857, 0.033905738424882675]], "ideal": "C", "sampled": "C", "correct": true}}
{"type": "result", "data": {"idx": 11, "options": ["new perspective", "entertained", "understanding", "hunger", "tired eyes"], "probs": [[0.7151192808890694, 0.03561551762416889, 0.23224236866767273, 0.011558008034622959, 0.005464824684466076], [0.0054044700020941154, 0.11551880047239461, 0.007387666469119572, 0.017713233760786356, 0.8539758291956053], [0.017158981315049976, 0.013359997345512265, 0.013358989654492262, 0.936683351434138, 0.01943868015080756], [0.003425131910378402, 0.005644680755489601, 0.5755819498153423, 0.019695329794745597, 0.39565290762404415], [0.005208907978279926, 0.1953736220155174, 0.018172578172557102, 0.772659350613013, 0.008585541120632487]], "ideal": "A", "sampled": "A", "correct": true}}
{"type": "result", "data": {"idx": 12, "options": ["initiate", "ignore", "question", "answer", "ask"], "probs": [[0.1243616677506083, 0.10971035389131985, 0.2980894534912476, 0.262936003865413, 0.20490252090141123], [0.14429880247166785, 0.2694186189674545, 0.2377611029577584, 0.16329912353017734, 0.1852223519729419], [0.24560271540828593, 0.14892489826120545, 0.24553566017792433, 0.16866114500424056, 0.19127558104834372], [0.30112120057430874, 0.14221955622473395, 0.16117858644932154, 0.1610312437696471, 0.23444941288198864], [0.220546795252659, 0.10416232715874635, 0.17176203300008636, 0.2203411294274144, 0.2831877150610939]], "ideal": "A", "sampled": "C", "correct": false}}
{"type": "result", "data": {"idx": 13, "options": ["hair brush", "ladies bathroom", "art supplies", "shower", "hair salon"], "probs": [[0.027067881881506953, 0.03936863062490616, 0.8960855273329843, 0.016411288197523983, 0.02106667186307859], [0.07675595066075208, 0.8253176254113327, 0.0362646592641721, 0.015115148304110714, 0.04654661625963238], [0.8285430350700255, 0.06801608432203146, 0.028360600599959887, 0.02834917513423258, 0.04673110477375058], [0.019426580335617328, 0.013349466831490344, 0.011780864448218043, 0.01941801403065665, 0.9360250742540176], [0.021312427842257994, 0.018798484696114566, 0.03511634337862551, 0.9059800763274711, 0.018792667655530802]], "ideal": "C", "sampled": "C", "correct": true}}
{"type": "result", "data": {"idx": 14, "options": ["plastic bag", "pantry", "supermarket", "toaster", "prison"], "probs": [[0.00579183522831999, 0.008419038097587395, 0.007431458947540468, 0.9732509007357598, 0.0051067668907923535], [0.005085724863992387, 0.012191857193040776, 0.9688031062882122, 0.007394272357332182, 0.006525039197422397], [0.010690440213636382, 0.9620578099912832, 0.012110520847494439, 0.004454949783131208, 0.010686279064454799], [0.9773490778689521, 0.010857367738297237, 0.007463966276814087, 0.003111042573105237, 0.0012185454428313414], [0.00949761454771548, 0.010758270475902092, 0.0034939770011877752, 0.007394044636912109, 0.9688560932382826]], "ideal": "D", "sampled": "D", "correct": true}}
{"type": "result", "data": {"idx": 15, "options": ["oven", "freezer", "plate", "tupperware", "grill"], "probs": [[0.01583227092400455, 0.672400095561704, 0.04870073715126676, 0.24725087691743097, 0.01581601934559374], [0.4642845136979529, 0.05545087954826169, 0.46415776441967027, 0.010257382040352042, 0.005849460193763041], [0.016419246879969127, 0.05725194267241961, 0.011278652297766225, 0.0185896026358102, 0.8964605554140348], [0.02454741405270364, 0.01909606199920691, 0.01909606199920691, 0.9204026960886248, 0.016857765760257774], [0.006580456061294425, 0.010833700024986211, 0.6697868604320031, 0.03333703751026454, 0.27946194587145173]], "ideal": "B", "sampled": "B", "correct": true}}
{"type": "result", "data": {"idx": 16, "options": ["jungle", "zoo", "kill", "india", "eat cake"], "probs": [[0.01519757747996473, 0.9400943226448943, 0.02505151981265904, 0.010441037895442736, 0.009215542067039126], [0.951885946554528, 0.022388764853015337, 0.011983842326695675, 0.009332647862129735, 0.004408798303631289], [0.004433523655514403, 0.005690602450679642, 0.0039113506153593165, 0.0288886928953616, 0.9570758302830851], [0.00923056037859405, 0.015207084095975272, 0.019526281915610594, 0.9408289894138447, 0.015207084095975272], [0.005017698891486594, 0.01362889766195913, 0.9555908129329795, 0.01749676331693095, 0.008265827096643794]], "ideal": "B", "sampled": "B", "correct": true}}
{"type": "result", "data": {"idx": 17, "options": ["picture of sea side", "seaside town", "beach", "california", "see side picture"], "probs": [[0.025746026772973465, 0.022715309208447103, 0.07927860820892535, 0.8522152843504524, 0.02004477135920167], [0.01842421417566948, 0.02086816471675911, 0.8873369395365874, 0.03439396504138059, 0.038976716429603396], [0.0282123397341597, 0.6419330477792722, 0.23614011092134665, 0.052677093168187486, 0.04103740829703396], [0.28314159188258514, 0.4119427790868521, 0.15153637887986246, 0.04918674757683539, 0.10419250247386491], [0.06826458171342141, 0.025111238691087296, 0.060226687573453015, 0.11248414555067764, 0.7339133463713606]], "ideal": "D", "sampled": "D", "correct": true}}
{"type": "result", "data": {"idx": 18, "options": ["west virginia", "kentucky", "rocky hills", "scotland", "canyon"], "probs": [[0.022552404525609547, 0.9585793202489278, 0.009399239738866912, 0.004438872810383095, 0.005030162576212655], [0.9753208498865941, 0.00956227046329446, 0.005800173464717633, 0.005799149941235162, 0.0035175561441586766], [0.006878342864366395, 0.00687231627605682, 0.006065423063497005, 0.3992437971444652, 0.5809401205516146], [0.009214802717352562, 0.00920767716899851, 0.03212586490806567, 0.9390210229876181, 0.010430632117965079], [0.006496255850876394, 0.015571655011978292, 0.9632245449254099, 0.00735430989466277, 0.007353234217072666]], "ideal": "B", "sampled": "B", "correct": true}}
{"type": "result", "data": {"idx": 19, "options": ["office building", "office supply store", "desk drawer", "with dwight", "desktop"], "probs": [[0.0055165701328214675, 0.010967774458575236, 0.8712782972532729, 0.04913578991091358, 0.06310156814441688], [0.02207879920499595, 0.8284359023735511, 0.052957769773956685, 0.07704503131471345, 0.019482497232782715], [0.3933886411367966, 0.3471642577078558, 0.09946850241611854, 0.1276844235672035, 0.03229417507202554], [0.013345103219447886, 0.02199789581686565, 0.007142197110486319, 0.021993587518493472, 0.9355212162347066], [0.007372716962533954, 0.01293259146595929, 0.007369847092361342, 0.9066447134180449, 0.06568013096110052]], "ideal": "C", "sampled": "C", "correct": true}}
{"type": "result", "data": {"idx": 20, "options": ["work", "tacos", "mass", "play sports", "wrestle"], "probs": [[0.01179295753119244, 0.015135545224676502, 0.024952413089918316, 0.9363323989809219, 0.011786685073290847], [0.010390136438268282, 0.021988144244607315, 0.9348892016094765, 0.01939798527854223, 0.013334532329105657], [0.017191266540646507, 0.9384116054920639, 0.02206932687585967, 0.01516246249989633, 0.0071653384915335685], [0.941052390722283, 0.03219937002852158, 0.01521338075368105, 0.008139827821203538, 0.0033950305743109025], [0.012329125678053686, 0.015821946658021384, 0.00453402889983162, 0.10313875145488062, 0.8641761472092127]], "ideal": "D", "sampled": "D", "correct": true}}
{"type": "result", "data": {"idx": 21, "options": ["math class", "math book", "in pythagorus' band", "orchestra", "music class"], "probs": [[0.0048094362379506655, 0.007924931643397313, 0.011531632218269512, 0.7132752409291613, 0.26245875887122116], [0.005626380270091187, 0.01266813332270027, 0.41943218010822486, 0.5386105609759861, 0.023662745222997515], [0.010407073665391951, 0.14358880165012305, 0.8264252592204789, 0.009178064155738762, 0.010400801208267302], [0.36550700303440026, 0.6027406394542236, 0.020627151970937924, 0.0059087345724216115, 0.005216470868016539], [0.5712317100065792, 0.028444969387973175, 0.01725166811059004, 0.07729649370218115, 0.3057751586926764]], "ideal": "E", "sampled": "E", "correct": true}}
{"type": "result", "data": {"idx": 22, "options": ["believe in god", "smoke marijuana", "desire to travel", "use weapons", "throw away"], "probs": [[0.007319024672136107, 0.008290610979793738, 0.9582642169273222, 0.015483724582734294, 0.010642422738013666], [0.0119753886770981, 0.9513824037900882, 0.01356764222010683, 0.017417438742965422, 0.0056571264697414265], [0.9678561836361849, 0.012184662181465796, 0.007391162806510759, 0.009487376110028646, 0.003080615165809887], [0.009526658760128034, 0.0074176755398228525, 0.0029054668134889197, 0.00840453334075961, 0.9717456654458005], [0.008395630340717084, 0.007407331265868498, 0.005768426972756928, 0.9700355998591468, 0.008393011461510698]], "ideal": "C", "sampled": "C", "correct": true}}
{"type": "result", "data": {"idx": 23, "options": ["mall", "grocery store", "grocery store", "shop", "supermarket"], "probs": [[0.6504705032707783, 0.04158926798072328, 0.053393870085280314, 0.2392497767117617, 0.015296581851456393], [0.01923740275360148, 0.0192301663765235, 0.4959525033291409, 0.027971525484834916, 0.4376084019558992], [0.021969585953852424, 0.3031593768544015, 0.06765015221008217, 0.5661995241612382, 0.04102136072042568], [0.28186534887420234, 0.09149489989165162, 0.5967089333146878, 0.014030262356069, 0.01590055546338921], [0.02200336307800965, 0.6427891038270419, 0.02199649736822046, 0.07674213240765325, 0.2364689032190748]], "ideal": "A", "sampled": "A", "correct": true}}
{"type": "result", "data": {"idx": 24, "options": ["digestive", "feel better", "sleepiness", "indigestion", "illness"], "probs": [[0.012935341904452835, 0.012927764664198227, 0.010068153680185163, 0.9061361297207143, 0.05793260993044939], [0.006763126803929008, 0.008680355269413, 0.8852069499022812, 0.07262690720721575, 0.02672266071716108], [0.01119633309725436, 0.6927596996966491, 0.25482738276546757, 0.02684274343064796, 0.014373840909981048], [0.908514794846788, 0.06582421043794928, 0.01664650807540067, 0.006121524590484566, 0.0028929619493775482], [0.9316912364588916, 0.03189439554926364, 0.015065847112287343, 0.008059600945304966, 0.01328891983425239]], "ideal": "D", "sampled": "D", "correct": true}}
{"type": "result", "data": {"idx": 25, "options": ["club", "assembly hall", "meditation center", "meeting", "church"], "probs": [[0.9719368187853622, 0.013863119251768507, 0.008409987176501451, 0.004500447292186095, 0.0012896273941817088], [0.009460191833569514, 0.005736597141739957, 0.0044683197769242395, 0.01558761615138787, 0.9647472749963785], [0.015361528900728845, 0.013546016227676084, 0.00931273906577655, 0.9498273785771271, 0.011952337128691433], [0.027080324700887483, 0.05056406425198254, 0.8965863946818846, 0.01128236826777668, 0.014486847997468657], [0.04516400907706735, 0.9071434418096485, 0.027389093209895486, 0.011413297034253653, 0.008890158769135053]], "ideal": "A", "sampled": "A", "correct": true}}
{"type": "result", "data": {"idx": 26, "options": ["forest", "valley", "outdoors", "countryside", "woods"], "probs": [[0.024167543364758792, 0.9068804416154942, 0.031026596315926806, 0.02131964646558222, 0.016605772138238006], [0.9424316544227195, 0.02846368858692397, 0.015235514763553422, 0.01046895943192855, 0.003400182694874587], [0.02284116221150906, 0.022834922350468967, 0.01778108566810534, 0.07966869056538937, 0.8568741391045273], [0.019299949424183522, 0.017023087505117218, 0.01502395620757836, 0.9293633205131638, 0.01928968624995711], [0.019164137154129318, 0.016907952602750152, 0.9230733025759921, 0.019152817860886857, 0.021701789706241606]], "ideal": "B", "sampled": "B", "correct": true}}
{"type": "result", "data": {"idx": 27, "options": ["music store", "create music", "zoo", "music room", "symphony"], "probs": [[0.005086587912455641, 0.007398398883419654, 0.004487807191186651, 0.013820242863490324, 0.9692069630494478], [0.006446544447292229, 0.009371775312392817, 0.008272217792946198, 0.9560705777506422, 0.019838884596726544], [0.008098597848686538, 0.02493131784293793, 0.9357809667488451, 0.011776720479581186, 0.01941239697994918], [0.03964753518723515, 0.90222407974804, 0.021221796424068008, 0.024038268676163644, 0.012868319864493192], [0.939001434567771, 0.0283553859138664, 0.022086636943277296, 0.00716903614555925, 0.003387506329526052]], "ideal": "E", "sampled": "E", "correct": true}}
{"type": "result", "data": {"idx": 28, "options": ["boat", "necessary to live", "edible", "unhealthy", "kitchen"], "probs": [[0.005053208295883749, 0.012113903671065377, 0.0083275291405057, 0.9623906485961907, 0.012114710196354447], [0.009164662586947436, 0.017116469431766982, 0.9346340441132654, 0.02197293458045281, 0.017111889187567297], [0.021206143010705322, 0.9017610817770741, 0.039616105392073865, 0.01870764661267025, 0.018709023107476415], [0.7215439918433395, 0.05923776154052355, 0.06713860706405798, 0.0760366495038895, 0.07604298994818944], [0.003961013062528176, 0.006528680510595696, 0.006528680510595696, 0.013818232918637686, 0.9691633928976428]], "ideal": "D", "sampled": "D", "correct": true}}
{"type": "result", "data": {"idx": 29, "options": ["most offices", "fish department", "fancy restaurant", "government submarine", "chesapeake bay"], "probs": [[0.02932152885331723, 0.8568360719322288, 0.03321857203023675, 0.025862302307421717, 0.054761524776795516], [0.9415285240006889, 0.028431697631157108, 0.015220914405900563, 0.010457998687202234, 0.004360865175051225], [0.02321665175026947, 0.023207297546330965, 0.03376206010242442, 0.15129381416715212, 0.7685201763338231], [0.011382410543897317, 0.024074985117223984, 0.03969558460221134, 0.9035995054701426, 0.021247514166524768], [0.020992300718105813, 0.05703067593071863, 0.8922325677015421, 0.011229305160947686, 0.018515150388685696]], "ideal": "B", "sampled": "B", "correct": true}}
{"type": "result", "data": {"idx": 30, "options": ["case", "jewelry store", "shopping", "jewelery box", "hock"], "probs": [[0.015143394200237019, 0.9366626552516328, 0.0249577846101821, 0.008101175892991395, 0.015134989944956656], [0.9504651083307543, 0.01972934532293067, 0.015365230294826903, 0.010555982207713881, 0.003884333743774323], [0.011877741953186322, 0.013452285172718606, 0.009245610295573121, 0.02216928704809485, 0.9432550754304271], [0.008131605950668119, 0.015168000842544518, 0.013387275879542727, 0.9383080558877083, 0.02500506133953633], [0.00721522649843224, 0.0172905056781469, 0.944029625800002, 0.019584308612433172, 0.01188033331098565]], "ideal": "B", "sampled": "B", "correct": true}}
{"type": "result", "data": {"idx": 31, "options": ["dishwasher", "water fountain", "sand box", "toilet", "kitchen cabinet"], "probs": [[0.009445612604919012, 0.009443697805458806, 0.0039371680886252135, 0.01373882023743485, 0.9634347011635621], [0.01345025614662803, 0.015236217072983345, 0.013447184644868793, 0.9426313952864903, 0.015234946749029555], [0.013448647029722238, 0.019561349555867948, 0.9425186435760909, 0.009239356540264532, 0.015232003198054306], [0.04037411077573528, 0.9187841528658113, 0.019070447963475724, 0.010205970002337967, 0.011565318292639779], [0.9315798310318218, 0.03187583972852474, 0.01706373619544953, 0.010347380995657659, 0.009133211948546199]], "ideal": "E", "sampled": "E", "correct": true}}
{"type": "result", "data": {"idx": 32, "options": ["office building", "internet cafe", "house", "school", "internet cafe"], "probs": [[0.6659855444357058, 0.09012107818778402, 0.13114853592838271, 0.04256212092695553, 0.07018272042117198], [0.018172298539802473, 0.02994698874629391, 0.020582244587302487, 0.055932839272315855, 0.8753656287542853], [0.018739226889500214, 0.024049201574672115, 0.024049201574672115, 0.9022900309990131, 0.030872338862142534], [0.020332612246719842, 0.043019771892148034, 0.8640752498245078, 0.029558886059836698, 0.043013479876787684], [0.05497649123263604, 0.7588160291648468, 0.06228326469241634, 0.09058846836114116, 0.03333574644895967]], "ideal": "A", "sampled": "A", "correct": true}}
{"type": "result", "data": {"idx": 33, "options": ["last word", "conclusion", "ikea instructions", "afterword", "epilogue"], "probs": [[0.05329455007345299, 0.09952721591950875, 0.053273077498894934, 0.6490939049723689, 0.14481125143577447], [0.1040184964139024, 0.08099784107064804, 0.6783402687813799, 0.08097815663634629, 0.05566523699772333], [0.0258329559464083, 0.6660442649373867, 0.16841109848176103, 0.037570481933047094, 0.10214119860139695], [0.491769803424134, 0.3380120782442805, 0.06656354093610489, 0.05182242155583893, 0.05183215573964168], [0.5868820613059855, 0.09000691871197765, 0.09001928667590552, 0.04250654997817659, 0.19058518322795467]], "ideal": "E", "sampled": "D", "correct": false}}
{"type": "result", "data": {"idx": 34, "options": ["fish market", "pet shop", "fishmongers", "intertidal zone", "obesity"], "probs": [[0.2439015529261197, 0.2763766501967161, 0.2764224563638324, 0.10163371478915134, 0.1016656256241805], [0.09560419371684029, 0.20237881998669696, 0.22932523192613327, 0.13904913493601723, 0.3336426193343122], [0.36946336532305635, 0.08245390898517488, 0.07275592751836178, 0.10584170685668472, 0.3694850912167223], [0.06075970197930064, 0.053602442277423765, 0.16510713945939853, 0.5084959391847098, 0.2120347769991672], [0.027124862913124808, 0.08352439787503002, 0.7925136029485573, 0.03944249421379058, 0.05739464194949731]], "ideal": "C", "sampled": "B", "correct": false}}
{"type": "result", "data": {"idx": 35, "options": ["brush hair", "theater", "house", "dwelling", "bathhouse"], "probs": [[0.016029974354523188, 0.023311488197769986, 0.014137580910377673, 0.07176379073570639, 0.8747571657016228], [0.013019184980760497, 0.031185350404836294, 0.02752720835194193, 0.911575941354154, 0.016692314808307275], [0.010382502190645657, 0.028202634566822243, 0.9339429843696769, 0.017100126839498207, 0.010371751933356979], [0.01527681579763715, 0.9450623427320031, 0.022223953238231627, 0.009261770207483885, 0.00817511792464431], [0.927919310836102, 0.04620186525490303, 0.015000753755098423, 0.0070852854824937075, 0.003792784571402763]], "ideal": "E", "sampled": "E", "correct": true}}
{"type": "result", "data": {"idx": 36, "options": ["poisonous gas", "homicide", "cinder", "nuclear weapons", "cyanide"], "probs": [[0.4308004750208152, 0.13986044391318944, 0.07487011309641838, 0.058280569249792295, 0.2961883986197847], [0.16512620645730605, 0.05359399643945478, 0.06073798881050874, 0.21191729435342627, 0.5086245138393042], [0.03687871454829525, 0.053615288269435304, 0.1457619750758392, 0.18706589099089727, 0.576678131015533], [0.11240770247915965, 0.18522200786623325, 0.26954509801161836, 0.26936735696753733, 0.1634578345754514], [0.5452289831506886, 0.13783725221852464, 0.1378748776481525, 0.05743304648286292, 0.12162584039977135]], "ideal": "B", "sampled": "A", "correct": false}}
{"type": "result", "data": {"idx": 37, "options": ["players", "play games", "casino", "table", "toy store"], "probs": [[0.007366351594725888, 0.010708772980194035, 0.012137946198027133, 0.9640553956299358, 0.005731533497117169], [0.008314855814082001, 0.010672184243008524, 0.9606154447142861, 0.008309054605473551, 0.012088460523149817], [0.012053385510030582, 0.9573954305817605, 0.015475823450418964, 0.009383127403250383, 0.005692232954539602], [0.9500557021605467, 0.022345416786849415, 0.015358611613962151, 0.007253764559882837, 0.0049865047787589455], [0.009956839506704156, 0.014476797138566755, 0.00878336106380834, 0.17632064085949609, 0.7904623613314247]], "ideal": "D", "sampled": "D", "correct": true}}
{"type": "result", "data": {"idx": 38, "options": ["read book", "own house", "apartment", "more rice", "warm coat"], "probs": [[0.0022560452738889553, 0.003956943615476307, 0.002719564503472191, 0.022762308983813633, 0.9683051375233489], [0.005285808535424391, 0.009271631455534578, 0.022236753935103652, 0.9458888862121566, 0.01731691976178082], [0.004483003822391678, 0.012182739141318155, 0.9675755905332127, 0.00837061216661591, 0.007388054236461552], [0.010578838087296637, 0.9522132792769348, 0.015390131492015267, 0.008236805838518149, 0.013580945205235156], [0.9606809403704413, 0.019942850058913636, 0.012096755119943034, 0.00504145216612855, 0.00223800218457356]], "ideal": "E", "sampled": "E", "correct": true}}
{"type": "result", "data": {"idx": 39, "options": ["gap", "shopping mall", "bedroom", "laundromat", "bathroom"], "probs": [[0.019674618366013148, 0.9477852555731049, 0.019669807153909064, 0.0072348238799423755, 0.005635494927030523], [0.9676925081626512, 0.01772548174348524, 0.00837376674090718, 0.0034901942801642077, 0.002718048972792147], [0.006065190980949827, 0.0077839678070163315, 0.0028635618342795375, 0.08364281349594185, 0.8996444657818125], [0.007151927402547845, 0.010398103024869779, 0.03628796001628711, 0.9357653350802687, 0.010396674376026491], [0.007184917384805939, 0.03645534345445784, 0.9403249971288568, 0.005591377003901707, 0.010443364927977728]], "ideal": "B", "sampled": "B", "correct": true}}
{"type": "result", "data": {"idx": 40, "options": ["theater", "opera", "show", "television", "blockbuster feature"], "probs": [[0.9101384147115221, 0.045313122183736135, 0.027488355985995253, 0.010109962476331188, 0.006950144542415265], [0.024548779976274318, 0.016864923625101606, 0.006206179453601214, 0.03149736274861769, 0.9208827540964052], [0.012040908464014977, 0.008270427595374743, 0.01750499571149974, 0.9557403934476792, 0.006443274681431307], [0.008287247992450807, 0.015474609639983592, 0.9574672934092356, 0.009385023029145477, 0.009385825829184527], [0.015062140481723977, 0.9317655675233386, 0.024828307628726662, 0.013286223794607735, 0.015057760471602968]], "ideal": "A", "sampled": "A", "correct": true}}
{"type": "result", "data": {"idx": 41, "options": ["baggage compartment", "movie", "subway", "airplane", "cargo hold"], "probs": [[0.02033622638440269, 0.8644669377113283, 0.06261139595669973, 0.029559689740849326, 0.023025750106719912], [0.2047757208142545, 0.12421478329846872, 0.09673856197820303, 0.14067408441090512, 0.4335968493981686], [0.016804586687145927, 0.016796420850105246, 0.008991245026905424, 0.04027582680930133, 0.917131920526542], [0.008214046820226624, 0.011938990926502626, 0.009298095196819645, 0.9482534593131314, 0.022295407643319685], [0.01293208755843095, 0.014645909257826778, 0.906027931566658, 0.02129966995334784, 0.04509440156373648]], "ideal": "B", "sampled": "B", "correct": true}}
{"type": "result", "data": {"idx": 42, "options": ["eat", "think", "reading", "meditate", "fall asleep"], "probs": [[0.1277576199714451, 0.07747136569823872, 0.07747136569823872, 0.1446585909979348, 0.5726410575341426], [0.045339309603531414, 0.045324371189130006, 0.021407643769559948, 0.8032428786019755, 0.08468579673580309], [0.039980035792503206, 0.02139355083667915, 0.8027184709458308, 0.051294811733644106, 0.08461313059134275], [0.2259176438106564, 0.5418888128048392, 0.07333667302379256, 0.06468038764394772, 0.09417648261676409], [0.9019769118822794, 0.030863951003235152, 0.02121246486804088, 0.027226739491136458, 0.01871993265530809]], "ideal": "E", "sampled": "E", "correct": true}}
{"type": "result", "data": {"idx": 43, "options": ["eyes", "animal", "fingertips", "brainstem", "human body"], "probs": [[0.025111664028975373, 0.9423919791566852, 0.01186242050119471, 0.013439323656756826, 0.0071946125563879075], [0.9302157886963954, 0.028090082556120485, 0.019308839882956237, 0.013267205359550524, 0.009118083404977294], [0.01354032973999073, 0.009304844708633955, 0.008211497050028296, 0.019692899628705768, 0.9492504287726412], [0.015305406726035795, 0.013500223211529976, 0.01529865649987735, 0.9466166093236983, 0.009279104138858574], [0.012045657653841227, 0.013644526101274115, 0.9566575456203125, 0.008275420034203, 0.009376850490369223]], "ideal": "B", "sampled": "B", "correct": true}}
{"type": "result", "data": {"idx": 44, "options": ["ground", "subway", "bank", "bed", "street"], "probs": [[0.2768027361415928, 0.061781007977644777, 0.04244545370501774, 0.5858943236785978, 0.03307647839714677], [0.021093042431327407, 0.039398069924488494, 0.7911012820265898, 0.02706551028309275, 0.12134209523450153], [0.05482865634560084, 0.6678890895148626, 0.037676504126596566, 0.2167497631220497, 0.022855986790890306], [0.24509895090125777, 0.13119203779521232, 0.5879202304583137, 0.02011492431776079, 0.015673856427455432], [0.08821535295982282, 0.5076443230972422, 0.032449843166327465, 0.09991701058569809, 0.27177347009090946]], "ideal": "D", "sampled": "D", "correct": true}}
{"type": "result", "data": {"idx": 45, "options": ["theater", "train", "bathhouse", "dwelling", "actors and actresses"], "probs": [[0.9200918171761705, 0.03148972275015504, 0.024526749055050964, 0.014870627934094691, 0.009021082984528766], [0.0072641424358293296, 0.007259913765923883, 0.005654774744805684, 0.028700489753380364, 0.9511206792000607], [0.009331963938040715, 0.011968141398186468, 0.019727069845821413, 0.9507472496446406, 0.008225575073310766], [0.013414063139786858, 0.019504475828055666, 0.9400689951862479, 0.011828398022367424, 0.015184067723542197], [0.1104596973789574, 0.635975778414062, 0.1607708334044125, 0.04062404104809642, 0.05216964965447165]], "ideal": "A", "sampled": "A", "correct": true}}
{"type": "result", "data": {"idx": 46, "options": ["packaging materials", "recycle bin", "box factory", "warehouse", "bowler hats"], "probs": [[0.9744246463824056, 0.012268362392786624, 0.007442159938289072, 0.003982704541956963, 0.0018821266445617588], [0.006493599709774901, 0.006491304465422522, 0.003474544998449398, 0.01998580690355414, 0.963554743822799], [0.008106112788878602, 0.00917738152228969, 0.010398329631625677, 0.9360277413172947, 0.03629043463991132], [0.006471861129084271, 0.013692904211355484, 0.9597664438727126, 0.009407659956588614, 0.010661130730258997], [0.009466011287800842, 0.9652787065720585, 0.012148135612021068, 0.005738373507843177, 0.007368772920276349]], "ideal": "A", "sampled": "A", "correct": true}}
{"type": "result", "data": {"idx": 47, "options": ["sick person", "hospital", "elderly person", "graveyard", "doctor's office"], "probs": [[0.9053231929543404, 0.03978012811342856, 0.027347472991940142, 0.014631175202968541, 0.012918030637322381], [0.02981710909147294, 0.026307908080460473, 0.023215194513137874, 0.04913166400117298, 0.8715281242137557], [0.018382309975238605, 0.01621340322789003, 0.01621340322789003, 0.8850656318306493, 0.06412525163833194], [0.017982582519836116, 0.043115665665512795, 0.8661639817706174, 0.02962578859042676, 0.043111981353607], [0.019014435418314674, 0.9160241739660202, 0.024413059213916254, 0.01900550775986587, 0.02154282354188297]], "ideal": "A", "sampled": "A", "correct": true}}
{"type": "result", "data": {"idx": 48, "options": ["park", "internet", "meeting", "library", "book"], "probs": [[0.013557541043880692, 0.14569300262418883, 0.05360024366960119, 0.7398540897128766, 0.047295122849452656], [0.02140109294609314, 0.03527264385351354, 0.9097469676895856, 0.014703014302442467, 0.018876281108365176], [0.012192083487161883, 0.6655024183012855, 0.029244154977750198, 0.015649891676996878, 0.2774114514568055], [0.787275474736076, 0.04442196235496659, 0.02377605010107701, 0.13680796005307824, 0.00771855265480225], [0.008885723860551727, 0.012922950557067506, 0.1389266600862356, 0.03979695359972121, 0.799467711796424]], "ideal": "D", "sampled": "D", "correct": true}}
{"type": "result", "data": {"idx": 49, "options": ["stagnant", "stagnation", "tradition", "hunger", "paper money"], "probs": [[0.4158711541647253, 0.5338888689884966, 0.023461843338771122, 0.014222270335826353, 0.012555863072180606], [0.8253879503713055, 0.059796013216387854, 0.04656519680069226, 0.03198873838386908, 0.03626210112774527], [0.008797195591689915, 0.011285288069074103, 0.012784189329028037, 0.42331802131125906, 0.5438153055989489], [0.012761778921911706, 0.03465777087062846, 0.22596898466334198, 0.6960334576510869, 0.030578007793030874], [0.028482386919100666, 0.2103498285715127, 0.734278740476811, 0.013441829978378662, 0.013447213954197018]], "ideal": "B", "sampled": "B", "correct": true}}
{"type": "result", "data": {"idx": 50, "options": ["cause irrational behaviour", "recur", "effectively treated", "managed", "cause suffering"], "probs": [[0.00332501439959099, 0.010236957185712152, 0.9214439459821323, 0.045873295852971036, 0.019120786479593452], [0.006745150670175751, 0.6879783041224743, 0.2867265495589248, 0.005951457040937635, 0.012598538507487567], [0.8323988815871272, 0.1446766285560161, 0.013457765610967726, 0.005609721408530693, 0.003857002737358317], [0.00656476646193056, 0.0035136015491445756, 0.002001989631477976, 0.013890167441556099, 0.9740294748158908], [0.0030711333518093345, 0.0037025236909608234, 0.006496832365035627, 0.5847595623177351, 0.40196994817445914]], "ideal": "C", "sampled": "C", "correct": true}}
{"type": "result", "data": {"idx": 51, "options": ["cast iron stomach", "physical exertion", "shin splints", "adventure", "fatigue"], "probs": [[0.2145248204255156, 0.21453464029074135, 0.16707974670646708, 0.21451559660673752, 0.18934519587053844], [0.24276391797672095, 0.2142510083960172, 0.2751037437178204, 0.07880547524490461, 0.1890758545645368], [0.1308697889484757, 0.1483107932015346, 0.10192149724654137, 0.21574742768413896, 0.40315049281930937], [0.13678305053509943, 0.1756438936958487, 0.1990181684148696, 0.28953671883931265, 0.1990181684148696], [0.23642439080983713, 0.1433986510163801, 0.14339207960458805, 0.08696795610357075, 0.38981692236562393]], "ideal": "C", "sampled": "B", "correct": false}}
{"type": "result", "data": {"idx": 52, "options": ["chess game", "scheme", "chess set", "checkers", "north carolina"], "probs": [[0.9586990247017102, 0.019898332180879975, 0.013678645388899194, 0.005030512689782101, 0.002693484938728552], [0.020070638100946978, 0.08992997464247221, 0.0107421752407553, 0.025759108370584052, 0.8534981035452415], [0.15107181245948798, 0.026249956332313, 0.04326842658571387, 0.7670090740642814, 0.0124007304582037], [0.007188217404590453, 0.013421266506905397, 0.940903448309546, 0.0134201889665236, 0.02506687871243456], [0.013397950682237472, 0.9392689525562508, 0.028357427682506126, 0.01339138858291903, 0.005584280396086557]], "ideal": "A", "sampled": "A", "correct": true}}
{"type": "result", "data": {"idx": 53, "options": ["isolation", "grief", "happiness", "relief", "angry"], "probs": [[0.014125561942666984, 0.01813075835330809, 0.0558421784992791, 0.8735186849424984, 0.038382816162247466], [0.02319068686565597, 0.06302362785456533, 0.8701497461360542, 0.020455481825398542, 0.02318045721832593], [0.39738527789540845, 0.5103146969543557, 0.04746665940108179, 0.022414424367624062, 0.02241894128152997], [0.8497819794297573, 0.03733900777158256, 0.02264725361177511, 0.04229780902892581, 0.04793395005795922], [0.014878017881805596, 0.016854938180753933, 0.014874430427235172, 0.14108036509638006, 0.8123122483138252]], "ideal": "C", "sampled": "D", "correct": false}}
{"type": "result", "data": {"idx": 54, "options": ["continue to grow", "plant themselves", "many colors", "smell good", "make pretty"], "probs": [[0.030140069399552095, 0.023469454882104265, 0.03414102547997923, 0.7772016307343725, 0.13504781940399183], [0.08245860292929735, 0.08245155468047348, 0.609291278701216, 0.10583225005806642, 0.11996631353094675], [0.2380476455333366, 0.4447926580694617, 0.1274448420501727, 0.0772691122769186, 0.11244574197011035], [0.49384868140050525, 0.18171091375918028, 0.16035930810755264, 0.06682473420428554, 0.09725636242847627], [0.17251051370246856, 0.0719212703591852, 0.0719093494296096, 0.08146947301322852, 0.6021893933955081]], "ideal": "D", "sampled": "D", "correct": true}}
