{"type": "result", "data": {"idx": 0, "options": ["middle ages", "chess board", "kids story", "fairy tale", "castle"], "probs": [[0.7600862268398049, 0.0323687141738804, 0.03725674611465849, 0.1384221998954626, 0.03186611287619367], [0.018075356662150224, 0.02451293783791219, 0.10986129438958578, 0.27190656074933867, 0.5756438502610132], [0.02409040211800967, 0.04643464530314221, 0.03731152544188027, 0.8492182534779777, 0.04294517355899014], [0.1079099285008351, 0.04498331817413735, 0.749053687284995, 0.07076932212346203, 0.027283743816570557], [0.1138882406769495, 0.5266182736000272, 0.10699014257256048, 0.1331492741659812, 0.11935406888448155]], "ideal": "D", "sampled": "A", "correct": false}}
{"type": "result", "data": {"idx": 1, "options": ["counter", "coffee table", "school room", "backpack", "bedside table"], "probs": [[0.7119772949999427, 0.08371814991011567, 0.08437588715779554, 0.03489794170249026, 0.0850307261296559], [0.45968937869243437, 0.2039895057474233, 0.09711507706863093, 0.11353596298751344, 0.12567007540399794], [0.5135991958402918, 0.11460311985123652, 0.12199675535694086, 0.06086386862718926, 0.1889370602243416], [0.31113819874074145, 0.11717711609128549, 0.13072332154143998, 0.1199547520180157, 0.32100661150851734], [0.3939828935477801, 0.18903807167081685, 0.18179788100106195, 0.09579829299694205, 0.13938286068339906]], "ideal": "B", "sampled": "C", "correct": false}}
{"type": "result", "data": {"idx": 2, "options": ["cleanness", "wetness", "exfoliation", "use water", "hygiene"], "probs": [[0.038913103744509375, 0.012932867737898751, 0.00968645861820992, 0.09334719849537239, 0.8451203713040095], [0.003730323162612849, 0.004789831411849732, 0.011490114741014652, 0.8709744751532923, 0.1090152554312304], [0.0176459518517217, 0.03564587707216746, 0.8502382276727382, 0.027760836137313664, 0.06870910716605898], [0.015046540350855491, 0.8476015304944979, 0.030873733798162967, 0.02385701269233452, 0.08262118256414915], [0.9717521149387106, 0.004294074579484532, 0.006650833581791578, 0.009090464451254152, 0.008212512348759146]], "ideal": "A", "sampled": "E", "correct": false}}
{"type": "result", "data": {"idx": 3, "options": ["table", "meeting", "drawer", "toilet", "garage"], "probs": [[0.9793929163040973, 0.004865922479676911, 0.0052203657232648614, 0.0060556592380928, 0.004465136154868148], [0.0043097682260311385, 0.01256844602054684, 0.00934014642451944, 0.013589532346257763, 0.9601921068826448], [0.0013766498809315547, 0.001634826266915149, 0.002653542529175982, 0.9823493956080915, 0.011985585614885746], [0.004242825159419886, 0.005709342439941991, 0.9526912801315663, 0.015640967858062016, 0.02171558431100971], [0.006906506404685794, 0.9188303656898424, 0.029305607977996494, 0.018482439299191345, 0.026475080528283887]], "ideal": "A", "sampled": "A", "correct": true}}
{"type": "result", "data": {"idx": 4, "options": ["damage", "wonderful", "exhaustion", "orgasm", "lazy"], "probs": [[0.05105574753504289, 0.8635653772127084, 0.043671175426430155, 0.019227916193805872, 0.022479783532012642], [0.7500285002565145, 0.22520220257459256, 0.010450975267596184, 0.006907624194314105, 0.007410697606982714], [0.22510551459023065, 0.41404373452130655, 0.024865499365919336, 0.051421256113267824, 0.2845639953092756], [0.015707295481498226, 0.013540686188787725, 0.006650981998552791, 0.9567390737273497, 0.007361962503811597], [0.014116905996350177, 0.035489887921052204, 0.7829122746712334, 0.1471009292668022, 0.020380002044562036]], "ideal": "B", "sampled": "B", "correct": true}}
{"type": "result", "data": {"idx": 5, "options": ["enemies", "perform better", "sweat", "tension", "frostbite"], "probs": [[0.009982253321561382, 0.010139658942236578, 0.1432934090573215, 0.03737962207273631, 0.7992050565061443], [0.003737909631944172, 0.005699686107128717, 0.025148098700304773, 0.9585392847038764, 0.006875020756745973], [0.006081991692426755, 0.00637386957774194, 0.9760007639147196, 0.006732159143039324, 0.004811215572072403], [0.040377704856276224, 0.933478918324755, 0.013845997371119818, 0.00590864780809446, 0.006388731539754399], [0.9658350650964311, 0.006714392146764567, 0.008554437993583524, 0.008895184740948827, 0.010000919922271884]], "ideal": "D", "sampled": "E", "correct": false}}
{"type": "result", "data": {"idx": 6, "options": ["free will", "choice", "will", "alcohol", "freedom"], "probs": [[0.7973970769110187, 0.1894005983658025, 0.006380476521809904, 0.005008040460605417, 0.001813807640763482], [0.9296196880025754, 0.004271633074847638, 0.01650313133820309, 0.017294956707709523, 0.03231059077666428], [0.003267755564230095, 0.0011118458944643775, 0.0027303447476940885, 0.9421723597490743, 0.05071769394453714], [0.002338604972476492, 0.0029796093797313447, 0.3364023524397499, 0.6383904139257784, 0.019889019182263806], [0.07807605095016541, 0.10025468631060072, 0.8009767662092011, 0.016112182550349425, 0.004580313879683321]], "ideal": "B", "sampled": "B", "correct": true}}
{"type": "result", "data": {"idx": 7, "options": ["bathtub", "washing area", "hotel", "shower stall", "department store"], "probs": [[0.008824255378203857, 0.006713143130417685, 0.013560613710664719, 0.9142540756228736, 0.056647912057840095], [0.016885654740523268, 0.02254548324012988, 0.8136030015537015, 0.05986388595745762, 0.0871019744081878], [0.02355158105397474, 0.8046883257407726, 0.03793043138011972, 0.06351947440998992, 0.07031018731514294], [0.9372892841470347, 0.00823699164732929, 0.012462099696652197, 0.02402085556697671, 0.017990768842007038], [0.006357286860725773, 0.4456754189402397, 0.046973253083265325, 0.1257049700601385, 0.3752890709556307]], "ideal": "A", "sampled": "D", "correct": false}}
{"type": "result", "data": {"idx": 8, "options": ["new york city", "subdivision", "ring", "hazleton", "live in"], "probs": [[0.9615485268718051, 0.009726007064942609, 0.00806320983946452, 0.013087683744908119, 0.007574572378879613], [0.001190763930789827, 0.004221606183875437, 0.00525391535314393, 0.02647340183902792, 0.9628603125931628], [0.001651844994063032, 0.005048424742968252, 0.008067280675626233, 0.903755868539214, 0.08147658094812849], [0.003060525119201385, 0.018171061238923234, 0.9033295715309193, 0.029037176352956967, 0.04640166565799904], [0.009136561235344483, 0.9175035288198438, 0.02042952350747791, 0.02226241847454593, 0.030667967862787943]], "ideal": "A", "sampled": "A", "correct": true}}
{"type": "result", "data": {"idx": 9, "options": ["very entertaining", "fun", "slow", "competitive", "violent"], "probs": [[0.004067128498917589, 0.00953098550877906, 0.01766725788842244, 0.019102038372526844, 0.9496325896313541], [0.0017030363872493025, 0.0032318376974452318, 0.004486881408898066, 0.9841511290084424, 0.006427115397964988], [0.010849811102797393, 0.02027032890538212, 0.9615454047655057, 0.00500629840715973, 0.00232815671915515], [0.056530846941255146, 0.9267554115063469, 0.003043290563918635, 0.010056565695570186, 0.003613885192909118], [0.9842529966415579, 0.0023647712254522843, 0.002920022256124435, 0.008993992649121645, 0.0014682171277437504]], "ideal": "E", "sampled": "E", "correct": true}}
{"type": "result", "data": {"idx": 10, "options": ["night sky", "galaxy", "outer space", "hollywood", "eat cake"], "probs": [[0.10815649680003218, 0.1649210036552621, 0.6224140640175436, 0.024133209586211395, 0.08037522584095065], [0.1145056737402917, 0.619017596691123, 0.08779607752244585, 0.026985878672214938, 0.1516947732739245], [0.928925187466562, 0.005879905447008362, 0.014327291899433214, 0.008758017891777483, 0.04210959719521888], [0.0016522618532709122, 0.004670241600333085, 0.07025619224218409, 0.3351729632755233, 0.5882483409286886], [0.0036053646099519976, 0.07769044032055913, 0.49875527669197334, 0.31702608987066516, 0.1029228284068504]], "ideal": "C", "sampled": "C", "correct": true}}
{"type": "result", "data": {"idx": 11, "options": ["new perspective", "entertained", "understanding", "hunger", "tired eyes"], "probs": [[0.4700158505322612, 0.025701211595285565, 0.47003200339088835, 0.02081291736296826, 0.013438017018596628], [0.00615193403784012, 0.7629100554461707, 0.04270481659181018, 0.020650191141095293, 0.16758300268308365], [0.0057460188260020665, 0.0032997165200617843, 0.0033779071067753168, 0.9738996995848752, 0.013676657862285573], [0.0031040085402299997, 0.003128460412898321, 0.9161804341874428, 0.019926464802387422, 0.05766063195704147], [0.0023243463845304345, 0.32917865141809655, 0.007503302081339362, 0.6444767523834315, 0.016516947632602096]], "ideal": "A", "sampled": "A", "correct": true}}
{"type": "result", "data": {"idx": 12, "options": ["initiate", "ignore", "question", "answer", "ask"], "probs": [[0.24608563434298333, 0.03128773788693008, 0.07274460209352854, 0.6090774671663157, 0.04080455841024224], [0.22022193490579509, 0.11074306729777283, 0.30101870301447375, 0.18257121338039098, 0.1854450813015673], [0.30147793099865966, 0.05754155887538369, 0.05664729178677627, 0.4817613833201607, 0.10257183491901965], [0.5971393935957452, 0.039389593771312806, 0.05641939631801897, 0.16071838970401683, 0.14633322651090624], [0.30167965783587364, 0.025154871406584327, 0.03179771630507775, 0.4896763836294454, 0.1516913707230189]], "ideal": "A", "sampled": "D", "correct": false}}
{"type": "result", "data": {"idx": 13, "options": ["hair brush", "ladies bathroom", "art supplies", "shower", "hair salon"], "probs": [[0.1215238403925393, 0.009975408985579717, 0.7680623416123282, 0.023193189526366644, 0.07724521938318606], [0.026459896860438585, 0.3710225809804108, 0.024856848570295118, 0.01192622907733614, 0.5657344444115193], [0.7483856328523758, 0.019030856248634105, 0.013285689620433286, 0.1496873666496005, 0.06961045452895633], [0.002596430336342757, 0.0029192933123452507, 0.010678102600859798, 0.015058194382507887, 0.9687479792679443], [0.0024942036299336417, 0.00179656164592578, 0.0030558963829331615, 0.9676594752374801, 0.024993863003727294]], "ideal": "C", "sampled": "C", "correct": true}}
{"type": "result", "data": {"idx": 14, "options": ["plastic bag", "pantry", "supermarket", "toaster", "prison"], "probs": [[0.0013183583086675591, 0.0016536048553882916, 0.0019636663450156313, 0.9782328890962944, 0.016831481294634163], [0.0019658943006076015, 0.0032412249597493477, 0.949210904480322, 0.01046259977787986, 0.03511937638144125], [0.0016642269350133872, 0.9394519134555727, 0.016939716349752842, 0.008255691212876058, 0.03368845194678503], [0.9785176648154491, 0.003042314755987246, 0.0049768339347944545, 0.0060502758177917995, 0.007412910575977371], [0.0009676167079213614, 0.002000997950327129, 0.0024708907430882527, 0.005481826158041674, 0.9890786683406215]], "ideal": "D", "sampled": "D", "correct": true}}
{"type": "result", "data": {"idx": 15, "options": ["oven", "freezer", "plate", "tupperware", "grill"], "probs": [[0.0058876341280996525, 0.8602482006670039, 0.028530118628099278, 0.07400024851135308, 0.03133379796544409], [0.5052063619881532, 0.0211808017424235, 0.4528632302729979, 0.008491225800755167, 0.012258380095670289], [0.0033178332403031707, 0.8508086360172514, 0.038568340947463635, 0.013328757380891398, 0.09397643231409034], [0.006844163759719768, 0.003961092531136532, 0.004282956698205525, 0.9692454242045517, 0.015666362706386452], [0.006658814909366934, 0.005695678414003304, 0.6380760282804679, 0.04342037176062689, 0.3061491065355349]], "ideal": "B", "sampled": "B", "correct": true}}
{"type": "result", "data": {"idx": 16, "options": ["jungle", "zoo", "kill", "india", "eat cake"], "probs": [[0.003654140070622489, 0.9370448649041463, 0.01467996007119375, 0.023094536490164803, 0.021526498363872628], [0.9815037557643312, 0.004838437165198574, 0.00391830632104783, 0.00385753240256899, 0.0058819682468533785], [0.0007498285205648171, 0.004813569558192429, 0.003928753049300578, 0.014037684421672464, 0.9764701643502697], [0.001923023300415807, 0.004613072993834322, 0.004167545466669838, 0.9730689736272113, 0.016227384511868694], [0.007572087218739081, 0.013818646342197673, 0.9100726553795966, 0.03212918239101577, 0.03640742856845093]], "ideal": "B", "sampled": "B", "correct": true}}
{"type": "result", "data": {"idx": 17, "options": ["picture of sea side", "seaside town", "beach", "california", "see side picture"], "probs": [[0.0017474799775490301, 0.002107852237994943, 0.009900011589157006, 0.9635833360239773, 0.022661320071321683], [0.010556300865034857, 0.01007284946476114, 0.93551419065074, 0.012341474837138735, 0.03151518408232524], [0.017159081514352106, 0.8664533252952299, 0.02255514945920899, 0.018123497678292053, 0.07570894595291693], [0.9470208162814593, 0.005008477651834052, 0.020437733933028987, 0.009069181859546954, 0.018463790174130724], [0.004573424192951677, 0.007028224641670718, 0.031745790367706556, 0.02890426940875382, 0.9277482912889172]], "ideal": "D", "sampled": "D", "correct": true}}
{"type": "result", "data": {"idx": 18, "options": ["west virginia", "kentucky", "rocky hills", "scotland", "canyon"], "probs": [[0.37321558226008217, 0.6057953178641409, 0.007992047737562432, 0.0063716498505450095, 0.006625402187669538], [0.9752777432404599, 0.0059368347283596905, 0.005799448355846533, 0.004807777979930018, 0.008178195595403814], [0.0004174563811003128, 0.002136550001432331, 0.004216045323138391, 0.809709613665425, 0.18352033452890396], [0.00022552052638096773, 0.0011013681924830398, 0.03218635826600902, 0.9406240319128819, 0.02586272100224504], [0.0012038260953385882, 0.08115892441183674, 0.8862929703382457, 0.015733250123144773, 0.015611028931434187]], "ideal": "B", "sampled": "B", "correct": true}}
{"type": "result", "data": {"idx": 19, "options": ["office building", "office supply store", "desk drawer", "with dwight", "desktop"], "probs": [[0.0063982412912299575, 0.01176798204403338, 0.7630116648297514, 0.1899231152108881, 0.02889899652409725], [0.008486523907285007, 0.7759606548382487, 0.05754347303144857, 0.11354489945435173, 0.044464448668665925], [0.7549787787151057, 0.02175458156008501, 0.02644734280458615, 0.17654229764567045, 0.020276999174552755], [0.007312300260986948, 0.014886983897571225, 0.032012139004434476, 0.28755814276061303, 0.6582304339763944], [0.004878449280548773, 0.011702645820081709, 0.025761336826103685, 0.8870821298595158, 0.07057543811375001]], "ideal": "C", "sampled": "C", "correct": true}}
{"type": "result", "data": {"idx": 20, "options": ["work", "tacos", "mass", "play sports", "wrestle"], "probs": [[0.006091462191874194, 0.007011238260812116, 0.009002495866385952, 0.9474397627204104, 0.030455040860517348], [0.011515682526387001, 0.018116685367563206, 0.929218735013632, 0.012647420875773299, 0.028501476116644595], [0.035644163512289204, 0.8979889676575192, 0.016319197316385762, 0.023559177399367245, 0.02648849401443852], [0.9838834369729362, 0.005326863681926729, 0.0028070932457302652, 0.007056937955246098, 0.0009256680441607061], [0.009351860669937755, 0.019188899419845373, 0.013929790724996258, 0.12222763815082836, 0.8353018109343923]], "ideal": "D", "sampled": "D", "correct": true}}
{"type": "result", "data": {"idx": 21, "options": ["math class", "math book", "in pythagorus' band", "orchestra", "music class"], "probs": [[0.001943232761260131, 0.0026561397902450205, 0.005579055058415898, 0.5602513918269553, 0.4295701804631237], [0.0022088991651179053, 0.0037869821399653166, 0.0547840874463342, 0.8569785658400695, 0.08224146530851306], [0.020731542141535053, 0.05814372715064744, 0.8815410683081475, 0.01917342085661436, 0.0204102414430557], [0.9268093795349225, 0.049119548053697, 0.006392966141295657, 0.008081312781549504, 0.009596793388535398], [0.06409161382050836, 0.010220387702037127, 0.010381573558751843, 0.0165890432585996, 0.8987173815601031]], "ideal": "E", "sampled": "D", "correct": false}}
{"type": "result", "data": {"idx": 22, "options": ["believe in god", "smoke marijuana", "desire to travel", "use weapons", "throw away"], "probs": [[0.007161058788242994, 0.004048528786537565, 0.7775644988712802, 0.133024280926512, 0.07820163252742723], [0.00915312055977249, 0.8501093107397599, 0.023741614955584855, 0.08351514798741652, 0.033480805657466174], [0.987246941821159, 0.0005812679367088231, 0.0015076805310337157, 0.009603345875823913, 0.001060763735274556], [0.001853306965726858, 0.0027176975700419627, 0.0032022493879323307, 0.00941173827729085, 0.982815007699008], [0.001975479178448353, 0.001599808544122545, 0.0027213370523105234, 0.9613186648251306, 0.03238471029998793]], "ideal": "C", "sampled": "C", "correct": true}}
{"type": "result", "data": {"idx": 23, "options": ["mall", "grocery store", "grocery store", "shop", "supermarket"], "probs": [[0.8914214352686648, 0.005598627858332813, 0.009016694152440953, 0.08291585534228843, 0.011047387278272968], [0.0018890630301594926, 0.003786316809970842, 0.83700756741938, 0.024883482075518753, 0.1324335705649709], [0.0020564853302708764, 0.3326003860670622, 0.020608112301246106, 0.5929263318801758, 0.051808684321244976], [0.0943738585091496, 0.025400495042008604, 0.8281136128972185, 0.022415987827234158, 0.029696045624389114], [0.0013345039556638524, 0.8738780382854626, 0.019006989385474654, 0.04631325105533114, 0.05946721721806774]], "ideal": "A", "sampled": "A", "correct": true}}
{"type": "result", "data": {"idx": 24, "options": ["digestive", "feel better", "sleepiness", "indigestion", "illness"], "probs": [[0.0010275090987356902, 0.0015185353028732852, 0.003671196734567664, 0.9637570923515079, 0.030025666412315542], [0.0013383385113612876, 0.0024616469751327225, 0.9776697988342687, 0.00832744614550619, 0.010202769433731025], [0.002082559442810137, 0.9520513563138323, 0.020707027741863327, 0.01625331059427271, 0.008905745807221532], [0.9819513072728201, 0.0027582873243666506, 0.0046919499169563285, 0.006616690671470847, 0.003981764714386114], [0.9523921663859504, 0.01091639958432245, 0.005197068565922332, 0.021709434309333926, 0.009784931054470859]], "ideal": "D", "sampled": "D", "correct": true}}
{"type": "result", "data": {"idx": 25, "options": ["club", "assembly hall", "meditation center", "meeting", "church"], "probs": [[0.9743289846719833, 0.0031254475147318886, 0.013789979598326178, 0.00507301925090335, 0.003682568864055285], [0.0008727610036594649, 0.001921196905688511, 0.011229750786622705, 0.006201532202724354, 0.979774759001305], [0.0010733021901155179, 0.002254471320419666, 0.004179059816942382, 0.9531520202453501, 0.03934114632717232], [0.007928617829465452, 0.006834967519514041, 0.8813174360992616, 0.015282700861537359, 0.08863627759022148], [0.0037950176491806337, 0.9286184730900138, 0.01477703237829583, 0.011689399147438377, 0.04112007763507142]], "ideal": "A", "sampled": "A", "correct": true}}
{"type": "result", "data": {"idx": 26, "options": ["forest", "valley", "outdoors", "countryside", "woods"], "probs": [[0.01009059537241435, 0.866750700384632, 0.032573484008512385, 0.0700418510360591, 0.020543369098382114], [0.9216755824039394, 0.012842640754650072, 0.011422467114187158, 0.040495201291710615, 0.013564108335512689], [0.0025235599729765863, 0.0037588743292382367, 0.005687048076833377, 0.02413029010731141, 0.9639002274136403], [0.0011212250974717663, 0.0015087789316510839, 0.0018342014412960918, 0.9726609840337829, 0.022874810395798206], [0.005261256623419294, 0.005915428866412245, 0.9345457657677801, 0.03457637983203678, 0.019701168810351524]], "ideal": "B", "sampled": "B", "correct": true}}
{"type": "result", "data": {"idx": 27, "options": ["music store", "create music", "zoo", "music room", "symphony"], "probs": [[0.0014510019637280138, 0.003194186337456687, 0.0053911558516198535, 0.017267074859609034, 0.9726965808875864], [0.0021903922451193968, 0.0038143657383857333, 0.004974798795809715, 0.8108904411890002, 0.17813000193168496], [0.009897902450219615, 0.009593487564363162, 0.6621252192862109, 0.13451824867981113, 0.18386514191939515], [0.0065056674555047924, 0.8454483441922901, 0.031280265333141315, 0.05157218678168337, 0.0651935361373804], [0.9836324915585221, 0.003438415191856942, 0.0041475141788047815, 0.003660141207775984, 0.005121437763040179]], "ideal": "E", "sampled": "E", "correct": true}}
{"type": "result", "data": {"idx": 28, "options": ["boat", "necessary to live", "edible", "unhealthy", "kitchen"], "probs": [[0.013472647542834755, 0.01637858914062925, 0.043831240830418935, 0.6856374214108958, 0.24068010097522127], [0.04687107109482146, 0.11420900522920546, 0.4517044785023181, 0.13776145155594377, 0.24945399351771125], [0.17311807619979105, 0.5168394042347381, 0.09412363521274082, 0.09122669290683448, 0.12469219134589557], [0.8986292296402784, 0.010299943175441867, 0.02080640712755264, 0.041378076267651644, 0.028886343689075476], [0.00973351122703556, 0.021934811469426812, 0.028164955954640948, 0.036164138543107134, 0.9040025827057895]], "ideal": "D", "sampled": "D", "correct": true}}
{"type": "result", "data": {"idx": 29, "options": ["most offices", "fish department", "fancy restaurant", "government submarine", "chesapeake bay"], "probs": [[0.006463232016986042, 0.6241745384092813, 0.03521398845119016, 0.03466699662333926, 0.29948124439920326], [0.8301051491664998, 0.013417499451701878, 0.012604780900900942, 0.11590839327770626, 0.027964177103191063], [0.0020796184371864373, 0.007315465858828423, 0.03572796728031993, 0.07563433200037888, 0.8792426163232864], [0.0011987176713557507, 0.008320660769738909, 0.007877841126076823, 0.976884068907313, 0.0057187114255154705], [0.0027295980185485006, 0.007024925666600234, 0.9642466857972447, 0.01970170866152067, 0.006297081756085884]], "ideal": "B", "sampled": "B", "correct": true}}
{"type": "result", "data": {"idx": 30, "options": ["case", "jewelry store", "shopping", "jewelery box", "hock"], "probs": [[0.000850163230797568, 0.9846725006720422, 0.004524504172248435, 0.002722873555699584, 0.007229958269212246], [0.9858340913810187, 0.0029940419788359296, 0.0037848482566967133, 0.003262662192857698, 0.004124356090590866], [0.001139417386694158, 0.0043675451688484634, 0.004506350414205513, 0.00924591889807864, 0.9807407680321732], [0.0009284987811282373, 0.0021926423890101378, 0.0020278041078970947, 0.9714624649451772, 0.023388589676787322], [0.0011539546269390898, 0.004422768827267562, 0.9700567877414343, 0.007011941245748854, 0.01735454745861017]], "ideal": "B", "sampled": "B", "correct": true}}
{"type": "result", "data": {"idx": 31, "options": ["dishwasher", "water fountain", "sand box", "toilet", "kitchen cabinet"], "probs": [[0.00383993061154188, 0.012013862400470228, 0.016421205693580642, 0.020757791756678207, 0.946967209437729], [0.007976616469248198, 0.007670935885571473, 0.013782032987943976, 0.9147694280660021, 0.055800986491234224], [0.005823019084077846, 0.007714259450485318, 0.8055331829608567, 0.10240913325662586, 0.07852040514795428], [0.023029549516902593, 0.1928278545118012, 0.3834818679796765, 0.3602432086008319, 0.040417519290787754], [0.9154528488599617, 0.0222131039309017, 0.03440430577402975, 0.019298816935993023, 0.008630924399113815]], "ideal": "E", "sampled": "E", "correct": true}}
{"type": "result", "data": {"idx": 32, "options": ["office building", "internet cafe", "house", "school", "internet cafe"], "probs": [[0.9802163993552596, 0.0045750151176788085, 0.006351831003370792, 0.005064033982851385, 0.003792720440839424], [0.003396852308711956, 0.013123332172559432, 0.011051104256147729, 0.06664592121884572, 0.9057827899437352], [0.0011726776486260533, 0.0023874103335112186, 0.003113722753994907, 0.9859724933702981, 0.00735369579356971], [0.002343969054324172, 0.004211344423546149, 0.9605202252197352, 0.016397867820238325, 0.01652659338215609], [0.007207318857795305, 0.900754714451343, 0.055811138497609186, 0.022549758712285078, 0.013677069380967433]], "ideal": "A", "sampled": "A", "correct": true}}
{"type": "result", "data": {"idx": 33, "options": ["last word", "conclusion", "ikea instructions", "afterword", "epilogue"], "probs": [[0.03987460687030804, 0.04114142912211128, 0.022368345990694972, 0.5679287461946011, 0.3286868717222846], [0.38051306488819553, 0.014300618052903676, 0.29635267894819917, 0.16885184925499622, 0.13998178875570538], [0.05721258126847334, 0.047431764316996, 0.4716225073377603, 0.11924099442454097, 0.3044921525522294], [0.7950938791155349, 0.021523072912569642, 0.03958688974754102, 0.07750419382154398, 0.06629196430281054], [0.6083750060146452, 0.01895528637850774, 0.06513550804125148, 0.04993809703307298, 0.25759610243252257]], "ideal": "E", "sampled": "D", "correct": false}}
{"type": "result", "data": {"idx": 34, "options": ["fish market", "pet shop", "fishmongers", "intertidal zone", "obesity"], "probs": [[0.037104500070422354, 0.040752054515053274, 0.03652953880062108, 0.8713089295396241, 0.014304976974279165], [0.007843624317532957, 0.02454084006852424, 0.9208827047821716, 0.02960098538841734, 0.01713184534335387], [0.7163261743800532, 0.11512808457680594, 0.04438570869871535, 0.09847231916667645, 0.02568771307774908], [0.016186211015361027, 0.02840832578243359, 0.8432816736557954, 0.08092447993952699, 0.031199309506882957], [0.017067127995948336, 0.4722379225654506, 0.1121655128706998, 0.2567431210868772, 0.14178631538102407]], "ideal": "C", "sampled": "D", "correct": false}}
{"type": "result", "data": {"idx": 35, "options": ["brush hair", "theater", "house", "dwelling", "bathhouse"], "probs": [[0.0012524429532316693, 0.017837937797055253, 0.004801036326580726, 0.017288742409217548, 0.9588198404139148], [0.001236241569447047, 0.0036052661768452977, 0.003206390255875417, 0.9764144028206192, 0.015537699077213073], [0.01090026869798515, 0.012546217350603824, 0.9660005069181773, 0.0061143559031157976, 0.004438651030117899], [0.0028900153369585384, 0.9817896572921939, 0.007554902303863057, 0.002491317094736172, 0.005274107872248357], [0.9640610857192602, 0.0291123598271964, 0.002927906514089348, 0.002108875513192725, 0.0017897723262613177]], "ideal": "E", "sampled": "E", "correct": true}}
{"type": "result", "data": {"idx": 36, "options": ["poisonous gas", "homicide", "cinder", "nuclear weapons", "cyanide"], "probs": [[0.06481348448292584, 0.024220105154968415, 0.21251930347987133, 0.04385388960679491, 0.6545932171754395], [0.028259729732823445, 0.01927218883559701, 0.058898083535355555, 0.7063993026697148, 0.1871706951265091], [0.15182102649552495, 0.06328967722283418, 0.4393338694977314, 0.14599927714499863, 0.1995561495389108], [0.30734508768606716, 0.26290106378994343, 0.1311658303134729, 0.1440481521932059, 0.15453986591731064], [0.7858170002598478, 0.0299979266310331, 0.07029619784792947, 0.0841260385365174, 0.029762836624672186]], "ideal": "B", "sampled": "E", "correct": false}}
{"type": "result", "data": {"idx": 37, "options": ["players", "play games", "casino", "table", "toy store"], "probs": [[0.0006449970154202042, 0.0011408914043358382, 0.0015351909719374995, 0.9896902755526826, 0.006988644955623883], [0.0027203621311928457, 0.0033855860207204352, 0.9313989388838424, 0.033926023252325514, 0.028569089611918782], [0.003194316917836653, 0.9576725150946979, 0.012437985002307536, 0.016221399989910415, 0.010473782895247492], [0.9629498849244578, 0.01036848700533598, 0.005013902273181099, 0.013004727835927328, 0.008662997861097834], [0.0006654007965100706, 0.002181746420397647, 0.0019404991683216327, 0.03604565389768646, 0.9591666996170842]], "ideal": "D", "sampled": "D", "correct": true}}
{"type": "result", "data": {"idx": 38, "options": ["read book", "own house", "apartment", "more rice", "warm coat"], "probs": [[0.0023127199732200193, 0.0042872171268772494, 0.00740747779567944, 0.02335745945176847, 0.9626351255524548], [0.0012315720887103058, 0.0015208191021725528, 0.004909029085398514, 0.9727706621696031, 0.0195679174541156], [0.006665652595347205, 0.013051178242785748, 0.900746703433499, 0.03179927754237682, 0.04773718808599115], [0.009541471142985473, 0.8931796502824431, 0.030561242265403736, 0.02084043377379971, 0.04587720243536805], [0.9817507375735736, 0.004338377669076158, 0.004406631507357974, 0.00499327486323486, 0.004510978286757485]], "ideal": "E", "sampled": "E", "correct": true}}
{"type": "result", "data": {"idx": 39, "options": ["gap", "shopping mall", "bedroom", "laundromat", "bathroom"], "probs": [[0.1249361610858346, 0.8405536851833318, 0.011175833433199054, 0.01153039444997352, 0.011803925747660964], [0.9742357074868494, 0.0049550435200894005, 0.005233577886055962, 0.006879352456466802, 0.008696318550538429], [0.000984560640061044, 0.0013993678485646906, 0.003080415822982686, 0.2524697929365729, 0.7420658626518186], [0.0010484966195731412, 0.001943598450386992, 0.02641369248937946, 0.9457806608025301, 0.024813551538130245], [0.002514286405235284, 0.014023248885969541, 0.9528757826794071, 0.014696178798951165, 0.01589050313043686]], "ideal": "B", "sampled": "B", "correct": true}}
{"type": "result", "data": {"idx": 40, "options": ["theater", "opera", "show", "television", "blockbuster feature"], "probs": [[0.9930696272726978, 0.0018293187923236955, 0.0016270315996524838, 0.0025397118774159767, 0.0009343103579101198], [0.0020006829955369477, 0.0032728898092059477, 0.0035666785775701577, 0.009924781773419654, 0.9812349667442672], [0.0026046552348356726, 0.0021762712957781563, 0.002227866799477598, 0.9871215269245359, 0.005869679645372691], [0.0014456492990882583, 0.0031823762492975706, 0.976699703768354, 0.010353139536733544, 0.008319131046526597], [0.0027092575158884392, 0.9721354959676697, 0.005346096323262328, 0.010715089210894443, 0.00909406088228507]], "ideal": "A", "sampled": "A", "correct": true}}
{"type": "result", "data": {"idx": 41, "options": ["baggage compartment", "movie", "subway", "airplane", "cargo hold"], "probs": [[0.10409999995010193, 0.25365548378466124, 0.10740594909734037, 0.29655237878306095, 0.23828618828483547], [0.02346479380105965, 0.10034422722383875, 0.043838405226948624, 0.11370442128806199, 0.7186481523600909], [0.00748318031886865, 0.02868485338255404, 0.028240469108212738, 0.7514445487024665, 0.18414694838789808], [0.01215480810825487, 0.0994106890611129, 0.3636382472422153, 0.3110293705129924, 0.21376688497542456], [0.06293298561339639, 0.17376247758687605, 0.6160456790028722, 0.048252044355411944, 0.09900681334144344]], "ideal": "B", "sampled": "A", "correct": false}}
{"type": "result", "data": {"idx": 42, "options": ["eat", "think", "reading", "meditate", "fall asleep"], "probs": [[0.007588994883705079, 0.008803555576305066, 0.012709511618106312, 0.029781463352375723, 0.9411164744695079], [0.006681584408623196, 0.0038975379748666023, 0.0038369887392915585, 0.976307460995561, 0.00927642778165761], [0.11415943310863565, 0.01863657837970229, 0.8049436075841867, 0.04333041907791038, 0.018929961749564947], [0.026603771350585687, 0.9019386129042325, 0.018285370067086533, 0.01901297881544764, 0.03415926676264769], [0.983352738116111, 0.0026774449521210454, 0.004483755019740974, 0.0061281870281746495, 0.003357874783852334]], "ideal": "E", "sampled": "E", "correct": true}}
{"type": "result", "data": {"idx": 43, "options": ["eyes", "animal", "fingertips", "brainstem", "human body"], "probs": [[0.01072376154645181, 0.9653244255831896, 0.004833609450209555, 0.005876143607391845, 0.013242059712757102], [0.9915072234775327, 0.0033072414857544218, 0.0014675996652091783, 0.0021186788503593846, 0.0015992564211443187], [0.003258602309629668, 0.004087230758663609, 0.005674547657932608, 0.010037174699759096, 0.976942444474015], [0.001488492900406332, 0.0013342885751364655, 0.0012731743697515048, 0.974703898304975, 0.021200145749730698], [0.005752985929895675, 0.005197444088379521, 0.9377391498978113, 0.010747964678037254, 0.040562455305876266]], "ideal": "B", "sampled": "B", "correct": true}}
{"type": "result", "data": {"idx": 44, "options": ["ground", "subway", "bank", "bed", "street"], "probs": [[0.037673705971444954, 0.02048392310789315, 0.005868713627755076, 0.9127637546527099, 0.02320990254019692], [0.009019073702772046, 0.012042547451118341, 0.9199870248700333, 0.02214837408839238, 0.03680297978768391], [0.004398308382608274, 0.838182032302177, 0.019867117039827527, 0.05193139989640332, 0.0856211422789839], [0.719279029318913, 0.019470484345083937, 0.21937095462956901, 0.019469845457816857, 0.02240968614861725], [0.005315055215198403, 0.16664591639287246, 0.012166875722786862, 0.020857690164519004, 0.7950144624046233]], "ideal": "D", "sampled": "D", "correct": true}}
{"type": "result", "data": {"idx": 45, "options": ["theater", "train", "bathhouse", "dwelling", "actors and actresses"], "probs": [[0.9737242320773978, 0.007434592486358923, 0.0047628522046819, 0.003511830433425172, 0.010566492698136273], [0.000524352694977192, 0.001075922243571319, 0.0011724780396657572, 0.026684251674314735, 0.970542995247471], [0.000568230959477446, 0.001231459843986149, 0.001983259713150189, 0.9879966518949531, 0.008220397488433137], [0.004814316616764322, 0.01128144492114005, 0.94656737588611, 0.017067904000786352, 0.02026895847519927], [0.7100561658126053, 0.21319938598305574, 0.01998641099618901, 0.01669939188028235, 0.040058645227867534]], "ideal": "A", "sampled": "A", "correct": true}}
{"type": "result", "data": {"idx": 46, "options": ["packaging materials", "recycle bin", "box factory", "warehouse", "bowler hats"], "probs": [[0.9821571382023052, 0.0034065585385089697, 0.003200163492980023, 0.006827799376919859, 0.004408340289285944], [0.0017528707836471117, 0.0044761285562236255, 0.007496246823645578, 0.02720535423309192, 0.9590693995033918], [0.0012080870412208883, 0.0013905163639019056, 0.0025774810098113028, 0.9541894485969178, 0.04063446688814815], [0.006603075645447371, 0.0040681103098063175, 0.9351175347603704, 0.030058614599732542, 0.02415266458464332], [0.0040122067333257655, 0.9079866184423835, 0.017024595986357166, 0.028510487872548566, 0.042466090865385005]], "ideal": "A", "sampled": "A", "correct": true}}
{"type": "result", "data": {"idx": 47, "options": ["sick person", "hospital", "elderly person", "graveyard", "doctor's office"], "probs": [[0.985436018202222, 0.003934005507273262, 0.004423153439663163, 0.0036668672209088492, 0.00253995552993268], [0.006471985968501339, 0.010261707966852263, 0.009792128604208085, 0.020407289321562883, 0.9530668880388754], [0.00499664871572552, 0.003801295092576884, 0.00523643353190019, 0.9301081982034014, 0.055857424356396006], [0.01610220629025211, 0.009174807184246016, 0.907076198475696, 0.03408754313948176, 0.03355924481032415], [0.0056477962371710225, 0.9351030639467877, 0.023778481539448438, 0.010551475977688934, 0.024919182198903912]], "ideal": "A", "sampled": "A", "correct": true}}
{"type": "result", "data": {"idx": 48, "options": ["park", "internet", "meeting", "library", "book"], "probs": [[0.0008688796308494599, 0.01144518377410333, 0.0042104216447637595, 0.9235076529774586, 0.05996786187282484], [0.045941879991037944, 0.03929637959789137, 0.8943783877843023, 0.012461992411684459, 0.007921360115083834], [0.0288829777279639, 0.9198370931165243, 0.011579066211863285, 0.017381919092908406, 0.02231894375074012], [0.984169895048578, 0.003206706355528087, 0.0038379197730867825, 0.006085191820149082, 0.002700286902658091], [0.003212809625387267, 0.005422619349960333, 0.0058632769311121385, 0.014739986659887305, 0.970761307333653]], "ideal": "D", "sampled": "D", "correct": true}}
{"type": "result", "data": {"idx": 49, "options": ["stagnant", "stagnation", "tradition", "hunger", "paper money"], "probs": [[0.024120507064905435, 0.933862790894315, 0.009669801687627473, 0.02374648417557349, 0.008600416077578601], [0.9501801785772167, 0.006061678322730624, 0.018525758868482192, 0.015238640920645492, 0.009993743210925032], [0.0008942846264879566, 0.0016193733098374646, 0.003884559491033672, 0.950513299128645, 0.04308848334399586], [0.0020875696213215867, 0.0044540885223615205, 0.726010760184257, 0.25089902390051205, 0.01654855767154785], [0.0032198958099081423, 0.3061396600552551, 0.6582970834475911, 0.020191694373215437, 0.01215166621403016]], "ideal": "B", "sampled": "B", "correct": true}}
{"type": "result", "data": {"idx": 50, "options": ["cause irrational behaviour", "recur", "effectively treated", "managed", "cause suffering"], "probs": [[0.014745262601053927, 0.012417029715379755, 0.8773303716969038, 0.03195578264825268, 0.06355155323840984], [0.03708168842709242, 0.8708136348368066, 0.022142948092265368, 0.016845434976566254, 0.05311629356726931], [0.9548351487568539, 0.008590326536336219, 0.010281279737006752, 0.012019727599566182, 0.014273517270236902], [0.0047319310547998955, 0.00532029825699983, 0.0071036193263444725, 0.01539458734001592, 0.9674495639218399], [0.0026662028404388764, 0.0019355146221443386, 0.008212312127672476, 0.949212730277968, 0.037973240031776274]], "ideal": "C", "sampled": "C", "correct": true}}
{"type": "result", "data": {"idx": 51, "options": ["cast iron stomach", "physical exertion", "shin splints", "adventure", "fatigue"], "probs": [[0.04856024401639658, 0.06794668341056435, 0.022583332469136005, 0.04597440096051495, 0.8149353390433881], [0.29675839232691037, 0.09265061743079822, 0.055327096734686186, 0.08840754890772409, 0.4668563444998811], [0.009273848918660382, 0.040281472699220264, 0.014140833813122004, 0.026624092181885408, 0.909679752287112], [0.20004268584762377, 0.23755579402323632, 0.04677851637070041, 0.08209575956524288, 0.43352724409319665], [0.055657599115766405, 0.06356021761258623, 0.04472238942533542, 0.05565486847797791, 0.780404925268334]], "ideal": "C", "sampled": "B", "correct": false}}
{"type": "result", "data": {"idx": 52, "options": ["chess game", "scheme", "chess set", "checkers", "north carolina"], "probs": [[0.9871233401156367, 0.0032163545055148, 0.002604688828551712, 0.004034172864322466, 0.003021443585974286], [0.0071335632450177594, 0.7163595882342366, 0.014298120904146557, 0.03679709742382774, 0.22541163009277135], [0.42821160114078555, 0.007542660487220394, 0.006401369371375195, 0.5329194088228567, 0.024924960077762178], [0.010916291522556056, 0.0066211370326682405, 0.7475615551872703, 0.11286461659764116, 0.1220363995598643], [0.006063290210388605, 0.9430583878987547, 0.011778934505395506, 0.01810126740504811, 0.020998119880413002]], "ideal": "A", "sampled": "A", "correct": true}}
{"type": "result", "data": {"idx": 53, "options": ["isolation", "grief", "happiness", "relief", "angry"], "probs": [[0.00620679829977698, 0.005651385420317558, 0.4892279819624501, 0.4250518058267748, 0.07386202839068051], [0.006728665614276097, 0.014928221992867889, 0.9381224706262687, 0.011445792831726882, 0.0287748488348604], [0.023107664884381277, 0.8946600518280385, 0.02921132908836235, 0.015513810160834944, 0.037507143938382864], [0.9699683332791866, 0.003015741565161486, 0.008658370530374151, 0.009965700563643978, 0.008391853961633736], [0.003063046293245453, 0.004252638556500428, 0.009887701572927341, 0.0644755048563358, 0.9183211086209909]], "ideal": "C", "sampled": "D", "correct": false}}
{"type": "result", "data": {"idx": 54, "options": ["continue to grow", "plant themselves", "many colors", "smell good", "make pretty"], "probs": [[0.19953208152801685, 0.019148653834880264, 0.3727786332855166, 0.20267451298215922, 0.20586611826942708], [0.09227779242922377, 0.08805238168824354, 0.692591703227506, 0.07531503980006589, 0.05176308275496086], [0.15951456850083343, 0.7492076885327564, 0.058682858081445605, 0.016042783446399807, 0.016552101338564724], [0.9543591887352041, 0.02108465299834209, 0.014491274222462481, 0.004024055635173426, 0.0060408283088178825], [0.3714927233400825, 0.03297213923156219, 0.06980183156855066, 0.33300531775540926, 0.19272798800439542]], "ideal": "D", "sampled": "D", "correct": true}}
