{"type": "result", "data": {"idx": 0, "options": ["0", "4", "2", "6"], "probs": [[0.1705567167777652, 0.37839661736265534, 0.24845493948008815, 0.20259172627949132], [0.17049992810720221, 0.34438823110646244, 0.2949054407075733, 0.19020639997876207], [0.17536515518357537, 0.3327305117730514, 0.30810994824993915, 0.18379438469343404], [0.17119842000686894, 0.30039094532745, 0.34617535709069347, 0.1822352774749876], [0.18764885698918993, 0.3849787000933148, 0.23376251058140732, 0.19360993223608794], [0.17344439544863738, 0.39084492294590073, 0.20943602051536053, 0.22627466099010138], [0.278124255426322, 0.2268541854476953, 0.30093838126652805, 0.1940831777594546], [0.2764984410202934, 0.22906837206380248, 0.27235883877472683, 0.2220743480411773], [0.28710200096320043, 0.3684854938398399, 0.15618241623646958, 0.18823008886049006], [0.27526762258436477, 0.32675426221338905, 0.26283272314922085, 0.13514539195302533], [0.26817862795166364, 0.390054368340967, 0.14252034677751288, 0.19924665682985643], [0.2619652864953554, 0.36930792190798195, 0.2073808404915156, 0.16134595100514706], [0.2440073642482316, 0.22553338254024, 0.31850923186280716, 0.21195002124872123], [0.23551807507061384, 0.21768989315508147, 0.33237988743974584, 0.21441214423455884], [0.23558233239004062, 0.4198994823825441, 0.1522366621447853, 0.19228152298263], [0.22851134025289366, 0.37668291853126823, 0.25514806074774043, 0.13965768036809764], [0.22353399288502201, 0.43080253459068135, 0.13890815648948154, 0.2067553159348151], [0.23346392808010055, 0.3970621227821016, 0.2127555757548246, 0.1567183732829732], [0.3090358354470299, 0.2224153329878955, 0.2562867631912331, 0.21226206827384148], [0.29070823082215186, 0.21925123543701952, 0.2774865800988388, 0.21255395354198983], [0.30149725525787385, 0.3522739462541025, 0.1516597144401363, 0.1945690839478873], [0.2939276651158902, 0.3277150939417727, 0.23630928638733728, 0.14204795445499982], [0.31095317003001616, 0.3307777642872958, 0.1446553915594404, 0.2136136740232477], [0.290631119738232, 0.29969281401755826, 0.2647634187785778, 0.14491264736563197]], "ideal": "B", "sampled": "D", "correct": false}}
{"type": "result", "data": {"idx": 1, "options": ["8", "2", "24", "120"], "probs": [[0.2517113162285521, 0.31805929674967764, 0.24027129347264478, 0.18995809344912548], [0.2525431177878692, 0.33438616489425016, 0.1936930090935102, 0.21937770812437046], [0.2411791532990556, 0.35078456994363555, 0.22315955159816744, 0.1848767250591414], [0.23832389779545432, 0.32057000272823394, 0.22749321294576624, 0.2136128864305455], [0.2529044188738943, 0.24883747469138434, 0.2569614984875479, 0.2412966078471734], [0.2638949571537063, 0.24774077149569623, 0.23660270434946268, 0.2517615669011348], [0.24181905746752377, 0.3152673589162772, 0.2575375475855059, 0.18537603593069313], [0.25832783403412585, 0.34207483103207814, 0.20765452956106356, 0.19194280527273241], [0.24106689925961686, 0.2604965230488079, 0.2954922870177731, 0.2029442905738022], [0.2549187502767223, 0.2754577356978312, 0.25500535582428174, 0.21461815810116475], [0.25564495107426266, 0.2850601715318436, 0.2440378851056125, 0.21525699218828123], [0.2529307713158243, 0.2864281917503007, 0.2303761667992642, 0.23026487003461074], [0.22061718165507654, 0.3694101979783375, 0.22421259353936496, 0.185760026727221], [0.21685819325662686, 0.3687828778851798, 0.17985729871381817, 0.23450163004437516], [0.2335011442218827, 0.2603693824636031, 0.3243357442193021, 0.1817937289952121], [0.2546981496944197, 0.2930000634794471, 0.2015523552230402, 0.25074943150309303], [0.23298199023876273, 0.28984011512361857, 0.24050256192525774, 0.23667533261236096], [0.23050688664514474, 0.3005446656994385, 0.24550901743509418, 0.2234394301203226], [0.23112903764984172, 0.27868740844081047, 0.26615949465351263, 0.22402405915583515], [0.223860181066663, 0.24574591949347654, 0.29209596786248254, 0.2382979314773779], [0.2223198645393298, 0.2680500367596905, 0.30402915760727794, 0.20560094099370171], [0.21696050462937358, 0.2698919772831915, 0.3061280846289636, 0.20701943335847134], [0.23827347512058092, 0.2698763648877331, 0.24981814992638898, 0.242032009965297], [0.23553524558073438, 0.29303478755054907, 0.24313500158836465, 0.22829496518035192]], "ideal": "C", "sampled": "A", "correct": false}}
{"type": "result", "data": {"idx": 2, "options": ["0", "1", "0,1", "0,4"], "probs": [[0.17793050141446928, 0.20471240272989563, 0.2631745298960706, 0.3541825658595645], [0.19830670655313848, 0.2176735517511616, 0.1953752607600927, 0.3886444808356072], [0.17155939338875836, 0.2698560356823955, 0.21706512568210512, 0.341519445146741], [0.19286775012269894, 0.2849314425621178, 0.19908105731758288, 0.3231197498976004], [0.1800641295143327, 0.23842925186200709, 0.21738836491002883, 0.36411825361363137], [0.20438947390626838, 0.24641885595297847, 0.20134154560166465, 0.34785012443908847], [0.19646959909412737, 0.2368704605798344, 0.2524523361534051, 0.3142076040726331], [0.21269104516438758, 0.2563949899534783, 0.1907617506421107, 0.3401522141400234], [0.18458444978444388, 0.2562193128937154, 0.20291574016662264, 0.3562804970552181], [0.21572053751756046, 0.29482725699020484, 0.23710351043212913, 0.2523486949601056], [0.19510796918479306, 0.23524356499139512, 0.20465980807819067, 0.3649886576456211], [0.2181503837531326, 0.2630643922740726, 0.2513338700083057, 0.2674513538644891], [0.21905286281521766, 0.25597360346181075, 0.21585133347958493, 0.30912220014338665], [0.23007720482453636, 0.2447695698516001, 0.18495091906196207, 0.3402023061619015], [0.21359387992841355, 0.25753177360992213, 0.19772731649659608, 0.33114702986506817], [0.2597185632368698, 0.29417049443506244, 0.16518784811651102, 0.28092309411155675], [0.2379794383112119, 0.24926094336906515, 0.23444816118446712, 0.27831145703525584], [0.25464236733751183, 0.26261174676176374, 0.2508818208920413, 0.2318640649086831], [0.23028030528568522, 0.25274668271159967, 0.21650151383953728, 0.3004714980631778], [0.23385082182929895, 0.24877461788550767, 0.18222023544873506, 0.33515432473645834], [0.21945106980990303, 0.25244894621231917, 0.18785554168729965, 0.3402444421904781], [0.24697758622944574, 0.2711333672600064, 0.2147394450500362, 0.26714960136051163], [0.23592053786896394, 0.2432767788847843, 0.23611914053645744, 0.28468354260979434], [0.24801538512587862, 0.25178882101955197, 0.2521575055442794, 0.24803828821029]], "ideal": "D", "sampled": "C", "correct": false}}
{"type": "result", "data": {"idx": 3, "options": ["True, True", "False, False", "True, False", "False, True"], "probs": [[0.23131563912528794, 0.21372075058288864, 0.25807550162363924, 0.2968881085681842], [0.20482886140725431, 0.19223316298340423, 0.27566248586494546, 0.327275489644396], [0.2115619150849926, 0.2800613897749655, 0.2324405128657759, 0.275936182174266], [0.21305610775056305, 0.27334718671625907, 0.22687471386571717, 0.2867219915674607], [0.19792965362896178, 0.22059807354401495, 0.27488671092105543, 0.30658556180596785], [0.20589643407943575, 0.2259145196165054, 0.2686115164993087, 0.29957752970475016], [0.247396651591903, 0.20812915573615468, 0.25530219455940856, 0.28917199801253374], [0.24688158540409746, 0.20128902200633642, 0.2248011629714798, 0.3270282295180863], [0.22261379988670146, 0.17872596051583514, 0.3343342890156896, 0.26432595048177376], [0.22471646292595607, 0.18038956281558127, 0.2468283698661152, 0.34806560429234745], [0.21355470477388758, 0.18830291276641278, 0.2874456772269013, 0.31069670513279835], [0.2107860210561377, 0.20097578168813643, 0.2351951072933055, 0.3530430898624204], [0.27758375221075, 0.2298609052347889, 0.18780540207840593, 0.3047499403760552], [0.2677810112035413, 0.2217426531765849, 0.2118322189884481, 0.2986441165314257], [0.26934906034908157, 0.17923697293286345, 0.2779303109984729, 0.2734836556195821], [0.23903037961462548, 0.17469731231816021, 0.25444651026634796, 0.33182579770086634], [0.25341827807656186, 0.17672663225224472, 0.2827580399271334, 0.28709704964406], [0.23593432411976634, 0.18644214230229098, 0.2396631908076708, 0.33796034267027186], [0.26144337261918354, 0.21316080965710718, 0.2100697873312303, 0.31532603029247896], [0.24670055486480355, 0.2011623651280922, 0.25457625115806715, 0.29756082874903705], [0.2559239825957796, 0.19298518904625936, 0.2519698701253412, 0.2991209581326198], [0.25355267900006645, 0.20038804708485702, 0.21019737733582805, 0.33586189647924847], [0.2366665523014197, 0.17572071180138263, 0.3236130870141751, 0.26399964878302257], [0.2518374248539671, 0.1990359813063194, 0.22576922993282122, 0.3233573638068923]], "ideal": "B", "sampled": "A", "correct": false}}
{"type": "result", "data": {"idx": 4, "options": ["2x^2 + 5", "6x^2 + 4x + 6", "0", "x^2 + 1"], "probs": [[0.19675135610520278, 0.2730524837697681, 0.2526935040698082, 0.27750265595522094], [0.20483305132577173, 0.31230555565636586, 0.23955946087410987, 0.24330193204375256], [0.19434813531846043, 0.26143161628455536, 0.21349641142869716, 0.33072383686828705], [0.18630423584790917, 0.2839715097867143, 0.23192571900177203, 0.2977985352636045], [0.19625945387308188, 0.37831544872315476, 0.1653278618885652, 0.26009723541519814], [0.1879263604062487, 0.3297357408254505, 0.20011844633538078, 0.28221945233292006], [0.22186589238809173, 0.20830267665687358, 0.28495723006259926, 0.2848742007924354], [0.26366790733579765, 0.2290027554252808, 0.2596546074539852, 0.2476747296849363], [0.23022636651039782, 0.35091762842708146, 0.12323947984175194, 0.2956165251207687], [0.2365977352114015, 0.33878326917454205, 0.2024145007290858, 0.22220449478497067], [0.26066097226127627, 0.32432680835569905, 0.13315759399456978, 0.2818546252884549], [0.2492809221113512, 0.28681342936230253, 0.2572867793396088, 0.20661886908673743], [0.17971266804328515, 0.22713814673536573, 0.28729909655559016, 0.30585008856575896], [0.18142109566838013, 0.2187820458556367, 0.23305130798121398, 0.3667455503947692], [0.1856695468737645, 0.3635380376076164, 0.15397814373557206, 0.2968142716830471], [0.18948606297776388, 0.3768820891801196, 0.20499049698789182, 0.22864135075422468], [0.1763051450076228, 0.3451544642103271, 0.12215957044333518, 0.3563808202387149], [0.1912932842778601, 0.33573740717391526, 0.22726029155365945, 0.24570901689456515], [0.23929648812095947, 0.19830769889480734, 0.22483339083430096, 0.3375624220499322], [0.20709184427252292, 0.1715822270812539, 0.27439919929142204, 0.34692672925480117], [0.24229204291227405, 0.3014738514498322, 0.17730079325302484, 0.2789333122848689], [0.23061160397292357, 0.2612028082764788, 0.2915877060064, 0.21659788164419763], [0.21115712115877497, 0.31191821065101444, 0.12317797254202213, 0.35374669554818844], [0.21337594089758483, 0.2379505187035075, 0.2614900171495254, 0.2871835231493822]], "ideal": "B", "sampled": "B", "correct": true}}
{"type": "result", "data": {"idx": 5, "options": ["True, True", "False, False", "True, False", "False, True"], "probs": [[0.22444036782824464, 0.2462688569678605, 0.254394967410976, 0.2748958076929188], [0.20233615645245634, 0.2118741666406488, 0.27238280795992154, 0.31340686884697333], [0.2036681266075013, 0.31034441186413986, 0.22032656758280272, 0.2656608938455561], [0.20588795268956075, 0.2993466093544803, 0.22622298713253147, 0.2685424507234275], [0.19446778875038812, 0.2514698878117232, 0.259778894749499, 0.2942834285883897], [0.20185148713954384, 0.26719915864179816, 0.25930672881394357, 0.2716426253047144], [0.23004734052118958, 0.24852640545236146, 0.2607835349530058, 0.2606427189734431], [0.23442869677498016, 0.24547090392426946, 0.22375478671474508, 0.2963456124860053], [0.20129619236816365, 0.20430206946025614, 0.3590804880635405, 0.23532125000803972], [0.2053097784313886, 0.2051407247576613, 0.22911317644212317, 0.360436320268827], [0.19272581656657167, 0.20499593896616128, 0.3129625524874723, 0.2893156918797948], [0.18721129930497776, 0.21872551085175776, 0.2330693681880409, 0.3609938215552236], [0.2577702816066292, 0.29182027091834606, 0.1717469917846978, 0.278662455590327], [0.2542808949693076, 0.2790288030822198, 0.20437350867135037, 0.2623167931771222], [0.25370935737230565, 0.19433976086549595, 0.3061326878718084, 0.24581819379038994], [0.22700851952186188, 0.18511122574212568, 0.24169873878187378, 0.34618151585413864], [0.23603326431586252, 0.1836527762177632, 0.33300993339382323, 0.24730402597255105], [0.22488051985757607, 0.19827100928039007, 0.22848262230976374, 0.3483658484522701], [0.25684600683197867, 0.27749391973978055, 0.18795738832326608, 0.27770268500497464], [0.24016016361457332, 0.26770031050597404, 0.23651776853047293, 0.25562175724897973], [0.2446816338259166, 0.2091001036285901, 0.26463267993166206, 0.2815855825138312], [0.2403668093331651, 0.22211902669476466, 0.19317227024375055, 0.3443418936283197], [0.22500082512928873, 0.19229027340440882, 0.35420014922950943, 0.228508752136793], [0.24361418586257957, 0.21818353748299454, 0.20517972682541433, 0.3330225497290116]], "ideal": "A", "sampled": "A", "correct": true}}
{"type": "result", "data": {"idx": 6, "options": ["True, True", "False, False", "True, False", "False, True"], "probs": [[0.22994600114585256, 0.21581584009252555, 0.24488404360253788, 0.309354115059084], [0.21445943093450898, 0.20766707943289414, 0.2508450410883362, 0.32702844844426066], [0.22016715495324057, 0.30071036368776943, 0.21352792738602788, 0.2655945538729621], [0.21890910434701372, 0.28528886601058623, 0.2190431850074103, 0.2767588445349897], [0.2054162025246244, 0.23075860736446685, 0.25778833029076476, 0.306036859720144], [0.21328322587264598, 0.23772887883193236, 0.2574299871664109, 0.2915579080290107], [0.21821365272841803, 0.2713547227399767, 0.25131138033240047, 0.25912024409920487], [0.2201760858077172, 0.2653627693387744, 0.213498815872777, 0.3009623288807314], [0.1933355514013818, 0.18724005296503368, 0.3788273108325674, 0.24059708470101715], [0.19651595660521523, 0.18735561704682474, 0.23714681750707178, 0.3789816087408882], [0.1845749533926916, 0.1963305832399532, 0.32412125208170867, 0.29497321118564657], [0.1784802579248362, 0.21180238458787481, 0.22572491243384793, 0.38399244495344104], [0.25083620091228875, 0.29299354910958497, 0.18072126678317188, 0.2754489830949544], [0.2423710637688996, 0.2831096308676966, 0.20416640929078242, 0.2703528959726214], [0.23984948155641375, 0.18088461726413252, 0.32797846683528187, 0.2512874342441719], [0.2216187119262329, 0.18070502577405137, 0.24346180257746808, 0.3542144596222476], [0.22057461407698892, 0.1743387106730241, 0.3472297735577823, 0.2578569015922047], [0.2141559272790376, 0.19179114697445798, 0.23528544602425436, 0.3587674796222501], [0.24833378573256884, 0.2768101270155903, 0.19346492615799457, 0.28139116099384626], [0.23172647794521367, 0.26650733944376587, 0.23919331604204697, 0.2625728664689735], [0.23264578085922624, 0.1926909123054627, 0.2896507507481155, 0.2850125559871955], [0.2325654715753563, 0.20505274486999878, 0.2021105406579437, 0.36027124279670125], [0.2122866894901095, 0.17585034142612227, 0.37873076260085187, 0.23313220638291632], [0.2298220693835272, 0.20907387135322286, 0.21597576139197663, 0.3451282977712733]], "ideal": "A", "sampled": "A", "correct": true}}
{"type": "result", "data": {"idx": 7, "options": ["True, True", "False, False", "True, False", "False, True"], "probs": [[0.2578068932959883, 0.27415024822965206, 0.21042583567145498, 0.2576170227029046], [0.2316742722707917, 0.24637923009285043, 0.22458005283881607, 0.29736644469754175], [0.22727730529304538, 0.32528385032017837, 0.18997318757700807, 0.2574656567097682], [0.22708364303745535, 0.3149882115859019, 0.18832290818940792, 0.26960523708723483], [0.21184352669515305, 0.26545760823985576, 0.23092616290304968, 0.2917727020619415], [0.22140769988181974, 0.271012280422353, 0.23210987792241894, 0.27547014167340833], [0.23744374157432915, 0.29066583078181063, 0.22315039895999528, 0.24874002858386496], [0.2340314457787921, 0.2820641780232706, 0.18810740671981047, 0.29579696937812683], [0.2042273970143742, 0.22412323461272773, 0.32148821595768895, 0.25016115231520913], [0.20744471249890123, 0.22763794658291858, 0.21746854481906583, 0.3474487959991144], [0.20574774109763333, 0.24036233182158512, 0.2726933495312421, 0.28119657744953946], [0.19231778954483503, 0.2545905188839512, 0.2047912241251486, 0.3483004673460652], [0.2625620702028281, 0.3018887981751987, 0.16051529585477853, 0.27503383566719464], [0.25342853344358707, 0.2914003555840704, 0.17694755332205164, 0.2782235575502909], [0.25423613566949943, 0.22065611510240013, 0.27495655824409954, 0.2501511908840009], [0.23841618068121812, 0.21685864226684148, 0.22398893687935303, 0.32073624007258733], [0.24182794265033655, 0.22694433546942966, 0.26986353782507627, 0.2613641839551575], [0.23405224431278626, 0.24123059570210761, 0.20983243299162793, 0.3148847268934782], [0.2534484753838407, 0.28248952940928773, 0.17695468490698787, 0.28710731019988367], [0.24417721096483716, 0.27217057750141727, 0.21555352530042782, 0.2680986861333177], [0.24566332261301183, 0.2416270452011284, 0.23445706858504486, 0.2782525635008149], [0.2405677396072268, 0.25189078977677165, 0.17879194818699348, 0.32874952232900806], [0.2256884440143653, 0.2255045040915705, 0.30863441174315126, 0.24017264005091293], [0.2393781500537397, 0.2626666245793871, 0.1954051939383781, 0.30255003132849506]], "ideal": "D", "sampled": "A", "correct": false}}
{"type": "result", "data": {"idx": 8, "options": ["0", "4", "2", "6"], "probs": [[0.15780488125310468, 0.3726944736076569, 0.27304319358250534, 0.19645745145673305], [0.15943982245282423, 0.34824858016772003, 0.3029406485886038, 0.1893709486908519], [0.16229696570203966, 0.3489851951250136, 0.31320789453235415, 0.17550994454059263], [0.15895501793955616, 0.3160894120588889, 0.3476108506686318, 0.1773447192329231], [0.1733625880712533, 0.38459513733698875, 0.24860993766116324, 0.19343233683059471], [0.15972386123032992, 0.3892006467727362, 0.21858569187571486, 0.23248980002121905], [0.2535368951029498, 0.23434896671508518, 0.32078455807246986, 0.19132958000949515], [0.25919096886930854, 0.2395677345880392, 0.2761098659921784, 0.22513143045047385], [0.2513927183586391, 0.42751198365716686, 0.14560781200848566, 0.17548748587570842], [0.24507850406103293, 0.3794835209467013, 0.24531258640220366, 0.1301253884900621], [0.25157188260810287, 0.40188846002139555, 0.1412276581703205, 0.20531199910018103], [0.24071224390114623, 0.3845624384579313, 0.2093151987777726, 0.16541011876314984], [0.2336663375163759, 0.23353628017761296, 0.3298187353823199, 0.20297864682369124], [0.22554686035684351, 0.228961163776988, 0.3336341132700415, 0.21185786249612695], [0.22726119036512532, 0.44491199645814683, 0.14802552096441468, 0.17980129211231316], [0.21568950687144733, 0.4029325484389576, 0.24851101264091222, 0.13286693194868285], [0.21309940954707024, 0.4510778842620521, 0.13244119196506837, 0.20338151412580932], [0.22070138657711055, 0.41228486240474305, 0.21414207452739317, 0.1528716763907532], [0.28941798207249864, 0.23604416844868562, 0.25956904885557386, 0.21496880052324188], [0.27108048178165206, 0.22458121664448397, 0.29330386397421476, 0.2110344374996492], [0.27858506800175176, 0.37471051883793355, 0.1492104336705476, 0.19749397938976707], [0.2716432673446849, 0.3486725895457038, 0.23991326925222645, 0.13977087375738484], [0.27578568455799274, 0.3651728927723969, 0.14093673227808162, 0.21810469029152876], [0.25789878538350525, 0.32588524594282375, 0.27048114745538127, 0.14573482111828973]], "ideal": "B", "sampled": "D", "correct": false}}
{"type": "result", "data": {"idx": 9, "options": ["1", "2", "2,3", "6"], "probs": [[0.17926839259364222, 0.2507825530931291, 0.3378776361884203, 0.23207141802480835], [0.1758125021393617, 0.21530120279416928, 0.19321380892169668, 0.41567248604477236], [0.20593525467243778, 0.3342768847608075, 0.22996391353691725, 0.22982394692983743], [0.18881757472188385, 0.34727775654283527, 0.21753381321145923, 0.24637085542382167], [0.1722820128668226, 0.22811274568113546, 0.19230750487770068, 0.40729773647434125], [0.18161349945596178, 0.2683533051832393, 0.28149910919536164, 0.26853408606543727], [0.19094755038121525, 0.25091961397581874, 0.34339598329501586, 0.2147368522479501], [0.18062934152799498, 0.2143964128521492, 0.1779168088928635, 0.4270574366269923], [0.18262249229512276, 0.3660249709716983, 0.22220027444524823, 0.22915226218793072], [0.1773125336775215, 0.3842841913485211, 0.22611994896772997, 0.21228332590622745], [0.17745281754149697, 0.24243348834474468, 0.18606157599019052, 0.3940521180235678], [0.18688189605285885, 0.2804846334465777, 0.3036037864145293, 0.22902968398603415], [0.25623323057909864, 0.2948220547632829, 0.22631749367343162, 0.22262722088418688], [0.2642535488265682, 0.2992966085582709, 0.19957449435460103, 0.23687534816055983], [0.25076251472223, 0.302359154719898, 0.2357435006936036, 0.21113482976426837], [0.25233578303412824, 0.30902242196952945, 0.22282892131322174, 0.21581287358312057], [0.25265350182350677, 0.28618856408748466, 0.21626051613729697, 0.2448974178517116], [0.24330411446511085, 0.2799406474522247, 0.22173037623916747, 0.255024861743497], [0.1757922742221952, 0.21192730645314564, 0.1901707322679915, 0.4221096869566676], [0.19447060217209952, 0.24961297583487407, 0.24986397099773827, 0.3060524508952881], [0.1727520155474056, 0.23234629177271762, 0.2052572312115764, 0.3896444613683004], [0.176759032645955, 0.2736747170468716, 0.3153512712514411, 0.23421497895573234], [0.19891674213730273, 0.32791994484602216, 0.22554684691320243, 0.24761646600347267], [0.20052670541914144, 0.32546854430579586, 0.22042430254058354, 0.2535804476344792]], "ideal": "C", "sampled": "C", "correct": true}}
{"type": "result", "data": {"idx": 10, "options": ["True, True", "False, False", "True, False", "False, True"], "probs": [[0.2867522112292719, 0.24124903922344984, 0.22686478355432554, 0.24513396589295264], [0.24479557936121202, 0.22268112333397172, 0.23730962329681315, 0.29521367390800307], [0.2429994719083654, 0.3217102491024217, 0.19231435081482975, 0.24297592807438315], [0.2463899965047318, 0.30642042258145713, 0.18899419983864846, 0.2581953809751626], [0.22419023177482564, 0.24988557023461871, 0.24251389139680007, 0.28341030649375554], [0.24023395058393354, 0.2476514056777243, 0.2441285328582617, 0.26798611078008044], [0.24514328700405802, 0.2527288122899285, 0.24525903922075057, 0.2568688613852629], [0.24769679461336352, 0.24747882043393785, 0.21526738357574637, 0.2895570012769522], [0.2139415708873077, 0.1977238476417847, 0.3421009131610883, 0.2462336682098193], [0.21960327681500943, 0.19364008882613004, 0.23022032467865447, 0.35653630958020605], [0.20731437767543798, 0.20716767575005732, 0.3065523665887961, 0.2789655798857086], [0.1994312762845187, 0.2188808237953896, 0.22606455461102748, 0.35562334520906425], [0.2848837248003036, 0.2715927240759015, 0.1674935891687155, 0.2760299618550794], [0.2730486094678581, 0.2603079974391029, 0.1936533152863445, 0.27299007770669453], [0.2705881812722646, 0.17729484504789866, 0.30195929697237894, 0.2501576766074578], [0.24715808031471595, 0.1806515306053708, 0.23960284886348326, 0.33258754011643], [0.25440413515420246, 0.1802351528295989, 0.3070148618812767, 0.25834585003492194], [0.24620922296822143, 0.19458638749919818, 0.21733147422294452, 0.34187291520963586], [0.27576825019939766, 0.24699404833231048, 0.18371990321229512, 0.2935177981559967], [0.25753295419025013, 0.23800659177307434, 0.23457512257137586, 0.2698853313652997], [0.25886948456973874, 0.1983113704907095, 0.26299153343142906, 0.2798276114081227], [0.2604089236242789, 0.21236705553595797, 0.18758675082159235, 0.3396372699181708], [0.23675652983270026, 0.19010033918356775, 0.3288827191130845, 0.24426041177064753], [0.26292237245013095, 0.21441837823603577, 0.195424300480846, 0.32723494873298725]], "ideal": "C", "sampled": "A", "correct": false}}
{"type": "result", "data": {"idx": 11, "options": ["symmetric only", "anti-symmetric only", "both symmetric and anti-symmetric", "an equivalence relation"], "probs": [[0.12468536103994504, 0.11259754662134644, 0.37541028573774576, 0.3873068065009627], [0.12777128243191085, 0.10263506608316346, 0.3908358935247282, 0.3787577578601975], [0.13687815586617663, 0.26998125133087025, 0.24609777305632172, 0.34704281964663136], [0.1347737014158897, 0.2830143570616949, 0.3161283731144443, 0.2660835683079711], [0.15621464395501858, 0.3229817531170639, 0.1246373942240372, 0.3961662086038803], [0.15231382845309138, 0.2692892253129606, 0.28697454926482063, 0.2914223968691274], [0.11508408332516837, 0.11593774845361464, 0.35747928539549556, 0.41149888272572144], [0.11904498188497278, 0.10339603572049917, 0.41912353034596606, 0.35843545194856197], [0.12651430446177103, 0.29406983533749287, 0.21874564045702374, 0.3606702196437124], [0.12152927639303127, 0.30073175503431937, 0.33590976151243435, 0.241829206960215], [0.12537847271233984, 0.3488732226011981, 0.14219540144280107, 0.383552903143661], [0.1366838345289066, 0.3277923713625647, 0.2678027708888059, 0.2677210231197228], [0.1729781776493663, 0.18984355030545563, 0.27653262016392083, 0.3606456517812572], [0.18741169011472048, 0.1932372691069345, 0.3671536633853428, 0.2521973772930023], [0.16397952054413362, 0.21881814484684106, 0.2560765292342809, 0.3611258052747444], [0.1726496666497196, 0.21983654794878812, 0.34625813361520025, 0.26125565168629206], [0.1824898977389175, 0.3252130940358327, 0.23084825160866693, 0.26144875651658284], [0.17792206306118033, 0.3220677221423657, 0.22861928767448106, 0.2713909270219729], [0.27356732704190573, 0.16580473379040914, 0.14993532447314933, 0.41069261459453577], [0.2198828822119557, 0.16200459484639756, 0.35705111491242203, 0.2610614079292247], [0.266428389118147, 0.14361215064317787, 0.15065077394680004, 0.4393086861918751], [0.2389812475811129, 0.13927749457888822, 0.3424269650577627, 0.2793142926822362], [0.26940590541955756, 0.20001353619502885, 0.2736720781301781, 0.2569084801552355], [0.268204339364302, 0.18705338795261803, 0.2724514982562453, 0.27229077432683463]], "ideal": "C", "sampled": "D", "correct": false}}
{"type": "result", "data": {"idx": 12, "options": ["1", "2", "5", "11"], "probs": [[0.203066048188529, 0.2605988240338333, 0.30976434405116116, 0.2265707836264766], [0.2109397030225876, 0.2837284972222137, 0.2976367948733236, 0.20769500478187503], [0.21213208769024283, 0.32335380680170095, 0.26829455099684907, 0.19621955441120717], [0.20221281049613615, 0.30821326371925495, 0.28091800210050927, 0.20865592358409962], [0.23015998644553734, 0.30007774081921507, 0.2568803765648079, 0.21288189607043967], [0.21905675854663095, 0.29464132029807594, 0.2602525689975328, 0.22604935205776036], [0.24577996157453585, 0.2697630065551046, 0.27425010355054025, 0.21020692821981926], [0.2504833452369134, 0.2792839830514447, 0.2626009104555912, 0.20763176115605073], [0.2293067757452715, 0.3440890959170454, 0.2480300999636292, 0.17857402827405391], [0.22437117657248815, 0.32126736158991825, 0.2624362667769574, 0.19192519496063615], [0.25308410462072334, 0.3051278727253666, 0.24158818607245813, 0.20019983648145184], [0.2454879471941101, 0.3053944272066243, 0.2455902138588016, 0.203527411640464], [0.26979077261656875, 0.2532331980993417, 0.28274691523387185, 0.19422911395021772], [0.267611209538807, 0.251174602649942, 0.2761147659161954, 0.2050994217950556], [0.2669290184590461, 0.2505824155594576, 0.28417082347840805, 0.19831774240308828], [0.27082624625200435, 0.2502944729928051, 0.28386738470535894, 0.19501189594983162], [0.2770062427989734, 0.2811556798110735, 0.26024780062588015, 0.18159027666407293], [0.28102498406267323, 0.2808415805761835, 0.2480400130488784, 0.19009342221226483], [0.2598978021465787, 0.2680041531653048, 0.2599884012079783, 0.21210964338013827], [0.2537225148763475, 0.26573580104829186, 0.2701983411310373, 0.21034334284432332], [0.256121128771919, 0.27683067319009036, 0.2444923966878539, 0.2225558012501367], [0.24654583997862486, 0.270656619501714, 0.2751733701426791, 0.20762417027698202], [0.2462312021799976, 0.2832925788793135, 0.26633198856140244, 0.20414423027928652], [0.24651465940223646, 0.2792260008886478, 0.26665076213419103, 0.2076085774749247]], "ideal": "A", "sampled": "C", "correct": false}}
{"type": "result", "data": {"idx": 13, "options": ["(x \u2212 2)(x + 2)(x \u2212 1)", "(x + 1)(x + 4)(x \u2212 2)", "(x + 1)(x \u2212 4)(x \u2212 2)", "(x - 1)(x \u2212 4)(x \u2212 2)"], "probs": [[0.2961905300321028, 0.22349981961399493, 0.23080661890582863, 0.2495030313480737], [0.2884433951221567, 0.20128208996673522, 0.27110333055834945, 0.2391711842527586], [0.28589747631212775, 0.22258652249374708, 0.22280233602094363, 0.2687136650731815], [0.29133048650689297, 0.20172859726319048, 0.2869921326350276, 0.21994878349488897], [0.2862792866200138, 0.226382535280261, 0.22657936471551787, 0.26075881328420736], [0.3007779791070762, 0.23783370568208986, 0.23074057466907283, 0.23064774044176112], [0.29576469786925985, 0.2609381792107733, 0.2018199056998689, 0.24147721712009795], [0.2867087338068852, 0.24136676662633838, 0.23416467800884233, 0.23775982145793406], [0.3155921932435492, 0.168837470457767, 0.2658918697785583, 0.24967846642012548], [0.3005069195923706, 0.20323157308453524, 0.195619285087097, 0.3006422221359972], [0.29011248674732615, 0.17726437217416843, 0.2994905322642489, 0.23313260871425653], [0.2849409877968996, 0.1957398056788208, 0.251571863864537, 0.2677473425597426], [0.2899357507804264, 0.236579398932316, 0.20096548798006486, 0.2725193622071928], [0.2985170901407052, 0.20191526697552056, 0.2895204252000952, 0.21004721758367906], [0.279378265114503, 0.14374786613934226, 0.2929843067829879, 0.28388956186316683], [0.2799095594576102, 0.15092471690232448, 0.29351077355521665, 0.2756549499848487], [0.29565322836740515, 0.17923316624805857, 0.2912192983815813, 0.233894306902955], [0.27196880361791315, 0.19889585079064268, 0.22557384591308993, 0.30356149957835427], [0.27404540366106495, 0.22711799698111176, 0.20696672486728943, 0.29186987439053386], [0.2975151747908154, 0.25438638760924437, 0.20140845471369417, 0.24668998278624604], [0.24554602772796572, 0.12634883082728698, 0.3747054561422351, 0.2533996852025122], [0.2546932399018225, 0.1532075702990866, 0.27988931533875605, 0.3122098743603348], [0.2727009911160014, 0.12677088189688882, 0.3672414962991176, 0.2332866305879922], [0.265855900444151, 0.14906586260896787, 0.18568162064836427, 0.3993966161985168]], "ideal": "C", "sampled": "A", "correct": false}}
{"type": "result", "data": {"idx": 14, "options": ["6", "12", "30", "105"], "probs": [[0.19407870451889886, 0.36249313835134545, 0.22347737022422268, 0.219950786805533], [0.18939634591246085, 0.3649830112991425, 0.2981278211138197, 0.14749282157457694], [0.18842029288880885, 0.3687685672753553, 0.17706237467749983, 0.26574876505833606], [0.1864794166724256, 0.3271412800351279, 0.30281748913452533, 0.1835618140579212], [0.18139825759504224, 0.4560180902025061, 0.2121963500764366, 0.15038730202601505], [0.1824937435430521, 0.4516675404504146, 0.21687674197059606, 0.14896197393593727], [0.24365057411812935, 0.22522119020983214, 0.26767322817261374, 0.2634550073994248], [0.22500520942345284, 0.22142501173189344, 0.3889931737987624, 0.16457660494589127], [0.230377476931758, 0.30506324310436117, 0.23776273072722062, 0.22679654913666017], [0.21913000428556587, 0.264205944401693, 0.31402249544799504, 0.2026415557647461], [0.20276743755246607, 0.390780669823818, 0.2409509014417276, 0.16550099108198835], [0.2133930388890806, 0.41779492546299213, 0.21021569399566434, 0.1585963415522629], [0.24434166780141864, 0.2188811120338738, 0.2726264257065059, 0.2641507943582016], [0.23116909766361796, 0.21364935593705642, 0.3695170768869826, 0.18566446941234302], [0.2581487749645515, 0.19170929142163137, 0.23877562513202585, 0.31136630838179125], [0.2259245745336219, 0.18719003534859, 0.38442756576187936, 0.20245782425590872], [0.2200224897035358, 0.38006032790643685, 0.25337280687959823, 0.1465443754104291], [0.21071845604932826, 0.39360547648316674, 0.23157203540232751, 0.16410403196517748], [0.33769340287089594, 0.25874264483590464, 0.22847435004367433, 0.17508960214952507], [0.2994377270125267, 0.24808919057616458, 0.25616526219421093, 0.1963078201170978], [0.33204707499998315, 0.23167148230143306, 0.25862899420059277, 0.177652448397991], [0.34653927441376803, 0.2614236292617992, 0.18841014152714647, 0.20362695469728628], [0.3095066362603961, 0.23717555477777305, 0.2566507305454422, 0.19666707831638866], [0.3417065245079979, 0.24983628836268118, 0.21385488549284062, 0.1946023015364803]], "ideal": "C", "sampled": "D", "correct": false}}
{"type": "result", "data": {"idx": 15, "options": ["True, True", "False, False", "True, False", "False, True"], "probs": [[0.24831075963875077, 0.2682037353247421, 0.1933618336722608, 0.2901236712642463], [0.21820465378381254, 0.2394255321807311, 0.21483784062018885, 0.3275319733152675], [0.21908518854065223, 0.31354845678362225, 0.18166384506412586, 0.2857025095115996], [0.2242281007712444, 0.3062351275849421, 0.18163809041636436, 0.28789868112744915], [0.20362158394079183, 0.27163468169627136, 0.21178753899676445, 0.31295619526617235], [0.21430130300763023, 0.283651292295701, 0.2045366316829231, 0.2975107729137456], [0.22289698820106876, 0.2859515675296741, 0.20942325334048784, 0.2817281908287693], [0.22291879192261674, 0.27290041878477145, 0.18483756092354386, 0.31934322826906797], [0.19140210175382075, 0.22711774027705725, 0.3157372976304073, 0.26574286023871463], [0.1937522354341007, 0.22634193777226255, 0.20629734366720215, 0.37360848302643457], [0.18595670993063146, 0.24235425480360318, 0.2503260187700115, 0.3213630163957539], [0.17547926043485282, 0.2511940858829048, 0.19581444267737075, 0.37751221090487164], [0.2655928055499796, 0.2959945411387761, 0.15133022809511398, 0.2870824251161303], [0.25847936059154175, 0.29259667233576014, 0.16953052831281465, 0.2793934386598835], [0.2590905350458652, 0.21458154275114658, 0.2591285032034518, 0.2671994188995364], [0.2326462303263689, 0.2083482177101078, 0.21518583914252745, 0.3438197127209958], [0.24331509339417448, 0.21789222304155384, 0.26315795588371255, 0.2756347275805591], [0.23400159621871788, 0.22308135523287745, 0.19706573199451444, 0.3458513164538902], [0.2577964365224534, 0.2829021215155941, 0.16260370610518432, 0.2966977357567682], [0.24575867514064, 0.27826072933690493, 0.19750749474256576, 0.2784731006798893], [0.24790665122950495, 0.2363364354882133, 0.21206303886720518, 0.3036938743150766], [0.2399217003355654, 0.24348465733053304, 0.16750083612464495, 0.34909280610925664], [0.21699041322741133, 0.21345183468997792, 0.31587026617525765, 0.25368748580735306], [0.2390618401806355, 0.23515141797243191, 0.18330975818858017, 0.34247698355835243]], "ideal": "B", "sampled": "A", "correct": false}}
{"type": "result", "data": {"idx": 16, "options": ["1", "-1", "i", "-i"], "probs": [[0.13105012279853842, 0.17497023677610693, 0.23200463900623328, 0.4619750013191214], [0.15006571112170936, 0.19573213481542356, 0.23261655968386974, 0.42158559427899733], [0.14093785826572203, 0.27820934520617646, 0.16884079090103643, 0.412012005527065], [0.12580983526953368, 0.2190979155544575, 0.35048729700051573, 0.3046049520754931], [0.14107199871297607, 0.28059955174205115, 0.17569185006239119, 0.4026365993825816], [0.1399134993413248, 0.2849316298676708, 0.22554525730738628, 0.3496096133836181], [0.15061830575042956, 0.1760710223694789, 0.2227733151228984, 0.45053735665719313], [0.19127350978678367, 0.21001826299252965, 0.2237380611477617, 0.37497016597292493], [0.16510847455263808, 0.2478798515530878, 0.19018975181748585, 0.3968219219767883], [0.15917687828037763, 0.21417764784538182, 0.3426166031591676, 0.2840288706150729], [0.15752346812103507, 0.30132114884224337, 0.1828421801145817, 0.35831320282213985], [0.1747071172823709, 0.33160916461622375, 0.21422095913862207, 0.27946275886278327], [0.20587803158358486, 0.14706712346198475, 0.19655114091762202, 0.45050370393680833], [0.21278938966037905, 0.14500855124049508, 0.29099193646072036, 0.3512101225384055], [0.21270373778456908, 0.15077026411531064, 0.21282670216856073, 0.4236992958315596], [0.2144930713635884, 0.16057499523755034, 0.32221557246433097, 0.30271636083453035], [0.1195021116947909, 0.5073744909973421, 0.14428791924917792, 0.22883547795868903], [0.14440555331136326, 0.5325642029198335, 0.12076296206239116, 0.20226728160641197], [0.2687847694123649, 0.15789637438555246, 0.18189079109670123, 0.3914280650053814], [0.2514095568385678, 0.154793531932174, 0.22191148328618943, 0.37188542784306877], [0.2822526714091326, 0.12129313587892925, 0.2164172397070567, 0.38003695290488143], [0.313390960858985, 0.13895342828572754, 0.2292889437062052, 0.3183666670490823], [0.26111328988315147, 0.2734742503112405, 0.17397482950698293, 0.2914376301986251], [0.2964455606375388, 0.31050894790709643, 0.14336531498397337, 0.2496801763713914]], "ideal": "C", "sampled": "D", "correct": false}}
{"type": "result", "data": {"idx": 17, "options": ["(1,1)", "(3,1)", "(1,6)", "(3,6)"], "probs": [[0.25723230452897305, 0.21992297140659617, 0.2573330959817763, 0.2655116279826545], [0.2237909518318811, 0.20370405303276864, 0.3414769666605361, 0.2310280283748141], [0.25564613554832716, 0.3131630075683503, 0.18711308854268816, 0.2440777682406344], [0.22476566990801622, 0.2668719251653124, 0.27991780218785556, 0.2284446026388158], [0.2286735785569412, 0.40773627707836957, 0.1648048809122218, 0.19878526335246743], [0.21970051197447035, 0.4105316636966661, 0.14990602208805048, 0.21986180214081302], [0.24272690349287068, 0.18028679219638294, 0.2974789694029791, 0.2795073348077673], [0.2512743883153333, 0.17532350904932545, 0.371497468829145, 0.20190463370619627], [0.28012419996399757, 0.25097955392680116, 0.22163532172767214, 0.24726092428152907], [0.2550334448127275, 0.22850948101274582, 0.29827837486316877, 0.2181786992113579], [0.2859172309922532, 0.3394075434884036, 0.15544037982579495, 0.21923484559354828], [0.26818084314494467, 0.3183852982443281, 0.16917229935068495, 0.24426155916004225], [0.3189644657783637, 0.16796339307372266, 0.2226410160426636, 0.29043112500525003], [0.3163143050903521, 0.15405738122625287, 0.30182924413897416, 0.22779906944442088], [0.32539893648047885, 0.23060392871892793, 0.18251291731467736, 0.2614842173859158], [0.31083850660023804, 0.19138216114892323, 0.2874991764958664, 0.2102801556549723], [0.33229149879359504, 0.2930716144862531, 0.14628052056099125, 0.22835636605916065], [0.3388396102197001, 0.27640991576500556, 0.1625714700485179, 0.22217900386677644], [0.3570192157865179, 0.1711678206749456, 0.23406735060258507, 0.2377456128359514], [0.33070492248350014, 0.16616783786888464, 0.24958508832365237, 0.25354215122396284], [0.3611380672772037, 0.23300813034875437, 0.15771573230332905, 0.24813806997071286], [0.3373696652893268, 0.2176814279779029, 0.18628758847545207, 0.2586613181573182], [0.3726450148948164, 0.22237178349697448, 0.15288857886322443, 0.2520946226449847], [0.3703890111324235, 0.22103078175085777, 0.1804715531462365, 0.22810865387048224]], "ideal": "C", "sampled": "D", "correct": false}}
