{"type": "result", "data": {"idx": 0, "options": ["This type occurs in binary systems.", "This type occurs in young galaxies.", "This type produces gamma-ray bursts.", "This type produces high amounts of X-rays."], "probs": [[0.2795030259658447, 0.057232858450437095, 0.37035403755639, 0.2929100779273282], [0.3230348241119214, 0.04581747220675487, 0.05527832006586512, 0.5758693835154586], [0.3379611620272818, 0.11320496180706222, 0.10804775940220274, 0.44078611666345324], [0.33976849403904913, 0.1138121692154415, 0.08199631299754112, 0.4644230236479683], [0.2888505804988512, 0.025439558974635332, 0.07420255367427928, 0.6115073067522342], [0.29394143816869545, 0.03324124216700974, 0.2894484102436534, 0.3833689093206414], [0.06645710716136485, 0.7145693844246851, 0.09085968813241134, 0.12811382018153866], [0.04245610566352508, 0.7181876354556402, 0.033595226952018734, 0.2057610318288159], [0.07258038438370362, 0.07373194615496823, 0.6369863341703702, 0.21670133519095797], [0.016585625644658347, 0.020483884882056172, 0.02113419018051957, 0.9417962991927659], [0.034578158224296926, 0.02081402131061284, 0.5669584073076992, 0.3776494130573911], [0.015048792836500723, 0.010590475229072766, 0.03582413181754554, 0.938536600016881], [0.17575863787675525, 0.28088448704434155, 0.19921367758965688, 0.3441431973892463], [0.1394201551713573, 0.23350214532272806, 0.06691335337650044, 0.5601643460294142], [0.01845822341547522, 0.03700229242265831, 0.8825804207961304, 0.06195906326573607], [0.010384186092588602, 0.014419496881864726, 0.018085799974735504, 0.9571105169508112], [0.06891168178351244, 0.025157921142515284, 0.4565286619289402, 0.44940173504503206], [0.004091374468991726, 0.005862013283403775, 0.01193239042964935, 0.9781142217179551], [0.05735261472025337, 0.16086691915995016, 0.1354742373292691, 0.6463062286905273], [0.06556999670468185, 0.18975341948683908, 0.2676160634357413, 0.47706052027273776], [0.011006839263244158, 0.02348845932201889, 0.8024819184220601, 0.16302278289267685], [0.0054861041788385155, 0.010171468382854992, 0.024781554969503947, 0.9595608723688025], [0.03662185257238201, 0.03232280393416292, 0.5553272759031925, 0.37572806749026255], [0.003369280251317616, 0.006860863184262837, 0.010541982374759782, 0.9792278740896597]], "ideal": "A", "sampled": "A", "correct": true}}
{"type": "result", "data": {"idx": 1, "options": ["Its speed relative to you", "Its composition", "Its size", "Its distance from you"], "probs": [[0.04451250068896494, 0.037488484798533374, 0.5509591431272829, 0.3670398712852188], [0.03557824528642143, 0.03475929977631991, 0.6767652983089812, 0.25289715652827743], [0.0777011846390681, 0.5479473119998682, 0.04193212278954635, 0.3324193804715173], [0.08866542312613324, 0.26891987711720994, 0.5694530435990152, 0.07296165605764167], [0.05815431934243519, 0.7198367225379643, 0.034202587365702655, 0.18780637065389788], [0.11461361154919293, 0.44637094593439347, 0.36440600855264804, 0.07460943386376555], [0.025528672596366972, 0.04048362965109164, 0.5949643575065293, 0.33902334014601204], [0.026108451768569154, 0.040129245220490765, 0.6180663842402667, 0.31569591867067337], [0.04228807875084984, 0.36536376711966834, 0.06058658128331442, 0.5317615727461674], [0.03213593074712483, 0.09155895798822843, 0.7788238727705953, 0.09748123839405151], [0.027735495162156475, 0.48789267364035616, 0.040051552275338145, 0.44432027882214925], [0.04046979692528655, 0.6688029391691196, 0.17448974169034492, 0.11623752211524897], [0.2198931590984896, 0.10067603811118593, 0.03294701898474106, 0.6464837837055833], [0.11647369747385378, 0.0921512680361016, 0.7137617350688253, 0.07761329932121921], [0.13478880667419185, 0.038923396351354535, 0.050374882464385845, 0.7759129144100678], [0.04523629002010892, 0.03721588586233244, 0.827560366146782, 0.08998745787077665], [0.23622668139102146, 0.6033133953700159, 0.1016419097924203, 0.058818013346542304], [0.1716906045090305, 0.700739707755248, 0.039853253951157394, 0.08771643368456407], [0.621506931650726, 0.09988186544627205, 0.023545283909563886, 0.255065918893438], [0.2799846911145812, 0.1281900741982442, 0.5232041633560831, 0.06862107123109153], [0.34158700500114064, 0.04209178293710773, 0.035172999351214054, 0.5811482126105376], [0.42120542490434515, 0.07434778549005501, 0.414763593412235, 0.08968319609336481], [0.38150386297439726, 0.4747932115956909, 0.09206855604851827, 0.05163436928139357], [0.577569621075142, 0.30433640787944866, 0.038703778045592004, 0.07939019289981733]], "ideal": "D", "sampled": "D", "correct": true}}
{"type": "result", "data": {"idx": 2, "options": ["Because the molecules that compose the Earth's atmosphere have a blue-ish color.", "Because the sky reflects the color of the Earth's oceans.", "Because the atmosphere preferentially scatters short wavelengths.", "Because the Earth's atmosphere preferentially absorbs all other colors."], "probs": [[0.011101903806332587, 0.008512256983272995, 0.9537531491813412, 0.026632689929053127], [0.006021231588706833, 0.005569184792296656, 0.02202733468242423, 0.9663822488365723], [0.016154863356983757, 0.9388738626309655, 0.010766451214686636, 0.03420482269736408], [0.015146946984694723, 0.9518183763473989, 0.013583165161976501, 0.019451511405929944], [0.007749912606245029, 0.010759946628553837, 0.005204170350109019, 0.9762859703150921], [0.027121956384958998, 0.04008185617484092, 0.8438644079498766, 0.08893177939032346], [0.006739969824833656, 0.02125208185277893, 0.9398526647382901, 0.03215528348409726], [0.006676864737397318, 0.026614844514949436, 0.013595586477333638, 0.9531127041703196], [0.00400020654459875, 0.9787769480728448, 0.0059146416427832745, 0.011308203639773145], [0.0037688075855843673, 0.9816499559951875, 0.005885618289282961, 0.008695618029945252], [0.003633563267478002, 0.014148391216153916, 0.005628876998645198, 0.9765891684177229], [0.005160538836693175, 0.3425091730959406, 0.5827385660501301, 0.06959172191723613], [0.9687724998395227, 0.012484142324184341, 0.005246370541676526, 0.013496987194616396], [0.976720944488983, 0.00928084437239276, 0.00580899508541297, 0.008189215953211305], [0.9677545240155585, 0.010835048004001795, 0.007390617694016836, 0.014019810186422867], [0.9738398957173087, 0.00896872316017595, 0.0074952697733954455, 0.009696111249119925], [0.976724212738598, 0.01164070501091005, 0.0036354146520996447, 0.007999667498392303], [0.9688180164722047, 0.015781700734468093, 0.004383801982543999, 0.011016480710783228], [0.017691811322477557, 0.009619215381432079, 0.006612551780436685, 0.9660764214156536], [0.09494268185868027, 0.020213788729837597, 0.8332250092667829, 0.05161852004469922], [0.009221827014033745, 0.0055070111660120305, 0.007017046467318537, 0.9782541152526357], [0.026125491587411124, 0.010976357772874663, 0.9211479154459324, 0.04175023509378176], [0.43485836712495074, 0.49269215595925225, 0.021320509938683705, 0.05112896687711334], [0.3416153115821554, 0.5631584994715892, 0.023620262211726514, 0.07160592663452879]], "ideal": "C", "sampled": "C", "correct": true}}
{"type": "result", "data": {"idx": 3, "options": ["The first time you drop a bowling ball and it falls to the ground proving your hypothesis.", "After you\u2019ve repeated your experiment many times.", "You can never prove your theory to be correct only \u201cyet to be proven wrong\u201d.", "When you and many others have tested the hypothesis."], "probs": [[0.019498131876752055, 0.4836777674120117, 0.08947079494489396, 0.40735330566634226], [0.02746866321789458, 0.1352178926485022, 0.6553423526105286, 0.18197109142307455], [0.03233442900008933, 0.05289706332967593, 0.29971138309770445, 0.6150571244725304], [0.02695157106515853, 0.055303594289539, 0.8127947751660998, 0.10495005937920274], [0.012826038201107422, 0.8125654844134963, 0.06464931675249104, 0.10995916053290518], [0.011823522784714807, 0.8487693687089485, 0.07188454791836085, 0.06752256048797586], [0.06919083230517865, 0.04983933064049524, 0.0888570427795058, 0.7921127941748203], [0.04931301342413325, 0.05088321213815426, 0.7537087341707627, 0.14609504016694982], [0.07614246953633931, 0.07265899519124083, 0.057484587285105214, 0.7937139478873146], [0.25194481388112966, 0.15766039724055464, 0.36097875771755383, 0.2294160310607619], [0.27190057250822264, 0.27619136200143746, 0.13890672142626725, 0.31300134396407264], [0.27444788810846527, 0.270199090215366, 0.22058293221175213, 0.23477008936441668], [0.03415732419718476, 0.034697778131720626, 0.16553796641134647, 0.7656069311597481], [0.030671950312348848, 0.04325807823084563, 0.7549729318349098, 0.17109703952189576], [0.04599415608815423, 0.04059119280223289, 0.04528515143030123, 0.8681294995793116], [0.17027830949005673, 0.0940389402560807, 0.40224334293870506, 0.33343940721515747], [0.06405753403047147, 0.46607060479664414, 0.11245852288751298, 0.35741333818537135], [0.1051104982407074, 0.6340727474762529, 0.09280551485058502, 0.16801123933245476], [0.262008128572071, 0.12183997688088354, 0.3812841744243973, 0.2348677200226481], [0.2975707053840613, 0.1543624251926555, 0.17771260438572453, 0.3703542649375587], [0.45595102138874116, 0.1117288883893553, 0.16007305203049874, 0.2722470380914048], [0.43212220794964357, 0.10588912857588291, 0.27903299065697157, 0.182955672717502], [0.238841284541388, 0.16672303525674395, 0.13399768765431186, 0.4604379924475562], [0.4887736190992259, 0.19138722961114943, 0.11611061734543986, 0.20372853384418482]], "ideal": "C", "sampled": "D", "correct": false}}
{"type": "result", "data": {"idx": 4, "options": ["Titan is the only outer solar system moon with a thick atmosphere", "Titan is the only outer solar system moon with evidence for recent geologic activity", "Titan's atmosphere is composed mostly of hydrocarbons", "A and D"], "probs": [[0.0957544193841303, 0.040247029352722286, 0.22444210275425894, 0.6395564484088885], [0.23275958172705424, 0.10416121112378823, 0.3133631967690386, 0.3497160102801189], [0.16040608580251192, 0.14386099993779608, 0.14840656901853108, 0.547326345141161], [0.2393308615345469, 0.16330404821348388, 0.3826343175778762, 0.21473077257409304], [0.1623594833312761, 0.1325840115079623, 0.14223503210768956, 0.562821472953072], [0.22820826212580178, 0.17922571566735138, 0.27542996814223514, 0.31713605396461175], [0.1217704575208755, 0.05845106832726303, 0.13482493947756166, 0.6849535345742997], [0.22317226395142747, 0.106314399129804, 0.337813499072786, 0.33269983774598255], [0.14847301992859802, 0.19223859331358556, 0.16829966995524198, 0.49098871670257443], [0.21025471937395404, 0.20231313097034256, 0.3634409741645763, 0.2239911753911271], [0.17103931051213836, 0.15460948414136394, 0.20164453680816666, 0.47270666843833103], [0.18207143245306817, 0.146374717340137, 0.31476181742381554, 0.35679203268297927], [0.20396989126021184, 0.11447655152554712, 0.12669339491590384, 0.5548601621983372], [0.28141261821630514, 0.1319721419662672, 0.35312761977524576, 0.23348761994218187], [0.15555344288651132, 0.0996988847796924, 0.17089824122123243, 0.5738494310125638], [0.258954338436626, 0.14196750097144054, 0.327494909507221, 0.2715832509847124], [0.2588367616178099, 0.21303038076597303, 0.21807585464179421, 0.3100570028744229], [0.18488970672561128, 0.1806915578168475, 0.18353212151379075, 0.45088661384375045], [0.11906529660320592, 0.07691379177225112, 0.09647071719958468, 0.7075501943249582], [0.1918363272951932, 0.15423491595633249, 0.34222516414081106, 0.3117035925076633], [0.14455740367751263, 0.1246864367105019, 0.19313364016767653, 0.5376225193443089], [0.17051051047198032, 0.1339036335243899, 0.3640393207889547, 0.33154653511467513], [0.238570097639696, 0.16406159345746926, 0.28348136367766485, 0.31388694512516985], [0.18205597450373223, 0.12228838476563171, 0.20802136418884637, 0.4876342764417897]], "ideal": "D", "sampled": "D", "correct": true}}
{"type": "result", "data": {"idx": 5, "options": ["m*v", "0.5*m/(R^3)", "0.5*m*(2GM/R)", "0.6*G(M^2)/R"], "probs": [[0.1871788948587159, 0.20233596859339098, 0.333795934882163, 0.2766892015657301], [0.19111783449633074, 0.19106614236507335, 0.2067009482594825, 0.4111150747791134], [0.19997799096688665, 0.3348433075650492, 0.07957495036745488, 0.3856037510006093], [0.22630417372062922, 0.47903710830885504, 0.21944171169422647, 0.07521700617628925], [0.20757159588645413, 0.22439005968710996, 0.08521577715021561, 0.4828225671762203], [0.20323275027626944, 0.3098351955103983, 0.37983593340890054, 0.10709612070443168], [0.18728599229498413, 0.21216895000256758, 0.3237023997534822, 0.2768426578489661], [0.19428420354396678, 0.22008748678282655, 0.17419627566676235, 0.41143203390644434], [0.2112871118637567, 0.3271839862126743, 0.19853864597321838, 0.2629902558503506], [0.2423399943917046, 0.3417061719719375, 0.23864797822151176, 0.17730585531484613], [0.16562352579297823, 0.17906093061978343, 0.16057665165914722, 0.49473889182809117], [0.21399239978989243, 0.23868191172370135, 0.3584691797416072, 0.188856508644799], [0.2561785368516872, 0.2482127492601298, 0.09878089958492137, 0.3968278142032617], [0.3467143217340355, 0.3155601087224747, 0.24588527931158982, 0.09184029013190001], [0.30096844732637895, 0.19425589423191786, 0.1742133549937246, 0.3305623033479786], [0.3418020060585173, 0.22408718202387332, 0.2540324665952874, 0.18007834522232205], [0.3767137751628014, 0.3428864385075075, 0.17250211073235872, 0.10789767549733241], [0.3865040569105483, 0.31045463909423193, 0.10567701685621324, 0.19736428703900658], [0.20434343388424356, 0.17473546580078453, 0.09069692815587806, 0.5302241720590938], [0.21665503082493026, 0.2378967404127643, 0.4447007476838777, 0.10074748097842776], [0.20128160713090334, 0.14049157498862114, 0.1519791781750334, 0.5062476396054422], [0.22297633024275246, 0.18195180864230917, 0.4102270663898301, 0.18484479462510828], [0.23585496840502626, 0.38278269763933404, 0.25511065122914284, 0.12625168262649683], [0.25961967139540176, 0.39581878200005527, 0.13263932766306236, 0.21192221884148058]], "ideal": "C", "sampled": "C", "correct": true}}
{"type": "result", "data": {"idx": 6, "options": ["it was stripped away by the magnetic field when it rapidly decreased in strength", "it was broken into hydrogen and oxygen by ultraviolet light and the hydrogen was lost through thermal escape", "it was consumed by a civilization of thirsty Martians", "it was vaporized during a period of intense volcanism and was lost to space through thermal escape"], "probs": [[0.06890769045454774, 0.4859690782698396, 0.04185979656978834, 0.4032634346058243], [0.10882565682109878, 0.3682108623970202, 0.4962747235176662, 0.026688757164214767], [0.01932197544467062, 0.019332879369982434, 0.7550418798080094, 0.20630326527733753], [0.017268470102244797, 0.01825020519881265, 0.6962019424849301, 0.2682793821140125], [0.10310246544728555, 0.6318927253623867, 0.24403505924053992, 0.020969749849787816], [0.06461937387881485, 0.17845000884275752, 0.039242451822579905, 0.7176881653558478], [0.21072284090189278, 0.062292126474554066, 0.024614832375909862, 0.7023702001476433], [0.23354843713650872, 0.11031193583455942, 0.6257401028154043, 0.030399524113527573], [0.16278052207108346, 0.03806852520570552, 0.09140326013691683, 0.7077476924862942], [0.11485198302755316, 0.05511277649560759, 0.7857491657908393, 0.044286074585999896], [0.3779219381544525, 0.500685810060117, 0.09566716085969795, 0.025725090825732433], [0.3338998555803185, 0.5252612232636665, 0.04055749624562, 0.10028142481039498], [0.028088377838172755, 0.04524357252347204, 0.5102431187086732, 0.41642493082968196], [0.025538304287384156, 0.03804815013577325, 0.4938109774146156, 0.442602568062227], [0.0549161653115768, 0.31122829381860134, 0.06086061884513567, 0.5729949219246862], [0.08030437856789908, 0.5076665395214098, 0.37773455029825703, 0.03429453151243404], [0.062133262633032385, 0.2006078026874958, 0.057970917629410576, 0.6792880169500612], [0.06840271864877287, 0.6493440502971729, 0.25066273001331973, 0.03159050094073446], [0.3913723709378958, 0.11212024502466744, 0.4726361192994707, 0.023871264637966058], [0.15128784077408292, 0.05067725545171662, 0.02913044617017581, 0.7689044575040247], [0.6963883767398013, 0.18164350428932, 0.10044411755921062, 0.021524001311668105], [0.6428114268321719, 0.2152729312833017, 0.04179874107653056, 0.10011690070799587], [0.13475611653966574, 0.0374237779033336, 0.06370972770139807, 0.7641103777556025], [0.09678934789873775, 0.04906186223357468, 0.8243919210909881, 0.029756868676699428]], "ideal": "B", "sampled": "D", "correct": false}}
{"type": "result", "data": {"idx": 7, "options": ["Lunar rocks are composed of fragments pulverized by many impacts.", "Radioactive dating of lunar samples shows that they are older.", "The Moon's surface is more heavily eroded than the Earth's surface.", "The Moon's surface has more impact craters than the Earth's surface."], "probs": [[0.011943326363849989, 0.013016512652534899, 0.011133929744554957, 0.9639062311390602], [0.05141774430385066, 0.057364734250705644, 0.7557354967652444, 0.1354820245801993], [0.01073245544789723, 0.008166252839948965, 0.037171476520261364, 0.9439298150918924], [0.016616755114282324, 0.01410426181035907, 0.2789113669358194, 0.6903676160395392], [0.07993974148158368, 0.22422478603079335, 0.5464526062561667, 0.1493828661314563], [0.04037780506306311, 0.11325070499610711, 0.03508942789578788, 0.8112820619450419], [0.008416899126335775, 0.00924523042791703, 0.009317536446927486, 0.9730203338988197], [0.05953291851851112, 0.04221920967486378, 0.7722009370144054, 0.1260469346922197], [0.007295047992675204, 0.0065401933375386755, 0.007888727028890296, 0.9782760315408958], [0.0495241070382632, 0.03857192181194486, 0.7278712580442148, 0.18403271300557708], [0.056969635489932474, 0.7743952821669089, 0.0587974530293542, 0.10983762921380447], [0.05075002372223156, 0.7576497023716849, 0.055755335222308924, 0.13584493858377455], [0.006521001507166037, 0.007506636423048923, 0.018006284501995987, 0.9679660774677891], [0.012621876227245457, 0.017389182517851414, 0.47740964519404544, 0.4925792959608577], [0.007739506523419659, 0.009558113695930577, 0.0076805589242286395, 0.9750218207564211], [0.028329414452496655, 0.044920696548703856, 0.7598429705231668, 0.16690691837563268], [0.017340585975267116, 0.26293001163945384, 0.037587248625287846, 0.6821421536599912], [0.026772781804912524, 0.5505912221329484, 0.2812246936095959, 0.1414113023525432], [0.2042921349521739, 0.08000338881410361, 0.5730747622652581, 0.14262971386846432], [0.07107209440009396, 0.032036468502791585, 0.030814487598789176, 0.8660769493983252], [0.21419551513639065, 0.5914646672947841, 0.06235796141989376, 0.13198185604893142], [0.21228149755968767, 0.5254554434813851, 0.06894279604801756, 0.19332026281090972], [0.06703928511898588, 0.0239052078941525, 0.039418561867024214, 0.8696369450198373], [0.12237704726391715, 0.047183797461795095, 0.7154663907090572, 0.11497276446523064]], "ideal": "B", "sampled": "D", "correct": false}}
{"type": "result", "data": {"idx": 8, "options": ["Iron", "Hydrogen", "Methane", "Helium"], "probs": [[0.21900656837550078, 0.6851246958706155, 0.011429226966762936, 0.08443950868712076], [0.2585063884093134, 0.6397175216024564, 0.06335081928093082, 0.03842527060729936], [0.24725673922427538, 0.07778656705377149, 0.4076177800146418, 0.2673389136073114], [0.21557553592199982, 0.08573204469714656, 0.10342403731408699, 0.5952683819667667], [0.25910104476756357, 0.43384518174266906, 0.2673184394860472, 0.03973533390372012], [0.18936332811469275, 0.47600000471332093, 0.01747868745906429, 0.317157979612922], [0.1444423323353088, 0.6678151375685086, 0.021472127746042003, 0.16627040225014053], [0.2120970888121751, 0.5764518062710742, 0.1626215506706939, 0.04882955414605679], [0.13507913051684944, 0.0679100751808921, 0.23706896600736763, 0.5599418281948908], [0.2418671733177309, 0.0785066497024864, 0.5282725769985824, 0.15135359988120023], [0.2297748960806369, 0.6443284437300048, 0.07697175069637986, 0.04892490939297847], [0.16886949777371485, 0.7108827960870947, 0.02250358133854125, 0.0977441247006492], [0.06056384572181427, 0.3325216881326181, 0.38879544842512304, 0.21811901762044456], [0.045350824391606245, 0.319720214568148, 0.0736074535774491, 0.5613215073627966], [0.046555353022174784, 0.6084254587422938, 0.04841245872681054, 0.29660672940872085], [0.0847990815793868, 0.6265388213072993, 0.13981335207951504, 0.14884874493379885], [0.04379789481844986, 0.36669319454609256, 0.04735847881679719, 0.5421504317186604], [0.07523368819099276, 0.3267615041775127, 0.49832804501056205, 0.0996767625209325], [0.2592822330961197, 0.19264342787924915, 0.5156230964999238, 0.03245124242470735], [0.16671446212096344, 0.13819505733396562, 0.014683066703172477, 0.6804074137418985], [0.24869944245376985, 0.6349713825357203, 0.05907356387931041, 0.0572556110311995], [0.20004589741544151, 0.6766614371300307, 0.01950299397171326, 0.10378967138281459], [0.11602435043738686, 0.030741024186721744, 0.06019329166940503, 0.7930413336064863], [0.20515188381504845, 0.051861691689679884, 0.6519560874978649, 0.09103033689740676]], "ideal": "D", "sampled": "B", "correct": false}}
{"type": "result", "data": {"idx": 9, "options": ["Near-Earth asteroids gradually disintegrate and spread out along their orbital path. When the Earth passes through the orbit of an asteroid we are bombarded by sand-sized particles which cause a meteor shower.", "Near-Earth asteroids disintegrate as they enter Earth's atmosphere creating hundreds of bright meteors that appear to radiate from a single location in the sky.", "The nuclei of comets disintigrate as they enter Earth's atmosphere creating hundreds of bright meteors that appear to radiate from a central location in the sky.", "The nuclei of comets gradually disintegrate and spread out along the comet's orbital path. When the Earth passes through the orbit of a comet we are bombarded by sand-sized particles which cause a meteor shower."], "probs": [[0.6733622249274621, 0.053566937728817834, 0.06773610854651191, 0.2053347286972081], [0.8271992997236705, 0.04150356895975583, 0.09139280322730635, 0.039904327989267414], [0.6241110376654504, 0.09569656562752515, 0.0678782144753344, 0.21231418213169007], [0.4171388804279147, 0.061034107216246775, 0.48020921286911283, 0.041617799386725635], [0.6021995498964031, 0.24710389785155304, 0.05690961288159012, 0.0937869392704537], [0.7142308899110583, 0.19220609938750247, 0.030186251245468275, 0.06337675935597088], [0.18762525587047196, 0.3191655862820417, 0.10203556472188353, 0.39117359302560273], [0.13874443287488472, 0.2551722304319148, 0.46947763764567174, 0.13660569894752878], [0.11126007883628229, 0.0880070850165098, 0.5651683806807879, 0.23556445536642007], [0.04889034724405102, 0.050836815099334916, 0.7186026981118742, 0.18167013944473995], [0.1277958886754114, 0.6097219409536082, 0.19189891766863149, 0.07058325260234888], [0.11827762199460463, 0.6394736242086236, 0.0674116109130345, 0.17483714278373721], [0.22586755596122152, 0.41542226576094454, 0.09869863993738719, 0.2600115382404467], [0.23717329257103278, 0.33970237281058235, 0.3617369288103186, 0.06138740570806625], [0.051329142291956155, 0.05421409665622583, 0.46118202225926724, 0.4332747386925508], [0.06358640285021466, 0.0527152575845125, 0.7994544058543582, 0.0842439336109146], [0.07967019172428977, 0.7327404017002948, 0.12152673796992583, 0.06606266850548959], [0.10423626672003193, 0.6589137862044754, 0.056693926025518336, 0.1801560209499744], [0.647172449211651, 0.14896653432845336, 0.06822954727589195, 0.13563146908400367], [0.7756813474832642, 0.11349325203158303, 0.044115117034556804, 0.06671028335059592], [0.548224969206318, 0.06445703462739835, 0.3485324874609122, 0.03878550860537138], [0.7094146872874486, 0.08604889682747092, 0.06703715275441115, 0.13749926303066934], [0.8724846405498781, 0.024944408327536454, 0.08374816334431141, 0.01882278767827402], [0.5712045558240048, 0.04010051578106975, 0.047635414766273594, 0.3410595135286519]], "ideal": "D", "sampled": "D", "correct": true}}
{"type": "result", "data": {"idx": 10, "options": ["Radiation pressure from the Sun's light pushes the ions away.", "The conservation of the angular momentum in the tail keeps it always pointing away from the Sun.", "The ions are following Keplerian orbits that lead away from the Sun.", "The solar wind electromagnetically \"blows\" the ions directly away from the Sun."], "probs": [[0.14695808125727206, 0.055778648075337556, 0.05079717876853379, 0.7464660917988566], [0.29629987033772015, 0.12943455382729807, 0.3574759310502572, 0.2167896446847246], [0.20154382136278676, 0.06964974052768526, 0.10789728828262193, 0.620909149726906], [0.25677209898666714, 0.09898919537426676, 0.31961402055692817, 0.3246246849821379], [0.35149406236216996, 0.25316233760668694, 0.10392184351427919, 0.2914217564168639], [0.26125902616158153, 0.17677025956156356, 0.05830805527639088, 0.503662658900464], [0.092030121403733, 0.07394877104217897, 0.06326291096756649, 0.7707581964865216], [0.11865984508252832, 0.16218877118777802, 0.42078381617750354, 0.2983675674521901], [0.06919381047538073, 0.04983977619000487, 0.08886222573547381, 0.7921041874991406], [0.15019969976382816, 0.10162957983854927, 0.5669753677645049, 0.18119535253311764], [0.1449266639595839, 0.5556070083806048, 0.08523314254847611, 0.21423318501133512], [0.14634885873776277, 0.47989052766989, 0.09161387252282524, 0.28214674096952197], [0.12736634082984108, 0.071447741234118, 0.17411778283482426, 0.6270681350012167], [0.1307301262107929, 0.08708504101016618, 0.3186064159136221, 0.46357841676541883], [0.09321513007121128, 0.07036293465691301, 0.07974514455894446, 0.7566767906129312], [0.202073083967654, 0.11694798085732862, 0.5081203995831647, 0.17285853549185262], [0.2367734863781462, 0.313677762041498, 0.07111549538951407, 0.3784332560908417], [0.26079498553074715, 0.36208407448705837, 0.13962961107751917, 0.23749132880467527], [0.49557417256962016, 0.07719322235711445, 0.15354765835696058, 0.27368494661630477], [0.3379467360320425, 0.06058820799483197, 0.06975371381368436, 0.5317113420594411], [0.504203967637008, 0.11975207000142764, 0.07496043182218845, 0.3010835304393758], [0.4612425370330879, 0.10617780921688924, 0.0789242478885758, 0.35365540576144705], [0.41051028625621494, 0.08210276505637325, 0.07714898596122559, 0.43023796262618624], [0.42719270819938326, 0.08953974194958055, 0.19869382233360194, 0.28457372741743425]], "ideal": "D", "sampled": "D", "correct": true}}
{"type": "result", "data": {"idx": 11, "options": ["By observing the duration of a solar eclipse.", "By measuring the size of Earth's shadow on the Moon in a lunar eclipse.", "By comparing the maximum altitude of the Sun in two cities at different latitudes at the same time on the same day.", "By sending fleets of ships around Earth."], "probs": [[0.009655663499851074, 0.010857475647406974, 0.9699063056226698, 0.009580555130072225], [0.0024355612122402316, 0.0044801666836551055, 0.00261367201086035, 0.9904705999932443], [0.0031471702927985163, 0.9812681895332797, 0.007915487209907831, 0.007669152864014044], [0.003068467051862504, 0.9794127671068159, 0.007137657877684284, 0.010381107863637298], [0.0020668583219395163, 0.0035437863646133392, 0.004015881974525715, 0.9903734732389214], [0.005067276647538274, 0.0073738063789682284, 0.9734580880704284, 0.014100828803065048], [0.009066428155760033, 0.011552166573818697, 0.9694238809548527, 0.009957524215568577], [0.0027583380760155484, 0.004692614010312238, 0.0026327971917660432, 0.9899162506219061], [0.003807507280080364, 0.9842071091749748, 0.0060876198099285095, 0.005897763635016373], [0.003572904205929026, 0.9831194099763688, 0.005624056224078882, 0.007683629493623314], [0.002358536368090394, 0.0038287097815660974, 0.004238304035405168, 0.9895744497149384], [0.007881719251226396, 0.009215870442070935, 0.9700086856218165, 0.012893724584886168], [0.9582499580842924, 0.015251786053100782, 0.013355977140111894, 0.01314227862249496], [0.9489929250874019, 0.018361440968401067, 0.012328991114054444, 0.02031664273014261], [0.9570068216927909, 0.016728908812054296, 0.012827788740644656, 0.013436480654510067], [0.9505023135049621, 0.017824970881207693, 0.013144994667431659, 0.01852772084639862], [0.9477288466078246, 0.018771880728751276, 0.013209520481066354, 0.020289752082357736], [0.9446568664086104, 0.019456239777650403, 0.016131520570161102, 0.019755373143578177], [0.002433848819655253, 0.004407640160255654, 0.0033798405732326942, 0.9897786703468564], [0.005755873582065672, 0.010342866420324625, 0.9682547352639816, 0.015646524633628048], [0.002508112742290108, 0.005696998148251388, 0.0032212870532726525, 0.9885736019561858], [0.00836849405841705, 0.011619996375713757, 0.9675462326072404, 0.012465276858628768], [0.0034532291672541944, 0.9804247180739859, 0.007371716804065733, 0.008750335854694157], [0.0033217637109641267, 0.9806545631637057, 0.00720253701408592, 0.008821136011244284]], "ideal": "C", "sampled": "C", "correct": true}}
{"type": "result", "data": {"idx": 12, "options": ["a dwarf galaxy orbiting the Milky Way.", "the closest planetary nebula to the Earth.", "a bright star cluster discovered by Magellan.", "the outer arm of the Milky Way named after Magellan."], "probs": [[0.8988897056143075, 0.034309825400583395, 0.030283800467234317, 0.03651666841787482], [0.8967286247228934, 0.035869992864978106, 0.033180005474274285, 0.03422137683785426], [0.8861806439486679, 0.06319220822510033, 0.015733047598496443, 0.03489410012773525], [0.919697821753978, 0.04301051610787775, 0.018357543803830638, 0.018934118234313575], [0.8574887513256891, 0.07851199804951421, 0.020646020768008335, 0.04335322975678833], [0.8998689676749404, 0.05488565216016243, 0.019120144376323717, 0.026125235688573493], [0.004262435345609604, 0.9498489557780679, 0.014881132267492233, 0.03100747650883023], [0.003352163450750213, 0.9591845464835945, 0.014910040724761509, 0.022553249240893716], [0.004995157985420384, 0.01515132995084279, 0.9596274876745144, 0.020226024289222346], [0.0014285334903405998, 0.003508479816898342, 0.006815176037574752, 0.9882478105551863], [0.00670923281322551, 0.022525084756435696, 0.9356099209362279, 0.035155761394110946], [0.0015225735806741517, 0.003918863807601872, 0.005071160953303961, 0.98948740155842], [0.003132808671508983, 0.9768514479816423, 0.00819228483540899, 0.011823458411439822], [0.0027873300436574654, 0.9772122813058954, 0.010040410182258085, 0.009959978368189014], [0.00594082199864848, 0.013816107322002233, 0.9610649578229664, 0.019178112756382856], [0.001496878675172947, 0.0031941011329179657, 0.007197411681568203, 0.9881116084103408], [0.006623938623411531, 0.01652689334163717, 0.9605817037892569, 0.016267464145694462], [0.002125315821748135, 0.0048274714225128535, 0.0059147285892409635, 0.987132484066498], [0.01442678528711551, 0.913836582956258, 0.025525733199526855, 0.04621089845709955], [0.012516926786289715, 0.9269426325982326, 0.027560974989146985, 0.032979465526330666], [0.013084697937956148, 0.024642028669399237, 0.9247044608145559, 0.03756881247808867], [0.002145044996014554, 0.003915059891080365, 0.005435295000074038, 0.988504600012831], [0.008347239817135569, 0.015721290438208545, 0.9575553009299752, 0.018376168714680632], [0.002683102231686585, 0.004600477539395047, 0.006905753833045946, 0.9858106662958724]], "ideal": "A", "sampled": "A", "correct": true}}
{"type": "result", "data": {"idx": 13, "options": ["Actually water-ice is all over Mercury and not just at the poles.", "The pole is the only place fortunate enough to have had comet impacts", "Radar from the earth can only see Mercury's poles.", "These craters contain the only permanently shadowed regions on Mercury"], "probs": [[0.03207547547994113, 0.01930493277279482, 0.010916113710033055, 0.937703477937231], [0.043124800287523794, 0.041151819416931024, 0.852970333795274, 0.06275304640027117], [0.02912065059188694, 0.013230002774502425, 0.022683662192908977, 0.9349656843407017], [0.05546196776221793, 0.025197225548487745, 0.8411168171830816, 0.07822398940621272], [0.0353518038050435, 0.8701980916196991, 0.04686226113287701, 0.04758784334238043], [0.047084052595322425, 0.8612961942255065, 0.026225770371833802, 0.0653939827073372], [0.024175007907002777, 0.014212948864378589, 0.010646539254068494, 0.9509655038745501], [0.01677933133244982, 0.016392174953891107, 0.9380592019471197, 0.02876929166653939], [0.022377454700842646, 0.011610411603778858, 0.014226826515892917, 0.9517853070794856], [0.03128967838438857, 0.014898532221358396, 0.886520633154118, 0.06729115614013503], [0.026132939637098444, 0.9071137346635506, 0.03804347057365445, 0.028709855025696448], [0.033858936848557314, 0.8872052796037952, 0.028089502070130504, 0.05084628137751695], [0.023362417367701085, 0.014507152734092033, 0.028629624500939144, 0.9335008052972678], [0.0210479476909755, 0.018288781660209294, 0.9164451853411787, 0.04421808520763656], [0.020082967241616737, 0.014694195157156375, 0.012279041041626877, 0.9529437964596], [0.03458362856068663, 0.03378487788307565, 0.8250945301843253, 0.10653696327191241], [0.03028792436019423, 0.8514551224781856, 0.053608099027864294, 0.06464885403375592], [0.022797993973627854, 0.8038938520954744, 0.061046629228348935, 0.11226152460254879], [0.8684821017232477, 0.030184974714980828, 0.06492717181207501, 0.036405751649696436], [0.884930631996298, 0.03485120916961629, 0.024530882607371515, 0.05568727612671424], [0.9181044990050486, 0.033970482209029235, 0.02564969720767289, 0.02227532147824917], [0.8900215127534642, 0.03673830050207416, 0.021437517098567577, 0.051802669545894076], [0.9208729454878036, 0.020828264258788337, 0.029612122707336323, 0.028686667446071724], [0.8729702487974568, 0.019592330954054733, 0.05582979847598242, 0.051607621672506036]], "ideal": "D", "sampled": "D", "correct": true}}
{"type": "result", "data": {"idx": 14, "options": ["Virgo", "Laniakea", "Sculptor", "Bo\u00f6tes"], "probs": [[0.016261361901207486, 0.9452412934827585, 0.022234417992866254, 0.016262926523167655], [0.020214491888317025, 0.9150485139808543, 0.026373661315029776, 0.0383633327157989], [0.014646699715067076, 0.023044444322371908, 0.9424449845191926, 0.019863871343368422], [0.0032477369347259917, 0.005881441723629678, 0.009397917373667845, 0.9814729038679765], [0.0093953137020164, 0.018541187546871223, 0.9510559099526168, 0.02100758869849555], [0.003289603143089079, 0.006491854276610332, 0.01148201879080193, 0.9787365236894986], [0.9460049191344336, 0.021734272876808274, 0.017327863576066367, 0.01493294431269177], [0.9315369470132107, 0.020421713587343043, 0.01666802388126398, 0.03137331541818232], [0.9391998622715138, 0.02388475118355645, 0.022089647528960525, 0.014825738915969278], [0.9145442433520973, 0.02151017585721762, 0.016237298103287216, 0.04770828258739786], [0.9285202975401027, 0.02183885628931885, 0.021167208817829696, 0.02847363725274878], [0.9121836151109816, 0.021287917454262142, 0.021122495943505428, 0.045405971391250834], [0.015850304017779208, 0.02675418051492354, 0.9358995747652828, 0.021495940602014384], [0.003538168790124414, 0.006308050045596436, 0.008965294360550224, 0.9811884867037289], [0.024105946093557828, 0.9261033723827774, 0.031450197741880466, 0.018340483681784335], [0.023901253134932843, 0.8969251807913062, 0.034516530813368695, 0.04465703516039227], [0.003927660108432536, 0.009132624449797115, 0.0181612406588603, 0.96877847468291], [0.010122218217350383, 0.02211094302792468, 0.9402519182164601, 0.027514920438264808], [0.010677292829432592, 0.019036346439600886, 0.9464124203351938, 0.02387394029577267], [0.0030493517438298324, 0.0062088449466685776, 0.00976702404233076, 0.9809747791671708], [0.011929403357964921, 0.9477540491964621, 0.02282230985700324, 0.017494237488569677], [0.007604038083522712, 0.935694777211672, 0.019271457408293332, 0.0374297271965119], [0.003039276900775719, 0.007348438664257647, 0.019510280179968243, 0.9701020041549984], [0.010770665681228806, 0.018180989065829302, 0.939882593878296, 0.031165751274645912]], "ideal": "B", "sampled": "B", "correct": true}}
{"type": "result", "data": {"idx": 15, "options": ["Venus", "Mars", "Jupiter", "Saturn"], "probs": [[0.0026144880235727435, 0.013807390271830563, 0.9679340338342413, 0.01564408777035542], [0.0012354836941798097, 0.007870054894621155, 0.00727839590068761, 0.9836160654105114], [0.0019730563683633315, 0.9830038618796809, 0.005755426752872922, 0.0092676548990828], [0.0027191347316728462, 0.9834425235440628, 0.004346721245415514, 0.00949162037884879], [0.0011881372200464551, 0.006731528987008408, 0.016146685657850414, 0.9759336480350947], [0.0043866972560941695, 0.017487823269227307, 0.9547788717964472, 0.023346607578231354], [0.0031523425477891455, 0.00733063300055061, 0.9751669523876697, 0.01435007196399052], [0.000991685735651773, 0.00291504661769018, 0.005796654561624938, 0.9902966129850331], [0.002194111628970783, 0.9876007564994662, 0.002546216082052438, 0.007658915689510518], [0.0023025203663979616, 0.9889499813188687, 0.003351386525357073, 0.005396111689376302], [0.002098475244321874, 0.013160637847997661, 0.0025316710705104526, 0.98220921573717], [0.00524550676781896, 0.027702786051415112, 0.9539664991679928, 0.013085207912773076], [0.9763019389039914, 0.005990776054236956, 0.007113856982060458, 0.010593427959711146], [0.9756042129502277, 0.0071090593489932545, 0.00678334420731973, 0.010503383393459319], [0.9800915845344492, 0.005920726057074085, 0.003269743716413666, 0.010717945592062975], [0.9808858814764729, 0.0056542294216132445, 0.00720320655339462, 0.006256682448519247], [0.9790621906044126, 0.009018182671726122, 0.0034499640725482376, 0.008469662551313048], [0.984472724462929, 0.007117694012740516, 0.003442008627412583, 0.004967572796917935], [0.0018790697007553523, 0.0041694703775942265, 0.012841194591747354, 0.9811102652299031], [0.007931597551633078, 0.01127490164083585, 0.9608533939783619, 0.01994010672916911], [0.002569814627086725, 0.005526765174642877, 0.00249116163613349, 0.9894122584621369], [0.005089169911504591, 0.012209966033839998, 0.9699065237299677, 0.012794340224687785], [0.005747046155132805, 0.9818169786205998, 0.0029597756526704424, 0.009476199471596924], [0.004740315925962253, 0.9845068990206295, 0.003636018816358841, 0.007116766137049406]], "ideal": "C", "sampled": "C", "correct": true}}
