{"type": "result", "data": {"idx": 0, "options": ["Cryptocurrencies, Expensive, Secure, Financial Crime", "Traditional currency, Cheap, Unsecure, Charitable giving", "Cryptocurrencies, Cheap, Secure, Financial crime", "Traditional currency, Expensive, Unsecure, Charitable giving"], "probs": [[0.6272740959493881, 0.025681618598515595, 0.3057026266745994, 0.04134165867749692], [0.7262687898824166, 0.018036850332508347, 0.07776431225250299, 0.17793004743257204], [0.8095035990352931, 0.07410529310024687, 0.045690498711582414, 0.07070060905287757], [0.8361070689012922, 0.07418800834429455, 0.039124030324450554, 0.05058089232996272], [0.7217917481933243, 0.01764727952330263, 0.06018891591082398, 0.20037205627254914], [0.6570710939384741, 0.02319037472402487, 0.2870530996317777, 0.03268543160572333], [0.03329360968898523, 0.7761957904879982, 0.1247677919252251, 0.06574280779779143], [0.025854918621597323, 0.7385359864216117, 0.0655524569395112, 0.17005663791727976], [0.027140095718352485, 0.8514699912573348, 0.07798820911771223, 0.043401703806600425], [0.015828729204958914, 0.8061134488634099, 0.05442871707825882, 0.12362910475337244], [0.04584722948417838, 0.041411112835546084, 0.6382765745542565, 0.27446508302601913], [0.058456992386392334, 0.047327206768170066, 0.7352797580034315, 0.15893604274200607], [0.8789528794195309, 0.027167171834711318, 0.046594841093993616, 0.04728510755176416], [0.850534863168004, 0.03322797528242888, 0.05271180758451293, 0.0635253538650542], [0.7835378079209658, 0.019919429046603744, 0.16423136055403503, 0.03231140237839539], [0.8051197156935394, 0.017783927294992175, 0.0681925733000553, 0.10890378361141315], [0.7715793941065427, 0.02104390227976725, 0.17215529131556204, 0.0352214121981279], [0.7864655211537711, 0.017235858267856913, 0.0882439235793998, 0.10805469689897218], [0.01643236775330394, 0.6619133549836976, 0.058290967586498724, 0.2633633095764997], [0.029096772797259793, 0.7392366854272232, 0.1675741732464601, 0.06409236842905684], [0.05192473806061769, 0.04237092952060687, 0.5899577030329962, 0.3157466292857792], [0.05075260901776915, 0.048039766991554225, 0.6956518162156163, 0.20555580767506032], [0.03280953769270469, 0.8336568324635093, 0.08385633671729609, 0.04967729302648996], [0.023954290537311955, 0.775463629056995, 0.05933568910160833, 0.14124639120408475]], "ideal": "C", "sampled": "C", "correct": true}}
{"type": "result", "data": {"idx": 1, "options": ["Unsafe practices, Wants, Fear, Trivial", "Unsafe practices, Distress, Fear, Serious", "Safe practices, Wants, Jealousy, Trivial", "Safe practices, Distress, Jealousy, Serious"], "probs": [[0.09299000455615607, 0.4949055666902351, 0.06103354387530042, 0.3510708847783084], [0.1746290856935884, 0.5132445501304314, 0.06581816576440465, 0.2463081983115756], [0.1750485287800581, 0.10611621210321426, 0.3482418928078121, 0.37059336620891553], [0.18310444590308736, 0.12003123878069442, 0.18317768510652807, 0.5136866301096902], [0.293478462653752, 0.13014845875257008, 0.40121059998935343, 0.17516247850432445], [0.2541422356305018, 0.15894294089404712, 0.2502648047655296, 0.33665001860992144], [0.24716571171971125, 0.40108383586279966, 0.08028832403498977, 0.2714621282824993], [0.2031956256661304, 0.4437430400885822, 0.07961720583315664, 0.2734441283121308], [0.32566635341667277, 0.07149852491951893, 0.40540168853214875, 0.19743343303165953], [0.2850004881707681, 0.06306009410122754, 0.3438765524942331, 0.30806286513377124], [0.24330156092821914, 0.0789449456019346, 0.2890120510992192, 0.38874144227062707], [0.2396510505488616, 0.08540667465359227, 0.12633117843897682, 0.5486110962585693], [0.13365650470799234, 0.13360494669487644, 0.3578230716386476, 0.3749154768584836], [0.1633890544699797, 0.1821970912304551, 0.23050398778839598, 0.42390986641116923], [0.1963640869009217, 0.32363304010324323, 0.21575560842151165, 0.2642472644743234], [0.2113519044210545, 0.3272294152533027, 0.21815091694424943, 0.24326776328139335], [0.11671772424130136, 0.2320511157272997, 0.15961095451292268, 0.4916202054184763], [0.23693244432020477, 0.19028928801669823, 0.30432989477525874, 0.26844837278783823], [0.2289306235721883, 0.18099907450063582, 0.3716799394903472, 0.21839036233682868], [0.24385770426166192, 0.26354768084192276, 0.280764422365829, 0.21183019243058632], [0.19786627572780133, 0.2579490436317645, 0.18022200316042553, 0.3639626773800086], [0.18330756510851914, 0.3318108741536802, 0.1202726334314711, 0.36460892720632954], [0.24513642823751358, 0.20313024542164868, 0.2651551861166433, 0.2865781401241944], [0.216391904117397, 0.16326163190530088, 0.3199160885440921, 0.30043037533321004]], "ideal": "B", "sampled": "B", "correct": true}}
{"type": "result", "data": {"idx": 2, "options": ["Employee rights", "Employee rights", "Employer duties", "Employee duties"], "probs": [[0.20778864368438912, 0.1061092976290748, 0.49090024769763074, 0.1952018108889053], [0.06352163673495552, 0.06451314518818156, 0.7621960724601362, 0.10976914551672674], [0.22324752805384712, 0.38570457693057625, 0.24912101027858521, 0.14192688463699138], [0.3060529827765541, 0.282981753321006, 0.23106005785538825, 0.1799052059470516], [0.020955083800704762, 0.9053116192776999, 0.03456707349008046, 0.039166223331514954], [0.022969192362256287, 0.9249215314620742, 0.02687028291473263, 0.025238993160936828], [0.20778864368438912, 0.1061092976290748, 0.49090024769763074, 0.1952018108889053], [0.06352163673495552, 0.06451314518818156, 0.7621960724601362, 0.10976914551672674], [0.22324752805384712, 0.38570457693057625, 0.24912101027858521, 0.14192688463699138], [0.3060529827765541, 0.282981753321006, 0.23106005785538825, 0.1799052059470516], [0.020955083800704762, 0.9053116192776999, 0.03456707349008046, 0.039166223331514954], [0.022969192362256287, 0.9249215314620742, 0.02687028291473263, 0.025238993160936828], [0.11454308668547691, 0.6490132324483749, 0.11822613191717771, 0.1182175488489704], [0.09981433970473239, 0.5926716724491891, 0.17524510305265953, 0.13226888469341902], [0.11454308668547691, 0.6490132324483749, 0.11822613191717771, 0.1182175488489704], [0.09981433970473239, 0.5926716724491891, 0.17524510305265953, 0.13226888469341902], [0.0386325068523051, 0.9073893072011125, 0.02636041202585424, 0.027617773820728123], [0.0386325068523051, 0.9073893072011125, 0.02636041202585424, 0.027617773820728123], [0.38443703342035507, 0.4636219311704743, 0.05626152648609488, 0.09567950882307574], [0.3560805399973868, 0.46432901461984905, 0.09889444183823456, 0.08069600344452953], [0.38443703342035507, 0.4636219311704743, 0.05626152648609488, 0.09567950882307574], [0.3560805399973868, 0.46432901461984905, 0.09889444183823456, 0.08069600344452953], [0.6175349398053609, 0.24945824595654664, 0.07375813360447013, 0.05924868053362229], [0.6175349398053609, 0.24945824595654664, 0.07375813360447013, 0.05924868053362229]], "ideal": "D", "sampled": "D", "correct": true}}
{"type": "result", "data": {"idx": 3, "options": ["Presenteeism", "Absenteeism", "Work-play balance", "Work-life balance"], "probs": [[0.002042266109861065, 0.00770872104856416, 0.01849598631174809, 0.9717530264298266], [0.010104373040256784, 0.01287745795792051, 0.9691463355222232, 0.00787183337959952], [0.002461790564581193, 0.012309911619493312, 0.006390155271578877, 0.9788381424443466], [0.007047015802399313, 0.016907986480137634, 0.9681815038758089, 0.007863493741654161], [0.012457264000149983, 0.9747045772827796, 0.007219428321946123, 0.00561873029512429], [0.00998433197627542, 0.9798370760132261, 0.005309728384145841, 0.004868863526352572], [0.0020074534455215742, 0.6612180988290082, 0.009290320687509021, 0.32748412693796125], [0.0032206833945739293, 0.9735749854700182, 0.018403608152999015, 0.004800722882408847], [0.002149070482775256, 0.021709018001875694, 0.05209086146997362, 0.9240510499453755], [0.0051862755060652225, 0.029850169596301688, 0.9439593420729535, 0.021004212724679613], [0.004117772206792802, 0.822657000351955, 0.1672306409538848, 0.005994586387367355], [0.002284337802000687, 0.9737617325343768, 0.006118651266976015, 0.01783527829664651], [0.004636659350518903, 0.011125074666155046, 0.0051371697538454214, 0.9791010961294806], [0.013047886834856713, 0.020854003443734503, 0.9596371520145061, 0.006460957606902695], [0.0033217445384180065, 0.01039633745450094, 0.9511095320248953, 0.03517238588218576], [0.009031423341423261, 0.012939673811003185, 0.9664305420563917, 0.0115983606911819], [0.01641184765387967, 0.9617176234506694, 0.015078719982151366, 0.006791808813299635], [0.005890022997745088, 0.9455086492710261, 0.009570897787489794, 0.03903042984373904], [0.9942642222473103, 0.0025636602071254086, 0.001192559460787329, 0.001979557984777052], [0.9944795136404417, 0.002625179648176287, 0.0013411959783718374, 0.001554110633010137], [0.22467661843292727, 0.00942029470848084, 0.7604530771623695, 0.0054500095962223055], [0.9912514985625063, 0.0021862269573077854, 0.001716282503302113, 0.004845991876883806], [0.9919142454392389, 0.002809113810813271, 0.0024032129673674184, 0.0028734276825804076], [0.7493877458993805, 0.006584423170782593, 0.004598504427537108, 0.2394293264022998]], "ideal": "D", "sampled": "D", "correct": true}}
{"type": "result", "data": {"idx": 4, "options": ["Industrial supply loops", "Industrial ecosystems", "Ecological ecosystems", "Corporate ecosystems"], "probs": [[0.01344051078246747, 0.9136708735265509, 0.021332283405275425, 0.051556332185706245], [0.016515301600366728, 0.9235267076594232, 0.033134847999533236, 0.026823142640676777], [0.053382449589037456, 0.09665819461469513, 0.5227825945028206, 0.3271767611934468], [0.04003480970588856, 0.06757224602218188, 0.7737571288526092, 0.11863581531932037], [0.024633717248243578, 0.8486073770383643, 0.08947458283964954, 0.037284322773742565], [0.02272579348836389, 0.8598504401942647, 0.050069158987634386, 0.06735460722973696], [0.48085972547846895, 0.08354701598923489, 0.04913951748949737, 0.3864537409427988], [0.46173120056390426, 0.06755875870906844, 0.42051408160572556, 0.050195959021301716], [0.3741838098646358, 0.049072571711424734, 0.08094458513620947, 0.49579903318773], [0.341363010213191, 0.06313104879872218, 0.5455698329739843, 0.04993610791410253], [0.25752749748715964, 0.598717742367741, 0.08629450104683654, 0.05746025899826283], [0.3151193974268997, 0.5795366383336841, 0.05227207959189127, 0.05307188454752493], [0.01996627863541842, 0.04097441285811011, 0.7982050195842068, 0.14085428882226475], [0.044332270730792954, 0.06654913151285613, 0.7740923367361239, 0.115026260920227], [0.03297981856888794, 0.5986497156276674, 0.0810391944139953, 0.2873312712894493], [0.06163604648742697, 0.4925018025814992, 0.4084694445986785, 0.03739270623239529], [0.020623361056373166, 0.6468173054297045, 0.04989170952487022, 0.28266762388905203], [0.03345203089103916, 0.8765620751652135, 0.05265632741849182, 0.03732956642525559], [0.11421283950766774, 0.06018186292737319, 0.780881336466947, 0.044723960998012006], [0.4132536058764469, 0.06045768353969274, 0.11300980243749979, 0.4132789080463606], [0.4781010710856465, 0.25187271643241277, 0.1932101980164392, 0.07681601436550155], [0.5408349632676023, 0.2849409877968996, 0.11163318901137773, 0.0625908598241204], [0.0633935713029496, 0.02684252557616044, 0.033949930660104086, 0.8758139723607858], [0.5803288449303491, 0.04010621576427571, 0.32560617646558054, 0.053958762739794656]], "ideal": "B", "sampled": "D", "correct": false}}
{"type": "result", "data": {"idx": 5, "options": ["Power imbalance, Benefits, Hoodwinked", "Power imbalance, Resources, Co-opted", "Informational asymmetries, Benefits, Hoodwinked", "Informational asymmetries, Resources, Co-opted"], "probs": [[0.09629508222824734, 0.36349886921873414, 0.1469338518473067, 0.3932721966057118], [0.1908469263639818, 0.3795923122566292, 0.17662759823995647, 0.25293316303943253], [0.22349904966358802, 0.21997613219313872, 0.27828158681523385, 0.2782432312280394], [0.19134451447003945, 0.21010689435288304, 0.31564199921312575, 0.2829065918639518], [0.1354738473756738, 0.374083965979361, 0.34618908163423484, 0.14425310491073032], [0.1086979971523365, 0.47231317265545625, 0.1738539661867507, 0.24513486390545652], [0.2490310742913325, 0.12714651604652055, 0.15837318175559548, 0.46544922780655146], [0.22059942275759356, 0.12564646268034263, 0.23493255232603924, 0.41882156213602456], [0.2859429993496771, 0.09424551505215126, 0.4293630984788693, 0.1904483870193024], [0.2536025643095091, 0.09038041531135838, 0.4522607624078531, 0.20375625787127935], [0.2769702672681404, 0.1815558522758126, 0.22262780366101817, 0.31884607669502885], [0.24632374939839466, 0.18014174697981908, 0.1919098645256775, 0.38162463899610877], [0.17085235800070633, 0.31916221021911084, 0.24108301872336987, 0.268902412956813], [0.1521289267445484, 0.32711897759380454, 0.2180446185569552, 0.3027074770046919], [0.11942736925486838, 0.4651046152265755, 0.18512434290084914, 0.230343672517707], [0.11380185997529102, 0.5602815412746943, 0.1819959025203442, 0.14392069612967043], [0.07576198875146463, 0.32405325767137577, 0.19663353262365482, 0.40355122085350476], [0.1284079998603205, 0.3490698337205862, 0.3385217785496744, 0.18400038776941888], [0.20561726347407414, 0.10174392894800846, 0.5679543786707019, 0.12468442880721559], [0.2509150132013278, 0.1321580668508555, 0.3539586259381081, 0.2629682939097086], [0.2165993749878768, 0.33021101352250565, 0.16615754364259444, 0.2870320677470231], [0.17478802798430648, 0.3758173882585456, 0.15194988249212923, 0.2974447011650187], [0.13764161334735506, 0.1252857055176898, 0.37429425308133496, 0.3627784279536202], [0.1261318233243974, 0.10784990076461336, 0.43359430578161945, 0.33242397002936974]], "ideal": "B", "sampled": "B", "correct": true}}
{"type": "result", "data": {"idx": 6, "options": ["hedonistic utilitarianism", "preference utilitarianism", "The Categorical Imperative", "ethics of care"], "probs": [[0.2413739895783984, 0.3736106510624795, 0.1910410104656064, 0.1939743487935157], [0.23642047180461873, 0.41472215582505434, 0.17037036251642668, 0.17848700975390025], [0.24120105441183257, 0.23358325309826725, 0.3403135785073432, 0.18490211388255698], [0.20515758408514229, 0.23605104491886464, 0.18692423958471494, 0.37186713131127813], [0.2177579752395261, 0.2076518591590359, 0.3883405749853278, 0.1862495905161102], [0.2037766156125965, 0.21015490826919736, 0.24981801210420507, 0.3362504639140011], [0.3831530796467379, 0.14082504366606707, 0.24739611499488842, 0.22862576159230658], [0.42469599389931395, 0.14437594378791577, 0.22731768947460138, 0.2036103727381689], [0.351447119463982, 0.26926906690576324, 0.18525328402216634, 0.19403052950808844], [0.3198740935062033, 0.2692122338795162, 0.19108006992157509, 0.2198336025927054], [0.3600616752741287, 0.2472815960398394, 0.2116956710603734, 0.18096105752565847], [0.30976807144858, 0.22298801768612142, 0.2609347921070354, 0.20630911865826318], [0.22595064003069745, 0.22934978856311844, 0.3187602114543412, 0.2259393598518429], [0.20019791421682634, 0.2490595802695964, 0.20991558698952356, 0.34082691842405366], [0.22602568707436949, 0.3725491539732106, 0.16810144970515506, 0.23332370914726488], [0.20500289244415765, 0.3711935911278502, 0.18393291685526295, 0.23987059947272915], [0.19579263904786073, 0.20832408403715807, 0.3281076994854391, 0.26777557732954205], [0.19221861944986376, 0.1951793163101299, 0.39471567261318535, 0.21788639152682096], [0.20407219806930274, 0.27876268568398355, 0.3162362135822942, 0.20092890256441953], [0.18779126178584557, 0.2953345897299004, 0.23026502247742753, 0.28660912590682647], [0.19847362048586584, 0.4613872789048339, 0.16214034483359033, 0.17799875567570997], [0.18283257559352076, 0.4119698518712187, 0.2073682602719008, 0.19782931216335972], [0.1973358451328783, 0.2915348497199005, 0.2575827317451962, 0.25354657330202496], [0.2007135331536318, 0.278583679746302, 0.3261045861827751, 0.19459820081729107]], "ideal": "B", "sampled": "B", "correct": true}}
{"type": "result", "data": {"idx": 7, "options": ["The only social responsibility of business is to its shareholders", "Managers should act in ways that balance the interest of society and shareholders", "The primary responsibility organizations have is to its employees", "The primary responsibility organizations have is to its stakeholders"], "probs": [[0.9442966368379887, 0.01827936764744338, 0.008910424807288736, 0.02851357060727913], [0.9559049392130905, 0.017520417227872367, 0.01698235117682967, 0.0095922922822075], [0.943897953150695, 0.014681760998110922, 0.013579787403359363, 0.02784049834783463], [0.9343111109496314, 0.015469868051517784, 0.030525569495078987, 0.019693451403771864], [0.958703286542265, 0.020382041261408315, 0.010911110868786756, 0.010003561227539894], [0.9661456401716196, 0.014795004493287885, 0.004619934337500369, 0.014439420897592162], [0.00785791615138069, 0.9602933235725856, 0.01327780232212681, 0.01857095785390691], [0.008265609890762096, 0.9639135537199753, 0.01807414765972822, 0.009746688629534305], [0.006542916232800094, 0.012816472544713214, 0.9643128343870093, 0.016327776735477348], [0.004437061761285309, 0.006508086053810187, 0.015014088978263222, 0.9740407631066412], [0.008463819281794545, 0.016322541539458255, 0.9640826321561691, 0.011131006922578082], [0.006148236574055976, 0.009231486012925706, 0.004828672675727511, 0.9797916046372908], [0.006857488497924453, 0.9569174863661254, 0.01441952901484606, 0.021805496021104112], [0.005807263181151356, 0.9546960209318698, 0.020445313070733346, 0.01905140271624557], [0.007164008976713035, 0.014254269316872736, 0.9539529738793291, 0.024628747727085155], [0.00410514282693002, 0.008624668324606137, 0.02052849739219387, 0.96674169135627], [0.007503151935761481, 0.013486568986079158, 0.9532173333950344, 0.02579294558312492], [0.003968946260225979, 0.008469887270222224, 0.008083440547041913, 0.9794777258225099], [0.05875090826418656, 0.8985699303639799, 0.029352292138413772, 0.013326869133419775], [0.04188498581159266, 0.9176675078130706, 0.019202415508934364, 0.0212450907664024], [0.022259515146654855, 0.021086829229708868, 0.9401043022158996, 0.016549353307736655], [0.015528937239141151, 0.013080780558163032, 0.0097240348105496, 0.9616662472921462], [0.02575575177949992, 0.0165088585877716, 0.9303081596073474, 0.027427229925381116], [0.01680978598739173, 0.008521366059246364, 0.012114140384388622, 0.9625547074689733]], "ideal": "A", "sampled": "A", "correct": true}}
{"type": "result", "data": {"idx": 8, "options": ["Legal, Interactions, Mechanics", "Civil, Relations, Outcomes", "Political, Interactions, Outcomes", "Environmental, Relations, Mechanics"], "probs": [[0.17248561257569947, 0.31713054998611545, 0.4406981366744181, 0.069685700663767], [0.18390550539616268, 0.3599738639221467, 0.1755967814566483, 0.2805238491250423], [0.12303530056929175, 0.6248675397943184, 0.14176095598230878, 0.11033620355408101], [0.08921802109495221, 0.6003243967314584, 0.10608618784444275, 0.2043713942291466], [0.2048595818588665, 0.1671309123546191, 0.25110591952113115, 0.3769035861653833], [0.16829997048632186, 0.1580268269913297, 0.44360446264473435, 0.2300687397776141], [0.13234020768272697, 0.39504110809190457, 0.37727463241619097, 0.09534405170917745], [0.12284228413223669, 0.4858632772519661, 0.15063971198366716, 0.24065472653213005], [0.12630053427895924, 0.540177190555729, 0.181094535322015, 0.1524277397432967], [0.09759159984817317, 0.4956537708792083, 0.11970557837920026, 0.28704905079341825], [0.13411416511726834, 0.24659853415999075, 0.3647189546673048, 0.2545683459554361], [0.11136247716056165, 0.19845562408991704, 0.40121744582710145, 0.28896445282241984], [0.21661426124790797, 0.3301772176889214, 0.2871067523669192, 0.16610176859625145], [0.21111981022272452, 0.37624992618299735, 0.1498127497499119, 0.2628175137443662], [0.17399114368606158, 0.18512581286963287, 0.45854705567542825, 0.1823359876688773], [0.25911364342830717, 0.2048781991526974, 0.16478327160593018, 0.3712248857130652], [0.2857847852017495, 0.13076080701586063, 0.350246457698506, 0.23320794998388392], [0.25455038978443983, 0.11647832045349012, 0.3219095074239476, 0.3070617822381225], [0.1522066706420766, 0.2842832419202986, 0.18661060827673553, 0.3768994790608893], [0.15136688946163943, 0.28716567155827377, 0.282957971067743, 0.27850946781234376], [0.15389692552492454, 0.24203408891471695, 0.3209184658069594, 0.2831505196533991], [0.15248320313583452, 0.25526984382387075, 0.4082837815941678, 0.18396317134612694], [0.16664473710581792, 0.43216426059730884, 0.18033345164046455, 0.22085755055640865], [0.15869098190757777, 0.4246212947858353, 0.1856851196542163, 0.23100260355237062]], "ideal": "B", "sampled": "C", "correct": false}}
{"type": "result", "data": {"idx": 9, "options": ["Dynamic", "Fluid", "Flexible", "Modern"], "probs": [[0.08024391917481623, 0.5571050394318433, 0.31761546500060145, 0.04503557629273895], [0.04169668707014675, 0.7335630791191904, 0.04766801833011401, 0.1770722153805488], [0.04961402956906697, 0.06470704654348533, 0.8528757468125804, 0.032803176974867315], [0.07089605609828317, 0.39548249260929946, 0.04876483758357513, 0.4848566136088422], [0.029426338695339962, 0.026795780948293713, 0.8879137833461159, 0.05586409691025036], [0.018672440477417885, 0.02083666280950353, 0.6187947484052492, 0.34169614820782934], [0.07334848711199672, 0.07109247359198113, 0.8014614820114441, 0.05409755718457806], [0.021634810525864787, 0.03680594838759915, 0.020819752436854758, 0.9207394885496814], [0.08768851858196787, 0.7343361212844814, 0.14024403376419525, 0.037731326269355416], [0.04999247639860187, 0.8457440859089552, 0.04485695502990373, 0.059406482562539165], [0.015073723509185536, 0.018762864607439346, 0.025455944830240038, 0.9407074669531351], [0.03145964616664323, 0.03246398064211339, 0.8575674943563806, 0.07850887873486283], [0.06400768362824273, 0.03023478902224166, 0.8841456042218356, 0.021611923027679947], [0.06374297370570021, 0.026572025400660938, 0.015388746070496818, 0.894296254723142], [0.0624946269025641, 0.8764198772534261, 0.04576257799088688, 0.015322917753122911], [0.05379894677646284, 0.8959649683537771, 0.028824187436482313, 0.021411897333277717], [0.050312938972076324, 0.01970414443692337, 0.0235939450477103, 0.90638897144329], [0.07000327187825248, 0.028284192398538178, 0.86678082710905, 0.034931708514159304], [0.02037217809991697, 0.038966658871946336, 0.8534945121523407, 0.08716665077579593], [0.011168253409307452, 0.02920151263665014, 0.5687407750011023, 0.3908894588529401], [0.017335096878922096, 0.8162512139857315, 0.05060823610376022, 0.11580545293158613], [0.02144178779867134, 0.646738836801032, 0.2614675500946175, 0.07035182520567927], [0.017324460419440496, 0.3882705334437668, 0.06341197186558356, 0.5309930341712091], [0.020469111829603273, 0.09539899868749503, 0.837621506507331, 0.04651038287557061]], "ideal": "C", "sampled": "B", "correct": false}}
{"type": "result", "data": {"idx": 10, "options": ["Breadth, Clarity, Accuracy", "Disclosure, Detail, Accuracy", "Disclosure, Clarity, Accuracy", "Disclosure, Clarity, Efficiency"], "probs": [[0.12690851635643466, 0.14600776536734897, 0.569157259917172, 0.15792645825904433], [0.14067916989943768, 0.1696361055692107, 0.09678979505494303, 0.5928949293764085], [0.12696860374450014, 0.22276767097579028, 0.4166579916648836, 0.233605733514826], [0.12563110325133195, 0.27008711081633185, 0.12973886147011449, 0.47454292436222173], [0.13541120289402114, 0.1311909854280888, 0.2453871667139714, 0.48801064486391865], [0.10442351904869718, 0.12203656426205658, 0.6013657822094834, 0.17217413437976276], [0.15992031333815887, 0.26359586299682497, 0.4630966129560822, 0.11338721060893399], [0.16125014422711534, 0.34130519625111727, 0.13382053373905936, 0.363624125682708], [0.11188115850447156, 0.4712233841752475, 0.2860302393039691, 0.13086521791631178], [0.1280469038372412, 0.4684782763393618, 0.13644525814018915, 0.26702956158320784], [0.11698183416150433, 0.2289906441936384, 0.2517397403465301, 0.40228778119832714], [0.12009722767479912, 0.26640106637191696, 0.381932206000508, 0.231569499852776], [0.2135285766735019, 0.22720444538712056, 0.39298531994742214, 0.16628165789195537], [0.20041268166030957, 0.28698165919079066, 0.17155743366742726, 0.3410482253814725], [0.24872009453670482, 0.2730813324178365, 0.32969313856642646, 0.14850543437903221], [0.2365762285101008, 0.27220134566692517, 0.1626784749272791, 0.32854395079569493], [0.23128853735995067, 0.1745029538695355, 0.29251292344982893, 0.30169558522068496], [0.24831442542487217, 0.15055202538939655, 0.256314172938812, 0.3448193761469193], [0.13444291254193605, 0.18659529366110375, 0.251368883992463, 0.4275929097044972], [0.11553897621415768, 0.14600013086229777, 0.5780428604349404, 0.16041803238860422], [0.13951594467651104, 0.1708799404259474, 0.2527951152545807, 0.4368089995429609], [0.15244628487493023, 0.1809516697941073, 0.441297382072188, 0.22530466315877445], [0.15268340705298422, 0.28968566653215816, 0.24415248629989506, 0.31347844001496256], [0.16082252268542874, 0.2957537692306053, 0.22341966801284247, 0.3200040399711235]], "ideal": "C", "sampled": "C", "correct": true}}
{"type": "result", "data": {"idx": 11, "options": ["Indistinguishable, Perpetual, Does not own its own assets", "Independent, Limited, Owns its own assets", "Independent, Perpetual, Owns its own assets", "Indistinguishable, Perpetual, Owns its own assets"], "probs": [[0.21071417470617346, 0.11630853177704216, 0.3758226604695106, 0.29715463294727373], [0.21667757305306684, 0.13133981626896227, 0.488473169628512, 0.16350944094945885], [0.18880857160638592, 0.19779021724810483, 0.3163278589127749, 0.2970733521327344], [0.1796860369907038, 0.1687263076028435, 0.46622055069581714, 0.1853671046106356], [0.18574197588493685, 0.27878066894604464, 0.17733158169403596, 0.35814577337498255], [0.15372333961012513, 0.23434761955934882, 0.29643650956656975, 0.31549253116395626], [0.19927311535490946, 0.13905193324641443, 0.4287073441525948, 0.23296760714608125], [0.1688831968935885, 0.18252835350021737, 0.3989854276234831, 0.249603021882711], [0.167367825867849, 0.3077759650704655, 0.1648569504794443, 0.3599992584822412], [0.15464312865847274, 0.29804583492738274, 0.1986779660181815, 0.348633070295963], [0.18745812492495573, 0.2813341277357619, 0.24080268677445224, 0.29040506046483017], [0.21581085345689313, 0.1933781980288097, 0.4033378422354324, 0.18747310617886476], [0.2282882664614357, 0.2045487642761478, 0.3593131654992976, 0.2078498036631189], [0.16003505109297, 0.2516908161846307, 0.4152435547552111, 0.17303057786718823], [0.1711801988418702, 0.20642454660405063, 0.23045240223799748, 0.3919428522160817], [0.15185780821712166, 0.2209089845198021, 0.2142612039828616, 0.41297200318021465], [0.1962824492896381, 0.23669256620264276, 0.2901852769887131, 0.27683970741900604], [0.20919910071188344, 0.16542290149465003, 0.41619828339229437, 0.2091797143011722], [0.17593559096676312, 0.33911554991443654, 0.17605122397416967, 0.30889763504463064], [0.16731139273660436, 0.28905446626579145, 0.26336295587303443, 0.2802711850245697], [0.18938169728032012, 0.258793097356596, 0.3123857220271346, 0.23943948323594924], [0.1716063469476755, 0.23451329765358878, 0.28306904432327085, 0.3108113109754649], [0.14611476005129756, 0.23712513278474334, 0.35621853066912096, 0.26054157639483816], [0.15435515342599362, 0.2353238016131635, 0.32187330719590107, 0.28844773766494186]], "ideal": "C", "sampled": "D", "correct": false}}
{"type": "result", "data": {"idx": 12, "options": ["Private services, social, economic and environmental", "Public services, social, cultural and environmental", "Private services, cultural, economic and environmental", "Public services, social, economic and environmental"], "probs": [[0.15777504148665647, 0.1705701915270475, 0.037232774543898804, 0.6344219923423972], [0.10634634674679877, 0.06811027516494217, 0.7990813314731637, 0.026462046515095337], [0.026344584791223903, 0.022888904618916257, 0.035206540837928325, 0.9155599696519315], [0.1384211665586846, 0.05768587962632128, 0.692686814182302, 0.11120613953269202], [0.2805511924877763, 0.6322029844682925, 0.0461993522939943, 0.04104647064993681], [0.18870027277223791, 0.5633988799633606, 0.04382796911665381, 0.20407287804774762], [0.05274579633370933, 0.01534966724829729, 0.010403031599734285, 0.9215015047182591], [0.07548843984122687, 0.029559697622535453, 0.8786308070291654, 0.0163210554070723], [0.030781402435506144, 0.01283179751131261, 0.019899088405526292, 0.936487711547655], [0.11713528264278907, 0.024742423997834377, 0.8398819363134549, 0.01824035694592171], [0.03208096881905039, 0.9384333535823367, 0.017207666220208043, 0.012278011278404806], [0.02271821768782873, 0.9445084347958002, 0.016143630196142008, 0.016629717220229153], [0.0325601970699505, 0.0972028451164582, 0.042500403332900526, 0.8277365543806908], [0.1928588805261777, 0.3775694184393437, 0.27215717051160226, 0.15741453042287631], [0.08228186701045359, 0.40505320735069433, 0.11982631949984042, 0.39283860603901166], [0.16146296381425743, 0.32104382154893013, 0.43241808136265175, 0.08507513317416067], [0.16720547029500266, 0.5656566107550346, 0.12631233223475016, 0.14082558661521258], [0.21236905453465604, 0.5507898926184135, 0.11199214308334042, 0.1248489096635901], [0.9019939604138856, 0.02518778604212232, 0.04601758263743961, 0.026800670806552466], [0.7078512264127251, 0.019763212520196523, 0.012004609140268295, 0.26038095182681004], [0.8616723674172483, 0.09516263290772796, 0.021937568392275515, 0.02122743118274819], [0.8118780354090077, 0.10984888867875824, 0.022178320249565023, 0.056094755562669026], [0.6671286895255669, 0.032179411857107376, 0.07376084558405926, 0.22693105293326649], [0.7625917890450844, 0.02865175529504257, 0.14570002796626988, 0.0630564275936032]], "ideal": "D", "sampled": "D", "correct": true}}
{"type": "result", "data": {"idx": 13, "options": ["Predatory pricing", "Deceptive pricing", "Price fixing", "Skimming"], "probs": [[0.01422519660322231, 0.8875083079364683, 0.027667601755758595, 0.07059889360455084], [0.01073398821657379, 0.9081933374573009, 0.04023030081401089, 0.04084237341211442], [0.01069345480998927, 0.032955201410352394, 0.9123548207621932, 0.04399652291746517], [0.002808894197245891, 0.011024756096714302, 0.015552952518330852, 0.970613397087709], [0.010149759433445467, 0.035165672426392944, 0.91452490591338, 0.040159662126781646], [0.0024635349322857294, 0.009012933871641215, 0.00880804106258968, 0.9797154900334833], [0.5034184807615214, 0.07839902854974613, 0.05563964052197005, 0.36254285006676246], [0.554332379601093, 0.08237252444972798, 0.17179611451544097, 0.19149898133373802], [0.34137550501651426, 0.0641378620819366, 0.2310943339697046, 0.36339229883184454], [0.4530486092745109, 0.06946692790785003, 0.1076808259939078, 0.3698036367237313], [0.4691448737339191, 0.1030438228885034, 0.14769555406739232, 0.28011574921018517], [0.4692487103526552, 0.08816296760253599, 0.03482951735009901, 0.4077588045947098], [0.01239594057746839, 0.035328861987797944, 0.8975589689152699, 0.054716228419463754], [0.0031891629461517127, 0.013015781106710478, 0.018795947865417797, 0.9649991079817201], [0.011961950981694664, 0.8794648603604259, 0.02806244400154444, 0.08051074455633495], [0.009320926128608548, 0.8731700376256601, 0.031077068990574015, 0.08643196715515726], [0.0019810570539519666, 0.007419205089572532, 0.01014341139281345, 0.9804563263636621], [0.011480093665202142, 0.030982389321656485, 0.8713136111605941, 0.08622390575254721], [0.009900459668337813, 0.035387935723605275, 0.8990309515411883, 0.05568065296686862], [0.002593393631246642, 0.010258742463579353, 0.010670641249424878, 0.9764772225557491], [0.014511322628207974, 0.8844642654750122, 0.035953641001178684, 0.06507077079560107], [0.014899555561264518, 0.8734243392927847, 0.02384286107932921, 0.08783324396662151], [0.0019360297415795848, 0.007138065499469817, 0.010068659904711775, 0.9808572447542389], [0.010014816811231331, 0.028548799371071302, 0.8748552748201103, 0.08658110889758702]], "ideal": "B", "sampled": "B", "correct": true}}
{"type": "result", "data": {"idx": 14, "options": ["Normative, Descriptive and Economic", "Normative, Moral and Instrumental", "Political, Descriptive and Instrumental", "Normative, Descriptive and Instrumental"], "probs": [[0.2668763200253222, 0.4684599514008477, 0.053446302313463145, 0.21121742616036696], [0.2981316744983088, 0.4618092476859815, 0.16227051614092322, 0.07778856157478645], [0.368272393905052, 0.10384450851832495, 0.2454870491974438, 0.2823960482791792], [0.252027547007054, 0.11006019509362715, 0.4223272894420735, 0.21558496835724542], [0.2541337183400433, 0.529744898979321, 0.14271766902911287, 0.07340371355152289], [0.22028083919949945, 0.5122900313991636, 0.06674838463284966, 0.2006807446684872], [0.2714055897652417, 0.29342932817814965, 0.0697700263387242, 0.36539505561788443], [0.2614843151649001, 0.26555227241422574, 0.3867401932262502, 0.0862232190946239], [0.29817292849919724, 0.11313810100481268, 0.18097418686620248, 0.40771478352978757], [0.2984268344757538, 0.10309841405986117, 0.45531174196732915, 0.14316300939705587], [0.3156183706745549, 0.27416375685220773, 0.306139503480271, 0.10407836889296637], [0.36301995942925946, 0.3518307663966895, 0.07499018645982904, 0.210159087614222], [0.23927897925603664, 0.18628541188419884, 0.3074475320105526, 0.26698807674921193], [0.17645899686748992, 0.14853834883071224, 0.5438781895111785, 0.1311244646906193], [0.25665274833525353, 0.21944308769243917, 0.10058052316599786, 0.42332364070630946], [0.2772274654413316, 0.2686226407709709, 0.244856599617204, 0.20929329407049344], [0.24071905014491918, 0.2903119921393953, 0.21261817214746986, 0.2563507854682156], [0.2357173377677916, 0.25085740905194154, 0.3769933822822073, 0.13643187079805955], [0.6955873110348539, 0.10834570569408894, 0.13287281493732733, 0.06319416823372975], [0.6528129662327613, 0.1116737263346241, 0.04845990978569187, 0.18705339754692268], [0.6248254365542194, 0.10522484346842073, 0.19985850748979728, 0.07009121238756255], [0.7540508136606406, 0.09291195400357823, 0.04095757874310457, 0.11207965349267651], [0.5302980044381878, 0.05374318088320362, 0.19831152627704385, 0.21764728830156482], [0.6378256010614398, 0.05276121512167177, 0.1857740411076361, 0.12363914260925225]], "ideal": "D", "sampled": "D", "correct": true}}
{"type": "result", "data": {"idx": 15, "options": ["Work-life balance", "Healthy and safe working conditions", "Employee privacy", "Free Speech"], "probs": [[0.006336271482438035, 0.9784012126872159, 0.008873933254346314, 0.006388582475999723], [0.004917453372412022, 0.9748910126159664, 0.012864164938068573, 0.007327368973552991], [0.007914763223297113, 0.010819903956721139, 0.9671549542323135, 0.014110378487668272], [0.0021900260527992544, 0.0026215359408281887, 0.008663336077871472, 0.9865251018285011], [0.00828284588324219, 0.017672773418699817, 0.9582015440835956, 0.015842836514462427], [0.002546230026088694, 0.0034536039976785504, 0.005185453531437029, 0.9888147123447957], [0.9910764938720948, 0.0038657051992309352, 0.0019292387182561494, 0.003128562110418102], [0.989252597826001, 0.004372064159160188, 0.003076980451102566, 0.0032983574637362985], [0.9897227687994036, 0.004548618671919726, 0.0023238398604851322, 0.0034047725681915575], [0.9889172576792215, 0.004725788559934811, 0.0029813026931208206, 0.00337565096772294], [0.9877958083226392, 0.005738208530863294, 0.0024305337908231187, 0.004035449255674298], [0.9900987886405419, 0.004768364844137875, 0.0018825873567869466, 0.0032502590585332643], [0.006076840417213742, 0.010666288898828568, 0.968450146148779, 0.014806724435178649], [0.001505388292602879, 0.002704860426899047, 0.00922167693316606, 0.9865680742473321], [0.004652626422014134, 0.9818478594797361, 0.007616403339156782, 0.005883110659092987], [0.00403025836622372, 0.978892259814963, 0.010378719233949854, 0.006698762484863407], [0.0019387782860168178, 0.0033240312641267004, 0.005108776240729566, 0.9896284141091269], [0.005270146433602226, 0.013146405443655853, 0.9665704020083894, 0.015013046014352471], [0.008334464338261748, 0.01251151357748952, 0.9641796997242142, 0.014974322260034473], [0.003190667511836979, 0.0032414753478092035, 0.005689740952753313, 0.9878781160876005], [0.005743772433072103, 0.9816325011555762, 0.007098139481131403, 0.005525586830220241], [0.004996944853898086, 0.9829629992811052, 0.0066773120714397356, 0.005362743693556939], [0.003165425210004374, 0.003116920767039618, 0.005915464261073754, 0.9878021896618823], [0.008109220514248547, 0.011526475028603947, 0.9679017318387709, 0.012462572518376513]], "ideal": "B", "sampled": "B", "correct": true}}
{"type": "result", "data": {"idx": 16, "options": ["To make a profit", "To procure resources", "To communicate with shareholders", "To mediate between the organisation and the environment"], "probs": [[0.8419203428076069, 0.05911407760424671, 0.024265368448802317, 0.07470021103934409], [0.8028031586797905, 0.06906236707473591, 0.05464408546139732, 0.07349038868407629], [0.8682923588669612, 0.034200909201327095, 0.03263715160173322, 0.06486958022997852], [0.8781995994277895, 0.03405432347373645, 0.03249645535476157, 0.05524962164371254], [0.8062756116144199, 0.08366540257549612, 0.05075192483180386, 0.05930706087828015], [0.8395414587957298, 0.08184039986371441, 0.024964098677943424, 0.05365404256261232], [0.08106614437088701, 0.8190235877217702, 0.030550065581982838, 0.06936020222535993], [0.09090981157436279, 0.7614182459969326, 0.07902866091619386, 0.06864328141251065], [0.04440206338470534, 0.03149231185626823, 0.8579623794215038, 0.06614324523752263], [0.09034344927890942, 0.03402365976879905, 0.057435376072932386, 0.8181975147793592], [0.06681003024260329, 0.06682011832925665, 0.8016055643594263, 0.06476428696871368], [0.1545944482940357, 0.08671372966506946, 0.043613779473157054, 0.7150780424677378], [0.03460123041584327, 0.8586128681689663, 0.03954105053592553, 0.06724485077926494], [0.03518206122232592, 0.8729868801187617, 0.03689218174698899, 0.05493887681192337], [0.04171157923117399, 0.05526921171185151, 0.7997584908229969, 0.10326071813397765], [0.08068672062206211, 0.06901500579069346, 0.07234116858537293, 0.7779571049018715], [0.033369245876474905, 0.0378214114571206, 0.88137365641654, 0.04743568614986447], [0.07678217840526026, 0.06567527695630089, 0.08174752124499866, 0.7757950232934402], [0.08542732734445553, 0.8365853272177891, 0.04006808176109203, 0.03791926357666327], [0.0829847998122349, 0.865089200557777, 0.019419856873965635, 0.03250614265602238], [0.087091125203204, 0.08575407393127785, 0.7526510876274484, 0.07450371313806974], [0.14537751103757038, 0.07903679214978158, 0.037052272367827654, 0.7385334243448204], [0.06276058942753389, 0.043482948090659716, 0.8400681737773775, 0.05368828860442882], [0.15637244865122027, 0.06317728992580249, 0.1009773724044231, 0.6794728889185542]], "ideal": "A", "sampled": "A", "correct": true}}
