{"type": "result", "data": {"idx": 0, "options": ["the matrix, if stored directly, is large and can be clumsy to manage", "it is not capable of expressing complex protection requirements", "deciding whether a process has access to a resource is undecidable", "there is no way to express who has rights to change the access matrix itself"], "probs": [[0.4025381445103953, 0.18143050100433736, 0.16013273356545915, 0.25589862081980813], [0.3609468311415893, 0.17867919642026553, 0.196266129315101, 0.26410784302304413], [0.35688772472804176, 0.1464670707486932, 0.20982888412082618, 0.28681632030243887], [0.35129450701256826, 0.15108924652349298, 0.19708415276570745, 0.3005320935982313], [0.3217107249004235, 0.1749110772977844, 0.22815862165545434, 0.27521957604633773], [0.3767338990788427, 0.17519292233622522, 0.15462961791399565, 0.2934435605709364], [0.2425379639999616, 0.30184469073741205, 0.17201045410120652, 0.2836068910614198], [0.23225738798016493, 0.263186641404138, 0.22869317912834322, 0.2758627913873538], [0.1715614259002161, 0.11608785529305718, 0.3867041266551678, 0.32564659205155894], [0.25531231593582027, 0.18103944713929548, 0.22534745257784147, 0.33830078424704274], [0.1989573657469072, 0.15494939452425774, 0.3179903876762929, 0.3281028519525422], [0.24124853003231225, 0.1792768106224066, 0.19387558146299444, 0.3855990777822867], [0.21953274489038827, 0.2954340996784117, 0.18489917008820894, 0.30013398524299106], [0.21061849905856045, 0.2834364813794847, 0.20417757634531503, 0.3017674431166398], [0.15535782044529306, 0.13289058009114274, 0.36698072598213716, 0.34477087338142703], [0.22326136298514074, 0.21639396892988297, 0.21983679291901417, 0.3405078750659621], [0.17029951511110572, 0.17571435866982937, 0.2989479303061037, 0.35503819581296114], [0.1957600563568812, 0.20838975904288173, 0.21842236814698862, 0.3774278163532484], [0.28632487990600985, 0.2373661625932863, 0.20306193221380428, 0.2732470251868996], [0.27370192374374636, 0.2453383842459084, 0.16092192405692188, 0.32003776785342336], [0.2168017975708794, 0.14218106228862185, 0.31549860613624614, 0.32551853390425267], [0.2832478664417558, 0.16650610413309236, 0.21383313720022476, 0.33641289212492703], [0.1817029958274159, 0.11731874591969245, 0.36143385283211993, 0.33954440532077174], [0.26697926915064146, 0.14068540510065952, 0.25479014946087947, 0.33754517618781954]], "ideal": "A", "sampled": "A", "correct": true}}
{"type": "result", "data": {"idx": 1, "options": ["{-6,-2, -1, 1, 2, 6}", "{-6, -2, -1, 0, 1, 2, 6}", "{-6, -3, -2, -1, 1, 2, 3, 6}", "{-6, -3, -2, -1, 0, 1, 2, 3, 6}"], "probs": [[0.14288469508867013, 0.2430185715751859, 0.25476588657487387, 0.35933084666127013], [0.15514299734301637, 0.23652634727158237, 0.28990618255536016, 0.31842447273004104], [0.12397061003885526, 0.21084543355850316, 0.23900432282547468, 0.4261796334771669], [0.15651734404961726, 0.20093778073175714, 0.3162442790586054, 0.32630059606002015], [0.1626581625779559, 0.22578697385078442, 0.3390976634685898, 0.2724572000026699], [0.1703154618914797, 0.25167444720842674, 0.3182655619998234, 0.25974452880027016], [0.16479488452194235, 0.15721104250219617, 0.24360729350428373, 0.43438677937157777], [0.19826539167177523, 0.17767076623625466, 0.3071523721416182, 0.31691146985035185], [0.16006355999110208, 0.208717995601346, 0.2222778134636982, 0.40894063084385374], [0.16069129107775718, 0.18782371280699278, 0.3737643956764297, 0.27772060033882034], [0.17584666608005634, 0.23656085131186944, 0.2640413939688809, 0.32355108853919334], [0.2073657661469041, 0.23861633238790442, 0.28351199624087486, 0.2705059051243166], [0.17230151078463618, 0.16182118170368184, 0.2392594891768005, 0.42661781823488143], [0.17654857037686114, 0.16070663927378528, 0.36235222216797314, 0.30039256808138043], [0.19252355681704808, 0.19858430619912787, 0.24342407646463043, 0.3654680604191936], [0.17991884587154205, 0.185582509188646, 0.34691871242984074, 0.2875799324099712], [0.18887020447121988, 0.2879468242881697, 0.23510731142429042, 0.28807565971632004], [0.19564700416228234, 0.26321328075896033, 0.2937813742728508, 0.24735834070590657], [0.20487254855968243, 0.1620258390741447, 0.2845010757161788, 0.34860053654999407], [0.2581228315572108, 0.1829917430694694, 0.2925558089917405, 0.2663296162815793], [0.21932620461554134, 0.22272121077698118, 0.18473025215001107, 0.3732223323574664], [0.22992870432288193, 0.22279317844615507, 0.2907405711971481, 0.2565375459338149], [0.24518549468536094, 0.24132227946954066, 0.22679735856188168, 0.28669486718321674], [0.25185551486311547, 0.24025865670845417, 0.2599081915384442, 0.24797763678998613]], "ideal": "C", "sampled": "D", "correct": false}}
{"type": "result", "data": {"idx": 2, "options": ["1:4", "1:3.5", "1:1", "1.1:1"], "probs": [[0.24573877842924802, 0.3203721498956318, 0.22034873571209695, 0.2135403358630232], [0.2582332789639685, 0.3473349213252824, 0.18032877145394435, 0.2141030281568047], [0.2278596115417733, 0.15651909215013526, 0.4325342371270064, 0.18308705908108502], [0.2531660123462827, 0.1633574615745068, 0.2531933708774165, 0.33028315510179396], [0.28423177346034356, 0.1921929808605351, 0.3429342405770738, 0.18064100500204755], [0.26070503174752746, 0.18765771946394577, 0.2909033682920712, 0.2607338803964556], [0.3105163162943933, 0.2696071427556763, 0.17421274923804217, 0.24566379161188817], [0.3354466855190524, 0.25303748247477253, 0.16609284280069722, 0.24542298910547783], [0.29221993681846475, 0.2038764804397793, 0.2539412677034114, 0.24996231493834453], [0.29941810066739977, 0.21218547855238623, 0.20263738041989332, 0.2857590402603207], [0.32127180692321033, 0.17729008196011523, 0.3066208064249501, 0.19481730459172433], [0.2972799507034524, 0.17738427315824082, 0.2750009543919597, 0.25033482164634707], [0.13002331553589447, 0.34252133962067033, 0.3321937918330831, 0.19526155291035208], [0.1006898581880969, 0.36252850290487876, 0.17955532668225505, 0.3572263121247693], [0.09686951675819301, 0.45500980927825047, 0.25537600984582715, 0.19274466401772936], [0.08125117862711528, 0.4900277073926063, 0.14046439003789998, 0.28825672384237844], [0.10218444922369121, 0.1938445505534527, 0.37392492770054064, 0.33004607242231543], [0.10339602826991857, 0.18425971267764946, 0.3783857822039827, 0.33395847674844925], [0.21113563840278457, 0.2281548963649342, 0.35925026885554473, 0.20145919627673647], [0.19424268022494165, 0.2269622913681313, 0.28713097309784813, 0.29166405520907884], [0.20441758021403875, 0.3265063665031809, 0.30223195841175077, 0.16684409477102963], [0.20857203004658664, 0.27188158032559506, 0.2679051160544473, 0.251641273473371], [0.19371712159045926, 0.18763910140002193, 0.3454175848479549, 0.2732261920615639], [0.1670534287665113, 0.17496530449182573, 0.38250553034137963, 0.2754757363002833]], "ideal": "B", "sampled": "B", "correct": true}}
{"type": "result", "data": {"idx": 3, "options": ["C1: (3,3), C2: (4,4), C3: (6,6)", "C1: (3,3), C2: (6,6), C3: (12,12)", "C1: (6,6), C2: (12,12), C3: (12,12)", "C1: (0,0), C2: (48,48), C3: (35,35)"], "probs": [[0.22285478146909518, 0.21257710771486948, 0.2999101325556259, 0.2646579781604095], [0.1926894308033206, 0.22172596718052112, 0.1838704618050993, 0.401714140111059], [0.23083146143865918, 0.17146506691239255, 0.3520021104462192, 0.24570136110272903], [0.18401869307024765, 0.15735370705847287, 0.18116574667821791, 0.47746185309306155], [0.1936344182028477, 0.18470725253994666, 0.28175130944850063, 0.339907019708705], [0.16871819634308163, 0.16605307907948494, 0.23424672030937427, 0.43098200416805915], [0.2542420739087467, 0.2314024074771152, 0.27923024946178293, 0.23512526905235512], [0.24187193039239474, 0.2307154902798336, 0.21680594134564582, 0.31060663788212584], [0.22382488511015552, 0.16888008758405712, 0.29653027208864313, 0.31076475511714424], [0.1532279058175667, 0.1394774574057619, 0.1967538685377221, 0.5105407681389493], [0.19089179944734494, 0.14404256425784204, 0.40413927425665547, 0.26092636193815755], [0.15732227029833135, 0.13664540443476414, 0.28488993217346376, 0.42114239299344075], [0.17891978525457747, 0.2522418015455103, 0.30438454316721764, 0.2644538699326946], [0.1639693826273027, 0.2660964131089189, 0.2172330468675818, 0.35270115729619655], [0.17104995974454618, 0.19376560177509272, 0.3349353521011208, 0.3002490862792403], [0.11928731078960098, 0.16558038560182092, 0.21266267810601322, 0.5024696254025649], [0.16162227092557208, 0.1747047453944024, 0.3214449882185879, 0.3422279953614376], [0.13420989908113232, 0.1544356769998062, 0.2711304385520523, 0.4402239852670092], [0.17464130594649002, 0.22418306097581106, 0.23136658274701474, 0.36980905023068417], [0.13911868176847397, 0.1992340087120683, 0.232984232356513, 0.4286630770629447], [0.18952125669484016, 0.21469518750575864, 0.3326405088187106, 0.26314304688069057], [0.17017668737522737, 0.21506978889743208, 0.27623942903258825, 0.3385140945947523], [0.1907196938800827, 0.20295563338157516, 0.28186270591778234, 0.32446196672055977], [0.16414885710472063, 0.17743559708715145, 0.27064613311702, 0.3877694125911079]], "ideal": "A", "sampled": "A", "correct": true}}
{"type": "result", "data": {"idx": 4, "options": ["{AND, NOT}", "{NOT, OR}", "{AND, OR}", "{NAND}"], "probs": [[0.16568346196482162, 0.29079109210748955, 0.09295358438639949, 0.45057186144128936], [0.18582420708656808, 0.20726928676368564, 0.4059641477373716, 0.2009423583123747], [0.209063670288389, 0.12287561960409038, 0.25219423327887086, 0.41586647672864974], [0.1686324676295111, 0.11056636602268716, 0.34069261966793074, 0.380108546579871], [0.16577778515879793, 0.4506509131553671, 0.15335333236303236, 0.23021796922280266], [0.14725895946629947, 0.4195242006905365, 0.10123174108579086, 0.3319850986573732], [0.1661013725031988, 0.13555239922787138, 0.08095538938213669, 0.6173908387867931], [0.19679552901194075, 0.13312302925218172, 0.4505379035778686, 0.2195435380580089], [0.1886238362786448, 0.11618322479109104, 0.14921372081974277, 0.5459792180105214], [0.20814133463735168, 0.11672413037757581, 0.3769534668304618, 0.29818106805461064], [0.163180973130752, 0.4872044353060482, 0.11941899413740734, 0.23019559732579248], [0.16599009805755333, 0.45833265435334825, 0.09760375992272961, 0.27807348756636885], [0.19639065567093178, 0.23319501825034672, 0.20908316656222492, 0.3613311594164966], [0.15387257473501906, 0.17433967665062358, 0.27868231297679497, 0.3931054355375624], [0.1698331855191937, 0.2630275589689174, 0.15956332089174663, 0.40757593452014224], [0.18173540585204337, 0.2226372443621072, 0.31407885804376806, 0.2815484916420814], [0.1576487837312513, 0.3443199354304222, 0.14812394588627945, 0.34990733485204706], [0.1785185038864908, 0.38990935679351335, 0.1757867038074183, 0.2557854354125776], [0.2955936193170593, 0.12317575513084801, 0.3510582744724168, 0.23017235097967595], [0.28242434365164204, 0.13336650230942643, 0.1398116117688312, 0.44439754217010036], [0.3668253421416622, 0.1435937434291297, 0.19943507013710757, 0.29014584419210054], [0.31004422437958573, 0.15830200673096845, 0.1272405515895121, 0.40441321719993367], [0.24147763845889972, 0.13124896584628826, 0.2033599465882074, 0.4239134490066046], [0.2768256191703545, 0.1286951509896188, 0.28564123593280916, 0.30883799380721755]], "ideal": "C", "sampled": "D", "correct": false}}
{"type": "result", "data": {"idx": 5, "options": ["M = 10, m = 10", "M = 10, m = 1", "M = 7, m = 4", "M = 6, m = 4"], "probs": [[0.1438015954409804, 0.20594980696914017, 0.2772110319691539, 0.3730375655207255], [0.16051036357035037, 0.22280104788103483, 0.2605525293768047, 0.3561360590718101], [0.13888270944632983, 0.31293826825859605, 0.19897210299510684, 0.34920691919996727], [0.1313248821458683, 0.3053119707779726, 0.2531745622183947, 0.3101885847577644], [0.1511935867040123, 0.2959857836667879, 0.20668728339561315, 0.34613334613358665], [0.15151646822092635, 0.33611563370457, 0.19156291096888214, 0.32080498700562154], [0.1804106804486901, 0.1668117468367338, 0.2883169607780602, 0.3644606118365159], [0.1959043057407795, 0.18398440549987682, 0.27628566576970937, 0.3438256228896343], [0.18240106103980433, 0.39216613765609587, 0.12935566900867088, 0.2960771321954289], [0.18660593309035364, 0.33261940375547455, 0.2758326571282979, 0.20494200592587386], [0.19172972724501863, 0.3753309603454494, 0.13596974514510135, 0.29696956716443057], [0.20408474210970332, 0.3471067003127531, 0.21390843708027782, 0.23490012039726574], [0.26785690787096567, 0.16241360435114613, 0.23639362614742618, 0.33333586153046196], [0.2676845908352341, 0.17549579628273332, 0.2849514909527033, 0.2718681218293293], [0.2741122964098655, 0.2827330953821822, 0.15138315339585462, 0.29177145471209764], [0.23859934082920564, 0.2661064087828013, 0.22068237752565978, 0.2746118727623333], [0.2853090464783508, 0.28972095248186164, 0.1306276321280505, 0.29434236881173703], [0.23487343681867298, 0.20721983289971507, 0.2746125079532279, 0.283294222228384], [0.2579153401022923, 0.15639048347129694, 0.22762288962642355, 0.3580712866999872], [0.27500218150249855, 0.18029542265519585, 0.24269302186923197, 0.3020093738730736], [0.2716472623234275, 0.2846101096907211, 0.14540828112958876, 0.29833434675626264], [0.24139314527790087, 0.27346238083694047, 0.19397858984350624, 0.2911658839416524], [0.2917400002187813, 0.2573961019258595, 0.16366156934055218, 0.287202328414807], [0.2316070840302774, 0.1949793311022747, 0.26659687159091655, 0.3068167131765313]], "ideal": "C", "sampled": "D", "correct": false}}
{"type": "result", "data": {"idx": 6, "options": ["I only", "III only", "I and II only", "I and III only"], "probs": [[0.176962365075394, 0.1610741817149866, 0.2872522897878755, 0.3747111633217439], [0.1774419440186237, 0.15654387135466882, 0.3018587945481998, 0.36415538997850766], [0.18073401122571714, 0.19233534024722276, 0.23207150743177685, 0.39485914099528324], [0.17851178612282595, 0.17295182007239998, 0.27646312526774125, 0.3720732684370328], [0.18242571571548147, 0.22344621522484903, 0.2532655411675123, 0.34086252779215714], [0.18655791498690383, 0.22849427033131842, 0.24712446312367065, 0.3378233514581071], [0.18579693136741426, 0.18286229668219137, 0.25002175567034085, 0.38131901618005354], [0.1865763962082253, 0.18078497050384837, 0.2672702967853305, 0.36536833640259586], [0.20072288814585526, 0.24204932464096335, 0.210349858557249, 0.3468779285559324], [0.19708360120547114, 0.21979450669748343, 0.2530460470533368, 0.3300758449437087], [0.19311183976852728, 0.23286733375943583, 0.2403202837513018, 0.3337005426207351], [0.19484155787541457, 0.22071223791084213, 0.2424681710218859, 0.3419780330918574], [0.22309795684663547, 0.20625046508188258, 0.2196345394521227, 0.3510170385193592], [0.21304538306156434, 0.2000455647527309, 0.2569521482159505, 0.3299569038697542], [0.2266187153047585, 0.20949974029652163, 0.21286366243428248, 0.3510178818644374], [0.2162262233313196, 0.2062456191310514, 0.28199741661705024, 0.29553074082057873], [0.224596359570325, 0.22803182218083828, 0.254471234818545, 0.2929005833302917], [0.21414264182520207, 0.21405544022730558, 0.2881344940414332, 0.2836674238060592], [0.26260975000616393, 0.22104577717954796, 0.2045038789306223, 0.3118405937836658], [0.2698829036611387, 0.22362541992963783, 0.21014281867684467, 0.2963488576323787], [0.2545198613681127, 0.22103705498021559, 0.20770142408773917, 0.3167416594639325], [0.24684430288522174, 0.228202563081175, 0.23185641715806157, 0.29309671677554167], [0.26517114040584067, 0.2096665352373265, 0.23397533593222228, 0.29118698832461054], [0.2545333168470642, 0.20126489993012597, 0.24666720258708957, 0.2975345805357203]], "ideal": "C", "sampled": "D", "correct": false}}
{"type": "result", "data": {"idx": 7, "options": ["I only", "II only", "III only", "I and III"], "probs": [[0.17296348510443063, 0.14562442897294062, 0.2327350526815376, 0.44867703314109114], [0.1613954954346256, 0.14239431067507216, 0.37523073697923004, 0.32097945681107215], [0.1790552005696651, 0.14384423613270367, 0.2126180519980622, 0.464482511199569], [0.1778772340628522, 0.1521050965555572, 0.3271408731058274, 0.34287679617576317], [0.1761183063754912, 0.21912602098511766, 0.28583638579506615, 0.318919286744325], [0.17047281307552997, 0.21209975758905508, 0.30387034556404374, 0.3135570836713712], [0.1673402214976731, 0.152329029907387, 0.2182368817444491, 0.46209386675049074], [0.16547471529788127, 0.15540148547826116, 0.34484836969575483, 0.33427542942810273], [0.17032603156386117, 0.155047335234545, 0.23278972953660168, 0.4418369035649921], [0.17755535507744255, 0.16416763012209415, 0.32655072695552234, 0.33172628774494095], [0.19037083428516893, 0.23318143634335453, 0.2994662389098346, 0.2769814903616419], [0.17403122002986723, 0.22340280306774915, 0.2824562363436186, 0.320109740458765], [0.18026061769944163, 0.15904556755349625, 0.20746346069505653, 0.4532303539520056], [0.17613372467386293, 0.165420013134329, 0.3189182924744199, 0.3395279696173882], [0.1675811931732142, 0.13889867686873522, 0.20854158139564463, 0.48497854846240596], [0.16957262662063943, 0.14500746561649147, 0.3533990488115918, 0.3320208588512773], [0.18850101809555306, 0.22731861808587772, 0.28294745506418684, 0.30123290865438235], [0.17795777849437747, 0.22490187657318209, 0.2432091755388111, 0.35393116929362933], [0.2624599752667336, 0.23153967698015562, 0.23523219978985166, 0.27076814786325915], [0.2564248182580468, 0.22978218239903658, 0.24085504173098043, 0.27293795751193617], [0.24761865292639962, 0.17280704756418191, 0.27620255121203263, 0.3033717481973858], [0.23019063813456678, 0.17100779965311566, 0.2690835634958412, 0.3297179986164763], [0.2410072689407103, 0.1997410684778584, 0.27306146779539653, 0.2861901946860348], [0.23827071840571926, 0.21020739091629853, 0.23090343519082468, 0.3206184553871575]], "ideal": "B", "sampled": "D", "correct": false}}
{"type": "result", "data": {"idx": 8, "options": ["It is inherently nonassociative because some numbers have no exact representation.", "It is inherently nonassociative because there have to be upper and lower bounds on the size of numbers.", "Associativity can be achieved with appropriate roundoff conventions.", "Some rational numbers have no exact representation."], "probs": [[0.23249047541486037, 0.21499682431739053, 0.2676298141642423, 0.2848828860035068], [0.19980365035920053, 0.22996257243240992, 0.21948008237074457, 0.35075369473764495], [0.2219804359440812, 0.13673926213442394, 0.3776537702691658, 0.263626531552329], [0.17545176910008012, 0.11870861708892959, 0.13040469488386097, 0.5754349188271294], [0.16779413942651483, 0.11003755858958258, 0.3497973408185127, 0.3723709610653898], [0.17482708262522836, 0.12015064715025364, 0.14050066365013694, 0.564521606474381], [0.2472398170325361, 0.20494869923261574, 0.2632172287789269, 0.2845942548559212], [0.21434018865050689, 0.21100615824120708, 0.22118393415432858, 0.35346971885395745], [0.2380846809531987, 0.1443834049671571, 0.35191718789149373, 0.26561472608815045], [0.17767652833504288, 0.1165215095890513, 0.13206280358819902, 0.5737391583877067], [0.15699576073798804, 0.11132034824152723, 0.4473455018452319, 0.28433838907525283], [0.19519488947812325, 0.11655081322854847, 0.1406206370888243, 0.547633660104504], [0.25324290233574376, 0.22000395593815544, 0.26132854037864767, 0.26542460124745315], [0.20753643786213355, 0.2011397867854029, 0.15186592482401423, 0.4394578504284493], [0.25761738416956603, 0.21355250475655307, 0.245860606407375, 0.2829695045665059], [0.16197053362431277, 0.1619733946471338, 0.13642073556516005, 0.5396353360633933], [0.17167086641754314, 0.11257752607266573, 0.35788189827973244, 0.3578697091300587], [0.2088255168113725, 0.12864628624592656, 0.3235048103531272, 0.3390233864895737], [0.17080970578811902, 0.13301747243162163, 0.3616707109047476, 0.33450211077551173], [0.18090766666510624, 0.1431004106855343, 0.15236458180811255, 0.5236273407412468], [0.18493841311068068, 0.13528895175163655, 0.3795430305288717, 0.3002296045088111], [0.18246461851771215, 0.11965914846301656, 0.1443694147699102, 0.5535068181493611], [0.14564285519859257, 0.09854286467597032, 0.37199906828263923, 0.38381521174279787], [0.19437859516035996, 0.11426389705892417, 0.3106875051838719, 0.38067000249684396]], "ideal": "C", "sampled": "A", "correct": false}}
{"type": "result", "data": {"idx": 9, "options": ["If the owner modifies the file, another user who does not share will see the changes.", "If the owner renames the file, other users will not be able to access it.", "If the owner is allowed to delete a file, dangling links may result.", "If any user who shares the file appends to it, others who share it will not be able to access the new disk blocks."], "probs": [[0.11520423883217636, 0.09853419891698736, 0.23643103496588344, 0.5498305271849528], [0.14003181769114717, 0.11428214118862565, 0.3466625588784728, 0.39902348214175437], [0.1302108576700755, 0.19546658706300069, 0.13436892226875455, 0.5399536328981692], [0.16362201163390241, 0.18540023817950899, 0.3254839874622775, 0.32549376262431107], [0.14253910737374595, 0.24628030150393151, 0.17196480159389316, 0.43921578942842937], [0.17236676296755285, 0.2797756707455384, 0.23564898263097736, 0.3122085835559314], [0.11003512806063895, 0.1369345773847961, 0.25192522812406337, 0.5011050663305016], [0.12098852928297223, 0.14366991388344794, 0.2995094269360777, 0.4358321297975022], [0.11306472626977286, 0.20473160762817996, 0.1984773515775814, 0.48372631442446573], [0.14638710419955986, 0.223204447067974, 0.32996860664997374, 0.3004398419824924], [0.1274032592646034, 0.27395865318419776, 0.17416959999250126, 0.42446848745869753], [0.15912089698636153, 0.27492855635090485, 0.2543287726582336, 0.31162177390449997], [0.15949417411439834, 0.18357303463213187, 0.14986136330862246, 0.5070714278448474], [0.18528038647227077, 0.18819064268431818, 0.29614440818779136, 0.3303845625556197], [0.16652856765512297, 0.12767562268887733, 0.2385916262626475, 0.4672041832933522], [0.20167190723572356, 0.14524568183025582, 0.3596006226299035, 0.29348178820411713], [0.2065235499249137, 0.2414429331444418, 0.2652383902545806, 0.2867951265760639], [0.20652515260932708, 0.24144380202961402, 0.26523913744840916, 0.28679190781264974], [0.21690098939157132, 0.1662906110120422, 0.17161162195873758, 0.4451967775376489], [0.25935468461534655, 0.18389092657948816, 0.2718582193558486, 0.2848961693493167], [0.22141152618101437, 0.1724203526801304, 0.192397475223375, 0.41377064581548023], [0.2508038692284896, 0.180625729868785, 0.27984986957418273, 0.2887205312285427], [0.2707385001475752, 0.20434803345180366, 0.26246349827718946, 0.2624499680234317], [0.2807646351657984, 0.2152472702161704, 0.24019862351103768, 0.26378947100699346]], "ideal": "C", "sampled": "D", "correct": false}}
{"type": "result", "data": {"idx": 10, "options": ["None", "III only", "I and II only", "I, II, and III"], "probs": [[0.11206391118645861, 0.14844020757263035, 0.17908355058179928, 0.5604123305591118], [0.11343345721025154, 0.1456300106874516, 0.45574855536126707, 0.28518797664102974], [0.12861192608417202, 0.1842003221387341, 0.17038840561558832, 0.5167993460615056], [0.11184187398986989, 0.170511516472209, 0.4493379361379516, 0.2683086732999695], [0.12568850634956455, 0.35249448515617615, 0.23853431147544688, 0.2832826969188124], [0.1326840500000942, 0.36066474969558227, 0.22572169859354957, 0.28092950161077396], [0.1556432922486308, 0.1351958303675834, 0.19069818297960903, 0.5184626943041768], [0.14524124969272395, 0.1301624826835704, 0.4616000307932809, 0.2629962367304247], [0.1600362431859187, 0.1841610603220358, 0.12270057748672818, 0.5331021189053173], [0.14106794101990427, 0.15982700045958792, 0.5001719072191502, 0.1989331512013576], [0.14819240789410332, 0.42213076977875674, 0.13493590256617014, 0.29474091966096977], [0.1527079298132559, 0.43502702008227323, 0.19006379870469728, 0.2222012512997736], [0.19056003645660405, 0.13937533523426462, 0.14383474633900792, 0.5262298818701234], [0.15365758765677226, 0.12735380420832557, 0.48833630211739437, 0.23065230591750777], [0.18820514992671947, 0.14653433639529778, 0.15359911092177186, 0.5116614026562109], [0.1665132790637396, 0.1380120813708576, 0.5209913253263189, 0.17448331413908397], [0.1799621230195172, 0.452390061202406, 0.15393608348212817, 0.21371173219594866], [0.14855961942854928, 0.4435199034819513, 0.22303386695043712, 0.18488661003906232], [0.35106351968115646, 0.1374281644683739, 0.2338337301974113, 0.27767458555305835], [0.3525443286867653, 0.14238520813860447, 0.2348160138381754, 0.2702544492364548], [0.3418021397903848, 0.23854226650766486, 0.1493048772273701, 0.2703507163745802], [0.3407915532248167, 0.24540422854353666, 0.19721767304355642, 0.2165865450880902], [0.37641662355473504, 0.22469423709052955, 0.1520696580257934, 0.246819481228942], [0.35804348113403095, 0.20394856617948698, 0.21046287682148596, 0.2275450757649961]], "ideal": "D", "sampled": "D", "correct": true}}
{"type": "result", "data": {"idx": 11, "options": ["n", "n + 1", "n + 2", "2n"], "probs": [[0.16861558227505558, 0.42380349284083174, 0.16604268791056456, 0.24153823687354806], [0.16702818371091374, 0.4132932002937799, 0.19839493337092887, 0.2212836825243775], [0.16639050341316142, 0.1975267349001968, 0.4385091327293775, 0.19757362885726423], [0.1766833093091489, 0.24140443265116804, 0.2304804955263997, 0.35143176241328333], [0.17668925660933898, 0.24519436087574192, 0.32503594007603764, 0.25308044233888144], [0.17495008258559702, 0.2505024521992966, 0.1982727826472861, 0.37627468246782025], [0.23311808255001631, 0.24419350521179678, 0.20899752714619074, 0.31369088499199616], [0.23022982014930865, 0.2374220149319281, 0.24131786409518324, 0.29103030072358], [0.20169915244207767, 0.28880841365486043, 0.22505101372651218, 0.2844414200765497], [0.22692047733542497, 0.310054609448142, 0.209897807514474, 0.253127105601959], [0.22998521996334934, 0.24469738863216223, 0.26063681684533974, 0.2646805744591487], [0.2527049930263176, 0.25259135676429145, 0.21281938031091266, 0.28188426979847825], [0.20164604194806432, 0.2356508812460616, 0.33777662141382253, 0.22492645529205152], [0.2356494708578314, 0.2392505300140802, 0.20798339507958385, 0.31711660394850455], [0.17337346531961334, 0.45672798410092313, 0.17343233980397516, 0.19646621067548833], [0.17860219040200814, 0.48545896365415037, 0.14581124886818578, 0.1901275969756557], [0.23529864494684774, 0.2543004415034201, 0.23532196526376628, 0.27507894818596584], [0.23623166893931258, 0.2288743840748308, 0.3130075223733415, 0.2218864245125151], [0.17330926456128454, 0.23310798650943593, 0.3845636534726248, 0.20901909535665472], [0.1752591658324205, 0.23208690724824685, 0.22157074009217745, 0.3710831867271552], [0.16941327840144232, 0.38167290738363296, 0.22448245509756526, 0.22443135901735944], [0.18084493547128597, 0.3949182091991299, 0.18087867170072816, 0.24335818352885596], [0.17372570475543983, 0.2566540095939288, 0.24502752689221138, 0.32459275865841997], [0.172617316228771, 0.20815065501038915, 0.4077587425301012, 0.21147328613073865]], "ideal": "A", "sampled": "B", "correct": false}}
{"type": "result", "data": {"idx": 12, "options": ["3", "8", "10", "13"], "probs": [[0.20386917004540855, 0.21029893188456553, 0.2700783392540248, 0.3157535587160011], [0.20778582059216666, 0.2077406849769327, 0.3218211983498439, 0.2626522959810567], [0.19112394178613284, 0.18812350366250452, 0.30068018133374763, 0.32007237311761505], [0.1962499349554319, 0.19316719758318177, 0.3338344742595278, 0.27674839310185856], [0.22119378711762736, 0.19213188896445535, 0.3070822908111947, 0.2795920330067226], [0.21607865712983276, 0.1790912475867478, 0.30950513940197355, 0.29532495578144585], [0.20061918497847353, 0.2069515082160487, 0.26165677284023714, 0.3307725338652406], [0.20958084731447446, 0.21284250278601993, 0.29555811594278086, 0.28201853385672476], [0.20343892880547942, 0.18232901935926749, 0.257173724660599, 0.35705832707465407], [0.22167194217718134, 0.19558762303404595, 0.32761344798527464, 0.25512698670349804], [0.23193369112277235, 0.1952675373577253, 0.2841660593414437, 0.28863271207805863], [0.23614105145392475, 0.20193899578544197, 0.29850525995362615, 0.2634146927070071], [0.17849186061027886, 0.17569407818944657, 0.2852351963234815, 0.3605788647767931], [0.18780019786567514, 0.1848538357470728, 0.34542774744064525, 0.2819182188466068], [0.18573338451316074, 0.17720004122273186, 0.24993695689010367, 0.3871296172740037], [0.21076337596782052, 0.19795749799797746, 0.31640231757555537, 0.2748768083586467], [0.2109975705231643, 0.19207759426797263, 0.2751977093419348, 0.3217271257669282], [0.217161542666938, 0.200802421573658, 0.2660749335641305, 0.3159611020952735], [0.18567846713593503, 0.21036498246473467, 0.3208290934241854, 0.2831274568751449], [0.17893098292945644, 0.20272125301718058, 0.309175699918347, 0.309172064035016], [0.17378891289532872, 0.17650052202220395, 0.31470315071936716, 0.3350074142631001], [0.20295148178612546, 0.2029206512849967, 0.2646999836582493, 0.3294278831706285], [0.18757446946896042, 0.2059785815559841, 0.27722827836609465, 0.3292186705089608], [0.1958051472706493, 0.2116812616375004, 0.2939479946796201, 0.29856559631223023]], "ideal": "A", "sampled": "D", "correct": false}}
{"type": "result", "data": {"idx": 13, "options": ["Routing packets through the network", "Reliable delivery of packets between directly connected machines", "Reliable delivery of large (multi-packet) messages between machines that are not necessarily directly connected", "Dealing with differences among operating system architectures"], "probs": [[0.026605631063222397, 0.13304738153855256, 0.7657137198619344, 0.07463326743629067], [0.021565410353994348, 0.07353372569812504, 0.02260380145442269, 0.882297062393458], [0.011419985819079022, 0.9217895132313797, 0.03716449119825094, 0.029626009651290364], [0.012036545380290888, 0.89155502446848, 0.025488207493978128, 0.07092022255725093], [0.01140077193139107, 0.01711591610104722, 0.20852671178396062, 0.7629566000836011], [0.007307549938356996, 0.0149955889448409, 0.9206586470513254, 0.0570382139654767], [0.020437053156587764, 0.018181896444965158, 0.8830161389836743, 0.07836491131477286], [0.035027922383395776, 0.021582532537948663, 0.018034812561589772, 0.9253547324170658], [0.07023332581264749, 0.767325316322245, 0.06863697179332823, 0.09380438597177934], [0.0878563203042103, 0.7022341907653831, 0.08789264933736264, 0.12201683949304397], [0.04753782112050086, 0.02466474599770107, 0.037319975929030615, 0.8904774568527675], [0.023565550674005977, 0.02249191263887648, 0.8507444721198002, 0.10319806446731736], [0.8421641242265253, 0.036427585774357285, 0.07712902556922399, 0.04427926432989344], [0.867432286495038, 0.030148083004156015, 0.024229349295279198, 0.07819028110552673], [0.8555821593835995, 0.04826922575460455, 0.03701574534256404, 0.05913286941923188], [0.8456959600103569, 0.05039144960984237, 0.0371637439595854, 0.06674884632021531], [0.8754123415838498, 0.03264265867501906, 0.0342151446821779, 0.057729854958953226], [0.8677651141785745, 0.034987019333538025, 0.05505250680915002, 0.04219535957873747], [0.017526414963667344, 0.024911588293978906, 0.15142144764237098, 0.8061405489999828], [0.010524413772794852, 0.020288633615207018, 0.8901845406542175, 0.07900241185778067], [0.04611022030259328, 0.08350123403514058, 0.0526666349070229, 0.8177219106552432], [0.041792543439474236, 0.07748263698311825, 0.746829354283105, 0.1338954651943025], [0.03156186475339033, 0.6910463806495091, 0.04593568055207802, 0.2314560739450226], [0.03539682021099322, 0.7810998209038178, 0.10246088641777243, 0.08104247236741656]], "ideal": "C", "sampled": "C", "correct": true}}
{"type": "result", "data": {"idx": 14, "options": ["I only", "II only", "III only", "I and II only"], "probs": [[0.1787865337369847, 0.17874034013660003, 0.23318003463171705, 0.4092930913946982], [0.17724987693220198, 0.1771978569746037, 0.27026977165840727, 0.37528249433478705], [0.16459008295335925, 0.18355367406352183, 0.2113263105237595, 0.44052993235935944], [0.1820569797027128, 0.19372765959897448, 0.27327852901573824, 0.35093683158257444], [0.19802917538093104, 0.23144218323300508, 0.21748147902698078, 0.3530471622590831], [0.19494573479512342, 0.22430237791228821, 0.21077555101826725, 0.3699763361743211], [0.1714139559256947, 0.19417259051739993, 0.2166807663731234, 0.4177326870837819], [0.18440704986376114, 0.2024601041335032, 0.25204607090676434, 0.3610867749959713], [0.16989665744373905, 0.1954746809689241, 0.23957823152400767, 0.3950504299633292], [0.17714688708044532, 0.20381728420059045, 0.2498010173130877, 0.36923481130587654], [0.1994535386607181, 0.24050112481240407, 0.22599848092329364, 0.3340468555035842], [0.187751939508973, 0.22994740990328294, 0.20299295193886222, 0.3793076985488818], [0.17597277985162477, 0.18435533892323808, 0.19026005833213483, 0.44941182279300235], [0.1939631075372581, 0.20964479131919603, 0.24516708781104718, 0.3512250132324987], [0.16445898008069834, 0.18055606424660142, 0.20787858090344238, 0.44710637466925784], [0.17017924815317148, 0.19276938073817837, 0.2594683402041909, 0.37758303080445926], [0.2018309115070386, 0.2433662120238237, 0.2322837720707965, 0.3225191042983412], [0.19849989407759425, 0.22839408301197647, 0.2080025883705809, 0.3651034344398484], [0.20530285550993602, 0.22539580537794537, 0.22547098173840124, 0.34383035727371736], [0.20096215011980856, 0.22762822630043464, 0.22417485223740555, 0.34723477124235125], [0.20565352412550614, 0.21883155915195895, 0.20887373942102572, 0.3666411772015092], [0.19924795328698927, 0.2120149103784901, 0.22225714886562986, 0.36647998736889076], [0.2126796895345101, 0.2092933710026047, 0.2486255504556723, 0.3294013889072129], [0.20596852282704, 0.20269375433403605, 0.2124845322013643, 0.37885319053755967]], "ideal": "A", "sampled": "D", "correct": false}}
{"type": "result", "data": {"idx": 15, "options": ["a^M = a", "(ax)^M = (xa)^M", "(xy)^M = y^Mx^M", "None of the above"], "probs": [[0.16704435893779015, 0.23928186651581634, 0.34284672648528103, 0.2508270479611125], [0.1856341427840561, 0.27864097300480534, 0.1664267405808405, 0.36929814353029805], [0.1788381407005402, 0.3612811701555844, 0.21917486698932262, 0.2407058220545528], [0.1915681625155666, 0.3992591439836799, 0.18864237894570168, 0.22053031445505178], [0.15655157668298678, 0.151712707491517, 0.27913911395585644, 0.4125966017696398], [0.16003441868304483, 0.16508853447975072, 0.4419985315955074, 0.23287851514169705], [0.23352529106189068, 0.2228059470430728, 0.32427743074035364, 0.21939133105468286], [0.29547536370183675, 0.24489748475486817, 0.1820487677868946, 0.2775783836564005], [0.23502428477106235, 0.2879338519295135, 0.2663555403330472, 0.210686322866377], [0.27084527782799717, 0.34772516201087544, 0.1832802186258011, 0.19814934143532628], [0.27935173272225017, 0.17205348096398124, 0.2465435192772513, 0.3020512669365173], [0.2117669550599441, 0.15733019771596754, 0.4019328295494593, 0.22897001757462904], [0.26683051186606815, 0.2506283596094665, 0.23185823056340943, 0.2506828978610559], [0.3152680694741647, 0.2738324105465761, 0.21669587490775852, 0.19420364497150067], [0.2529278023905609, 0.21971667646008958, 0.28219955315749473, 0.2451559678918548], [0.2852074376115753, 0.27208648893109844, 0.18705258425454732, 0.2556534891027789], [0.3023488954457291, 0.18620883758927712, 0.27965189273773083, 0.2317903741272629], [0.25246266280458984, 0.17896807725332856, 0.2687624474722335, 0.29980681236984813], [0.12488945945177916, 0.20913764209033872, 0.25630538889272786, 0.40966750946515423], [0.12433646432800781, 0.2251347567640899, 0.38309439442060444, 0.26743438438729783], [0.15658389353796415, 0.2925326903965085, 0.2140665937696465, 0.3368168221958808], [0.13460542460832153, 0.26768821874099663, 0.3081862376051848, 0.289520118945497], [0.16060140727344485, 0.35079452391931204, 0.21957507727334583, 0.26902899143389725], [0.14966551958017962, 0.3320447802211595, 0.2111091762570034, 0.30718052384165745]], "ideal": "D", "sampled": "C", "correct": false}}
{"type": "result", "data": {"idx": 16, "options": ["The wait is expected to be short.", "A busy-wait loop is easier to code than an interrupt handler.", "There is no other work for the processor to do.", "The program executes on a time-sharing system."], "probs": [[0.17055141669964838, 0.10183814015207343, 0.1414028235919511, 0.586207619456327], [0.22865653035738337, 0.13441053031530956, 0.2936296164695842, 0.3433033227577229], [0.16314973331587496, 0.09442022553794595, 0.2775571457912056, 0.4648728952549735], [0.11170641082064411, 0.08301143161841888, 0.27221875771649234, 0.5330633997444447], [0.20443464694297275, 0.09656149050412616, 0.27945630633351176, 0.4195475561193893], [0.10139973158419213, 0.0707868316464319, 0.1014069437459943, 0.7264064929233817], [0.3055247823489665, 0.07724356308332232, 0.15851184060763845, 0.45871981386007266], [0.38123016977625246, 0.08639441300967043, 0.27035256814708003, 0.26202284896699707], [0.30535885006058955, 0.08886010745336874, 0.11773276809768016, 0.48804827428836156], [0.4170547443696088, 0.10380181718163521, 0.2911680741278778, 0.18797536422087818], [0.4468062253263091, 0.11295846175265463, 0.11839793660661128, 0.321837376214425], [0.503185867833141, 0.11764878121048544, 0.15588438141165414, 0.22328096944471942], [0.17503737488678892, 0.0801335754840779, 0.29777462714598285, 0.4470544223831503], [0.12529043758681374, 0.06919007696122877, 0.261151818449371, 0.5443676669025864], [0.20128452775849703, 0.12995465098512007, 0.12996791301858127, 0.5387929081378016], [0.26901954810640494, 0.15568261078950527, 0.3145400034253174, 0.2607578375787723], [0.12114816902856511, 0.08326257019402436, 0.08726590125880195, 0.7083233594186086], [0.23595763481063003, 0.1186370687847373, 0.3126184507022296, 0.33278684560240307], [0.24463637202699162, 0.08586942636886291, 0.2905418997389467, 0.3789523017651988], [0.11263302880342545, 0.062200509932385226, 0.09050874546023237, 0.734657715703957], [0.3058035969428388, 0.1490266620963797, 0.13360443709944778, 0.4115653037613337], [0.35114200489326625, 0.15580212274731395, 0.1879614377412636, 0.3050944345181562], [0.10904591041997781, 0.07732489358643295, 0.07978494852944801, 0.7338442473641412], [0.25251498281438334, 0.11380732415592461, 0.3242641405096771, 0.3094135524200149]], "ideal": "D", "sampled": "B", "correct": false}}
