{"type": "result", "data": {"idx": 0, "options": ["an average of 10 times, with an rms deviation of about 4", "an average of 10 times, with an rms deviation of about 3", "an average of 10 times, with an rms deviation of about 1", "an average of 10 times, with an rms deviation of about 0.1"], "probs": [[0.24464011918959747, 0.18750107845282343, 0.29060182838519605, 0.2772569738723831], [0.18165695665450277, 0.13706962762892458, 0.5258890985916677, 0.155384317024905], [0.25873287353016516, 0.24679693964053623, 0.17240767898589304, 0.32206250774340556], [0.1883003618618408, 0.16872621083736597, 0.49632011338039456, 0.14665331382039865], [0.20646961598404584, 0.4235891510008259, 0.16341384513172227, 0.206527387783406], [0.1991638361710128, 0.39603274437000224, 0.19925766878863393, 0.20554575057035102], [0.26005086300156754, 0.20563255248397624, 0.21564097700346793, 0.31867560741098827], [0.18383409902853678, 0.14311376852364668, 0.5158105126614867, 0.1572416196863298], [0.25326416987150197, 0.26532925175984423, 0.16614511859654524, 0.31526145967210856], [0.19842709598941174, 0.1806041896162627, 0.4688293933399579, 0.15213932095436766], [0.20279669759629748, 0.45694819088181066, 0.15556280313366705, 0.1846923082882248], [0.1918047992962244, 0.39969406123476864, 0.2042683989241358, 0.20423274044487116], [0.19263838516690748, 0.24345080914820788, 0.21497382541792334, 0.3489369801669613], [0.14446906098162088, 0.1513512066741389, 0.5454939359405256, 0.15868579630371465], [0.204951026867666, 0.2358245630080742, 0.20500593764502337, 0.3542184723792364], [0.14781955543855824, 0.14776941302890442, 0.549483264159594, 0.15492776727294325], [0.16428287325646754, 0.4327901303335368, 0.20777703819581317, 0.1951499581141825], [0.15638275909000712, 0.43857426753946116, 0.20728123803692214, 0.1977617352336096], [0.27099239823492466, 0.2076920270712108, 0.22825983164412042, 0.2930557429497441], [0.2703704753137324, 0.21715412384620988, 0.24625975647312204, 0.2662156442669357], [0.282320563203483, 0.21978156593898887, 0.21993258920992384, 0.2779652815476043], [0.26852679249939243, 0.2225150167719532, 0.264440506670257, 0.24451768395839735], [0.2618986328891485, 0.22744613544683903, 0.21383015490673266, 0.2968250766572798], [0.2669918020396211, 0.22827743671868636, 0.22488959801599365, 0.2798411631256989]], "ideal": "B", "sampled": "D", "correct": false}}
{"type": "result", "data": {"idx": 1, "options": ["500 nm", "550 nm", "600 nm", "650 nm"], "probs": [[0.14369379830292303, 0.36687905932814985, 0.2770313794470837, 0.21239576282184344], [0.14949092712966558, 0.34751425225580296, 0.2750165842203433, 0.22797823629418815], [0.12839275979882314, 0.2675385256600623, 0.3279286124357065, 0.2761401020054081], [0.15682682393413117, 0.2544988095505847, 0.3218598067438608, 0.2668145596714234], [0.1343987217052721, 0.3710374158868145, 0.2511515766817459, 0.2434122856261675], [0.14770847117292588, 0.3830804710279144, 0.22179264657089534, 0.24741841112826438], [0.30841948659854024, 0.2021745978935664, 0.26380520270197433, 0.22560071270591905], [0.30262269664889185, 0.21449611439657676, 0.25088595593786867, 0.23199523291666269], [0.2822968661502829, 0.24135340747803904, 0.29125794765420854, 0.18509177861746953], [0.28844630715346736, 0.24278759953931986, 0.3168039917629058, 0.15196210144430697], [0.2791404467413897, 0.28788376280593586, 0.23506816079453594, 0.19790762955813845], [0.2981445192992566, 0.27995902297081393, 0.26726144549558223, 0.1546350121343473], [0.2526807599715377, 0.21269584650784973, 0.3347678035804156, 0.199855589840197], [0.24492587176938121, 0.2336161891217153, 0.26074512236222147, 0.260712816646682], [0.2710613825329866, 0.22461967988689605, 0.33736230914311677, 0.16695662833700056], [0.24864951893213127, 0.23716152848671238, 0.3294402311496278, 0.1847487213315286], [0.22054540933223937, 0.283100383438195, 0.23849832940686916, 0.2578558777226965], [0.271807209929895, 0.3176578770354352, 0.21169893213175298, 0.19883598080291684], [0.29146251079505725, 0.2199075668830309, 0.29145896431869345, 0.1971709579032184], [0.2860893521983452, 0.233395787558148, 0.21595697221660015, 0.26455788792690665], [0.31505161684119737, 0.245251886946601, 0.2737215810393333, 0.16597491507286832], [0.30056273486346335, 0.24906387551523276, 0.26524886091010397, 0.18512452861119988], [0.3071146171777716, 0.1920996520282609, 0.2796277576571729, 0.22115797303679458], [0.3523866936923349, 0.2070639194956162, 0.24599463478235048, 0.19455475192969843]], "ideal": "C", "sampled": "D", "correct": false}}
{"type": "result", "data": {"idx": 2, "options": ["There are no changes in the internal energy of the system.", "The temperature of the system remains constant during the process.", "The entropy of the system and its environment remains unchanged.", "The entropy of the system and its environment must increase."], "probs": [[0.09126219897549673, 0.07931330054205264, 0.2521699070678311, 0.5772545933146195], [0.14208697106790735, 0.1234777840978435, 0.49636842707757023, 0.23806681765667892], [0.11353179066237958, 0.1993153244057658, 0.1010470613736195, 0.5861058234582351], [0.15312606900325687, 0.31926144719232813, 0.36196128892432233, 0.1656511947800927], [0.1540880352104594, 0.4602432846562767, 0.15422581134684396, 0.23144286868641992], [0.1513679876364501, 0.5203887664635509, 0.20071979756971295, 0.12752344823028605], [0.07940970182944146, 0.07176012384710073, 0.2752154705722608, 0.5736147036511969], [0.12800303863217147, 0.11476828840826388, 0.5393854104566855, 0.21784326240287913], [0.10198453949954264, 0.2646170398556594, 0.10695258634495598, 0.526445834199842], [0.1313589791619701, 0.3355683634009909, 0.37454336319779036, 0.15852929413924863], [0.13363015451242133, 0.545615664880317, 0.1380005160134044, 0.18275366449385727], [0.12321756962523864, 0.5612152301885035, 0.18227210910691174, 0.13329509097934608], [0.31484057157977136, 0.12330618397510275, 0.13132866410566854, 0.43052458023945733], [0.3527521455495573, 0.15411938383523585, 0.3316035219399967, 0.16152494857521008], [0.31277343443843153, 0.09103172340362425, 0.12644883629447867, 0.4697460057634655], [0.3155765094034772, 0.11793955632135052, 0.3809220918219894, 0.18556184235318285], [0.4469662210032213, 0.33218239239331987, 0.09673203959385993, 0.12411934690959886], [0.43484549349837803, 0.323160362329069, 0.09633595854332144, 0.14565818552923154], [0.21327687797797804, 0.14209049938688348, 0.15613530574667742, 0.48849731678846103], [0.25935576909307495, 0.17826695310877982, 0.3895800345496194, 0.1727972431485258], [0.2265095994549739, 0.17642627216161955, 0.14634227133373914, 0.4507218569496674], [0.22503020202398374, 0.16210225464425093, 0.4014117777156524, 0.2114557655161129], [0.2414779567807377, 0.47288946369529794, 0.11962915478111676, 0.1660034246428476], [0.24993788634119862, 0.4456382228979144, 0.11273818063797952, 0.19168571002290746]], "ideal": "C", "sampled": "D", "correct": false}}
{"type": "result", "data": {"idx": 3, "options": ["a dye laser", "a helium-neon laser", "an excimer laser", "a ruby laser"], "probs": [[0.1793210873131951, 0.3146674492044144, 0.25697948377336544, 0.24903197960902507], [0.14819499131572172, 0.2560024394734283, 0.4785633336269868, 0.11723923548386313], [0.15657605229242497, 0.1338943540916063, 0.5553678273599295, 0.15416176615603921], [0.1632310325225533, 0.1485803894338501, 0.4579685398175592, 0.2302200381260374], [0.10808249300006255, 0.14095797273409313, 0.6031800777538472, 0.14777945641199705], [0.17927584471841934, 0.23377648090310735, 0.28660870867433796, 0.30033896560413537], [0.31299709804210685, 0.2676198740390563, 0.24382125965569143, 0.17556176816314542], [0.2934636815114957, 0.26295942457310456, 0.31737754218649356, 0.12619935162890616], [0.2437618450945683, 0.15732943541236682, 0.4415343271787205, 0.15737439221434435], [0.2682550887235233, 0.18720768669175145, 0.38436556431332425, 0.160171660171401], [0.3313960631934391, 0.2878140423065488, 0.2242669843131453, 0.1565229100868668], [0.32814518638278706, 0.2762486769728574, 0.2086321586977133, 0.18697397784664224], [0.13299742640738058, 0.20276346477953328, 0.5181429518411322, 0.14609615687195396], [0.12140824123215012, 0.26103809730681066, 0.36835255353242385, 0.24920110782861538], [0.10376550150801812, 0.5395550285104879, 0.1894868009768571, 0.16719266890463694], [0.08926429665137985, 0.5058156885134186, 0.2708603461625049, 0.13405966857269666], [0.12974114521426225, 0.23491015677919072, 0.2879793302727949, 0.34736936763375215], [0.07644621623792688, 0.10613745924383552, 0.7145106515100145, 0.10290567290822313], [0.15838811818004905, 0.18226023963475813, 0.5195585929959433, 0.13979304908924947], [0.19722754055118513, 0.2694979945970986, 0.29157945945296737, 0.24169500529874888], [0.09146724440537618, 0.6155009039919535, 0.17367322286259218, 0.1193586286400782], [0.08153314037205067, 0.6315527494980764, 0.13450469162411263, 0.15240941840576036], [0.17099163189298103, 0.14621103026315307, 0.4797209274247523, 0.20307641031911355], [0.12420815228173812, 0.11850294469602018, 0.6311010121668094, 0.12618789075543235]], "ideal": "A", "sampled": "B", "correct": false}}
{"type": "result", "data": {"idx": 4, "options": ["The Heisenberg uncertainty principle", "The Pauli exclusion principle", "The Bohr model of the atom", "Nuclear hyperfine coupling"], "probs": [[0.04392544306792035, 0.7488897023594067, 0.04261083662395784, 0.16457401784871512], [0.051201493687311306, 0.4783431696043111, 0.38464490435102655, 0.08581043225735105], [0.06452141509241124, 0.0665569434529462, 0.7104338195080269, 0.1584878218466157], [0.03960619969733144, 0.051256915023261636, 0.3266805793270275, 0.5824563058523795], [0.03947238221762946, 0.4847535454387978, 0.4281246927837216, 0.04764937945985109], [0.025498310528911397, 0.4812172433456779, 0.054882203211995516, 0.43840224281341517], [0.8002167075161007, 0.057481704766883475, 0.043758282364034944, 0.09854330525298083], [0.4977014212617699, 0.06129449788000666, 0.37574980778959394, 0.06525427296862948], [0.7329479236779425, 0.0874805498786543, 0.05027217267629927, 0.12929935366710393], [0.5037720311001098, 0.09459680146703067, 0.25735319145734886, 0.14427797587551064], [0.6434186288886207, 0.27225260199754514, 0.04448063016919519, 0.03984813884463897], [0.603674957150575, 0.25944668438591906, 0.049953044200209004, 0.08692531416329694], [0.08362890903752572, 0.08103239656222756, 0.6377990936267212, 0.19753960067352555], [0.050154168340593025, 0.05818063786856407, 0.4041322186339046, 0.4875329750569383], [0.04495784455865981, 0.8618969203919562, 0.03069205033540652, 0.06245318461397745], [0.059416110003338345, 0.6241729096101024, 0.18754109249330345, 0.1288698877932558], [0.038346297617733546, 0.701563163235172, 0.059000418660804924, 0.20109012038628957], [0.06388521051024583, 0.5564392084122746, 0.2844325240171316, 0.09524305696034803], [0.3232026623640512, 0.09699710985799728, 0.5166684869159753, 0.06313174076197622], [0.20732929273847603, 0.1218469915084956, 0.0799849721706016, 0.5908387434824267], [0.24243276902543556, 0.6905736635191236, 0.034685803261766394, 0.0323077640936744], [0.27612489044840055, 0.6030216071162363, 0.04172944881695517, 0.07912405351840802], [0.3308572894301883, 0.1444705053178028, 0.08635755177094091, 0.438314653381068], [0.306170461250247, 0.09935867711385901, 0.4818568193292305, 0.11261404220666348]], "ideal": "B", "sampled": "B", "correct": true}}
{"type": "result", "data": {"idx": 5, "options": ["1/2", "1", "3/2", "5/2"], "probs": [[0.3722275980270926, 0.21200315020339147, 0.27232073923246575, 0.14344851243705017], [0.3567671615973754, 0.19088839629372628, 0.31484998842086065, 0.13749445358803764], [0.38381464263905607, 0.27634386764380264, 0.2152925915275682, 0.12454889808957313], [0.42443385217734403, 0.28708094982993915, 0.16881755099252693, 0.11966764690018991], [0.38637840168220783, 0.2781862872831052, 0.21005491597258194, 0.125380394962105], [0.4001028060467025, 0.26229493634931683, 0.21752207496723547, 0.12008018253674518], [0.13614269005316113, 0.5384943049158877, 0.2142454449393319, 0.11111755999161933], [0.13455854354943325, 0.5158546566447341, 0.2289641350278772, 0.12062266467795543], [0.12931372461606533, 0.4174202275867352, 0.3355259271983772, 0.11774012049882228], [0.12588709966733136, 0.3817391210931008, 0.29737983037179677, 0.19499394876777104], [0.11103955406507088, 0.5819329878970039, 0.2043161334332415, 0.10271132450468376], [0.11533414198306097, 0.5089645878203841, 0.21554458736767354, 0.1601566827288813], [0.3183567726783454, 0.34951822904673163, 0.20553908627543566, 0.12658591189948726], [0.34163228617874086, 0.4184439826520672, 0.12373100972541595, 0.11619272134377596], [0.22891755444694692, 0.19881193180858328, 0.4624693703354685, 0.10980114330900136], [0.2283595055113361, 0.19833938775463353, 0.27546778318511494, 0.2978333234489154], [0.329115204574444, 0.2685132264409691, 0.29043962899433745, 0.11193193989024948], [0.20843549318401874, 0.2436162236914072, 0.23990777192650614, 0.3080405110980679], [0.40045407112070264, 0.25443145440633314, 0.22111908924514875, 0.12399538512781544], [0.4195325938972573, 0.27935865310498964, 0.19508261831327547, 0.1060261345844776], [0.26152098760793274, 0.19126286038176338, 0.4312044478045837, 0.11601170410572015], [0.27743498314929205, 0.1997571646895078, 0.28180036785765894, 0.2410074842035412], [0.37611910799340903, 0.2544008105620325, 0.2666985908903549, 0.10278149045420353], [0.21753140439991622, 0.2279132970317765, 0.22798203609040543, 0.3265732623779018]], "ideal": "C", "sampled": "A", "correct": false}}
{"type": "result", "data": {"idx": 6, "options": ["V_0/5", "V_0/3", "V_0/2", "2V_0/3"], "probs": [[0.22939404501120028, 0.25583842012948804, 0.2992557242324353, 0.21551181052687637], [0.2366930685219743, 0.29913394442987923, 0.16018036961028764, 0.3039926173378588], [0.22984071878755283, 0.29047839965066063, 0.19357773082771093, 0.2861031506340756], [0.23533336377770894, 0.2793983941721942, 0.14276026826087768, 0.3425079736892192], [0.2252359986080001, 0.25516131517719687, 0.2760263681135717, 0.24357631800123136], [0.22989445579890533, 0.24849864467730684, 0.29525452409333075, 0.22635237533045707], [0.2419438849768741, 0.2344173833008811, 0.34664227005462217, 0.1769964615676226], [0.24648983385883771, 0.30191962277490975, 0.14952414404703665, 0.30206639921921585], [0.2320869117743148, 0.4201997220096005, 0.1262129396073967, 0.22150042650868798], [0.23507640202631389, 0.42559836388153977, 0.13822367168070945, 0.2011015623114369], [0.25789879306948843, 0.2787463234829107, 0.18006617902303207, 0.28328870432456876], [0.2565192098593139, 0.24467229444347197, 0.2688622892615581, 0.229946206335656], [0.266657370302653, 0.24270865723856147, 0.2625568689490468, 0.2280771034097387], [0.26552528140273823, 0.24548791346479296, 0.16360084710869333, 0.3253859579237755], [0.2638668676370733, 0.318209673161132, 0.18138059701624779, 0.23654286208554692], [0.26248053887009826, 0.3317110686437358, 0.1981560974290742, 0.20765229495709173], [0.26370495948098993, 0.263618085709944, 0.17845477427925444, 0.29422218042981163], [0.2355204557469473, 0.23178963706246203, 0.33743656181055404, 0.19525334528003666], [0.2415546923634254, 0.21987406907267049, 0.3151459097547098, 0.22342532870919432], [0.23824367279775213, 0.21016332818199612, 0.3206709074753362, 0.23092209144491552], [0.24518807989326732, 0.3147343303027629, 0.19099114264154426, 0.24908644706242553], [0.24106085603962166, 0.2861799512651449, 0.25665857317403645, 0.21610061942119704], [0.2314247093436718, 0.347320266345882, 0.11458277212240109, 0.3066722520880451], [0.22414767739915506, 0.3015285134013962, 0.29700839516530647, 0.17731541393414224]], "ideal": "D", "sampled": "C", "correct": false}}
{"type": "result", "data": {"idx": 7, "options": ["0.25mc^2", "0.60mc^2", "0.67mc^2", "1.25mc^2"], "probs": [[0.16646450010353886, 0.3159624181057046, 0.27897472433823356, 0.238598357352523], [0.16850296414461863, 0.3004549577735149, 0.2304624272859197, 0.3005796506959468], [0.16590912638435665, 0.30048963424538744, 0.3102021813082437, 0.2233990579620122], [0.1722345352000617, 0.29765942689780056, 0.2754218876086425, 0.2546841501934952], [0.1653085450570813, 0.17599681983627774, 0.4712926306464068, 0.1874020043602341], [0.1694654077122023, 0.18909235296742652, 0.4132752716128015, 0.22816696760756966], [0.2196202277917587, 0.2567916214209303, 0.3004041611847881, 0.2231839895025229], [0.2146543743195214, 0.2549271621289309, 0.23224446521231382, 0.2981739982392339], [0.2147603183769996, 0.29819318649171084, 0.24734745917230963, 0.23969903585897992], [0.18873916199341478, 0.2041023346042578, 0.40615918668972045, 0.20099931661260698], [0.21777196226326462, 0.32191371914505473, 0.2283801883230711, 0.23193413016860956], [0.21923800463981521, 0.29508758467726215, 0.309435287368208, 0.1762391232147146], [0.22009662119477358, 0.21670121275256507, 0.36889559576541153, 0.19430657018724978], [0.2183275604528145, 0.23981267986841923, 0.2289563050948216, 0.31290345448394463], [0.24931290371736864, 0.2825138526497815, 0.2614369055153224, 0.20673633801752742], [0.2165273012976976, 0.23051344199428697, 0.3462706855527595, 0.20668857105525595], [0.21377881506268656, 0.28325469143105286, 0.21060775845948088, 0.29235873494677966], [0.21454391943360424, 0.23937458637574413, 0.3596123731123275, 0.18646912097832413], [0.18726256766924068, 0.17871353294721554, 0.44958550403369046, 0.18443839524985328], [0.18432671653841665, 0.18435967790844762, 0.4157025105404526, 0.21561109491268313], [0.2525309286381955, 0.35619139136997235, 0.22301166915136167, 0.1682660107404705], [0.23604307631470517, 0.33817942458791717, 0.24754449339169618, 0.17823300560568148], [0.2109645189277643, 0.3533942155692373, 0.22125442653551122, 0.21438683886748722], [0.2071879922065376, 0.3062858237573315, 0.30643838184334554, 0.18008780209278538]], "ideal": "A", "sampled": "B", "correct": false}}
{"type": "result", "data": {"idx": 8, "options": ["Planck\u2019s constant", "Boltzmann\u2019s constant", "The Rydberg constant", "The speed of light"], "probs": [[0.8554407191480944, 0.0186139410391023, 0.018904273415730272, 0.10704106629707304], [0.8131199104056156, 0.01573876635925549, 0.1601639401917421, 0.010977382943386836], [0.8917409153875722, 0.017529549713620498, 0.015228165179726201, 0.07550136961908115], [0.8578623315012941, 0.020661494246203255, 0.1073975088921975, 0.014078665260305141], [0.8870036658959317, 0.08921986875586134, 0.014229169206764865, 0.009547296041442025], [0.842604792333564, 0.13126979400199948, 0.014389146647211703, 0.011736266917224807], [0.005208414287538721, 0.9401122519595888, 0.016181406793954894, 0.03849792685891755], [0.008857439526943085, 0.9324915081328817, 0.040036705543137124, 0.018614346697038084], [0.006136768913857515, 0.01192741368455074, 0.955063382109391, 0.026872435192200752], [0.004356294211566701, 0.011937647528648327, 0.20348635903796997, 0.780219699121815], [0.010879141217505564, 0.042710743535811, 0.9278989580456893, 0.018511157100994036], [0.005509141834689107, 0.09767575404625448, 0.012324942059686506, 0.8844901619593699], [0.0038743229216996163, 0.9633708753923221, 0.01130714774836083, 0.02144765383761744], [0.004856040230440351, 0.9627496858785471, 0.021274326169105028, 0.011119947621907529], [0.008934259280648588, 0.016312576585679524, 0.9191446166438924, 0.055608547389779536], [0.0066984569477781695, 0.014185051254019898, 0.2456270586460534, 0.7334894330521485], [0.00869651669951589, 0.04184115172634663, 0.9304606618959737, 0.019001669578163835], [0.008676383869729125, 0.45570833674716027, 0.027160049190339715, 0.5084552300927708], [0.0271414909405777, 0.9498368442152493, 0.014206647823734798, 0.008815016920438262], [0.017601118756404407, 0.9615834203169101, 0.012690978213204616, 0.008124482613480881], [0.053130976815094114, 0.032493380389189475, 0.892395254301038, 0.021980388394678342], [0.029927306844957882, 0.02501441091005965, 0.013497972457311627, 0.9315603096876708], [0.02410396520378113, 0.01778811745150378, 0.9414054592639386, 0.016702457980776526], [0.05642177437234114, 0.02125733262216561, 0.025246567381648974, 0.8970743255238443]], "ideal": "A", "sampled": "A", "correct": true}}
{"type": "result", "data": {"idx": 9, "options": ["mc/2", "mc/(2^(1/2))", "mc", "(3^(1/2))mc"], "probs": [[0.1992184028004924, 0.2765231964492722, 0.4286799930647491, 0.09557840758548636], [0.1949794681181398, 0.18601023594634583, 0.13617385516671004, 0.4828364406688043], [0.26770920356544614, 0.36579720272331806, 0.24006132004427339, 0.1264322735669624], [0.2519640699362343, 0.3607758986820381, 0.2481401934417359, 0.1391198378399917], [0.18916099838896192, 0.1721922269546404, 0.12410802115507563, 0.514538753401322], [0.19235842271559556, 0.231968165495554, 0.4475296468567564, 0.12814376483209405], [0.1730630721435199, 0.3839144167503418, 0.30393776747432466, 0.13908474353181363], [0.14755915934342548, 0.3222785149663937, 0.16470665491781694, 0.3654556706723639], [0.1745262093808704, 0.39943369028645853, 0.2790565705301485, 0.14698352970252263], [0.162710393570174, 0.3609191667398748, 0.18160420113165487, 0.29476623845829636], [0.19415755857310577, 0.22696355321169534, 0.28266036928837696, 0.2962185188268219], [0.16986721752375425, 0.22149232027699933, 0.33278939124594165, 0.2758510708533048], [0.14106653839528346, 0.5001158192270935, 0.2220567795718697, 0.13676086270575338], [0.12040991783465053, 0.5312556225742975, 0.1836965897382603, 0.16463786975279165], [0.12253785208758707, 0.4771860561390953, 0.285117198245436, 0.11515889342788163], [0.10945348114309472, 0.48297278628965096, 0.15687386222481, 0.2506998702424443], [0.15860486501671897, 0.31045050351049913, 0.3106682392843309, 0.220276392088451], [0.15280894933602984, 0.2810080349164335, 0.1993900090256619, 0.36679300662187475], [0.15771158978027067, 0.2811135518933488, 0.17059778692195243, 0.3905770713044281], [0.15829444240727264, 0.335041080751213, 0.2652041714221148, 0.24146030531939955], [0.18037733702610204, 0.2707319299715024, 0.30223286599225724, 0.24665786691013833], [0.16106475888072122, 0.24552799758840038, 0.31060495969527313, 0.2828022837356053], [0.1746439188544152, 0.3365145623347415, 0.2748379409038364, 0.21400357780700693], [0.1588201915355763, 0.27868394721844153, 0.2922316069448783, 0.2702642542011038]], "ideal": "D", "sampled": "C", "correct": false}}
{"type": "result", "data": {"idx": 10, "options": ["square", "hexagon", "cube", "tetrahedron"], "probs": [[0.01719828216179037, 0.8820781521584794, 0.04604967152470633, 0.05467389405502392], [0.021035743501463727, 0.8144661167748014, 0.1155726097255096, 0.04892552989822527], [0.08174797085787971, 0.3060336685915203, 0.38113420913927476, 0.2310841513113252], [0.050963098829952626, 0.12126689718591213, 0.7207099096558837, 0.10706009422825156], [0.015465282991954628, 0.90596974815092, 0.048037335763920774, 0.030527632993204597], [0.013736934919047022, 0.9262079881957829, 0.030735633121298914, 0.02931944366387116], [0.7584915530372671, 0.028490587217027373, 0.06375297713378379, 0.14926488251192174], [0.29321134360565815, 0.029475236583116918, 0.6406329929246963, 0.03668042678652866], [0.7401609323530204, 0.07098727580025414, 0.026342337604964884, 0.16250945414176055], [0.6083079281287931, 0.06928245387028274, 0.28293623147246977, 0.03947338642845441], [0.4682425970989594, 0.4981717569970483, 0.016668561192351074, 0.016917084611641233], [0.42196016169806866, 0.5248397793498976, 0.029404287442399944, 0.023795771409633893], [0.056650891123681386, 0.041110066974302376, 0.7013886936031801, 0.20085034819883607], [0.022656694944351248, 0.02337115157620755, 0.9056256620622973, 0.04834649131714388], [0.022597437764302356, 0.8413024559545058, 0.03239048278080585, 0.10370962340038596], [0.05103527313170732, 0.6775227592221537, 0.22709193686908125, 0.04435003067705772], [0.010413014328928582, 0.9595993756288326, 0.01447042357031838, 0.015517186371920495], [0.018484647488922017, 0.9118209668758209, 0.04650075525322069, 0.023193630282036352], [0.9511547300271541, 0.017415987715230955, 0.020532055283491234, 0.010897226874123667], [0.9630048977701523, 0.01532012148033499, 0.011938537603226081, 0.009736443046286585], [0.9640070715238314, 0.021456768020484837, 0.007837425404983035, 0.006698734950700764], [0.9565485040339217, 0.02450621785656167, 0.011052045394032234, 0.007893232615484434], [0.965882233983176, 0.018246328311922983, 0.007320214469909831, 0.008551223134991175], [0.9551338641427289, 0.020768517819657155, 0.015441315390872913, 0.008656302546741034]], "ideal": "D", "sampled": "D", "correct": true}}
{"type": "result", "data": {"idx": 11, "options": ["0.024 m", "0.048 m", "0.121 m", "0.242 m"], "probs": [[0.21692946227810903, 0.30111765409799784, 0.32571130502377277, 0.15624157850012038], [0.23478162986021736, 0.3258907891749525, 0.23851271682120564, 0.20081486404362445], [0.21942200418370206, 0.35609618887011196, 0.26889354789231096, 0.15558825895387504], [0.21499692110075794, 0.3656637152268173, 0.27612532516785937, 0.14321403840456534], [0.2691926697997175, 0.2864590925654277, 0.2650471666942308, 0.179301070840624], [0.2491182200492915, 0.26099988426638504, 0.2958798662146109, 0.19400202936971256], [0.22810246387975952, 0.35322854445663193, 0.26673004425972774, 0.15193894730388077], [0.24122306342658573, 0.3735373560183626, 0.20316080444270085, 0.1820787760123508], [0.22909863756845344, 0.4020089923035381, 0.21864913914479692, 0.15024323088321154], [0.22504442108539632, 0.3709800055544139, 0.2631541568717706, 0.14082141638841922], [0.23832942898169202, 0.34668231523567095, 0.25373748320392786, 0.16125077247870917], [0.22887343291894086, 0.29845364100013, 0.3128970674620854, 0.15977585851884377], [0.25220997266378054, 0.3905598397412675, 0.21576357850198105, 0.1414666089929709], [0.24774471674632995, 0.39582164892107824, 0.21528206121908341, 0.14115157301350834], [0.24765351043171457, 0.35468601648410747, 0.280687059721787, 0.11697341326239097], [0.23849711243671382, 0.43179989906702254, 0.1916759077263767, 0.13802708066988698], [0.29228354368516213, 0.3811152392577061, 0.20091003776299643, 0.12569117919413536], [0.26246150543266, 0.3317070504182555, 0.23901224911766525, 0.16681919493141928], [0.3032291693728798, 0.28035105998911586, 0.24367252390603975, 0.17274724663196464], [0.3008573308158465, 0.2696126659002601, 0.2782753366210638, 0.15125466656282963], [0.2447630388719365, 0.33975155170594257, 0.26470086764731043, 0.15078454167481042], [0.23508643312149088, 0.3697892835303687, 0.2502979710536632, 0.1448263121944772], [0.25004237515150934, 0.3363904306494011, 0.28785463735779526, 0.12571255674129428], [0.24381580546216958, 0.32294274816902, 0.280680251719909, 0.15256119454890135]], "ideal": "D", "sampled": "C", "correct": false}}
{"type": "result", "data": {"idx": 12, "options": ["Specific heat", "Thermal conductivity", "Electrical resistivity", "Hall coefficient"], "probs": [[0.09184240548884356, 0.08362346141694206, 0.23459465799369905, 0.5899394750005154], [0.0903643998847719, 0.079750539920764, 0.5802968835604304, 0.24958817653403362], [0.08941667326204367, 0.21117734434927696, 0.05866101252458712, 0.6407449697640922], [0.13291966517669948, 0.24833389374115575, 0.41600449629424885, 0.20274194468789597], [0.0675618486865504, 0.6263404967318636, 0.05692637232631457, 0.24917128215527143], [0.1058686262424277, 0.6093675533158105, 0.11815500745612573, 0.16660881288563606], [0.10119537781965468, 0.09962490722379189, 0.15924065947637506, 0.6399390553801784], [0.10747806911327668, 0.10917537833978999, 0.48181269035372426, 0.3015338620932091], [0.10741640201377786, 0.3929669675722238, 0.08111997934722262, 0.4184966509667757], [0.1646142379202333, 0.30754245929880053, 0.4476004638402881, 0.08024283884067808], [0.06950530688106532, 0.7475332711798499, 0.04893754094023483, 0.13402388089884992], [0.12115039020422352, 0.7083063773721431, 0.1086492769955919, 0.06189395532804153], [0.10688305457492785, 0.06482547859034149, 0.03812176932648363, 0.790169697408247], [0.21963520182234722, 0.12128255424715295, 0.479802783681135, 0.17927946014936486], [0.12813146076962453, 0.05685545355262467, 0.041937763636223584, 0.7730753219415272], [0.1847407806286831, 0.09583890406118864, 0.65506832705357, 0.0643519881565583], [0.17697276305107382, 0.700068836589699, 0.04917169398450645, 0.07378670627472071], [0.15728763765646794, 0.738915540534409, 0.05655811557925066, 0.04723870612987242], [0.6656873945540471, 0.08330430989818784, 0.04157831224342976, 0.20942998320433526], [0.7224816571573891, 0.08762856441413418, 0.10088751313739183, 0.0890022651910849], [0.638879666247848, 0.09202192859954209, 0.04486478931551735, 0.22423361573709263], [0.6186418213214551, 0.11621167284034394, 0.19466427836845018, 0.0704822273697508], [0.8043490970592372, 0.1195376833163141, 0.029306527783438573, 0.046806691741010105], [0.7549144164007539, 0.15575528161770216, 0.04641836958241304, 0.0429119322991309]], "ideal": "D", "sampled": "D", "correct": true}}
{"type": "result", "data": {"idx": 13, "options": ["two hydrogen atoms and one helium atom", "four hydrogen atoms and one helium atom", "six hydrogen atoms and two helium atoms", "three helium atoms and one carbon atom"], "probs": [[0.6869190744022498, 0.17634747481653767, 0.07187199275204012, 0.06486145792917242], [0.6481603750030603, 0.22394477526289658, 0.026981537204053687, 0.10091331242998935], [0.5900804089576209, 0.10741030198876057, 0.24227693357727142, 0.060232355376347045], [0.39976858342363514, 0.23496517359528804, 0.039001396238707034, 0.32626484664236977], [0.5392579630030884, 0.05593476027177016, 0.3221737204040487, 0.08263355622109286], [0.24842469946995227, 0.06684472560612113, 0.10691598295653572, 0.5778145918673908], [0.6381042621045628, 0.26592826436086153, 0.0448306954070727, 0.05113677802750295], [0.612782550431247, 0.3080734673370953, 0.020822545938063604, 0.05832143619359413], [0.5616172666390503, 0.10384316596694165, 0.2870126120411064, 0.047526955252901605], [0.22985056040372698, 0.2905535399623234, 0.036404699083502474, 0.44319120045044713], [0.47507056617530824, 0.05327872896309272, 0.4260989995011873, 0.045551705260411725], [0.35544815987905604, 0.07332375098599758, 0.10031843927107123, 0.47090964976387517], [0.6612920661906909, 0.1645358925217379, 0.08883082733412145, 0.08534121385344969], [0.5399765736452286, 0.2844858047395074, 0.027975228345147967, 0.14756239317011602], [0.5030246076662217, 0.20959800720514926, 0.20336127557143813, 0.08401610945719093], [0.08330514436323015, 0.3144843636601416, 0.03240676656798989, 0.5698037253086383], [0.5825967148660407, 0.09069699725572533, 0.18625841894180822, 0.14044786883642577], [0.3190410577503163, 0.08650836734391085, 0.1847627990402054, 0.4096877757655674], [0.07574531096601111, 0.6495996422595036, 0.1405719753703581, 0.1340830713041271], [0.04674036974515401, 0.5924561839873277, 0.08948321227889536, 0.2713202338886229], [0.07891283340612439, 0.49511172653911606, 0.26519719767919636, 0.16077824227556323], [0.07025805860055247, 0.4547742604754576, 0.1150486990694392, 0.3599189817545507], [0.0856462972393778, 0.5087301920117654, 0.1652469398380577, 0.2403765708107991], [0.08186771902817747, 0.4532371562244611, 0.13830037722770047, 0.326594747419661]], "ideal": "B", "sampled": "A", "correct": false}}
{"type": "result", "data": {"idx": 14, "options": ["Lines in the infrared, visible, and ultraviolet regions of the spectrum reveal primarily the nuclear structure of the sample.", "The wavelengths identified in an absorption spectrum of an element are among those in its emission spectrum.", "Absorption spectra can be used to determine which elements are present in distant stars.", "Spectral analysis can be used to identify the composition of galactic dust."], "probs": [[0.30196116271459905, 0.3476230307357491, 0.16430268179629365, 0.18611312465335825], [0.2632177809097075, 0.343379770831397, 0.157311903778556, 0.2360905443803395], [0.3029331356858212, 0.22511789871342563, 0.2938167838105827, 0.17813218169017045], [0.19552231382346255, 0.15713662056478586, 0.09840756190110045, 0.5489335036106511], [0.2657949626179975, 0.18555729089311876, 0.34156244989794216, 0.20708529649094157], [0.18690337099573057, 0.14558367321239662, 0.10013515426606577, 0.5673778014258071], [0.2659642537587602, 0.3415596877257389, 0.19780358981278842, 0.19467246860271245], [0.23500648227925552, 0.30655736881067236, 0.1919638250895806, 0.2664723237204915], [0.25450409214645975, 0.22112829149920665, 0.33218518886180404, 0.19218242739252955], [0.1873004692463926, 0.16022303340718466, 0.09278907418539661, 0.5596874230610261], [0.21878134876117758, 0.19009555591089627, 0.33915501324190134, 0.25196808198602483], [0.18758600249552915, 0.1604671567343955, 0.10864617269717837, 0.543300667972897], [0.22295715738221175, 0.2410943585066993, 0.3510350480016194, 0.18491343600946955], [0.11410625107777111, 0.15358927615553147, 0.07490298039606741, 0.65740149227063], [0.2050319076879005, 0.3277035154880263, 0.28048417805263487, 0.18678039867143834], [0.14712794013989972, 0.3316661690464786, 0.09507851975892005, 0.42612737095470166], [0.1140557584938232, 0.09166470777571412, 0.28256800346874766, 0.511711530161715], [0.14052416801609538, 0.10444374692718064, 0.4069993318806192, 0.34803275307610476], [0.1804107034148379, 0.1981716065855817, 0.38226516190119064, 0.23915252799838976], [0.12563668283783208, 0.18865180154233993, 0.09492702106872895, 0.590784494451099], [0.16178959124289552, 0.31195588967196225, 0.2754731989980479, 0.25078131998709435], [0.12778786551938903, 0.26229242904588684, 0.08790619146503964, 0.5220135138696845], [0.11868297875703206, 0.10808129446496642, 0.30336215637031216, 0.46987357030768934], [0.12034023759024884, 0.10958212123093371, 0.3431021119414441, 0.4269755291373734]], "ideal": "A", "sampled": "B", "correct": false}}
{"type": "result", "data": {"idx": 15, "options": ["Bosons have symmetric wave functions and obey the Pauli exclusion principle.", "Bosons have antisymmetric wave functions and do not obey the Pauli exclusion principle.", "Fermions have symmetric wave functions and obey the Pauli exclusion principle.", "Fermions have antisymmetric wave functions and obey the Pauli exclusion principle."], "probs": [[0.2179824444132982, 0.35952723558417693, 0.1510912947368225, 0.27139902516570236], [0.19361672139516137, 0.3452850076041043, 0.1657197227479366, 0.29537854815279774], [0.1925301912593451, 0.18374185930999146, 0.28032677109745807, 0.3434011782332054], [0.17755932575001968, 0.19504849029472576, 0.2795528387877088, 0.34783934506754577], [0.1920941380098336, 0.2975736646823637, 0.1834051514503284, 0.32692704575747433], [0.1933199729320786, 0.3447231855478785, 0.17613520776270042, 0.2858216336573425], [0.26608665188949876, 0.23859325116911267, 0.13706231789038953, 0.35825777895099903], [0.2789853769412992, 0.23497660105595733, 0.17469352221688822, 0.31134449968585526], [0.25536411237058126, 0.24371557699044494, 0.16243555656133293, 0.33848475397764083], [0.2596127986648346, 0.24776744840051623, 0.17440223692103635, 0.3182175159136128], [0.29857579760473796, 0.2849462713000223, 0.16498676432469966, 0.25149116667054006], [0.27438339588282473, 0.25382536647165727, 0.14581429956885364, 0.3259769379766644], [0.21776197199545325, 0.14622531394016847, 0.2932433100275018, 0.34276940393687644], [0.2761573112880009, 0.17419170812439327, 0.25558286141036585, 0.29406811907724], [0.2554052509917506, 0.3332001914227623, 0.1676043594849048, 0.2437901980005823], [0.24759390195498213, 0.35474670986999207, 0.15383001128774415, 0.24382937678728167], [0.2789269768593029, 0.23862036281286733, 0.17602457628947304, 0.3064280839383567], [0.2357789014905187, 0.192473786937924, 0.17669391893607594, 0.3950533925354814], [0.33965262767256243, 0.1668420284819654, 0.2029198556935523, 0.29058548805191986], [0.37151453448863836, 0.1796610381969117, 0.1769798573224569, 0.27184456989199296], [0.34696007805454354, 0.22059515773817787, 0.14471832347609787, 0.28772644063118075], [0.3710503279791761, 0.2590754329899158, 0.13764467834049884, 0.23222956059040925], [0.37725199389416414, 0.17961849805759783, 0.13994618175854087, 0.3031833261896971], [0.32432141896819344, 0.1532229631985983, 0.20306797323580433, 0.31938764449740387]], "ideal": "D", "sampled": "D", "correct": true}}
{"type": "result", "data": {"idx": 16, "options": ["The Heisenberg uncertainty principle", "The Pauli exclusion principle", "The Bohr model of the atom", "Nuclear hyperfine coupling"], "probs": [[0.04392544306792035, 0.7488897023594067, 0.04261083662395784, 0.16457401784871512], [0.051201493687311306, 0.4783431696043111, 0.38464490435102655, 0.08581043225735105], [0.06452141509241124, 0.0665569434529462, 0.7104338195080269, 0.1584878218466157], [0.03960619969733144, 0.051256915023261636, 0.3266805793270275, 0.5824563058523795], [0.03947238221762946, 0.4847535454387978, 0.4281246927837216, 0.04764937945985109], [0.025498310528911397, 0.4812172433456779, 0.054882203211995516, 0.43840224281341517], [0.8002167075161007, 0.057481704766883475, 0.043758282364034944, 0.09854330525298083], [0.4977014212617699, 0.06129449788000666, 0.37574980778959394, 0.06525427296862948], [0.7329479236779425, 0.0874805498786543, 0.05027217267629927, 0.12929935366710393], [0.5037720311001098, 0.09459680146703067, 0.25735319145734886, 0.14427797587551064], [0.6434186288886207, 0.27225260199754514, 0.04448063016919519, 0.03984813884463897], [0.603674957150575, 0.25944668438591906, 0.049953044200209004, 0.08692531416329694], [0.08362890903752572, 0.08103239656222756, 0.6377990936267212, 0.19753960067352555], [0.050154168340593025, 0.05818063786856407, 0.4041322186339046, 0.4875329750569383], [0.04495784455865981, 0.8618969203919562, 0.03069205033540652, 0.06245318461397745], [0.059416110003338345, 0.6241729096101024, 0.18754109249330345, 0.1288698877932558], [0.038346297617733546, 0.701563163235172, 0.059000418660804924, 0.20109012038628957], [0.06388521051024583, 0.5564392084122746, 0.2844325240171316, 0.09524305696034803], [0.3232026623640512, 0.09699710985799728, 0.5166684869159753, 0.06313174076197622], [0.20732929273847603, 0.1218469915084956, 0.0799849721706016, 0.5908387434824267], [0.24243276902543556, 0.6905736635191236, 0.034685803261766394, 0.0323077640936744], [0.27612489044840055, 0.6030216071162363, 0.04172944881695517, 0.07912405351840802], [0.3308572894301883, 0.1444705053178028, 0.08635755177094091, 0.438314653381068], [0.306170461250247, 0.09935867711385901, 0.4818568193292305, 0.11261404220666348]], "ideal": "B", "sampled": "B", "correct": true}}
