{"type": "result", "data": {"idx": 0, "options": ["7 N", "5 N", "10 N", "12 N"], "probs": [[0.19627497503359423, 0.4286593964666802, 0.21230528613872335, 0.1627603422610022], [0.1991710484569832, 0.4282279525363221, 0.24794980154390972, 0.12465119736278497], [0.21502070559086284, 0.33818841020555673, 0.28945648275012353, 0.1573344013534569], [0.19035693717547653, 0.2994052722839334, 0.3448201664219169, 0.16541762401867324], [0.1853040925519991, 0.48821126095371037, 0.20681185916801567, 0.11967278722627486], [0.1730078899978343, 0.41501774649483536, 0.28537357279425046, 0.12660079061307986], [0.15586589604056658, 0.4106519809958973, 0.28236676136063427, 0.15111536150290183], [0.14551077564824696, 0.395539248016571, 0.343811685649768, 0.11513829058541401], [0.16973127450419365, 0.25474255571880616, 0.4473916691742483, 0.12813450050275188], [0.16959948583338189, 0.27523251955092587, 0.4007151960819311, 0.15445279843376108], [0.16763762262417464, 0.434804545105896, 0.29898990311426327, 0.0985679290556661], [0.15660099450272433, 0.425706409982394, 0.2837053792832897, 0.13398721613159195], [0.08156534161995772, 0.5447143234555447, 0.26974120331479, 0.10397913150970751], [0.08178063982561082, 0.595158559168709, 0.16531392437611145, 0.1577468765295688], [0.09851351830827967, 0.4485685095169051, 0.3283238312773257, 0.12459414079748961], [0.09174703463936909, 0.5000483206886565, 0.2326123180524732, 0.17559232651950127], [0.10698194294802801, 0.42986465456950973, 0.30496124111704975, 0.15819216126541244], [0.09476966120162802, 0.45579513715505415, 0.2680509131645248, 0.18138428837879303], [0.14728310812492898, 0.4537075195284036, 0.30238953455039064, 0.09661983769627681], [0.14543143970014374, 0.43421353591470374, 0.2939628870800357, 0.12639213720511677], [0.15430448602896557, 0.42607676026263097, 0.3168010640542565, 0.10281768955414694], [0.13695060797303504, 0.3608474623543541, 0.3445097105006667, 0.15769221907194417], [0.18882108576887996, 0.35274140620018557, 0.3420863006109476, 0.11635120731998685], [0.18568977988427335, 0.3810232934127195, 0.3015714034370719, 0.1317155231659352]], "ideal": "A", "sampled": "A", "correct": true}}
{"type": "result", "data": {"idx": 1, "options": ["weight of fluid.", "volume of fluid.", "density of fluid.", "All of these."], "probs": [[0.12578813458649404, 0.5295516168852411, 0.07820501935195626, 0.2664552290763086], [0.12111756317728345, 0.555609554821818, 0.26693473851586946, 0.05633814338502913], [0.08227138291232705, 0.09103050081016645, 0.47750674740237586, 0.34919136877513063], [0.06114516026035403, 0.07037535728557628, 0.34401913544189733, 0.5244603469121724], [0.0956765331554362, 0.26198011438923813, 0.467756208225829, 0.17458714412949672], [0.219790516624298, 0.43023460778587225, 0.0889289744934249, 0.2610459009964049], [0.3842496757048665, 0.1626140724670972, 0.056724189015790114, 0.39641206271224616], [0.418844161659299, 0.1539903237212158, 0.38164305262018106, 0.04552246189930413], [0.41241882476314834, 0.06625217396109905, 0.1278674938511384, 0.3934615073246142], [0.3802822487389487, 0.07844407022953806, 0.4811336641895908, 0.06014001674192242], [0.38575170302448897, 0.37365800973742364, 0.0953832215433527, 0.1452070655947347], [0.42660554801761047, 0.38821827695172756, 0.060118887425543346, 0.12505728750511863], [0.09458756727785421, 0.12924087431452316, 0.4659376282803476, 0.310233930027275], [0.05569491596177672, 0.10485185095819696, 0.3388137627717055, 0.5006394702083208], [0.08004267095496496, 0.4715134851118703, 0.12410605050319376, 0.324337793329971], [0.07207542757784939, 0.5580974317739916, 0.2681395171487844, 0.10168762339937457], [0.10572763258924144, 0.37773205534609033, 0.19323001173724666, 0.3233103002274216], [0.05830828580996479, 0.2165762226174304, 0.5368800858780319, 0.18823540559457289], [0.12773543975671622, 0.20891580606147053, 0.3907516118717333, 0.27259714221007997], [0.19440682996330086, 0.26568533977871633, 0.08772322952901163, 0.45218460062897115], [0.1859348145825718, 0.37560496290153744, 0.15923287210113224, 0.27922735031475854], [0.22206842234255045, 0.46288453272141467, 0.07108494158439801, 0.24396210325163686], [0.1381260947651055, 0.18877269409402753, 0.1831483555291464, 0.4899528555117205], [0.11603376786891541, 0.17281200762504786, 0.4053642930592973, 0.30578993134673943]], "ideal": "B", "sampled": "B", "correct": true}}
{"type": "result", "data": {"idx": 2, "options": ["totally internally reflects", "passes into the air above", "is absorbed", "None of these"], "probs": [[0.521277296760467, 0.19466878036693377, 0.08001208870775871, 0.20404183406484047], [0.47206953514913863, 0.17221614845026062, 0.2528937179557937, 0.10282059834480706], [0.5169679406446036, 0.0768022296470589, 0.18744961496543325, 0.21878021464290423], [0.5066137909382608, 0.08462686835873244, 0.27143543955949584, 0.13732390104351094], [0.4697381573601814, 0.200356829125108, 0.16766137373789175, 0.16224363967681887], [0.6076038841357525, 0.18960925574845935, 0.06409523272441023, 0.13869162729137785], [0.04156171111091674, 0.8354191685889545, 0.03763249474053206, 0.08538662545959667], [0.06681739538239831, 0.7188772558447077, 0.13107132910371416, 0.0832340195691798], [0.057277067209780506, 0.08802208851838351, 0.7324243619508779, 0.12227648222095806], [0.044404985831967794, 0.06261610565686465, 0.10496916423272548, 0.788009744178442], [0.06790275618117186, 0.1329471419265859, 0.6922857502794232, 0.10686435151281903], [0.04919159375241524, 0.10659216263873265, 0.07390817198976762, 0.7703080715190845], [0.042352977758965175, 0.7113936449761276, 0.10501951451105448, 0.14123386265385282], [0.04671626008413594, 0.7087799072338442, 0.10380744585002373, 0.14069638673199614], [0.0518977779418983, 0.10321491724975349, 0.7232042388668701, 0.1216830658414781], [0.041044357395456865, 0.08355172567068989, 0.0816981702644977, 0.7937057465693556], [0.043704212033134876, 0.10322912858310052, 0.7119196109649866, 0.141147048318778], [0.028600312450685592, 0.05777165609278604, 0.09609265279913479, 0.8175353785573936], [0.1598287457297548, 0.5713112183565651, 0.14236783560714222, 0.1264922002065379], [0.13473858825683624, 0.7118193188274667, 0.05326321482439208, 0.10017887799130495], [0.08997414670081179, 0.1578986138730321, 0.6401278137472963, 0.11199942557885975], [0.06270737480672155, 0.10665090112741264, 0.08378512040962412, 0.7468566035562417], [0.06761923683575254, 0.11235274046850002, 0.6273507708931989, 0.19267725170254849], [0.04666849044002833, 0.06086213390473171, 0.10859685835112004, 0.7838725172041199]], "ideal": "B", "sampled": "A", "correct": false}}
{"type": "result", "data": {"idx": 3, "options": ["always.", "sometimes.", "never.", "on planet Earth only."], "probs": [[0.21563959280211722, 0.40931007566911287, 0.2770681699614929, 0.097982161467277], [0.21571985849308825, 0.4225014338593027, 0.19502449905521735, 0.16675420849239167], [0.20265619736932527, 0.22434295864585974, 0.4326041976612814, 0.1403966462235336], [0.19558897871108796, 0.21315578039741842, 0.20507122917549558, 0.386184011615998], [0.22798311839308674, 0.21252924425090497, 0.40030560487644634, 0.15918203237956194], [0.2168752337216453, 0.301167091662358, 0.27004008677762176, 0.2119175877383749], [0.16528376688967694, 0.572582474702224, 0.15785035254195826, 0.10428340576614081], [0.15825218078589556, 0.5791416806829615, 0.11956357298760725, 0.14304256544353575], [0.16972841925638177, 0.2670368412670344, 0.44747728751341287, 0.11575745186317091], [0.19338334469277055, 0.3394519242059849, 0.15794407535750093, 0.3092206556437436], [0.15698160931306096, 0.13118075419458633, 0.5836771390902166, 0.12816049730213613], [0.17583986148982766, 0.153983597560731, 0.48584563983128704, 0.1843309010181543], [0.16654401023248286, 0.39037293845248966, 0.29020635541121714, 0.15287669580381033], [0.15068234277228185, 0.3730453494854448, 0.16689046967013996, 0.30938183797213337], [0.16361392517920892, 0.24564751954289624, 0.4737807198158412, 0.11695783536205367], [0.15502230359487318, 0.3206520878753657, 0.1491964265794442, 0.3751291818503169], [0.13700672574441303, 0.15649097689938327, 0.5594562720855029, 0.14704602517070087], [0.10563201692311676, 0.135660025515849, 0.43813658735550337, 0.3205713701055309], [0.15863275526367773, 0.47014945740766645, 0.20225708184603863, 0.16896070538261718], [0.15212322770027992, 0.5068773626774311, 0.1685182154010101, 0.1724811941212788], [0.15933480316802762, 0.1568760369189288, 0.5268810704944796, 0.156908089318564], [0.16200718523442706, 0.17657394968552861, 0.42375806601217797, 0.23766079896786638], [0.15555727149162338, 0.22813125162013315, 0.4399926095755444, 0.17631886721269904], [0.12842535779942266, 0.1662311976053304, 0.441650592615985, 0.26369285187926195]], "ideal": "B", "sampled": "A", "correct": false}}
{"type": "result", "data": {"idx": 4, "options": ["changes", "aligns with the electric field", "is at right angles to the electric field", "converts to magnetic energy"], "probs": [[0.8308312760299693, 0.04300679506341916, 0.09396613913390675, 0.03219578967270477], [0.8312802902311497, 0.043707828332764896, 0.04012540638933187, 0.08488647494675357], [0.8299836438252076, 0.09237975540224765, 0.049469600897275125, 0.02816699977526962], [0.7570814831776317, 0.12165335901772291, 0.03433431942041766, 0.08693083828422771], [0.843857532857991, 0.06660349989664788, 0.018651219764458386, 0.07088774738090267], [0.8490943306848966, 0.06546575112042351, 0.031181485975961182, 0.054258432118718704], [0.016365062995671663, 0.8596500661017281, 0.09065304714637264, 0.03333182365622762], [0.013803880248957921, 0.8677836993129403, 0.03446878762291534, 0.08394363271518646], [0.029908990564395815, 0.09733481124054719, 0.8089265936443957, 0.06382960445066138], [0.041425498363403646, 0.16907293400041465, 0.06623225387061871, 0.723269313665563], [0.021317712166348975, 0.04174451374051828, 0.5901250022758131, 0.3468127717173196], [0.03499543809894628, 0.04424568074015817, 0.1952642282197808, 0.7254946528411147], [0.036270830101043774, 0.852107032077727, 0.06574917461532796, 0.0458729631059013], [0.03490823965922619, 0.8329656036659963, 0.047027233854452066, 0.08509892272032553], [0.056566771603438926, 0.0977655349399385, 0.745583708925769, 0.10008398443085358], [0.08784477869968428, 0.12487228864751766, 0.06845415739909057, 0.7188287751537075], [0.09248818594019872, 0.07973659156563116, 0.45903936707912096, 0.36873585531504915], [0.0892837290961507, 0.0813012215704654, 0.09887428056669066, 0.7305407686666933], [0.14097819170598616, 0.39538311988757596, 0.042686995659449015, 0.4209516926469889], [0.14657215554184042, 0.3303204725304661, 0.17688569161187484, 0.3462216802158187], [0.049632540905866704, 0.05451735379528177, 0.5174147389793287, 0.3784353662195229], [0.047173280650531384, 0.05181676154617438, 0.13339850851091536, 0.7676114491923789], [0.07605448307785936, 0.11965731441033388, 0.45529263867882286, 0.3489955637329839], [0.07407753886222991, 0.09662575755970557, 0.08664651055474507, 0.7426501929233195]], "ideal": "A", "sampled": "A", "correct": true}}
{"type": "result", "data": {"idx": 5, "options": ["red", "yellow-green", "blue", "violet"], "probs": [[0.07396169391825169, 0.1209822509084043, 0.11912600571128099, 0.685930049362063], [0.138168865212294, 0.2139613979560127, 0.39366419339724756, 0.2542055433344457], [0.05006882622439891, 0.050458923729066546, 0.06530344582893255, 0.834168804117602], [0.08083089884192207, 0.08602932519241205, 0.5879910964679169, 0.24514867939774895], [0.1691922310269646, 0.37530250751581273, 0.11360361849139132, 0.3419016428658313], [0.163245347673582, 0.48729645474900835, 0.08020277201025182, 0.26925542546715786], [0.03138502710285622, 0.063896067910183, 0.06909181973460678, 0.835627085152354], [0.08671203254786261, 0.13854992388293455, 0.49907922739760185, 0.275658816071601], [0.04194480195946565, 0.0894926193620649, 0.05778997784941901, 0.8107726007290504], [0.08086391236331389, 0.12138302170824793, 0.47275931857420606, 0.3249937472542321], [0.11350657314475937, 0.51269684840352, 0.09488237006451898, 0.27891420828720165], [0.13361007767123112, 0.4811320649505995, 0.09779194231438534, 0.28746591496378404], [0.08891233734707758, 0.07603938075110343, 0.09031048348901712, 0.7447377983128018], [0.20637501774154665, 0.1363611817223563, 0.4723033308510546, 0.18496046958504248], [0.11231612245634402, 0.13758414777357192, 0.12335511111940543, 0.6267446185506786], [0.16965604585155242, 0.18921703944178378, 0.43323754216440347, 0.2078893724422603], [0.24163802635977497, 0.4656323014299423, 0.11593919537748572, 0.17679047673279702], [0.2524817306480779, 0.39094716597869966, 0.12304688335504663, 0.23352421991817587], [0.6869299308726216, 0.10047579405978209, 0.09513740843868457, 0.1174568665289118], [0.7878464157034292, 0.09704156580496846, 0.048424595903404324, 0.06668742248819805], [0.5958735301802217, 0.15781393528035226, 0.11547737481424744, 0.13083515962517858], [0.6518396381322246, 0.13031869120779893, 0.11148189422423531, 0.10635977633574117], [0.7912026701911041, 0.06857150098421536, 0.07531569953489921, 0.06491012918978124], [0.7362617088953625, 0.06635132283013671, 0.0845363195632131, 0.11285064861128775]], "ideal": "D", "sampled": "D", "correct": true}}
{"type": "result", "data": {"idx": 6, "options": ["mass distorts spacetime.", "gravity affects clocks.", "light can\u2019t escape from a black hole.", "All of these."], "probs": [[0.2473945087448078, 0.05190067191236002, 0.07792117929688731, 0.6227836399459449], [0.36271011825749117, 0.07974147795833444, 0.4050886928630098, 0.15245971082116455], [0.20882187961342488, 0.04964144606730114, 0.0768989593892292, 0.6646377148300447], [0.36605257337683494, 0.11526061765085334, 0.3497031382822442, 0.1689836705900675], [0.4323365285114679, 0.32151631954895404, 0.06586757596076576, 0.18027957587881224], [0.3624664137691256, 0.34611358060054187, 0.07146848365157955, 0.21995152187875297], [0.0571247489278981, 0.49406522358815647, 0.08720312459471091, 0.3616069027892345], [0.05842304928145355, 0.6437983871985002, 0.20578197792621608, 0.0919965854938301], [0.039297298536808974, 0.045617390915919244, 0.44676959328124244, 0.4683157171660294], [0.02518649330047917, 0.03784223076705659, 0.19372450715436074, 0.7432467686781035], [0.08150485400054959, 0.24734013517231343, 0.4769907735404449, 0.19416423718669207], [0.0430208853123483, 0.1729634994426111, 0.04374220575769568, 0.7402734093873449], [0.04068292616373383, 0.34914504957961856, 0.06066620258877685, 0.5495058215678708], [0.04842309653274772, 0.6240921615930168, 0.21908415851786361, 0.10840058325637185], [0.036077353696523214, 0.04254109364462929, 0.3243706487796485, 0.597010903779199], [0.038396419670518524, 0.0706840341457802, 0.3763025490394252, 0.5146169970442761], [0.07435508872089618, 0.2440014201456792, 0.39626083069251705, 0.2853826603409076], [0.049208217706427894, 0.2277037092810102, 0.0837823335400993, 0.6393057393724626], [0.28881969829875104, 0.3175267851219434, 0.11776766837128759, 0.275885848108018], [0.24033984123776303, 0.26012141672698563, 0.12681848376399854, 0.37272025817125276], [0.177313150647943, 0.12682255156392083, 0.45329168037324563, 0.24257261731489058], [0.13775512061547845, 0.05111035513700718, 0.08833167372015166, 0.7228028504273627], [0.16089444580083478, 0.08288532865196097, 0.4735401782012382, 0.282680047245966], [0.12191944295618903, 0.048528208239108625, 0.12689698947672434, 0.702655359227978]], "ideal": "D", "sampled": "A", "correct": false}}
{"type": "result", "data": {"idx": 7, "options": ["voltage", "energy", "Both of these", "Neither of these"], "probs": [[0.2675017575653174, 0.07665798524197188, 0.6128608353038207, 0.04297942178889002], [0.6191676442948002, 0.07166343395182405, 0.2073829831685758, 0.1017859384847999], [0.22963662136892488, 0.6657019332140297, 0.05418048374636265, 0.05048096157068282], [0.2520735486471842, 0.6244985870541914, 0.08062640336463033, 0.042801460833994186], [0.33247955391660156, 0.21801469405740787, 0.1167389930392667, 0.33276675888672386], [0.27218699999230184, 0.2054494733501138, 0.4779410828522756, 0.04442244370530879], [0.04485230130681285, 0.21585424161833325, 0.6971303793942786, 0.04216307758057533], [0.08196962746112851, 0.6207185479484942, 0.12220131786735712, 0.17511050662302016], [0.03699712013461167, 0.2589966606276643, 0.6415045141252025, 0.06250170501252154], [0.040274159890990036, 0.5188066707610587, 0.07299479487951184, 0.3679243743684394], [0.02989280131938451, 0.06954524140532208, 0.6500044670238702, 0.25055749015142326], [0.057307986691585766, 0.10964944630809519, 0.65642599288736, 0.17661657401295897], [0.3841205424936708, 0.4222329761002006, 0.13287431643828487, 0.060772164867843696], [0.41208517944370254, 0.43213514050607776, 0.110978709304901, 0.04480097064531869], [0.2186954631210815, 0.42196121971270983, 0.30402394411086214, 0.055319372955346446], [0.3170472274133748, 0.4544748636312712, 0.09525305599530029, 0.1332248528600537], [0.3518033128734926, 0.2827870687492302, 0.3106191580458526, 0.054790460231424594], [0.2938815166463194, 0.28495929703840484, 0.29864073909219657, 0.12251844712307916], [0.200384287484611, 0.24954148569475387, 0.10485105101191365, 0.44522317570872144], [0.18913865661665913, 0.342654956639884, 0.41999832737724296, 0.0482080592662139], [0.10757170456210366, 0.15784470500195052, 0.1382134387025092, 0.5963701516334367], [0.12584170416583024, 0.27932980029479787, 0.490458626464317, 0.10436986897505496], [0.17443049337714642, 0.5050674952577605, 0.2620581222250214, 0.05844388904007169], [0.1108303310178231, 0.5545200415769, 0.2137948013884342, 0.12085482591684261]], "ideal": "A", "sampled": "C", "correct": false}}
{"type": "result", "data": {"idx": 8, "options": ["chaotic", "ordered", "positioned by amplitude", "in phase"], "probs": [[0.040634151165648766, 0.9106221709363171, 0.029537692388008806, 0.01920598541002527], [0.05111845285855834, 0.9062596693661491, 0.026145322635320788, 0.01647655503997181], [0.05408950310915663, 0.061782481653903806, 0.8672306200799789, 0.016897395056960668], [0.012003000857979236, 0.014034542292912192, 0.012015609103028346, 0.9619468476460802], [0.0859900474174708, 0.09081834351512974, 0.8039972538742972, 0.019194355093102206], [0.012368866886318148, 0.014127340903146358, 0.012676689502348622, 0.9608271026081868], [0.7750168773974847, 0.13461779633347332, 0.06466884442402336, 0.025696481745018644], [0.81926382046662, 0.10911490035430627, 0.049624096994974345, 0.021997182084099353], [0.7667655825997804, 0.11041155173162881, 0.104653631824441, 0.018169233744149766], [0.6702287321282638, 0.11283178091470189, 0.039365415259340286, 0.177574071597694], [0.7189863845931003, 0.1278500437748319, 0.1269814849721426, 0.026182086559925287], [0.6631864283942107, 0.0925541591084054, 0.04517039266831083, 0.19908901972907306], [0.04861460835175043, 0.05135569548763399, 0.8832200468603925, 0.016809649200223112], [0.015359760603853512, 0.014430392854642102, 0.011607694697881402, 0.958602151743623], [0.20018977036666444, 0.7209606806266601, 0.05397440522727647, 0.024875143679398963], [0.12913040624206756, 0.7261013522194526, 0.03594519186599286, 0.10882304957248695], [0.01643994881115186, 0.014737748129714257, 0.012424556976928458, 0.9563977459822054], [0.13319931029840137, 0.07828587512952379, 0.6662652045091294, 0.12224960996294545], [0.07550357323912259, 0.07092903548519688, 0.825343396840468, 0.028223994335212593], [0.023646480848303435, 0.01799172312230826, 0.020091663632379915, 0.9382701322970084], [0.301609617907385, 0.5546463407132516, 0.11456822686313489, 0.029175814416228584], [0.20164135396909955, 0.4989958777375098, 0.04434715277030385, 0.2550156154230868], [0.015420331661221804, 0.012987611850321573, 0.01656268541506459, 0.955029370973392], [0.10623213331137332, 0.052174901892245655, 0.7377990859665058, 0.10379387872987529]], "ideal": "B", "sampled": "B", "correct": true}}
{"type": "result", "data": {"idx": 9, "options": ["amplitude", "wavelength", "frequency", "energy"], "probs": [[0.031101031002948358, 0.036956143877645495, 0.09737914891750112, 0.8345636761019051], [0.0781802368492631, 0.10123500745695996, 0.5517294879064437, 0.26885526768733325], [0.040406343193876454, 0.05191080721560776, 0.1082090155405229, 0.7994738339499929], [0.05412879203582275, 0.08004713594429082, 0.6249143303620928, 0.2409097415577936], [0.107976816583803, 0.5705348252679587, 0.11153175680714135, 0.20995660124109694], [0.09827688249329397, 0.5400013689157706, 0.1660766116713022, 0.1956451368196333], [0.04186974404853191, 0.03755711671014938, 0.13007786347741454, 0.7904952756639042], [0.08386576357545332, 0.08391910227836472, 0.5736714812312795, 0.25854365281490244], [0.04811255687119871, 0.048897225951325535, 0.05629240038754833, 0.8466978166899274], [0.12070631324564085, 0.12756751571487884, 0.5675035756817957, 0.18422259525768458], [0.13369472921173242, 0.5676714435101263, 0.08642350522712673, 0.2122103219510145], [0.18888255388986055, 0.49794788659755224, 0.16819512341143214, 0.1449744360011551], [0.05160028287402321, 0.06325913432104181, 0.18888565039225105, 0.6962549323126839], [0.06160641506895086, 0.08295427323759258, 0.5896816297007133, 0.2657576818927433], [0.05339043865365145, 0.0702196247174956, 0.07896742635750846, 0.7974225101713445], [0.11468978884645455, 0.16437698776585447, 0.5225986798881525, 0.19833454339953852], [0.09232178879778973, 0.5838971485446413, 0.08959428009056841, 0.23418678246700061], [0.12008059500266999, 0.6101948481889483, 0.12697948230324135, 0.1427450744051403], [0.8013486205629696, 0.06329744261393691, 0.04817338996514706, 0.08718054675794643], [0.7784038491363316, 0.067007889330843, 0.06651800622431323, 0.08807025520851214], [0.8040558967591721, 0.06707835176390253, 0.04070279068979741, 0.08816296068712791], [0.817887853046751, 0.06164336732083083, 0.05485056437585725, 0.06561821515656086], [0.7977158992769963, 0.06759899083743398, 0.04721374419152316, 0.08747136559404653], [0.8221363714209469, 0.06244779517444122, 0.05099037471684623, 0.06442545858776572]], "ideal": "D", "sampled": "D", "correct": true}}
{"type": "result", "data": {"idx": 10, "options": ["the same", "opposite", "Either of these", "Need more information"], "probs": [[0.07874448989686496, 0.7246803316637241, 0.11205081884705399, 0.0845243594923569], [0.08727780048628432, 0.714342778211497, 0.10540960061546278, 0.09296982058675587], [0.08068652931160687, 0.1543510648067061, 0.6255034580501341, 0.13945894773155298], [0.10761811766943895, 0.11547556661159654, 0.13194678034336552, 0.644959535275599], [0.06947553778271354, 0.1258673333281177, 0.6864054816041365, 0.11825164718503221], [0.0930309960921207, 0.08539195994118964, 0.15959410066752858, 0.6619829431991611], [0.5422675215010302, 0.20897131444552397, 0.15533502977036145, 0.09342613418308442], [0.5218429513186013, 0.21743511439243882, 0.16939668632507326, 0.09132524786388668], [0.4862770329016611, 0.20263699732250914, 0.22259458399734372, 0.08849138567848602], [0.5055424714588006, 0.21066112420886057, 0.1888807991958804, 0.0949156050364584], [0.49466574555655163, 0.2263982908678027, 0.19369931661411768, 0.08523664686152801], [0.5517258643552277, 0.22634290156485198, 0.1496244370787723, 0.07230679690114793], [0.07799282447165712, 0.14014227136522148, 0.6692453474866276, 0.11261955657649379], [0.10782976447457622, 0.13633461295195035, 0.15821895001736597, 0.5976166724561075], [0.10915425744020929, 0.45632396503665434, 0.30883506857749193, 0.12568670884564442], [0.11657674572799073, 0.5567191465352143, 0.19241999287633185, 0.1342841147604632], [0.10571169464696115, 0.12264923539342824, 0.2744299459333413, 0.4972091239262693], [0.07408685402025421, 0.13214467759922457, 0.6715355664908401, 0.12223290178968103], [0.07953803452171496, 0.1697551643097781, 0.6121096199959354, 0.1385971810725715], [0.08865021168299136, 0.13207472859492395, 0.18202900884715353, 0.5972460507749312], [0.12164312690504238, 0.5718818348959548, 0.2039692714902136, 0.10250576660878924], [0.12414984121235381, 0.6262783640845571, 0.16214863068287694, 0.08742316392021213], [0.10021743031269796, 0.16656740751845914, 0.3041585495380427, 0.42905661253080013], [0.09612548350326587, 0.18538628516727526, 0.5987910031673548, 0.11969722806210407]], "ideal": "B", "sampled": "B", "correct": true}}
{"type": "result", "data": {"idx": 11, "options": ["conduction", "convection", "radiation", "radioactivity"], "probs": [[0.009995743380363385, 0.022885887968386406, 0.9363190019381701, 0.03079936661308015], [0.0032467126363752066, 0.008826391848262281, 0.00661283946690708, 0.9813140559484554], [0.018019640816436294, 0.9317102431319266, 0.019357377661319, 0.030912738290318074], [0.014291265951360535, 0.9488224964593314, 0.009535336848260348, 0.027350900641047785], [0.0028430210405764717, 0.004544359777395116, 0.018836724243913226, 0.9737758948381152], [0.013619064009583496, 0.019361461955273156, 0.8835705295658884, 0.08344894436925486], [0.013398722282432577, 0.02043639425342816, 0.93273010606769, 0.03343477729644925], [0.004194087075035617, 0.007655718795282447, 0.008542795107781017, 0.979607398921901], [0.015754631022347563, 0.9524079702200959, 0.0087167584696153, 0.023120640187941195], [0.014130494292707055, 0.9604225574884789, 0.008256017075845204, 0.017190931042968777], [0.006365837124992141, 0.011262831279246738, 0.007052103641331206, 0.9753192278544299], [0.027427972511905898, 0.03662989690750346, 0.8809466733197835, 0.05499545716080708], [0.2077242865375257, 0.09363689202894519, 0.5829887346117685, 0.11565008672176066], [0.08805166929079734, 0.08337117730737485, 0.04328458755775574, 0.785292565744072], [0.4849287424517902, 0.3718077727241709, 0.049974909420532065, 0.09328857530350686], [0.41466452077347643, 0.4554198536520958, 0.03952103612806067, 0.0903945893463671], [0.07131924931150964, 0.03877822927455959, 0.05387103153154793, 0.8360314897823828], [0.5545867763588579, 0.048843123741676556, 0.3016932651351189, 0.09487683466434668], [0.0033086986332415487, 0.006951019374361504, 0.020432949673068166, 0.9693073322193287], [0.021940092667974993, 0.03243036074498984, 0.7618751837342855, 0.1837543627527496], [0.006610285579356706, 0.01325195393593089, 0.006166916888913258, 0.9739708434957991], [0.03459330352630918, 0.060723682354063, 0.8519135903142883, 0.05276942370533952], [0.02889058495279958, 0.44502370554334836, 0.029378843872835837, 0.4967068655310162], [0.04657962250298282, 0.8258867932027384, 0.04886730450370927, 0.0786662796905695]], "ideal": "C", "sampled": "C", "correct": true}}
{"type": "result", "data": {"idx": 12, "options": ["half, 1 A", "2 A", "Depends on which lamp is closer to the battery", "Not enough information to say"], "probs": [[0.21067880091944574, 0.4190035759983676, 0.12781693040046446, 0.24250069258172222], [0.17837036944963336, 0.1702349166748134, 0.5943878822061452, 0.05700683156940803], [0.14472411679313826, 0.06889719566682334, 0.6907387426604912, 0.09563994477954721], [0.14026327952320736, 0.05365354767104695, 0.14702725956710377, 0.6590559131386419], [0.2287795500828363, 0.33817928396174923, 0.3893792854348244, 0.043661880420590035], [0.18398019943752184, 0.22543838953860845, 0.07436011841686213, 0.5162212925070075], [0.09422521573034073, 0.7892232175640769, 0.04595364766715326, 0.07059791893842911], [0.1453287682534396, 0.5660450178216421, 0.25129301757607486, 0.03733319624884348], [0.11483407935594679, 0.07298799712208186, 0.6714851359572839, 0.14069278746468744], [0.14010372860896056, 0.06827347775814777, 0.2459400612312489, 0.5456827323016428], [0.18674920677009207, 0.4695828678361459, 0.2986071376448707, 0.04506078764889133], [0.1691767212140988, 0.4123245025637996, 0.08712554397585169, 0.33137323214624986], [0.11738957946192984, 0.2564110996374876, 0.4867926130673926, 0.13940670773319], [0.12749269253165374, 0.2873392659739747, 0.21027347833260518, 0.3748945630617664], [0.11258895861854236, 0.24979514253316515, 0.33625093600145567, 0.3013649627468368], [0.1267350727254142, 0.2560279001958553, 0.3611679697719822, 0.25606905720674833], [0.11266928899634017, 0.13379638488618098, 0.2789524904316928, 0.47458183558578604], [0.11080024307752118, 0.1467864800337209, 0.43159132870000566, 0.31082194808875224], [0.31992752191016327, 0.245302921945362, 0.3983190759179787, 0.036450480126496036], [0.18712318987334073, 0.16512980488134327, 0.05279486548343964, 0.5949521396618763], [0.3186295472644322, 0.31865905156491203, 0.3138522645749236, 0.04885913649573209], [0.26786855459221, 0.3282291366180926, 0.07045347400318691, 0.3334488346865105], [0.1923251455587685, 0.08874099784641683, 0.36514213937280887, 0.3537917171220058], [0.16250813890455781, 0.08430920971425156, 0.516728501092062, 0.23645415018912863]], "ideal": "B", "sampled": "B", "correct": true}}
{"type": "result", "data": {"idx": 13, "options": ["increase.", "decrease.", "remain unchanged.", "None of these."], "probs": [[0.31943266390673314, 0.33438809457102003, 0.2547577822416409, 0.0914214591806059], [0.31895444269201123, 0.39036816936356505, 0.17346547800751583, 0.1172119098369079], [0.20021062789031538, 0.18641006666926974, 0.5196127813592576, 0.09376652398115723], [0.20608554516671843, 0.2157810458790675, 0.2247198357786428, 0.35341357307557125], [0.24544356733749995, 0.17933202856964822, 0.48071285962500315, 0.09451154436784866], [0.19083436115911145, 0.14504608726609797, 0.26311073096610643, 0.40100882050868414], [0.17613749204304757, 0.5421838759833792, 0.17490439115205758, 0.10677424072151556], [0.15430847153704108, 0.6004797353847303, 0.12603400928087852, 0.11917778369735013], [0.08305813183194696, 0.10997255882827195, 0.723933566404027, 0.08303574283575414], [0.0949794504307148, 0.08643915466718774, 0.13199185915394787, 0.6865895356481496], [0.0811111735636974, 0.1065508742087616, 0.7293467140554181, 0.08299123807212296], [0.06714047841043923, 0.061582851635317584, 0.11343963289674273, 0.7578370369575005], [0.073775074269322, 0.6033789424981453, 0.2640016337368888, 0.05884434939564396], [0.07615296825574885, 0.734045830818839, 0.09271355317773958, 0.09708764764767251], [0.059426205135190605, 0.34191618385222267, 0.5141706619395432, 0.0844869489730435], [0.056281589965628584, 0.5383093095851273, 0.1078008286494593, 0.2976082716997847], [0.05341785127541174, 0.07709814750932585, 0.8045444041532471, 0.06493959696201523], [0.048153396511651556, 0.06788396064301504, 0.7424133391591075, 0.141549303586226], [0.10344500093617726, 0.5768594741244429, 0.24459555742678862, 0.07509996741259117], [0.12565535500727498, 0.5947625242005488, 0.13603115414630618, 0.14355096654587007], [0.07387496695394342, 0.33360413459192845, 0.5094578975553502, 0.08306300079877786], [0.039083416687768685, 0.2031707616819494, 0.0692045963638806, 0.6885412251664014], [0.05927686522291333, 0.0954348778264766, 0.7636274381712068, 0.08166081867940325], [0.05152279644935027, 0.08558546229005165, 0.6637630635072428, 0.19912867765335523]], "ideal": "A", "sampled": "A", "correct": true}}
{"type": "result", "data": {"idx": 14, "options": ["2mg", "mg", "mg/2", "mg/4"], "probs": [[0.18440493939463018, 0.28113496300747, 0.31879952546746393, 0.2156605720304359], [0.17264900124280713, 0.2758449994003599, 0.32271710996729885, 0.22878888928953411], [0.1874870350387241, 0.31395789336685137, 0.2687276205693886, 0.2298274509250359], [0.19538423999335286, 0.30257190172543047, 0.25496292871556925, 0.24708092946564744], [0.1736574075542304, 0.33474184076841573, 0.2649719197774774, 0.22662883179987645], [0.16980152814473845, 0.2755918718422471, 0.3224252365974451, 0.23218136331556932], [0.16669047125535952, 0.24250327409618888, 0.31154543622515635, 0.2792608183232953], [0.15869220616743895, 0.23819693210732376, 0.3413753705465544, 0.2617354910786828], [0.1485469490141141, 0.35633140798820107, 0.23017404971205188, 0.26494759318563293], [0.166293770058215, 0.3575601577401229, 0.27861434218481557, 0.19753172991684656], [0.1251807808750857, 0.41697314377429695, 0.21639744935255917, 0.2414486258980582], [0.14440160557967016, 0.3574044299541807, 0.31558810720899566, 0.18260585715715347], [0.19846474223729388, 0.3073203952994704, 0.2509744837919579, 0.24324037857127784], [0.22183027032273803, 0.3329480687329435, 0.189820131337142, 0.25540152950717643], [0.20328246914831563, 0.28660240757256433, 0.25705632863760924, 0.25305879454151076], [0.22016969826837438, 0.32531736823714863, 0.230838884501669, 0.22367404889280798], [0.20713511362775394, 0.3750587477869992, 0.2138101628918125, 0.20399597559343433], [0.1837531410161596, 0.37701194179811687, 0.2435707558554067, 0.19566416123031682], [0.20874464198730136, 0.29898589400958486, 0.2519057057262031, 0.2403637581769107], [0.21489403819536912, 0.28024139579948687, 0.2760373610572544, 0.22882720484788957], [0.213720556867796, 0.2743712324468418, 0.24996251982986942, 0.2619456907554928], [0.21523773988773381, 0.28958914112516854, 0.27649951390391525, 0.21867360498318242], [0.21076491867266733, 0.3367951813118293, 0.22799708495218227, 0.22444281496332108], [0.18771881793890305, 0.3294498523904293, 0.2527447267296077, 0.23008660284106]], "ideal": "B", "sampled": "C", "correct": false}}
{"type": "result", "data": {"idx": 15, "options": ["less.", "equal.", "greater.", "none because it sinks."], "probs": [[0.4454764110690557, 0.1771596961397108, 0.3419446038040384, 0.03541928888719503], [0.496913976871658, 0.27867651398191373, 0.05002620890275372, 0.1743833001436745], [0.47109378253753775, 0.15533424217931693, 0.33973319796503326, 0.03383877721811206], [0.559360403639184, 0.24050998001595467, 0.03993475198127619, 0.16019486426358515], [0.4709323556667074, 0.06838207996915781, 0.36728055923248676, 0.09340500503164804], [0.4664370382376205, 0.07438627574306227, 0.36373015963575195, 0.09544652628356526], [0.0791427266550541, 0.7633611530667078, 0.1307566458945475, 0.02673947428369054], [0.06972531428149613, 0.8113331159212646, 0.03274484839841424, 0.0861967212988251], [0.02880387210262049, 0.15580798771057108, 0.7445948760841219, 0.07079326400268657], [0.03391253076480463, 0.12704587998289926, 0.04715564670852463, 0.7918859424437714], [0.043263741316757615, 0.03703938465611594, 0.8576745485886954, 0.06202232533843099], [0.02327365566555465, 0.03208531000714567, 0.4540529157613239, 0.4905881184659758], [0.06662580742994105, 0.7571991854223844, 0.14467478478697926, 0.03150022226069528], [0.0516952903037405, 0.7906939261774636, 0.03819001693284182, 0.11942076648595402], [0.02808589947383862, 0.07882299739519372, 0.8292389217763041, 0.06385218125466353], [0.04910778363543926, 0.10730470955724947, 0.061686248959830464, 0.7819012577474808], [0.04660756157843936, 0.05805692470259395, 0.7842773823560201, 0.11105813126294664], [0.02659703246944245, 0.030396938490791045, 0.23381017276808233, 0.7091958561716841], [0.042480223911612755, 0.7900419926199265, 0.07952071221922813, 0.08795707114923265], [0.042404226888568236, 0.7582880771932415, 0.1426259002579369, 0.05668179556025329], [0.021702092175992598, 0.060438332776272446, 0.8292116651841073, 0.0886479097636277], [0.013270012015183512, 0.042193963844433156, 0.46503713419177295, 0.47949888984861033], [0.012673809367711992, 0.07830768356090415, 0.7798554431698428, 0.12916306380154113], [0.00840438188544741, 0.028669447771925063, 0.16256432839214607, 0.8003618418504814]], "ideal": "A", "sampled": "A", "correct": true}}
{"type": "result", "data": {"idx": 16, "options": ["red.", "green.", "white minus red.", "a mixture of green and yellow."], "probs": [[0.16263291238112135, 0.13480269907557002, 0.5590697526372693, 0.14349463580603933], [0.18157401541846327, 0.12672899116269487, 0.4356714513217437, 0.2560255419970982], [0.18918480822868386, 0.3533764043116233, 0.2930870186879364, 0.16435176867175638], [0.17268708089223558, 0.26740240649585556, 0.3381858417323922, 0.22172467077951669], [0.20917824532021165, 0.26851914130503357, 0.29967475827542595, 0.22262785499932886], [0.19659023863749833, 0.24458236593165597, 0.3141979417277169, 0.2446294536031288], [0.08705015900418786, 0.4185692511613354, 0.39339758476415265, 0.10098300497032407], [0.0777148145700045, 0.47986792798208794, 0.2866224007525162, 0.15579485659539136], [0.1149265026975085, 0.0990524381864893, 0.72106959090952, 0.06495146810648211], [0.07992778867221878, 0.07334266800872186, 0.14479978792413065, 0.7019297552949287], [0.11316160603609944, 0.11491625498018306, 0.6720890847944626, 0.0998330540892549], [0.07705854853391597, 0.07182239954416167, 0.13636152851295397, 0.7147575233089684], [0.100076293934168, 0.7002765431258675, 0.11984934478024184, 0.0797978180597226], [0.10729320480514458, 0.6127288247033444, 0.13891343419390403, 0.14106453619760692], [0.13161751528543192, 0.14678935595780962, 0.6183241559071603, 0.10326897274959813], [0.12910782568998447, 0.1290848480980563, 0.29104151073415424, 0.45076581537780497], [0.1416243271108152, 0.10522692688447935, 0.6550784002392864, 0.09807034566541895], [0.11174359416990458, 0.09481970541036963, 0.37816928122869586, 0.41526741909102993], [0.12819879328811246, 0.5150687924288184, 0.14533681325666756, 0.21139560092640147], [0.1311254423054794, 0.4872044332014426, 0.19086663775522358, 0.19080348663785446], [0.12391328526961275, 0.1802427239626232, 0.555473884715989, 0.14037010595177496], [0.10768808239974985, 0.12200333813120325, 0.1404954119144543, 0.6298131674545926], [0.14172301551520625, 0.12700394717061295, 0.6062453117548767, 0.1250277254593041], [0.12494332621022781, 0.11918632916696317, 0.4162291033039511, 0.33964124121885797]], "ideal": "A", "sampled": "A", "correct": true}}
{"type": "result", "data": {"idx": 17, "options": ["speed", "frequency", "wavelength", "All of these"], "probs": [[0.22232069569809845, 0.12085601211298953, 0.052016617025075075, 0.6048066750638369], [0.1930331058271657, 0.178545703558543, 0.5504217762420998, 0.07799941427219155], [0.1010531268206652, 0.04886609732768874, 0.18025359790994447, 0.6698271778417015], [0.049801195213482925, 0.042279032855981745, 0.291315478073993, 0.6166042937565422], [0.16673997042895894, 0.505958139845797, 0.2013526558674685, 0.12594923375777556], [0.08362783026101293, 0.48158247888578076, 0.05363302484623165, 0.38115666590697467], [0.2653621314815995, 0.09759867099730739, 0.04797306978042233, 0.5890661276406708], [0.236152226391239, 0.13883432434226292, 0.5495346661211571, 0.07547878304534102], [0.17458330873516675, 0.05324226855292175, 0.1127735724682198, 0.6594008501436917], [0.24000238595000123, 0.09546125218692235, 0.524556592786207, 0.13997976897686942], [0.24821939692072317, 0.5424114384345486, 0.09655017260911897, 0.11281899193560917], [0.21889766173843972, 0.5505959988308552, 0.05991370700632855, 0.17059263232437652], [0.05058254353232289, 0.08470588385211739, 0.1030334019872039, 0.7616781705283558], [0.03754598809705045, 0.0997123215408569, 0.49499389738516564, 0.367747792876927], [0.06435229245065106, 0.10861673302656641, 0.08397823815827786, 0.7430527362645046], [0.08033674508784312, 0.27393529836833325, 0.5202763869941153, 0.12545156944970834], [0.03321838329074818, 0.4017114280997624, 0.1023867263931955, 0.4626834621162939], [0.05173497530893012, 0.4834712933234653, 0.3273220584812804, 0.13747167278632424], [0.2955508065919431, 0.2338831678044787, 0.29119746195730856, 0.17936856354626965], [0.23808307127449346, 0.1913435571638166, 0.08167874766200786, 0.48889462379968207], [0.43536651778883967, 0.2600379326685197, 0.1517303757475634, 0.15286517369507718], [0.4366760448678978, 0.24122014227571525, 0.09902124548553252, 0.2230825672708544], [0.2124551911609205, 0.12105799916137146, 0.13196240855783875, 0.5345244010198693], [0.29293548621384286, 0.18915819838005873, 0.27110954712437196, 0.24679676818172644]], "ideal": "B", "sampled": "D", "correct": false}}
