{"type": "result", "data": {"idx": 0, "options": ["It is hard not to verify in our peers the same weakened intelligence due to emotions that we observe in our everyday patients.", "The arrogance of our consciousness, which in general, belongs to the strongest defense mechanisms, blocks the unconscious complexes.", "Because of this, it is difficult to convince people of the unconscious, and in turn to teach them what their conscious knowledge contradicts.", "It is difficult to convince people of the unconscious, and in turn to teach them what their conscious knowledge contradicts."], "probs": [[0.10290558613511147, 0.09818078590090856, 0.4613897456222018, 0.33752388224177815], [0.10639413603663649, 0.10638671525825212, 0.3628940635987926, 0.4243250850063188], [0.15354431131568855, 0.2913661983724992, 0.20347127922739217, 0.35161821098442003], [0.15854750572049625, 0.22708544132822833, 0.3687604367364241, 0.24560661611485127], [0.08415843670954792, 0.23239018366978526, 0.11686487668872789, 0.5665865028319389], [0.12669536281309127, 0.21215594986707412, 0.4091309247631348, 0.2520177624566998], [0.158254044610143, 0.1908455817336565, 0.3457722417034477, 0.3051281318527527], [0.13940615535158143, 0.16813311968155858, 0.31922282814103475, 0.3732378967258252], [0.14516523046337593, 0.27544941674549367, 0.26710083282002584, 0.31228451987110456], [0.14175863140123204, 0.196797558741036, 0.30492802542593495, 0.356515784331797], [0.14994692354053074, 0.20174952738206128, 0.2591741603599845, 0.38912938861742347], [0.13011555372367514, 0.16191600261499584, 0.34291848536876907, 0.3650499581925599], [0.2019363820639433, 0.17002672208675282, 0.17275792616007576, 0.4552789695892281], [0.18498564427795483, 0.14631589591608052, 0.42358968744260483, 0.2451087722633598], [0.19705267417342318, 0.11051784458649198, 0.2340623132161621, 0.45836716792392274], [0.18520991364348113, 0.1046931065164635, 0.30543508895088306, 0.40466189078917225], [0.16052016669216404, 0.3451782454045724, 0.1848027093700104, 0.30949887843325313], [0.1734591871326556, 0.2728712260450243, 0.1035895794526461, 0.450080007269674], [0.155691098651566, 0.15326471282652598, 0.12126426871552774, 0.5697799197063802], [0.17383624352510513, 0.16074749586245038, 0.3918790460451111, 0.27353721446733337], [0.18359171399401672, 0.10790820740300797, 0.2394922148790542, 0.4690078636239211], [0.13347342708469911, 0.09244569458965145, 0.45878991821879256, 0.3152909600068569], [0.16334508114395632, 0.3051589681624345, 0.20653837609403683, 0.3249575744995724], [0.18118237092160122, 0.2476233709178852, 0.12260811866046861, 0.44858613940004494]], "ideal": "D", "sampled": "C", "correct": false}}
{"type": "result", "data": {"idx": 1, "options": ["Tdc", "Tcd", "Tcc", "dTc"], "probs": [[0.19529764788800258, 0.46112663579874313, 0.2213707168485296, 0.12220499936472468], [0.19910610603560014, 0.4213923717783549, 0.22922125208723157, 0.15028026999881336], [0.1902840882349465, 0.22941683230490104, 0.4495471119431129, 0.13075196741703954], [0.2335464998750865, 0.2997613116905749, 0.27310283748595005, 0.19358935084838855], [0.23212534878690438, 0.21793975583340142, 0.38278908674432816, 0.16714580853536606], [0.22768746653436842, 0.21377253848817848, 0.2662152091328601, 0.292324785744593], [0.2549162132808098, 0.30735289131450066, 0.3075710145055338, 0.1301598807991557], [0.25202337280410636, 0.28545117800735753, 0.26006403950331775, 0.20246140958521833], [0.26418195353110085, 0.2855184503590952, 0.3089341063012048, 0.14136548970859916], [0.271804686283637, 0.2803042786987816, 0.28048029121216295, 0.16741074370541845], [0.2420073639207158, 0.2168098143952425, 0.37490580786416866, 0.16627701371987302], [0.26612677770983095, 0.23108257006655128, 0.31116669903315747, 0.1916239530904603], [0.16083096257993384, 0.19392655833163544, 0.527589639403093, 0.11765283958533775], [0.1824246820986338, 0.21654114447665157, 0.2654766479685167, 0.3355575253561979], [0.1476343168955725, 0.5072022231072287, 0.2148766283439285, 0.13028683155327025], [0.15588963126564107, 0.47263051809437756, 0.21313133418234728, 0.1583485163576341], [0.20505425599823712, 0.19253033740202488, 0.37724248302725605, 0.2251729234724819], [0.20122385622706, 0.1860120798763015, 0.4536116555955883, 0.1591524082010502], [0.2056489319245345, 0.2766104083471612, 0.3499190859134617, 0.16782157371484252], [0.21289502937765759, 0.3000899165541872, 0.2568444532839572, 0.23017060068419798], [0.20234245343912077, 0.31327230848086524, 0.3086085433288632, 0.17577669465115076], [0.21945482672315772, 0.3616699062420912, 0.2127429268896669, 0.20613234004508418], [0.2076445283576187, 0.2464580013045974, 0.30693290549227625, 0.23896456474550762], [0.19505117213494405, 0.22792902115371014, 0.3819943836840932, 0.19502542292725258]], "ideal": "A", "sampled": "B", "correct": false}}
{"type": "result", "data": {"idx": 2, "options": ["Some large houses are bigger than some apartments.", "Some houses are bigger than all large apartments.", "Some large apartments are bigger than some houses.", "Some houses are bigger thatn some large apartments."], "probs": [[0.22092583114900782, 0.2663714806060411, 0.25437887742422727, 0.2583238107207238], [0.17632503103899652, 0.2447096516562512, 0.3853014283376719, 0.19366388886708036], [0.19588717232512054, 0.28489779574114815, 0.2555780632366049, 0.2636369685971264], [0.20738871702547304, 0.29695350371242585, 0.2748667042407707, 0.22079107492133038], [0.1976253986161017, 0.2874215841005913, 0.31104201075304494, 0.20391100643026197], [0.22504124043121596, 0.30269074436975535, 0.2673556208343179, 0.20491239426471078], [0.16991313559709698, 0.3431424949634775, 0.24349313570328582, 0.24345123363613974], [0.18302143562926193, 0.31612422117039685, 0.3367858428384093, 0.16406850026193193], [0.1829534552638618, 0.3311861901184323, 0.25812299210781964, 0.22773736240988623], [0.1928638305857361, 0.3228798950683009, 0.3386668117899847, 0.14558946245597829], [0.20070061389888533, 0.29189693554375656, 0.31588360508057134, 0.19151884537678676], [0.20100630518264717, 0.31120049486623813, 0.30187978887698547, 0.18591341097412922], [0.18689532854618274, 0.2939259453408933, 0.2555579580939254, 0.2636207679189986], [0.18441048812245456, 0.29920808369529567, 0.26427549908723647, 0.2521059289950133], [0.22452373465850223, 0.2623802086093871, 0.2625911792464048, 0.2505048773857059], [0.17135304976864485, 0.2378070311520278, 0.4112534408420391, 0.17958647813728823], [0.22346447072976655, 0.269426490795097, 0.2654688020460258, 0.2416402363291106], [0.2138985182459282, 0.27453847898663053, 0.33144031964086146, 0.18012268302657977], [0.20897567514620555, 0.3039396819800372, 0.3138377479097676, 0.17324689486398964], [0.19314562984642672, 0.31833058118124513, 0.2404733264135254, 0.24805046245880275], [0.22082102625577332, 0.28342658700830553, 0.2749140005271, 0.22083838610882112], [0.22808686916127716, 0.2882141301439437, 0.2626175997568727, 0.22108140083790645], [0.2021492870061075, 0.3280054276857664, 0.24779372270860817, 0.22205156249951793], [0.22469187935889123, 0.3371848711453724, 0.27114462445729604, 0.16697862493844032]], "ideal": "C", "sampled": "D", "correct": false}}
{"type": "result", "data": {"idx": 3, "options": ["Valid", "Invalid. Counterexample when G and H are true", "Invalid. Counterexample when G is true and H is false", "Invalid. Counterexample when H is true and G is false"], "probs": [[0.15872050347169991, 0.23818279090577366, 0.26170607618736574, 0.3413906293351607], [0.15823177520147821, 0.23376561002284296, 0.2568516058411164, 0.3511510088345624], [0.1697444271719243, 0.27543790787314176, 0.14748906476745718, 0.40732860008747673], [0.1930869312961452, 0.3182272517891215, 0.2766213036313805, 0.21206451318335284], [0.16792130218374426, 0.25200068572622786, 0.1577627486166138, 0.4223152633734141], [0.19203070149702575, 0.31648964780446115, 0.28384496067040127, 0.20763468992811185], [0.24363784126530785, 0.22518556972299866, 0.31282823808599125, 0.21834835082570223], [0.24363056586837606, 0.21826008799694635, 0.3128235544600124, 0.22528579157466516], [0.27297684547555573, 0.2859277426910575, 0.18469333646834707, 0.2564020752650397], [0.2962197065057174, 0.24163149294821082, 0.27392554280402837, 0.18822325764204345], [0.27108484099948316, 0.28842246099773, 0.17777488859045631, 0.2627178093123305], [0.2974996059090305, 0.2426766080219245, 0.2794453286679883, 0.18037845730105662], [0.33892109026625605, 0.23278742923717957, 0.18424555265524625, 0.24404592774131814], [0.2781360745151857, 0.23405379054590003, 0.3054683208160108, 0.1823418140229035], [0.3311786749979086, 0.2039128155478417, 0.19466870111273232, 0.2702398082415174], [0.31417832243546706, 0.1995813131070427, 0.3044746265177627, 0.18176573783972752], [0.3285108608566516, 0.36627743441510524, 0.1786082578356318, 0.12660344679261135], [0.31334570514027593, 0.34395632656884306, 0.15269586669908675, 0.19000210149179428], [0.3072125406915458, 0.22815663300129968, 0.2178341811032072, 0.2467966451039473], [0.28285479542764713, 0.2380292862415703, 0.32050743695868716, 0.1586084812720954], [0.319513380495545, 0.22292773423349793, 0.19682781396328078, 0.2607310712076763], [0.29203140732705907, 0.2102112769870355, 0.3206943273223617, 0.1770629882635437], [0.32442424181471863, 0.3617273920670134, 0.18484889244449723, 0.1289994735737707], [0.31501875896498066, 0.3404407050668184, 0.15351564494405448, 0.19102489092414648]], "ideal": "A", "sampled": "C", "correct": false}}
{"type": "result", "data": {"idx": 4, "options": ["If it's not the case that both Izzy plays Minecraft and Ashleigh stops by then Russell makes dinner.", "If it's both not the case that Izzy plays Minecraft and Ashleigh stops by then Russell makes dinner.", "Izzy playing Minecraft and Ashleigh stopping by entails that Russell makes dinner.", "Russell's making dinner is a sufficient condition for Izzy not playing Minecraft and Ashleigh stopping by."], "probs": [[0.24798366806484468, 0.232875992354888, 0.20562385591489843, 0.3135164835653689], [0.23352269031820053, 0.21590005502628132, 0.2160171781567438, 0.33456007639877433], [0.23668416626815955, 0.2854019020092621, 0.178690219542688, 0.29922371207989035], [0.23946708795219737, 0.27126771613131867, 0.20486541395620383, 0.28439978186028014], [0.2252115260679008, 0.2251322220844899, 0.1896811361278665, 0.35997511561974277], [0.24708025154980828, 0.24315986034822734, 0.19246001539689933, 0.31729987260506504], [0.2312516673237547, 0.2702791811380346, 0.17734511987634327, 0.3211240315618674], [0.21727325667572642, 0.24230804269000863, 0.22422460387564394, 0.31619409665862097], [0.2387284820843697, 0.22070086329012759, 0.23877281303957754, 0.30179784148592514], [0.23905907925150963, 0.22448821698101912, 0.20450754766367554, 0.3319451560037957], [0.2287476692678417, 0.21480270048024033, 0.21831569398716988, 0.338133936164748], [0.24437138799922822, 0.22947608274126194, 0.17604011557785765, 0.3501124135816522], [0.18610526896799115, 0.3019907221192732, 0.2280816469572636, 0.28382236185547205], [0.188630378735706, 0.3258277925898139, 0.17449321561082226, 0.3110486129636578], [0.18399478338355618, 0.26762700665655653, 0.2677826343701353, 0.280595575489752], [0.1823803958469102, 0.3053393409146405, 0.16609332211283875, 0.34618694102561054], [0.1870136326209318, 0.2987651691093968, 0.1960336180118261, 0.3181875801578453], [0.17799969117050785, 0.2671372234974893, 0.18951879644156902, 0.36534428879043385], [0.22583850398900257, 0.20879197740827166, 0.23672568011079312, 0.3286438383919326], [0.23666792752957078, 0.21540707026641603, 0.22942106081603944, 0.31850394128797377], [0.21165810207905597, 0.2050765722028491, 0.28937992019471653, 0.2938854054233784], [0.21896685983981784, 0.21215845958493185, 0.19631372682744694, 0.37256095364780334], [0.24090021846269585, 0.17075870929440942, 0.24858944115537024, 0.3397516309875245], [0.22130097605317464, 0.16185342979700817, 0.2283675840542521, 0.3884780099955651]], "ideal": "B", "sampled": "A", "correct": false}}
{"type": "result", "data": {"idx": 5, "options": ["Some houses are smaller than all apartments.", "Every house is bigger than every apartment.", "Some apartment is smaller than every house.", "Some houses are bigger than every apartment."], "probs": [[0.1675134226133759, 0.31288565783565175, 0.14786595933749988, 0.37173496011347246], [0.187862401820184, 0.26073754608221816, 0.385615062246357, 0.16578498975124084], [0.18043338981800888, 0.1495324201802028, 0.3533465213221641, 0.3166876685796242], [0.19382498532793252, 0.15326639203385448, 0.3795766999748767, 0.2733319225633363], [0.1981542259256573, 0.27076670524750523, 0.35892814394222605, 0.1721509247846114], [0.1789343979616998, 0.35577729870959696, 0.1309429575512441, 0.3343453456774591], [0.2252025522126823, 0.20496535910003214, 0.19265120303645053, 0.377180885550835], [0.2157098139395232, 0.19329079407634228, 0.44276188480116285, 0.14823750708297165], [0.1855201367693353, 0.14901829810385941, 0.22034604188545345, 0.44511552314135183], [0.2119875550058093, 0.1702744066544966, 0.4216969012792414, 0.19604113696045264], [0.20807723948798565, 0.39475328353550615, 0.19861103898619098, 0.1985584378903172], [0.22712964155682028, 0.4047890961479038, 0.15134252831826933, 0.21673873387700654], [0.16286855691728666, 0.2026349424720585, 0.3395412215319299, 0.2949552789787249], [0.17179730486964073, 0.20078250458773292, 0.36951508790894894, 0.25790510253367743], [0.17148068077522421, 0.33046423375068945, 0.1825873513389242, 0.31546773403516215], [0.1896113724874879, 0.3029158665992513, 0.2892126695639857, 0.21826009124927506], [0.18849600849650838, 0.2918660044378239, 0.21364040670642678, 0.30599758025924095], [0.19359688747372747, 0.26043907193379545, 0.339881216549878, 0.20608282394259908], [0.24781611177005275, 0.19292839732006895, 0.37797634499359845, 0.18127914581627985], [0.2544010395034531, 0.21751710252600276, 0.1748682934557104, 0.35321356441483376], [0.25871141585900737, 0.3763028512681443, 0.16971247627919392, 0.19527325649365446], [0.24963452293606345, 0.3865259712610864, 0.1400666472145928, 0.22377285848825737], [0.23397284743830316, 0.14408674834717886, 0.26516452429027126, 0.35677587982424674], [0.24612418181408152, 0.14691123583801585, 0.41229111566430743, 0.1946734665835952]], "ideal": "D", "sampled": "D", "correct": true}}
{"type": "result", "data": {"idx": 6, "options": ["Valid", "Invalid. Counterexample when K and L are true", "Invalid. Counterexample when K is true and L is false", "Invalid. Counterexample when L is true and K is false"], "probs": [[0.17003175107829918, 0.2323218812614255, 0.2083323535611808, 0.3893140139990945], [0.17946898133141787, 0.24141383579579578, 0.2164913914959576, 0.3626257912768287], [0.17602981362922296, 0.24431609740919358, 0.15057688725609494, 0.4290772016054885], [0.2011475055866705, 0.2971683055709172, 0.26651283301689915, 0.2351713557255131], [0.1747561666976074, 0.2350826228162611, 0.16417996339080101, 0.42598124699533046], [0.20662146804650705, 0.28676688668244393, 0.24539762732912845, 0.2612140178419206], [0.26839031166788363, 0.2258642777059546, 0.27260525387152373, 0.233140156654638], [0.26562600533612674, 0.22354026960461298, 0.2871982965421088, 0.22363542841715145], [0.2971279411354943, 0.2349256793897569, 0.18884905243561806, 0.27909732693913075], [0.33323692775557573, 0.2117056218813903, 0.2399707847598016, 0.21508666550323235], [0.298154617843695, 0.25094094496034114, 0.1836737515791302, 0.26723068551683365], [0.340496425900033, 0.22669984735814466, 0.21979488757729335, 0.21300883906452894], [0.3497560023911719, 0.24400974807683345, 0.15041323004648974, 0.25582101938550494], [0.28331820887541853, 0.2459830531537544, 0.3015816374604584, 0.16911710041036865], [0.3354566544908099, 0.20980458897360849, 0.18523890606274607, 0.2694998503728355], [0.3324532408651994, 0.20792980239277803, 0.25485755529582355, 0.20475940134619905], [0.33887742431601225, 0.3334437459324458, 0.1842369652696358, 0.14344186438190618], [0.33210302385654067, 0.29753969003383257, 0.1593171256417795, 0.21104016036784728], [0.3176308273951473, 0.24338060615013093, 0.18381479380676805, 0.2551737725479537], [0.2985291734258448, 0.24732794986683518, 0.289336021374498, 0.16480685523282207], [0.3121132300796907, 0.22468166385850089, 0.1834666756128587, 0.2797384303489497], [0.3103615297012876, 0.2165504065453462, 0.26960441065708257, 0.20348365299628363], [0.3397675853558634, 0.3091977032470765, 0.19058724313818629, 0.16044746815887378], [0.3286706804900516, 0.27233093974251177, 0.1731674670999928, 0.22583091256744375]], "ideal": "D", "sampled": "D", "correct": true}}
{"type": "result", "data": {"idx": 7, "options": ["The university increases financial aid.", "The university does not increase financial aid.", "The board of trustees prevents it.", "The president fails to approve it."], "probs": [[0.1811591887638366, 0.3602130520047062, 0.1455844832985396, 0.3130432758329176], [0.20596850530139774, 0.422544611129963, 0.16552602246316103, 0.20596086100547822], [0.19110154610235916, 0.12335753337924969, 0.5115607051108695, 0.1739802153075217], [0.16941398987046058, 0.11641162770655868, 0.23894991222130868, 0.47522447010167207], [0.17176326513318335, 0.12177938111738244, 0.529247490298964, 0.17720986335047015], [0.13941688834226712, 0.09432199596415483, 0.16049398480240915, 0.6057671307911688], [0.27197885915865955, 0.15983569858615188, 0.15989344058663268, 0.40829200156855583], [0.3884356799799486, 0.15444580748784417, 0.21788042132224122, 0.23923809110996602], [0.30214148306594607, 0.16421352080530616, 0.18042295900532965, 0.3532220370234181], [0.31700975172046325, 0.15443839361372552, 0.3764988239701417, 0.15205303059566944], [0.33775409549443836, 0.16977552814908517, 0.20809146449732865, 0.28437891175914787], [0.31212546763617843, 0.16442182393380558, 0.3428514556878275, 0.1806012526421885], [0.13244422874186523, 0.10475235864210578, 0.5845880333617454, 0.17821537915428368], [0.15661150565544152, 0.10930521284377999, 0.32140872597629055, 0.4126745554244879], [0.2025207726066864, 0.402668922900455, 0.1653281028904019, 0.2294822015024567], [0.21502595496930293, 0.3600068580742228, 0.2676751533575856, 0.15729203349888868], [0.12562203406031378, 0.21701404450153772, 0.14461556075557322, 0.5127483605825752], [0.17005273698059908, 0.15479345618130563, 0.5406587719376639, 0.13449503480043143], [0.12424803343305019, 0.11135963264784984, 0.6023423222340067, 0.1620500115850932], [0.10298296063108583, 0.10458966343549059, 0.18077512083630023, 0.6116522549971234], [0.18329816781687347, 0.482862971930155, 0.16694397973918434, 0.16689488041378717], [0.18507825774850614, 0.4370280075521937, 0.22684229232062553, 0.15105144227867465], [0.0912500850392601, 0.1391200398472938, 0.14584217777959013, 0.623787697233856], [0.14389632640830172, 0.12499211727322924, 0.6061100363125275, 0.12500151990594163]], "ideal": "B", "sampled": "B", "correct": true}}
{"type": "result", "data": {"idx": 8, "options": ["E \u2283 F", "F \u2283 G", "H \u2283 ~E", "~H"], "probs": [[0.2861586596130869, 0.2228092021364444, 0.2646833140789027, 0.22634882407156598], [0.28319356686602015, 0.22049278675773548, 0.2384822737479824, 0.25783137252826194], [0.26048459172532384, 0.3241217925297026, 0.2093352054944038, 0.20605841015056978], [0.2615298628545538, 0.32038581368103514, 0.22373183069375993, 0.1943524926706511], [0.2847592660643451, 0.2632896444957631, 0.19268779796295915, 0.25926329137693266], [0.2755789633305927, 0.26703803534945597, 0.2589109423984535, 0.19847205882149785], [0.24411804209050292, 0.28535423530330495, 0.26815048656614787, 0.20237723594004425], [0.2387514227576009, 0.2834781961831363, 0.23143139134370533, 0.24633898961555745], [0.191157800071826, 0.3801626804066612, 0.2573038897062745, 0.17137562971523834], [0.15996082363854863, 0.4021589219489705, 0.20868832181823013, 0.2291919324942507], [0.23628504924028168, 0.20847459446006336, 0.33328333990345466, 0.22195701629620027], [0.21559578499419907, 0.22589661515326273, 0.2901721043620228, 0.26833549539051543], [0.3021603569408147, 0.2974177046928073, 0.18617171324673795, 0.21425022501963997], [0.3008682846204604, 0.3008118688275488, 0.2100580805295408, 0.18826176592245003], [0.3036708695731981, 0.23643713130208704, 0.2638579488792335, 0.19603405014548134], [0.2979287295618369, 0.23196289632274383, 0.21127653749488626, 0.258831836520533], [0.28832622500378824, 0.2280236414435875, 0.2975199133599334, 0.1861302200926909], [0.2861951717237367, 0.23719200059748044, 0.2160465217633501, 0.2605663058154328], [0.2276911118629043, 0.36958545669306025, 0.18880468688472388, 0.21391874445931156], [0.22581898346725884, 0.3723156562765352, 0.2056553126861229, 0.1962100474700831], [0.23871793629172622, 0.27473258150653745, 0.2791459178899951, 0.20740356421174125], [0.21709493770938984, 0.27874271324809685, 0.2422516901065312, 0.26191065883598214], [0.22841048238377515, 0.29787880179287446, 0.2843426167680593, 0.18936809895529108], [0.22091859906071484, 0.32647127396286074, 0.18608321524909782, 0.2665269116273266]], "ideal": "D", "sampled": "A", "correct": false}}
{"type": "result", "data": {"idx": 9, "options": ["L", "~L", "L \u2022 ~L", "L \u2228 ~L"], "probs": [[0.1389992385963677, 0.18409895895070633, 0.1991343647042458, 0.4777674376486802], [0.1420583512316884, 0.18236861305937627, 0.4959979729157313, 0.17957506269320406], [0.1462029792788009, 0.33461591099409044, 0.17917214065232062, 0.34000896897478805], [0.1548687563642592, 0.2513308599736552, 0.4413311910584667, 0.15246919250361893], [0.12400568933996871, 0.620014208641279, 0.13000593206436709, 0.12597416985438523], [0.12470721359267081, 0.6333661627630364, 0.12475760186886735, 0.11716902167542549], [0.135623623743232, 0.1741053481147417, 0.216754658740343, 0.4735163693016833], [0.13602323018005852, 0.18300043443992983, 0.4531701532643767, 0.22780618201563493], [0.15555330778245088, 0.26871397110471945, 0.19062222468602477, 0.3851104963268049], [0.15135691381862043, 0.2236463774377108, 0.4115403706225319, 0.2134563380211369], [0.14105127960599512, 0.5938434688725807, 0.13049552037745385, 0.13460973104397028], [0.11572087413439855, 0.6556689484483182, 0.10540075403742949, 0.12320942327985372], [0.23498247561489133, 0.1947443932100101, 0.1888299286176679, 0.38144320245743063], [0.2020407526570837, 0.2183925858640169, 0.41468284656358617, 0.1648838148153132], [0.2809815108495111, 0.20549499986500958, 0.19013079998976073, 0.32339268919571856], [0.20932225880913827, 0.21255995331069133, 0.40993687506391047, 0.1681809127162599], [0.20919006262610237, 0.49394669315683887, 0.15309186384999252, 0.14377138026706618], [0.2073077441143472, 0.46711707806560854, 0.16662048050019607, 0.1589546972198482], [0.4710956846533175, 0.22244440182640257, 0.18739490348756113, 0.11906500993271878], [0.5492565035270751, 0.21838720140657467, 0.10985479502771463, 0.12250149993863563], [0.535116584949208, 0.23005798747022674, 0.13113460749609537, 0.1036908199844699], [0.5799536238020425, 0.22004330647868325, 0.07848598237637078, 0.12151708724290346], [0.5092320441690475, 0.22586345670348787, 0.1458856910321262, 0.11901880799533841], [0.5165454302672204, 0.2119078252076143, 0.15268139994648355, 0.11886534447868163]], "ideal": "D", "sampled": "D", "correct": true}}
{"type": "result", "data": {"idx": 10, "options": ["(\u2200x)[Kx \u2283 (\u2200y)(Py \u2283 Lxy)]", "(\u2200x)[Kx \u2283 (\u2200y)(Lxy \u2283 Py)]", "(\u2200x)(\u2200y)[(Kx \u2022 Py) \u2283 Lyx]", "(\u2200x)[(Kx \u2022 (\u2200y)(Py)) \u2283 Lxy]"], "probs": [[0.26155725508633215, 0.38046038713912905, 0.1444894990849472, 0.21349285858959158], [0.30339933610508707, 0.3716106192926122, 0.15744412495444582, 0.16754591954785497], [0.2606229781843869, 0.23721081016075768, 0.3144577741308467, 0.1877084374240087], [0.24329086370690212, 0.26712060768080653, 0.27148915143544033, 0.21809937707685104], [0.3181397413334918, 0.2677983721166787, 0.26380736419326584, 0.15025452225656366], [0.28152512199001317, 0.3139663823508998, 0.1818056065738551, 0.22270288898523186], [0.30261241935725186, 0.3427908369140138, 0.1498425580434779, 0.2047541855852564], [0.34579009844749625, 0.31968084927225643, 0.16337481626351538, 0.17115423591673187], [0.30510903563374736, 0.18210228190375574, 0.3248521193625253, 0.1879365629999716], [0.26900660187276487, 0.20941775411008468, 0.256734840345493, 0.26484080357165746], [0.31683911778375806, 0.2466612455992351, 0.2796769606594885, 0.15682267585751838], [0.2817153762466898, 0.2905590956779377, 0.17910822156615763, 0.24861730640921492], [0.1965668318412928, 0.38478048945277543, 0.20608092580647344, 0.2125717527994583], [0.2242482106572349, 0.3472273802660694, 0.2243208687224569, 0.20420354025423876], [0.18456946701531868, 0.39681059733174234, 0.20279151480604754, 0.21582842074689146], [0.1936819019564169, 0.33456636956417046, 0.2230042119248332, 0.24874751645457943], [0.21563367864767588, 0.29007742238239564, 0.29484397609331175, 0.19944492277661666], [0.2090329552064148, 0.2993319153884583, 0.28581927500374316, 0.20581585430138374], [0.24098161991538375, 0.40347185125679513, 0.18196688319462476, 0.17357964553319635], [0.2708086371151005, 0.36430260535411846, 0.14727661012130444, 0.2176121473094766], [0.20530681004100143, 0.4146502551818948, 0.19598278109285236, 0.1840601535842514], [0.21123061442555824, 0.38239856410975215, 0.14751140332203003, 0.25885941804265955], [0.2634389596496059, 0.2552396546972601, 0.2761549261051623, 0.2051664594479717], [0.24163859310232963, 0.2531459108679442, 0.2782018863340734, 0.22701360959565275]], "ideal": "A", "sampled": "B", "correct": false}}
{"type": "result", "data": {"idx": 11, "options": ["Logically equivalent", "Contradictory", "Neither logically equivalent nor contradictory, but consistent", "Inconsistent"], "probs": [[0.19721828986872836, 0.19107448132137483, 0.41759271669958553, 0.19411451201031124], [0.17662545773668928, 0.15824292362772116, 0.37396835719826793, 0.2911632613373216], [0.18696900170338576, 0.40824256621239025, 0.2291473091020194, 0.17564112288220454], [0.18087133493892638, 0.42703785851741344, 0.27160590479629304, 0.12048490164736715], [0.18544653608871342, 0.32027665731912813, 0.16367203483351597, 0.3306047716586425], [0.18701088523403653, 0.25950990171296817, 0.37783542436789375, 0.17564378858510155], [0.18813721465000943, 0.2033299477689753, 0.41747486095276204, 0.1910579765282532], [0.1683607772581649, 0.18194153226321352, 0.28197954362699834, 0.36771814675162323], [0.1707220473499627, 0.4358194042062231, 0.22273451913947187, 0.17072402920434224], [0.159647132152831, 0.3950322748315995, 0.20186793200536704, 0.24345266091020248], [0.17987782297355692, 0.19136036010737006, 0.28745681901253084, 0.34130499780654217], [0.15784373328560086, 0.17058324338776185, 0.4031152965092052, 0.2684577267174321], [0.39367061262857184, 0.23864107966061573, 0.20106187161190547, 0.16662643599890697], [0.44787086743251175, 0.2250847753000693, 0.19261934380297005, 0.13442501336444887], [0.42052693271036584, 0.17519185652209426, 0.24720824147338105, 0.1570729691941588], [0.39991945023705716, 0.15651827725084141, 0.20107501751222753, 0.24248725489987388], [0.41733890274993923, 0.24907152346692388, 0.20024393200325838, 0.13334564167987853], [0.37888541938851994, 0.23329411866593425, 0.1192119889686394, 0.26860847287690637], [0.22919653477781637, 0.20855422562932244, 0.19603987357802546, 0.3662093659148357], [0.22166592541104965, 0.21810098640230777, 0.34877679787893584, 0.2114562902077067], [0.2046611220829008, 0.1450342132016289, 0.27974841829567365, 0.3705562463197966], [0.18504127306752893, 0.13959651768014056, 0.379719365209535, 0.2956428439427955], [0.2316997016481368, 0.3116236580354731, 0.25852420538277726, 0.19815243483361283], [0.20858587322533434, 0.2894511222549904, 0.15261767803096474, 0.34934532638871046]], "ideal": "B", "sampled": "C", "correct": false}}
{"type": "result", "data": {"idx": 12, "options": ["E \u2283 F", "F \u2283 G", "G \u2283 E", "~~F"], "probs": [[0.25884845184316646, 0.26282810531861817, 0.21127535799494837, 0.26704808474326697], [0.28533874659896064, 0.28972731764562343, 0.25982697364038565, 0.1651069620150303], [0.24684992797960856, 0.18918161374199446, 0.27539670874995814, 0.2885717494284388], [0.2840766652469874, 0.21771871584991542, 0.2627370420368694, 0.23546757676622782], [0.28123334466436534, 0.25197929516864254, 0.24435186747777535, 0.22243549258921672], [0.2898428694637422, 0.26377993426397245, 0.20234544271672725, 0.24403175345555808], [0.2862853748256586, 0.28617242402213744, 0.17095260575123672, 0.25658959530096725], [0.3036104097120776, 0.30350628039921707, 0.2517235837368239, 0.14115972605188143], [0.2837841979673946, 0.2075186725862525, 0.2543794398777868, 0.2543176894685661], [0.2945513251396715, 0.21206179485216287, 0.26404382202107823, 0.22934305788708736], [0.3157770931404957, 0.27422592041134386, 0.23836375770569396, 0.1716332286424665], [0.30922580223009916, 0.27704996280656324, 0.18755257407268777, 0.22617166079064976], [0.24192413276655783, 0.23076827363306524, 0.26573572748040947, 0.26157186601996746], [0.2747252542291745, 0.26618501144690293, 0.2313585842712044, 0.2277311499527182], [0.26088270153651455, 0.24498654534473088, 0.24129601951069637, 0.2528347335080582], [0.2724742509904944, 0.26816462668584473, 0.2600356560674849, 0.199325466156176], [0.2741410731995146, 0.24563767013477614, 0.23450462517777482, 0.24571663138793443], [0.27927286678469826, 0.2705659390968394, 0.24266013095307243, 0.20750106306538987], [0.2301282916752089, 0.2954177304124119, 0.26492178832209, 0.20953218949028912], [0.2349563836816435, 0.31608241793332703, 0.15653246639593732, 0.2924287318890921], [0.2251454360601298, 0.31743128050464864, 0.22873230957880053, 0.22869097375642103], [0.21853151915272265, 0.3279692232280826, 0.17289069293200598, 0.2806085645871888], [0.2305944000042514, 0.24158652484365203, 0.2270522747267567, 0.30076680032533987], [0.2365718413184391, 0.25973825870127093, 0.251868270256716, 0.2518216296235739]], "ideal": "D", "sampled": "B", "correct": false}}
{"type": "result", "data": {"idx": 13, "options": ["Valid", "Invalid. Counterexample when E, F, and G are true", "Invalid. Counterexample when E and F are true and G is false", "Invalid. Counterexample when E, F, and G are false"], "probs": [[0.1861611930267794, 0.2793862264977589, 0.32676655537744853, 0.2076860249980132], [0.1841652989203347, 0.2556292116386369, 0.25174838302002167, 0.3084571063210067], [0.18575072286655675, 0.31589412686050045, 0.14022639392404193, 0.3581287562489009], [0.21898281898369268, 0.36663610285782294, 0.12874223482427388, 0.2856388432342105], [0.18734616782534247, 0.2367669178924922, 0.20901795731098893, 0.3668689568711763], [0.1847452752738598, 0.281621975347042, 0.3242783691087203, 0.20935438017037789], [0.27750024610218366, 0.21940596726437744, 0.3400003960388704, 0.16309339049456847], [0.2894599053135165, 0.20515637976393788, 0.3033513932118037, 0.20203232161074192], [0.3025000944058576, 0.321881855666012, 0.16447157911099003, 0.21114647071714027], [0.32549070823676823, 0.36868100805349374, 0.14219486500100614, 0.16363341860873187], [0.3071419642132635, 0.2752149443830253, 0.16699345657039855, 0.25064963473331264], [0.3269345310123201, 0.2505513839419593, 0.23917521113038892, 0.18333887381533168], [0.33001277890291114, 0.23757640455129156, 0.17941849238590923, 0.2529923240598881], [0.34768580997132914, 0.2503004260334729, 0.2244777399432995, 0.17753602395189844], [0.32658253090043965, 0.22088064909397057, 0.17755984297287616, 0.2749769769327136], [0.3728720004911676, 0.2521743513715571, 0.18456499551723005, 0.19038865252004528], [0.37374176261897607, 0.2230679641322331, 0.2031892330676931, 0.20000104008109773], [0.3897790072435624, 0.21514250656513437, 0.1929278849308665, 0.20215060116043673], [0.25600904605226216, 0.21547876617361178, 0.2725258211895366, 0.25598636648458944], [0.27360449995622593, 0.23028967242815399, 0.32492391799461423, 0.17118190952100587], [0.27293513849241907, 0.2407749587518576, 0.18182259389862693, 0.3044673087570964], [0.28874560327188753, 0.2247742645284986, 0.2508587166160208, 0.23562141548359306], [0.31393834771995666, 0.36120373256204125, 0.1788903336546047, 0.14596758596339737], [0.31812132011739197, 0.3659954692060724, 0.1456433425963803, 0.17023986798015533]], "ideal": "C", "sampled": "C", "correct": true}}
{"type": "result", "data": {"idx": 14, "options": ["Valid", "Invalid. Counterexample when H, I, and J are false", "Invalid. Counterexample when H and I are true and J is false", "Invalid. Counterexample when I is true and H and J are false"], "probs": [[0.15007070823530008, 0.24352395856358902, 0.30319582691705854, 0.30320950618405235], [0.15538805490090182, 0.2406062894728635, 0.30906980766141506, 0.29493584786481963], [0.17859601440443745, 0.35510437618804247, 0.15278011103592049, 0.31351949827159953], [0.18493051437260224, 0.3144987710697132, 0.20958320553491017, 0.29098750892277436], [0.17976711956502084, 0.32544115667428314, 0.174257787661081, 0.32053393599961505], [0.17860182585712928, 0.2990356296289257, 0.20883794994536956, 0.31352459446857545], [0.2570348718063524, 0.20642502911448082, 0.33004320156318423, 0.20649689741598248], [0.25325193621290504, 0.20338931374618058, 0.34616249280444455, 0.1971962571364698], [0.27671003751237794, 0.2898717863548769, 0.16523815936042763, 0.26818001667231756], [0.3104876716342474, 0.27388702064488885, 0.24947370211402947, 0.16615160550683428], [0.26756356150487964, 0.2983763293343184, 0.16229385416867723, 0.27176625489212475], [0.3050962847868156, 0.28649045733520423, 0.24514687453082537, 0.16326638324715478], [0.3324093867865, 0.21117449119325463, 0.2548517920544969, 0.20156432986574851], [0.318462665072086, 0.20872918948337513, 0.27666428270159743, 0.19614386264294145], [0.3680813963057286, 0.21292323189220322, 0.17385556061102206, 0.24513981109104613], [0.371789772121987, 0.18395646856505501, 0.29870908559228815, 0.14554467362066983], [0.3394216945341807, 0.27261081741424437, 0.16541542357661335, 0.22255206437496158], [0.3976271450121935, 0.300003498762648, 0.16063664851966478, 0.14173270760549378], [0.3109236061262105, 0.2070045023949566, 0.28755041954026045, 0.19452147183857244], [0.3052875879273057, 0.20009900330086308, 0.291300135303224, 0.2033132733686072], [0.33925031601224387, 0.24045211847844894, 0.17599495719118421, 0.24430260821812297], [0.33930393092242916, 0.20569605859225737, 0.2947731789516587, 0.16022683143365474], [0.3395965245206867, 0.24069841617777127, 0.1789449820215132, 0.2407600771800288], [0.39239885173087136, 0.2612730381200573, 0.18533977202736618, 0.16098833802170515]], "ideal": "D", "sampled": "C", "correct": false}}
{"type": "result", "data": {"idx": 15, "options": ["(\u2203x){Fx \u2022 (\u2200y)[Dy \u2283 (\u2203z)(Vz \u2022 Rxyz)]}", "(\u2203x){Fx \u2022 (\u2203y)[Vy \u2022 (\u2203z)(Dz \u2022 Rxyz)]}", "(\u2203x){Fx \u2022 (\u2203y)(\u2203z)[(Vy \u2022 Dz) \u2022 Rxzy]}", "(\u2200x){Fx \u2283 (\u2203y)[Vy . (\u2203z)(Dz \u2022 Rxyz)]}"], "probs": [[0.2574653625230816, 0.31533896919911797, 0.2203065007704727, 0.20688916740732774], [0.2787751000658314, 0.27867007668018273, 0.25393063205818134, 0.1886241910958045], [0.23580643532302276, 0.3026781379873866, 0.21817828712665782, 0.2433371394629328], [0.19254031488549067, 0.25105899195754794, 0.2287423725384856, 0.3276583205184758], [0.26548208992561995, 0.2960559041187375, 0.23806326869541178, 0.20039873716023077], [0.1681963801215776, 0.2687198519438006, 0.16565176842940346, 0.39743199940521834], [0.2749116245342787, 0.3314857630764354, 0.18607837791720602, 0.20752423437207984], [0.29096039693187176, 0.28634497093757094, 0.24896441026575591, 0.17373022176480135], [0.2749845467228249, 0.311489501906762, 0.18906495536656853, 0.22446099590384452], [0.2895590066620231, 0.3229056596433076, 0.2119169682052411, 0.1756183653894282], [0.2782363634760551, 0.36277452648192626, 0.1585807674753152, 0.20040834246670342], [0.2973346633416107, 0.3474874755010818, 0.18039756865467452, 0.174780292402633], [0.19115979901725266, 0.3683961903975708, 0.21336801447582518, 0.2270759960093513], [0.16684696076632005, 0.26244527098892273, 0.2281695604096171, 0.3425382077351401], [0.18813400809674677, 0.3982297955753939, 0.20037948488881782, 0.21325671133904148], [0.22424427828566498, 0.36389332463837604, 0.24258051448749832, 0.16928188248846063], [0.17038925972697164, 0.2680124262299619, 0.16521143419248485, 0.39638687975058157], [0.2277210022620974, 0.34175869309824414, 0.28800981804814013, 0.14251048649151835], [0.2287344268112799, 0.29822467865868346, 0.2513121887399121, 0.2217287056901245], [0.15214905141262627, 0.23560488221673492, 0.20482224223949702, 0.40742382403114175], [0.24316304878920847, 0.3884777061835497, 0.15706417899135763, 0.2112950659358842], [0.23020328579031127, 0.36206600066379035, 0.23393987116858447, 0.1737908422773139], [0.14399366293888297, 0.31943709131022374, 0.15097242817221984, 0.38559681747867347], [0.20995395196296238, 0.38608107542231873, 0.2573737838215616, 0.14659118869315732]], "ideal": "B", "sampled": "B", "correct": true}}
{"type": "result", "data": {"idx": 16, "options": ["The university raises tuition.", "The governor approves of it.", "The board of trustees recommends it.", "None of the above"], "probs": [[0.15490392184914423, 0.14549358593755482, 0.41466152554615776, 0.2849409665671432], [0.112159487231498, 0.10371544647027678, 0.27334534304551666, 0.5107797231527086], [0.17140673610066148, 0.13345815637738542, 0.43782587159743225, 0.25730923582452087], [0.11398256248521033, 0.09447778367341204, 0.23028477391848742, 0.5612548798228902], [0.15315358110992047, 0.12893503710925125, 0.35614951910764575, 0.3617618625731825], [0.1385560225871535, 0.1429241491092615, 0.19541472777006103, 0.523105100433524], [0.25558124894188444, 0.17559216732952682, 0.395927488460845, 0.1728990951677437], [0.1907765957290907, 0.14853019568238912, 0.2567488772389178, 0.40394433124960233], [0.22624160684232897, 0.40323651433781443, 0.21258309798175806, 0.1579387807380985], [0.22999146116422023, 0.35062055363519024, 0.2862976917173231, 0.13309029338326642], [0.24308588373954462, 0.1750217325803933, 0.21120493972558899, 0.3706874438544731], [0.20214194945036693, 0.1839943771179986, 0.4148707861821991, 0.1989928871494354], [0.20353256137626333, 0.14885771654117777, 0.43097269299990426, 0.21663702898265463], [0.14508603295594918, 0.13206592004072368, 0.23187699566136158, 0.49097105124196555], [0.20288031405805232, 0.40972114826280925, 0.19977075454892024, 0.18762778303021815], [0.2116959455903057, 0.3600199329498978, 0.2805139207712612, 0.14777020058853524], [0.18695202189376003, 0.14554980178882823, 0.21185628751996113, 0.4556418886974506], [0.15306492832552765, 0.15542489983486624, 0.4790086661847148, 0.21250150555489128], [0.17182622848222992, 0.23481236395871938, 0.174558073264786, 0.4188033341942647], [0.1830730654232535, 0.23501250584997743, 0.14943670556972966, 0.4324777230570394], [0.17519353067324706, 0.33763879031085003, 0.1698473368438011, 0.3173203420721018], [0.16255771627714724, 0.2721921124128867, 0.313438078329271, 0.25181209288069506], [0.13855598865553984, 0.3121916949436801, 0.17247633634273007, 0.37677597995804996], [0.160472629047192, 0.24849553033466404, 0.3345642337678454, 0.25646760675029856]], "ideal": "D", "sampled": "B", "correct": false}}
