{"type": "result", "data": {"idx": 0, "options": ["a force that works through matter", "essentially a philosophical notion", "merely a property of a certain kind of matter", "a supernatural phenomenon"], "probs": [[0.030827112295350505, 0.034389676517721894, 0.8870363117687975, 0.04774689931813011], [0.09522404103825327, 0.01707235409863663, 0.012012637633064524, 0.8756909671300456], [0.008749353323681552, 0.9650144758687508, 0.010391958542963563, 0.015844212164604087], [0.00798527281010696, 0.952308527680392, 0.01799812412840317, 0.02170807528109792], [0.1821378757130502, 0.029732249508066126, 0.009211374394355985, 0.7789185002845277], [0.02465683113381709, 0.032158606769460835, 0.9110247184308431, 0.03215984356587896], [0.010924100915457528, 0.04058732479623637, 0.8815681966316096, 0.06692037755669653], [0.015948436677397766, 0.030264346886697494, 0.012228585414003797, 0.941558630921901], [0.004045930950655422, 0.937331796228186, 0.02170417038282127, 0.036918102338337346], [0.0034439553172716146, 0.8970609584180226, 0.018619612434043406, 0.08087547373066244], [0.007074835596367763, 0.01429135423437965, 0.5576780119686326, 0.42095579810061995], [0.0062633537309899154, 0.013895957542141426, 0.8940476060954292, 0.0857930825314394], [0.9671584019132445, 0.02459373539595116, 0.0032516262070190313, 0.004996236383785209], [0.9643401700183176, 0.024522325523996816, 0.0052215686201246905, 0.0059159357375608455], [0.9846761684158153, 0.006583230477333697, 0.0047790961598981226, 0.003961504846952915], [0.9828660143883806, 0.005405241434204451, 0.003803194832961847, 0.00792554924445311], [0.9789457235827966, 0.011486706691236689, 0.005342175391037668, 0.004225394234928955], [0.9787840485460918, 0.011574771537068226, 0.002226633306788319, 0.00741454651005167], [0.048363260199311066, 0.39247848994862483, 0.022669009524268827, 0.5364892402277952], [0.024835958022626628, 0.06698507028882268, 0.8687980942783445, 0.039380877310206154], [0.011875744553935738, 0.01466444463391154, 0.6742638743958971, 0.2991959363162556], [0.010818829149977182, 0.014445255939566663, 0.9007999568515234, 0.07393595795893282], [0.004479452090106811, 0.9598013277858117, 0.017581304746371866, 0.018137915277709582], [0.004144966033456609, 0.9678388488226858, 0.00792889459474453, 0.02008729044911307]], "ideal": "C", "sampled": "C", "correct": true}}
{"type": "result", "data": {"idx": 1, "options": ["In ancient Rome, religious worship was decentralized and tended to vary with one's social position.", "In ancient Rome, religious worship was the source of much social tension and turmoil.", "In ancient Rome, religious worship was homogeneous and highly centralized.", "In ancient Rome, religious worship was revolutionized by the introduction of Christianity."], "probs": [[0.8769879536270583, 0.04504951934921677, 0.04232586641914778, 0.03563666050457712], [0.8178514898335522, 0.06506796229030665, 0.03221524530487403, 0.08486530247126713], [0.8313260480199862, 0.04617304950583799, 0.08361926333906422, 0.03888163903511162], [0.7388708214876527, 0.0645610858304636, 0.02910460618159018, 0.16746348640029346], [0.6443509006828395, 0.031582605796485565, 0.268636918085107, 0.055429575335567915], [0.7529022328259811, 0.033080095682556813, 0.13085339328420653, 0.08316427810725555], [0.03213196468941425, 0.9245390336183988, 0.021242711292281485, 0.02208629029990545], [0.025514530053756014, 0.9280238246007452, 0.019719967223219538, 0.026741678022279287], [0.01554962237866996, 0.01629620975478347, 0.9325590000227701, 0.035595167743776426], [0.0035175401222512174, 0.00424302642783058, 0.009195776526886936, 0.9830436568230313], [0.01785435427586485, 0.019155104639016724, 0.9376128769062405, 0.02537766407887789], [0.0027040293197820833, 0.004672189040334464, 0.007014173709869181, 0.9856096078300143], [0.019526930705804954, 0.6466791093324818, 0.27816063421940346, 0.05563332564230978], [0.011099621641146497, 0.3294934009104349, 0.02424635938864439, 0.6351606179597742], [0.01202584295710317, 0.561643147631808, 0.35149593663501694, 0.07483507267607188], [0.003664509341811434, 0.11223025430385992, 0.014954197029308693, 0.8691510392250199], [0.007987800345003127, 0.01758407846640905, 0.8949994323160024, 0.07942868877258541], [0.005867933390945105, 0.013643288989883574, 0.6625828745403766, 0.31790590297879473], [0.014963802698872833, 0.9186304695523965, 0.03733280628050206, 0.029072921368228588], [0.01737302326170743, 0.898114844912196, 0.02798541960609847, 0.0565267121199981], [0.019859452070626178, 0.13154095846540617, 0.8058916280109324, 0.04270796135303526], [0.004484366712803204, 0.2526080359496597, 0.0119085900940017, 0.7309990071435354], [0.008323451822207851, 0.022449573710628945, 0.7611524497971203, 0.20807452457004294], [0.005950777100729354, 0.01643041645437845, 0.7265397631536499, 0.25107904319124236]], "ideal": "A", "sampled": "A", "correct": true}}
{"type": "result", "data": {"idx": 2, "options": ["Many were accomplished scientists, who added important pieces to human understanding of the universe.", "They utilized new methods of communicating their ideas, such as salons and inexpensive printed pamphlets.", "Most rejected religion altogether and adopted atheism as the only credo of a rational man.", "Many believed that the new scientific discoveries justified a more tolerant and objective approach to social and cultural issues."], "probs": [[0.010188118210592668, 0.06644077982026556, 0.02026507561491685, 0.9031060262542249], [0.0523623235823352, 0.12367208485070073, 0.7230183589185217, 0.10094723254844229], [0.011573388574209403, 0.01594455772318808, 0.3153025002596175, 0.6571795533429851], [0.020204478646979496, 0.028054432627125165, 0.8199676182794806, 0.13177347034641476], [0.052359327649406026, 0.6685965533755236, 0.1856833231560839, 0.09336079571898648], [0.034986897908524175, 0.6399674343426477, 0.062388505083172605, 0.26265716256565547], [0.01056054980137794, 0.014894295109749768, 0.016231833465830212, 0.958313321523042], [0.05343112388785171, 0.063454308082183, 0.7977197228894599, 0.08539484504050535], [0.011064986147188016, 0.010809862426299797, 0.03489389390435756, 0.9432312574221546], [0.02806909284678778, 0.03333643929088438, 0.8465441136542734, 0.09205035410805439], [0.09565206901225787, 0.7408259134990011, 0.06785034589835041, 0.09567167149039062], [0.08126561633808277, 0.7592290810912229, 0.05675189251899045, 0.10275340995170394], [0.015295448674137848, 0.03556465877013698, 0.1644546285266309, 0.7846852639290943], [0.029531606576294517, 0.05517652848621794, 0.6936058207576629, 0.22168604407982465], [0.008880112977701032, 0.08761310307249447, 0.03223216061748359, 0.8712746232323209], [0.030235123904142354, 0.08818141868811942, 0.7384384663473412, 0.143144990960397], [0.02562092492818914, 0.7035453574174073, 0.05958704361233452, 0.21124667394206906], [0.02932522791389697, 0.7505877068020078, 0.13044086639918986, 0.0896461987849053], [0.318936904668597, 0.06897689940904535, 0.5018579809802194, 0.11022821484213831], [0.24642095518078996, 0.057625011891883654, 0.07635288855458702, 0.6196011442727394], [0.408153345957859, 0.408189883604286, 0.07206244604919446, 0.11159432428866053], [0.39470298604061793, 0.41368992571531177, 0.06345089287976854, 0.12815619526430175], [0.1541118060072285, 0.04774407403611699, 0.09645468211225758, 0.7016894377443968], [0.16482726474666085, 0.06064009191860746, 0.6520310931163664, 0.12250155011836523]], "ideal": "D", "sampled": "D", "correct": true}}
{"type": "result", "data": {"idx": 3, "options": ["The duke, as a member of the French nobility, is sympathetic to King Louis.", "The duke, as a member of the French nobility, is biased against the king because of his suppression of the nobility.", "The duke, as a member of the French nobility, supported the extension of the administrative, financial, military, and religious control of the central state over the French population.", "The duke, as a member of the French nobility, supported King Louis's preservation of the aristocracy's social position and legal privileges, while he removed their power."], "probs": [[0.12128393712273168, 0.23015024451547827, 0.28645116941601034, 0.3621146488457797], [0.07320365036278385, 0.07552449868145461, 0.7166239947621648, 0.13464785609359672], [0.06433710503185978, 0.43966672147635827, 0.08932947433092084, 0.4066666990608611], [0.07759082432195724, 0.18906042259621111, 0.5557286225557206, 0.17762013042611094], [0.05273720228612535, 0.6526115049803685, 0.11341444301853587, 0.18123684961497027], [0.04902206225682379, 0.6559351999668404, 0.14636888317341515, 0.1486738545029207], [0.0720202592530236, 0.15246284815055572, 0.3545137783002788, 0.42100311419614184], [0.040752477566112444, 0.04764360454806594, 0.8058945321262425, 0.10570938565957909], [0.05327858815016966, 0.2971609554676155, 0.13605845074528683, 0.513502005536928], [0.04621314371214181, 0.06937263517658511, 0.6898381919931971, 0.19457602901807597], [0.030972205519735913, 0.677937833620529, 0.11966937966987641, 0.17142058108985872], [0.022791674353075605, 0.681886557415841, 0.09374194568082998, 0.20157982245025333], [0.10512226975585232, 0.21234895603245357, 0.28576872175709844, 0.39676005235459566], [0.08014804840610067, 0.07768122055479904, 0.692426028101286, 0.14974470283781435], [0.1368185410240782, 0.12263756806462146, 0.29885455517679255, 0.4416893356345078], [0.06307858211451318, 0.04989785159190731, 0.7448658014492877, 0.1421577647442918], [0.0667185793261355, 0.5586434089376691, 0.16258381547768017, 0.21205419615851528], [0.05674262301993214, 0.6805665441624749, 0.08789313518201697, 0.17479769753557597], [0.19241815803510998, 0.34301918741610704, 0.31234261390423634, 0.15222004054454666], [0.19702779341836804, 0.39183471770644007, 0.24521770311578778, 0.16591978565940413], [0.2675774057302909, 0.17823624343525818, 0.38933643114642463, 0.16484991958802628], [0.2590255140999214, 0.22503647205963442, 0.2800865471082981, 0.23585146663214604], [0.22301008469646535, 0.26071701228148314, 0.31946269626589885, 0.19681020665615265], [0.19110142119779694, 0.41740060781389154, 0.11774181836579108, 0.27375615252252045]], "ideal": "B", "sampled": "D", "correct": false}}
{"type": "result", "data": {"idx": 4, "options": ["that the lyrics from the popular song Deutschland \u00fcber alles (which eventually became the German national anthem) were the reason Germany started the war", "that the lyrics from the popular song Deutschland \u00fcber alles (which eventually became the German national anthem) were evidence of Germany's aggressive attitude", "that the reason Germany lost the war was that it was betrayed from within", "that Germany provided the ultimate framework for modern warfare"], "probs": [[0.13925953363642238, 0.7528758728445237, 0.0488925246349168, 0.05897206878413702], [0.11324406097691384, 0.7984844818336228, 0.0237420250523742, 0.06452943203708925], [0.08355796025014448, 0.06307130071369535, 0.6996825076058245, 0.15368823133033568], [0.09659574305822002, 0.050899904879865544, 0.01801058487055294, 0.8344937670913615], [0.09181853614843347, 0.04991903249127607, 0.6784917332396316, 0.17977069802065881], [0.09940791985226906, 0.03277940339393279, 0.0354471545867247, 0.8323655220670735], [0.286310183095158, 0.534901237364212, 0.0648980186115268, 0.11389056082910315], [0.2140520755048452, 0.609780236017591, 0.031328032835806964, 0.14483965554175676], [0.1947941481872314, 0.08643509446710264, 0.6095035671578302, 0.1092671900878358], [0.350509062489291, 0.11028534645334272, 0.02922739399720156, 0.5099781969601648], [0.2363817218802824, 0.0579245046130872, 0.5244593297256241, 0.18123444368100627], [0.37078398186146794, 0.05096664986274606, 0.047141946496258115, 0.5311074216795278], [0.11732149913797785, 0.22969770550232682, 0.4159750392035884, 0.23700575605610694], [0.04470762106426207, 0.3103242087787793, 0.027762814990489056, 0.6172053550664696], [0.07689817478421566, 0.5255164151139475, 0.25613833733884345, 0.14144707266299333], [0.0519477740458687, 0.6428279471597366, 0.03302431204657259, 0.2721999666478221], [0.051701036470562844, 0.027243394894461554, 0.08658659021838286, 0.8344689783165927], [0.0928424674658114, 0.03870071857296621, 0.2997147749799094, 0.568742038881313], [0.09545106226478287, 0.23995910046176627, 0.2986661426722478, 0.3659236945012031], [0.038820482931205644, 0.15840736088959553, 0.035073924936847446, 0.7676982311423514], [0.051119181194515216, 0.6526697021717424, 0.10327464134645731, 0.19293647518728507], [0.03294022544895088, 0.7043166309882362, 0.04793308371249915, 0.21481005975031375], [0.042011382069471664, 0.03678516090078088, 0.04368738652421502, 0.8775160704055324], [0.08438515473687602, 0.06469794217525282, 0.2559125962021009, 0.5950043067857702]], "ideal": "B", "sampled": "B", "correct": true}}
{"type": "result", "data": {"idx": 5, "options": ["the Russian interest in French culture", "the spirit of camaraderie amongst the miners", "the sense of continual class struggle", "the need for noblesse oblige"], "probs": [[0.05967034098433351, 0.06867789243055243, 0.7618970245774406, 0.10975474190767345], [0.04041991231857189, 0.037381424103611366, 0.05790166340555653, 0.8642970000722602], [0.06090388592081616, 0.8022893963589137, 0.04818562610764156, 0.08862109151262858], [0.05589649723900111, 0.7716529146238192, 0.0788352453065737, 0.09361534273060593], [0.04253455940629267, 0.05130514807647008, 0.024619230677082483, 0.8815410617401548], [0.0602791678256147, 0.08634379242673186, 0.7696834039859102, 0.08369363566174322], [0.037224106902901434, 0.043859962859759224, 0.840721616519976, 0.0781943136173633], [0.029187154076285998, 0.02636807230292344, 0.05043381088921086, 0.8940109626315796], [0.05130808236279296, 0.8152818971324562, 0.037544088898417705, 0.09586593150633314], [0.05574102056723254, 0.7116641056882703, 0.1009433891066397, 0.13165148453785744], [0.027662558468020314, 0.030380971349307357, 0.011354045339342481, 0.9306024247433299], [0.05754206773961491, 0.1009835771602361, 0.6585980905664996, 0.18287626443364938], [0.6620856420097504, 0.14095647191757585, 0.06659251946979318, 0.13036536650288053], [0.6065451366620039, 0.10873979085923095, 0.2000280424746211, 0.08468702990414397], [0.6402816938787118, 0.14510824163206842, 0.044958551650878094, 0.16965151273834161], [0.5066857299693945, 0.12033856569265036, 0.1923222676299246, 0.18065343660803046], [0.6091141700135515, 0.22059443590819264, 0.04846496879569824, 0.12182642518255765], [0.5194739311805995, 0.23781485571458597, 0.07141448024583376, 0.17129673275898075], [0.032084748922622204, 0.025380653009909906, 0.01931078219786925, 0.9232238157695987], [0.02966021421719766, 0.03207028880067359, 0.8944316685035617, 0.043837828378567034], [0.025884008279994288, 0.021796299645032328, 0.01079137090204231, 0.941528321072931], [0.0547792621614284, 0.06504939592797841, 0.7216540085794191, 0.15851733323117406], [0.06943538887753212, 0.8199182274105526, 0.03437897613865529, 0.07626740747325995], [0.06202579242841685, 0.8043975769341437, 0.04610007221461224, 0.08747655832282715]], "ideal": "C", "sampled": "C", "correct": true}}
{"type": "result", "data": {"idx": 6, "options": ["the size of landed estates", "the number of estates owned by an individual", "the monetary value of goods", "the amount of gold held"], "probs": [[0.02580991506069066, 0.039975966211762796, 0.9099662661768847, 0.024247852450661862], [0.04276901253973335, 0.06521398792108639, 0.04624589687202747, 0.8457711025671528], [0.025245138197236148, 0.9182322192842091, 0.037314737336948976, 0.01920790508160583], [0.01772671265348044, 0.8951618441296777, 0.035812517229379545, 0.05129892588746227], [0.03931513486879014, 0.034157053141710594, 0.1846608546886089, 0.7418669572008904], [0.016817286312508294, 0.02298672897387735, 0.9111500634040426, 0.04904592120957175], [0.020460641123882402, 0.02355079365780206, 0.9335157326430631, 0.022472832475252443], [0.020951342664034298, 0.010371677995833956, 0.020307225102127156, 0.9483697541380046], [0.16791598070436795, 0.7525851606344643, 0.04591094992776862, 0.03358790863339912], [0.13426201794418022, 0.703512231013919, 0.06244397884228626, 0.09978177209961446], [0.02067427301801622, 0.014320617869115695, 0.014433435479742606, 0.9505716735331254], [0.0386874896565871, 0.03662845446951564, 0.853524999550314, 0.07115905622358318], [0.44137173886653785, 0.29400780794064624, 0.20850591359437615, 0.05611453949843975], [0.52925275568022, 0.20087269987676912, 0.08116666045345826, 0.18870788388955262], [0.4170026701085002, 0.4875272719162579, 0.05219881511332364, 0.04327124276191828], [0.3007871277505479, 0.4882256795326187, 0.08754098610168698, 0.12344620651514644], [0.5667828790250728, 0.08967410571704877, 0.16239083938783339, 0.181152175770045], [0.19100258463955916, 0.0691745530437255, 0.6563801413259723, 0.08344272089074295], [0.02321763986036917, 0.04440416568909501, 0.1574326666027939, 0.774945527747742], [0.009959999044212138, 0.02027760545262402, 0.9251232942053993, 0.04463910119776452], [0.02342717219757941, 0.34969101199360425, 0.03202333378528077, 0.5948584819235355], [0.03689028763570328, 0.27046436572470367, 0.5816419828407339, 0.11100336369885912], [0.035530185332982425, 0.6056749504219451, 0.1681980998840614, 0.19059676426101105], [0.05926472036342325, 0.1335526426532326, 0.7334241379574271, 0.07375849892591706]], "ideal": "C", "sampled": "C", "correct": true}}
{"type": "result", "data": {"idx": 7, "options": ["De las Casas was exaggerating to support the start of African slavery.", "Columbus was biased in favor of himself in his writings.", "Columbus's men were nicer to the natives than were later expeditions.", "De las Casas wanted the Spanish to leave the Americas."], "probs": [[0.09348759750739638, 0.15902115097699437, 0.06734093034644029, 0.680150321069169], [0.13362332778955419, 0.17980139909968637, 0.3058942464911742, 0.38068102651958524], [0.10163442107980025, 0.09547199412785955, 0.18989412701431022, 0.61299945767803], [0.08592434034551473, 0.07823137018275175, 0.5264007927010387, 0.3094434966706949], [0.10182191644519534, 0.49341127678378377, 0.11010687967966507, 0.2946599269913558], [0.1104027314313705, 0.3676897828257485, 0.1710130993699916, 0.3508943862728894], [0.08050209848145562, 0.22576629608624374, 0.11713804041604459, 0.576593564916256], [0.09467413738394347, 0.27394106164991094, 0.17967482864029058, 0.451709972225855], [0.0616631033211481, 0.0616610022575139, 0.4280717181103245, 0.4486041762110135], [0.11048201639311776, 0.0944959248398261, 0.35114739490490565, 0.44387466376215046], [0.09222722591519705, 0.15934969127038248, 0.32193344108670024, 0.4264896416277202], [0.12190854911504662, 0.24243482177321152, 0.13815050237437923, 0.4975061266373626], [0.0804670423014818, 0.27649720470460426, 0.1099937591594077, 0.5330419937345062], [0.05913641084867509, 0.16327773458719697, 0.37967766317558194, 0.397908191288546], [0.07853686356268982, 0.12948164824895836, 0.2381817190923674, 0.5537997689959844], [0.11462283474916889, 0.22441471289580173, 0.2075756253862118, 0.4533868268688176], [0.0797242879582408, 0.19425705030533097, 0.3573373225970352, 0.36868133903939304], [0.11575583626116707, 0.3297506942214537, 0.11758849286427522, 0.436904976553104], [0.09635879385577045, 0.41856111339201496, 0.13804237954554516, 0.3470377131066694], [0.10980282223176001, 0.28038499383175164, 0.2553279456686741, 0.3544842381678142], [0.11035230415650557, 0.1250402759677589, 0.39126906896021546, 0.37333835081552], [0.14145333958154996, 0.16027949629403107, 0.11190736954354223, 0.5863597944808767], [0.10339224029364684, 0.09413540081825057, 0.516980274953992, 0.2854920838341106], [0.14892944692076074, 0.1293848603834467, 0.1768733113827262, 0.5448123812130664]], "ideal": "B", "sampled": "D", "correct": false}}
{"type": "result", "data": {"idx": 8, "options": ["the spread of revolutionary ideas among the British working class in the eighteenth century", "the rise of the Luddite movement in Britain in the eighteenth century", "the replacing of traditional laborers by machines in the industrialization of Britain in the eighteenth century", "an increase in the use of child labor in eighteenth-century Britain"], "probs": [[0.08067849662040302, 0.2485053129913862, 0.5779437759859883, 0.09287241430222244], [0.039544582878591576, 0.4597225248690257, 0.02634881657180772, 0.474384075580575], [0.08146336431095869, 0.4202324920403195, 0.4074079868562513, 0.0908961566924705], [0.0362019116923623, 0.6621398703119419, 0.03824759891161661, 0.2634106189840792], [0.029457266825051846, 0.02539422290045397, 0.35336007263822644, 0.5917884375362678], [0.03427249925139362, 0.034006204326007324, 0.593538758868458, 0.3381825374541411], [0.11681270201268028, 0.09991024731323135, 0.6937076059395048, 0.08956944463458358], [0.05691369084038109, 0.03732566670672333, 0.015320682521780555, 0.890439959831115], [0.11440927193185194, 0.6584353846119425, 0.1162450353313956, 0.11091030802480992], [0.09666546793304322, 0.8094525041907894, 0.02314812776021622, 0.07073390001595115], [0.024718294882525124, 0.013545122435582643, 0.026730236555124295, 0.9350063460267679], [0.06071408645839583, 0.037405071028457894, 0.7753285399892023, 0.12655230242394397], [0.2724200486864421, 0.11005832998844103, 0.5418727993423276, 0.07564882188278928], [0.2440156367625917, 0.13060772563635262, 0.057966698603123666, 0.567409938897932], [0.25394719647351194, 0.5292753537268998, 0.13810129359398143, 0.07867615610560678], [0.19388528274604439, 0.720406417031852, 0.02563929758135489, 0.06006900254074871], [0.173964471251189, 0.044676709979448836, 0.10389349502159, 0.6774653236477721], [0.29103399187497625, 0.06244694627038864, 0.5270785845908523, 0.11944047716378275], [0.010115172957916174, 0.017891938298260107, 0.16199167463405972, 0.810001214009764], [0.019311579266129864, 0.03693355308923707, 0.6599307170211276, 0.28382415052350546], [0.01962702567798926, 0.14616412167927245, 0.04389035029831679, 0.7903185022444215], [0.03227701999072846, 0.19014563233778847, 0.6044209902223286, 0.17315635734915444], [0.016852337289678075, 0.6226400611825562, 0.05702248278047968, 0.303485118647286], [0.03530186878951436, 0.5742546469135862, 0.2179993596678363, 0.1724441245290632]], "ideal": "C", "sampled": "C", "correct": true}}
{"type": "result", "data": {"idx": 9, "options": ["Pride in the mastery of the military arts", "Chivalry", "Civic pride", "Patronage of the arts"], "probs": [[0.024777832262221307, 0.036906013474379294, 0.30423452087126307, 0.6340816332921363], [0.019852348977977316, 0.03680005193878623, 0.8508297562447844, 0.09251784273845208], [0.02249989509823006, 0.05313767581318742, 0.03948985851051031, 0.8848725704780722], [0.033812177188565676, 0.07158050845400087, 0.8586126756989503, 0.03599463855848315], [0.023059587735842765, 0.7286971740053373, 0.08049075144309177, 0.16775248671572812], [0.03127393580257165, 0.7459950640869897, 0.17998233905078848, 0.04274866095965021], [0.022431771865750717, 0.0321317943580832, 0.4505844346641264, 0.4948519990120397], [0.012058137319631864, 0.02398049526518105, 0.8929249798684371, 0.07103638744674995], [0.024043574676435177, 0.03723998989656629, 0.022238038106589534, 0.916478397220409], [0.1243164730312213, 0.18087888780605926, 0.6413346361124584, 0.05347000295026099], [0.08799829267576795, 0.3023867286261522, 0.07888688087503848, 0.5307280977230414], [0.15842499427496365, 0.241567933593671, 0.5359953244982855, 0.06401174753307988], [0.03542618146605769, 0.017537312907039377, 0.018963082113513254, 0.9280734234133897], [0.013713679082434387, 0.01774729456410974, 0.9466237841131762, 0.021915242140279675], [0.030265659400888257, 0.013642026249875767, 0.01452261876146258, 0.9415696954877734], [0.15312569704468137, 0.060908221931660796, 0.7420943074563227, 0.04387177346733517], [0.3763564466981473, 0.4832623608503031, 0.08530681374641469, 0.05507437860513495], [0.36737035089672354, 0.5021535940768433, 0.07234745741461408, 0.058128597511818994], [0.5033011510956817, 0.07480599841928458, 0.07599019371688712, 0.34590265666814657], [0.46140048992711674, 0.08402395648315913, 0.4136257001720895, 0.04094985331763466], [0.39486157448893705, 0.07079280087993021, 0.04294163312771319, 0.4914039914034195], [0.4907786364817597, 0.10449011233558503, 0.3590826556069195, 0.0456485954757358], [0.7266328848920611, 0.18372125716471857, 0.05347014903334612, 0.03617570880987417], [0.609730777792267, 0.2880191493937723, 0.05944057531268831, 0.042809497401272295]], "ideal": "C", "sampled": "D", "correct": false}}
{"type": "result", "data": {"idx": 10, "options": ["Utopian socialism", "Social conservatism", "Romanticism", "Social Darwinism"], "probs": [[0.0008145609014781365, 0.001607266805765725, 0.0010876533132515517, 0.9964905188795046], [0.0026796509235697034, 0.0045581678486294325, 0.9843778939139755, 0.00838428721382539], [0.0006007273237676885, 0.001375016635118574, 0.00135380971988154, 0.9966704462212321], [0.004379623057908301, 0.005847466738579056, 0.9758539538906661, 0.013918956212846518], [0.002388074145928363, 0.9862286195882388, 0.003968935132407496, 0.0074143710334252586], [0.0033810260142757985, 0.9824289271028647, 0.004015891667391646, 0.01017415511546783], [0.0011111587446519314, 0.0032656179832445554, 0.0011112526918061916, 0.9945119704802973], [0.002591361407290308, 0.008364612609709856, 0.9821626982077496, 0.006881327675250221], [0.0005473295754642695, 0.0017666224395373948, 0.008168649431454863, 0.9895173984535435], [0.0020172117869812992, 0.0043374670800823256, 0.9740526883440646, 0.01959263268887178], [0.0018012062665231428, 0.9854532531386463, 0.00674576961965827, 0.005999770875172315], [0.001940024261065691, 0.9816272565846704, 0.0033790237672607706, 0.013053695287003153], [0.0006388210132908911, 0.002586279168182269, 0.0011388734439972893, 0.9956360262745295], [0.0030569002778523474, 0.009197344807696387, 0.9756549985139524, 0.012090756300498787], [0.000510994992886543, 0.0017973451445824802, 0.006574346316714134, 0.9911173134458169], [0.0016881684171089484, 0.004277060186859317, 0.9755995540871782, 0.01843521720885352], [0.0022993660058519385, 0.9797352946741742, 0.007659136625636928, 0.010306202594336981], [0.00172762738461339, 0.982826956985916, 0.0035455136590511393, 0.01189990187041945], [0.9854951364529598, 0.007583410374196651, 0.0020254233106109572, 0.00489602976223254], [0.9803781188287242, 0.008958601257376837, 0.002247751424479215, 0.008415528389419755], [0.9839220330081276, 0.004775269094408118, 0.0061798847195812185, 0.005122813077883001], [0.9784829110650023, 0.005134657072643974, 0.0024256725087727143, 0.013956759253581051], [0.9724371876055445, 0.006059853635991138, 0.009913795147753764, 0.011589163510710593], [0.977358984286336, 0.004855816782287441, 0.0029454632616036577, 0.01483973556977286]], "ideal": "D", "sampled": "D", "correct": true}}
{"type": "result", "data": {"idx": 11, "options": ["Establish control of European states by democracy in the tradition of the Enlightenment.", "Suppress all voices in government other than his own and control all aspects of his citizens' lives.", "Suppress all nationalist revolutions across the continent.", "Suppress all speech but that of monarchs and the churches that they approve of."], "probs": [[0.001354267507975145, 0.006562271233863873, 0.1719117957242951, 0.8201716654338659], [0.002389354577659569, 0.009825983795450377, 0.5666757694808162, 0.42110889204607377], [0.0013980152588454107, 0.043149726873934376, 0.018271272101112568, 0.9371809856661076], [0.005926748131440729, 0.2900561253374134, 0.4635405198662713, 0.24047660656487457], [0.003649416191468864, 0.1401845978967787, 0.19770047310581743, 0.658465512705935], [0.005561578880510191, 0.46663949786349523, 0.2577161509063061, 0.2700827722496885], [0.001563896115251405, 0.003780908696494153, 0.09089075326524064, 0.9037644418230137], [0.005502852815690682, 0.010858168297597063, 0.8492728191239041, 0.13436615966280824], [0.0027960018514017904, 0.011408987903389687, 0.005737236455391646, 0.9800577736898168], [0.020682457703352378, 0.0553472982489634, 0.8794962904045647, 0.04447395354311957], [0.0042519716262292544, 0.2735279661972597, 0.012694673430871854, 0.7095253886456392], [0.01706950089180584, 0.6712792890189954, 0.2755137537617629, 0.03613745622743587], [0.0027312152230343023, 0.003881782644508927, 0.013338912553877562, 0.9800480894785792], [0.020906639669434405, 0.019334850326690942, 0.8890325790379463, 0.07072593086592834], [0.004087073218598787, 0.0063300048248146334, 0.004968858270276899, 0.9846140635863097], [0.03535197183818847, 0.03218714039568499, 0.8976577218509622, 0.0348031658151644], [0.07943708818715524, 0.8022942319778408, 0.02539260617168974, 0.09287607356331422], [0.09422253001118329, 0.7296364848358221, 0.13497708635934652, 0.041163898693648046], [0.012733097299979143, 0.00917109136116687, 0.2204778499560009, 0.7576179612828531], [0.054953589273064936, 0.0267808693930645, 0.820301576973323, 0.09796396426054754], [0.028387626656647333, 0.034240223495814674, 0.011834264742735374, 0.9255378850048026], [0.19747589673716887, 0.09327738055605764, 0.6577329683967309, 0.05151375421004257], [0.37344351615809174, 0.5025039938847237, 0.026634881419082535, 0.09741760843810207], [0.48101869626160026, 0.24567175052158918, 0.23443860086094667, 0.038870952255863865]], "ideal": "C", "sampled": "D", "correct": false}}
{"type": "result", "data": {"idx": 12, "options": ["the International Workingman's Association", "Pierre-Joseph Proudhon", "the Congress of Vienna", "the Paris Commune"], "probs": [[0.2336801543753186, 0.21950099851235672, 0.36196263258842837, 0.1848562144238963], [0.2795843613115891, 0.2626190326774338, 0.24675305204587966, 0.21104355386509738], [0.3005365982271215, 0.2736149091206326, 0.24917462094356413, 0.17667387160868184], [0.3153668798771943, 0.287117647181753, 0.27401943767223913, 0.12349603516881356], [0.2533557154484909, 0.26967320245300913, 0.22360642585316046, 0.25336465614533954], [0.23556210800324956, 0.25869558029852935, 0.3536509678502176, 0.15209134374800354], [0.1874773762919212, 0.3139463551890636, 0.313998241035428, 0.18457802738358717], [0.21552366337295337, 0.36660042947739685, 0.20567956871240253, 0.21219633833724727], [0.24566064380606012, 0.3630422813697235, 0.25348929701397943, 0.13780777771023692], [0.2530008927628983, 0.3857631201883767, 0.23401432434407182, 0.12722166260465317], [0.21554046430156748, 0.3498387619647339, 0.21222197600072543, 0.2223987976329732], [0.18893748602337587, 0.3114892906019565, 0.3164393069696408, 0.18313391630502682], [0.22249609892813937, 0.3904771920790365, 0.21907273585610537, 0.16795397303671875], [0.23245643250149828, 0.4143852919997536, 0.2398651259887644, 0.11329314940998371], [0.2580602947486535, 0.2969995902032867, 0.283450829204102, 0.16148928574395785], [0.27096431079564737, 0.3022572876066079, 0.28399084708180367, 0.14278755441594104], [0.24021287439010136, 0.3605838444511903, 0.27651256526113505, 0.12269071579757325], [0.24065450245770048, 0.35564608768634554, 0.24831724544438474, 0.15538216431156926], [0.2146775520234105, 0.3377199919654962, 0.20809693072578725, 0.2395055251853061], [0.20825472472015658, 0.3029941320116317, 0.3542882203701498, 0.13446292279806188], [0.25571626422232263, 0.26380997893556357, 0.2402430772541129, 0.24023067948800086], [0.2126206574730943, 0.20930820389519858, 0.4098715422656813, 0.16819959626602582], [0.28385356277259993, 0.3166374587445529, 0.2883504352307339, 0.11115854315211325], [0.28496778857742533, 0.3279727496764736, 0.2437666726991155, 0.14329278894698555]], "ideal": "C", "sampled": "C", "correct": true}}
{"type": "result", "data": {"idx": 13, "options": ["Laissez-faire capitalism", "Mercantilism", "Industrialization", "Bullionism"], "probs": [[0.1929791329005838, 0.14339611360177268, 0.5246257341762001, 0.13899901922144342], [0.2097378553201307, 0.15584881834392153, 0.13125635877811181, 0.5031569674578359], [0.14863578530745136, 0.5436815456895281, 0.16583826642052152, 0.14184440248249908], [0.10079406726513532, 0.5118702916519481, 0.1089977902287363, 0.2783378507541803], [0.14794964976656885, 0.0911409028443383, 0.5852115706125934, 0.17569787667649944], [0.11239542652114809, 0.07143717631028161, 0.49596336085414006, 0.3202040362144302], [0.317622760431677, 0.17815302841529984, 0.38918988072526384, 0.11503433032775937], [0.3423482281327098, 0.2389727752855693, 0.16426848363033802, 0.2544105128513829], [0.325864970651465, 0.3578673004746198, 0.21372787652262593, 0.10253985225128928], [0.31784727929448076, 0.41451942607698583, 0.115125170970929, 0.15250812355760446], [0.3121977904634402, 0.14291919127528835, 0.24698113288580087, 0.29790188527547057], [0.3337766527795801, 0.1306941807139356, 0.39639389510959155, 0.13913527129689274], [0.2823097831761062, 0.3858432941874941, 0.20656781819935444, 0.12527910433704523], [0.18181887809064373, 0.3504431351800931, 0.10041979253538964, 0.36731819409387345], [0.3115528202374696, 0.23885638831509454, 0.3530755612416978, 0.09651523010573808], [0.3302040745018141, 0.29137659504147173, 0.14426645850089642, 0.2341528718558177], [0.15924468041687648, 0.08260736305903231, 0.38203986052180117, 0.37610809590229005], [0.23409474765756555, 0.10067384319020803, 0.5529117789651292, 0.11231963008709715], [0.13681084998637702, 0.1574556631450654, 0.5327778895328762, 0.1729555972356814], [0.09523229690313584, 0.1301581065912732, 0.44733582256225385, 0.3272737738433371], [0.1538055332668721, 0.6276126865559287, 0.11611591590838088, 0.10246586416881834], [0.17301623134783745, 0.6428109263102677, 0.10495462032949524, 0.07921822191239956], [0.11522102011419422, 0.2477472350424964, 0.30359589145736127, 0.3334358532859481], [0.1623739825455603, 0.2594548943623028, 0.4414323072543841, 0.13673881573775282]], "ideal": "B", "sampled": "B", "correct": true}}
{"type": "result", "data": {"idx": 14, "options": ["provoking fear to drive their readers to action", "attacking the extreme communists who threatened to sink the entire movement", "demonstrating the understanding of the others in point of fact", "explaining the reasons for debunking opponents of communism"], "probs": [[0.38756452161860677, 0.1859450693524224, 0.13394743601971815, 0.2925429729092527], [0.3111058403738356, 0.174504708306072, 0.42525910376396, 0.0891303474561324], [0.3148178324066059, 0.28218318500738515, 0.09306661524040392, 0.3099323672456051], [0.31055932104815775, 0.2534555645603142, 0.3574663911382355, 0.07851872315329257], [0.2689685979009403, 0.5266033731900784, 0.07127753272727579, 0.13315049608170548], [0.33133879053752163, 0.4672473633772235, 0.11631964804320884, 0.08509419794204598], [0.09196070580754968, 0.6689695715235267, 0.08505853264673326, 0.15401118992219043], [0.111491904507746, 0.6829715879302412, 0.13241485746481518, 0.07312164999719767], [0.06366837247307122, 0.09707783856124295, 0.6634615115301202, 0.17579227733556557], [0.06310474173916701, 0.09622103046573381, 0.3204859518720542, 0.5201882758230449], [0.11829994577774235, 0.2583824251859743, 0.5139065094616603, 0.10941111947462309], [0.07601723479387391, 0.23783484525828633, 0.06921978729778695, 0.6169281325500529], [0.11127156844983987, 0.6816109011915651, 0.0664516200683649, 0.14066591019023011], [0.12996004811030515, 0.6703701764502598, 0.11834075565214398, 0.08132901968729109], [0.08119732140682778, 0.0891719236880776, 0.7237316369286644, 0.1058991178764302], [0.0864898594564829, 0.08784815250383082, 0.4257363835198267, 0.3999256044198596], [0.1501912414991416, 0.239991455649663, 0.5242419554807201, 0.08557534727047536], [0.12407330884561882, 0.32181529406277193, 0.063375937313058, 0.49073545967855126], [0.2699893571917025, 0.5453845573588317, 0.07382014008066223, 0.11080594526880362], [0.26602490742731794, 0.5373728074574728, 0.10749395535206395, 0.08910832966314525], [0.13977367361376336, 0.09024076599891326, 0.7098705515610491, 0.060115008726274274], [0.18658818441691877, 0.0881358168047136, 0.08410680355860249, 0.6411691951197651], [0.13965381368371962, 0.14865247571503665, 0.6357664919210032, 0.0759272185802405], [0.17512308701388143, 0.1521449462251052, 0.061478496339653604, 0.6112534703213598]], "ideal": "D", "sampled": "A", "correct": false}}
{"type": "result", "data": {"idx": 15, "options": ["the role of women in army regiments", "the running of a school for domestic servants", "the running of a school for girls", "the role of a woman in running her own domestic household"], "probs": [[0.0005504581548145991, 0.0012798657531115918, 0.002906864769783131, 0.9952628112222907], [0.0025486674310847036, 0.006357580927732897, 0.9812470611602543, 0.009846690380928117], [0.001020782956463797, 0.0047941984603240475, 0.10170710633131064, 0.8924779121519015], [0.001989889264003831, 0.005201827458677055, 0.9760166166386132, 0.016791666538705976], [0.0015645480518906934, 0.9852988577549565, 0.006286655756781864, 0.006849938336370916], [0.0014305012708942094, 0.9817102628808897, 0.006772539686204627, 0.010086696062011444], [0.00039990372421410206, 0.0010132566769189848, 0.0025473182256359286, 0.996039521273231], [0.0021333272878431243, 0.005363352557512123, 0.9830167221613878, 0.009486597893256928], [0.0005865690248013374, 0.001474656444002979, 0.001645179181535149, 0.9962935952496605], [0.002995626575992461, 0.007892441429707414, 0.9788181154068138, 0.010293816487486313], [0.0019569353758054696, 0.9825611628252675, 0.007741416277944517, 0.007740485420982518], [0.002066931130953414, 0.9825556443206813, 0.008910078164441152, 0.006467346283924112], [0.0012359875362451826, 0.004965270912867907, 0.19074201750715114, 0.8030567239437357], [0.0020875147598028027, 0.004853645211354665, 0.9770196759396363, 0.01603916398920614], [0.0006589319443729236, 0.0020777833855241605, 0.0018337438175282787, 0.9954295407525746], [0.003978113372969047, 0.01023800135732312, 0.9735302262266738, 0.012253658943033936], [0.0017741106169002602, 0.9782986742451937, 0.007707540025824899, 0.012219675012081177], [0.001854773189032042, 0.9836000436695179, 0.008121309062672185, 0.006423873978777815], [0.9777796590343322, 0.008865901951744196, 0.005592041026464038, 0.007762397887459567], [0.9783843618848892, 0.008268974178186917, 0.006050035175752974, 0.0072966286611708606], [0.9774057273044298, 0.009215536723708333, 0.005858059292385162, 0.007520676579476747], [0.9773889105824954, 0.009433853939843105, 0.007760386859540628, 0.00541684851812081], [0.9696788696563736, 0.010772415335401117, 0.006955588170976627, 0.01259312673724867], [0.9700681999419918, 0.012898092079139634, 0.00951099507515801, 0.007522712803710605]], "ideal": "D", "sampled": "D", "correct": true}}
