{"type": "result", "data": {"idx": 0, "options": ["0.005 C", "0.01 C", "0.02 C", "0.5 C"], "probs": [[0.25283148128748406, 0.15573736559570034, 0.28647937514064786, 0.30495177787616773], [0.26313322152247237, 0.16722616556636627, 0.1621022816229737, 0.40753833118818766], [0.2678166965547116, 0.15741275483900868, 0.280653182845857, 0.2941173656604227], [0.28434680180448574, 0.16975734394986644, 0.18646629986386815, 0.3594295542817797], [0.2771867976618859, 0.17342465657792677, 0.1934927668075645, 0.3558957788526228], [0.28128889200258705, 0.17876230178475896, 0.17878393827081027, 0.3611648678418437], [0.220436981907407, 0.16636527078768734, 0.36342747098827394, 0.24977027621663173], [0.24680777297451034, 0.2045724476370216, 0.1722914396644189, 0.37632833962404916], [0.23552079933668746, 0.1952183904205969, 0.26686491366646226, 0.30239589647625337], [0.23144209382603792, 0.20104277131931222, 0.1918608546065158, 0.375654280148134], [0.21871721416436135, 0.15750850500813832, 0.25173067668944576, 0.37204360403805453], [0.2215164204532529, 0.18361025226022387, 0.2180698267270189, 0.37680350045950434], [0.3147446623282006, 0.14183743941334467, 0.28655765729913585, 0.2568602408593189], [0.3395905246930058, 0.17613964043494443, 0.13935610858233133, 0.3449137261897184], [0.32217010852453043, 0.12613838909795136, 0.28877097365352644, 0.26292052862399173], [0.3567780553937808, 0.14639061687912924, 0.15105625985542354, 0.3457750677716664], [0.31878263230090315, 0.13707906210659654, 0.19947372672163072, 0.3446645787708696], [0.31043552424081644, 0.16612822810752206, 0.16614897052328367, 0.3572872770283778], [0.24655013886087904, 0.1495131469895851, 0.22800769928832298, 0.3759290147612129], [0.23599871639039402, 0.14089633313057018, 0.26326262555972707, 0.3598423248193087], [0.2438529914947826, 0.13891972807031056, 0.21518959423520387, 0.402037686099703], [0.2393978464543482, 0.14517449898536133, 0.2933011563335266, 0.32212649812676386], [0.24457229306975617, 0.15543174510486676, 0.20918199106178004, 0.390813970663597], [0.2545368969185923, 0.1721957176751556, 0.21432928738834947, 0.3589380979179026]], "ideal": "B", "sampled": "C", "correct": false}}
{"type": "result", "data": {"idx": 1, "options": ["the electric field produced by a finite-length charged rod", "the electric field produced by an infinitely long charged cylinder", "the electric field produced by an infinite plane of charge", "the magnetic field produced by an infinitely long, straight current-carrying wire"], "probs": [[0.18874132547438152, 0.09638131381958373, 0.2620516018345864, 0.4528257587714483], [0.21996954066137586, 0.10388745318049733, 0.2960323889577256, 0.38011061710040117], [0.21970691112030272, 0.1440547278983592, 0.13325615424457024, 0.5029822066367678], [0.2337987159524816, 0.1557128601471765, 0.3455597809440012, 0.26492864285634066], [0.23521745553074686, 0.22440693114550356, 0.1980918526167047, 0.3422837606070449], [0.21831573869065413, 0.19566017678897266, 0.3226768124179745, 0.26334727200239866], [0.18553235464322534, 0.08361110464144064, 0.24198846108230093, 0.4888680795330331], [0.2375126182795477, 0.09899064897500999, 0.2956146299543405, 0.3678821026911018], [0.2480276692263685, 0.12275559545388816, 0.14354658232346126, 0.48567015289628207], [0.2575696898418654, 0.14221657380653127, 0.38669255272846986, 0.2135211835231334], [0.24925056473278423, 0.17949283808942035, 0.23054123382015768, 0.34071536325763774], [0.24944317710055697, 0.18245919318846957, 0.3409837832852525, 0.227113846325721], [0.23247109351217618, 0.10476163028623099, 0.13881413637203624, 0.5239531397295566], [0.2511607762434431, 0.11318672700256865, 0.3598047276927901, 0.27584776896119817], [0.24055266613440732, 0.10506592886990553, 0.13706056057465435, 0.5173208443210328], [0.25248242174491975, 0.11924283560641774, 0.39109466641492757, 0.23718007613373493], [0.2606926327063847, 0.22644765138319772, 0.21278579118635166, 0.3000739246240659], [0.27598219695934234, 0.2435039096305067, 0.2552651724669601, 0.22524872084319086], [0.2700619399277515, 0.1275392174593225, 0.2274270951520467, 0.3749717473608793], [0.23205049333636069, 0.11849378048188688, 0.32219439741727396, 0.32726132866447843], [0.2826549242061889, 0.1273730768211619, 0.20359859145044248, 0.3863734074222067], [0.2719546677774034, 0.12448241371828099, 0.3229825938758296, 0.28058032452848597], [0.2878430528329517, 0.17183569328013842, 0.2241805974047802, 0.3161406563821297], [0.3025506183582579, 0.18634999074189987, 0.23563464334686587, 0.27546474745297633]], "ideal": "A", "sampled": "D", "correct": false}}
{"type": "result", "data": {"idx": 2, "options": ["electric field outside the object is zero", "the electric field outside the object is equal to the electric field inside the object", "the electric field outside the object is directly proportional to the distance away from the center of mass of the object", "the electric field outside the object, but very close to the surface, is equal to the surface charge density at any location divided by the permittivity of free space"], "probs": [[0.11232794158771858, 0.12336286993106545, 0.13764180344190005, 0.6266673849393158], [0.11431582015393837, 0.11979759215563035, 0.4452162583051297, 0.32067032928530165], [0.10556318609850969, 0.12149563430524851, 0.11594981699022462, 0.6569913625060172], [0.1334098219703918, 0.14651627182167665, 0.42404613979184413, 0.2960277663160874], [0.06482098037124255, 0.6055416960480154, 0.1102964744849566, 0.21934084899578538], [0.08375216711417635, 0.6093243081651027, 0.11814246196606422, 0.18878106265465663], [0.13073086445072865, 0.10180882135932953, 0.1435964522308359, 0.6238638618591059], [0.12602358679632986, 0.09365105348928886, 0.4683409491207468, 0.31198441049363446], [0.1281638173965459, 0.12039000808860494, 0.13019618681699854, 0.6212499875978506], [0.16623179864474302, 0.14899680396938442, 0.4312593913198845, 0.25351200596598805], [0.1130830828161132, 0.5229633009793916, 0.12818511211141928, 0.23576850399307597], [0.13326500056230542, 0.5524397389729481, 0.1292168911462156, 0.18507836921853088], [0.11567027748930994, 0.09588719189048636, 0.11212190894243147, 0.6763206215777722], [0.14808722446348227, 0.10665603835374252, 0.49331012403143876, 0.2519466130513364], [0.1167775041087358, 0.10466969870002443, 0.10633775717234677, 0.672215039918893], [0.17522913922573088, 0.13433576518433082, 0.45460991014718166, 0.23582518534275662], [0.13755329212184464, 0.5111287970810695, 0.1511197550932664, 0.20019815560381948], [0.12651994275675196, 0.5583051262464956, 0.152668576871132, 0.16250635402562036], [0.6127463900692576, 0.09693017167685922, 0.0882771869685653, 0.20204625118531788], [0.6390631556220864, 0.10109429428854334, 0.08514944890968426, 0.174693101079686], [0.5768386806989846, 0.11006452306100566, 0.09416969259884551, 0.21892710354116424], [0.6749036060007182, 0.10510435307821295, 0.07631934149100596, 0.14367269933006288], [0.6199584648880178, 0.10940339496683335, 0.12793746684655785, 0.142700673198591], [0.6647780736748345, 0.10515616951390551, 0.10518317041637668, 0.12488258629488322]], "ideal": "D", "sampled": "D", "correct": true}}
{"type": "result", "data": {"idx": 3, "options": ["Less, because the tension in the string varies directly with the wave speed, which varies inversely with the wavelength.", "Greater, because the tension in the string varies directly with the wave speed, which varies inversely with the wavelength.", "Greater, because the tension in the string varies directly with the wave speed, which varies directly with the wavelength.", "Less, because the tension in the string varies directly with the wave speed, which varies directly with the wavelength."], "probs": [[0.2888021640966913, 0.2320082772743125, 0.3172002623479419, 0.16198929618105432], [0.30554851886554807, 0.2099568694619984, 0.33559674021225944, 0.14889787136019414], [0.32310728198358757, 0.243843667001291, 0.3231294549121026, 0.10991959600301883], [0.3356119543996991, 0.25727049663789536, 0.20356946601483622, 0.20354808284756928], [0.3417232410653173, 0.18575048859982465, 0.35258684346845887, 0.11993942676639915], [0.2711900351138408, 0.17780864932210444, 0.27120118118191444, 0.2798001342821403], [0.27624862971749153, 0.21509617244393142, 0.33847850053384915, 0.17017669720472792], [0.24423670766295424, 0.2293948828944647, 0.33911460634655116, 0.18725380299602987], [0.3138820096325965, 0.19033638633638658, 0.3906567598086149, 0.10512484412240197], [0.24323243262767982, 0.17791341508506922, 0.2713622490993316, 0.30749190308791935], [0.28518177568837944, 0.24772416250859175, 0.3605390002681905, 0.10655506143483827], [0.28990834516504577, 0.2680707235653741, 0.1901385606614566, 0.25188237050812357], [0.2670086025924703, 0.2797731160837781, 0.25479856130913014, 0.19841971991462154], [0.2775698386621019, 0.31942302937362266, 0.19993682799535845, 0.20307030386891703], [0.23581649712076722, 0.22148250371212005, 0.33782345556551757, 0.20487754350159515], [0.26043662038170723, 0.26038571801583266, 0.25641440960563455, 0.22276325189682558], [0.22817898474375437, 0.19209975574777055, 0.3479568465587287, 0.23176441284974636], [0.2468331192807723, 0.18920576490102836, 0.34271269606446586, 0.22124841965373346], [0.2561857402068491, 0.20904734728630045, 0.2903155386157591, 0.24445137379109136], [0.26460952352647904, 0.24087863385887084, 0.2646201629558875, 0.22989167955876263], [0.29744504992833404, 0.2624426405631527, 0.2625109474840227, 0.17760136192449053], [0.30953287152732933, 0.2907198580594256, 0.20300475646001317, 0.1967425138532319], [0.2586083113888578, 0.1833319514806521, 0.35349786278050715, 0.20456187424998296], [0.24843285975356094, 0.18748006222757463, 0.33432835337156597, 0.22975872454729848]], "ideal": "C", "sampled": "A", "correct": false}}
{"type": "result", "data": {"idx": 4, "options": ["I only", "II only", "II and III only", "(E) I, II, and III"], "probs": [[0.09168497267152746, 0.07482577692358475, 0.1006974853318632, 0.7327917649730246], [0.1644035889905239, 0.11655711916318004, 0.5144377524724607, 0.20460153927383537], [0.0916452983910765, 0.08812563645707286, 0.09909072362926465, 0.7211383414225859], [0.1927098328211294, 0.16223951891226804, 0.46960729874499163, 0.17544334942161094], [0.2097952726212536, 0.3568381475103139, 0.18807162903072133, 0.24529495073771113], [0.21465121847185398, 0.3171704803736875, 0.22495520783067893, 0.24322309322377955], [0.09437300474831731, 0.10692464798196274, 0.1330833762695187, 0.6656189709002013], [0.1568914847482754, 0.156851907262969, 0.46843434771485754, 0.21782226017389802], [0.09417861558779124, 0.11903562963255548, 0.13280640343282146, 0.6539793512468318], [0.17205795387606895, 0.1641436641626773, 0.4463112585349917, 0.21748712332626202], [0.177427969374141, 0.3875382965025959, 0.22431059666816722, 0.21072313735509587], [0.18346794344331316, 0.3764314426742202, 0.1893068438992233, 0.2507937698832433], [0.12120544931836139, 0.12502992896797094, 0.08797767978159894, 0.6657869418320688], [0.22174039312412586, 0.20823459076197331, 0.40783768338879617, 0.16218733262510462], [0.1187531465544815, 0.12838053319420495, 0.12061555322944308, 0.6322507669218704], [0.1826877146776617, 0.16891627011994156, 0.431464165405996, 0.2169318496964007], [0.254036497479747, 0.33646537374165864, 0.23493617330837085, 0.17456195537022354], [0.2523685508282786, 0.3729116188918395, 0.15547407366899926, 0.21924575651088263], [0.27214549347149863, 0.2987958014430345, 0.15265198630642332, 0.27640671867904354], [0.2640749513838861, 0.28543218967444445, 0.20245847103955333, 0.24803438780211612], [0.27994448360898805, 0.22137394875121613, 0.23572166612952597, 0.26295990141026987], [0.2570485549028529, 0.21978308913247643, 0.24526070786827056, 0.2779076479964001], [0.26470452938866806, 0.21596460364036693, 0.2999305769490864, 0.21940028992187857], [0.26148566601045725, 0.23801030216221122, 0.23074479398804154, 0.26975923773928995]], "ideal": "D", "sampled": "D", "correct": true}}
{"type": "result", "data": {"idx": 5, "options": ["Equal to the block\u2019s gravitational potential energy when it was released, because total mechanical energy must be conserved.", "Equal to the block\u2019s gravitational potential energy when it was released, because the gain in kinetic energy compensates for the mechanical energy lost to thermal energy on the rough incline.", "Less than the block\u2019s gravitational potential energy when it was released, because the gravitational potential energy was converted both to thermal energy and to kinetic energy.", "Less than the block\u2019s gravitational potential energy when it was released, because the work done by the friction force must be greater than the block\u2019s gain in kinetic energy."], "probs": [[0.1985085814548283, 0.19538586421997123, 0.3430714709138964, 0.26303408331130407], [0.18081117070413816, 0.17521222271486714, 0.388919662234599, 0.2550569442463957], [0.18863329936316914, 0.1690390034280507, 0.42518494608390023, 0.2171427510248799], [0.18432049176756374, 0.1961672276633429, 0.2640775104485496, 0.35543477002054374], [0.24315571782541587, 0.18638792632146436, 0.3272669016987644, 0.24318945405435538], [0.1729045134801584, 0.1549612959336666, 0.18698312994533461, 0.4851510605408404], [0.22593498227721118, 0.22943584618658247, 0.3040865957432882, 0.2405425756929181], [0.2307455401937564, 0.2533693460348589, 0.3057569380837731, 0.21012817558761165], [0.22188655201023888, 0.19575627729593004, 0.38345379776260674, 0.1989033728312243], [0.18009381679460348, 0.1946688654227108, 0.34184108633075183, 0.28339623135193387], [0.22458035086204436, 0.18906840961872926, 0.38813716747660076, 0.19821407194262564], [0.19748776541855897, 0.2168355382837572, 0.26999459874886117, 0.31568209744882264], [0.15507496660775458, 0.29423975503125244, 0.3606495207090706, 0.19003575755192242], [0.1758503063830534, 0.3284978372425458, 0.20563292765748964, 0.2900189286169112], [0.14251230230955797, 0.26621442237175436, 0.4322689344370547, 0.15900434078163295], [0.13625945961659278, 0.33720471481317155, 0.20459776844111147, 0.32193805702912415], [0.1307779887419692, 0.1328185538164642, 0.4637633699836504, 0.2726400873579162], [0.10068272798246636, 0.1088493540774215, 0.39211571212662094, 0.39835220571349117], [0.12511736899062734, 0.43672501659347496, 0.24125599806614145, 0.19690161624975622], [0.10979052377693027, 0.3892464513350601, 0.15730456219402006, 0.3436584625939896], [0.11909816749487306, 0.23682389347337773, 0.45667506796937235, 0.18740287096237687], [0.10066964701308143, 0.29127348117464064, 0.24536367306707654, 0.3626931986452014], [0.11227716337098714, 0.12329342776356882, 0.5033152623967386, 0.26111414636870545], [0.08522624267601328, 0.09962510019661824, 0.5222049795401928, 0.29294367748717565]], "ideal": "C", "sampled": "A", "correct": false}}
{"type": "result", "data": {"idx": 6, "options": ["The small block is most likely to slide off when the original block is at maximum displacement from the equilibrium position, but will not slide off as long as the coefficient of static friction between the blocks is greater than kA/[(M+m)g].", "The small block is most likely to slide off when the original block is at the equilibrium position, but will not slide off as long as the coefficient of static friction between the blocks is greater than kA/[(M+m)g].", "The small block is most likely to slide off when the original block is at maximum displacement from the equilibrium position, but will not slide off as long as the coefficient of static friction between the blocks is greater than (M+m)g/(kA).", "The small block is most likely to slide off when the original block is at the equilibrium position, but will not slide off as long as the coefficient of static friction between the blocks is greater than (M+m)g/(kA)."], "probs": [[0.27513678219328014, 0.17212202117378747, 0.2505377977515381, 0.30220339878139424], [0.33650273582703627, 0.1665231610149986, 0.23492281486609987, 0.26205128819186524], [0.2977339536329215, 0.18626672962630578, 0.23189050755892388, 0.2841088090818489], [0.3555522858740975, 0.1577296703896149, 0.2225058525578199, 0.2642121910784677], [0.32127862208018737, 0.17737456625790188, 0.29714979832926786, 0.20419701323264286], [0.3530900214937381, 0.16415299740632475, 0.22444322520908208, 0.2583137557908551], [0.2612505671679747, 0.1584066372239122, 0.234208415464364, 0.3461343800437491], [0.29731385245839237, 0.19799726594482453, 0.2543275171708433, 0.2503613643259398], [0.2890241996800332, 0.18366202436544657, 0.31253978141192795, 0.2147739944425923], [0.28349875133635427, 0.1614892112381552, 0.3162898577601886, 0.2387221795653019], [0.2982032939225746, 0.18656252600715348, 0.22162887782069374, 0.2936053021495782], [0.34289061508787105, 0.14975300206604633, 0.20476139774716604, 0.3025949849989166], [0.321263487288066, 0.17735910149590167, 0.23504952733774606, 0.26632788377828626], [0.28211015039677384, 0.203135621480661, 0.2413142287294021, 0.27343999929316304], [0.32620717613681155, 0.18873198974933433, 0.23496041139277776, 0.25010042262107635], [0.31093949539740107, 0.1975803106465097, 0.2875829381593019, 0.2038972556967873], [0.25172512970656813, 0.17027383533581555, 0.25974797425807883, 0.31825306059953745], [0.30066242811057403, 0.15592795608868576, 0.27808544036945404, 0.26532417533128616], [0.28364683906966387, 0.17198593143951935, 0.33686231057572996, 0.20750491881508681], [0.2934801665692154, 0.2016428470899536, 0.2935026375209631, 0.21137434871986788], [0.31165968246083287, 0.1720560146431537, 0.21421056770391356, 0.3020737350920999], [0.2738640091700874, 0.20991628495490322, 0.22007199285428386, 0.2961477129207255], [0.23500170161462772, 0.14473979389322492, 0.2387332504560223, 0.3815252539361251], [0.26348146793591687, 0.19271439311961405, 0.2761591374597956, 0.2676450013846735]], "ideal": "A", "sampled": "B", "correct": false}}
{"type": "result", "data": {"idx": 7, "options": ["0.005 J", "0.01 J", "0.05 J", "0.1 J"], "probs": [[0.18692180791001614, 0.18113552302002822, 0.2987057908877911, 0.33323687808216457], [0.19296042906739552, 0.17565810940383803, 0.3181561576727189, 0.31322530375604757], [0.2064931300153562, 0.16849956651584086, 0.31982584354841936, 0.3051814598203835], [0.18917725978390057, 0.1405549794294946, 0.3534423708562268, 0.316825389830378], [0.20625030685015874, 0.20945341570885428, 0.26483466823977314, 0.3194616091012138], [0.20845380423368648, 0.2150276303076293, 0.22190120814011763, 0.3546173572185666], [0.2299291044243719, 0.18761970100910821, 0.27304619547974496, 0.3094049989867749], [0.21201884744431326, 0.1703200340100676, 0.3232955336247444, 0.2943655848208747], [0.23960225281703557, 0.1955120563311568, 0.2322259396082395, 0.3326597511435681], [0.19257706114844347, 0.1386759707390277, 0.4013830363142986, 0.2673639316982302], [0.2351833695655814, 0.25029307228367387, 0.1980411678646475, 0.3164823901860972], [0.23466366968205854, 0.2536700254274543, 0.2103488649061587, 0.30131743988432846], [0.24081839798082552, 0.11918381689179061, 0.34494960561632937, 0.2950481794110545], [0.21196320966691895, 0.10993655188677877, 0.383820032793943, 0.2942802055523593], [0.23540621292006655, 0.16430389389827232, 0.2884243342461548, 0.31186555883550626], [0.20899168210659078, 0.1458628410314412, 0.37257616042749886, 0.2725693163344692], [0.24533502755095934, 0.28676196929925046, 0.12727688251653105, 0.34062612053325914], [0.2439027090381283, 0.26366071088929083, 0.18410644756382444, 0.30833013240875645], [0.23535465490387755, 0.13832225981991314, 0.342437167656833, 0.28388591751937625], [0.2430197108898797, 0.14736177684510354, 0.26690222023301585, 0.34271629193200087], [0.27471913247227464, 0.17732508911951833, 0.24624662121178184, 0.3017091570964252], [0.2641945481036159, 0.18152794240089934, 0.24054545161702823, 0.31373205777845653], [0.3078019733239186, 0.18374494111220754, 0.15967673600050036, 0.3487763494633735], [0.2435944305535615, 0.15003308205197724, 0.30792554292205665, 0.29844694437240465]], "ideal": "C", "sampled": "D", "correct": false}}
{"type": "result", "data": {"idx": 8, "options": ["v0^2/(2\u03bcg)", "v0^2/(\u03bcg)", "2v0^2/(\u03bcg)", "mv0^2/(\u03bcg)"], "probs": [[0.2163722663901441, 0.2865927815150724, 0.18221034107770334, 0.31482461091708014], [0.20501908352382564, 0.24725411461422728, 0.2251799370841519, 0.32254686467779514], [0.19315773822395826, 0.17860976392061856, 0.3723462036578899, 0.2558862940975333], [0.18803553281334215, 0.1880045831015456, 0.20017538962746628, 0.423784494357646], [0.19450590633119605, 0.18268861548167692, 0.36913062468366226, 0.2536748534034648], [0.19961966277573107, 0.22265296671670676, 0.168103247735685, 0.4096241226718772], [0.17815484370230536, 0.3487619809273106, 0.1700108374486851, 0.303072337821699], [0.17154395067335496, 0.3204359018352298, 0.20693423725281376, 0.3010859101386015], [0.17843780185640343, 0.17023612810810942, 0.323122208132651, 0.3282038618028361], [0.1640257661770802, 0.1614554798224719, 0.26212417686159517, 0.41239457703885274], [0.1864311220097208, 0.20471301367749542, 0.33760159701306813, 0.2712542671997156], [0.1922754553446259, 0.25072441249737504, 0.1863636876862751, 0.370636444371724], [0.18878526900201184, 0.20092511181946357, 0.3996945022909374, 0.21059511678758716], [0.18445401991275295, 0.2405387157282328, 0.18447179699911503, 0.39053546725989924], [0.18800562618282907, 0.2197625040788233, 0.3099933862376164, 0.2822384834007312], [0.16744512068377695, 0.22883326962040448, 0.2019928663470087, 0.40172874324880986], [0.18176948344839536, 0.17072568105207864, 0.2859854229694166, 0.3615194124301094], [0.16803150866641614, 0.16030984637594947, 0.2685315826704316, 0.4031270621872028], [0.1701476871797168, 0.2184382378836585, 0.38950422402301554, 0.22190985081360917], [0.1660144229369572, 0.30530242038601624, 0.1660325725518304, 0.3626505840251962], [0.17181935392630446, 0.2008433281923161, 0.32102154725495824, 0.30631577052642117], [0.17469345480283846, 0.25413562330234096, 0.17745276226100454, 0.39371815953381606], [0.1628530520888152, 0.1436924530032367, 0.26435298512774597, 0.4291015096802021], [0.15473990034164428, 0.13868511961668756, 0.31752568338846, 0.38904929655320813]], "ideal": "A", "sampled": "A", "correct": true}}
{"type": "result", "data": {"idx": 9, "options": ["0.5 s", "1 s", "2 s", "4 s"], "probs": [[0.19855079655371843, 0.24704562510855838, 0.3222861443605831, 0.23211743387714004], [0.18029304799741475, 0.23880036951298564, 0.29726444786006506, 0.2836421345295346], [0.18753056039747806, 0.22971659332750496, 0.3343212305281911, 0.24843161564682587], [0.18591265101491974, 0.2424251698843828, 0.3366541513962537, 0.23500802760444373], [0.17378542084424445, 0.23380683708545247, 0.3146968232480426, 0.2777109187222605], [0.188650605232766, 0.2421830856232591, 0.34161549294131943, 0.22755081610265548], [0.18019069192423487, 0.20096803600661836, 0.387481260634022, 0.23136001133512477], [0.1700336336919505, 0.1896480917740955, 0.3599749505159892, 0.2803433239179648], [0.2047798751867692, 0.28872412010041304, 0.2670887668597524, 0.23940723775306533], [0.17603598270986467, 0.23316026874296394, 0.36121743375597115, 0.22958631469120022], [0.17928434105133742, 0.32458902931294786, 0.20961459532006851, 0.2865120342156462], [0.17338443774085582, 0.29488067937284307, 0.3091070261554653, 0.22262785663083579], [0.2364994471507121, 0.16765800366599665, 0.3838684913708626, 0.21197405771242864], [0.2317823836506799, 0.17766690781923403, 0.37620852514941033, 0.21434218328067572], [0.2661819835093267, 0.2276187159673856, 0.292336383204325, 0.21386291721896267], [0.219584115734073, 0.19987972973136858, 0.36772828194611745, 0.21280787248844096], [0.23940314770018978, 0.3271564992716162, 0.18644563018399318, 0.24699472274420078], [0.2251574382054619, 0.3326904673655215, 0.19870380749526248, 0.24344828683375408], [0.2410166453619693, 0.15316150396298825, 0.3452369714077151, 0.26058487916732737], [0.24552944692617565, 0.1609800534841347, 0.36285985870637466, 0.23063064078331502], [0.26983307819596786, 0.1943063731525525, 0.25747399457755826, 0.27838655397392137], [0.23862496794981777, 0.18291411746955288, 0.34719910179483565, 0.23126181268579368], [0.2757738622915745, 0.2510380855668319, 0.21815195542240484, 0.25503609661918875], [0.2516007087634627, 0.24001936254456482, 0.27204113790591394, 0.2363387906860585]], "ideal": "B", "sampled": "D", "correct": false}}
{"type": "result", "data": {"idx": 10, "options": ["The average kinetic energy of the hydrogen gas is greater than the nitrogen gas.", "The average force exerted on the container by the hydrogen gas is greater than the nitrogen gas.", "The density of the hydrogen gas is less than the nitrogen gas.", "The pressures of the gases cannot be compared without knowing the number of molecules in each container."], "probs": [[0.11733297740240582, 0.07116017330858397, 0.26033824097731023, 0.5511686082117], [0.1907244913629074, 0.10368073758047668, 0.2689835331307731, 0.4366112378258428], [0.12856234991940754, 0.1285509654319173, 0.1930072960960767, 0.5498793884525984], [0.22205184397861116, 0.1840650886113161, 0.313169538943445, 0.2807135283666277], [0.21088922335913732, 0.13194766835961017, 0.2175969364663462, 0.4395661717149063], [0.22677769578878176, 0.12521487100019985, 0.3568133009072969, 0.2911941322037215], [0.11449504642533714, 0.11271125822132241, 0.23494897780453092, 0.5378447174488096], [0.16873290145894074, 0.17136858912687217, 0.2613588053131649, 0.3985397040010222], [0.12406665085505549, 0.1519973575916881, 0.2840203642561133, 0.43991562719714306], [0.17462654149832665, 0.2073521433957866, 0.24246684843161678, 0.37555446657427], [0.17947103769157047, 0.11768222818022316, 0.3514297447108084, 0.35141698931739795], [0.14794892401889737, 0.10166929143401453, 0.3898455587350149, 0.36053622571207317], [0.13633289931841322, 0.12806180118233848, 0.20467710492948346, 0.5309281944697648], [0.2263886596574198, 0.18188450957678085, 0.3143381429247911, 0.2773886877410082], [0.12881877153293847, 0.07691464056622911, 0.26024757068066956, 0.5340190171201629], [0.20581562968383146, 0.11015016666555223, 0.29948702674707306, 0.3845471768035432], [0.25852257294367365, 0.11833903448034225, 0.3646133161374913, 0.2585250763384928], [0.2636916417719972, 0.13677502084720372, 0.25559935732906186, 0.3439339799517372], [0.19004239065850675, 0.1870759119707959, 0.23287888113903377, 0.39000281613166354], [0.2127128924898315, 0.20938960581743118, 0.2731695987556516, 0.30472790283708573], [0.19541960695640623, 0.10960549625205207, 0.31232184356410775, 0.382653053127434], [0.17158446820783338, 0.10569569976251034, 0.33599858721714126, 0.386721244712515], [0.20228559982456093, 0.17572651359031757, 0.3182893882844083, 0.3036984982007132], [0.19240876400373963, 0.18646890756719336, 0.26717157363476995, 0.35395075469429704]], "ideal": "D", "sampled": "D", "correct": true}}
{"type": "result", "data": {"idx": 11, "options": ["Move the boy to half his original distance from the fulcrum.", "Move the girl to double her original distance from the fulcrum.", "Allow a second girl of mass m to join the first.", "Move the fulcrum to half its original distance from the boy."], "probs": [[0.23883366938279396, 0.1693447704346227, 0.19801947767571496, 0.39380208240686837], [0.25853760588788105, 0.16431699180849277, 0.29760064465411623, 0.27954475754950997], [0.25775322699581793, 0.15151022598882702, 0.23840809221279863, 0.3523284547025564], [0.2734496972719476, 0.15337235191040396, 0.28660277383449956, 0.2865751768831489], [0.279098728338381, 0.18589849873274508, 0.24250754394881188, 0.292495228880062], [0.2608928978182253, 0.17928883431549092, 0.24510878322057578, 0.314709484545708], [0.245845753365441, 0.1689529246632874, 0.21030381396573403, 0.37489750790553755], [0.2609132152262719, 0.15578019153169087, 0.3098739292945357, 0.27343266384750153], [0.24721713713447213, 0.13439802335334103, 0.24724325887198856, 0.3711415805401983], [0.2618559676700033, 0.14459366035784735, 0.29215107235821414, 0.3013992995139352], [0.29320940809312035, 0.1863539842531589, 0.2179151656695122, 0.30252144188420854], [0.2750399153410517, 0.18035418062126404, 0.22803317347918256, 0.31657273045850165], [0.25714799376020303, 0.1442322709381551, 0.24158854420170459, 0.35703119099993724], [0.28293770970462184, 0.1422513297393426, 0.2874187869651608, 0.2873921734908747], [0.25485503349117833, 0.13640128007372598, 0.23206923340152566, 0.37667445293357], [0.2684821904248717, 0.14146201943511846, 0.28582308971213016, 0.30423270032787963], [0.2954410016241272, 0.1556639075123572, 0.2488053440798863, 0.3000897466836293], [0.28171687014366553, 0.17626945233188399, 0.2646679737701377, 0.27734570365431277], [0.303992688625454, 0.1504675149767135, 0.23676478860394803, 0.30877500769388444], [0.26215978672982904, 0.15170916461294245, 0.22778608713893858, 0.3583449614182899], [0.3201000690140105, 0.18236412106120847, 0.18239964542949105, 0.31513616439528996], [0.2904553239975794, 0.17341827310864802, 0.19654427785432194, 0.33958212493945067], [0.3068407980242257, 0.17480471207525553, 0.23898359418554632, 0.27937089561497247], [0.3010540424848123, 0.17421310099927292, 0.24192227468918842, 0.28281058172672635]], "ideal": "D", "sampled": "D", "correct": true}}
{"type": "result", "data": {"idx": 12, "options": ["The high temperature water will rise to the top of the container until it has cooled and then mixes with the alcohol.", "The molecules of the water continue to have a higher kinetic energy than the molecules of the alcohol, but the two liquids mix until the energy is spread evenly throughout the container.", "The hot water produces thermal radiation that is absorbed by the cold alcohol until the kinetic energy of all the molecules is the same.", "The water molecules collide with the alcohol molecules, transferring energy until the average kinetic energy of both the water and alcohol molecules are the same."], "probs": [[0.015167519998595454, 0.07702743067591322, 0.02600650609939537, 0.881798543126096], [0.04115895641469896, 0.06325441560124791, 0.8077624150037365, 0.08782421288031665], [0.013860160302808072, 0.02470833030662531, 0.04838075052711614, 0.9130507587634504], [0.05620625346721147, 0.07330703871163492, 0.6742836957921025, 0.19620301192905112], [0.01801174816762597, 0.9026283646911196, 0.03844348233257407, 0.040916404708680305], [0.015266598094090308, 0.9228299161652541, 0.024404972244862398, 0.03749851339579318], [0.03284971211404256, 0.014806667168416866, 0.03608237763927919, 0.9162612429782614], [0.040292286477250604, 0.016408004657996706, 0.9030072695506098, 0.04029243921414286], [0.03169459565303725, 0.026481500632689885, 0.015328981409057514, 0.9264949222052153], [0.1403093727410976, 0.05581081801870034, 0.7239306271721804, 0.07994918196802168], [0.16200624344365647, 0.726134059035681, 0.03532285602289793, 0.07653684139776468], [0.18292186616359596, 0.6691593876118541, 0.0762755836017827, 0.07164316252276719], [0.01441811954019055, 0.0096803161549977, 0.124569268014854, 0.8513322961899578], [0.036162586451565094, 0.01681764317172997, 0.8901265294997202, 0.05689324077698473], [0.03021834209096487, 0.05471764463594517, 0.01776788929100062, 0.8972961238820893], [0.0979951977930541, 0.08124226209837988, 0.7242784391471894, 0.0964841008613766], [0.06690797420934488, 0.7658369782904406, 0.029934956705732537, 0.13732009069448192], [0.11594531770340447, 0.6075900241690508, 0.1942328228922626, 0.08223183513528211], [0.6686363046946697, 0.04046423616560478, 0.19458895661975742, 0.09631050241996804], [0.7622662810303433, 0.034820851064794274, 0.05970665834137767, 0.14320620946348475], [0.7989087878614931, 0.08823679583911667, 0.03376025036593995, 0.0790941658334502], [0.744433911650172, 0.09316724935854438, 0.07487576175195147, 0.08752307713933213], [0.6609034266781856, 0.08270863848918968, 0.03502894421570492, 0.22135899051691982], [0.6284474027518487, 0.07743163285766719, 0.19469577876441296, 0.09942518552607116]], "ideal": "D", "sampled": "D", "correct": true}}
{"type": "result", "data": {"idx": 13, "options": ["4 s", "2 s", "0.06 s", "0.03 s"], "probs": [[0.18586955303492114, 0.2580036039990094, 0.23495795880700798, 0.32116888405906147], [0.18648820279961661, 0.21459970406831405, 0.359465433943143, 0.23944665908892637], [0.19281563735510873, 0.232532329313519, 0.23623741374745166, 0.3384146194839206], [0.23429021935177063, 0.23061006456125574, 0.30082313119810034, 0.23427658478887328], [0.18152621927610393, 0.32355205185611224, 0.22241253321368218, 0.27250919555410164], [0.2084738611966514, 0.3129054009601493, 0.2635366916392957, 0.21508404610390358], [0.20068309905209594, 0.2496994435358356, 0.22387209376671902, 0.32574536354534944], [0.196918621639587, 0.20312368867750258, 0.3510405122882755, 0.24891717729463494], [0.22725899041074307, 0.24185929781131152, 0.22025697915692355, 0.3106247325210218], [0.2541362307095273, 0.2277522350954912, 0.3263001989053195, 0.19181133518966198], [0.19658886480120485, 0.3559190438605779, 0.20283012694566077, 0.2446619642925565], [0.21638954328487695, 0.32478461634203254, 0.28222400788298313, 0.17660183239010735], [0.14612557210244148, 0.244672242448185, 0.2998379513297345, 0.309364234019639], [0.16291967794519113, 0.27708505342729917, 0.2996538147185387, 0.260341453808971], [0.15090721619248484, 0.233689796399205, 0.29088612954559573, 0.32451685776271444], [0.17676482656408932, 0.2653029420887135, 0.32007678267596856, 0.2378554485712286], [0.15868368743263322, 0.28728765246379445, 0.2575646340589451, 0.2964640259446273], [0.17832003797774543, 0.29857212746990386, 0.2676818112415884, 0.25542602321076224], [0.24736871560033213, 0.21824558727482785, 0.2983670025278881, 0.2360186944969519], [0.28979110283053133, 0.2327944303399818, 0.2517531178378671, 0.2256613488916198], [0.2727234999968601, 0.22603984511677797, 0.26431531105252387, 0.23692134373383808], [0.2934793321041637, 0.2394679706890717, 0.258971520009713, 0.2080811770970515], [0.28560048338895094, 0.22586990890628417, 0.24426831302584326, 0.24426129457892165], [0.29033335175193703, 0.22961071937140332, 0.2643275777931656, 0.21572835098349408]], "ideal": "B", "sampled": "D", "correct": false}}
{"type": "result", "data": {"idx": 14, "options": ["10 N/kg", "4 N/kg", "2 N/kg", "0.5 N/kg"], "probs": [[0.10607751378788603, 0.20766605280001985, 0.4195624260217421, 0.26669400729035203], [0.13740705157048894, 0.22651252485800422, 0.4232581618490476, 0.21282226162245924], [0.11522745082356849, 0.24774741570228742, 0.33342608060871504, 0.30359905276542903], [0.15537576708314502, 0.2406119077701232, 0.4223658723434238, 0.18164645270330798], [0.15296930984930215, 0.36121924880821843, 0.25617419217493553, 0.22963724906754385], [0.1634507005729139, 0.34597363549030685, 0.3053660644975999, 0.1852095993391794], [0.1204115044582323, 0.13641785354282548, 0.44044702283087483, 0.3027236190680674], [0.1552496197813245, 0.16014405547829738, 0.4286493616062526, 0.25595696303412546], [0.12270870149926642, 0.32834628465726445, 0.2153577522372251, 0.333587261506244], [0.16299483178416133, 0.24085231122946243, 0.4500520526912771, 0.14610080419509908], [0.1671402180668302, 0.353784862588368, 0.23205120620409697, 0.24702371304070483], [0.1794719397842226, 0.324933677879265, 0.35139223929705987, 0.14420214293945247], [0.12808342467582035, 0.14286151739810093, 0.4070428372071865, 0.32201222061889223], [0.17217256847511028, 0.15429989302254962, 0.47537169710836924, 0.19815584129397087], [0.1222789363572546, 0.20475043624079522, 0.23940500677784313, 0.433565620524107], [0.15787487514787754, 0.16541943703042833, 0.48628402557797024, 0.19042166214372389], [0.17748317649625664, 0.38760389048765026, 0.21745509555117598, 0.21745783736491708], [0.1896589994240883, 0.4141921400609673, 0.2552129327995672, 0.14093592761537724], [0.12444537691353982, 0.16227893287885237, 0.3954831004420349, 0.31779258966557294], [0.14452498090386495, 0.17429748695232397, 0.4314641484623073, 0.24971338358150377], [0.13618549297325444, 0.24656047679818283, 0.25842937054346454, 0.3588246595850982], [0.15796229006316725, 0.2059815346097372, 0.4570726385691762, 0.17898353665791936], [0.15493946804227357, 0.26766698752149554, 0.2594673257965459, 0.31792621853968495], [0.16845997664257184, 0.26086827332545515, 0.37373479083213695, 0.19693695909983605]], "ideal": "B", "sampled": "D", "correct": false}}
{"type": "result", "data": {"idx": 15, "options": ["\u03c3/2\u03b5o, down", "\u03c3/2\u03b5o, up", "\u03c3/\u03b5o, down", "\u03c3/\u03b5o, up"], "probs": [[0.1883167177250419, 0.3253304361971728, 0.1854049414210881, 0.3009479045566972], [0.2018995405173784, 0.3126671500290979, 0.1727035446413634, 0.3127297647121603], [0.1922921005164571, 0.16703759875545254, 0.34282253636765103, 0.29784776426043935], [0.18537582178980325, 0.16102969404890619, 0.29624712022788524, 0.3573473638334054], [0.18430140612666568, 0.23293942210729077, 0.23298680779988246, 0.34977236386616106], [0.20245494851479223, 0.2403761851715359, 0.1962294666077424, 0.36093939960592947], [0.18523884093755072, 0.2737242619974513, 0.20030118821497245, 0.34073570875002546], [0.18120849130725758, 0.30343005058115297, 0.21186894176271814, 0.3034925162488713], [0.17278585093656637, 0.23246878729624623, 0.2289164249208598, 0.3658289367463276], [0.18661057112985796, 0.2672697483956387, 0.1571490545198057, 0.3889706258546976], [0.17649333703223238, 0.1792427503657732, 0.31960991974286695, 0.32465399275912743], [0.17088247541600315, 0.1682060334299349, 0.2817519012964649, 0.37915958975759706], [0.16783875475395332, 0.20560540563204305, 0.34982607286391304, 0.2767297666500906], [0.1776925298737734, 0.21767703862282867, 0.307036991281845, 0.297593440121553], [0.1736685510352713, 0.3000213846267458, 0.24877807866198653, 0.27753198557599634], [0.18235683982804274, 0.3053522796728518, 0.197184121505096, 0.31510675889400946], [0.16198015452762132, 0.28423795524731976, 0.22140355735894654, 0.3323783327661124], [0.16854183625296906, 0.2569617965107762, 0.23400631893330706, 0.34049004820294765], [0.16637335468098718, 0.34133642399866737, 0.21364324964468204, 0.27864697157566337], [0.18366711265500216, 0.31238332665841156, 0.18657097674525946, 0.3173785838413268], [0.1593398451645775, 0.201392978409655, 0.3321097790862806, 0.3071573972394869], [0.16551087805366527, 0.22619093420112807, 0.26866067031373125, 0.3396375173314754], [0.1618055403070769, 0.2246112525238493, 0.25456708667116806, 0.35901612039790576], [0.16176310180000106, 0.2505114376294441, 0.25055375692723036, 0.33717170354332443]], "ideal": "A", "sampled": "A", "correct": true}}
