{"type": "result", "data": {"idx": 0, "options": ["inflation had already impacted the economy before the fiscal stimulus.", "the economy initially had some unemployed resources.", "aggregate supply decreased.", "aggregate demand is steeply sloped."], "probs": [[0.039568139142377376, 0.8461484690422862, 0.04148358664173436, 0.07279980507360197], [0.060430279057233055, 0.7716368206076024, 0.08134370053956971, 0.08658919969559477], [0.04299453837715214, 0.06711279900205151, 0.7563865522158687, 0.13350611030492762], [0.0240409387646941, 0.040575446961605977, 0.03995091318410365, 0.8954327009895963], [0.06987604982913949, 0.10009013487552061, 0.7283394660690953, 0.1016943491262446], [0.03403560279542032, 0.0816443895415638, 0.0332513733462973, 0.8510686342167185], [0.7911654284189025, 0.07244213626366458, 0.053009403410634134, 0.08338303180679876], [0.7374974919677452, 0.07894580634015044, 0.10460476342426038, 0.07895193816784404], [0.8055163767026046, 0.06210977608966124, 0.05745266801367606, 0.07492117909405814], [0.8750059994927932, 0.04710103408972938, 0.03500831655845065, 0.04288464975902669], [0.8136219229923557, 0.07449778029885633, 0.05201671547636431, 0.05986358113242367], [0.8379593487781801, 0.06877743193851775, 0.043724949768186784, 0.04953826941511533], [0.0434219739944941, 0.05888892907060524, 0.8005743890392752, 0.09711470779562544], [0.025624458316932986, 0.03907146764315661, 0.045684644106334174, 0.8896194298335762], [0.05177098049263191, 0.7850991380831072, 0.07774501343083652, 0.0853848678934244], [0.04706538858190919, 0.8475708396167272, 0.04857697728005424, 0.056786794421309364], [0.023468504758250814, 0.03258198756574281, 0.02787264151298145, 0.916076866063025], [0.06639343848795723, 0.0776222152857516, 0.7720356718700568, 0.08394867425623437], [0.061636714003244227, 0.06359293477029906, 0.8121483536930291, 0.06262199743342767], [0.03825088032227668, 0.038249867043364666, 0.03885788654463139, 0.8846413659897273], [0.0679163897311219, 0.7774356793427145, 0.08455222403257781, 0.07009570679358575], [0.06396009456204171, 0.816763038485534, 0.05917509296373726, 0.06010177388868699], [0.04444386437090847, 0.03922066837157003, 0.03713906183467454, 0.8791964053228469], [0.08272132646454641, 0.08143930500405111, 0.7491275406234758, 0.08671182780792669]], "ideal": "B", "sampled": "B", "correct": true}}
{"type": "result", "data": {"idx": 1, "options": ["II III and IV only", "I and III only", "II and IV only", "III and IV only"], "probs": [[0.2768532335481356, 0.2366983741285137, 0.19630451498452756, 0.2901438772388231], [0.2696214776735978, 0.23783694132792454, 0.20997301993493697, 0.28256856096354066], [0.25147165346780104, 0.23612417361019108, 0.2362126268977567, 0.27619154592425116], [0.23974442061222143, 0.22866029567191562, 0.1987339644859465, 0.33286131912991646], [0.2521580196986469, 0.260062608991822, 0.17879526581757355, 0.3089841053919576], [0.24958043167333682, 0.24560451844892453, 0.16365556146471996, 0.3411594883130187], [0.21415955145243334, 0.2705793718809418, 0.23154156252723504, 0.28371951403938983], [0.20949352409811559, 0.2565557436852123, 0.260708041782178, 0.2732426903344941], [0.20455620876060482, 0.1617148792326431, 0.3118968261183809, 0.3218320857883712], [0.20628685371859878, 0.1580791818365084, 0.1849091405954566, 0.4507248237494362], [0.19304512151568196, 0.18994784070219756, 0.3084897054648408, 0.3085173322172797], [0.20277861665152053, 0.1816711804836149, 0.16549821936166315, 0.45005198340320146], [0.23035729732721305, 0.26501145166454665, 0.22676322676169522, 0.2778680241465451], [0.21639532693858657, 0.24895291776096032, 0.21978510259024564, 0.3148666526102075], [0.20722493527247512, 0.1827749013717982, 0.33114448186423967, 0.278855681391487], [0.21416028588176955, 0.18889703864534294, 0.16419556512727063, 0.4327471102456169], [0.20455800299622473, 0.17217010514460043, 0.27525502850723005, 0.3480168632519448], [0.19908511333174134, 0.16756288214217174, 0.1702794980999122, 0.4630725063261747], [0.21655585514990133, 0.23044783561451973, 0.23784937670979758, 0.31514693242578135], [0.19527135205487686, 0.23180658422158962, 0.2247474424391517, 0.3481746211843818], [0.19455456151940292, 0.16376035915881848, 0.32583947995505286, 0.31584559926672573], [0.2044438032105057, 0.15668313993363228, 0.1405138459431453, 0.4983592108127167], [0.19623572830032343, 0.1412800529267167, 0.29001757067495815, 0.3724666479980017], [0.19029603613059087, 0.13278803030134506, 0.20575382996894984, 0.47116210349911425]], "ideal": "D", "sampled": "A", "correct": false}}
{"type": "result", "data": {"idx": 2, "options": ["The price level rises but real GDP falls.", "Both the price level and real GDP rise.", "The price level rises but the change in real GDP is uncertain.", "Real GDP rises but the change in the price level is uncertain."], "probs": [[0.07956913079143771, 0.6874495166552619, 0.10380213144594705, 0.12917922100735335], [0.0899390862801275, 0.6543397805283817, 0.12686396944947034, 0.12885716364202038], [0.07330137654334527, 0.101773897587923, 0.74053765991087, 0.08438706585786174], [0.03751305681214958, 0.0558749931757346, 0.08521444682003831, 0.8213975030920775], [0.08414083718412131, 0.10309198497694971, 0.7385022043443321, 0.07426497339459681], [0.039650589223711334, 0.07349804043034856, 0.1086410879980165, 0.7782102822479235], [0.7027771524589109, 0.14501367615958552, 0.06959029338252744, 0.08261887789897611], [0.6929579766010296, 0.14523927433113407, 0.07775320625263146, 0.08404954271520478], [0.6998663000052635, 0.1489964436515916, 0.07852801738287532, 0.0726092388602696], [0.733034911901227, 0.11965769063277114, 0.08619722716593141, 0.06111017020007037], [0.674754718630945, 0.16025216398269293, 0.08315073450119072, 0.08184238278517127], [0.6727753676464311, 0.14777700161120716, 0.10158025914665741, 0.07786737149570432], [0.10594687215122316, 0.14035616290819167, 0.6391195416139377, 0.11457742322664746], [0.043059622766449965, 0.07210982140627635, 0.09705137113094285, 0.7877791845963308], [0.09219003605203865, 0.6603062250595537, 0.11123126164801123, 0.13627247714039636], [0.0992709308872055, 0.6784832971835655, 0.12750273751678476, 0.09474303431244427], [0.04986109042300044, 0.10638498997345171, 0.08158041733057435, 0.7621735021729735], [0.08510072037026792, 0.10265592790578222, 0.7127323958379287, 0.09951095578602112], [0.13808025932720314, 0.10753702026785734, 0.6693001638167919, 0.08508255648814755], [0.15657457941060998, 0.11634701662609316, 0.1541767888239343, 0.5729016150393625], [0.1347151795373558, 0.6327891709473803, 0.12079351689227784, 0.11170213252298605], [0.16617111112770702, 0.6174562848839935, 0.13148879101252506, 0.0848838128757744], [0.13192210386400074, 0.14042861105161972, 0.0980565904314565, 0.629592694552923], [0.13113742283836394, 0.10054826881188388, 0.6981114924381536, 0.0702028158115985]], "ideal": "D", "sampled": "B", "correct": false}}
{"type": "result", "data": {"idx": 3, "options": ["result in lower domestic prices.", "sometimes raise and sometimes lower the amount of the product sold domestically.", "lower the amount of the product sold domestically.", "raise the amount of the product sold domestically."], "probs": [[0.05795263012452389, 0.5763234753176985, 0.15034996643723425, 0.21537392802054336], [0.05164536280582578, 0.6052260623723797, 0.12391932769070134, 0.21920924703109307], [0.05491608110482344, 0.1469702598858852, 0.6093649977090488, 0.18874866120024258], [0.03899218238183054, 0.09726958032424343, 0.10436373209315389, 0.7593745051007722], [0.03747074445225893, 0.07689161139299001, 0.6192996135963944, 0.26633803045835663], [0.014664244385906843, 0.04446958240841412, 0.29229649000133456, 0.6485696831043445], [0.10808643436036154, 0.04833575260009126, 0.39547985085244347, 0.44809796208710373], [0.18130199879534992, 0.06988726659742386, 0.2402239626439191, 0.5085867718633071], [0.3578463169734981, 0.32575979582866976, 0.06266776425012292, 0.25372612284770923], [0.37953354903787995, 0.3245268334994622, 0.1938185196677465, 0.10212109769491134], [0.3410979781621984, 0.2783373573267971, 0.08423978771738384, 0.2963248766936207], [0.31529215444887077, 0.31029484135229124, 0.26547804867768965, 0.10893495542114832], [0.09775316913082607, 0.05883428497577609, 0.6578759182773587, 0.1855366275160392], [0.04869440197457697, 0.03618742525215671, 0.18237449226939836, 0.732743680403868], [0.21774348806686394, 0.4755868627795717, 0.08200868474565312, 0.22466096430791122], [0.27532584087760864, 0.47565237746069605, 0.16440566249944547, 0.0846161190622498], [0.10057396070301475, 0.12714638288338023, 0.06294537569494575, 0.7093342806186592], [0.27797706462762956, 0.25701756922474045, 0.3740704460180267, 0.09093492002960334], [0.05385944779749886, 0.054289800796140264, 0.6932506171144383, 0.19860013419192263], [0.017410179014656833, 0.028040734108092935, 0.23118022796948348, 0.7233688588077668], [0.0627537448846659, 0.25808006714743503, 0.06947033158345459, 0.6096958562844444], [0.12695250103027428, 0.4033909499747133, 0.3345224608820307, 0.13513408801298168], [0.06190832004753798, 0.11749570903121463, 0.05421863536157403, 0.7663773354596733], [0.17988720148179513, 0.32062688102513764, 0.4054409736274528, 0.09404494376561447]], "ideal": "C", "sampled": "B", "correct": false}}
{"type": "result", "data": {"idx": 4, "options": ["expansionary monetary policy.", "contractionary monetary policy.", "a depreciating dollar.", "fiscal policy designed to reduce the budget deficit."], "probs": [[0.16614103563168767, 0.13139821783477693, 0.42424449952538973, 0.27821624690814567], [0.06248196399915926, 0.05428198092173942, 0.08540397155062397, 0.7978320834284773], [0.20805094574029193, 0.3708356188240382, 0.13225038939511255, 0.2888630459405573], [0.18198122895840455, 0.277450216270815, 0.21612075935172909, 0.3244477953190513], [0.11904435390731943, 0.17050785586803122, 0.19324705866641279, 0.5172007314582365], [0.12507451696711192, 0.1580813628848852, 0.4794887756974198, 0.23735534435058306], [0.16862216338882197, 0.12725035655343056, 0.4173207220417065, 0.28680675791604093], [0.06781103069906734, 0.05891022392795151, 0.09713521360339797, 0.7761435316695832], [0.21006393035969198, 0.43775069012030543, 0.11783836650317137, 0.23434701291683122], [0.1956343381750801, 0.34329996021086145, 0.2287318442344196, 0.23233385727963882], [0.10768842191710991, 0.12787118838650963, 0.15426244184908905, 0.6101779477472914], [0.13270942759626203, 0.16004964887013237, 0.4779369137041422, 0.22930400972946338], [0.2894764157996256, 0.1525099231892329, 0.16236921659368164, 0.3956444443174599], [0.29545975947645553, 0.12904623870475634, 0.23008921858815884, 0.3454047831306293], [0.28902592390788395, 0.2147463048855402, 0.14761285042440422, 0.34861492068217165], [0.23662804337668766, 0.1651557359795323, 0.29910811027189005, 0.29910811027189005], [0.22603454509994414, 0.4029118298213548, 0.15535716247920828, 0.21569646249949276], [0.19850897491214953, 0.3886226357336247, 0.20804525599715973, 0.20482313325706603], [0.14060102611269754, 0.10948978526525217, 0.09970148055303686, 0.6502077079690134], [0.1818064247841696, 0.13507893277608804, 0.48654232954457716, 0.19657231279516518], [0.15006426794529157, 0.12246696847345281, 0.11505872240739594, 0.6124100410738597], [0.18124104494305882, 0.1367784250605888, 0.47009797478689663, 0.21188255510945572], [0.21629635020582988, 0.5437354797891469, 0.10876743008148348, 0.13120073982353966], [0.22101830602516806, 0.5138511214294113, 0.12017248927859239, 0.1449580831668283]], "ideal": "B", "sampled": "C", "correct": false}}
{"type": "result", "data": {"idx": 5, "options": ["nominal GDP falls.", "the nominal interest rate falls.", "bond prices fall.", "the supply of money falls."], "probs": [[0.30750065351553885, 0.337694816160076, 0.09984525068941823, 0.2549592795349669], [0.27750174035342334, 0.3347065846199839, 0.12706703325035176, 0.260724641676241], [0.23218659429115515, 0.08811673104316721, 0.45464547177497455, 0.2250512027907031], [0.2602029008797356, 0.10348646547053583, 0.23326243731403457, 0.40304819623569405], [0.2789728856113862, 0.11270206829666395, 0.35824053408376605, 0.2500845119081838], [0.29779111130782965, 0.15690399149899187, 0.09820959556369943, 0.447095301529479], [0.6927814534566037, 0.10960125258661962, 0.08274812312154096, 0.11486917073523568], [0.6697732059783551, 0.107630004552494, 0.07999972819482593, 0.14259706117432497], [0.6787350025377062, 0.10407561575156654, 0.08765709203371562, 0.1295322895770116], [0.648300871598691, 0.10917904727904112, 0.08115108874036031, 0.16136899228190754], [0.7129109831592184, 0.07396944335967288, 0.08923871481872114, 0.12388085856238758], [0.7273542392622389, 0.08033468693190172, 0.06980919941277382, 0.12250187429308561], [0.2195117489737683, 0.10696856011102239, 0.443464938085622, 0.23005475272958734], [0.29030674260474804, 0.13926955848628014, 0.20910994394848859, 0.3613137548604832], [0.31865987415897024, 0.3783845035233044, 0.09719751101652493, 0.20575811120120044], [0.2884101271340923, 0.35890206691013943, 0.0981389582058996, 0.2545488476498686], [0.30866000963685775, 0.11004137998931579, 0.13913189430494274, 0.44216671596888374], [0.2573417944250914, 0.09466004088587561, 0.3517793013763524, 0.29621886321268054], [0.3005183726403117, 0.11405061524116769, 0.3513744279800478, 0.2340565840384728], [0.2929983291555624, 0.12404727836449454, 0.09220321956414734, 0.49075117281579567], [0.344219991874844, 0.2087548250493373, 0.17041431840060794, 0.2766108645752108], [0.3694085698597911, 0.23847787011133256, 0.12182817587994231, 0.270285384048934], [0.254678525144576, 0.0729586056683599, 0.14972858575660528, 0.5226342833304588], [0.26355780346549607, 0.07669134780108, 0.38352273625127126, 0.2762281123821527]], "ideal": "B", "sampled": "B", "correct": true}}
{"type": "result", "data": {"idx": 6, "options": ["means that no inferior products will be produced.", "implies that the economy's output is distributed evenly.", "means that those who work hardest will get more.", "implies that resources are used to produce the goods and services society desires in just the right amounts."], "probs": [[0.0009222460907682549, 0.001532416460323848, 0.001848482433156523, 0.9956968549157513], [0.005263844212797721, 0.008412325100725771, 0.9724552355871948, 0.013868594999281683], [0.0009067648310964224, 0.001554518955915621, 0.0031156728867596374, 0.9944230432262283], [0.006561544408440517, 0.007095399437309305, 0.9740843900759354, 0.012258665978314763], [0.006495417161613841, 0.9717213013997269, 0.010382572294299933, 0.011400709044359305], [0.006138463263889244, 0.9699258423959554, 0.010526991967797288, 0.013408702272358124], [0.0009439022898706874, 0.001656551831321011, 0.001906797855751662, 0.9954927479230566], [0.0055859630723959115, 0.010355490567408303, 0.9694557477892278, 0.014602798470967996], [0.0009063942751082557, 0.0015061087979371527, 0.003556837577851291, 0.9940306592491033], [0.004872134299159824, 0.007786226821137078, 0.9732434578421116, 0.01409818093759149], [0.006465528067355973, 0.9672191994906233, 0.012081809290493975, 0.014233463051526783], [0.005579169802690626, 0.9681897695350582, 0.012094037527258647, 0.014137023034992523], [0.001010666581727703, 0.0024055211803197343, 0.00301719916711482, 0.9935666129708377], [0.006334660214284014, 0.010609443627004287, 0.9702590747829672, 0.012796821275744451], [0.0008585293601566496, 0.0017478357883953834, 0.00294997312228247, 0.9944436616291655], [0.005137111380356242, 0.010297244124868604, 0.9715492734587584, 0.013016370936016767], [0.0053599166876718545, 0.9747882012336947, 0.009191697017331425, 0.010660184961301977], [0.005118512156221403, 0.9755972167635364, 0.009869028024291857, 0.009415242955950379], [0.9829550757258914, 0.006675451436853339, 0.0046606255531065, 0.005708847184148798], [0.9800642830037363, 0.007965914540493049, 0.005103822229331715, 0.006865980126438896], [0.9849135920400081, 0.005949161613743302, 0.004089110302007121, 0.005048135944241475], [0.9867143913598387, 0.005098019098974722, 0.003759254116361694, 0.00442833532482489], [0.9782426142889558, 0.008939544087742432, 0.005465417382270736, 0.007352424141031088], [0.9820384065124447, 0.007267737035533052, 0.005034724858606708, 0.005659131493415559]], "ideal": "D", "sampled": "D", "correct": true}}
{"type": "result", "data": {"idx": 7, "options": ["production within a nation's borders.", "production by a nation's citizens wherever they may be.", "income earned by the factors of production plus depreciation and indirect business taxes.", "(A) and (C)"], "probs": [[0.17130133890811242, 0.06203594196792836, 0.04539065164001831, 0.7212720673839409], [0.5190609538315942, 0.13122054542121742, 0.25296511489707457, 0.09675338575011384], [0.17499081919075646, 0.07180893473956831, 0.05013627595799683, 0.7030639700116784], [0.3382766838084126, 0.19883979567329338, 0.3080222927003971, 0.15486122771789695], [0.48037931318247656, 0.20023527739429836, 0.1634458750322928, 0.15593953429093224], [0.4104505952647972, 0.2568344993085774, 0.14185550384725654, 0.19085940147936883], [0.11047666930333193, 0.17379566182677197, 0.04940982346524261, 0.6663178453046534], [0.062383386534360236, 0.7600856337671716, 0.10286692413925348, 0.07466405545921469], [0.06681533057594716, 0.04965080246353144, 0.21909819214688933, 0.6644356747136321], [0.11792997796831309, 0.09775994409060144, 0.16631907966496184, 0.6179909981761236], [0.060162181322461976, 0.12538455098473422, 0.6077221472920162, 0.20673112030078755], [0.06520641691638267, 0.0863807288676655, 0.06623801687052103, 0.7821748372454308], [0.10018044037395296, 0.08703361612207673, 0.06076420435537843, 0.7520217390485918], [0.11418890462096107, 0.4733252034606244, 0.2271262308830787, 0.18535966093533582], [0.05908505531594033, 0.06907424664538729, 0.22651411197559168, 0.6453265859630807], [0.04435543484178653, 0.08221958893060197, 0.09317488481495703, 0.7802500913126544], [0.05359255129459811, 0.10574577708324652, 0.504572627998452, 0.3360890435237033], [0.029146085661631137, 0.058874471434571966, 0.07327738212455548, 0.8387020606792414], [0.059518743166777605, 0.5182676951919563, 0.20616866200429032, 0.21604489953697575], [0.05864481978036815, 0.5351981500179888, 0.1533457481955659, 0.25281128190607716], [0.028562047330036002, 0.16436127673758028, 0.6502351505870979, 0.15684152524528577], [0.02997012987255146, 0.08146792389936706, 0.05260568052634137, 0.8359562656017401], [0.07040379038336639, 0.2254931727088538, 0.3958476096923962, 0.3082554271153836], [0.031108831230392774, 0.08456140551001182, 0.05633579430097745, 0.827993968858618]], "ideal": "D", "sampled": "A", "correct": false}}
{"type": "result", "data": {"idx": 8, "options": ["accounting cost", "switching cost", "inferior cost", "opportunity cost"], "probs": [[0.0013375067870307442, 0.005947136225421089, 0.007881297604340774, 0.9848340592832074], [0.003574532299873577, 0.01413772938215052, 0.9684761933774031, 0.013811544840572764], [0.0017080736997230359, 0.00659861198936577, 0.0045370777316189, 0.9871562364792923], [0.0032968230102064836, 0.016482679883045324, 0.9582113549404416, 0.022009142066306556], [0.0012496837474771831, 0.9871037281976602, 0.004397889922094629, 0.0072486980327679034], [0.0016005114903942213, 0.9845743786991312, 0.005632268737200284, 0.008192840973274277], [0.0009533177005588534, 0.0028682260408071764, 0.006315989954468712, 0.9898624662041653], [0.002724835018248434, 0.007123375345222406, 0.978034138980103, 0.012117650556426114], [0.0010514384942247454, 0.003420525422737552, 0.0014837438763197677, 0.994044292106718], [0.0036320087138883806, 0.014937366976504161, 0.9687524242377503, 0.012678199971857096], [0.0012311624954412955, 0.9800300883531702, 0.003854681849970249, 0.014884067201418284], [0.0017733051770586817, 0.9855083539380267, 0.005133646702984788, 0.0075846940819297775], [0.0008129295356856938, 0.0020276292451436046, 0.002666404634874117, 0.9944930364842965], [0.0019010732204323704, 0.006635069632592287, 0.9773068201917366, 0.014157036855238631], [0.0013191737713953745, 0.0025426439002230097, 0.0018758680188953097, 0.9942623142094863], [0.0035672149026039377, 0.011515290735298167, 0.9740146021500883, 0.010902892112009642], [0.0014048530901941455, 0.9792075879906906, 0.004164068547868958, 0.015223490271246297], [0.0015910244064546804, 0.9863869970582312, 0.004128663511938688, 0.007893314923375484], [0.9863984826117254, 0.00199570767807076, 0.001860566366345306, 0.009745243243858594], [0.9875642182111619, 0.0024101303719686732, 0.002246906077051764, 0.007778745239817666], [0.9872807126568546, 0.002028949530424102, 0.0016692763660012529, 0.00902106134672005], [0.9911920138175655, 0.0021016936000954776, 0.002326627799412752, 0.004379664682926226], [0.9903657558767025, 0.002149653544129952, 0.0016875456845828933, 0.005797044794584662], [0.990567799694598, 0.00208393284774091, 0.0022711645291944643, 0.005077102828466619]], "ideal": "D", "sampled": "D", "correct": true}}
{"type": "result", "data": {"idx": 9, "options": ["there is no cyclical unemployment.", "the inflation rate is zero.", "there is no structural unemployment.", "the nation is experiencing a recession."], "probs": [[0.19557834285426837, 0.1571304727726295, 0.2396371555250936, 0.4076540287480085], [0.19080162046431828, 0.1606528162795585, 0.37946707006474495, 0.26907849309137827], [0.18458179852633913, 0.2643691559710606, 0.1350489536530487, 0.41600009174955155], [0.19967495500497728, 0.20279403612400537, 0.42938942773565847, 0.16814158103535887], [0.19548385134595606, 0.29342958765417954, 0.157083424270589, 0.3540031366292754], [0.2177681573009946, 0.29762585298538546, 0.26682878730737725, 0.21777720230624273], [0.06779231332435727, 0.5088333638646008, 0.15520115657688344, 0.26817316613415854], [0.07764001305578619, 0.5142796115700653, 0.18338598582379972, 0.22469438945034878], [0.09071453320286907, 0.26661033627453173, 0.28384555652188975, 0.3588295739007094], [0.08688471400699868, 0.26761480963821205, 0.24369555527741923, 0.40180492097737003], [0.09254597940522319, 0.24003112492568404, 0.45556822754035664, 0.21185466802873612], [0.08760855150221648, 0.341117940634994, 0.24572599872592035, 0.3255475090368692], [0.11169615224282373, 0.3837988278377096, 0.1265805578557027, 0.37792446196376395], [0.14509969515840504, 0.2885492953801898, 0.40698354219349764, 0.15936746716790748], [0.12794844423598742, 0.13618795166477793, 0.3880321565468855, 0.3478314474523492], [0.12320466603038982, 0.1417961236674652, 0.32462754522670745, 0.41037166497543753], [0.14230555512326468, 0.23460956798148386, 0.43158133935355647, 0.191503537441695], [0.12341661014415807, 0.278110010708773, 0.13986132203960594, 0.45861205700746294], [0.05737536888552984, 0.5979152649975071, 0.11774593064147276, 0.2269634353754903], [0.06735126179346693, 0.6193986765196916, 0.15662581310441248, 0.15662424848242898], [0.11173221467808153, 0.1412324011184604, 0.5248177051019371, 0.2222176790015209], [0.13163623604758198, 0.20707604904118826, 0.2920658377136537, 0.3692218770975761], [0.13723969867167468, 0.361569296132209, 0.29514847082370865, 0.2060425342724076], [0.10408825861103771, 0.3521193160623064, 0.1255667321089487, 0.4182256931177072]], "ideal": "A", "sampled": "A", "correct": true}}
{"type": "result", "data": {"idx": 10, "options": ["pay that amount to its trading partners.", "have a positive value of equal magnitude on its capital account.", "depreciate its currency.", "appreciate its currency."], "probs": [[0.3805929251859651, 0.22367692481678955, 0.2535384779823288, 0.14219167191491652], [0.3202109825416659, 0.2914841944572428, 0.14661321916384953, 0.24169160373724177], [0.49976233759954064, 0.25519925923774056, 0.12635532302685124, 0.11868308003586756], [0.5937443044371659, 0.2848138042171308, 0.07910804058303292, 0.04233385066267035], [0.3298052496733213, 0.19688701604476264, 0.10541114995402616, 0.3678965842278899], [0.3748729237807594, 0.2616105889842302, 0.2785783936129757, 0.08493809352203466], [0.1671218375062166, 0.32207890381933385, 0.3272539279356, 0.18354533063884954], [0.15739003056785172, 0.36022317942687515, 0.19286947237812202, 0.2895173175271511], [0.23868868819570915, 0.3754324782457642, 0.17192944161049314, 0.21394939184803344], [0.21254052853069785, 0.4160639767249792, 0.14159244719497388, 0.22980304744934907], [0.14742148532457247, 0.2753705813984527, 0.13010711191145208, 0.4471008212655227], [0.11873078824739201, 0.22526086361105746, 0.33826827243458496, 0.31774007560696554], [0.15807688075901566, 0.5517102499950794, 0.14171101163434852, 0.14850185751155642], [0.17435895875263183, 0.637727539543289, 0.12173608326481099, 0.06617741833926818], [0.22885564775396705, 0.2760032928905068, 0.25531425308671757, 0.23982680616880858], [0.2457321136944133, 0.2917400002187813, 0.18841488657497718, 0.2741129994118282], [0.24841123261624712, 0.20270534894737072, 0.4788274359486325, 0.07005598238774968], [0.29024101983501266, 0.29016109000995, 0.12482831812914218, 0.2947695719258952], [0.13828049495714556, 0.4533603455167618, 0.12014838217376927, 0.28821077725232336], [0.159488317958137, 0.506763391045269, 0.2629832883961776, 0.07076500250041637], [0.13660953937594933, 0.15477174518944836, 0.12438829241939253, 0.5842304229152098], [0.1710697684851617, 0.16574761022836085, 0.4723817039198905, 0.19080091726658702], [0.11687099884002936, 0.6619847214742955, 0.15244724763581058, 0.06869703194986447], [0.07301645698034585, 0.6819291684767806, 0.06149290106019531, 0.1835614733826782]], "ideal": "B", "sampled": "C", "correct": false}}
{"type": "result", "data": {"idx": 11, "options": ["The cash you receive from babysitting your neighbor\u2019s kids", "The sale of illegal drugs", "The sale of cucumbers to a pickle manufacturer", "The sale of a pound of tomatoes at a supermarket"], "probs": [[0.13818363177489032, 0.05850687971167096, 0.43919399013859894, 0.36411549827483974], [0.06457748215314577, 0.04040976583248275, 0.786854857225598, 0.10815789468877342], [0.25363607723775783, 0.5539921255745102, 0.05659826436658551, 0.1357735327211465], [0.3110508895276059, 0.3636126192771424, 0.2422678601330554, 0.0830686309621963], [0.249340325608334, 0.6467538089848232, 0.04135026535870793, 0.06255559994813496], [0.3241939733682265, 0.5180162613240937, 0.09734956592783592, 0.06044019927984393], [0.09833841012466121, 0.07658035877924967, 0.5659609262050171, 0.25912030479107195], [0.07629669223462189, 0.0584956074183833, 0.7354083553612584, 0.12979934488573647], [0.1894939726703232, 0.2714293437072798, 0.11859079487384813, 0.4204858886485489], [0.15770544030032008, 0.1552475382453707, 0.5769421377447401, 0.11010488360956908], [0.13414233421897814, 0.6300956967552342, 0.07644363207188122, 0.15931833685390637], [0.16990013292297354, 0.6118521048123818, 0.10146509034315547, 0.11678267182148917], [0.5368764435985979, 0.2135280743818062, 0.04582903800739617, 0.20376644391219972], [0.39552022824146227, 0.18105025048083798, 0.3330871661244386, 0.0903423550532611], [0.5080931933637951, 0.1098681944459539, 0.09253464168978175, 0.2895039704004692], [0.385338437081738, 0.09741642615465972, 0.42991263951272046, 0.08733249715088183], [0.5012706293586514, 0.31362982179233134, 0.12285173133940044, 0.06224781740961685], [0.5123044599827005, 0.3576002841502318, 0.05275254068076948, 0.07734271508629825], [0.734609694117309, 0.13801290300012023, 0.036864303855346364, 0.09051309892722433], [0.3815661966419123, 0.154143854960286, 0.393708109816281, 0.07058183848152061], [0.646019964422651, 0.09905825252100808, 0.0639686985533954, 0.19095308440294548], [0.5904390679356311, 0.13379923698906948, 0.16654754801185423, 0.10921414696344518], [0.6463325287860183, 0.18514478963472972, 0.11588724431264721, 0.05263543716660472], [0.6696600417072479, 0.21400831956523855, 0.047390662835130534, 0.06894097579238297]], "ideal": "D", "sampled": "D", "correct": true}}
{"type": "result", "data": {"idx": 12, "options": ["5 percent decrease", "\u00bc percent increase", "3 percent increase", "5 percent increase"], "probs": [[0.14084733601451094, 0.3540864778973283, 0.21146727466056225, 0.2935989113275985], [0.1551595833647312, 0.34423086972186606, 0.2366298593862737, 0.263979687427129], [0.16756183656396004, 0.37173943389540315, 0.1756243635072484, 0.2850743659333884], [0.1458844502038246, 0.33391919236414236, 0.26009728459627834, 0.26009907273575467], [0.16436523218014196, 0.4197190922330135, 0.13627833398305547, 0.27963734150378905], [0.15805368671900888, 0.40996227200924906, 0.16308577875140956, 0.2688982624203325], [0.13104447207365835, 0.3562176194592947, 0.22646086112833846, 0.2862770472387085], [0.12717317232966016, 0.3737846668254769, 0.23394388306698072, 0.2650982776778822], [0.13032405271305833, 0.37711290083202925, 0.1597007834707059, 0.3328622628842065], [0.12851742291707366, 0.3439338607424441, 0.25965077456174884, 0.2678979416787334], [0.15055424422171915, 0.3392739694754945, 0.23321504093505446, 0.2769567452677319], [0.13926388114395044, 0.3187732350690292, 0.28578513431991626, 0.256177749367104], [0.12880152993094887, 0.4495769403740501, 0.16541336732839187, 0.25620816226660914], [0.11241416632004977, 0.4377136826077484, 0.20042681692026493, 0.24944533405193686], [0.1283698918525703, 0.4342914923162914, 0.15247599097413983, 0.2848626247569985], [0.1295656263698712, 0.4315332471892838, 0.17712524531500537, 0.2617758810258396], [0.1444186397584108, 0.2534439525731685, 0.3057673229602085, 0.29637008460821224], [0.15860520301663306, 0.24950087067970078, 0.3574694990754286, 0.23442442712823755], [0.1317697724040771, 0.4320705403828523, 0.1614713024493125, 0.2746883846637581], [0.11509986853194587, 0.4412419764821081, 0.16749146821228628, 0.27616668667365973], [0.12598505802660565, 0.4681275854257648, 0.14732460895681276, 0.25856274749081676], [0.12662443517372365, 0.42838659878261603, 0.1931169628903868, 0.2518720030532735], [0.1551513121912095, 0.2639089007086566, 0.27233079884699013, 0.30860898815314375], [0.15901531514448197, 0.25409722704279436, 0.3366885831121967, 0.250198874600527]], "ideal": "D", "sampled": "B", "correct": false}}
{"type": "result", "data": {"idx": 13, "options": ["more effective in X because the policy will increase net exports.", "more effective in X because the policy will decrease net exports.", "equally effective in X and Y.", "less effective in X because the policy will decrease net exports."], "probs": [[0.372095898796069, 0.4022566823908507, 0.09707294786969102, 0.12857447084338924], [0.33986090402651425, 0.47178583812839286, 0.11931250120391043, 0.06904075654118244], [0.3287288346179069, 0.1872503664082902, 0.32876343511522677, 0.1552573637585761], [0.2885980095752965, 0.20141725840393943, 0.33220643791829757, 0.17777829400246647], [0.3369100143708147, 0.4750448237636216, 0.1201367619533917, 0.06790839981217196], [0.4009591757421446, 0.44028351718477543, 0.09017215265152465, 0.06858515432155535], [0.19809709030405295, 0.6101970990239811, 0.09286392963529459, 0.09884188093667129], [0.1861284998786362, 0.6396032666461313, 0.0996448188867586, 0.07462341448847391], [0.1579830426721374, 0.18465765483361213, 0.49437166025589924, 0.16298764213835124], [0.14244498098789285, 0.13589760457262995, 0.14929732456357417, 0.572360089775903], [0.19992479829485318, 0.23369288365265334, 0.45769315864606586, 0.10868915930642757], [0.22991738525960267, 0.290587416542695, 0.11206312142493895, 0.3674320766727634], [0.10105676571547843, 0.5213181181729764, 0.26219736550371364, 0.11542775050783159], [0.1030980476759566, 0.5035397076459196, 0.28697700802227344, 0.10638523655585033], [0.09973448590227227, 0.24110986163299622, 0.5105899229484623, 0.14856572941626922], [0.08236447782262415, 0.20867036436401037, 0.1503362964713463, 0.5586288612420192], [0.11489972128614007, 0.2671223202938248, 0.5482868984303878, 0.06969105988964723], [0.09309381124820423, 0.24525107595300658, 0.23776687783532327, 0.4238882348634659], [0.26355837461880416, 0.6032387995677685, 0.07205672272678475, 0.061146102986642616], [0.26870232217227347, 0.586848841842837, 0.08724219156132997, 0.05720664432355949], [0.2104651551309929, 0.2347497405342798, 0.4456079733817226, 0.10917713085300472], [0.22202800875067671, 0.23630165171116704, 0.10008246077779243, 0.4415878786603638], [0.15941905973747605, 0.18344923852039713, 0.5310327410166904, 0.12609896062543638], [0.149553153682211, 0.156699794761083, 0.210922612905077, 0.482824438551629]], "ideal": "D", "sampled": "A", "correct": false}}
{"type": "result", "data": {"idx": 14, "options": ["Unemployment falls with little inflation.", "Unemployment rises with little inflation.", "Unemployment falls with rampant inflation.", "Unemployment rises with rampant inflation."], "probs": [[0.45087736547713986, 0.2865223757053417, 0.08605087315478943, 0.17654938556272892], [0.49523654177791504, 0.25287608628525254, 0.08341143714458146, 0.16847593469225092], [0.43902031200625746, 0.27040045686644143, 0.10758508877450224, 0.1829941422527988], [0.41714456856325316, 0.27350221227712335, 0.08608500826418036, 0.22326821079544312], [0.4052981850711336, 0.23086646654980303, 0.16633077710705163, 0.19750457117201173], [0.3853754871121086, 0.26478700030720304, 0.10869791098481825, 0.2411396014958701], [0.10641969977193146, 0.6726158410967873, 0.07547689397199189, 0.14548756505928928], [0.07496372311341494, 0.7338824112803436, 0.057488683306707936, 0.13366518219953352], [0.05093381565395839, 0.08011981277008674, 0.748643583639248, 0.12030278783670692], [0.02458761160419245, 0.04775936325055331, 0.06736562638791323, 0.860287398657341], [0.09671382460947543, 0.08533903828394802, 0.6508169672610681, 0.1671301697455084], [0.023130936426548458, 0.03843118293229924, 0.03555103086446216, 0.9028868496766902], [0.018620267404503243, 0.9186227865420532, 0.027960909371480592, 0.03479603658196291], [0.013057699924301018, 0.9520647888373855, 0.015270974137326919, 0.019606537000986544], [0.06882098624111874, 0.15998809753195392, 0.6231876293626539, 0.14800328676427346], [0.053016703768050476, 0.3456865263596441, 0.09019623729502801, 0.5111005324772775], [0.0698674203326313, 0.11338913946459407, 0.6326434298408731, 0.18410001026190156], [0.029849966011935656, 0.06220310738666023, 0.12568267063084093, 0.7822642558705631], [0.022293054300738947, 0.8631910715324815, 0.04794914004409251, 0.06656673402268695], [0.021666799672879985, 0.8723562581259232, 0.034363164022196774, 0.07161377807900006], [0.04250322598562979, 0.14717834792888226, 0.5822914676003106, 0.2280269583851774], [0.00776045122457741, 0.08341811149800349, 0.039103647458685144, 0.8697177897187339], [0.023886385896265374, 0.06543276581804464, 0.7608641258535552, 0.14981672233213472], [0.011689072843802509, 0.04769142122602788, 0.09486145825600616, 0.8457580475741634]], "ideal": "A", "sampled": "A", "correct": true}}
{"type": "result", "data": {"idx": 15, "options": ["70%.", "30%.", "40%.", "90%."], "probs": [[0.29491197716433915, 0.29952674798891543, 0.20911044259755818, 0.19645083214918724], [0.29722656910944295, 0.32134070031586465, 0.14260269275065696, 0.23883003772403544], [0.27076263039869375, 0.23520993394913375, 0.3020368606157122, 0.1919905749364603], [0.26506795076270345, 0.24511150984169727, 0.21632779931812654, 0.27349273997747275], [0.2963688284944511, 0.24564992646949915, 0.25746109311804205, 0.20052015181800764], [0.2737165133935158, 0.24917973946791175, 0.20338723364505656, 0.2737165133935158], [0.24177553838050495, 0.2613898930313516, 0.2697022081508738, 0.22713236033726963], [0.24957787616174273, 0.2827697055836418, 0.21014626008932996, 0.2575061580652855], [0.2254781126750535, 0.2805776595788758, 0.27195838091038044, 0.22198584673569022], [0.20715017923355128, 0.26594880616909344, 0.17995956806468785, 0.3469414464326674], [0.20374087380097763, 0.17423234358975379, 0.4051526365723579, 0.21687414593691065], [0.2595916726864812, 0.20530993050235688, 0.29874891484892435, 0.23634948186223756], [0.23465599558438754, 0.24588585288364187, 0.2920147049724491, 0.22744344645952155], [0.2286853389800981, 0.24723396087644933, 0.21148579365198852, 0.31259490639146403], [0.22966398980895775, 0.3138864431629543, 0.21574298188147153, 0.24070658504661643], [0.19546613969037932, 0.2888497541041795, 0.16718374938412453, 0.34850035672131663], [0.18106842848643892, 0.17274408812929687, 0.3657410009915912, 0.28044648229267305], [0.2440802603715957, 0.2087320387154702, 0.3284096717506063, 0.21877802906232782], [0.13653617078666191, 0.46918549613541166, 0.19866837569065213, 0.19560995728727426], [0.12369585588958053, 0.4454610546438951, 0.18862141019997616, 0.2422216791665482], [0.15769274531218025, 0.2404277175424474, 0.3724204301461686, 0.22945910689920374], [0.1841666290476555, 0.3083982879569713, 0.25172246979804097, 0.25571261309733223], [0.15565952889047438, 0.23002152485367472, 0.3453407040688867, 0.26897824208696425], [0.17677794658529178, 0.25718740009459023, 0.3354607572139728, 0.2305738960061452]], "ideal": "B", "sampled": "A", "correct": false}}
{"type": "result", "data": {"idx": 16, "options": ["prevent inflation.", "prevent recessions from occurring.", "prevent inflation and recessions from occurring.", "are government policies already in place that promote deficit spending during recessions and surplus budgets during expansions."], "probs": [[0.0021545016846737973, 0.003932134830771112, 0.008860510105811929, 0.9850528532787431], [0.006137905493150842, 0.013199973530493073, 0.9400048623410439, 0.04065725853531225], [0.0019465686029275157, 0.0043527917497616945, 0.008588571186084228, 0.9851120683612266], [0.009956551121279272, 0.022264402893080928, 0.9104787163730713, 0.057300329512568506], [0.006463992217013221, 0.9301378524130205, 0.022217017606355964, 0.04118113766361026], [0.005334726893092096, 0.9478977131828846, 0.01967108396343843, 0.027096475860584814], [0.0022939410375826604, 0.0028551684029593065, 0.009582522109121534, 0.9852683683503365], [0.005299232278489678, 0.007894366747215201, 0.9488520938989491, 0.037954306975346075], [0.006130635149671051, 0.01059339093765549, 0.014479575219609794, 0.9687963985930637], [0.018443992848042552, 0.028125306355725563, 0.9170327098471276, 0.03639799084910427], [0.017517008440287238, 0.9128597666874663, 0.020487128472293337, 0.04913609629995313], [0.022769894109328087, 0.8956695064651929, 0.036971058141899604, 0.044589541183579315], [0.0021895268946680257, 0.003934324889000191, 0.008263236268752467, 0.9856129118475793], [0.008448484906522162, 0.018311518355348087, 0.9103175589880091, 0.06292243765012058], [0.0029380126984803433, 0.0049983745145504195, 0.009192659122731966, 0.9828709535642373], [0.013625486359137014, 0.024103670614024717, 0.9116399620112726, 0.05063088091556564], [0.014118107845108446, 0.908508411815182, 0.028085360070835383, 0.04928812016887415], [0.017862500587810786, 0.888249693557737, 0.03842275209634461, 0.055465053658107645], [0.9095240881289217, 0.015527037988877878, 0.015899188903801115, 0.05904968487839932], [0.9262488466203651, 0.016832517426952336, 0.02265440668189776, 0.03426422917078477], [0.8952748186878352, 0.024613646810847125, 0.014249757875427326, 0.06586177652589038], [0.8503638600120872, 0.040709380511326186, 0.05107189026417106, 0.057854869112415525], [0.9069476160503995, 0.026131836792194715, 0.0273897332200948, 0.03953081383731092], [0.8796105095256282, 0.034102972888589975, 0.041464522031489204, 0.044821995454292524]], "ideal": "D", "sampled": "D", "correct": true}}
