{"type": "result", "data": {"idx": 0, "options": ["temporary dipoles created by the position of electrons around the nuclei in a molecule", "the three-dimensional intermolecular bonding present in all covalent substances", "the uneven electron-to-proton ratio found on individual atoms of a molecule", "the electronegativity differences between the different atoms in a molecule"], "probs": [[0.49466960111289515, 0.09292800255466067, 0.05053433180942436, 0.3618680644230198], [0.6357606175084471, 0.09596452891131264, 0.09449652622466108, 0.17377832725557918], [0.3758139619895033, 0.08383983314866487, 0.06530814407403047, 0.47503806068780136], [0.4827158666388415, 0.09959404614737294, 0.18610919351992938, 0.2315808935938562], [0.6437553379037749, 0.12093538068900844, 0.07000708907100311, 0.16530219223621348], [0.6730041678732759, 0.11693020468716551, 0.05271690103263854, 0.15734872630692007], [0.02196778588083807, 0.7866189640212382, 0.03650928363137328, 0.1549039663665505], [0.020964442119555168, 0.8506658038640359, 0.04799634605193394, 0.08037340786447501], [0.043283353841694835, 0.05601010015031729, 0.6117471364758535, 0.2889594094321343], [0.015486541245874733, 0.02083876548360917, 0.03490021461709706, 0.928774478553419], [0.04628060471326369, 0.056261100917291855, 0.7890041020655664, 0.10845419220387811], [0.020092206494036882, 0.020891964944616395, 0.02057009423835464, 0.938445734222992], [0.02879661810416348, 0.7905791805685065, 0.04323524504084259, 0.13738895618648744], [0.03245505332086421, 0.8050200705939258, 0.06017387630026326, 0.10235099968494671], [0.05816659291562936, 0.06288805903285272, 0.6452612419527594, 0.2336841059987585], [0.022928321928837318, 0.027014646576677348, 0.04119540078782981, 0.9088616306066555], [0.08371737965914257, 0.07503946608515417, 0.7010373724394897, 0.1402057817162135], [0.04980689398014684, 0.04534709181958912, 0.0490372005585837, 0.8558088135416804], [0.02810451346199036, 0.8607858886336904, 0.04154304352668175, 0.06956655427763749], [0.025642282876249606, 0.8761680035184495, 0.03167119432260597, 0.0665185191826949], [0.0738786138854471, 0.07387323456641698, 0.71204952256564, 0.14019862888249585], [0.03444009177675403, 0.03443870969409205, 0.028777831358439348, 0.9023433670707146], [0.10499914734505657, 0.07329583912354887, 0.6847586631090143, 0.1369463503223802], [0.056573209258817925, 0.040114276704863824, 0.045460817145641666, 0.8578516967906766]], "ideal": "A", "sampled": "A", "correct": true}}
{"type": "result", "data": {"idx": 1, "options": ["70 pm, 1402 kJ/mol", "86 pm, 898 kJ/mol", "135 pm, 523 kJ/mol", "40 pm, 995 kJ/mol"], "probs": [[0.16791027282256824, 0.30876525313254305, 0.17874472798870517, 0.34457974595618357], [0.15880451858237032, 0.30604049104311626, 0.13583820854500228, 0.3993167817295111], [0.16742846118581214, 0.2435478680553691, 0.21165701429430514, 0.3773666563645136], [0.15486697389523324, 0.2552788777311012, 0.13455627456284253, 0.4552978737108231], [0.15689080864626131, 0.22822271835513017, 0.2014585764318629, 0.4134278964667456], [0.15252407701915796, 0.228916545386823, 0.17016107571683586, 0.4483983017771832], [0.1714686998115762, 0.3253160021779662, 0.15132721806064284, 0.35188807984981474], [0.16810001681703204, 0.3139836238604265, 0.1506923161399519, 0.36722404308258955], [0.1636031169609474, 0.2961813001390541, 0.17146312209629377, 0.3687524607037047], [0.14592097045865401, 0.28122972182070516, 0.13709240537587958, 0.43575690224476127], [0.16694394744920377, 0.2585118335670455, 0.19826329651687866, 0.3762809223668721], [0.15638472138271511, 0.23841159043312143, 0.18001088498222778, 0.4251928031019357], [0.1527262112616962, 0.2897665966861787, 0.20234205412292394, 0.3551651378292011], [0.15019155589653507, 0.29863618911390766, 0.16756377613168874, 0.3836084787578686], [0.1518183499422843, 0.2971924245060321, 0.21411271391157977, 0.33687651154010384], [0.1417703819660747, 0.3048090131219102, 0.15571831629263796, 0.39770228851937717], [0.14872548204254213, 0.23393155980649102, 0.2001440852701804, 0.41719887278078643], [0.1430658059255524, 0.22154308193068334, 0.2081745353676959, 0.4272165766760684], [0.14197151573030295, 0.2822922509967956, 0.21313441115176812, 0.36260182202113334], [0.14088852072341668, 0.30291332437436597, 0.15474619768147055, 0.4014519571207468], [0.14927082207113362, 0.30623353437203127, 0.1691551407750711, 0.37534050268176405], [0.14345124576223733, 0.2764654498489219, 0.1900558350798546, 0.3900274692089861], [0.1365621049100062, 0.26733403598573624, 0.17536165785938282, 0.42074220114487476], [0.13440180512504019, 0.24333176054120043, 0.20818154761011493, 0.41408488662364445]], "ideal": "A", "sampled": "B", "correct": false}}
{"type": "result", "data": {"idx": 2, "options": ["ionic bonding", "nonpolar covalent bonding", "covalent network bonding", "metallic bonding"], "probs": [[0.16643195844606948, 0.08767937645508497, 0.191543441487675, 0.5543452235111705], [0.2142094054132713, 0.1128323592330848, 0.40643461976961703, 0.26652361548402687], [0.2074084903146944, 0.15898177568623406, 0.1360171058031735, 0.49759262809589805], [0.2234776649173786, 0.13131359413910454, 0.46570438835887756, 0.17950435248463928], [0.22029839933383463, 0.3926399104774669, 0.12950913274564854, 0.25755255734304994], [0.2433027181797676, 0.4010380267077174, 0.14757194234016377, 0.20808731267235128], [0.1410843878843367, 0.31296536323278734, 0.15018923579144622, 0.39576101299142974], [0.17577974234581917, 0.3036411955106423, 0.2440357469666981, 0.27654331507684043], [0.13139871762128777, 0.10890920798474703, 0.42414589132053965, 0.33554618297342553], [0.1280508593234478, 0.10449326148646616, 0.28409614504310876, 0.48335973404697724], [0.16601329292246375, 0.20654068318361013, 0.3406139168077101, 0.28683210698621603], [0.08884603529280073, 0.12528255580602948, 0.09758170693136961, 0.6882897018698002], [0.14830537691366943, 0.48621841091339396, 0.10517580452909601, 0.2603004075438406], [0.20249586710525563, 0.36656351532385617, 0.26825783853193025, 0.1626827789389579], [0.13347479301921547, 0.07723366983256272, 0.5196868621876645, 0.2696046748605574], [0.1258307565001595, 0.07281327355391728, 0.3756503518392057, 0.4257056180067175], [0.21214743182043097, 0.23658044713870505, 0.37816417939671076, 0.17310794154415318], [0.10181249980541687, 0.19623251842183087, 0.07806933158062024, 0.623885650092132], [0.2511427364822011, 0.30761783853646774, 0.14763496594688702, 0.2936044589344441], [0.2759569030121712, 0.3276077855439372, 0.1781659450675591, 0.2182693662763325], [0.15860727900490407, 0.09176580880456846, 0.5040037185642887, 0.24562319352623876], [0.1003324538368982, 0.05583880841173637, 0.11369156836326463, 0.7301371692881008], [0.18919453304894074, 0.11834711011577988, 0.5062527731486465, 0.1862055835866329], [0.10779765751332188, 0.063366016813006, 0.06852378542355399, 0.7603125401501182]], "ideal": "C", "sampled": "A", "correct": false}}
{"type": "result", "data": {"idx": 3, "options": ["Ag+(aq) + Br-(aq) \u2192 AgBr(s)", "NH4+(aq) + Ag+(aq) \u2192 Ag(NH4)3+2(aq)", "Br-(aq) + NO3-(aq) \u2192 NO3Br(aq)", "NH4Br(aq) + NO3-(aq) \u2192 NH4NO3(aq) + Br-(aq)"], "probs": [[0.19381595424055215, 0.23743174083273516, 0.06595096490800378, 0.5028013399187089], [0.25382188716441995, 0.28309524900154287, 0.18864128553892107, 0.27444157819511605], [0.22750385067918777, 0.15878761238441078, 0.10095967419451382, 0.5127488626418877], [0.21791217053606787, 0.1474226138954353, 0.4201339843469041, 0.21453123112159275], [0.24503443979770873, 0.436762780422515, 0.09157639871972273, 0.22662638096005353], [0.27007620153564743, 0.41173755592386574, 0.12366764983297407, 0.19451859260751275], [0.1964252260980415, 0.1933449919832118, 0.0844904979675261, 0.5257392838512206], [0.24777406082396441, 0.27206092664768255, 0.18129460241628811, 0.29887041001206494], [0.18230948253778534, 0.11586221360822926, 0.13132963290512756, 0.5704986708488579], [0.17091902452044816, 0.11745789953421062, 0.4298015970380851, 0.2818214788072561], [0.20968352496413495, 0.34565115891509857, 0.1711686747398467, 0.27349664128091977], [0.2109448219202445, 0.35321308580026584, 0.15195999358743775, 0.28388209859205193], [0.15876497515629504, 0.2273780218943204, 0.08498980152585707, 0.5288672013235275], [0.19416107524719955, 0.20028606353613684, 0.3923100291144443, 0.2132428320022193], [0.17321933346561907, 0.17590797994213433, 0.1172198722972399, 0.5336528141950067], [0.16369878241865338, 0.16112976254788342, 0.4052630187244171, 0.26990843620904603], [0.12388053996667268, 0.6291446919536533, 0.08788011549577915, 0.1590946524838949], [0.11418647828389916, 0.6571172768912016, 0.07974403707231519, 0.14895220765258405], [0.26794615969843993, 0.31318518696408165, 0.11525197785667612, 0.30361667538080234], [0.2968305900868388, 0.3208588611630781, 0.11625443224557336, 0.2660561164045097], [0.27714812752813234, 0.24837632474799715, 0.15548203884000447, 0.318993508783866], [0.2586233615616621, 0.2506079375493258, 0.12028324602831592, 0.3704854547606962], [0.28048248140996573, 0.3177516578472666, 0.10319804783616318, 0.29856781280660444], [0.23202423296147004, 0.3271296468256952, 0.08145703738666271, 0.35938908272617204]], "ideal": "A", "sampled": "D", "correct": false}}
{"type": "result", "data": {"idx": 4, "options": ["W", "Sb", "Fe", "An"], "probs": [[0.006077960583121269, 0.9679417439000866, 0.00971455422529932, 0.01626574119149286], [0.005074329305121175, 0.9671676647449595, 0.014800325822071556, 0.012957680027847772], [0.0097314779208814, 0.024089999157994396, 0.9327374565496912, 0.03344106627143295], [0.002884648921117905, 0.010887740914935176, 0.03625624934041334, 0.9499713607235336], [0.008478541873003138, 0.04272584155128778, 0.9207784729924325, 0.028017143483276514], [0.0031746817424335486, 0.018849401161436723, 0.01108061636422096, 0.9668953006319088], [0.9598560110119296, 0.02384115437437345, 0.006672493390039615, 0.009630341123657266], [0.9550952714731464, 0.025650023885951678, 0.012021517133559867, 0.00723318740734199], [0.9581026762295927, 0.019884345495453634, 0.011780406949411034, 0.010232571225542714], [0.9591412668349135, 0.01944478812640455, 0.012652032241010991, 0.008761912697670958], [0.9596636434589616, 0.023283303538385307, 0.010331549189967709, 0.006721503712685401], [0.965343934551012, 0.020669921855178762, 0.005830163495322505, 0.008155979998486721], [0.008735940782656935, 0.046500157516921804, 0.9053034773073069, 0.03946042429311438], [0.002454723902878743, 0.019460079976594588, 0.025577174217181163, 0.9525080218033455], [0.005150076325535553, 0.9664040537432894, 0.012949202783972125, 0.015496667047202942], [0.004059688326344875, 0.9705341867586436, 0.012802810306830534, 0.012603314508181088], [0.0020234297081952626, 0.012590755803097717, 0.015914245382325012, 0.969471569006382], [0.006868483461520216, 0.04078484773078022, 0.9210795085843265, 0.03126716012337305], [0.008416050137816416, 0.03201347207856008, 0.9355963934606882, 0.02397408422293521], [0.004937885800079646, 0.027976093068147807, 0.011215302978889521, 0.955870718052883], [0.005087704321416507, 0.9696236107329929, 0.012892123118361224, 0.01239656172722945], [0.00522253588618773, 0.9722795847680286, 0.008412281363818788, 0.01408559788196486], [0.002065020027661879, 0.008763005504278143, 0.022725521896671763, 0.9664464524713882], [0.0059907066344419, 0.016673148941521998, 0.9540103330911752, 0.02332581123286083]], "ideal": "B", "sampled": "B", "correct": true}}
{"type": "result", "data": {"idx": 5, "options": ["0.33 atm", "0.40 atm", "0.50 atm", "2.0 atm"], "probs": [[0.25267558910889526, 0.28183883005782634, 0.28632178473110115, 0.17916379600217724], [0.24891370909792843, 0.28200517821448984, 0.21625750288033802, 0.25282360970724377], [0.2344451844457785, 0.23809762296679846, 0.368835955821347, 0.15862123666607605], [0.22608398235688743, 0.2368893956437656, 0.2643205562613417, 0.2727060656380052], [0.25989313480002324, 0.19922189109847857, 0.2810050416310783, 0.25987993237041984], [0.2338081563207922, 0.17922873526168587, 0.28202324682599494, 0.30493986149152696], [0.20407929406273154, 0.29689320034118266, 0.31609745868569294, 0.1829300468103928], [0.1999201059189131, 0.31942940831391087, 0.2030777511943305, 0.27757273447284553], [0.21596271762905794, 0.22278172771409332, 0.38500352430979695, 0.17625203024705177], [0.19341658004797851, 0.21913448116484016, 0.26854010434297293, 0.3189088343442084], [0.19075755204565442, 0.18485252006433062, 0.36770330760070336, 0.2566866201893116], [0.19527247837129275, 0.20143242478490822, 0.2711120585991838, 0.33218303814461525], [0.18907984081342805, 0.28827571892731557, 0.34778184342591434, 0.17486259673334204], [0.1774636953891674, 0.30658975240502523, 0.2278796583186198, 0.2880668937871876], [0.2248057409780371, 0.22831578421191775, 0.38241740356539566, 0.16446107114464947], [0.19140186618735877, 0.22373748980106462, 0.2741720635293126, 0.310688580382264], [0.17232097170057342, 0.21779919509500242, 0.3591556143653172, 0.25072421873910694], [0.19092257034474863, 0.2650210221588679, 0.25293424346101795, 0.2911221639353655], [0.102107712490617, 0.49478450443657546, 0.20628011485182074, 0.19682766812098682], [0.10023150222098268, 0.44918875941487013, 0.20248826618944288, 0.24809147207470428], [0.11321485210143149, 0.35977268751499497, 0.2983019098088151, 0.22871055047475844], [0.11142801905268701, 0.3710844405791285, 0.20495789630277095, 0.3125296439654136], [0.1391916105132444, 0.28114541943323385, 0.3236456464854241, 0.25601732346809764], [0.145962455289559, 0.32380031088629485, 0.24445011116577967, 0.28578712255836647]], "ideal": "C", "sampled": "A", "correct": false}}
{"type": "result", "data": {"idx": 6, "options": ["very soluble", "very electronegative", "isoelectronic with a noble gas", "highly colored"], "probs": [[0.15368458053033, 0.1314544606944273, 0.36302157416418346, 0.3518393845110593], [0.2040286720795651, 0.23482360643254724, 0.14245407706427815, 0.4186936443236095], [0.16754621764969901, 0.5408781331498399, 0.08626865106759016, 0.20530699803287095], [0.15780558748641801, 0.5094296677263793, 0.11019380383391111, 0.22257094085329154], [0.19202269039550388, 0.21088985468156685, 0.16427519426267115, 0.4328122605602581], [0.1334772705898322, 0.17682787774225067, 0.37441772218774744, 0.31527712938016966], [0.11360188318542846, 0.1287304134076906, 0.39658173028328997, 0.36108597302359097], [0.19392923096652365, 0.1765625529280337, 0.14189824883407703, 0.4876099671713656], [0.18209799310599184, 0.5187598063561049, 0.09597910552179305, 0.20316309491611023], [0.1919599593691799, 0.4000789463108207, 0.10117468086103122, 0.30678641335896817], [0.1761317428193948, 0.18171300262948195, 0.1707329328296656, 0.47142232162145764], [0.09574250344889221, 0.11369890227593978, 0.3613869926282057, 0.42917160154696227], [0.5330277283339535, 0.21873142637849874, 0.08568577041684684, 0.1625550747707009], [0.4866615984352063, 0.199697443831935, 0.12307241191013532, 0.1905685457227234], [0.5707499681978621, 0.19115925830266708, 0.08686579471003018, 0.15122497868944065], [0.4782863449955099, 0.19935571699781077, 0.11012797555430204, 0.21222996235237726], [0.42633084093734297, 0.3022798940576811, 0.09367434819110797, 0.17771491671386797], [0.40619809898404485, 0.30183430378718173, 0.0845008684423678, 0.20746672868640562], [0.19079613046508997, 0.2864157685238898, 0.18787316325841388, 0.3349149376526063], [0.14238246420311748, 0.1771971364379266, 0.3693833217869859, 0.31103707747197], [0.1850856078899542, 0.20972282797479042, 0.1880296300435122, 0.4171619339917432], [0.14090586672409966, 0.1132205905942427, 0.33807306218964717, 0.40780048039201044], [0.1732805545943631, 0.5173335151949785, 0.10678108194566498, 0.20260484816499338], [0.20209829522870804, 0.44838956354467163, 0.09400757356594494, 0.25550456756067536]], "ideal": "C", "sampled": "C", "correct": true}}
{"type": "result", "data": {"idx": 7, "options": ["no two electrons can have the same four quantum numbers", "no two electrons with the same spin can occupy an orbital", "no two electrons can occupy separate orbitals", "no two electrons can pair up if there is an empty orbital at the same energy level available"], "probs": [[0.16408961497630586, 0.2424972052628018, 0.11105290716091343, 0.4823602724999789], [0.1539759085613266, 0.19161384376796764, 0.4121509912838948, 0.24225925628681091], [0.13057577219563984, 0.11704364068995791, 0.251743785959825, 0.5006368010545772], [0.12077928153291616, 0.11705890867345813, 0.4488485090157288, 0.31331330067789687], [0.1966188547279654, 0.36731597533993215, 0.16304893514738192, 0.2730162346847205], [0.16466218599510565, 0.3378482536152768, 0.12050552189275002, 0.3769840383968675], [0.3345379780299193, 0.12895883089197765, 0.1069403817353285, 0.4295628092427745], [0.2229042400845956, 0.12308467453421659, 0.3974458961710577, 0.25656518911013015], [0.4437597326961315, 0.08601242751577909, 0.08470363610825374, 0.38552420357983563], [0.27824839946825364, 0.09318795799277166, 0.4517106115366313, 0.1768530309023434], [0.2832257045810676, 0.4056508091561601, 0.0905458967838826, 0.22057758937888972], [0.28893047568292946, 0.44052246208554063, 0.09530186652184189, 0.17524519560968801], [0.1264054160229309, 0.14548785766267464, 0.19581949417093966, 0.5322872320434547], [0.1265389509831177, 0.14564030305002973, 0.38380856461884727, 0.34401218124800526], [0.10892877822449622, 0.32015607829730447, 0.09766519976681144, 0.4732499436113879], [0.13378721075546365, 0.27450453414244597, 0.3812132661791919, 0.2104949888228985], [0.10843317631491967, 0.463714049301445, 0.08852747563050614, 0.33932529865312916], [0.12413629605632537, 0.4909789148591814, 0.130131398505795, 0.2547533904786982], [0.2525334097569985, 0.21262996213440635, 0.2486672140210634, 0.2861694139875317], [0.26549321595078756, 0.2455110842353266, 0.15856622558035977, 0.3304294741335261], [0.2949629899542406, 0.3448081519740617, 0.12688943008640677, 0.23333942788529094], [0.2967280822153133, 0.3869749912996307, 0.10256902108291634, 0.21372790530213967], [0.3134967246265111, 0.18716511781884138, 0.1758864741200242, 0.3234516833346233], [0.2580872216277603, 0.15898134049645715, 0.3366653074980674, 0.24626613027771513]], "ideal": "D", "sampled": "D", "correct": true}}
{"type": "result", "data": {"idx": 8, "options": ["Rb+", "Se2-", "As5+", "Sr2+"], "probs": [[0.22203835345245876, 0.29872463485850687, 0.09549901315355534, 0.383737998435479], [0.22004929525182754, 0.2653779248803309, 0.09030804311209623, 0.4242647366557453], [0.2267080880012076, 0.2956317309139754, 0.10379618510875782, 0.37386399587605923], [0.23161621970151317, 0.2927343510753155, 0.0996185332096021, 0.37603089591356925], [0.2073097285133538, 0.24614268928647184, 0.10755256826610152, 0.43899501383407286], [0.22019077671210374, 0.2697415927547067, 0.12352400179816847, 0.38654362863502106], [0.2393437814766533, 0.2547292595223004, 0.09227524284355376, 0.4136517160574925], [0.23382916328788342, 0.2265893887178661, 0.08875016981781292, 0.4508312780764376], [0.24584296526419608, 0.27851650323553623, 0.09477841178705035, 0.38086211961321736], [0.24622356177875773, 0.283335958392662, 0.09492186352359964, 0.3755186162049806], [0.2234358853902268, 0.23048629551270342, 0.09460644704964759, 0.4514713719474222], [0.2309630673318768, 0.2657931884384683, 0.09779592764616, 0.4054478164834949], [0.23527413604290937, 0.25039997694372523, 0.10771635173674118, 0.4066095351766242], [0.24478760176842596, 0.25251173782422476, 0.1052827007569687, 0.3974179595503806], [0.23325654240810867, 0.2769445879832346, 0.10513604822955376, 0.38466282127910295], [0.237839063333906, 0.28238249453423475, 0.10553770747182234, 0.37424073456003687], [0.23769138116026808, 0.2692823467030942, 0.1071368061968711, 0.38588946583976663], [0.23207111308532183, 0.2712733406857576, 0.10792487697826104, 0.3887306691506595], [0.21907314634858047, 0.23315849971247538, 0.10511326748586149, 0.44265508635308265], [0.23441439957572927, 0.2574055935241313, 0.12161562610747437, 0.3865643806926651], [0.22052222148102335, 0.245963511753405, 0.09484617160745112, 0.4386680950581205], [0.22817731581365108, 0.2839182103564006, 0.099684092383075, 0.3882203813468733], [0.2379322243423252, 0.28693862463919095, 0.10074854935822249, 0.3743806015602614], [0.22877254909393874, 0.2983156718140871, 0.101518041619058, 0.3713937373729162]], "ideal": "C", "sampled": "C", "correct": true}}
{"type": "result", "data": {"idx": 9, "options": ["the O\u2013H bonds in sulfuric acid are much weaker than in sulfurous acid due to the electron withdrawing of the oxygen atoms on sulfuric acid", "sulfuric acid has more oxygen atoms in its formula", "the sulfur in sulfuric acid is more electronegative than the sulfur in sulfurous acid", "sulfuric acid has the hydrogen atoms bound directly to the sulfur atom"], "probs": [[0.5433464049749622, 0.1310686766970219, 0.1193674802660784, 0.20621743796193745], [0.5439773837974388, 0.108786367679583, 0.08213704884823131, 0.2650991995747469], [0.5637189577337955, 0.15898206354631428, 0.08249819032028292, 0.19480078829960729], [0.5514886543046882, 0.15074615628243493, 0.13728823175512458, 0.16047695755775232], [0.45998624409503197, 0.1947463448706985, 0.06627661482897847, 0.27899079610529104], [0.4657523382549894, 0.23785056453431597, 0.11962788697088697, 0.17676921013980765], [0.0935259407708238, 0.6492501045691685, 0.08517618666876364, 0.17204776789124399], [0.0924052833286697, 0.6026093452955082, 0.09993853567939787, 0.20504683559642417], [0.15439176787965986, 0.2795452814946962, 0.3269093085037985, 0.23915364202184541], [0.09271364465702157, 0.13489445356536736, 0.08711064380195715, 0.6852812578756539], [0.1305844317158942, 0.1434047200625078, 0.47031658182333674, 0.25569426629826125], [0.09278947513406892, 0.10032488030961946, 0.12103755320003402, 0.6858480912562777], [0.20958374594726234, 0.5187342205030612, 0.08082573920295323, 0.19085629424672323], [0.23236193904397945, 0.47676896333741386, 0.14544486781327529, 0.1454242297053314], [0.1779831008723077, 0.13020186900993744, 0.4204017174062967, 0.2714133126114581], [0.1192494118038481, 0.07943432836508885, 0.08197104246073102, 0.7193452172703321], [0.2097100254770012, 0.23392274276293346, 0.36240576614076503, 0.19396146551930032], [0.12274721917215954, 0.1189668318587275, 0.06270392191748679, 0.6955820269516262], [0.15265141880927102, 0.5084225090359606, 0.07921679553243482, 0.2597092765223335], [0.17515617737774009, 0.5743365329997832, 0.10299315379270019, 0.1475141357297766], [0.16308930514612088, 0.11384302376562375, 0.42307680841029854, 0.2999908625779568], [0.12796037279161837, 0.08932589259821667, 0.14277208275476155, 0.6399416517554034], [0.21036468757618895, 0.29662996969579636, 0.31585115661817065, 0.177154186009844], [0.1295724511016973, 0.17709740994589804, 0.07500466703618544, 0.6183254718162192]], "ideal": "A", "sampled": "A", "correct": true}}
{"type": "result", "data": {"idx": 10, "options": ["0.0641 M", "1.64 M", "0.115 M", "0.400 mol/L"], "probs": [[0.2819613516048758, 0.17097096143443336, 0.3096655308890621, 0.23740215597162875], [0.26781552042484763, 0.18691819806898538, 0.16758827621961706, 0.37767800518654987], [0.3324277598780417, 0.26289768591264584, 0.14982972440590572, 0.25484482970340677], [0.3210840368434392, 0.2619996783769248, 0.1589439433182057, 0.2579723413614303], [0.28468028991473293, 0.19868590241555917, 0.18380625938685924, 0.33282754818284865], [0.32736971971099166, 0.21130731699737818, 0.24327686426590975, 0.2180460989257204], [0.256453491914063, 0.3241195774981979, 0.22281496888599772, 0.19661196160174135], [0.22874035153041344, 0.30774410868667523, 0.14092739974992352, 0.3225881399329878], [0.2719560265269121, 0.2289563566217348, 0.31795078512826963, 0.18113683162308353], [0.27561538482051046, 0.26707993944894304, 0.15460621970882346, 0.302698455921723], [0.25547496623859456, 0.20846414005746605, 0.25548056907545336, 0.28058032452848597], [0.26484805737541156, 0.23366910565049914, 0.219563591749819, 0.2819192451242703], [0.23022691560131398, 0.3854865671981346, 0.13535186445325323, 0.2489346526472982], [0.24032901640832618, 0.3961735488298636, 0.14807335368970387, 0.2154240809721063], [0.23479037334344866, 0.22051066486583415, 0.30622640705363985, 0.23847255463707734], [0.23205703494612412, 0.2548071741802993, 0.18072500823121032, 0.3324107825423662], [0.249262932696021, 0.203392168707528, 0.34071542286227985, 0.20662947563417117], [0.2352435071458562, 0.21413871005602955, 0.23895571411378633, 0.3116620685843279], [0.1667891964204354, 0.2792708700290092, 0.1720943825711048, 0.3818455508794506], [0.1849832236581832, 0.2864542305183059, 0.29103937742183905, 0.2375231683016719], [0.15965236183312592, 0.3076987747658814, 0.20501173762487085, 0.3276371256761218], [0.16325531655027115, 0.3349325308623876, 0.1821345957613456, 0.31967755672599557], [0.18585990816015113, 0.24617455484822146, 0.3472544912763097, 0.2207110456153177], [0.18121783843506148, 0.2719899551602436, 0.21860663777748354, 0.32818556852721137]], "ideal": "C", "sampled": "A", "correct": false}}
{"type": "result", "data": {"idx": 11, "options": ["SF4", "PCl5", "BF3", "CO2"], "probs": [[0.29009368148246184, 0.32865928620809065, 0.09565895509779652, 0.28558807711165096], [0.2853393979982035, 0.35503490362647344, 0.11173320314958364, 0.24789249512573938], [0.276324604071233, 0.2940948947090098, 0.10652794101555711, 0.3230525601042001], [0.27340624344758047, 0.30975256059393474, 0.10215864557850947, 0.3146825502799753], [0.2742909604884676, 0.35769138318282884, 0.1143400368795173, 0.2536776193491863], [0.26365703734588125, 0.36032686170799655, 0.10820533495365353, 0.26781076589246866], [0.28084688748188225, 0.34946053435599816, 0.10171424369135561, 0.267978334370764], [0.2791466241414331, 0.3814840486927636, 0.10430880356172333, 0.23506052350407997], [0.2789982598591735, 0.27461523224074125, 0.14473115121960456, 0.30165535658048065], [0.25339714445313466, 0.2613969522869542, 0.1106936964488706, 0.3745122067110405], [0.2642168739802203, 0.3186523961501413, 0.15291209745237114, 0.2642186323172672], [0.2621915359696184, 0.3314010227244573, 0.10929640462867508, 0.2971110365772492], [0.228611576960644, 0.3540422372768268, 0.10969215793842116, 0.30765402772410805], [0.21139520949714963, 0.3887757782796567, 0.10629963398557504, 0.29352937813761865], [0.24510359761648084, 0.30498480793764116, 0.12518450616538376, 0.3247270881804942], [0.21692134761014004, 0.32560217862452717, 0.11079323455765416, 0.3466832391076786], [0.22365154499943293, 0.2871350859664157, 0.1688188887083757, 0.3203944802257757], [0.22067775158877384, 0.30635512328593745, 0.12574064917708663, 0.3472264758482021], [0.2414406763836498, 0.36811300011431625, 0.12525775654083335, 0.26518856686120057], [0.23706087820932253, 0.3614343756289606, 0.11553500763713814, 0.28596973842457873], [0.2516953461378357, 0.30354229969665203, 0.1550565878172099, 0.2897057662483024], [0.25083113087934006, 0.30727893568898473, 0.10957528812944801, 0.3323146452022272], [0.23832883293523544, 0.2742697935168326, 0.17165392891320555, 0.3157474445347264], [0.2440165575508574, 0.28524683623124786, 0.1265887544379457, 0.344147851679949]], "ideal": "A", "sampled": "A", "correct": true}}
{"type": "result", "data": {"idx": 12, "options": ["Fluorine has a very high electronegativity; therefore the H-F bond is stronger than any other H-X bond.", "HF is smaller than any other H-X molecule; therefore it exhibits stronger London dispersion forces.", "The dipoles in a HF molecule exhibit a particularly strong attraction force to the dipoles in other HF molecules.", "The H-F bond is the most ionic in character compared to all other hydrogen halides."], "probs": [[0.2860921940375293, 0.11924336938293957, 0.08457825395049948, 0.5100861825290316], [0.3535855114106406, 0.12028050421465653, 0.25075685975428225, 0.2753771245204207], [0.31504318278471655, 0.09166561736749318, 0.09760665019907164, 0.4956845495487186], [0.29659738912747613, 0.08766017042967136, 0.34142270426448285, 0.2743197360783697], [0.34575350119451714, 0.25690550375114296, 0.11950499174308775, 0.2778360032112521], [0.35152995059059516, 0.29139393130914204, 0.09171546858055948, 0.2653606494197033], [0.162110599294643, 0.382834201757089, 0.09531809530673066, 0.3597371035415374], [0.17707441481556385, 0.35767498075849863, 0.14455133459685143, 0.3206992697290861], [0.14083712767008005, 0.08675674025007984, 0.37112344905288236, 0.40128268292695773], [0.10498781896204808, 0.06672985155050788, 0.13273297354546829, 0.6955493558419757], [0.15820633580621038, 0.1395984652319337, 0.3456153725762178, 0.3565798262856381], [0.0907395553098048, 0.09073446656327656, 0.058593105300642725, 0.7599328727262759], [0.1427203427172421, 0.35879005027588573, 0.0981105601067959, 0.40037904680007624], [0.15457325833781016, 0.34832346050858115, 0.1698011286238749, 0.32730215242973376], [0.09724710228644945, 0.07455693429698725, 0.33422205587860676, 0.49397390743795655], [0.06724042369601785, 0.05195789353076959, 0.1799678335162458, 0.7008338491569668], [0.14300528593437195, 0.23576054677276212, 0.26721850831275795, 0.354015658880108], [0.06004882900942674, 0.11756724732182597, 0.05554161551474316, 0.7668423080540041], [0.41078463498705015, 0.19100327930181976, 0.11587882872166878, 0.2823332568894613], [0.43119175201496407, 0.2236692806184724, 0.08360090292752263, 0.26153806433904087], [0.2359163673017304, 0.09094015169202285, 0.36543436473550944, 0.30770911617073726], [0.1390122462743667, 0.05978384941379536, 0.04957110024812495, 0.751632803963713], [0.267376587724501, 0.08815573440288493, 0.35983539727570557, 0.2846322804969085], [0.11418379949099537, 0.04471253353398947, 0.048353173857198735, 0.7927504930178164]], "ideal": "C", "sampled": "A", "correct": false}}
{"type": "result", "data": {"idx": 13, "options": ["3.8 \u00d7 10^-3 mol/L", "5.77 \u00d7 10^-3 mol/L", "1.97 \u00d7 10^-3 M", "9.9 \u00d7 10^-4 M"], "probs": [[0.23594501344399949, 0.18953006045636211, 0.27157575846163473, 0.3029491675380037], [0.2266098077873802, 0.2095175056021876, 0.2128802207960362, 0.350992465714396], [0.2526478171095924, 0.23357670006800432, 0.2689329385488513, 0.24484254417355195], [0.24448339638649375, 0.2225267588869728, 0.20911256966883943, 0.3238772749576941], [0.23297050491450103, 0.2120483196790553, 0.29913737169715776, 0.2558438036092859], [0.20931075511269776, 0.1935172527834971, 0.32419535514450615, 0.272976636859299], [0.2664872745379643, 0.16157834471008198, 0.27927372272908013, 0.2926606579228736], [0.24351252574348328, 0.16216533850987375, 0.22875684370833954, 0.3655652919383034], [0.2731357040639837, 0.24475264150821294, 0.2448330034741158, 0.23727865085368757], [0.25477773707875145, 0.22476190996193093, 0.21791929653847458, 0.302541056320843], [0.2551902012328483, 0.21819592170309357, 0.2674321611683013, 0.2591817157957568], [0.22609886187886916, 0.19637293819053805, 0.3090513004194899, 0.26847689941110287], [0.2470976711802344, 0.1864543594856752, 0.3075206096150551, 0.25892735961903524], [0.2497604824459916, 0.1884645735225307, 0.2874855270328244, 0.27428941689865327], [0.29323415276012715, 0.20463236589020242, 0.2393201100283009, 0.26281337122136955], [0.2542474903544972, 0.20421888236475574, 0.27923626120928435, 0.2622973659714627], [0.2240928724724747, 0.21375924562705312, 0.20404236290546124, 0.3581055188950109], [0.266732313210884, 0.23166143092167688, 0.21769686689872733, 0.2839093888687118], [0.18559053261822447, 0.18266518140001556, 0.3060080363145229, 0.32573624956723707], [0.2071378554412499, 0.20386985217261977, 0.3014030872637774, 0.28758920502235297], [0.20334609734927375, 0.20649015286019387, 0.26521523993894, 0.3249485097515924], [0.20269455617709237, 0.2296156504406091, 0.2727662703946536, 0.2949235228876449], [0.16463967910789612, 0.32736557231005303, 0.195528698014604, 0.3124660504674468], [0.17643519971342034, 0.3295596192513219, 0.20309279554403234, 0.29091238539122544]], "ideal": "A", "sampled": "C", "correct": false}}
{"type": "result", "data": {"idx": 14, "options": ["The N-H bonds within the NH3 molecules break apart.", "The overall temperature of the solution rises as the NH3 molecules speed up.", "The amount of energy within the system remains constant.", "The hydrogen bonds holding separate NH3 molecules together break apart."], "probs": [[0.16192525502965913, 0.13634233073761845, 0.11848499536458199, 0.5832474187681405], [0.23097337435896084, 0.1855645747958142, 0.32578193652677206, 0.25768011421845294], [0.19586329160162186, 0.11878654359583314, 0.19285522399404303, 0.49249494070850197], [0.2185815190627599, 0.14787988803934113, 0.28962362672840986, 0.34391496606948907], [0.25622395749629623, 0.355693075346166, 0.16545835393067984, 0.22262461312685797], [0.23219326376032973, 0.34853255361801094, 0.13027022258157855, 0.28900395994008077], [0.13971694886130806, 0.2529860957314081, 0.11952516079168854, 0.48777179451559527], [0.1820545995665707, 0.2819557571712038, 0.2909821656348047, 0.24500747752742078], [0.1389116325997732, 0.12846365378311636, 0.24767656252773565, 0.48494815098937477], [0.14004259882830072, 0.11609360228529132, 0.3690319248953405, 0.3748318738910675], [0.17382724063365138, 0.36798487993420265, 0.2451883481141608, 0.21299953121798518], [0.1491738055059969, 0.3692100804224174, 0.1236949144293757, 0.35792119954220997], [0.14707433124127484, 0.2277907200761551, 0.18595205799722989, 0.43918289058534016], [0.1570172356513254, 0.23570582970723308, 0.27996943232506544, 0.32730750221637606], [0.14123361880458832, 0.16255305221383304, 0.225728162333799, 0.47048516654777967], [0.13986755906136877, 0.13986568151505854, 0.3516987263804643, 0.3685680329431084], [0.14328636441118697, 0.30811301329799445, 0.2635976115141606, 0.28500301067665795], [0.13661399278743871, 0.3328898499142552, 0.16482050469627088, 0.3656756525020352], [0.3896798433021465, 0.24381915859199463, 0.1479196675283858, 0.21858133047747305], [0.363985270225366, 0.25806885955137204, 0.12778386472377862, 0.2501620053994833], [0.31799382442027035, 0.16238762678649815, 0.29413480001927755, 0.2254837486739539], [0.3408116748709161, 0.17404157180895802, 0.14432485615247947, 0.3408218970676464], [0.3223822558668747, 0.15465729628404976, 0.2472083678836542, 0.27575207986542133], [0.33930231600725697, 0.14591469707007246, 0.20582685442474716, 0.30895613239792336]], "ideal": "D", "sampled": "D", "correct": true}}
{"type": "result", "data": {"idx": 15, "options": ["a strong acid", "a weak acid", "a weak base", "a strong base"], "probs": [[0.16081337576808116, 0.397933518662015, 0.16336046128074042, 0.27789264418916343], [0.14311271373997328, 0.43390732928620396, 0.09534214330315313, 0.3276378135706696], [0.1503361783821477, 0.21528545340658273, 0.4086900711945802, 0.2256882969166894], [0.16049039426610665, 0.44305108304111324, 0.11031626487248244, 0.28614225772029767], [0.15367183545697327, 0.2342664519989605, 0.19426934998087556, 0.4177923624631907], [0.15200607250591863, 0.26672648983424213, 0.11296918818760944, 0.4682982493722298], [0.28677864150644683, 0.24909193816722364, 0.1442029688093125, 0.31992645141701703], [0.28881877657863153, 0.2932997047607854, 0.08020552992018684, 0.3376759886403962], [0.20413616024218062, 0.5377533755809769, 0.07510906904834848, 0.18300139502849397], [0.2218389659641178, 0.5576323048115248, 0.05566273257298395, 0.1648659965513734], [0.23671818129911412, 0.1601259136058588, 0.38424251052236413, 0.21891339447266298], [0.2650464733418052, 0.20316424661088497, 0.22671399670488465, 0.30507528324242517], [0.36514017526343107, 0.16975428415261332, 0.1807532933285874, 0.2843522471553682], [0.3521762752312118, 0.19142290884002933, 0.16897509759279364, 0.28742571823596524], [0.2329308914018813, 0.5855109662099478, 0.04883341218664443, 0.13272473010152647], [0.23149333029557986, 0.5552536637803852, 0.05414124376004271, 0.15911176206399222], [0.4107000139533552, 0.24518000529087508, 0.07479514758743848, 0.2693248330683312], [0.40174077740046993, 0.20836081477821, 0.1345620413120521, 0.255336366409268], [0.19513321647828108, 0.35883901856376854, 0.09812658644702955, 0.34790117841092083], [0.17925704212525337, 0.3096730868354821, 0.10704612252329675, 0.4040237484159678], [0.20128983257188152, 0.25839665529528155, 0.24281451103643326, 0.29749900099640364], [0.16152048063336222, 0.26211547212204045, 0.3875165629759252, 0.18884748416867214], [0.18743266163382175, 0.3967241346439366, 0.10191421209746697, 0.3139289915247747], [0.18797801433113964, 0.3247271179828166, 0.23033545909008749, 0.2569594084959563]], "ideal": "C", "sampled": "C", "correct": true}}
{"type": "result", "data": {"idx": 16, "options": ["at equilibrium there are more products than reactants", "the value of \u0394G\u00b0 is greater than zero", "the value of \u0394S\u00b0 is greater than zero", "the value of Keq is less than one"], "probs": [[0.17624163494551845, 0.5180936416607546, 0.11207080547828231, 0.1935939178154447], [0.18117460471685015, 0.44845571775380677, 0.08972031555381028, 0.28064936187553274], [0.18315355204965658, 0.17752754421951009, 0.3643403892698074, 0.27497851436102594], [0.1486941139899073, 0.19394382976994484, 0.09603221040027803, 0.5613298457398698], [0.1719532983706286, 0.13602980087960545, 0.3163511596162689, 0.37566574103349704], [0.13452147935023223, 0.11687831889122495, 0.15486548262532068, 0.5937347190332222], [0.3669111618953254, 0.2561436218916447, 0.1578497392422141, 0.21909547687081576], [0.28851871389907063, 0.2246912319126491, 0.10452357956361495, 0.38226647452466533], [0.3497102856286337, 0.173122242075774, 0.23301997778469666, 0.24414749441089562], [0.41691511370036877, 0.22314835922562948, 0.09905109398871147, 0.26088543298529027], [0.3263321421317121, 0.13391872840022787, 0.16412212953946495, 0.3756269998285951], [0.38069421049125796, 0.15868835149608643, 0.20702509579972442, 0.2535923421129312], [0.1712181891511256, 0.17944140997882485, 0.3625606054086611, 0.2867797953613885], [0.1344199170453543, 0.1386924077529169, 0.09534118252530076, 0.631546492576428], [0.20630325020545753, 0.33489412052017214, 0.1938590829900583, 0.26494354618431204], [0.22405485472741035, 0.39323481327483406, 0.09944969266478586, 0.28326063923296974], [0.11592724432219403, 0.07485120165012009, 0.13138655120429554, 0.6778350027233903], [0.16346323123139397, 0.1039070687210871, 0.41750445024582, 0.315125249701699], [0.14943144991346796, 0.1641209398921976, 0.2926462248770872, 0.3938013852172473], [0.1126837646339084, 0.14928698916082392, 0.13809060020178987, 0.5999386459034778], [0.15924966571004628, 0.2625787297012894, 0.17770393455790554, 0.4004676699307587], [0.17353396571724966, 0.3293433886828461, 0.18769200515705942, 0.3094306403428448], [0.12295886585968735, 0.11551364195360103, 0.16549246628017075, 0.5960350258065409], [0.14166241882814942, 0.12899056075713572, 0.3618245720501518, 0.36752244826456304]], "ideal": "A", "sampled": "B", "correct": false}}
