{"type": "result", "data": {"idx": 0, "options": ["Needle aspiration", "Mammography", "Mastectomy", "Lumpectomy"], "probs": [[0.020364969027924687, 0.966139331527394, 0.006985795361411791, 0.006509903983269592], [0.02010908236922232, 0.9615434756474109, 0.009067105457786042, 0.009280336425580692], [0.02179641247469923, 0.05741823269752981, 0.884570213165672, 0.03621514156209903], [0.005927779369744049, 0.020051004783245407, 0.015017508842313156, 0.9590037069046974], [0.02141238503911859, 0.05467143607614711, 0.8826457787254419, 0.041270400059292306], [0.005214615829435591, 0.021780720499247286, 0.017095783731824663, 0.9559088798394925], [0.9073538813106614, 0.05709813928442233, 0.01854173845814173, 0.01700624084677448], [0.9009396869243366, 0.05758958215683199, 0.01944600698454712, 0.02202472383428435], [0.9326360274728489, 0.02882948156401545, 0.02564541964283339, 0.012889071220302238], [0.9451002427327779, 0.02809507375478548, 0.015277808481439654, 0.011526874930996966], [0.9107099838442105, 0.03817807538558288, 0.030682618023982665, 0.02042932264622394], [0.92417846207399, 0.03814177509097895, 0.021907560076267804, 0.015772202658763168], [0.022880294990929882, 0.0870143685233367, 0.8520892746553362, 0.038016061730397115], [0.004986727109238599, 0.02653622422193085, 0.017955407373054417, 0.9505216411957761], [0.017104537549391476, 0.9413257073549938, 0.02670772546663399, 0.014862029528980724], [0.017094421779818108, 0.9555967849439608, 0.01509075115097977, 0.012218042025241231], [0.006591064269437023, 0.02177775425184092, 0.030711203252742018, 0.94091997812598], [0.032346187813840195, 0.07288094337744334, 0.860878018171008, 0.033894850537708535], [0.01492910809771276, 0.06139093917901923, 0.8884236679317686, 0.035256284691499384], [0.004043262809825007, 0.02535142495740419, 0.01898714290636377, 0.9516181692264071], [0.012573394155760724, 0.9532243136715038, 0.02122783315825308, 0.012974458914482317], [0.013953591795146344, 0.963149728490971, 0.01352770918307275, 0.009368970430809918], [0.003399072614438932, 0.014994617355387686, 0.02414764768555349, 0.9574586622446198], [0.01954250259519271, 0.05971496112534163, 0.8916371880881471, 0.029105348091318557]], "ideal": "B", "sampled": "B", "correct": true}}
{"type": "result", "data": {"idx": 1, "options": ["vary from person to person", "vary for women depending on the phases of the menstrual cycle", "are mainly on the lower portion of the body", "all of the above"], "probs": [[0.5490269483637609, 0.02196905929511781, 0.027335711045743113, 0.4016682811953782], [0.8209722652267261, 0.024220826250143827, 0.12395921215954223, 0.03084769626358788], [0.5045647442083456, 0.022001498529296986, 0.02115441411161872, 0.45227934305073864], [0.7273983250218657, 0.03885794745208742, 0.1957959354354456, 0.03794779199060119], [0.8708193597352375, 0.08489070211431213, 0.02016269808237612, 0.024127239968074258], [0.8362738298219116, 0.1114278564064615, 0.02390982139924859, 0.028388492272378326], [0.04224800617090624, 0.1474885150727729, 0.0493977961586122, 0.7608656824977086], [0.10099144723026995, 0.5129734720380686, 0.2969005913169138, 0.0891344893147476], [0.03229037720074773, 0.028503008608694792, 0.16272896769101786, 0.7764776463995396], [0.12502184788426407, 0.07124596247659355, 0.6552518751990868, 0.14848031434005554], [0.10562996289787731, 0.805521765126752, 0.05481675123725558, 0.03403152063811506], [0.10343951204125254, 0.8266931945276949, 0.028067498285077607, 0.04179979504597493], [0.025486721387963353, 0.49632485010084076, 0.02630158395843603, 0.45188684445275984], [0.03364449776720388, 0.841297456999529, 0.07293595454413446, 0.05212209058913264], [0.02426496434521482, 0.01629645505825513, 0.10377483446655195, 0.8556637460299781], [0.07933100820788148, 0.04664881387933072, 0.6389844226500839, 0.23503575516270386], [0.12048441978352266, 0.39510956071826053, 0.41412165553522595, 0.07028436386299083], [0.14495958440403772, 0.7479794648584017, 0.029458236056072534, 0.07760271458148801], [0.2819166449706347, 0.6453202294063443, 0.02602136850818019, 0.046741757014840894], [0.19698600931803906, 0.709417663697561, 0.03760126409148034, 0.05599506279291963], [0.7454786633168633, 0.05234422023119605, 0.12361504688882193, 0.07856206946311872], [0.7220203638001798, 0.04837439022621275, 0.04990568180227361, 0.17969956407133392], [0.22701206768933302, 0.07088016987686704, 0.5981819824005179, 0.10392577993328207], [0.6082786690476721, 0.07437403222271508, 0.03888424340677923, 0.27846305522283354]], "ideal": "D", "sampled": "D", "correct": true}}
{"type": "result", "data": {"idx": 2, "options": ["can be treated with antibiotics", "has a high risk of infection with a single exposure", "is asymptomatic (without symptoms) in only a small percentage of those infected", "infections are limited to genital areas"], "probs": [[0.20286541591934623, 0.2078659329146569, 0.24109564306838757, 0.3481730079976093], [0.1724650016989203, 0.1712865880343868, 0.09456730169802864, 0.5616811084686643], [0.22901583739385922, 0.35510219727342635, 0.2054948153362482, 0.2103871498964662], [0.22261927524751204, 0.35613556304598903, 0.14388140187678686, 0.27736375972971206], [0.12591423010098532, 0.08460711142399233, 0.15436230833353706, 0.6351163500414853], [0.12597821933212733, 0.09369337022172346, 0.22826231033893857, 0.5520661000072106], [0.22372215650642618, 0.12760497438220209, 0.2765012640005822, 0.37217160501078955], [0.24476188569941992, 0.11666417903014847, 0.07769150807098162, 0.56088242709945], [0.30079873496866083, 0.17158191883094154, 0.27204879304880986, 0.25557055305158777], [0.3643016841418563, 0.224684504793132, 0.11566620202202747, 0.29534760894298423], [0.2272056442512897, 0.0926278274843375, 0.09479608064520473, 0.5853704475191681], [0.22954040470497306, 0.08321460769612615, 0.15303028426437118, 0.5342147032345296], [0.3591163265082637, 0.1354211162020778, 0.20970912900583333, 0.29575342818382516], [0.3657485600547663, 0.16378882622015778, 0.08973460022617434, 0.3807280133989016], [0.3765572792941095, 0.12729628003467872, 0.20022622642224805, 0.29592021414896374], [0.45076764632949856, 0.13552525941101304, 0.08613229734630021, 0.3275747968131882], [0.3155548164263608, 0.0941334720835413, 0.13065958800556526, 0.45965212338453265], [0.3859192929882953, 0.10001526548537967, 0.13667667623536506, 0.37738876519095993], [0.11916560890828767, 0.08591407152535357, 0.1449618572613836, 0.6499584622049751], [0.1167485424517212, 0.09611915867648325, 0.22519430683681219, 0.5619379919349833], [0.16329618313490457, 0.13766481650496842, 0.09167015005207377, 0.6073688502080532], [0.19963186682565648, 0.13003221480450153, 0.15199263523555076, 0.5183432830342912], [0.19096277083147956, 0.16610343257603696, 0.14315887857558607, 0.4997749179168974], [0.23217685278590952, 0.2200677826730048, 0.1584887237324235, 0.3892666407086621]], "ideal": "A", "sampled": "C", "correct": false}}
{"type": "result", "data": {"idx": 3, "options": ["the id", "the ego", "the superego", "the Oedipus complex"], "probs": [[0.3272121645842261, 0.24310509092478053, 0.2047905237705517, 0.22489222062044165], [0.36462105123801325, 0.2751530542603323, 0.13206478164873423, 0.22816111275292017], [0.33743690938202425, 0.2546437940544981, 0.23559006695194415, 0.1723292295115335], [0.31231418714252535, 0.271271828851869, 0.1364542117050064, 0.2799597722005992], [0.3532294437898458, 0.2750040076399221, 0.14725317498323545, 0.22451337348699663], [0.33907815305361644, 0.2681531865901838, 0.13279454210868907, 0.25997411814751065], [0.19996097085976813, 0.34008558567682734, 0.20314752448114232, 0.25680591888226223], [0.214307147456243, 0.4066154420954986, 0.14731738189352678, 0.2317600284547316], [0.17773278320640384, 0.25855252529408645, 0.31690896026465626, 0.24680573113485346], [0.1495193474060081, 0.23520811338420516, 0.16169265678281974, 0.45357988232696694], [0.18147299773505549, 0.2518994362042438, 0.31854795324882973, 0.24807961271187093], [0.14674790598862858, 0.24573059036877717, 0.1336378504472065, 0.4738836530953877], [0.21449613249397886, 0.3591469174391462, 0.22483461757982587, 0.2015223323870491], [0.20963613374467227, 0.39158731111563433, 0.1418735959704862, 0.25690295906920724], [0.1886278157360955, 0.2618322255126565, 0.31105686820658934, 0.23848309044465862], [0.16639658311143762, 0.24976386873120257, 0.15879556061838895, 0.42504398743897087], [0.18679354149600166, 0.25527612133084404, 0.2985558598504684, 0.25937447722268586], [0.16452850154589663, 0.29788389355118633, 0.17245319226964553, 0.3651344125332715], [0.30615671766890595, 0.3523107433198303, 0.14691897829784356, 0.19461356061342022], [0.3073614881232205, 0.3428198149877666, 0.13856297936488834, 0.21125571742412455], [0.27083379431093124, 0.2882211847050036, 0.2427987939293593, 0.19814622695470585], [0.24943520126232607, 0.2696431576936015, 0.13993231950791077, 0.3409893214361617], [0.2761064890990637, 0.25930623376635503, 0.25940237606266603, 0.20518490097191527], [0.2795236027103207, 0.26251768280868093, 0.16954916208630577, 0.28840955229469256]], "ideal": "A", "sampled": "A", "correct": true}}
{"type": "result", "data": {"idx": 4, "options": ["paraphilias guarantee survival of the species", "evolutionary selection has favored the development of males who respond to novel sexual stimuli", "of left brain/right brain differences between the genders", "male brains are better developed than are female brains"], "probs": [[0.253755629037277, 0.562894225064255, 0.08241067080865727, 0.10093947498981068], [0.26281194309873174, 0.5391713654949698, 0.10789659720196619, 0.09012009410433229], [0.177944883686391, 0.1261554360263554, 0.5313351153796058, 0.16456456480764786], [0.15085570849882346, 0.08867041218892575, 0.07353861793599155, 0.6869352612762593], [0.180231213551618, 0.15174269674691068, 0.5298435687488955, 0.1381825208525758], [0.20257937151479846, 0.13704315806139147, 0.08315872090377106, 0.577218749420039], [0.5038711911560861, 0.24551292702679336, 0.10400306199934266, 0.1466128197177778], [0.48121010647297086, 0.25751684174966255, 0.13576084852642836, 0.12551220315093825], [0.4203564932362669, 0.11310646921279352, 0.2800432318149651, 0.18649380563597448], [0.5243094758280383, 0.12067692430142256, 0.09549913910190708, 0.2595144606686321], [0.4830465676187153, 0.16431316465829515, 0.1982755808539286, 0.15436468676906093], [0.5412192303800333, 0.16247372206557983, 0.08768103205518524, 0.20862601539920161], [0.06922472061344981, 0.5114860381721764, 0.31036235954154245, 0.10892688157283129], [0.04188491979010261, 0.4831145043206217, 0.06801297844329107, 0.4069875973459846], [0.06612383967714919, 0.6998714029012449, 0.117931313379613, 0.11607344394199282], [0.056312387250310444, 0.7078020012685958, 0.07290529365751897, 0.16298031772357469], [0.0661959628338194, 0.06516265674289148, 0.38700352942043253, 0.4816378509028566], [0.08755141430551924, 0.0946544774180285, 0.6173869324797887, 0.20040717569666358], [0.13904059760614193, 0.29431234561315606, 0.4420062864580585, 0.12464077022264347], [0.08397574909627545, 0.44692684214399736, 0.08667474432931024, 0.38242266433041694], [0.11119191927351833, 0.6602183924069065, 0.12411155452665004, 0.10447813369292508], [0.08455917049339082, 0.7191982703861018, 0.07124350060010913, 0.1249990584203982], [0.07828965986492502, 0.06001985601532402, 0.33486450588353944, 0.5268259781362116], [0.10931720758462188, 0.0934931363485247, 0.5728870330907524, 0.224302622876101]], "ideal": "B", "sampled": "B", "correct": true}}
{"type": "result", "data": {"idx": 5, "options": ["felt glad", "felt fear", "experienced guilt", "experienced regret"], "probs": [[0.1731936854013303, 0.2724868831144381, 0.2405413132423433, 0.31377811814188833], [0.12360100815255261, 0.13365053037411193, 0.4118287685646683, 0.3309196928086671], [0.1782136436852466, 0.2938322170355967, 0.21503922661537114, 0.31291491256378556], [0.15772515533777362, 0.16790160535087037, 0.4222529530102955, 0.25212028620106053], [0.12462283669656024, 0.4488489329366062, 0.16259779034419097, 0.2639304399226426], [0.1368757269767575, 0.4929948444466434, 0.1677732269461006, 0.20235620153049852], [0.21890552851281112, 0.2293983595112779, 0.23308316318968408, 0.31861294868622686], [0.13945233577159294, 0.13621344888756542, 0.4099834033422033, 0.3143508118986383], [0.18535215322225784, 0.26551892163844953, 0.22365876030210807, 0.32547016473718454], [0.17141894781506606, 0.1741221825695395, 0.40496838125771595, 0.24949048825767844], [0.16977427392172986, 0.37669889992586103, 0.19855956139487574, 0.2549672646575334], [0.19286402142694226, 0.4147824470219215, 0.1702728918105826, 0.2220806396405536], [0.23579642876998266, 0.18077216089265316, 0.2181202536043037, 0.36531115663306046], [0.15432524909510598, 0.1405024996334255, 0.44669041698713197, 0.25848183418433657], [0.21650492497589008, 0.13976707636606522, 0.2695140460008864, 0.3742139525571583], [0.16495773056388655, 0.108184473131427, 0.5082920609741695, 0.218565735230517], [0.20195761621895883, 0.43428207086574516, 0.16488975530539748, 0.19887055750989854], [0.21352547086837267, 0.43814369378858764, 0.14452942989022508, 0.2038014053528146], [0.3988131999216975, 0.17694967020618693, 0.20056975483586653, 0.223667374936249], [0.44835925405553123, 0.1989403248265927, 0.19287737052434892, 0.1598230504935271], [0.34715790464041596, 0.15645835359568314, 0.24241241855507378, 0.2539713231088271], [0.389897620488421, 0.17572808525784006, 0.22569923436916758, 0.2086750597845713], [0.4725875870358671, 0.1738386646431495, 0.1851211377721, 0.16845261044888335], [0.4704394112122408, 0.18135707348793756, 0.15517021945310966, 0.19303329574671196]], "ideal": "C", "sampled": "D", "correct": false}}
{"type": "result", "data": {"idx": 6, "options": ["an increased risk of low birth weight babies", "poorer growth and lower intelligence", "smaller head circumference", "all of the above"], "probs": [[0.030907376693193114, 0.009579969512120234, 0.012490844561496352, 0.9470218091331902], [0.1902672208456253, 0.08784902185448029, 0.6340482954010889, 0.08783546179880555], [0.017873317584066635, 0.007113574303883394, 0.013813793176784661, 0.9611993148352653], [0.20917716065239486, 0.07065633254490541, 0.4716203423097139, 0.24854616439298582], [0.2236427235113498, 0.5042510407845859, 0.1207026184007983, 0.15140361720326592], [0.2657789875830954, 0.42494764761494563, 0.05154440159749971, 0.2577289631044592], [0.01859199988456415, 0.00787714770437606, 0.012006491343179134, 0.9615243609678806], [0.15631624472380232, 0.07161684066768416, 0.6794097169774215, 0.09265719753109208], [0.014589348037025275, 0.008062171936405776, 0.016026098640791988, 0.961322381285777], [0.14043074217089055, 0.07759855339949705, 0.49813727292783916, 0.28383343140177325], [0.1821715465687007, 0.5884407538913065, 0.09604132561761385, 0.13334637382237902], [0.1686988980832955, 0.5622722212713045, 0.05566001392627393, 0.2133688666191261], [0.013432140129898172, 0.010883294531357989, 0.01865142480774383, 0.957033140431], [0.09587376675902609, 0.13529036657265248, 0.5350565792135711, 0.23377928735475031], [0.01189328920592779, 0.01100586537954808, 0.016906834660085003, 0.9601940106544391], [0.07687196020204068, 0.15906534850399467, 0.49764537064753456, 0.2664173205464301], [0.08820061647607876, 0.3572985934048801, 0.1741081676937329, 0.38039262232530824], [0.06014425343357665, 0.3463027879452787, 0.2417366518358184, 0.35181630668532626], [0.2462629602226829, 0.3756610638820656, 0.12780928229575936, 0.25026669349949215], [0.19693861335677018, 0.25695920287908847, 0.06598702874255132, 0.48011515492159007], [0.27272724696163103, 0.33430027460241724, 0.12012456177278304, 0.27284791656316865], [0.18671159444372357, 0.2760518192968882, 0.07487984000887707, 0.46235674615051114], [0.14353539796785478, 0.0941693161273099, 0.14813197430175265, 0.6141633115030827], [0.10003826766205809, 0.11252065746851096, 0.1884279250910205, 0.5990131496784105]], "ideal": "D", "sampled": "D", "correct": true}}
{"type": "result", "data": {"idx": 7, "options": ["a secure lover", "an avoidant lover", "an anxious-ambivalent lover", "a passionate lover"], "probs": [[0.029853438427447858, 0.5291353104092921, 0.3873656266852813, 0.05364562437797879], [0.012382724742246626, 0.7425313918887146, 0.022088616375393427, 0.22299726689364527], [0.04365412405615357, 0.28680320300591156, 0.5981378911217679, 0.071404781716167], [0.018262824552062695, 0.5378742963806494, 0.03132573974915651, 0.4125371392181314], [0.016844436806990954, 0.02412424835529751, 0.8053844109274837, 0.1536469038102278], [0.01424684497451409, 0.024804411716146883, 0.7718673412957385, 0.1890814019136005], [0.08649238906991033, 0.07629704354884802, 0.7709243332581259, 0.06628623402311574], [0.07448619492372777, 0.09267323325134585, 0.04448529266143101, 0.7883552790634953], [0.26637661553631026, 0.5908448121509866, 0.08518134088402529, 0.05759723132867782], [0.16306103094274843, 0.7778032216409762, 0.01979946630731712, 0.03933628100895833], [0.05293273416821624, 0.02991856023005993, 0.13945718731635334, 0.7776915181853705], [0.05410316182853447, 0.03631380674522025, 0.8463573420425278, 0.06322568928371747], [0.0668954190828607, 0.059015436183772654, 0.8150777056857116, 0.05901143894765507], [0.05442310909697901, 0.0656309654172516, 0.04173718423528222, 0.8382087411504872], [0.1331425011024847, 0.7661234735676442, 0.05136817693196645, 0.0493658482979046], [0.1187127899424064, 0.8369349356862844, 0.01659231419533403, 0.027759960075975216], [0.042708431866874695, 0.036524125664445364, 0.07614712671667367, 0.8446203156520062], [0.09115155311959086, 0.05441757080659198, 0.800019586006855, 0.05441128996696222], [0.009275565379157615, 0.03725282284160587, 0.7086212271356441, 0.24485038454359234], [0.008739429565853215, 0.03736237453557562, 0.7565736209057566, 0.19732457489281455], [0.0041603747280545165, 0.20837843556088778, 0.036787360055547426, 0.7506738295555102], [0.01166814569124217, 0.2717828379566689, 0.603235235086795, 0.11331378116529393], [0.004599528773142814, 0.47646074661455734, 0.042300074559549504, 0.4766396499527504], [0.010956514748094353, 0.49976051407257543, 0.4276893484279042, 0.06159362265142603]], "ideal": "C", "sampled": "B", "correct": false}}
{"type": "result", "data": {"idx": 8, "options": ["Bruce likely participated in more female-typical play than Chuck.", "Bruce likely participated in more male-typical play than Chuck.", "Bruce and Chuck likely participated in more male-typical play than female-typical play.", "Bruce's father was more likely to have homosexual tendencies than Chuck's father."], "probs": [[0.4827005212714562, 0.36441823429228, 0.10121565198017678, 0.051665592356087024], [0.39041506076678406, 0.48594622351000344, 0.045565119513332523, 0.07807359610987998], [0.3258363926519684, 0.47415352216206147, 0.1317165652658693, 0.06829351982010082], [0.2444194579027914, 0.5423487212138889, 0.05542277563938869, 0.157809045143931], [0.1599059110804114, 0.11163527264355409, 0.5851415468040689, 0.14331726937196548], [0.1376723708524288, 0.08889799216534781, 0.5038336740154006, 0.2695959628668228], [0.6344659923872675, 0.19051058588507033, 0.117393501091185, 0.05762992053647715], [0.5466511534096379, 0.30189262411889756, 0.05499144929797994, 0.09646477307348462], [0.4874076399492291, 0.2956411154081487, 0.11947805822256326, 0.09747318632005894], [0.4422547385494251, 0.3553770018526556, 0.07567916346624545, 0.12668909603167391], [0.48509447766430613, 0.1207242285491016, 0.24395426596126538, 0.15022702772532687], [0.353017140799711, 0.10434557185483881, 0.3759083635458439, 0.16672892369960626], [0.5374879751763522, 0.10585085450943386, 0.26615631186791067, 0.09050485834630334], [0.5780004456135944, 0.1531739584149938, 0.05952583079835248, 0.20929976507305928], [0.7119604891425649, 0.1109261280863363, 0.09341501374044411, 0.0836983689306546], [0.6765591996744348, 0.13747539910081058, 0.056866361837864136, 0.1290990392868905], [0.08757025268795765, 0.0443997248083339, 0.07492635518575357, 0.7931036672179549], [0.21138998470222808, 0.05691542742362265, 0.6514745828700781, 0.08022000490407119], [0.06660609939796124, 0.6371038196755054, 0.22369206782771642, 0.0725980129988169], [0.10377016043995274, 0.443885061464919, 0.31484029797503277, 0.13750448002009544], [0.05999943345187679, 0.748582925635987, 0.11845617955679469, 0.07296146125534148], [0.0732411996505214, 0.6329515794507565, 0.17854761011319378, 0.11525961068552826], [0.07330683200699899, 0.6237287799567068, 0.10671510278327995, 0.19624928515301418], [0.08277409337883253, 0.6826283182423782, 0.1282779545593591, 0.10631963371943012]], "ideal": "A", "sampled": "B", "correct": false}}
{"type": "result", "data": {"idx": 9, "options": ["inherently evil", "God's afterthought and has become an aberration", "a gift from God", "primarily a biological function"], "probs": [[0.06210365356358641, 0.10001341736771674, 0.7509761852138036, 0.0869067437548932], [0.046538573100521737, 0.05151438378410764, 0.06362511264362299, 0.8383219303717476], [0.024900375627295683, 0.9129708663477529, 0.033007406617214956, 0.029121351307736392], [0.025911989218817544, 0.913673240693944, 0.02915033757516875, 0.031264432412069776], [0.03749474910640346, 0.04215697602623071, 0.04630969126290182, 0.874038583504464], [0.053108016535157676, 0.07726949052944668, 0.7806758632777417, 0.08894662955765394], [0.061425592972996504, 0.08201194584299049, 0.7544822124176817, 0.10208024866633136], [0.04016899942446398, 0.035450192970957035, 0.05158888766878869, 0.8727919198357903], [0.03195527449097284, 0.8843764928448768, 0.033771990468254444, 0.049896242095895806], [0.03738812092178342, 0.8781907532021476, 0.038599108403849614, 0.04582201737221943], [0.04596261311301473, 0.043857831372674516, 0.04251693537172404, 0.8676626200425867], [0.07199157237349467, 0.11325305600426631, 0.7049722145558587, 0.10978315696638037], [0.8052182672825158, 0.07971716552597079, 0.05395195552238791, 0.06111261156912548], [0.8377034036063018, 0.06983812871682334, 0.04371277226177537, 0.0487456953150995], [0.8026071279729775, 0.08198028893672013, 0.04745689459553649, 0.0679556883947659], [0.8026938375800416, 0.09004838025763041, 0.04820993147077926, 0.059047850591548656], [0.8428010751328237, 0.06917431050202717, 0.03820907611295535, 0.04981553815219382], [0.7939504004207415, 0.0918948239274473, 0.05574975594416832, 0.05840501960764287], [0.045803792969352386, 0.03680524544988819, 0.05273128007130305, 0.8646596814094564], [0.060339303520793273, 0.0750906889221374, 0.7586637480246314, 0.1059062594324379], [0.048548455191426185, 0.04596475036061421, 0.04456084121554636, 0.8609259531324133], [0.0744116148563254, 0.117057623286281, 0.7173556479069374, 0.09117511385045618], [0.03711985713349442, 0.8787247341277581, 0.03685019827600427, 0.047305210362743204], [0.040983225688152713, 0.8696473142792047, 0.045387543226104256, 0.043981916706538275]], "ideal": "C", "sampled": "C", "correct": true}}
{"type": "result", "data": {"idx": 10, "options": ["birth", "about age 1", "between the ages of 3 and 6", "puberty"], "probs": [[0.05015521979511, 0.19680084749871976, 0.6556232825058504, 0.09742065010031976], [0.06786776788457487, 0.2726051393880502, 0.11727272759288952, 0.5422543650344854], [0.052414990159935684, 0.7293088246884015, 0.14141372634995672, 0.07686245870170601], [0.04269570913776026, 0.8247544402116185, 0.07554496093722451, 0.0570048896133967], [0.0690825342522948, 0.12904204138474093, 0.1764172574012011, 0.6254581668617631], [0.051127251422981974, 0.09402649138682517, 0.6949058200279329, 0.15994043706226002], [0.07860910380915807, 0.17711872388495242, 0.6281163282993054, 0.11615584390658407], [0.0695353997740754, 0.21751990943701052, 0.10277222151808903, 0.610172469170825], [0.04975499677449235, 0.754431142478824, 0.11753826061090886, 0.07827560003577473], [0.03507875912127474, 0.8499621785299017, 0.06062835160992873, 0.05433071063889482], [0.04823991126412155, 0.09223891461041181, 0.16706215590335924, 0.6924590181221074], [0.04274779207408828, 0.08907927586832913, 0.7344517105160172, 0.13372122144156537], [0.5096414468405707, 0.248341832161584, 0.15066407251818886, 0.09135264837965644], [0.5210180190670585, 0.2745159533994116, 0.11809228758226879, 0.08637373985126115], [0.47645069369190723, 0.2358322651510938, 0.2049393428307223, 0.08277769822627667], [0.6069761279796237, 0.206489187845156, 0.11405608736662465, 0.07247859670859562], [0.5986534863312396, 0.14899053946151736, 0.17975173620942192, 0.07260423789782111], [0.6506975583393263, 0.13852280996201663, 0.13428758683743436, 0.07649204476122268], [0.0355927358708771, 0.23942276056466671, 0.13225032781978158, 0.5927341756446746], [0.03689771172704159, 0.22777049410874703, 0.5551442544735464, 0.18018753959066497], [0.0413467300298212, 0.18966052499485403, 0.17544961496773076, 0.5935431299075941], [0.03671646063085108, 0.1765094969020183, 0.6357910537711118, 0.15098298859601889], [0.02976565151410623, 0.7558225617792143, 0.10721823146517476, 0.1071935551415048], [0.03177356624960361, 0.7461690679588081, 0.1257004700266644, 0.09635689566492392]], "ideal": "C", "sampled": "C", "correct": true}}
{"type": "result", "data": {"idx": 11, "options": ["intimacy", "commitment", "decision", "passion"], "probs": [[0.15720660982944076, 0.16603140531310115, 0.1489008664935938, 0.5278611182638643], [0.17260025439920573, 0.20818321404759446, 0.48050582404099973, 0.1387107074122001], [0.14325180434863044, 0.17414392269682016, 0.1501724995496826, 0.5324317733048668], [0.11033361984679019, 0.14963328613881083, 0.19674248698260183, 0.5432906069317971], [0.15767001399296302, 0.25591473624912464, 0.5013413204641878, 0.08507392919372456], [0.12403838803038017, 0.1847513425593546, 0.18482537152650358, 0.5063848977837616], [0.1449210475169679, 0.2315667478419314, 0.1555404205947922, 0.46797178394630845], [0.1695052445768433, 0.264586434843717, 0.4502918186926361, 0.11561650178680352], [0.12774076866212453, 0.1565150148039256, 0.16927578791362377, 0.5464684285203261], [0.0972237966650641, 0.12290020377375681, 0.15061223617636227, 0.6292637632848168], [0.15413995315291787, 0.24631736047065783, 0.4676641295034541, 0.13187855677297017], [0.09373634656834323, 0.13426229856542837, 0.12617111674817014, 0.6458302380180583], [0.12603470118418472, 0.18626723349017324, 0.1568900574486994, 0.5308080077769426], [0.09298017065905538, 0.15329178252524356, 0.24694870428067353, 0.5067793424350275], [0.11716349636931657, 0.13698032129514973, 0.15525552411174, 0.5906006581237937], [0.0989579677793379, 0.11751441306147796, 0.1723557361085991, 0.611171882950585], [0.07855272409357973, 0.1134040968513944, 0.22735713758813395, 0.580686041366892], [0.08910643920742836, 0.1348113248390551, 0.23850550889810782, 0.5375767269554087], [0.13789630243061554, 0.3083123931348255, 0.44886306927028796, 0.10492823506427096], [0.10661986628032256, 0.17716357374153507, 0.17447959144873437, 0.541736968429408], [0.15680826965182137, 0.2565211913251478, 0.42981674622444516, 0.15685379269858568], [0.11091960303061354, 0.16520051779585507, 0.12870603894426358, 0.5951738401292678], [0.09892390225178638, 0.1373458443141096, 0.203033616982946, 0.560696636351158], [0.10518198694388742, 0.15066187418970073, 0.22622961309293238, 0.5179265256734795]], "ideal": "B", "sampled": "A", "correct": false}}
{"type": "result", "data": {"idx": 12, "options": ["Orthodox Jews", "Fundamentalist Protestants", "Eastern Orthodox Christians", "all of the above"], "probs": [[0.028584916462091606, 0.28878154572945003, 0.05176618717542756, 0.6308673505330308], [0.047523006091450014, 0.7855799657829594, 0.12045523891369098, 0.04644178911189962], [0.010781197918053301, 0.01922400874029839, 0.18376541324117024, 0.786229380000478], [0.004741353803472484, 0.014491918650496186, 0.033683421749527306, 0.947083305696504], [0.02307651572844781, 0.1100865755495856, 0.5767462870525731, 0.2900906215693934], [0.010841544433750822, 0.037842999153149, 0.027041393555642508, 0.9242740627574577], [0.21083429218023114, 0.04892533217337233, 0.05947326429182192, 0.6807671112545746], [0.4325195784058844, 0.14487367651096125, 0.32147815341300434, 0.10112859157015004], [0.16657439865439733, 0.03130480088307143, 0.05536599041659246, 0.7467548099459388], [0.6103757892106653, 0.09657699300472232, 0.22458040225854625, 0.06846681542606611], [0.32686840510472076, 0.3320322831527472, 0.13004317490817524, 0.21105613673435678], [0.3754108342347019, 0.3418180483779857, 0.10265104585068982, 0.18012007143662262], [0.009070479673386263, 0.020930093617873895, 0.23209431204491712, 0.7379051145638227], [0.005231407265475551, 0.017561501765302096, 0.040500918554561574, 0.9367061723146608], [0.023638288450778616, 0.3341486912794212, 0.06476717921280283, 0.5774458409569974], [0.04173367454538511, 0.8191851942197419, 0.10252622475743893, 0.036554906377434096], [0.006646894021372306, 0.027125239754338677, 0.02469226583172673, 0.9415356002925623], [0.024431960791319984, 0.09292843243814304, 0.719545129910121, 0.16309447676041602], [0.058025879430113496, 0.11906453531330687, 0.5091654194537183, 0.3137441657028614], [0.019439680173991655, 0.023268844539916445, 0.03492183179376398, 0.922369643392328], [0.13389662904418378, 0.5638840022032835, 0.10429685593820148, 0.19792251271433126], [0.16692912201451277, 0.6203710338928402, 0.07643972227259137, 0.13626012172005567], [0.012271055002107104, 0.019007497950046248, 0.031085776615444868, 0.9376356703324018], [0.06186459166783896, 0.1320012201832763, 0.619979376880075, 0.1861548111688097]], "ideal": "D", "sampled": "B", "correct": false}}
{"type": "result", "data": {"idx": 13, "options": ["legalism", "asceticism", "situationism", "hedonism"], "probs": [[0.00506061640741834, 0.9796751126882578, 0.007842190551939108, 0.0074220802523847105], [0.004080485679449636, 0.9830728478984756, 0.006575054227894475, 0.006271612094180282], [0.007275214133467373, 0.01402518470719112, 0.9606931428869575, 0.018006458172384023], [0.001258902518572623, 0.0016812071425697205, 0.0025234635204308855, 0.9945364267184268], [0.005833167963623595, 0.007260485446716553, 0.9736586667632171, 0.013247679726442793], [0.0012290044747027711, 0.0012782677185138622, 0.003556268876547849, 0.9939364588302355], [0.9703051997761133, 0.00914980653046492, 0.011749339234076187, 0.008795654359345605], [0.9756910122130223, 0.007993838682022988, 0.008509896623433742, 0.007805252381520947], [0.9692239272946849, 0.011463237348715148, 0.009357140859318597, 0.009955694397281407], [0.9708709217797704, 0.009899049812138147, 0.008017183308545483, 0.011212844999545985], [0.9725895289323759, 0.007968353403619063, 0.011414604685603225, 0.008027512878401734], [0.9753884134099207, 0.006371490152611544, 0.009868592684603335, 0.008371503652864489], [0.007468586164670883, 0.012030253864850429, 0.9634052312187268, 0.0170959286517519], [0.0013607204657670557, 0.0017475290254277585, 0.0026852539247626778, 0.9942064964840425], [0.0043185397054519474, 0.9850744434634131, 0.004973554267302381, 0.005633462463832568], [0.003288664566715646, 0.9860379631485109, 0.00490091208715613, 0.005772460097617351], [0.001144183408973808, 0.0014354168447132788, 0.004668795809753981, 0.9927516038365589], [0.004410949621495157, 0.005621024516819009, 0.9753921817787959, 0.014575843982889925], [0.005767159922822973, 0.011117714124768406, 0.9702200003422642, 0.012895125510144401], [0.0012095071892923948, 0.0017738878352948355, 0.003418654552125094, 0.9935979503232877], [0.00271049037996039, 0.9879527295994837, 0.004797029584284095, 0.004539750336271859], [0.0021941896526576823, 0.9875596551475855, 0.005104113727187144, 0.005142041372569684], [0.0010506220123058967, 0.0017597132757237444, 0.003812942851955666, 0.9933767217600147], [0.003654089631730107, 0.00732530395671712, 0.9746816422040243, 0.014338964107528492]], "ideal": "B", "sampled": "B", "correct": true}}
{"type": "result", "data": {"idx": 14, "options": ["are homologous", "produce gametes", "produce sex hormones", "all of the above"], "probs": [[0.008180027893469976, 0.007339126393792708, 0.015893567428319506, 0.9685872781844178], [0.09487606301324325, 0.3641621361558419, 0.2295625886221864, 0.31139921210872845], [0.00732717480465091, 0.00739066725583291, 0.01744225629983429, 0.9678399015396819], [0.10224509483437182, 0.39857710284108466, 0.26126604820007066, 0.23791175402447287], [0.0858079722870609, 0.05901759906281142, 0.3165237330814855, 0.5386506954686422], [0.09686941665283379, 0.062096075349862515, 0.3330400548312857, 0.507994453066018], [0.009946899728431696, 0.004283279283815387, 0.016922701558259482, 0.9688471193294934], [0.3366079330107728, 0.07517410814010374, 0.24069501457191592, 0.3475229441772075], [0.02372170799765557, 0.01222267936693071, 0.023175537555881066, 0.9408800749795326], [0.10653970707005915, 0.14693627197871315, 0.6330578515211839, 0.11346616933004379], [0.31326989036504205, 0.17310847727210826, 0.06466775531422578, 0.44895387694862393], [0.3380243777890735, 0.25134602186550564, 0.1782145350993279, 0.2324150651460929], [0.016323420160304705, 0.004682140209451617, 0.014635164141608868, 0.9643592753886348], [0.4595620450374725, 0.06574527232858367, 0.301541475760729, 0.17315120677321486], [0.04849390680557033, 0.011988506640050781, 0.02382424471305464, 0.9156933417413242], [0.1891916025541924, 0.10961047150549647, 0.5741253876810318, 0.1270725381592793], [0.565204696753865, 0.18943963017475535, 0.07021497398553406, 0.17514069898584558], [0.5535120839777189, 0.18120160292061527, 0.10162850241177125, 0.1636578105898946], [0.10767120362496728, 0.04492489348479888, 0.36445198274004725, 0.48295192005018656], [0.10689223744213323, 0.04784143466105938, 0.37328393296899154, 0.47198239482781584], [0.17341531682206052, 0.28838124653509384, 0.0845514156990778, 0.4536520208437679], [0.1844307388011185, 0.24643110470784363, 0.2502524331037022, 0.31888572328733567], [0.2002829581467473, 0.33832325564358495, 0.11779170439208046, 0.34360208171758727], [0.12260715767818905, 0.274351791112536, 0.2221224787992341, 0.38091857231004084]], "ideal": "D", "sampled": "D", "correct": true}}
{"type": "result", "data": {"idx": 15, "options": ["the cortical activity of these two groups", "the overall brain weights of these two groups", "the cell structure in the hypothalamus of these two groups", "blood volume and metabolism of sugars in the brains of these two groups"], "probs": [[0.013367166392769714, 0.028519247843324047, 0.8272651217391246, 0.13084846392478167], [0.012510618053869592, 0.02178548438123892, 0.038847509333545964, 0.9268563881313455], [0.00675769261573207, 0.8716989990190351, 0.02824757510437315, 0.09329573316085964], [0.005369827047675736, 0.9320936235382268, 0.025838201744943178, 0.036698347569154334], [0.01895278565805375, 0.04372174430810355, 0.044772708339118075, 0.8925527615947246], [0.012795353330873713, 0.03292813530407906, 0.876508952732108, 0.0777675585329392], [0.012856095060753917, 0.027004856538107438, 0.7894631005328546, 0.170675947768284], [0.007542086188438448, 0.01355135150936815, 0.02846992356927072, 0.9504366386329227], [0.008643280826581518, 0.9099391816569907, 0.016544422348817315, 0.06487311506761044], [0.0070274182145201175, 0.9427043610270939, 0.024361000848750806, 0.025907219809635187], [0.008520319834832271, 0.019052367158688594, 0.024857490604111188, 0.947569822302368], [0.015630723528492128, 0.033874585400916195, 0.8673094300151134, 0.08318526095547832], [0.9702285291951129, 0.008072821662233765, 0.006388172890620464, 0.015310476152032841], [0.9757147806665999, 0.0075088476786766625, 0.008850254999498833, 0.007926116555224556], [0.9631269985367372, 0.00974161624838679, 0.006194631915860718, 0.020936753199015272], [0.9676155555131749, 0.009711332726751683, 0.014813562087875, 0.007859549572198355], [0.9773264476420798, 0.007882503301001919, 0.00794721159709559, 0.006843837359822719], [0.9728279477808911, 0.009172866833495876, 0.01159987664125638, 0.00639930864435668], [0.006108731520078136, 0.012340229991762673, 0.01609888615345173, 0.9654521522347075], [0.012309432555839588, 0.029070820039265106, 0.8633078109654247, 0.09531193633947059], [0.005236935347812275, 0.01286077874784454, 0.014240783670985016, 0.9676615021333581], [0.015503054692481357, 0.034936277900091094, 0.8806260875192512, 0.06893457978817635], [0.005950542027687202, 0.9552714005258339, 0.013530169297282563, 0.025247888049196292], [0.005777499094009009, 0.9421501790486745, 0.020347427076501737, 0.031724894680814804]], "ideal": "C", "sampled": "C", "correct": true}}
{"type": "result", "data": {"idx": 16, "options": ["sociobiology", "psychoanalytic theory", "script theory", "social learning theory"], "probs": [[0.00625444471882096, 0.0221765856968832, 0.14574043193392738, 0.8258285375503684], [0.010744068729754986, 0.031831583780788875, 0.7957779231842507, 0.1616464242052055], [0.007321866566512202, 0.4822598602544608, 0.028076218026088895, 0.48234205505293803], [0.013516591231077076, 0.337913258995911, 0.3770263317117472, 0.2715438179612647], [0.006615515125607986, 0.9012448505605823, 0.02478480075211071, 0.06735483346169899], [0.006865280916242152, 0.8449319891368595, 0.05487470517351475, 0.09332802467338358], [0.010870622672368985, 0.015213737546132122, 0.15606533280066145, 0.8178503068808374], [0.01936031461998229, 0.02486398387755699, 0.8234632426392878, 0.13231245876317288], [0.009182611932691612, 0.5379225280621415, 0.013791056097899723, 0.43910380380726716], [0.035873329255023685, 0.35952062516309485, 0.5151108830221751, 0.08949516245970636], [0.010808541307531673, 0.9432604793797544, 0.015133432859220013, 0.03079754635349385], [0.013709395663603772, 0.8685639799047317, 0.07710292455230779, 0.04062369977935679], [0.016375797416800977, 0.011706246454425084, 0.03467333060178615, 0.9372446254269877], [0.015495858658748862, 0.017157724684735823, 0.8203169970056172, 0.14702941955089804], [0.01838238930543448, 0.02674996967788234, 0.011779658891329443, 0.9430879820253537], [0.03711372972238811, 0.0433967558869657, 0.8318371740945927, 0.08765234019605353], [0.032869118826502265, 0.9024674194618029, 0.01830638551931618, 0.046357076092378734], [0.04731342233633591, 0.8519614331046608, 0.03803530810888165, 0.0626898363501217], [0.5620657090560476, 0.045416489405036405, 0.09175783435988086, 0.30075996707903513], [0.23622318395925113, 0.034028409894031574, 0.3279887935790616, 0.40175961246765574], [0.5997126273414555, 0.0994224030833896, 0.038945280980297294, 0.26191968849485764], [0.2248298903867141, 0.05773639864215175, 0.5832152397213437, 0.13421847114979046], [0.1363773489742048, 0.725793895329249, 0.019351106063013677, 0.11847764953353253], [0.18380364499930843, 0.6828910009939402, 0.04648689855934878, 0.08681845534740262]], "ideal": "D", "sampled": "D", "correct": true}}
