{"type": "result", "data": {"idx": 0, "options": ["True, True", "False, False", "True, False", "False, True"], "probs": [[0.18426800870650162, 0.15372861346427796, 0.34126474503828275, 0.32073863269093766], [0.14856110733097985, 0.14263415547723998, 0.3819566127567492, 0.32684812433503097], [0.19040232255949377, 0.26819731001246105, 0.20729196996219154, 0.3341083973658536], [0.19496423294627444, 0.22413541708337173, 0.30172896831786783, 0.27917138155248605], [0.17973938314697752, 0.22171826328029945, 0.3202328931930372, 0.2783094602796858], [0.20458202637554695, 0.21417767339989033, 0.3267302962782452, 0.25451000384631756], [0.15208556566719225, 0.17345953700627867, 0.37913362473331097, 0.2953212724932181], [0.1624940436172699, 0.17547647130294822, 0.3464733258594305, 0.3155561591203514], [0.152836307867979, 0.19912289081012768, 0.3840679525944973, 0.26397284862739606], [0.16135821032712, 0.20697481876219692, 0.3157874706230079, 0.3158795001876752], [0.14362269424518154, 0.19767431618271938, 0.30871462358852664, 0.3499883658835724], [0.13074974519569885, 0.18857681468364101, 0.3110703779286454, 0.36960306209201477], [0.23297693527326566, 0.2720281264518306, 0.19597198651177924, 0.2990229516631245], [0.22015867797082456, 0.255074497211184, 0.25515362237593636, 0.26961320234205505], [0.20525690032744923, 0.14313787647061305, 0.4209549552065869, 0.23065026789535087], [0.16589788342386974, 0.13735260682010744, 0.3428140733561163, 0.3539354362999065], [0.19107972719488298, 0.14860595096923215, 0.44395024575546327, 0.21636407598042157], [0.19517478926539097, 0.17882490689232558, 0.3043494910993655, 0.32165081264291795], [0.1863153455416114, 0.2028110653378073, 0.32680422551350413, 0.2840693635070772], [0.15115582127054147, 0.18349699004381215, 0.39176409203802337, 0.27358309654762303], [0.17596780203205187, 0.19611631653038591, 0.32859353249401924, 0.29932234884354303], [0.16021640835912845, 0.19762754732819335, 0.28102457939294956, 0.36113146481972863], [0.15196746717654705, 0.15778549093348046, 0.4568812140173709, 0.23336582777260156], [0.17410116414776378, 0.1752189598867602, 0.3379494052176307, 0.3127304706478453]], "ideal": "D", "sampled": "A", "correct": false}}
{"type": "result", "data": {"idx": 1, "options": ["True, True", "False, False", "True, False", "False, True"], "probs": [[0.20598842508503884, 0.14044302909822065, 0.3344265570071676, 0.3191419887095729], [0.15823564874948104, 0.12811914848710299, 0.3651447811443907, 0.34850042151902527], [0.21479234417305734, 0.2823332291906852, 0.17261706548122543, 0.330257361055032], [0.22050276396453725, 0.2384153008222583, 0.28321328756361286, 0.25786864754959155], [0.21357085445088833, 0.22035469769285052, 0.2830244386814465, 0.28305000907481465], [0.23906680582953757, 0.21098002474910188, 0.32179590576953526, 0.22815726355182528], [0.1498078025641749, 0.15333444564006218, 0.3917494292947546, 0.3051083224010083], [0.1634901415098094, 0.15476670398455813, 0.3408307033188837, 0.3409124510867487], [0.1597644138106207, 0.19421697239772345, 0.38045040903013433, 0.2655682046615215], [0.1734634093308855, 0.19808462850510974, 0.3117616567228901, 0.31669030534111464], [0.14926061477541266, 0.1946793554433024, 0.2746352336917433, 0.3814247959895416], [0.13725943394565637, 0.18042412252589773, 0.3118737572025632, 0.37044268622588267], [0.2583230772106275, 0.28149801909340794, 0.16040779887633502, 0.29977110471962953], [0.24842299138906354, 0.2583494897680687, 0.22449105489204274, 0.268736463850825], [0.24172737373027262, 0.13245859434996027, 0.39869085534616655, 0.22712317647360059], [0.1768896321080232, 0.12156919660475787, 0.31792888752758125, 0.3836122836596377], [0.2242969356462493, 0.14368684160205797, 0.4324953724757854, 0.1995208501759073], [0.22018597183964103, 0.16749778887438058, 0.2917792883753848, 0.3205369508105936], [0.2205621433372558, 0.19014812647277776, 0.2969218371166995, 0.2923678929732669], [0.17018660932745863, 0.17019405990872094, 0.39589176137289084, 0.2637275692909296], [0.19323191095208656, 0.16920609999945727, 0.3162601652231334, 0.3213018237253228], [0.1674355293260796, 0.1648426825364894, 0.27190491959572133, 0.39581686844170966], [0.17315530775245985, 0.14927867053446484, 0.46366658802164173, 0.21389943359143354], [0.21058735249320823, 0.16657814381840994, 0.30651012059961324, 0.3163243829887686]], "ideal": "C", "sampled": "A", "correct": false}}
{"type": "result", "data": {"idx": 2, "options": ["True, True", "False, False", "True, False", "False, True"], "probs": [[0.17721296052890811, 0.1286200227331635, 0.3470330082859408, 0.34713400835198754], [0.14827136968839816, 0.12289114033094077, 0.37575957075954497, 0.3530779191211161], [0.1828595128898675, 0.30620539641604555, 0.16912649822222456, 0.34180859237186245], [0.18612983266251146, 0.25045227255545105, 0.27946912406662505, 0.28394877061541246], [0.1736910913160933, 0.23009271574561532, 0.3097197963029401, 0.28649639653535125], [0.1949847965490263, 0.2209467175523038, 0.32157591461267854, 0.26249257118599134], [0.15366564918509745, 0.15483743181524182, 0.38340831370406303, 0.30808860519559766], [0.16407691918621325, 0.1517176569380234, 0.34741180222206963, 0.33679362155369374], [0.16841892394471036, 0.1968819589155142, 0.37377263978043757, 0.2609264772593379], [0.18061858413797452, 0.20464250443319482, 0.3025520741636993, 0.3121868371651314], [0.1528618588037855, 0.20408015833005494, 0.27903177499866333, 0.36402620776749617], [0.15424091193081824, 0.20431167157563868, 0.28822283216080724, 0.35322458423273584], [0.2547502371265195, 0.2547021659776477, 0.16837633658014822, 0.32217126021568454], [0.22700864887921918, 0.2200117194429053, 0.2613324146804422, 0.29164721689743334], [0.23181279800562166, 0.13310944635998942, 0.37639250225855514, 0.2586852532758338], [0.18546761294138037, 0.12646192122533034, 0.3520597464677337, 0.3360107192655556], [0.20842461844276533, 0.14549089316354613, 0.3926050189070436, 0.25347946938664495], [0.21032158478428886, 0.16765954348226617, 0.3061037498154792, 0.3159151218179657], [0.2055171338032096, 0.19608927384639152, 0.2944758998542444, 0.30391769239615446], [0.16430488227154863, 0.1735243499105498, 0.39740177985032027, 0.26476898786758135], [0.18341498075081591, 0.1983004063169543, 0.27540817854034555, 0.34287643429188425], [0.1800834184680081, 0.20087897176882596, 0.26621281304639355, 0.3528247966167724], [0.18115562468677623, 0.15737425023791388, 0.42138007906902203, 0.24009004590628785], [0.20534336564871614, 0.17288488147914097, 0.31813591715492345, 0.3036358356172194]], "ideal": "B", "sampled": "C", "correct": false}}
{"type": "result", "data": {"idx": 3, "options": ["12", "24", "48", "72"], "probs": [[0.1356116017928173, 0.28262753976305544, 0.32029880999096855, 0.2614620483531587], [0.1454056184211062, 0.2983451454053627, 0.35433897560322175, 0.20191026047030936], [0.14936030731971173, 0.32622461049462725, 0.2662824273014922, 0.25813265478416886], [0.14135789448522887, 0.29003103700267613, 0.33912955700553993, 0.22948151140655507], [0.1802271198910778, 0.31628708143128614, 0.27915619137140885, 0.2243296072062272], [0.17529418617487497, 0.322397072425853, 0.25506456223944635, 0.24724417905982565], [0.197522720600961, 0.20061706602406223, 0.3360166351464138, 0.265843578128563], [0.19727685751615823, 0.20036188957532503, 0.392346882894935, 0.21001436991358172], [0.17339133697828227, 0.3139633442456475, 0.2603115957622213, 0.2523337229138489], [0.17714717284221507, 0.2830629475010818, 0.31583054282325695, 0.22395933673344617], [0.19549672303628987, 0.3273765444428178, 0.25900915262493224, 0.21811757979596016], [0.2101986768690755, 0.35198394509562503, 0.230866349640241, 0.2069510282950585], [0.20027488766507603, 0.23781429583159613, 0.3006643101371316, 0.2612465062661962], [0.19525912984025326, 0.23185991439467435, 0.3481160207673292, 0.22476493489774313], [0.2326586097246208, 0.2636278569434706, 0.2636436223720121, 0.2400699108598965], [0.2219909412943652, 0.24763150155813493, 0.3547634813756021, 0.17561407567189777], [0.18216930870884807, 0.31970945950259844, 0.25294048345362413, 0.24518074823492939], [0.21305834292464199, 0.33517341304168774, 0.24524416420790107, 0.20652407972576917], [0.19983004627107168, 0.22290373510586603, 0.33993784602872146, 0.23732837249434086], [0.24511463966811456, 0.2568502272795945, 0.24511678543519835, 0.2529183475170926], [0.23699554445466406, 0.2949213639363565, 0.2522848210636098, 0.21579827044536964], [0.23537234521713077, 0.2975115908762545, 0.23537641323431813, 0.23173965057229656], [0.22159274749945732, 0.26726996099451866, 0.27151050351793937, 0.23962678788808459], [0.2180402032198928, 0.25489072849776256, 0.27997149762819185, 0.2470975705541528]], "ideal": "D", "sampled": "D", "correct": true}}
{"type": "result", "data": {"idx": 4, "options": ["convolutional networks", "graph networks", "fully connected networks", "RBF networks"], "probs": [[0.8923158528392822, 0.03597492677391344, 0.05888336074474305, 0.012825859542061389], [0.8925374249132477, 0.033804316448068326, 0.03985726504959868, 0.033800993489085294], [0.787416817879027, 0.025909973378244654, 0.17302136169791785, 0.013651846944810529], [0.8933130066220355, 0.024180472827539788, 0.06575995668648225, 0.01674656376394252], [0.7982342478973102, 0.025658643684362076, 0.1387789990085611, 0.0373281093097666], [0.8514406154207782, 0.023227829438302296, 0.10334351721197275, 0.0219880378289467], [0.11269482245291948, 0.8328856749889504, 0.027853926651156175, 0.02656557580697393], [0.08933242193215064, 0.8478026779984108, 0.025615641224424234, 0.037249258745014356], [0.053013421518077065, 0.03141216404841028, 0.8899357931313036, 0.025638621202209073], [0.009920617989528188, 0.00903470945975421, 0.015012900986691422, 0.9660317714640262], [0.02891172087292113, 0.021489077635083117, 0.9211309521419342, 0.028468249250061525], [0.006760954161286761, 0.008415819087494338, 0.01941503972065845, 0.9654081869305604], [0.01433069979819344, 0.9515123206848375, 0.023831337288466335, 0.010325642128502703], [0.0133998879082055, 0.9545610670158186, 0.01708589995477657, 0.014953145021199403], [0.04409906451283761, 0.03434831874099487, 0.9000569791539909, 0.021495637492176704], [0.008524361941417837, 0.009890570239819601, 0.011121082977352944, 0.9704639847414096], [0.029761291981937197, 0.024104800027983417, 0.9190310817800998, 0.02710282610997949], [0.0070695992806957715, 0.008012767275893583, 0.02161139831613398, 0.9633062350272766], [0.010582767100662338, 0.9604668917148032, 0.014704037935648033, 0.014246303148886478], [0.012432237917187155, 0.957560454429071, 0.013140857918381233, 0.016866449635360634], [0.027357566487491977, 0.025905856281032626, 0.920626619650153, 0.02610995748132233], [0.007069480663972205, 0.01103717470369252, 0.018628990431931468, 0.9632643541004038], [0.028017132078576888, 0.026117848667611267, 0.9209417258185015, 0.024923293335310334], [0.00646135695242163, 0.008764583869614647, 0.03281889205226838, 0.9519551670256954]], "ideal": "A", "sampled": "A", "correct": true}}
{"type": "result", "data": {"idx": 5, "options": ["True, True", "False, False", "True, False", "False, True"], "probs": [[0.19888608155645873, 0.1334950178728123, 0.3546334802749767, 0.31298542019575226], [0.16252335904403514, 0.12555611132319877, 0.38092142339711904, 0.33099910613564704], [0.20528289367764407, 0.294047738670989, 0.18259452009469432, 0.31807484745667264], [0.19974668619641972, 0.2409353887933269, 0.27307579325501935, 0.286242131655234], [0.1857324987464185, 0.19311957059359544, 0.34439757462872245, 0.27675035593126357], [0.21073489203036835, 0.18595722592933905, 0.3368360748078764, 0.26647180713241614], [0.1713644759862436, 0.15000989137520993, 0.3893167144078088, 0.28930891813073767], [0.19191465412032782, 0.14826306036436324, 0.3530517062317668, 0.3067705791835421], [0.18791407624860118, 0.206356498673136, 0.3567293339123631, 0.24900009106589974], [0.2061759259389739, 0.20615023633860952, 0.31447226911784015, 0.2732015685045764], [0.17400372285896545, 0.2082363546913699, 0.2633256057137021, 0.35443431663596253], [0.1688890530496753, 0.18986447794932734, 0.3180956101950774, 0.3231508587059199], [0.30996812519501654, 0.23392298911121806, 0.17384967660061432, 0.2822592089931511], [0.268915065169714, 0.21438153724855757, 0.221220663800191, 0.29548273368153744], [0.28037944015471583, 0.13242003123002222, 0.3435967513039322, 0.24360377721132973], [0.21808897281624975, 0.1261967141233358, 0.343196814371551, 0.31251749858886346], [0.2477158866915363, 0.14113081779959902, 0.36338146975904584, 0.24777182564981887], [0.22855467751490352, 0.1534266746870234, 0.3378903815126728, 0.28012826618540027], [0.22506074605121676, 0.18083728848079475, 0.32249316569918074, 0.27160879966880774], [0.17647344135178847, 0.16576947517181956, 0.39476928699195435, 0.2629877963844376], [0.20148023371530457, 0.22302291791993487, 0.26080278725412703, 0.3146940610106335], [0.186740838869949, 0.2149374282862226, 0.2804474657693557, 0.31787426697447274], [0.20372634544688242, 0.1675691679355944, 0.39596154071729434, 0.2327429458002288], [0.20906072541380363, 0.16928393884867454, 0.3613624220522123, 0.26029291358530954]], "ideal": "B", "sampled": "C", "correct": false}}
{"type": "result", "data": {"idx": 6, "options": ["O(D)", "O(N)", "O(ND)", "O(ND^2)"], "probs": [[0.18399509237371453, 0.232513286671237, 0.37168451032246125, 0.21180711053258724], [0.16495575516030161, 0.2150802483891789, 0.23628373523472823, 0.38368026111579123], [0.19458909330806337, 0.29203507301271237, 0.34692478176462394, 0.16645105181460032], [0.19611494854597822, 0.3084488372889686, 0.2055325267020332, 0.28990368736301997], [0.1622713332867575, 0.21830674678427311, 0.360045457445656, 0.25937646238331336], [0.1624449813567822, 0.21181223109946823, 0.44163674769808314, 0.18410603974566644], [0.19121228791892428, 0.20668176380645767, 0.3985430121674595, 0.20356293600715852], [0.16091617940247221, 0.19103890655514538, 0.230501741147833, 0.4175431727945494], [0.22924805492111194, 0.33870007575045336, 0.2328630020128381, 0.19918886721559662], [0.22334661903631764, 0.356803032958364, 0.21647086614657876, 0.20337948175873957], [0.18022555526924589, 0.2242301121588762, 0.27915029051192836, 0.3163940419599495], [0.1770629435600601, 0.21688513455606265, 0.45220026369341215, 0.15385165809046505], [0.222813301576348, 0.31413217439692537, 0.3191954398075795, 0.14385908411914722], [0.22054055330932107, 0.33618783947443787, 0.17720931766645265, 0.26606228944978844], [0.216086546284102, 0.4645675627974425, 0.18198638476040757, 0.13735950605804792], [0.20720267548857307, 0.48925674020781657, 0.15887931530798252, 0.14466126889562783], [0.23565168239733003, 0.25075785444067056, 0.28872032261227665, 0.22487014044972276], [0.23222206184595112, 0.2358060294778869, 0.3889116884541268, 0.14306022012203512], [0.14296309435483062, 0.32211845629989866, 0.2549053988364929, 0.2800130504087778], [0.15810894181230328, 0.27742947385350797, 0.4038293541785778, 0.16063223005561092], [0.1555192218720134, 0.3672322739958777, 0.21260563170588748, 0.2646428723262214], [0.15813880685956977, 0.30475940389090755, 0.40391205533542157, 0.1331897338141011], [0.1592200404943712, 0.4464864629221693, 0.2109835555059132, 0.1833099409775463], [0.15981891511542437, 0.44817518515612426, 0.2594816347774418, 0.13252426485100954]], "ideal": "A", "sampled": "C", "correct": false}}
{"type": "result", "data": {"idx": 7, "options": ["True, True", "False, False", "True, False", "False, True"], "probs": [[0.19641141884167976, 0.14256182523973449, 0.36142048774652236, 0.29960626807206336], [0.15609888963477803, 0.13454085787591294, 0.39878565663262383, 0.3105745957566852], [0.20354674754491478, 0.27822133895952833, 0.19277466831663714, 0.3254572450789197], [0.20487481353618367, 0.2197985648889088, 0.3100982606100882, 0.2652283608648193], [0.19253790950452862, 0.22160548629945223, 0.322583565756713, 0.26327303833930615], [0.22060908046231326, 0.20087501105333774, 0.3472508437993943, 0.23126506458495472], [0.1643969018413209, 0.1682665547043665, 0.3854059989485976, 0.28193054440571497], [0.17726181974014724, 0.16650365787580504, 0.3638662207914975, 0.2923683014925503], [0.16688760367359556, 0.19817020601271815, 0.38823894907053896, 0.24670324114314734], [0.17323832153391075, 0.1932450359945437, 0.33407023539150776, 0.29944640698003777], [0.1573563217959404, 0.19583648441263682, 0.3082413375069414, 0.33856585618448143], [0.14127314299829416, 0.18860943894600424, 0.30629811144236596, 0.36381930651333566], [0.27264104103226094, 0.2726225039871852, 0.17333823957313935, 0.2813982153074145], [0.25561924690575605, 0.24774368460559612, 0.2638274925554834, 0.23280957583316447], [0.2301821410425793, 0.13636988400049266, 0.4302867054508983, 0.2031612694060297], [0.1809680190645689, 0.12931074393455616, 0.374415701209054, 0.3153055356918209], [0.2132265184077933, 0.13873765284634013, 0.48453892716506375, 0.1634969014808028], [0.23138603565763227, 0.1732817888086606, 0.3139212131186323, 0.28141096231507484], [0.20788991758964645, 0.1968181907459701, 0.332371090801665, 0.26292080076271845], [0.17132114382822172, 0.17953119215156987, 0.40170411468613804, 0.24744354923407036], [0.200036814789939, 0.19388233701085375, 0.3148613069595339, 0.2912195411396733], [0.18318519665621333, 0.19805957979697145, 0.2708558914902008, 0.34789933195661443], [0.17705564462941056, 0.15026211960991812, 0.4704264472018103, 0.202255788458861], [0.2046233953907636, 0.16829849040159642, 0.34284751156332677, 0.2842306025443132]], "ideal": "B", "sampled": "A", "correct": false}}
{"type": "result", "data": {"idx": 8, "options": ["2", "4", "8", "16"], "probs": [[0.15131493950418626, 0.42439685982999503, 0.2656678179931864, 0.1586203825726323], [0.14963560696748257, 0.40047314165838116, 0.23547306567895457, 0.21441818559518167], [0.1677582635819823, 0.3133988836064959, 0.3902020577605847, 0.12864079495093705], [0.1805204397104333, 0.331995358076413, 0.2796638226329619, 0.2078203794801918], [0.17576011832983918, 0.28083243075426695, 0.34420826612012667, 0.19919918469576717], [0.1716348456405508, 0.27424733073862717, 0.3157673320946532, 0.23835049142616885], [0.21011805688811763, 0.42444509579798795, 0.2419072556395861, 0.12352959157430832], [0.19730252025538572, 0.4048251509261618, 0.19427077470267223, 0.20360155401578028], [0.21593024841927802, 0.3141460050146698, 0.3561379233509766, 0.11378582311507555], [0.22119048723069637, 0.32686427174496774, 0.2627355690993402, 0.18920967182499568], [0.22975783047762693, 0.3189543783345749, 0.24849444625276895, 0.2027933448350292], [0.22659359334286744, 0.27759016055757046, 0.3049922908544464, 0.19082395514511571], [0.17414981191948312, 0.3573362252357499, 0.34109297460718174, 0.12742098813758523], [0.21288533823872638, 0.3976828514786668, 0.17651336156321765, 0.2129184486193892], [0.15219610927967175, 0.35945934053641126, 0.35401332374847316, 0.13433122633544384], [0.20889568015489646, 0.42195292674325996, 0.17593694959405598, 0.19321444340778762], [0.20920962716661798, 0.2859112109229521, 0.2563802378034582, 0.2484989240069717], [0.22865107993955355, 0.27574915101973163, 0.3175219642429219, 0.17807780469779289], [0.17654618619107035, 0.24895107743634756, 0.36806255575314123, 0.20644018051944082], [0.19747552273682897, 0.25752148029613203, 0.28738352653490606, 0.25761947033213295], [0.17154429084384312, 0.31551824586581967, 0.346645578112259, 0.16629188507807818], [0.18253562798654688, 0.3357174892174014, 0.26152833514196044, 0.22021854755409126], [0.18695105610408475, 0.280633836956571, 0.3333747982645446, 0.19904030857479965], [0.17838057712772182, 0.28061767520316216, 0.3083027234590744, 0.23269902411004162]], "ideal": "C", "sampled": "B", "correct": false}}
{"type": "result", "data": {"idx": 9, "options": ["Lower variance", "Higher variance", "Same variance", "None of the above"], "probs": [[0.36423416836689904, 0.41274102288109205, 0.12108350183100132, 0.10194130682100758], [0.41067429534500904, 0.42371787846340314, 0.07539288347019463, 0.09021494262139315], [0.3245097527211624, 0.30486582116668975, 0.2776430700180832, 0.09298135599406461], [0.38498506806632893, 0.3560791690905265, 0.09967810882401816, 0.1592576539191264], [0.3324690113261316, 0.18942264928379887, 0.3595600670282091, 0.11854827226186043], [0.31681663886617606, 0.1695781248889786, 0.24678646044728164, 0.2668187756975637], [0.37279993772355413, 0.44273915893886406, 0.09728082361196656, 0.08718007962561528], [0.3997310667649992, 0.4529715185661911, 0.06734335873414846, 0.07995405583466125], [0.32624326188620284, 0.30173469768518657, 0.2835212478639533, 0.0885007924646573], [0.37537620586504494, 0.3582099484505652, 0.097191187645944, 0.16922265793844582], [0.3494113515493798, 0.17296302961180865, 0.36058573274380684, 0.11703988599500467], [0.34767629266821837, 0.20760321052992983, 0.19814817001096546, 0.24657232669088633], [0.2551896425939503, 0.4843137254417647, 0.15242698205538105, 0.10806964980890388], [0.281424373360148, 0.509660780378874, 0.09429896621953204, 0.11461587994144597], [0.2635179420517924, 0.2437203340924395, 0.3895597101424038, 0.10320201361336424], [0.32083153355160654, 0.3692997308436566, 0.09942189311056643, 0.21044684239417044], [0.26836751289261823, 0.11816062817818708, 0.4785237324639224, 0.1349481263652723], [0.26354685815838313, 0.12744358370584732, 0.3835521695163577, 0.22545738851941183], [0.23958191746611504, 0.4407272997653853, 0.21822300849500412, 0.10146777417349546], [0.2126925822077316, 0.38520031015596307, 0.133151795458836, 0.2689553120774693], [0.20127663304720406, 0.4397065376970623, 0.279558194874095, 0.07945863428163864], [0.18864917191022118, 0.4057292518886729, 0.126706387784137, 0.27891518831696893], [0.20269328655798785, 0.2770959477906881, 0.3043848321190795, 0.21582593343224452], [0.18711914677891966, 0.30855892025004533, 0.2403503876788588, 0.2639715451921762]], "ideal": "A", "sampled": "A", "correct": true}}
{"type": "result", "data": {"idx": 10, "options": ["True, True", "False, False", "True, False", "False, True"], "probs": [[0.17035980267073111, 0.11891174138024829, 0.36085020954501873, 0.3498782463040018], [0.13941152288554107, 0.11200477843353092, 0.4004886120120892, 0.3480950865688388], [0.19898665245847816, 0.2476096189908376, 0.1869940934440374, 0.3664096350066468], [0.19404109732233907, 0.20333080875834603, 0.32008450266246413, 0.28254359115685074], [0.18172659926604115, 0.209148162309827, 0.3092805352712182, 0.2998447030529137], [0.20388368681494623, 0.20708980589925738, 0.33112119125040557, 0.2579053159353908], [0.14138895061108775, 0.14585257847858402, 0.40613987432620774, 0.3066185964841205], [0.14978144838233867, 0.14179050709691574, 0.3679727558725748, 0.34045528854817086], [0.14192534337563706, 0.17118779843453127, 0.4174039612235828, 0.2694828968662488], [0.14349788004944328, 0.17039267496496274, 0.31356581398434585, 0.3725436309012481], [0.13673762364491074, 0.17420487815463984, 0.32563741536293084, 0.3634200827375186], [0.11176091931064044, 0.16009011088603714, 0.2992422118144997, 0.4289067578888227], [0.20383954928745265, 0.2658442179341244, 0.16643712916983366, 0.36387910350858926], [0.2035317153061306, 0.24361335101691617, 0.26772270002850956, 0.2851322335484437], [0.18160195376246177, 0.12192463691915781, 0.4127567348550752, 0.2837166743633052], [0.14463732291670625, 0.11263861264526744, 0.3136711558536955, 0.42905290848433075], [0.18016918417981517, 0.1349531480562948, 0.46047833792859955, 0.22439932973529045], [0.1880170544806646, 0.15709411776686233, 0.28913795119150554, 0.3657508764609675], [0.1929340511367506, 0.20862044391930062, 0.28979173299752536, 0.30865377184642345], [0.16026160358169833, 0.18446429346839152, 0.3907751200817924, 0.2644989827681178], [0.17648815668774, 0.17374488255103748, 0.32479565288130857, 0.3249713077799139], [0.15630489120395888, 0.1716640838313075, 0.266036800535635, 0.4059942243290986], [0.15785518601037146, 0.14373830378567978, 0.4790841877663729, 0.21932232233757587], [0.18408896301468555, 0.1624474847518998, 0.3036933288224828, 0.3497702233109318]], "ideal": "A", "sampled": "A", "correct": true}}
{"type": "result", "data": {"idx": 11, "options": ["good fitting", "overfitting", "underfitting", "all of the above"], "probs": [[0.005982058869627992, 0.9455296105667924, 0.019935508575278947, 0.02855282188830063], [0.00576690161240196, 0.9626185229765257, 0.015932366139065967, 0.015682209172006294], [0.013308087436873074, 0.21483665822628145, 0.6415140664020575, 0.13034118783478796], [0.006020015385331935, 0.29700897523999, 0.027414181612213612, 0.6695568276624645], [0.005910240014066056, 0.01737448730077004, 0.9413431724111987, 0.035372100173965235], [0.0048904495074041186, 0.015790783751958384, 0.7037445466270891, 0.2755742200135484], [0.8307373879395075, 0.040718752516436, 0.036788962802702406, 0.09175489664135413], [0.7680036143490069, 0.06206373379020043, 0.03854271554550248, 0.13138993621529016], [0.8832753082139634, 0.05690365155363268, 0.018192230570026887, 0.04162880956237706], [0.9350732232577158, 0.04140274188123867, 0.01621661733015348, 0.007307417430892043], [0.8354731632329051, 0.05641480110650533, 0.02141706163506256, 0.08669497392552696], [0.9056786123539173, 0.04544438632888697, 0.03377556585255234, 0.015101435364643357], [0.037730064379860664, 0.04177618786936539, 0.8327324420600345, 0.0877613055907394], [0.037665053363422685, 0.031476210714050455, 0.02490287531162825, 0.9059558605108986], [0.28058174249704254, 0.5940566658379637, 0.04304829984472853, 0.08231329172026522], [0.3508842947880317, 0.5968839125337716, 0.03448549053942955, 0.01774630203876715], [0.05863098316638892, 0.03393944876776014, 0.018027913629453742, 0.8894016543363972], [0.21737813663982347, 0.07224644625633242, 0.680257728698989, 0.030117688304855023], [0.007775588739549498, 0.03100324919969106, 0.9204685507075171, 0.040752611253242366], [0.00828544222747199, 0.028258151829539863, 0.6137423411819505, 0.3497140646610377], [0.0157604394824439, 0.9528425985707816, 0.008987106802707074, 0.022409855044067468], [0.03546296391945491, 0.9439071509151299, 0.01479309438660257, 0.005836790678812605], [0.010298102479256402, 0.13999611793571756, 0.018223537906759266, 0.8314822415782668], [0.03937230945175092, 0.26910358263687034, 0.6662939686959178, 0.025230139115460876]], "ideal": "C", "sampled": "B", "correct": false}}
{"type": "result", "data": {"idx": 12, "options": ["True, True", "False, False", "True, False", "False, True"], "probs": [[0.220421201577234, 0.12265953785920027, 0.33099553972139667, 0.3259237207421691], [0.1581573474386327, 0.1095335549786412, 0.39465513527429025, 0.33765396220843585], [0.24850025400269163, 0.26039635744476547, 0.16172484810933224, 0.3293785403432107], [0.24857171618156576, 0.21595055506306723, 0.2906798210652012, 0.2447979075901658], [0.23454042917319531, 0.24198136860720398, 0.2617260178404684, 0.26175218427913227], [0.25800750425880475, 0.22416486511864342, 0.2970743863605729, 0.22075324416197895], [0.13978393134125341, 0.14531968341682666, 0.40463710464696817, 0.3102592804949517], [0.15200220178018092, 0.1450125147246085, 0.3733998500867941, 0.32958543330841644], [0.1524737454429719, 0.17684943708723405, 0.40504633772724036, 0.2656304796425537], [0.1615485548811535, 0.18019288776503126, 0.3213882445967674, 0.3368703126570478], [0.1431477687088716, 0.19261126505313325, 0.29844907367894374, 0.36579189245905136], [0.12424099999501158, 0.18359505459000286, 0.2844824321797217, 0.40768151313526385], [0.2743451174367003, 0.25571237848917855, 0.16130740217857475, 0.30863510179554643], [0.2647503754380612, 0.23367087638003164, 0.24880878631912362, 0.25276996176278355], [0.2513451575981565, 0.11508388816159494, 0.4081763922760006, 0.22539456186424794], [0.1731568114796215, 0.10751550563455706, 0.3287390147659833, 0.39058866801983816], [0.2393323212125223, 0.14517439491894432, 0.41699692729392973, 0.19849635647460365], [0.25029482319644714, 0.17202146141160862, 0.24843335510044645, 0.3292503601914978], [0.23579981133367414, 0.20808475337584426, 0.2715036949691975, 0.2846117402212841], [0.17703517834771648, 0.1742796256534596, 0.3868853978059478, 0.2617997980928761], [0.21298535800786905, 0.16202177588576439, 0.3148917053292723, 0.31010116067709426], [0.1866913950245522, 0.16346395773457198, 0.25728600064538987, 0.39255864649548594], [0.18600404919295907, 0.148292475255242, 0.4429766039266798, 0.2227268715251191], [0.2303366064794993, 0.17936617134207924, 0.26521992680758444, 0.325077295270837]], "ideal": "A", "sampled": "A", "correct": true}}
{"type": "result", "data": {"idx": 13, "options": ["True, True", "False, False", "True, False", "False, True"], "probs": [[0.1741654075756726, 0.12158192330628978, 0.360332418634251, 0.3439202503837867], [0.14494615035825606, 0.11287458396228355, 0.39421833481774143, 0.34796093076171897], [0.18020383206276858, 0.2622117878735805, 0.18745403642028433, 0.3701303435433666], [0.1765323456428596, 0.21294749098298585, 0.30043983904158506, 0.3100803242325695], [0.17470550795693812, 0.1964382707345485, 0.3291218031482861, 0.29973441806022727], [0.19101249600489653, 0.1910360696412003, 0.3354397911856967, 0.2825116430682065], [0.15724186831990833, 0.13984555213014876, 0.3924550472173292, 0.3104575322326137], [0.17093518629354326, 0.13734258914621023, 0.3620337003410478, 0.32968852411919863], [0.17839702591335202, 0.18405992851175806, 0.37787412632026146, 0.2596689191546285], [0.1877972604474791, 0.18779080824477895, 0.31463196401680377, 0.3097799671909382], [0.15886287626321263, 0.1842937794783265, 0.29006335568602043, 0.36677998847244037], [0.15935443577595093, 0.18341583285011276, 0.29785666310575276, 0.3593730681681835], [0.24327188365303795, 0.23210553476716325, 0.18658151942739418, 0.33804106205240464], [0.21462675076444693, 0.20162769260856933, 0.2735886059007226, 0.31015695062626114], [0.21593491730914838, 0.12894622980258846, 0.373333781920293, 0.28178507086797017], [0.1760905936834313, 0.12292843298448285, 0.3449720945592718, 0.35600887867281406], [0.19431319498939464, 0.13566424759844783, 0.4021441281717683, 0.2678784291403892], [0.18929236199430233, 0.15092020185034863, 0.3324355879819429, 0.32735184807340617], [0.19652895334589723, 0.17481437063235744, 0.31919851420312195, 0.30945816171862334], [0.15762586420313213, 0.15641341635768852, 0.39349647179791847, 0.2924642475412609], [0.17734464208447834, 0.19479686639163107, 0.2748277958284657, 0.3530306955954248], [0.1745406933091177, 0.1977840602860536, 0.27474462164442204, 0.3529306246604066], [0.1803009754149328, 0.14831777963592258, 0.422843831054489, 0.2485374137946556], [0.185792547657499, 0.14928850307627975, 0.35835501014053983, 0.3065639390256814]], "ideal": "B", "sampled": "C", "correct": false}}
{"type": "result", "data": {"idx": 14, "options": ["pure", "not pure", "useful", "useless"], "probs": [[0.2419547682321685, 0.5368533609973967, 0.07211213397007976, 0.14907973670035507], [0.22990377639126647, 0.5263163282157146, 0.04709681509012612, 0.19668308020289277], [0.36400004675324543, 0.18018041280821587, 0.2350490057971121, 0.2207705345414266], [0.4066365002190263, 0.2751389998646762, 0.22461649438554243, 0.09360800543075505], [0.34440543474377067, 0.06521808209620723, 0.31364216696369546, 0.2767343160963266], [0.20989503589840963, 0.06976054816026898, 0.6466684533506213, 0.07367596249070009], [0.2375556343920552, 0.6663337249933866, 0.031668886067250185, 0.06444175444730794], [0.19629024223143876, 0.6852157204593026, 0.02576207589162782, 0.0927319613176309], [0.2021879895178255, 0.09550877161440775, 0.6132832445113804, 0.08901999425638642], [0.3380505715117767, 0.19260947260860628, 0.11504261853853841, 0.35429733724107865], [0.13385513622994497, 0.0488626219113873, 0.7467449417968633, 0.07053729996180433], [0.1952848539615003, 0.06389837568586501, 0.5393289206532723, 0.20148784959936236], [0.2086280795314324, 0.27213011000207044, 0.323231170241433, 0.19601064012506417], [0.39644092908174483, 0.3842620608461398, 0.11906494376459587, 0.10023206620751947], [0.17191488189449167, 0.3041253500919405, 0.4029900879378736, 0.12096967997569422], [0.2075421265904759, 0.393897005285131, 0.10118548806051356, 0.2973753799638795], [0.43335738773780746, 0.3220482170259769, 0.14406070111741462, 0.100533694018801], [0.3403049206211652, 0.28656376677486056, 0.15341394223741722, 0.21971737026655705], [0.10305313819005042, 0.26945157029717676, 0.21655428445417357, 0.41094100695859925], [0.15128947905643958, 0.2962620280108278, 0.48097896929475203, 0.07146952353798058], [0.08477124015372947, 0.1780882517388053, 0.5749854573401738, 0.16215505066729147], [0.10108342313872831, 0.24064460808711108, 0.3188625133227201, 0.3394094553514405], [0.16466179611125398, 0.6071870371627622, 0.13134099639637892, 0.09681017022960489], [0.13088693698579545, 0.49794543514230133, 0.16681511451238534, 0.20435251325951784]], "ideal": "B", "sampled": "A", "correct": false}}
{"type": "result", "data": {"idx": 15, "options": ["True, True", "False, False", "True, False", "False, True"], "probs": [[0.18895328043001824, 0.14826673267789184, 0.37002646919364923, 0.2927535175984407], [0.14810801378908786, 0.1348069249790095, 0.4058500048477407, 0.3112350562841619], [0.1968424620399878, 0.29315973121276473, 0.18782837777730252, 0.322169428869945], [0.19552974109587193, 0.23035631728318018, 0.3249441336523772, 0.2491698078685707], [0.18508148467301463, 0.21636762045198085, 0.3249050128865929, 0.27364588188841155], [0.20686970957340942, 0.20685029336008645, 0.36602497642589543, 0.22025502054060866], [0.1556972414099445, 0.17228953538602268, 0.4008189141349517, 0.27119430896908114], [0.1695469544455864, 0.1721772032287143, 0.3675176665199791, 0.2907581757057202], [0.16345488020498802, 0.20023276506545828, 0.39842442861460264, 0.23788792601495107], [0.1759739202065566, 0.20249404029714, 0.34462794245521655, 0.27690409694108686], [0.15482456980587528, 0.2132666259790777, 0.2961875497998643, 0.33572125431518274], [0.14917427966776114, 0.203854227217952, 0.3310333340000879, 0.31593815901419897], [0.2638948002774094, 0.28089356838179413, 0.17856465544352423, 0.27664697579727215], [0.24400924143735292, 0.25975963470722413, 0.25778558847710537, 0.2384455352783176], [0.22611097846815748, 0.13714002888857996, 0.4463309017170717, 0.19041809082619085], [0.17499346582292769, 0.13002265273359484, 0.3853157093923841, 0.30966817195109336], [0.2208696686741476, 0.1566088897843843, 0.439396189425273, 0.18312525201619512], [0.21981387493241733, 0.1879852618978765, 0.3076213689622033, 0.28457949410750283], [0.2116450933655289, 0.18531031628617775, 0.34363918981037567, 0.2594054004379177], [0.161329597218593, 0.17038190363133826, 0.43529295916972754, 0.2329955398803412], [0.1973687500348386, 0.1883224639608154, 0.3358434040257243, 0.2784653818786217], [0.17755297353736177, 0.18751016816142166, 0.29511628431457393, 0.3398205738866426], [0.1800833534964631, 0.1589123809826975, 0.46005958552173154, 0.20094467989910786], [0.21003159878537805, 0.18243959544264776, 0.32032632824555524, 0.2872024774264189]], "ideal": "B", "sampled": "C", "correct": false}}
{"type": "result", "data": {"idx": 16, "options": ["This feature has a strong effect on the model (should be retained)", "This feature does not have a strong effect on the model (should be ignored)", "It is not possible to comment on the importance of this feature without additional information", "Nothing can be determined."], "probs": [[0.10574759505919393, 0.2638530311818116, 0.5007886029807922, 0.1296107706782023], [0.11489019395924603, 0.5230813298713314, 0.10300837248322407, 0.2590201035861985], [0.08860287748432095, 0.3819171459448103, 0.4329010513520885, 0.09657892511878025], [0.07432656069907306, 0.5160569682746379, 0.12451323497422033, 0.2851032359520687], [0.11250910906858688, 0.102416776110421, 0.5715207456970899, 0.21355336902390223], [0.09237592735242903, 0.08214777768436975, 0.47666234128374374, 0.3488139535794575], [0.07698229126567867, 0.4755094753216672, 0.337186671845871, 0.11032156146678308], [0.07018259376129807, 0.6818832957623981, 0.08080826939753061, 0.16712584097877323], [0.08840034353743897, 0.23475307748547516, 0.5812358985536283, 0.09561068032345754], [0.06105805810540774, 0.38902475039969925, 0.12242023402205252, 0.4274969573728405], [0.04245032852892869, 0.06422717291066843, 0.8139937135432121, 0.07932878491719078], [0.046777596115536904, 0.05178096619872931, 0.26510985300446144, 0.6363315845812724], [0.3869700287279191, 0.23837283853394106, 0.30139299101374906, 0.07326414162439077], [0.42855393882280624, 0.3038467764550584, 0.1327665597067627, 0.13483272491537263], [0.2578901282788828, 0.15639921929457393, 0.5129766922357325, 0.07273396009081082], [0.3076129509556695, 0.20169578190074355, 0.1365151682878836, 0.35417609875570333], [0.3402974453095193, 0.11396634068095926, 0.4369855327324695, 0.108750681177052], [0.2637285052809552, 0.12072632730423376, 0.22561485077303947, 0.3899303165417715], [0.033352138718690374, 0.3503119179477597, 0.3970526860194533, 0.2192832572140966], [0.040863863206356356, 0.2175047646803141, 0.4394917389424594, 0.3021396330708701], [0.03851503075996785, 0.15352602072721247, 0.6366242670879277, 0.1713346813248919], [0.030188422984461876, 0.07129857768111611, 0.2820682854899509, 0.6164447137444712], [0.040748203969257865, 0.35485037232384814, 0.4021663262473052, 0.20223509735958878], [0.026561929981379, 0.2683146813745798, 0.16275594641858146, 0.5423674421254597]], "ideal": "C", "sampled": "A", "correct": false}}
{"type": "result", "data": {"idx": 17, "options": ["The number of hidden nodes", "The learning rate", "The initial choice of weights", "The use of a constant-term unit input"], "probs": [[0.20568652755478306, 0.16784963260178584, 0.37835342251977827, 0.24811041722365285], [0.21971347745328304, 0.18211708556482456, 0.206420359377506, 0.3917490775043864], [0.21141071300462683, 0.2215226408390812, 0.36533459472974666, 0.2017320513265453], [0.21945820564568136, 0.22995358583735154, 0.19983908233069228, 0.3507491260862748], [0.21007542310044477, 0.1853577643447531, 0.27402204272391006, 0.33054476973089203], [0.18447208677581126, 0.17058418943642703, 0.29481640894469513, 0.3501273147430666], [0.16799903915626904, 0.18448529745196, 0.40306001319788637, 0.24445565009388456], [0.17404282803391716, 0.1941279085921273, 0.19418199980483752, 0.43764726346911803], [0.18382097110493945, 0.24349283768004865, 0.35438434870205543, 0.21830184241295647], [0.168178970553181, 0.20284351099955616, 0.21263369282045444, 0.4163438255268084], [0.15663112931817763, 0.1641269052479486, 0.2664760390622578, 0.41276592627161596], [0.16138014676686063, 0.15885675425302145, 0.3160141502306993, 0.36374894864941865], [0.2581189351455221, 0.23868214302901203, 0.3113887402517764, 0.19181018147368947], [0.24344373472413042, 0.21818340472731895, 0.18961307969620358, 0.34875978075234704], [0.24366682402339512, 0.23985093472211738, 0.3080629660169729, 0.20841927513751457], [0.23691175091614744, 0.21567275270667896, 0.20266710823735803, 0.34474838803981556], [0.22923316524568418, 0.19001183552577117, 0.2722536501498816, 0.308501348978663], [0.22219908069839245, 0.18132238227384173, 0.2680555680084716, 0.3284229689192943], [0.2047886045722887, 0.23939188892497323, 0.22849736636815488, 0.3273221400345832], [0.17642864320259338, 0.19374285347695588, 0.30015316155303334, 0.32967534166741735], [0.1780063360751483, 0.18363369999479734, 0.26726505157659075, 0.37109491225346364], [0.1805570206114555, 0.15931900556218392, 0.31201954087562406, 0.3481044328507365], [0.21369662241894993, 0.2537400944652705, 0.25381096438578926, 0.27875231862999034], [0.2214363101117354, 0.2508887983740138, 0.22496369814059128, 0.30271119327365953]], "ideal": "A", "sampled": "C", "correct": false}}
