{"type": "result", "data": {"idx": 0, "options": ["Bargaining", "Satisficing", "Accepting", "Compromising"], "probs": [[0.020153388656044706, 0.8370928460161223, 0.037970584188187065, 0.10478318103964593], [0.05516875863529449, 0.773537741436956, 0.12832697499464024, 0.04296652483310932], [0.01876057417597546, 0.04499447897581637, 0.8167672402607344, 0.11947770648747373], [0.027347625827343316, 0.052705190290373044, 0.22544479137517562, 0.694502392407108], [0.06277749269157547, 0.1602711462955691, 0.7414663819992012, 0.03548497891365424], [0.050422448847699655, 0.25207418294738093, 0.07338593181750176, 0.6241174362874177], [0.5322326242760546, 0.12441327749543193, 0.03538999214969604, 0.30796410597881746], [0.6388910792958258, 0.17460639323672367, 0.1298186558247123, 0.056683871542738185], [0.4638975810617049, 0.0857830058114125, 0.06580612317514072, 0.3845132898517419], [0.5770089754706803, 0.10504511977527639, 0.16025230645094848, 0.1576935982030948], [0.4370307293318476, 0.42344718851796836, 0.10712344863592659, 0.032398633414257465], [0.4522820907613881, 0.40530591293157886, 0.03831805947818998, 0.10409393672884304], [0.024483869351461705, 0.06153733408750391, 0.8109195993776986, 0.10305919708333577], [0.03474706434047419, 0.07470458738867493, 0.329693552439749, 0.5608547957311019], [0.020531436311646212, 0.8594458054295209, 0.02942702902506862, 0.09059572913376426], [0.024954740978152593, 0.872831916726087, 0.06325691451925046, 0.038956427676509975], [0.043545352374670346, 0.1721953975473435, 0.134143254183673, 0.6501159957943131], [0.03306324665785076, 0.08915416102798346, 0.8202166602109833, 0.05756593200318254], [0.11235126642595143, 0.1419874701136768, 0.6992008555130165, 0.0464604078473553], [0.0751581710682225, 0.13396325656190775, 0.05499951147855858, 0.7358790607913112], [0.11485135935500423, 0.7725919835725018, 0.08673059664838675, 0.0258260603241072], [0.06413296370561722, 0.8060741719514891, 0.0499747153331017, 0.07981814890979197], [0.04717582832808058, 0.0568943179892504, 0.13440177894692695, 0.761528074635742], [0.027300664408409826, 0.04903863943408677, 0.8428069101581428, 0.08085378589936064]], "ideal": "B", "sampled": "B", "correct": true}}
{"type": "result", "data": {"idx": 1, "options": ["Framing bias", "Hindsight bias", "Over-confidence bias", "Heuristics"], "probs": [[0.15721906602882427, 0.14536887297540918, 0.1132514989765619, 0.5841605619192046], [0.09259081699958506, 0.06564146328538983, 0.7283503466738358, 0.11341737294118934], [0.14034457058878266, 0.07994506357891583, 0.18886020694723152, 0.59085015878507], [0.07716259733230788, 0.0467895925306108, 0.7672649992773267, 0.10878281075975457], [0.03314311242199319, 0.8958533309912386, 0.0316409635311555, 0.039362592955612626], [0.02900153546674595, 0.8882371070508908, 0.03418800562405681, 0.048573351758306425], [0.21048039430722085, 0.06621155684767997, 0.12374338775512882, 0.5995646609899703], [0.1350980037454495, 0.038998478993672564, 0.7190699824422145, 0.10683353471866346], [0.22737120597855667, 0.10906151179761243, 0.07382550254825979, 0.5897417795755711], [0.1263514946793165, 0.05348677101868574, 0.6938499809161761, 0.1263117532858216], [0.04611938197177259, 0.8702892786169194, 0.03049982360353259, 0.05309151570777542], [0.039820309279375354, 0.8648406765694268, 0.04174891439688417, 0.053590099654313744], [0.171032445783764, 0.06389210641549073, 0.3002052083158391, 0.4648702393849062], [0.12896963807824202, 0.043525298005118854, 0.7082697295119612, 0.11923533430467792], [0.20537235871796655, 0.24383055616345772, 0.07324652954397584, 0.4775505554745999], [0.15365851956087018, 0.10394471572954964, 0.5710067578279155, 0.1713900067816646], [0.04986845607566906, 0.8435690277475529, 0.03622276538002913, 0.07033975069674883], [0.04848943234772022, 0.8462868798996673, 0.04486781718893272, 0.06035587046367978], [0.8848812543572038, 0.03273740245274102, 0.027574604258045823, 0.054806738832009406], [0.8851338407221401, 0.033261196246783836, 0.024151369098918275, 0.05745359383215782], [0.874377617983749, 0.04218849959013242, 0.022066336369539315, 0.06136754595657928], [0.8687852992404612, 0.04462090697863194, 0.02749641170900551, 0.059097381971901314], [0.8535410252229554, 0.04594154754170032, 0.02479178682962772, 0.07572564030571659], [0.8605012879795455, 0.04631610258948342, 0.03183987883548292, 0.061342730495488135]], "ideal": "D", "sampled": "D", "correct": true}}
{"type": "result", "data": {"idx": 2, "options": ["The way things are.", "The way things are going to be.", "The way things should be.", "The way things were."], "probs": [[0.01944751232791478, 0.02345925349707606, 0.9303033957456678, 0.026789838329341398], [0.24009076026762796, 0.06666486039089062, 0.04045799791920169, 0.6527863813222797], [0.01747120578309462, 0.9542421884244541, 0.012498305422367918, 0.015788300270083405], [0.016363146745429713, 0.9514312220396463, 0.012461427844537163, 0.019744203270386895], [0.020734781320052683, 0.00906006988397511, 0.01653846533230537, 0.9536666833636668], [0.04631517576868343, 0.029673304665612226, 0.8882209773993225, 0.03579054206638185], [0.05113325182880967, 0.06363482203727992, 0.8386749470579932, 0.046556978975917214], [0.13959973581081267, 0.16321205543991293, 0.041289242458673076, 0.6558989661906013], [0.010979175055271356, 0.9433925307626626, 0.02219665133187928, 0.02343164275018676], [0.012565623646722219, 0.9528405311924896, 0.014031263531323715, 0.020562581529464465], [0.04401535044872516, 0.021963694448332148, 0.23438266752600048, 0.6996382874769422], [0.03745166142186656, 0.028943336958089372, 0.8799520566188495, 0.05365294490119457], [0.9763695937220298, 0.010515454301575855, 0.005719257135381349, 0.007395694741012949], [0.9733600520297938, 0.011335075720925453, 0.005613572374409751, 0.009691299774870982], [0.9668220215837355, 0.008632639896496042, 0.014919463432064631, 0.009625874987703798], [0.9718751118914326, 0.0083454998890361, 0.006656093914252833, 0.013123294205278439], [0.9667445980284533, 0.007983823276318098, 0.013478343323468603, 0.011793235271760048], [0.9682540504830985, 0.006839566589486081, 0.006895478538008431, 0.01801090428940692], [0.00723323644661039, 0.009509788820728659, 0.01300130224982588, 0.970255672382835], [0.025007235303004367, 0.03725114526834414, 0.9030209930217049, 0.03472062630694655], [0.02382263815891555, 0.024200892944412453, 0.3421422996642083, 0.6098341691324637], [0.011189261919181187, 0.014941435000635916, 0.9468154110992606, 0.02705389188092225], [0.010122459361951976, 0.9478834252827381, 0.019528917929944826, 0.02246519732536508], [0.00986397548442035, 0.9604342009668954, 0.012384217265828425, 0.017317606182855882]], "ideal": "C", "sampled": "C", "correct": true}}
{"type": "result", "data": {"idx": 3, "options": ["The potential for entry into the industry", "The threat of substitute products", "The power of customers", "The level of rivalry"], "probs": [[0.349781435331965, 0.23665483549415933, 0.11901928607573768, 0.294544442998138], [0.4029774753283635, 0.3138126268915809, 0.16031353828052833, 0.12289635939952728], [0.26174408584814596, 0.19148668930234974, 0.19453312744539436, 0.35223609730410993], [0.4033061383273459, 0.19653732194109402, 0.1438126499592802, 0.2563438896722799], [0.3296745468297919, 0.2449789232512548, 0.24888193975704492, 0.17646459006190832], [0.5094711183992177, 0.17605191467431985, 0.09877292810882846, 0.215704038717634], [0.13632306929632731, 0.37639361792066656, 0.1280805373003748, 0.35920277538263135], [0.18276505042014624, 0.48151219493641856, 0.17442259000155955, 0.16130016454187565], [0.11390501985941838, 0.11390466968215383, 0.31453368935715553, 0.45765662100127225], [0.20893022972058065, 0.16271045075024243, 0.13490589848722467, 0.49345342094195227], [0.1349558910566254, 0.14592210326655428, 0.47851335869494355, 0.24060864688187675], [0.28332382648826476, 0.18872757394756762, 0.10262236819598819, 0.4253262312681794], [0.11597751911298107, 0.26547596053714156, 0.19425380372737774, 0.4242927165224996], [0.10824046363523368, 0.3181407475014831, 0.16506646694876986, 0.4085523218145134], [0.09293911674389026, 0.1331295231829784, 0.3507868375337024, 0.42314452243942896], [0.11041626995877733, 0.21283580202093397, 0.13319988448182, 0.5435480434384687], [0.06272589554887856, 0.08440722712940564, 0.3964900462638478, 0.456376830957868], [0.07915539213092702, 0.12260075123566362, 0.24006382104668336, 0.558180035486726], [0.12230826548580337, 0.40735154125933687, 0.25898160756079536, 0.21135858559406437], [0.07613410799934078, 0.31068158146612423, 0.10087642817680582, 0.5123078822577292], [0.07980345965390935, 0.13157512559989484, 0.5540302495971392, 0.23459116504905664], [0.10516232251069349, 0.21243897078297058, 0.09576562046047044, 0.5866330861458655], [0.034719484751344204, 0.04858193773791338, 0.39430292261761474, 0.5223956547931277], [0.0557118207160551, 0.08903099595610087, 0.3012188970741414, 0.5540382861537027]], "ideal": "D", "sampled": "A", "correct": false}}
{"type": "result", "data": {"idx": 4, "options": ["Margaret Thatcher", "Mikhail Gorbachov", "Nelson Mandela", "Bill Clinton"], "probs": [[0.3597149443351642, 0.23957457422082265, 0.19254153391159784, 0.2081689474324153], [0.39737182832050955, 0.24476404819157208, 0.1484835556361276, 0.20938056775179073], [0.3154786573851334, 0.2495117969488703, 0.24956745278675307, 0.18544209277924317], [0.3194017505148058, 0.24484907817922535, 0.17096238346066264, 0.26478678774530623], [0.3602027105985305, 0.18682353753437583, 0.27188316795143125, 0.1810905838156624], [0.3533529182906439, 0.18043366756272505, 0.20771881007328022, 0.25849460397335083], [0.18447450741846855, 0.4222751133533706, 0.1874144766317804, 0.20583590249638042], [0.20765983803936497, 0.42609461697219303, 0.15195486853718343, 0.21429067635125854], [0.17599642012748848, 0.13492026722690909, 0.5337693015135621, 0.15531401103204034], [0.11703866671575953, 0.12656261779965644, 0.11345672537484029, 0.6429419900097437], [0.19288600064035602, 0.13890198285686686, 0.4925952104014854, 0.17561680600129168], [0.1166716796539031, 0.08145771798484965, 0.13017478389965934, 0.6716958183615879], [0.2011267095603088, 0.4603889286057708, 0.19805116949485094, 0.14043319223906947], [0.20252701638103818, 0.478307515334936, 0.14590390025110328, 0.17326156793292255], [0.17535621893570968, 0.13443418935283197, 0.5402183371177015, 0.14999125449375683], [0.11172268201489462, 0.10016066354935646, 0.09263625587884583, 0.6954803984569031], [0.1581041699066048, 0.11035735405676715, 0.5605871206092632, 0.17095135532736477], [0.1131569875193183, 0.06972227886035774, 0.134397281180334, 0.68272345233999], [0.1943727193391476, 0.44493101368659954, 0.19441296737672764, 0.16628329949752527], [0.17941190033233295, 0.4440562956476762, 0.1794460537932769, 0.19708575012671395], [0.2022087694328737, 0.16501189260095647, 0.4486713974427373, 0.1841079404234325], [0.09845748921030074, 0.09544065238174614, 0.11158379495578537, 0.6945180633521677], [0.16016940951512737, 0.12668667563731298, 0.5504534818154624, 0.16269043293209723], [0.09956284466318453, 0.09803321080122658, 0.14264066730735825, 0.6597632771282307]], "ideal": "D", "sampled": "A", "correct": false}}
{"type": "result", "data": {"idx": 5, "options": ["Work flow design", "Work schedule design", "Work rate design", "Work output design"], "probs": [[0.013710253845068967, 0.9464282970926924, 0.014043052653228895, 0.02581839630900973], [0.014160700431107466, 0.9474538161812833, 0.015929760736175153, 0.022455722551434052], [0.01308140531051475, 0.021737806496830582, 0.9173341988599878, 0.047846589232666895], [0.00450666355736181, 0.005924827600720466, 0.008688695063622664, 0.980879813678295], [0.01441157420652993, 0.03430374112050146, 0.9130182257645497, 0.03826645880841892], [0.006769720171988394, 0.0105683452351901, 0.008763141222340473, 0.973898793270481], [0.8472777619991263, 0.09505720453328241, 0.016143543674194894, 0.04152148969339639], [0.8356582857555341, 0.10623393608523556, 0.02280569028940548, 0.03530208776982484], [0.8592199458271111, 0.04847253732156405, 0.03385049388609035, 0.058457022865234486], [0.8237932323585692, 0.055190108710968876, 0.025675050911720062, 0.0953416079187419], [0.8391728808821601, 0.08308408967876878, 0.03464688655431805, 0.04309614278475303], [0.8148678464478122, 0.08324230383954838, 0.02122102099052742, 0.08066882862211201], [0.022745294069001436, 0.052884022037356385, 0.8671902141071326, 0.05718046968650964], [0.007547374871996263, 0.019885420314342372, 0.014325556406486554, 0.9582416483071748], [0.03304040059116885, 0.8861965536185031, 0.031543374058430135, 0.049219671631897874], [0.023566336334264637, 0.9054279551505581, 0.023764059834023677, 0.04724164858115364], [0.00842145998333435, 0.013885404008237363, 0.01927978103999136, 0.9584133548684369], [0.015975110350256384, 0.03892695187333586, 0.893127090343384, 0.05197084733302375], [0.01747574833526189, 0.0406328847183285, 0.8965639421011773, 0.04532742474523229], [0.006105099208229522, 0.01302651480507633, 0.00867938297907976, 0.9721890029076143], [0.017008521586352514, 0.9360721452610451, 0.020366198925547495, 0.026553134127054814], [0.01374563867171489, 0.9414730202790078, 0.014754772394021811, 0.030026568555255526], [0.00504957753745057, 0.006334311787574473, 0.011117354137280912, 0.977498756437694], [0.01445382042260072, 0.0255670723431765, 0.9014618689700697, 0.05851723816415304]], "ideal": "B", "sampled": "B", "correct": true}}
{"type": "result", "data": {"idx": 6, "options": ["Workers enjoy responsibility.", "Workers view physical and mental effort as a natural part of work.", "Workers like to show initiative.", "Workers like to be directed."], "probs": [[0.03207604913591312, 0.054141424982237736, 0.039616389618675855, 0.8741661361631733], [0.12977933359184465, 0.1719216236241813, 0.5465622950962716, 0.15173674758770242], [0.036542404625253946, 0.036545526418221376, 0.05486836497466881, 0.8720437038818559], [0.03524955138493852, 0.05088929136662184, 0.6299596625334598, 0.2839014946149799], [0.11370764417462728, 0.6343122578304233, 0.1210781532163952, 0.13090194467855415], [0.09657311222690702, 0.6704649178654434, 0.0879576707999888, 0.14500429900766082], [0.03905436396208272, 0.03556061908247108, 0.03612627461191357, 0.8892587422435326], [0.22872369246691673, 0.10802716799874809, 0.5155773892182889, 0.14767175021604625], [0.03733281971635115, 0.039126494927682505, 0.03269665473766185, 0.8908440305183045], [0.14632378335238602, 0.1463051419980677, 0.5699072393122144, 0.1374638352373318], [0.2220289856102996, 0.5942605930840867, 0.08044130559972364, 0.10326911560589004], [0.25752557856401936, 0.5284655408608271, 0.12359777828397844, 0.09041110219117507], [0.03960248558280739, 0.03550203236774067, 0.05086188895504143, 0.8740335929944105], [0.03577301318332093, 0.043153584481412016, 0.7773329701689353, 0.14374043206633177], [0.03429750235762216, 0.04615557537180382, 0.03457488004330355, 0.8849720421272704], [0.09943519457601166, 0.1492646921331578, 0.6386130999983518, 0.11268701319247877], [0.05463863975909989, 0.8415770059591308, 0.03786275323868666, 0.06592160094308264], [0.07029460579331923, 0.7921293017110633, 0.07255160279000282, 0.06502448960561465], [0.433099131253304, 0.1544009079897569, 0.2111098373719119, 0.2013901232850272], [0.4570562907157695, 0.14836162548312526, 0.14610453166252435, 0.24847755203858088], [0.3877498805135169, 0.4063605367730999, 0.08387867360468357, 0.12201090900869964], [0.45724260035302033, 0.32422474346441144, 0.12118427951146973, 0.09734837657109849], [0.4824952457179639, 0.3019149100684641, 0.06844494032172027, 0.1471449037918517], [0.4794364106721563, 0.26891291514428567, 0.13954833286999677, 0.11210234121356123]], "ideal": "D", "sampled": "D", "correct": true}}
{"type": "result", "data": {"idx": 7, "options": ["Referent", "Expert", "Reward", "Legitimate"], "probs": [[0.028278068725080662, 0.022719093850394292, 0.012551668656057564, 0.9364511686684674], [0.08209340850369101, 0.07242756187805607, 0.8293178506809845, 0.016161178837268402], [0.020150428448181674, 0.018634272563882576, 0.02015416863960612, 0.9410611302483296], [0.06199257083964686, 0.043948625425358906, 0.8831194120167315, 0.010939391618262715], [0.07673134548516614, 0.9059761324781789, 0.010639388999978936, 0.006653132936676054], [0.07454445329096432, 0.908091170452762, 0.010747758696017606, 0.006616617460256131], [0.025275069605684188, 0.1987642597507565, 0.02567858000248643, 0.7502820905410729], [0.0660112754381037, 0.48763718486716934, 0.4238966304336823, 0.022454909161044638], [0.014439528211427641, 0.023803117305526596, 0.3526003740515087, 0.6091569803315371], [0.014485692496000855, 0.019490120785298104, 0.9393881488442689, 0.026636037774432148], [0.014753080724390084, 0.9491516235835054, 0.028676438726603228, 0.00741885686550128], [0.010739528773014831, 0.959268647322778, 0.012962452376128374, 0.01702937142807889], [0.012794190277705376, 0.38871348636041025, 0.023907395559525525, 0.5745849277023588], [0.02722869538149983, 0.6442513255235065, 0.31911163478794363, 0.009408344207050036], [0.009799009498315083, 0.037851804199532636, 0.32199041071636647, 0.6303587754857858], [0.008947515675978663, 0.02734336759476917, 0.9419116183899412, 0.02179749823931097], [0.008061315131149509, 0.9689170360306881, 0.018463867239011396, 0.004557781499150974], [0.006354174000923993, 0.9504488541881019, 0.012644232962954813, 0.030552738748019337], [0.5792893265251379, 0.4043182318185645, 0.01053404467853404, 0.005858396877763569], [0.6338593431015707, 0.34999069942842526, 0.010998992366071235, 0.005150965003932842], [0.22009486464021166, 0.07032929790824852, 0.6887865353974406, 0.02078930195409923], [0.3251688911323589, 0.0475743097142888, 0.019841932571413482, 0.6074148664819388], [0.45220875482837847, 0.06023862923691063, 0.4740068289498453, 0.013545786884865548], [0.30600413050041736, 0.03541644217170352, 0.030782849825426953, 0.6277965774024521]], "ideal": "D", "sampled": "D", "correct": true}}
{"type": "result", "data": {"idx": 8, "options": ["Henry Fayol", "Max Weber", "Adam Smith", "Mary Parker Follett"], "probs": [[0.006349348416665551, 0.9796837023015601, 0.006657534252824341, 0.0073094149289500135], [0.009396501077072772, 0.9734234412301287, 0.00932751242462894, 0.007852545168169618], [0.004382179453718725, 0.018734193651747104, 0.9686334603237999, 0.008250166470734253], [0.0027217498245696303, 0.00733985766060987, 0.013501224443891516, 0.9764371679709289], [0.01160032096314118, 0.04176387120389003, 0.9360740026926229, 0.01056180504034594], [0.0036747194590810656, 0.02130744541324038, 0.010468655861989695, 0.9645491791656888], [0.9321077899125453, 0.05865989898023791, 0.004185805757381805, 0.00504650524983499], [0.9481932957039743, 0.0416593347281813, 0.005957360187777935, 0.004190009280066528], [0.945765692957129, 0.019324632746544328, 0.02901624200933949, 0.005893432186987241], [0.9621505848193411, 0.014957158993938516, 0.007701593085749915, 0.01519066300097042], [0.9444438754670951, 0.036618428518802176, 0.01390373320005352, 0.005033962714049227], [0.9493890845845587, 0.03458165538066029, 0.004263736505740331, 0.011765523429040664], [0.004819946911792718, 0.044654958715030876, 0.9402420681840932, 0.010283026089083264], [0.0031484928656535256, 0.08117944536239764, 0.015020368677636873, 0.9006516929943119], [0.002883877073447553, 0.9871642959383119, 0.0053066773055275955, 0.004645149582712973], [0.002337438146667686, 0.9880037697815095, 0.004472465430944742, 0.005186326540878043], [0.0062849333080136766, 0.04430447312963568, 0.5482868758465598, 0.40112371761579085], [0.003438606673916368, 0.019630492010393363, 0.9684208768088696, 0.008510024406820643], [0.01998240049797444, 0.7322963785053439, 0.22694105510051182, 0.02078016579616981], [0.003966767379466853, 0.856335488149247, 0.010373471119208487, 0.12932427325207774], [0.008084586484184727, 0.9791417841306574, 0.006811457255271961, 0.005962172029885842], [0.004063496474716014, 0.986354383574976, 0.003760647862362808, 0.005821471987945204], [0.007020094756329605, 0.03348303891394236, 0.6418063511440997, 0.3176905150856284], [0.0036245525778724496, 0.017835672697991817, 0.9663758740222007, 0.012163900601934993]], "ideal": "B", "sampled": "B", "correct": true}}
{"type": "result", "data": {"idx": 9, "options": ["Frederick Taylor", "Seebohm Rowntree", "Henry Ford", "Max Weber"], "probs": [[0.09095539896770728, 0.19861645994584423, 0.6314104794824522, 0.07901766150399628], [0.03442171864551719, 0.12786996006050264, 0.016650190110045017, 0.8210581310839351], [0.03205535799356803, 0.8939013550208197, 0.03991345985679991, 0.03412982702881238], [0.02141689508939197, 0.939558505918007, 0.015680868177037947, 0.023343730715563043], [0.0245083132460893, 0.03375741707027313, 0.04335140266882839, 0.8983828669148092], [0.027315519054961292, 0.04645796691261054, 0.8767722623770883, 0.04945425155533986], [0.11648972902787509, 0.18610146362557456, 0.5734199795533994, 0.1239888276931509], [0.042952692714428364, 0.11138849372380222, 0.022463917060515478, 0.823194896401254], [0.029032500535936676, 0.9245876100640193, 0.021927243611260784, 0.024452645688783192], [0.024117328044466486, 0.9484219479475062, 0.011763928369270107, 0.015696795538757188], [0.07118691049942787, 0.06685798143462499, 0.05994704238253934, 0.8020080655834078], [0.04972132949394012, 0.05633038502271573, 0.841027896671468, 0.05292038871187609], [0.7644165015123704, 0.12872390207992898, 0.06374366462070707, 0.04311593168699353], [0.8711989971109422, 0.07731658089905953, 0.023043872399941066, 0.028440549490057237], [0.6788013172185328, 0.24578821681734436, 0.03712256031126728, 0.03828790555285561], [0.8360738613278584, 0.12425155728136242, 0.017223154835527662, 0.022451426455251517], [0.8634964919362595, 0.06352973799736743, 0.03678010072318089, 0.03619366924319208], [0.8277826185027096, 0.07009606703271756, 0.06091751811912166, 0.04120379624545112], [0.017432466732055885, 0.06425337708203348, 0.04486450330382663, 0.873449652782084], [0.018921897729772104, 0.06350146540930288, 0.876891714990338, 0.040684921770587024], [0.03353032804470116, 0.3106981778873698, 0.03770369993849396, 0.6180677940294351], [0.03344482753751664, 0.07079416888572748, 0.8493290099747287, 0.04643199350202714], [0.0072000975705920995, 0.965338098240657, 0.014216417259949895, 0.01324538682880101], [0.007810629543303948, 0.9610139856408487, 0.016806112827625213, 0.014369271888222129]], "ideal": "B", "sampled": "C", "correct": false}}
{"type": "result", "data": {"idx": 10, "options": ["John Kenneth Galbraith", "John Maynard Keynes", "Milton Friedman", "Alfred Marshall"], "probs": [[0.04909965676510225, 0.10721561856956728, 0.7445078352744713, 0.09917688929085916], [0.02682605759426142, 0.05996953282115552, 0.0452808520238427, 0.8679235574607403], [0.08545440542928126, 0.7153937878941019, 0.08414924262000725, 0.11500256395660953], [0.04358293569365426, 0.6816240079321818, 0.04640781220344197, 0.22838524407072197], [0.027958417360591535, 0.05780343349035855, 0.0645009205882215, 0.8497372284608284], [0.0343575701083158, 0.10579652338162082, 0.5128556489431603, 0.34699025746690315], [0.04588116383705988, 0.07925523160263227, 0.7290700158761413, 0.14579358858416658], [0.014524708730504354, 0.03298191778096482, 0.0324782026453336, 0.9200151707431972], [0.07433743029089465, 0.7275657653081028, 0.0755259394570165, 0.12257086484398605], [0.04947999454927367, 0.6829114504748781, 0.0423373017988686, 0.22527125307697957], [0.031136016760872274, 0.06641643778237023, 0.054221379094162456, 0.8482261662625951], [0.039200590225131955, 0.1346593390168994, 0.49276758703929585, 0.33337248361867283], [0.396490216215539, 0.2854985594463952, 0.13075646756771964, 0.1872547566703462], [0.2561571712308, 0.2521086745654665, 0.06278385501996026, 0.4289502990837732], [0.4917741417393052, 0.23960770664203196, 0.11146686970072922, 0.15715128181793356], [0.44623071283281973, 0.21071578717148012, 0.05946333005029877, 0.2835901698454014], [0.2867779051060228, 0.1939853127095811, 0.13337571421241018, 0.3858610678719859], [0.3985944331550372, 0.23424520482058492, 0.08894697525681906, 0.27821338666755885], [0.0502317223699463, 0.08025013833994654, 0.0587296089187307, 0.8107885302713764], [0.0735469264294766, 0.11387290483591071, 0.5350472529832645, 0.2775329156513482], [0.05046369823535636, 0.05807016351904981, 0.0769497221972243, 0.8145164159483695], [0.05036009156155065, 0.07325165999217124, 0.7517616868014312, 0.12462656154484687], [0.059731734548059266, 0.7867275182590122, 0.050316585211021725, 0.10322416188190683], [0.07458789623261652, 0.7893856335537007, 0.043184575146584685, 0.09284189496709802]], "ideal": "C", "sampled": "C", "correct": true}}
{"type": "result", "data": {"idx": 11, "options": ["Mary Parker Follett", "Elton Mayo", "Lillian Gilbreth", "Frederick Taylor"], "probs": [[0.003135101663543567, 0.9849988766497147, 0.006142942296585976, 0.005723079290155693], [0.0035760081352927023, 0.9837649459042461, 0.005764133759307688, 0.006894912101153478], [0.016906528461965612, 0.0695276883549033, 0.8879847873002426, 0.025580995782888572], [0.02597593136078657, 0.45327240367744875, 0.045601643034839205, 0.47515002182692545], [0.011467984009139742, 0.028606897377008333, 0.9402637533290521, 0.019661365184799832], [0.016828451617399317, 0.033466078961014924, 0.1387371148540131, 0.8109683544675726], [0.9807132668944424, 0.010982810324720661, 0.004508865534831449, 0.00379505714600554], [0.9791257831841647, 0.012232809890257755, 0.004035318921613505, 0.004606087903964125], [0.9795401275537351, 0.012724589789234433, 0.003974291568683015, 0.003760990988347436], [0.9762951559731454, 0.014711986934957748, 0.003869393775685398, 0.005123463216211439], [0.9819170726486678, 0.009116749180647062, 0.004694062700042741, 0.004272115370642355], [0.9799778284260592, 0.00976111967858245, 0.005391904383384297, 0.00486914741197411], [0.02268530851417369, 0.05072594919426006, 0.8994354209768344, 0.027153321214731917], [0.09403100783985448, 0.205358702768687, 0.05794471237126038, 0.6426655769201981], [0.00639906984653616, 0.9798475998607148, 0.0072004584782028695, 0.006552871714546161], [0.005992300891541964, 0.9767071144149951, 0.007944318576074917, 0.009356266017387965], [0.04869898889544114, 0.052651223966829475, 0.04870773960254695, 0.8499420474351824], [0.019069089133945942, 0.03452990331875135, 0.9190850202467781, 0.027315987200524604], [0.006812838443436188, 0.025314953576544955, 0.9501996682822645, 0.01767253959775434], [0.01017233014518611, 0.04740359029902608, 0.10195248876841047, 0.8404715906873773], [0.0029504852213396437, 0.9867662193008282, 0.005062950921840956, 0.005220344455991172], [0.002901126319804333, 0.9855529401074443, 0.005819763831847252, 0.005726169640904087], [0.007514035608685802, 0.3374417936630174, 0.03421490182134444, 0.6208292688069523], [0.00710419070091052, 0.035520202858490425, 0.9307708379384686, 0.026604768402130437]], "ideal": "B", "sampled": "B", "correct": true}}
{"type": "result", "data": {"idx": 12, "options": ["Strategic", "Operational", "Functional", "Developmental"], "probs": [[0.008106983281060574, 0.008299500696088978, 0.008907070399129531, 0.9746864455237209], [0.020621221049573746, 0.03144179959038344, 0.9123039636823786, 0.03563301557766419], [0.007398110693077275, 0.00700480991663755, 0.00872006159877648, 0.9768770176915087], [0.02037890589550742, 0.02657737775722681, 0.9085299435702925, 0.04451377267697327], [0.04686443472285987, 0.8844206862427951, 0.014760244526279321, 0.053954634408065666], [0.046997619681116924, 0.873128973520775, 0.013582047435780524, 0.06629135926232753], [0.009853586241528435, 0.014676309655820593, 0.008564481239661605, 0.9669056227629894], [0.02531141061314707, 0.059770409457148496, 0.8789408867593403, 0.035977293070364104], [0.006750877914503906, 0.010374114799327696, 0.0413599235832313, 0.9415150836029371], [0.01386005882737333, 0.025689599769800904, 0.7223196550988827, 0.23813068620394298], [0.09762926889201404, 0.6266863182051975, 0.23434389514216078, 0.0413405176606277], [0.038370966121292385, 0.2747905793833563, 0.01703711377769164, 0.6698013406176596], [0.009143382449339767, 0.011379150618349355, 0.009363081425640801, 0.97011438540667], [0.0270902171124521, 0.06548903392954505, 0.863101456461089, 0.044319292396913776], [0.007485945474161534, 0.012245197988306153, 0.04445057403322734, 0.935818282404305], [0.015635613844332694, 0.031335075433494834, 0.7836085467195671, 0.1694207639026053], [0.06347523605384255, 0.8104408352367731, 0.04197851179873435, 0.08410541681065], [0.032301499233089094, 0.4123934651352288, 0.017298869142483717, 0.5380061663891984], [0.651492133332284, 0.1725743451372294, 0.016321130460085966, 0.15961239097040067], [0.6378527277090199, 0.1275401561136966, 0.014212266527360028, 0.2203948495499235], [0.38459310648084316, 0.07688990377778382, 0.4940131994217818, 0.04450379021959123], [0.11875821604599764, 0.03097570861947832, 0.01282159420413609, 0.8374444810303879], [0.6640707179530033, 0.05534808647807688, 0.07810806394956675, 0.20247313151935306], [0.09188417429940379, 0.024344528318225693, 0.011871863265935239, 0.8718994340164352]], "ideal": "A", "sampled": "D", "correct": false}}
{"type": "result", "data": {"idx": 13, "options": ["Guiding, mentoring and motivating", "Guiding, commanding and motivating", "Guiding, demonstrating and motivating", "Guiding, mentoring and demonstrating"], "probs": [[0.1445898350684198, 0.46673661267480604, 0.09193932067066861, 0.29673423148610556], [0.09064504062150468, 0.6004585228413651, 0.05855382057060522, 0.25034261586652495], [0.13491950626247096, 0.11537804195521248, 0.568154799103066, 0.18154765257925057], [0.18791307507066335, 0.15576139090887758, 0.12918902932305673, 0.5271365045974024], [0.153639097604858, 0.12343471118868986, 0.4446967972279978, 0.2782293938784543], [0.1838008083010332, 0.1344482093416617, 0.26749591821010577, 0.4142550640471993], [0.35000837218179215, 0.17595188497095976, 0.15535578462747487, 0.31868395811977324], [0.3147401996977421, 0.17109110479379067, 0.07715790432861178, 0.43701079107985547], [0.3086756559503052, 0.16262087708935774, 0.18435329746409387, 0.34435016939624313], [0.2198855429667886, 0.13758242128903717, 0.0809180587449218, 0.5616139768992524], [0.28045663025810674, 0.12443292792064668, 0.3437161717688333, 0.25139426995241326], [0.2633010070268959, 0.11865949275917864, 0.18387072728610948, 0.43416877282781596], [0.12843459843304889, 0.09394444524302407, 0.584819257200887, 0.1928016990230401], [0.15740342319372255, 0.09397490996691421, 0.2636828700660023, 0.48493879667336093], [0.17260526118936637, 0.3950682878099194, 0.10472308098222637, 0.3276033699184878], [0.1334051608889847, 0.38603206602277285, 0.06304416663960617, 0.4175186063486363], [0.17190630651013616, 0.10263170396962198, 0.41898337455983176, 0.30647861486041006], [0.13475691568026626, 0.08431504971282926, 0.4087801660079679, 0.37214786849893655], [0.15661649081157772, 0.13186034051204923, 0.40002900358230575, 0.3114941649940673], [0.175688616510557, 0.21861415121988134, 0.18416888186719146, 0.4215283503023702], [0.0879754346224032, 0.5827581264138169, 0.06241367360916332, 0.2668527652546166], [0.09033400631786558, 0.4807962214525274, 0.07149078004457986, 0.3573789920850272], [0.1794664941747395, 0.11767436869478791, 0.3514560031742068, 0.3514031338562658], [0.14836343458166787, 0.10518438642831088, 0.38490716878615955, 0.3615450101038617]], "ideal": "A", "sampled": "B", "correct": false}}
{"type": "result", "data": {"idx": 14, "options": ["Incomplete information", "An agreed goal", "A structured problem", "High level of certainty regarding the environment"], "probs": [[0.2972099692163694, 0.2010962902971787, 0.18029903826403554, 0.3213947021224164], [0.29401010710056186, 0.17015189184263382, 0.3546974115418952, 0.18114058941490913], [0.3037859246395119, 0.24409120146115323, 0.14352399323226242, 0.30859888056707246], [0.3006516627521048, 0.21318135676976038, 0.3684300995600575, 0.11773688081807733], [0.3569608489943597, 0.3982011853446256, 0.12147350406058606, 0.12336446150042861], [0.3596756377529025, 0.4012217431586211, 0.15232845798857592, 0.0867741609999005], [0.24244210437809707, 0.33139132938880794, 0.14708001515884755, 0.2790865509742474], [0.25092776870552697, 0.23206757591438407, 0.38268724521331937, 0.1343174100667696], [0.2313134853506262, 0.19176718876481444, 0.23500389208535563, 0.3419154336992037], [0.30513256330519506, 0.23394322044382712, 0.23767733217369977, 0.22324688397727804], [0.32937172542752846, 0.2906568689451561, 0.2194464537199404, 0.16052495180737505], [0.31759741899175403, 0.31758654114408363, 0.18099802730657671, 0.1838180124575856], [0.229110277543709, 0.360459189392617, 0.12076142788994967, 0.2896691050737243], [0.24273419059366114, 0.28378737835822465, 0.35881397431376827, 0.1146644566343459], [0.23306469269650038, 0.15285017857140393, 0.2641522546719767, 0.34993287396011896], [0.31013413128935174, 0.19406856261151847, 0.26531545906486115, 0.23048184693426862], [0.3275328429818665, 0.3029026253411081, 0.2286950545367612, 0.14086947704026415], [0.3066151853126526, 0.32637916046817694, 0.13190049635638065, 0.23510515776278978], [0.3657191071829384, 0.35445022240091023, 0.13883682628352065, 0.1409938440326307], [0.3704968905712411, 0.36473324076015434, 0.16189080113287818, 0.10287906743572636], [0.36598197712761, 0.22900881553412644, 0.24005243895193806, 0.1649567682863255], [0.39010001968863817, 0.24410023883972448, 0.18720381796889232, 0.17859592340274502], [0.362582859725797, 0.27797928944615685, 0.23413952579485717, 0.12529832493318896], [0.38070326612308386, 0.2873498691789216, 0.12170352111531953, 0.21024334348267504]], "ideal": "A", "sampled": "D", "correct": false}}
{"type": "result", "data": {"idx": 15, "options": ["Making people's strengths effective and their weaknesses irrelevant.", "Enhancing the ability of people to contribute.", "To operate the organisation's status system.", "Integrating people in a common venture by thinking through, setting and exemplifying the organisational objectives, values and goals."], "probs": [[0.0520802112631613, 0.05048236344403286, 0.7419337767725913, 0.15550364842021455], [0.043023963645148385, 0.03003756779974945, 0.035118074137284704, 0.8918203943178175], [0.0609894232169773, 0.7091545303390794, 0.06912848943238485, 0.16072755691155852], [0.07506455200664505, 0.6904534439628248, 0.09199627145218767, 0.1424857324783424], [0.049757666770140936, 0.031140737631948502, 0.050546642334396666, 0.8685549531635138], [0.05341124619180305, 0.05096698243495994, 0.7973770585591641, 0.0982447127140729], [0.057593969554112286, 0.054962264388293915, 0.7470863806313579, 0.1403573853262359], [0.04763123765016131, 0.03485095973012716, 0.04617068182370177, 0.8713471206960097], [0.06929995295979373, 0.6892716915068041, 0.08763105448247668, 0.15379730095092548], [0.0678761212327987, 0.6857063446051062, 0.08855243328860156, 0.1578651007734936], [0.0389138868890799, 0.022879096013915703, 0.038315079945506474, 0.899891937051498], [0.05648928099241898, 0.048319592221887434, 0.7678794721717348, 0.12731165451395876], [0.5157566492736397, 0.1500845227309715, 0.12250940759449594, 0.21164942030089284], [0.46386202689374895, 0.17882105864129452, 0.15782760396305945, 0.1994893104018971], [0.5112700018153925, 0.13759406319655101, 0.16598733262510215, 0.18514860226295432], [0.47706431008958394, 0.15010073184066441, 0.13668451526494008, 0.23615044270481156], [0.42874391585044436, 0.16788409148313352, 0.21899192870477605, 0.18438006386164604], [0.441672934299437, 0.15262419438696123, 0.17297196902011547, 0.2327309021934863], [0.046498753040206585, 0.032212008872893154, 0.043685361883600685, 0.8776038761032996], [0.05315249250626527, 0.05658167776009384, 0.7811965751898378, 0.10906925444380315], [0.04113406920318138, 0.02783521115311848, 0.037456052297758356, 0.8935746672459418], [0.06917972939343064, 0.0610518201497071, 0.7209959706054397, 0.14877247975142247], [0.06968837819993141, 0.6613307446772719, 0.11673307901795207, 0.15224779800484456], [0.057973617600952175, 0.6636217013358724, 0.09412157964102635, 0.18428310132214903]], "ideal": "C", "sampled": "C", "correct": true}}
{"type": "result", "data": {"idx": 16, "options": ["A theoretical assumption", "An illustration", "A theoretical model", "An example serving as a model"], "probs": [[0.3230056666109117, 0.09109827603686002, 0.36042453760999676, 0.22547151964223155], [0.10610469587732314, 0.07068663195091876, 0.31688276402288973, 0.5063259080488683], [0.5388685518357305, 0.24285387037853315, 0.04060355537613504, 0.1776740223096013], [0.6575296798142185, 0.2381082806669201, 0.054842871746310924, 0.04951916767255049], [0.19166011392419793, 0.49715779354824347, 0.05324657807538246, 0.25793551435217615], [0.20104607196548555, 0.6490561607224443, 0.08255199649670711, 0.06734577071536298], [0.023082695297157434, 0.7950274140144391, 0.0541189783055872, 0.12777091228281628], [0.03043960305854647, 0.43702430749666327, 0.10221489058385741, 0.43032119876093283], [0.015228453256216256, 0.8580703899004164, 0.027377292996911856, 0.09932386374645544], [0.0167491584155761, 0.8660455072635755, 0.05042600421528334, 0.06677933000556495], [0.047995902563622836, 0.27840925062422545, 0.11976659104856338, 0.5538282556635883], [0.055169053549807834, 0.5841263945502098, 0.20833155495191807, 0.15237299684806432], [0.7220345569147577, 0.06611258929977838, 0.03768419698601803, 0.17416865669944584], [0.7625814477192978, 0.09250267331508669, 0.08425829253105187, 0.060657586334563585], [0.5452819262912252, 0.07854572390181688, 0.04547321626561573, 0.33069913344134216], [0.4141918020062867, 0.11500869571116203, 0.25926610935313954, 0.21153339282941172], [0.6940450745206497, 0.19271348630252236, 0.04235204728662693, 0.07088939179020097], [0.6863404281605494, 0.16817518503184958, 0.0418807961864345, 0.10360359052116647], [0.034843417225043374, 0.5580515022273937, 0.04107630140034292, 0.36602877904722], [0.042191436219147574, 0.8542984445395024, 0.04974591544316634, 0.05376420369818365], [0.04992424472441455, 0.051512164662460044, 0.42475937078398807, 0.47380421972913733], [0.0737581092975573, 0.06309187317616827, 0.733693052252877, 0.12945696517339741], [0.0868232250012589, 0.8111642101220873, 0.03946701402471173, 0.06254555075194211], [0.05976944254312275, 0.7058784925936457, 0.04730920442681442, 0.18704286033641718]], "ideal": "D", "sampled": "C", "correct": false}}
