{"type": "result", "data": {"idx": 0, "options": ["Wrong, Wrong", "Wrong, Not wrong", "Not wrong, Wrong", "Not wrong, Not wrong"], "probs": [[0.2015624255206017, 0.2431161624878764, 0.24313677079441962, 0.31218464109710226], [0.21478882860081713, 0.22158355009577094, 0.2511178777370161, 0.31250974346639576], [0.23116487150055415, 0.2240351124798801, 0.27027891694459105, 0.2745210989749747], [0.21927401094517807, 0.1996373951289484, 0.28601043987378744, 0.29507815395208614], [0.23283337850527056, 0.20545532685086965, 0.2808646475730219, 0.28084664697083794], [0.21392505506298667, 0.1917473581762302, 0.2878871049559449, 0.30644048170483823], [0.24980670211201272, 0.2617698609567179, 0.234682887769119, 0.2537405490621504], [0.2502756900711858, 0.27057902792762356, 0.20427513697450939, 0.27487014492668127], [0.2445735447672777, 0.21581874464054288, 0.29503196035307816, 0.2445757501391013], [0.23661155291183325, 0.19614217588900568, 0.2681310394695181, 0.299115231629643], [0.23950171468247072, 0.21466623244523106, 0.3173053562323838, 0.22852669653991436], [0.23053498563845315, 0.2034279554878893, 0.30069103834006333, 0.2653460204335942], [0.2519238926505038, 0.24799700448412784, 0.24418712023717773, 0.2558919825281906], [0.23966207322054806, 0.23226707373522862, 0.2434550596069741, 0.2846157933372492], [0.23808101171975252, 0.25341961162863585, 0.29172414973030125, 0.21677522682131042], [0.23536670292844875, 0.23170335697578842, 0.23538547839043203, 0.2975444616053308], [0.24166461462845804, 0.20348725907723844, 0.30551224488671863, 0.24933588130758486], [0.23416486031209954, 0.2002764761206432, 0.2695376832582575, 0.29602098020899975], [0.2450750843913132, 0.24124551588132973, 0.25684683746967696, 0.25683256215768013], [0.24434668187360314, 0.23313023495027013, 0.2368432616480266, 0.2856798214281001], [0.23232088739926343, 0.2286915012450184, 0.30301693801405727, 0.2359706732416609], [0.22210511396720906, 0.21524607925921418, 0.26376874824322566, 0.2988800584303511], [0.23679846444136993, 0.22593539807536253, 0.2812230754346407, 0.2560430619486268], [0.2296335330485089, 0.2225468539210082, 0.24830818923886497, 0.29951142369161793]], "ideal": "D", "sampled": "A", "correct": false}}
{"type": "result", "data": {"idx": 1, "options": ["Wrong, Wrong", "Wrong, Not wrong", "Not wrong, Wrong", "Not wrong, Not wrong"], "probs": [[0.2717726568870071, 0.25930729892204873, 0.24361960950471023, 0.22530043458623392], [0.24426793287540394, 0.22588653043295684, 0.2442724628285414, 0.2855730737630978], [0.2648061851118371, 0.21275845484928277, 0.27753052526217775, 0.2449048346767024], [0.23542442564659816, 0.19213171015052372, 0.2884638266205836, 0.2839800374822945], [0.25357299662717137, 0.19746391178981856, 0.28734600112923464, 0.26161709035377545], [0.23190144393215512, 0.18632242636970378, 0.2931681064422249, 0.2886080231559162], [0.2820350653560831, 0.2608141419394632, 0.23750550614182123, 0.21964528646263248], [0.2663122594248657, 0.2704777596406873, 0.2010290085608347, 0.26218097227361226], [0.2667588730331409, 0.21100630096433695, 0.2976037086187002, 0.22463111728382196], [0.25443448476477065, 0.1950659813507347, 0.2666557013726741, 0.2838438324118206], [0.256493739564586, 0.20288389314518396, 0.3142746890983218, 0.22634767809190826], [0.23720614963195155, 0.19358372974819857, 0.3045908257744722, 0.26461929474537765], [0.27713685812060995, 0.24075974162853578, 0.25234958150918674, 0.2297538186416675], [0.2565031570981789, 0.22990644780761343, 0.24477259082812336, 0.2688178041660843], [0.2583683171366816, 0.2583521642777084, 0.288252268527714, 0.19502724995789594], [0.24343565505831488, 0.23964469551231987, 0.23230405601157048, 0.28461559331779474], [0.2546575145066686, 0.20460743319752467, 0.29774067690198497, 0.24299437529382173], [0.24097951113227495, 0.1997633307937196, 0.2730800549871839, 0.28617710298682153], [0.25251216070082155, 0.24091889320764115, 0.2730399112583335, 0.23352903473320377], [0.24968160312427914, 0.23452545258406526, 0.24582063758093473, 0.26997230661072086], [0.23726722242147483, 0.23723885061098735, 0.3094665063687667, 0.21602742049877113], [0.21693343568460727, 0.21690792489588567, 0.2742393992340328, 0.2919192400854743], [0.23374050853299191, 0.2265296280157534, 0.29090991613339984, 0.24881994721785483], [0.22045889166089347, 0.22043926683189558, 0.25775593132546987, 0.3013459100817411]], "ideal": "A", "sampled": "A", "correct": true}}
{"type": "result", "data": {"idx": 2, "options": ["Wrong, Wrong", "Wrong, Not wrong", "Not wrong, Wrong", "Not wrong, Not wrong"], "probs": [[0.21976967301031225, 0.2490134275465613, 0.24903433387727184, 0.2821825654658546], [0.2231008360952929, 0.22307539981200047, 0.24888859309249395, 0.30493517090021266], [0.24181822300248457, 0.23072521730030845, 0.2740315239458163, 0.2534250356513907], [0.2270102453158393, 0.20347566320093702, 0.28253905245246097, 0.2869750389307627], [0.24334302502481717, 0.20489653674082622, 0.284505652429362, 0.2672547857049946], [0.2253845747277572, 0.19580152337080947, 0.2894143716788799, 0.28939953012255343], [0.27584371790045914, 0.2631862241716122, 0.2286904671169254, 0.23227959071100324], [0.26381662485345536, 0.2721598744120235, 0.19605588911003308, 0.267967611524488], [0.2664694567196171, 0.2174696092826099, 0.28813750407608374, 0.2279234298216893], [0.2553867773571563, 0.19579655513583336, 0.2594201343819399, 0.2893965330250704], [0.25578535744010694, 0.21203231267145295, 0.31340594497493807, 0.218776384813502], [0.24841823421671036, 0.19959189590579798, 0.29966283734611676, 0.2523270324313749], [0.2783068120201277, 0.2455856948845372, 0.23806057868007424, 0.23804691431526087], [0.2614699796675921, 0.23435974374750193, 0.2343954320312166, 0.2697748444536894], [0.2554889168788459, 0.2635837337955264, 0.2850389310409339, 0.1958884181846938], [0.25109226257353234, 0.24718221266129037, 0.22160320642172185, 0.2801223182434554], [0.2567050899782318, 0.19990662036883783, 0.30966002880456733, 0.23372826074836303], [0.24969198177433394, 0.19750660637330394, 0.2742469812839399, 0.27855443046842226], [0.25386750695550925, 0.24221155044994572, 0.2578711211423495, 0.24604982135219555], [0.2543800137030016, 0.2315888668128396, 0.23897753297416444, 0.2750535864099944], [0.2392965292586481, 0.2355592583712704, 0.30727196194544276, 0.2178722503246387], [0.2301754687522469, 0.22306682499602212, 0.2691130975977646, 0.2776446085539664], [0.2416013401982385, 0.23051782637072613, 0.28247309570089796, 0.24540773763013737], [0.23185246035898513, 0.2282349799082178, 0.24681663878500879, 0.29309592084778824]], "ideal": "D", "sampled": "A", "correct": false}}
{"type": "result", "data": {"idx": 3, "options": ["Wrong, Wrong", "Wrong, Not wrong", "Not wrong, Wrong", "Not wrong, Not wrong"], "probs": [[0.2716803848471758, 0.25921836492807293, 0.24737048146635182, 0.22173076865839944], [0.24231594798525938, 0.22761063275445298, 0.2423213273044498, 0.28775209185583783], [0.26753602625150497, 0.22881543166802437, 0.26755113602962943, 0.23609740595084122], [0.23561647446281764, 0.20469012584368662, 0.2754817470919827, 0.28421165250151303], [0.25637945530234973, 0.20598667857971262, 0.277222931357318, 0.26041093466061965], [0.2301662747356542, 0.19685486250421094, 0.29097423388096005, 0.2820046287791748], [0.27188195415889094, 0.2804850804814401, 0.23256145311422824, 0.2150715121454407], [0.25988359031115665, 0.2809704029568321, 0.19926488991368616, 0.25988111671832503], [0.2636428710831396, 0.22903897423590408, 0.298761632897926, 0.2085565216830303], [0.2471488380819145, 0.20487733146903567, 0.25902159069707664, 0.2889522396519732], [0.2494914419320658, 0.21338272192301783, 0.32036822437779855, 0.21675761166711782], [0.2322231312691467, 0.2017419426912404, 0.3028908281353962, 0.26314409780421666], [0.2788789951188336, 0.2619610804641868, 0.23854985051600366, 0.22061007380097594], [0.2576210354083073, 0.2419924432984857, 0.23458212519815932, 0.2658043959950477], [0.2630651890968472, 0.2671920656890706, 0.28894188997240283, 0.18080085514167943], [0.24825059614830033, 0.24438438545359276, 0.22605069653070559, 0.28131432176740134], [0.25600792810705564, 0.2056923118463559, 0.30881850527930316, 0.22948125466728528], [0.24513291579617721, 0.20320566881038207, 0.2650650660409189, 0.28659634925252175], [0.25164181366492916, 0.25959948089506235, 0.25964013126340085, 0.2291185740766076], [0.24508644637994845, 0.24891875681772135, 0.24509873983793215, 0.26089605686439804], [0.2360247189162872, 0.23971527455264366, 0.3126945448697656, 0.21156546156130354], [0.21810054911731327, 0.2215113208602379, 0.2714453243524579, 0.28894280556999097], [0.23170856783891414, 0.23168943474822826, 0.29753574282627593, 0.23906625448658167], [0.22170055571069278, 0.22871837699267045, 0.2512353733298888, 0.298345693866748]], "ideal": "B", "sampled": "A", "correct": false}}
{"type": "result", "data": {"idx": 4, "options": ["Wrong, Wrong", "Wrong, Not wrong", "Not wrong, Wrong", "Not wrong, Not wrong"], "probs": [[0.21193433437416556, 0.2556220368970725, 0.2516829744231244, 0.2807606542056375], [0.2105926722077539, 0.22414980826520556, 0.2540257274850497, 0.31123179194199085], [0.23044774847608404, 0.23042746799358582, 0.2779895952949168, 0.26113518813541337], [0.21233837620784934, 0.20259833635745528, 0.29025090170358214, 0.2948123856311132], [0.22555956387889445, 0.20858773833884653, 0.2851430603491395, 0.2807096373331195], [0.2081465714852556, 0.19552020760009955, 0.29817385237112237, 0.29815936844352253], [0.24783786008022202, 0.2679483930192921, 0.24022052047563236, 0.24399322632485354], [0.24256435034233598, 0.266373127672261, 0.207479864338154, 0.28358265754724904], [0.24048983689988052, 0.22239854598207717, 0.3040221883943312, 0.2330894286237111], [0.23209953305784473, 0.19850873945158468, 0.2713633775439696, 0.298028349846601], [0.2320714890724807, 0.21128123996529155, 0.3172155618350387, 0.23943170902718902], [0.2192867994089185, 0.20278608796952852, 0.30925488468892315, 0.26867222783262984], [0.25982635436361473, 0.25577663610473633, 0.24031194325928998, 0.244085066172359], [0.24468449881186263, 0.23713536204804853, 0.24090794857554654, 0.2772721904645423], [0.24333289625793572, 0.2549958862853741, 0.29353759127211115, 0.208133626084579], [0.23667139165227288, 0.23665437452593766, 0.2366870229705966, 0.2899872107511929], [0.24182729420627838, 0.20682848987895247, 0.30571183559221626, 0.24563238022255285], [0.23656296647584912, 0.20551195473475234, 0.26807479665428646, 0.28985028203511204], [0.2412621414608219, 0.24502937858380397, 0.26087266592863173, 0.25283581392674237], [0.24676489092132758, 0.2354359556369201, 0.2467775867102851, 0.2710215666314672], [0.2276333306149499, 0.2311891053563002, 0.30632597661421085, 0.23485158731453903], [0.21501709839067076, 0.21498906930605027, 0.2760978679991514, 0.2938959642041275], [0.23200478456070234, 0.2283858290567349, 0.28875052065493445, 0.2508588656276283], [0.2205777796968446, 0.22402577433768456, 0.2538933493523225, 0.30150309651314827]], "ideal": "D", "sampled": "A", "correct": false}}
{"type": "result", "data": {"idx": 5, "options": ["Wrong, Wrong", "Wrong, Not wrong", "Not wrong, Wrong", "Not wrong, Not wrong"], "probs": [[0.22006592301804986, 0.2613147095563992, 0.2572889817464094, 0.2613303855791415], [0.2208352884055992, 0.2278199838848587, 0.2541836386284722, 0.2971610889810699], [0.23108867609905956, 0.2274860820695937, 0.2876166913335987, 0.253808550397748], [0.21656413174872383, 0.20027173757170066, 0.3006973743553691, 0.2824667562242064], [0.22826746784155158, 0.2078202130533124, 0.28856919072869164, 0.27534312827644436], [0.21102552428259486, 0.19822335536618682, 0.30230603069480194, 0.2884450895564164], [0.26878214680791684, 0.2604871767644026, 0.23353207805003148, 0.23719859827764903], [0.2613237914773473, 0.27383143931115667, 0.20352392806419667, 0.26132084104729936], [0.2559675054284519, 0.22236945395539123, 0.2992753475389226, 0.22238769297723424], [0.24176066751207267, 0.19730154873988603, 0.2782823401667198, 0.28265544348132143], [0.2444209866812636, 0.21567655776256414, 0.3138571930533133, 0.22604526240285894], [0.2358010595175419, 0.2016720205592904, 0.30756316044180304, 0.2549637593813647], [0.27299299426637563, 0.2485425434975254, 0.24857779964438115, 0.22988666249171785], [0.25870314623366325, 0.23188038513547574, 0.2547141947299963, 0.25470227380086474], [0.26010195580959844, 0.2560545320279187, 0.2994029655486291, 0.18444054651385366], [0.2513756528655343, 0.22886518323711275, 0.24366224535836728, 0.27609691843898565], [0.25828674048155437, 0.20430648020390335, 0.3164832544534335, 0.2209235247611088], [0.2496875710489146, 0.19750407630471362, 0.27856779510823426, 0.2742405574381375], [0.2479154318323175, 0.24025712904911728, 0.26391515133125926, 0.24791228768730594], [0.2466533665599163, 0.23532942198318005, 0.2428453745334918, 0.27517183682341184], [0.2353200614217042, 0.2352894246342927, 0.311762213675794, 0.21762830016820908], [0.22524571752152023, 0.21829019809998984, 0.2717176417990651, 0.2847464424794248], [0.23764547703273875, 0.22322697935256286, 0.30516445633697625, 0.23396308717772216], [0.22783626613722766, 0.22080324587998112, 0.2541871368630853, 0.2971733510197059]], "ideal": "C", "sampled": "A", "correct": false}}
{"type": "result", "data": {"idx": 6, "options": ["Wrong, Wrong", "Wrong, Not wrong", "Not wrong, Wrong", "Not wrong, Not wrong"], "probs": [[0.2704862476832202, 0.2580785270408339, 0.25410173476636344, 0.2173334904095824], [0.24269247775906733, 0.2279632159232586, 0.2543436066356352, 0.2750006995820388], [0.26128170280945706, 0.2269842956283842, 0.2738367061614844, 0.23789729530067433], [0.23638310592715409, 0.20217279501500168, 0.28072832286806454, 0.28071577608977966], [0.25038506463535154, 0.20755532438134763, 0.2837324949615952, 0.2583271159217056], [0.23317777413248453, 0.19943013190927183, 0.2947806031772577, 0.27261149068098595], [0.27971822854219824, 0.2668833811875543, 0.23555680318970698, 0.2178415869805405], [0.26740003426381315, 0.2715791544517245, 0.20185039046922604, 0.2591704207152363], [0.2692667881765927, 0.22321245404652507, 0.29116112424741947, 0.21635963342946274], [0.25311110552601096, 0.20336326373703842, 0.2611563620227053, 0.28236926861424533], [0.2540749202470412, 0.2172997457540103, 0.31131120852331623, 0.2173141253756323], [0.24109048779743286, 0.20619585800797322, 0.30005618479743856, 0.2526574692971554], [0.2833768086838943, 0.2500584684053573, 0.2423973196145293, 0.22416740319621914], [0.2626802246701231, 0.23544579040301397, 0.23918815732029855, 0.2626858275065644], [0.26922491992478226, 0.26503521991210904, 0.277791657354222, 0.18794820270888665], [0.25638857863348696, 0.24083811401161367, 0.22984071416107235, 0.27293259309382695], [0.26469574164770754, 0.20293324298418497, 0.3094782921206908, 0.22289272314741668], [0.2544839311420288, 0.19510446741159976, 0.2795111190556131, 0.27090048229075836], [0.25482333843052274, 0.24695239572524902, 0.258845013004511, 0.23937925273971722], [0.2518020532504936, 0.2440261655201942, 0.24028351542508555, 0.26388826570422663], [0.244675662106052, 0.24085461677532646, 0.2951484752217638, 0.21932124579685774], [0.2256615060791536, 0.22563496711225642, 0.27221404286520295, 0.27648948384338706], [0.24343815806216704, 0.23227069125640315, 0.2846237761186614, 0.23966737446276834], [0.2292981296548427, 0.23288582263048185, 0.24794447419548143, 0.289871573419194]], "ideal": "D", "sampled": "A", "correct": false}}
{"type": "result", "data": {"idx": 7, "options": ["Wrong, Wrong", "Wrong, Not wrong", "Not wrong, Wrong", "Not wrong, Not wrong"], "probs": [[0.24989987907294856, 0.257812052939383, 0.25383844969118413, 0.23844961819648433], [0.22355190074879178, 0.22352650917163344, 0.2613611065268756, 0.29156048345269914], [0.24707503614339094, 0.22145596144368998, 0.2843948006345549, 0.24707420167836416], [0.22266668079056903, 0.1964848339361163, 0.290429949731394, 0.29041853544192064], [0.23739023858006505, 0.2030283540735521, 0.2863535923426137, 0.27322781490376913], [0.21662890710028793, 0.19115700965144047, 0.29611413452728613, 0.2960999486209855], [0.2614157575529394, 0.2696874817843008, 0.24177741232413477, 0.22711934823862498], [0.25027459857345274, 0.27484208342664784, 0.20427367089136156, 0.2706096470085378], [0.2535614110806553, 0.22027871338725757, 0.30586606716831677, 0.22029380826377037], [0.23981875178799933, 0.19879874585071033, 0.2675467133254487, 0.2938357889358416], [0.24074349632745115, 0.20913950717090735, 0.3239677258434822, 0.22614927055815928], [0.22717274248590613, 0.19735046611319484, 0.305705203340412, 0.26977158796048695], [0.26087720365644834, 0.24890945471909584, 0.24894137300779673, 0.24127196851665908], [0.24266312608660598, 0.23152878423083706, 0.24649844673039192, 0.279309642852165], [0.246442209745538, 0.2582520659718379, 0.29728384151840936, 0.19802188266421475], [0.2347256794959578, 0.23470828984006895, 0.23843530883946737, 0.2921307217245059], [0.244650688077621, 0.2028052478407882, 0.31909968970356684, 0.23344437427802395], [0.23534428983625458, 0.20128178304100564, 0.27948947423819115, 0.2838844527845486], [0.24307832481633207, 0.24687515564588314, 0.2669742742953098, 0.243072245142475], [0.23791259951391217, 0.2378836912624913, 0.24166992714059948, 0.2825337819829971], [0.23091962931231147, 0.23452673850098427, 0.31074586507550805, 0.22380776701119617], [0.21776996875269025, 0.21774310195866006, 0.266827140227504, 0.2976597889611457], [0.22520713841461834, 0.22518685793393337, 0.2983656271750231, 0.2512403763764252], [0.21866367429299502, 0.22208460832275462, 0.255656268337787, 0.3035954489464634]], "ideal": "D", "sampled": "A", "correct": false}}
{"type": "result", "data": {"idx": 8, "options": ["Wrong, Wrong", "Wrong, Not wrong", "Not wrong, Wrong", "Not wrong, Not wrong"], "probs": [[0.3719182686482522, 0.25560127162753943, 0.20221154674584857, 0.17026891287835974], [0.2584163546303778, 0.22449508307119367, 0.2504727244126663, 0.26661583778576214], [0.28925651308981826, 0.21494020519491375, 0.2633840441440412, 0.23241923747122675], [0.2457093967463056, 0.18837750517563268, 0.2918034282572358, 0.27410966972082584], [0.2795553290431886, 0.19514483793050172, 0.2667616386969845, 0.25853819422932517], [0.24997410175684767, 0.1828727423961872, 0.2968707382382115, 0.2702824175087536], [0.2825256116044646, 0.28695525018781465, 0.22702654718691248, 0.20349259092080826], [0.27292766350974274, 0.2860015247177724, 0.18467989011706193, 0.2563909215554229], [0.26088846115973097, 0.20316656234567068, 0.319663171731203, 0.2162818046633953], [0.2505616434086371, 0.18046104760608353, 0.2667345901114184, 0.3022427187738609], [0.24632613747371018, 0.19791365273193814, 0.3314826041955895, 0.22427760549876216], [0.23112459134048757, 0.18862524345679452, 0.3014569535332919, 0.27879321156942605], [0.29168093636219944, 0.25739175462222735, 0.23075427456506653, 0.22017303435050664], [0.26581424472058046, 0.23825626072885228, 0.2382895797252784, 0.25763991472528885], [0.26104369367963776, 0.2339875513977138, 0.31986164566862285, 0.1851071091540256], [0.2498354874227918, 0.21037332161826153, 0.23841504325933982, 0.30137614759960685], [0.261631690979516, 0.19747785007270946, 0.32057592155492576, 0.2203145372928488], [0.24413370719891697, 0.19924466013041484, 0.24799248204146726, 0.3086291505292009], [0.25561951131764965, 0.2596194898595763, 0.25562925667765035, 0.22913174204512374], [0.25383026918199136, 0.24987319108569464, 0.23846501040845708, 0.2578315292238569], [0.22826355693441852, 0.2078185379297339, 0.3426812290802643, 0.22123667595558325], [0.2104848497606525, 0.1828594992657729, 0.2702842789448654, 0.3363713719287092], [0.22977054922158924, 0.20276127149338646, 0.3190235102148659, 0.24844466897015838], [0.21454653569816673, 0.20153644990721659, 0.23564835507137658, 0.3482686592232401]], "ideal": "A", "sampled": "A", "correct": true}}
{"type": "result", "data": {"idx": 9, "options": ["Wrong, Wrong", "Wrong, Not wrong", "Not wrong, Wrong", "Not wrong, Not wrong"], "probs": [[0.2547015471590703, 0.25468211604545454, 0.2587145787601864, 0.2319017579352888], [0.2288382568380357, 0.22526597155660702, 0.2474363221706767, 0.2984594493346806], [0.2551481761550293, 0.22165692180647562, 0.2758959572619863, 0.24729894467650876], [0.23120730992529698, 0.1977463844262881, 0.28329690468947116, 0.28774940085894374], [0.24998058376080906, 0.20084540250947713, 0.2788832651624308, 0.270290748467283], [0.22533386271923905, 0.1867927256995589, 0.29853694738332415, 0.28933646409787783], [0.27093977944554526, 0.2751787129594303, 0.242876570329067, 0.21100493716595742], [0.25341163930392957, 0.2739697870053658, 0.19430220746680255, 0.2783163661239021], [0.2591321390866744, 0.22162961297114853, 0.3077424970634249, 0.21149575077875218], [0.24256063950977863, 0.1979561267867095, 0.2622823573256922, 0.2972008762778196], [0.243610460572448, 0.20835041066334475, 0.32274313315160136, 0.22529599551260587], [0.22717053711395108, 0.19735097275269803, 0.30570502452646975, 0.26977346550688114], [0.2669000585572244, 0.2468210272717861, 0.2507404349383246, 0.23553847913266493], [0.2514380737459135, 0.23618228027299712, 0.2362186391052229, 0.27616100677586647], [0.25087711960182535, 0.25882447534668457, 0.2979442565722621, 0.19235414837922796], [0.23929167504575088, 0.23556511803790012, 0.2319445231904461, 0.2931986836259029], [0.24827837191359067, 0.20581299677855977, 0.3090019913901434, 0.23690663981770613], [0.2391498613371755, 0.20136778944601214, 0.27100422168035626, 0.2884781274364561], [0.24493746822019996, 0.24490751688575702, 0.2690192500831767, 0.24113576471086637], [0.23908158778122013, 0.23905162154650883, 0.2466810904691139, 0.2751857001031572], [0.2281815375430459, 0.23174541840999371, 0.3118981970251901, 0.22817484692177023], [0.21020694074912855, 0.21018271146102976, 0.2784916460235577, 0.301118701666284], [0.2231572534940416, 0.2196790095991902, 0.3003056302320816, 0.2568581065746866], [0.21222335414289156, 0.21893941190049251, 0.2600363829477326, 0.30880085090888326]], "ideal": "C", "sampled": "A", "correct": false}}
{"type": "result", "data": {"idx": 10, "options": ["Wrong, Wrong", "Wrong, Not wrong", "Not wrong, Wrong", "Not wrong, Not wrong"], "probs": [[0.23253449795304965, 0.27612119910339983, 0.2514348625885345, 0.239909440255016], [0.22317640148588846, 0.2412859761282024, 0.24897712095606359, 0.28656050132984556], [0.24465604456720297, 0.23343433686502477, 0.27725102580181554, 0.24465859266595671], [0.2252849042190334, 0.20510983465050953, 0.2848081886483533, 0.2847970723821038], [0.23891531706699776, 0.21082388724293427, 0.2837332998309925, 0.2665274957590755], [0.22097167041220386, 0.19806314707707873, 0.2927596823167151, 0.28820550009400225], [0.2594002485015868, 0.28935456273046395, 0.23619742689154902, 0.2150477617764002], [0.253575608322035, 0.28730799477255176, 0.19749317748319142, 0.26162321932222177], [0.2535044475091974, 0.22722309148354752, 0.3058020679107854, 0.21347039299646972], [0.24039196249250816, 0.20560165624941765, 0.2640319089615985, 0.2899744721964757], [0.24035317477108042, 0.2154303575708502, 0.3184310996681578, 0.2257853678899116], [0.22944954254788016, 0.20247073487929876, 0.3039849030656294, 0.26409481940719165], [0.2685939847292832, 0.2603092374999133, 0.24842378874214724, 0.22267298892865628], [0.2506463304104001, 0.23914744670227173, 0.23918458039706975, 0.27102164239025844], [0.24893391871746287, 0.2691449304891178, 0.2910569098615731, 0.1908642408318462], [0.24159602818457301, 0.24538521466185523, 0.23055130240995877, 0.282467454643613], [0.25251727917474664, 0.20932924433448868, 0.30461316843841385, 0.2335403079523508], [0.24069314834015945, 0.209101688705311, 0.2643655796924277, 0.2858395831621018], [0.24395274386491436, 0.25166629992393397, 0.2679390529144374, 0.2364419031967142], [0.2459584733281258, 0.242118607829973, 0.2459730019609378, 0.2659499167809634], [0.23256979429943314, 0.23254347884759102, 0.3129726787927406, 0.22191404796023523], [0.21952187685675825, 0.2160935816534793, 0.2689796049775973, 0.2954049364121651], [0.232675171848966, 0.22549607529459703, 0.2941463975059809, 0.24768235525045607], [0.22420008144222703, 0.22070273425901166, 0.25806799143851017, 0.29702919276025114]], "ideal": "D", "sampled": "A", "correct": false}}
{"type": "result", "data": {"idx": 11, "options": ["Wrong, Wrong", "Wrong, Not wrong", "Not wrong, Wrong", "Not wrong, Not wrong"], "probs": [[0.2696910798279961, 0.25731378791143295, 0.24942474064716905, 0.22357039151340194], [0.23753111136379107, 0.2231094703982004, 0.2528514711096474, 0.2865079470283611], [0.25716472819102376, 0.22692092775165948, 0.2780777041966761, 0.23783663976064062], [0.2304895783657377, 0.20023302433525375, 0.2824225681376774, 0.28685482906133114], [0.24520504837571838, 0.20325745943029852, 0.2822397095016484, 0.26929778259233467], [0.22229715020664542, 0.19311398553577094, 0.2991536303929395, 0.28543523376464414], [0.2601347565390805, 0.2725853919710325, 0.2482303827752792, 0.2190494686146078], [0.2513314783321819, 0.27599519488435725, 0.2051363885197543, 0.2675369381637065], [0.2522921972749157, 0.22613085324876042, 0.30912963934711196, 0.21244731002921194], [0.2392996293380141, 0.2046634761189833, 0.2628332556744872, 0.2932036387685154], [0.23705191907896356, 0.20917238292986554, 0.3240252136860118, 0.22975048420515912], [0.2206627941108457, 0.1977779774997933, 0.31119958490596333, 0.2703596433833977], [0.27177068993370035, 0.2592997887366959, 0.24362697067844893, 0.22530255055115478], [0.2537036239847157, 0.23830837008954198, 0.24210229513608333, 0.265885710689659], [0.25330162045806826, 0.26543599364487364, 0.28705129024496123, 0.19421109555209684], [0.24324968495024502, 0.2357455351268619, 0.23212692245743471, 0.28887785736545835], [0.25170731541977553, 0.20223399994735167, 0.31327164169993504, 0.23278704283293772], [0.2427600287737077, 0.198115211733509, 0.2708330709837288, 0.28829168840905456], [0.24598292613473557, 0.2537535244160542, 0.26185641860681724, 0.23840713074239298], [0.2402725070474678, 0.2440223842615246, 0.2518150210128739, 0.2638900875781337], [0.23259889280254903, 0.22895985031698907, 0.3130068573938781, 0.22543439938658377], [0.21666543829257576, 0.21327631808998232, 0.2739048979576178, 0.2961533455598241], [0.2290814025060366, 0.22905635365295246, 0.2941641342717156, 0.24769810946929535], [0.2177236164076872, 0.22460872753374608, 0.2506137713356408, 0.30705388462292593]], "ideal": "B", "sampled": "A", "correct": false}}
{"type": "result", "data": {"idx": 12, "options": ["Wrong, Wrong", "Wrong, Not wrong", "Not wrong, Wrong", "Not wrong, Not wrong"], "probs": [[0.26994165775460677, 0.25356432792988953, 0.2419746666904708, 0.23451934752503287], [0.24239088953680146, 0.2241475019252788, 0.2500851787389351, 0.28337642969898463], [0.25643128536210064, 0.22627723551927081, 0.26875064174752067, 0.24854083727110785], [0.2301658758340349, 0.19685358393767632, 0.2909723606704479, 0.28200817945784085], [0.2537103777701593, 0.19756940612146132, 0.27865346017732634, 0.27006675583105305], [0.23044104528445736, 0.1910249860240976, 0.30056902315339284, 0.27796494543805217], [0.267303109142276, 0.2714835703101472, 0.23961649832713547, 0.22159682212044132], [0.26297063416505606, 0.2755581520388583, 0.1985040067982059, 0.2629672068978797], [0.25652928304473027, 0.21940315748359387, 0.30464936661576675, 0.21941819275590907], [0.24556123083700682, 0.19729700976569908, 0.26552513634775915, 0.2916166229495349], [0.2452597508218115, 0.20650795667007982, 0.3249281797265247, 0.22330411268158395], [0.22960606557227978, 0.19637240760109684, 0.3138463245591542, 0.2601752021674692], [0.2751309748405323, 0.2504887170620687, 0.23534316260205435, 0.23903714539534468], [0.25654756255720873, 0.23356864648007236, 0.2410184817961691, 0.2688653090665498], [0.257577907607036, 0.257561695142934, 0.28736854881312174, 0.19749184833690822], [0.24703792103201266, 0.23205370054388663, 0.23208384559342798, 0.2888245327306727], [0.25558008979446667, 0.2021642862903286, 0.3131579961118466, 0.22909762770335818], [0.24667482443182792, 0.19819340403174387, 0.266730521096893, 0.28840125033953523], [0.2508886604720603, 0.25085730843078036, 0.25885949973501005, 0.2393945312621493], [0.24702591069591265, 0.24316610755822432, 0.25092706455652597, 0.2588809170893371], [0.23586968639531977, 0.22858479148477864, 0.31740935072448784, 0.21813617129541377], [0.21915651018682547, 0.20909438158252172, 0.2814127588411717, 0.2903363492894811], [0.23249146686391894, 0.22531847989270676, 0.29853934491479217, 0.2436507082285821], [0.22309266693425453, 0.22307094104058858, 0.24888999009295862, 0.30494640183219823]], "ideal": "C", "sampled": "A", "correct": false}}
{"type": "result", "data": {"idx": 13, "options": ["Wrong, Wrong", "Wrong, Not wrong", "Not wrong, Wrong", "Not wrong, Not wrong"], "probs": [[0.34650529342373415, 0.25348760164303286, 0.22025215800871373, 0.1797549468245193], [0.25479234723926675, 0.21453292877120642, 0.2508447914561248, 0.279829932433402], [0.2823774130641231, 0.20982480120235525, 0.27370127091809476, 0.23409651471542683], [0.24642767765359427, 0.1859977189713173, 0.29265927393313423, 0.27491532934195423], [0.26873362462118544, 0.19354002464177011, 0.27726969533278, 0.26045665530426443], [0.24474196862938258, 0.18185969237236596, 0.3046029598588014, 0.26879537903945006], [0.2909648033398056, 0.28198387375682427, 0.23017896023537776, 0.19687236256799232], [0.2745479724892003, 0.2788393580288806, 0.1886987444181912, 0.2579139249637279], [0.2767376807604916, 0.208874077245126, 0.3087378075959851, 0.20565043429839722], [0.25631784626311344, 0.1846021358602775, 0.26862894685476074, 0.2904510709218483], [0.25484990691303944, 0.2047558396141241, 0.33239861824170785, 0.20799563513112856], [0.2384591733941272, 0.188618707468404, 0.3110241339942349, 0.2618979850432339], [0.2929405104645437, 0.25054262205878647, 0.23539524830290726, 0.22112161907376252], [0.26777726409141683, 0.23262734708843924, 0.24004857239706906, 0.25954681632307486], [0.27073489810099205, 0.2503718062874104, 0.3068042901803924, 0.1720890053312051], [0.25350404916421937, 0.22023231773404775, 0.23446806820974822, 0.29179556479198465], [0.2634206194441535, 0.1988231002734888, 0.3227636611962511, 0.2149926189861066], [0.2525283320732213, 0.19665189989472168, 0.2646588305965996, 0.2861609373354574], [0.26342447019419535, 0.25132690359660625, 0.26342983461190483, 0.2218187914972936], [0.2607986849047607, 0.2449683324757126, 0.23747221415433173, 0.25676076836519496], [0.24106569226557825, 0.22643300551246745, 0.3295098195713591, 0.20299148255059518], [0.22266930007690774, 0.1995748996598389, 0.2685995657682105, 0.30915623439504286], [0.24090490819659888, 0.2125785743640234, 0.3093437988453422, 0.23717271849403554], [0.2266792553430947, 0.2096223141212211, 0.24896914141508597, 0.3147292890205982]], "ideal": "A", "sampled": "A", "correct": true}}
{"type": "result", "data": {"idx": 14, "options": ["Wrong, Wrong", "Wrong, Not wrong", "Not wrong, Wrong", "Not wrong, Not wrong"], "probs": [[0.22890991652434534, 0.2718106887012316, 0.25939283545382197, 0.23988655922060112], [0.207334384301433, 0.22415260968350972, 0.26209717986346925, 0.306415826051588], [0.22976860864687298, 0.2297409371917758, 0.29969503132855424, 0.24079542273279697], [0.2172426069387331, 0.19778034989702728, 0.30163418344717324, 0.28334285961706634], [0.2267076392772315, 0.20004610715639665, 0.2911108650803672, 0.2821353883860046], [0.2074470488900065, 0.18886320009632945, 0.30185475492655534, 0.3018349959871087], [0.25533060695177434, 0.27604199787943845, 0.23615121921614318, 0.23247617585264407], [0.24464691443837244, 0.28154801480493746, 0.19658485957251523, 0.2772202110841749], [0.24726292103721811, 0.2286570621197923, 0.31258766257264087, 0.21149235417034867], [0.23604755452965895, 0.19875189956155564, 0.27598253300980397, 0.2892180127989814], [0.23507940327615467, 0.210695499638804, 0.32638813520929294, 0.2278369617757484], [0.2209963351267117, 0.1950043290658496, 0.3215637802756134, 0.2624355554318253], [0.26432543990352964, 0.26430052516201596, 0.25223883983950696, 0.21913519499494744], [0.2498912028734655, 0.24217863017612898, 0.24603722620474763, 0.2618929406456579], [0.2466385772565092, 0.2666604339807, 0.3118086894353264, 0.17489229922746444], [0.24058202926009425, 0.23683332884675176, 0.23687231028849703, 0.2857123315046569], [0.2534646282437767, 0.19738076605765864, 0.3254761938035002, 0.22367841179506448], [0.24037501987273738, 0.19312627036052063, 0.28546836118619934, 0.2810303484805426], [0.22801577702841214, 0.25038945299282983, 0.27505304996819946, 0.24654171991055857], [0.22557120022902216, 0.24008326230032487, 0.2401309609173016, 0.29421457645335136], [0.22015371588422145, 0.23431865519447415, 0.3253821085756166, 0.2201455202456878], [0.2021228223836955, 0.218514814951026, 0.28063583371217077, 0.2987265288531077], [0.20461337266306376, 0.2247015088571914, 0.3120205700085471, 0.25866454837119773], [0.19760292454191458, 0.2238894089170566, 0.2577415262048905, 0.32076614023613836]], "ideal": "D", "sampled": "A", "correct": false}}
{"type": "result", "data": {"idx": 15, "options": ["Wrong, Wrong", "Wrong, Not wrong", "Not wrong, Wrong", "Not wrong, Not wrong"], "probs": [[0.34398796125822684, 0.24390236304042448, 0.23642907329730994, 0.17568060230403876], [0.23950455304088916, 0.20806092641838758, 0.25898171240427237, 0.29345280803645085], [0.2835933948350493, 0.2074591579068613, 0.28808701894045946, 0.22086042821762988], [0.24353352148085475, 0.1867057643170669, 0.2937919374286554, 0.2759687766734229], [0.2582180692159753, 0.18308460584572508, 0.28808712122592756, 0.27061020361237204], [0.2292833328017787, 0.17578026650578318, 0.3183647989908381, 0.27657160160160005], [0.271184269627398, 0.2841733438114269, 0.24311350645843147, 0.20152888000274363], [0.24969065932844633, 0.2742028452419365, 0.19754053061594468, 0.2785659647136725], [0.26346804511290434, 0.2116846049357294, 0.3228402291135902, 0.20200712073777602], [0.24058264850032515, 0.18735026100416444, 0.2726408581556558, 0.2994262322398546], [0.23338583556229275, 0.184603027179123, 0.3449522996370221, 0.23705883752156218], [0.21322146592892255, 0.17401077563762526, 0.33028189848270745, 0.28248585985074476], [0.2882252633283399, 0.2543401419862084, 0.2465613335124456, 0.210873261073006], [0.2607265412546738, 0.23737248775969474, 0.24116113779517404, 0.2607398330904574], [0.2606049477793442, 0.2486610561360607, 0.31439658996299086, 0.17633740602160422], [0.2447661647805409, 0.2263616818099598, 0.23359176960076516, 0.29528038370873416], [0.2554959502265095, 0.18401316199768275, 0.3385132647108319, 0.22197762296497586], [0.2423557643435973, 0.17730158998971862, 0.2833760211556287, 0.2969666244110553], [0.2438754257408716, 0.2555464315496817, 0.26786802200767784, 0.23271012060176888], [0.23181262955452445, 0.24673258133347015, 0.2546254136102893, 0.26682937540171614], [0.2279665998002431, 0.2141301716909208, 0.33695044106003463, 0.22095278734880144], [0.19769912055241323, 0.18862824702248918, 0.2876850154018314, 0.32598761692326617], [0.2092354446440316, 0.21926464138222546, 0.31909254190115044, 0.2524073719725925], [0.19736473260336382, 0.2133916467214816, 0.25345760581342985, 0.33578601476172476]], "ideal": "A", "sampled": "A", "correct": true}}
{"type": "result", "data": {"idx": 16, "options": ["Wrong, Wrong", "Wrong, Not wrong", "Not wrong, Wrong", "Not wrong, Not wrong"], "probs": [[0.26264626176481953, 0.2585516014220788, 0.2506212629219796, 0.22818087379112212], [0.236558571434207, 0.22569784519799602, 0.2479139119138759, 0.28982967135392107], [0.2584503071779934, 0.23165080639343008, 0.2708714386809631, 0.2390274476476134], [0.23429422078173873, 0.2003853469886666, 0.28708365556707105, 0.2782367765625236], [0.25132683291495156, 0.20510579949214097, 0.2760382037488482, 0.2675291637440593], [0.23328895069677122, 0.19038886397332028, 0.29492414873643363, 0.2813980364934749], [0.26501992342206065, 0.2777066528519443, 0.23757056889542477, 0.2197028547305703], [0.25589110682160454, 0.27664869196483577, 0.1992934584628887, 0.268166742650671], [0.2574042792690609, 0.22015119580889012, 0.30569152407382594, 0.21675300074822304], [0.24303914241984262, 0.192242500282338, 0.26693754987822566, 0.2977808073195937], [0.24195849532511457, 0.21019464415900058, 0.32055520530482506, 0.22729165511105978], [0.22895708336690682, 0.1958180785606475, 0.3033325328623032, 0.27189230511014245], [0.27791336590123655, 0.2610532084003286, 0.23772608095602285, 0.22330734464241198], [0.2598235750043698, 0.24027729089972918, 0.24409976634327782, 0.2557993676526232], [0.2580996155480731, 0.26214554903269965, 0.2879533171365794, 0.19180151818264785], [0.2474275008363208, 0.2360778976419555, 0.23611284086391018, 0.2803817605578135], [0.2542654833797838, 0.20750790523140927, 0.3067184342626216, 0.23150817702618537], [0.2451336161507324, 0.20320529628136336, 0.26506643694770776, 0.2865946505201965], [0.25082844493265033, 0.2547455131752853, 0.25879904625211997, 0.23562699553994437], [0.2509614266347476, 0.2470389939156345, 0.24708392091729892, 0.254915658432319], [0.232571479169544, 0.23254209408011053, 0.31297194488238894, 0.22191448176795656], [0.21573491596598274, 0.21236379666804767, 0.2770227624483389, 0.2948785248176307], [0.2305239175107613, 0.22340862783654566, 0.3006760224500033, 0.2453914321026897], [0.21953383413047445, 0.22296597393556944, 0.25269681589306886, 0.30480337594088724]], "ideal": "D", "sampled": "A", "correct": false}}
{"type": "result", "data": {"idx": 17, "options": ["Wrong, Wrong", "Wrong, Not wrong", "Not wrong, Wrong", "Not wrong, Not wrong"], "probs": [[0.21022788001324333, 0.26161325365092747, 0.2496570832726607, 0.27850178296316846], [0.21988433776776536, 0.23041121776117185, 0.24916571381188962, 0.3005387305591732], [0.23867912232457295, 0.22773038999350873, 0.2834560232556125, 0.25013446432630587], [0.22424902841444364, 0.20416554198114253, 0.27910306215168307, 0.29248236735273075], [0.2309696192663963, 0.20702013062820704, 0.29198598423681454, 0.27002426576858213], [0.21729009498837562, 0.19782926729814596, 0.28788031002623865, 0.2970003275872397], [0.2646330713052048, 0.26460618960921206, 0.2335482045870617, 0.23721253439852144], [0.25159472955380674, 0.2720056826791242, 0.20858381311740487, 0.26781577454966415], [0.254377301691705, 0.21756243379380596, 0.2928010777418907, 0.23525918667259835], [0.2426784146786728, 0.19805186380187403, 0.2665408372556237, 0.2927288841638294], [0.24267932046968885, 0.21414148167192873, 0.3116201963226253, 0.23155900143575714], [0.23243554731561328, 0.20510312301542358, 0.3031650989001288, 0.25929623066883434], [0.2617939114308824, 0.24978488681202712, 0.25375303623522955, 0.23466816542186095], [0.2467920147113769, 0.23917679129865946, 0.24298014872356116, 0.2710510451664025], [0.2466755470390801, 0.2667029320943204, 0.28841461037558785, 0.19820691039101165], [0.2396065670129492, 0.24719529604838056, 0.2286512336308223, 0.2845469032078479], [0.2439122018039543, 0.2086118006041799, 0.30356851935565754, 0.24390747813620825], [0.23666152628838155, 0.20559565762577295, 0.281056454828324, 0.27668636115752154], [0.24399682841226278, 0.24018274186729086, 0.267987744065412, 0.24783268555503435], [0.24559277659572112, 0.23431744028247836, 0.24179557323713466, 0.27829420978466585], [0.23063374594380678, 0.23792548048764095, 0.30081637055323074, 0.23062440291532152], [0.21826073850387356, 0.22516064679100542, 0.2674312929158895, 0.2891473216892315], [0.23480131429473913, 0.22755593737341126, 0.28769803901710167, 0.24994470921474796], [0.22705387051872397, 0.22004625705457515, 0.2613508584230174, 0.2915490139036835]], "ideal": "C", "sampled": "A", "correct": false}}
