{"type": "result", "data": {"idx": 0, "options": ["jus in bello.", "jus ad bellum.", "moral nihilism.", "all of the above"], "probs": [[0.26042109628240867, 0.4790182691370069, 0.051293033910282254, 0.20926760057030214], [0.25848230716981524, 0.27086529132995385, 0.43978312607182063, 0.030869275328410266], [0.10290114887225241, 0.035843485168314405, 0.7371302465992227, 0.12412511926021053], [0.17745987107945724, 0.03156986926388557, 0.3585299657978695, 0.4324402937587877], [0.217947423149657, 0.5147510515589311, 0.24322711069717598, 0.02407441449423588], [0.17392948592073673, 0.6463703036848479, 0.033211645354206516, 0.14648856494020876], [0.078366032989007, 0.7152134196114159, 0.044321753152499234, 0.16209879414707778], [0.07979612438085529, 0.4965695382731941, 0.39910398862376245, 0.02453034862218816], [0.049034381133711155, 0.03216196464506927, 0.7916059168841146, 0.12719773723710498], [0.06703006213301801, 0.02860896363421498, 0.420442534886551, 0.483918439246216], [0.09299042265471492, 0.6355995069397075, 0.24897142262257468, 0.02243864768300291], [0.05235067734958248, 0.7877787917519898, 0.03127683314637685, 0.1285936976520508], [0.042036738901958894, 0.11338317830743412, 0.5850014700157108, 0.25957861267489624], [0.0306652373392567, 0.21963335489657113, 0.43008106782426697, 0.3196203398399052], [0.04419116516895182, 0.1361282533631218, 0.48269712277541044, 0.33698345859251594], [0.04061862650123163, 0.2587630873805807, 0.46863403200977527, 0.23198425400841244], [0.03737035146106038, 0.3104996486982775, 0.30570031234285505, 0.34642968739780705], [0.045297924255900526, 0.33474621048669523, 0.40381601298356107, 0.21613985217384318], [0.5724050274126398, 0.09946907088352543, 0.29238563119559563, 0.03574027040823915], [0.5376777728508335, 0.15648193889009665, 0.043799609594131636, 0.2620406785649382], [0.658128051738975, 0.11616937882817999, 0.1885778113593873, 0.0371247579734576], [0.5972875667586648, 0.1658704367195575, 0.04293892756101621, 0.1939030688607615], [0.6374996921341093, 0.06667087872197168, 0.14908380758828318, 0.14674562145563583], [0.6927145254334197, 0.06196805418622338, 0.14074500450049274, 0.10457241577986412]], "ideal": "A", "sampled": "D", "correct": false}}
{"type": "result", "data": {"idx": 1, "options": ["violates human dignity.", "fails a prima facie duty of honesty.", "is tantamount to asserting that you are infallible.", "is a risk worth taking of the speech is dangerous enough."], "probs": [[0.21473365910188333, 0.22854906105579328, 0.3485868015099565, 0.20813047823236688], [0.22390429517797505, 0.27861119974516435, 0.3258125975886568, 0.17167190738820373], [0.17741162280104372, 0.5133313306653663, 0.14257910208859834, 0.16667794434499159], [0.16330124709602994, 0.5109083271329062, 0.14641262988678055, 0.17937779578428323], [0.27912299158625115, 0.25408937010075683, 0.24251811248511132, 0.22426952572788075], [0.19192682776697959, 0.15908526356671637, 0.4063619793951051, 0.24262592917119896], [0.30534281413652375, 0.13977409481277767, 0.3514871492187219, 0.2033959417319767], [0.41625929494896274, 0.1935408293044865, 0.19663945131480434, 0.19356042433174644], [0.31019851100027235, 0.29135825792977915, 0.18524712046250263, 0.21319611050744586], [0.2873132483774219, 0.35197141238550167, 0.16630343843371448, 0.19441190070336198], [0.354349115196251, 0.1547684428079068, 0.3127251080721752, 0.17815733382366702], [0.3321771471843457, 0.15444158706498626, 0.2546993011592127, 0.25868196449145536], [0.655652055908025, 0.1251291353149624, 0.08601904042723442, 0.13319976824977814], [0.6239316052746188, 0.17056653410179043, 0.06629109579529345, 0.13921076472829733], [0.6625716385732363, 0.13672117008635387, 0.08557682866090818, 0.11513036257950159], [0.6345801040452974, 0.16813880955112082, 0.0723319011406644, 0.12494918516291731], [0.6667456377913844, 0.07250488926888317, 0.1354804109524525, 0.1252690618872799], [0.7349529162400356, 0.0716416809246955, 0.08917452246974276, 0.10423088026552617], [0.2147254996654764, 0.4545198773352822, 0.14992814584388453, 0.18082647705535684], [0.1846340121943791, 0.3043760611650542, 0.2951039627628867, 0.21588596377767996], [0.2633979281013375, 0.3381543704804229, 0.18679815250558057, 0.21164954881265902], [0.23833300950727693, 0.31568532238171737, 0.2038804678748674, 0.24210120013613828], [0.14375103794461883, 0.47134151347719677, 0.20596952427399512, 0.17893792420418925], [0.14137521821521454, 0.5252917613091472, 0.16276501394931425, 0.17056800642632403]], "ideal": "C", "sampled": "C", "correct": true}}
{"type": "result", "data": {"idx": 2, "options": ["obscures the harms of noncoerced, consensual sex by implying that because what is coerced is bad what is noncoerced is good.", "obscures the harms of rape by equating all sex with nonconsensual sex.", "by not acknowledging a distinction between what is good and what noncoerced, has led to the acknowledgement of the harms of consensual sex.", "All of the above"], "probs": [[0.27117416866036403, 0.07359060063797299, 0.06244389851759067, 0.5927913320840723], [0.6265762856996439, 0.07663286248177291, 0.24161087744171653, 0.05517997427686669], [0.3236110556340119, 0.05942092923853043, 0.07452753296535294, 0.5424404820621047], [0.8523550526250474, 0.0496273633348414, 0.06471573775454077, 0.033301846185570375], [0.7041452035221423, 0.1596314781689675, 0.06865594637684828, 0.06756737183204196], [0.7730636624705489, 0.1204564128712674, 0.05221334863756506, 0.05426657592061858], [0.15831347869855508, 0.11677999086270126, 0.06810567984012529, 0.6568008504986184], [0.4414868122119314, 0.1743008222152458, 0.31806132668147763, 0.06615103879134517], [0.19253039501567404, 0.048698835432866294, 0.08613032165895626, 0.6726404477925034], [0.7199745451695427, 0.0880358626738431, 0.12127030842565363, 0.07071928363096058], [0.4416509997895081, 0.2556405739421483, 0.2086692961445188, 0.09403913002382479], [0.692734915381841, 0.15457606882837985, 0.06394408261469824, 0.08874493307508097], [0.08753097643408154, 0.051081426136547564, 0.055656425656086375, 0.8057311716732845], [0.22838099213499, 0.5654833891218045, 0.1510152065937631, 0.05512041204944238], [0.07540952905748032, 0.04721270715377584, 0.0784322444051668, 0.798945519283577], [0.19761808232342296, 0.4893471233543818, 0.1977051349006228, 0.11532965932157246], [0.12919455237844216, 0.1464106102447287, 0.63627009357632, 0.08812474370050911], [0.19589038367835693, 0.14786440631177827, 0.5326838135622153, 0.12356139634764954], [0.17004740489879602, 0.5892124859282128, 0.13994297592347613, 0.10079713314951502], [0.13459063162563645, 0.6732837701693878, 0.10653217911556763, 0.08559341898940812], [0.19210344694200962, 0.45032811495873265, 0.23730088944819488, 0.12026754855106282], [0.14255775084984018, 0.6698104538900267, 0.10113081778674851, 0.08650097737338464], [0.11197000407142302, 0.37598614760494986, 0.34775935563664906, 0.16428449258697808], [0.1270427348914627, 0.3454605186179295, 0.3564541478193616, 0.1710425985712462]], "ideal": "A", "sampled": "A", "correct": true}}
{"type": "result", "data": {"idx": 3, "options": ["its quantity alone.", "its quality alone.", "both its quantity and its quality.", "neither its quantity nor its quality."], "probs": [[0.021585620857160332, 0.038494407983393465, 0.9110930527167393, 0.028826918342706804], [0.015957635211471935, 0.029817546620754073, 0.026519083640694465, 0.9277057344270795], [0.007480695408638469, 0.964877668990145, 0.018961813378419866, 0.008679822122796634], [0.00846828663889621, 0.9638896694839568, 0.012423912368505005, 0.015218131408641925], [0.018945492025803864, 0.0404272845171938, 0.7337042983977403, 0.206922924959262], [0.042331654002877875, 0.06608364477716006, 0.7505799494365258, 0.1410047516834362], [0.025938839952279812, 0.037753186202015204, 0.8935341617764619, 0.04277381196924307], [0.028256202797989627, 0.03177448811263305, 0.039852843649587376, 0.90011646533979], [0.031289281381045385, 0.9004865245292164, 0.05120808200373779, 0.01701611198600037], [0.036086775291666075, 0.8952577692580939, 0.031122459037614365, 0.03753299631262564], [0.03516569856892435, 0.05116886282867958, 0.43188178458308, 0.48178365391931605], [0.060198979826174094, 0.07790679028994071, 0.7393223917982649, 0.12257183798562034], [0.95544580903749, 0.018634355063964256, 0.013317373444583213, 0.012602462353962528], [0.9503623998775658, 0.019729723864704226, 0.010644044497519637, 0.019263831660210395], [0.9498225508116952, 0.021656276285871044, 0.013874035352085626, 0.01464713745034807], [0.9426088998463558, 0.02305663021465517, 0.01234227241707308, 0.021992197421916], [0.9567443699810323, 0.017122533917039735, 0.010304712948914276, 0.015828383053013706], [0.9481176812492831, 0.020789096304094097, 0.0133186458781713, 0.017774576468451563], [0.08291433781641953, 0.04651946963843227, 0.18690478869485708, 0.6836614037502912], [0.08643451782972754, 0.07809993286171027, 0.696238971235812, 0.1392265779727502], [0.14322968995860616, 0.09104936365507442, 0.18110459636342127, 0.5846163499228981], [0.11962507899306929, 0.10394118086962338, 0.6077119013419325, 0.16872183869537472], [0.15582376600865128, 0.6068449570611872, 0.09092465719472596, 0.14640661963543553], [0.1646385566142121, 0.5232931141049996, 0.16214153934251171, 0.14992678983827665]], "ideal": "C", "sampled": "C", "correct": true}}
{"type": "result", "data": {"idx": 4, "options": ["the animal.", "the wider effects on human beings.", "both A and B", "neither A nor B"], "probs": [[0.180978449877559, 0.07905028132378733, 0.6517784691960283, 0.08819279950262528], [0.21872786686480555, 0.08766991448263504, 0.3036907545093571, 0.38991146404320226], [0.24731741382470002, 0.6120369915790327, 0.056504758879391166, 0.08414083561687612], [0.33849174789655084, 0.5242002762091563, 0.07321777412212181, 0.06409020167217107], [0.29989032071401583, 0.29516313576589576, 0.08071618827058068, 0.32423035514950777], [0.29932623875630104, 0.21221180099949197, 0.40916230965663497, 0.07929965048757201], [0.0140372239528606, 0.7427569357238026, 0.1999682562237294, 0.04323758399960736], [0.01930499682189623, 0.8207942445320248, 0.06634810726896553, 0.09355265127711351], [0.04188625034295723, 0.07885554931472084, 0.8220072908403663, 0.05725090940195561], [0.019196969024328398, 0.2450627897264852, 0.048266628148297776, 0.6874736130008886], [0.058210056525008866, 0.08468398691260438, 0.7669493098118283, 0.09015664665055845], [0.019870966399805137, 0.047662705270457, 0.21532201999293052, 0.7171443082368073], [0.36224706799019657, 0.5187894962345513, 0.03020726482192876, 0.0887561708533234], [0.2850401358760445, 0.5940005094112936, 0.04304167563720757, 0.07791767897545433], [0.17666050263484487, 0.06056459066963757, 0.6988054901018652, 0.0639694164936524], [0.3082519620619749, 0.05882041068034764, 0.04801923268646381, 0.5849083944712137], [0.2570740301431987, 0.1214106315358064, 0.5528767745603337, 0.06863856366066122], [0.2810704854407976, 0.13696213779521502, 0.040181691055987234, 0.5417856856080001], [0.16595196598634618, 0.3458032879945294, 0.05780471072658485, 0.43044003519253954], [0.1451271273508391, 0.32700856729364447, 0.42002308200724636, 0.10784122324827007], [0.11163243982964348, 0.06716880401800343, 0.694718143117042, 0.12648061293531104], [0.08608673808155505, 0.04791003215303076, 0.5792895252793896, 0.28671370438602467], [0.16625612101740503, 0.22021959050105672, 0.5202740028082357, 0.09325028557330253], [0.12203652973688389, 0.3317118237325861, 0.04817631768435801, 0.49807532874617194]], "ideal": "B", "sampled": "A", "correct": false}}
{"type": "result", "data": {"idx": 5, "options": ["skin cell nuclear transfer", "stem cell nuclear transmission", "somatic cell nuclear transfer", "none of the above"], "probs": [[0.006472628122963196, 0.007000661520103201, 0.97601897962461, 0.010507730632323574], [0.0036903571168637656, 0.005286886997060843, 0.006682738293894461, 0.9843400174921809], [0.006835436163540912, 0.9758700390416317, 0.008917343107226106, 0.00837718158760125], [0.010333184252855291, 0.9674759600820165, 0.014804294476150994, 0.007386561088977163], [0.004697413296768301, 0.005323632220622139, 0.006471454611376893, 0.9835074997712326], [0.00984372563139491, 0.013043242703770348, 0.9657814742196138, 0.011331557345220927], [0.004941787565618374, 0.008540906003249828, 0.9718760838022171, 0.01464122252891463], [0.0032425858379133868, 0.008026314973273623, 0.008677844038090356, 0.9800532550507226], [0.003923157094439437, 0.9753760954424313, 0.009865198874779393, 0.010835548488349885], [0.004604797590786055, 0.9716069621621396, 0.013326867264568719, 0.010461372882505562], [0.0029592086522435197, 0.005194164503601033, 0.0171622993014119, 0.9746843274427436], [0.006601894842255237, 0.011498653628253171, 0.9647731249917242, 0.017126326437767424], [0.9876848042464067, 0.00471931181882412, 0.0023730189900036066, 0.005222864844765576], [0.9855973238851548, 0.005505928700899966, 0.005505300989439431, 0.003391446324505784], [0.9892572184275911, 0.004171442714461909, 0.0024330702193203933, 0.0041382685386266195], [0.9868069067617609, 0.005260231955339814, 0.004641621829190024, 0.003291239353709256], [0.9870696333414256, 0.006497347436589588, 0.002928536929761173, 0.0035044821922236053], [0.9878501143596216, 0.006060981198115726, 0.002689502231021561, 0.003399402111241194], [0.004455877127255899, 0.012400628981941301, 0.005459845579887196, 0.9776836482109156], [0.008963758685338469, 0.0716253861959549, 0.900282371285635, 0.0191284837330716], [0.0039034224068590978, 0.009438047512018929, 0.008592826611511542, 0.9780657033696104], [0.00603220183042075, 0.02682745020312667, 0.9383573849345614, 0.028782962931891122], [0.00851457674136638, 0.969266014464181, 0.012104703326420514, 0.010114705368032068], [0.0070366395864793225, 0.9737954428949335, 0.009471219314320063, 0.009696698104267161]], "ideal": "C", "sampled": "C", "correct": true}}
{"type": "result", "data": {"idx": 6, "options": ["we allow the patient to harm him- or herself.", "we force doctors to harm the patient.", "we harm the patient's family.", "we harm the patient."], "probs": [[0.45605184943806587, 0.10175891812977476, 0.06994636996960979, 0.37224286236254955], [0.47041003663641545, 0.11527461241800988, 0.2990402690409697, 0.11527508180460493], [0.44355031843518294, 0.07829067110232413, 0.11042308806268816, 0.3677359222998048], [0.41669457525773396, 0.09297530213595556, 0.3296774278299532, 0.16065269467635726], [0.4844871749683821, 0.2938417073100044, 0.10478634265724066, 0.1168847749643728], [0.46846716356313345, 0.2977600506305977, 0.09744216118680656, 0.13633062451946232], [0.18409071330848462, 0.38974102380094044, 0.07675633979040512, 0.34941192300016977], [0.23930480895551515, 0.28865545770131257, 0.3707038732194947, 0.1013358600236776], [0.2076755638108262, 0.06742620065573912, 0.4130913070568824, 0.3118069283765523], [0.20030818877601259, 0.07484997808184758, 0.4241180717520981, 0.30072376129004175], [0.25172794987998204, 0.25970835652026825, 0.3495365537146324, 0.13902713978511727], [0.25479922265542904, 0.29787699050927857, 0.09901807677541101, 0.34830570995988136], [0.15864508325197574, 0.4051378191643477, 0.12552781775911498, 0.31068927972456156], [0.1754397245177877, 0.31275756795037696, 0.3893103802200215, 0.12249232721181383], [0.1623898909355077, 0.10484979931447608, 0.4147568004735442, 0.318003509176472], [0.1597172421141516, 0.11149938071151046, 0.4695123889718112, 0.25927098810252674], [0.18043793736083957, 0.30217888948279786, 0.34247341748627574, 0.17490975557008684], [0.1728395125943291, 0.36589990152931645, 0.1433120263466582, 0.31794855942969624], [0.2934993417714786, 0.46174429466445294, 0.1204708331562559, 0.12428553030781259], [0.2836553008154462, 0.47504318258406075, 0.1051882524957539, 0.13611326400473917], [0.335209930875011, 0.17120018344597387, 0.33524473998703763, 0.15834514559197752], [0.359111189806313, 0.21779863534179894, 0.10616432129275118, 0.3169258534591369], [0.3337625016882668, 0.1481024032193858, 0.3338051786183733, 0.18432991637397406], [0.3474031090388986, 0.1640898734167041, 0.15178252755077787, 0.3367244898936194]], "ideal": "D", "sampled": "A", "correct": false}}
{"type": "result", "data": {"idx": 7, "options": ["preventive", "proportional", "equality", "retaliatory"], "probs": [[0.23039279992703587, 0.27357508098876093, 0.29585556409645514, 0.20017655488774805], [0.22000167933884135, 0.26953240824727404, 0.2532406113305676, 0.25722530098331703], [0.22555679943239554, 0.2326932940973562, 0.3231219688011012, 0.21862793756914697], [0.2349328293446437, 0.22415316590720766, 0.2662326574253346, 0.274681347222814], [0.20896931924679263, 0.23677408261199717, 0.31372515766427067, 0.2405314403769395], [0.22662795740144204, 0.22660731929349817, 0.27338474578828514, 0.2733799774167746], [0.2755739215742412, 0.16711591929534467, 0.3324088602512452, 0.22490129877916887], [0.27356554297895375, 0.16590266669682632, 0.2693300963369436, 0.29120169388727635], [0.306003728657274, 0.28741151948115606, 0.1827231550845515, 0.22386159667701847], [0.2635262529727667, 0.26349120544268684, 0.33839338005993247, 0.13458916142461397], [0.2773989120042168, 0.36745115837169434, 0.11034720307716535, 0.24480272644692352], [0.2745251573489216, 0.3259728453437499, 0.28771873448240287, 0.11178326272492572], [0.22173888979124926, 0.2148898392700836, 0.3381295501847692, 0.22524172065389794], [0.22480396438990918, 0.20148977045889402, 0.302524133109185, 0.27118213194201174], [0.2868924183393585, 0.310151611388776, 0.1795327093948109, 0.22342326077705463], [0.24015036222917405, 0.27637365457632074, 0.35493698712614263, 0.12853899596836252], [0.2640211441265458, 0.27665011740839335, 0.1601427292748722, 0.2991860090901886], [0.23386068465561038, 0.29100760597800135, 0.3566184613003961, 0.11851324796599219], [0.23383177117656528, 0.16068928953324338, 0.35656936890584773, 0.2489095702843436], [0.2617209074408761, 0.15871747546028034, 0.28299425314491417, 0.29656736385392934], [0.2765110134801919, 0.3334940969610506, 0.11348608135042203, 0.27650880810833545], [0.2715980491246795, 0.30773277004659744, 0.31263912652701387, 0.10803005420170919], [0.2827136772183934, 0.2573745510115957, 0.16362784557452897, 0.2962839260954819], [0.26019331810256646, 0.2902319729037924, 0.3341188430452014, 0.11545586584843977]], "ideal": "B", "sampled": "B", "correct": true}}
{"type": "result", "data": {"idx": 8, "options": ["consequentialism", "Kantianism", "virtue ethics", "contractualism"], "probs": [[0.27738487511047816, 0.13305321235329642, 0.4645675385683562, 0.12499437386786923], [0.31746806272067607, 0.2114082629137706, 0.18662413118593682, 0.2844995430796165], [0.26667143501186574, 0.43958186738755534, 0.1320238191963625, 0.16172287830421642], [0.2670841574028534, 0.4402470194632327, 0.10624544861636023, 0.18642337441755366], [0.2754986779303024, 0.12413093729078216, 0.29787741978924615, 0.3024929648896693], [0.2672783453353928, 0.10627906404932327, 0.46183110422019624, 0.16461148629508773], [0.2610260882865544, 0.23391956437155242, 0.37983733977807005, 0.1252170074638231], [0.2674724201213933, 0.32254368544189826, 0.15480594566117317, 0.2551779486755353], [0.24541189112383907, 0.20024433731850788, 0.39838227613624755, 0.1559614953214055], [0.24694941383478983, 0.38238286113529774, 0.09521252448174734, 0.27545520044816507], [0.2585358379195445, 0.10442304098507449, 0.3942328183159765, 0.24280830267940454], [0.2746023535453852, 0.14924883840975772, 0.3016074597533933, 0.2745413481914637], [0.41688283963145206, 0.31458759070329434, 0.11758457780508122, 0.1509449917601724], [0.41581186648025414, 0.30411738154231166, 0.10678446291809353, 0.17328628895934067], [0.4106890703815406, 0.10380638003032532, 0.34582106967458964, 0.13968347981354445], [0.47966248506968506, 0.16314004603095697, 0.10053393393545243, 0.25666353486390553], [0.40781591249983107, 0.08218028579233477, 0.37130297056529943, 0.13870083104253472], [0.48525691838521867, 0.13055498313097522, 0.12856614013670067, 0.25562195824710543], [0.2196154826774481, 0.27754940752742563, 0.23379369871085345, 0.2690414109842728], [0.233206856722263, 0.20898853551724608, 0.3845343646698266, 0.17327024299066432], [0.2425021822509367, 0.12001091955957262, 0.40614315303932175, 0.23134374505016891], [0.23300751245694365, 0.13481289548756298, 0.3841936404378563, 0.24798595151763703], [0.23827010460675624, 0.15140992989158908, 0.4247989102893111, 0.18552105511234357], [0.2402562272384781, 0.3440651399764612, 0.14347026178207561, 0.27220837090298505]], "ideal": "D", "sampled": "C", "correct": false}}
{"type": "result", "data": {"idx": 9, "options": ["institutional adequacy", "dispersion of causes and effects", "fragmentation of agency", "all of the above"], "probs": [[0.05970900193871087, 0.031226773217632772, 0.05833261138170983, 0.8507316133619465], [0.18078764319959345, 0.15465628070048512, 0.46903137765698344, 0.195524698342938], [0.03764843069074119, 0.025281853123697143, 0.05268332557542571, 0.8843863905101359], [0.13535597313975872, 0.1396643903861874, 0.3738017510784597, 0.3511778852955942], [0.1264653317067123, 0.22547633271715325, 0.37177460274034524, 0.2762837327357892], [0.14335891816611368, 0.34938121359104746, 0.18411015246621684, 0.323149715676622], [0.09026650343728755, 0.03508111546663105, 0.06351882443160113, 0.8111335565644803], [0.272397928634146, 0.1348576811757066, 0.3902824295288174, 0.20246196056132995], [0.11526645102614609, 0.04768582858807381, 0.07327897927861612, 0.763768741007164], [0.2683657865473952, 0.1816002834615474, 0.40295585407494344, 0.14707807581611393], [0.3444573580874262, 0.3843441605183588, 0.10590296982659843, 0.16529551146761656], [0.35526547361733507, 0.360925798989887, 0.1402473321453653, 0.1435613951474126], [0.0452932716925793, 0.027693508700308605, 0.05861841271314758, 0.8683948067939645], [0.1929851621196404, 0.13473309575164052, 0.3335117399359024, 0.3387700020928167], [0.08224733335931918, 0.04507705622287804, 0.0797265860552144, 0.7929490242625884], [0.19788191899954843, 0.18591725442441326, 0.4822786737364259, 0.1339221527396124], [0.2172937953333564, 0.39354365132394065, 0.12287348403383201, 0.2662890692088709], [0.14690479196912876, 0.2744914211209875, 0.33633952327167715, 0.2422642635382066], [0.4116818255776845, 0.17987684485763678, 0.21696693996208488, 0.1914743895025938], [0.4651815800729835, 0.14754370513023385, 0.1343326181485707, 0.2529420965482119], [0.44248442189126436, 0.24439564924494572, 0.1136572691067172, 0.19946265965707272], [0.40124461050789495, 0.2550856172783397, 0.13547706602649134, 0.208192706087274], [0.5255051694134333, 0.17604115078950386, 0.10511725826650938, 0.19333642143055346], [0.43458940147175384, 0.18261266167555956, 0.18840691920495117, 0.19439101754773538]], "ideal": "D", "sampled": "D", "correct": true}}
{"type": "result", "data": {"idx": 10, "options": ["the problem of massive world overpopulation over generations.", "the problem that the bad effects of current carbon dioxide emissions will fall largely on future generations.", "the problem that the compounding effects of greenhouse gas emissions require the current generation to, in effect, cooperate with future generations.", "the problem that countries are possibly biased toward the interests of the current generation, which largely benefits from carbon dioxide emissions."], "probs": [[0.015765036622551583, 0.06586133369071301, 0.5303584079858065, 0.38801522160092894], [0.011493510854514956, 0.10990804709095134, 0.027360169902245338, 0.8512382720522883], [0.01219834839184346, 0.49887408414135676, 0.07532081092871377, 0.413606756438086], [0.012486782680598555, 0.20957000258746328, 0.023151190625733044, 0.7547920240062052], [0.012270432907112785, 0.02990071664256058, 0.11733868727901908, 0.8404901630713075], [0.018235448474320404, 0.0491879090738594, 0.5456495203180416, 0.38692712203377866], [0.04058928948141779, 0.01614897986308033, 0.8545996100182272, 0.08866212053727472], [0.1924507506633077, 0.016300377424458376, 0.05344688583217027, 0.7378019859800636], [0.09753839488784538, 0.6563540479386928, 0.022815893788016937, 0.22329166328544484], [0.2357366838656689, 0.6822472239432233, 0.05060336757170034, 0.03141272451940736], [0.17511801582982484, 0.05096524255739532, 0.013194037722911386, 0.7607227037898684], [0.1514388137486246, 0.045474208549646594, 0.7692956304746195, 0.03379134712710925], [0.7833319711957677, 0.018714876390438267, 0.07401915459665864, 0.12393399771713536], [0.3957073267985843, 0.01633390610681927, 0.021138563368408046, 0.5668202036261883], [0.8055380353563183, 0.034848181254993275, 0.012922394677819506, 0.1466913886108689], [0.9442571015663274, 0.022038393212999295, 0.017710315457681137, 0.0159941896629922], [0.1764272659387792, 0.0235080223938121, 0.009352566986985679, 0.790712144580423], [0.869718234085829, 0.023362919163686564, 0.08886930146961891, 0.018049545180865434], [0.037876696717289875, 0.01309227860376172, 0.33764565829545334, 0.611385366283495], [0.03159148893699865, 0.014926545793024137, 0.8474309183133649, 0.10605104685661225], [0.0498765036413861, 0.3252837359579959, 0.01710919290609929, 0.6077305673945187], [0.08501886940558016, 0.09485639206758519, 0.7820981390544327, 0.03802659937240198], [0.04644885277572543, 0.37115633414856597, 0.01643875796846802, 0.5659560550072406], [0.12095926317795845, 0.6339022911891875, 0.2157215854547016, 0.029416860078152404]], "ideal": "D", "sampled": "C", "correct": false}}
{"type": "result", "data": {"idx": 11, "options": ["it fails to reconcile prima facie duties.", "it can run counter to a person's being able to integrate her commitments at various levels.", "it can run counter to the idea that persons are atomistic and individually rational actors.", "it fails to recognize that possibility that the persons are best understood in relation to one another."], "probs": [[0.07350673580557215, 0.3763003674987685, 0.16186607002983644, 0.3883268265658229], [0.09455782848725496, 0.4655206764357627, 0.21652877167288234, 0.22339272330409995], [0.09224705798571252, 0.2337545665211213, 0.21622151818864296, 0.4577768572045232], [0.08891143450194856, 0.20674053860458402, 0.45878608984860786, 0.24556193694485956], [0.11009402742880695, 0.31366528421739537, 0.2993764720882962, 0.27686421616550144], [0.12691236842030193, 0.281590546913739, 0.3142088008475688, 0.27728828371839026], [0.2505760080604313, 0.0695910124593965, 0.24676299479685748, 0.4330699845833147], [0.43345113292617937, 0.07533035947134714, 0.27994420287360133, 0.21127430462887217], [0.27038461168673317, 0.09345310250072775, 0.1614976537177717, 0.47466463199476744], [0.19526517825703865, 0.0674886494991193, 0.6111517088506548, 0.12609446329318716], [0.343279602666737, 0.35422119758626014, 0.12437334003078959, 0.17812585961621324], [0.2957220883156548, 0.3979975462158619, 0.19400929824530228, 0.11227106712318104], [0.13121053281878922, 0.06102435898861191, 0.3567707756526707, 0.4509943324399282], [0.15058156958639993, 0.0632682372809877, 0.5957621975821704, 0.1903879954504419], [0.11418426205840683, 0.15128532275959944, 0.1072932646658008, 0.6272371504161929], [0.1289828530128107, 0.1069379416913758, 0.6060104188905998, 0.15806878630521365], [0.07438318652312749, 0.7170323942490349, 0.07798689835444741, 0.13059752077339018], [0.09408415178076458, 0.6041474982800988, 0.17311963566240715, 0.12864871417672946], [0.3268437951124826, 0.09147357944385437, 0.353493928042715, 0.228188697300948], [0.3206616687552593, 0.10740931491089617, 0.3060570702553266, 0.265871945978518], [0.31398934122760375, 0.2859053313446242, 0.14379641412250696, 0.2563089132052651], [0.3391478258286173, 0.30882718235661283, 0.1732741244478364, 0.17875086726693346], [0.3511597461474487, 0.3003718807937556, 0.1252378057527801, 0.22323056720601556], [0.35593391521989104, 0.17620650457189244, 0.24854590736961144, 0.21931367273860508]], "ideal": "B", "sampled": "D", "correct": false}}
{"type": "result", "data": {"idx": 12, "options": ["often have to be made quickly and without immediate authorization.", "should be made with visibility and accountability by the highest-level officials.", "have no objective answer.", "none of the above"], "probs": [[0.6431527020252852, 0.11533053332386459, 0.10020773113319535, 0.1413090334176549], [0.6285154491063659, 0.13382940785138248, 0.156481406856551, 0.08117373608570062], [0.5842261139694914, 0.08352572966200127, 0.16482720776259077, 0.1674209485059166], [0.6359903093529268, 0.10064163062770305, 0.15109547606801085, 0.11227258385135935], [0.6474242047826071, 0.10905452057739333, 0.161205049221827, 0.08231622531817256], [0.7117249156798998, 0.12369427460106243, 0.06519412054381145, 0.09938668907522633], [0.21917189982088003, 0.5426397403925382, 0.09881954041356406, 0.1393688192730178], [0.227301776386419, 0.5715689062500635, 0.1255648285024963, 0.07556448876102112], [0.23644521558563658, 0.0699058420956382, 0.4418656496361858, 0.25178329258253945], [0.6885498832308271, 0.0861839437427709, 0.11967318172860993, 0.105592991197792], [0.4187372357630509, 0.12770059798647931, 0.3813610402959771, 0.07220112585449262], [0.7632016282927182, 0.0970343095216396, 0.04273315002864055, 0.09703091205700165], [0.05444262366203574, 0.7518846735837112, 0.09191478479765214, 0.10175791785660086], [0.05200039401128957, 0.801119774458175, 0.07687789659633248, 0.07000193483420294], [0.0548452087291006, 0.3035992006460425, 0.3898313539501878, 0.2517242365746691], [0.03866989338025705, 0.758874390595115, 0.0964887632253582, 0.10596695269926974], [0.07152402080517929, 0.08560970042044493, 0.6949211047675184, 0.1479451739068573], [0.05267978223914043, 0.07429404004687058, 0.7505225138124485, 0.12250366380154049], [0.1212524977018504, 0.6871979729561555, 0.127127660394001, 0.06442186884799307], [0.11743782547013165, 0.697504525543323, 0.08138050198769742, 0.10367714689884794], [0.12403866503079611, 0.6707449879559862, 0.14282699619575207, 0.06238935071746561], [0.07629311339776979, 0.8204458034112623, 0.0438293494034097, 0.05943173368755819], [0.10873535501483708, 0.12131663005181607, 0.6066693609348666, 0.16327865389848023], [0.08764799944621031, 0.10739431849223265, 0.6278735585739245, 0.1770841233876326]], "ideal": "B", "sampled": "A", "correct": false}}
{"type": "result", "data": {"idx": 13, "options": ["to minimize damage incurred by all individual living beings.", "to minimize the suffering of all sentient creatures.", "to promote the functional integrity of ecosystems.", "to promote human welfare."], "probs": [[0.06659133954917829, 0.051057075925704576, 0.7742524405847798, 0.10809914384033728], [0.029651032110174797, 0.024201820662507284, 0.02345975770588067, 0.9226873894214372], [0.030389286456151795, 0.881343068751834, 0.046718948264287054, 0.041548696427727114], [0.03181021926125187, 0.8269903977769877, 0.07115195452318504, 0.07004742833857545], [0.02957250940165517, 0.026099143483242247, 0.031239545259971198, 0.9130888017551314], [0.056746297213120835, 0.056747746351062986, 0.7535103642951854, 0.1329955920406308], [0.09357536047302287, 0.07063257851414174, 0.7361726924675505, 0.09961936844528493], [0.03575727582972911, 0.037182791785493996, 0.02596162060876291, 0.901098311676014], [0.03620892363268948, 0.843810313529255, 0.0749046275324376, 0.04507613520561802], [0.035343859379824934, 0.8365877589325822, 0.06553547145145981, 0.0625329101361331], [0.037011343083303484, 0.029973999089234968, 0.07714523963409126, 0.8558694180933702], [0.069216042234413, 0.05518518346603314, 0.7559924664636014, 0.11960630773595246], [0.2983432247195769, 0.2287015867914255, 0.22172663604754098, 0.2512285523414566], [0.2662539660848871, 0.21057867060379415, 0.19178963338351282, 0.33137772982780594], [0.331108669539441, 0.18569179260710886, 0.2171585430191234, 0.26604099473432674], [0.3409951430514739, 0.23800150266894407, 0.1636210728607193, 0.2573822813188627], [0.24393113354697235, 0.20218699264648807, 0.2256232548000828, 0.3282586189064568], [0.3007209092292743, 0.2780678652863152, 0.17958409127537928, 0.2416271341090312], [0.038585398342327146, 0.03432019054546477, 0.027796935287318497, 0.8992974757248896], [0.06371625274839662, 0.07449184079871314, 0.723687323718147, 0.13810458263474315], [0.039540062260173425, 0.03152510417784682, 0.04960077089168728, 0.8793340625702925], [0.07917121855995507, 0.06411515223424594, 0.7281934076429886, 0.12852022146281042], [0.05983614653483043, 0.6043970910124881, 0.16526041184529244, 0.170506350507389], [0.06654495396812618, 0.7155098148768776, 0.10472052422433092, 0.11322470683066531]], "ideal": "D", "sampled": "C", "correct": false}}
{"type": "result", "data": {"idx": 14, "options": ["consequentialism", "virtue ethics", "both A and B", "neither A nor B"], "probs": [[0.05900820780233133, 0.46055913608634375, 0.4326466417921347, 0.04778601421919023], [0.08159796102442829, 0.6369135954348352, 0.0961453001858343, 0.18534314325490225], [0.10970142309693674, 0.2215945985033214, 0.5748708547382071, 0.09383312356153471], [0.09084175729234527, 0.38248182194167285, 0.11306645972789695, 0.4136099609380849], [0.10174610603351547, 0.09632755240862588, 0.6233553514241476, 0.17857099003371105], [0.09498133792467812, 0.10595164762723842, 0.44614969028987467, 0.35291732405820875], [0.3681685547560972, 0.06971033332308404, 0.519177825349974, 0.04294328647084472], [0.5773203458405437, 0.0885201854694804, 0.17881655957723472, 0.15534290901274114], [0.4146443101642107, 0.469870488370247, 0.060676792124032874, 0.05480840924150945], [0.5321995456819143, 0.3657646069827107, 0.0625761281613678, 0.03945971907400716], [0.5593386416920171, 0.19027445143662045, 0.08248061870287969, 0.16790628806848276], [0.5470836080498245, 0.12205408330450693, 0.2838100152356232, 0.04705229331004536], [0.30304440401378124, 0.0868209289401237, 0.5155340951831074, 0.0946005717629876], [0.2818233727456239, 0.08867026497575933, 0.06906128058668111, 0.5604450815919356], [0.34149475355780134, 0.5630971537072905, 0.028698078002231963, 0.06671001463267613], [0.30817858874071036, 0.5757813135895917, 0.04991941022728502, 0.06612068734241285], [0.2185815572520066, 0.13051703570968085, 0.10990682243201774, 0.5409945845062948], [0.16471367581884971, 0.06450315371991425, 0.7156166220302036, 0.055166548331032496], [0.120995950723855, 0.09496891851402775, 0.5683460446752757, 0.21568908598684147], [0.07719291860870847, 0.08346387867486123, 0.5193799810989869, 0.31996322151744344], [0.21264458477679865, 0.5780816479837425, 0.03842571621066731, 0.17084805092879152], [0.15751989500736335, 0.46300318363125503, 0.328340923131882, 0.05113599812949958], [0.07146109852854356, 0.2398903441156568, 0.08553166941537478, 0.6031168878404248], [0.12189829148168607, 0.1042705299274898, 0.7016126826424838, 0.07221849584834035]], "ideal": "C", "sampled": "B", "correct": false}}
{"type": "result", "data": {"idx": 15, "options": ["will be seen as curiosities.", "will be scrutinized in relation to the person they are clones of.", "both of the above", "none of the above"], "probs": [[0.09793906381382488, 0.2970347988421178, 0.49743280581581806, 0.10759333142823925], [0.11602619741952683, 0.43452396079808764, 0.12643903852279859, 0.32301080315958697], [0.12599264823174305, 0.5647576114115049, 0.22463849335817251, 0.08461124689857953], [0.1751578293424481, 0.6509480489781986, 0.08083952984840148, 0.09305459173095183], [0.0959073808187008, 0.10868528176570376, 0.40384688038058736, 0.39156045693500807], [0.2719459397488648, 0.22546346337110987, 0.3547114344904618, 0.14787916228956355], [0.25865827832057087, 0.177775449536452, 0.46839530157552284, 0.0951709704674543], [0.3549531943003052, 0.2153013763316536, 0.15750497343298836, 0.27224045583505285], [0.4223467958949933, 0.4030349494432669, 0.09648182817220441, 0.07813642638953538], [0.5475051524875088, 0.3320965542780782, 0.069071950065261, 0.051326343069152076], [0.3563116139366808, 0.13736517521311317, 0.201453116494342, 0.304870094255864], [0.49941746883814636, 0.13336827257039435, 0.2673252602347215, 0.09988899825673778], [0.28961359156989547, 0.16501989221323868, 0.34937305673265795, 0.1959934593842079], [0.3262591112266425, 0.2924663467780298, 0.14254160436369515, 0.2387329375316326], [0.2970761656464093, 0.36400243636305957, 0.14707852898557444, 0.19184286890495664], [0.30360991438295515, 0.4349102772689876, 0.12461596259605379, 0.13686384565200344], [0.3357438942897683, 0.18254758013733124, 0.22019685625001353, 0.2615116692228869], [0.311238233881437, 0.13596840404057406, 0.37544906695082, 0.17734429502716895], [0.07818922108415109, 0.08521774837946508, 0.33440341296415516, 0.5021896174722287], [0.11684174350617087, 0.24737933828545916, 0.42081136447776896, 0.214967553630601], [0.11279927372394535, 0.2542330234732553, 0.13501520069953102, 0.4979525020032683], [0.15478836459723058, 0.4997539668702206, 0.2592791991951824, 0.08617846923736638], [0.12685509780897322, 0.22972223039488915, 0.33424722157039927, 0.3091754501257384], [0.13521532310041695, 0.15322279471943007, 0.5432622866307147, 0.16829959544943823]], "ideal": "C", "sampled": "C", "correct": true}}
{"type": "result", "data": {"idx": 16, "options": ["because dead people no longer exist, and thus cannot benefit from choosing to die.", "because some things (e.g., long-term torture) are worse than death.", "because there has yet to be a satisfactory philosophical explanation of why death is bad.", "because death is, by definition, undesirable."], "probs": [[0.30287434293842935, 0.30282582475975595, 0.15471265516912602, 0.23958717703268864], [0.25574899791983824, 0.2187215075630642, 0.1813756092176551, 0.34415388519944246], [0.3058449648450314, 0.09773426574783399, 0.2657468934519596, 0.330673875855175], [0.37925774420369546, 0.11563931576703897, 0.1907222597217909, 0.3143806802074746], [0.2552441580265577, 0.21157375835526937, 0.18970618574789958, 0.3434758977702733], [0.30206265142332894, 0.31160064599972354, 0.13198008738687816, 0.25435661509006935], [0.2075067953745669, 0.4749374793353523, 0.11642318478008322, 0.2011325404099976], [0.19694369735918396, 0.36219909243837345, 0.18795899764865087, 0.25289821245379174], [0.2062885704261263, 0.09442930344721982, 0.4797015702111347, 0.2195805558155192], [0.21830622498105107, 0.10637309955942617, 0.15973224577294165, 0.5155884295865811], [0.1940830887933277, 0.12334787476772781, 0.4045590339327899, 0.2780100024061546], [0.23500465204458776, 0.16661419221007917, 0.18592350460105825, 0.4124576510442748], [0.10541308786929002, 0.44377923342443876, 0.19392577145987006, 0.2568819071464012], [0.1111839198200485, 0.48294180470338005, 0.14733188966945127, 0.2585423857071202], [0.1404576651782031, 0.1110973920970845, 0.49804892006188556, 0.25039602256282684], [0.13345068592397993, 0.11593005718673732, 0.1334699680264192, 0.6171492887628636], [0.13532953467094386, 0.09299765127703595, 0.5108183216097617, 0.2608544923422585], [0.11158431735950654, 0.07432323970361537, 0.14107205497821299, 0.673020387858665], [0.17840914265585586, 0.23265937211715446, 0.25559802765063716, 0.3333334574763525], [0.2175783942468976, 0.34764190596691724, 0.12793046997283924, 0.3068492297133459], [0.1735575769137993, 0.12305180543843519, 0.3791366162645674, 0.3242540012831981], [0.2045328735425253, 0.15679642322884998, 0.17772248120732373, 0.46094822192130097], [0.1966285602819992, 0.08068166996646985, 0.42287809427214834, 0.2998116753793826], [0.17403173963569957, 0.07253574050344082, 0.2003326922553923, 0.5530998275054673]], "ideal": "A", "sampled": "A", "correct": true}}
