{"type": "result", "data": {"idx": 0, "options": ["164%", "1.64%", "0.45%", "183%"], "probs": [[0.29292855536775736, 0.2751039348298561, 0.21429894010960673, 0.21766856959277972], [0.31730577346489724, 0.2671125232906258, 0.250992417310411, 0.16458928583406598], [0.17009820073020004, 0.13879586505657057, 0.4922377012688347, 0.19886823284439467], [0.25785391076930186, 0.16643222666698693, 0.38108991864028907, 0.19462394382342213], [0.29705305556725475, 0.40594236224068225, 0.1692570968135125, 0.12774748527855045], [0.22158794763220613, 0.4074960770049318, 0.1386750828686287, 0.23224089239423337], [0.4165067597950147, 0.1531736564625819, 0.23361525828749963, 0.19670432535490376], [0.3561575114370863, 0.1309846788513806, 0.3192479908147091, 0.193609818796824], [0.41484795252847534, 0.2185417776646755, 0.1676034828138679, 0.19900678689298126], [0.3276432903836869, 0.14996177776319222, 0.29369087691540186, 0.22870405483771902], [0.22904383451305693, 0.17016398397877933, 0.4279174378707024, 0.17287474353746132], [0.3060249135489943, 0.19446027566723936, 0.24976098907120334, 0.24975382161256302], [0.1499114654795144, 0.20169051290060566, 0.3769038077350624, 0.2714942137848176], [0.1664249052365564, 0.2310181179715082, 0.3750662617030069, 0.22749071498892853], [0.22291680000975178, 0.4363922552158442, 0.12121214016511199, 0.21947880450929205], [0.17704724999911495, 0.374775433878742, 0.2135921684648758, 0.23458514755726723], [0.1625878065661921, 0.30849096175923574, 0.32337382432564904, 0.2055474072489231], [0.16434666247115137, 0.27091853846273706, 0.3218123854235154, 0.24292241354259614], [0.3243347406062994, 0.3093983828712055, 0.23727874455463363, 0.12898813186786137], [0.23880539832111305, 0.32127645608550237, 0.20110091565028482, 0.23881722984309978], [0.24660767244901316, 0.31656977059402713, 0.27511071746115456, 0.16171183939580516], [0.23981861053039705, 0.34345455930808183, 0.20836878689921032, 0.20835804316231082], [0.2593911471975716, 0.19881752732713784, 0.3490489564912126, 0.19274236888407797], [0.20696261779607275, 0.16114216080829427, 0.452088507840217, 0.17980671345541602]], "ideal": "A", "sampled": "B", "correct": false}}
{"type": "result", "data": {"idx": 1, "options": ["No effect No effect", "No effect Understated", "Understated No effect", "Understated Understated"], "probs": [[0.19115536482673745, 0.20988846448612797, 0.241691164400583, 0.35726500618655155], [0.21065793615472855, 0.23494886999539158, 0.2880256728834125, 0.2663675208664673], [0.20550242941999491, 0.22920099705546892, 0.2518439217600533, 0.31345265166448283], [0.18490544347669702, 0.2336952993817702, 0.3246125683094753, 0.2567866887320575], [0.21905736949424892, 0.26418045554172354, 0.24828383694019365, 0.26847833792383385], [0.23075823598233555, 0.273966743086196, 0.24569979333209938, 0.24957522749936906], [0.2649038433763722, 0.17918235061761031, 0.24125131962271018, 0.3146624862833073], [0.282576075687282, 0.19414296165721423, 0.2962029785753229, 0.2270779839801809], [0.2666238248081612, 0.23522655663522216, 0.21427218613866036, 0.28387743231795626], [0.23136604975285052, 0.20413095942883402, 0.3756474498187247, 0.18885554089959072], [0.27420782631564133, 0.29183247247649835, 0.21359215356371483, 0.22036754754414545], [0.24146705503631363, 0.26514058907449367, 0.2868255333788635, 0.20656682241032914], [0.24417718480103798, 0.19923136230000416, 0.2330288807227303, 0.3235625720762276], [0.24510268104911603, 0.19383438507270767, 0.31973637100051383, 0.24132656277766243], [0.27273516625112604, 0.20261662290678015, 0.2297007189595155, 0.2949474917825783], [0.26846990386647335, 0.1903143702303945, 0.34479353342174984, 0.19642219238138237], [0.26652157304005925, 0.31153297421201076, 0.20438526568753113, 0.21756018696039883], [0.2449326070938387, 0.3047712561319722, 0.23744978083085086, 0.2128463558433382], [0.2602610030548933, 0.2602000275023856, 0.2603325286296825, 0.2192064407130386], [0.27862531359129383, 0.26999092501668703, 0.22745880821246442, 0.2239249530795547], [0.30793755098705994, 0.21830741870052572, 0.25535513490001677, 0.21839989531239754], [0.30630896405223496, 0.22756639798888004, 0.26206121627038376, 0.20406342158850127], [0.30332497211231874, 0.2514117993373365, 0.24000335094917888, 0.2052598775011659], [0.28554354393347464, 0.2559070732393018, 0.26831366009927893, 0.19023572262794464]], "ideal": "B", "sampled": "D", "correct": false}}
{"type": "result", "data": {"idx": 2, "options": ["Nonsampling risk arises from the possibility that, when a substantive test is restricted to a sample, conclusions might be different than if the auditor had tested each item in the population.", "Nonsampling risk can arise because an auditor failed to recognize misstatements.", "Sampling risk is derived from the uncertainty in applying audit procedures to specific risks.", "Sampling risk includes the possibility of selecting audit procedures that are not appropriate to achieve the specific objective."], "probs": [[0.3392888948511868, 0.1328583856644701, 0.2090587907031637, 0.3187939286811794], [0.290091231208055, 0.11359565111477514, 0.2295111595864701, 0.3668019579906997], [0.3740089125852621, 0.16338055837366663, 0.1376082259991776, 0.32500230294189364], [0.3489405796530071, 0.1387865419141854, 0.2183921737697922, 0.2938807045630153], [0.29293048815376554, 0.16690342375313272, 0.15198782311332001, 0.3881782648797817], [0.31761768930384804, 0.1622059816288566, 0.22176072329688834, 0.298415605670407], [0.15588862399190248, 0.3919238324931464, 0.16086473288408895, 0.2913228105308622], [0.13703698122676225, 0.33392051356553454, 0.18442692135556418, 0.344615583752139], [0.1565038836366808, 0.1181246471566354, 0.4188997384650867, 0.3064717306415971], [0.09912213608285389, 0.09758218304148385, 0.14650632330423075, 0.6567893574714315], [0.14360451696867177, 0.13280409573180627, 0.38436567779512054, 0.3392257094044014], [0.10985355741286287, 0.14781898148504663, 0.13887990906280337, 0.6034475519392871], [0.21513622355884013, 0.2362704802434661, 0.16496622069121136, 0.3836270754064824], [0.2294713224319923, 0.20567311037997366, 0.25601511809627403, 0.30884044899176], [0.1506421700543475, 0.08189696804929088, 0.422568418570976, 0.34489244322538565], [0.1256163837124769, 0.07046168139330473, 0.2137081128061363, 0.590213821988082], [0.19594605265088422, 0.15259037910366033, 0.33335649963860037, 0.31810706850685505], [0.13087872671969042, 0.18170633233360586, 0.09137733684395902, 0.5960376040027446], [0.20951649856731977, 0.2128034265544314, 0.17371215183356983, 0.403967922944679], [0.24864327155974397, 0.24095865309685857, 0.23727507103916728, 0.2731230042042302], [0.1544444870380429, 0.08662869844932845, 0.3883479564125511, 0.37057885800007756], [0.1340481976747038, 0.08520147457467275, 0.18906358445969798, 0.5916867431909255], [0.21137695642315427, 0.13645722377298322, 0.35403589465761026, 0.29812992504625224], [0.149052947744723, 0.1662724613977099, 0.10406616329106128, 0.5806084274665058]], "ideal": "B", "sampled": "A", "correct": false}}
{"type": "result", "data": {"idx": 3, "options": ["Inspect inventory items that were ordered before the year end but arrived after the year end.", "Test internal control activities that were previously reported to management as inadequate.", "Review the client's cutoff bank statements for several months after the year end.", "Compare the latest available interim financial statements with the statements being audited."], "probs": [[0.0620360155493273, 0.040052011903482995, 0.41742050954563903, 0.48049146290155065], [0.048916543484744064, 0.034415333562228215, 0.24649741600417055, 0.6701707068488572], [0.10454739784964609, 0.18636241831051947, 0.11663347655312363, 0.5924567071867108], [0.17310557283534786, 0.240321196303213, 0.3184267377066098, 0.2681464930548293], [0.08060004020868125, 0.10511454979001156, 0.0957137952543139, 0.7185716146469933], [0.1801173117594207, 0.12972419155916015, 0.4321281079832933, 0.2580303885981258], [0.04708621032360604, 0.03783317085102212, 0.35899100811961776, 0.5560896106057541], [0.042613226122371776, 0.0345074229930959, 0.286700332756349, 0.6361790180281833], [0.051450879909939747, 0.07312134870517237, 0.11325934120652992, 0.762168430078358], [0.10685171294027684, 0.11552533562665254, 0.4160928477769532, 0.36153010355611737], [0.034919455123636194, 0.06273288185665198, 0.06273346300192982, 0.839614199917782], [0.11139769685051927, 0.1167338174951493, 0.3768753054826785, 0.3949931800716529], [0.08270303934992476, 0.056836445090587266, 0.09976308828996529, 0.7606974271695227], [0.19569379526715597, 0.08683065518235075, 0.4622298283911164, 0.2552457210593768], [0.07184654848248907, 0.04530955341874614, 0.12222004572972589, 0.7606238522690388], [0.16276499748662415, 0.0667926897547857, 0.4710458253675964, 0.2993964872909937], [0.2772076427659346, 0.19349330661746098, 0.25638517734824756, 0.2729138731683568], [0.2679322380226295, 0.22559156148649975, 0.17299712878255746, 0.3334790716083133], [0.044016006345757905, 0.04199756215098226, 0.06354427940036568, 0.8504421520028942], [0.13506205579870448, 0.07939419267865103, 0.4714779327558562, 0.31406581866678834], [0.02313035054500058, 0.024813595079814916, 0.05635765745314676, 0.8956983968220378], [0.11914437342299573, 0.05943905601955431, 0.44272974635351214, 0.37868682410393784], [0.26043697412875727, 0.1965664566389911, 0.25243931253891116, 0.2905572565933405], [0.24825519320866446, 0.2225064635054288, 0.16798287628401348, 0.36125546690189325]], "ideal": "D", "sampled": "C", "correct": false}}
{"type": "result", "data": {"idx": 4, "options": ["Accounting Standards Updates.", "Emerging Issues Task Force Releases.", "Statements of Financial Accounting Standards.", "Staff Technical Bulletins."], "probs": [[0.8617634401068512, 0.046735995731865654, 0.05214829878374281, 0.03935226527754032], [0.8625951972389582, 0.037590045338127404, 0.025639794668823265, 0.07417496265409111], [0.8705535303158929, 0.047954617675507086, 0.04265908412725214, 0.038832767781347845], [0.8769876735725134, 0.04164720877194755, 0.029536410565956902, 0.05182870698958212], [0.8873058489452121, 0.024387696346448693, 0.02699963164057337, 0.06130682296776576], [0.8895870909756868, 0.02623194044220477, 0.0412733250625386, 0.04290764341956985], [0.08512289821250364, 0.718496680187855, 0.08786461501434968, 0.10851580648529176], [0.0627137268814783, 0.7348561231440366, 0.04590064997586073, 0.15652949989862439], [0.040526365304329556, 0.030351547574849782, 0.8271972043165557, 0.10192488270426486], [0.014678505589614201, 0.01502555829847753, 0.01798433852165696, 0.9523115974902513], [0.030496983479390897, 0.017651614161618225, 0.7449695023795018, 0.2068818998794891], [0.011546657015147042, 0.011278479873607397, 0.022783340061025063, 0.9543915229502205], [0.030513147046728854, 0.871269356115057, 0.05274209829961039, 0.04547539843860381], [0.02210592162434491, 0.8627654069230699, 0.03732198141513987, 0.07780668993744531], [0.027313512191787646, 0.02127130317463604, 0.8771386864539444, 0.0742764980796319], [0.010451727701449205, 0.011300144884352548, 0.014509731187110514, 0.9637383961270877], [0.018292149447585324, 0.016916535859646753, 0.8347542590912277, 0.13003705550154024], [0.006496812788072246, 0.007654462216910709, 0.013538692405403337, 0.9723100324896137], [0.022589923601295043, 0.7423818041537602, 0.05861098264120227, 0.1764172895037424], [0.027189179453091808, 0.7408064892835254, 0.08377256571264262, 0.14823176545074013], [0.014202775643877124, 0.0163471086507649, 0.8387932305509476, 0.13065688505441042], [0.007258939664218213, 0.011241191233184232, 0.022707645186115157, 0.9587922238164824], [0.015655784864303416, 0.022422804089759392, 0.828723977201322, 0.1331974337446152], [0.006823110835522264, 0.010321604278057997, 0.015986476808157516, 0.9668688079782622]], "ideal": "A", "sampled": "A", "correct": true}}
{"type": "result", "data": {"idx": 5, "options": ["\u2212$3", "\u2212$27", "$3", "$500"], "probs": [[0.20429882741603164, 0.23144394736156598, 0.30194082572487985, 0.2623163993975225], [0.20601243961758964, 0.2523662112048296, 0.2687003870233356, 0.2729209620542451], [0.21223106120583213, 0.2992245643800656, 0.24427904914198473, 0.24426532517211755], [0.1950635317470624, 0.316544568764461, 0.1617167769421764, 0.3266751224463002], [0.1704396554526223, 0.17308815796169802, 0.384107935863829, 0.2723642506218507], [0.20876729797372645, 0.218728426356026, 0.32844406852483626, 0.24406020704541126], [0.24409727749767737, 0.2440354227775679, 0.26393806931717306, 0.24792923030758166], [0.2912955749654535, 0.2651671052384254, 0.21311849890968634, 0.23041882078643475], [0.26532886828339003, 0.29592130801571714, 0.24159152853507687, 0.19715829506581595], [0.2736997604096417, 0.3149551748914476, 0.1660114228559422, 0.24533364174296846], [0.24907552074497943, 0.1879607764884739, 0.30998114210219524, 0.2529825605643514], [0.2552386414182235, 0.19872517872292209, 0.32773637229923097, 0.2182998074596234], [0.22444658313602728, 0.27494588901252687, 0.18900063913661655, 0.3116068886148293], [0.20808888409838366, 0.2980113460426646, 0.1343510359846278, 0.3595487337743239], [0.21275457420673452, 0.2229187306103898, 0.2953845516239577, 0.268942143458918], [0.23006109548203632, 0.22644871133613015, 0.29082700173886555, 0.25266319134296794], [0.21717931847281127, 0.16909382479762666, 0.3260197493397127, 0.28770710728984933], [0.19492107009075757, 0.12006243108781528, 0.4461994370163071, 0.23881706170512007], [0.13863712547823223, 0.21469017861126719, 0.2981257140338318, 0.34854698177666876], [0.15417516118312352, 0.2313924191415558, 0.326396673264945, 0.28803574631037565], [0.16565359880379912, 0.2730671424433639, 0.30470400591568886, 0.2565752527371481], [0.1936971511466611, 0.2999437927866322, 0.32440181516752, 0.18195724079918665], [0.16330351177167296, 0.23755440467536754, 0.32989880930907867, 0.2692432741438808], [0.1842298319292513, 0.2440187778240074, 0.3388661049781789, 0.23288528516856244]], "ideal": "C", "sampled": "B", "correct": false}}
{"type": "result", "data": {"idx": 6, "options": ["Overstated Understated", "Understated Overstated", "Overstated No effect", "No effect No effect"], "probs": [[0.329893355484001, 0.2649791875958583, 0.1711523707211582, 0.2339750860989825], [0.36573364782053164, 0.2633041699965123, 0.1782265427794665, 0.19273563930348953], [0.3250423967513245, 0.18804025648144013, 0.27373349663858126, 0.21318385002865414], [0.3264284826914421, 0.18883355522751613, 0.21407704691167842, 0.27066091506936335], [0.3095234334159318, 0.17626659570361816, 0.3047497868233153, 0.20946018395713473], [0.2999804451752931, 0.19358401863951885, 0.1819570145703845, 0.32447852151480355], [0.31658118488333037, 0.27494689409744694, 0.18040038374645964, 0.22807153717276304], [0.34496507149153066, 0.2643861410698679, 0.20598544529870638, 0.184663342039895], [0.2765587228772837, 0.1813006224853201, 0.3607589250329146, 0.18138172950448153], [0.31203221151284627, 0.2013843179372818, 0.21114666526272416, 0.2754368051871478], [0.28504060846575957, 0.1897817644352148, 0.3230320714677576, 0.202145555531268], [0.28559787356394367, 0.20241789801374085, 0.19326083698361665, 0.3187233913386988], [0.2017193734444124, 0.30750063058639165, 0.2890204488942089, 0.20175954697498702], [0.19627835174753355, 0.33378590140665165, 0.17054926330832257, 0.2993864834374922], [0.21030032082631678, 0.2657635032461137, 0.35227103612496047, 0.17166513970260908], [0.19860669080685228, 0.3222834621516884, 0.18085966193984873, 0.29825018500161055], [0.17401034091101397, 0.16339716829828602, 0.3571159030368898, 0.30547658765381025], [0.1690150671272043, 0.16894093385579567, 0.3258361275290357, 0.3362078713879643], [0.20996129823553966, 0.2453743404705474, 0.31038022500719575, 0.23428413618671717], [0.2171171573016911, 0.26591494280547695, 0.185742360547351, 0.3312255392454809], [0.2117952947909318, 0.2399059045032819, 0.3082424837747048, 0.2400563168310815], [0.20473821189372052, 0.24303972677182994, 0.22490161505486325, 0.3273204461795863], [0.15671219074627246, 0.15912345219845037, 0.38197190569698763, 0.30219245125828953], [0.16810243067681388, 0.17337143617837641, 0.3343841482078321, 0.32414198483697765]], "ideal": "D", "sampled": "A", "correct": false}}
{"type": "result", "data": {"idx": 7, "options": ["$100", "$104.29", "$96.71", "$97.33"], "probs": [[0.07172030580785309, 0.6392401718850363, 0.12989606774586507, 0.15914345446124548], [0.07525001689784287, 0.6603062945035301, 0.1147697005982577, 0.14967398790036932], [0.0753209028461164, 0.6405694770426995, 0.1342987329065045, 0.1498108871046796], [0.06914899061594786, 0.6067398461125459, 0.18221188404281213, 0.14189927912869404], [0.08298387875371198, 0.5670602152060582, 0.1599803072060015, 0.18997559873422828], [0.08078846575371577, 0.47961778873230393, 0.29556168003588734, 0.14403206537809293], [0.442923830616175, 0.209150352780457, 0.18753997420760232, 0.16038584229576563], [0.43437814708180633, 0.21162663398056922, 0.17009964583603263, 0.18389557300159182], [0.39380127774415197, 0.1888743517936295, 0.25825089598473616, 0.1590734743774824], [0.4217092990453535, 0.17849363384846076, 0.25180035827026065, 0.14799670873592513], [0.3923089451121329, 0.18815430804806157, 0.24548859187097852, 0.17404815486882708], [0.4263944263867153, 0.17221274713622858, 0.25860499947755833, 0.14278782689949782], [0.40099461077598025, 0.2015607118870135, 0.2588955538876904, 0.13854912334931582], [0.4096070818486178, 0.20269249357547292, 0.23704947252812722, 0.15065095194778202], [0.4017354011392504, 0.2183322491775013, 0.24749002226932562, 0.13244232731392266], [0.45907212911210893, 0.206835427655892, 0.2005346506474157, 0.13355779248458333], [0.3503345444348433, 0.2643518964875068, 0.20918465525249952, 0.1761289037251504], [0.45494163978281643, 0.26320447338551645, 0.14313853635823434, 0.13871535037343272], [0.35487582218448555, 0.20531242471929376, 0.29420008375682666, 0.14561166923939403], [0.36646657632401747, 0.21201137880334014, 0.2639412542326371, 0.15758079054000532], [0.34417122502122754, 0.24395794473015006, 0.2638765933360099, 0.1479942368126125], [0.4037484643764063, 0.23725738058441356, 0.2194982370739022, 0.1394959178652779], [0.3114574710061763, 0.3212245558823739, 0.21073738286455895, 0.1565805901468908], [0.35857723762579774, 0.34742610216061426, 0.1298600046144208, 0.1641366554991672]], "ideal": "D", "sampled": "C", "correct": false}}
{"type": "result", "data": {"idx": 8, "options": ["It will be reclassified as an asset held for sale.", "It will be classified as a current asset.", "It will no longer be depreciated.", "It will be valued at historical cost."], "probs": [[0.18733350372427432, 0.18440724357885088, 0.32884367317118973, 0.2994155794256851], [0.20870845950729786, 0.2022612483117937, 0.30372004075530007, 0.28531025132560833], [0.1729550685255883, 0.20219128133109807, 0.28078771053110624, 0.3440659395122074], [0.1884876927908293, 0.2037869098419988, 0.2919910767375807, 0.3157343205295912], [0.2083806072492005, 0.20835470902950454, 0.2939158852948413, 0.28934879832645366], [0.20160161257160733, 0.19234875129249573, 0.3172219740613272, 0.2888276619745697], [0.19585139432906876, 0.20204543478459716, 0.3034034804727783, 0.29869969031355575], [0.22368297311934623, 0.2236540797673637, 0.2828139406579138, 0.26984900635537623], [0.17911216614839431, 0.22289472816145686, 0.2526375353083697, 0.34535557028177916], [0.22339854815139149, 0.2531181875355073, 0.24540199282123265, 0.27808127139186856], [0.22568665106294739, 0.19913914500958405, 0.28984254163820083, 0.2853316621892677], [0.2342405731109897, 0.21324491180962363, 0.2870528952929486, 0.2654616196864381], [0.19968209861185934, 0.18756779746969723, 0.27298509665106135, 0.33976500716738206], [0.21863862031415077, 0.17842688196385445, 0.3132373187597474, 0.2896971788622474], [0.1924450632340269, 0.1807690045400544, 0.2889467606678783, 0.3378391714580404], [0.22876931042859158, 0.21488583935478697, 0.2759970940076355, 0.28034775610898593], [0.22036238997591054, 0.1770499427610884, 0.3060011702172454, 0.2965864969457557], [0.23696463866984357, 0.19951785500667427, 0.2949629259543019, 0.2685545802691803], [0.23075955301479256, 0.20361744472188406, 0.28723318237869105, 0.2783898197846323], [0.21924194364676994, 0.1761473539869568, 0.31411039358052084, 0.2905003086857524], [0.22678628223675162, 0.21301783301759702, 0.28228923254931504, 0.2779066520963363], [0.23844298362667637, 0.22396635673240767, 0.28767004177569505, 0.2499206177652209], [0.21099326326813267, 0.21097232713634545, 0.2709714512400775, 0.3070629582554444], [0.2348759884170858, 0.22408941051970052, 0.27897244273357696, 0.26206215822963674]], "ideal": "D", "sampled": "D", "correct": true}}
{"type": "result", "data": {"idx": 9, "options": ["$28,000", "$132,000", "$160,000", "$188,000"], "probs": [[0.12152765690065088, 0.3151789605302344, 0.3252982496889973, 0.2379951327801174], [0.13394518195243343, 0.3065642416170639, 0.3315934836532878, 0.22789709267721486], [0.12563123556497463, 0.21366396327647535, 0.41850214706659417, 0.24220265399195584], [0.13030332131418926, 0.1986510872843234, 0.4077697037084967, 0.26327588759299064], [0.13332345683065605, 0.29574682424249693, 0.34052666003497606, 0.23040305879187098], [0.12950075057346278, 0.2872697498293469, 0.3256327606600558, 0.25759673883713446], [0.16195513065096745, 0.26696872310697556, 0.3122313571821644, 0.2588447889598926], [0.17186561737325584, 0.23856490068925648, 0.3582695828994343, 0.23129989893805342], [0.16548029326394736, 0.2996016576408502, 0.2158625371178833, 0.31905551187731906], [0.19358239152827372, 0.29513309282489986, 0.367420803492902, 0.14386371205392437], [0.17335313298528662, 0.3612504249263594, 0.20914391859550088, 0.25625252339285304], [0.17616003749993162, 0.3395033478397374, 0.34497791525252003, 0.13935869930781095], [0.1549922353620474, 0.2719741124838695, 0.3439378388785427, 0.22909581317554042], [0.1541558480979447, 0.23871554076198437, 0.3529303915009071, 0.25419821953916377], [0.16227542626983985, 0.41434283188269877, 0.21169528906782673, 0.21168645267963465], [0.16491698709966554, 0.4277216152551185, 0.2595116650507615, 0.1478497324944545], [0.1561832609479959, 0.3926124875888643, 0.1770144717952567, 0.2741897795678831], [0.16974581523411036, 0.38851445330498025, 0.3074469520224602, 0.1342927793384492], [0.16634125507248526, 0.25758726937503273, 0.3522109002840512, 0.22386057516843078], [0.1590613800547781, 0.25813459193503724, 0.3163817979206354, 0.26642222998954923], [0.18017675249230275, 0.3582702332119036, 0.2541426755851083, 0.20741033861068534], [0.1802640691416057, 0.3584395615725571, 0.3164421257389638, 0.14485424344687337], [0.17605488703629157, 0.3340460806432368, 0.22965816124505262, 0.260240870975419], [0.18414137981270057, 0.32821529611322414, 0.35500862661911475, 0.13263469735496053]], "ideal": "C", "sampled": "B", "correct": false}}
{"type": "result", "data": {"idx": 10, "options": ["$100", "$2", "$500", "$200"], "probs": [[0.29449685088594424, 0.3037584883970923, 0.20559064122808546, 0.19615401938887797], [0.2620188373666897, 0.2702538153334556, 0.3063270540624616, 0.1614002931373931], [0.25168277330759287, 0.18122742658396823, 0.32317127720290934, 0.24391852280552956], [0.2621917685277565, 0.1887994827320204, 0.3065423621445964, 0.2424663864956267], [0.2493510991085564, 0.30542936918065394, 0.27386373278740245, 0.1713557988233872], [0.22912807418904116, 0.25159790734520027, 0.2596454283388275, 0.25962859002693106], [0.26774001517807305, 0.21845646525905174, 0.2986894890172037, 0.21511403044567146], [0.2507961802289706, 0.18925211677679868, 0.37066246732324254, 0.18928923557098817], [0.2636512219642202, 0.1928313076303293, 0.31802830096879225, 0.22548916933665825], [0.25645052237700555, 0.18465585179318844, 0.3560536046244167, 0.2028400211053893], [0.26088228430400734, 0.21621246311570047, 0.36220651321653663, 0.16069873926375552], [0.2420185881009499, 0.22029774722346832, 0.35214381357057656, 0.18553985100500525], [0.30717419659480744, 0.24675131596388591, 0.27107699894945075, 0.1749974883918559], [0.2854500710678753, 0.23292692003305038, 0.28545442220694345, 0.19616858659213088], [0.29107220279072604, 0.25679166270273457, 0.24895937361132178, 0.20317676079521754], [0.27086410327324817, 0.24655495948941047, 0.3021670624634512, 0.18041387467389014], [0.31180785689478996, 0.21762702384082167, 0.2929226028809908, 0.17764251628339756], [0.3159705886507319, 0.24987652894600068, 0.27025725065492595, 0.16389563164834145], [0.3225996244018479, 0.3077370867978319, 0.22875450890093094, 0.1409087797993892], [0.30583684721997184, 0.3411109643502372, 0.1586694967984586, 0.1943826915313324], [0.3151649628313614, 0.23051684289405813, 0.30546832991967643, 0.148849864254904], [0.2928911578164684, 0.24274771998247666, 0.2975016965047805, 0.16685942559627445], [0.2831879173476059, 0.20075621600658172, 0.34698154484791094, 0.16907432169790146], [0.2916067242330769, 0.24168170986142906, 0.28708401319493965, 0.17962755261055438]], "ideal": "D", "sampled": "D", "correct": true}}
{"type": "result", "data": {"idx": 11, "options": ["$0", "$15,000", "$20,000", "$40,000"], "probs": [[0.15752260150641623, 0.3083531810280307, 0.3441157289382063, 0.19000848842734674], [0.15768799889096274, 0.2724030437377254, 0.3610038620321293, 0.20890509523918252], [0.1681625569914883, 0.3240741837307715, 0.3142138766066018, 0.19354938257113835], [0.15941380027603194, 0.2586960262967313, 0.3707024421289206, 0.21118773119831616], [0.1643445442647936, 0.32170709005634307, 0.3218101464840781, 0.1921382190947852], [0.16564852747235848, 0.33455584934483895, 0.2999832197731314, 0.19981240330967115], [0.1870351582578544, 0.3493577837594673, 0.3036356866056075, 0.15997137127707078], [0.16939546166156538, 0.33158984776995687, 0.32149872180584754, 0.17751596866263017], [0.1928897144336419, 0.2117846544833396, 0.4627772431275229, 0.1325483878554956], [0.17512767798018117, 0.22481847812155936, 0.4136432295762565, 0.18641061422200295], [0.17973374631993572, 0.26144359681868956, 0.39261351786860477, 0.1662091388927699], [0.18917541485884606, 0.3217410194811501, 0.3168435739683699, 0.17223999159163397], [0.21008573082202306, 0.3304300906539258, 0.31052562795225275, 0.14895855047179837], [0.1770913547967203, 0.31072988177023775, 0.3207062982981679, 0.19147246503487408], [0.2431694273008467, 0.23196025297943249, 0.39473722008469825, 0.13013309953502258], [0.22576874492294924, 0.2153727561020055, 0.39626613255352827, 0.16259236632151694], [0.18131300665957126, 0.285172662495815, 0.3550276722424598, 0.1784866585021539], [0.21223939004328124, 0.37242387056692083, 0.26006736186225166, 0.15526937742754626], [0.23110254450964393, 0.2966518147984299, 0.3158959793117052, 0.156349661280221], [0.22466899117564082, 0.3217365693465515, 0.28402608206969276, 0.1695683573081149], [0.23548208876526183, 0.3217794692724871, 0.2930771795539193, 0.1496612623083318], [0.24356499674812643, 0.30782372215029524, 0.29381031232831756, 0.15480096867326076], [0.22397585544694631, 0.30131584851881493, 0.2831477266735964, 0.19156056926064235], [0.27259864994245725, 0.3236457656947119, 0.2601237854082965, 0.1436317988545344]], "ideal": "B", "sampled": "D", "correct": false}}
{"type": "result", "data": {"idx": 12, "options": ["Engagement performance.", "Risk analysis.", "Safeguarding of assets.", "Information processing."], "probs": [[0.2861030527411275, 0.15553954937420547, 0.19664307815744855, 0.36171431962721845], [0.28551179593199133, 0.1528068207469784, 0.2330371920983986, 0.3286441911226317], [0.24763376837948262, 0.08760309376117861, 0.2987290122168468, 0.366034125542492], [0.25209087882176046, 0.08509676411185345, 0.2405571860000494, 0.42225517096633663], [0.24530497190883438, 0.11406788228801643, 0.3053057193450798, 0.33532142635806944], [0.2494716029089158, 0.1089799535378588, 0.20361890958696185, 0.43792953386626354], [0.26663405097789616, 0.16684587546775032, 0.20766365835473016, 0.35885641509962335], [0.26990860295713054, 0.16627265263514981, 0.23820683002761886, 0.3256119142801008], [0.19380550130712818, 0.07355872737933276, 0.3977139891499436, 0.33492178206359546], [0.20378821962594074, 0.06513125885506833, 0.1855627422599055, 0.5455177791590854], [0.20662482130136298, 0.0861296568821412, 0.39214676556143424, 0.31509875615506155], [0.2124183270015621, 0.07999281554683858, 0.18170362439315094, 0.5258852329584484], [0.17039328050131602, 0.19920486809385649, 0.2639274478919278, 0.3664744034128997], [0.17254881301959205, 0.21811782986549147, 0.20173725183172395, 0.40759610518319256], [0.1688493664222395, 0.13780561293483995, 0.3358250608082321, 0.3575199597346885], [0.15827260791959682, 0.12325838860189367, 0.1658773856751341, 0.5525916177033754], [0.13901203207843355, 0.08698942284843199, 0.39605262252021767, 0.37794592245291675], [0.14712633519920937, 0.0878495519039747, 0.27488971368208254, 0.4901343991147334], [0.1909310193030188, 0.18796117321815253, 0.2911567942334605, 0.3299510131453681], [0.18226620824699163, 0.1970714508853693, 0.20334306660262427, 0.4173192741650148], [0.18584926978426167, 0.14027871608161982, 0.3527095422603502, 0.32116247177376833], [0.17614978812586765, 0.13505368134598958, 0.17893505361280204, 0.5098614768153408], [0.1373169313924364, 0.08009501039464045, 0.397384476543995, 0.38520358156892814], [0.1512363875982901, 0.08222353528765981, 0.2781947622904461, 0.488345314723604]], "ideal": "A", "sampled": "A", "correct": true}}
{"type": "result", "data": {"idx": 13, "options": ["$18,000", "$22,500", "$25,000", "$40,500"], "probs": [[0.2147962003731508, 0.37103304263219294, 0.22163906691242166, 0.19253168998223455], [0.21564728224223384, 0.3339058557471003, 0.2601518475658709, 0.19029501434479495], [0.21360241192831025, 0.23452164579850135, 0.3633917623900336, 0.1884841797831548], [0.2059947812951938, 0.22973283559175245, 0.34500995170511256, 0.21926243130794118], [0.2118692280418783, 0.3033985540473831, 0.30352575036121643, 0.18120646744952218], [0.2184974006271584, 0.3279137166449168, 0.2515227383933044, 0.2020661442346204], [0.2548041045410937, 0.3322037458087596, 0.2145792096638677, 0.198412939886279], [0.2504979371774038, 0.31163480874759936, 0.2428072392697714, 0.19506001470522544], [0.25592647144290687, 0.27233420036993916, 0.27245016121152194, 0.199289166875632], [0.24104230462647522, 0.26880541841688, 0.2774581950246722, 0.21269408183197253], [0.24155074765871073, 0.31493561048924434, 0.2612037243639815, 0.18230991738806346], [0.23575697134292004, 0.33236147959599793, 0.23948603152365644, 0.19239551743742556], [0.20524550399719377, 0.31779070125877035, 0.29866342088559217, 0.1783003737584437], [0.1960310462489453, 0.3231084951636297, 0.2721951956302249, 0.2086652628572001], [0.2078219595860125, 0.3703794644572261, 0.23552259363214992, 0.18627598222461147], [0.20170619192807013, 0.3651463199830381, 0.2250472672072689, 0.2081002207816229], [0.19667851922929455, 0.3142004012747323, 0.2862079143237962, 0.20291316507217694], [0.189821136130467, 0.3278949807570063, 0.28948390049596734, 0.19279998251655933], [0.2423717636687869, 0.3111146231182816, 0.27466876539830903, 0.1718448477146225], [0.2499269693883492, 0.3258639081471791, 0.2385020858703717, 0.18570703649410003], [0.2587227666880589, 0.3168927241906892, 0.2547351565860193, 0.16964935243523258], [0.2539062570759434, 0.3362672325989597, 0.22408808252167217, 0.18573842770342475], [0.268138595439162, 0.25180769714602147, 0.2899448063663218, 0.19010890094849472], [0.25772213165203023, 0.26169680766538034, 0.292054435818362, 0.1885266247642274]], "ideal": "B", "sampled": "B", "correct": true}}
{"type": "result", "data": {"idx": 14, "options": ["$100 billion", "$80 billion", "$20 billion", "$10 billion"], "probs": [[0.24970382451279413, 0.2616462551304564, 0.3059645112468103, 0.18268540900993918], [0.22953653333275922, 0.27254131433622547, 0.2683784961432061, 0.2295436560878092], [0.23619284871551524, 0.20840522334271958, 0.3436810322703803, 0.21172089557138488], [0.24678215362835657, 0.22465991820591696, 0.29307906583472254, 0.2354788622310039], [0.22172999710205185, 0.20826505432825404, 0.3226390230726276, 0.24736592539706648], [0.2287756753681859, 0.20504046401002093, 0.32264859923393335, 0.24353526128785977], [0.28654872095990014, 0.23382832011199126, 0.30031375883876776, 0.17930919998934083], [0.2552431187487241, 0.23601898196931365, 0.29379933631761385, 0.21493856286434843], [0.269595988651853, 0.2269857742257159, 0.31521374923455914, 0.1882044877878719], [0.2931953624611651, 0.2507393918570567, 0.2754418808625588, 0.1806233647192194], [0.25668802854832107, 0.19372710583656905, 0.3400821983474157, 0.20950266716769414], [0.2721903838782399, 0.19910364747727727, 0.3232530854839759, 0.20545288306050694], [0.22326576707514656, 0.2232274412885598, 0.34046614166669803, 0.2130406498695956], [0.21388338185371863, 0.2423175686010162, 0.31612017276523086, 0.22767887668003434], [0.2081207129801134, 0.2800119644128794, 0.3223693514607053, 0.18949797104630192], [0.22755990241994062, 0.32085596555672347, 0.25387664870236765, 0.19770748322096826], [0.20163696389180555, 0.22490990793885737, 0.33770572593500636, 0.23574740213433074], [0.21855064247371858, 0.23627461924538806, 0.34926919564379016, 0.19590554253710318], [0.17347541708217923, 0.21251611726120034, 0.36158839403333987, 0.25242007152328055], [0.17217224578071125, 0.231648903590389, 0.3166957748111921, 0.27948307571770764], [0.1704624887716936, 0.2854347271543163, 0.32860514560586057, 0.21549763836812957], [0.18403256760333003, 0.2986729576291816, 0.2987392677994519, 0.21855520686803642], [0.16273756081119664, 0.21896099715783568, 0.34996923279288655, 0.26833220913808115], [0.16939034046682536, 0.22790999839947415, 0.3817606936454068, 0.22093896738829366]], "ideal": "C", "sampled": "B", "correct": false}}
{"type": "result", "data": {"idx": 15, "options": ["Receivable confirmations received from the client\u2019s customers.", "Prenumbered receiving reports completed by the client\u2019s employees.", "Prior months\u2019 bank statements obtained from the client.", "Municipal property tax bills prepared in the client\u2019s name."], "probs": [[0.3763669402791675, 0.16435091073396213, 0.11123686199836538, 0.348045286888505], [0.3487178527043199, 0.12822740695561854, 0.24724606061879661, 0.27580867962126493], [0.3481037382959886, 0.0981456944001575, 0.23185954921060867, 0.3218910179932452], [0.34374801764561375, 0.09844253516214725, 0.23994426844353908, 0.3178651786486999], [0.35763669326031916, 0.14443314488030973, 0.22377322434830907, 0.27415693741106206], [0.3532970082889733, 0.16944336030589469, 0.12399951829264536, 0.3532601130124866], [0.446778777545558, 0.13834939998755236, 0.09812299234275526, 0.31674883002413434], [0.4157404210209754, 0.11185029642990144, 0.21230290353478348, 0.26010637891433963], [0.4351710579443429, 0.10828084255534523, 0.14803154434203, 0.30851655505828185], [0.36828088169847095, 0.09603296034248608, 0.23042487354117583, 0.30526128431786714], [0.4231677352958943, 0.1605490743953373, 0.1556436419331356, 0.2606395482756328], [0.39139954418200923, 0.1630912471575738, 0.1310724058935821, 0.3144368026668348], [0.3503486126518741, 0.1229339762167768, 0.20274078562263506, 0.32397662540871397], [0.3545851137476113, 0.12059212564657305, 0.20201237648204723, 0.32281038402376844], [0.36877728054378117, 0.1585434549671335, 0.14215350361465703, 0.33052576077442825], [0.3380812456579867, 0.1344217230904048, 0.21486440618965738, 0.3126326249619511], [0.34722524484688094, 0.1639526161352219, 0.14700661203334503, 0.3418155268845521], [0.32880025608827473, 0.14358268462797624, 0.20896961971563113, 0.31864743946811785], [0.3297185424280711, 0.12314998816026039, 0.23744673419033524, 0.30968473512133327], [0.3326940735038993, 0.14989245979799581, 0.12236888340772732, 0.39504458319037755], [0.32245014653333476, 0.16461547471655696, 0.19553980845314756, 0.3173945701969607], [0.329183995690806, 0.17338578401262206, 0.14154873786941294, 0.35588148232715905], [0.3247185300752866, 0.12128567513675079, 0.16842977449953425, 0.38556602018842834], [0.30186618046124997, 0.10591719535239033, 0.25020930727772167, 0.342007316808638]], "ideal": "B", "sampled": "B", "correct": true}}
{"type": "result", "data": {"idx": 16, "options": ["$10,000", "$25,000", "$44,000", "59000"], "probs": [[0.16105992610453507, 0.241703428551124, 0.3804847484302091, 0.21675189681413187], [0.1557789696365095, 0.2955287308537852, 0.31478719962109775, 0.23390509978860752], [0.1637442808063711, 0.35756008747935714, 0.2617350738461819, 0.21696055776808987], [0.16181127243178425, 0.3645587156479963, 0.2753421283881061, 0.19828788343211332], [0.15121776314706684, 0.3460521800783581, 0.24940321590204112, 0.2533268407725339], [0.16015159366235823, 0.20556478771457248, 0.42209456460004563, 0.21218905392302367], [0.23254497693455806, 0.17273389058671434, 0.3895199356512116, 0.20520119672751597], [0.26585020423926853, 0.1913916829904995, 0.32578958601422464, 0.2169685266560073], [0.20642711787422505, 0.3916045549893129, 0.18220931965335094, 0.21975900738311113], [0.20162471237624205, 0.36496813189218946, 0.2713934263730878, 0.1620137292584807], [0.2210864557785397, 0.34768894701036757, 0.1921335464424324, 0.23909105066866032], [0.1780924184511145, 0.22155051091709366, 0.40778654867702924, 0.1925705218547626], [0.28521777896519085, 0.1990239589625628, 0.2679694156360529, 0.2477888463361934], [0.30706974860935343, 0.21763677892892755, 0.2506570517766158, 0.2246364205851032], [0.3113548457311173, 0.27039307353176806, 0.17196542022892772, 0.2462866604081869], [0.31093871590365957, 0.2700120210377571, 0.22751693425287545, 0.1915323287057079], [0.29662186788399725, 0.27850440971761653, 0.18277799135937364, 0.24209573093901254], [0.2925882339184951, 0.25407245752654894, 0.24261258540111563, 0.21072672305384035], [0.1953288432956419, 0.18630535519080083, 0.34287666334518263, 0.2754891380683746], [0.17839086851441033, 0.16751760991556403, 0.42141361924130916, 0.23267790222871648], [0.21802988130787715, 0.3375718744166228, 0.18946490536813793, 0.25493333880736213], [0.17868295310140966, 0.22229053077859035, 0.402777433355108, 0.196249082664892], [0.17824847301169058, 0.41435133278777203, 0.16749153288231167, 0.2399086612182257], [0.16868343211588682, 0.40456314699313733, 0.22005278853597665, 0.20670063225499916]], "ideal": "C", "sampled": "C", "correct": true}}
