{"type": "result", "data": {"idx": 0, "options": ["Media release", "Media tour", "Press room", "Promotional days/weeks"], "probs": [[0.004954595683134917, 0.9515668343347621, 0.024779283003969053, 0.01869928687813398], [0.004978893686270265, 0.9414288773610904, 0.030747685101963844, 0.02284454375067553], [0.008561002488369954, 0.029187863186243116, 0.9152450390755927, 0.04700609514979414], [0.0018951150093176796, 0.006877436248582321, 0.009549619270238428, 0.9816778293718615], [0.01162025862990465, 0.04283893749265729, 0.8878956221224523, 0.05764518165498569], [0.0018471353840323946, 0.007304895264059026, 0.011315421295001923, 0.9795325479569067], [0.8939819777809376, 0.05625002731704874, 0.025765074117460124, 0.02400292068455354], [0.8720668114859189, 0.05933218895428912, 0.04079416188666133, 0.027806837573130648], [0.9057640730326554, 0.054381417324515624, 0.01822413882825941, 0.021630370714569615], [0.8885507648705074, 0.05590903429940302, 0.03186806900987747, 0.023672131720212066], [0.8581513830179958, 0.08902479905151231, 0.02960089039352058, 0.023222927436971335], [0.8574138112896157, 0.08487578002269042, 0.035396066053673465, 0.022314342534020412], [0.007263110823491884, 0.020370019992669266, 0.9366187894317016, 0.03574807965213718], [0.0016986598055399572, 0.005440356442399549, 0.011251597214830425, 0.9816093864372301], [0.008334481823940492, 0.9191679066508973, 0.03455690929792315, 0.03794070212723899], [0.009358475750816062, 0.9037681365707467, 0.05689782369965606, 0.02997556387878118], [0.0018085396213443942, 0.007554558111591189, 0.00883330630387952, 0.9818035958631849], [0.01640600717054908, 0.057709772349002354, 0.8615033061741945, 0.06438091420625412], [0.010616338729732866, 0.031944012962053674, 0.9120394124998338, 0.045400235708379616], [0.00244242368644143, 0.007464146850795885, 0.012404321774046245, 0.9776891075887164], [0.026516549159373286, 0.8712156340450188, 0.06119661261025583, 0.041071204085352066], [0.024423533095343845, 0.8744489279427229, 0.0664137850044484, 0.034713753857484826], [0.0021497933502224874, 0.007329380710440142, 0.0077424413703163185, 0.982778384469021], [0.014314081796512966, 0.04804622907245145, 0.8787710860798689, 0.05886860295116667]], "ideal": "B", "sampled": "B", "correct": true}}
{"type": "result", "data": {"idx": 1, "options": ["Quickly investigate to make certain your product is definitely the cause of the illness.", "Stop all sales of the product throughout the nation and issue a recall for that product.", "Stop sales of the product in the Albany, New York, market and issue a recall for that product.", "Issue a press release to the Albany, New York, market explaining how to treat the symptoms."], "probs": [[0.1260295138250632, 0.1544016840542937, 0.43993937606819156, 0.27962942595245155], [0.04187419155894446, 0.1129372239351563, 0.0609232059564522, 0.784265378449447], [0.11678935586238265, 0.36541616913002334, 0.3029628097708054, 0.2148316651367886], [0.08470749550920385, 0.3511333946378598, 0.09159608662086148, 0.4725630231320748], [0.05118625142684103, 0.04412710584022084, 0.37532361639032846, 0.5293630262426097], [0.05588738929792351, 0.0533304431981485, 0.49046050949190845, 0.4003216579120195], [0.15733891958420032, 0.17011560751458973, 0.42110390094336747, 0.25144157185784244], [0.11918911637704588, 0.20275396841398508, 0.08192161909708658, 0.5961352960118824], [0.1923003316880638, 0.21451426720687974, 0.3884838463203472, 0.20470155468470927], [0.1680812835525278, 0.3614294826622976, 0.13090717791201914, 0.3395820557731554], [0.09538412873753786, 0.05226757023805575, 0.23981961694874618, 0.6125286839756602], [0.12654184822434442, 0.0842889888392668, 0.45574281897521784, 0.3334263438611709], [0.2911563558757668, 0.2129948021704766, 0.2957493110562052, 0.20009953079755136], [0.2904079366336904, 0.20273128905099208, 0.09727653477398343, 0.4095842394413341], [0.2718694250292322, 0.15249078201454033, 0.40815598376716516, 0.16748380908906227], [0.3448585918924851, 0.2333146815262576, 0.12686351129430748, 0.29496321518694985], [0.22435899243762863, 0.0689609726372018, 0.30668127762202224, 0.3999987572031473], [0.2701321284222499, 0.0963086053082688, 0.3414847901343275, 0.29207447603515385], [0.05218815061086499, 0.10625440619257852, 0.40104538339887646, 0.44051205969768004], [0.04975583518656336, 0.1095341677699164, 0.4758473329559611, 0.3648626639875591], [0.06042024942779204, 0.16169976901134395, 0.2044191810596596, 0.5734608004012044], [0.06923415946711449, 0.23605430558700785, 0.41434685519604086, 0.2803646796498368], [0.06107388694953593, 0.32254087320952674, 0.19563299051144556, 0.4207522492294918], [0.054261133877888224, 0.39168382270716545, 0.3050586924405616, 0.2489963508743847]], "ideal": "B", "sampled": "C", "correct": false}}
{"type": "result", "data": {"idx": 2, "options": ["community relations", "consumer relations", "employee relations", "public issues"], "probs": [[0.039181644419852245, 0.8576913954405019, 0.05397993254754683, 0.049147027492099], [0.027059807969781885, 0.7846883362416813, 0.0853277192822152, 0.10292413640632156], [0.023668964132046794, 0.027459215851737124, 0.9236767422615335, 0.025195077654682572], [0.00286968804062697, 0.005404410569924067, 0.03183159792336182, 0.9598943033660872], [0.026719993226538313, 0.05974674279899538, 0.7870521021876595, 0.12648116168680676], [0.0031428865793899983, 0.007964488752287448, 0.008953860741661563, 0.979938763826661], [0.3728726616985055, 0.137164268991471, 0.29039920238926364, 0.19956386682075983], [0.26086118814720793, 0.08207856117858262, 0.20635412631355496, 0.4507061242606545], [0.15015746204074304, 0.0518924578408426, 0.7391537206878093, 0.05879635933060506], [0.09997278562850885, 0.03170650623790278, 0.14099620878428076, 0.7273244992493076], [0.16187536473629338, 0.10129569318927113, 0.31694590569923975, 0.41988303627519574], [0.12451946078988817, 0.0816642696699675, 0.054403375751526595, 0.7394128936886177], [0.021501006255643287, 0.03080246820979298, 0.9215579105378738, 0.026138614896689866], [0.002718919707077113, 0.006730497587899022, 0.022411130851922412, 0.9681394517531015], [0.026590769483412907, 0.8807151726830681, 0.06790754514568088, 0.02478651258783806], [0.013943368489707477, 0.8428002547963555, 0.05303729667894671, 0.09021907993499033], [0.002824436277045992, 0.008977189245321987, 0.02852388153318794, 0.9596744928444441], [0.01610640802778765, 0.04178047909251595, 0.8007811277274902, 0.14133198505220623], [0.029098438909117827, 0.044026063118180844, 0.7683329796115778, 0.15854251826112362], [0.003649522333367548, 0.007146780429473993, 0.008224971509877934, 0.9809787256272805], [0.05208967000781006, 0.6446318313571885, 0.0769891627023899, 0.22628933583261157], [0.04645583380113834, 0.5839802121847086, 0.04197587085302244, 0.3275880830611306], [0.0034288090937494493, 0.006161497920435692, 0.02455523802878076, 0.9658544548570341], [0.018630518605199264, 0.030480029444923347, 0.7861248469325699, 0.16476460491730746]], "ideal": "B", "sampled": "B", "correct": true}}
{"type": "result", "data": {"idx": 3, "options": ["1917", "1922", "1925", "1927"], "probs": [[0.05316679769533719, 0.6084588418778556, 0.23097140541108463, 0.10740295491572256], [0.0621122086809758, 0.6080092213738266, 0.2101496316660511, 0.11972893817914645], [0.0679782495127794, 0.5603479271644571, 0.2647253929870061, 0.10694843023575733], [0.06574851469778714, 0.5591733621745434, 0.2443159593193582, 0.13076216370831129], [0.06639901795315666, 0.5646919221869144, 0.24290421017453703, 0.12600484958539188], [0.06778929141896264, 0.5675857489424906, 0.21885164220317488, 0.14577331733537194], [0.5443476072964476, 0.22337844957855207, 0.17400113069753662, 0.05827281232746366], [0.5408449091840616, 0.22543598373310478, 0.16496412208570274, 0.06875498489713085], [0.3656220570307997, 0.4997101202237031, 0.08032545832521573, 0.05434236432028147], [0.3503001627836114, 0.4427864767760972, 0.1460426473509476, 0.06087071298934376], [0.3604425516397117, 0.4926309621782525, 0.08429382803412121, 0.06263265804791462], [0.3394329375968046, 0.40305389471247627, 0.18746996622408668, 0.07004320136663245], [0.49324271485716703, 0.17585418199494818, 0.2681992211863826, 0.06270388186150215], [0.4962174295882872, 0.19430170951330755, 0.22720633444898194, 0.08227452634942331], [0.39188063724712685, 0.495353497446019, 0.06810784440712303, 0.0446580207997311], [0.3696221750190279, 0.45997101577954663, 0.11632113287538635, 0.054085676226039145], [0.3643178750565524, 0.47512637913613504, 0.08654324186583656, 0.07401250384147598], [0.3344796572702455, 0.3450661871604801, 0.25250384020885164, 0.06795031526042276], [0.3515389947814477, 0.2653311630620769, 0.26538495625077496, 0.11774488580570049], [0.3935038148963338, 0.27468723055953687, 0.22423675654076297, 0.10757219790336632], [0.21400042035526154, 0.6489253091828195, 0.0728206937897452, 0.06425357657217368], [0.2189574425247245, 0.559104711404166, 0.14138854301260795, 0.08054930295850161], [0.29170202988671373, 0.5281795819456228, 0.10402508746518725, 0.07609330060247624], [0.2891654989517062, 0.40144783553525576, 0.22523592578033252, 0.0841507396327055]], "ideal": "B", "sampled": "B", "correct": true}}
{"type": "result", "data": {"idx": 4, "options": ["Product-oriented", "Person-oriented", "Idea-oriented", "Message-oriented"], "probs": [[0.007690013621882294, 0.012484291950837842, 0.03341006217426124, 0.9464156321530186], [0.030919094979890042, 0.0350404934636398, 0.7976033553085268, 0.1364370561479434], [0.009533381399367666, 0.014768190230523176, 0.025518760914370955, 0.9501796673557382], [0.03126169216915528, 0.037129351930028726, 0.8788395693581343, 0.05276938644268162], [0.0565815317682505, 0.8060269505102118, 0.04408676258940387, 0.09330475503213385], [0.06353694152541667, 0.8113074837461363, 0.06356330167936955, 0.061592272949077556], [0.006826753525601005, 0.010742314573985159, 0.037788530405765866, 0.944642401394648], [0.024066514029426753, 0.026231034408931087, 0.8552469237289227, 0.09445552773271938], [0.005463603374522851, 0.008333059892313774, 0.015447707722928188, 0.9707556289102351], [0.03850665473393927, 0.03192770611624313, 0.863026117794665, 0.06653952125515258], [0.1696722345653956, 0.21451049881138198, 0.07650282176189403, 0.5393144447613284], [0.3009483262736901, 0.3410314073971329, 0.22023070184518037, 0.13778956438399664], [0.006050196397589904, 0.00853414849893965, 0.021793112060636905, 0.9636225429428336], [0.024639321240165102, 0.027277988835699925, 0.9105084353456822, 0.037574254478452807], [0.00550259861449352, 0.008726812756735536, 0.01568013981779842, 0.9700904487109725], [0.04225873616126242, 0.03759107071749284, 0.862384788195677, 0.05776540482556772], [0.10455978855487774, 0.7373542326203658, 0.05512695489136492, 0.10295902383339157], [0.11733699588794358, 0.7652570008466311, 0.054591298097873386, 0.06281470506755199], [0.29386357126866686, 0.047977381522120555, 0.19580136675220802, 0.4623576803570046], [0.3169284949539171, 0.050937037220691386, 0.5226105166514946, 0.10952395107389691], [0.3113002660819923, 0.054954079721063524, 0.0787313625610357, 0.5550142915359084], [0.6180235696858276, 0.07981103598414181, 0.21031313975799146, 0.09185225447203908], [0.45818421581413277, 0.06398192840161307, 0.10387201683579289, 0.3739618388484613], [0.6670994956363021, 0.06709339814150558, 0.16351558781922332, 0.10229151830296904]], "ideal": "C", "sampled": "D", "correct": false}}
{"type": "result", "data": {"idx": 5, "options": ["to develop a vision statement", "to interpret trends for management", "to interpret the organization's business plan", "to consider the role public relations might play"], "probs": [[0.07546461091685353, 0.09767873965423762, 0.0703584600036097, 0.7564981893252991], [0.0990220421056473, 0.12716956504247848, 0.32988145237677263, 0.4439269403751016], [0.04402126584609884, 0.05269597352904495, 0.20359196752768177, 0.6996907929971744], [0.050241211058873816, 0.050248318912974405, 0.20029885171731593, 0.6992116182108359], [0.06380676287350467, 0.0980727419733459, 0.4679401078966184, 0.370180387156531], [0.04257116815232835, 0.07130177157642313, 0.1194089674345848, 0.7667180927366637], [0.11786444658263882, 0.04236389863540277, 0.0709460417769738, 0.7688256129049846], [0.1539462254473468, 0.061726095125644705, 0.43185822458294476, 0.3524694547440637], [0.15274527269111152, 0.12275732732341985, 0.060773590851401854, 0.6637238090340668], [0.16816577438942112, 0.12114539086460624, 0.45015475484812917, 0.2605340797978435], [0.17219074068731735, 0.4755533039094301, 0.12406337259959317, 0.22819258270365933], [0.1725155289673477, 0.332606976186855, 0.28010619101265716, 0.21477130373314018], [0.08772568403797273, 0.04960589110355229, 0.20401647684918148, 0.6586519479092935], [0.0844981871777939, 0.04929498081509725, 0.301982305489546, 0.5642245264175628], [0.17993679759522155, 0.12761838383754895, 0.06417723573197019, 0.6282675827352593], [0.18596891779874364, 0.12198212559818128, 0.4676614929616464, 0.22438746354142872], [0.11096643655382568, 0.29241159555372087, 0.0912995114831224, 0.505322456309331], [0.18630979398086828, 0.31698124652967274, 0.3322422703100118, 0.16446668907944717], [0.1021265455914154, 0.06857731652465031, 0.44374778857658964, 0.38554834920734465], [0.08453703418908437, 0.05128196473556643, 0.12791911875163484, 0.7362618822237144], [0.21724623277662647, 0.27900850562190044, 0.11632201732782077, 0.3874232441736523], [0.17772177025971528, 0.16184835418570165, 0.3763403909768532, 0.28408948447772986], [0.08498848990717284, 0.08566815416266328, 0.05361269327055253, 0.7757306625596113], [0.18130652604674208, 0.2292337864408141, 0.3839454054448513, 0.2055142819675925]], "ideal": "B", "sampled": "D", "correct": false}}
{"type": "result", "data": {"idx": 6, "options": ["When victims of abuse remain silent about the abuse", "When people hide their opinions if they do not agree with the majority", "When people hide their opinions if they are in disagreement with their close peers or family members", "When public relations uses opinion poll results to generate support for a particular issue"], "probs": [[0.010203461152222893, 0.9186673750939699, 0.05264952028328299, 0.01847964337052416], [0.005876884600403497, 0.8930045181027036, 0.01674686263051957, 0.0843717345663733], [0.013628754144678385, 0.8977077229683904, 0.07032126084336347, 0.018342261943567716], [0.010101448461294092, 0.8088505637344284, 0.02424015223066571, 0.1568078354736118], [0.011844920841041435, 0.024688696233545446, 0.8049712682666352, 0.15849511455877793], [0.01321268128292932, 0.0256698531775718, 0.7924161833028588, 0.1687012821366401], [0.3821690735161957, 0.07180939721059043, 0.5063673332776004, 0.03965419589561345], [0.8150421285119522, 0.03525635071390637, 0.016656390482125156, 0.13304513019201622], [0.7790754291553412, 0.17384375306261574, 0.024279586516135623, 0.02280123116590745], [0.531287516998038, 0.224960650944895, 0.022280213568526122, 0.22147161838854088], [0.5150669331721044, 0.057786093447973495, 0.06757115723048558, 0.3595758160494365], [0.22273568640854066, 0.05810720429653595, 0.6346164297824047, 0.0845406794125187], [0.1206541594401113, 0.05354320723175186, 0.7747143102184071, 0.05108832300972971], [0.5764870643039236, 0.05888983234174247, 0.02573234215121438, 0.3388907611031196], [0.2166582345745866, 0.7330103515845664, 0.028877591711375203, 0.021453822029471784], [0.201853458980579, 0.6026487495788918, 0.02283298093006558, 0.17266481041046355], [0.23771740921217915, 0.052217302367056434, 0.13976652294043412, 0.5702987653803303], [0.08347948795242814, 0.04468668707547294, 0.7921751288310097, 0.07965869604108915], [0.013707956067383398, 0.03500637487569927, 0.7968266526267082, 0.1544590163302092], [0.012463802609804404, 0.030135358086217694, 0.8019498079431141, 0.15545103126086382], [0.006923688937863897, 0.8453510222368291, 0.025934656457806606, 0.12179063226750035], [0.008401416053496227, 0.843808155188338, 0.09468295212596901, 0.0531074765321968], [0.004828271617715465, 0.9274522674245643, 0.020817183510032373, 0.0469022773476878], [0.005243789345502369, 0.938899148844552, 0.028803353804412315, 0.027053707905533384]], "ideal": "A", "sampled": "B", "correct": false}}
{"type": "result", "data": {"idx": 7, "options": ["Research and evaluation", "Strategy and evaluation", "Strategy and implementation", "Objectives and implementation"], "probs": [[0.19210259041943611, 0.13410536543859994, 0.27953921912678487, 0.3942528249151791], [0.10153794892833212, 0.13451973404252812, 0.10155079373004554, 0.6623915231990942], [0.1802539798399263, 0.1565986997239349, 0.3315747628539812, 0.3315725574821576], [0.20927980540090124, 0.2060453891548105, 0.1935829520031942, 0.39109185334109403], [0.1437701390906408, 0.15304676730751077, 0.1604102801993928, 0.5427728133024556], [0.18089279118712565, 0.15233107817623073, 0.27158646411483395, 0.3951896664218097], [0.1967176079064229, 0.1682484472858809, 0.27314654396941496, 0.36188740073828124], [0.18457039523828855, 0.16287607681058627, 0.1506670780627448, 0.5018864497883804], [0.2046290395370072, 0.28408201256167176, 0.15208824787608696, 0.35920069992523407], [0.21981265811193293, 0.27355640716266316, 0.24144999320700264, 0.2651809414184013], [0.16985918298133929, 0.1498959504026534, 0.18084168036125048, 0.4994031861547568], [0.13350400725174075, 0.10077362061844708, 0.5621393489913082, 0.20358302303850387], [0.20761784445017478, 0.09356989501442343, 0.41943534266996685, 0.27937691776543494], [0.26254790236267844, 0.09809946720514791, 0.3022229581106588, 0.33712967222151485], [0.276899929661182, 0.20899158402690138, 0.1414449342728532, 0.3726635519390634], [0.2877282414229602, 0.1828714256440091, 0.28329162942641384, 0.24610870340661684], [0.3064186939235285, 0.27465457335321136, 0.071671435341629, 0.3472552972816312], [0.3137604249139721, 0.2560657820435731, 0.19333018072504404, 0.23684361221741076], [0.181563755323118, 0.12093778067687404, 0.15531586789119475, 0.5421825960088132], [0.1615493112294658, 0.09952378794620075, 0.4125680830833193, 0.3263588176410141], [0.19984601137105973, 0.1331168194349698, 0.14853311468862995, 0.5185040544053405], [0.13017282082586357, 0.08671428391534618, 0.6211018654247182, 0.16201102973407197], [0.21940925532824682, 0.28171678073669304, 0.07584493313537159, 0.42302903069968856], [0.26113301902086417, 0.253079596927482, 0.18519337749407538, 0.30059400645757844]], "ideal": "A", "sampled": "C", "correct": false}}
{"type": "result", "data": {"idx": 8, "options": ["Defining the program", "Planning the program", "Taking action and implementing ideas", "Evaluation of the program"], "probs": [[0.3647792854408793, 0.5307157951489331, 0.05955795180547417, 0.04494696750471348], [0.3805712674049903, 0.5451173659960289, 0.039190086587546316, 0.03512127991143443], [0.4252037358022288, 0.18002964353218093, 0.3470636865105201, 0.04770293405507014], [0.4448163773805901, 0.19129627798599144, 0.1024114854351727, 0.2614758590982457], [0.3632691894960884, 0.14448722082202134, 0.45212204438715337, 0.04012154519473691], [0.4843691135270548, 0.1303562709664961, 0.06764038108031206, 0.317634234326137], [0.39016938423087044, 0.49318624599597805, 0.06781151700777215, 0.04883285266537932], [0.39970116165488145, 0.5131926325749797, 0.04627654511375642, 0.04082966055638239], [0.5257617313002557, 0.2091158361392093, 0.21918537047079864, 0.045937061989736315], [0.5390106238254339, 0.21775943717569185, 0.0981705822633912, 0.14505935663548308], [0.5282894392092089, 0.15614754018171126, 0.26565566755281583, 0.04990735295626395], [0.5656169098468522, 0.16718118015630032, 0.07776156870065533, 0.18944034119619219], [0.17432781078071616, 0.6476758951972263, 0.14230316080761204, 0.03569313311444548], [0.18227648465366578, 0.6563761673761589, 0.07251675167439477, 0.0888305961957805], [0.07204667612276745, 0.8117262871445783, 0.07914123830788493, 0.03708579832476928], [0.054745435709247135, 0.8299961685304342, 0.05224787443353788, 0.06301052122678076], [0.16326464710987135, 0.19385926423518407, 0.45789185161780027, 0.18498423693714428], [0.12367873361188032, 0.2383698618538012, 0.4741203082447912, 0.16383109618952726], [0.13802541688175526, 0.7231817786925423, 0.1075111544955213, 0.03128164983018111], [0.13431531778990768, 0.7148218866959873, 0.07190519088423392, 0.0789576045298711], [0.07483232801145472, 0.7797402359984652, 0.10720793529951701, 0.03821950059056308], [0.04807325555984195, 0.7519609507188217, 0.07331332153950701, 0.1266524720818293], [0.13744563943425325, 0.16067504402356803, 0.5786858027986422, 0.12319351364353649], [0.08847896490169015, 0.196281322928073, 0.5420196490335951, 0.17322006303664167]], "ideal": "B", "sampled": "B", "correct": true}}
{"type": "result", "data": {"idx": 9, "options": ["ingratiation", "downplaying", "distancing", "nonexistence"], "probs": [[0.15660765532167806, 0.0885473550984027, 0.07456359900438805, 0.6802813904755312], [0.12486765811537973, 0.08719147935810814, 0.6442142272293283, 0.1437266351971838], [0.12018207162095086, 0.07011014483578296, 0.06187140426432041, 0.7478363791789457], [0.10566213411043056, 0.08830457661745317, 0.6627231042102922, 0.143310184961824], [0.3757018670482364, 0.3264899448121897, 0.14600651834974052, 0.15180166968983344], [0.36246026638877543, 0.3353099624569669, 0.15112631471810398, 0.15110345633615366], [0.1356135220219266, 0.0754894498878978, 0.06713988186372932, 0.7217571461264463], [0.1305494823462827, 0.07982241777841423, 0.6528115612336922, 0.1368165385416109], [0.0892616121146673, 0.059006235388610086, 0.06231990712407074, 0.7894122452726519], [0.12979236050451723, 0.08922846481461426, 0.6049525050966102, 0.1760266694842582], [0.30203218165095835, 0.2794028305550012, 0.2043965966615306, 0.21416839103250984], [0.33406087255026823, 0.2903237597305761, 0.13500119543213884, 0.2406141721870168], [0.10559231395831836, 0.0655769504175791, 0.06064521351523321, 0.7681855220088694], [0.11240857428405862, 0.08422037464194829, 0.6623665887160317, 0.14100446225796132], [0.08099886472462511, 0.05789841122724745, 0.05567764655399676, 0.8054250773941307], [0.14875434891712067, 0.09683051320055819, 0.5884602288484794, 0.1659549089338417], [0.2884892992976483, 0.2977485833912518, 0.16700040797711777, 0.24676170923398208], [0.33157291001180544, 0.2881817691146302, 0.12200973163873155, 0.25823558913483274], [0.5598187666693132, 0.2012169225986824, 0.12788794075915255, 0.11107636987285188], [0.5611760782984818, 0.20014227031084014, 0.1282007434299759, 0.11048090786070214], [0.5100241746981283, 0.17221798977864214, 0.1682021269569838, 0.14955570846624572], [0.5407578429151905, 0.16757552573756793, 0.12548746354349452, 0.16617916770374713], [0.5076510243140218, 0.17411327686346298, 0.1572762593608849, 0.1609594393616303], [0.5778478002658729, 0.15926889176820805, 0.10859501020250852, 0.15428829766341048]], "ideal": "B", "sampled": "D", "correct": false}}
{"type": "result", "data": {"idx": 10, "options": ["It hasn't", "Doubled", "Tripled", "Quadrupled"], "probs": [[0.07517435344917084, 0.16291530307306412, 0.4429279234344303, 0.3189824199433347], [0.06169654851627412, 0.1326706936174964, 0.38397098561413234, 0.4216617721520971], [0.09267728444054583, 0.16781888160601902, 0.35533972179345075, 0.3841641120599844], [0.09526571666184253, 0.18652778900639821, 0.28447830025436804, 0.4337281939773912], [0.11386318013117681, 0.20618471962054666, 0.34000507753678977, 0.33994702261148674], [0.1122585617037475, 0.20648005862078223, 0.3300180536167781, 0.3512433259586922], [0.1910488931799946, 0.13976420668998754, 0.4238978687085679, 0.24528903132144994], [0.14287602048422535, 0.11660664577470545, 0.41347510134167687, 0.32704223229939233], [0.17782289582901206, 0.3481630242191641, 0.21120580482780987, 0.26280827502401394], [0.20061480100168724, 0.32562331886507306, 0.2699960051208745, 0.20376587491236517], [0.1738151240390378, 0.3456834708859111, 0.16078991415039748, 0.31971149082465355], [0.18671969133893143, 0.27167145224690065, 0.3892209049437909, 0.152387951370377], [0.22515779583335183, 0.12240483595129696, 0.4273092106933775, 0.22512815742197365], [0.21541528080611066, 0.120828805541401, 0.3086101068454809, 0.35514580670700746], [0.23355029173020092, 0.4098904667401136, 0.14391475700019968, 0.21264448442948583], [0.24062946739096194, 0.36691099155087264, 0.22964968005876613, 0.1628098608993993], [0.2169684735175293, 0.2576575240584219, 0.14456663808916795, 0.3808073642348808], [0.2242305906666539, 0.1640449080577781, 0.4898258489716405, 0.12189865220392748], [0.24174917102049023, 0.10396804069385414, 0.3803724404844612, 0.2739103477011944], [0.2566179537286309, 0.10865152221384713, 0.33473904670634846, 0.29999147725117353], [0.2603966373062995, 0.3848428244457098, 0.12496923281401115, 0.22979130533397954], [0.2942795389384898, 0.2989069454317339, 0.28976868932548705, 0.11704482620428928], [0.24460675548869346, 0.2997050374358712, 0.14160554531605232, 0.31408266165938303], [0.28807001444588254, 0.217441328818472, 0.3816924577065347, 0.11279619892911076]], "ideal": "C", "sampled": "B", "correct": false}}
{"type": "result", "data": {"idx": 11, "options": ["They both require research monitoring.", "They both deal with acute risks.", "New organizational practices are developed as a result of each.", "Both have the potential to damage an organisation's reputation."], "probs": [[0.19138056672474693, 0.29643474681237963, 0.2918844390271288, 0.22030024733574463], [0.210739913721765, 0.3474778286389402, 0.22090292303890688, 0.22087933450038788], [0.18423498890591608, 0.22224267983832768, 0.37810834675064997, 0.21541398440510626], [0.17024429616153725, 0.2637080988794251, 0.28966866194280116, 0.27637894291623655], [0.18522987043837924, 0.20665009625648395, 0.40466425421757396, 0.2034557789875628], [0.16250028236073777, 0.24018268343295793, 0.3335114518361693, 0.263805582270135], [0.29716889395583296, 0.1494264073264068, 0.3585119109322101, 0.19489278768555016], [0.3383564205884723, 0.17013683183891665, 0.2894596288567238, 0.20204711861588717], [0.28617972132682024, 0.34521356221561594, 0.16566325722468275, 0.202943459132881], [0.26924689799099144, 0.34574430147098223, 0.18800612721929041, 0.1970026732187359], [0.29913322777439455, 0.19926833213653766, 0.29919003099832053, 0.20240840899074722], [0.25803678071734315, 0.18014567283323474, 0.3639632896433415, 0.19785425670608062], [0.27088628023795297, 0.18617907719476115, 0.3319587210072533, 0.21097592146003258], [0.25724295545756193, 0.18529448463537512, 0.2961448220953681, 0.26131773771169486], [0.25647383925734213, 0.33452057835094734, 0.17908561227914954, 0.22991997001256098], [0.25496780869795294, 0.33780270811517604, 0.192503526787581, 0.21472595629929003], [0.23891597205741116, 0.2209750777552607, 0.297406831276682, 0.2427021188106461], [0.2335067540173674, 0.1997413188019329, 0.3791078328707196, 0.1876440942099801], [0.24690546828737828, 0.15694423486046843, 0.3946205494790203, 0.20152974727313297], [0.23390741295401546, 0.16587099184119503, 0.3512053735023398, 0.24901622160244968], [0.23789156616496995, 0.33550112936269283, 0.21664857539381863, 0.20995872897851858], [0.21568019160022095, 0.3089751142986394, 0.2727083685442059, 0.20263632545693377], [0.21944278476428009, 0.3094876110244254, 0.23002895710552188, 0.24104064700577263], [0.21848546479757688, 0.2554530088890591, 0.33322928843015237, 0.19283223778321165]], "ideal": "B", "sampled": "B", "correct": true}}
{"type": "result", "data": {"idx": 12, "options": ["1917", "1922", "1925", "1927"], "probs": [[0.05316679769533719, 0.6084588418778556, 0.23097140541108463, 0.10740295491572256], [0.0621122086809758, 0.6080092213738266, 0.2101496316660511, 0.11972893817914645], [0.0679782495127794, 0.5603479271644571, 0.2647253929870061, 0.10694843023575733], [0.06574851469778714, 0.5591733621745434, 0.2443159593193582, 0.13076216370831129], [0.06639901795315666, 0.5646919221869144, 0.24290421017453703, 0.12600484958539188], [0.06778929141896264, 0.5675857489424906, 0.21885164220317488, 0.14577331733537194], [0.5443476072964476, 0.22337844957855207, 0.17400113069753662, 0.05827281232746366], [0.5408449091840616, 0.22543598373310478, 0.16496412208570274, 0.06875498489713085], [0.3656220570307997, 0.4997101202237031, 0.08032545832521573, 0.05434236432028147], [0.3503001627836114, 0.4427864767760972, 0.1460426473509476, 0.06087071298934376], [0.3604425516397117, 0.4926309621782525, 0.08429382803412121, 0.06263265804791462], [0.3394329375968046, 0.40305389471247627, 0.18746996622408668, 0.07004320136663245], [0.49324271485716703, 0.17585418199494818, 0.2681992211863826, 0.06270388186150215], [0.4962174295882872, 0.19430170951330755, 0.22720633444898194, 0.08227452634942331], [0.39188063724712685, 0.495353497446019, 0.06810784440712303, 0.0446580207997311], [0.3696221750190279, 0.45997101577954663, 0.11632113287538635, 0.054085676226039145], [0.3643178750565524, 0.47512637913613504, 0.08654324186583656, 0.07401250384147598], [0.3344796572702455, 0.3450661871604801, 0.25250384020885164, 0.06795031526042276], [0.3515389947814477, 0.2653311630620769, 0.26538495625077496, 0.11774488580570049], [0.3935038148963338, 0.27468723055953687, 0.22423675654076297, 0.10757219790336632], [0.21400042035526154, 0.6489253091828195, 0.0728206937897452, 0.06425357657217368], [0.2189574425247245, 0.559104711404166, 0.14138854301260795, 0.08054930295850161], [0.29170202988671373, 0.5281795819456228, 0.10402508746518725, 0.07609330060247624], [0.2891654989517062, 0.40144783553525576, 0.22523592578033252, 0.0841507396327055]], "ideal": "B", "sampled": "B", "correct": true}}
{"type": "result", "data": {"idx": 13, "options": ["270", "600", "2,800", "5,200"], "probs": [[0.04501669954095702, 0.1685633845882694, 0.45116470267950504, 0.33525521309126854], [0.07797771923887936, 0.255667843067943, 0.3898994144377449, 0.27645502315543274], [0.05665802083362256, 0.32098796243017824, 0.3160526681512595, 0.3063013484849397], [0.06781285015656302, 0.2810666472233389, 0.44224772167609233, 0.20887278084400568], [0.09571975468632035, 0.3041819035702746, 0.35567384954710474, 0.24442449209630035], [0.10420813286502961, 0.2788603173728268, 0.4252746060229011, 0.19165694363924246], [0.06052259919864895, 0.2356548983917944, 0.3766274935635553, 0.3271950087460013], [0.07955847561221743, 0.3002413168213337, 0.3510609812525375, 0.26913922621391134], [0.08241494244749557, 0.4970454721265335, 0.23481372696238229, 0.18572585836358863], [0.06597969041301653, 0.385671190776662, 0.4042380656263199, 0.14411105308400157], [0.09468595259348624, 0.41776828086214607, 0.2962774799641859, 0.19126828648018182], [0.09359257318661329, 0.3819014585418024, 0.37020509052280887, 0.15430087764877543], [0.18055537341219655, 0.22823500630957397, 0.30716767904070963, 0.28404194113751985], [0.21766314039908333, 0.19509838483009698, 0.4329113090284366, 0.15432716564238305], [0.1976341812900016, 0.3109093996842551, 0.27441335539497663, 0.2170430635307666], [0.1798537698186456, 0.2069978893638961, 0.4593254395759547, 0.15382290114150365], [0.1872017560295085, 0.47062314253248044, 0.24040253816230928, 0.10177256317570178], [0.16217323894408994, 0.48415782321383133, 0.24731938169927725, 0.1063495560428015], [0.20691578344923672, 0.26567666136488954, 0.3205075668665594, 0.2068999882193143], [0.2515621520560078, 0.2555131950050365, 0.36037752565680553, 0.13254712718215017], [0.23003682491863145, 0.2907762825198268, 0.30005070564130537, 0.1791361868202364], [0.23071156668677262, 0.23069690394306688, 0.3986746965452734, 0.13991683272488709], [0.24901554357028646, 0.417022592041254, 0.2451824284126913, 0.08877943587576817], [0.21251453932144712, 0.40327531996677285, 0.26867738963981, 0.11553275097196995]], "ideal": "C", "sampled": "D", "correct": false}}
{"type": "result", "data": {"idx": 14, "options": ["Enabling", "Functional", "Normative", "Diffused"], "probs": [[0.16085385795254725, 0.3681890854410969, 0.1608749579961668, 0.31008209851018903], [0.16525256878351535, 0.30872095088137924, 0.285569999868476, 0.24045648036662942], [0.16229505312578482, 0.17547107786993302, 0.37738653282841345, 0.2848473360758687], [0.1510231449744137, 0.17112147296382005, 0.23393087879670202, 0.44392450316506427], [0.14781039511244404, 0.19580189298215822, 0.4344928134694478, 0.22189489833594994], [0.17915310920017222, 0.2818288420803993, 0.13524698806700702, 0.40377106055242146], [0.2608237823460379, 0.2450031005345689, 0.14862729386054405, 0.34554582315884913], [0.22522276490002296, 0.19874196937135075, 0.31272222472414757, 0.2633130409044787], [0.28523562205667885, 0.2439556790333122, 0.15753639212273918, 0.3132723066872698], [0.23643116217414772, 0.1899609352440834, 0.3549508014689441, 0.21865710101282476], [0.2577336843531047, 0.35779972480234534, 0.14234997967026597, 0.24211661107428395], [0.2641508854520844, 0.3724856764808301, 0.12285469262537933, 0.24050874534170613], [0.15822625865961518, 0.17650117767332574, 0.34562955848230714, 0.31964300508475196], [0.14211798136356807, 0.17141703280335224, 0.2417735827255942, 0.44469140300748544], [0.1729926667336285, 0.338690201567225, 0.16001026807646043, 0.328306863522686], [0.16086682196239824, 0.257048927011745, 0.3405886190613674, 0.2414956318644894], [0.18250897383274675, 0.2826579854213476, 0.12350473192546937, 0.41132830872043624], [0.15446994857956636, 0.2078462397729809, 0.4265476782601458, 0.21113613328730696], [0.14524919658932142, 0.16458090629010114, 0.4616568065215513, 0.22851309049902613], [0.18048162611122337, 0.19513751528230355, 0.1260079090177107, 0.4983729494887624], [0.18477052585997117, 0.5263622441835517, 0.10695477653681676, 0.18191245331966033], [0.16662438336303823, 0.5132392086561816, 0.11275983684693575, 0.20737657103384444], [0.2433026116597044, 0.22151300143833386, 0.10143194271033004, 0.43375244409163166], [0.19632068886936377, 0.17873696182056711, 0.3844102746872521, 0.24053207452281702]], "ideal": "C", "sampled": "B", "correct": false}}
{"type": "result", "data": {"idx": 15, "options": ["Audiences are more vulnerable and passive than ever before.", "Television viewing, in particular, creates increased activity in the right hemisphere of the brain.", "Active receivers are not uniformly affected by mass communication messages.", "Technology has led to increasingly passive recipients at the ends of message transmission systems."], "probs": [[0.026759118555306743, 0.0488409490772263, 0.5089826365300893, 0.4154172957373776], [0.006722652196150139, 0.01743794191831636, 0.023649982555034605, 0.9521894232304989], [0.0362484024241857, 0.5286277172317444, 0.0602486160448421, 0.3748752641992278], [0.03214613276071954, 0.5699235668970638, 0.06807137872928548, 0.32985892151293117], [0.009965883783583408, 0.01891310190936585, 0.045369454195425395, 0.9257515600116253], [0.02764399820671958, 0.03662861394760586, 0.5510470096070631, 0.38468037813861145], [0.03623631034686768, 0.03596037065829898, 0.4964714088889704, 0.43133191000586296], [0.009559528299305682, 0.013802158189190419, 0.03134765583695596, 0.9452906575745479], [0.03726862798658792, 0.7786318775028969, 0.03316217337458768, 0.1509373210359275], [0.03790739875604437, 0.8044579717551874, 0.0361865342830081, 0.12144809510576013], [0.0077153184611939915, 0.014757555227648872, 0.035401908907857035, 0.9421252173033001], [0.04022690518527486, 0.04055115816723943, 0.6148670705023823, 0.30435486604510337], [0.531857444750984, 0.034005102653514224, 0.056957909454317446, 0.3771795430411844], [0.635043847128116, 0.03366232913860294, 0.07469399084104138, 0.25659983279223963], [0.5336181898261447, 0.08576725071019659, 0.0466434005114083, 0.3339711588522504], [0.4985674302579807, 0.0788923349938911, 0.05773161702125766, 0.3648086176268705], [0.6484608246768997, 0.04483052103758141, 0.056682599529397616, 0.2500260546561213], [0.5424330112741929, 0.043841506301515176, 0.04087328446530964, 0.3728521978589823], [0.011240675667811978, 0.01304177259077653, 0.04696341462807573, 0.9287541370133358], [0.033446364599792805, 0.025451563675414936, 0.5072476342893176, 0.43385443733547463], [0.0073470843241523805, 0.017764822151437022, 0.027300934148716812, 0.9475871592756938], [0.03297060678613382, 0.0430117988094621, 0.652171780816489, 0.2718458134879151], [0.03476482179193891, 0.7150675493866196, 0.038799132280661536, 0.21136849644077993], [0.03404754899278854, 0.7003022692509893, 0.03829665996856459, 0.22735352168765754]], "ideal": "C", "sampled": "C", "correct": true}}
{"type": "result", "data": {"idx": 16, "options": ["A politician", "A house of worship", "A government institution", "A publicly-traded company"], "probs": [[0.2518117019142006, 0.33882841008705217, 0.22223216458662523, 0.187127723312122], [0.25647221923828034, 0.3451024252652553, 0.219380067220749, 0.17904528817571533], [0.23934932764012232, 0.3121449146001795, 0.24695681769037747, 0.20154893996932072], [0.24563780424522685, 0.3056784867934678, 0.24183692035640866, 0.20684678850489668], [0.27352580017803013, 0.27780800641071285, 0.2692902941838284, 0.17937589912742868], [0.2751310508442622, 0.3021454259770775, 0.22456072603246158, 0.19816279704619869], [0.3557008663522531, 0.24444548385882386, 0.2444705923165554, 0.1553830573723676], [0.3508326515452699, 0.2448998315357591, 0.24112454772935712, 0.16314296908961393], [0.31161745915250944, 0.32654249178269684, 0.2075870005938397, 0.15425304837095405], [0.3069321604341944, 0.30215148035101974, 0.23168905767535086, 0.15922730143943498], [0.34286653992085253, 0.2978621720969838, 0.2047378569636647, 0.154533430918499], [0.31971639391562967, 0.2734437882626794, 0.23028515276990208, 0.17655466495178881], [0.32979204756013686, 0.24891544505080748, 0.2528617344117364, 0.16843077287731925], [0.32978100564105645, 0.2649627108595861, 0.22314252622109007, 0.1821137571782674], [0.3384081528334946, 0.3658795196500537, 0.15017186403821597, 0.14554046337823573], [0.3325183590163557, 0.3430518107353776, 0.18363785194593554, 0.14079197820233114], [0.3444268507740243, 0.2767278634249961, 0.20566714420846224, 0.17317814149251734], [0.3423527231820707, 0.23897874709032457, 0.254415515850606, 0.16425301377699866], [0.33376930648762276, 0.24038424010923637, 0.2681937693598699, 0.15765268394327103], [0.3428812120284753, 0.250834807678721, 0.2284097237114351, 0.17787425648136854], [0.30600124594489425, 0.34672397371639574, 0.18852801619074955, 0.15874676404796045], [0.29806085973886975, 0.31234511264501175, 0.2249940600022082, 0.16459996751391023], [0.3047521826467829, 0.29999847409118485, 0.2161038388927936, 0.17914550426923867], [0.2855961663079197, 0.28114486156788665, 0.2600427308424952, 0.17321624118169854]], "ideal": "C", "sampled": "B", "correct": false}}
