{"type": "result", "data": {"idx": 0, "options": ["Planetary density will decrease.", "Planetary years will become longer.", "Planetary days will become shorter.", "Planetary gravity will become stronger."], "probs": [[0.026721027526081357, 0.039777586479822165, 0.8304404140773747, 0.1030609718167411], [0.03608638079432105, 0.08379148177454895, 0.11016426103601824, 0.7699578762951037], [0.061655050850795985, 0.4730144283163707, 0.26355512189137903, 0.2017753988414709], [0.06049427216978039, 0.43926923391621375, 0.3022515550599737, 0.1979849387540395], [0.029656081576665463, 0.08243902034046967, 0.08176083121398703, 0.8061440667688767], [0.04278104891026653, 0.09265569561714393, 0.6527883789559541, 0.21177487641663645], [0.1454724803006128, 0.07496962439348456, 0.6223459044107179, 0.15721199079520076], [0.14694893907902531, 0.06778988052814044, 0.1226753290669615, 0.6625858512258522], [0.20643122263264146, 0.5265875876380289, 0.08210285034445979, 0.1848783392848694], [0.22788451333647716, 0.5634262101224711, 0.1011069635477181, 0.10758231289332416], [0.1802877995108638, 0.15298473207925242, 0.08064953392894525, 0.5860779343809304], [0.1834107636413089, 0.12811863317197975, 0.6204803917711296, 0.0679902113155947], [0.5467797281218287, 0.09662830054157069, 0.15552259635252158, 0.2010693748840816], [0.5145582635253114, 0.09388258196251431, 0.21640859281625846, 0.1751505615958998], [0.4454154644523927, 0.3260378491677836, 0.07218859159319874, 0.15635809468663373], [0.5033154240908606, 0.3227522330130348, 0.08292786973974085, 0.0910044730563483], [0.5623707708291431, 0.1991010905149519, 0.0810498062622282, 0.1574783322936662], [0.602013617226655, 0.20027135403384383, 0.14427749389274247, 0.05343753474677257], [0.1547909796789471, 0.12239333879502783, 0.15719871436550664, 0.5656169670605504], [0.07703522510888286, 0.07126146411450297, 0.6392614316275325, 0.2124418790490655], [0.07721329696901987, 0.21973924572773315, 0.0916606916601087, 0.6113867655431444], [0.06641928104904417, 0.0879719923633795, 0.7837633967466148, 0.061845329740950944], [0.110018033699299, 0.5711845061192103, 0.11982735141738017, 0.19897010866408552], [0.12209878859804522, 0.5683319773544021, 0.24272757883526414, 0.06684165511229469]], "ideal": "C", "sampled": "C", "correct": true}}
{"type": "result", "data": {"idx": 1, "options": ["buildings will be built faster", "buildings will be made safer", "building designs will look nicer", "building materials will be cheaper"], "probs": [[0.07232685545743114, 0.8194670560332895, 0.05498715937353093, 0.05321892903574843], [0.07349977087359733, 0.7946354192942336, 0.0845036842545278, 0.04736112547764177], [0.016947090196164867, 0.008935100023042536, 0.9236192176906589, 0.05049859199011296], [0.005810519706207903, 0.00333360288479659, 0.008986860868600921, 0.9818690164404168], [0.02296001324143475, 0.014478266681727586, 0.9294743300139514, 0.033087389962871444], [0.006994018093717255, 0.006766885790156514, 0.007151181012764663, 0.9790879150033708], [0.8225457045043914, 0.11594628604220586, 0.02588682800682804, 0.03562118134657268], [0.814086955549014, 0.10950746977183899, 0.04784801625933414, 0.028557558319829465], [0.863596149860054, 0.05449120263618413, 0.042394007823237795, 0.03951863958051852], [0.8563195051483283, 0.05891275374924146, 0.04206016750106737, 0.04270757350134743], [0.7943561564705024, 0.12208089242226368, 0.056332791879486414, 0.02723015912772558], [0.802386465489158, 0.12716309202176998, 0.030448535127886055, 0.04000190726119031], [0.013835967432751216, 0.009887782302773391, 0.9237919722908705, 0.05248427787357986], [0.004819692960560308, 0.003690302755701892, 0.009349589352619852, 0.9821404148311389], [0.03785870780178204, 0.7881198787168741, 0.09349992966162998, 0.08052148371972022], [0.037825319539163516, 0.7998748582175291, 0.0824518807656672, 0.07984794137762447], [0.005004630814984995, 0.0043435541112570464, 0.01017050711992347, 0.9804813078538253], [0.011040798767977197, 0.009817950951942362, 0.9249138059755833, 0.05422744420449243], [0.02472039262583597, 0.014995932023172173, 0.9260262629778357, 0.03425741227316444], [0.00795495921398795, 0.008458440663573116, 0.008137848284237451, 0.9754487517381895], [0.0728370552328949, 0.7577117932954865, 0.11823537616725473, 0.05121577520434265], [0.07341732071715365, 0.7940258465598004, 0.06479017099390921, 0.06776666162913428], [0.006462315525342236, 0.004472700453241516, 0.0099979587721783, 0.9790670251492494], [0.014809833777273608, 0.009640470922763253, 0.9214979066637475, 0.054051788536191955]], "ideal": "B", "sampled": "B", "correct": true}}
{"type": "result", "data": {"idx": 2, "options": ["Chemical energy is absorbed through the roots.", "Light energy is converted to chemical energy.", "Chlorophyll in the leaf captures light energy.", "Sunlight is converted into chlorophyll."], "probs": [[0.03698594573503852, 0.06194135419389796, 0.8277181289463881, 0.07335457102468587], [0.010298570508531928, 0.03676581863412363, 0.028393472945882046, 0.9245421378114633], [0.05606568786351795, 0.5395097777679599, 0.3484738929284871, 0.05595064134002676], [0.034872667713387186, 0.4380496171086738, 0.05790193861914369, 0.4691757764587826], [0.0052999502967922205, 0.007770960047566922, 0.025849504579716284, 0.9610795849759398], [0.01982720199369458, 0.03267721044957786, 0.6455168723733461, 0.30197871508339], [0.07433224222915721, 0.022549041229517734, 0.8366613273425136, 0.06645738909879918], [0.019119922500690577, 0.007037415951702227, 0.018792844767433956, 0.9550498166801832], [0.19340608506646897, 0.6802744672142435, 0.056309308002287145, 0.07001013961699179], [0.20217482820359306, 0.6785343878967227, 0.0755966637472377, 0.043694120052433505], [0.015634292235504006, 0.008704134753695074, 0.011254957199676228, 0.9644066157111301], [0.15629322497619658, 0.042475033371615456, 0.757204691787381, 0.04402704976479732], [0.24081160424205542, 0.0416415500291228, 0.6343984692844035, 0.08314837634440557], [0.2044159930354868, 0.035351313902544014, 0.03063533330682027, 0.72959735965513], [0.8567868964345348, 0.062390164347650434, 0.03128069123158882, 0.04954224788620636], [0.8625317754374866, 0.06677219077720972, 0.03247232375246815, 0.03822370993285806], [0.05432738720865129, 0.01233631062438861, 0.0164461686675492, 0.9168901333993935], [0.7661860488583646, 0.03436444799557487, 0.14645326384247218, 0.05299623920357305], [0.015468787152523821, 0.007375837241564131, 0.04470699573266376, 0.9324483797732637], [0.05826842503932884, 0.02322587488155219, 0.5568327257587307, 0.36167297422041306], [0.015374118146306692, 0.010164159309616208, 0.011150528104135537, 0.9633111943399203], [0.12793384460487764, 0.052179991057378805, 0.7774020284912068, 0.042484135746546976], [0.028542416435947963, 0.044556950128017296, 0.020066634222101667, 0.9068339991139155], [0.2149294197216204, 0.3435410872152346, 0.3863485431830043, 0.05518094978014317]], "ideal": "C", "sampled": "C", "correct": true}}
{"type": "result", "data": {"idx": 3, "options": ["the control", "the hypothesis statement", "the dependent (responding) variable", "the independent (manipulated) variable"], "probs": [[0.05744302030869475, 0.015598847278550005, 0.03649340010583033, 0.8904647322069382], [0.029869812856873214, 0.018148584111130323, 0.8377096940834956, 0.11427190884851839], [0.05083304227701301, 0.0980239905589461, 0.02554889481728952, 0.8255940722467576], [0.08314557926888254, 0.24460731164186522, 0.6181703641814429, 0.05407674480779904], [0.0444643638696402, 0.8183404054041341, 0.037979301832910324, 0.09921592879329769], [0.05201170395135718, 0.8254660470713465, 0.08361348333486232, 0.03890876554243816], [0.020937789190082344, 0.03941622866456432, 0.04358634743397898, 0.8960596346113815], [0.02466179589890943, 0.06865199269056302, 0.7022390053609238, 0.2044472059495998], [0.022436421931592187, 0.042911149757747465, 0.04704132691527253, 0.8876111012954068], [0.03998388001181088, 0.11664048559093453, 0.7072685985696733, 0.13610703572756333], [0.029528951739590747, 0.6109352433988231, 0.08009429001513492, 0.27944151474642054], [0.03273107980877737, 0.7212672936749563, 0.1029978311237566, 0.1430037952925275], [0.09130349222532966, 0.044209562320339034, 0.019897569895666267, 0.8445893754586492], [0.23511667903290895, 0.1088413251507748, 0.6047713028854553, 0.051270692830861386], [0.10406368737537054, 0.018411110055008117, 0.03378415749001693, 0.8437410449796118], [0.20562108348811337, 0.03589305119418536, 0.6432240721642004, 0.11526179305352319], [0.15168333880906856, 0.7235040947417839, 0.08240381345875729, 0.04240875289040251], [0.12731987466071457, 0.7494814917740638, 0.043616439514584555, 0.07958219395062995], [0.6038473118714139, 0.07183238917674377, 0.029867318237072484, 0.29445298061473696], [0.7838583566297596, 0.08174112749577615, 0.09010718239468607, 0.0442933333797703], [0.6280837372829083, 0.03397196873546783, 0.054902728864758395, 0.28304156501686495], [0.7607984773883627, 0.03521829217078123, 0.07366393618387537, 0.13031929415696225], [0.7118084426046616, 0.16321964619424426, 0.08444273257856207, 0.04052917852253133], [0.6878835654452101, 0.15638759873770425, 0.03886463355515837, 0.11686420216190728]], "ideal": "D", "sampled": "D", "correct": true}}
{"type": "result", "data": {"idx": 4, "options": ["They have each lost kinetic energy.", "They have each gained the same amount of potential energy.", "They have each lost the same amount of potential energy.", "They have each gained one-half of their maximum kinetic energy."], "probs": [[0.12536261360003584, 0.22180770066773053, 0.5235532533005185, 0.1292764323317045], [0.1283014199222337, 0.30767206402757746, 0.1986864998582055, 0.3653400160920011], [0.1390064492268509, 0.2963069291784615, 0.4180315496620783, 0.14665507183259785], [0.05976663245087236, 0.16111106870365105, 0.11164648731466897, 0.6674758114307938], [0.122608408131138, 0.12552977299823312, 0.4212991932511571, 0.33056262551948734], [0.12806197956509757, 0.1241942158881336, 0.3943888818564554, 0.35335492259032225], [0.12392445517402695, 0.11196345524363818, 0.6291177021740884, 0.13499438730826233], [0.1562370489052942, 0.1612794151781173, 0.17434292571866125, 0.508140610097912], [0.14572537021191623, 0.4346368493557677, 0.1869579096574141, 0.2326798706749073], [0.15063849225762524, 0.42563353874991955, 0.2011988017979908, 0.2225291670944577], [0.11967376436859857, 0.12537890643395658, 0.2893365981081661, 0.46561073098928674], [0.1552711042126385, 0.14462881436674282, 0.4560907798311208, 0.2440093014895046], [0.22796425544283286, 0.12503030398576742, 0.47892164722144237, 0.16808379324997372], [0.1852550848666801, 0.11871194830580344, 0.1476718868717223, 0.5483610798557704], [0.33678235227927594, 0.15553530832693585, 0.2174088207704014, 0.290273518523399], [0.3062435184062214, 0.16913023678811556, 0.27669116645105896, 0.24793507825461095], [0.17958693236817255, 0.12161611140840693, 0.21839780468312375, 0.4803991514402823], [0.17432200941977533, 0.1161640634436463, 0.5850159800708103, 0.12449794696579705], [0.06724580607812566, 0.1586542089070354, 0.40828995207384117, 0.3658100328410024], [0.05471557090898594, 0.13220144212884646, 0.3592805262779805, 0.45380246058419066], [0.06810056522586634, 0.1521666020569488, 0.3221782147442764, 0.4575546178729039], [0.06756787849535852, 0.14522616628445342, 0.48716941470205616, 0.30003654041812416], [0.059779833366163514, 0.17834143078028566, 0.26978752006466117, 0.49209121568887276], [0.07710709643981115, 0.16576185355937437, 0.5605154394571223, 0.1966156104437037]], "ideal": "D", "sampled": "C", "correct": false}}
{"type": "result", "data": {"idx": 5, "options": ["a non-infectious, cell-cycle disease", "an infectious, cell-cycle disease", "a non-infectious, chronic disease", "an infectious, chronic disease"], "probs": [[0.13237099813136188, 0.3320886109720688, 0.14181871240155358, 0.3937216783950142], [0.11125755811731913, 0.2948614263347908, 0.17888015715303474, 0.4150008582948519], [0.10415055622266775, 0.05401091392936602, 0.38056888618947154, 0.46126964355851136], [0.10385365208388635, 0.05180953869797448, 0.5695244569765525, 0.27481235214159905], [0.12233997916150624, 0.26888571872704753, 0.27751850902557135, 0.3312557929858844], [0.11771078499381761, 0.19848007444105484, 0.45773046827210606, 0.2260786721930242], [0.32491688678339936, 0.1609876034492691, 0.1465237877820028, 0.3675717218853425], [0.367910216024405, 0.20650363152257406, 0.10143807107739052, 0.324148081275612], [0.326228211539153, 0.0879537125281727, 0.34200603476626523, 0.24381204106642568], [0.4140986427794672, 0.08170251719794397, 0.15609157202836188, 0.3481072678942371], [0.20252602562627373, 0.07059471522491749, 0.3158175843878397, 0.4110616746609604], [0.20571500512273036, 0.07459388878366528, 0.19165568615771889, 0.5280354198358734], [0.0861712711324256, 0.05227145883367837, 0.38282448922827683, 0.47873278070562403], [0.08611320617126564, 0.04501129429666894, 0.4873703109569458, 0.3815051884751371], [0.08062662327875149, 0.09494445413214482, 0.5165349914068572, 0.30789393108223095], [0.10304030854124267, 0.15565963954983625, 0.1736289141009294, 0.5676711377079856], [0.10324297416546357, 0.3625726755604796, 0.13034023191950622, 0.40384411825455924], [0.07215929570753085, 0.2696635534781558, 0.11422035232192436, 0.5439567983923975], [0.507532909265612, 0.057956588521236946, 0.1273381272538684, 0.3071723748592832], [0.470949344802413, 0.06542398723133756, 0.2644936224888194, 0.19913304537744458], [0.25108639295939283, 0.04953885234623727, 0.13031993920333085, 0.5690548153910135], [0.31742337470949034, 0.05312549534598435, 0.25912894446018503, 0.37032218538436296], [0.5424979414751808, 0.0922318779405175, 0.12302240215492206, 0.24224777832939293], [0.6135658386438815, 0.09957043027741357, 0.07333012730905179, 0.2135336036696506]], "ideal": "B", "sampled": "D", "correct": false}}
{"type": "result", "data": {"idx": 6, "options": ["to repare for migration before winter", "to provide warmth during the cold winter months", "to store food that will be eaten over the winter months", "to protect the grasses and seeds from decay before winter"], "probs": [[0.017150717339322753, 0.030551418282313333, 0.37737564435284693, 0.5749222199254839], [0.013827379448811529, 0.025412606832504403, 0.6241853731147671, 0.33657464050389285], [0.01727020673855471, 0.11787223193966047, 0.04725572186915141, 0.8176018393526393], [0.01752227722183859, 0.06107377540533084, 0.8291254861005337, 0.09227846117228083], [0.024643120613166317, 0.521591800188127, 0.06635723351851748, 0.3874078455801977], [0.026269560704866673, 0.2626660387106368, 0.5737707380184071, 0.13729366246607447], [0.014819320336870792, 0.023851872953241864, 0.46029124264667987, 0.5010375639632108], [0.010785787889034374, 0.018641098233824576, 0.7492563554165119, 0.22131675836064488], [0.02125392208496918, 0.12124008563904887, 0.06189316184356651, 0.7956128303323995], [0.016371882433189554, 0.04516470960856641, 0.8647263178428345, 0.0737370900154235], [0.0270376968388994, 0.6793961474638529, 0.06229883020279882, 0.2312673253944283], [0.031208476693521385, 0.6450079287778625, 0.2357380379867069, 0.0880455564419063], [0.23394627693626716, 0.0625331487688467, 0.047923189373198505, 0.6555973848216842], [0.2199006791676023, 0.053592429988821216, 0.6417323791207095, 0.08477451162289056], [0.35725077001430644, 0.0773401487629288, 0.053957611368796045, 0.5114514697539896], [0.168436274435702, 0.056986861613031244, 0.7038432500037038, 0.07073361384757498], [0.11834742088136094, 0.7591984284546309, 0.05862095020305121, 0.0638332003609809], [0.13497925859996968, 0.7345207446515265, 0.05997165168369268, 0.07052834496479313], [0.592028563675973, 0.0708054791588989, 0.039709375386031476, 0.2974565816791058], [0.3746640437488373, 0.05987953854699184, 0.4630310479940355, 0.10242536961013694], [0.5463769528213233, 0.0775708889093651, 0.0395932064057962, 0.336458951763545], [0.6549433595320634, 0.0822242913133376, 0.1968957788746426, 0.06593657017997451], [0.5727168752417995, 0.29984891105453343, 0.05049807842147002, 0.07693613518219498], [0.5168628172394465, 0.3474567823637242, 0.05633776283278405, 0.07934263746402717]], "ideal": "C", "sampled": "D", "correct": false}}
{"type": "result", "data": {"idx": 7, "options": ["There was once more water in the area.", "The area was once grassland.", "The climate in the area was once tropical.", "There are active faults in the area."], "probs": [[0.03257397174136308, 0.020551875732923882, 0.9006512814629999, 0.04622287096271602], [0.015089783360297088, 0.010691956089309175, 0.013517010963539546, 0.9607012494868741], [0.06636593344600834, 0.7821759069192237, 0.07816671620624491, 0.073291443328531], [0.07522327909990013, 0.7589788244706909, 0.12800753456762537, 0.03779036176180163], [0.012181603630387209, 0.006367301532586701, 0.016255250900261874, 0.9651958438367665], [0.037611590439118534, 0.01593781278697624, 0.9103145187831266, 0.03613607789076245], [0.016068938169253408, 0.014189330800655648, 0.9110585433717372, 0.058683187558345555], [0.007198904576787197, 0.007771642945765149, 0.015580546376656896, 0.9694489060007704], [0.0247159641220732, 0.6256429512998114, 0.25514560766313843, 0.09449547681497526], [0.023248238401342703, 0.7159471242371614, 0.11081270351850174, 0.14999193374300954], [0.006960555737427347, 0.005089859068668131, 0.0205897639019894, 0.9673598211919084], [0.013365310378062071, 0.01082139279051996, 0.8650668926108436, 0.11074640412059816], [0.838115119203257, 0.0673527255832453, 0.03332887902117597, 0.06120327609232495], [0.8466019365709407, 0.06194298860932571, 0.05861162582803049, 0.03284344889171204], [0.7711785668081834, 0.0332090668367438, 0.11040463329430984, 0.08520773296075114], [0.7473995286477711, 0.03422572663679645, 0.05551760483962684, 0.16285713977581665], [0.7675939639255799, 0.04514419064941301, 0.14219205658082715, 0.04506978874415936], [0.7718516301772144, 0.04945213226040407, 0.033712801335802026, 0.14498343612659914], [0.00471725578232801, 0.006906718505549699, 0.01937601206138365, 0.969000013550752], [0.018294481231556966, 0.015161401534475972, 0.9368911041931818, 0.029653012940765604], [0.004791515240900666, 0.006289239957863249, 0.020297385156913744, 0.9686218595443357], [0.01037229825018184, 0.015199939404912448, 0.8891665099986971, 0.08526125224622914], [0.027116323812718585, 0.5825870701347609, 0.3325670700572322, 0.057729535895274686], [0.023191588939820543, 0.6813906750867698, 0.08607829920175256, 0.20933943667165453]], "ideal": "C", "sampled": "C", "correct": true}}
{"type": "result", "data": {"idx": 8, "options": ["The chicken population would go down.", "Populations of mice and rats would increase.", "Another bird of prey would replace the hawk.", "The chickens would have a lower rate of disease."], "probs": [[0.27921291410105464, 0.135195979866807, 0.3876394099520213, 0.19795169598011234], [0.28848277278275225, 0.1301408975799736, 0.16819562238917035, 0.41318070714809746], [0.33281026862742236, 0.26528724449071056, 0.16221870967811747, 0.23968377710375452], [0.363074864724888, 0.2918845748914799, 0.16243366198436482, 0.1826068982992748], [0.32131935225150177, 0.17605812793389025, 0.11538133234008818, 0.38724118737451396], [0.3824388559608457, 0.2033062615077567, 0.273485230076641, 0.14076965235476477], [0.08579322131898269, 0.3870487138152966, 0.33104264941833544, 0.19611541534736976], [0.08122556531951451, 0.3869381678880472, 0.19019583019423436, 0.3416404364982111], [0.05852455653595911, 0.08510414529409774, 0.6899059901341302, 0.16646530793578607], [0.028732521766609002, 0.04809122594552476, 0.05842134387389527, 0.8647549083139706], [0.058194609946257234, 0.07130662968385479, 0.7137330036442677, 0.15676575662560696], [0.02924578002652898, 0.046325854495397584, 0.058525541471657165, 0.8659028239063963], [0.13648004247946655, 0.4912627348919743, 0.1658857348944711, 0.20637148763409421], [0.1392573503768533, 0.5168362596909357, 0.16524019360207426, 0.17866619623014962], [0.09598900839838591, 0.09681261475929158, 0.6502894424888956, 0.15690893425341362], [0.035321031243017824, 0.04531618864548045, 0.05213123126131747, 0.8672315487501777], [0.11558120412678831, 0.09811345762135708, 0.6544209198459708, 0.13188441830589598], [0.053216569504502924, 0.05706128431450681, 0.0588165320294162, 0.830905614051587], [0.10928892831545396, 0.47800880282030994, 0.1527663806765852, 0.25993588808765655], [0.10164965319952539, 0.4956136491515743, 0.24544918933567073, 0.15728750821322313], [0.0691094181010661, 0.06808309904508181, 0.6972034444606785, 0.16560403829314582], [0.04040152035883138, 0.05066815363278215, 0.0730382809580154, 0.8358920449503795], [0.06295586478010322, 0.07593903929303114, 0.7310688405821882, 0.13003625524470336], [0.039295802996926095, 0.05287091179202433, 0.06223718621881668, 0.845596098892252]], "ideal": "B", "sampled": "A", "correct": false}}
{"type": "result", "data": {"idx": 9, "options": ["the atom", "the electron", "the nucleus", "the proton"], "probs": [[0.7130369281984312, 0.07776342260304342, 0.09370226641193624, 0.11549738268660954], [0.7054548470376597, 0.08652895858977566, 0.07337824649128163, 0.13463794778130095], [0.659400685208483, 0.07904114983412844, 0.12227084645330814, 0.1392873184040856], [0.6137234789597119, 0.09013227727462, 0.057704107823096366, 0.23844013584254622], [0.6758068114605634, 0.03861261412080018, 0.12630765356335547, 0.15927292075528643], [0.5888267423436139, 0.038694153075123736, 0.10092901911495102, 0.27155008536633474], [0.060580533134870065, 0.7903350024889518, 0.07142094136108924, 0.07766352291508018], [0.05836520945615637, 0.785609039650516, 0.06364566573436116, 0.0923800850589492], [0.041067295669261934, 0.026960189347905998, 0.7995723109712218, 0.13240020391159585], [0.015492650549215975, 0.008838986173368701, 0.01171523470379624, 0.9639531284736119], [0.03469475599876498, 0.015540633834429647, 0.8211912651638277, 0.128573344902997], [0.014367713814708322, 0.005506025864982768, 0.013632623143762108, 0.9664936370765242], [0.03453725255965421, 0.6919869900961476, 0.15599115093124494, 0.11748460631293269], [0.034313658855494644, 0.5441098792011604, 0.06767868482271165, 0.35389777702061176], [0.027804040245003474, 0.04271062219121901, 0.8126651302060963, 0.11682020725770641], [0.01220276045191205, 0.012014138149229837, 0.01604421902577935, 0.9597388822730928], [0.02468730131467618, 0.01910139386683167, 0.6368853741061367, 0.3193259306123395], [0.0113098550833588, 0.006762676112419453, 0.020493870167731403, 0.9614335985364773], [0.0346394999986818, 0.7385430270837494, 0.13364461603076047, 0.09317285678680721], [0.03405637697264549, 0.7097454462486549, 0.09031834077308436, 0.1658798359056368], [0.02489985554147909, 0.031221938235515095, 0.836840043628703, 0.10703816249427928], [0.011474381757673168, 0.011479090724732162, 0.01656602689918196, 0.9604805005184085], [0.02352771630759403, 0.027951254536963996, 0.7095665241747107, 0.23895450488073855], [0.009919842449936541, 0.00790839252988751, 0.019268238069999628, 0.9629035268501629]], "ideal": "A", "sampled": "A", "correct": true}}
{"type": "result", "data": {"idx": 10, "options": ["life processes", "size differences", "plasma membranes", "energy molecules"], "probs": [[0.03372102103143242, 0.15564193797387482, 0.7657172082619946, 0.04491983263268803], [0.024943217915323123, 0.10992708247712264, 0.034320660220588155, 0.8308090392869429], [0.03276050989255751, 0.7859270970958898, 0.15482948694633936, 0.026482905965232575], [0.03452939596611562, 0.6864972033925857, 0.04711227028301146, 0.23186113025826557], [0.01668839308303992, 0.020910601724793476, 0.13510161433933676, 0.8272993907528046], [0.022261517686843025, 0.03135790173813248, 0.7132325099941739, 0.23314807048086045], [0.1655520022735989, 0.03641166779542865, 0.7475937991202507, 0.050442530710746857], [0.13308994002380684, 0.03341427040173185, 0.03753415230761412, 0.7959616371668571], [0.2877729374506855, 0.6332749277544762, 0.04378386659972843, 0.03516826809508776], [0.3890804291082245, 0.4769038924373736, 0.06204330879384403, 0.07197236956056265], [0.10205051036928016, 0.031630828871043376, 0.03232966537701981, 0.8339889952826777], [0.24936161629366582, 0.048422054736097876, 0.6219326536474793, 0.08028367522278215], [0.41472422032475775, 0.04588513457882924, 0.48869220352401144, 0.050698441472406666], [0.4232500980944891, 0.053891743020042834, 0.04711902144281603, 0.47573913734265433], [0.5823442655400949, 0.35065189935581564, 0.0339011879625587, 0.033102647041543434], [0.3892911577253591, 0.48855105238935953, 0.05067789146125066, 0.07147989832403304], [0.3850274466866334, 0.06242365976688105, 0.050475490550934254, 0.5020734028955688], [0.31185212503792736, 0.05219645351992796, 0.5558971653824323, 0.08005425595970972], [0.027587953470093143, 0.014877604041035391, 0.18386423223599221, 0.7736702101529054], [0.031360358598519995, 0.020079129602150227, 0.6742455043726217, 0.2743150073267025], [0.03460452246440497, 0.07852047096811608, 0.023565606011579827, 0.8633094004559043], [0.05891411832522981, 0.16770520382046383, 0.7222624733721917, 0.051118204382102544], [0.07451179956767394, 0.5005929916451972, 0.047276380615715, 0.3776188280714163], [0.06451722137827107, 0.3914554297320576, 0.49871410301241115, 0.04531324577723805]], "ideal": "B", "sampled": "C", "correct": false}}
{"type": "result", "data": {"idx": 11, "options": ["The Sun influences the formation of waves.", "The Sun creates water particles.", "The Sun's rays cause organisms to come to the surface.", "The Sun provides minerals."], "probs": [[0.5720185292527327, 0.1111386636620721, 0.16166889681845587, 0.15517391016673215], [0.5277780028409017, 0.0876461432396281, 0.06463267839854199, 0.3199431754209536], [0.43708568843646695, 0.3329551745658801, 0.10566889984317601, 0.12429023705446986], [0.43560142703516225, 0.3066635953931777, 0.10122701872398024, 0.15650795874766635], [0.39020019347358426, 0.09137533671853415, 0.09651834673079508, 0.4219061229770803], [0.42011741783270623, 0.09687165369054113, 0.28912316096631197, 0.19388776741045566], [0.04807313813295488, 0.5753164745011199, 0.23451602248829334, 0.14209436477763066], [0.04813895674688135, 0.5455665796147722, 0.08314535818771697, 0.32314910535064956], [0.01958427273759272, 0.024928472407067595, 0.8845973062231949, 0.0708899485321461], [0.0037479005047438177, 0.004960223374970136, 0.01092050284167923, 0.9803713731785999], [0.014564762036676154, 0.015857291407474258, 0.7280421665377642, 0.24153577991810823], [0.00340386116956284, 0.003646002252149443, 0.015108757281345751, 0.9778413791969555], [0.08634403389662935, 0.6525099111019896, 0.1286385945694373, 0.13250746033194866], [0.08205302924540865, 0.6098223496267204, 0.12211667826956006, 0.18600794275830956], [0.03070684794028136, 0.029064628989839702, 0.8549494852309748, 0.08527903773890468], [0.005650453442034213, 0.005731291732715971, 0.01203924186201354, 0.9765790128632185], [0.01732593663684132, 0.0202303333255279, 0.8726349654200741, 0.08980876451754699], [0.004037564583167769, 0.004713571182135591, 0.014511524888977325, 0.9767373392457325], [0.03149974519161855, 0.6310298637776484, 0.11420663761118326, 0.22326375331952825], [0.0334033020364016, 0.6188616049522085, 0.18753266370039004, 0.16020242921099861], [0.012409122163938044, 0.018324109245174955, 0.7903040752726747, 0.17896269321820732], [0.002800780377605073, 0.004264733911431673, 0.014759152434809174, 0.9781753331761619], [0.015644643063396593, 0.026386037453905806, 0.8729713332127284, 0.08499798616999496], [0.0033895008188480798, 0.006125010815802236, 0.01666347636896735, 0.9738220118963993]], "ideal": "A", "sampled": "A", "correct": true}}
{"type": "result", "data": {"idx": 12, "options": ["32\u00b0 F", "41\u00b0 F", "78\u00b0 F", "98\u00b0 F"], "probs": [[0.1804427423008155, 0.3214356725424283, 0.34511719407758057, 0.15300439097918017], [0.11034031081721994, 0.1997428917136995, 0.08454508477480835, 0.6053717125942731], [0.17871629931140712, 0.3495591760257248, 0.34705802700402616, 0.12466649755885545], [0.1771391295338623, 0.28507612641830904, 0.1295463312831235, 0.4082384126647028], [0.13514342111440236, 0.07526510021561601, 0.3397564510559895, 0.4498350275140001], [0.0802458642874154, 0.05473656153248016, 0.4796823656353596, 0.3853352084447497], [0.1238209470452892, 0.3159380201037495, 0.40266213911396626, 0.1575788936369787], [0.057318029950794, 0.09595603577035232, 0.06293613073217326, 0.783789803446659], [0.1099067139243013, 0.4767085314372593, 0.2870524627109957, 0.12633229182742065], [0.12339289690080975, 0.5105569605133613, 0.1595917329680247, 0.2064584095177904], [0.06898419704557339, 0.05167675188218977, 0.4706898347705327, 0.40864921620169903], [0.061269081392742904, 0.05041113068182992, 0.642636958069309, 0.2456828297561236], [0.5263865266744099, 0.1865151851711225, 0.18084917635980546, 0.10624911169464121], [0.4712322678075784, 0.1776648172504056, 0.07408896378577423, 0.2770139510562297], [0.5716533438990595, 0.16794076928897958, 0.15043780067568369, 0.10996808603628708], [0.5910169520846185, 0.17916681172842897, 0.09365247365091856, 0.13616376243600525], [0.4078735493934828, 0.12757587619164676, 0.13152638351077647, 0.33302419080409623], [0.5091308477740053, 0.14380393808699635, 0.1567342983216382, 0.19033091571734562], [0.1278680392968825, 0.2369111239648856, 0.32135394679344165, 0.31386688984476796], [0.08299425523127188, 0.10009265895422859, 0.47339743730178685, 0.34351564841272814], [0.11531298454188406, 0.18281145399003174, 0.3632598607746651, 0.3386157005934258], [0.07826689203709979, 0.10283804949823137, 0.6646719577442505, 0.1542231006204214], [0.09664043237679194, 0.44282994565471917, 0.17903120219933813, 0.2814984196691618], [0.08937032833533547, 0.48199315071348514, 0.22441019319684502, 0.2042263276543281]], "ideal": "C", "sampled": "C", "correct": true}}
{"type": "result", "data": {"idx": 13, "options": ["Repeat the investigation.", "Write a report of the results.", "Make a table for recording data.", "Make daily observations of the light bulbs."], "probs": [[0.10533146925717925, 0.09589225292860314, 0.4826187959891377, 0.31615748172508257], [0.05632370738874609, 0.04283629671708132, 0.09494756537594412, 0.8058924304182129], [0.14254770306990136, 0.3610102070480484, 0.15762488689939547, 0.3388172028826416], [0.10285680491984968, 0.2950260823486485, 0.33164347116938586, 0.27047364146209996], [0.05188989042257551, 0.03915878998370484, 0.05429216926166059, 0.8546591502320701], [0.09020921131663885, 0.16722457623425835, 0.3974881670317592, 0.34507804531734176], [0.07407106345588976, 0.05901113195258707, 0.6048954490640703, 0.2620223554274704], [0.05896654092761764, 0.042446589426853615, 0.0993840549253891, 0.7992028146201624], [0.11915643972393657, 0.38724102460461496, 0.1413307240749799, 0.3522718114964689], [0.1029286755898635, 0.2046235019468822, 0.6250790821405622, 0.06736874022270871], [0.0736862931516673, 0.09915675329364666, 0.061027938574550286, 0.7661290148801546], [0.10498915483014123, 0.20236952899270697, 0.612876456690648, 0.07976485938648642], [0.6606598556807953, 0.08038203278491264, 0.05262739950378147, 0.20633071193049052], [0.6183753618845563, 0.10110396925382995, 0.1277457981192423, 0.1527748706423804], [0.6494299835242231, 0.0795845115094882, 0.051708499573263865, 0.2192770052930291], [0.5863502405777818, 0.08468666234534847, 0.27087675687634677, 0.05808634010050784], [0.6268359006394632, 0.2169108813250667, 0.046492719321364985, 0.10976049861412693], [0.73158160163118, 0.1713756954842742, 0.04362478545537782, 0.053417917329178013], [0.11502461297377051, 0.03174096492502078, 0.04363515519130236, 0.8095992668099167], [0.19192111347742233, 0.07705041448304698, 0.37557386713946145, 0.35545460480008073], [0.10866282663962909, 0.03760381369395057, 0.039653745346797706, 0.8140796142196338], [0.2524162032531701, 0.11392353454883201, 0.5341189097875215, 0.09954135231047596], [0.23313892807011236, 0.285704407197588, 0.09416028404684952, 0.3869963805854385], [0.37099225063434893, 0.354321634527921, 0.10629925576203197, 0.1683868589757072]], "ideal": "C", "sampled": "C", "correct": true}}
{"type": "result", "data": {"idx": 14, "options": ["ozone", "methane", "water vapor", "carbon dioxide"], "probs": [[0.006425612672529677, 0.010833078652702189, 0.162800305313112, 0.8199410032616683], [0.012083183689900247, 0.02719984501512514, 0.8446517892888202, 0.11606518190614787], [0.008249556872933574, 0.06735244691199221, 0.09797986407629991, 0.8264181320387753], [0.014528864989868604, 0.1262627481730459, 0.8159496888989424, 0.04325869783813946], [0.02162999193338595, 0.45777465983803267, 0.2430809539940121, 0.2775143941345552], [0.024194428350122622, 0.3989332523098415, 0.5162027897470056, 0.06066952949304895], [0.015128909396409455, 0.005971674380503009, 0.10165324277312913, 0.8772461733499494], [0.032526088701173676, 0.015604199700964187, 0.8174203435795933, 0.13444936791827272], [0.01939684581750359, 0.03271021267615434, 0.02213058104350345, 0.9257623603628201], [0.05058099362603782, 0.07650862524199589, 0.8538917581617121, 0.019018622870260224], [0.0754827219768664, 0.7097265252103674, 0.06603293004629635, 0.1487578226664867], [0.0924614293868928, 0.6561493945104425, 0.2357165186463354, 0.01567265735631424], [0.02026664211852365, 0.005718239482519292, 0.03667049026902959, 0.9373446280299075], [0.06873125338388651, 0.02182253300111931, 0.8363625069184368, 0.07308370659654635], [0.025253932294237735, 0.012602761252569672, 0.015920322254981044, 0.9462229840981892], [0.07398567463593861, 0.04594730275175856, 0.8518071134341898, 0.028259909078119053], [0.10852263500853489, 0.8071391393705929, 0.055398474708895196, 0.028939750811975255], [0.12083683655360085, 0.739245533632685, 0.12657824292336953, 0.013339386790331378], [0.7846093970678049, 0.017803672095348264, 0.05908027678715485, 0.13850665394971579], [0.7560205197662889, 0.023254239637134574, 0.1767462847446556, 0.043978955751943626], [0.8411623091241374, 0.04167752297828735, 0.02350275385079967, 0.09365741394676802], [0.8522713174313531, 0.03786044862551548, 0.09945476837168621, 0.01041346547142806], [0.896029330213932, 0.0615929222464276, 0.027074690184936943, 0.01530305725471945], [0.8848401715748128, 0.055838138940881875, 0.05233956754144197, 0.0069821218428594576]], "ideal": "C", "sampled": "D", "correct": false}}
{"type": "result", "data": {"idx": 15, "options": ["0 degrees Celsius", "32 degrees Celsius", "100 degrees Celsius", "212 degrees Celsius"], "probs": [[0.9176110685060758, 0.024474009007960634, 0.025247829709008327, 0.03266709267697409], [0.9338252883124099, 0.02114371806495778, 0.029808257905121847, 0.015222735617523037], [0.3033557473852173, 0.015599469374161717, 0.6278964169956487, 0.05314836614498576], [0.4611338090539165, 0.014261795417941073, 0.037879247092525554, 0.48672514833561886], [0.5522707767857764, 0.0215896066565041, 0.40110348410626706, 0.025036132351473058], [0.16467918318258248, 0.01519728660525927, 0.02282728910428907, 0.7972962410078464], [0.2760371275389539, 0.37152408859648034, 0.08898540513586722, 0.2634533786287022], [0.3614770396372152, 0.4325368201977578, 0.109450069507996, 0.09653607055701945], [0.12669729526148663, 0.022349341197072322, 0.6234902179333512, 0.22746314550811522], [0.4713441744212289, 0.05049303875704898, 0.16426869302646058, 0.3138940936952674], [0.25116690064865277, 0.034551754119827645, 0.611980643215794, 0.10230070191570462], [0.3538347516558752, 0.045674790594307936, 0.06970566874603411, 0.5307847889037887], [0.01181218741091289, 0.06628568090459132, 0.8665306257804984, 0.05537150580400959], [0.010526224806858562, 0.08199355034021243, 0.03997848128783968, 0.8675017434650827], [0.017957077441450035, 0.20991154367483902, 0.6995744727842188, 0.0725569059994773], [0.025572477147745517, 0.5944435359536824, 0.11183700169892431, 0.2681469850996342], [0.006614254547532631, 0.007254128365496068, 0.21700519501942184, 0.769126421967556], [0.008041063641224776, 0.007549673255037139, 0.9433055062615853, 0.04110375674215084], [0.025321516599212925, 0.12064450238558343, 0.8181035712520395, 0.03593040966316824], [0.014437541527785643, 0.056145432002658084, 0.02359182019209489, 0.9058252061774801], [0.03729625182143234, 0.26268481700927626, 0.6449758090867269, 0.055043121982560755], [0.045219290223765585, 0.6277455173156735, 0.06941870348868613, 0.25761648887184896], [0.008249268253947898, 0.004999027358833188, 0.09215591524326912, 0.8945957890439608], [0.012547843965726866, 0.007603421044029179, 0.9279342014150957, 0.051914533475155816]], "ideal": "A", "sampled": "B", "correct": false}}
{"type": "result", "data": {"idx": 16, "options": ["exclude research on teeth or bones", "predict what the next discovery will be", "analyze new data as it becomes available", "delete earlier reports that were missing the new findings"], "probs": [[0.028769199511768963, 0.012100791718512555, 0.8798847362282346, 0.07924527244150233], [0.009019263497535943, 0.002642343028216595, 0.011938405249542077, 0.9763999881247073], [0.09066918571620607, 0.8065526033835922, 0.03446269061239375, 0.06831552018782966], [0.1000078621495916, 0.8167013489015897, 0.04765732380551916, 0.03563346504329564], [0.009552759472183417, 0.004365594567507012, 0.007728769606596577, 0.9783528762537081], [0.05939913495325298, 0.022747793228128796, 0.8792469122943268, 0.03860615942429019], [0.013685772045272115, 0.019899311737067066, 0.8716439828147908, 0.09477093330287777], [0.004459734166499512, 0.00333148042460452, 0.01018855264866708, 0.9820202326602396], [0.042697028315553213, 0.7377462145532746, 0.10003182537234949, 0.11952493165883371], [0.0597932137490326, 0.7496944265091, 0.08498934217245781, 0.10552301746941595], [0.004131161163322794, 0.0025399242477866374, 0.009807313788960666, 0.9835216006999467], [0.01852349781981893, 0.014650125382598344, 0.8908235649740417, 0.07600281172353889], [0.8943808308605773, 0.03700957555701923, 0.022645161626448692, 0.04596443185595774], [0.9126188846343778, 0.03204381530881325, 0.032814634061065995, 0.022522665895741412], [0.8455032803039413, 0.023521262234062628, 0.05814757855524892, 0.07282787880674937], [0.869549794975388, 0.02290620066737461, 0.04880315160608736, 0.05874085265116502], [0.9094306777191534, 0.026919147488299645, 0.03976201060974069, 0.023888164082809228], [0.9035802083061796, 0.03405604792043146, 0.023242808328434852, 0.03912093534494857], [0.008186234433846038, 0.0038927865088766492, 0.007331633109025291, 0.9805893458482672], [0.05482161484951415, 0.028010491487765264, 0.8699887334827815, 0.04717916007992885], [0.0075601241805880745, 0.002130976095820047, 0.011690082720814069, 0.9786188169027559], [0.032171953095303955, 0.01087490636300741, 0.8884850527629644, 0.06846808767873541], [0.21112231907294432, 0.6448531397296866, 0.08543184998493653, 0.05859269111243562], [0.21047627038624842, 0.6129580494598365, 0.05584193750264138, 0.12072374255126854]], "ideal": "C", "sampled": "C", "correct": true}}
