{"type": "result", "data": {"idx": 0, "options": ["10%", "20%", "40%", "80%"], "probs": [[0.05168402509227597, 0.4981185141663, 0.4129689885303657, 0.03722847211105838], [0.20997904199873618, 0.6367884265799527, 0.1234505993685158, 0.029781931952795316], [0.2492128647966529, 0.3982683539766402, 0.15842350607613206, 0.1940952750505749], [0.08016794114378141, 0.12418339307717864, 0.6927008576542278, 0.10294780802481211]], "ideal": "C", "sampled": "B", "correct": false}}
{"type": "result", "data": {"idx": 1, "options": ["About $300", "About $3k", "About $8k", "About $15k"], "probs": [[0.16358222946445114, 0.15368231556956272, 0.6078382503438777, 0.07489720452210846], [0.09585476272934872, 0.6550840466338795, 0.21267697831557777, 0.036384212221194], [0.21398613946260941, 0.6489410278866998, 0.08380482933940826, 0.0532680032112825], [0.24215657057776704, 0.10095303730297195, 0.554349732813305, 0.10254065920595601]], "ideal": "B", "sampled": "C", "correct": false}}
{"type": "result", "data": {"idx": 2, "options": ["52%", "62%", "72%", "82%"], "probs": [[0.16457588355922462, 0.3377178483223765, 0.4269199807917332, 0.07078628722666566], [0.1757480554329855, 0.4777661107827125, 0.3084764870238725, 0.03800934666042949], [0.1539505043747778, 0.6282574218594447, 0.15157637676167365, 0.06621569690410382], [0.16679179169680322, 0.24652764954105438, 0.5138099039931904, 0.07287065466895198]], "ideal": "C", "sampled": "D", "correct": false}}
{"type": "result", "data": {"idx": 3, "options": ["China", "United States", "Germany", "Japan"], "probs": [[0.7241197877705158, 0.13606323401806522, 0.10432348477038203, 0.03549349334103694], [0.007030736989758922, 0.02492702540845067, 0.017953995954486143, 0.9500882415473043], [0.04191113943369334, 0.022788164620547276, 0.9102736953195243, 0.025027000526235146], [0.007772968266987548, 0.8708113487873328, 0.10899437289903298, 0.012421309946646655]], "ideal": "A", "sampled": "A", "correct": true}}
{"type": "result", "data": {"idx": 4, "options": ["by 5 fold", "by 10 fold", "by 15 fold", "by 20 fold"], "probs": [[0.08329882782232852, 0.38524080754096374, 0.3733689625697847, 0.15809140196692306], [0.05605481379847457, 0.2115850966371081, 0.5751329852668876, 0.15722710419752972], [0.06735112718120617, 0.1615994024591793, 0.6910572853308463, 0.07999218492876815], [0.03466028179409329, 0.44257313845555846, 0.46380091442964244, 0.05896566522070581]], "ideal": "C", "sampled": "A", "correct": false}}
{"type": "result", "data": {"idx": 5, "options": ["Lower respiratory infections", "Preterm birth complications", "Diarrheal diseases", "Malaria"], "probs": [[0.5931799212892187, 0.1282939102718477, 0.25121303094584907, 0.02731313739308451], [0.012767218444447349, 0.9528153234539534, 0.0073899377538584705, 0.027027520247740775], [0.8763676750324834, 0.029989737567439747, 0.08152658370027394, 0.01211600359980296], [0.006843962202036159, 0.9692650978270316, 0.0069524063333301364, 0.016938533537602087]], "ideal": "A", "sampled": "C", "correct": false}}
{"type": "result", "data": {"idx": 6, "options": ["10%", "20%", "30%", "40%"], "probs": [[0.032646994183192696, 0.48732026135801065, 0.3678490125208443, 0.11218373183795238], [0.06467853244944839, 0.35517479642748045, 0.49311132377255673, 0.08703534725051444], [0.08010777920807689, 0.46827300302339336, 0.353468693374228, 0.09815052429430177], [0.11386360396593032, 0.3144056247516823, 0.4365109865901114, 0.1352197845922759]], "ideal": "C", "sampled": "D", "correct": false}}
{"type": "result", "data": {"idx": 7, "options": ["29%", "49%", "69%", "89%"], "probs": [[0.28476399392591384, 0.3489399876017615, 0.31278830996595425, 0.05350770840637043], [0.20031533240208582, 0.4731282732349848, 0.24932501460577305, 0.07723137965715629], [0.2181505509166072, 0.3541353204850763, 0.28903941609231437, 0.1386747124060021], [0.11189798514688079, 0.24444327302313565, 0.5508827689681536, 0.09277597276182994]], "ideal": "C", "sampled": "B", "correct": false}}
{"type": "result", "data": {"idx": 8, "options": ["18%", "38%", "58%", "78%"], "probs": [[0.08438497812345544, 0.6433649086434197, 0.23300610567164196, 0.03924400746148288], [0.20156608043510965, 0.6209073974400107, 0.15455483675875328, 0.022971685266126356], [0.22243837181346582, 0.6852026325821147, 0.04114976744129405, 0.051209228063125466], [0.29711500811638186, 0.17468079285256374, 0.4530787181059704, 0.07512548082508398]], "ideal": "C", "sampled": "B", "correct": false}}
{"type": "result", "data": {"idx": 9, "options": ["11%", "26%", "41%", "56%"], "probs": [[0.05770070363156331, 0.4538860523493913, 0.4468503495686097, 0.04156289435043572], [0.08431927513414825, 0.6328889467613124, 0.25973926907738937, 0.023052508927150037], [0.17164817214344333, 0.6789209755171426, 0.10250308822715681, 0.04692776401225725], [0.16943326843226286, 0.1472208670710457, 0.600763925861303, 0.08258193853538842]], "ideal": "B", "sampled": "C", "correct": false}}
{"type": "result", "data": {"idx": 10, "options": ["23%", "38%", "53%", "68%"], "probs": [[0.08435030522991291, 0.24032639022293145, 0.623353265261705, 0.051970039185450644], [0.053192382653223326, 0.658270812514264, 0.2701534532989946, 0.01838335143351811], [0.20175042496422796, 0.6312662154396889, 0.13652261439322824, 0.030460745102854892], [0.16985451189531608, 0.12046136319807654, 0.5929360565825251, 0.1167480682240822]], "ideal": "D", "sampled": "C", "correct": false}}
{"type": "result", "data": {"idx": 11, "options": ["5%", "10%", "15%", "25%"], "probs": [[0.07339214915603393, 0.2406575805051104, 0.5256417071255811, 0.16030856311327454], [0.07274727156947929, 0.2877377421431411, 0.5722328126277723, 0.06728217355960733], [0.16497671110837814, 0.34386145040347404, 0.4213043027306209, 0.06985753565752689], [0.14830862868188668, 0.3728674872065734, 0.3394968413667238, 0.13932704264481607]], "ideal": "B", "sampled": "D", "correct": false}}
{"type": "result", "data": {"idx": 12, "options": ["2%", "4%", "9%", "18%"], "probs": [[0.056833312333155486, 0.2797647139132751, 0.539261166244919, 0.12414080740865036], [0.05434040493862385, 0.49973429547520515, 0.3656127249802453, 0.08031257450592573], [0.05501192660501032, 0.5556360710303543, 0.29279873971986164, 0.09655326254477373], [0.09825894761014244, 0.25093471440544624, 0.49130754559847073, 0.15949879228594055]], "ideal": "C", "sampled": "C", "correct": true}}
{"type": "result", "data": {"idx": 13, "options": ["minimum wage legislation", "land reform", "progressive taxation", "increased access to education"], "probs": [[0.3592241134822569, 0.09669897776395907, 0.31213468542654277, 0.23194222322724123], [0.05426779521717928, 0.06968829684084929, 0.09088365089018506, 0.7851602569517864], [0.0941045277165802, 0.09265769203080741, 0.43516006737201895, 0.37807771278059343], [0.16743109127489583, 0.2218350833979466, 0.0868648912481493, 0.5238689339790082]], "ideal": "A", "sampled": "A", "correct": true}}
{"type": "result", "data": {"idx": 14, "options": ["36%", "56%", "76%", "96%"], "probs": [[0.3452422965775225, 0.30949592720002705, 0.2999720278799252, 0.045289748242525255], [0.2880240326827327, 0.505527427266511, 0.16157965059490642, 0.04486888935584989], [0.29561605495953686, 0.36221971429578276, 0.28210100003302996, 0.06006323061165041], [0.11316601762286631, 0.427112870961738, 0.3888972939326295, 0.07082381738276619]], "ideal": "B", "sampled": "C", "correct": false}}
{"type": "result", "data": {"idx": 15, "options": ["6%", "13%", "27%", "46%"], "probs": [[0.029881089674210867, 0.15657905588371, 0.7707347093334944, 0.04280514500858471], [0.026230965491058775, 0.7786933981997926, 0.18208991464131125, 0.012985721567837403], [0.33344190439937976, 0.500582622298912, 0.12856313249694923, 0.03741234070475897], [0.19801326699005595, 0.13824600852033825, 0.4393478733153338, 0.22439285107427198]], "ideal": "B", "sampled": "C", "correct": false}}
{"type": "result", "data": {"idx": 16, "options": ["34%", "49%", "64%", "79%"], "probs": [[0.06365223273839982, 0.7516336806365471, 0.15511186204864202, 0.029602224476411004], [0.031104862707179243, 0.7898089766993918, 0.16816687110139975, 0.01091928939202927], [0.16831880461323373, 0.7662750324790097, 0.04190266791138988, 0.023503494896366675], [0.19583929166740668, 0.12844933950955675, 0.5324210682700443, 0.14329030045299226]], "ideal": "A", "sampled": "B", "correct": false}}
{"type": "result", "data": {"idx": 17, "options": ["62%", "72%", "82%", "92%"], "probs": [[0.5203821522867532, 0.28740214549180154, 0.16376030016423013, 0.028455401957215153], [0.42934649496119154, 0.42271732515962607, 0.11377723422495478, 0.03415894555422759], [0.41099638426311924, 0.411024338839954, 0.12733327629634283, 0.050646000500583925], [0.22851006514149103, 0.2509943227889902, 0.44745492597326214, 0.07304068599625661]], "ideal": "C", "sampled": "B", "correct": false}}
{"type": "result", "data": {"idx": 18, "options": ["About $3k", "About $8k", "About $15k", "About $30k"], "probs": [[0.04978842678834471, 0.7203310158140763, 0.1793056881967652, 0.05057486910081379], [0.15678660598487798, 0.4754767579944142, 0.3118298355460357, 0.05590680037467209], [0.10102997117045692, 0.638564608118776, 0.18876099949612093, 0.07164442111464617], [0.08723919512803197, 0.10857751559954225, 0.7536908702658845, 0.05049241890654123]], "ideal": "C", "sampled": "B", "correct": false}}
{"type": "result", "data": {"idx": 19, "options": ["55,000", "550,000", "5,500,000", "55,000,000"], "probs": [[0.1796550127735636, 0.5983625560644552, 0.19124646197959935, 0.030735969082381805], [0.43396233214680946, 0.24343965219686925, 0.1726232566475128, 0.14997475890880851], [0.10012006237370072, 0.06881618652883861, 0.7633178999998318, 0.06774585099762889], [0.020083057995257364, 0.5961715944887249, 0.3450338754199334, 0.03871147199608436]], "ideal": "B", "sampled": "A", "correct": false}}
{"type": "result", "data": {"idx": 20, "options": ["25%", "45%", "65%", "85%"], "probs": [[0.15207268709889343, 0.49092125393196234, 0.31205136352273644, 0.04495469534640776], [0.24645852969433804, 0.4393786807312367, 0.25830213577274214, 0.05586065370168309], [0.1440421321241739, 0.5521936333790519, 0.2301913614312388, 0.07357287296553534], [0.23744703929004365, 0.32456748870574775, 0.3620885256971185, 0.07589694620709005]], "ideal": "A", "sampled": "B", "correct": false}}
{"type": "result", "data": {"idx": 21, "options": ["24%", "44%", "64%", "84%"], "probs": [[0.06313581348287538, 0.6377406452270218, 0.2658509750469672, 0.033272566143135625], [0.10416966908507694, 0.6089778081980337, 0.24605608533967843, 0.040796437277210884], [0.10445128775065604, 0.7719036677187173, 0.08009989290293604, 0.043545151527690625], [0.17331109740424777, 0.14148012856321313, 0.5864457924409716, 0.0987629814915675]], "ideal": "A", "sampled": "B", "correct": false}}
{"type": "result", "data": {"idx": 22, "options": ["25%", "40%", "55%", "75%"], "probs": [[0.2686229585895369, 0.2904821271051082, 0.3729738509362375, 0.0679210632691174], [0.3986961974857873, 0.31542174082371827, 0.23439439424595823, 0.05148766734453624], [0.3166491937819989, 0.3318841109557249, 0.21094901543312267, 0.14051767972915355], [0.27022028771977363, 0.14241555756144791, 0.45971371108803655, 0.12765044353074192]], "ideal": "D", "sampled": "B", "correct": false}}
{"type": "result", "data": {"idx": 23, "options": ["8%", "16%", "32%", "64%"], "probs": [[0.14753205248362916, 0.4203181031493307, 0.3948437946541014, 0.03730604961293872], [0.23568928197974867, 0.4912588301769777, 0.2470161619377728, 0.02603572580550084], [0.3718733135704858, 0.31810554384827144, 0.25559889886805126, 0.05442224361319147], [0.2677938619897654, 0.12071742026256277, 0.5082312783967506, 0.10325743925092118]], "ideal": "B", "sampled": "C", "correct": false}}
{"type": "result", "data": {"idx": 24, "options": ["males are more likely to have depression and are more likely to have an alcohol use disorder than females.", "females are more likely to have depression and are more likely to have an alcohol use disorder than males.", "males are more likely than females to have depression while females are more likely than males to have an alcohol use disorder.", "females are more likely than males to have depression while males are more likely than females to have an alcohol use disorder."], "probs": [[0.14123016804877503, 0.44193876443763025, 0.3085356996426754, 0.10829536777091935], [0.1454946864553613, 0.2436976959731936, 0.46977438298167434, 0.14103323448977076], [0.030085047018101083, 0.032029842344870975, 0.907324647540424, 0.03056046299660396], [0.015108080539778085, 0.8919655702622622, 0.07322076236820349, 0.019705586729756225]], "ideal": "D", "sampled": "A", "correct": false}}
{"type": "result", "data": {"idx": 25, "options": ["37%", "47%", "57%", "67%"], "probs": [[0.1941840244825615, 0.45865119524149356, 0.2915278141995566, 0.05563696597638839], [0.2011672839234225, 0.47513901828589866, 0.2881843127902429, 0.035509384900435925], [0.3113780872596779, 0.4323476906867454, 0.21070748802240416, 0.04556673393117254], [0.18243547184815717, 0.2654762109564778, 0.4659068902320533, 0.0861814268633118]], "ideal": "D", "sampled": "B", "correct": false}}
{"type": "result", "data": {"idx": 26, "options": ["1%", "3%", "6%", "10%"], "probs": [[0.04579442994925068, 0.6322166676308181, 0.2761919354478458, 0.04579696687208545], [0.07437649174544227, 0.7512211602974178, 0.15025476718017183, 0.02414758067696813], [0.16205016784090048, 0.6409635352160259, 0.12043515977742454, 0.07655113706564903], [0.09783366378290355, 0.14236442419959516, 0.6281391300342953, 0.13166278188320588]], "ideal": "D", "sampled": "B", "correct": false}}
{"type": "result", "data": {"idx": 27, "options": ["23%", "43%", "63%", "83%"], "probs": [[0.3030373054166498, 0.38309781455187486, 0.27593477632544916, 0.03793010360602621], [0.38005549143552453, 0.3302143590423368, 0.23052823485547147, 0.05920191456666719], [0.27505703007169385, 0.46065714029788973, 0.18039695233077158, 0.08388887719964479], [0.24212782035598737, 0.24982987340752652, 0.4055162313482695, 0.10252607478821663]], "ideal": "C", "sampled": "B", "correct": false}}
{"type": "result", "data": {"idx": 28, "options": ["10%", "30%", "50%", "70%"], "probs": [[0.06335367035895627, 0.6011212364156953, 0.26260413888931955, 0.07292095423602885], [0.16268831732267938, 0.4492253429623044, 0.31360158788408404, 0.07448475173093219], [0.08942375343396132, 0.6607995087082409, 0.16707216322395058, 0.08270457453384726], [0.12952270137544394, 0.12953569518703556, 0.6476454251621157, 0.0932961781754048]], "ideal": "D", "sampled": "B", "correct": false}}
{"type": "result", "data": {"idx": 29, "options": ["26%", "41%", "56%", "71%"], "probs": [[0.08606151266120082, 0.5974377833377502, 0.2651096811038097, 0.05139102279723928], [0.14828904135928453, 0.47872303611709366, 0.2995772391636094, 0.07341068326001242], [0.11877682133001582, 0.5938989407542777, 0.23623699111519325, 0.05108724670051315], [0.1455188458499309, 0.42110999316728054, 0.36019654688495994, 0.0731746139978286]], "ideal": "C", "sampled": "B", "correct": false}}
{"type": "result", "data": {"idx": 30, "options": ["690 million", "6.9 billion", "69 billion", "690 billion"], "probs": [[0.6218013878625467, 0.09993598795308659, 0.23973358121600974, 0.038529042868357], [0.5030884536077169, 0.39181466281235594, 0.07715372424288822, 0.027943159237038922], [0.6370733154218726, 0.23073857203792678, 0.10239096367559325, 0.029797148764607404], [0.0729962647108672, 0.6608720366710598, 0.172399520084864, 0.093732178433209]], "ideal": "C", "sampled": "A", "correct": false}}
{"type": "result", "data": {"idx": 31, "options": ["9%", "29%", "59%", "79%"], "probs": [[0.06011982581060186, 0.6264897140856021, 0.2611554079913978, 0.05223505201239823], [0.31645712253267005, 0.3368832468649628, 0.27928003665992296, 0.06737959384244417], [0.1926477281951143, 0.3543504827018451, 0.2803067010406493, 0.17269508796239125], [0.0820688641914105, 0.08736887218833407, 0.7666427238998311, 0.06391953962042424]], "ideal": "A", "sampled": "B", "correct": false}}
{"type": "result", "data": {"idx": 32, "options": ["31%", "51%", "71%", "91%"], "probs": [[0.21273108522213507, 0.3792818941064171, 0.33999090116830327, 0.06799611940314453], [0.11917499584826048, 0.6544717026719703, 0.16548235897721703, 0.0608709424025522], [0.24478908245483533, 0.3506843797613826, 0.2606123724410449, 0.14391416524273715], [0.11498224477104843, 0.19562015988315606, 0.6025954945692839, 0.08680210067651167]], "ideal": "B", "sampled": "C", "correct": false}}
{"type": "result", "data": {"idx": 33, "options": ["by 4 fold", "by 8 fold", "by 16 fold", "by 32 fold"], "probs": [[0.06733626578094527, 0.5296830293539015, 0.3366828488232699, 0.06629785594188324], [0.0819706212584778, 0.4867210784293816, 0.37317775147045895, 0.05813054874168163], [0.08024106560257546, 0.5398853179323813, 0.3173772252461082, 0.062496391118935055], [0.06250820494489796, 0.17532452861780293, 0.7043510044987076, 0.05781626183859155]], "ideal": "C", "sampled": "B", "correct": false}}
{"type": "result", "data": {"idx": 34, "options": ["1", "7", "13", "19"], "probs": [[0.13049608985548922, 0.25552521229772474, 0.37763756676432314, 0.23634113098246287], [0.14150066461488217, 0.2602907678181298, 0.4713413644655871, 0.12686720300140092], [0.10469306068329591, 0.5317203522638912, 0.21821346415959014, 0.14537312279322268], [0.12992602779051823, 0.21760692024449385, 0.3940359114317832, 0.25843114043320475]], "ideal": "D", "sampled": "D", "correct": true}}
{"type": "result", "data": {"idx": 35, "options": ["59%", "69%", "79%", "89%"], "probs": [[0.1903574743356956, 0.39062657436160897, 0.36696999960716525, 0.05204595159553015], [0.19888289863513584, 0.566610651156587, 0.2020373106407936, 0.03246913946748349], [0.21892334622303558, 0.5859191046045984, 0.1577007968532041, 0.037456752219161914], [0.149224534615853, 0.28321275112180994, 0.497065126846198, 0.07049758731613902]], "ideal": "D", "sampled": "C", "correct": false}}
{"type": "result", "data": {"idx": 36, "options": ["Earthquakes", "Volcanic activity", "Wildfires", "Floods"], "probs": [[0.19324818107603553, 0.04245545683037278, 0.18732978262123406, 0.5769665793723576], [0.024553708581034523, 0.006608954124462015, 0.06173010877531587, 0.9071072284191876], [0.06357475180065414, 0.020320698011252792, 0.7991695165082489, 0.11693503357984417], [0.07221978686862837, 0.5592649411814951, 0.2156229103700393, 0.1528923614798372]], "ideal": "D", "sampled": "A", "correct": false}}
{"type": "result", "data": {"idx": 37, "options": ["15%", "35%", "55%", "75%"], "probs": [[0.25354912969001747, 0.48117759998239984, 0.21688203592248317, 0.048391234305099555], [0.3282723631205871, 0.4281682457295156, 0.17031196708025514, 0.07324742396964212], [0.2617729799018528, 0.4453165862499842, 0.16128088243785613, 0.13162955131030687], [0.12656013666317864, 0.21196460721757307, 0.5246257185411348, 0.13684953747811346]], "ideal": "B", "sampled": "B", "correct": true}}
{"type": "result", "data": {"idx": 38, "options": ["by 4 fold", "by 8 fold", "by 16 fold", "by 32 fold"], "probs": [[0.06019418147848479, 0.528236163065405, 0.3305585684542395, 0.0810110869018707], [0.06820516643316098, 0.5040163660150004, 0.3573989756181531, 0.07037949183368553], [0.07332839508088651, 0.5011502206509966, 0.3498558312218708, 0.0756655529462461], [0.058454183517434324, 0.18290445683680995, 0.6902913034465509, 0.06835005609920485]], "ideal": "D", "sampled": "B", "correct": false}}
{"type": "result", "data": {"idx": 39, "options": ["36%", "51%", "66%", "81%"], "probs": [[0.12199080461554418, 0.4127346780617262, 0.38772722208212573, 0.07754729514060388], [0.061149417811819845, 0.4050652893634165, 0.4735797592155787, 0.060205533509184936], [0.0502204168455591, 0.6933281758729624, 0.19864369186844968, 0.057807715313028855], [0.11833267089036932, 0.21097664847315561, 0.5646073901775237, 0.10608329035895135]], "ideal": "C", "sampled": "D", "correct": false}}
{"type": "result", "data": {"idx": 40, "options": ["81%", "86%", "91%", "96%"], "probs": [[0.1406636627350889, 0.4070592653431787, 0.3945431547218351, 0.0577339170998973], [0.1082420258377727, 0.5005416795030123, 0.35495632354410894, 0.03625997101510603], [0.10469756512389033, 0.7044312612097121, 0.15235205745448763, 0.03851911611190997], [0.060517797181449326, 0.3537744984801837, 0.5067681820710823, 0.07893952216728464]], "ideal": "B", "sampled": "D", "correct": false}}
{"type": "result", "data": {"idx": 41, "options": ["26%", "46%", "66%", "86%"], "probs": [[0.21496837079202608, 0.42757037755561483, 0.3079699908034614, 0.049491260748897724], [0.2777025769766002, 0.3796172426575064, 0.27773923383012916, 0.06494094643576419], [0.12299372804397027, 0.5599684368989978, 0.19966701563687778, 0.11737081932015413], [0.1329046795600717, 0.19340527199811808, 0.5865192456442648, 0.0871708026975454]], "ideal": "A", "sampled": "B", "correct": false}}
{"type": "result", "data": {"idx": 42, "options": ["Brazil", "China", "Mexico", "Iran"], "probs": [[0.14756339347188074, 0.3652669678183615, 0.31732707266831855, 0.16984256594143918], [0.1043468878216539, 0.33687273166495585, 0.28812662193466776, 0.2706537584787225], [0.09900995416701633, 0.1291579613642725, 0.33496979125197157, 0.4368622931167396], [0.13625409791733947, 0.2177650118322459, 0.4538322551442664, 0.19214863500614826]], "ideal": "C", "sampled": "B", "correct": false}}
{"type": "result", "data": {"idx": 43, "options": ["1.2 million", "2.4 million", "3.6 million", "4.8 million"], "probs": [[0.06226019024353634, 0.7237665895166652, 0.15171233326695302, 0.062260886872845436], [0.14633663324300797, 0.4040578693654421, 0.3565869708729899, 0.09301852641856004], [0.05210971125520994, 0.6653072286872389, 0.1966674491318153, 0.08591561082573586], [0.05884034229959183, 0.4084437182153261, 0.46283945732386944, 0.06987648206121261]], "ideal": "A", "sampled": "B", "correct": false}}
{"type": "result", "data": {"idx": 44, "options": ["Diarrheal diseases", "Diabetes", "Dementia", "Road injuries"], "probs": [[0.7493821116564939, 0.057788712715566064, 0.02298856258761719, 0.1698406129403228], [0.013717280736488724, 0.009138388893875806, 0.9321697341725488, 0.044974596097086705], [0.0040127750157673454, 0.9666703565634852, 0.01770594865953565, 0.01161091966121176], [0.6260077426627985, 0.30989992961801954, 0.02280402581319189, 0.04128830180599012]], "ideal": "C", "sampled": "D", "correct": false}}
{"type": "result", "data": {"idx": 45, "options": ["3 million", "14 million", "42 million", "124 million"], "probs": [[0.028400952681317218, 0.11233364316505658, 0.8045180633953635, 0.05474734065826275], [0.03904609658132382, 0.6204227051562706, 0.3071320870044274, 0.03339911115797818], [0.3251147608998644, 0.39835314133463334, 0.22345682326999558, 0.05307527439550666], [0.09518138105555142, 0.1723611912176239, 0.5145737413270196, 0.217883686299805]], "ideal": "C", "sampled": "C", "correct": true}}
{"type": "result", "data": {"idx": 46, "options": ["26%", "46%", "66%", "86%"], "probs": [[0.48943771266163266, 0.34170468492614203, 0.14927741383200935, 0.0195801884802159], [0.40428185878826695, 0.3681245212703994, 0.18223388827268816, 0.04535973156864549], [0.13835120096647652, 0.6600789973963914, 0.13621538774636657, 0.06535441379076551], [0.20715063244196374, 0.32591785454103894, 0.41848953444749365, 0.04844197846950362]], "ideal": "A", "sampled": "B", "correct": false}}
{"type": "result", "data": {"idx": 47, "options": ["25%", "45%", "65%", "85%"], "probs": [[0.05799043577386572, 0.49324417149593247, 0.4089058691506446, 0.039859523479557235], [0.10678763408072293, 0.6242468193676891, 0.24066773917103354, 0.028297807280554383], [0.1993989311071216, 0.5506060616381074, 0.1963231228780537, 0.053671884276717284], [0.16298687334973777, 0.1372671116954872, 0.6151789380354007, 0.08456707681937428]], "ideal": "B", "sampled": "C", "correct": false}}
{"type": "result", "data": {"idx": 48, "options": ["6%", "16%", "36%", "66%"], "probs": [[0.12734566390459712, 0.6467644451141965, 0.1941896938675597, 0.031700197013646625], [0.2278992056268128, 0.5382769388013626, 0.1889465400583281, 0.04487731541349645], [0.38279460017413364, 0.2510664835639013, 0.26310620493362447, 0.1030327112283406], [0.23372488689190402, 0.15571286924758143, 0.49484916410454177, 0.11571307965597277]], "ideal": "C", "sampled": "B", "correct": false}}
{"type": "result", "data": {"idx": 49, "options": ["43%", "58%", "73%", "88%"], "probs": [[0.10170873253520495, 0.5165700315912568, 0.30845966932073177, 0.07326156645280645], [0.11648541369281444, 0.6396854566571709, 0.1861625351808637, 0.05766659436915097], [0.20434927481568937, 0.5384388445128252, 0.14952242038716287, 0.10768946018432256], [0.09442164706400905, 0.2863688980031416, 0.5105215094861612, 0.10868794534668824]], "ideal": "B", "sampled": "C", "correct": false}}
{"type": "result", "data": {"idx": 50, "options": ["0.50%", "2%", "6%", "12%"], "probs": [[0.03539123758319755, 0.5366315841138173, 0.3925837575996729, 0.035393420603312235], [0.08575658313348217, 0.6641774609881516, 0.21900309557719289, 0.031062860201173336], [0.16196103513082288, 0.601845388068017, 0.1521593045452018, 0.0840342721559583], [0.12951747685813708, 0.1587180894836587, 0.5626674126221117, 0.1490970209360925]], "ideal": "B", "sampled": "C", "correct": false}}
{"type": "result", "data": {"idx": 51, "options": ["strongly supported by most studies", "supported mainly by cross-section, not time-series studies", "supported mainly by time-series, not cross-section studies", "generally repudiated by empirical studies"], "probs": [[0.19976789947943357, 0.49450534544442315, 0.11208907436734558, 0.19363768060879769], [0.03508021969654842, 0.12634630045379336, 0.07663973303145485, 0.7619337467182034], [0.09344820767733641, 0.09493862940363071, 0.7353385747536522, 0.07627458806538073], [0.1309789678031665, 0.6347923088990951, 0.10527102334427076, 0.12895769985346764]], "ideal": "B", "sampled": "A", "correct": false}}
{"type": "result", "data": {"idx": 52, "options": ["12 years", "9 years", "6 years", "3 years"], "probs": [[0.06555339192514954, 0.6518413070623403, 0.21496660315951543, 0.06763869775299473], [0.10742181908080534, 0.40543939410453117, 0.32074614990688055, 0.16639263680778296], [0.0916598290113342, 0.20658251641115022, 0.5704455971147389, 0.13131205736277668], [0.048938271929525684, 0.281646676227325, 0.56898976850381, 0.10042528323933933]], "ideal": "B", "sampled": "B", "correct": true}}
{"type": "result", "data": {"idx": 53, "options": ["0.90%", "1.80%", "3.60%", "7.20%"], "probs": [[0.08637031810390904, 0.4120824345595648, 0.3871175934819887, 0.11442965375453747], [0.07453995942324058, 0.37857890125303567, 0.47116139526423945, 0.0757197439594843], [0.05587207960380775, 0.6295573781124226, 0.2209966505209268, 0.09357389166284286], [0.14542809235659382, 0.23607607359370228, 0.49979058275433264, 0.11870525119537127]], "ideal": "D", "sampled": "D", "correct": true}}
{"type": "result", "data": {"idx": 54, "options": ["14%", "24%", "34%", "44%"], "probs": [[0.09064710816842501, 0.4324800339468965, 0.37574162795555033, 0.10113122982912816], [0.13439199627468146, 0.4618296129948666, 0.3431999461724869, 0.06057844445796507], [0.16876773031550585, 0.5533949567302513, 0.2167102331686797, 0.061127079685563204], [0.16456986103804525, 0.2843706161200175, 0.46157652707970986, 0.08948299566222735]], "ideal": "A", "sampled": "D", "correct": false}}
{"type": "result", "data": {"idx": 55, "options": ["60%", "75%", "90%", "45%"], "probs": [[0.17179469296374733, 0.5996675848163074, 0.185773070780122, 0.042764651339823254], [0.1699685577882946, 0.5235840599671338, 0.1781427535513304, 0.12830462859324118], [0.09802847573734605, 0.2582963762538309, 0.5730634459219784, 0.07061170198684463], [0.14235220158696227, 0.6088047328188866, 0.21707864542361516, 0.03176442007053595]], "ideal": "B", "sampled": "A", "correct": false}}
{"type": "result", "data": {"idx": 56, "options": ["50%", "60%", "70%", "80%"], "probs": [[0.11011538243252891, 0.3843850349852122, 0.415621354552469, 0.08987822792978983], [0.2098548749700133, 0.2780401561408275, 0.4804200577036404, 0.03168491108551886], [0.2281481146915454, 0.6011424785847632, 0.12213235881903022, 0.048577047804661155], [0.1867023706249455, 0.18966741858016198, 0.5236894487810966, 0.0999407619137959]], "ideal": "D", "sampled": "D", "correct": true}}
{"type": "result", "data": {"idx": 57, "options": ["2%", "25%", "50%", "75%"], "probs": [[0.035215594658062815, 0.6341556451764363, 0.24068974494068884, 0.089939015124812], [0.12374574413226455, 0.5051388031080644, 0.28334652741370653, 0.0877689252459646], [0.10451314597276783, 0.6403694152191661, 0.15692104397635043, 0.09819639473171554], [0.16040698648320842, 0.19055942834852474, 0.42275517714297245, 0.22627840792529438]], "ideal": "D", "sampled": "B", "correct": false}}
{"type": "result", "data": {"idx": 58, "options": ["no nation has been able to grow in the past years.", "the Democratic Republic of Congo has become poorer than it initially was in 1980.", "some countries have had relatively significant growth rates.", "some countries have had relatively significant growth rates, but the Democratic Republic of Congo has become poorer than it initially was in 1980."], "probs": [[0.020050002367372553, 0.01611188099137804, 0.9364324583437296, 0.027405658197519805], [0.016422396768811166, 0.7790380831630535, 0.18503712391548396, 0.01950239605265137], [0.2257542424922683, 0.6041886310712679, 0.08436651580658538, 0.08569061052987847], [0.048172462547326156, 0.06482674156663223, 0.46428078235408765, 0.4227200134319539]], "ideal": "C", "sampled": "C", "correct": true}}
{"type": "result", "data": {"idx": 59, "options": ["15.50%", "34.80%", "48.10%", "65.20%"], "probs": [[0.037536710636798636, 0.5516495724649777, 0.3732734932126608, 0.03754022358556282], [0.14566439361593744, 0.3605634563045184, 0.47768068219846865, 0.016091467781075515], [0.16993168345342624, 0.7155216451786579, 0.0868026257873425, 0.0277440454805733], [0.17331297236813314, 0.0806125077889718, 0.707397860658827, 0.03867665908406796]], "ideal": "B", "sampled": "B", "correct": true}}
{"type": "result", "data": {"idx": 60, "options": ["5 million", "30 million", "150 million", "500 million"], "probs": [[0.047547450724395056, 0.5192623389380856, 0.3740135612045841, 0.05917664903293522], [0.23948971594474297, 0.5070300347275286, 0.2016842611748035, 0.051795988052924936], [0.1720925304953563, 0.6394424605103984, 0.12991127989482015, 0.058553728999425056], [0.12476024312110495, 0.11360609920021829, 0.6745298446868259, 0.08710381289185096]], "ideal": "C", "sampled": "B", "correct": false}}
{"type": "result", "data": {"idx": 61, "options": ["Colombia, Peru, Uruguay, and Costa Rica.", "Bhutan, Niger, Cambodia, and Costa Rica.", "Uruguay, Costa Rica, Timor-Leste, and Pakistan.", "Bhutan, Cambodia, Uruguay and Costa Rica."], "probs": [[0.05112878395695574, 0.5944273823698694, 0.18414703745186115, 0.17029679612131368], [0.05943225327414622, 0.6097656873973027, 0.1859757719807173, 0.14482628724783372], [0.06173222649371716, 0.3902053621812078, 0.408937671939465, 0.13912473928561], [0.034183965912676986, 0.828267319401759, 0.07467250169594045, 0.06287621288962349]], "ideal": "A", "sampled": "A", "correct": true}}
{"type": "result", "data": {"idx": 62, "options": ["10%", "20%", "40%", "80%"], "probs": [[0.18742191789660204, 0.40304991598867146, 0.3447544872416018, 0.06477367877312468], [0.3115777431038203, 0.4902090521078047, 0.14490750700476654, 0.05330569768360844], [0.392276215168776, 0.24549676082794042, 0.2532914393868224, 0.10893558451646118], [0.2235466837659449, 0.22009950874034967, 0.4309478699730032, 0.1254059374207022]], "ideal": "B", "sampled": "C", "correct": false}}
{"type": "result", "data": {"idx": 63, "options": ["38%", "58%", "78%", "98%"], "probs": [[0.574482146829527, 0.22149732051463386, 0.17797788742109152, 0.026042645134747584], [0.5948826778553885, 0.2599029625771869, 0.09561367293422142, 0.04960068653320312], [0.35089440561774327, 0.16576605292542881, 0.3620668785478111, 0.12127266280901677], [0.04462912082845004, 0.4369024780407335, 0.47242026120089337, 0.046048139829923077]], "ideal": "C", "sampled": "A", "correct": false}}
{"type": "result", "data": {"idx": 64, "options": ["True, True", "True, False", "False, True", "False, False"], "probs": [[0.18710609807076553, 0.4023920473539123, 0.24792546425548123, 0.16257639021984097], [0.17545642401273304, 0.4209561692677488, 0.16745611025470167, 0.2361312963648165], [0.22136091353351323, 0.22139073075794777, 0.3323794106025735, 0.22486894500596552], [0.08118015526913418, 0.5212134718373745, 0.23865158853528554, 0.15895478425820578]], "ideal": "B", "sampled": "A", "correct": false}}
{"type": "result", "data": {"idx": 65, "options": ["260", "2,600", "26,000", "260,000"], "probs": [[0.32900292084405963, 0.20913779587482023, 0.41591796001254816, 0.04594132316857198], [0.14782824890583296, 0.6421636842716758, 0.1649212812479131, 0.04508678547457817], [0.19638071513341424, 0.5863064991922023, 0.128794756620281, 0.08851802895410243], [0.14435784302165192, 0.17966629295241812, 0.5198808830474355, 0.15609498087849444]], "ideal": "C", "sampled": "C", "correct": true}}
{"type": "result", "data": {"idx": 66, "options": ["90%", "70%", "50%", "30%"], "probs": [[0.08336275597744791, 0.7315392898752833, 0.14632890735480808, 0.03876904669246068], [0.24946053881223063, 0.34638417537885485, 0.2917046611845403, 0.11245062452437421], [0.12720763397715795, 0.2778946992947613, 0.5032592302819169, 0.0916384363461639], [0.0848850745537239, 0.48852483092763604, 0.38648959889790874, 0.040100495520731326]], "ideal": "A", "sampled": "B", "correct": false}}
{"type": "result", "data": {"idx": 67, "options": ["Japan", "Canada", "Russia", "Iran"], "probs": [[0.13043731838463674, 0.40812317749124, 0.2939527122070304, 0.1674867918170929], [0.18244163287493864, 0.3103623872901014, 0.1768327460608524, 0.3303632336741076], [0.12671473904284447, 0.0986932016518337, 0.38427237531289093, 0.3903196838924309], [0.08957692312470442, 0.09536070410246439, 0.5933509026358065, 0.22171147003702477]], "ideal": "B", "sampled": "B", "correct": true}}
{"type": "result", "data": {"idx": 68, "options": ["59%", "69%", "79%", "89%"], "probs": [[0.21553358754645535, 0.3087714956208969, 0.4220405879498768, 0.05365432878277094], [0.21240500470645077, 0.47870402096777304, 0.2643666188343261, 0.044524355391450096], [0.2042037748692366, 0.3584270570403634, 0.3815393248965345, 0.05582984309386548], [0.09009108047133266, 0.3453921415914032, 0.5184993205278352, 0.04601745730942897]], "ideal": "C", "sampled": "C", "correct": true}}
{"type": "result", "data": {"idx": 69, "options": ["9%", "19%", "39%", "59%"], "probs": [[0.07523826424876431, 0.6811956686456773, 0.20135928463383373, 0.04220678237172467], [0.16353876006229834, 0.579837820614924, 0.2067448722641876, 0.04987854695859012], [0.30494377468373374, 0.4103754223528719, 0.19999729392908713, 0.0846835089343072], [0.321901252180893, 0.2144506807574553, 0.3591346633333051, 0.10451340362834655]], "ideal": "B", "sampled": "B", "correct": true}}
{"type": "result", "data": {"idx": 70, "options": ["18%", "38%", "58%", "78%"], "probs": [[0.30079281719289913, 0.480705207845436, 0.188249873570432, 0.030252101291232857], [0.4694919708835984, 0.3227022169691151, 0.16741768390435383, 0.04038812814293265], [0.4620548016095489, 0.37714822671709114, 0.10975885726312216, 0.05103811431023781], [0.32627791163042763, 0.18304325638371136, 0.4190025925217289, 0.07167623936413212]], "ideal": "B", "sampled": "B", "correct": true}}
{"type": "result", "data": {"idx": 71, "options": ["24%", "39%", "54%", "69%"], "probs": [[0.09233718032228763, 0.30757094801439, 0.5482904559551456, 0.05180141560817679], [0.05812653380918608, 0.7081883825993825, 0.21263188953297976, 0.021053193958451576], [0.16322790145785623, 0.6661317360700029, 0.1418269599350516, 0.028813402437089342], [0.16776811574902975, 0.17861632468653735, 0.5249675355336357, 0.12864802393079713]], "ideal": "A", "sampled": "C", "correct": false}}
{"type": "result", "data": {"idx": 72, "options": ["1.5 children per woman", "2.5 children per woman", "3.5 children per woman", "4.5 children per woman"], "probs": [[0.7089792940079509, 0.1311550411400445, 0.13322053575408063, 0.02664512899792396], [0.5850200198103715, 0.2941807877431745, 0.09256817623677957, 0.028231016109674364], [0.5896283099016868, 0.16120421235461413, 0.17983598453132937, 0.06933149311236962], [0.057887960106393, 0.8375008031936622, 0.09107449473087871, 0.013536741869066105]], "ideal": "B", "sampled": "A", "correct": false}}
{"type": "result", "data": {"idx": 73, "options": ["$300 ", "$1,000 ", "$10,000 ", "$30,000 "], "probs": [[0.037601481475767626, 0.2610247050804521, 0.5701266397814522, 0.13124717356232807], [0.03550889821022004, 0.08128670099419201, 0.8339037546844971, 0.04930064601109089], [0.05037620030680644, 0.6332220576045454, 0.22228304046292371, 0.09411870152572442], [0.10362154962415783, 0.12897028556887905, 0.4943893481006543, 0.2730188166063088]], "ideal": "C", "sampled": "D", "correct": false}}
{"type": "result", "data": {"idx": 74, "options": ["20%", "40%", "60%", "80%"], "probs": [[0.12301454954973587, 0.37895527603791496, 0.3730649955474418, 0.12496517876490736], [0.13166716987814234, 0.5047789924410131, 0.2701796353378342, 0.09337420224301039], [0.19166617317066773, 0.39332435067454796, 0.2703129592547374, 0.14469651680004683], [0.1708813284035311, 0.2907186404962894, 0.36749103114072645, 0.170908999859453]], "ideal": "C", "sampled": "C", "correct": true}}
{"type": "result", "data": {"idx": 75, "options": ["41%", "56%", "71%", "86%"], "probs": [[0.06474052513653519, 0.4784105824590521, 0.42219425187197446, 0.03465464043243821], [0.06786018855102237, 0.7296145020817524, 0.18738305678276196, 0.01514225248446331], [0.1627052155427854, 0.7292338135167097, 0.0831084339758643, 0.02495253686464057], [0.18375886837970287, 0.20183867063710315, 0.5401514131769448, 0.07425104770624914]], "ideal": "B", "sampled": "C", "correct": false}}
{"type": "result", "data": {"idx": 76, "options": ["1%", "2%", "4%", "8%"], "probs": [[0.03753736368130385, 0.3046500188621591, 0.5691571425912384, 0.08865547476529868], [0.05544485813652065, 0.47899772998374357, 0.39094569692657455, 0.07461171485316119], [0.07318381364640439, 0.6943849351439315, 0.1098678990451879, 0.12256335206447623], [0.07522511128757987, 0.09510292607876683, 0.6601403699228342, 0.16953159261081915]], "ideal": "C", "sampled": "C", "correct": true}}
{"type": "result", "data": {"idx": 77, "options": ["US", "Chile", "Ireland", "Spain"], "probs": [[0.6984750835934695, 0.13331365981299678, 0.1022189885936975, 0.06599226789983614], [0.04910949103271563, 0.09033062673541116, 0.11599007183521534, 0.7445698102966578], [0.038440897412538796, 0.024059408869917767, 0.8481213903452722, 0.08937830327227117], [0.013879113740067525, 0.8722081149024162, 0.07048931470936606, 0.04342345654815016]], "ideal": "A", "sampled": "A", "correct": true}}
{"type": "result", "data": {"idx": 78, "options": ["was approximately zero", "exceeded that of high income countries", "exceeded that of Britain during the industrial revolution", "was approximately 3.0% per year"], "probs": [[0.18558023000225587, 0.528710144550349, 0.0359793578194395, 0.24973026752795563], [0.3252985531654631, 0.029791109760330226, 0.6173603637574222, 0.027549973216784523], [0.0067741700333178115, 0.9744805871222717, 0.007920230398717311, 0.010825012345693172], [0.2448781868388817, 0.04674403351545778, 0.6762558195948268, 0.03212195995083367]], "ideal": "C", "sampled": "D", "correct": false}}
