{"type": "result", "data": {"idx": 0, "options": ["(0, \u2013 3)", "(4, 1)", "(2, 2)", "(\u2013 4, \u20132)"], "probs": [[0.2201846092719192, 0.3154220878762489, 0.35192003842649316, 0.11247326432533868], [0.18868827621048803, 0.5546261171776244, 0.20090149034921573, 0.055784116162671774], [0.181310725472458, 0.585322252076115, 0.1503466643191036, 0.08302035803232345], [0.1652584945206713, 0.36098488623786845, 0.24428864947068626, 0.22946796967077399]], "ideal": "D", "sampled": "C", "correct": false}}
{"type": "result", "data": {"idx": 1, "options": ["2500", "2", "50", "25"], "probs": [[0.14156720462716174, 0.40334401732655223, 0.324134657473774, 0.13095412047251198], [0.1862900056058891, 0.3071871559782855, 0.4400836458405764, 0.06643919247524899], [0.07343628194800911, 0.7534590726820075, 0.14608292164889136, 0.02702172362109197], [0.13770466938947953, 0.5447087842820604, 0.2494019102100333, 0.06818463601842675]], "ideal": "C", "sampled": "D", "correct": false}}
{"type": "result", "data": {"idx": 2, "options": ["392", "336", "300", "297"], "probs": [[0.2371436751290119, 0.4034462480563394, 0.2605474830780964, 0.0988625936365523], [0.2787978288521212, 0.1588789934011592, 0.4895889053096036, 0.072734272337116], [0.1696088139601493, 0.530736617232884, 0.19836762249918513, 0.10128694620778156], [0.31808396696718644, 0.2556282243528408, 0.34953885746174196, 0.07674895111823075]], "ideal": "A", "sampled": "D", "correct": false}}
{"type": "result", "data": {"idx": 3, "options": ["\\frac{7}{9}", "\\frac{8}{9}", "\\frac{5}{9}", "\\frac{9}{11}"], "probs": [[0.08609255274131432, 0.6461998127320947, 0.18807890729097898, 0.07962872713561198], [0.08876390754288906, 0.48744711274994607, 0.324757128921458, 0.09903185068570686], [0.0987011462738415, 0.40278668987339084, 0.4028405426683351, 0.09567162108443254], [0.08188755216911289, 0.49387473782940333, 0.3670670756156817, 0.057170634285802054]], "ideal": "B", "sampled": "B", "correct": true}}
{"type": "result", "data": {"idx": 4, "options": ["(-inf, 10)", "(-inf, 9)", "(-inf, 8)", "(-inf, 7)"], "probs": [[0.14567940152737147, 0.4852211845213908, 0.27649653367163235, 0.09260288017960537], [0.11881708492767895, 0.6226037011867803, 0.17562821324113675, 0.08295100054440391], [0.11714577237292255, 0.6043256295491809, 0.15766004629122982, 0.12086855168666669], [0.12951016231806142, 0.3689688686811182, 0.4052736698390034, 0.09624729906181688]], "ideal": "C", "sampled": "B", "correct": false}}
{"type": "result", "data": {"idx": 5, "options": ["396", "72", "66", "36"], "probs": [[0.024263803885074577, 0.08082154716052896, 0.8827112073654323, 0.012203441488964156], [0.014754412373091436, 0.9717617418437517, 0.01223409987307553, 0.001249745810081252], [0.6062542493083746, 0.264894170450097, 0.09299930634533819, 0.03585227379619016], [0.06661264498442895, 0.18978771282641058, 0.3834038915339578, 0.3601957505552026]], "ideal": "B", "sampled": "C", "correct": false}}
{"type": "result", "data": {"idx": 6, "options": ["0.16", "0.24", "0.3", "0.5"], "probs": [[0.2237787884208818, 0.5715366111782975, 0.15627883664220238, 0.04840576365861832], [0.23035270488237122, 0.5191853161945013, 0.1559105699184471, 0.09455140890468046], [0.1598686128694883, 0.32300800081837666, 0.44158861036653146, 0.07553477584560357], [0.11963191436424275, 0.6171996706062521, 0.23430059505029785, 0.02886781987920727]], "ideal": "C", "sampled": "A", "correct": false}}
{"type": "result", "data": {"idx": 7, "options": ["42", "12", "36", "39"], "probs": [[0.18348480212389007, 0.3428273098475442, 0.37074734652068114, 0.10294054140788458], [0.058327381648388486, 0.45881322876270847, 0.3925091100931511, 0.09035027939575194], [0.15090556666095342, 0.36203671037565355, 0.4506450958195458, 0.036412627043847234], [0.13333412705516845, 0.6361457562671939, 0.18515123011217455, 0.04536888646546312]], "ideal": "A", "sampled": "A", "correct": true}}
{"type": "result", "data": {"idx": 8, "options": ["\\frac{125}{648}", "\\frac{25}{648}", "\\frac{625}{648}", "\\frac{1}{648}"], "probs": [[0.05645582367726129, 0.7554116135763959, 0.15110583376705813, 0.037026728879284695], [0.07349855835365822, 0.6973755722661986, 0.15562240099361596, 0.07350346828652718], [0.09049377387243578, 0.41847171439951825, 0.39317866277088864, 0.09785584885715734], [0.04894464780335206, 0.5870571666325249, 0.30939286598382965, 0.054605319480293395]], "ideal": "C", "sampled": "B", "correct": false}}
{"type": "result", "data": {"idx": 9, "options": ["8", "12", "10", "4"], "probs": [[0.15118376458611926, 0.5035657732112568, 0.2738242365496445, 0.07142622555297934], [0.21117293989910652, 0.3220354938336701, 0.3537377145066107, 0.11305385166061274], [0.11573107915334935, 0.34018960906489915, 0.4301177977454545, 0.11396151393629697], [0.17640244959020887, 0.4038312732769539, 0.32964995500129096, 0.09011632203154622]], "ideal": "B", "sampled": "B", "correct": true}}
{"type": "result", "data": {"idx": 10, "options": ["13", "14", "1", "2"], "probs": [[0.19887986768878516, 0.4344683016751087, 0.2849998388154297, 0.08165199172067644], [0.12775917540344295, 0.35837057763286817, 0.40624064808360355, 0.10762959878008528], [0.19436787573753897, 0.45913923979420124, 0.29655037100572934, 0.049942513362530465], [0.19707423762054005, 0.5793539535805018, 0.17674391406533474, 0.04682789463362343]], "ideal": "D", "sampled": "A", "correct": false}}
{"type": "result", "data": {"idx": 11, "options": ["30", "64", "2048", "60"], "probs": [[0.1228741681140567, 0.6961971209923921, 0.13711445594049385, 0.04381425485305739], [0.10996444931884355, 0.11707114118176999, 0.7062633896010938, 0.06670101979829261], [0.11790254141556189, 0.571403392666113, 0.23456399489924107, 0.07613007091908411], [0.17679942022883866, 0.2572721973786747, 0.5038600840451314, 0.06206829824735521]], "ideal": "D", "sampled": "D", "correct": true}}
{"type": "result", "data": {"idx": 12, "options": ["0", "1", "2", "4"], "probs": [[0.11393230982576465, 0.5878174216782719, 0.17111737769446184, 0.12713289070150158], [0.1434798517161201, 0.36079644615623785, 0.3608940189582715, 0.13482968306937054], [0.09019590168289401, 0.3624336421127282, 0.48031979794467433, 0.06705065815970347], [0.12806723390403457, 0.6504792255398217, 0.17787151665574155, 0.04358202380040212]], "ideal": "D", "sampled": "A", "correct": false}}
{"type": "result", "data": {"idx": 13, "options": ["92", "93", "94.5", "95"], "probs": [[0.037016731441356227, 0.21303487218713668, 0.6985369454098251, 0.05141145086168195], [0.06711849405878517, 0.6885881423622003, 0.23065330593473393, 0.013640057544280553], [0.17960904554940632, 0.45156674852002365, 0.2915544568671867, 0.07726974896338332], [0.045847027635329086, 0.17035530188549514, 0.7400348643957098, 0.04376280598346599]], "ideal": "B", "sampled": "C", "correct": false}}
{"type": "result", "data": {"idx": 14, "options": ["R <= T <= M <= L", "L <= T <= M <= R", "R <= M <= T <= L", "L <= M <= T <= R"], "probs": [[0.03976243045942157, 0.21498318846800013, 0.631977626347492, 0.11327675462508624], [0.04194464515990737, 0.08474323108473575, 0.8168676330014376, 0.056444490653919294], [0.04084064423316362, 0.19184610174225297, 0.6491327856981836, 0.11818046822639983], [0.03350568114990928, 0.0635914043215832, 0.8510073232319654, 0.0518955911965422]], "ideal": "D", "sampled": "B", "correct": false}}
{"type": "result", "data": {"idx": 15, "options": ["16", "2\\sqrt{2}", "5", "5+2\\sqrt{13}"], "probs": [[0.2767444838428002, 0.18729762661335855, 0.48632290773325587, 0.049634981710585356], [0.12920592820250806, 0.5441003481805142, 0.2378564941485527, 0.08883722936842499], [0.2093253793902099, 0.526345209019753, 0.2161260907471446, 0.04820332074289254], [0.17848333182685905, 0.25174727283144005, 0.14806484733338146, 0.4217045479083194]], "ideal": "D", "sampled": "C", "correct": false}}
{"type": "result", "data": {"idx": 16, "options": ["8", "3", "6", "9"], "probs": [[0.21367439842028113, 0.46674394801098024, 0.2421810333378705, 0.07740062013086815], [0.19434702249649535, 0.4810557627118201, 0.22375304828020773, 0.10084416641147678], [0.2104623505721323, 0.23480795758864548, 0.4971826466641094, 0.057547045075112796], [0.2544214001773135, 0.40660387019796285, 0.26256941526830635, 0.07640531425641725]], "ideal": "A", "sampled": "A", "correct": true}}
{"type": "result", "data": {"idx": 17, "options": ["-2", "-4", "-1", "1"], "probs": [[0.093041914309992, 0.4725644937582753, 0.30519927933446117, 0.12919431249727156], [0.12217172706011725, 0.3269979284302691, 0.45416935258653895, 0.0966609918230747], [0.09839491251930382, 0.4843802307246464, 0.3330503602573904, 0.08417449639865937], [0.13045789300090838, 0.47726696724887363, 0.3131344020053534, 0.07914073764486455]], "ideal": "B", "sampled": "D", "correct": false}}
{"type": "result", "data": {"idx": 18, "options": ["1", "3", "0", "5"], "probs": [[0.12299062310419416, 0.4293418228196909, 0.37306296821678303, 0.07460458575933183], [0.10375909109058438, 0.6873170367159073, 0.15338153159736276, 0.0555423404961456], [0.10498503948499052, 0.594841934873212, 0.19014162605062002, 0.11003139949117739], [0.11098785200323091, 0.5637004500890932, 0.2242476841042433, 0.10106401370343256]], "ideal": "A", "sampled": "C", "correct": false}}
{"type": "result", "data": {"idx": 19, "options": ["(-\\infty,-1)\\cup (1,\\infty)", "(-\\infty,0)\\cup (0,\\infty)", "[-1,1]", "(-1,1)"], "probs": [[0.08001003652040861, 0.09958163199566279, 0.7021596640289904, 0.11824866735493811], [0.14409317396838617, 0.5611108666345589, 0.2650601624818363, 0.02973579681521865], [0.3678534849246269, 0.5437450296983357, 0.05913413194259593, 0.02926735333444147], [0.315426427264767, 0.4050606337879613, 0.052311336530306986, 0.2272016023169647]], "ideal": "B", "sampled": "C", "correct": false}}
{"type": "result", "data": {"idx": 20, "options": ["\\frac{5}{x-4}", "\\frac{x-4}{5}", "\\frac{x+4}{5}", "-\\frac{x-4}{5}"], "probs": [[0.2399793898816245, 0.6422621702842716, 0.061640267241397595, 0.05611817249270633], [0.5281680029039907, 0.2656040986509221, 0.15861014429346063, 0.04761775405162658], [0.0659450121399935, 0.8552376936372487, 0.025827634211100587, 0.05298965991165724], [0.20227577735902447, 0.5853389508282235, 0.19004177623901758, 0.022343495473734452]], "ideal": "D", "sampled": "B", "correct": false}}
{"type": "result", "data": {"idx": 21, "options": ["\u221216", "32", "\u221232", "64"], "probs": [[0.331438140197839, 0.20105409103746033, 0.4061909514277382, 0.061316817236962404], [0.12063999704585104, 0.6321800883188381, 0.17284863872676434, 0.07433127580854655], [0.10261902670813226, 0.09491936540784095, 0.723772856093368, 0.07868875169065868], [0.05859017084844716, 0.6499466807821148, 0.24288668146021802, 0.04857646680922001]], "ideal": "B", "sampled": "A", "correct": false}}
{"type": "result", "data": {"idx": 22, "options": ["7", "11", "16", "8"], "probs": [[0.2577391468197236, 0.4891355121832923, 0.20392727955057746, 0.04919806134640663], [0.24191450349312324, 0.4887127730145269, 0.2345162261932155, 0.03485649719913434], [0.2533410219595674, 0.5533819259900266, 0.16106353878552876, 0.0322135131648772], [0.33136378851368464, 0.36968581900848296, 0.2581123344089277, 0.04083805796890466]], "ideal": "D", "sampled": "D", "correct": true}}
{"type": "result", "data": {"idx": 23, "options": ["4", "8", "2", "1"], "probs": [[0.0780500645240039, 0.6742927644900534, 0.2189382234778174, 0.028718947408125306], [0.17663351136864106, 0.6165558923727095, 0.13975498735967531, 0.0670556087989742], [0.11341309519476521, 0.2516348223054305, 0.5761024720157586, 0.05884961038404571], [0.08416124871372542, 0.5842396325009755, 0.24741780555698167, 0.08418131312831736]], "ideal": "B", "sampled": "A", "correct": false}}
{"type": "result", "data": {"idx": 24, "options": ["Friday", "Thursday", "Wednesday", "Tuesday"], "probs": [[0.13408529757112517, 0.27948358652181055, 0.3319374322559298, 0.2544936835511345], [0.06755643588956782, 0.4474915432293086, 0.1725382272927118, 0.31241379348841175], [0.09368592499749787, 0.33740124103033153, 0.29778721925618623, 0.27112561461598433], [0.06729076400973444, 0.5905192141824995, 0.13810308943183494, 0.20408693227593103]], "ideal": "A", "sampled": "A", "correct": true}}
{"type": "result", "data": {"idx": 25, "options": ["5", "3", "15", "31"], "probs": [[0.05479512347810626, 0.6079364584121411, 0.20370045350575203, 0.13356796450400069], [0.1768281104819732, 0.3985861151274523, 0.35744087768561134, 0.06714489660496319], [0.046548972206609744, 0.8382032307052614, 0.08565194557737603, 0.02959585141075285], [0.1532503171633321, 0.5875751796499862, 0.18788231347463305, 0.07129218961204867]], "ideal": "C", "sampled": "D", "correct": false}}
{"type": "result", "data": {"idx": 26, "options": ["145", "90", "60", "70"], "probs": [[0.09741244972184077, 0.4166248657612668, 0.4039175422638767, 0.08204514215301575], [0.09472810299626233, 0.2698839852338114, 0.5805530439378719, 0.054834867732054364], [0.08399901319202809, 0.3706626497038139, 0.4989402759597627, 0.04639806104439528], [0.055094507139946694, 0.6505904546214774, 0.2629185700668639, 0.03139646807171204]], "ideal": "D", "sampled": "A", "correct": false}}
{"type": "result", "data": {"idx": 27, "options": ["2 min", "5 min", "18 min", "20 min"], "probs": [[0.05412248531111488, 0.1426112407042439, 0.7590869155379345, 0.0441793583467067], [0.023095293983363657, 0.8533035706655376, 0.09573895849903238, 0.027862176752066287], [0.05722393350731995, 0.526274048913872, 0.3345230072934043, 0.08197901018540381], [0.02037341824208327, 0.6853586204848251, 0.24058478261634264, 0.05368317855674903]], "ideal": "C", "sampled": "C", "correct": true}}
{"type": "result", "data": {"idx": 28, "options": ["(-4,4)", "[0,4]", "(-inf, -1) U (4, inf)", "(-inf, -1) U (-1, 4) U (4, inf)"], "probs": [[0.13799081947005956, 0.5543936573069272, 0.1799933638987757, 0.12762215922423753], [0.30920615558805875, 0.2905126490115237, 0.30449065336154807, 0.0957905419388695], [0.12290166317187579, 0.7297785877451679, 0.0405381917912953, 0.10678155719166102], [0.2859420882365358, 0.26864473207735806, 0.3672400764369242, 0.07817310314918198]], "ideal": "C", "sampled": "D", "correct": false}}
{"type": "result", "data": {"idx": 29, "options": ["1", "e", "2/e", "1/e"], "probs": [[0.24245585092515437, 0.3697584436356116, 0.30656619247259564, 0.08121951286663835], [0.1808995027751907, 0.29367556919904775, 0.47673197055422545, 0.048692957371536054], [0.1907836120676801, 0.587744734666013, 0.18209790369902135, 0.039373749467285585], [0.23114685884151204, 0.438701901084287, 0.2539224047252112, 0.07622883524898968]], "ideal": "D", "sampled": "D", "correct": true}}
{"type": "result", "data": {"idx": 30, "options": ["1", "2", "0", "5"], "probs": [[0.818560331286578, 0.09476369265399605, 0.05235107420043636, 0.03432490175898962], [0.21848925157053742, 0.19895690092394525, 0.19900187262373287, 0.38355197478178443], [0.10606635360849202, 0.25847420093812656, 0.5388637184557877, 0.09659572689759369], [0.2547958119019638, 0.47606824404997633, 0.14297124315944387, 0.12616470078861597]], "ideal": "C", "sampled": "A", "correct": false}}
{"type": "result", "data": {"idx": 31, "options": ["10", "16", "24", "12"], "probs": [[0.09140839290586376, 0.3731202427204816, 0.4572656682083856, 0.07820569606526903], [0.11676686087534385, 0.2511761587804489, 0.5751321461304514, 0.056924834113755894], [0.040901402430322385, 0.8217175465215198, 0.10127790092099404, 0.03610315002716375], [0.1518706999846028, 0.4535425372496078, 0.2666625121961977, 0.1279242504695917]], "ideal": "A", "sampled": "D", "correct": false}}
{"type": "result", "data": {"idx": 32, "options": ["12", "22", "840", "240"], "probs": [[0.24626061982305317, 0.26217191529801165, 0.439126029745035, 0.05244143503390018], [0.2935640811626602, 0.2715380787577888, 0.39516007896286437, 0.03973776101668662], [0.3931523939661107, 0.3524561596253801, 0.22406845251605548, 0.03032299379245374], [0.21553753153659086, 0.2724933007646304, 0.422103670032553, 0.08986549756622574]], "ideal": "D", "sampled": "C", "correct": false}}
{"type": "result", "data": {"idx": 33, "options": ["8788", "2", "2197", "21"], "probs": [[0.05815478894566321, 0.6252896901580075, 0.2526750611386918, 0.06388045965763747], [0.16700510181291467, 0.5391533809613442, 0.21115503573824304, 0.08268648138749804], [0.4432437187473351, 0.38514671299699005, 0.13521909913885086, 0.036390469016824016], [0.5490521931224571, 0.17550695398389343, 0.22893500922769172, 0.04650584356595771]], "ideal": "A", "sampled": "C", "correct": false}}
{"type": "result", "data": {"idx": 34, "options": ["-9", "-5", "-6", "-57"], "probs": [[0.1887286361484339, 0.3261243797847655, 0.4123718861039935, 0.07277509786280707], [0.25861397383011087, 0.3647398352258246, 0.29775717851522243, 0.07888901232884206], [0.2593797685085189, 0.2761360344878261, 0.3546342770109873, 0.10984991989266768], [0.21351349250971782, 0.2964648383213023, 0.35213834400393246, 0.13788332506504739]], "ideal": "A", "sampled": "C", "correct": false}}
{"type": "result", "data": {"idx": 35, "options": ["15", "5", "9", "17"], "probs": [[0.13632432404086006, 0.2933183457168544, 0.4689833574803316, 0.10137397266195396], [0.11001645355365573, 0.45623446865986583, 0.3236682809168765, 0.1100807967696019], [0.14568127068500863, 0.44198882229610015, 0.3390365146677319, 0.07329339225115933], [0.14512606720577642, 0.55655774391021, 0.17795092793753803, 0.12036526084647559]], "ideal": "D", "sampled": "C", "correct": false}}
{"type": "result", "data": {"idx": 36, "options": ["252", "4680", "98770", "101170"], "probs": [[0.260651455610554, 0.5265682064514985, 0.16064203436188146, 0.052138303476066045], [0.36529299898902406, 0.33262652149091526, 0.25912480880334815, 0.04295567061671247], [0.09483327503671754, 0.4595786229900701, 0.39321186255728313, 0.05237623931592927], [0.09075424716582346, 0.5559733306935765, 0.3023600792017769, 0.05091234283882322]], "ideal": "C", "sampled": "A", "correct": false}}
{"type": "result", "data": {"idx": 37, "options": ["4.5", "1", "5.5", "5"], "probs": [[0.09793475576547539, 0.35272715895550566, 0.42551384449903507, 0.1238242406799839], [0.061541836530479704, 0.6216231786300219, 0.2673772999920269, 0.049457684747471434], [0.12068915979311488, 0.4279327081286347, 0.42797785864376764, 0.023400273334482774], [0.034276871082200455, 0.8436098850027327, 0.08618706014405039, 0.0359261836710164]], "ideal": "C", "sampled": "A", "correct": false}}
{"type": "result", "data": {"idx": 38, "options": ["240", "120", "60", "111"], "probs": [[0.21879759894784193, 0.40881032422361474, 0.31349217711164434, 0.058899899616899], [0.0849601570795488, 0.2786021890645268, 0.5370917439763733, 0.09934590977955111], [0.28523817230534, 0.3084485782605627, 0.323287810005883, 0.08302543932821432], [0.06821894416286894, 0.18837557099596855, 0.7000363829764764, 0.043369101764686044]], "ideal": "A", "sampled": "B", "correct": false}}
{"type": "result", "data": {"idx": 39, "options": ["24", "5", "3", "21"], "probs": [[0.2609790641100217, 0.47261981579762596, 0.18803287110930494, 0.07836824888304736], [0.16382893404686896, 0.438476290568152, 0.13586428079821697, 0.26183049448676204], [0.1287586097616787, 0.25212848277896815, 0.5773063919015581, 0.04180651545779512], [0.05117668458025338, 0.8931222446355909, 0.03687297253825443, 0.018828098145901324]], "ideal": "A", "sampled": "A", "correct": true}}
{"type": "result", "data": {"idx": 40, "options": ["1", "-3", "-1", "3"], "probs": [[0.07852497315804459, 0.6473255439378002, 0.22725463300790433, 0.04689484979625094], [0.13957220730495098, 0.5105636271491784, 0.2690753420642756, 0.08078882338159504], [0.12074585437678609, 0.23642337672169159, 0.576140710298334, 0.06669005850318833], [0.09123464604870098, 0.3723195763132217, 0.47072267176925686, 0.06572310576882044]], "ideal": "B", "sampled": "B", "correct": true}}
{"type": "result", "data": {"idx": 41, "options": ["4", "6", "10", "15"], "probs": [[0.21363140958842267, 0.3060514376163119, 0.3869546411090766, 0.09336251158618877], [0.18753810504495438, 0.2905064566218391, 0.27725398950864927, 0.24470144872455724], [0.13309690652418377, 0.13311757443521954, 0.6555149701069797, 0.07827054883361695], [0.180650289675427, 0.44716915168875015, 0.27988152381253006, 0.09229903472329275]], "ideal": "C", "sampled": "A", "correct": false}}
{"type": "result", "data": {"idx": 42, "options": ["Alice", "Devon", "Bob", "Gerald"], "probs": [[0.19085006698324225, 0.46504873725664386, 0.20002250669420032, 0.14407868896591355], [0.13694691452583746, 0.3840883912642901, 0.15041635704896175, 0.32854833706091063], [0.14933935406268214, 0.2139309516972382, 0.4896947747161182, 0.14703491942396146], [0.08343383420366669, 0.6165133530324093, 0.15588369499424834, 0.1441691176696757]], "ideal": "B", "sampled": "A", "correct": false}}
{"type": "result", "data": {"idx": 43, "options": ["(6-3x)(6+3x)", "(-3x+6)(3x+6)", "9(2-x)(2+x)", "3(2+x)^2"], "probs": [[0.2598335541462924, 0.5008683390738007, 0.1391164712139604, 0.10018163546594651], [0.24611362468868844, 0.4121832838105778, 0.19473175741783366, 0.1469713339829001], [0.2248296588434457, 0.3482456206927145, 0.3429045676842154, 0.08402015267962441], [0.08405559822283548, 0.7730109382769429, 0.08950142894913164, 0.053432034451089946]], "ideal": "C", "sampled": "A", "correct": false}}
{"type": "result", "data": {"idx": 44, "options": ["100", "90950", "5200", "50"], "probs": [[0.11948089356515107, 0.32485010414787285, 0.4654540433201132, 0.09021495886686284], [0.04368853057725256, 0.8374492856085336, 0.09108646669730525, 0.02777571701690855], [0.1281804432727333, 0.6930440611962532, 0.1079736045791, 0.07080189085191356], [0.19816501436636055, 0.6498649119680946, 0.08660709857074603, 0.06536297499479884]], "ideal": "C", "sampled": "C", "correct": true}}
{"type": "result", "data": {"idx": 45, "options": ["\\frac{1}{8}", "\\frac{1}{7}", "\\frac{1}{40}", "\\frac{1}{35}"], "probs": [[0.12241283149100717, 0.6722552229704885, 0.1344767669787396, 0.07085517845976484], [0.10986483251332176, 0.5080740271657336, 0.28953429446362833, 0.09252684575731626], [0.0892913071346462, 0.4903609496421504, 0.3644640255261963, 0.055883717597007145], [0.11005803982579593, 0.613921644529111, 0.22237636229547483, 0.05364395324961826]], "ideal": "D", "sampled": "A", "correct": false}}
{"type": "result", "data": {"idx": 46, "options": ["5", "11", "17", "199"], "probs": [[0.11102101153971082, 0.30181643223251264, 0.5728220316342856, 0.014340524493490882], [0.08634346041965915, 0.8585925761391874, 0.03832270233190316, 0.01674126100925031], [0.11218800143845553, 0.18212061711545116, 0.6066624386002883, 0.099028942745805], [0.04805540611797498, 0.4631589300859361, 0.3336287997296371, 0.15515686396645176]], "ideal": "D", "sampled": "C", "correct": false}}
{"type": "result", "data": {"idx": 47, "options": ["7", "5", "2", "25"], "probs": [[0.20169189344909114, 0.5484129724653055, 0.19560152071693837, 0.05429361326866495], [0.13072540936041577, 0.6745263294185421, 0.09132199736920199, 0.10342626375184012], [0.07916339877215843, 0.09702848953401125, 0.7172724879290014, 0.10653562366482884], [0.055771453085498385, 0.723434778847667, 0.17735271983486423, 0.04344104813197034]], "ideal": "A", "sampled": "A", "correct": true}}
{"type": "result", "data": {"idx": 48, "options": ["792", "66", "396", "72"], "probs": [[0.01624640970686014, 0.8870840461250851, 0.08381604952327822, 0.012853494544776625], [0.6044000341556061, 0.20566528880279003, 0.14814866967397117, 0.04178600726763271], [0.03577281840211018, 0.5509580270589151, 0.11370304013949858, 0.2995661142994762], [0.05033794958774111, 0.07325051224711651, 0.8384065908311066, 0.038004947234035795]], "ideal": "D", "sampled": "B", "correct": false}}
{"type": "result", "data": {"idx": 49, "options": ["5", "-75", "-64", "-24"], "probs": [[0.13043449202298943, 0.672890112154034, 0.11878467401465599, 0.07789072170832055], [0.2546807333627773, 0.33218635486488357, 0.37644077886172966, 0.036692132810609464], [0.12747228381760273, 0.7568847081218141, 0.0785447448142443, 0.03709826314633886], [0.27793864736527496, 0.41726598632538064, 0.21313542345207898, 0.09165994275726541]], "ideal": "B", "sampled": "D", "correct": false}}
{"type": "result", "data": {"idx": 50, "options": ["\\frac{1}{27}", "\\frac{1}{68}", "\\frac{1}{3}", "\\frac{1}{243}"], "probs": [[0.0995544254746657, 0.1339850852655732, 0.7131652129001739, 0.05329527625958719], [0.08624248784053969, 0.6999478808800607, 0.09774435966005425, 0.11606527151934536], [0.30152632210603897, 0.2206349555596262, 0.3872866428181188, 0.09055207941621597], [0.0548456755686709, 0.6787540745757487, 0.1538494475607229, 0.1125508021948575]], "ideal": "D", "sampled": "C", "correct": false}}
{"type": "result", "data": {"idx": 51, "options": ["100", "4", "5", "20"], "probs": [[0.01429463139227127, 0.7448187158048089, 0.15861555047911252, 0.08227110222380739], [0.11744561965253138, 0.5264785963735797, 0.3244590211254599, 0.03161676274842897], [0.05083164041992116, 0.7589234513408362, 0.03607131164161485, 0.15417359649762785], [0.047358116717125566, 0.1034847930788616, 0.8144976365773129, 0.03465945352669988]], "ideal": "A", "sampled": "B", "correct": false}}
{"type": "result", "data": {"idx": 52, "options": ["1", "9", "2", "10"], "probs": [[0.06793789753147424, 0.6755930823043618, 0.1936167468698107, 0.06285227319435333], [0.35640902444983413, 0.23376873404146187, 0.36790333255930807, 0.0419189088493959], [0.09869661337958581, 0.5336304584428225, 0.21234233899720964, 0.15533058908038194], [0.17935229836100916, 0.17115829883294367, 0.5792363881485583, 0.07025301455748886]], "ideal": "B", "sampled": "B", "correct": true}}
{"type": "result", "data": {"idx": 53, "options": ["43", "16", "42", "44"], "probs": [[0.09098906644661799, 0.454954764667949, 0.39530252670078, 0.05875364208465306], [0.017790209699023802, 0.46606597820552836, 0.09177727353896273, 0.4243665384564851], [0.014049100522290794, 0.027082353440494956, 0.954779676862147, 0.004088869075067157], [0.004380076549836816, 0.991257271614289, 0.0029181831104282572, 0.001444468625445872]], "ideal": "C", "sampled": "A", "correct": false}}
{"type": "result", "data": {"idx": 54, "options": ["\\frac{1}{6}", "\\frac{1}{64}", "\\frac{1}{32}", "\\frac{1}{2}"], "probs": [[0.1685328420629634, 0.3052142148452432, 0.44410542975002654, 0.0821475132417669], [0.07299303518297513, 0.5067246812036389, 0.33756200192430097, 0.08272028158908495], [0.07518243396814078, 0.5138169854610023, 0.33697785166376976, 0.07402272880708712], [0.1438622086443846, 0.6249670045743164, 0.17906216518907678, 0.05210862149222216]], "ideal": "C", "sampled": "A", "correct": false}}
{"type": "result", "data": {"idx": 55, "options": ["5", "\\frac{25}{6}", "\\frac{\\sqrt{2465}{9}", "2"], "probs": [[0.12171201996128662, 0.6792356700145848, 0.1424173185512504, 0.05663499137287812], [0.18879259558242326, 0.30655553020286086, 0.4126030083302416, 0.0920488657844743], [0.19535581037848387, 0.36509661502850566, 0.3172575116861931, 0.12229006280681741], [0.14562953681615579, 0.3665151215757083, 0.4358629188430398, 0.051992422665096086]], "ideal": "A", "sampled": "B", "correct": false}}
{"type": "result", "data": {"idx": 56, "options": ["3", "\\frac{1}{49}", "\\frac{1}{7}", "7"], "probs": [[0.11582678759500431, 0.6878566708951527, 0.14649289555442077, 0.04982364585542219], [0.11902219321928241, 0.6237554092920894, 0.1815555434095102, 0.07566685397911802], [0.14215306618536155, 0.48859067654363975, 0.2457289193534488, 0.12352733781754993], [0.13956157203480163, 0.6979313908076559, 0.09448156322974262, 0.06802547382779991]], "ideal": "B", "sampled": "A", "correct": false}}
{"type": "result", "data": {"idx": 57, "options": ["4, 7", "5, 5", "3, 9", "9, 8"], "probs": [[0.08637829676051259, 0.2877094681040199, 0.2788675066802992, 0.34704472835516825], [0.08020901471975882, 0.30273350119991815, 0.1407890116066595, 0.4762684723736635], [0.08512324347608141, 0.19486770612638707, 0.39366529561115426, 0.3263437546863773], [0.08263505064685449, 0.3372320755107516, 0.16694698852984838, 0.4131858852125455]], "ideal": "B", "sampled": "A", "correct": false}}
{"type": "result", "data": {"idx": 58, "options": ["1", "120", "20", "12"], "probs": [[0.0722863631005502, 0.5866825230320207, 0.26037888164426537, 0.08065223212316369], [0.15865189071874614, 0.5284529406563424, 0.25360203164667094, 0.05929313687824052], [0.06489338676807008, 0.7198818867687584, 0.13318137723975698, 0.08204334912341449], [0.10096686189159558, 0.4120531327344073, 0.381153188974483, 0.10582681629951407]], "ideal": "B", "sampled": "B", "correct": true}}
{"type": "result", "data": {"idx": 59, "options": ["1", "2", "-2", "0"], "probs": [[0.18304146766274176, 0.5551113920004594, 0.20424321399489373, 0.057603926241905086], [0.20584802897385493, 0.44268045826238167, 0.22263561681805652, 0.1288358958457069], [0.1289456390501032, 0.2687720157852206, 0.4792236328224215, 0.1230587122422547], [0.12756194743260427, 0.3577903072680508, 0.4384660618373109, 0.07618168336203401]], "ideal": "C", "sampled": "B", "correct": false}}
{"type": "result", "data": {"idx": 60, "options": ["1160", "1440", "2408", "2793"], "probs": [[0.13049618315153874, 0.4415015380461889, 0.3547909398860666, 0.07321133881620571], [0.057345447568821616, 0.4954257999994502, 0.41077352862978195, 0.03645522370194626], [0.1442407070003013, 0.6670213241334919, 0.13135582327287976, 0.05738214549332703], [0.12077001211098594, 0.4629986182212076, 0.34952672531253515, 0.06670464425527135]], "ideal": "D", "sampled": "D", "correct": true}}
{"type": "result", "data": {"idx": 61, "options": ["0.615", "4.875", "15", "34.667"], "probs": [[0.20495933521306578, 0.5316602646585895, 0.20821109644712568, 0.055169303581219055], [0.1558533115274826, 0.39184613844272626, 0.3739251978641783, 0.07837535206561279], [0.40709978337985275, 0.3884834646790166, 0.1594451069672403, 0.044971644873890285], [0.17734629046146563, 0.3064573429699551, 0.4529534015571621, 0.06324296491141716]], "ideal": "B", "sampled": "B", "correct": true}}
{"type": "result", "data": {"idx": 62, "options": ["f (x) = 0 has three real solutions.", "f (x) \u2265 \u201318 for all x \u2265 0.", "f (x) \u2264 \u201318 for all x \u2264 0.", "The function f (x) is decreasing for x \u2264 \u20133."], "probs": [[0.28668909834901934, 0.39192520984179713, 0.13336367705078922, 0.18802201465839433], [0.3406267761843516, 0.20027653870964002, 0.3006860017475803, 0.15841068325842803], [0.2749271053556783, 0.43257369942252855, 0.1542553282485825, 0.13824386687321058], [0.26432500074619275, 0.268513180840379, 0.31888736241511567, 0.14827445589831262]], "ideal": "A", "sampled": "B", "correct": false}}
{"type": "result", "data": {"idx": 63, "options": ["211", "2321", "11", "608"], "probs": [[0.08914212055671782, 0.6092075562767604, 0.21387574177896101, 0.08777458128756077], [0.1398871360604544, 0.33558817944475466, 0.4048520235718049, 0.11967266082298605], [0.09670207144161751, 0.3707147046925233, 0.4402939745190192, 0.09228924924683996], [0.09177901423961392, 0.5535275832470634, 0.32039275165437076, 0.03430065075895188]], "ideal": "D", "sampled": "A", "correct": false}}
{"type": "result", "data": {"idx": 64, "options": ["-8", "128", "-128", "16"], "probs": [[0.2063453782673097, 0.6065516877980842, 0.11578060716741892, 0.07132232666718713], [0.24322685456047782, 0.3484799031839047, 0.3173793639192427, 0.09091387823637478], [0.24673384996517855, 0.3218493937435243, 0.3219054221075203, 0.10951133408377688], [0.22109819946462267, 0.3319660424854191, 0.3762521445374938, 0.07068361341246442]], "ideal": "C", "sampled": "B", "correct": false}}
{"type": "result", "data": {"idx": 65, "options": ["\u201312", "\u20139", "0", "8"], "probs": [[0.07687025573729367, 0.5091785229917202, 0.18442300097605374, 0.2295282201949324], [0.07618366699101636, 0.2170437956520297, 0.5993257581789266, 0.10744677907802729], [0.04638809666085472, 0.65049778052418, 0.20792344192029533, 0.09519068079466998], [0.14759806236931103, 0.34320233291538765, 0.4476651384283013, 0.061534466187]], "ideal": "B", "sampled": "D", "correct": false}}
{"type": "result", "data": {"idx": 66, "options": ["3", "4", "5", "6"], "probs": [[0.08304417815686183, 0.43515449433777453, 0.36649098715625744, 0.11531034024910622], [0.16441525027254414, 0.316949030220135, 0.39450948250790724, 0.1241262368994136], [0.10580810631385822, 0.257842641648614, 0.5721630113221603, 0.06418624061536753], [0.1601294833348403, 0.5089291674906893, 0.2682252407850855, 0.06271610828938494]], "ideal": "C", "sampled": "A", "correct": false}}
{"type": "result", "data": {"idx": 67, "options": ["72", "6", "18", "12"], "probs": [[0.09953315403259784, 0.5215880585141766, 0.31152303880455434, 0.06735574854867127], [0.0606323963720007, 0.631881453443845, 0.21502415625234875, 0.09246199383180549], [0.09504475514418696, 0.4002198606345668, 0.41952711652142044, 0.08520826759982572], [0.06637595645968412, 0.6200797506463597, 0.2428791716428975, 0.07066512115105877]], "ideal": "B", "sampled": "A", "correct": false}}
{"type": "result", "data": {"idx": 68, "options": ["\\frac{1}{12}", "\\frac{1}{6}", "\\frac{2}{3}", "\\frac{1}{3}"], "probs": [[0.05482589371213579, 0.8057111976874137, 0.1040620564705073, 0.03540085202994312], [0.12425113569621216, 0.5482629520348985, 0.29351469571396765, 0.033971216454921654], [0.0787072235604251, 0.6906950889028373, 0.16929457638559303, 0.06130311105114456], [0.10887059365482836, 0.4879604486640512, 0.3570663564096514, 0.04610260117146908]], "ideal": "D", "sampled": "B", "correct": false}}
{"type": "result", "data": {"idx": 69, "options": ["5", "2", "13", "139"], "probs": [[0.15461687943715086, 0.6822859733167511, 0.1408160943131012, 0.02228105283299678], [0.3511878847724679, 0.39800742264582245, 0.1633634120062543, 0.0874412804754554], [0.10275744569199806, 0.16945086291637126, 0.5556567269331617, 0.17213496435846895], [0.06425045477888063, 0.3018146179449836, 0.5551936071197832, 0.07874132005635255]], "ideal": "A", "sampled": "B", "correct": false}}
{"type": "result", "data": {"idx": 70, "options": ["100", "999", "625", "500"], "probs": [[0.21663792429188145, 0.465874463273191, 0.2573202550153904, 0.06016735731953716], [0.162697356266709, 0.5859290825899582, 0.2025173559019699, 0.0488562051413629], [0.2902704178996686, 0.39062923189071613, 0.23328469691327888, 0.08581565319633634], [0.1707793699382548, 0.45706375491803825, 0.30932013580031087, 0.06283673924339604]], "ideal": "C", "sampled": "C", "correct": true}}
{"type": "result", "data": {"idx": 71, "options": ["\\frac{7}{15}", "\\frac{15}{7}", "\\frac{15}{8}", "\\frac{15}{11}"], "probs": [[0.2631565787026331, 0.3950727519041258, 0.21148775286274762, 0.13028291643049347], [0.3587397336601099, 0.29742729660874606, 0.2076598256618741, 0.13617314396926997], [0.14625842431935113, 0.4102205511451655, 0.25274979312426205, 0.1907712313112213], [0.24568145915611195, 0.33062409612305577, 0.30580618290958544, 0.11788826171124686]], "ideal": "B", "sampled": "B", "correct": true}}
{"type": "result", "data": {"idx": 72, "options": ["29", "14", "27", "11"], "probs": [[0.04277632074323847, 0.7582839771848449, 0.182953120870527, 0.01598658110138972], [0.0635554887431528, 0.8114862728392199, 0.10157480449316655, 0.023383433824460682], [0.07377706381927839, 0.6275147760045152, 0.2616047198753464, 0.03710344020085997], [0.037231314091431704, 0.6703929750608147, 0.25847133413789314, 0.03390437660986046]], "ideal": "A", "sampled": "B", "correct": false}}
{"type": "result", "data": {"idx": 73, "options": ["-5", "13", "64", "25"], "probs": [[0.06793340497331198, 0.6650339562536023, 0.18760221263685, 0.07943042603623574], [0.20518573122873002, 0.5158777582635774, 0.2254019419242597, 0.05353456848343295], [0.15402632378148498, 0.60923347522088, 0.08508009224756667, 0.15166010865006835], [0.21229956184587487, 0.2642343122764733, 0.3905900832795942, 0.13287604249805762]], "ideal": "C", "sampled": "B", "correct": false}}
{"type": "result", "data": {"idx": 74, "options": ["2", "1", "9", "16"], "probs": [[0.08625620114704291, 0.6892429198899926, 0.15625112222811074, 0.06824975663485373], [0.12222214803533538, 0.2469403894332238, 0.5481156975605915, 0.08272176487084931], [0.064011476212171, 0.392175491202422, 0.5037460866393126, 0.04006694584609428], [0.13939571067647585, 0.4643378153499537, 0.3293647990188371, 0.06690167485473332]], "ideal": "B", "sampled": "B", "correct": true}}
{"type": "result", "data": {"idx": 75, "options": ["10240", "5001", "5002", "8192"], "probs": [[0.16590911766379174, 0.5273417430343542, 0.2233130716798313, 0.0834360675220227], [0.05266363212434048, 0.7158323579000281, 0.1754362298032758, 0.056067780072355654], [0.09429800622204168, 0.5260375384882227, 0.2951227228338601, 0.08454173235587559], [0.10536171259359063, 0.5106512789517068, 0.29099374356205104, 0.09299326479265146]], "ideal": "D", "sampled": "C", "correct": false}}
{"type": "result", "data": {"idx": 76, "options": ["If f(x) is continuous at x = c, then f\u2032(c) exists.", "If f\u2032(c) = 0, then f has a local maximum or minimum at (c, f (c)).", "If f\u2032\u2032(c) = 0, then the graph of f has an inflection point at (c, f (c)).", "If f is differentiable at x = c, then f is continuous at x = c."], "probs": [[0.14172143493628356, 0.2094921062197052, 0.11390125901373051, 0.5348851997302807], [0.0830043964152005, 0.2943377660961663, 0.32836802322704034, 0.2942898141615929], [0.08512326646204164, 0.30183253813618094, 0.4748732624053409, 0.1381709328964365], [0.06440022491168368, 0.3536767906539101, 0.42001857723538166, 0.1619044070990245]], "ideal": "D", "sampled": "A", "correct": false}}
{"type": "result", "data": {"idx": 77, "options": ["5", "22", "11", "6"], "probs": [[0.014808953454750657, 0.975353881319325, 0.006373881575767929, 0.003463283550156373], [0.6069407182964593, 0.26938621611958646, 0.08888373241568469, 0.034789333068269465], [0.0840115024949192, 0.44720902016378505, 0.3484075949671314, 0.12037188227416433], [0.046136954650771125, 0.10728685956444083, 0.8311204026970782, 0.015455782987709872]], "ideal": "A", "sampled": "B", "correct": false}}
{"type": "result", "data": {"idx": 78, "options": ["Wednesday", "Thursday", "Friday", "Saturday"], "probs": [[0.08435455951117975, 0.6635030111899266, 0.1503877997016842, 0.10175462949720947], [0.0811211217036857, 0.42505272771952196, 0.14690322558026092, 0.34692292489653137], [0.06894905068073817, 0.1603144395167668, 0.4712257647696849, 0.29951074493281016], [0.06721292836071037, 0.34670873559278576, 0.424835886008926, 0.16124244993757783]], "ideal": "C", "sampled": "B", "correct": false}}
{"type": "result", "data": {"idx": 79, "options": ["January 10th", "January 21st", "January 31st", "February 10th"], "probs": [[0.19030698084946765, 0.7295887043339933, 0.07001772685248878, 0.010086587864050322], [0.3701306205695656, 0.39405357202246544, 0.1519221157829304, 0.08389369152503856], [0.245720021529659, 0.431302683569494, 0.2828616713341833, 0.04011562346666368], [0.03439041578468834, 0.9295653643626848, 0.03131647761266708, 0.0047277421399597435]], "ideal": "B", "sampled": "A", "correct": false}}
{"type": "result", "data": {"idx": 80, "options": ["75", "76", "22", "23"], "probs": [[0.09352267044846763, 0.3757495981805741, 0.34759135218110115, 0.18313637908985714], [0.12946295211383624, 0.21016377284241436, 0.5626351655930287, 0.09773810935072061], [0.12030194138361663, 0.7968818173467597, 0.054240023048757455, 0.028576218120866217], [0.20200780920131103, 0.4344291855130527, 0.26355048226014344, 0.10001252292549284]], "ideal": "B", "sampled": "D", "correct": false}}
