{"type": "result", "data": {"idx": 0, "options": ["paralysis of the facial muscles.", "paralysis of the facial muscles and loss of taste.", "paralysis of the facial muscles, loss of taste and lacrimation.", "paralysis of the facial muscles, loss of taste, lacrimation and decreased salivation."], "probs": [[0.12331076700114524, 0.09603696142887104, 0.4801832723246609, 0.30046899914532277], [0.10534365003201515, 0.08204304804385117, 0.6158046446510177, 0.19680865717311602], [0.14792985604296152, 0.15995871482433965, 0.16764077051636672, 0.5244706585163321], [0.22028693882835831, 0.2535536624767198, 0.32558551912606587, 0.20057387946885602], [0.21776756966570252, 0.4682948360614801, 0.10614051081878266, 0.20779708335403474], [0.3022447002939607, 0.41964068858296266, 0.11119808917139942, 0.16691652185167719], [0.10878458309427155, 0.08605801224776201, 0.49525539245480815, 0.3099020121031583], [0.0978857972732605, 0.08372761616694117, 0.6383467579111826, 0.18003982854861578], [0.15531504268370896, 0.20258076637880335, 0.12480924370239736, 0.5172949471350903], [0.2711057405067441, 0.22127543717310552, 0.29315558509809153, 0.21446323712205884], [0.15698674319604755, 0.5394678711351706, 0.09229464828045102, 0.2112507372883308], [0.2352058633089657, 0.4326254531624964, 0.11463759325918407, 0.21753109016935382], [0.2006511956640815, 0.07858102491195129, 0.12171132096690675, 0.5990564583570605], [0.2994050129860005, 0.1392396113023935, 0.35557616283282534, 0.20577921277878064], [0.1868456415255169, 0.08163115867937829, 0.16490382937354842, 0.5666193703215564], [0.23566528540226356, 0.1113228764766472, 0.4136338387624733, 0.23937799925861597], [0.4735699154389217, 0.2574851435914898, 0.09472717061504655, 0.174217770254542], [0.538457508789863, 0.20760160527834307, 0.07637514861374915, 0.1775657372180448], [0.6257500191692366, 0.1037636571369937, 0.07358267322004147, 0.19690365037372823], [0.6663646249959289, 0.11400495997476764, 0.08211784981687054, 0.13751256511243296], [0.6136421562315211, 0.11351632716331002, 0.08569017711935627, 0.18715133938581263], [0.6140834275490912, 0.11720290383129227, 0.10343516925239857, 0.16527849926721802], [0.6645178645665004, 0.11729769145349102, 0.08317958376813554, 0.13500486011187296], [0.6860292919252847, 0.09883484657046684, 0.05720312328501178, 0.1579327381192367]], "ideal": "A", "sampled": "D", "correct": false}}
{"type": "result", "data": {"idx": 1, "options": ["a protruding mandible due to reactivation of the condylar cartilage by acromegaly.", "a recessive maxilla due to failure of elongation of the cranial base.", "an enlarged frontal bone due to hydrocephaly.", "defective development of the maxillary air sinus."], "probs": [[0.3155041728748535, 0.2535216883620921, 0.227268419459636, 0.20370571920341837], [0.31291511185444815, 0.24754452334037771, 0.2437217944062146, 0.19581857029895952], [0.3170816003959194, 0.1670941561293401, 0.2978958785236009, 0.2179283648511396], [0.31269545476316984, 0.17269035142778888, 0.3127220682354731, 0.2018921254735682], [0.3168028639953857, 0.25857502604782223, 0.23544970503255172, 0.18917240482424036], [0.34006697442806993, 0.2954653247219695, 0.19077748342599268, 0.17369021732396783], [0.5045743584128299, 0.1445676237200174, 0.15632322429047424, 0.1945347934766784], [0.406561231670273, 0.17486427983180858, 0.23532152524206504, 0.18325296315585335], [0.4689058889142772, 0.13434807754681002, 0.16461542001783647, 0.2321306134210763], [0.39597732414781994, 0.17299568909160398, 0.24397874239595874, 0.18704824426461733], [0.45755323763086514, 0.20304575560446655, 0.165731057508108, 0.1736699491565603], [0.4469226135439572, 0.211120179605835, 0.17232272540761548, 0.16963448134259232], [0.24750294526435324, 0.18977179196879337, 0.3228345907256406, 0.23989067194121277], [0.24427955180046598, 0.1993795930677645, 0.3339213083291893, 0.22241954670258016], [0.22359429788167165, 0.2614169599711117, 0.2655483961339704, 0.2494403459132462], [0.22403308258348387, 0.27450115712972467, 0.28769124837432924, 0.21377451181246218], [0.21842506337515158, 0.28047304034247905, 0.28939612441722146, 0.21170577176514796], [0.20541200345804553, 0.22210933596817828, 0.36054713067602423, 0.21193152979775193], [0.37247775316338366, 0.2057083454950821, 0.22243789331903405, 0.19937600792250018], [0.42496051113645905, 0.21705757922572186, 0.16643350818777183, 0.19154840135004725], [0.36656660633196814, 0.27242080730927865, 0.1678430635854806, 0.19316952267327264], [0.34113362428114846, 0.29639658328907065, 0.17699675260204367, 0.18547303972773718], [0.4116995518257586, 0.17986559180005965, 0.1914797063641864, 0.21695514990999532], [0.29032024305658716, 0.17336389162350718, 0.3239115129994564, 0.21240435222044923]], "ideal": "B", "sampled": "B", "correct": true}}
{"type": "result", "data": {"idx": 2, "options": ["Bladder", "Kidney", "Ureter", "Urethra"], "probs": [[0.734669448240152, 0.18575485083420243, 0.02718230900489347, 0.052393391820752144], [0.7387253265454344, 0.18972145584478545, 0.026491374564244875, 0.0450618429455352], [0.6245866789542911, 0.12888979188642208, 0.17075412991450142, 0.07576939914478535], [0.695956110884689, 0.10184083877975579, 0.060812741511939356, 0.1413903087236158], [0.7330462636196291, 0.13142808318950577, 0.0506708009392717, 0.08485485215159345], [0.7602644619888329, 0.10451116417155575, 0.03393022103017193, 0.10129415270943941], [0.36899078026073334, 0.4592222289997901, 0.05747937804436843, 0.11430761259510812], [0.40066435182810944, 0.44004809032360875, 0.05955492221052469, 0.09973263553775714], [0.1733521022220321, 0.14827461097323483, 0.4938428552299763, 0.1845304314747568], [0.5793421267883793, 0.10067480056471204, 0.09311040489934604, 0.22687266764756267], [0.1520039714422218, 0.12406031601290597, 0.5918748886012004, 0.13206082384367185], [0.6091987257109082, 0.08640292055952313, 0.09055086764090946, 0.2138474859886592], [0.049271990213742595, 0.8598318150631271, 0.05004881377453609, 0.04084738084859415], [0.048226923104968906, 0.8548488083733262, 0.03875212027305363, 0.05817214814865123], [0.09380437362891887, 0.523196216447514, 0.293492016960448, 0.0895073928631191], [0.14524610826118312, 0.726191187337887, 0.057776002282027554, 0.07078670201890228], [0.02752312634787729, 0.09310742432025537, 0.7438997597848301, 0.13546968944703722], [0.10004635154200495, 0.3437862395896448, 0.19588617978521333, 0.3602812289831369], [0.07395989613554192, 0.807671841298083, 0.054111405693769224, 0.0642568567726058], [0.06697448192669181, 0.8159219439423311, 0.03757005845595574, 0.0795335155750213], [0.04508197850661761, 0.11157718545972797, 0.6835149816403995, 0.15982585429325497], [0.1165526141674425, 0.1722551183376244, 0.17225699588382273, 0.5389352715111103], [0.0275661987702959, 0.0611567136054557, 0.805608347082199, 0.10566874044204942], [0.11250116768108094, 0.12355802382470571, 0.481115138565704, 0.2828256698285094]], "ideal": "A", "sampled": "A", "correct": true}}
{"type": "result", "data": {"idx": 3, "options": ["Motor neurons", "Skeletal muscles", "Melanocytes", "Sweat glands"], "probs": [[0.30254742500140724, 0.3884910344689024, 0.11664913593556256, 0.19231240449412781], [0.31560415026369715, 0.34663328524937903, 0.12752273677504375, 0.21023982761188006], [0.24473511440884146, 0.22283712853238447, 0.2952220947679074, 0.2372056621908667], [0.21956102402093158, 0.1999177634577387, 0.21281875572320846, 0.36770245669812124], [0.2371529113160717, 0.24468529951167917, 0.27727321613856676, 0.24088857293368235], [0.24656986799917968, 0.21760235207299516, 0.21423591138824852, 0.3215918684395766], [0.461660974252833, 0.17799056799434063, 0.12820654915173457, 0.2321419085010918], [0.4371322262704671, 0.18222823194147084, 0.1354256678855395, 0.24521387380252258], [0.41272628303215264, 0.21749684212417011, 0.13825511930990494, 0.23152175543377226], [0.4251744404113958, 0.2008435100618929, 0.13172108718753434, 0.24226096223917698], [0.40235902655991557, 0.22570888023179073, 0.13906064213731134, 0.23287145097098239], [0.40861213138993374, 0.205468654204575, 0.1457047800793989, 0.24021443422609234], [0.2789350879548154, 0.20091291062533936, 0.26617677410701845, 0.2539752272128268], [0.23418067836592205, 0.18525718812622421, 0.22347152722009608, 0.3570906061877577], [0.3999079465397596, 0.2582071615651698, 0.1278268342953375, 0.21405805749973308], [0.34285021250617664, 0.27549598545836285, 0.13853311995274903, 0.24312068198271147], [0.26533044780638226, 0.2653391798863205, 0.1686659950644392, 0.300664377142858], [0.25082879134759817, 0.2628722967150659, 0.23935664117818745, 0.24694227065914848], [0.3229353725587251, 0.21179030833510606, 0.22900776562784844, 0.23626655337832037], [0.3123420020182418, 0.19546378530680567, 0.18945663522330647, 0.302737577351646], [0.4236443435046596, 0.27784097812916203, 0.11052134133935446, 0.1879933369268239], [0.35313674626960845, 0.3165589287656849, 0.1259226239266873, 0.20438170093801933], [0.3447867785699146, 0.2483484408762855, 0.1506365604832586, 0.2562282199705413], [0.3341712107051704, 0.2522512413644554, 0.18746407607504764, 0.22611347175532653]], "ideal": "C", "sampled": "B", "correct": false}}
{"type": "result", "data": {"idx": 4, "options": ["Afferent arteriole", "Glomerulus", "Loop of Henle", "Renal pelvis"], "probs": [[0.26660824315951953, 0.6598600271403311, 0.04218403328131064, 0.03134769631883874], [0.15561980541086132, 0.7780484078128476, 0.0375454104672852, 0.028786376209005954], [0.1236280211952978, 0.07498154099267092, 0.7573117669459232, 0.04407867076610816], [0.11464058393135562, 0.0477895504227631, 0.05415247651854147, 0.7834173890273398], [0.021693365128770487, 0.023091613453143957, 0.936948354486601, 0.01826666683148462], [0.08770591085053044, 0.04208182574448744, 0.07620024737102915, 0.794012015933953], [0.93354430770939, 0.022300677095200627, 0.012706687385073703, 0.031448327710335615], [0.9292976492934432, 0.025155004743937524, 0.011698288204705051, 0.033849057657914274], [0.9506914629560255, 0.016615244694676096, 0.008893604960948041, 0.023799687288350378], [0.9605330501847655, 0.014814725578836315, 0.0067827391951280624, 0.017869484941270036], [0.9354805427779243, 0.023419374794009826, 0.010556059976919639, 0.03054402235114627], [0.9548586445725955, 0.016688086852360878, 0.00800710673582598, 0.020446161739217615], [0.1678516828150472, 0.11181034896368122, 0.6535739144190632, 0.06676405370220834], [0.0929089098493544, 0.05905657434070028, 0.07013127272838479, 0.7779032429815605], [0.42000198367494335, 0.45412924647090536, 0.06146039005593499, 0.0644083796982163], [0.44557878710186044, 0.48178473719493276, 0.037736664540023744, 0.03489981106318305], [0.10110091567668973, 0.05583310954955846, 0.10762117962388613, 0.7354447950498657], [0.06265299743289193, 0.042391676293575695, 0.8648956384952645, 0.030059687678267822], [0.00965681236515403, 0.01094218178919737, 0.9697447382041652, 0.009656267541483453], [0.028025029416558288, 0.02802495118546669, 0.0584088715310773, 0.8855411477668977], [0.033762471487988555, 0.9414988010333349, 0.011309156730354467, 0.013429570648321988], [0.048941540672885545, 0.9380024638031066, 0.0068338787556173255, 0.006222116668390511], [0.0442800501049007, 0.02996139339659238, 0.05017576925609558, 0.8755827871424113], [0.021938157893903246, 0.016819901964892046, 0.9475142019444667, 0.013727738096738008]], "ideal": "B", "sampled": "B", "correct": true}}
{"type": "result", "data": {"idx": 5, "options": ["They will be unable to breathe without life support.", "They will only be able to breathe quietly.", "It is impossible to predict an effect on breathing.", "Breathing will be unaffected."], "probs": [[0.36616104291948215, 0.1756903800834802, 0.1729759398976451, 0.28517263699939255], [0.26886391637020834, 0.19980441031842136, 0.3346259295605773, 0.196705743650793], [0.28399993696949327, 0.16182368268732683, 0.14734900827652414, 0.40682737196665575], [0.21846037775387703, 0.15491278237175368, 0.40816479309046355, 0.2184620466839057], [0.3795018308826814, 0.30021713075666934, 0.13532524212810892, 0.18495579613254032], [0.42265093322342095, 0.2859862148475763, 0.1309415548908899, 0.16042129693811283], [0.2637582401387517, 0.3959630399847212, 0.10012044682007848, 0.24015827295644862], [0.2527585180005109, 0.3735620303711472, 0.17372944494712206, 0.1999500065812198], [0.17078045990009594, 0.12110475833680873, 0.32921343057399727, 0.37890135108909806], [0.16910266140361363, 0.14692187964587902, 0.32597561144440246, 0.3579998474061049], [0.19322032022362412, 0.19935746786027556, 0.3554124288712039, 0.2520097829448964], [0.28886752887359135, 0.2980448856943096, 0.16983043892726077, 0.2432571464048383], [0.32771940500973057, 0.31764773951189995, 0.09538059362026591, 0.25925226175810356], [0.2993101343521619, 0.27253128857280623, 0.22244416670761558, 0.2057144102674163], [0.12975452742356014, 0.08247917083214083, 0.44590443036042704, 0.34186187128387197], [0.1536097985105269, 0.12537520001690716, 0.3408194177269383, 0.3801955836456276], [0.16542172676789166, 0.14372454796373887, 0.4094575406120675, 0.28139618455630194], [0.1820302361672951, 0.20307845480433215, 0.13528418942780052, 0.4796071195005722], [0.26960635182545634, 0.4308455884025789, 0.09919129311046508, 0.20035676656149967], [0.27978647648081184, 0.4333610807401889, 0.10620599192764318, 0.18064645075135602], [0.15386262763783445, 0.1445439032252712, 0.4315526251294691, 0.2700408439074253], [0.20416404882278638, 0.18301876559429595, 0.23136783099686836, 0.38144935448604933], [0.16527075583822787, 0.14359400943345252, 0.3965010169942825, 0.2946342176340372], [0.15046895590502482, 0.13488700582565036, 0.12871394666594746, 0.5859300915033774]], "ideal": "B", "sampled": "A", "correct": false}}
{"type": "result", "data": {"idx": 6, "options": ["Epigastric", "Hypochondriac", "Hypogastric", "Lumbar"], "probs": [[0.18046043128028877, 0.22111097964419557, 0.3703050480549048, 0.2281235409206109], [0.2828760276227823, 0.2616260193547633, 0.2419706885590167, 0.21352726436343766], [0.1918508645037577, 0.25417162121547976, 0.2748329762019896, 0.2791445379787729], [0.2284400096772156, 0.3074120489226713, 0.23570736537878906, 0.22844057592132402], [0.2930381297772147, 0.1722727417773589, 0.28403794762632034, 0.250651180719106], [0.22687733171101587, 0.16860467193824819, 0.3514167070037377, 0.2531012892469982], [0.2626891277355047, 0.27103744319127987, 0.28853009408627944, 0.17774333488693603], [0.41700525825010254, 0.2821688865686748, 0.16331304121431622, 0.13751281386690645], [0.21750413721102596, 0.2175106937217552, 0.3700172194463375, 0.19496794952088137], [0.22895232864201834, 0.27189682146706873, 0.24373483254863054, 0.2554160172422824], [0.27266917848851807, 0.18740674199108123, 0.3341027647266711, 0.20582131469372958], [0.25966074401470884, 0.19600792489546778, 0.27642568434326414, 0.2679056466465592], [0.2854260929578962, 0.27665613335537603, 0.22580657416439592, 0.2121111994223318], [0.36241724803528336, 0.2912220575534691, 0.18803286461386765, 0.15832782969737988], [0.22149956224133882, 0.21807199714387274, 0.3709712028132447, 0.18945723770154377], [0.2469698004629137, 0.2588311096941218, 0.2548257372299456, 0.23937335251301883], [0.25240208567827793, 0.20601118178045655, 0.30447568125321944, 0.23711105118804604], [0.2560205642911819, 0.21899322184250797, 0.2481586821952252, 0.276827531571085], [0.20343478905804743, 0.23052737917599378, 0.3460723654260161, 0.21996546623994268], [0.15396583880587275, 0.21045031200702125, 0.4251387524862689, 0.21044509660083707], [0.155576457233859, 0.15802821986371174, 0.5181787763965147, 0.16821654640591457], [0.13166027278922615, 0.16385707526825363, 0.43852069682558853, 0.26596195501693165], [0.1436972235162159, 0.1706470774232751, 0.4861543395400121, 0.19950135942049693], [0.1590387993748711, 0.20104936062842818, 0.3473922661700987, 0.29251957372660203]], "ideal": "A", "sampled": "A", "correct": true}}
{"type": "result", "data": {"idx": 7, "options": ["Hair in the nose", "Mucous membranes", "Osteoblasts", "Saliva"], "probs": [[0.08408455769097349, 0.8103433461884071, 0.04500886169766573, 0.06056323432295363], [0.14242149565163928, 0.7120744572822878, 0.07389058777544441, 0.07161345919062846], [0.023670972537574286, 0.03553349696465438, 0.888281388296982, 0.05251414210078933], [0.03528683790003818, 0.04391583251137709, 0.22302831214052765, 0.6977690173480571], [0.04747272637208155, 0.08731462028004805, 0.7905298441210744, 0.07468280912679598], [0.11399545453811895, 0.4438804354152517, 0.15102680926164558, 0.29109730068498374], [0.8667189560004781, 0.03749108607436125, 0.022387480249763003, 0.07340247757539767], [0.7127862093996797, 0.08921682980545673, 0.09205121673869758, 0.10594574395616595], [0.8515334112620917, 0.03741426758575639, 0.022693382531568922, 0.088358938520583], [0.8630557944787095, 0.05183114284682629, 0.03792132563991095, 0.04719173693455323], [0.807849482352106, 0.07170187603914055, 0.03662256864674813, 0.08382607286200536], [0.8929448953033847, 0.045869199537513825, 0.019422761298076248, 0.041763143761025176], [0.018260642816309545, 0.02656841267912983, 0.9078084195696666, 0.047362524834894004], [0.03218358850704427, 0.04468295110860526, 0.2131761375803005, 0.70995732270405], [0.1337491660990555, 0.6687122283782909, 0.09337525396417987, 0.10416335145847376], [0.17469739658594519, 0.6696937557540998, 0.09800027258461157, 0.05760857497534344], [0.06066951595388339, 0.09251248193924905, 0.08423485700206239, 0.7625831450048052], [0.04461669854944771, 0.07830345513181476, 0.8288393492340803, 0.04824049698465715], [0.04523790745232629, 0.05808567406624739, 0.8403789023313432, 0.056297516050083145], [0.4021505028728839, 0.1347062806869743, 0.10824164566575531, 0.3549015706743865], [0.20979246651363878, 0.6462187814529641, 0.07480675037058228, 0.06918200156281483], [0.19333310689087002, 0.7296454443649991, 0.04181312131902026, 0.03520832732511058], [0.13298588890753094, 0.07230532859805379, 0.07577603998189353, 0.7189327424125217], [0.08708496747760837, 0.08708348481200898, 0.7762138564792129, 0.04961769113116968]], "ideal": "B", "sampled": "B", "correct": true}}
{"type": "result", "data": {"idx": 8, "options": ["six weeks post-fertilization.", "eight weeks post-fertilization.", "ten weeks post-fertilization.", "twelve weeks post-fertilization."], "probs": [[0.21992504446057803, 0.3406255289105543, 0.2571336137146702, 0.18231581281419748], [0.22899046196748032, 0.37754618555188396, 0.21513284420107937, 0.17833050817955637], [0.21019807142602373, 0.29182767430266593, 0.34658055977662766, 0.15139369439468264], [0.19597045169213068, 0.2941872862935113, 0.2807369315563123, 0.2291053303580457], [0.19673124246911708, 0.27313232826142564, 0.3618698471701351, 0.16826658199932223], [0.1828713091597179, 0.26607551771609306, 0.3470532842072499, 0.20399988881693917], [0.23411549720118774, 0.3683204430974494, 0.2341299811290034, 0.16343407847235947], [0.2450351377347262, 0.4040023864700786, 0.2000054657261697, 0.15095700996902547], [0.2272318669101418, 0.301032552123739, 0.310609826730716, 0.1611257541354032], [0.23710985126046735, 0.32919865352797706, 0.2371282839965876, 0.196563211114968], [0.21374676482486785, 0.27020119812763205, 0.3469701305587778, 0.16908190638872234], [0.2064681140434472, 0.2651110212206666, 0.3404362397915556, 0.18798462484433065], [0.21033325789255616, 0.35224011536890504, 0.27866426107480996, 0.15876236556372886], [0.2205728110365115, 0.4120888350180638, 0.20084577497551398, 0.16649257886991067], [0.2211920386686874, 0.3218302226290208, 0.2976644425590529, 0.1593132960432389], [0.25419002768835663, 0.3584681152938956, 0.20426122842176594, 0.18308062849598178], [0.1981669544702333, 0.2838610452705038, 0.31669044963367543, 0.20128155052558738], [0.23239345499943165, 0.2983991160928959, 0.29379364407412323, 0.17541378473354927], [0.1920264283195124, 0.37014351839375287, 0.28828513163006747, 0.1495449215566672], [0.20140381445040023, 0.4330959657536399, 0.21108365288747594, 0.1544165668084839], [0.2015853791991145, 0.3483101375304519, 0.29794528633438405, 0.15215919683604956], [0.22988087964206835, 0.3673534557162985, 0.23719483181823356, 0.16557083272339956], [0.19071050554724298, 0.28185344579540794, 0.32443235288094696, 0.2030036956764021], [0.2128212759297812, 0.29547309093747387, 0.3096777729140319, 0.18202786011871297]], "ideal": "C", "sampled": "A", "correct": false}}
{"type": "result", "data": {"idx": 9, "options": ["bilateral contraction of antigravity limb muscles.", "bilateral contraction of limb musculature.", "contraction of ipsilateral limb musculature.", "contraction of contralateral limb musculature."], "probs": [[0.3131380145580842, 0.23637102270958762, 0.272071281639006, 0.17841968099332214], [0.3022138223079696, 0.21430357117750354, 0.32172039627375254, 0.16176221014077427], [0.29382970926207513, 0.23610046503567034, 0.31279587742538545, 0.15727394817686904], [0.21338436959268317, 0.1973495422411596, 0.41780899838541635, 0.17145708968074083], [0.3321022886958786, 0.3480454890407065, 0.20143899030095527, 0.11841323186245963], [0.3212902545607665, 0.3314934372570423, 0.2174050658723864, 0.12981124220980483], [0.3503505989663308, 0.18753138741559197, 0.26863623463317277, 0.19348177888490445], [0.33174373213265107, 0.17481832913118342, 0.33176009360690883, 0.1616778450292567], [0.4412229889007809, 0.2634718676620722, 0.13043206734497276, 0.16487307599217413], [0.2968723862134292, 0.2206195062362918, 0.32606811299842625, 0.1564399944518527], [0.5167709261958339, 0.2681034346902789, 0.10336635054779868, 0.11175928846608855], [0.4917322658126638, 0.23965538857227572, 0.14997701233632885, 0.11863533317873158], [0.4030236543624099, 0.19337433237134838, 0.2643220879959243, 0.13927992517031743], [0.35120775405278953, 0.1534326763853585, 0.3512255460403137, 0.14413402342153828], [0.5592676829950728, 0.1963254452650486, 0.11362835425109781, 0.1307785173887808], [0.4051062407747856, 0.21347877163413845, 0.2457223382777026, 0.13569264921337335], [0.45838616907822316, 0.24155751638507697, 0.1465162591037784, 0.15354005533292145], [0.45837776482356113, 0.2531454785467716, 0.1442420141480562, 0.14423474238161105], [0.5026735700363427, 0.18205812707256216, 0.2031078800587491, 0.11216042273234599], [0.5814370512380904, 0.15895850954850388, 0.1338605880603444, 0.1257438510530613], [0.6326203847398485, 0.1574747389773796, 0.10167645510496506, 0.10822842107780681], [0.6062920273619189, 0.16575383142225902, 0.11754057160455497, 0.11041356951126703], [0.5168463356195762, 0.193134731341894, 0.13483376196911723, 0.1551851709694126], [0.5096337490982549, 0.20272206049786975, 0.13933261397085336, 0.148311576333022]], "ideal": "D", "sampled": "D", "correct": true}}
{"type": "result", "data": {"idx": 10, "options": ["hard palate.", "hard palate and upper lip.", "hard palate, upper lip and upper central incisor.", "hard palate, upper lip, upper central incisor and lower first molar."], "probs": [[0.11968818630763746, 0.11243720611734216, 0.4049241904441676, 0.3629504170308528], [0.11680052515292805, 0.10802295883426889, 0.5317437687859448, 0.2434327471268583], [0.17193984936486237, 0.21066999039897732, 0.19182611775034622, 0.4255640423858141], [0.16510272762477693, 0.19606674592024767, 0.40233113176067764, 0.23649939459429775], [0.1972037883082246, 0.45142141269571945, 0.13137737622274215, 0.2199974226733138], [0.20454124528543774, 0.4131964629414152, 0.1777214338179176, 0.20454085785522944], [0.1288745710786048, 0.12491115274455118, 0.3847733466298059, 0.3614409294470381], [0.12230876815936376, 0.1113641328321275, 0.5230869366055335, 0.24324016230297524], [0.18763290995124113, 0.1966444761864381, 0.1655984893753114, 0.4501241243870094], [0.20397494153016762, 0.1563954423090335, 0.4120785777787912, 0.22755103828200765], [0.21673955344088433, 0.4310561184311412, 0.11785033519654654, 0.2343539928314279], [0.2440007848495857, 0.3283477225078932, 0.20548524572836613, 0.222166246814155], [0.1946842728266424, 0.12969200698306657, 0.13806210868355182, 0.5375616114067392], [0.21270559314398466, 0.15083290776595967, 0.41003619934664814, 0.22642529964340757], [0.20409986405267758, 0.14028068930599152, 0.14249535965205026, 0.5131240868892806], [0.2293530438514632, 0.14578770316853135, 0.40256193876058444, 0.22229731411942097], [0.36767364366416705, 0.30482191525678703, 0.12125628711388549, 0.20624815386516038], [0.3827272057150537, 0.254958361361757, 0.1408071070768693, 0.22150732574632004], [0.4433994789708432, 0.14172333160734046, 0.10532646389757798, 0.30955072542423834], [0.4938747216360577, 0.16803564367732574, 0.1506346947821324, 0.18745493980448413], [0.4299304292697236, 0.15330091922087158, 0.12127792291868253, 0.29549072849072233], [0.4138043584082628, 0.16982807470393743, 0.20168799460432663, 0.21467957218347314], [0.5332686940290874, 0.1786273880022011, 0.10666809309450104, 0.1814358247742104], [0.5179184867638428, 0.1734854345403514, 0.1120152738584051, 0.19658080473740072]], "ideal": "D", "sampled": "D", "correct": true}}
{"type": "result", "data": {"idx": 11, "options": ["Pupillary constriction and a medial strabismus", "Pupillary dilatation and a medial strabismus", "Pupillary constriction and a lateral strabismus", "Pupillary dilatation and a lateral strabismus"], "probs": [[0.6189610499782532, 0.15650046219975405, 0.08643079741397752, 0.1381076903080152], [0.5401482702284683, 0.17536308261555109, 0.10636737434323493, 0.17812127271274564], [0.5341832398454165, 0.1996129214737066, 0.11553163308843643, 0.15067220549244045], [0.44256936497596, 0.20581672513587718, 0.13926749552589474, 0.2123464142622681], [0.37661827729208935, 0.1984650402605266, 0.26293713635369736, 0.1619795459936867], [0.36145918732003923, 0.20276178136000655, 0.2728580398798144, 0.16292099134013982], [0.5650964673466286, 0.16190552064154734, 0.09518292296680016, 0.17781508894502393], [0.6123458374553205, 0.15726641404793618, 0.08032664210017834, 0.15006110629656497], [0.41876149797366913, 0.2105687589817592, 0.20409876410259425, 0.1665709788419774], [0.40788303037030704, 0.1987881570494513, 0.2360770325447586, 0.15725177993548306], [0.560019024554801, 0.187586131488193, 0.1085704283094678, 0.1438244155475382], [0.4974703860880951, 0.19179481204877716, 0.12191654158777802, 0.18881826017534975], [0.4526118866257472, 0.21048682612330646, 0.129681540570381, 0.20721974658056536], [0.5133907045390201, 0.20421623573000813, 0.1258185468244337, 0.15657451280653806], [0.4650387694215835, 0.20316241376808564, 0.17108653229125328, 0.16071228441907753], [0.3736629187687098, 0.20000812409308208, 0.2776982187947094, 0.14863073824349873], [0.6301171779002451, 0.1568514853559045, 0.07887266575501405, 0.13415867088883632], [0.5395246026976765, 0.18072096597709883, 0.10459732029441117, 0.17515711093081346], [0.46242668307090934, 0.2052029164766022, 0.1648909970159296, 0.16747940333655886], [0.3588734429212208, 0.21097222911567803, 0.27090657965692455, 0.15924774820617663], [0.4812928973183872, 0.20063553743773505, 0.12361193271146403, 0.1944596324324137], [0.5648077087671427, 0.18625695862802225, 0.10612980196212045, 0.14280553054271464], [0.5791539635549088, 0.1608279222212527, 0.08882087600566162, 0.17119723811817694], [0.612342559199736, 0.15974213776414592, 0.0778549118953169, 0.1500603910408011]], "ideal": "D", "sampled": "D", "correct": true}}
{"type": "result", "data": {"idx": 12, "options": ["It has an articular disc of hyaline cartilage", "Its articular surfaces are covered by hyaline cartilage", "Proprioceptive information is carried by the chorda tympani and deep temporal nerves", "Proprioceptive information is carried by the masseteric and auriculotemporal nerves."], "probs": [[0.25534797156480155, 0.17011054649730512, 0.23622630722003396, 0.33831517461785937], [0.20898670823311952, 0.15290434201307881, 0.3041359095228785, 0.33397304013092316], [0.3015792667564174, 0.1829276978786646, 0.22770735619175259, 0.2877856790731654], [0.29613410982308636, 0.20038230416585434, 0.2655214627488949, 0.2379621231621644], [0.25276112177286486, 0.20955569727775453, 0.22310283445417803, 0.3145803463952026], [0.2935580479704711, 0.21816200530603413, 0.22512333576558852, 0.26315661085790626], [0.20925681602735097, 0.1629785621447091, 0.27729756050462495, 0.35046706122331495], [0.1719401303962767, 0.14938857927335636, 0.34201892697342967, 0.33665236325693726], [0.25455128764719437, 0.18918074383660682, 0.2586429378333887, 0.2976250305828101], [0.2589387595394595, 0.20166808364758831, 0.28446081277863705, 0.25493234393431513], [0.2225502017297848, 0.21911086466372665, 0.2444771117394634, 0.31386182176702515], [0.26926238144513626, 0.21977347788322094, 0.2198104327640793, 0.2911537078075635], [0.45053896974795243, 0.1631846750093931, 0.1374487152178036, 0.24882763992485085], [0.3617474896135155, 0.2126669531550061, 0.20617015089283686, 0.21941540623864153], [0.45216243107081544, 0.1612342398829683, 0.14456207617976827, 0.242041252766448], [0.3459344998867731, 0.20021619794106446, 0.22340405809421307, 0.23044524397794933], [0.32788273688852215, 0.23989810047134863, 0.17282880840957413, 0.2593903541305551], [0.3191682743583079, 0.23352463889058653, 0.16562712437682778, 0.28167996227427783], [0.43926944015194824, 0.15181789838292256, 0.1340075542194483, 0.2749051071456809], [0.357300153774065, 0.19126014059419985, 0.2134151138697304, 0.23802459166200474], [0.44575440555849993, 0.15405865930319976, 0.13812505530675173, 0.2620618797315486], [0.360616356098353, 0.18709537385023273, 0.21205554900433002, 0.2402327209470842], [0.296955712336728, 0.2580204115534782, 0.17462560721784937, 0.27039826879194445], [0.29548099193775756, 0.25674414249558564, 0.16580392171566766, 0.28197094375098913]], "ideal": "D", "sampled": "D", "correct": true}}
{"type": "result", "data": {"idx": 13, "options": ["cricothyroid muscle is still functional but the interarytenoid muscles are fully active.", "cricothyroid muscle is still functional but the interarytenoids are weak.", "cricothyroid muscle is paralyzed but the interarytenoids are fully active.", "cricothyroid muscle is paralyzed but the interarytenoids are weak."], "probs": [[0.07884420787567135, 0.1695486814594536, 0.22114970124500893, 0.5304574093198661], [0.23595251408486248, 0.25513215771240927, 0.2287154218858812, 0.28019990621684704], [0.13230737538112666, 0.22158201197420133, 0.25110628089079645, 0.39500433165387555], [0.07803758581860447, 0.0912383239433569, 0.10179096169307496, 0.7289331284449636], [0.2173629538972159, 0.25412605297065266, 0.336692933950958, 0.19181805908117347], [0.14886973353119917, 0.18527747136654973, 0.18529006284738203, 0.48056273215486905], [0.13307468393493097, 0.18476195356247022, 0.20293552869115164, 0.47922783371144717], [0.23003556636549718, 0.260671399189649, 0.2526698036933654, 0.25662323065148845], [0.22132347351027454, 0.24691139140708104, 0.2431049193559323, 0.28866021562671207], [0.21231938039085135, 0.24823089681261695, 0.32378912933774806, 0.21566059335878363], [0.30551941565436036, 0.28702093450928684, 0.17684150530901183, 0.23061814442734094], [0.3334690630102474, 0.2597160041072529, 0.15509673951505368, 0.251718193267446], [0.1679499223086706, 0.2090259547758011, 0.18738368804144004, 0.4356404347740883], [0.13926468128150904, 0.24827636765598232, 0.21572337838181582, 0.3967355725806928], [0.21940760966156125, 0.2646640915803917, 0.2160313342602984, 0.2998969643977486], [0.2244058798508596, 0.2881482670085292, 0.2665216147568263, 0.22092423828378493], [0.1401129343948779, 0.20070920583522106, 0.25373875714180516, 0.40543910252809584], [0.23067996247309291, 0.23800830895321165, 0.2573711314148298, 0.27394059705886564], [0.19669607255101737, 0.24479404423128717, 0.36181693981076163, 0.19669294330693382], [0.18108356806688716, 0.2514176182831171, 0.2184502430839052, 0.3490485704660905], [0.286265007099568, 0.3144108887008498, 0.17638188422807666, 0.22294221987150548], [0.24454942740068694, 0.3189648842955352, 0.1761634866942067, 0.26032220150957114], [0.1606020975131752, 0.19072451263918125, 0.244912706139413, 0.4037606836082306], [0.19202142665818242, 0.21759445638873118, 0.28829052611849887, 0.3020935907345875]], "ideal": "B", "sampled": "B", "correct": true}}
{"type": "result", "data": {"idx": 14, "options": ["The mental symphysis closes at about 1 year postnatally", "The condylar growth cartilage ceases activity at puberty", "The ossification centre appears about 8 weeks I.U.L medial to Meckel's cartilage", "The functional matrix acting on the angle of the mandible is the lateral pterygoid muscle"], "probs": [[0.24888058745996602, 0.13322367169787427, 0.27769244542004656, 0.34020329532211313], [0.2599864005782494, 0.1458477079722469, 0.24428141114653132, 0.34988448020297236], [0.2809323030290364, 0.16516199460222752, 0.1758326414672638, 0.3780730608014723], [0.28883498473803215, 0.18075899508637117, 0.2180707421968253, 0.31233527787877136], [0.2849998516304381, 0.16495871788042335, 0.18405036900662225, 0.3659910613825163], [0.28432015443580133, 0.17517768029773237, 0.20806044277998084, 0.33244172238648545], [0.23782527089981303, 0.1313479374016911, 0.2737826067861925, 0.3570441848123034], [0.2449719233557562, 0.14178656462761188, 0.25677535700541027, 0.35646615491122163], [0.26177479643998847, 0.1468529188402851, 0.16642277687214055, 0.4249495077475859], [0.3131179101820341, 0.18408330880251336, 0.20862546314450786, 0.29417331777094463], [0.28438847392847943, 0.1498756669219216, 0.16462833914215705, 0.4011075199074419], [0.3022407067830587, 0.16955282019224835, 0.2211743875241844, 0.3070320854005086], [0.2991468861527081, 0.1435409911795813, 0.1731619510900375, 0.38415017147767305], [0.3165646696797942, 0.15918753565187216, 0.2076504615441793, 0.3165973330241544], [0.3110151773985255, 0.13170041927572862, 0.15159990795526299, 0.4056844952704829], [0.3755403514656446, 0.15174029992106539, 0.1802207556219595, 0.2924985928913305], [0.3546695218527153, 0.16239104157227718, 0.1649760354883214, 0.31796340098668613], [0.3833238596331369, 0.16747183105080987, 0.15982789275919196, 0.2893764164568612], [0.3099264296557453, 0.15105867834543615, 0.17663032341115625, 0.3623845684876623], [0.3054945766620317, 0.16099637745200948, 0.21331819889796444, 0.3201908468879943], [0.3450075737043063, 0.14383338604670967, 0.14385333870184355, 0.3673057014471405], [0.33109587941018725, 0.15887178785465494, 0.23119568590030137, 0.2788366467348564], [0.357185929977938, 0.17139564452841555, 0.1610419601040969, 0.3103764652895495], [0.39454078670370996, 0.17784741519103178, 0.15214768050579658, 0.27546411749946165]], "ideal": "A", "sampled": "C", "correct": false}}
{"type": "result", "data": {"idx": 15, "options": ["Its efferent limb is carried in the optic nerve", "It is mediated by the inferior colliculi in the midbrain", "It is a consensual reflex", "Its afferent limb is carried in the oculomotor nerve"], "probs": [[0.27892661923142364, 0.2040732414540197, 0.20092388094215669, 0.3160762582724], [0.23966991480292896, 0.2018251509088431, 0.32254745014723796, 0.23595748404098998], [0.21227681634687534, 0.16023740170783796, 0.31375455853185696, 0.31373122331342973], [0.2116125884921114, 0.1622506428273386, 0.3544178114303524, 0.2717189571501976], [0.27383826936256134, 0.23423254930571383, 0.2306226090577914, 0.26130657217393344], [0.28277748820338117, 0.24568995830940013, 0.1797655522643568, 0.29176700112286186], [0.4070635735581553, 0.16969440875740646, 0.16448734699034906, 0.25875467059408913], [0.3177221620443982, 0.22180981270807734, 0.2553269786779966, 0.2051410464695279], [0.42546175448466084, 0.17736398812028487, 0.1470512296207927, 0.2501230276742616], [0.3992612658981522, 0.1856785703770337, 0.16907578474647217, 0.24598437887834193], [0.3207903062623187, 0.21706241886848304, 0.23108384467955959, 0.23106343008963867], [0.41059055841403874, 0.176598341998803, 0.15586044221597653, 0.25695065727118177], [0.19845538738008459, 0.14980378299038288, 0.3538197471199343, 0.29792108240959825], [0.19049927022640467, 0.17618303964214885, 0.3848580602958968, 0.24845962973554964], [0.28968704997461653, 0.2596812689234649, 0.17848866112303047, 0.2721430198788881], [0.28269908703278607, 0.25740672217665556, 0.19431591074342153, 0.26557827994713684], [0.19953016637460602, 0.18167584861971356, 0.3239008735705236, 0.2948931113351568], [0.19530235846016217, 0.15940303386332338, 0.34279908194098274, 0.30249552563553167], [0.31195718702853553, 0.19829802225797077, 0.21443182120325963, 0.2753129694102341], [0.345432410963575, 0.19377659836788153, 0.16065939247966735, 0.30013159808887613], [0.2406810074803951, 0.19644273815574786, 0.2858470081997173, 0.2770292460641397], [0.3216967630317493, 0.2077091068970441, 0.1776760395837378, 0.2929180903874688], [0.21717330811236166, 0.16393300889283216, 0.33118143674399675, 0.2877122461508095], [0.2319463640219485, 0.17237038908665242, 0.29785332080723553, 0.2978299259841635]], "ideal": "C", "sampled": "B", "correct": false}}
{"type": "result", "data": {"idx": 16, "options": ["External and internal intercostal muscles", "External intercostal muscles and diaphragm", "Internal intercostal muscles and diaphragm", "External and internal intercostal muscles and diaphragm"], "probs": [[0.19947176876411968, 0.16537095616257902, 0.14145574197644376, 0.49370153299685754], [0.27566890568771424, 0.23213676999493296, 0.2672006348819939, 0.22499368933535888], [0.15180617569359015, 0.15180890260608834, 0.1747388392512105, 0.521646082349111], [0.2418769525680376, 0.25747697775539974, 0.26984646109485877, 0.2307996084817039], [0.33976052726807426, 0.2951916885911534, 0.13515429801577164, 0.22989348602500065], [0.4062723102583063, 0.2623117087062416, 0.12391247407951742, 0.2075035068559347], [0.5432465874324859, 0.11036920212480918, 0.10531950388240773, 0.24106470646029723], [0.494163095901664, 0.15308557449240476, 0.15309128163714142, 0.1996600478687898], [0.3830898546450401, 0.15969795581956467, 0.12437697962087049, 0.33283520981452475], [0.6219523641136067, 0.14096293061996915, 0.0939042880128936, 0.14318041715353055], [0.5221050420038214, 0.17217362053590077, 0.10443200992815455, 0.20128932743212333], [0.6955525096884707, 0.12087058995174185, 0.06270888075850443, 0.12086801950128297], [0.5925800976333537, 0.0908763808182314, 0.08808353059852038, 0.22845999084989446], [0.55524866771349, 0.13396058682895493, 0.1360744955470233, 0.17471624981053172], [0.44110042203423583, 0.1205914917115086, 0.12059517229810372, 0.31771291385615186], [0.632104759094274, 0.1169281685006528, 0.09846589041608798, 0.15250118188898523], [0.5974773674981747, 0.13971400051338068, 0.09162920575970233, 0.1711794261287422], [0.7043742484314128, 0.10972133196000765, 0.06350355547401394, 0.12240086403456553], [0.6618131595728541, 0.08283698804852466, 0.06867623533146966, 0.18667361694715154], [0.7017603615213759, 0.07281936188965064, 0.061321682606793715, 0.16409859388217973], [0.6893295048978029, 0.07496209441865888, 0.06412033736064576, 0.17158806322289247], [0.7793678524405047, 0.051405697289844225, 0.0439708077271895, 0.12525564244246157], [0.6283553335687296, 0.10919279021710172, 0.08242546143937578, 0.18002641467479286], [0.6902664015616016, 0.09341820001047374, 0.07162846944339153, 0.1446869288845332]], "ideal": "B", "sampled": "D", "correct": false}}
