{"type": "result", "data": {"idx": 0, "options": ["r = k ln[A]", "r = k [A]^2", "r = k [A]", "r = k"], "probs": [[0.4250465333036715, 0.19460082052192176, 0.15636909006462432, 0.22398355600978243], [0.43123377417631026, 0.17697841626222535, 0.14220870394139798, 0.2495791055200664], [0.44250954524809877, 0.24822649922621148, 0.10347798825220168, 0.20578596717348807], [0.3665720765436873, 0.2640337010352969, 0.14355510257902018, 0.22583911974199564], [0.4716866997148762, 0.19358055916367806, 0.09002467586579661, 0.24470806515564913], [0.30523914550529, 0.22683564164211412, 0.17666299902614108, 0.2912622137264548], [0.2884850885724155, 0.2545879260818264, 0.2177646820853348, 0.23916230316042328], [0.3023725865554879, 0.24679036455128134, 0.19220401689252367, 0.25863303190070713], [0.3624582480289204, 0.27790804866431496, 0.12924123914018568, 0.23039246406657896], [0.2503180056749607, 0.25031973420976206, 0.15182868549668546, 0.34753357451859174], [0.3196065533076069, 0.23383040820224818, 0.15097453288866125, 0.29558850550148363], [0.21442171609609312, 0.23184667179878699, 0.15934803842876247, 0.3943835735763574], [0.5602881824367014, 0.1656216358135178, 0.06797207789975061, 0.20611810375003012], [0.4058062135767442, 0.23122280833793118, 0.1317491829263545, 0.23122179505897011], [0.5340780694856335, 0.15787399048826867, 0.08190520228975334, 0.22614273763634443], [0.32002238985576026, 0.19716115902652437, 0.1313394696280388, 0.35147698138967653], [0.4521879356391329, 0.2006584003514201, 0.11256110173592371, 0.23459256217352328], [0.3905688342231006, 0.1903491374763975, 0.10030833184634903, 0.3187736963541528], [0.32416599662210854, 0.2816415063610408, 0.10361157460761569, 0.290580922309235], [0.17279668408091464, 0.27184850379860637, 0.23252776609312442, 0.32282704592735456], [0.29736160785917687, 0.21755551965511574, 0.13195596437392376, 0.3531269080117836], [0.17649140251114656, 0.20958992283587508, 0.16323073936398022, 0.45068793518899813], [0.22050265637066327, 0.31585767391357783, 0.19766229094581633, 0.2659773786699426], [0.19827784904178952, 0.2626770577956583, 0.1568536664773927, 0.3821914265851595]], "ideal": "D", "sampled": "C", "correct": false}}
{"type": "result", "data": {"idx": 1, "options": ["all molecular bonds absorb IR radiation", "IR peak intensities are related to molecular mass", "most organic functional groups absorb in a characteristic region of the IR spectrum", "each element absorbs at a characteristic wavelength"], "probs": [[0.013218221044047686, 0.0394628004402808, 0.8982078885976426, 0.049111089818028926], [0.07280732853296981, 0.08380548097410519, 0.09646092569893673, 0.7469262646939883], [0.04356161440350609, 0.8887653979014044, 0.030412627671001637, 0.03726035992408781], [0.03658968223485159, 0.9146548542756672, 0.023997588170146227, 0.024757875219334983], [0.039401719535016984, 0.04753076532540776, 0.0573334202212425, 0.8557340948183327], [0.017496913083114112, 0.06012413821097021, 0.8835608066031144, 0.038818142002801245], [0.006921419823252034, 0.020663599791548633, 0.9500726435125547, 0.022342336772644644], [0.08004698752906549, 0.0935895438092895, 0.11289224123513102, 0.713471227326514], [0.04761122414946215, 0.8308716252814949, 0.04543361304272332, 0.07608353742631961], [0.03985935314252855, 0.8522607595223727, 0.04112735262860968, 0.06675253460648908], [0.05712684541285913, 0.06575623496928125, 0.08848555846669731, 0.7886313610511623], [0.010854679847436184, 0.035039580571733155, 0.9179546626941519, 0.03615107678667872], [0.8760144749982913, 0.0696984431045081, 0.015797159849183878, 0.0384899219480167], [0.8911966351687522, 0.06456144778752544, 0.013746365372227499, 0.030495551571494833], [0.8794753249424312, 0.06676966920172679, 0.016882435051682333, 0.03687257070415968], [0.8886009031582681, 0.058612787373899515, 0.01553128596813357, 0.03725502339969879], [0.869892314598318, 0.07966183665649154, 0.016184789991573478, 0.03426105865361703], [0.893123994228979, 0.06078104742136435, 0.013562500627053664, 0.0325324576226029], [0.0569252557077159, 0.06252461251943779, 0.06975177952124023, 0.8107983521516061], [0.014234342368931884, 0.044535579449560644, 0.9086478195638594, 0.032582258517648045], [0.05079253143941477, 0.049232882852297044, 0.06729392380778709, 0.8326806618005012], [0.01517918154233325, 0.04062219232303452, 0.8822589503095053, 0.061939675725126875], [0.043424781978320615, 0.8999199808664744, 0.02633984567845596, 0.030315391376749035], [0.039060419959755274, 0.9030380803193434, 0.026021331282904226, 0.031880168337997054]], "ideal": "C", "sampled": "C", "correct": true}}
{"type": "result", "data": {"idx": 2, "options": ["2", "3", "4", "5"], "probs": [[0.13331072527739674, 0.5355605682031414, 0.2651358941355413, 0.06599281228392065], [0.1551321835984061, 0.5248101753659937, 0.24791525868398134, 0.07214238225161888], [0.18288830602159234, 0.5292121964615436, 0.22061913535099162, 0.06728036206587247], [0.1798669439453655, 0.481356353630785, 0.24973626433877633, 0.08904043798507315], [0.17126297693830275, 0.5113035363743479, 0.23778943360767943, 0.07964405297966994], [0.2011210173167333, 0.4824700355047315, 0.23514926431211738, 0.08125968276641779], [0.2043456970145891, 0.2927145274371888, 0.4064142880505923, 0.09652548739762982], [0.2807121464806919, 0.2896253362502213, 0.3231168307640752, 0.10654568640501161], [0.3140048799351595, 0.4292004565912608, 0.17615219115016373, 0.08064247222341595], [0.28383520031240006, 0.3940715462017008, 0.21094211776723462, 0.11115113561866447], [0.32188499108094437, 0.4133145016993665, 0.18341607139965266, 0.08138443572003648], [0.27922805308803955, 0.38166217854789425, 0.24261242915908987, 0.09649733910497635], [0.399681374402558, 0.31127517252747916, 0.21394615566281738, 0.0750972973071454], [0.4194897492076565, 0.26664655007343946, 0.22454947549953921, 0.08931422511936478], [0.4779202617131405, 0.24794773582475244, 0.15516794175957066, 0.11896406060253639], [0.4114583813717129, 0.25748704518478177, 0.22371942125977085, 0.10733515208373448], [0.4579562935688768, 0.2910995352975705, 0.16076738412110442, 0.0901767869124483], [0.46896471170966936, 0.27569471965373166, 0.16722493863743387, 0.08811562989916513], [0.41634055967935896, 0.2861503064346265, 0.22286361453688722, 0.07464551924912724], [0.3915267680142644, 0.2864505200907714, 0.24122669032346813, 0.0807960214714961], [0.5022564380186281, 0.26467498345485074, 0.1484751358934243, 0.08459344253309693], [0.4080016764591059, 0.2804181679958636, 0.23248595863066182, 0.07909419681436866], [0.4848289624708912, 0.2437909314201703, 0.17288121634911166, 0.0984988896598268], [0.49125323426658646, 0.23570995381665424, 0.18073286383628825, 0.09230394798047105]], "ideal": "D", "sampled": "C", "correct": false}}
{"type": "result", "data": {"idx": 3, "options": ["The I\u2212 : IO3\u2212 ratio is 3:1.", "The MnO4- : I- ratio is 6:5.", "The MnO4- : Mn2+ ratio is 3:1.", "The H+ : I\u2212 ratio is 2:1."], "probs": [[0.27041435238995076, 0.301677852838866, 0.21062004564086426, 0.21728774903031894], [0.284560007628357, 0.2982261015873692, 0.1955947069148944, 0.22161918376937942], [0.2634182909376997, 0.2893154663946316, 0.2184013756653027, 0.228864866902366], [0.26991995361966925, 0.30112748437708914, 0.19443769171565425, 0.2345148701875874], [0.2508409358435507, 0.2628856936264261, 0.24314682545535407, 0.24312654497466907], [0.23093919453695705, 0.26169484851127556, 0.2576571702699496, 0.24970878658181775], [0.2774691796779569, 0.28628363349305863, 0.20621361711902753, 0.2300335696099569], [0.28805180547127046, 0.266410817656908, 0.21407753331886256, 0.231459843452959], [0.28347208670713847, 0.27475654666721216, 0.21399190700906542, 0.22777945951658396], [0.2987324893175846, 0.27628964182951826, 0.19592820105977576, 0.22904966769312135], [0.2606138884760596, 0.26472339031433273, 0.24104738233063158, 0.2336153387789761], [0.2622397800684029, 0.2748308140534882, 0.22785579816423487, 0.23507360761387408], [0.28132921454477355, 0.2521867155776561, 0.23325014112047382, 0.23323392865709652], [0.2863043759088202, 0.252668522193541, 0.21613306650941702, 0.24489403528822173], [0.2950825602986606, 0.2729127325466729, 0.20926199227678302, 0.22274271477788343], [0.30878525509152593, 0.2725092131743134, 0.1962926060317471, 0.22241292560241352], [0.24129164987500637, 0.25287698943240927, 0.2568766397911735, 0.24895472080141084], [0.26069391548094667, 0.26069919049216594, 0.24491938185982612, 0.23368751206706126], [0.2567431590189616, 0.26079353298926816, 0.24501053621389307, 0.23745277167787715], [0.2437166309666794, 0.2718926708410387, 0.22897287052029758, 0.25541782757198433], [0.2802405398839694, 0.3030208692101736, 0.20186786652375988, 0.21487072428209708], [0.2708834409442862, 0.30695959922581956, 0.20449243483882656, 0.21766452489106772], [0.26105907167775916, 0.3052185728063157, 0.20333432846220012, 0.23038802695372498], [0.2503409608846615, 0.2972944289954906, 0.22442325278591238, 0.22794135723393555]], "ideal": "B", "sampled": "B", "correct": true}}
{"type": "result", "data": {"idx": 4, "options": ["always", "only for constant pressure processes", "only for constant temperature processes", "only for constant volume processes"], "probs": [[0.2649413088435429, 0.36213359772716996, 0.1820945021640135, 0.19083059116527362], [0.26715174314688406, 0.3539202808979881, 0.19242551920873902, 0.18650245664638881], [0.2662296215557176, 0.34723057304633603, 0.1917614283441045, 0.1947783769538419], [0.2668094714258375, 0.342591891927789, 0.189199661867762, 0.2013989746786115], [0.2579690592617827, 0.3364565770425682, 0.21386761108487815, 0.1917067525107709], [0.26055865050086413, 0.33983411426925464, 0.19668340363224884, 0.20292383149763238], [0.32008138772745964, 0.3627013319770587, 0.13766770268594966, 0.179549577509532], [0.2895495420673295, 0.3776452017856368, 0.1599071824446045, 0.17289807360242912], [0.22492853325697376, 0.17245918562408924, 0.4009873629098117, 0.2016249181091253], [0.25502141547569257, 0.1752743221562372, 0.18084065075375286, 0.38886361151431736], [0.24189407808939048, 0.2202475502682357, 0.3465041855745572, 0.19135418596781661], [0.25570223113873963, 0.19605458072928905, 0.17033754541269586, 0.37790564261927545], [0.28800169035877454, 0.36406963785199736, 0.1590523577424656, 0.18887631394676252], [0.27521480986483343, 0.37034362992761083, 0.15928476163869265, 0.19515679846886308], [0.22847093851598277, 0.20480059120995645, 0.36510324214497275, 0.20162522802908803], [0.24777893706340987, 0.18997954962616068, 0.17847173977925265, 0.3837697734311768], [0.22067217022978672, 0.21056745395495396, 0.35819317508005694, 0.21056720063520237], [0.23882169596645805, 0.19189938268676895, 0.2107631658148034, 0.35851575543196956], [0.24780703696248094, 0.37200354208818304, 0.19603482763154678, 0.1841545932177892], [0.2710948166980783, 0.3705441487711798, 0.15690029454598092, 0.201460739884761], [0.2417063347718109, 0.23063840887876985, 0.33038008236143535, 0.19727517388798393], [0.24745361873199023, 0.20514723962203443, 0.17007529987296377, 0.37732384167301153], [0.21465085444688056, 0.17519348858035053, 0.3886906504242352, 0.22146500644853373], [0.23312197275927024, 0.17874155670492245, 0.21560667131761338, 0.3725297991181939]], "ideal": "B", "sampled": "A", "correct": false}}
{"type": "result", "data": {"idx": 5, "options": ["3 lines", "9 lines", "5 lines", "7 lines"], "probs": [[0.21067441369946838, 0.38148500374659733, 0.2463121340531522, 0.16152844840078212], [0.20270597328584963, 0.3394704359588173, 0.29494630408477845, 0.1628772865705546], [0.217308329482501, 0.3472604842279499, 0.25807045349458313, 0.1773607326949659], [0.2249194152404282, 0.35942346925191415, 0.24320659763784802, 0.17245051776980966], [0.1975201728718442, 0.36329795556036093, 0.2536304588504768, 0.1855514126173181], [0.19483512309242748, 0.406074369275158, 0.23502452579916835, 0.16406598173324613], [0.262515526798142, 0.37020872694465146, 0.22454991448138378, 0.1427258316758227], [0.25254126251759285, 0.36175031829359205, 0.2372486485043452, 0.1484597705844699], [0.2785052532347325, 0.33073557921608887, 0.2345330014054041, 0.15622616604377457], [0.2513787633803, 0.3278614433737908, 0.2634521902781044, 0.15730760286780474], [0.26242003233222605, 0.30680180050049555, 0.2665613631125167, 0.16421680395476168], [0.28308472878142754, 0.31580580218869847, 0.23469399612863343, 0.16641547280124053], [0.23332312353120852, 0.33422216271661087, 0.26439979275801556, 0.16805492089416507], [0.22355831000295334, 0.3152698027067492, 0.28706598706751346, 0.174105900122784], [0.2345407157901827, 0.38669624920792767, 0.2273331731330513, 0.15142986176883833], [0.22139219937494786, 0.33235144611849826, 0.2842836975767047, 0.16197265682984918], [0.2351880669358623, 0.3642700910203967, 0.23890091476435607, 0.1616409271793849], [0.25370195505466214, 0.3308936953213723, 0.22390103337909914, 0.1915033161448664], [0.26246151325462236, 0.3587440549968557, 0.2245026677622406, 0.15429176388628132], [0.2723289050685558, 0.360779513061342, 0.2188303554187826, 0.14806122635131963], [0.27994059201901733, 0.32728617350680106, 0.23574195714869783, 0.1570312772254838], [0.270963881450079, 0.32684708125373196, 0.24289860190851295, 0.15929043528767609], [0.286556959123566, 0.31472355124187357, 0.2302625030048897, 0.16845698652967073], [0.27105092999608826, 0.307143151729387, 0.2468033134690483, 0.17500260470547643]], "ideal": "B", "sampled": "D", "correct": false}}
{"type": "result", "data": {"idx": 6, "options": ["Neutrons", "Alpha particles", "Beta particles", "X-rays"], "probs": [[0.5501166540570542, 0.2898948766754137, 0.07562532218813636, 0.08436314697939568], [0.5511661212427057, 0.29044789289347506, 0.0711788242326936, 0.08720716153112565], [0.5849049003596585, 0.2555291316323883, 0.08040774492997896, 0.07915822297797434], [0.6081550263634862, 0.24958936498132658, 0.06613617642037996, 0.07611943213480726], [0.48235453143288043, 0.26225464702607093, 0.14943150909052016, 0.1059593123505285], [0.5292115210957605, 0.27029815313497274, 0.10259603707956508, 0.09789428858970169], [0.1397725087196681, 0.7323633649917234, 0.03762047104520314, 0.09024365514340543], [0.11636308736605093, 0.7587899446995903, 0.03837361729579931, 0.08647335053855952], [0.1841018701638021, 0.26786819896010705, 0.3777642362265786, 0.1702656945495122], [0.1300774365533451, 0.22127197680644795, 0.12608063219716978, 0.5225699543430372], [0.10849084605627231, 0.2058801624497624, 0.5175962160067459, 0.1680327753872194], [0.15097392953679573, 0.3002511233015625, 0.16324780849205425, 0.3855271385695875], [0.11518908162169408, 0.7629629883566141, 0.03624700341480222, 0.08560092650688957], [0.10463829138177341, 0.7853615692778679, 0.03344550157837282, 0.0765546376619858], [0.21013933968799947, 0.34646375415151803, 0.28723494911741543, 0.15616195694306706], [0.1685136220767899, 0.3457718115899242, 0.11764587942870963, 0.3680686868045763], [0.11245486958959475, 0.234377057268007, 0.4734666362845313, 0.17970143675786698], [0.17216059514702975, 0.3021549014008472, 0.16686913367607234, 0.3588153696760507], [0.0854439251982923, 0.8106763724474424, 0.03192901008684573, 0.07195069216741955], [0.08157586715774395, 0.8238940056430282, 0.0269017028154837, 0.06762842428374417], [0.13707226717699156, 0.38443148705142155, 0.33926606680436866, 0.1392301788672182], [0.16313712936528404, 0.4298152102941621, 0.10699184424892864, 0.30005581599162523], [0.11042666763234547, 0.33486704032848513, 0.391507309382964, 0.16319898255620532], [0.14972618890067593, 0.3536106207737151, 0.12608628537375785, 0.3705769048518511]], "ideal": "A", "sampled": "A", "correct": true}}
{"type": "result", "data": {"idx": 7, "options": ["Strong oxidizing conditions", "Low-spin electron configuration", "Metallic physical properties", "Unpaired electrons"], "probs": [[0.2288255095253047, 0.18676427004853854, 0.17005500195710033, 0.4143552183690564], [0.21299393790311455, 0.16077792882470737, 0.29113859369136086, 0.3350895394808172], [0.22902750409093495, 0.1728814387552616, 0.1702055331710662, 0.42788552388273726], [0.16259453425843193, 0.12862404264523009, 0.4489553174950639, 0.25982610550127405], [0.32387241959218294, 0.2903212032200737, 0.11730351385272363, 0.2685028632350197], [0.2935249594610945, 0.29815156153294836, 0.12823686384578264, 0.28008661506017446], [0.310911132851942, 0.17170324197348125, 0.14235053101325473, 0.37503509406132196], [0.22176963587407503, 0.1524211398022428, 0.322683826532707, 0.3031253976909752], [0.41307516650971127, 0.18330324638133316, 0.10609076599935449, 0.2975308210096011], [0.3068447754500147, 0.19202028499143806, 0.2583989837268725, 0.24273595573167475], [0.4325523110236726, 0.25829246830065344, 0.09502344648352312, 0.2141317740921508], [0.3975770621191645, 0.25271857723743435, 0.12316912125194414, 0.22653523929145702], [0.26171458795176034, 0.1637787100673817, 0.15628263678458365, 0.4182240650962743], [0.16125925172301456, 0.12957640515637997, 0.45940047055355704, 0.24976387246704848], [0.3649870536481022, 0.20796575114954996, 0.11485281097156483, 0.312194384130783], [0.2999629810135949, 0.2061634900734861, 0.23729912505008113, 0.2565744037628378], [0.407333853854736, 0.3539026107575939, 0.07418421710423033, 0.16457931818343977], [0.40065062932720896, 0.3071936506444317, 0.10289989619195183, 0.1892558237364075], [0.571911611702505, 0.13373630644255713, 0.07385839271347391, 0.2204936890414639], [0.5419606687024827, 0.1391884566522927, 0.08575415057026951, 0.2330967239749551], [0.6855816840439907, 0.12101380525809363, 0.05627828835878257, 0.13712622223913315], [0.5431795837152624, 0.1656622178462384, 0.10048219040109159, 0.1906760079374076], [0.6425412871082976, 0.12456394354325126, 0.06263666414319928, 0.17025810510525177], [0.5500575776580313, 0.16259862117485535, 0.09121259097112709, 0.19613121009598627]], "ideal": "D", "sampled": "D", "correct": true}}
{"type": "result", "data": {"idx": 8, "options": ["1:1", "1:3", "1:6", "2:3"], "probs": [[0.2441887219388402, 0.3963608620527782, 0.16015022217297428, 0.1993001937354073], [0.24946811417833253, 0.40492971557485624, 0.1513174243708968, 0.1942847457759144], [0.22336309321563277, 0.3459532363650921, 0.23046373515398583, 0.2002199351652893], [0.24166503186096522, 0.3743008020995156, 0.17407296336827952, 0.20996120257123965], [0.25017419454933865, 0.347334504092769, 0.19182437656391693, 0.2106669246939754], [0.25298159181114277, 0.35123293018257806, 0.1793995717256867, 0.21638590618059247], [0.35494453240279167, 0.3282729733894761, 0.1326400657258918, 0.18414242838184042], [0.3759639234765617, 0.32158246393577256, 0.12206447777373493, 0.1803891347139308], [0.3245393480575099, 0.3001536264784125, 0.16576819861221528, 0.2095388267518623], [0.3364563235832118, 0.27461015766183977, 0.15404926009352404, 0.2348842585614243], [0.33777172376627773, 0.26720235545354404, 0.18365355381480797, 0.21137236686537023], [0.3642434287971625, 0.24264068132121902, 0.15423866074446207, 0.2388772290371564], [0.28017422554075394, 0.30294290181945244, 0.19868321714798598, 0.21819965539180766], [0.3188405084118367, 0.30903414349198716, 0.15298949408475754, 0.2191358539114186], [0.28027966198085863, 0.31267714031375227, 0.19875780939919277, 0.2082853882061963], [0.30684422529119776, 0.31658755786270354, 0.14495078785904758, 0.2316174288870511], [0.2780345462888961, 0.3053638131719584, 0.20342544325419845, 0.21317619718494704], [0.2843848764612008, 0.2843869626237677, 0.1954652368826904, 0.23576292393234105], [0.2855431479756072, 0.33383590477102354, 0.1962614386520438, 0.18435950850132543], [0.3120007766173098, 0.34806471540927086, 0.15936295449089377, 0.18057155338252562], [0.2907582689191989, 0.30951310797607257, 0.19674739850219272, 0.2029812245025358], [0.32057396643687486, 0.29188792154922316, 0.16374181723496137, 0.2237962946789406], [0.29141618495875277, 0.29141818171426326, 0.21998408941285974, 0.19718154381412425], [0.26300304733562424, 0.284374828841042, 0.2509720883867691, 0.2016500353365647]], "ideal": "C", "sampled": "B", "correct": false}}
{"type": "result", "data": {"idx": 9, "options": ["T1, unlike T2, is sensitive to very low-frequency molecular motions.", "T2, unlike T1, is sensitive to very low-frequency molecular motions.", "T1, unlike T2, is sensitive to molecular motions at the Larmor frequency.", "T2, unlike T1, is sensitive to molecular motions at the Larmor frequency."], "probs": [[0.2699185827128804, 0.26573532025137603, 0.26993011621129953, 0.19441598072444402], [0.2538054287179819, 0.28314173218756716, 0.27443990108606614, 0.1886129379083848], [0.24118770244634932, 0.33485935631887415, 0.19380874306150675, 0.23014419807326977], [0.27409239783847034, 0.3306217392763161, 0.18838895294007416, 0.20689690984513937], [0.21838087817545393, 0.3031939701370479, 0.26342935545027585, 0.21499579613722228], [0.24614503610436786, 0.31115838418533603, 0.2539700827647083, 0.18872649684558782], [0.22288490003755757, 0.2999259024536466, 0.27739573348954166, 0.19979346391925418], [0.22179586354051947, 0.3079350682169738, 0.2552963273060231, 0.2149727408364836], [0.22836918657384814, 0.312145694111918, 0.25477577392187045, 0.2047093452923634], [0.22031584885081557, 0.33073575803001515, 0.24198028851203968, 0.2069681045071296], [0.21577815387805974, 0.32392408957931534, 0.215788063150105, 0.2445096932925199], [0.255346626017785, 0.3330380320215973, 0.1897656172324196, 0.22184972462819802], [0.30717917815982365, 0.3071818305664764, 0.17778975994910468, 0.20784923122459525], [0.3078550260419986, 0.30785824469267226, 0.17269957781944126, 0.2115871513458879], [0.2810395019810568, 0.3038784815979335, 0.21888379424284848, 0.19619822207816115], [0.2449575552863397, 0.31453366658521, 0.23743108341266775, 0.20307769461578257], [0.3478208378258964, 0.27088465476651213, 0.19511816812238467, 0.1861763391852068], [0.31599977138459073, 0.28772258326927636, 0.21050992292281046, 0.18576772232332248], [0.2511173932827295, 0.3125229887338093, 0.21818418988286006, 0.2181754280006012], [0.25093471627505554, 0.3172130239107936, 0.23945350585787817, 0.1923987538562727], [0.2896354582507492, 0.3035380036389678, 0.18125711919811133, 0.22556941881217163], [0.26951600323229014, 0.31021375847696464, 0.2002963960102949, 0.21997384218045035], [0.2594779133537214, 0.31299182769506495, 0.22544725237022414, 0.2020830064809895], [0.2656700014802384, 0.320461332765958, 0.2101711332587833, 0.20369753239502025]], "ideal": "D", "sampled": "C", "correct": false}}
{"type": "result", "data": {"idx": 10, "options": ["3.02 ppm", "5.03 ppm", "10.56 ppm", "11.30 ppm"], "probs": [[0.25658830997762183, 0.36185362931447684, 0.18482519684373824, 0.19673286376416307], [0.2529036217482933, 0.3622744244991554, 0.1909141178646855, 0.19390783578786572], [0.23945638535012356, 0.36513280864878944, 0.2146597355389512, 0.18075107036213578], [0.22787410565786653, 0.3315597770681024, 0.24258557638355335, 0.1979805407904777], [0.24023734688478524, 0.3606445813394672, 0.21202135489441867, 0.18709671678132886], [0.22980678884452901, 0.3504188850046785, 0.22625792840072143, 0.19351639765007106], [0.2880432095252483, 0.35292405938326843, 0.1641328681582847, 0.19489986283319852], [0.27644295321450724, 0.3605561065479005, 0.1730047664768773, 0.189996173660715], [0.2595134493231592, 0.3547191182043683, 0.19590293744793727, 0.18986449492453525], [0.24494167429913394, 0.3245011173012864, 0.23374062077626812, 0.19681658752331155], [0.26030388859744397, 0.35579985906797834, 0.19345337438814536, 0.1904428778464323], [0.24962200219650305, 0.3520296723508277, 0.2069564882880016, 0.19139183706466764], [0.2456014861934819, 0.38639249140895066, 0.18832046633508207, 0.17968555596248534], [0.24706196782502524, 0.37673094864892664, 0.18076515195946255, 0.19544193146658556], [0.2328773299891929, 0.4151560416309501, 0.18423183652514658, 0.16773479175471043], [0.22955663157854736, 0.4288759167231015, 0.16278904432234909, 0.17877840727600203], [0.2841243401592868, 0.3591758929587151, 0.1644508091449923, 0.1922489576370058], [0.28012903211468776, 0.3486345021754259, 0.17259457244306844, 0.19864189316681785], [0.2648692845229856, 0.35642708937658857, 0.19379506379492067, 0.18490856220550517], [0.26620126164577623, 0.3471980444322234, 0.18877682369217222, 0.1978238701298281], [0.2603624683250159, 0.3788320010869756, 0.18463561876847884, 0.17616991171952964], [0.255439866065475, 0.3956399978760617, 0.1649338678135208, 0.1839862681449426], [0.2981559976362453, 0.3710701520529381, 0.14993299765775822, 0.18084085255305843], [0.30015451607547294, 0.36206368687298307, 0.15572868750113691, 0.18205310945040704]], "ideal": "D", "sampled": "B", "correct": false}}
{"type": "result", "data": {"idx": 11, "options": ["[The polarization relaxes exponentially: p(t) = [p(0) - peq]exp(-t/T1) + peq.]", "72.0 s", "56.6 s", "12.7 s"], "probs": [[0.2503903470624881, 0.3067899300329572, 0.23523833994840088, 0.20758138285615388], [0.236175353928523, 0.30803479138072115, 0.27185593267892905, 0.1839339219118268], [0.28946565716156536, 0.3129939641343296, 0.16494665546714887, 0.23259372313695614], [0.2663441041790947, 0.31629637351891016, 0.23142081841629414, 0.18593870378570096], [0.32272430770262966, 0.3329752037642931, 0.1454748191468256, 0.1988256692862516], [0.29001678329861286, 0.33907036505543636, 0.1652591451208055, 0.20565370642514527], [0.12762638354695385, 0.4454660514088329, 0.25783069766726546, 0.16907686727694785], [0.1508984118549129, 0.4435216784033712, 0.24494938549930115, 0.16063052414241472], [0.13292390502923387, 0.38463239024107987, 0.3090795072329762, 0.17336419739671002], [0.09856712145540249, 0.28521886677586084, 0.27218070826327473, 0.34403330340546195], [0.12162962846621403, 0.43801019939832486, 0.2741130190026449, 0.16624715303281623], [0.09958308863080623, 0.35862126983964965, 0.18317997442604364, 0.3586156670035005], [0.15906254877608778, 0.4823618067940141, 0.1667088568081614, 0.19186678752173675], [0.1679184536717375, 0.44938134840890237, 0.22247083318815167, 0.16022936463120843], [0.14354078470225207, 0.29453083869849794, 0.3497884869225712, 0.21213988957667876], [0.08913654073555453, 0.1887066965791649, 0.2969035451259764, 0.42525321745930417], [0.14496553136756962, 0.4065712326443814, 0.27084807117423326, 0.1776151647138157], [0.10887432923475684, 0.3250483000329552, 0.17399977275479128, 0.39207759787749663], [0.1565246158163875, 0.5549433909538273, 0.12191194476327014, 0.16662004836651503], [0.16699858505839796, 0.5475817485375515, 0.12606780605449655, 0.15935186024955403], [0.15053450018255085, 0.27687854397146383, 0.36683047907351257, 0.20575647667247274], [0.10090834270495115, 0.1663725612007393, 0.3749651768814133, 0.3577539191128963], [0.1628758733873231, 0.2949333146674547, 0.3394885012244169, 0.2027023106208053], [0.10977877175705797, 0.1867444854805396, 0.2760173441793575, 0.4274593984830449]], "ideal": "B", "sampled": "A", "correct": false}}
{"type": "result", "data": {"idx": 12, "options": ["4.6 mT", "27 G", "5.4 mT", "3.8 mT"], "probs": [[0.18042762306871335, 0.17762994499769807, 0.40662118182554885, 0.23532125000803972], [0.16613829138957437, 0.18246663963758422, 0.4446339507283629, 0.2067611181444785], [0.22359619541895476, 0.31043510033521066, 0.20044090747799853, 0.26552779666783605], [0.23575134136783962, 0.302711887748602, 0.2630151627552572, 0.19852160802830113], [0.22521854787115417, 0.3328536946949517, 0.18672172346165516, 0.25520603387223895], [0.22899996083174895, 0.28948387932093717, 0.27624312452061905, 0.20527303522669482], [0.15165604783663103, 0.21386931412441823, 0.3995860755414064, 0.2348885623975443], [0.1552912191978141, 0.23679072368133622, 0.3784138076646346, 0.22950424935621502], [0.15896563940987166, 0.24239340015580543, 0.38136206778179, 0.2172788925525329], [0.15621660089221673, 0.23450866246910226, 0.37476705754627604, 0.23450767899240496], [0.14444598769361716, 0.23082338615170653, 0.38658086037615774, 0.23814976567851856], [0.15761057796078495, 0.22576686401245058, 0.3607959097144429, 0.25582664821232154], [0.23256785021732918, 0.33838671946698196, 0.19281518744708936, 0.23623024276859952], [0.2445158213132483, 0.3189103305020903, 0.23700687286867908, 0.19956697521598232], [0.18168519164764196, 0.19644798043718456, 0.40945618730479477, 0.21241064051037872], [0.16721933330923036, 0.1808066138083754, 0.44059000425447875, 0.21138404852791548], [0.22183284659702726, 0.30798490455714517, 0.280439781498889, 0.1897424672469386], [0.22635897991777854, 0.3674196600546582, 0.17629784343863852, 0.22992351648892476], [0.20960527344030275, 0.32464503754938107, 0.21291701176247188, 0.2528326771478443], [0.2233162786839168, 0.2822993951410968, 0.2779395240574368, 0.2164448020175496], [0.1703484305465214, 0.1870906595075598, 0.40233145941253123, 0.24022945043338756], [0.18064734068722063, 0.17784642906427478, 0.39459090833009836, 0.24691532181840625], [0.22500619774269187, 0.2844345144150801, 0.2981025741054378, 0.19245671363679026], [0.22523347695551824, 0.31763293862693703, 0.2019096880664724, 0.25522389625107234]], "ideal": "A", "sampled": "A", "correct": true}}
{"type": "result", "data": {"idx": 13, "options": ["1:19:36:84:126:126:84:36:19:1", "1:9:36:84:126:126:84:36:9:1", "1:9:35:82:120:120:82:35:9:1", "1:8:28:56:70:56:28:8:1"], "probs": [[0.17197176859790875, 0.24252083083238385, 0.19185766801027168, 0.3936497324594357], [0.16913333785531376, 0.22406664822344427, 0.19467909922260984, 0.41212091459863215], [0.17562271652849637, 0.23632752892991948, 0.22201894221469842, 0.36603081222688566], [0.16676457472231968, 0.22794110862560227, 0.1860468695836829, 0.41924744696839517], [0.15999452231681918, 0.2291829871415187, 0.20226064037807603, 0.40856185006358603], [0.11917953369587263, 0.17071706309275925, 0.26032385615373926, 0.44977954695762884], [0.18536189029492015, 0.24556634612312847, 0.20043343001685043, 0.36863833346510094], [0.16194849197283634, 0.20154977443437236, 0.18934424783912043, 0.44715748565367086], [0.19004385737795162, 0.2897846486810533, 0.16512062145967984, 0.3550508723813152], [0.17191763942082766, 0.2501406259521761, 0.17192406182101447, 0.40601767270598177], [0.16795327017942302, 0.24822059641115093, 0.19332096266781698, 0.39050517064160906], [0.15788580240390665, 0.2059226005180996, 0.2859061913516391, 0.35028540562635463], [0.19881082772992514, 0.2288312430625125, 0.22884137585197234, 0.34351655325559], [0.16924893120841658, 0.19480545197589752, 0.18300876837668054, 0.4529368483390054], [0.1820349273206787, 0.26486146842068453, 0.17370683211894491, 0.37939677203969185], [0.17224860653057147, 0.24673666076954506, 0.18052211816161967, 0.4004926144382638], [0.14208148206718305, 0.20352349870071826, 0.22353534065134137, 0.43085967848075735], [0.1619470787756805, 0.19842251530194216, 0.30733598649420535, 0.332294419328172], [0.15558760429330842, 0.23724427892909594, 0.21601942381967043, 0.3911486928579252], [0.13655183328299397, 0.21482692126988, 0.24727207035059923, 0.4013491749965268], [0.15546458494704254, 0.25234534581923257, 0.21924828827428927, 0.37294178085943563], [0.15354567189741522, 0.2378179125439477, 0.21654160119165805, 0.392094814266979], [0.13963227422388752, 0.2338409398380819, 0.2528505136676219, 0.37367627217040866], [0.14798285506624898, 0.23647738205444502, 0.22565513029390447, 0.3898846324854015]], "ideal": "D", "sampled": "B", "correct": false}}
{"type": "result", "data": {"idx": 14, "options": ["spin trapping provides more structural information than direct detection by EPR", "spin trapping makes it easy to quantify free radical intermediates", "steady state concentration of free radical intermediates is often too low to enable direct detection by EPR", "detection of spin adducts requires lower power than direct detection of radical intermediates"], "probs": [[0.1948598117973312, 0.2425099091731418, 0.2463395223866075, 0.3162907565429195], [0.23975797352416792, 0.27596325090693374, 0.20831743191062566, 0.2759613435582727], [0.16289440038504055, 0.21245564834818068, 0.3342594255807437, 0.29039052558603506], [0.196646538407114, 0.20289224081853288, 0.1906094373481185, 0.4098517833262346], [0.1544303572853398, 0.18627865333067256, 0.38825922621988074, 0.2710317630641069], [0.17773342826376806, 0.17498091569368504, 0.18627435624490477, 0.4610112996976421], [0.3745803124953152, 0.21343296128067007, 0.14218341879068294, 0.2698033073333318], [0.4107044346744714, 0.2198374285953021, 0.13544402534233296, 0.23401411128789357], [0.4060548184993892, 0.23871168136129306, 0.11276459524748704, 0.2424689047918307], [0.3773193156525949, 0.22885958255054395, 0.13040660190539166, 0.26341449979146947], [0.3896892244585233, 0.24008445022467034, 0.15501797890683455, 0.21520834630997182], [0.27936519022070755, 0.21757282962926555, 0.2280257262963235, 0.2750362537537034], [0.25983089206004595, 0.20235848424795264, 0.24794679877662743, 0.289863824815374], [0.2929395902039907, 0.17768015661488681, 0.14730901356167175, 0.3820712395194507], [0.3689282889135547, 0.26161402851132104, 0.12750633249656337, 0.24195134997856083], [0.3083558174169405, 0.25167698415614653, 0.15029037445146096, 0.28967682387545196], [0.232205059621284, 0.22157476510015534, 0.2433653139323218, 0.30285486124623884], [0.18253497505545696, 0.19129585932821597, 0.3687542621608238, 0.2574149033555033], [0.18775715491554576, 0.20621167735814291, 0.3453572197019575, 0.26067394792435383], [0.20560922910289392, 0.18721246438519915, 0.17864693433276096, 0.42853137207914593], [0.2689743001642919, 0.2775161224696263, 0.21613984975829215, 0.2373697275077896], [0.18488401836316598, 0.219557782111365, 0.30011354532309376, 0.29544465410237525], [0.21705971136275637, 0.23106152849844036, 0.21039479419249962, 0.34148396584630364], [0.1651184360482549, 0.19917119443894915, 0.3839367811314744, 0.2517735882813215]], "ideal": "D", "sampled": "B", "correct": false}}
{"type": "result", "data": {"idx": 15, "options": ["6.1445 x 10^-27 J T-1", "3.1445 x 10^-27 J T-1", "9.1445 x 10^-27 J T-1", "1.1445 x 10^-28 J T-1"], "probs": [[0.32128736852305, 0.27481487800137144, 0.18307869407311192, 0.22081905930246662], [0.3419465218472354, 0.2747654154761794, 0.15903229061966523, 0.22425577195691998], [0.3475299827038906, 0.3066992805099645, 0.13824977185311904, 0.20752096483302587], [0.32300393233961094, 0.3082164365437762, 0.15022269561380086, 0.21855693540281199], [0.3282968005717283, 0.30841158898334364, 0.1479874656056157, 0.21530414473931236], [0.31991269704610714, 0.29587500843613457, 0.16087555643982926, 0.22333673797792902], [0.27673607237146364, 0.3087254074287022, 0.18150165134338528, 0.2330368687564489], [0.2538933715880331, 0.32095473523276113, 0.18288449668717663, 0.24226739639202916], [0.2674134472182122, 0.3380464063212183, 0.1622064737659556, 0.2323336725946139], [0.259320546610094, 0.3435490386998605, 0.15729741432415645, 0.239833000265889], [0.2698018493801428, 0.3305727538647963, 0.16885024326992518, 0.23077515338513574], [0.2755154884922515, 0.32718755816562717, 0.17242650172099266, 0.22487045152112867], [0.3828499132861281, 0.25905440027073495, 0.14994098691457117, 0.20815469942856574], [0.3549802197166879, 0.2679564276678699, 0.16509372992373428, 0.21196962259170787], [0.3422544351213814, 0.2707498709698453, 0.16944341612318606, 0.21755227768558724], [0.3594382542263432, 0.27132283425645054, 0.15460658870850036, 0.21463232270870594], [0.35168471928894346, 0.28704190251341005, 0.1512707918731099, 0.21000258622453655], [0.33687737110445065, 0.29268949421470264, 0.14950094739349862, 0.22093218718734808], [0.3436782308521179, 0.2805052655579492, 0.1573596275088839, 0.21845687598104901], [0.3228138781109659, 0.2804687404491795, 0.17828894191058586, 0.2184284394292687], [0.34602342599255076, 0.26948694596666606, 0.17130824197493635, 0.2131813859658468], [0.30803194638986636, 0.2718405723299937, 0.18394903836795, 0.23617844281218994], [0.3741616085297258, 0.2868840523144386, 0.13552462245512037, 0.2034297166007152], [0.33648042892908503, 0.29694654324342906, 0.14932397896489233, 0.2172490487625936]], "ideal": "C", "sampled": "C", "correct": true}}
{"type": "result", "data": {"idx": 16, "options": ["I only", "II only", "III only", "I and III only"], "probs": [[0.19003319380965059, 0.19003490744328985, 0.24785739168176388, 0.37207450696529565], [0.19121897503637858, 0.2200920912417036, 0.36859521815362, 0.22009371546829778], [0.19665090151695155, 0.2060895351534767, 0.2730314053908722, 0.3242281578386996], [0.1912084313675755, 0.22354615556310856, 0.36857597917876495, 0.21666943379055095], [0.25146707889903236, 0.3033296167547165, 0.23995944855197757, 0.20524385569427359], [0.23746415187917216, 0.30018509325915094, 0.2527875081282644, 0.2095632466334125], [0.26897509280286086, 0.21612821719105124, 0.23737864269155873, 0.2775180472145292], [0.2511738948797596, 0.2322971924443939, 0.33276455098480745, 0.18376436159103904], [0.2800776874715843, 0.2215601735620616, 0.25502275658015994, 0.24333938228619414], [0.2756368856696355, 0.22148073047391173, 0.2980450733906765, 0.20483731036577627], [0.2988862826623478, 0.318164243584239, 0.21528803772359104, 0.1676614359298222], [0.32081228969483605, 0.2787276845702108, 0.22049913136689941, 0.17996089426805373], [0.22665580429386095, 0.19386937634587603, 0.2338585783647514, 0.34561624089551163], [0.21685628913940477, 0.23447679330264398, 0.3631787055841305, 0.18548821187382075], [0.24985573811035616, 0.20076536831091818, 0.23842227101292765, 0.310956622465798], [0.22144629388988304, 0.21801238084657973, 0.36511508170760926, 0.19542624345592796], [0.28368241437466546, 0.33166063816987784, 0.20433611284644826, 0.18032083450900846], [0.31862035865310034, 0.2946767850622422, 0.19939427372896912, 0.18730858245568835], [0.3188759135713573, 0.2562263645903298, 0.21577030739668454, 0.20912741434162832], [0.3052428662471704, 0.2652023136350551, 0.21310201285138572, 0.2164528071663888], [0.31799430125743566, 0.26362869533687106, 0.2255008254049348, 0.1928761779007585], [0.35567461050505844, 0.2260824989785296, 0.21239131146294774, 0.20585157895346418], [0.30783768109114606, 0.2716684815760168, 0.22173624237333575, 0.19875759485950137], [0.3647470012800577, 0.23550056356069285, 0.20144020608555585, 0.19831222897369358]], "ideal": "D", "sampled": "D", "correct": true}}
