{"type": "result", "data": {"idx": 0, "options": ["an average of 10 times, with an rms deviation of about 4", "an average of 10 times, with an rms deviation of about 3", "an average of 10 times, with an rms deviation of about 1", "an average of 10 times, with an rms deviation of about 0.1"], "probs": [[0.3435933589591709, 0.26759567854112676, 0.20199944076902276, 0.18681152163067952], [0.31369022642275624, 0.272543294846979, 0.24052798802068667, 0.1732384906095781], [0.34920547449689315, 0.2940668253028423, 0.17836764984634956, 0.178360050253915], [0.305845345439049, 0.30585029262449115, 0.23451356237996585, 0.15379079945649396], [0.4160820195307702, 0.29505349961271776, 0.13093457405059947, 0.15792990670591261], [0.4408963817317834, 0.3078026014766421, 0.11683308109216675, 0.13446793559940767], [0.35492376547255633, 0.2401578944728392, 0.2119458827744338, 0.1929724571801707], [0.3060261010817631, 0.2537087201818435, 0.2658943831654729, 0.17437079547092046], [0.40343725127321245, 0.29059104045285644, 0.13514265738989398, 0.17082905078403715], [0.3102685557035562, 0.3102740095286339, 0.23058665140031592, 0.14887078326749398], [0.4719461341080509, 0.29076469105598657, 0.10207216197022725, 0.13521701276573525], [0.4435345132905501, 0.309644483528365, 0.11571044215050068, 0.13111056093058424], [0.28969575698433686, 0.28970118100733416, 0.2364583305157196, 0.18414473139260934], [0.284657793404405, 0.29369820828638077, 0.2716380832085433, 0.1500059150006709], [0.349095796745316, 0.28492942874159366, 0.17014616979665068, 0.19582860461643967], [0.29122117158838584, 0.286710500688492, 0.27790173885427466, 0.1441665887688475], [0.39258362613791664, 0.38051517514872446, 0.10902461150798473, 0.11787658710537412], [0.3847165915421147, 0.37876202805809867, 0.11734004800323355, 0.11918133229655309], [0.40501884225459106, 0.23441322494805014, 0.16623269267554766, 0.1943352400218111], [0.41622294110861346, 0.24469092882104398, 0.16557437929757998, 0.17351175067276256], [0.46831957896793364, 0.21441771726901088, 0.12803995989591863, 0.18922274376713685], [0.42003164317030994, 0.250818435089815, 0.16972022009762, 0.15942970154225508], [0.45258127289712774, 0.23849875511827992, 0.14242110720577855, 0.16649886467881375], [0.4291063462193472, 0.24450254372327807, 0.1530128154616903, 0.17337829449568443]], "ideal": "B", "sampled": "D", "correct": false}}
{"type": "result", "data": {"idx": 1, "options": ["500 nm", "550 nm", "600 nm", "650 nm"], "probs": [[0.27161160918176863, 0.3830401117132557, 0.17537904306622054, 0.1699692359387551], [0.2837231628138792, 0.38781203082146265, 0.16167347898922252, 0.16679132727543564], [0.2530099896529633, 0.3051907237945349, 0.2651714524259367, 0.17662783402656518], [0.23683888502020883, 0.2947545857505912, 0.256106309385131, 0.21230021974406896], [0.26194092628720617, 0.33112895485427724, 0.22406713662291036, 0.18286298213560623], [0.26716892919021407, 0.3325027474803082, 0.20486353371952254, 0.19546478950995513], [0.35017422881720184, 0.29488123339092065, 0.17609233187143397, 0.17885220582044356], [0.3735756202309647, 0.3049093368290534, 0.15574149224044093, 0.165773550599541], [0.3189420401731076, 0.281470000715719, 0.22618165609958948, 0.17340630291158393], [0.29176483424859745, 0.2740943513266636, 0.20691197235040937, 0.2272288419743296], [0.32346940607551045, 0.2766825350333831, 0.22939139383291618, 0.1704566649581903], [0.3133645290839626, 0.2722607457559797, 0.20234029010450197, 0.21203443495555574], [0.2678396243876824, 0.3660983522705696, 0.20860845095166936, 0.15745357229007867], [0.28309986863435516, 0.3992412984537221, 0.1563541474518178, 0.16130468536010498], [0.291278187771491, 0.34054291752364596, 0.20981456649909205, 0.158364328105771], [0.3002645075020933, 0.34561040994049086, 0.1632647365168385, 0.19086034594057735], [0.27356193282139335, 0.329983542230019, 0.21983025130905579, 0.17662427353953186], [0.2803046530341039, 0.3127073189023646, 0.20509196242540387, 0.20189606553812764], [0.28701563397253166, 0.3572027001740583, 0.1972775278655619, 0.15850413788784815], [0.3008605584329593, 0.37443388062597954, 0.15855494376258403, 0.16615061707847714], [0.3051627485100417, 0.31981249687416524, 0.2064986465218204, 0.16852610799397266], [0.3054686006318872, 0.3201344120102222, 0.1740649685646891, 0.20033201869320152], [0.26485139918216183, 0.2775643252322964, 0.26076442777781034, 0.19681984770773142], [0.28246034906392387, 0.2737723466283933, 0.2305552260098918, 0.21321207819779103]], "ideal": "C", "sampled": "B", "correct": false}}
{"type": "result", "data": {"idx": 2, "options": ["There are no changes in the internal energy of the system.", "The temperature of the system remains constant during the process.", "The entropy of the system and its environment remains unchanged.", "The entropy of the system and its environment must increase."], "probs": [[0.21039668586544216, 0.22749614035309879, 0.3310267826277755, 0.23108039105368353], [0.20406822250029558, 0.21054796244935858, 0.39957587716231846, 0.18580793778802734], [0.2520493902319359, 0.3287405122300144, 0.2259532842701217, 0.19325681316792798], [0.2801612698799731, 0.3029307216976361, 0.2715603491857393, 0.14534765913665154], [0.2756578541820404, 0.40108909003630516, 0.17799011830725212, 0.14526293737440232], [0.29220672200420383, 0.3932146365973313, 0.18286974326151245, 0.13170889803695243], [0.2422182302433224, 0.22754580253117618, 0.306216494430535, 0.2240194726949664], [0.23190233454623915, 0.21115175202093625, 0.37060535502610004, 0.18634055830672455], [0.29781159311815836, 0.33223911621468166, 0.1893144668551544, 0.18063482371200557], [0.30105163906869103, 0.2963882607214492, 0.2535268852998769, 0.1490332148099829], [0.32274937145538174, 0.38328250667669367, 0.15730599823055177, 0.13666212353737284], [0.32876060389451583, 0.37254125986371095, 0.16792513928895222, 0.13077299685282098], [0.36153648664004073, 0.19966237842549314, 0.21255215050156614, 0.22624898433289997], [0.3954709944689128, 0.2084005120963303, 0.2436588515243141, 0.15246964181044279], [0.3918237323264099, 0.20327898579465986, 0.18509864418435693, 0.2197986375945733], [0.386165844737083, 0.2132631635421262, 0.2493441365116699, 0.1512268551091209], [0.5090910678050957, 0.2600231112274579, 0.11183947073653716, 0.11904635013090921], [0.4985315017450699, 0.2627130350687262, 0.11658358883498085, 0.1221718742512231], [0.4269531964828784, 0.20808339116876687, 0.19245581326944308, 0.17250759897891166], [0.47410219042189305, 0.20075021089469525, 0.18279462377961214, 0.14235297480379955], [0.48626992826173643, 0.21243906335552645, 0.15064963921366106, 0.15064136906907605], [0.47759255762092667, 0.21527093646757814, 0.17030219732012036, 0.13683430849137485], [0.5375269054828989, 0.20086203513521012, 0.1257017552726929, 0.13590930400919807], [0.5231487750483931, 0.20809739826028767, 0.13228085635769782, 0.13647297023362137]], "ideal": "C", "sampled": "D", "correct": false}}
{"type": "result", "data": {"idx": 3, "options": ["a dye laser", "a helium-neon laser", "an excimer laser", "a ruby laser"], "probs": [[0.206097507274477, 0.19061295118175323, 0.40353311881759313, 0.19975642262617666], [0.17186751703886835, 0.19173480282691846, 0.46719681515794814, 0.16920086487626504], [0.25106605884902367, 0.3485796451220024, 0.19861623642842635, 0.20173805950054763], [0.239016535781006, 0.3588171570253045, 0.2245439905108968, 0.1776223165827927], [0.20810095963781264, 0.298096835583441, 0.288928657741264, 0.2048735469374823], [0.21723503714907297, 0.26616793075021977, 0.35262032288898465, 0.1639767091117226], [0.4640510608678273, 0.21920746236028466, 0.17072146874864158, 0.14602000792324646], [0.37750495601410444, 0.25147861989244213, 0.21849147134299085, 0.1525249526504625], [0.47607331044463075, 0.2548311276529372, 0.1261523924298379, 0.14294316937259416], [0.37773792806251627, 0.28962992755765427, 0.18700161017092815, 0.14563053410890134], [0.4280319085875706, 0.2896288844764019, 0.13896716715593743, 0.14337203968009005], [0.40997983242881797, 0.2817828142892512, 0.17091210694130127, 0.13732524624062953], [0.3961839855458332, 0.25982969222362234, 0.1813926493525117, 0.16259367277803283], [0.37548340482185755, 0.2662645955494392, 0.20415436337796852, 0.15409763615073474], [0.41529822345395356, 0.2766553461275011, 0.15041691063330426, 0.15762951968524108], [0.31210849340800956, 0.27117086413988295, 0.2669702569150494, 0.14975038543705813], [0.38805397095617244, 0.2795130437115334, 0.18046905905300484, 0.1519639261792893], [0.3125017285034483, 0.28013131019651993, 0.2550663351757568, 0.15230062602427494], [0.3176816748909615, 0.2938147230720962, 0.19880716796924167, 0.18969643396770064], [0.333636497428976, 0.25581482431438685, 0.2479473389131336, 0.1626013392435035], [0.3137496709509859, 0.35553494092246957, 0.16277784107487822, 0.16793754695166632], [0.2880958573515827, 0.31641992451930967, 0.23884974061768302, 0.1566344774114246], [0.38566212118306015, 0.3098982135687123, 0.15103378215260926, 0.1534058829956183], [0.31288041728942784, 0.3330690165106472, 0.18394027100332164, 0.1701102950966033]], "ideal": "A", "sampled": "C", "correct": false}}
{"type": "result", "data": {"idx": 4, "options": ["The Heisenberg uncertainty principle", "The Pauli exclusion principle", "The Bohr model of the atom", "Nuclear hyperfine coupling"], "probs": [[0.2334551828378573, 0.5179530420228928, 0.1155742340834664, 0.1330175409557835], [0.24802363840333577, 0.48561568872303235, 0.11355827425619378, 0.15280239851743813], [0.18569365141919003, 0.27443775531885445, 0.3810391127682163, 0.15882948039373923], [0.19287333177892835, 0.23631576053395678, 0.1811949786540717, 0.3896159289330432], [0.18688702024477394, 0.25946813045922634, 0.38348378584472703, 0.17016106335127268], [0.18130284144972872, 0.24781424199994284, 0.18706498577132416, 0.38381793067900427], [0.5171808908172372, 0.24815055714453635, 0.10184504697764989, 0.13282350496057654], [0.48276166664416953, 0.24657454349392918, 0.10119732911774841, 0.16946646064415288], [0.533303483274789, 0.24038275357516575, 0.09562191081217633, 0.13069185223786886], [0.5185492247905426, 0.2337324295903638, 0.10372164071642953, 0.14399670480266408], [0.4950711019943801, 0.2412821000286584, 0.10541195185742773, 0.1582348460195338], [0.5641505205685581, 0.22440716956408618, 0.09502302250840267, 0.11641928725895301], [0.16403729723132507, 0.25806637826763673, 0.4189091199542658, 0.15898720444677242], [0.17013680902179149, 0.22190263371311178, 0.18686659451643217, 0.42109396264866455], [0.22146696510087982, 0.45442859688114484, 0.15952499684660792, 0.16457944107136738], [0.215666496265228, 0.4356658924481945, 0.15534555447498538, 0.19332205671159214], [0.17187674085750898, 0.2580203375257271, 0.18877738431030142, 0.38132553720646245], [0.18522908453747175, 0.26950983985754595, 0.29600851401668754, 0.24925256148829475], [0.20011036691555353, 0.2692793487065263, 0.35675300549487554, 0.17385727878304463], [0.19901327186382203, 0.2678051114323456, 0.1784017910660526, 0.35477982553777976], [0.2472081892361168, 0.40758403524280656, 0.1699113224290076, 0.175296452992069], [0.2477676310395355, 0.4281110273717927, 0.1456613475388056, 0.1784599939498662], [0.19972497520423893, 0.2645950058522722, 0.19058652504246712, 0.3450934938010217], [0.22308672629916912, 0.27763908684995336, 0.26910644365977665, 0.23016774309110086]], "ideal": "B", "sampled": "B", "correct": true}}
{"type": "result", "data": {"idx": 5, "options": ["1/2", "1", "3/2", "5/2"], "probs": [[0.42838835711963674, 0.22930213806720345, 0.18715709445989145, 0.1551524102532683], [0.5551463116829923, 0.1830700553888272, 0.10762446636564053, 0.15415916646253996], [0.48321493375204205, 0.24680505138838502, 0.12028673766199742, 0.14969327709757552], [0.5687887583284701, 0.19966607986381626, 0.09431852258814151, 0.13722663911957217], [0.5596637558477617, 0.17610832522215703, 0.09879079165690308, 0.16543712717317813], [0.492652937501665, 0.18993695644437175, 0.15994845805799246, 0.15746164789597078], [0.24403829107342465, 0.42166532338411955, 0.19305825806887333, 0.14123812737358243], [0.2745644029150042, 0.45981560077469685, 0.13592507826257627, 0.12969491794772264], [0.24223540720901468, 0.4386371373691612, 0.1744824349705736, 0.14464502035125051], [0.2489893697103812, 0.4508676461295282, 0.15827362001932, 0.14186936404077063], [0.266143828603833, 0.3637802004450368, 0.20090463755505908, 0.16917133329607115], [0.24455850949585864, 0.35583471718098697, 0.226189282123637, 0.1734174910995174], [0.5492212608139473, 0.20204959205604917, 0.10319982160490444, 0.1455293254250991], [0.594684947111153, 0.184227072074221, 0.08839591282962982, 0.13269206788499616], [0.5509629639818541, 0.18169061160913358, 0.1119397166281863, 0.1554067076808261], [0.5398042797502492, 0.18366131184648676, 0.12427534161755446, 0.15225906668570946], [0.5770687288342401, 0.17599829505119183, 0.09872923496185197, 0.14820374105271605], [0.5663908592851866, 0.18971955350261158, 0.0984282545998257, 0.1454613325123761], [0.4824116481125855, 0.22434562122380908, 0.12389935452962318, 0.16934337603398222], [0.41470766063357806, 0.23629698154947515, 0.18403543530054328, 0.16495992241640348], [0.4504215851101345, 0.20946893718141543, 0.15812111370535337, 0.1819883639030967], [0.3637918287716875, 0.2276580665428978, 0.23125155612378795, 0.17729854846162674], [0.47665634607414303, 0.23230741810307926, 0.12630761421297224, 0.1647286215098055], [0.47651818884891983, 0.2590821846049083, 0.11678113178137442, 0.14761849466479746]], "ideal": "C", "sampled": "C", "correct": true}}
{"type": "result", "data": {"idx": 6, "options": ["V_0/5", "V_0/3", "V_0/2", "2V_0/3"], "probs": [[0.24256786745936698, 0.33155740308084103, 0.22789429257651353, 0.19798043678327842], [0.2827028035834851, 0.32035112377777936, 0.16620780525929627, 0.2307382672794393], [0.21208009979749554, 0.3183759355710677, 0.23661597855657548, 0.2329279859748613], [0.26065054921658865, 0.3507506899296767, 0.17915772166781746, 0.20944103908591724], [0.2695668815000403, 0.3684637679477927, 0.15848722343854219, 0.2034821270136248], [0.24130802161873455, 0.34566524216542377, 0.20007081328349433, 0.21295592283234732], [0.2801145821615024, 0.2801199167776068, 0.22160771647917327, 0.2181577844817175], [0.31809636473311376, 0.2851450996539194, 0.1676384930496887, 0.22912004246327816], [0.33339111007071837, 0.2988563864783523, 0.1456611050716742, 0.22209139827925511], [0.32829602036900674, 0.30841173117109355, 0.14798726801527556, 0.21530498034462411], [0.32450201058134953, 0.309647936172988, 0.14627709365079888, 0.21957295949486358], [0.3041465418100138, 0.29022435648330164, 0.17604254971364508, 0.22958655189303945], [0.19879261554897865, 0.280346981248627, 0.28478499395428375, 0.23607540914811054], [0.24360027944988175, 0.29847044950895313, 0.22182007299707976, 0.23610919794408539], [0.27230753274634445, 0.3496576092940667, 0.1626182125665851, 0.21541664529300372], [0.2994978725610689, 0.30901136991271766, 0.16541412471070774, 0.22607663271550574], [0.2481166049028654, 0.3964989899149108, 0.15287493623381773, 0.20250946884840607], [0.2676986357077462, 0.35465067283620455, 0.1755783837543969, 0.20207230760165235], [0.2985261931936507, 0.2718149978870285, 0.23990153906477255, 0.18975726975454824], [0.3097150279314296, 0.2776304441765906, 0.20633709121164984, 0.20631743658033], [0.3701764753143301, 0.28382984646789644, 0.1383396726213539, 0.2076540054964195], [0.32091346379885655, 0.2832097708895715, 0.1886758804132613, 0.20720088479831067], [0.37212356921289447, 0.25179642436370586, 0.15036997197554833, 0.22571003434785136], [0.28642449206862347, 0.26079532890089097, 0.26493567620452824, 0.18784450272595732]], "ideal": "D", "sampled": "B", "correct": false}}
{"type": "result", "data": {"idx": 7, "options": ["0.25mc^2", "0.60mc^2", "0.67mc^2", "1.25mc^2"], "probs": [[0.27759310807188836, 0.4506152603370488, 0.12320203424653742, 0.14858959724452542], [0.2540389450557672, 0.49742540696804916, 0.09202248405624008, 0.15651316381994357], [0.3113620764517604, 0.3419902528176599, 0.17468954172113307, 0.17195812890944664], [0.3020692512399271, 0.34231848031314044, 0.12399286215246856, 0.2316194061944639], [0.1849086488571226, 0.2374338727187269, 0.4039474249658585, 0.17371005335829195], [0.2330252185093142, 0.2599728819455802, 0.2811330980287886, 0.225868801416317], [0.3818877352475899, 0.26248885222962803, 0.16949312614495934, 0.1861302862778227], [0.38483109492937245, 0.2686791677701139, 0.13724349233262959, 0.20924624486788404], [0.4207779419853915, 0.2803270884799923, 0.11505529085433151, 0.18383967858028472], [0.408364718613038, 0.2678383428878962, 0.11520672646760874, 0.20859021193145702], [0.384405374488537, 0.2683790921896538, 0.141442149863404, 0.2057733833584052], [0.3654951968718766, 0.2551762315480779, 0.18671221652024778, 0.19261635495979776], [0.35039184016049507, 0.29508033831566705, 0.19658659689526747, 0.15794122452857046], [0.36369290131823573, 0.2877310387640182, 0.13806965278613628, 0.21050640703160978], [0.40584313260664495, 0.28781264588618094, 0.13178175490101982, 0.1745624665061543], [0.40654562336473976, 0.2751079788035741, 0.12019776698514989, 0.19814863074653621], [0.3507631420738409, 0.2647905349466655, 0.1683297157119268, 0.2161166071675668], [0.3297175217793111, 0.25680038713033543, 0.24507007365562672, 0.1684120173347268], [0.1779589083308674, 0.22851024906302606, 0.4011065721275626, 0.19242427037854393], [0.25166988370286036, 0.26791939136686954, 0.24397361276094198, 0.23643711206932808], [0.3013663112001467, 0.4969131947906687, 0.08370065934413161, 0.11801983456505305], [0.30931460623840873, 0.4431137409131146, 0.11030974155820687, 0.13726191119026981], [0.3302865820963653, 0.3461689260952563, 0.1293678956717761, 0.19417659603660237], [0.33697827140694503, 0.32663770046673524, 0.16426425436295386, 0.1721197736633659]], "ideal": "A", "sampled": "B", "correct": false}}
{"type": "result", "data": {"idx": 8, "options": ["Planck\u2019s constant", "Boltzmann\u2019s constant", "The Rydberg constant", "The speed of light"], "probs": [[0.9768015200043342, 0.01229647758141091, 0.006087032274499526, 0.004814970039755366], [0.9584288339755832, 0.022895436557966685, 0.011693601386626696, 0.0069821279798234605], [0.970864286368414, 0.01569291933769298, 0.007297777964351455, 0.006145016229541519], [0.9577029389511656, 0.024737038150101448, 0.011684825899345936, 0.005875196899387005], [0.9581996554005896, 0.02513966056547802, 0.009999790595768028, 0.006660893338164388], [0.9617201859599721, 0.024076529282058706, 0.008996675884788082, 0.005206608773181043], [0.10450443478917995, 0.8749986736510592, 0.015532637552447486, 0.0049642539073133235], [0.1179050577189643, 0.8443954631701589, 0.030279610191635824, 0.007419868819240928], [0.06097798671245943, 0.09153552727562808, 0.8158556556422701, 0.031630830269642356], [0.06771613278403978, 0.07208823754169544, 0.060697771936297704, 0.7994978576379671], [0.04730926477606784, 0.10332929462989943, 0.8255758380640111, 0.023785602430021632], [0.105380145337854, 0.12129878838966845, 0.04191505739007367, 0.7314060087824038], [0.3224448398457799, 0.6412517696502392, 0.02299533321738326, 0.013308057186597616], [0.2820696344754078, 0.6661526224640035, 0.039385238336353615, 0.012392504624235034], [0.0343756371259654, 0.0672999011788291, 0.8727828696841637, 0.025541591911041786], [0.0581883948705143, 0.06594025375680093, 0.060032983338206954, 0.8158383679344778], [0.07732509748865506, 0.12355989101448464, 0.7688376235115066, 0.03027738788535363], [0.05388195448484552, 0.0821646435518661, 0.03424774724911104, 0.8297056546141773], [0.4203552249006153, 0.5568717844256291, 0.015311287355315365, 0.007461703218440213], [0.33489982617492753, 0.6455289998256134, 0.014486256270364827, 0.005084917629094214], [0.04481639440244189, 0.08774101929400427, 0.8456044385244236, 0.021838147679130258], [0.1649156976130611, 0.09848026295303267, 0.042351719461077034, 0.6942523198728292], [0.12041204331794242, 0.13019147416994814, 0.7149017399214432, 0.03449474249066619], [0.08381046744205457, 0.0673474179209578, 0.028513602374697564, 0.8203285121622901]], "ideal": "A", "sampled": "A", "correct": true}}
{"type": "result", "data": {"idx": 9, "options": ["mc/2", "mc/(2^(1/2))", "mc", "(3^(1/2))mc"], "probs": [[0.46848198766791926, 0.2111667245415283, 0.12808334826142262, 0.19226793942912984], [0.5373617169903021, 0.171754739933955, 0.08370920640693036, 0.20717433656881254], [0.4632981475494406, 0.20559244273672614, 0.11899189774289454, 0.21211751187093872], [0.4844788565102922, 0.20514684493299187, 0.11154053940837609, 0.1988337590483398], [0.5055535359837674, 0.19189086268576055, 0.10764443712879976, 0.1949111641016723], [0.45767355642619967, 0.21284370439373454, 0.12318900409880723, 0.20629373498125853], [0.3822598229109556, 0.2710694210812926, 0.15445584626704573, 0.192214909640706], [0.39662105727597935, 0.2560831663371057, 0.12480875382386973, 0.22248702246304525], [0.37565797563610975, 0.22432048616550282, 0.18597458301114955, 0.2140469550872379], [0.4061425988991561, 0.21739677046122696, 0.133938548009581, 0.24252208253003593], [0.33073177930385617, 0.22031894324006832, 0.20697769520597153, 0.24197158215010398], [0.34658421631793324, 0.22377654418092807, 0.1467611259117496, 0.28287811348938907], [0.27261917018932097, 0.44948618628743453, 0.10187629319645762, 0.1760183502267869], [0.25341705051697677, 0.5119307751128175, 0.09470064403735758, 0.13995153023284818], [0.287051166758276, 0.2915795401701883, 0.17964279382156795, 0.24172649914996774], [0.2956993413733485, 0.29112250911316034, 0.1353888423034243, 0.27778930711006683], [0.26884533173936315, 0.2817549533154671, 0.21943984414408946, 0.22995987070108023], [0.2917366710531046, 0.2698187610183179, 0.14670268136890022, 0.2917418864596773], [0.37172165232367205, 0.3437933001785903, 0.11161705022219458, 0.17286799717554308], [0.3384262419346555, 0.36026109094229286, 0.12845972903518385, 0.17285293798786777], [0.3837267927617614, 0.22913783320599468, 0.165048487395612, 0.2220868865366319], [0.385462344737373, 0.22660620310080432, 0.1311546317241591, 0.2567768203376636], [0.2874232444647647, 0.22037977811338752, 0.2785986876626757, 0.2135982896591721], [0.39836728568861784, 0.2034698724543234, 0.14886711536349312, 0.2492957263935656]], "ideal": "D", "sampled": "A", "correct": false}}
{"type": "result", "data": {"idx": 10, "options": ["square", "hexagon", "cube", "tetrahedron"], "probs": [[0.2110613796220176, 0.6012551963102137, 0.08798567467005383, 0.0996977492977148], [0.23134701641114785, 0.45295215998388244, 0.22075701415587295, 0.09494380934909674], [0.23148733485485876, 0.29723097099485146, 0.3019236443978436, 0.1693580496524462], [0.17453545200170556, 0.25000607778607603, 0.4744471275745701, 0.10101134253764828], [0.313434971882018, 0.5087564917793582, 0.07444888709380146, 0.10335964914482225], [0.2613130192099489, 0.544624086082474, 0.09173173388121325, 0.10233116072636377], [0.5748968252314206, 0.1547290717222577, 0.11320642633810526, 0.15716767660821648], [0.3642654391441157, 0.17752602562376305, 0.358625111256253, 0.09958342387586824], [0.6413597582116294, 0.15233528967650603, 0.06760067733441223, 0.13870427467745242], [0.3219384002652453, 0.20146031975907597, 0.406978344980585, 0.06962293489509379], [0.5839078556290752, 0.30769882290785466, 0.039736525108488206, 0.0686567962545819], [0.5908834889619485, 0.29250916617784534, 0.0492679100488933, 0.06733943471131287], [0.2198071116046708, 0.1685284623773709, 0.39186011573150814, 0.21980431018645016], [0.1924652491338162, 0.17523833063052108, 0.49148878500977955, 0.14080763512588315], [0.33200441291608207, 0.3646340532817713, 0.11121142406594671, 0.19215010963619994], [0.2691844919297777, 0.3246954880420868, 0.29564826796530785, 0.11047175196282763], [0.247709365519767, 0.6035852476617997, 0.05614348542235747, 0.09256190129607586], [0.3676188806892704, 0.47946774832387773, 0.0669500867627718, 0.08596328412408004], [0.8644815457069256, 0.06771141858474335, 0.023400902135541742, 0.04440613347278925], [0.9007481344518378, 0.05242991105120313, 0.015021745997355163, 0.03180020839960397], [0.9177242721680949, 0.04641045733249531, 0.011023631564698651, 0.024841638834711147], [0.8866773991519463, 0.0632350529836874, 0.016240382837674667, 0.03384716492669159], [0.9386025631286279, 0.033136848233542, 0.008780557628660429, 0.019480030909169672], [0.9011923787226783, 0.0524558019387636, 0.015029132623097423, 0.03132268661546066]], "ideal": "D", "sampled": "D", "correct": true}}
{"type": "result", "data": {"idx": 11, "options": ["0.024 m", "0.048 m", "0.121 m", "0.242 m"], "probs": [[0.3417599404565431, 0.30635769998095735, 0.17457817043574314, 0.1773041890267564], [0.3425435627680343, 0.31189690896115496, 0.15932031923848533, 0.18623920893232532], [0.318851952503803, 0.3090481803860395, 0.19042274637736142, 0.1816771206327961], [0.3276684132338508, 0.312671049474401, 0.17001835270097976, 0.18964218449076842], [0.3390321776652918, 0.31356251880650404, 0.16017110940917675, 0.18723419401902738], [0.33085964134843754, 0.3108229451570261, 0.16381247853712377, 0.19450493485741258], [0.35040340346175264, 0.2859960240733137, 0.18181222946334047, 0.18178834290159318], [0.3602374195692314, 0.284977197618597, 0.16495142875452384, 0.18983395395764777], [0.35651750431422086, 0.2955693094306452, 0.16582008198689466, 0.18209310416823926], [0.331628446719094, 0.2972780808103544, 0.16677941628784207, 0.20431405608270956], [0.3480953068328313, 0.3071989829710497, 0.16967170417568886, 0.17503400592043017], [0.33185862008030825, 0.29287044881914903, 0.18618256509606324, 0.1890883659044795], [0.36298111618377554, 0.257397208447305, 0.18834118823822218, 0.19128048703069725], [0.37196743484592093, 0.2596815824248985, 0.18131050465678045, 0.1870404779724001], [0.3725231178470523, 0.26416464850154403, 0.1759930647437692, 0.1873191688076345], [0.36270475383946194, 0.26954528686689005, 0.17957839367978082, 0.18817156551386716], [0.42536419814775017, 0.26619433357097605, 0.13386867446370415, 0.17457279371756956], [0.40860468753967566, 0.2597322800455875, 0.15034152789909547, 0.18132150441564138], [0.3525123998919, 0.24228147391881086, 0.21052782862846298, 0.1946782974608262], [0.35864256205656386, 0.23891173722835599, 0.198093688553416, 0.20435201206166417], [0.3761825021156368, 0.262623015953013, 0.17496800681641425, 0.1862264750149359], [0.3611755341806093, 0.2521454283451292, 0.19335335441632867, 0.19332568295793276], [0.4142525010475888, 0.2716822800506641, 0.12440220454273429, 0.1896630142590128], [0.36795688768393486, 0.2692095419259734, 0.16587710873247735, 0.19695646155761437]], "ideal": "D", "sampled": "C", "correct": false}}
{"type": "result", "data": {"idx": 12, "options": ["Specific heat", "Thermal conductivity", "Electrical resistivity", "Hall coefficient"], "probs": [[0.1279894614099528, 0.15928675536062223, 0.4983822629562631, 0.21434152017316188], [0.12142567404509573, 0.20019867866561628, 0.4172673206761883, 0.2611083265130997], [0.261982977364091, 0.39329227801204714, 0.14696587620696022, 0.19775886831690168], [0.16448686260516546, 0.34822274807589293, 0.33752276018713717, 0.1497676290318044], [0.1963941247149374, 0.5094178762696028, 0.12880543979294184, 0.16538255912251798], [0.18625276621443596, 0.38819091263365196, 0.2585990842291985, 0.1669572368227136], [0.12551521505559715, 0.16628185411925145, 0.47370967420909244, 0.23449325651605898], [0.12128429475061095, 0.20956154790098597, 0.3915295121138023, 0.2776246451346007], [0.21903501264259415, 0.43561300247205287, 0.14591501031340393, 0.19943697447194902], [0.19003245873193947, 0.389927757197618, 0.2852854004834485, 0.13475438348699403], [0.14840021506851744, 0.5428346314061055, 0.12693951833558983, 0.18182563508978716], [0.18132031232272822, 0.4086185158174682, 0.2597401180564915, 0.15032105370331206], [0.40201717012055127, 0.23633780720943445, 0.13257691065271765, 0.22906811191729662], [0.18070233261143648, 0.2755401719649447, 0.3766345476197344, 0.16712294770388442], [0.40293312647288226, 0.22958828628221323, 0.14144848932708498, 0.22603009781781952], [0.21980002520270567, 0.2610211372114467, 0.3681118189920432, 0.15106701849380444], [0.26680847999765694, 0.5306229590839006, 0.10286867617532104, 0.09969988464312145], [0.2944990308437584, 0.5168723905501745, 0.10020306406798095, 0.08842551443808612], [0.5945689568838355, 0.2221768531275047, 0.07326896343361734, 0.10998522645504247], [0.40227315425237337, 0.2679761687841685, 0.19915032681545394, 0.1306003500480042], [0.5857903157491274, 0.22234335540313988, 0.08179852169073235, 0.11006780705700038], [0.4132160697917212, 0.2506328318253176, 0.21776109252782705, 0.11839000575513411], [0.5349937001081708, 0.277555461534588, 0.09153088789962022, 0.09591995035762103], [0.5643957382858695, 0.2624725459806233, 0.08521496694163355, 0.0879167486918736]], "ideal": "D", "sampled": "D", "correct": true}}
{"type": "result", "data": {"idx": 13, "options": ["two hydrogen atoms and one helium atom", "four hydrogen atoms and one helium atom", "six hydrogen atoms and two helium atoms", "three helium atoms and one carbon atom"], "probs": [[0.6144099463805799, 0.2190790108774202, 0.05285728174132832, 0.11365376090067156], [0.8232276308506139, 0.11316896794734162, 0.014165178646958423, 0.04943822245508603], [0.7182098103164358, 0.15777355410197247, 0.03412244413847154, 0.08989419134312013], [0.8659570184007198, 0.08181704549486449, 0.012352913570834288, 0.039873022433581366], [0.7993611320351368, 0.09850254940269133, 0.02778466102460734, 0.0743516574375645], [0.8505892927028547, 0.0709215566075026, 0.019694744079531788, 0.05879440651011089], [0.6594575470913014, 0.16161028617765683, 0.047033036759146336, 0.13189912987189537], [0.8112756699772533, 0.09102491390195232, 0.017372939928071457, 0.08032647609272293], [0.6322051498028477, 0.19893684158135727, 0.040418160567724994, 0.12843984794807006], [0.7267003735452969, 0.15716440947685908, 0.02229154689867157, 0.0938436699791724], [0.7391735479801865, 0.10649002580375069, 0.037382663128124535, 0.11695376298793823], [0.7391581965431914, 0.09848525899069291, 0.03979293167655999, 0.12256361268955573], [0.6425571584630551, 0.1550269310399894, 0.0677293032577549, 0.13468660713920064], [0.8168000258567703, 0.08214971846052545, 0.02143090320527641, 0.07961935237742787], [0.651125247330483, 0.162080957261798, 0.06056816085144063, 0.12622563445627832], [0.7959182703337602, 0.09358744052442983, 0.022580034247394912, 0.08791425479441504], [0.7060007031449571, 0.12658105034867417, 0.050352734301256405, 0.11706551210511235], [0.6600243295085451, 0.1405294929659313, 0.06535523822396964, 0.13409093920155402], [0.24901480599215753, 0.32478031028866955, 0.21976586846648616, 0.20643901515268678], [0.271154173321853, 0.3374624650576749, 0.18348324843846503, 0.20790011308200704], [0.2562977938706364, 0.3847536845608615, 0.16548647220871962, 0.19346204925978247], [0.211703023642083, 0.3080298992096282, 0.2718475839774434, 0.2084194930708454], [0.2574568054201518, 0.41142194845999847, 0.12745757209788375, 0.203663673921966], [0.22304037704143032, 0.3914543512912086, 0.1792279699610667, 0.2062773016062944]], "ideal": "B", "sampled": "A", "correct": false}}
{"type": "result", "data": {"idx": 14, "options": ["Lines in the infrared, visible, and ultraviolet regions of the spectrum reveal primarily the nuclear structure of the sample.", "The wavelengths identified in an absorption spectrum of an element are among those in its emission spectrum.", "Absorption spectra can be used to determine which elements are present in distant stars.", "Spectral analysis can be used to identify the composition of galactic dust."], "probs": [[0.2561032137599305, 0.3089427007583383, 0.256162192555051, 0.17879189282668018], [0.27544165993310366, 0.3025352476213683, 0.23564609968415212, 0.18637699266137592], [0.245749119581281, 0.3058564112157202, 0.26576742923235736, 0.18262703987064138], [0.27109564963822524, 0.29314331964561385, 0.22130141979039536, 0.21445961082576556], [0.23993179259691647, 0.29398368033904415, 0.2849726506799009, 0.18111187628413847], [0.24651954310215596, 0.2882272686737817, 0.25438851873680746, 0.21086466938725487], [0.22840666980297175, 0.2979177458225107, 0.28431524961692456, 0.18936033465759303], [0.24389840696408746, 0.29421861203239985, 0.25967778205195374, 0.202205198851559], [0.21029360826930865, 0.3059949096138308, 0.2830423245717769, 0.2006691574450836], [0.21211017891967054, 0.294505101740408, 0.26402999374431596, 0.22935472549560554], [0.2062875150491016, 0.29550769481821637, 0.2820117431297259, 0.21619304690295615], [0.19734919951443688, 0.28270558783739147, 0.2963129414163575, 0.22363227113181416], [0.208378314951086, 0.29387286302488824, 0.30801573392648907, 0.1897330879975367], [0.2305752371106725, 0.29149055912396904, 0.26132196574759875, 0.2166122379177597], [0.20588572628057078, 0.29957873072576957, 0.29497936804592306, 0.1995561748477366], [0.2105201568834023, 0.29229637106427087, 0.28334145890795603, 0.21384201304437078], [0.1953188776774591, 0.271184772225918, 0.3121666907951993, 0.22132965920142356], [0.18324356996307825, 0.2708268124961212, 0.3477935440819331, 0.19813607335886743], [0.20289658310316455, 0.2861414892110411, 0.3143053399353634, 0.1966565876504309], [0.2098157585920052, 0.28235221327032717, 0.2913508458345476, 0.21648118220312002], [0.19825600085660108, 0.2930191456978557, 0.29767626520994794, 0.21104858813559527], [0.19260573330128358, 0.28467040391924425, 0.3078499367413482, 0.214873925938124], [0.1877750633137662, 0.27322215246243164, 0.31946760888880044, 0.21953517523500174], [0.17654359601972747, 0.2734472494067576, 0.34035555032002124, 0.20965360415349368]], "ideal": "A", "sampled": "A", "correct": true}}
{"type": "result", "data": {"idx": 15, "options": ["Bosons have symmetric wave functions and obey the Pauli exclusion principle.", "Bosons have antisymmetric wave functions and do not obey the Pauli exclusion principle.", "Fermions have symmetric wave functions and obey the Pauli exclusion principle.", "Fermions have antisymmetric wave functions and obey the Pauli exclusion principle."], "probs": [[0.4031874892792746, 0.22973530112977428, 0.15790173958738715, 0.20917546990356398], [0.4369608461419881, 0.23389352855727624, 0.1632912158802773, 0.1658544093204583], [0.42858156557565685, 0.22940826413721543, 0.15767659245344773, 0.18433357773367998], [0.46410656876214934, 0.22975382669563096, 0.1506815038166088, 0.15545810062561088], [0.4816931209448344, 0.24603042051353385, 0.1276439872084781, 0.14463247123315362], [0.465712102264557, 0.24541865314064043, 0.13767269921876932, 0.1511965452760332], [0.3271432372387479, 0.2842326334922708, 0.18067604983984462, 0.2079480793291367], [0.3432913021909238, 0.280192068781488, 0.1809123551392735, 0.1956042737883147], [0.32940477129503193, 0.2861966490459348, 0.1876998543551619, 0.19669872520387138], [0.330505232151763, 0.2740027740918115, 0.21009358999454567, 0.18539840366187987], [0.3490362167009362, 0.31288087364882666, 0.15981037913154855, 0.17827253041868854], [0.35522419740021716, 0.30384549948284667, 0.16780577848374326, 0.17312452453319288], [0.44109552743169617, 0.20513224332261612, 0.17274461224405735, 0.18102761690163033], [0.4953966960501485, 0.19705919625786486, 0.14417722604953076, 0.16336688154245588], [0.38960953381905417, 0.24381542966861908, 0.19900395871187135, 0.1675710777004554], [0.4126167358435349, 0.2351065014828552, 0.18026994435578841, 0.1720068182178214], [0.4803890788480597, 0.20987137358920563, 0.14882682324631516, 0.1609127242164195], [0.44674009745928756, 0.22115712195147516, 0.15439887573365454, 0.17770390475558273], [0.5287569962839274, 0.19452281335116198, 0.12757544757823078, 0.14914474268667985], [0.5289839545032684, 0.1976712360606949, 0.12178633451574851, 0.1515584748202882], [0.5176502735659788, 0.19957644786206236, 0.12489652538746107, 0.15787675308449778], [0.5297085283036644, 0.19487332676816296, 0.1163684926677427, 0.15904965216042985], [0.535842351027752, 0.19106456350763476, 0.11956941902083403, 0.15352366634377917], [0.4984684138535211, 0.19828133873987247, 0.13628153907728952, 0.1669687082293169]], "ideal": "D", "sampled": "D", "correct": true}}
{"type": "result", "data": {"idx": 16, "options": ["The Heisenberg uncertainty principle", "The Pauli exclusion principle", "The Bohr model of the atom", "Nuclear hyperfine coupling"], "probs": [[0.2334551828378573, 0.5179530420228928, 0.1155742340834664, 0.1330175409557835], [0.24802363840333577, 0.48561568872303235, 0.11355827425619378, 0.15280239851743813], [0.18569365141919003, 0.27443775531885445, 0.3810391127682163, 0.15882948039373923], [0.19287333177892835, 0.23631576053395678, 0.1811949786540717, 0.3896159289330432], [0.18688702024477394, 0.25946813045922634, 0.38348378584472703, 0.17016106335127268], [0.18130284144972872, 0.24781424199994284, 0.18706498577132416, 0.38381793067900427], [0.5171808908172372, 0.24815055714453635, 0.10184504697764989, 0.13282350496057654], [0.48276166664416953, 0.24657454349392918, 0.10119732911774841, 0.16946646064415288], [0.533303483274789, 0.24038275357516575, 0.09562191081217633, 0.13069185223786886], [0.5185492247905426, 0.2337324295903638, 0.10372164071642953, 0.14399670480266408], [0.4950711019943801, 0.2412821000286584, 0.10541195185742773, 0.1582348460195338], [0.5641505205685581, 0.22440716956408618, 0.09502302250840267, 0.11641928725895301], [0.16403729723132507, 0.25806637826763673, 0.4189091199542658, 0.15898720444677242], [0.17013680902179149, 0.22190263371311178, 0.18686659451643217, 0.42109396264866455], [0.22146696510087982, 0.45442859688114484, 0.15952499684660792, 0.16457944107136738], [0.215666496265228, 0.4356658924481945, 0.15534555447498538, 0.19332205671159214], [0.17187674085750898, 0.2580203375257271, 0.18877738431030142, 0.38132553720646245], [0.18522908453747175, 0.26950983985754595, 0.29600851401668754, 0.24925256148829475], [0.20011036691555353, 0.2692793487065263, 0.35675300549487554, 0.17385727878304463], [0.19901327186382203, 0.2678051114323456, 0.1784017910660526, 0.35477982553777976], [0.2472081892361168, 0.40758403524280656, 0.1699113224290076, 0.175296452992069], [0.2477676310395355, 0.4281110273717927, 0.1456613475388056, 0.1784599939498662], [0.19972497520423893, 0.2645950058522722, 0.19058652504246712, 0.3450934938010217], [0.22308672629916912, 0.27763908684995336, 0.26910644365977665, 0.23016774309110086]], "ideal": "B", "sampled": "B", "correct": true}}
