{"type": "result", "data": {"idx": 0, "options": ["7 N", "5 N", "10 N", "12 N"], "probs": [[0.2813484365873182, 0.3042075354965217, 0.2684856932997417, 0.14595833451641846], [0.32092642780909386, 0.296808421582105, 0.21048684416096577, 0.17177830634783528], [0.33565225693725376, 0.4446837239314922, 0.10897904470994486, 0.11068497432130919], [0.3091664590377208, 0.44287184855727896, 0.12108160146589643, 0.12688009083910387], [0.3037607326239461, 0.4152056214512584, 0.15038676334327472, 0.1306468824815208], [0.2848975956155074, 0.38337114449482024, 0.2218963652627301, 0.10983489452694223], [0.23034898934445014, 0.35123398896519703, 0.2912117242521899, 0.12720529733816296], [0.2645651917024575, 0.3560091746686774, 0.22631185570146942, 0.15311377782739571], [0.2680789370221675, 0.5008620320735968, 0.12274652731701959, 0.10831250348721613], [0.2717770757303739, 0.484516582642469, 0.13041294202750384, 0.11329339949965327], [0.2682580271614149, 0.44230054486439646, 0.1627237897136867, 0.12671763816050197], [0.25718493033414963, 0.4240330583635044, 0.2132346544420468, 0.10554735676029917], [0.23588840309573078, 0.4547008207775315, 0.15471288329733693, 0.1546978927294008], [0.2203474011745136, 0.45925238039591354, 0.16895952567318984, 0.15144069265638302], [0.22893184295581334, 0.4081219379566445, 0.2219065857848101, 0.14103963320273208], [0.24945791434919581, 0.41129539025627426, 0.203618425164401, 0.13562827013012893], [0.2561706900340448, 0.44960692520413903, 0.1654118299318841, 0.12881055472993205], [0.2650587220961228, 0.45089530268428907, 0.16078138110249687, 0.12326459401709126], [0.34892699118939624, 0.3600108623144628, 0.15008459983755348, 0.1409775465585875], [0.3313210805525538, 0.35268946427485665, 0.1978569418632734, 0.11813251320931613], [0.3321307897235618, 0.36478435989546737, 0.17503702638783078, 0.12804782389314004], [0.312265909706105, 0.36508298732600286, 0.21131006353418555, 0.11134103933370652], [0.3775927311521851, 0.40195493688274403, 0.11882593872473679, 0.10162639314033405], [0.3782880080388385, 0.40269846300041207, 0.11719927237058281, 0.10181425649016664]], "ideal": "A", "sampled": "D", "correct": false}}
{"type": "result", "data": {"idx": 1, "options": ["weight of fluid.", "volume of fluid.", "density of fluid.", "All of these."], "probs": [[0.5920761601977099, 0.29310538237885947, 0.06144195811027276, 0.05337649921315786], [0.6036578989893326, 0.3181100161501592, 0.049554760142839965, 0.028677324617668136], [0.5284135419855627, 0.24960756671328066, 0.1357183774532018, 0.0862605137479548], [0.6770120211981332, 0.2130300982602735, 0.06599743614432783, 0.04396044429726548], [0.6569004278424021, 0.2034956880882332, 0.08483426556449807, 0.054769618404866584], [0.6927900912136993, 0.18645916769815205, 0.06648826028773648, 0.054262480700412195], [0.5758083118930841, 0.22199522123529508, 0.10819903860207995, 0.09399742816954078], [0.6961008594487007, 0.19634321942407942, 0.06374705297248127, 0.04380886805473863], [0.6352153656449252, 0.19678165749659485, 0.08597320637637465, 0.08202977038210531], [0.7070662009794005, 0.1903027196625379, 0.060828108887276175, 0.041802970370785425], [0.752614867632629, 0.15290166957887708, 0.052024912514462895, 0.042458550174031065], [0.7250097555316861, 0.1669041551535749, 0.05951484425176485, 0.04857124496297406], [0.4733575652566689, 0.26971447867012704, 0.15130692944365032, 0.10562102652955377], [0.6165393132071412, 0.2452423925134211, 0.07717335395875766, 0.06104494022068001], [0.5374864735108138, 0.2922331581630701, 0.08913182134288986, 0.08114854688322624], [0.5544020656925822, 0.32591930757003656, 0.07272655678692125, 0.04695206985045992], [0.6396654438233103, 0.20444755863432726, 0.08523118749097583, 0.0706558099513867], [0.5896341580444222, 0.21691203797257294, 0.11611122204278015, 0.07734258184022469], [0.3167214260458873, 0.3880532287893015, 0.18913714082108013, 0.10608820424373104], [0.39773294029331785, 0.3736311765116008, 0.13116688927317127, 0.09746899382191002], [0.3475917551498335, 0.43258434207446583, 0.1319395144752385, 0.08788438820046222], [0.37109000592961416, 0.4204984134163694, 0.12430671971707391, 0.08410486083694255], [0.3611830555326331, 0.35006673034107416, 0.17330939033030537, 0.11544082369598739], [0.3180742978014228, 0.3548321855768446, 0.21189659131049313, 0.11519692521123945]], "ideal": "B", "sampled": "B", "correct": true}}
{"type": "result", "data": {"idx": 2, "options": ["totally internally reflects", "passes into the air above", "is absorbed", "None of these"], "probs": [[0.4177165640261705, 0.2614406839825052, 0.14669628042723148, 0.17414647146409273], [0.39884129162614673, 0.2918293177789683, 0.19142782686226592, 0.11790156363261903], [0.3216290271446055, 0.22455672096619705, 0.24287023371622848, 0.21094401807296895], [0.36587576164746544, 0.23997133192915088, 0.25955358918555593, 0.13459931713782777], [0.3511076621525201, 0.3050785705898884, 0.18800033907202915, 0.1558134280855623], [0.44597708187905466, 0.2791195636314981, 0.12782602582306044, 0.1470773285663868], [0.17866068277983338, 0.4286336110714474, 0.20251063095195712, 0.19019507509676215], [0.20221258697871825, 0.42148429151134886, 0.2517199814067891, 0.1245831400031438], [0.08711285597548472, 0.13921595344426593, 0.5255024706681379, 0.24816871981211136], [0.13754729105364935, 0.19704714731110706, 0.32494411912624327, 0.3404614424090003], [0.07873842236712601, 0.14710866132559525, 0.5910810915695789, 0.1830718246376999], [0.19862076035930754, 0.27151523251419646, 0.18663827417287698, 0.343225732853619], [0.13038813677949765, 0.32274844277407505, 0.30325036334193045, 0.24361305700449684], [0.11943164644584289, 0.3737083430767123, 0.3247428286457586, 0.1821171817316862], [0.06301389123666061, 0.12930229786616582, 0.607427202381069, 0.20025660841610463], [0.11884402748150368, 0.2186097998387759, 0.3494087535406394, 0.31313741903908104], [0.029408162511567255, 0.08509648606279474, 0.6907182348028488, 0.19477711652278917], [0.0842129618628247, 0.17829606495450806, 0.37166331256455504, 0.36582766051811216], [0.19399566323585968, 0.40436067000580417, 0.23043341472378123, 0.1712102519345549], [0.19912190726806597, 0.47031096143124407, 0.15755840818188613, 0.1730087230188038], [0.10538261656679122, 0.20959865107830544, 0.44378025331618015, 0.2412384789387232], [0.157422597469365, 0.2476980463108664, 0.19905791581494084, 0.3958214403048278], [0.05230581718606807, 0.1294715486375274, 0.46629998056062505, 0.35192265351577945], [0.0903968471671363, 0.17426750649467948, 0.2616361393233136, 0.4736995069148706]], "ideal": "B", "sampled": "A", "correct": false}}
{"type": "result", "data": {"idx": 3, "options": ["always.", "sometimes.", "never.", "on planet Earth only."], "probs": [[0.6432155370069065, 0.19925887880716914, 0.08306723087195374, 0.07445835321397064], [0.6196906889194062, 0.21083877588094474, 0.0906846421478342, 0.07878589295181486], [0.5784231086282073, 0.22651269552138426, 0.09296553251553649, 0.10209866323487188], [0.5764661049440006, 0.24030555187391067, 0.10017994418408817, 0.08304839889800054], [0.6651383639083229, 0.20929494116940794, 0.07010845212457772, 0.055458242697691465], [0.6752890221976777, 0.21248910923246478, 0.06480870274535117, 0.04741316572450636], [0.290798377957106, 0.635170128084053, 0.04822135913796916, 0.02581013472087177], [0.3174294507377601, 0.5930436804815875, 0.05101782417518963, 0.03850904450546276], [0.28088161137214646, 0.21202014226566382, 0.455945428743474, 0.05115281751871572], [0.22050372843281274, 0.052375405046034725, 0.058429720648687095, 0.6686911457724655], [0.2149981284112598, 0.06871855335053433, 0.6833117083891951, 0.03297160974901078], [0.480477199492174, 0.19112246657121876, 0.1795515960409024, 0.14884873779570487], [0.23331112449443794, 0.6543468455655747, 0.07115954398559675, 0.04118248585439059], [0.23515553946180082, 0.6595190990325425, 0.06633219496621372, 0.03899316643944304], [0.21022056119359098, 0.20059436632398406, 0.5368564744384786, 0.05232859794394639], [0.22557204813919074, 0.08169851193198231, 0.06988214372187262, 0.6228472961069543], [0.27498292100710836, 0.129894789149444, 0.5642693470071936, 0.030852942736254094], [0.30145439502562543, 0.2578495740632653, 0.24605649707240973, 0.1946395337386995], [0.36737371582213085, 0.5180868064268945, 0.0770093374476116, 0.037530140203363], [0.36128869533785335, 0.5423635375167417, 0.06477841179206091, 0.03156935525334401], [0.21587042626594677, 0.18464463832950684, 0.5260382090011367, 0.07344672630340962], [0.39213980408978466, 0.21656108545763572, 0.21998306272163753, 0.17131604763094205], [0.1907903913609453, 0.12318479462890233, 0.6354697061974751, 0.05055510771267723], [0.326067000594911, 0.21720863876554872, 0.2620169222092872, 0.19470743833025306]], "ideal": "B", "sampled": "A", "correct": false}}
{"type": "result", "data": {"idx": 4, "options": ["changes", "aligns with the electric field", "is at right angles to the electric field", "converts to magnetic energy"], "probs": [[0.5471146040048197, 0.23902420032103713, 0.12995987897913258, 0.08390131659501054], [0.6656423807394306, 0.20945918175338585, 0.06489035651419146, 0.06000808089299213], [0.5503975234434585, 0.2559671737886877, 0.11182709203774681, 0.081808210630107], [0.4949880392358022, 0.32463045937658136, 0.09301229288207322, 0.08736920840554324], [0.6385937950994691, 0.19476487136877504, 0.07747559999036, 0.08916573344139585], [0.5758960542157149, 0.21520382531497484, 0.09550073243836375, 0.11339938793094652], [0.20035621969684603, 0.39846832446796315, 0.2870167855709648, 0.11415867016422598], [0.2801403999048473, 0.4691669046409648, 0.14763532577468808, 0.10305736957949986], [0.259862970975712, 0.5588147293432659, 0.11353347956893635, 0.0677888200120857], [0.2240424636384687, 0.6483142471904082, 0.054907851733853985, 0.07273543733726916], [0.2936207818562865, 0.2982544169312, 0.27157984947320685, 0.13654495163930666], [0.20801118574396527, 0.26295923008557587, 0.3538671871427249, 0.17516239692773394], [0.24656707576609005, 0.4260484924973182, 0.21091504631366323, 0.11646938532292853], [0.2759356878700793, 0.45496229688631584, 0.13876021320505771, 0.1303418019385471], [0.44207447433465796, 0.35523354738949675, 0.13274611432457117, 0.06994586385127409], [0.560624601489214, 0.3244789254507749, 0.052971936954371565, 0.06192453600563951], [0.44025755224128427, 0.2755153384168109, 0.16197409940933447, 0.1222530098325703], [0.4130656194034469, 0.2709048036278905, 0.1776707778101018, 0.1383587990585608], [0.23944077606908518, 0.2979979901611231, 0.2671353598308266, 0.1954258738389651], [0.18760292509710705, 0.28163406669712143, 0.28608179515841503, 0.24468121294735648], [0.22137149170892892, 0.3323283567467677, 0.3221229982528503, 0.12417715319145309], [0.20699977564232158, 0.30593642133489957, 0.33081238965641807, 0.15625141326636077], [0.16955278559490092, 0.4609054853916381, 0.23541518692679655, 0.13412654198666438], [0.18724338892405873, 0.3964050766195391, 0.26823034297797077, 0.14812119137843138]], "ideal": "A", "sampled": "A", "correct": true}}
{"type": "result", "data": {"idx": 5, "options": ["red", "yellow-green", "blue", "violet"], "probs": [[0.34109948791507183, 0.32043211455299453, 0.23444067556150266, 0.10402772187043097], [0.334529330370908, 0.28170179016764, 0.24860829104132626, 0.13516058832012573], [0.40430084770527563, 0.40430212920516684, 0.11053309835579801, 0.08086392463375953], [0.3586180289912283, 0.42586881869949805, 0.14489896917903503, 0.07061418303023861], [0.41548725339359727, 0.37244238890794207, 0.1118303520592923, 0.10024000553916834], [0.3683169162141211, 0.40451669722600014, 0.15116168193212123, 0.07600470452775752], [0.27506122605124017, 0.41941920856109466, 0.1890528691159277, 0.11646669617173745], [0.28565427658085535, 0.37256458397954345, 0.20256574449897713, 0.13921539484062406], [0.25204712901119586, 0.4635864633927025, 0.17596380935231962, 0.108402598143782], [0.24379996589666486, 0.43462091032359595, 0.1989903867196174, 0.12258873696012175], [0.2509093134802419, 0.4268139345926041, 0.1498301684807812, 0.1724465833463728], [0.23383470922611488, 0.4368629650422507, 0.15822615435148218, 0.1710761712801522], [0.40876555373413936, 0.4024298784904174, 0.10831509467508847, 0.08048947300035475], [0.35819278764984863, 0.42536415566858493, 0.14700604140805576, 0.06943701517351064], [0.39063407441919573, 0.2948653807518578, 0.21573437061739204, 0.09876617411155443], [0.3504240512497476, 0.2950855195227223, 0.23711474237455055, 0.11737568675297953], [0.38949016524958985, 0.38949016524958985, 0.1478382641070573, 0.07318140529376302], [0.4577878210479673, 0.34020011092896196, 0.11044968914851125, 0.09156237877455949], [0.512710917405678, 0.31587442046506065, 0.08771769505493036, 0.08369696697433097], [0.4077234115891946, 0.3890537176244678, 0.13237282139330517, 0.07085004929303244], [0.43521668205627717, 0.25987961111212904, 0.1931323053306237, 0.1117714014009701], [0.39228681660240217, 0.291521802212556, 0.22005899590725783, 0.09613238517778394], [0.479956004571275, 0.3050783597006177, 0.13538281719063028, 0.07958281843747703], [0.5568917823207259, 0.2510119899554775, 0.09830103520658974, 0.09379519241720685]], "ideal": "D", "sampled": "D", "correct": true}}
{"type": "result", "data": {"idx": 6, "options": ["mass distorts spacetime.", "gravity affects clocks.", "light can\u2019t escape from a black hole.", "All of these."], "probs": [[0.8268683074464841, 0.08580470333890541, 0.027427543230864507, 0.05989944588374598], [0.82976196333451, 0.10225051411894019, 0.03319942131605849, 0.034788101130491335], [0.6334178854363178, 0.14812597189477086, 0.10838259432475966, 0.11007354824415165], [0.753403408301456, 0.12493478226303165, 0.0537385257934269, 0.06792328354208543], [0.8492901530026944, 0.09381451683966832, 0.024474965998643204, 0.03242036405899409], [0.7654477981660532, 0.1269326959681711, 0.037523705648319555, 0.0700958001174561], [0.18133313618279137, 0.7754991465833257, 0.024930673935273946, 0.01823704319860893], [0.20396032273057302, 0.7578405451621967, 0.02474647861550369, 0.013452653391726577], [0.11975629657761966, 0.09181797701287138, 0.7111082844554587, 0.07731744185405022], [0.09901773995061328, 0.10216973813247547, 0.10059280771889352, 0.6982197140980178], [0.21826372875874328, 0.18669448651969242, 0.49968912820223094, 0.09535265641933338], [0.11646007832062973, 0.13197763361190454, 0.08131353616880002, 0.6702487517986657], [0.07657568298586775, 0.8901998565610616, 0.017908588383578554, 0.01531587196949209], [0.05539185878237658, 0.9224010054135894, 0.014227324067422905, 0.007979811636611173], [0.10868747531280831, 0.16833700237974986, 0.6255517601341306, 0.09742376207331122], [0.10157177002564272, 0.2436877674170197, 0.13886350598829403, 0.5158769564690435], [0.06700667292729534, 0.10541680925403517, 0.7205031835537304, 0.10707333416493901], [0.0952471767772127, 0.1343341539691096, 0.20485078864698156, 0.5655678805066962], [0.3125330279276098, 0.5485543134681908, 0.06350764028482538, 0.07540501821937401], [0.23197384694820672, 0.5832443367086712, 0.0644308939011984, 0.12035092234192374], [0.19096394233200986, 0.20328964569385594, 0.4372148550779593, 0.1685315567961749], [0.12468437568655903, 0.12276518800987463, 0.06780193997993825, 0.6847484962236281], [0.12778845047303328, 0.14035398838445728, 0.5728222556488416, 0.15903530539366784], [0.1360596113131076, 0.13396896327858704, 0.12009890138933568, 0.6098725239189696]], "ideal": "D", "sampled": "A", "correct": false}}
{"type": "result", "data": {"idx": 7, "options": ["voltage", "energy", "Both of these", "Neither of these"], "probs": [[0.7620931699926539, 0.18387916236825755, 0.04722531035139519, 0.0068023571876933715], [0.8673040237628462, 0.11377227262844769, 0.013170636208637869, 0.005753067300068215], [0.7881689266862018, 0.18721597434638743, 0.017688964525286198, 0.006926134342124676], [0.7918921872873588, 0.18809776471563047, 0.014505091262883216, 0.005504956634127485], [0.8390518484663184, 0.13913679218719363, 0.014438013645573363, 0.007373345600914569], [0.6584550078449637, 0.25786176719905096, 0.07742676107986789, 0.006256463776117527], [0.1920605299326974, 0.7837653161814434, 0.019931057125522386, 0.004243096660336784], [0.12774904472496867, 0.8595015269362573, 0.00883102807310662, 0.003918400165667431], [0.17028244218648847, 0.3333992734232769, 0.47020603272547645, 0.026112251564758136], [0.43319272753837684, 0.46840646844482525, 0.06339450581373597, 0.03500629810306197], [0.06818769769899104, 0.13774430545168084, 0.7564133292214642, 0.03765466752786392], [0.16434250770355935, 0.2545487284405791, 0.5389038919863622, 0.0422048717694993], [0.5107068437971087, 0.3621688200252016, 0.09597203170283065, 0.031152304374858983], [0.5171298019277901, 0.3843173258062134, 0.07687269494089784, 0.021680177225098587], [0.21063618281375465, 0.3472928391523085, 0.3935822829449645, 0.048488694988972306], [0.40128978783878827, 0.3486697647471016, 0.14535730967441005, 0.1046831376397001], [0.35071119401292233, 0.26473703780554025, 0.3144067502124112, 0.07014501786912614], [0.3272364017324589, 0.3221768616496884, 0.23207013932268702, 0.11851659719516569], [0.27403513819376224, 0.5040642247916751, 0.1356716514543366, 0.08622898546022599], [0.18495070906773087, 0.4873016374792273, 0.30495772243568287, 0.022789930917358984], [0.09765494613863004, 0.28258877989804115, 0.5037904381248224, 0.11596583573850641], [0.13600655274169499, 0.34733629356800694, 0.46739926079165045, 0.049257892798647666], [0.21425543350661058, 0.582437783995622, 0.16428809723117682, 0.039018685166590635], [0.14522849562908152, 0.7148885396484109, 0.09827428676227047, 0.041608677860237114]], "ideal": "A", "sampled": "A", "correct": true}}
{"type": "result", "data": {"idx": 8, "options": ["chaotic", "ordered", "positioned by amplitude", "in phase"], "probs": [[0.0549656229084062, 0.9296890562599415, 0.009552073413234176, 0.005793247318418114], [0.08459504314731305, 0.8953989939062907, 0.012379609425039493, 0.00762635342135668], [0.037997890259996066, 0.06463498621532682, 0.8648676275342102, 0.03249949589046686], [0.17635651456608653, 0.20943101372505069, 0.22294599480026697, 0.3912664768085958], [0.060331099403551955, 0.15648321980703284, 0.7465951525410421, 0.03659052814837309], [0.191557511668123, 0.31093245741595876, 0.16131518779572, 0.33619484302019825], [0.741922738857593, 0.15073239857959078, 0.04251812041318708, 0.0648267420496291], [0.7062484472515634, 0.16514923722708166, 0.05532073206814915, 0.0732815833532057], [0.8627545413449056, 0.07538756881880745, 0.023355370863629873, 0.03850251887265708], [0.681164334365623, 0.1427813789520143, 0.05952391861564607, 0.11653036796671667], [0.8190999074992183, 0.1041380844418121, 0.03126959001951666, 0.04549241793945282], [0.6742927205311697, 0.1576769298936241, 0.05622500364655885, 0.1118053458286473], [0.011978798104246057, 0.02457777511215125, 0.9368694211558056, 0.026574005527797043], [0.13635901631236064, 0.13011642768545362, 0.1594262241730277, 0.574098331729158], [0.14796292697669475, 0.7874866679222549, 0.03353621419070455, 0.031014190810345794], [0.18340849477653423, 0.5561878416094013, 0.12410802387594015, 0.13629563963812433], [0.17269273229222662, 0.15480321759526047, 0.11504361863061435, 0.5574604313818986], [0.12961450024717558, 0.1613062446953542, 0.4816062974208846, 0.22747295753658558], [0.04124715228640505, 0.09441179042614271, 0.8285076565261897, 0.03583340066126246], [0.21237452866809356, 0.18742292279710557, 0.15060315351456194, 0.4495993949202389], [0.33135393382034906, 0.5549212118239147, 0.061298467441100624, 0.05242638681463553], [0.2837830056731043, 0.4903393977592435, 0.1094160070557855, 0.11646158941186663], [0.28161787564295854, 0.173502532025175, 0.13512854075379113, 0.40975105147807533], [0.17272752006926842, 0.15974507748242936, 0.4920877667147237, 0.1754396356335785]], "ideal": "B", "sampled": "B", "correct": true}}
{"type": "result", "data": {"idx": 9, "options": ["amplitude", "wavelength", "frequency", "energy"], "probs": [[0.40840950666825093, 0.20536427237753846, 0.16762485857306988, 0.21860136228114072], [0.19901233464696927, 0.11518017689074238, 0.5669751636048012, 0.11883232475748721], [0.30706487475535194, 0.2211738625472384, 0.27960993106593734, 0.19215133153147235], [0.06157139292648365, 0.045755818311184394, 0.8111070363488793, 0.08156575231345271], [0.23172627559763265, 0.6705434967692465, 0.054190509419613904, 0.04353971811350687], [0.27281440724461675, 0.6343334647403686, 0.049687067770530176, 0.04316506014448456], [0.33969383922258783, 0.12303034776663795, 0.20285618000898473, 0.33441963290178944], [0.09245720677004812, 0.03677662902659152, 0.7987630515261502, 0.07200311257721016], [0.42650600430520985, 0.18926375900428472, 0.1045267339369376, 0.27970350265356786], [0.18419934140685026, 0.11526864536154838, 0.6135261332461401, 0.08700587988546123], [0.37824894403046333, 0.5334236820039072, 0.04588961026692488, 0.04243776359870455], [0.46890893388523075, 0.4474456278499924, 0.050204980380579856, 0.03344045778419697], [0.2535081056396114, 0.17153332103365027, 0.3805941712121545, 0.19436440201458385], [0.03588142965716864, 0.02316646502057545, 0.896991518503804, 0.04396058671845196], [0.41778515652644277, 0.2380503522240151, 0.127426242551559, 0.21673824859798313], [0.21399988336210382, 0.14708055160069045, 0.5551194961648007, 0.08380006877240495], [0.1401801814884725, 0.7818791285100329, 0.040797281472562875, 0.03714340842893167], [0.19087718357302194, 0.7092169454891273, 0.0573159834175598, 0.042589887420291024], [0.9417046412819446, 0.019241677810283447, 0.016204077929918688, 0.02284960287785323], [0.9485075071131065, 0.016577208752668115, 0.013960220204317827, 0.020955063829907562], [0.9568781815086539, 0.015466696489792155, 0.012428528737500269, 0.015226593164053693], [0.9487886525083331, 0.018790038493157232, 0.015578509466434711, 0.01684279943207494], [0.96223069707411, 0.013941820060286676, 0.010524440065629727, 0.013303042699973528], [0.9434664860646315, 0.020202881344073047, 0.016749880176698234, 0.019580752314597258]], "ideal": "D", "sampled": "D", "correct": true}}
{"type": "result", "data": {"idx": 10, "options": ["the same", "opposite", "Either of these", "Need more information"], "probs": [[0.170875273179416, 0.75396713716313, 0.05377051454049449, 0.02138707501695946], [0.14950342781191933, 0.7957131428832654, 0.03607135712140866, 0.018712072083406514], [0.13367430171072683, 0.2576697622083106, 0.5455158081412663, 0.06314012783969619], [0.2832578188207907, 0.4894508913865007, 0.11808676793769463, 0.10920452175501393], [0.06164533534568987, 0.1133820996281964, 0.7393929379168912, 0.08557962700922256], [0.18911514047191005, 0.2353668966435327, 0.3645485123896525, 0.2109694503949047], [0.4857728715492602, 0.4027344233528476, 0.08574838078610181, 0.0257443242117904], [0.5602967906701395, 0.36177015518397326, 0.05905854622913324, 0.018874507816754024], [0.4677222457753714, 0.3164883314592614, 0.1616480827476874, 0.05414133991767971], [0.5776283230446566, 0.2728615443562031, 0.09578355543525163, 0.05372657706388867], [0.5024770088914104, 0.22649134046894898, 0.20303113022767463, 0.06800052031196589], [0.49327194725873946, 0.23668232637170472, 0.18433002027039083, 0.08571570599916499], [0.19605246914648244, 0.37791247579820547, 0.35503093727223234, 0.07100411768307974], [0.3648872511054488, 0.44015906896358453, 0.11846938424376288, 0.07648429558720382], [0.2587796170659835, 0.5831928892088339, 0.1130587913955848, 0.044968702229597736], [0.2825306068172547, 0.6171252749881128, 0.06606955850234635, 0.03427455959228616], [0.30661487576279556, 0.2174286544105539, 0.30662810799393436, 0.1693283617327162], [0.12870055052243476, 0.1267070583363707, 0.623692017025209, 0.12090037401598548], [0.0779000589330076, 0.15736320495996403, 0.6322302770561283, 0.13250645895090005], [0.1354875625007368, 0.2098538373135508, 0.4512694381293639, 0.20338916195634849], [0.17046804597410536, 0.5417610365969506, 0.21889701320353896, 0.06887390412540499], [0.16532685242473594, 0.5172730932950932, 0.2368273426992839, 0.080572711480887], [0.1928537550590115, 0.39572284832858745, 0.2515416032625306, 0.15988179324987042], [0.10991229689054832, 0.15744497701526916, 0.6227326717285105, 0.10991005426567191]], "ideal": "B", "sampled": "B", "correct": true}}
{"type": "result", "data": {"idx": 11, "options": ["conduction", "convection", "radiation", "radioactivity"], "probs": [[0.0020532711709062776, 0.0065249706806242425, 0.9836733335082501, 0.0077484245402192715], [0.00515039916310588, 0.007977083313444482, 0.005397642488893092, 0.9814748749345565], [0.00544436716675955, 0.9900001084582919, 0.0016866056918364907, 0.0028689185831120437], [0.004059788244754423, 0.9933920897866012, 0.0011451262959203108, 0.0014029955727240346], [0.0023028671557695805, 0.004651900903450505, 0.004105338411363704, 0.9889398934294162], [0.007065816641784494, 0.019206167150887687, 0.940020842878239, 0.03370717322908882], [0.002151672937552247, 0.006837698364449001, 0.983617460990706, 0.0073931676072927005], [0.004492915480993236, 0.006141109091166757, 0.003903596470730416, 0.9854623788571096], [0.004120941845619728, 0.9927263515457166, 0.0011443572879145298, 0.0020083492207490336], [0.00375735955485051, 0.9940992864687624, 0.000865001888946675, 0.0012783519874403596], [0.0026900474121558152, 0.005694833416492929, 0.0035085397671016593, 0.9881065793042496], [0.008358318814304736, 0.022719493705473277, 0.936378723737183, 0.032543463643039006], [0.93914212248093, 0.04062383455325359, 0.009801179634898986, 0.010432863230917466], [0.973291173081987, 0.019275259511856817, 0.003977763991073812, 0.0034558033150823685], [0.9435303667208815, 0.03716125518865428, 0.008826757276471343, 0.01048162071399281], [0.9751508680071077, 0.017583871774225022, 0.003802857535711153, 0.0034624025829561194], [0.9692833697719212, 0.021082554042528144, 0.00493000771404839, 0.004704068371502219], [0.9676357627130524, 0.021378155515778718, 0.005321540331925322, 0.005664541339243586], [0.006687718031654476, 0.009579768217058877, 0.006584143311780877, 0.9771483703395057], [0.01939853412654351, 0.043714250143504434, 0.878064428981194, 0.058822786648758084], [0.01214173539760486, 0.015110786906713664, 0.008215704373429927, 0.9645317732222516], [0.03894097560691962, 0.07162233814891479, 0.8070015731318266, 0.08243511301233891], [0.10421045635618226, 0.819689255430777, 0.02985763482769097, 0.046242653285349766], [0.12712077487372828, 0.7909828232131111, 0.02972663680456166, 0.05216976500859896]], "ideal": "C", "sampled": "C", "correct": true}}
{"type": "result", "data": {"idx": 12, "options": ["half, 1 A", "2 A", "Depends on which lamp is closer to the battery", "Not enough information to say"], "probs": [[0.3675062929848607, 0.40999782155808295, 0.10864601347596878, 0.11384987188108751], [0.38075193331880147, 0.4053252908772784, 0.11613726648447387, 0.09778550921944625], [0.27513978702475345, 0.2751413665478869, 0.30697498637273757, 0.14274385995462213], [0.37870324377187475, 0.2995868444389422, 0.14831849047140314, 0.1733914212177799], [0.2407585746487341, 0.27711402864492674, 0.31404757324126215, 0.168079823365077], [0.3632571263213992, 0.3107191760848809, 0.13157640984425298, 0.19444728764946684], [0.18118212575346015, 0.5409322219268295, 0.14112147266879685, 0.13676417955091344], [0.19735076560680986, 0.536485878737275, 0.1537174066451094, 0.11244594891080571], [0.1996956884479913, 0.35048564373836677, 0.2816518116700219, 0.16816685604362003], [0.25265922010431846, 0.36192767190617514, 0.17918714078122486, 0.20622596710828153], [0.14970302508881964, 0.3120166929630822, 0.3764113688855523, 0.16186891296254582], [0.24884474645815458, 0.3794615920918445, 0.14861652475028003, 0.2230771365997209], [0.19682795100669653, 0.345444743977882, 0.3245461631174113, 0.13318114179801013], [0.1726757087333467, 0.49192427117899373, 0.15723710782037056, 0.17816291216728902], [0.24135175756104355, 0.48756048879096764, 0.12919999080200464, 0.1418877627459842], [0.2313161939151237, 0.5378528832851429, 0.10106840728702755, 0.1297625154127058], [0.13165507620798422, 0.20391466300021951, 0.41845748933880494, 0.2459727713529913], [0.1793534388669833, 0.2096826378649586, 0.3979666112546492, 0.21299731191340887], [0.15428790908367052, 0.2973961620449503, 0.3940296588154886, 0.1542862699558905], [0.12872004507684967, 0.41553297634737796, 0.21898344156936447, 0.23676353690640786], [0.13433081199398114, 0.3222530493783817, 0.35397243311688203, 0.18944370541075517], [0.17789187330725503, 0.3766197730203251, 0.19848791650133907, 0.2470004370710808], [0.09427797793399262, 0.19959279892832868, 0.4498426317718797, 0.25628659126579895], [0.13241766786495887, 0.20191531483047603, 0.41436262169397625, 0.2513043955105888]], "ideal": "B", "sampled": "A", "correct": false}}
{"type": "result", "data": {"idx": 13, "options": ["increase.", "decrease.", "remain unchanged.", "None of these."], "probs": [[0.5434800981931801, 0.3296622037557911, 0.06194848566627906, 0.06490921228474977], [0.5298447967605275, 0.3421203638813343, 0.05853484308723584, 0.06949999617090233], [0.4659690225703779, 0.3356489215779757, 0.12349387910104255, 0.0748881766506038], [0.5148285550134851, 0.28881918950740365, 0.08147446688978027, 0.114877788489331], [0.5145569059813371, 0.2797779530172449, 0.1203427075964042, 0.08532243330501384], [0.385958242796263, 0.27801986697456993, 0.10553535503478428, 0.23048653509438277], [0.4574574197560749, 0.39748394189164876, 0.0680088917246335, 0.07704974652764282], [0.4419129424560283, 0.40874173624091215, 0.0636753132327999, 0.08567000797025964], [0.3063474365691139, 0.3312607183257941, 0.2704081893533111, 0.09198365565178084], [0.30353764374955683, 0.2637478469886152, 0.0940501487321267, 0.33866436042970127], [0.3546062330262501, 0.3129580844709672, 0.21178408981714555, 0.12065159258563715], [0.21016846751680698, 0.19138102374086047, 0.08626689825288239, 0.5121836103894502], [0.24030333486437574, 0.6233614612861812, 0.07925800889767114, 0.05707719485177197], [0.22568817854815207, 0.6738546019464149, 0.045149036588271046, 0.055308182817162], [0.22259028582930895, 0.5596357887613638, 0.13715741811735316, 0.08061650719197418], [0.19866095555323435, 0.651452484108378, 0.05604471659116551, 0.0938418436472222], [0.1588555044373821, 0.22404025814467055, 0.5129216045339737, 0.10418263278397362], [0.1408210438593783, 0.23956189271086623, 0.42713258939085513, 0.19248447393890034], [0.2164288046207484, 0.5357043822424014, 0.14877620559599675, 0.09909060744085343], [0.24447285613058004, 0.5684712658761902, 0.08190494848747742, 0.10515092940575231], [0.1966604502305222, 0.42957020861516265, 0.24479230141610386, 0.1289770396382113], [0.21759263196232714, 0.49812261018588133, 0.109433973892982, 0.17485078385880953], [0.1535820181202802, 0.25323130584444287, 0.4658569146120289, 0.12732976132324803], [0.13051952420359997, 0.2555615305645012, 0.4148912131371455, 0.1990277319947533]], "ideal": "A", "sampled": "A", "correct": true}}
{"type": "result", "data": {"idx": 14, "options": ["2mg", "mg", "mg/2", "mg/4"], "probs": [[0.38555836673695687, 0.29104602333973084, 0.14409106968392463, 0.17930454013938765], [0.35053747888874387, 0.30456426736647046, 0.16303811965742512, 0.18186013398736056], [0.33317396039974495, 0.25546389119429824, 0.19285446637619397, 0.21850768192976283], [0.3839571120361417, 0.23289242037452257, 0.1677625154124446, 0.21538795207689113], [0.2704475698894612, 0.3211780642615321, 0.20101130598212955, 0.20736305976687716], [0.2736288431145286, 0.30053521543128475, 0.23777040409617964, 0.188065537258007], [0.4235421338067182, 0.2911081649571272, 0.10878767589545076, 0.17656202524070383], [0.40349425659036164, 0.29521529983860617, 0.1250131688883113, 0.1762772745827209], [0.4026825545616445, 0.26825456609481685, 0.13280695081782184, 0.19625592842571682], [0.42963395798779563, 0.24866367125002428, 0.13104822130824614, 0.19065414935393393], [0.40117926298196055, 0.2631117462054179, 0.12429672011153309, 0.21141227060108844], [0.38152722795095934, 0.26636080740586016, 0.15417256260585305, 0.19793940193732745], [0.3367886047261515, 0.2664321442108794, 0.18601739959100572, 0.21076185137196338], [0.40885403748238425, 0.24036344883422475, 0.15764786301466888, 0.19313465056872212], [0.42603622787072665, 0.2465791961265031, 0.1383288266369428, 0.18905574926582747], [0.37910138115684605, 0.273066135983118, 0.16306934212834234, 0.1847631406316936], [0.36270152437929665, 0.2695486464961439, 0.14428975746709366, 0.2234600715574658], [0.32487561811423565, 0.2958131984204297, 0.1822602423506473, 0.19705094101468731], [0.32933696083929687, 0.24095848146404147, 0.1997841864495876, 0.22992037114707403], [0.36476508322830775, 0.23187007353177697, 0.19224748299952346, 0.2111173601403918], [0.416379367287282, 0.24864070123089246, 0.13519506839383316, 0.1997848629879924], [0.31690269086341194, 0.28855302096648006, 0.2111312010025848, 0.18341308706752316], [0.36468132783280816, 0.3119437945777593, 0.1341768781084221, 0.18919799938101045], [0.30634249864394475, 0.3526115557521432, 0.17186576848103588, 0.16918017702287613]], "ideal": "B", "sampled": "B", "correct": true}}
{"type": "result", "data": {"idx": 15, "options": ["less.", "equal.", "greater.", "none because it sinks."], "probs": [[0.5029527244689144, 0.2266906960564244, 0.20642018575868, 0.06393639361598127], [0.4979145079974761, 0.18604628185419592, 0.15186188660945146, 0.16417732343887653], [0.5417674537161276, 0.2724098739168386, 0.1369856385607092, 0.04883703370632468], [0.5905774301136997, 0.2661801606096151, 0.08916764060076082, 0.054074768575924435], [0.41756433244344254, 0.14656728504622585, 0.28699788448324787, 0.14887049792708376], [0.3678800627763776, 0.15334307341277825, 0.40404622568826626, 0.07473063802257784], [0.2182103674318952, 0.5485765664372568, 0.1837599684865278, 0.04945309754432017], [0.19661224790597054, 0.5514082743746491, 0.1230437271756949, 0.12893575044368544], [0.19310371483316527, 0.415221627257683, 0.3183867372086091, 0.07328792060054257], [0.0813238211793122, 0.16686130312526679, 0.12208801706011042, 0.6297268585353106], [0.07112436740879256, 0.060830913478013435, 0.7767294644532718, 0.09131525455992212], [0.10947525663287312, 0.09812767948909336, 0.6812062364315202, 0.11119082734651324], [0.3435589244782493, 0.4480794202803737, 0.1572996170177361, 0.051062038123640914], [0.3551390144235968, 0.4631789291695087, 0.11175552671212342, 0.06992652959477105], [0.23199496707957998, 0.27548692859131135, 0.41359334048635427, 0.0789247637427544], [0.1114103793785815, 0.1322984010542833, 0.17256485256999882, 0.5837263668971364], [0.10129039648507641, 0.10781580070092613, 0.6502776804433587, 0.14061612227063877], [0.14769219080658325, 0.13446971973132057, 0.3952646313996919, 0.3225734579624043], [0.13536466858470814, 0.6162006350169388, 0.15826666589386099, 0.09016803040449206], [0.13626888867826867, 0.5560438218124113, 0.23917022053217668, 0.06851706887714334], [0.0955411032411118, 0.12855827615527785, 0.6133896616472893, 0.1625109588563211], [0.12511834128087257, 0.16317978013374446, 0.5267979941199531, 0.1849038843654299], [0.13236913587549337, 0.3770711438672811, 0.38907390910415984, 0.10148581105306573], [0.13664940877459547, 0.5157044298861306, 0.23612063065251007, 0.11152553058676382]], "ideal": "A", "sampled": "A", "correct": true}}
{"type": "result", "data": {"idx": 16, "options": ["red.", "green.", "white minus red.", "a mixture of green and yellow."], "probs": [[0.4492007955697756, 0.2223730467820404, 0.15524574650029346, 0.17318041104789053], [0.4662653753987561, 0.22371859669544797, 0.1586439491169991, 0.15137207868879685], [0.4377643363230709, 0.2782632236618143, 0.12542582117670395, 0.1585466187384109], [0.4972590392799757, 0.2620398797592696, 0.10261833303953964, 0.13808274782121496], [0.523525714821915, 0.24346481261202893, 0.10471536218072872, 0.12829411028532733], [0.5110841354880945, 0.2651502470023257, 0.09454467076202014, 0.1292209466475597], [0.2480016238441663, 0.4780434440796874, 0.13912096825521206, 0.1348339637209342], [0.26319953796615747, 0.4841060935966852, 0.13029722868093238, 0.12239713965622495], [0.13526292446235794, 0.14855532678717454, 0.5968175663235958, 0.11936418232687167], [0.16011982380278297, 0.1435328786020786, 0.12866339661369836, 0.56768390088144], [0.2086406977063497, 0.19296109961965918, 0.42811480798187523, 0.17028339459211592], [0.11856122010361253, 0.08539822269860593, 0.10301094884926196, 0.6930296082485196], [0.32125418070306977, 0.5296661533456595, 0.07395892230212536, 0.0751207435491454], [0.34636230305433585, 0.5039627701721118, 0.06210129892506962, 0.0875736277484828], [0.19559788701962477, 0.16730347274060914, 0.4917461871609084, 0.1453524529788577], [0.2726182937349452, 0.15533538161154928, 0.1627923399047184, 0.40925398464878715], [0.13174559585027534, 0.10260325573375127, 0.6092028117969073, 0.15644833651906612], [0.20682605841631066, 0.17146710581656885, 0.21675774254763625, 0.40494909311948424], [0.1855842363406855, 0.6579650786896362, 0.052348197671338824, 0.10410248719833956], [0.23099896336651143, 0.6279324490885899, 0.04918429316038912, 0.09188429428450948], [0.1543056861695028, 0.16684522230283566, 0.4679409702530748, 0.21090812117458674], [0.08355236799647656, 0.07259321116018448, 0.110691952160133, 0.733162468583206], [0.08784349090614998, 0.08514091228607659, 0.6909640902074335, 0.13605150650033992], [0.12186057391722602, 0.1359480947704585, 0.15166235307567924, 0.5905289781366362]], "ideal": "A", "sampled": "A", "correct": true}}
{"type": "result", "data": {"idx": 17, "options": ["speed", "frequency", "wavelength", "All of these"], "probs": [[0.35960349704904093, 0.382813724709121, 0.11675848897689121, 0.1408242891649468], [0.33066608513070295, 0.43128298423498485, 0.1490545377267992, 0.08899639280751302], [0.2747575383322488, 0.2924838407415303, 0.2879732591813908, 0.14478536164483016], [0.3744983597916398, 0.29166437930912065, 0.18252767218479166, 0.1513095886144479], [0.3038190946248203, 0.3840725180729486, 0.19313191163295246, 0.11897647556927857], [0.3848991835067413, 0.384909524912994, 0.10523233208618504, 0.12495895939407964], [0.403902223869372, 0.3677755487672436, 0.08873636737438717, 0.13958585988899716], [0.37834019472107766, 0.40909711368999924, 0.11539800607163542, 0.09716468541728765], [0.3855091573581656, 0.2691362757840392, 0.18212172115826727, 0.16323284559952791], [0.3953968525223387, 0.312790210323195, 0.1572891152151724, 0.1345238218392939], [0.4077190817144949, 0.3542419426421026, 0.12830393206243065, 0.10973504348097181], [0.4430086744285281, 0.35597843989086075, 0.08724006524525095, 0.11377282033536024], [0.22874892564068794, 0.4142286951655562, 0.189663717439767, 0.16735866165398883], [0.25368383902283603, 0.4452464348414307, 0.14231722267511707, 0.15875250336061617], [0.24253839251953888, 0.5552141665857139, 0.09955077617365012, 0.10269666462109706], [0.20178493253999918, 0.611938637078048, 0.09096049990458152, 0.09531593037737138], [0.24540098767803858, 0.45848633468077304, 0.13766820317118938, 0.158444474369999], [0.18909396310539836, 0.44659667855530305, 0.22811020699021434, 0.13619915124908427], [0.3278512754068133, 0.37736822295492845, 0.16231383865383875, 0.13246666288441952], [0.36912438819776827, 0.3749503250782799, 0.11799025710222777, 0.13793502952172404], [0.32838987811515236, 0.34958368015394065, 0.17856141656995234, 0.14346502506095465], [0.3642980726326525, 0.3531053346246234, 0.12591117983591474, 0.1566854128068093], [0.33111746615805493, 0.31107227600657344, 0.16913806634322903, 0.18867219139214259], [0.2849340438557839, 0.338385015692251, 0.21176905927924575, 0.1649118810727193]], "ideal": "B", "sampled": "B", "correct": true}}
