{"type": "result", "data": {"idx": 0, "options": ["Loop gain should be unity", "Loop gain should be less than unity", "The phase of a feedback signal with respect to input should be 0\u00b0 or 360\u00b0", "Both A and C"], "probs": [[0.2707507529360282, 0.25838442864264777, 0.15430193678081966, 0.3165628815405044], [0.25104656438929873, 0.365288758758602, 0.16211686785213925, 0.22154780889996006], [0.2447535845539443, 0.21942436875149596, 0.22641104598099585, 0.30941100061356386], [0.25291928304340944, 0.252932485473603, 0.2163667755293163, 0.2777814558536713], [0.15681011417788449, 0.21433527552936557, 0.3821566928336346, 0.2466979173591153], [0.20070723589120215, 0.24211127332080412, 0.21037235226994022, 0.3468091384180535], [0.3604980438216108, 0.21528828028014038, 0.13901745235889865, 0.2851962234393502], [0.4183057137148073, 0.2537243181388116, 0.14234997967026597, 0.18561998837611512], [0.3129893307827847, 0.21179833918194396, 0.19899185007371512, 0.27622047986155623], [0.3829147745533198, 0.20179012128422102, 0.1866472027500904, 0.22864790131236873], [0.3550401031615938, 0.25572922823256, 0.19919240472709004, 0.19003826377875618], [0.390198075878372, 0.22583622891676738, 0.14356872224014705, 0.2403969728647135], [0.1795422461381161, 0.17959042159296887, 0.2781612616225265, 0.3627060705463885], [0.19183635423893114, 0.18307494842553818, 0.23144407223169108, 0.39364462500383957], [0.20177980065980075, 0.211508232505453, 0.24345876636840316, 0.34325320036634305], [0.19101397691247057, 0.21988715229219738, 0.23776385185725082, 0.3513350188380812], [0.1922017421620396, 0.21442716780070226, 0.25072143600108837, 0.34264965393616975], [0.07745059006893817, 0.10922187064736828, 0.49729583773920627, 0.3160317014444873], [0.1786175167793972, 0.24036750968772025, 0.34437902732090436, 0.23663594611197816], [0.2058295756372616, 0.24444402751862354, 0.27273973819866293, 0.27698665854545196], [0.21603508291468343, 0.3046683072739155, 0.2731553017819954, 0.20614130792940571], [0.2046087980065777, 0.316918581692475, 0.23925840852252192, 0.23921421167842538], [0.2320447851214098, 0.23943287068791205, 0.21133316820732415, 0.317189175883354], [0.1807085492709523, 0.22491100912925036, 0.26714213485689214, 0.3272383066429052]], "ideal": "D", "sampled": "B", "correct": false}}
{"type": "result", "data": {"idx": 1, "options": ["It loads the circuit moderately.", "It loads the circuit to maximum extent.", "It uses centre zero galvanometer instead of voltmeter.", "It does not load the circuit at all."], "probs": [[0.44752958725211517, 0.22858473783920769, 0.14306110779636355, 0.1808245670123136], [0.49534897459700133, 0.2267973327526746, 0.11952580088902535, 0.1583278916612987], [0.4307899282088761, 0.26541243794532915, 0.13770868757292315, 0.16608894617287154], [0.44162530050479026, 0.2637174568080961, 0.13470686167878734, 0.1599503809083263], [0.449325515264804, 0.24430354665171503, 0.14363168606608326, 0.16273925191739766], [0.40935077718877794, 0.24829421924815478, 0.15783960566370456, 0.18451539779936268], [0.41981289264457095, 0.25464083224129386, 0.13631530782318074, 0.18923096719095445], [0.4664793272123356, 0.25363275449514294, 0.11613365900948514, 0.16375425918303635], [0.3438451382862321, 0.2762968077206399, 0.18697263674221487, 0.19288541715091317], [0.3847852704257223, 0.26863488952565356, 0.1438047609156326, 0.2027750790329915], [0.33417180667666163, 0.2562275337747159, 0.21918794367595518, 0.19041271577266727], [0.31814710250734024, 0.2516858354461586, 0.19000381795663449, 0.24016324398986666], [0.4359196657114465, 0.2297200377097478, 0.15545500581714145, 0.17890529066166425], [0.4603676750521682, 0.23149613799103747, 0.13610440967328205, 0.17203177718351229], [0.4060710253639218, 0.2277906489646922, 0.18022101431270837, 0.1859173112586776], [0.47016319978127463, 0.2152651415197246, 0.12460178973473171, 0.1899698688642691], [0.3184562122043267, 0.2441737277315383, 0.2559162752347458, 0.18145378472938917], [0.37637337477655447, 0.23188447604416867, 0.18060922351745856, 0.21113292556181826], [0.33615340301698926, 0.336168065760258, 0.1638475282556269, 0.16383100286712582], [0.30266351857720936, 0.3272707906308188, 0.1835959784620381, 0.18646971222993372], [0.24900372323884015, 0.23760738966473108, 0.3003971278367053, 0.21299175915972346], [0.21262913083778817, 0.2228411353258313, 0.264657684080888, 0.29987204965549247], [0.2618406893718354, 0.29671336871189896, 0.24987644327720668, 0.1915694985390589], [0.2700112840266608, 0.30597458198511307, 0.2070490332351414, 0.21696510065308472]], "ideal": "D", "sampled": "A", "correct": false}}
{"type": "result", "data": {"idx": 2, "options": ["NOR, NAND.", "XOR, NOR, NAND.", "OR, NOT, AND.", "NOR, NAND, XNOR."], "probs": [[0.36048798138077354, 0.2596670272835541, 0.14341911030978263, 0.23642588092588976], [0.33170448247582496, 0.24651386229401956, 0.2076104488339335, 0.21417120629622194], [0.38581798051638605, 0.23770927244594742, 0.16339434925165516, 0.2130783976860114], [0.3368059148571737, 0.2208935204060544, 0.2315244410927699, 0.21077612354400202], [0.33675698164602585, 0.3114672094033262, 0.12390594097363572, 0.22786986787701227], [0.31699726836956976, 0.32708001920498786, 0.12033948239184536, 0.23558322993359704], [0.40829784828970456, 0.19287765652049557, 0.15500379404348738, 0.2438207010463125], [0.3663244192483607, 0.19608792368465888, 0.22222764456690863, 0.21536001240007177], [0.4459744590693766, 0.1948447053078441, 0.12780034888297698, 0.23138048663980235], [0.44974947940905907, 0.21246031464924303, 0.13506417861433423, 0.2027260272273637], [0.4285104636197504, 0.2223215583090422, 0.14355910036855477, 0.20560887760265262], [0.4410860406587696, 0.22180859081289597, 0.11873982491677255, 0.21836554351156184], [0.2928772822790928, 0.3117895973640385, 0.1776758107711647, 0.21765730948570397], [0.255985729192356, 0.2294749101923436, 0.3088411000407517, 0.20569826047454864], [0.3102796699088132, 0.3627812942420613, 0.12344497238526317, 0.2034940633638623], [0.2636261401937791, 0.3717971013917955, 0.16244221458191443, 0.20213454373251094], [0.2728655039991264, 0.4360762238066426, 0.09141658245603015, 0.1996416896382008], [0.26094086983645975, 0.42358194199506244, 0.11224866239167833, 0.20322852567679944], [0.5268329381415916, 0.17104743419367255, 0.10214878617695705, 0.1999708413877788], [0.5110949683015448, 0.16336662457119083, 0.1022448874071483, 0.2232935196201161], [0.4660600582473309, 0.1883159521535684, 0.1513345792340525, 0.19428941026504823], [0.5039920510736997, 0.17693109373058394, 0.10566212865619999, 0.2134147264395163], [0.5231225969166381, 0.16721203547805258, 0.1079737892346787, 0.20169157827063058], [0.5224933144484993, 0.16964023192706573, 0.10954060649239712, 0.1983258470320378]], "ideal": "A", "sampled": "D", "correct": false}}
{"type": "result", "data": {"idx": 3, "options": ["30\u00b0 to 150\u00b0.", "30\u00b0 to 180\u00b0.", "60\u00b0 to 120\u00b0.", "60\u00b0 to 180\u00b0."], "probs": [[0.27754954826741224, 0.286369157621288, 0.2095428729120238, 0.22653842109927597], [0.28586345908167365, 0.2858723699760667, 0.2158210724376388, 0.21244309840462086], [0.24215792117081442, 0.2618432044721067, 0.24220637974701195, 0.2537924945100669], [0.25464160006604086, 0.26686922508399963, 0.23926312442005546, 0.239226050329904], [0.2866216642364588, 0.2692635397234044, 0.23766325765949975, 0.20645153828063706], [0.26519203973717104, 0.29126647979882814, 0.2131297800664495, 0.23041170029755137], [0.29230105002874585, 0.2661525527523275, 0.2138922746595747, 0.22765412245935193], [0.3013637065586087, 0.27440321442721055, 0.2071606516630913, 0.21707242725108938], [0.2977480767517411, 0.26277183069771365, 0.2111780173077416, 0.22830207514280365], [0.2602123358617139, 0.2727084498238315, 0.24449833099331753, 0.22258088322113706], [0.31162554951250276, 0.2665577908057979, 0.20762979110876026, 0.21418686847293902], [0.2807824951246112, 0.26793346205555485, 0.2256596419832895, 0.22562440073654444], [0.2658606369423721, 0.25369353989906895, 0.23836373076169226, 0.24208209229686672], [0.2779395836620807, 0.26110785807877596, 0.22689316826439168, 0.23405938989475167], [0.28774238058643603, 0.28775307962033153, 0.20729534634805039, 0.21720919334518204], [0.2912861021678598, 0.2611145001056595, 0.23778560046602856, 0.20981379716045215], [0.28391917672292194, 0.2839272233505653, 0.22115601754629516, 0.21099758228021756], [0.2740396722304767, 0.27836279737328185, 0.2308059174071961, 0.2167916128890453], [0.2746662403864853, 0.2833951624493894, 0.23133720688720877, 0.21060139017691656], [0.3065124841178655, 0.27476716857687244, 0.19793780735950584, 0.2207825398457562], [0.2906238219876669, 0.27732501345148436, 0.2194170639133781, 0.21263410054747064], [0.3095709886965234, 0.2647993485424558, 0.20950507491206952, 0.21612458774895127], [0.29761865288591477, 0.2667931278261014, 0.22121308412108392, 0.21437513506689992], [0.2901086768315013, 0.2683158756508621, 0.22597677043593106, 0.21559867698170548]], "ideal": "A", "sampled": "D", "correct": false}}
{"type": "result", "data": {"idx": 4, "options": ["Data Box.", "Logical box.", "Decision box.", "State box."], "probs": [[0.3466992727573605, 0.19147843405892617, 0.2874814016454242, 0.17434089143828913], [0.29907800101081916, 0.19614701847917937, 0.3781365324835772, 0.12663844792642426], [0.47384861106902443, 0.28297099468262515, 0.10741569100736298, 0.13576470314098743], [0.3415788956899763, 0.311032409770493, 0.23117003988144702, 0.11621865455808364], [0.4173381159776959, 0.4306212479986368, 0.07721532017539315, 0.07482531574827414], [0.3177556182141199, 0.45519909185989643, 0.13457260122180273, 0.09247268860418092], [0.24540188147361425, 0.2234507269472167, 0.35712749826697043, 0.1740198932121986], [0.24146665270496745, 0.22684147613698566, 0.4044493972187696, 0.12724247383927728], [0.2995338156033541, 0.47128098153776166, 0.10035444351744112, 0.12883075924144308], [0.25557249781913877, 0.4347780644458868, 0.1870234608463184, 0.12262597678865599], [0.3035997287744546, 0.5412742140917511, 0.08301571381822277, 0.07211034321557143], [0.266557834510196, 0.49031446417330365, 0.1495586160059082, 0.09356908521059211], [0.6452007196913572, 0.15088347864305912, 0.08077335981554656, 0.12314244175003712], [0.49436832574359835, 0.1876545143160588, 0.20937583316353936, 0.10860132667680351], [0.654751632917475, 0.1484070944551958, 0.07944765355488097, 0.11739361897244828], [0.5019143223260598, 0.18179348109334714, 0.20603433249320577, 0.1102578639873873], [0.5374297579202522, 0.3311310757534041, 0.06521418787206028, 0.06622497835428343], [0.5429096140481082, 0.3242140363694757, 0.06385358327206823, 0.06902276621034786], [0.7577407641599595, 0.11989775745480914, 0.05404842845735488, 0.06831304982787643], [0.561103522721447, 0.16848260162576037, 0.16332240401065293, 0.10709147154213967], [0.7828862724630427, 0.10932084998379328, 0.04928064010008578, 0.05851223735307827], [0.6296196358539646, 0.142709099797587, 0.13408493303418015, 0.09358633121426817], [0.6293902208953469, 0.22443305774968475, 0.06739774144816724, 0.07877897980680114], [0.6502218536481559, 0.21111107814187544, 0.06339767858039709, 0.0752693895295716]], "ideal": "C", "sampled": "D", "correct": false}}
{"type": "result", "data": {"idx": 5, "options": ["same as that produced by one plate.", "double the field produced by one plate.", "dependent on coordinates of field points.", "zero."], "probs": [[0.4054506873810175, 0.31087476506046197, 0.11986181733249501, 0.16381273012602549], [0.4021847753826353, 0.31815984130837177, 0.1246027694979258, 0.15505261371106713], [0.3589885746470864, 0.2795821594663321, 0.17225998174971208, 0.18916928403686945], [0.28333504271661786, 0.2703698696091054, 0.18012165336543595, 0.26617343420884076], [0.30565520662506784, 0.29165824810243346, 0.22017629114309148, 0.1825102540294072], [0.35660876757486615, 0.2609063308900062, 0.15580990444622292, 0.2266749969889047], [0.5135832871405307, 0.25824784460322914, 0.09208783231983102, 0.1360810358364091], [0.5180904500304834, 0.2564749236062705, 0.10044395626571477, 0.12499066999753135], [0.37491199929112207, 0.2383071666465389, 0.22041982738585197, 0.16636100657648709], [0.44976202019738853, 0.20272831637086117, 0.13505798093056, 0.2124516824011903], [0.4641775488389277, 0.2523699700579997, 0.1483730822653217, 0.1350793987377509], [0.49667268266236, 0.21361940995558165, 0.10411842880709661, 0.1855894784749618], [0.21254134809458786, 0.39092482297459535, 0.20601788775106092, 0.1905159410797559], [0.16965777411890215, 0.34272806300991476, 0.20789249800037388, 0.2797216647708092], [0.19248713893830308, 0.32742587757258373, 0.2935297909961789, 0.18655719239293436], [0.18973208679250841, 0.36005564983975974, 0.19885912239262993, 0.2513531408751019], [0.14954991261282488, 0.20441204340291666, 0.3532322311966219, 0.29280581268763656], [0.16248828171058832, 0.22559264299997797, 0.34402403231995243, 0.26789504286948124], [0.21238737030364888, 0.43579367181510853, 0.19643810708715465, 0.15538085069408794], [0.2068124891135781, 0.43783045463103387, 0.16107823193069182, 0.19427882422469617], [0.2185286315837817, 0.4848344993826871, 0.1598890894474997, 0.13674777948603153], [0.1923279916803442, 0.49887289855312744, 0.12812744615231336, 0.180671663514215], [0.17821500928087547, 0.259301330729701, 0.30318390868278533, 0.2592997512066382], [0.18307890268937171, 0.27916238125099174, 0.28358212533114907, 0.25417659062848746]], "ideal": "D", "sampled": "B", "correct": false}}
{"type": "result", "data": {"idx": 6, "options": ["Low.", "Very low.", "High.", "Almost zero."], "probs": [[0.2661753217259509, 0.2172537828092943, 0.246191091924394, 0.2703798034403608], [0.2913812528876712, 0.20988211971875823, 0.24158334319485414, 0.25715328409871646], [0.2554663045309929, 0.25547679494815967, 0.2254669896893641, 0.26358991073148336], [0.2597507238128311, 0.24023807046395226, 0.2402496635673599, 0.2597615420558567], [0.28984954129610296, 0.23290878777177504, 0.2293099484594296, 0.24793172237269237], [0.2887906517929325, 0.24702451366769185, 0.2284715243490011, 0.23571331009037458], [0.2965907365803143, 0.26587336460454797, 0.21364615218749552, 0.22388974652764213], [0.3023408307974069, 0.23918166397829674, 0.2078141091881882, 0.2506633959361081], [0.22855771607368175, 0.2714278222987346, 0.2714442433791026, 0.22857021814848102], [0.22454865609171593, 0.2625354269262192, 0.22456929420027488, 0.28834662268179], [0.26236550042646817, 0.22094109496193848, 0.2623877627596308, 0.2543056417519625], [0.27816082702244227, 0.23061287285244278, 0.2532902808705169, 0.23793601915459803], [0.23079264620055612, 0.2574790004765255, 0.2418879758225797, 0.2698403774003386], [0.22271838287503287, 0.26039345233787425, 0.25239131980359836, 0.26449684488349445], [0.18539319930606854, 0.22363276777415314, 0.32539901134098, 0.26557502147879836], [0.2128841705636388, 0.21965013261327868, 0.25282518579965924, 0.31464051092342327], [0.21205914650403243, 0.25982929047815345, 0.27230910275564746, 0.2558024601621666], [0.22145225935592264, 0.25094696128997207, 0.2432355808004217, 0.2843651984536836], [0.33272399007670816, 0.24343511861653594, 0.19869857136265698, 0.2251423198440989], [0.3764454592289045, 0.2507758848465193, 0.18348362370162508, 0.18929503212295112], [0.3282327206894622, 0.20222358989674047, 0.22561060371479602, 0.2439330855990013], [0.32990699511586186, 0.22674847799136993, 0.2303320581931205, 0.2130124685996477], [0.3425201577356711, 0.2545464710501538, 0.20776561519707648, 0.19516775591709856], [0.2752928312461681, 0.2668315946715257, 0.21109213479320676, 0.24678343918909948]], "ideal": "C", "sampled": "D", "correct": false}}
{"type": "result", "data": {"idx": 7, "options": ["Amplitude stability", "Frequency stability", "Power stability", "Both A and B"], "probs": [[0.27537024223561796, 0.24688062253271822, 0.1241445177978149, 0.3536046173338489], [0.24305222563917456, 0.26696741180481015, 0.24692570792760254, 0.2430546545284127], [0.1348310600035978, 0.1135510090938209, 0.3963751910640352, 0.3552427397385461], [0.3253095094019835, 0.15129349761384986, 0.24945947893892675, 0.27393751394523985], [0.3767034411053655, 0.24322891232919272, 0.1620466708974916, 0.2180209755679501], [0.5864366030209464, 0.1964397044384867, 0.07341581254094656, 0.1437078798996203], [0.3674585089074009, 0.16565699124126537, 0.12701692253646807, 0.33986757721486566], [0.34490018051691435, 0.18463453098374422, 0.2370941568049874, 0.23337113159435405], [0.34811446585920913, 0.136342870226918, 0.16192138434700293, 0.35362127946686994], [0.45718504782359626, 0.14613474938217627, 0.19061363239610554, 0.20606657029812192], [0.5132392201279722, 0.2277632870375824, 0.09495878501654137, 0.164038707717904], [0.6317345954203398, 0.2019246026241482, 0.061593680190982394, 0.10474712166452961], [0.10912166372159172, 0.11617329542409001, 0.36924564284498085, 0.40545939790933744], [0.18812660310394014, 0.17674608000102218, 0.32006742593224663, 0.31505989086279107], [0.18517209863557563, 0.2034002125566485, 0.1941021262526442, 0.4173255624551317], [0.19399168796399915, 0.282275702295154, 0.2823040443033195, 0.24142856533752732], [0.3061446431655298, 0.2701883178791414, 0.14923337989944266, 0.2744336589558861], [0.20018332001452613, 0.23404504451526958, 0.30056680434518623, 0.265204831025018], [0.31598261466416855, 0.22060676245579564, 0.16655412562841773, 0.2968564971516181], [0.4264699943375289, 0.18632154720116723, 0.12032007038343975, 0.2668883879778641], [0.4118481102724724, 0.19456080180132282, 0.13585159586059312, 0.25773949196561163], [0.48126083360756283, 0.17161290685221917, 0.11257038999613818, 0.23455586944407983], [0.3875327158361019, 0.18595554105170548, 0.13396690492186536, 0.2925448380903273], [0.32848365579912886, 0.19925015563388648, 0.17315349755135892, 0.2991126909156257]], "ideal": "D", "sampled": "D", "correct": true}}
{"type": "result", "data": {"idx": 8, "options": ["1.5 KV.", "15 KV.", "33 KV.", "66 KV."], "probs": [[0.2913144994393218, 0.33531130838119744, 0.19107500352699616, 0.1822991885524846], [0.30284185568233174, 0.3326158671917834, 0.18370815440850882, 0.180834122617376], [0.32570923895666726, 0.31080077686178564, 0.19451691828882492, 0.16897306579272217], [0.3247122965514108, 0.3050473837235286, 0.19091830576780672, 0.17932201385725383], [0.33195845785583394, 0.2975731954765831, 0.19825108951205447, 0.17221725705552843], [0.32579618203665967, 0.29664721639993813, 0.1976370036756497, 0.1799195977877525], [0.291065688535288, 0.2956553951257541, 0.21633466753681801, 0.19694424870213986], [0.3042830345157661, 0.29957462548749275, 0.2027279911596708, 0.1934143487370703], [0.27642878063451287, 0.39598281987573153, 0.16252853980440213, 0.16505985958535346], [0.26001055983167737, 0.34989520530593277, 0.20572327117973224, 0.18437096358265764], [0.28516162719487853, 0.3661703546771594, 0.17571038448779716, 0.17295763354016494], [0.2674050291001863, 0.34336789927375017, 0.20829504415850508, 0.18093202736755845], [0.30441018935974146, 0.3291566669611792, 0.18466316161693255, 0.1817699819621468], [0.27736653134581774, 0.3345788568480499, 0.20615501131238864, 0.18189960039374373], [0.3501182704884332, 0.32891665866165326, 0.15297896580233036, 0.16798610494758315], [0.2844686592672509, 0.33258731160972516, 0.20493145895730921, 0.1780125700657147], [0.2987584978413294, 0.3603845428945484, 0.17842661800905113, 0.16243034115507105], [0.2747791491108281, 0.3583905803319222, 0.19488028270680824, 0.1719499877504414], [0.3059688003343981, 0.32571510447925883, 0.18561378672692092, 0.1827023083594221], [0.2849491749434082, 0.3228997789626345, 0.20527880770064566, 0.18687223829331168], [0.32450128081923113, 0.3735136146993489, 0.1462894550756771, 0.15569564930574287], [0.2754609584532889, 0.3765251040082154, 0.18353216348243262, 0.16448177395606312], [0.3013235032257118, 0.3809234201527188, 0.16385577617437216, 0.15389730034719723], [0.27563204126438706, 0.37091521747060385, 0.18364525508629995, 0.1698074860787091]], "ideal": "A", "sampled": "C", "correct": false}}
{"type": "result", "data": {"idx": 9, "options": ["1MHz to 500 MHz", "100 KHz to 500 MHz", "1 KHz to 1 MHz", "1MHz to 100 GHz"], "probs": [[0.3756308499254038, 0.23145667861387195, 0.1720632586893744, 0.22084921267134985], [0.4463118180033272, 0.26240984041355603, 0.11648140463365877, 0.17479693684945805], [0.37839896610764473, 0.21564213081951605, 0.16539919867647324, 0.24055970429636597], [0.45389288934145, 0.2507066278977845, 0.11482950359450844, 0.18057097906625708], [0.34868496270604177, 0.23230205714630087, 0.1867144097733353, 0.23229857027432207], [0.416812079602162, 0.2450682000550475, 0.12520746512330796, 0.21291225511948259], [0.4357270701213878, 0.20585926444889172, 0.14603128375002963, 0.2123823815796909], [0.5083908731196038, 0.19602953217277436, 0.11709924833204101, 0.17848034627558074], [0.41298247610320854, 0.22811693630670019, 0.154424418625422, 0.2044761688646692], [0.5578334455640109, 0.21849020311637285, 0.08695336624751263, 0.1367229849721036], [0.3687355839289358, 0.22367445945928469, 0.1974689962168012, 0.21012096029497832], [0.44439668783584213, 0.23791358476310115, 0.11419894119704173, 0.20349078610401497], [0.371875293701935, 0.22914971533214062, 0.16255590839215325, 0.2364190824737711], [0.4235367287180946, 0.22674538669351008, 0.14646684467221116, 0.20325103981618414], [0.3159579493106275, 0.24230185555619557, 0.1917521271624683, 0.24998806787070862], [0.39251661296734014, 0.3010120689567915, 0.12952518461839513, 0.17694613335747322], [0.36910850355970054, 0.24210937679536057, 0.17175668732231927, 0.21702543222261964], [0.35592345990809526, 0.25243009262675414, 0.17907900416903547, 0.2125674431961151], [0.3663324742844169, 0.20875233785976638, 0.1731126314031191, 0.2518025563526976], [0.4142830360800715, 0.21495818978200093, 0.14549291538535114, 0.2252658586525764], [0.2876604625739296, 0.23116090434687464, 0.25001699847539005, 0.2311616345038057], [0.3285452469827518, 0.2724093482648928, 0.17321366386612103, 0.22583174078623436], [0.329649180140909, 0.2301629185446412, 0.20639844236694102, 0.23378945884750882], [0.34545788165452584, 0.21962000427434078, 0.18213875589933526, 0.2527833580717981]], "ideal": "A", "sampled": "B", "correct": false}}
{"type": "result", "data": {"idx": 10, "options": ["High resistance when forward or reverse biased", "Low resistance when forward biased, while high resistance when reverse bias", "High resistance when forward biased, while low resistance when reverse bias", "Low resistance when forward or reverse biased"], "probs": [[0.168015296203522, 0.2948918850457258, 0.26436408563699887, 0.27272873301375333], [0.1604438894892807, 0.27293929861646343, 0.3141927467597162, 0.2524240650345396], [0.1542825950741684, 0.2352654565556384, 0.326668610341408, 0.2837833379287852], [0.13870934313881048, 0.1837679783060378, 0.4340688327075792, 0.24345384574757256], [0.1689185426476901, 0.20377246454283446, 0.3308170883391975, 0.29649190437027795], [0.19626016327981044, 0.22591165522725318, 0.31370805755970815, 0.26412012383322825], [0.41428893906868175, 0.0790689795436602, 0.44109249416742247, 0.06554958712023556], [0.8771589568756055, 0.029551184233432063, 0.021286706338455554, 0.07200315245250687], [0.8107910509851094, 0.06975218445103663, 0.033998242494096706, 0.08545852196975728], [0.8079441640431969, 0.07060175782863486, 0.03495453865595079, 0.08649953937221742], [0.7728765778858688, 0.050189376994181426, 0.0339626304911975, 0.14297141452875223], [0.5627823085066528, 0.12363330734153954, 0.1799078799569958, 0.13367650409481185], [0.4208337726892472, 0.1150536330682266, 0.3435392132585311, 0.1205733808839951], [0.6681673824789844, 0.07615190339005982, 0.0672089412983625, 0.1884717727325932], [0.7616167777481313, 0.09096823055706237, 0.044339069146832846, 0.10307592244797346], [0.74530879562466, 0.09625409299497865, 0.047654310859297, 0.11078280042106435], [0.8024148226421234, 0.05292876007199051, 0.03261139065365063, 0.11204502653223551], [0.46236173002807607, 0.12640802749335345, 0.30806208112828004, 0.10316816125029045], [0.25579376169539514, 0.16516374788258745, 0.3497288681095781, 0.2293136222124393], [0.18086694591221866, 0.1523164121763732, 0.40771022985015787, 0.2591064119612503], [0.27251347896711814, 0.28118550774623446, 0.19028264282231083, 0.2560183703643365], [0.20113204725746078, 0.23151673954049878, 0.2836914911902715, 0.28365972191176897], [0.2395555001125242, 0.3076153488929022, 0.20176478329562464, 0.25106436759894896], [0.28038003620115465, 0.28039922889648444, 0.16745017217734587, 0.27177056262501503]], "ideal": "B", "sampled": "B", "correct": true}}
{"type": "result", "data": {"idx": 11, "options": ["Zinc silicate.", "Calcium silicate.", "Zinc sulphide.", "Magnesium silicate."], "probs": [[0.38589122312544444, 0.2340578252728498, 0.20338724248480572, 0.17666370901690007], [0.46699074102793803, 0.2138137242691252, 0.14470393091757872, 0.17449160368535804], [0.32678723147049493, 0.4262358132989227, 0.09968910889851734, 0.14728784623206506], [0.3234771176461565, 0.42191712937812836, 0.10181337352886519, 0.15279237934684994], [0.47655703052753123, 0.21480946880843305, 0.13872255796960242, 0.16991094259443332], [0.3774295505120853, 0.23253211723225745, 0.211761701261112, 0.17827663089454526], [0.340393885620445, 0.23395367408646556, 0.23767763801473465, 0.1879748021783548], [0.42058997088667044, 0.22867985876061972, 0.1726519711842747, 0.1780781990684351], [0.36851375742276293, 0.3571927493871774, 0.1254078130982904, 0.14888567999176927], [0.3254110812815458, 0.3987241684991748, 0.11973951755756798, 0.1561252325617114], [0.38850142390116993, 0.2145571942544839, 0.19539777350266518, 0.20154360824168097], [0.31782020694623175, 0.21505079199976387, 0.25542421984692243, 0.2117047811070819], [0.6001397236550293, 0.18019683254503416, 0.08783926617580089, 0.13182417752413567], [0.5875859566421453, 0.18489270874684582, 0.09013102672776184, 0.13739030778324704], [0.5912380173863956, 0.17477214204432148, 0.09356688637418509, 0.14042295409509778], [0.5910626164851942, 0.17201119739985565, 0.09208992113005264, 0.1448362648848975], [0.5682471393970632, 0.18162153659434851, 0.10190561412745898, 0.14822570978112928], [0.5931175152219604, 0.1699310207895816, 0.0938659894729708, 0.1430854744154871], [0.4277909588888589, 0.25149334598768197, 0.14788260225438152, 0.17283309276907766], [0.31258769888768884, 0.2551266474728969, 0.23971775947445276, 0.19256789406496153], [0.4005878805626008, 0.23185139546681457, 0.17233739534774523, 0.19522332852283938], [0.32714421041233516, 0.23563480725964142, 0.23568317642959258, 0.20153780579843086], [0.35045468650639083, 0.39713158629157214, 0.10859436314858581, 0.14381936395345124], [0.30642717388723556, 0.43896107880193835, 0.1075938394350885, 0.14701790777573762]], "ideal": "D", "sampled": "C", "correct": false}}
{"type": "result", "data": {"idx": 12, "options": ["1", "2", "3", "4"], "probs": [[0.40964859181411956, 0.3449778166055107, 0.13511259167706433, 0.11026099980330542], [0.31949203251111297, 0.37943293509763176, 0.16578520338709693, 0.13528982890415828], [0.34909990686486936, 0.3602019872916299, 0.17557433376623552, 0.11512377197726523], [0.3058094175095347, 0.35754714478097605, 0.1944233832887115, 0.14222005432077775], [0.3279905719434709, 0.38952854930269304, 0.14786685120374377, 0.1346140274500923], [0.35239345711560993, 0.3693298774987751, 0.1424091522307351, 0.13586751305487985], [0.577974306481478, 0.23721530500926252, 0.09889987634102225, 0.08591051206823731], [0.5541484910131533, 0.24210278507059638, 0.10744953819444998, 0.09629918562180034], [0.522348463483074, 0.24675734338676988, 0.12803506849915938, 0.10285912453099674], [0.5599565213381406, 0.22625533054155064, 0.10523436413665875, 0.10855378388365007], [0.5430106560567207, 0.2447707969060953, 0.10694827217990784, 0.10527027475727618], [0.551916225142236, 0.23738930409592834, 0.10535715950397612, 0.10533731115785942], [0.5612574773371923, 0.188004522096158, 0.14193300795675814, 0.10880499250989148], [0.5692526697543235, 0.17912849782106116, 0.13952662049328762, 0.1120922118313277], [0.5460730912602693, 0.20406175113801944, 0.13176910872413777, 0.11809604877757346], [0.5668365105343832, 0.20211902845332796, 0.12454006262934264, 0.10650439828294614], [0.5541912068979035, 0.1945475252725458, 0.1276060732651566, 0.12365519446439416], [0.5359501082376105, 0.19717327660814285, 0.13553602588204117, 0.13134058917220548], [0.6124175004924668, 0.1700715685513724, 0.09691521429222938, 0.12059571656393141], [0.6316530233248462, 0.15240176375163242, 0.08960377501517243, 0.12634143780834894], [0.581768083510105, 0.2107139849292165, 0.09648387923857336, 0.11103405222210512], [0.5903656062002381, 0.2040353776023015, 0.09639165091717881, 0.10920736518028158], [0.5884908261756457, 0.18231649151658283, 0.10389458822479246, 0.12529809398297892], [0.5985985709887426, 0.17421011043438736, 0.09773529829707225, 0.1294560201797978]], "ideal": "D", "sampled": "D", "correct": true}}
{"type": "result", "data": {"idx": 13, "options": ["collecting of current", "reduce losses", "increase efficiency", "convert AC armature current in to DC"], "probs": [[0.39654147621004066, 0.24433843789041448, 0.16281637547772165, 0.19630371032182317], [0.11448496112438249, 0.15168949826239078, 0.44600896050126326, 0.2878165800119635], [0.3866690156470854, 0.1975061177638274, 0.18851113598415342, 0.2273137305049338], [0.10983498475224379, 0.1169281983029754, 0.45541534162538394, 0.31782147521939685], [0.19301740143960555, 0.34415377305329753, 0.2188163660326969, 0.2440124593744], [0.24687461939035943, 0.37649626833177463, 0.1751222084977947, 0.2015069036800712], [0.4128862145990371, 0.2882794823441558, 0.13201915119815374, 0.1668151517586533], [0.24298393723919037, 0.2178460657378742, 0.30731311437394704, 0.23185688254898837], [0.3258715964787648, 0.20079029202808593, 0.24226897184419788, 0.2310691395489514], [0.19051033256533006, 0.1681429147552194, 0.3849878906818686, 0.2563588618975819], [0.3389935594158198, 0.3135828468957733, 0.16020483254394752, 0.1872187610444593], [0.34264779598039874, 0.33215967312351746, 0.14742306093027774, 0.17776946986580608], [0.3117456091368541, 0.30694877640890067, 0.19515926843182801, 0.18614634592241716], [0.1750564478179531, 0.20151077809436976, 0.3765695206912149, 0.24686325329646222], [0.2666650155913153, 0.21097152247362908, 0.27956986841103, 0.24279359342402568], [0.15544617174501446, 0.16809210179555345, 0.4161383807243011, 0.260323345635131], [0.26079167487347954, 0.32971944386758006, 0.20637888944343585, 0.2031099917155045], [0.24837309489706594, 0.3395329466053006, 0.21251510398222415, 0.19957885441540932], [0.5498660679386677, 0.1703592947619825, 0.12467210459940407, 0.15510253259994575], [0.6475164407204447, 0.15142797294026494, 0.08495987317905543, 0.11609571306023493], [0.5082640344430948, 0.17843917436966028, 0.1456830414576854, 0.16761374962955958], [0.621938434526946, 0.1524291852932411, 0.10316228327512292, 0.12247009680469004], [0.5410680850958383, 0.14563921309503683, 0.14567439473713623, 0.16761830697198868], [0.6373237418291697, 0.1274840990139025, 0.1057094864866933, 0.12948267257023444]], "ideal": "D", "sampled": "D", "correct": true}}
{"type": "result", "data": {"idx": 14, "options": ["1 ohm of resistance", "ratio of 1 V to 1 C", "ratio of 1 C to 1 V", "none of these"], "probs": [[0.4522658985162339, 0.20705935819744298, 0.12366951532176645, 0.21700522786455667], [0.4871542896485231, 0.20951906468916046, 0.12128632130859351, 0.18204032425372296], [0.43077683444483733, 0.21324703095210976, 0.12538982926545325, 0.23058630523759963], [0.4439378049572074, 0.2267379293559304, 0.12922007371533586, 0.2001041918715263], [0.40680593803593845, 0.21773848127700174, 0.16440073164245186, 0.21105484894460796], [0.33110100520966984, 0.2205517771701765, 0.21719156527122882, 0.23115565224892487], [0.5030286686385806, 0.17935563468299118, 0.13543219381946472, 0.18218350275896342], [0.5771081877003317, 0.16277564783075257, 0.11190825043306125, 0.14820791393585447], [0.6053005275925524, 0.1734183527827189, 0.08194167666981735, 0.13933944285491143], [0.585827260399955, 0.18723686551175184, 0.10025252623026631, 0.1266833477580268], [0.5781433323277555, 0.190645313662062, 0.08730981852836338, 0.1439015353818191], [0.4827787783177432, 0.21090101413267504, 0.14959621498241396, 0.15672399246716784], [0.529920450844218, 0.15910491108637084, 0.12202901955175485, 0.18894561841765625], [0.5882531623048366, 0.14872624532606496, 0.10715733121595096, 0.1558632610531475], [0.6202030366099471, 0.15437432092000028, 0.08265471703938763, 0.14276792533066499], [0.5902549071783769, 0.17176479227438124, 0.104215719571836, 0.13376458087540585], [0.6032027927986323, 0.17281422734853003, 0.08294203505839826, 0.14104094469443942], [0.5049501732224451, 0.1977311700046691, 0.13594004713040245, 0.16137860954248334], [0.2242080684645071, 0.2834198134344546, 0.18590545375417106, 0.3064666642468672], [0.1895960029649682, 0.2591433304033813, 0.22873366558450944, 0.32252700094714104], [0.2450034061572789, 0.3620855944054321, 0.14406169305515495, 0.2488493062821341], [0.23863091706883396, 0.3365181932035606, 0.20416345886091028, 0.22068743076669514], [0.20583250546628531, 0.40300046214903734, 0.13501716262318794, 0.2561498696614894], [0.2215641041669368, 0.35963185010389986, 0.18661942241921053, 0.23218462320995278]], "ideal": "C", "sampled": "C", "correct": true}}
{"type": "result", "data": {"idx": 15, "options": ["3", "6", "8", "9"], "probs": [[0.47254549748127617, 0.2490235529736471, 0.16080794987250696, 0.11762299957256982], [0.48248417363392815, 0.23885548712698146, 0.15667223345142614, 0.12198810568766426], [0.5052401611165671, 0.23497005679977365, 0.14706057856477112, 0.11272920341888809], [0.5095158636408739, 0.22966145368809646, 0.15063787739720064, 0.11018480517382906], [0.5275182526955642, 0.21649668302097033, 0.14881936649907937, 0.10716569768438605], [0.5326310872655949, 0.21520541125159956, 0.14563692779194198, 0.10652657359086352], [0.629192448002047, 0.1382223018037774, 0.13609773902360076, 0.0964875110705749], [0.6556392418951372, 0.1271079087794937, 0.12712634151451532, 0.0901265077108537], [0.6054650644343933, 0.13723335034095668, 0.162991718984421, 0.094309866140229], [0.6006027370000881, 0.13401900030794164, 0.15428004927463226, 0.11109821331733792], [0.5991440966189975, 0.14011029793328922, 0.1716924743801587, 0.08905313096755459], [0.6033899052570143, 0.1367620050004005, 0.15499573598006722, 0.10485235366251792], [0.7024086733466165, 0.14496402743048983, 0.0674188379756205, 0.08520846114727318], [0.7230312796591222, 0.1358647937345807, 0.061243567381473026, 0.07986035912482406], [0.7462291343130232, 0.10584667639409047, 0.06420294386111243, 0.08372124533177386], [0.6962041879624846, 0.12289686982694967, 0.08060439014635871, 0.10029455196420697], [0.6925491431948472, 0.14071288179268668, 0.08402847929842615, 0.08270949561404001], [0.7066153952804358, 0.13072354116298293, 0.06997597440556477, 0.09268508905101651], [0.6709931892077594, 0.15691153148700462, 0.08941546614560197, 0.08267981305963393], [0.6829518827772828, 0.15003107822000647, 0.08286398833602505, 0.0841530505666857], [0.7155761514362203, 0.10804045481937441, 0.08682090562970285, 0.08956248801470244], [0.6758772134105007, 0.12309138475617688, 0.09738437830427982, 0.10364702342904264], [0.6697945990549905, 0.1258554122961249, 0.10935643733372162, 0.09499355121516297], [0.6847493051797856, 0.11899643390180809, 0.0912474468259163, 0.10500681399249004]], "ideal": "C", "sampled": "C", "correct": true}}
{"type": "result", "data": {"idx": 16, "options": ["First digit from left to right", "First digit from right to left", "Middle digit", "Mean of all digits"], "probs": [[0.5399504222933357, 0.13867886156425596, 0.11319321224163713, 0.20817750380077124], [0.512461691300782, 0.16900249306642817, 0.1358063884953121, 0.18272942703747772], [0.5653131435152883, 0.1671159366465603, 0.08403585599905748, 0.18353506373909398], [0.5221872925236174, 0.2013315856255425, 0.12212182580203494, 0.1543592959488051], [0.5791641343737706, 0.17390811052874858, 0.08609565154133357, 0.1608321034561473], [0.5319138406540738, 0.1896720911226184, 0.11870028608000686, 0.15971378204330094], [0.5708847087861778, 0.16876338546349318, 0.08893778240490019, 0.17141412324542882], [0.5482835809955346, 0.2081185594597849, 0.09831529182937537, 0.14528256761530503], [0.48960119178159506, 0.19782903952064684, 0.1238060435957008, 0.18876372500205735], [0.492927394863436, 0.208730769006438, 0.1306296120359562, 0.1677122239941698], [0.49117795359912086, 0.2047692418604353, 0.1342998613923578, 0.16975294304808602], [0.505157463739994, 0.19174957783460966, 0.12575974880865637, 0.1773332095167399], [0.4382036960757446, 0.20700761930019138, 0.14452435703475305, 0.21026432748931095], [0.4434233207597464, 0.2448973317898589, 0.14854759640464044, 0.16313175094575427], [0.3871898641191562, 0.2172083867279332, 0.1947204615517789, 0.20088128750113168], [0.4296652100301179, 0.23362146566122058, 0.16310614070946153, 0.17360718349920004], [0.42806825037490254, 0.2678976654738511, 0.13899230955641326, 0.1650417744948331], [0.4607731928845437, 0.25448149060920944, 0.12796908425051168, 0.1567762321557352], [0.6481142897494221, 0.129638992926382, 0.07987182170022449, 0.14237489552397137], [0.5949238316520744, 0.16521474101922526, 0.10502222533136077, 0.13483920189733958], [0.5960980608753953, 0.15072685366310273, 0.11378087762513743, 0.13939420773636457], [0.5802529540115438, 0.16367867831260338, 0.11607189648289906, 0.13999647109295385], [0.492603450523436, 0.24771428092114242, 0.1207327914554021, 0.13894947700001944], [0.5178701684154452, 0.23711479314598094, 0.11201106338531744, 0.13300397495325636]], "ideal": "A", "sampled": "D", "correct": false}}
