{"type": "result", "data": {"idx": 0, "options": ["It is hard not to verify in our peers the same weakened intelligence due to emotions that we observe in our everyday patients.", "The arrogance of our consciousness, which in general, belongs to the strongest defense mechanisms, blocks the unconscious complexes.", "Because of this, it is difficult to convince people of the unconscious, and in turn to teach them what their conscious knowledge contradicts.", "It is difficult to convince people of the unconscious, and in turn to teach them what their conscious knowledge contradicts."], "probs": [[0.14718423124342514, 0.17754100957789293, 0.24267359480784328, 0.43260116427083867], [0.14408766590630573, 0.173807512135262, 0.20965334530482324, 0.47245147655360903], [0.20885234135451006, 0.2599253240001157, 0.18146029791833976, 0.3497620366270345], [0.21459378939490711, 0.25088942796133706, 0.18071111083342864, 0.3538056717103272], [0.17494505642095154, 0.21435280142071103, 0.1777062564910566, 0.43299588556728086], [0.1920740300280029, 0.22107876992091857, 0.23904587616957979, 0.34780132378149875], [0.18035102157504418, 0.2108550698971755, 0.22097726493320333, 0.38781664349457695], [0.17205526910327104, 0.20754286026241606, 0.2011592029978579, 0.419242667536455], [0.2132142803924087, 0.23054215425676466, 0.27378161107057686, 0.2824619541802498], [0.2528671025976991, 0.22667208311675235, 0.15824469922390635, 0.36221611496164213], [0.1889821524274084, 0.21082801567121154, 0.28370480014697447, 0.3164850316544056], [0.22823300275210065, 0.21440824225164423, 0.19829746487847444, 0.35906129001778064], [0.24446429491924607, 0.20267327278817474, 0.11019315651591248, 0.4426692756766667], [0.24928237495313726, 0.2532113194212426, 0.18238471446597632, 0.3151215910596438], [0.22134196926872018, 0.189327109477237, 0.23562654936183303, 0.35370437179220976], [0.2781866275445577, 0.2200669413604891, 0.17139143260766085, 0.3303549983872924], [0.22894992739802134, 0.23621929475629583, 0.2986150890702881, 0.23621568867539475], [0.26852499635738086, 0.24070768828644248, 0.1816984360722269, 0.30906887918394976], [0.21324576336652212, 0.2099455736408116, 0.1253652628113683, 0.45144340008129796], [0.21102735712544882, 0.23542076697708494, 0.2317746166917563, 0.3217772591057099], [0.19918777349460393, 0.19919060471506173, 0.26804523059755947, 0.3335763910927749], [0.2270356186113898, 0.20672065633615902, 0.2200565999543134, 0.34618712499813775], [0.229660716187925, 0.24447448184914705, 0.28139391119357476, 0.2444708906693532], [0.2574040553103169, 0.2418122553313519, 0.1854067565999776, 0.3153769326583536]], "ideal": "D", "sampled": "C", "correct": false}}
{"type": "result", "data": {"idx": 1, "options": ["Tdc", "Tcd", "Tcc", "dTc"], "probs": [[0.26947495338606214, 0.2694744169442592, 0.23413257298512402, 0.22691805658455458], [0.2762345157655366, 0.27623383031210136, 0.21852747254950453, 0.22900418127285752], [0.25199280313085487, 0.2599907633398104, 0.2724790694655274, 0.2155373639638073], [0.2807178371543083, 0.29418860547929876, 0.22912392483786645, 0.19596963242852647], [0.26170835676283266, 0.23828763477468712, 0.2617180127155731, 0.2382859956469071], [0.27410987016797783, 0.23815077540877158, 0.24958999452479227, 0.2381493597984583], [0.24263379380807773, 0.26647930143436466, 0.2664906263163646, 0.224396278341193], [0.2702747502570855, 0.27453043235982644, 0.2276028028617349, 0.22759201442135316], [0.23161105809279806, 0.2543735205872793, 0.2750551700316986, 0.23896025118822403], [0.2747691653325317, 0.27909428710215695, 0.2387328218797376, 0.20740372558557374], [0.2123425625146142, 0.23321068384635768, 0.31383443985218007, 0.24061231368684804], [0.24849283322452842, 0.24084628757145138, 0.27722593726089045, 0.23343494184312974], [0.22842912714028604, 0.3171415077896894, 0.24317048849968015, 0.2112588764703444], [0.23170717857823792, 0.3588758599734292, 0.19512569320856255, 0.2142912681397703], [0.22877289225990027, 0.27595158073238196, 0.259243652749581, 0.23603187415813676], [0.22943439393626905, 0.303951194734243, 0.2223849975129605, 0.24422941371652748], [0.1875036181693981, 0.2192121562259903, 0.344885850739474, 0.2483983747651376], [0.21116712372624513, 0.2355726772970918, 0.30249598168542985, 0.2507642171912332], [0.22451072108022535, 0.3117008897857367, 0.24276251321875864, 0.22102587581527935], [0.22138834486669834, 0.3323432503913221, 0.22139691303515, 0.2248714916068295], [0.224053528524084, 0.27025851201903545, 0.2745255786721723, 0.2311623806847083], [0.234081945815578, 0.2823558235588191, 0.25311220444032256, 0.2304500260852803], [0.19436086380689027, 0.2344422777920335, 0.32550551444050113, 0.2456913438605751], [0.22060790984522455, 0.26197666317550194, 0.2788849216254556, 0.23853050525381794]], "ideal": "A", "sampled": "A", "correct": true}}
{"type": "result", "data": {"idx": 2, "options": ["Some large houses are bigger than some apartments.", "Some houses are bigger than all large apartments.", "Some large apartments are bigger than some houses.", "Some houses are bigger thatn some large apartments."], "probs": [[0.3770337402443553, 0.23594254252935373, 0.15474487839581855, 0.23227883873047236], [0.34966126601866976, 0.24031751213527872, 0.18426777695165839, 0.22575344479439316], [0.36966550897337086, 0.22073684959494336, 0.17462830503965013, 0.23496933629203565], [0.3880425815771244, 0.22811823061279107, 0.15926047446056898, 0.22457871324951556], [0.3562558431750786, 0.2127288931665677, 0.1937020632266089, 0.2373132003317448], [0.39268547292597195, 0.21018859741970075, 0.1662820428443566, 0.23084388670997072], [0.3799798431615555, 0.21991447774484307, 0.1660111521612818, 0.23409452683231965], [0.37054854627718464, 0.22126317022018324, 0.1834434419686933, 0.22474484143393877], [0.3946200428395247, 0.2248477108506336, 0.15214825128429313, 0.2283839949255486], [0.37105949940901783, 0.22860151399481202, 0.17528511136716793, 0.22505387512900218], [0.3822676639751836, 0.21780883555412528, 0.16441996618861496, 0.23550353418207617], [0.383668327536537, 0.21860691577085908, 0.16502295186921354, 0.23270180472339033], [0.3595458322336221, 0.23213999316963743, 0.17252247290856682, 0.23579170158817367], [0.3732668832604217, 0.23726242854234642, 0.1630762420088149, 0.226394446088417], [0.36381143870010885, 0.2348949049907707, 0.1589479767960503, 0.24234567941307017], [0.34189389171441453, 0.23497929376932483, 0.19179490778301211, 0.23133190663324849], [0.37760112978015203, 0.21853818510351866, 0.1675675734307282, 0.2362931115856011], [0.3503018915302927, 0.21921239791108504, 0.1934636533066882, 0.23702205715193408], [0.3713500554689462, 0.22523415422026266, 0.17818452681584285, 0.22523126339494828], [0.3787110930686642, 0.22613789955089414, 0.16545442742080688, 0.22969657985963482], [0.37018051188193635, 0.23530126755117853, 0.15922121464774414, 0.235297005819141], [0.3683186173070707, 0.23411823806805698, 0.16344940660749538, 0.23411373791737689], [0.39322794651712456, 0.2275824912434474, 0.15161000642482303, 0.227579555714605], [0.37805089350734566, 0.22929880020709636, 0.1704097240992844, 0.22224058208627356]], "ideal": "C", "sampled": "B", "correct": false}}
{"type": "result", "data": {"idx": 3, "options": ["Valid", "Invalid. Counterexample when G and H are true", "Invalid. Counterexample when G is true and H is false", "Invalid. Counterexample when H is true and G is false"], "probs": [[0.2180939018508255, 0.3274082839161575, 0.19550287721586232, 0.2589949369171547], [0.2209897190111423, 0.32154861089351955, 0.19502766428427684, 0.2624340057110613], [0.21339637893103305, 0.380433428832592, 0.1825320219056458, 0.22363817023072913], [0.28353415626635936, 0.3698090534918676, 0.17197621892021242, 0.17468057122156058], [0.2231781333461743, 0.3679710030187754, 0.18215717373456902, 0.22669368980048127], [0.2787700634732734, 0.3693209941214699, 0.1828262087941063, 0.16908273351115047], [0.3504166691896575, 0.2772086097196526, 0.15308955887875553, 0.21928516211193433], [0.33962925759094253, 0.27720301927531815, 0.16043351349964494, 0.22273420953409442], [0.3200990450121169, 0.2200055551312236, 0.20667554177813516, 0.2532198579785243], [0.3356853425167092, 0.19734412429743478, 0.14665287731611473, 0.3203176557697413], [0.3156090582410077, 0.22380537615548543, 0.20698560155391305, 0.2535999639495938], [0.33041990784738073, 0.20041490196414058, 0.16357288250398705, 0.3055923075844917], [0.4195119204624984, 0.27512914349560114, 0.12208794238073564, 0.18327099356116477], [0.4542645838840775, 0.30261267405030884, 0.10458018751408792, 0.1385425544515258], [0.36752481360112443, 0.2160618667404915, 0.17912099297404177, 0.2372923265843423], [0.37461165337323266, 0.20688537018105588, 0.1444282594519514, 0.27407471689376006], [0.3890011856463901, 0.22514126669826362, 0.22868690828001287, 0.15717063927533342], [0.3624774433296506, 0.2097914790773098, 0.15835776377273103, 0.26937331372030854], [0.4157117244824541, 0.27693020882027364, 0.12288716251087421, 0.18447090408639807], [0.4345025659698246, 0.30811560605908095, 0.12065991514266627, 0.13672191272842815], [0.35700944062477574, 0.21995238957589752, 0.18521785734231805, 0.23782031235700868], [0.35797714116637963, 0.21044903364315082, 0.16135578865119193, 0.2702180364392776], [0.3880406137328912, 0.2281222113179195, 0.2245857186267416, 0.15925145622244766], [0.35976268465628813, 0.211499268309451, 0.1571718226441846, 0.2715662242900762]], "ideal": "A", "sampled": "C", "correct": false}}
{"type": "result", "data": {"idx": 4, "options": ["If it's not the case that both Izzy plays Minecraft and Ashleigh stops by then Russell makes dinner.", "If it's both not the case that Izzy plays Minecraft and Ashleigh stops by then Russell makes dinner.", "Izzy playing Minecraft and Ashleigh stopping by entails that Russell makes dinner.", "Russell's making dinner is a sufficient condition for Izzy not playing Minecraft and Ashleigh stopping by."], "probs": [[0.24047107275492072, 0.2224005245224602, 0.25598906705236363, 0.28113933557025544], [0.24218239248629114, 0.21041275872291182, 0.24600418276121133, 0.3014006659295857], [0.2675704697635, 0.24362710478890168, 0.2083916545956308, 0.2804107707519675], [0.27021445049092135, 0.23476729844102856, 0.22055002540603266, 0.27446822556201744], [0.2619619784374228, 0.22059525043227318, 0.2206015238214156, 0.29684124720888844], [0.26921919386703513, 0.21973102119947122, 0.23759258145091122, 0.2734572033825824], [0.24130340329513594, 0.22317050887630585, 0.2489713765891649, 0.2865547111393933], [0.24402942089005486, 0.21201770095028993, 0.24025371968234008, 0.30369915837731515], [0.2648031233643339, 0.2449041863243138, 0.21278236265360012, 0.2775103275577522], [0.2670699695539131, 0.23940097149900166, 0.21798289144814065, 0.2755461673989446], [0.25715858891233806, 0.22342434031924077, 0.22343022627817488, 0.29598684439024625], [0.26718902983361414, 0.22499670421312418, 0.23214516387264825, 0.27566910198061345], [0.27347217229874843, 0.20642859664411053, 0.21974861111895927, 0.30035061983818173], [0.28914833927685374, 0.20185873511974245, 0.22874248707219824, 0.28025043843120556], [0.27157816288139625, 0.20499862728453097, 0.225153490878478, 0.2982697188555948], [0.2957214502909533, 0.20324656970991453, 0.22322926588297584, 0.2778027140161563], [0.2861884363491189, 0.21602738103927285, 0.21603375873588304, 0.28175042377572523], [0.2851879638921335, 0.22210535735808065, 0.211941349663124, 0.2807653289866618], [0.27147865697230095, 0.20174618363964986, 0.2286147211057024, 0.2981604381823468], [0.2859721396287768, 0.2092216697357982, 0.2484645024151143, 0.25634168812031066], [0.2678202808151175, 0.20534519277002708, 0.2326925351696615, 0.29414199114519385], [0.2850333366282859, 0.21181865122425206, 0.2476482426610481, 0.25549976938641394], [0.28543261541351267, 0.21211577091825093, 0.22580254748597384, 0.2766490660822626], [0.28573442354129724, 0.21908032054737833, 0.22253709202380126, 0.27264816378752316]], "ideal": "B", "sampled": "C", "correct": false}}
{"type": "result", "data": {"idx": 5, "options": ["Some houses are smaller than all apartments.", "Every house is bigger than every apartment.", "Some apartment is smaller than every house.", "Some houses are bigger than every apartment."], "probs": [[0.3661197532681006, 0.25961978014554504, 0.12653249878012915, 0.24772796770622524], [0.3311968644765563, 0.2500001713383486, 0.19470701529501844, 0.22409594879007666], [0.32247629758471097, 0.1986724883119275, 0.19868020711342513, 0.2801710068899364], [0.3503053083574552, 0.19650332042090068, 0.18460522040055236, 0.2685861507210917], [0.33858001181852454, 0.2363666233452265, 0.19596151743703813, 0.22909184729921084], [0.3484527028056932, 0.2432604093573799, 0.14526275448223086, 0.26302413325469604], [0.41270993290991415, 0.19495133182164592, 0.12587439449924362, 0.26646434066919633], [0.3392958348020618, 0.21566860813743355, 0.22252281507318564, 0.22251274188731898], [0.3616188871981351, 0.18760598263074402, 0.17351279178054868, 0.2772623382905722], [0.37085716807539587, 0.19850590231502122, 0.1835942213472646, 0.2470427081623183], [0.37563882953518063, 0.23877137474286195, 0.1541677633146746, 0.23142203230728284], [0.41443428191800485, 0.232478127547971, 0.12061245801965363, 0.2324751324143705], [0.3157267711320744, 0.223884592505564, 0.19452124211577052, 0.26586739414659105], [0.33615609499198196, 0.22045655217862112, 0.18564942200637916, 0.25773793072301776], [0.32314447528303214, 0.24014157770084726, 0.1729733697293093, 0.26374057718681126], [0.33187266191881176, 0.23533292901150657, 0.18617051283135422, 0.24662389613832747], [0.3293931284036597, 0.2263882078417711, 0.18768890759525084, 0.2565297560593183], [0.33161737523287244, 0.23150559567563536, 0.1980246097240129, 0.23885241926747933], [0.3737213424583477, 0.20963808026715075, 0.19694410849461774, 0.21969646867988377], [0.41624855991015736, 0.19357372818441612, 0.14162693916335042, 0.24855077264207606], [0.4171110440605378, 0.21639387507695415, 0.13971944809234987, 0.2267756326701582], [0.45198378635869285, 0.21350248473986527, 0.11076784297860402, 0.22374588582283783], [0.3734835552862921, 0.18779907468165347, 0.18202807821128764, 0.25668929172076677], [0.3706619441138585, 0.19532483814193602, 0.1984086632530168, 0.2356045543911887]], "ideal": "D", "sampled": "D", "correct": true}}
{"type": "result", "data": {"idx": 6, "options": ["Valid", "Invalid. Counterexample when K and L are true", "Invalid. Counterexample when K is true and L is false", "Invalid. Counterexample when L is true and K is false"], "probs": [[0.21407054148384277, 0.33679308511185885, 0.19491959778026205, 0.2542167755240363], [0.2187085631078606, 0.3335030724296715, 0.19605478934554887, 0.25173357501691906], [0.22139267621210604, 0.3707776665316783, 0.1864365637115962, 0.2213930934446194], [0.2812246889507201, 0.36679860698478656, 0.17599086282809465, 0.17598584113639867], [0.22420878706120492, 0.3696723878013964, 0.18880803881187633, 0.21731078622552233], [0.2874814483986474, 0.36914576976345725, 0.17437128201257066, 0.16900149972532466], [0.35287875459359025, 0.3065943763336071, 0.1425800493601443, 0.19794681961265834], [0.3556609643443118, 0.3042205183136072, 0.14370424615781194, 0.19641427108426904], [0.2876303620271131, 0.22401209328246574, 0.23845936424377961, 0.24989818034664155], [0.3063682524145766, 0.20092662568089892, 0.16657307245934014, 0.32613204934518436], [0.29640086268803983, 0.22726373236670774, 0.238170071707397, 0.2381653331378554], [0.30145632034245495, 0.20081866982470464, 0.17176831790686478, 0.3259566918259756], [0.41176911351723317, 0.3012646295488544, 0.11797714102459345, 0.168989115809319], [0.44100029234651106, 0.33813568989254456, 0.0984031049871185, 0.12246091267382585], [0.32309641376461673, 0.22556304783729408, 0.21862272729014987, 0.23271781100793928], [0.3222006511038109, 0.21463758921507003, 0.16979130847855273, 0.2933704511025663], [0.3283531171736716, 0.22567859434740423, 0.2808621060053519, 0.1651061823735723], [0.3178153789702213, 0.21171673183782394, 0.1810898848699789, 0.28937800422197585], [0.4215220322103071, 0.29891173692433276, 0.1170557237870586, 0.16251050697830155], [0.45711347115599554, 0.3344400499840913, 0.09287065197440132, 0.11557582678551183], [0.33348614967963564, 0.2256535060672861, 0.21871048861672335, 0.2221498555363549], [0.3247584402236429, 0.2129875570322672, 0.1711391657419727, 0.29111483690211715], [0.33265537020217756, 0.22509077189101936, 0.2801307439523946, 0.16212311385440842], [0.3208057582057582, 0.20713385937526746, 0.17995968459237086, 0.2921006977266035]], "ideal": "D", "sampled": "A", "correct": false}}
{"type": "result", "data": {"idx": 7, "options": ["The university increases financial aid.", "The university does not increase financial aid.", "The board of trustees prevents it.", "The president fails to approve it."], "probs": [[0.2610071301199259, 0.3148387968225353, 0.17117962239460993, 0.2529744505629289], [0.2565514704842395, 0.3398798653161412, 0.17359846569950185, 0.22997019840011743], [0.2015585333139583, 0.20155988931964702, 0.35375714825664645, 0.24312442900974823], [0.17956070867710855, 0.15600717298627237, 0.22001061169108965, 0.4444215065455294], [0.14858848076449813, 0.16066317498065505, 0.42996845285718116, 0.26077989129766566], [0.17196462534243934, 0.13392822043962452, 0.20422005042715968, 0.4898871036907765], [0.2742868486198759, 0.24974418800408482, 0.18852194494457075, 0.2874470183314686], [0.2945906861515898, 0.27245408699848767, 0.19624710373476315, 0.2367081230151594], [0.2798037016053449, 0.22837155245558216, 0.2248361028457188, 0.2669886429933541], [0.28962304753710816, 0.22206276322077212, 0.2555977663798175, 0.23271642276230223], [0.2661162316533048, 0.21383175251729786, 0.2539372145875671, 0.2661148011418303], [0.2700663329420479, 0.19758596407520645, 0.25370986401180884, 0.2786378388709368], [0.20385620907247917, 0.21032884165011395, 0.3157511494328749, 0.270063799744532], [0.1752006419007197, 0.1779622743514085, 0.23948090427038515, 0.40735617937748664], [0.3016395135679422, 0.3312900215969486, 0.15649435713092555, 0.21057610760418363], [0.31513197635533086, 0.3200967752656667, 0.18238946118867977, 0.18238178709032263], [0.17649666963242816, 0.21289862690227124, 0.17376807330301197, 0.4368366300622886], [0.2763100348527101, 0.2595698910563862, 0.25555274649546306, 0.2085673274954406], [0.1459543025029216, 0.18450371253897183, 0.409351694961011, 0.2601902898970956], [0.15036246996974237, 0.15273305089437772, 0.19611706451077293, 0.500787414525107], [0.2539435738343974, 0.3471025979366664, 0.19169256946133495, 0.20726125866760117], [0.25027709450969443, 0.32136418454520393, 0.20749215161238968, 0.22086656923271195], [0.10783346821655446, 0.1406439553108533, 0.19526866221910574, 0.5562539141534865], [0.20639076826892697, 0.20964147148420095, 0.33501467105376354, 0.24895308909310854]], "ideal": "B", "sampled": "B", "correct": true}}
{"type": "result", "data": {"idx": 8, "options": ["E \u2283 F", "F \u2283 G", "H \u2283 ~E", "~H"], "probs": [[0.2609635669019198, 0.21299216783873692, 0.2609717029361733, 0.26507256222317], [0.25060943139981656, 0.19824977512537453, 0.19215584085682488, 0.358984952517984], [0.30807516434800186, 0.25144458189244817, 0.17281975107878414, 0.26766050258076585], [0.30953623457720925, 0.25263728559602383, 0.19675888729695845, 0.24106759242980846], [0.293535870669583, 0.19861813193849576, 0.16466461629027856, 0.3431813810016427], [0.2852176086513935, 0.2152946783650406, 0.21869107053695339, 0.2807966423466125], [0.2677911559640473, 0.23632513336448643, 0.2363320326022213, 0.25955167796924494], [0.2673064728215287, 0.22864085092879483, 0.18661607521968432, 0.31743660092999215], [0.2760028797707691, 0.3329247782355696, 0.16225825006742556, 0.2288140918262357], [0.27113827252244765, 0.2977887899044751, 0.17235052070233722, 0.25872241677074], [0.269473560707848, 0.2304941335237242, 0.21317797042318176, 0.28685433524524606], [0.2489635050665619, 0.2231701181206384, 0.24131080557610643, 0.2865555711366933], [0.33857924751768004, 0.21187820169828106, 0.1599393981517175, 0.2896031525323214], [0.31984378454569296, 0.21982600300083702, 0.1909937623998072, 0.2693364499536628], [0.3236743058093008, 0.2259611588175159, 0.19028490140404886, 0.2600796338691344], [0.31079170567849307, 0.21029267026307313, 0.1914791046111898, 0.28743651934724396], [0.3134008049651504, 0.2087709605485046, 0.2055400013718105, 0.2722882330145345], [0.32377444729623633, 0.20261369039733562, 0.17881081463662374, 0.2948010475698043], [0.29836881157752393, 0.2018878608740144, 0.1454181820008772, 0.3543251454475845], [0.2922327052762654, 0.23117589491570428, 0.19774014639695625, 0.2788512533110741], [0.27589342406454587, 0.2148672076080033, 0.1866849539493342, 0.32255441427811665], [0.2571509999628706, 0.2098809268896231, 0.24157748394047965, 0.29139058910702664], [0.2904437097484387, 0.25631683298418256, 0.18462225242728764, 0.26861720474009115], [0.29701783807559173, 0.23866170286739863, 0.1719060067376547, 0.2924144522193549]], "ideal": "D", "sampled": "C", "correct": false}}
{"type": "result", "data": {"idx": 9, "options": ["L", "~L", "L \u2022 ~L", "L \u2228 ~L"], "probs": [[0.19847622818891905, 0.21798339674776124, 0.3122556321156317, 0.271284742847688], [0.21692725690628542, 0.2345544809679903, 0.2785478490528889, 0.2699704129728354], [0.2513192406552616, 0.34351513207136164, 0.17273332380017917, 0.23243230337319756], [0.27281228518178696, 0.3395221930260344, 0.20593412832150246, 0.18173139337067615], [0.2537238635423951, 0.38088840809959634, 0.1379509141597918, 0.22743681409821676], [0.2677607038527663, 0.4082901173205588, 0.14558265017136574, 0.17836652855530918], [0.16116028302069935, 0.22374862920124175, 0.35755826420971265, 0.2575328234683462], [0.1967214287107731, 0.2688868263426703, 0.28179677478246906, 0.25259497006408754], [0.18583381174136535, 0.39341211315035607, 0.18583847580481855, 0.23491559920346003], [0.2066772610737424, 0.4110288084785706, 0.19114963993231737, 0.19114429041536962], [0.21890003465460375, 0.3902340705407172, 0.15045130923903385, 0.2404145854656452], [0.2302227020033449, 0.4301162659691801, 0.13964064417873157, 0.2000203877487434], [0.2530251518540424, 0.3458467824663613, 0.15588824913993998, 0.24523981643965626], [0.2912366048516175, 0.34049090232288987, 0.19706467988510193, 0.17120781284039066], [0.23941237445500613, 0.3221664822425089, 0.18356830426908585, 0.25485283893339916], [0.2647575139734632, 0.35074767466852325, 0.19675499198853372, 0.1877398192694798], [0.2448608172585226, 0.5024269890731475, 0.11748858059632009, 0.13522361297200977], [0.2338688443030152, 0.5188677465059375, 0.10541595831698898, 0.1418474507740584], [0.3133123376661596, 0.3283501716367299, 0.13266777397850693, 0.22566971661860355], [0.3440385563041018, 0.33345444000767327, 0.1625155854812346, 0.15999141810699033], [0.28927765980699227, 0.29846133444626716, 0.16482912755618195, 0.2474318780905586], [0.3277473449379284, 0.3277482688099223, 0.15482011435867876, 0.18968427179347053], [0.2140276517049727, 0.4976297766178982, 0.17197951160202685, 0.11636305997510225], [0.22125874127829695, 0.4986160024708188, 0.15207217405598292, 0.12805308209490132]], "ideal": "D", "sampled": "D", "correct": true}}
{"type": "result", "data": {"idx": 10, "options": ["(\u2200x)[Kx \u2283 (\u2200y)(Py \u2283 Lxy)]", "(\u2200x)[Kx \u2283 (\u2200y)(Lxy \u2283 Py)]", "(\u2200x)(\u2200y)[(Kx \u2022 Py) \u2283 Lyx]", "(\u2200x)[(Kx \u2022 (\u2200y)(Py)) \u2283 Lxy]"], "probs": [[0.25231191889373483, 0.19345586288210156, 0.27712488584615486, 0.2771073322780087], [0.26875692603284723, 0.19972527025132875, 0.2409245371577618, 0.29059326645806227], [0.25293165819695984, 0.3099019275281163, 0.2032468498033715, 0.23391956437155242], [0.27580666128311204, 0.2673232217264593, 0.20179415936546954, 0.2550759575249591], [0.2726206603055068, 0.26013947693515815, 0.1903297240989192, 0.27691013856041585], [0.2977699725857622, 0.25469858210813867, 0.1806153410675912, 0.2669161041385079], [0.23670927119677748, 0.19623958185261953, 0.2946050333113646, 0.27244611353923837], [0.2575561923259375, 0.18843346270722924, 0.2575683218707866, 0.2964420229960466], [0.2375640570879837, 0.31472474333476896, 0.20641060171447398, 0.24130059776277332], [0.26131346429784436, 0.27385621852138586, 0.20352075688709972, 0.26130956019367013], [0.2682295957467072, 0.25997983631932187, 0.19934117197960466, 0.2724493958543663], [0.28754250069194043, 0.2537570671113014, 0.18858388626429748, 0.2701165458324607], [0.2869152042902132, 0.22697020388448866, 0.21658606179616438, 0.26952852992913373], [0.2830768356590414, 0.2421301011719508, 0.2170529682983683, 0.25774009477063947], [0.2913535621874315, 0.2377980720102833, 0.19714996804262527, 0.2736983976596599], [0.2892799843880344, 0.26754297607504757, 0.19574681537517785, 0.2474302240617402], [0.2784984707553838, 0.21022331712527895, 0.24965658781416092, 0.2616216242051763], [0.2733812927926387, 0.21291092036025494, 0.26087579128517646, 0.2528319954619299], [0.2786807244147655, 0.200728857529752, 0.22393790886269369, 0.2966525090927888], [0.2764654200465991, 0.22214867503431232, 0.22920981388794798, 0.2721760909311406], [0.28490794551229337, 0.2184494500671761, 0.21173662576157318, 0.2849059785589574], [0.2808719277101025, 0.2365211099149694, 0.21875555811124975, 0.26385140416367836], [0.2529228552051925, 0.24900431186438107, 0.24515379232238554, 0.2529190405080409], [0.25292282163402735, 0.25292520581971156, 0.2490150071871857, 0.24513696525907544]], "ideal": "A", "sampled": "C", "correct": false}}
{"type": "result", "data": {"idx": 11, "options": ["Logically equivalent", "Contradictory", "Neither logically equivalent nor contradictory, but consistent", "Inconsistent"], "probs": [[0.25212046501499485, 0.19635412095013693, 0.29940515753613006, 0.25212025639873814], [0.2532152495545961, 0.2034675597424357, 0.23787951112574499, 0.3054376794772232], [0.2833042782754161, 0.31115070445928883, 0.2138524236145211, 0.19169259355077395], [0.28477052275627046, 0.26751929917520295, 0.21162735238979974, 0.23608282557872684], [0.25071903687117125, 0.25072198730104334, 0.21445612287677357, 0.28410285285101183], [0.2610802546687304, 0.2693702778971743, 0.26937310911801177, 0.2001763582160835], [0.37978091832177835, 0.24520711598328415, 0.16852983830674015, 0.20648212728819731], [0.37203474166093903, 0.27218918772944517, 0.15031927150537686, 0.20545679900423894], [0.3428489165306292, 0.27548833857736815, 0.1923244389006563, 0.18933830589134634], [0.32088163013704074, 0.2384614014616357, 0.19462865299083615, 0.24602831531048738], [0.34998824816335006, 0.2331447625779987, 0.18733931981681862, 0.22952766934183258], [0.31471221698021246, 0.2096458461776584, 0.2266844741271406, 0.24895746261498852], [0.4104741574484037, 0.19389501501014542, 0.2163088800736853, 0.17932194736776558], [0.3855545164921592, 0.19692258241408903, 0.22666044193235732, 0.1908624590613944], [0.3574339480762416, 0.2101256541604042, 0.238107857225281, 0.1943325404380732], [0.34534759762346173, 0.1683105303934052, 0.233680029174562, 0.25266184270857106], [0.2986586823161212, 0.21511673396686581, 0.26772199275149894, 0.21850259086551407], [0.31813752173971377, 0.17846037179741264, 0.25563680742155975, 0.24776529894131386], [0.39511808749062427, 0.20180958507427094, 0.1596465110619162, 0.24342581627318854], [0.3969143451242643, 0.21919937939838827, 0.1934456887597552, 0.1904405866175922], [0.41452205176976603, 0.2052064090761972, 0.15489970146060714, 0.2253718375934296], [0.34157740122105656, 0.21375682731856124, 0.22754646701602382, 0.21711930434435836], [0.3839895426843031, 0.24408097562733294, 0.17580747602612043, 0.19612200556224357], [0.33620080849445766, 0.24597262210133564, 0.2007594883354338, 0.2170670809687729]], "ideal": "B", "sampled": "C", "correct": false}}
{"type": "result", "data": {"idx": 12, "options": ["E \u2283 F", "F \u2283 G", "G \u2283 E", "~~F"], "probs": [[0.3028571605379516, 0.24335344133327727, 0.2322154640919213, 0.22157393393684988], [0.3104833867691399, 0.24180593363591135, 0.19430127158900384, 0.2534094079059449], [0.3129844162444536, 0.2325911292973364, 0.22899085963435453, 0.2254335947238554], [0.3180919038647, 0.2255620542771866, 0.20861529122613814, 0.2477307505319753], [0.3218446181783328, 0.20457791060679345, 0.19828863748184974, 0.275288833633024], [0.31501517166049986, 0.20984673810658575, 0.19713731401882092, 0.2780007761140934], [0.3352734992277103, 0.24148943658009103, 0.20335992865674712, 0.21987713543545148], [0.32968317967808775, 0.23746330679868316, 0.18785328881272748, 0.24500022461050164], [0.30910929573798634, 0.22614957052965112, 0.2522948942484257, 0.21244623938393678], [0.28133738876561454, 0.22255735760362683, 0.20583664492207682, 0.2902686086086818], [0.29702571474064005, 0.21394044477499596, 0.23497347881490885, 0.25406036156945516], [0.30280599897473903, 0.2048900784314448, 0.18949664201917638, 0.3028072804746398], [0.31358347274456205, 0.25197214636584125, 0.2155289415957256, 0.21891543919387105], [0.3162926231393612, 0.2425110561161436, 0.1948673932019927, 0.2463289274425025], [0.3059978484801424, 0.23831167814732668, 0.24207083878480629, 0.21361963448772464], [0.29070151663633514, 0.2263996283185857, 0.19670383654774368, 0.2861950183973355], [0.2903452601841397, 0.21916491444198843, 0.22612739280964836, 0.2643624324642235], [0.30837473729707704, 0.21194374875011174, 0.18998958451620618, 0.2896919293366051], [0.299534602412487, 0.24068449021038807, 0.19954013224365272, 0.26024077503347215], [0.30511888403942433, 0.23762885869706335, 0.18798455313971496, 0.26926770402379735], [0.2824565641691502, 0.2415991317269394, 0.23054168085497348, 0.24540262314893696], [0.27218755265769773, 0.2328161974669278, 0.19605604717988068, 0.2989402025954938], [0.27596797302729026, 0.2323892459462989, 0.2323948636838173, 0.25924791724259355], [0.2857570860768578, 0.2260541401263281, 0.19335938411926656, 0.2948293895775475]], "ideal": "D", "sampled": "A", "correct": false}}
{"type": "result", "data": {"idx": 13, "options": ["Valid", "Invalid. Counterexample when E, F, and G are true", "Invalid. Counterexample when E and F are true and G is false", "Invalid. Counterexample when E, F, and G are false"], "probs": [[0.22765499011899892, 0.2923230186956411, 0.21386633492556859, 0.2661556561597914], [0.2543043158052724, 0.331682796271016, 0.2279610897676511, 0.1860517980560605], [0.20586816657707505, 0.34477388341594306, 0.21240646818530703, 0.23695148172167485], [0.24791643021011742, 0.3442074656142304, 0.20553348956436945, 0.20234261451128277], [0.2479753157833489, 0.3234279001968088, 0.22934376726287903, 0.19925301665696332], [0.2621666050986506, 0.3065114799736285, 0.21397855661031961, 0.2173433582174013], [0.30964185649885917, 0.26074840189879767, 0.20307221726963035, 0.2265375242327128], [0.34599771576643484, 0.29595186862441947, 0.19714769425286754, 0.16090272125627814], [0.27876841603757146, 0.20395496181661366, 0.29675316365443705, 0.22052345839137782], [0.2456249333020534, 0.1854117242122806, 0.18253593416975372, 0.38642740821591226], [0.289348529726455, 0.20200127948284974, 0.31286753802445183, 0.19578265266624342], [0.23885845001422612, 0.1803036358817464, 0.16162237764206153, 0.41921553636196596], [0.35480750997657173, 0.27632843210041963, 0.17292248427975304, 0.1959415735432556], [0.39930341238712863, 0.2876125616681937, 0.14921149832323427, 0.16387252752144332], [0.28013624485896976, 0.2049556133710999, 0.2715219435634019, 0.24338619810652834], [0.24621745552122637, 0.18297701400076008, 0.17734649078323425, 0.3934590395947793], [0.31667196275596154, 0.20129221375818457, 0.28386809996108553, 0.19816772342476838], [0.25338032461582527, 0.18538094778917702, 0.16879027828688903, 0.3924484492081087], [0.30143873982279895, 0.3014426737292365, 0.21712253338542356, 0.179996052962541], [0.3368624150416159, 0.2881383895585885, 0.18896704910295997, 0.18603214619683564], [0.2573178669952646, 0.21002046448841857, 0.30557921070411925, 0.22708245771219757], [0.22978125288414508, 0.1846382033164784, 0.16294200992876984, 0.4226385337706067], [0.2792939078949401, 0.21414594563810688, 0.3115817718443561, 0.19497837452259695], [0.23148439132389056, 0.1919116469456078, 0.18893503577801596, 0.3876689258524857]], "ideal": "C", "sampled": "A", "correct": false}}
{"type": "result", "data": {"idx": 14, "options": ["Valid", "Invalid. Counterexample when H, I, and J are false", "Invalid. Counterexample when H and I are true and J is false", "Invalid. Counterexample when I is true and H and J are false"], "probs": [[0.22736087574110483, 0.2965458752487065, 0.2102798544983479, 0.2658133944118407], [0.2189200785698112, 0.3039513780774003, 0.2089003740206021, 0.2682281692321864], [0.22194200253988178, 0.3384340258394314, 0.19586780050827496, 0.2437561710124119], [0.23048121765102325, 0.34064103692229253, 0.1910801615112747, 0.23779758381540952], [0.2159098354375544, 0.34503504116310874, 0.19054390204217106, 0.2485112212571658], [0.22326903708338353, 0.33517775935092836, 0.20014170406669796, 0.24141149939899018], [0.29653237150720874, 0.25763655474102704, 0.2038089991547206, 0.24202207449704358], [0.2950517446982332, 0.26448731823638705, 0.1996471822167311, 0.24081375474864866], [0.2609626391412519, 0.21299623268197238, 0.2609682717802665, 0.26507285629650923], [0.24674307175110588, 0.17497070392663025, 0.1384124925357643, 0.43987373168649957], [0.2648584921351008, 0.20952487614219867, 0.2607574242318412, 0.26485920739085933], [0.24220111963711105, 0.1744545250956603, 0.15156783162031837, 0.4317765235469102], [0.4184064615304213, 0.24597366175732988, 0.13797905217346296, 0.19764082443878586], [0.4107256706922103, 0.2530455513627937, 0.15110092903351963, 0.1851278488114764], [0.3219951976807462, 0.19530426219872993, 0.23192971035870624, 0.2507708296618176], [0.276423569347283, 0.17570924495326862, 0.14566729744307913, 0.40219988815636926], [0.3363347947261169, 0.20400132236824886, 0.2619431912637074, 0.19772069154192684], [0.27751735677081835, 0.17640476452746534, 0.14854671502257213, 0.3975311635791442], [0.4019961179982882, 0.25156765817530996, 0.1411171404551411, 0.2053190832712607], [0.3802229535066568, 0.26544304097364063, 0.1661109825140434, 0.18822302290565915], [0.3195660614777104, 0.19383087174650251, 0.23380466596516417, 0.25279840071062293], [0.2676806867308272, 0.1755529869419462, 0.15492413138944977, 0.40184219483777683], [0.32013145562981205, 0.20995162738178172, 0.2695838550891684, 0.20033306179923788], [0.2712954024892266, 0.17792390550270495, 0.14982596261531855, 0.4009547292927499]], "ideal": "D", "sampled": "A", "correct": false}}
{"type": "result", "data": {"idx": 15, "options": ["(\u2203x){Fx \u2022 (\u2200y)[Dy \u2283 (\u2203z)(Vz \u2022 Rxyz)]}", "(\u2203x){Fx \u2022 (\u2203y)[Vy \u2022 (\u2203z)(Dz \u2022 Rxyz)]}", "(\u2203x){Fx \u2022 (\u2203y)(\u2203z)[(Vy \u2022 Dz) \u2022 Rxzy]}", "(\u2200x){Fx \u2283 (\u2203y)[Vy . (\u2203z)(Dz \u2022 Rxyz)]}"], "probs": [[0.31052216421654755, 0.16883112236910866, 0.21012216491204097, 0.3105245484023028], [0.2983932792842018, 0.17541967330608932, 0.2183212488671373, 0.30786579844257156], [0.32146458271498135, 0.1831685237329654, 0.19806004453973436, 0.29730684891231884], [0.31591199257397545, 0.19463137660306662, 0.2275584590606132, 0.26189817166234475], [0.31216641792265576, 0.22484951874079617, 0.16973174853815437, 0.2932523146983937], [0.3208467316180483, 0.22751940445533006, 0.17720034452692396, 0.2744335192996977], [0.304897597255687, 0.2128578062781084, 0.18207477978808517, 0.3001698165781194], [0.3156851827782612, 0.2006653845109546, 0.20067304370780745, 0.28297638890297677], [0.2832269499479457, 0.16138063897780236, 0.2538989034697488, 0.30149350750450316], [0.3060264425877574, 0.17437183144607105, 0.26589770310981126, 0.25370402275636034], [0.3363780030811519, 0.231193136680951, 0.174520460133379, 0.25790840000451815], [0.3396970781208808, 0.240887309924444, 0.16299996507027775, 0.25641564678439743], [0.2816779697159772, 0.2299044647554467, 0.1790568136708736, 0.3093607517577025], [0.30802826008184814, 0.2117074790894123, 0.2084341707150573, 0.27183009001368225], [0.25611482521626266, 0.16796739886705866, 0.25215922280655645, 0.3237585530101222], [0.28372535106682706, 0.18318966029242628, 0.266551762792635, 0.26653322574811167], [0.3373469315040682, 0.26273043526945394, 0.16441975022220012, 0.2355028829042777], [0.3109383377401531, 0.2701538583411983, 0.16906461621812968, 0.24984318760051885], [0.26086666400009434, 0.21627017208946184, 0.1879047397215592, 0.33495842408888465], [0.2634180227167942, 0.21838489498077837, 0.21500780006594816, 0.3031892821364792], [0.25022815536910714, 0.21403529281106226, 0.2042399702356675, 0.3314965814841631], [0.2758016380539676, 0.20178446158354787, 0.2049692120221021, 0.3174446882403824], [0.26145157994551343, 0.23805826119361728, 0.23074301272537612, 0.26974714603549316], [0.2629442214702876, 0.20800898967093343, 0.23571415243175847, 0.2933326363270205]], "ideal": "B", "sampled": "D", "correct": false}}
{"type": "result", "data": {"idx": 16, "options": ["The university raises tuition.", "The governor approves of it.", "The board of trustees recommends it.", "None of the above"], "probs": [[0.2280541875150491, 0.17761084964915771, 0.246591351800082, 0.34774361093571116], [0.12606592475107292, 0.1723156422204317, 0.25466871259049995, 0.44694972033799546], [0.2358826731786086, 0.19863508935722815, 0.26729724206780553, 0.2981849952963577], [0.18280487850297586, 0.17173306175738223, 0.213727919064125, 0.43173414057551684], [0.14322193392340424, 0.19576405570230426, 0.33825663736825096, 0.3227573729060405], [0.15288497506043325, 0.18441729245725866, 0.3287649750380769, 0.3339327573442312], [0.22668338634240598, 0.22317137646912885, 0.24510882061924727, 0.30503641646921786], [0.16505866242959552, 0.2054227204541396, 0.2516920641317226, 0.37782655288454225], [0.1850962732518508, 0.1850980911934621, 0.31982638475598263, 0.30997925069870447], [0.19152289056284622, 0.17713239259342103, 0.23836048724769673, 0.392984229496036], [0.1472649043918615, 0.18327640814482088, 0.34780173064874315, 0.3216569567145745], [0.15484103222438753, 0.201952472454415, 0.37145212076258405, 0.2717543744586134], [0.26061839251025637, 0.24103518187131914, 0.23362368691050805, 0.26472273860791645], [0.21158268644040784, 0.2183039887057402, 0.19877084800662076, 0.3713424767472312], [0.25840232543752406, 0.270805903372086, 0.22804585776569433, 0.2427459133246956], [0.25147432086337185, 0.27619445321182146, 0.17832711337213616, 0.2940041124526705], [0.21159968723921538, 0.18673848448637534, 0.3078841406343318, 0.2937776875400775], [0.18209748915706553, 0.18787907992275066, 0.41037287081033424, 0.2196505600098495], [0.18472406816793194, 0.3142316732757475, 0.21937212999570488, 0.2816721284606157], [0.20002089736876755, 0.2956164821033572, 0.22665995694903832, 0.2777026634788369], [0.1730556688450274, 0.36068395851474117, 0.2222132301767947, 0.2440471423634367], [0.18738675674074862, 0.31875927202968873, 0.2295963534362899, 0.2642576176932727], [0.15008413790155653, 0.3954245447717063, 0.21837648747167737, 0.2361148297550598], [0.1662364303899468, 0.3306042849686943, 0.25747811791706227, 0.24568116662429662]], "ideal": "D", "sampled": "C", "correct": false}}
