{"type": "result", "data": {"idx": 0, "options": ["a force that works through matter", "essentially a philosophical notion", "merely a property of a certain kind of matter", "a supernatural phenomenon"], "probs": [[0.06847494349968182, 0.06332952019421463, 0.7362150823413887, 0.13198045386471494], [0.16966471706365335, 0.08531941045412357, 0.06340168652055762, 0.6816141858616654], [0.06589810242691926, 0.8680592370255208, 0.023497567346877045, 0.042545093100682926], [0.05215527858816736, 0.8550211752158886, 0.027917785288452557, 0.0649057608074915], [0.20183399153588058, 0.1168203630552297, 0.10636394343204073, 0.5749817018768489], [0.01657069712557838, 0.014853892574195211, 0.93349788960577, 0.0350775205944565], [0.07008165642526704, 0.060888592958962144, 0.7534934842945756, 0.11553626622119517], [0.12574801494613366, 0.09345758078714762, 0.06837136584326657, 0.7124230383234521], [0.0607572886512703, 0.8257482297115767, 0.0488216444449969, 0.06467283709215614], [0.0230427541261428, 0.8250918599374717, 0.0330077617858236, 0.11885762405056186], [0.017773791739889633, 0.017498209642212458, 0.9116702229986803, 0.05305777551921756], [0.009491517340162412, 0.007626649098080426, 0.9531877173068635, 0.029694116154893636], [0.8626346715814713, 0.07777195538953001, 0.02228174391585907, 0.03731162901313953], [0.8389610285672807, 0.07217418603364, 0.024174811991535695, 0.06468997330754359], [0.7731526493253031, 0.11856976895338732, 0.048661503935954545, 0.059616077685355], [0.7600094846615806, 0.0643676781384534, 0.02122558162006179, 0.15439725547990427], [0.2991225928030526, 0.19312750715686275, 0.4284958711286287, 0.07925402881145593], [0.7640840805513226, 0.08180479596283205, 0.021339615441553057, 0.13277150794429227], [0.04038290325521586, 0.8500702232142197, 0.030483993823855544, 0.0790628796067089], [0.04699090990303072, 0.06128903265065705, 0.8200718973520758, 0.07164815999423649], [0.016623633538061622, 0.017695813099992647, 0.9076635544918741, 0.05801699877007159], [0.011574647157554744, 0.010056217808811347, 0.9340022770779769, 0.04436685785565703], [0.048822404037284016, 0.892890345413691, 0.022006788031424706, 0.0362804624176003], [0.01916470125501714, 0.9527332780238527, 0.010099278460785052, 0.018002742160345142]], "ideal": "C", "sampled": "C", "correct": true}}
{"type": "result", "data": {"idx": 1, "options": ["In ancient Rome, religious worship was decentralized and tended to vary with one's social position.", "In ancient Rome, religious worship was the source of much social tension and turmoil.", "In ancient Rome, religious worship was homogeneous and highly centralized.", "In ancient Rome, religious worship was revolutionized by the introduction of Christianity."], "probs": [[0.30857148763431924, 0.30861505862964567, 0.24800330397986886, 0.1348101496561662], [0.3432295424365358, 0.30770284851403146, 0.23228878472773293, 0.11677882422169981], [0.3217570435417247, 0.35900842604908806, 0.16959516449670048, 0.14963936581248674], [0.3493817798351812, 0.34943327824902937, 0.18415375326451539, 0.11703118855127402], [0.3856619201187579, 0.34038637860220716, 0.16851707680044875, 0.1054346243785862], [0.32796530886978353, 0.3384223185690963, 0.2254591569352686, 0.10815321552585153], [0.2981304459393563, 0.3653271116250405, 0.2216019729690238, 0.11494046936657941], [0.30089340797673325, 0.4113229565612649, 0.1854110249446575, 0.10237261041734438], [0.2536363639225697, 0.30598205780876647, 0.3108346210233665, 0.12954695714529726], [0.20463112874872216, 0.297772577441581, 0.31700625067740834, 0.18059004303228848], [0.3200123786601646, 0.3406876794397009, 0.22696583615336222, 0.1123341056467723], [0.25087310739900315, 0.31225873620999245, 0.2671146571168818, 0.1697534991741226], [0.2645480891119921, 0.3972003102322537, 0.19664309623892984, 0.14160850431682434], [0.27558803350264643, 0.4010361402748618, 0.20484553122822255, 0.11853029489426925], [0.23431265351813368, 0.36867520209440385, 0.26557147500243455, 0.13144066928502793], [0.2326501985361921, 0.3492942646006852, 0.2678416589277868, 0.15021387783533596], [0.2506537045789306, 0.3822555995255072, 0.24682389767890942, 0.12026679811665278], [0.24780396745403183, 0.36627980517241554, 0.24023627874480966, 0.14567994852874294], [0.22831419448229676, 0.468521154901042, 0.1953194021285867, 0.10784524838807451], [0.23608781126106657, 0.42092218835002626, 0.239852425443057, 0.10313757484585019], [0.2504445332286551, 0.38793386649925443, 0.2504895049281077, 0.11113209524398283], [0.19808779345485314, 0.3476929871505293, 0.2794059383235677, 0.17481328097104984], [0.2129619260692776, 0.32476270756135905, 0.3351105201571958, 0.12716484611216755], [0.18807806352996667, 0.3406013300763904, 0.3053422913446005, 0.1659783149490424]], "ideal": "A", "sampled": "A", "correct": true}}
{"type": "result", "data": {"idx": 2, "options": ["Many were accomplished scientists, who added important pieces to human understanding of the universe.", "They utilized new methods of communicating their ideas, such as salons and inexpensive printed pamphlets.", "Most rejected religion altogether and adopted atheism as the only credo of a rational man.", "Many believed that the new scientific discoveries justified a more tolerant and objective approach to social and cultural issues."], "probs": [[0.06352995962144745, 0.043683218883020035, 0.08159444328336976, 0.8111923781121627], [0.13545153831898363, 0.1739634994397916, 0.5530015147222185, 0.1375834474190063], [0.09312124965695773, 0.0620568124317226, 0.1881616497519943, 0.6566602880593254], [0.1415705424873683, 0.1708036264845879, 0.5345515767561769, 0.15307425417186685], [0.19823684547957093, 0.4908459301231975, 0.20144277058603188, 0.10947445371119968], [0.20572667434919983, 0.4711008211827299, 0.19034445851164367, 0.13282804585642663], [0.07284324820175139, 0.05331594819064065, 0.10275216249215399, 0.7710886410154539], [0.11963361646779232, 0.15852045702246534, 0.5984226314439954, 0.12342329496574693], [0.10229896676784754, 0.08753086560438808, 0.35164764257991776, 0.4585225249478466], [0.09866337550684168, 0.12474487068556676, 0.6538077640908398, 0.12278398961675176], [0.20946630521309362, 0.4722405005185358, 0.21620745632561444, 0.10208573784275615], [0.20499379357108014, 0.4843241788405521, 0.19568715372306447, 0.11499487376530325], [0.11259966668106898, 0.09338877001257767, 0.19462137687415593, 0.5993901863321974], [0.17183602366624587, 0.22770228168184278, 0.43902741186482547, 0.16143428268708584], [0.10224295042337828, 0.07966061977471346, 0.26528872045042334, 0.5528077092514849], [0.1033904968578393, 0.1391584980599452, 0.6046461282171314, 0.1528048767650841], [0.20929600365572357, 0.4035797419427385, 0.2410039634019504, 0.14612029089958753], [0.21029609753019846, 0.424964285226351, 0.2310603146181955, 0.13367930252525503], [0.5373369614939081, 0.19773929408418509, 0.16395879278804773, 0.10096495153385905], [0.5159617258078121, 0.20211740589048158, 0.15743183184449483, 0.12448903635721145], [0.503926202487436, 0.20688050366715552, 0.1883985939910783, 0.1007946997543302], [0.5451052675690273, 0.19442712016788039, 0.15143570166227135, 0.10903191050082091], [0.40730384237169237, 0.2113692469510423, 0.2590243046380929, 0.12230260593917242], [0.5177731033144137, 0.1935374034793272, 0.1818365197112336, 0.10685297339502546]], "ideal": "D", "sampled": "D", "correct": true}}
{"type": "result", "data": {"idx": 3, "options": ["The duke, as a member of the French nobility, is sympathetic to King Louis.", "The duke, as a member of the French nobility, is biased against the king because of his suppression of the nobility.", "The duke, as a member of the French nobility, supported the extension of the administrative, financial, military, and religious control of the central state over the French population.", "The duke, as a member of the French nobility, supported King Louis's preservation of the aristocracy's social position and legal privileges, while he removed their power."], "probs": [[0.204458740266698, 0.3069617702212668, 0.27093430947136105, 0.21764517994067412], [0.20777480921380617, 0.2796094500622522, 0.33210311326351044, 0.18051262736043117], [0.20011662839363403, 0.3351794332755945, 0.2414523917844417, 0.22325154644632972], [0.2159349736961113, 0.3142086518359591, 0.3093928350289295, 0.1604635393390001], [0.2221878385973662, 0.32839841625978033, 0.2680693348398758, 0.18134441020297765], [0.22178667613354802, 0.31772248847421636, 0.30322389618844814, 0.15726693910378747], [0.20375789396278127, 0.32563411700994654, 0.2700124342467717, 0.2005955546805005], [0.19492365089634794, 0.2792290615296717, 0.3642571785239015, 0.16159010895007883], [0.20594697881744703, 0.3449326701872427, 0.26451211770940974, 0.18460823318590047], [0.22118530176519968, 0.3168542541162799, 0.31691201101447947, 0.14504843300404097], [0.21782487304081513, 0.3705650214396143, 0.25471976017312475, 0.15689034524644585], [0.22511507903940017, 0.365434383794397, 0.24730623134444038, 0.1621443057217624], [0.2127214669968553, 0.29536563155081624, 0.2689772546022374, 0.2229356467500911], [0.2229486621081999, 0.29079762964909894, 0.3400454324157366, 0.14620827572696454], [0.22950940515814122, 0.2683537682131923, 0.27262345766152996, 0.22951336886713652], [0.2306498621270358, 0.2870670599511353, 0.3356795062635362, 0.14660357155829268], [0.24618824924398372, 0.3754277098739695, 0.24242975899074015, 0.1359542817913066], [0.25016408410657953, 0.3998018383639052, 0.21402566985059318, 0.13600840757892202], [0.29585145684213043, 0.3199179660905142, 0.23777544423201818, 0.1464551327353371], [0.29097498327489596, 0.3349360625091852, 0.24894393229808257, 0.1251450218178363], [0.30023552174930374, 0.30025662179229445, 0.24129711140978688, 0.15821074494861492], [0.30621106584520325, 0.32598755797538315, 0.22761061918780287, 0.14019075689161076], [0.29976796654195076, 0.3616249805085092, 0.2193702128404024, 0.11923684000913762], [0.29660309242033533, 0.36344317681263877, 0.21037834017492615, 0.12957539049209976]], "ideal": "B", "sampled": "D", "correct": false}}
{"type": "result", "data": {"idx": 4, "options": ["that the lyrics from the popular song Deutschland \u00fcber alles (which eventually became the German national anthem) were the reason Germany started the war", "that the lyrics from the popular song Deutschland \u00fcber alles (which eventually became the German national anthem) were evidence of Germany's aggressive attitude", "that the reason Germany lost the war was that it was betrayed from within", "that Germany provided the ultimate framework for modern warfare"], "probs": [[0.27256145121124575, 0.35551270507540883, 0.15291528051421352, 0.2190105630991319], [0.26585671699155244, 0.3868463096655939, 0.15877402063769858, 0.18852295260515506], [0.22276987465135592, 0.23714955502089963, 0.3241681206523279, 0.21591244957541653], [0.24376169207879655, 0.27623641899798257, 0.24001716432581002, 0.23998472449741087], [0.19640020704690828, 0.2369129351684726, 0.39064001381305624, 0.17604684387156286], [0.24613764535874086, 0.262029479266616, 0.21724481750008473, 0.2745880577745584], [0.31177389154037577, 0.24664553629903874, 0.17490754759190483, 0.2666730244686807], [0.3309597818651544, 0.27870882800603064, 0.17996002046275691, 0.21037136956605806], [0.3008143350302518, 0.24939591061655048, 0.20040647982152662, 0.24938327443167108], [0.3644236732483169, 0.2883016254703476, 0.18042937457036834, 0.16684532661096713], [0.3288690794506978, 0.2813078802737602, 0.19948952195272998, 0.190333518222812], [0.39223436686152957, 0.27815280190764297, 0.16353083142584898, 0.1660819997049785], [0.22580287867625504, 0.21213298492096894, 0.2810502475688554, 0.28101388873392064], [0.26139565520665786, 0.24176842741430796, 0.2271384677916581, 0.2696974494873761], [0.3005059748738302, 0.2491404339165824, 0.18515621675655053, 0.26519737435303686], [0.3268614757756583, 0.3119144783887454, 0.1749819096000139, 0.1862421361355824], [0.2699998141555116, 0.27427060635345013, 0.16378476456187893, 0.2919448148291593], [0.3300347131139982, 0.28675560431261654, 0.17667700785556897, 0.20653267461781627], [0.2021076322341945, 0.20853296852409042, 0.36034409818968277, 0.22901530095203232], [0.2521040960267181, 0.22249690523017998, 0.22601423481784425, 0.29938476382525764], [0.2898968116664547, 0.28098931487090884, 0.1961741567031941, 0.23293971665944235], [0.32298774967783267, 0.32300899873464284, 0.17563094982078983, 0.17837230166673465], [0.24053541125450806, 0.2600985362939118, 0.17058785038880195, 0.32877820196277824], [0.2926092830785349, 0.28809166810289005, 0.19494464082391605, 0.22435440789465902]], "ideal": "B", "sampled": "B", "correct": true}}
{"type": "result", "data": {"idx": 5, "options": ["the Russian interest in French culture", "the spirit of camaraderie amongst the miners", "the sense of continual class struggle", "the need for noblesse oblige"], "probs": [[0.1593256497625736, 0.19525342013949148, 0.4910361771667004, 0.15438475283123448], [0.21850174337673062, 0.1990224689191865, 0.19290704735813105, 0.38956874024595184], [0.25222003833245366, 0.32904983053865455, 0.21922804739708948, 0.19950208363180233], [0.23120848832202534, 0.35820227857822395, 0.22771704194652762, 0.18287219105322308], [0.24762128305216297, 0.2021817444252402, 0.17843239434172187, 0.37176457808087493], [0.147688405911584, 0.1781896528153694, 0.48452658178321983, 0.18959535938982675], [0.1442621052120905, 0.16869577763777824, 0.49596622581290645, 0.1910758912372248], [0.22798097131356665, 0.19813966749117237, 0.19204702971445314, 0.38183233138080785], [0.20404483406029417, 0.4320656382654406, 0.19475629884711662, 0.16913322872714862], [0.19715275162204626, 0.3684215898208194, 0.20032312272457445, 0.23410253573255987], [0.216875483092628, 0.20381154450031386, 0.16122533330723696, 0.41808763899982115], [0.16711774964800463, 0.1924035159277295, 0.40111405848765797, 0.23936467583660784], [0.40800055797784274, 0.25141344578930086, 0.17831985812193193, 0.16226613801092446], [0.42208709679663664, 0.25208413222766163, 0.1844750615103088, 0.14135370936539296], [0.42551805676950294, 0.2621996417021385, 0.17198747954883647, 0.14029482187952208], [0.36233625352240584, 0.24522498612969085, 0.17944515017033985, 0.21299361007756343], [0.4320353140388434, 0.2620918970414599, 0.18017006871775929, 0.1257027201019374], [0.3887765167082471, 0.23585902503544393, 0.16728356728197555, 0.20808089087433343], [0.2684000690251399, 0.20266382092201896, 0.17886087030081174, 0.35007523965202936], [0.13184849916570157, 0.14943194387848943, 0.5467968582560198, 0.17192269859978923], [0.23568375757488774, 0.20483748917971326, 0.1522194616675069, 0.4072592914778921], [0.1699255482649251, 0.19259186948065676, 0.4479478201394876, 0.18953476201493055], [0.262407336542701, 0.40021479722155634, 0.20126827359076715, 0.13610959254497554], [0.2715660156738102, 0.3175824724229598, 0.1926554676394688, 0.2181960441637612]], "ideal": "C", "sampled": "C", "correct": true}}
{"type": "result", "data": {"idx": 6, "options": ["the size of landed estates", "the number of estates owned by an individual", "the monetary value of goods", "the amount of gold held"], "probs": [[0.07529700194350179, 0.08270139677673413, 0.7605926194335508, 0.08140898174621328], [0.13539753068957805, 0.09453562394142546, 0.09306998290300902, 0.6769968623659874], [0.13791972859912802, 0.7573674948227394, 0.05317776625982372, 0.05153501021830891], [0.16263939378036107, 0.6955580684757631, 0.05198798681280192, 0.08981455083107392], [0.11002449526246105, 0.06994616135335621, 0.0912244082713633, 0.7288049350128194], [0.03548031432125988, 0.041481913677251396, 0.8203816718675001, 0.1026561000339886], [0.11380464479644666, 0.11560358734736235, 0.6550010550111396, 0.11559071274505138], [0.14626198534161722, 0.11939014382194715, 0.09897895319052316, 0.6353689175459125], [0.23295431285461382, 0.5416700001262861, 0.08842929801521698, 0.1369463889038831], [0.27585214990268664, 0.46199471786456825, 0.0868112240677216, 0.17534190806502345], [0.13214901987710748, 0.09226639155420119, 0.20152733317115268, 0.5740572552975387], [0.050284314895608244, 0.05269961431095509, 0.7744988798320654, 0.12251719086137118], [0.6485038463603975, 0.14930582311475274, 0.06836250608485107, 0.1338278243399987], [0.5189944791874166, 0.12522274998230704, 0.06915942911651972, 0.2866233416137567], [0.6214251974775179, 0.1621213965971757, 0.07779266510589339, 0.13866074071941303], [0.6514026594784931, 0.13869995032391194, 0.05517568127828067, 0.15472170881931427], [0.5129606898914841, 0.11269283860077141, 0.07745665421290097, 0.2968898171948435], [0.581378115239227, 0.13385024964626313, 0.07747162305843132, 0.20730001195607858], [0.119428218288908, 0.10377501772628854, 0.15098893753411172, 0.6258078263506918], [0.032174386800015886, 0.038811177878920876, 0.8299194759027618, 0.09909495931830144], [0.1420987737662187, 0.18247771805123758, 0.21670161831302906, 0.4587218897695146], [0.08256488545516691, 0.11827681252507877, 0.6101708047870099, 0.18898749713274446], [0.10371949986312463, 0.5186017386961719, 0.0680291608517013, 0.30964960048900214], [0.11067526288733133, 0.6077576414876859, 0.09033986382042669, 0.1912272317045561]], "ideal": "C", "sampled": "C", "correct": true}}
{"type": "result", "data": {"idx": 7, "options": ["De las Casas was exaggerating to support the start of African slavery.", "Columbus was biased in favor of himself in his writings.", "Columbus's men were nicer to the natives than were later expeditions.", "De las Casas wanted the Spanish to leave the Americas."], "probs": [[0.28157838756638726, 0.28159725243617567, 0.23716438950961868, 0.19965997038781844], [0.2758897881811607, 0.2802575272079818, 0.25125626101449294, 0.19259642349636452], [0.2726801335538935, 0.2684724032610403, 0.2562133371573773, 0.20263412592768887], [0.2800233280371746, 0.26722022091994097, 0.2510645910529189, 0.2016918598899655], [0.27947568474186635, 0.2709003944289926, 0.25452121710435627, 0.1951027036247847], [0.2838229834749594, 0.2666464447708512, 0.25446465608913177, 0.19506591556505762], [0.2891988542148013, 0.27169749947744115, 0.25528047247004193, 0.18382317373771564], [0.2852420082547338, 0.26383100529839815, 0.2517927438837472, 0.19913424246312086], [0.2855479418945867, 0.2682681679457379, 0.24051141736486487, 0.20567247269481057], [0.28143496157201, 0.27279815888055564, 0.25234124813957604, 0.1934256313078583], [0.2879166688606316, 0.27475882392635603, 0.2425103259592234, 0.19481418115378896], [0.29143072849142637, 0.2824832670488132, 0.2493310160984653, 0.17675498826129515], [0.26628626977440806, 0.2704972487713951, 0.26221607695675797, 0.20100040439743885], [0.2709705965861553, 0.26265190463706484, 0.2586186075775327, 0.20775889109924717], [0.2676905731245001, 0.2762086432331061, 0.24762633809394458, 0.2084744454484492], [0.2615999501205166, 0.28733061884955347, 0.2536094410878297, 0.19745998984210028], [0.28022405919944504, 0.26741326251057806, 0.24734774598014092, 0.20501493220983594], [0.2703175842491676, 0.27891799804759343, 0.2620563208794798, 0.18870809672375918], [0.2803949671644469, 0.2634277602256001, 0.2634662350232254, 0.19271103748672755], [0.2887334909368951, 0.2548255400052812, 0.26708877879955106, 0.18935219015827268], [0.28339868781116817, 0.2746993303024251, 0.25015041229607565, 0.19175156949033106], [0.2962794215299615, 0.27834769251103186, 0.2456785665004573, 0.17969431935854932], [0.2936080948177209, 0.26735171274623454, 0.24346044294395627, 0.1955797493920883], [0.282822285609965, 0.27413669755071574, 0.2575686641463563, 0.185472352592963]], "ideal": "B", "sampled": "B", "correct": true}}
{"type": "result", "data": {"idx": 8, "options": ["the spread of revolutionary ideas among the British working class in the eighteenth century", "the rise of the Luddite movement in Britain in the eighteenth century", "the replacing of traditional laborers by machines in the industrialization of Britain in the eighteenth century", "an increase in the use of child labor in eighteenth-century Britain"], "probs": [[0.3508410155422322, 0.29551589486027996, 0.20965179798890726, 0.14399129150858062], [0.37843442523322696, 0.31382719146789806, 0.13714406097268614, 0.1705943222261888], [0.31658304206220045, 0.28831851909136247, 0.2545945086015158, 0.1405039301449213], [0.43282934374013526, 0.26261421644126487, 0.12409345619490394, 0.1804629835236959], [0.2624702492461926, 0.19510977258980888, 0.3070931182061471, 0.23532685985785137], [0.3003102630168971, 0.21636349605433644, 0.27364117719897596, 0.20968506362979047], [0.3891601628176531, 0.2633817634687635, 0.20202970788665667, 0.1454283657269267], [0.5539577396420852, 0.21031667996640338, 0.10414654372535236, 0.13157903656615907], [0.41768729682560185, 0.3410066067831448, 0.13569603859021304, 0.10561005770104025], [0.5480974316048888, 0.26719862219999524, 0.09093923865839418, 0.09376470743672186], [0.41269968800737683, 0.20758781762973003, 0.17215121560243307, 0.20756127866046006], [0.35083564066848605, 0.23012962249214025, 0.2608969729610563, 0.1581377637783174], [0.40813476755415207, 0.24756645217073392, 0.2255340417740871, 0.11876473840102689], [0.6809769855375308, 0.1427749118565378, 0.06851622594062745, 0.10773187656530386], [0.5380043742414771, 0.2541977947309721, 0.11284280062786226, 0.09495503029968853], [0.6092958540500244, 0.21731238388797677, 0.07996464639049787, 0.09342711557150091], [0.5834672233077342, 0.1546408923321961, 0.09986889734353942, 0.16202298691653036], [0.4544373885665104, 0.19548427149141834, 0.21148278447309632, 0.13859555536897497], [0.19130493698591253, 0.24190126357043726, 0.3359953164718326, 0.23079848287181762], [0.1969164402014857, 0.26505010527552764, 0.30047394926899157, 0.23755950515399507], [0.21093213323225068, 0.37618403885083834, 0.21777453824336368, 0.19510928957354728], [0.20900773377093532, 0.3612555753449277, 0.2643943647956394, 0.16534232598849766], [0.1605601007086501, 0.4947443748287272, 0.16835473491249384, 0.17634078945012888], [0.19986154433828618, 0.41669998314087797, 0.2301992979593716, 0.15323917446146423]], "ideal": "C", "sampled": "C", "correct": true}}
{"type": "result", "data": {"idx": 9, "options": ["Pride in the mastery of the military arts", "Chivalry", "Civic pride", "Patronage of the arts"], "probs": [[0.04153752793077187, 0.03782161816282424, 0.40664929400904776, 0.5139915597973561], [0.010090440538886813, 0.01336695723111332, 0.9372590805507636, 0.039283521579236286], [0.05212463589745, 0.13311241414570052, 0.07237450760665877, 0.7423884422501906], [0.05035530271441179, 0.10014176851630009, 0.7878132852321837, 0.061689643437104404], [0.03422603988123988, 0.8292098300771152, 0.07834875261806161, 0.0582153773235833], [0.08374530169735805, 0.690336473481649, 0.1718513090571047, 0.054066915663888306], [0.060854094697447035, 0.05287307066981921, 0.38464715900807533, 0.5016256755246584], [0.015881459419881606, 0.019155550239388835, 0.9231275376477956, 0.04183545259293388], [0.061260730780534615, 0.10585297130446845, 0.050790247836572634, 0.7820960499784243], [0.10275896637604232, 0.20436280963761425, 0.6295750736560671, 0.06330315023027629], [0.11254782386611879, 0.6180144821524901, 0.07498035188117003, 0.19445734200022105], [0.1777927888587601, 0.5391766468580063, 0.21448730089968815, 0.06854326328354546], [0.24764599272585017, 0.05975035666449932, 0.09851699468278674, 0.5940866558268637], [0.10081155553553699, 0.06611119437921889, 0.7807829960532415, 0.05229425393200257], [0.1223643683560206, 0.03398168730450538, 0.04572772097941763, 0.7979262232600564], [0.11631823520112987, 0.06627541039123618, 0.7468623279559676, 0.07054402635166629], [0.5311106808904212, 0.3885922699366726, 0.05426527188141218, 0.026031777191494007], [0.5065245759936985, 0.42656738674089734, 0.04567267864377325, 0.021235358521630904], [0.8238693812506185, 0.08031075031035553, 0.04232571819591048, 0.05349415014311552], [0.7215927408454792, 0.11779785943058184, 0.1273855192900159, 0.03322388033392305], [0.7484801755979157, 0.07183066513983839, 0.03905838224078005, 0.14063077692146592], [0.6846396154433729, 0.1266503224619223, 0.13911693379634232, 0.04959312819836241], [0.8083913981731337, 0.1259268382507315, 0.04088752374305383, 0.02479423973308099], [0.7993436142259643, 0.1389125531080711, 0.037981192023224884, 0.023762640542739633]], "ideal": "C", "sampled": "D", "correct": false}}
{"type": "result", "data": {"idx": 10, "options": ["Utopian socialism", "Social conservatism", "Romanticism", "Social Darwinism"], "probs": [[0.009603845133488716, 0.020333681632289963, 0.020651897798125145, 0.9494105753360962], [0.006173345923719533, 0.018141495644984462, 0.9601692268836693, 0.015515931447626674], [0.007572960389876063, 0.014372440588990594, 0.016801397009055915, 0.9612532019120774], [0.0056089538379731265, 0.01700595671731931, 0.9581165830305636, 0.019268506314143934], [0.012670612268220095, 0.9604628317699812, 0.016526215176942857, 0.010340340684855889], [0.0068070876856593365, 0.9791602228155467, 0.008211119378753188, 0.005821570020040702], [0.013069389946561887, 0.04706958882524355, 0.023666364221006257, 0.9161946569071883], [0.009448319567000176, 0.037363752301431324, 0.9341059817843412, 0.019081946247227245], [0.013796656127967604, 0.026183306573629873, 0.07939540233466393, 0.8806246348637385], [0.0055105275555004905, 0.017238306666230458, 0.9561320223464814, 0.02111914333178755], [0.010303526923827015, 0.9720066007743585, 0.011141143530589396, 0.006548728671225032], [0.004713238071240763, 0.9864399506749568, 0.005176583656421653, 0.0036702274973807107], [0.006876303975132502, 0.018988319762065966, 0.015496214164668632, 0.9586391619981329], [0.007452992689806767, 0.028565909510759734, 0.9461068464723327, 0.017874251227100815], [0.021241432650263913, 0.044274632969563396, 0.14977327585073985, 0.7847106584294329], [0.0066069582940436865, 0.022347623324015426, 0.9503790072818392, 0.020666411000101713], [0.010871582744461795, 0.9634679030666982, 0.016067462160079243, 0.009593051928760827], [0.009886297423948868, 0.9622566725904573, 0.016300020783347878, 0.011557009102245889], [0.7230772038628347, 0.1976857242123107, 0.0484464928251444, 0.03079057899971021], [0.791009015502294, 0.16324066992302655, 0.028813932640627087, 0.01693638183405235], [0.701078529297671, 0.2008678623021882, 0.06031441414722668, 0.037739194152914074], [0.7878702414194749, 0.15758805239541834, 0.029610582189458483, 0.024931123895648187], [0.7460260597452864, 0.17174977656786425, 0.04622737449249569, 0.035996789094353734], [0.7270584620509587, 0.17269721432504262, 0.04505196535451245, 0.05519235816948625]], "ideal": "D", "sampled": "D", "correct": true}}
{"type": "result", "data": {"idx": 11, "options": ["Establish control of European states by democracy in the tradition of the Enlightenment.", "Suppress all voices in government other than his own and control all aspects of his citizens' lives.", "Suppress all nationalist revolutions across the continent.", "Suppress all speech but that of monarchs and the churches that they approve of."], "probs": [[0.08392254574959233, 0.25450549475186734, 0.23538627604970394, 0.4261856833488364], [0.11153447959304547, 0.3382501404617775, 0.23248324488708855, 0.3177321349580885], [0.07448741348908051, 0.42201614840482626, 0.22239475114537074, 0.28110168686072246], [0.08090278867133613, 0.5034250841572407, 0.2304911120224973, 0.1851810150489258], [0.09127074615148065, 0.5252671915552345, 0.1902448712135577, 0.1932171909797271], [0.07985185323905691, 0.5630501079905279, 0.1563564734408804, 0.20074156522953476], [0.09133094752406343, 0.08991760960628074, 0.40300489368740944, 0.41574654908224634], [0.1481405540598475, 0.15525760217716228, 0.4635491508839648, 0.23305269277902538], [0.0844289766327418, 0.1392077259285019, 0.10184707125923327, 0.674516226079523], [0.27916518335246227, 0.39371942929984954, 0.18891969122311522, 0.13819569602457296], [0.17541458678236066, 0.18969158261036628, 0.1727185644716587, 0.4621752660356143], [0.2524962424979437, 0.24474564192231804, 0.33456021543971903, 0.1681979000400192], [0.1304200310937285, 0.11331392992367585, 0.40175769327672634, 0.3545083456058693], [0.16281105333710225, 0.14824610726176246, 0.5015559717279396, 0.1873868675731957], [0.16358473164063703, 0.1661709621604079, 0.12543606196120421, 0.5448082441377509], [0.4455255666439746, 0.24994075668603785, 0.1665142401954505, 0.138019436374537], [0.3435253900996658, 0.22886118972579417, 0.12443647158202327, 0.30317694849251675], [0.39553624976995366, 0.25540477415458535, 0.19892655607449386, 0.15013241990096715], [0.1456299275014206, 0.11887015401128345, 0.33339264985565303, 0.4021072685316429], [0.15337574942081927, 0.12133596767744234, 0.3796529216917462, 0.3456353611099922], [0.14695865133363648, 0.15403287340699398, 0.16142505646261202, 0.5375834186967575], [0.25101285796318384, 0.22502429445781696, 0.3431630381127303, 0.18079980936626885], [0.23959723888632078, 0.24722833192175947, 0.13028308359622237, 0.38289134549569737], [0.2569716091333377, 0.37981532718087857, 0.20976699334223953, 0.15344607024354415]], "ideal": "C", "sampled": "C", "correct": true}}
{"type": "result", "data": {"idx": 12, "options": ["the International Workingman's Association", "Pierre-Joseph Proudhon", "the Congress of Vienna", "the Paris Commune"], "probs": [[0.3961469772526568, 0.2810074137459652, 0.1962424490038804, 0.12660315989749762], [0.39889323113009095, 0.27425443714715647, 0.20709290789838605, 0.11975942372436649], [0.33866524692963446, 0.244009479855932, 0.25984296200061174, 0.15748231111382177], [0.29775650193564285, 0.23564428790967454, 0.2713292023664347, 0.19527000768824787], [0.38679338074024994, 0.2743754427512607, 0.21713225864879948, 0.12169891775968984], [0.35534624653423685, 0.268351244824311, 0.20581465037427618, 0.17048785816717596], [0.4006628453429646, 0.27981907543452444, 0.1954133241489817, 0.12410475497352931], [0.40065191684575474, 0.2797959550859363, 0.2047806458261215, 0.11477148214218746], [0.35854774175652987, 0.2543347439759738, 0.23531157915457, 0.15180593501292636], [0.3506552733423205, 0.25662536573639383, 0.24882843710207123, 0.14389092371921444], [0.4157482056220749, 0.2727492431073634, 0.19962435810041673, 0.11187819307014497], [0.4358651903143877, 0.2686228433830422, 0.18182600897352072, 0.11368595722904933], [0.29279036125664876, 0.26253424116323826, 0.2752338740525181, 0.1694415234275949], [0.26035795777032733, 0.25244800382330806, 0.2906758914899376, 0.19651814681642696], [0.30466260338732387, 0.2606662070887614, 0.26904504111967437, 0.16562614830424033], [0.3066539627012639, 0.266492563467233, 0.27506630380384844, 0.15178716992765462], [0.27306890891844593, 0.2526561059200847, 0.2776020508369669, 0.19667293422450252], [0.30722625667243403, 0.2711979029265987, 0.2671100973617608, 0.1544657429392065], [0.37717954333633763, 0.28038917506867983, 0.22189401420774824, 0.12053726728723425], [0.322706004268264, 0.2849205051101285, 0.2085113165017675, 0.18386217401983998], [0.39600562750309165, 0.28531634592156263, 0.21211315531313352, 0.1065648711622122], [0.4054677870592728, 0.2967406058224512, 0.18868066874670156, 0.10911093827157445], [0.2981962979616768, 0.24347758329593713, 0.27172668145998935, 0.18659943718239672], [0.3452569297394149, 0.256639961226548, 0.2607865670179793, 0.13731654191605785]], "ideal": "C", "sampled": "B", "correct": false}}
{"type": "result", "data": {"idx": 13, "options": ["Laissez-faire capitalism", "Mercantilism", "Industrialization", "Bullionism"], "probs": [[0.20397148720412975, 0.21719637187340926, 0.5049720330780619, 0.07386010774439909], [0.48124573817336663, 0.22739244148124593, 0.1143247963997839, 0.17703702384560355], [0.38762810585844776, 0.45335743055351624, 0.09957240480632638, 0.05944205868170961], [0.3895931228993416, 0.5082842092144177, 0.05975841335444696, 0.04236425443179361], [0.36449688933893226, 0.21102842604282024, 0.18913233359260986, 0.23534235092563763], [0.15313585215121878, 0.16824475054432905, 0.5871939702280818, 0.09142542697637034], [0.1705224739078144, 0.33398734032691524, 0.4221599290318298, 0.07333025663344053], [0.24086439014292602, 0.5100633691509879, 0.08863035918744072, 0.16044188141864532], [0.219100761069384, 0.5958002472184707, 0.12883447879561946, 0.05626451281652588], [0.16120659053511546, 0.7341129292426464, 0.052349042922224615, 0.0523314372000135], [0.13858868593346058, 0.21137338014436152, 0.5070750267915, 0.14296290703067788], [0.08774902500462459, 0.12186969289324129, 0.7012741429563586, 0.08910713904577551], [0.6218547919353506, 0.2288631158312782, 0.08961034821683536, 0.05967174391653581], [0.7154009954445771, 0.19565680807402158, 0.051032007382684534, 0.03791018899871671], [0.4608021292225264, 0.21104445658293566, 0.26676824189349185, 0.06138517220104613], [0.7102741425682605, 0.13145526535717963, 0.07605899577923954, 0.08221159619532037], [0.49096747130534, 0.19844366164509616, 0.24310783496062127, 0.06748103198894254], [0.6456235579639206, 0.14190254776942313, 0.10708461833367897, 0.10538927583297732], [0.2146112226654008, 0.4203350653674302, 0.15704745840733791, 0.20800625345983106], [0.14816243006902596, 0.33400787163940354, 0.42218034047808717, 0.0956493577134833], [0.14431976640687216, 0.2573388073985019, 0.4242799832563495, 0.1740614428382764], [0.09236945806411864, 0.154741570251306, 0.6514632070231029, 0.10142576456147244], [0.18111494991376115, 0.6225957552136346, 0.1264676955126878, 0.06982159925991643], [0.16725762804561636, 0.67220469776947, 0.07902667258495549, 0.08151100149995809]], "ideal": "B", "sampled": "C", "correct": false}}
{"type": "result", "data": {"idx": 14, "options": ["provoking fear to drive their readers to action", "attacking the extreme communists who threatened to sink the entire movement", "demonstrating the understanding of the others in point of fact", "explaining the reasons for debunking opponents of communism"], "probs": [[0.33370805280608795, 0.21213622705210156, 0.19016450925004985, 0.26399121079176063], [0.3264559257666039, 0.21748428368605333, 0.2209200295722106, 0.23513976087513216], [0.36119999401533665, 0.2058251885618024, 0.12880496295579788, 0.30416985436706306], [0.332151621652562, 0.2355533180400628, 0.1892815807914774, 0.24301347941589785], [0.36113442890804426, 0.23318559724187737, 0.12878121050556515, 0.27689876324451324], [0.37774823569475247, 0.2721071216660283, 0.14794753216843134, 0.2021971103707879], [0.34789188656034414, 0.2626220207362403, 0.1427904026726029, 0.24669568993081262], [0.3377932011743353, 0.25499761102033763, 0.2147416323208644, 0.19246755538446264], [0.2915903714481579, 0.2100399198930008, 0.22012821493713816, 0.2782414936217031], [0.30149585005606255, 0.20085512099641686, 0.166516795737781, 0.33113223310973955], [0.3061534281571467, 0.2422063057057464, 0.22054140443137815, 0.2310988616057288], [0.2941928119903815, 0.205398419317972, 0.12264899542747328, 0.3777597731641732], [0.34339489596001954, 0.22522203474308103, 0.12833134103512983, 0.3030517281617696], [0.3155958056134294, 0.25360929963436807, 0.20700050888375704, 0.22379438576844546], [0.2610139768752517, 0.17388578729423132, 0.26933004646796677, 0.29577018926255016], [0.26010183272448406, 0.16534519686670274, 0.16534588232013803, 0.40920708798867517], [0.2906355348128177, 0.24861336492833963, 0.21600855038415628, 0.2447425497746864], [0.27613276034713574, 0.16749961547741474, 0.1081445730507667, 0.44822305102468285], [0.3600946718108373, 0.21170747593472497, 0.13884555008878965, 0.289352302065648], [0.35924140685904005, 0.25476429623095537, 0.1429143441449047, 0.24307995266509985], [0.3015313923970167, 0.17727596622577588, 0.24231801878878334, 0.2788746224884241], [0.29005372089147213, 0.15526968007815364, 0.13918222278183312, 0.41549437614854107], [0.3002761691590729, 0.21970490273737, 0.22317508525926572, 0.25684384274429134], [0.2974595382890738, 0.16174287851410632, 0.11469185180274344, 0.4261057312940765]], "ideal": "D", "sampled": "A", "correct": false}}
{"type": "result", "data": {"idx": 15, "options": ["the role of women in army regiments", "the running of a school for domestic servants", "the running of a school for girls", "the role of a woman in running her own domestic household"], "probs": [[0.056047956758557275, 0.03047613392678466, 0.03675894770300543, 0.8767169615116526], [0.0072304295996426385, 0.006792252591650065, 0.9771195230517392, 0.008857794656968067], [0.06677661536964809, 0.04810238414064106, 0.12092314863829393, 0.7641978517514169], [0.0035552425749235095, 0.0037844075417579758, 0.9858084105003613, 0.00685193928295724], [0.008746271578763126, 0.9798294333863145, 0.0052227907415482895, 0.006201504193374101], [0.008621653211953349, 0.981082209829076, 0.005148370643681843, 0.005147766215288759], [0.06383617150328269, 0.03312147743905511, 0.04894725923182183, 0.8540950917258403], [0.004845806376704533, 0.004481510705642405, 0.9830502229470013, 0.0076224598706518066], [0.0824964054867195, 0.04416021775879138, 0.04020709203374454, 0.8331362846207445], [0.006695554158580865, 0.0064893295228943, 0.9783523810684128, 0.008462735150111964], [0.011799169667424421, 0.9823210208695202, 0.0033282486152144374, 0.002551560747840866], [0.011238987969917475, 0.9805943133571976, 0.004685303833863158, 0.0034813947390218082], [0.06633366964964969, 0.05854171424907006, 0.4751059642569125, 0.40001865174436774], [0.004031250144861382, 0.0035574339222755325, 0.9864543954412094, 0.005956920391653709], [0.0999645583234261, 0.09689418898377805, 0.06454481880805549, 0.7385964337847404], [0.016704947443509196, 0.0149738830086859, 0.9559089212365663, 0.012412248211238487], [0.0060627882504966125, 0.988242554741447, 0.003245275158813083, 0.0024493817492433363], [0.005438614163794799, 0.9889625047082616, 0.0031477105395291086, 0.002451170488414503], [0.9032815862154985, 0.053406351304047334, 0.012885568902201765, 0.030426493478252412], [0.9271721113640706, 0.04616259794438733, 0.010462910979978769, 0.016202379611563306], [0.9325651450583481, 0.044304835287419075, 0.007820602011304712, 0.0153094175429281], [0.9059388150274102, 0.06360954867684665, 0.013333820898000117, 0.017117815297742922], [0.9386678809181571, 0.04124383090318958, 0.007511412170538423, 0.012576875908114824], [0.903928602056522, 0.062484369956839134, 0.013304268419549048, 0.020282759467089788]], "ideal": "D", "sampled": "D", "correct": true}}
