{"type": "result", "data": {"idx": 0, "options": ["(0, \u2013 3)", "(4, 1)", "(2, 2)", "(\u2013 4, \u20132)"], "probs": [[0.3658806059799738, 0.2514724024485709, 0.24377884294477467, 0.13886814852668067], [0.3688954499332984, 0.2535432543322635, 0.22378868706552668, 0.1537726085689114], [0.3410786738811394, 0.27407324719777665, 0.23815773779987526, 0.14669034102120873], [0.34634914990776317, 0.27830669281083814, 0.21677942571856407, 0.15856473146283462], [0.3646116852395703, 0.25855413076676237, 0.23180718717641188, 0.1450269967172554], [0.34677270051349474, 0.26588585970127093, 0.23104508218838993, 0.15629635749684442], [0.36912211772088505, 0.26587653157436447, 0.2204558551091037, 0.14454549549564677], [0.3605782687303454, 0.2597192823627152, 0.2221847325341246, 0.15751771627281483], [0.37091093699037914, 0.28439732959410713, 0.20169914956312285, 0.14299258375239088], [0.36727529760502664, 0.2860421538066924, 0.20285996792672023, 0.14382258056156075], [0.37887772349386917, 0.25636666628588567, 0.20926902874300762, 0.15548658137723753], [0.37548905607283317, 0.26214021441699276, 0.21066401896754292, 0.15170671044263115], [0.36360656669666336, 0.2619052490046193, 0.22758248106971737, 0.14690570312899992], [0.3561737696249942, 0.26469264615031507, 0.21607101927344546, 0.1630625648512453], [0.3818223958282596, 0.26656215585897597, 0.2044151662259975, 0.14720028198676693], [0.3720353245363133, 0.2679720520705233, 0.21201193330551998, 0.14798068998764333], [0.3691300749409617, 0.26175734398131634, 0.21035654840749982, 0.1587560325702221], [0.36852508545148815, 0.2613300875558955, 0.22355964953151292, 0.14658517736110344], [0.3376944262138742, 0.26300045061460336, 0.24710019684048512, 0.15220492623103735], [0.3180646205207149, 0.26784106288135684, 0.2516484185310361, 0.16244589796689224], [0.3424260615960064, 0.2625511288380332, 0.2281432598601126, 0.16687954960584775], [0.32784965631067514, 0.2634386718009724, 0.25141391155589804, 0.15729776023245443], [0.32178357240320066, 0.2839782535745837, 0.22467611727851963, 0.16956205664369595], [0.31635096666033574, 0.27918413278648896, 0.2502939402806804, 0.1541709601724949]], "ideal": "D", "sampled": "C", "correct": false}}
{"type": "result", "data": {"idx": 1, "options": ["2500", "2", "50", "25"], "probs": [[0.36870778976820584, 0.28269551254572933, 0.23075658940289753, 0.11784010818316726], [0.3610739517170903, 0.29933751518526985, 0.22597714439686808, 0.11361138860077179], [0.37914703139925204, 0.29069987586288093, 0.21270473774715765, 0.11744835489070937], [0.35683106043231033, 0.3004790730295455, 0.23041441175964006, 0.1122754546785041], [0.3652839145880117, 0.29813355870842334, 0.22861016305358808, 0.10797236354997687], [0.36429161915389474, 0.2927134720006969, 0.22097947359794348, 0.12201543514746485], [0.272381079425146, 0.41533257429615367, 0.20562531971180484, 0.10666102646689549], [0.2652755320117841, 0.43058617936419125, 0.2002594575027659, 0.10387883102125875], [0.21389355934666135, 0.31120797524904525, 0.3754348996586442, 0.09946356564564922], [0.2443888397489857, 0.3237579747051069, 0.3089747427342933, 0.12287844271161406], [0.2162164892483234, 0.3348772451981944, 0.3401923407403013, 0.10871392471318088], [0.2390994691743845, 0.35336139268081246, 0.2795662539982439, 0.1279728840465591], [0.2570217568693464, 0.49543124801502886, 0.15590658898513055, 0.0916404060304942], [0.256023628925749, 0.4935069043034657, 0.1577477090218418, 0.09272175764894346], [0.23894311419381106, 0.31163458890388923, 0.35873543370566224, 0.09068686309663747], [0.2652286032356126, 0.31008038383721515, 0.29133341147569275, 0.1333576013514795], [0.2393672883742629, 0.31710586566243487, 0.3483187892447192, 0.095208056618583], [0.30322685608791783, 0.35450806946109087, 0.22536775299614228, 0.11689732135484895], [0.29656347079737316, 0.4182255014394759, 0.18272587662586673, 0.1024851510372842], [0.30008594092962204, 0.4038123310344625, 0.19076704055449165, 0.10533468738142379], [0.28729145431813086, 0.3106300989691183, 0.30585359156707936, 0.09622485504567148], [0.31434492678828907, 0.29994742420061465, 0.2526131086967002, 0.1330945402143961], [0.28080663291393004, 0.3232026421939186, 0.2989524922887982, 0.09703823250335311], [0.3245201311824012, 0.32962911335423095, 0.2301464011991428, 0.11570435416422506]], "ideal": "C", "sampled": "A", "correct": false}}
{"type": "result", "data": {"idx": 2, "options": ["392", "336", "300", "297"], "probs": [[0.3316882698660923, 0.2881770560532398, 0.22099695595365437, 0.1591377180270135], [0.3296645679640292, 0.2819776916811327, 0.2301901200240174, 0.1581676202308207], [0.32281471257601757, 0.2676240583278555, 0.2594452279381357, 0.15011600105799125], [0.3216323208244032, 0.27084093879672105, 0.2625638207148633, 0.14496291956401244], [0.3374874839223575, 0.28419625332797377, 0.2213766243627331, 0.15693963828693566], [0.34031620111167393, 0.28657811450211246, 0.22674429076513727, 0.14636139352107633], [0.3589272796748769, 0.28393808004400917, 0.21437013147117773, 0.1427645087099362], [0.3483807094288073, 0.2755930680417636, 0.22851901903670155, 0.14750720339272755], [0.32435287572092825, 0.2689011274500497, 0.2410897206531899, 0.1656562760758321], [0.3141288003366935, 0.26042066185942786, 0.2816405719970414, 0.14380996570683724], [0.33611016485370787, 0.2830350269413097, 0.2170541266614181, 0.16380068144356427], [0.342110474608588, 0.27922546028606937, 0.2315310170558719, 0.14713304794947074], [0.3252532135332234, 0.28258618288513143, 0.24556472529154, 0.14659587819010517], [0.3361629049490371, 0.2830799902120272, 0.23842266910143659, 0.14233443563749912], [0.298585492258343, 0.2939584430137433, 0.23997172651106838, 0.16748433811684524], [0.324481740165765, 0.290864868024627, 0.23376281112014766, 0.1508905805894603], [0.3548858972961007, 0.28965442116072543, 0.19298706607003732, 0.16247261537313648], [0.33836807788898193, 0.2849396083982078, 0.21179060004647818, 0.1649017135663321], [0.353652021471184, 0.2669517556729248, 0.23197908589779673, 0.14741713685809446], [0.3591179870411444, 0.2668754696765817, 0.23556045311364382, 0.13844609006863004], [0.3183680677581926, 0.2723165967097777, 0.24415507182555435, 0.16516026360647532], [0.3455545460335115, 0.2691193641059408, 0.24128537956233173, 0.144040710198216], [0.37622066767893075, 0.2795876520653973, 0.1921911508816343, 0.15200052927403768], [0.3424054136888321, 0.27513346483241136, 0.228133801022214, 0.15432732035654256]], "ideal": "A", "sampled": "D", "correct": false}}
{"type": "result", "data": {"idx": 3, "options": ["\\frac{7}{9}", "\\frac{8}{9}", "\\frac{5}{9}", "\\frac{9}{11}"], "probs": [[0.36849311814109625, 0.30075565649740615, 0.22351801892782783, 0.10723320633366971], [0.37468782342716195, 0.2872824988024433, 0.2272771017568308, 0.11075257591356397], [0.33422021311501177, 0.28587220605505737, 0.2644090514301345, 0.11549852929979637], [0.36912931383171826, 0.2830201194532362, 0.24209759538798478, 0.10575297122706073], [0.35798182546519935, 0.28318544797471357, 0.25786381573089495, 0.10096891072919217], [0.37464026450285653, 0.2872458164236106, 0.24190210344239738, 0.09621181553113545], [0.3773647062807822, 0.2804339313355968, 0.22890055859483766, 0.11330080368878333], [0.377138506647141, 0.2716421267608001, 0.2397422265689905, 0.11147713992306843], [0.3371852808412013, 0.2795351937306834, 0.2667563159960365, 0.11652320933207873], [0.37922738000987793, 0.2818169744573436, 0.23365232617629833, 0.1053033192564801], [0.36892279978877607, 0.28286164996179564, 0.24577417967245932, 0.102441370476969], [0.3787729909088771, 0.28591255628792855, 0.2333731159352244, 0.10194133676796993], [0.32469083162252793, 0.30501745537507485, 0.24896879683343187, 0.12132291606896534], [0.3600118076448326, 0.30316002980777096, 0.2253061220007015, 0.11152204044669493], [0.3506522722094437, 0.29070001404507656, 0.2448124103776318, 0.11383530326784791], [0.3853547332103351, 0.2863710267014686, 0.21958433416650786, 0.10868990582168847], [0.361276391017341, 0.2813612012759717, 0.2522292246991574, 0.1051331829075299], [0.36669829210922095, 0.285583166111885, 0.24429113978467912, 0.10342740189421488], [0.3290943478531288, 0.304360566225308, 0.25631743475975344, 0.11022765106180979], [0.360131911298414, 0.3080371549111167, 0.22538081795597475, 0.1064501157344945], [0.3601002668884666, 0.29390398017471675, 0.23617658885353077, 0.10981916398328591], [0.3638535520931862, 0.29696834748178125, 0.234936734301276, 0.10424136602375651], [0.32869108528512747, 0.29463463140656765, 0.26828836592469835, 0.10838591728360653], [0.3325451289340222, 0.2980894423865502, 0.26308220426281365, 0.10628322431661387]], "ideal": "B", "sampled": "B", "correct": true}}
{"type": "result", "data": {"idx": 4, "options": ["(-inf, 10)", "(-inf, 9)", "(-inf, 8)", "(-inf, 7)"], "probs": [[0.3426827243027541, 0.2627473512438548, 0.21115833833428144, 0.18341158601910967], [0.3194366597977724, 0.26482408446929795, 0.23374485270592063, 0.18199440292700902], [0.3090976362573538, 0.2814389932731877, 0.2333588142971577, 0.17610455607230077], [0.3108643591093097, 0.28304877874404927, 0.2204749583977523, 0.18561190364888877], [0.3070141879306925, 0.2975714713761224, 0.21774237696906926, 0.17767196362411583], [0.3004061877427102, 0.30040928718423826, 0.2198180854100708, 0.1793664395629807], [0.31384204879715655, 0.27267416496309316, 0.22609321096981008, 0.18739057516994018], [0.30000127699957124, 0.2731565656905856, 0.244895528749274, 0.1819466284605691], [0.32025652049298403, 0.2613890028566399, 0.2271337644310413, 0.19122071211933475], [0.33381388582866767, 0.26407144257978693, 0.20893352354265626, 0.19318114794888913], [0.30015855577330464, 0.2864180760332913, 0.21963952152261887, 0.19378384657078523], [0.3064583332964787, 0.28343115098715166, 0.22424814771102952, 0.1858623679053401], [0.3117727636979182, 0.2666751742096301, 0.2466777562848415, 0.17487430570761023], [0.3086271445758254, 0.2723648426097283, 0.24040171917053363, 0.17860629354391266], [0.33435238899012454, 0.25238571696673956, 0.22276705006966271, 0.19049484387347315], [0.3448877837842201, 0.2603377258718581, 0.21586270424726883, 0.17891178599665294], [0.3223940921934369, 0.26727919380848253, 0.21479791190847997, 0.1955288019896006], [0.33900837622210506, 0.26402322635498415, 0.2155232227612036, 0.18144517456170717], [0.3123466167240904, 0.2756460986948366, 0.23952601071364565, 0.17248127376742728], [0.30711664139164835, 0.279634607389975, 0.2355159924174466, 0.17773275870093005], [0.3171286128350738, 0.25482321922122786, 0.23571264305049314, 0.19233552479320515], [0.3274419854635088, 0.26310926281102065, 0.22863116517416412, 0.18081758645130644], [0.3162878672417177, 0.2705394004861897, 0.22432180052876766, 0.18885093164332495], [0.33046025526885053, 0.26971492570496947, 0.22017067996700315, 0.17965413895917684]], "ideal": "C", "sampled": "D", "correct": false}}
{"type": "result", "data": {"idx": 5, "options": ["396", "72", "66", "36"], "probs": [[0.2177965744101844, 0.22121482597628975, 0.4985945672554759, 0.06239403225804995], [0.2888610150781798, 0.2980231731242887, 0.28888563179720317, 0.1242301799003283], [0.33747469369748023, 0.3374707299887212, 0.22837222429697174, 0.09668235191682684], [0.3638981824168524, 0.32619267212775777, 0.22073715594085308, 0.08917198941453676], [0.2743363163893162, 0.3060371966663094, 0.2920557049237409, 0.12757078192063348], [0.23833893414691093, 0.2458946871950801, 0.4453190299819563, 0.07044734857605264], [0.28707128118673825, 0.22708257522958833, 0.40488000795189866, 0.08096613553177479], [0.27598889118595404, 0.3031075754589199, 0.2984415150067582, 0.12246201824836783], [0.2982810702068726, 0.5572639640914245, 0.10471629233300747, 0.039738673268695374], [0.3011335477100711, 0.46640477274767733, 0.16631682463289338, 0.06614485480935818], [0.3004462487794923, 0.35677991111242113, 0.24524048516474584, 0.09753335484334077], [0.19062132209484883, 0.2605344432491134, 0.4718343159631223, 0.07700991859291542], [0.36118132141481063, 0.30892628658398946, 0.22960378398390185, 0.10028860791729806], [0.3653591247628414, 0.3076560176030896, 0.2286567521711757, 0.09832810536289333], [0.3703977167235956, 0.32179823514581396, 0.22119812665157862, 0.08660592137901184], [0.33128009724046453, 0.3210806393785355, 0.23493581568048624, 0.11270344760051373], [0.37329594608555755, 0.31433720968483225, 0.2264368432636541, 0.0859300008659561], [0.30249226315641614, 0.3120854519895964, 0.2669737358643895, 0.11844854888959795], [0.3235903800547774, 0.3185667513948532, 0.23309531183800106, 0.12474755661236829], [0.33049352230213236, 0.2573804422831714, 0.3203574251621832, 0.09176861015251302], [0.3135851825881779, 0.33380352452625084, 0.24424567088290383, 0.10836562190266738], [0.2329169511562127, 0.2853619456005837, 0.40248292680530223, 0.07923817633790138], [0.34671152409524536, 0.41172645412127123, 0.17435406536401848, 0.06720795631946488], [0.3044428135149118, 0.3848491866773167, 0.21930460610090194, 0.09140339360686948]], "ideal": "B", "sampled": "C", "correct": false}}
{"type": "result", "data": {"idx": 6, "options": ["0.16", "0.24", "0.3", "0.5"], "probs": [[0.3504033930189176, 0.2815574663363849, 0.2125558523240344, 0.1554832882206631], [0.35577500923219996, 0.26855216227921996, 0.22266478007786397, 0.1530080483107161], [0.33427736657908663, 0.26033318428078467, 0.25235391036660065, 0.15303553867352807], [0.39978834981111905, 0.25017996503741885, 0.2140177498557046, 0.13601393519575747], [0.32569998499474323, 0.24971777198201675, 0.26585882899486796, 0.15872341392837205], [0.3871383483958044, 0.24995287505132474, 0.2311991074807445, 0.13170966897212638], [0.40132210252626055, 0.259112630149331, 0.19869426186920475, 0.1408710053552037], [0.4070423780415357, 0.25076984983008, 0.20152598317148684, 0.14066178885689745], [0.42310972908869005, 0.24487602312840126, 0.19678714259029645, 0.13522710509261224], [0.4489202270813077, 0.23656318037971769, 0.19923149190002956, 0.11528510053894502], [0.419741906458655, 0.2391593073807787, 0.19829704148250074, 0.1428017445780656], [0.45138522352008653, 0.23786250994984084, 0.191153923686682, 0.11959834274339062], [0.2713935294060655, 0.28889336318186737, 0.26721363460689024, 0.17249947270517693], [0.33295718328241625, 0.31278434858747256, 0.22182390422128542, 0.13243456380882576], [0.2962866381067785, 0.30569043296960163, 0.2344058716896334, 0.16361705713398647], [0.3232400118981417, 0.34950372573218524, 0.21200858054425173, 0.11524768172542134], [0.31237113938145117, 0.24709986516001234, 0.3274035800279142, 0.11312541533062224], [0.2564595773203291, 0.2298810750699201, 0.41632597825448225, 0.09733336925526856], [0.2819743110232587, 0.2955019439910141, 0.2567697098686562, 0.16575403501707098], [0.3267101444486942, 0.3117489907354991, 0.21428847949413796, 0.14725238522166872], [0.281005642356022, 0.32343335972670845, 0.2403841691854368, 0.15517682863183271], [0.2993373244109024, 0.37839779656898076, 0.19942407600888823, 0.12284080291122863], [0.3051761272349433, 0.2610270238273795, 0.30048327445859596, 0.1333135743790812], [0.24660984781644602, 0.24278056214321275, 0.3941274461111038, 0.11648214382923741]], "ideal": "C", "sampled": "B", "correct": false}}
{"type": "result", "data": {"idx": 7, "options": ["42", "12", "36", "39"], "probs": [[0.3184269070306878, 0.2991355359255155, 0.236654475307641, 0.14578308163615564], [0.3474257627209969, 0.2925632079723567, 0.2174310969022715, 0.14257993230437488], [0.3718627288792137, 0.29880167609156133, 0.20861245287572758, 0.1207231420534974], [0.3235657753893355, 0.2946094195704163, 0.24047346712281623, 0.14135133781743192], [0.3659931718937138, 0.31305253502576263, 0.20213671026592678, 0.11881758271459682], [0.3509203738976216, 0.29550489339995395, 0.2095612256084745, 0.14401350699394994], [0.2247162427570777, 0.359094793178072, 0.2840898590386457, 0.13209910492620458], [0.218612707194065, 0.34933997238182374, 0.3035365433251275, 0.1285107769989838], [0.20678645370322882, 0.3629197775954677, 0.30089497563214196, 0.12939879296916157], [0.18015693931671686, 0.3472579276478793, 0.3366011829308369, 0.13598395000456687], [0.18070017885770012, 0.3650202967229477, 0.33761560158894804, 0.1166639227304041], [0.2119799985377107, 0.38384443231674803, 0.2852701523222105, 0.11890541672333078], [0.3331804846402082, 0.33842912060788694, 0.2185223086069877, 0.10986808604491717], [0.3332870304251216, 0.3130939006492326, 0.22908301649186982, 0.12453605233377595], [0.3148360848111983, 0.3099555968928326, 0.2376699894429002, 0.13753832875306898], [0.28506303255483517, 0.3034480259032789, 0.25158733501879815, 0.1599016064230878], [0.2999871253659624, 0.31438254200548504, 0.25661231614242747, 0.1290180163861251], [0.3228732178774025, 0.33837075253474114, 0.22542016520375985, 0.11333586428409652], [0.35333931705800353, 0.3533427443251033, 0.1982207014825957, 0.09509723703429747], [0.369516155768126, 0.33123438806720884, 0.19171785877848588, 0.10753159728617924], [0.31724618444044056, 0.3074863713305798, 0.24709180380502915, 0.12817564032395046], [0.34117668355306563, 0.29642083796247715, 0.230870392435495, 0.13153208594896224], [0.33028352257286764, 0.300726026266543, 0.24165888128248236, 0.127331569778107], [0.37349375602923973, 0.30483864798736837, 0.2095276257614523, 0.11213997012193959]], "ideal": "A", "sampled": "A", "correct": true}}
{"type": "result", "data": {"idx": 8, "options": ["\\frac{125}{648}", "\\frac{25}{648}", "\\frac{625}{648}", "\\frac{1}{648}"], "probs": [[0.4182695052526755, 0.29199976226744834, 0.18561742430469003, 0.10411330807518619], [0.43599475075407085, 0.2950100644384367, 0.17616865299621828, 0.09282653171127414], [0.4137595387974771, 0.27996454265815024, 0.20166331978353322, 0.10461259866083941], [0.4290815485174228, 0.29033233030212824, 0.19341484574893938, 0.08717127533150955], [0.4475890924819748, 0.2672680099045089, 0.18370163423431235, 0.10144126327920394], [0.4455880820305602, 0.26607313749513645, 0.18576054273178252, 0.1025782376425208], [0.38030637440175646, 0.28261990194534026, 0.20357643672506057, 0.13349728682784273], [0.38960386266964514, 0.30820314465792, 0.20213661031671387, 0.10005638225572101], [0.3944839117050826, 0.28413678482925214, 0.19529735423000819, 0.12608194913565704], [0.3989018290590608, 0.301107800746575, 0.20375304377469722, 0.09623732631966697], [0.3893491828457901, 0.2848535626392938, 0.20518502170995775, 0.12061223270495831], [0.4122312726000672, 0.27460503984633383, 0.20729615101076676, 0.10586753644283223], [0.3809360648519945, 0.29207423979269387, 0.207125608761585, 0.1198640864937266], [0.41070454390625644, 0.30521174580058663, 0.18804727072517768, 0.09603643946797924], [0.39783706367872007, 0.3098371257359539, 0.17655089101178723, 0.11577491947353882], [0.403972691020343, 0.31461588650085187, 0.17927346053277066, 0.10213796184603448], [0.4151040067791679, 0.2722322480267895, 0.1991826772977799, 0.11348106779626266], [0.4197617220600864, 0.27101893595018206, 0.20141780663992587, 0.10780153524980568], [0.30635993059015043, 0.3312541096141833, 0.23860860935188163, 0.12377735034378462], [0.30175669629432045, 0.31623779310530997, 0.25018130612041267, 0.13182420437995687], [0.297095183955154, 0.31625515690643796, 0.24631561703477234, 0.1403340420036357], [0.3056028737477401, 0.30560239691058905, 0.25736036510635196, 0.13143436413531892], [0.32186228992886246, 0.3218625581497719, 0.2282502271975382, 0.12802492462382747], [0.3170093940925893, 0.3270731020700656, 0.2355973308386842, 0.12032017289866087]], "ideal": "C", "sampled": "A", "correct": false}}
{"type": "result", "data": {"idx": 9, "options": ["8", "12", "10", "4"], "probs": [[0.3607570528623313, 0.30857479569210394, 0.18717171249902118, 0.14349643884654362], [0.32435399290656, 0.32435655590628504, 0.21608120200857375, 0.13520824907858123], [0.3312781452801351, 0.3161097764652762, 0.2009447663821501, 0.15166731177243856], [0.3028764128382121, 0.3432060181751368, 0.22160373625923457, 0.1323138326274165], [0.3143961569827585, 0.3047234849948509, 0.2300343616092108, 0.15084599631317971], [0.29519710821529005, 0.30456794212895577, 0.23721443821246857, 0.1630205113432856], [0.2879912171078457, 0.30656560338752664, 0.2387699860462199, 0.16667319335840775], [0.309127986400209, 0.30433711406525416, 0.21582150457131336, 0.17071339486322346], [0.314187104757196, 0.31418868428025887, 0.20606277573934734, 0.16556143512319774], [0.2795734876305364, 0.3118880549407421, 0.24673745420771553, 0.16180100312100593], [0.2695333997566192, 0.3302401055101142, 0.2234656545812786, 0.17676084005198803], [0.2808544807963338, 0.3283546419848878, 0.22568823876113767, 0.1651026383576408], [0.28582401358416537, 0.3042598502447858, 0.24449657994283663, 0.16541955612821216], [0.2808400648426302, 0.3133014095514426, 0.23284120508426762, 0.17301732042165965], [0.31133159991965725, 0.3473186790595827, 0.20102439818756204, 0.140325322733198], [0.2563217954475201, 0.3558698104225311, 0.24845143400483635, 0.1393569600251125], [0.24364807798429042, 0.34901093013123596, 0.23988735255676807, 0.16745363922770554], [0.24824344728983055, 0.33931054198227156, 0.25217093161971127, 0.1602750790081866], [0.2973449141281057, 0.32150497071195355, 0.22446414157100564, 0.1566859734889351], [0.2613572516978281, 0.3252617466908537, 0.2573215403496427, 0.15605946116167552], [0.30913794037588554, 0.33425894376273196, 0.2059442251714756, 0.15065889058990695], [0.3143803132103371, 0.33992731061267073, 0.2061898826424241, 0.13950249343456805], [0.2995154216658259, 0.3341347227040371, 0.2157470551551147, 0.1506028003750223], [0.26965974151419664, 0.3303937416703671, 0.25333838142374676, 0.14660813529168945]], "ideal": "B", "sampled": "B", "correct": true}}
{"type": "result", "data": {"idx": 10, "options": ["13", "14", "1", "2"], "probs": [[0.44793889589507624, 0.2892102641950459, 0.15973446009550243, 0.1031163797143754], [0.40583482380623354, 0.3063356280020508, 0.20408594606266026, 0.08374360202905545], [0.4544046778221004, 0.3074652025194559, 0.13020429533876088, 0.10792582421968283], [0.39463488693704163, 0.3170962985768056, 0.20158309505165237, 0.08668571933450038], [0.4437309900794804, 0.33494399477422604, 0.1311799676057661, 0.09014504744052744], [0.4474193486676677, 0.32226285575283703, 0.1475574087022016, 0.08276038677729365], [0.3867030229785951, 0.3359688297167211, 0.17161605143952938, 0.10571209576515439], [0.3579296932037732, 0.3415314725619456, 0.20717381657175926, 0.0933650175625219], [0.34937624701535874, 0.3231148267861619, 0.20864621735421496, 0.11886270874426443], [0.3530688636109152, 0.32653162366658905, 0.2352221642977538, 0.08517734832474191], [0.3799256781892551, 0.35690123958066905, 0.1686077625861961, 0.0945653195438797], [0.39863768215961437, 0.3463387488972509, 0.17146894334032076, 0.08355462550281396], [0.30105658465424884, 0.3688586243958381, 0.19439505949475344, 0.13568973135515958], [0.32792254009139893, 0.3715830340690459, 0.19891331635209505, 0.10158110938746011], [0.297758588098272, 0.30720303375042174, 0.2587233560638197, 0.13631502198748663], [0.35572474926338193, 0.3238877629620216, 0.2261342538210051, 0.09425323385359138], [0.30614064509224087, 0.3468977665657596, 0.24601269865612882, 0.10094888958587069], [0.33884263287704264, 0.3663726475943273, 0.19921496656940244, 0.09556975285922764], [0.38236239263792055, 0.33743127925723637, 0.1723617451289658, 0.10784458287587725], [0.42839558631679286, 0.32336955295638437, 0.1480638489556113, 0.10017101167121142], [0.3995486527248174, 0.2969124040970751, 0.20408980698399662, 0.09944913609411085], [0.4700708072949743, 0.2763381764813994, 0.16246786190243281, 0.09112315422119349], [0.3745170915016874, 0.2962630457044599, 0.21677475159924292, 0.1124451110946098], [0.4420366186371952, 0.2944574189394144, 0.15518545306496215, 0.10832050925842823]], "ideal": "D", "sampled": "D", "correct": true}}
{"type": "result", "data": {"idx": 11, "options": ["30", "64", "2048", "60"], "probs": [[0.2784683787087796, 0.31554676039481044, 0.2784982108343758, 0.1274866499620341], [0.3082014184195912, 0.3280782552594474, 0.25553782629477434, 0.10818249992618709], [0.3283175879151934, 0.3182174027976016, 0.21872903264890567, 0.1347359765382993], [0.3436401844497794, 0.3128889827150571, 0.2150667682889713, 0.12840406444619218], [0.2705395342380262, 0.3018078044563236, 0.30184681569806915, 0.12580584550758106], [0.28186223328069876, 0.30476502035140657, 0.2863329393328934, 0.12703980693500128], [0.29985667165668367, 0.3142478261349614, 0.24861697100945565, 0.13727853109889926], [0.305610732452823, 0.32532264324797494, 0.24559480341624365, 0.12347182078295846], [0.31091607077165767, 0.33618310591469736, 0.21707667731672378, 0.13582414589692124], [0.30531869950883006, 0.31997315642138163, 0.23049153844980272, 0.14421660551998558], [0.3485253336653077, 0.30757464579414073, 0.2215624864992771, 0.12233753394127451], [0.29633426221723963, 0.3105560196542721, 0.26566361982455167, 0.1274460982039366], [0.3001006975514911, 0.3048277633255366, 0.2488205096839625, 0.14625102933900974], [0.2926688106760131, 0.30671464479733085, 0.26237567474674994, 0.1382408696799061], [0.33486147228385804, 0.30489687491423634, 0.21622481416498693, 0.14401683853691868], [0.2998334556468541, 0.30455476950206917, 0.26463038515277004, 0.13098138959830669], [0.3259791232611334, 0.3062301071048549, 0.2275945611843729, 0.1401962083496388], [0.3121143672188248, 0.30251354877646214, 0.23562408193449552, 0.14974800197021756], [0.27038330642807634, 0.29695920038112317, 0.29239083204894456, 0.14026666104185595], [0.2660846292966671, 0.3015137477731009, 0.2877399792499702, 0.1446616435802618], [0.312055794028609, 0.3374156926427453, 0.22833256251069017, 0.12219595071795555], [0.24788843844174702, 0.3182966911982084, 0.2990465074762719, 0.13476836278377263], [0.2945311103885885, 0.37232640033279296, 0.20244981026563824, 0.1306926789129803], [0.2842294871522869, 0.35930314656479295, 0.2179504185697043, 0.13851694761321587]], "ideal": "D", "sampled": "C", "correct": false}}
{"type": "result", "data": {"idx": 12, "options": ["0", "1", "2", "4"], "probs": [[0.3182671188344351, 0.34954587923763597, 0.22220289042615962, 0.10998411140176934], [0.24589984507337598, 0.3157369651000236, 0.3257894668049405, 0.11257372292165997], [0.26127220815113045, 0.29605720880348924, 0.3303055292623342, 0.11236505368304614], [0.28616986102237413, 0.3242700147940796, 0.2605809905951062, 0.12897913348844006], [0.25615244411223614, 0.3289026017667112, 0.29949524693133833, 0.1154497070897143], [0.2561107442065129, 0.37263573249093024, 0.25215821140638073, 0.11909531179617604], [0.3503115746750431, 0.30435317524941163, 0.23337495150784213, 0.11196029846770313], [0.23140092253314326, 0.2747897987769546, 0.37562921178058756, 0.1181800668093146], [0.34012779083236533, 0.2819724934717301, 0.2527815661657161, 0.12511814943018848], [0.31147243641264544, 0.2880600008658597, 0.27063571597505154, 0.12983184664644332], [0.29887230759929684, 0.35491632282473634, 0.2327798875148214, 0.11343148196114541], [0.3047425286797061, 0.35627548495584027, 0.2336728677071698, 0.10530911855728385], [0.23630204008546896, 0.2987095504315867, 0.33851249031354874, 0.12647591906939554], [0.22749202968104804, 0.3158370099275035, 0.3208374822193286, 0.13583347807211982], [0.258086416965044, 0.3262510645994787, 0.26630098021796145, 0.14936153811751587], [0.24394328853690742, 0.31815912232550025, 0.29891069521958863, 0.1389868938180037], [0.24489916128751915, 0.324435492589351, 0.29542713473980353, 0.13523821128332628], [0.26224482056856313, 0.29255181548054093, 0.32133513685827786, 0.12386822699261806], [0.298325797028304, 0.28914149551386137, 0.3078175691234072, 0.10471513823442744], [0.34291624508473995, 0.31714206458225297, 0.23204476783272632, 0.10789692240028073], [0.3494762531985485, 0.31326660977548826, 0.20869976591019637, 0.1285573710157668], [0.3548817336204414, 0.3131801187678916, 0.20540885625215657, 0.12652929125951046], [0.33915426313006053, 0.2992992013602411, 0.23678644783553565, 0.1247600875741627], [0.28566874773914613, 0.27258216113484274, 0.30890958117243944, 0.13283950985357165]], "ideal": "D", "sampled": "D", "correct": true}}
{"type": "result", "data": {"idx": 13, "options": ["92", "93", "94.5", "95"], "probs": [[0.15732864163669885, 0.2848827922647195, 0.4145441014783823, 0.14324446452019934], [0.18864681386988819, 0.2921794739722932, 0.33633698031927406, 0.1828367317385445], [0.14222760709037086, 0.36318788469956176, 0.33592337867124433, 0.15866112943882305], [0.14688621855651096, 0.35236078852163855, 0.30616465906980733, 0.19458833375204312], [0.1493651762266156, 0.26626855925843446, 0.41245518359754124, 0.17191108081740863], [0.12061736282180463, 0.2361532063488988, 0.4999980143703451, 0.14323141635895148], [0.176616408784296, 0.2957731672910181, 0.4043168870582351, 0.12329353676645084], [0.20810249695470123, 0.29346890485517596, 0.34854326551389553, 0.14988533257622727], [0.202750824474043, 0.4428522751354986, 0.2370572178222564, 0.117339682468202], [0.1861437520880374, 0.36445080422397597, 0.2974843857875639, 0.1519210578004227], [0.21214384696317662, 0.3497654989081884, 0.2899962576934897, 0.14809439633514526], [0.152085300845674, 0.2753865657012472, 0.45408885651557707, 0.1184392768375017], [0.29763692170926437, 0.28400456479325165, 0.27102189849554453, 0.14733661490193942], [0.28150730063898766, 0.28150476744169817, 0.2815286391008612, 0.155459292718453], [0.3564117199360794, 0.29547509107801334, 0.21283793130120243, 0.13527525758470485], [0.2734668850625276, 0.29568612572574143, 0.2821693718151211, 0.1486776172966099], [0.36817514344087354, 0.28228967958414414, 0.20979500992293773, 0.13974016695204455], [0.33014369499576296, 0.29134941532305186, 0.249224696271899, 0.12928219330928617], [0.1903983595658174, 0.2813871716758206, 0.37282295900362894, 0.15539150965473303], [0.1377613646966565, 0.2573676896856916, 0.4734229499688396, 0.13144799554881223], [0.20839093312934903, 0.35448324148562343, 0.29390736973464865, 0.14321845555037888], [0.1425182223177489, 0.29702875015149527, 0.4459412693531415, 0.11451175807761438], [0.18254668062729107, 0.39253605578002104, 0.28275457864421044, 0.1421626848484774], [0.16409480058070988, 0.37561237066878067, 0.3263681725156675, 0.13392465613484192]], "ideal": "B", "sampled": "C", "correct": false}}
{"type": "result", "data": {"idx": 14, "options": ["R <= T <= M <= L", "L <= T <= M <= R", "R <= M <= T <= L", "L <= M <= T <= R"], "probs": [[0.36163081890488286, 0.2446920272279681, 0.18763331695309404, 0.206043836814055], [0.3510773516037643, 0.24129204141975208, 0.18793876557119096, 0.21969184130529265], [0.3663422737904323, 0.25977670099050065, 0.15513616464495245, 0.21874486047411457], [0.36114565900175893, 0.2560921494663499, 0.1602748262599101, 0.22248736517198112], [0.3451427816999523, 0.2485981285323454, 0.193629726748177, 0.21262936291952533], [0.349664016793093, 0.25185393158716024, 0.19925626219651144, 0.1992257893232353], [0.33508624640250595, 0.2376113675363494, 0.19700793604120084, 0.2302944499199438], [0.34110233692546543, 0.23812710101200726, 0.20054526923894037, 0.22022529272358693], [0.32454239835261756, 0.2527523896925363, 0.20311571352960467, 0.21958949832524152], [0.33038410541091606, 0.24938626584897036, 0.20356568692079027, 0.2166639417193233], [0.35207198115857313, 0.24965826418461054, 0.16374607870568747, 0.23452367585112885], [0.3463316507837796, 0.24945520980463512, 0.16618951905809642, 0.23802362025348886], [0.36492831860134084, 0.25081171461763513, 0.15944284976424944, 0.2248171169167746], [0.3680154649829492, 0.25293461204610634, 0.1558453748208566, 0.22320454805008785], [0.3463520160917593, 0.24946838986567013, 0.20684086092491114, 0.19733873301765942], [0.34282928701787163, 0.24693107602511158, 0.19233128426535853, 0.21790835259165825], [0.3618295788403124, 0.24103085694286927, 0.1877363323977608, 0.20940323171905753], [0.3646720891130066, 0.2391588353996902, 0.17499121761075312, 0.2211778577765501], [0.3331560839849757, 0.2399615829937343, 0.2151236118924609, 0.2117587210288291], [0.32841092834185065, 0.2440531885983851, 0.20877422701378415, 0.21876165594598013], [0.3512501015535384, 0.24141114228304672, 0.16593645016869185, 0.241402305894723], [0.35348200087627496, 0.24294549670444643, 0.16440242302536595, 0.23917007929391268], [0.3451652074186208, 0.2372283531237085, 0.1876835887981908, 0.22992285055947992], [0.34803642781960237, 0.2354929078733, 0.19525220406331534, 0.22121846014378233]], "ideal": "D", "sampled": "C", "correct": false}}
{"type": "result", "data": {"idx": 15, "options": ["16", "2\\sqrt{2}", "5", "5+2\\sqrt{13}"], "probs": [[0.19956603644282722, 0.3342195748948617, 0.26031890508909566, 0.20589548347321537], [0.24832255755813729, 0.31885309449463334, 0.2332981928933999, 0.19952615495382947], [0.17606848654860247, 0.2857928360867187, 0.3447705548082815, 0.19336812245639737], [0.16201763336282946, 0.2713320931917922, 0.3887153085294663, 0.17793496481591206], [0.25166409100043124, 0.3549040521999976, 0.2477863317321061, 0.14564552496746502], [0.23670100810692488, 0.3723899964259704, 0.2404592746187304, 0.1504497207483743], [0.2073446275785236, 0.2501075044056261, 0.29244867835841726, 0.250099189557433], [0.2607619243826554, 0.252736575957791, 0.25276429211843476, 0.2337372074411188], [0.23437144302297877, 0.26976309998184966, 0.2615015687605796, 0.23436388813459197], [0.25998870310534017, 0.2900376108009936, 0.27679143178053717, 0.17318225421312902], [0.3213876091699002, 0.24641426660892082, 0.22791900549281313, 0.2042791186283658], [0.2946352792073574, 0.26001225081521034, 0.29009689194476407, 0.1552555779326682], [0.1706321486471684, 0.318790456060763, 0.3289449116573135, 0.18163248353475508], [0.17782948644425153, 0.31702106715517403, 0.34822117759945914, 0.15692826870111531], [0.19605236629905423, 0.355016306976474, 0.24024095712767007, 0.20869036949680167], [0.22906634425810699, 0.36037641464864656, 0.2555690299887963, 0.15498821100445012], [0.2208432653702459, 0.412604052350569, 0.2074910047811354, 0.15906167739804963], [0.24380189578172842, 0.38959873957319896, 0.22550455215533088, 0.14109481238974173], [0.263474875376837, 0.2761148162906754, 0.32793426462121095, 0.1324760436112766], [0.28177735626528233, 0.2565600313967211, 0.29076454473753655, 0.17089806750046], [0.30267082014652, 0.2843285329800472, 0.24322704565597875, 0.16977360111745404], [0.29194740698115745, 0.2965425969934396, 0.2576730395492707, 0.15383695637613226], [0.27056765956807005, 0.2835520547874148, 0.27919692214315034, 0.16668336340136483], [0.2766156237536563, 0.28539365952429796, 0.29449269611412865, 0.14349802050791713]], "ideal": "D", "sampled": "D", "correct": true}}
{"type": "result", "data": {"idx": 16, "options": ["8", "3", "6", "9"], "probs": [[0.3196807133903144, 0.32471608386556416, 0.24512968407065328, 0.11047351857346813], [0.3202292692392302, 0.3252728951830636, 0.24555042932447468, 0.1089474061532315], [0.3557900978033563, 0.3043250946597385, 0.2261723063310619, 0.11371250110584327], [0.32663126073179544, 0.30208416194734244, 0.25840895017734944, 0.1128756270435126], [0.34556298266576835, 0.3049579123453223, 0.24891973837537484, 0.10055936651353449], [0.34924170773815183, 0.30820471050236065, 0.23266500995697342, 0.10988857170251409], [0.2698730665251113, 0.34652391987411435, 0.265709652533803, 0.11789336096697133], [0.24463038144049515, 0.3343674242162123, 0.3141367733164409, 0.1068654209268516], [0.26570187412812424, 0.34116829384918934, 0.2616029821609331, 0.13152684976175336], [0.2729760706151737, 0.3292719721464856, 0.26049661633747573, 0.1372553408008649], [0.26253731034072364, 0.3424109347720363, 0.28389198642708063, 0.1111597683601594], [0.2875597669495519, 0.3309799952386142, 0.2577874237047646, 0.1236728140070693], [0.3267266178305549, 0.31667426461297227, 0.2505311090288202, 0.10606800842765263], [0.30298580136174547, 0.30298437085034563, 0.27161832224597143, 0.12241150544193746], [0.30477475435722706, 0.31940185306599367, 0.2526885214339413, 0.12313487104283793], [0.3019259065661672, 0.31150970788194104, 0.2664716918938625, 0.12009269355802922], [0.3013762257794382, 0.315838130649917, 0.27017477353325897, 0.11261086993738587], [0.3267658279487248, 0.30696844365428844, 0.25851439849277646, 0.10775132980421034], [0.33270269133246805, 0.2936087504688036, 0.26735546783879904, 0.1063330902599293], [0.33946972576159434, 0.304298366511755, 0.24073856707879698, 0.11549334054785367], [0.31997445699314986, 0.33533150453986427, 0.2341188078008244, 0.11057523056616146], [0.31620683320558524, 0.3211882614414099, 0.2462840453651417, 0.11632085988786316], [0.3082889730449798, 0.3180751312608258, 0.2637167713547221, 0.10991912423947227], [0.334962725605847, 0.3097915947127495, 0.24128493664236014, 0.11396074293904337]], "ideal": "A", "sampled": "A", "correct": true}}
{"type": "result", "data": {"idx": 17, "options": ["-2", "-4", "-1", "1"], "probs": [[0.2975430963661612, 0.29753677827343905, 0.23539714425815422, 0.16952298100224547], [0.30609828686779883, 0.31091228587665837, 0.23840822632325137, 0.14458120083229142], [0.25366996960278915, 0.2919651480631584, 0.26586701671006924, 0.18849786552398326], [0.27199400827584636, 0.3034248170892072, 0.2720166580395087, 0.15256451649543779], [0.263691741334724, 0.338579520314772, 0.23272607177883367, 0.16500266647167036], [0.2565962671976985, 0.33992817994533153, 0.2526406049475753, 0.15083494780939466], [0.2643527607548302, 0.3289839526984739, 0.23331000703296467, 0.17335327941373121], [0.26962081800480275, 0.3516451575245801, 0.24937753001539478, 0.12935649435522237], [0.22888656299338536, 0.30321556778521425, 0.3178030597518432, 0.1500948093695572], [0.25327830749368163, 0.2961056143909937, 0.32524322490887164, 0.125372853106453], [0.2524832672008248, 0.3344773500311868, 0.26462294465832875, 0.14841643800965965], [0.25592482468794797, 0.32351187350363764, 0.27245599434714873, 0.14810730736126565], [0.22688429393413215, 0.3199505257279184, 0.27369839358123593, 0.17946678665671356], [0.2637168686210586, 0.3333636124586405, 0.27639531262747224, 0.1265242061928287], [0.18796600679613037, 0.33507541317979633, 0.3457478932056966, 0.13121068671837668], [0.2361610803749998, 0.35451300797486945, 0.2848863451956267, 0.12443956635450397], [0.26235273477791815, 0.40003588791661565, 0.19498157499270888, 0.14262980221275728], [0.23579052439642192, 0.3948672174247698, 0.2285551909658519, 0.14078706711295635], [0.2143494997510392, 0.3533957407537085, 0.2545653955254321, 0.17768936386982015], [0.22704060373420054, 0.35717892643217763, 0.2572914659719668, 0.15848900376165506], [0.19135056084570454, 0.3631109513343425, 0.29179536052380856, 0.1537431271961444], [0.2320396591216541, 0.3538131626379229, 0.24702678600623273, 0.16712039213419025], [0.22777606544601053, 0.35278114672947714, 0.250185221408621, 0.1692575663158913], [0.19503577632848457, 0.3215520477435916, 0.3166015242200847, 0.16681065160783912]], "ideal": "B", "sampled": "A", "correct": false}}
