{"type": "result", "data": {"idx": 0, "options": ["total revenue is greater than total cost at its greatest distance", "total revenue is equal to total cost", "marginal product is at its highest point", "total product is at its highest point"], "probs": [[0.276954241872577, 0.22254969840654568, 0.13927178498519857, 0.36122427463567874], [0.25030797717452363, 0.22791950402364816, 0.15183107553394257, 0.36994144316788563], [0.18050813135165525, 0.08264508596293936, 0.394296515118493, 0.3425502674669124], [0.23081393193657848, 0.0797711151792638, 0.1356980035214326, 0.5537169492627251], [0.12367591637102056, 0.07157980436623138, 0.452419833721581, 0.35232444544116703], [0.21324809052337648, 0.0725577106444825, 0.12537081631785718, 0.5888233824142838], [0.4509085311222496, 0.1291936371322151, 0.14640012563193994, 0.27349770601359535], [0.3599117260771968, 0.15240385318083755, 0.15480858778039902, 0.33287583286156663], [0.40300547494467165, 0.11191519270702781, 0.17607414280049438, 0.30900518944780614], [0.3698917086036415, 0.10433641230517958, 0.16160439194023435, 0.3641674870509446], [0.35465257225787594, 0.12449973724653686, 0.19283633937884995, 0.32801135101673723], [0.38142811395672127, 0.10428046200989921, 0.1615176462626398, 0.3527737776707397], [0.13209156887538906, 0.11298695373875962, 0.4068998456622539, 0.3480216316235974], [0.16609172763716384, 0.11595736162250272, 0.15604075925407027, 0.5619101513862631], [0.20352712574841497, 0.23063792629674287, 0.19728175097641074, 0.3685531968784314], [0.18819359591836135, 0.2200306704406647, 0.1609826164837452, 0.4307931170572288], [0.13864491671956558, 0.0923624620887295, 0.147597340515437, 0.6213952805762679], [0.16545595473566052, 0.11195799874077232, 0.27281138704688224, 0.4497746593766849], [0.11637438521020096, 0.10596241450600229, 0.4461391435914318, 0.33152405659236495], [0.1574054438878199, 0.11162350571722374, 0.17288926959294007, 0.5580817807020163], [0.1852980498695431, 0.2342494656135, 0.2342571546124461, 0.3461953298045108], [0.1702617257663219, 0.24389925596659212, 0.1899551600027864, 0.39588385816429955], [0.16226899259548697, 0.11328749849361916, 0.17546739780338647, 0.5489761110075074], [0.18053113191306006, 0.13208419280048894, 0.2930536909563399, 0.39433098423011115]], "ideal": "A", "sampled": "B", "correct": false}}
{"type": "result", "data": {"idx": 1, "options": ["Increase capital and decrease labor so that the marginal product of capital falls and the marginal product of labor rises.", "Increase capital and decrease labor so that the marginal product of capital rises and the marginal product of labor falls.", "Decrease capital and increase labor so that the marginal product of capital rises and the marginal product of labor falls.", "Decrease capital and increase labor so that the marginal product of capital falls and the marginal product of labor rises."], "probs": [[0.3686872642081207, 0.22362486858664085, 0.1943022724375896, 0.21338559466764886], [0.3727170658014348, 0.23691885601957882, 0.1845247215805577, 0.20583935649842866], [0.3640995404296876, 0.2541888204446269, 0.204260053956345, 0.1774515850693405], [0.3542759418133273, 0.25122481582036704, 0.20187827942736772, 0.19262096283893798], [0.3587423073511889, 0.2316259065523356, 0.21760693838825138, 0.19202484760822414], [0.37325170632444543, 0.2299585193165656, 0.20614767072523485, 0.19064210353375408], [0.3949916480084144, 0.22860962831504766, 0.18085787237438603, 0.19554085120215192], [0.34580274493828916, 0.22678725280802053, 0.19704933146946058, 0.23036067068422972], [0.3644854615417578, 0.23168579541256415, 0.2176641607763016, 0.1861645821693764], [0.3630402033705037, 0.23809270203574723, 0.2134400872160128, 0.18542700727773626], [0.3632896298296993, 0.2536225654471, 0.19753393823218807, 0.1855538663910126], [0.35637027021659073, 0.2487919330348132, 0.21281771359699672, 0.1820200830515993], [0.32967085658169076, 0.24885262553273851, 0.24501267102815305, 0.1764638467574177], [0.33930852048035, 0.2521580011686653, 0.19948671455097386, 0.20904676370001085], [0.3296756446031866, 0.24499867854052546, 0.23747804758558141, 0.18784762917070652], [0.35492074679050817, 0.2401562398571637, 0.21195185587240384, 0.19297115737992432], [0.33203590407680944, 0.22118844419276823, 0.19218552397036237, 0.25459012766005995], [0.3804298993628752, 0.2307477329552056, 0.1883441237670208, 0.2004782438148984], [0.3489515289002848, 0.2324559608601322, 0.22886710548696385, 0.1897254046526191], [0.3807009273595663, 0.22733101923967072, 0.19752131989176716, 0.19444673340899582], [0.35533560377786444, 0.2559434549535707, 0.2155405943041253, 0.17318034686443956], [0.3806796300435636, 0.25359363872815244, 0.19143490142308037, 0.17429182970520357], [0.3751296400648735, 0.23111598191334318, 0.18000562487232688, 0.21374875304945642], [0.38952007807770916, 0.21178345467889337, 0.1869113435343262, 0.21178512360907126]], "ideal": "C", "sampled": "B", "correct": false}}
{"type": "result", "data": {"idx": 2, "options": ["the supply curve intersects the demand curve", "neither party has an incentive to deviate from his or her strategy", "the marginal revenue curve intersects the marginal cost curve", "the equilibrium is unstable and each party would like to switch strategies"], "probs": [[0.10513939159075246, 0.4567333221192403, 0.07115062699459973, 0.36697665919540756], [0.169732569640727, 0.4760473164180747, 0.11485804812533357, 0.23936206571586474], [0.041958111405760355, 0.02708963435247477, 0.8169035147320557, 0.11404873940970921], [0.196379451461023, 0.07224587296533927, 0.2058176382736856, 0.5255570371999522], [0.03874764406189043, 0.0311342120316215, 0.7905868673935798, 0.13953127641290827], [0.12209712024042221, 0.055035858861140326, 0.12021215291316166, 0.7026548678852758], [0.6325591919787817, 0.04954851510529413, 0.04582828740742521, 0.2720640054084989], [0.6474982113489787, 0.06614815048819013, 0.0761409430939742, 0.21021269496885697], [0.5952554325039032, 0.0627428204924952, 0.060817314608460765, 0.28118443229514084], [0.6183060407020243, 0.06829870491536938, 0.0750162675901737, 0.23837898669243254], [0.6840804065657944, 0.05615480118082389, 0.05113228295681525, 0.20863250919656645], [0.6044523985579726, 0.060793640940978284, 0.058012741411461045, 0.276741218989588], [0.045469983052535204, 0.0354119230648653, 0.793575263135491, 0.12554283064710847], [0.2918186230936685, 0.10244028421868115, 0.20057902036954398, 0.4051620722181063], [0.11748363821523757, 0.39130711551567887, 0.07468766718355983, 0.4165215789855237], [0.18862154937421394, 0.3993283182033299, 0.11990708767237922, 0.2921430446500769], [0.18195241416732258, 0.07237790416384303, 0.17636713121010794, 0.5693025503587265], [0.032981491983468475, 0.023755126093022688, 0.824497479954933, 0.11876590186857582], [0.02143141571210621, 0.017491500366814298, 0.829798855517556, 0.13127822830352348], [0.09294629199930976, 0.0358354788517374, 0.09295238657430555, 0.7782658424746473], [0.17290509462541892, 0.25554566430521114, 0.1502353183669721, 0.4213139226023978], [0.1572956740698875, 0.22532260415685007, 0.14777803419542726, 0.46960368747783515], [0.11878998532154139, 0.06067400029933935, 0.17833703688113303, 0.6421989773979863], [0.019601957066737827, 0.015506080256484171, 0.8466821173361047, 0.11820984524067336]], "ideal": "B", "sampled": "B", "correct": true}}
{"type": "result", "data": {"idx": 3, "options": ["goods X and Y are normal goods.", "goods X and Y are inferior goods.", "goods X and Y are complementary goods.", "goods X and Y are substitute goods."], "probs": [[0.0744745325457545, 0.09124982693252194, 0.17048186790064443, 0.6637937725210792], [0.1560551007209335, 0.166114784785224, 0.511717892608229, 0.16611222178561352], [0.06770277034217763, 0.08558617742839414, 0.11882733390342545, 0.7278837182260027], [0.1456549381611845, 0.21865201971663104, 0.4486752948614191, 0.18701774716076533], [0.22327801582964668, 0.5356340407789562, 0.11584286390576648, 0.1252450793856307], [0.24336942263104946, 0.5152256045787571, 0.14307794399851126, 0.09832702869168215], [0.07534906604202896, 0.12618932690800932, 0.1475345707180146, 0.6509270362319471], [0.14256233400356694, 0.24632333950688884, 0.4391563665176273, 0.17195795987191692], [0.09356872457615467, 0.13403312461129233, 0.26656614937005646, 0.5058320013424965], [0.10629987557212647, 0.19248319873549147, 0.46904330742074546, 0.23217361817163662], [0.13783392822235574, 0.6575804597070545, 0.12355974030599229, 0.08102587166459745], [0.14974783247889792, 0.6607298205077798, 0.11304118398905995, 0.07648116292426231], [0.06825344907177254, 0.08764096963064197, 0.12168042924259584, 0.7224251519549897], [0.15476086840623926, 0.2512004746662285, 0.40144308788549055, 0.1925955689420417], [0.07669851528168442, 0.08828098610675492, 0.19282804912042292, 0.6421924493911377], [0.1117510397974177, 0.1527423377314427, 0.5331613301736119, 0.20234529219752767], [0.23173047427206703, 0.5388072688427641, 0.11652878583898538, 0.11293347094618351], [0.225057014053697, 0.5658116767492823, 0.08677282669949567, 0.12235848239752503], [0.5253867145275225, 0.20255691716538987, 0.13284749385194417, 0.13920887435514342], [0.5283255059239265, 0.2272303287044974, 0.14671860852441188, 0.09772555674716431], [0.3631172017486625, 0.17422351950645815, 0.32046718949746805, 0.14219208914741124], [0.333735381536122, 0.19015440626261088, 0.3184716450621846, 0.15763856703908252], [0.4409733416536546, 0.24736217983380215, 0.20190271869425205, 0.1097617597182912], [0.49482609679914297, 0.24881657392340384, 0.13318925100683138, 0.12316807817062182]], "ideal": "D", "sampled": "D", "correct": true}}
{"type": "result", "data": {"idx": 4, "options": ["causes the equilibrium price to be artificially high", "causes the equilibrium price to be artificially low", "exists when markets cannot reach equilibrium", "results in an equilibrium that does not maximize the total benefit to society"], "probs": [[0.4212028462348943, 0.152554048810907, 0.1367545846046472, 0.28948852024955146], [0.21313343622440473, 0.12144049819923235, 0.33532386515179, 0.33010220032457294], [0.43879205348919487, 0.13807486663421883, 0.16918068114134555, 0.2539523986352408], [0.3027976019617193, 0.12821433863783704, 0.2889516820193206, 0.280036377281123], [0.3153772102782242, 0.18540202355619984, 0.24182081580457068, 0.25739995026100526], [0.38519067826633147, 0.1709312720009548, 0.17914266081705407, 0.26473538881565967], [0.44088688488366096, 0.12632033227611003, 0.1344726085528369, 0.2983201741873921], [0.20908349282997288, 0.10513438793410172, 0.3669733024698098, 0.3188088166661156], [0.5540822454839015, 0.1041115393476327, 0.11083098666888136, 0.23097522839958448], [0.4312484883270917, 0.1315257200113825, 0.22374572034518525, 0.2134800712163406], [0.41784169776086066, 0.16109555428178793, 0.1636391230442871, 0.2574236248130643], [0.49282053842415324, 0.15507738521749792, 0.1434296092758636, 0.2086724669824852], [0.21489576032564905, 0.1303435803665897, 0.27167021011063786, 0.38309044909712336], [0.09514243863632832, 0.07181794730734489, 0.46833560375176475, 0.364704010204562], [0.24035276527666985, 0.1348294386234495, 0.22230339213154582, 0.4025144038683348], [0.12732170615801827, 0.10391832219454314, 0.4585321579305667, 0.3102278136168719], [0.12814712809563744, 0.12420565911345122, 0.38259909408287796, 0.3650481186080334], [0.11193041413421596, 0.11019574028673451, 0.46396654363056505, 0.3139073018484845], [0.3553409489837161, 0.19020259022018213, 0.2519920916300606, 0.20246436906604112], [0.44527714776597394, 0.15631177786945152, 0.15631919864761473, 0.24209187561695983], [0.4133962875219376, 0.2078734431002336, 0.18345620556380543, 0.19527406371402337], [0.4538144103160514, 0.19826501310474356, 0.14966374411183417, 0.19825683236737085], [0.4046087924381714, 0.1355286808649088, 0.20666861889697288, 0.25319390769994693], [0.2878066045921321, 0.13809325005362216, 0.3161161588727644, 0.25798398638148134]], "ideal": "D", "sampled": "D", "correct": true}}
{"type": "result", "data": {"idx": 5, "options": ["Collusive output levels tend to increase, driving the price above competitive levels.", "Consumer surplus falls as the price is driven downward.", "Collusive output levels tend to decrease, driving the price down to competitive levels.", "Joint profit maximization costs society consumer surplus as the price rises above competitive levels."], "probs": [[0.4295499324369034, 0.19666656849801828, 0.17087663708408574, 0.20290686188099258], [0.47529666902890305, 0.17760930688975418, 0.1776206466732526, 0.16947337730809012], [0.4314115198997481, 0.18847543475126036, 0.11432219742965964, 0.26579084781933193], [0.49817972627992996, 0.19509295826551012, 0.16174837704250436, 0.14497893831205552], [0.556969175554025, 0.2081302665147433, 0.10465999500956638, 0.1302405628216653], [0.4753156601907344, 0.2544239461167543, 0.1340805739030272, 0.13617981968948412], [0.1794101190739203, 0.41715291632099255, 0.17664052981514433, 0.22679643468994284], [0.18797610978356932, 0.41058821093786957, 0.2163738640386135, 0.18506181513994763], [0.19333771157324678, 0.3500985555015368, 0.196396756098848, 0.26016697672636846], [0.22167401351213847, 0.34334312753306095, 0.25120824558508703, 0.18377461326971356], [0.2354983134854534, 0.3269650491611753, 0.23922639013402772, 0.19831024711934359], [0.24869788439475368, 0.3346678216519719, 0.22294760573817213, 0.19368668811510226], [0.3438988388327361, 0.18698125045916353, 0.13054129351545882, 0.33857861709264153], [0.4168863656236036, 0.19086726292351447, 0.21294364648334094, 0.179302724869541], [0.3757290969832425, 0.19800021357343497, 0.1720347774437243, 0.25423591189959815], [0.43372923526424695, 0.17800547609900713, 0.2017193018163603, 0.1865459867203856], [0.4889816866477849, 0.23462094014591792, 0.12957820101905188, 0.1468191720872453], [0.5457736863142255, 0.2104202892890582, 0.1058125986588656, 0.13799342563785066], [0.32381119270729586, 0.38454978966144454, 0.12881537548299188, 0.16282364204826769], [0.42563232141004964, 0.2971476271876432, 0.12780877756079304, 0.14941127374151414], [0.34342432530402606, 0.2018932432016486, 0.23977014777304348, 0.21491228362128187], [0.35069181466494376, 0.20296850193591262, 0.23363126115753657, 0.212708422141607], [0.49078853030337644, 0.22824313254405534, 0.12410160430251918, 0.156866732750049], [0.4005193769608667, 0.28401884856988235, 0.1320888270616888, 0.18337294730756212]], "ideal": "D", "sampled": "A", "correct": false}}
{"type": "result", "data": {"idx": 6, "options": ["Perfectly horizontal demand curve.", "Highly inelastic demand curve.", "Highly elastic demand curve.", "A demand curve consisting of two discontinuous segments."], "probs": [[0.17331044374163349, 0.20262657103896434, 0.2684457599848284, 0.3556172251345738], [0.1660359576460403, 0.16603978724429555, 0.4513732588716016, 0.2165509961380625], [0.13275002139596867, 0.1731433596012207, 0.3497733823571517, 0.34433323654565895], [0.1280272679217144, 0.11840831447897304, 0.5143782206484817, 0.23918619685083084], [0.17993599561370074, 0.48913957805476316, 0.14235138886428503, 0.18857303736725106], [0.17934992105881334, 0.5189922815492788, 0.11948154331376468, 0.18217625397814324], [0.27329469131619694, 0.19995381234007992, 0.22658780552546978, 0.30016369071825333], [0.26999270510964696, 0.16634383548110498, 0.3467148490392921, 0.21694861026995588], [0.2964386299486757, 0.2203019079300712, 0.19140901874462452, 0.29185044327662857], [0.3140284073928622, 0.20919443353119024, 0.2950287417023086, 0.181748417273639], [0.39556421646799117, 0.3279514214679049, 0.11158454084518682, 0.16489982111891707], [0.40180098707084455, 0.3383665953359896, 0.11878340601639681, 0.14104901147676902], [0.1954118580114358, 0.18940560235564885, 0.29799043685212406, 0.3171921026807913], [0.1940543444542443, 0.13760983532453844, 0.43057288432068686, 0.23776293580053043], [0.2449256108478473, 0.2732444919895724, 0.1999166250053813, 0.281913272057199], [0.264701336595768, 0.248672932361531, 0.3046967386894705, 0.18192899225323045], [0.2754546403609433, 0.40711575742465095, 0.12810924647957495, 0.18932035563483077], [0.2958586811723489, 0.39196786280527035, 0.16340309379850954, 0.14877036212387112], [0.3611760842789465, 0.23320222593604711, 0.17603749559661186, 0.22958419408839456], [0.42702352360055995, 0.2250354703285447, 0.1430467792748399, 0.2048942266960554], [0.35622440172636827, 0.2818088107210753, 0.16828434905436063, 0.19368243839819585], [0.4079272917176992, 0.28479087359536714, 0.15244497257265674, 0.15483686201427688], [0.4089439808913413, 0.2480484693994429, 0.1528250127877952, 0.19018253682142058], [0.3460259643462556, 0.2780496345509973, 0.2098945355142588, 0.1660298654884883]], "ideal": "D", "sampled": "D", "correct": true}}
{"type": "result", "data": {"idx": 7, "options": ["Higher risk job.", "Investment in human capital.", "Increase in production of SUVs.", "Racial discrimination."], "probs": [[0.31970529194132047, 0.21972919490505766, 0.2302946402033931, 0.2302708728502288], [0.2825020467206846, 0.2099316504408102, 0.3251789114990821, 0.1823873912394231], [0.2654723564340294, 0.2003867059803297, 0.2961789711444281, 0.23796196634121283], [0.2624312936997243, 0.20120725033655346, 0.35316428538605504, 0.18319717047766723], [0.3621903115475132, 0.23022006792836022, 0.21969476667374999, 0.1878948537503766], [0.3693170359157864, 0.24989105013169513, 0.20080821812553457, 0.17998369572698386], [0.33429246141272306, 0.20595314482914778, 0.23706919736073406, 0.2226851962973951], [0.3007538497596543, 0.19723520856525317, 0.32521512059387564, 0.17679582098121682], [0.3101254608879665, 0.20984361438310942, 0.2531386836174704, 0.22689224101145372], [0.28530674744812534, 0.2054973511863288, 0.3388370522691168, 0.17035884899642903], [0.383816338511689, 0.24781346331660598, 0.18707199767912314, 0.18129820039258193], [0.38426538725429554, 0.26826318696046664, 0.18729041235823488, 0.16018101332700296], [0.24488944573071128, 0.19677380629080327, 0.3095945325305057, 0.2487422153479798], [0.2277031940457447, 0.1978266774438685, 0.36388974024693965, 0.21058038816344712], [0.2409141957518943, 0.22988408801640978, 0.2646121084425482, 0.26458960768914774], [0.22135793659967634, 0.2213538238790034, 0.3649784489346447, 0.19230979048667554], [0.313399612872255, 0.272289127084206, 0.20878338811693906, 0.20552787182659993], [0.29200739470129305, 0.26175371839813605, 0.2577124641792208, 0.1885264226213501], [0.45701949846731854, 0.17077360318861554, 0.20925469139754457, 0.16295220684652129], [0.48030927056770667, 0.17395591474885772, 0.1823199215003334, 0.16341489308310223], [0.46189266211496205, 0.19557799072562845, 0.1726108296108983, 0.16991851744851122], [0.4895881626580889, 0.1947430724187882, 0.16400511781774765, 0.15166364700537519], [0.4604113330915406, 0.19192866693114224, 0.18604068178997665, 0.16161931808734048], [0.44335651393271513, 0.19068424401760609, 0.21274304387826182, 0.15321619807141695]], "ideal": "C", "sampled": "D", "correct": false}}
{"type": "result", "data": {"idx": 8, "options": ["all requirements for price discrimination", "required in order for a firm to earn short-run profits", "all sources of elastic demand", "all barriers to entry"], "probs": [[0.2518416382394963, 0.09863327589588403, 0.1327320654964643, 0.5167930202681553], [0.35923926644484677, 0.14976075959618765, 0.21121233153670388, 0.27978764232226166], [0.16374028363541013, 0.07266637303203402, 0.10573435022265021, 0.6578589930099056], [0.2709994336021106, 0.1028648547938781, 0.2318234162681694, 0.3943122952358419], [0.3815795353379528, 0.13395211698051412, 0.19189002475712183, 0.2925783228244112], [0.39404922426240097, 0.10441882084443936, 0.14273103963846903, 0.3588009151546906], [0.2435613147303594, 0.09245679044396828, 0.1064217780055045, 0.5575601167201678], [0.36710006787085775, 0.1578982974193569, 0.2226880953871188, 0.2523135392226665], [0.1442223638151905, 0.05827897786511326, 0.06501753627603761, 0.7324811219436587], [0.2485749088191529, 0.14164547409719166, 0.26464891036711724, 0.34513070661653816], [0.5788480423241155, 0.1607558965240634, 0.0724632936471026, 0.18793276740471848], [0.5229631622882019, 0.1522067028712512, 0.0853862532486596, 0.23944388149188725], [0.07629399660628292, 0.055824819322776074, 0.07281245209130682, 0.7950687318796342], [0.17641113520967663, 0.14855983468595452, 0.264857818521733, 0.4101712114826358], [0.0893278358687217, 0.06536327399201138, 0.06140575648834809, 0.7839031335509188], [0.16786910841975447, 0.16527721530449477, 0.2641362586969684, 0.4027174174787823], [0.27491866720196184, 0.2836680923515581, 0.12987938134923027, 0.3115338589972498], [0.23371898777354583, 0.25670519086080923, 0.19993532894138885, 0.30964049232425606], [0.5803746580497201, 0.09328126161357761, 0.09184039383208259, 0.2345036864046197], [0.6110226010572194, 0.06964112246791233, 0.06856343332590156, 0.25077284304896674], [0.6174759222137663, 0.099246918405749, 0.08896907351789478, 0.19430808576258984], [0.5420537903781842, 0.1034630035934621, 0.11014230718855221, 0.2443408987398015], [0.5606136917507318, 0.06801597028290558, 0.07128243892672109, 0.3000878989396415], [0.4593555985267866, 0.09629278871907337, 0.12364904681441995, 0.32070256583972007]], "ideal": "D", "sampled": "D", "correct": true}}
{"type": "result", "data": {"idx": 9, "options": ["increasing-cost industry", "constant-cost industry", "decreasing-cost industry", "profit-making industry"], "probs": [[0.32800577553832705, 0.24759874852202293, 0.22544866315771683, 0.19894681268193318], [0.41133500895752845, 0.22017883596069712, 0.17418240980008634, 0.19430374518168805], [0.3614953946260103, 0.2484576180788486, 0.19350411909361448, 0.1965428681015266], [0.39436489927349033, 0.24679237969422615, 0.16962345195539485, 0.18921926897688865], [0.43052079627797046, 0.2098265556807119, 0.16860668108257382, 0.1910459668587438], [0.4064357280324765, 0.22098127005274623, 0.17757038770330466, 0.19501261411147255], [0.285705298156778, 0.23686145243660287, 0.2684069573610835, 0.20902629194553565], [0.32863269232302855, 0.2330396244602702, 0.22943394567561426, 0.20889373744108697], [0.2895995805688988, 0.2555746550114279, 0.267848026778498, 0.18697773754117528], [0.33388304707049354, 0.2641284167502443, 0.19628953931752924, 0.20569899676173295], [0.35182005163489244, 0.25341257450430654, 0.20047169921777633, 0.19429567454302465], [0.33877915645399165, 0.2597574034037322, 0.19916796979056858, 0.20229547025170755], [0.3472430809163429, 0.23131681175651078, 0.21730711211496442, 0.20413299511218186], [0.3890245978581236, 0.2286984818036822, 0.18666323183115763, 0.19561368840703655], [0.32757326469165726, 0.228687446859149, 0.2511706612578595, 0.19256862709133427], [0.40385414369401434, 0.20627307014408505, 0.1737047932482343, 0.21616799281366628], [0.41929724808314656, 0.21416020391229978, 0.17755012212408305, 0.18899242578047057], [0.4253051832074904, 0.20406897090235948, 0.16656080879457988, 0.20406503699557021], [0.24877426767168997, 0.25269547855399765, 0.2648279447537461, 0.23370230892056626], [0.2371926527141561, 0.26050821720463324, 0.26878345811014087, 0.23351567187106978], [0.2553441410102545, 0.27181743357663696, 0.24749699616205822, 0.22534142915105032], [0.250474758435318, 0.27509716970247317, 0.2427766097176667, 0.2316514620445421], [0.26535849969837383, 0.2653622547908824, 0.24928931146485248, 0.21998993394589134], [0.26874358260160175, 0.26047975598590767, 0.2409077656298701, 0.2298688956826205]], "ideal": "B", "sampled": "C", "correct": false}}
{"type": "result", "data": {"idx": 10, "options": ["Amount of wood used to make a desk.", "Number of pickles put on a sandwich.", "The size of a McDonald\u2019s kitchen.", "Number of teacher\u2019s assistants in local high schools."], "probs": [[0.24527355266960119, 0.17666797864661155, 0.3249879873960468, 0.2530704811877405], [0.20476941726772083, 0.15700409135112028, 0.42024412596164884, 0.21798236531951007], [0.3109378516363104, 0.22749665377249265, 0.18282338975031812, 0.27874210474087885], [0.32891749352153665, 0.23324342864674139, 0.2444719450088663, 0.19336713272285566], [0.3449602876985948, 0.2523920350593676, 0.16554503881222252, 0.23710263832981507], [0.3139440118952566, 0.2333113699918132, 0.256277531359794, 0.1964670866531362], [0.26735699572507726, 0.2890914721362503, 0.2287178520438515, 0.2148336799948209], [0.26652330157475757, 0.27073115107690027, 0.2707700431076123, 0.1919755041407298], [0.2487592659826776, 0.2229921188281686, 0.29087286751233216, 0.23737574757682162], [0.261620309004545, 0.22031128076032155, 0.30117100025427157, 0.21689740988086187], [0.2757217071889799, 0.2510563507739885, 0.2714933237606985, 0.20172861817633297], [0.2618757486081508, 0.24220290777645415, 0.2788120507915158, 0.21710929272387927], [0.32382464973186853, 0.20584250940987567, 0.18454018348545811, 0.2857926572727977], [0.3262199759157117, 0.21062794325629622, 0.2621679901814553, 0.2009840905465367], [0.28502575416801057, 0.18987187816748619, 0.2850766565308511, 0.2400257110336521], [0.2845134990450317, 0.18659145850176137, 0.3174565386833704, 0.21143850366983646], [0.40970458965816986, 0.24851022287938077, 0.16556656112257154, 0.1762186262398778], [0.3627804409266195, 0.2342385430626715, 0.1687391945926729, 0.23424182131803611], [0.3659448027244834, 0.2476222365846967, 0.15741786359166482, 0.22901509699915507], [0.31767360792888627, 0.23608295182383848, 0.24744322509570588, 0.19880021505156933], [0.25643217178951117, 0.17902190714741792, 0.36168670111724827, 0.20285921984582267], [0.27464403880937127, 0.18012007532344884, 0.3313362499341956, 0.21389963583298433], [0.38556244965512354, 0.282098948927326, 0.1558085679852126, 0.17653003333233783], [0.37001956056857704, 0.25832912708216177, 0.14721004882785885, 0.22444126342140233]], "ideal": "C", "sampled": "D", "correct": false}}
{"type": "result", "data": {"idx": 11, "options": ["Price rises, but quantity is ambiguous.", "Price falls, but quantity is ambiguous.", "Price is ambiguous, but quantity rises.", "Price is ambiguous, but quantity falls."], "probs": [[0.23793803579493042, 0.20998439742084782, 0.273890363819761, 0.27818720286446075], [0.24469147255519674, 0.20605671096683242, 0.244714435244252, 0.3045373811337188], [0.2897844823969353, 0.26386024758977844, 0.20232286444301165, 0.2440324054702746], [0.27304680912237145, 0.24861716110229604, 0.24477978444126183, 0.23355624523407065], [0.2693213441900898, 0.24908978492243314, 0.21642962941062907, 0.265159241376848], [0.24938751011418356, 0.24171962611285738, 0.27824103000239575, 0.23065183367056333], [0.2403238641878886, 0.21882250250706825, 0.2598772567287308, 0.28097637647631235], [0.23054134499894854, 0.20991693122199684, 0.2492999099050025, 0.3102418137740521], [0.2679594794833844, 0.24782914290079458, 0.24400546017837477, 0.24020591733744626], [0.25781604645058254, 0.23844648895263393, 0.24990920719985496, 0.2538282572969286], [0.27757048190484607, 0.24882082267864597, 0.21284317650986398, 0.260765518806644], [0.24955741314903532, 0.2344427634707265, 0.274112842231017, 0.24188698104922118], [0.2949177202238399, 0.2685327093650214, 0.19956955011097954, 0.23698002020015918], [0.2859816338128459, 0.25238532577569667, 0.20924771453576074, 0.25238532577569667], [0.2736530303681425, 0.26112970707189426, 0.21990776059812642, 0.24530950186183684], [0.27337321228969413, 0.25283622362415525, 0.2129250881917178, 0.26086547579443287], [0.2668095230789404, 0.24676428732788552, 0.231828346825305, 0.25459784266786906], [0.26300124743923603, 0.25096492461049713, 0.2146743705848137, 0.2713594572654532], [0.277556641219717, 0.2607483708151678, 0.19683768170071123, 0.26485730616440395], [0.28961936890451495, 0.25163285421997167, 0.21863730436538953, 0.2401104724101239], [0.28705407897069946, 0.2613735354504003, 0.1942493733122037, 0.2573230121666965], [0.2521686889302196, 0.24063130079234318, 0.21237036900140607, 0.2948296411760311], [0.2708622337992337, 0.2505132071652778, 0.22810905699128445, 0.250515501944204], [0.26431369778851005, 0.25221800801616, 0.21914437411024193, 0.264323919985088]], "ideal": "C", "sampled": "C", "correct": true}}
{"type": "result", "data": {"idx": 12, "options": ["A bumper crop of oranges in Florida", "A decrease in the price of Tang", "Expectations of lower future prices for orange juice", "Expectations of higher future income among juice drinkers"], "probs": [[0.17449752014613162, 0.1337954888745113, 0.44562826884189216, 0.24607872203746495], [0.26248458807479846, 0.1721456102004047, 0.347764234143416, 0.21760556748138082], [0.4586394702118636, 0.2572845373662046, 0.10725588244652372, 0.1768201098754081], [0.44689542400059185, 0.2796721070480896, 0.12606356485891082, 0.14736890399240768], [0.5251049555344283, 0.21551071747504424, 0.09415379446261724, 0.16523053242791028], [0.4612624346748668, 0.25474295017556026, 0.13424640892593692, 0.149748206123636], [0.19084736702917882, 0.30978956815482733, 0.2691578268735664, 0.23020523784242747], [0.20025300679211494, 0.3626286631068256, 0.20662770855405385, 0.2304906214470056], [0.22264029083409737, 0.29960927364214296, 0.24075107274032156, 0.23699936268343813], [0.27834958250048175, 0.31053674680669263, 0.19433708776582648, 0.21677658282699913], [0.21807951382838967, 0.26720712382526773, 0.2714271029983862, 0.24328625924795647], [0.2944229840937877, 0.2990738749205015, 0.18426263330524317, 0.2222405075804676], [0.4801996230673267, 0.3149356363002299, 0.08345253330575365, 0.12141220722668968], [0.44982523690917436, 0.33956266908397115, 0.10037853119061556, 0.1102335627162389], [0.4476088449623951, 0.20176205925825058, 0.17806174818696904, 0.17256734749238528], [0.5079443000096894, 0.18687048371915566, 0.1478341387510757, 0.15735107742007926], [0.4226404554016086, 0.2563556210844348, 0.16552386179472375, 0.1554800616192328], [0.5630082915753891, 0.19156300448758057, 0.0890890631262065, 0.15633964071082385], [0.38908408555369434, 0.44785127827744353, 0.06156722117127277, 0.10149741489758934], [0.36361462416192913, 0.4386247101909703, 0.09194391348414666, 0.10581675206295388], [0.3268998064340029, 0.2110692623365233, 0.26683185297061546, 0.19519907815885837], [0.45947703271405904, 0.17993913738573733, 0.19155517281500445, 0.1690286569851992], [0.4382237195530404, 0.26580762860501106, 0.15145948527728875, 0.1445091664646598], [0.5430695645890009, 0.2126784181821325, 0.08866210431494607, 0.15558991281392046]], "ideal": "D", "sampled": "C", "correct": false}}
{"type": "result", "data": {"idx": 13, "options": ["Demand is downward-sloping.", "The demand curve lies above the marginal revenue curve.", "Price is determined by the equilibrium in the entire market.", "Average revenue differs from price."], "probs": [[0.3534558362390423, 0.20456728032320576, 0.24677627908539226, 0.19520060425235966], [0.4740630877870915, 0.21368304905357097, 0.12367924025134955, 0.18857462280798798], [0.3839383422944461, 0.2990209161936239, 0.14125721155184565, 0.1757835298600843], [0.42499594795906165, 0.31584079482261557, 0.09785007376810254, 0.16131318335022027], [0.3121724081893658, 0.16709582256947184, 0.28873997493568543, 0.23199179420547686], [0.2596876919009874, 0.14119015632648005, 0.383830189666512, 0.21529196200602055], [0.3619934374029061, 0.26073679713885517, 0.20627440817490406, 0.17099535718333464], [0.403551849444337, 0.35061914354355467, 0.09736955257033672, 0.1484594543417716], [0.38497005742008084, 0.21595051238909, 0.22282474566780264, 0.17625468442302653], [0.46216415095789504, 0.2323956128869869, 0.11870577627372474, 0.18673445978139333], [0.2865880302254686, 0.1510211170177308, 0.36231731544193313, 0.20007353721486745], [0.2766527441353669, 0.1369535875893959, 0.3497557900314298, 0.23663787814380735], [0.4462801252067937, 0.2011580169862529, 0.16940456399151632, 0.18315729371543707], [0.5267474336843986, 0.2095303857396889, 0.10054091508927376, 0.16318126538663874], [0.42503534029749507, 0.1588257002321711, 0.22752698441635164, 0.1886119749539822], [0.5668466006122433, 0.1367610225427328, 0.10651804346989283, 0.189874333275131], [0.41258534170159467, 0.16157309468601058, 0.22787542299323277, 0.19796614051916198], [0.45711882705635004, 0.14384122201685984, 0.17625199604900427, 0.22278795477778582], [0.23796226508194607, 0.2166692964514802, 0.3252861652070067, 0.22008227315956702], [0.2232644094759127, 0.1659160355113551, 0.41068517625309, 0.20013437865964226], [0.24231124689804587, 0.17182479284997756, 0.3753373510659702, 0.21052660908600632], [0.23924376716996826, 0.1618809397548329, 0.37058452101081873, 0.2282907719643801], [0.29226212016977404, 0.2832768089760749, 0.21721206084159758, 0.20724900991255352], [0.2840840135503637, 0.2977251321457585, 0.1863237861708109, 0.23186706803306684]], "ideal": "C", "sampled": "C", "correct": true}}
{"type": "result", "data": {"idx": 14, "options": ["money.", "plant and equipment.", "where the central government is located.", "the center of the economy."], "probs": [[0.017859572243766983, 0.9599969034424332, 0.015039641793921086, 0.007103882419878779], [0.015080122837410958, 0.962604022026809, 0.015080527031423359, 0.00723532800435669], [0.0030456803906213623, 0.005180525393847165, 0.9569204345039143, 0.03485335961161719], [0.0009424392730715894, 0.0017607530266253238, 0.01112821703014211, 0.9861685905701609], [0.0028306819170729647, 0.005541823456871222, 0.9320478042001106, 0.059579690325945206], [0.0008404675500554895, 0.0016978186984789403, 0.01636201020837535, 0.9810997034430902], [0.9238376078311931, 0.039961817704892974, 0.02172761564046685, 0.014472958723447137], [0.9128158091585964, 0.04837806894891471, 0.0228530541039502, 0.01595306768853874], [0.918386840568056, 0.037318958368708056, 0.02773423011618144, 0.01655997084705449], [0.9147512418020463, 0.039568741312787155, 0.025152407865159376, 0.020527608920007174], [0.9190574811909659, 0.03676720441152361, 0.02908633996559527, 0.015088974331915226], [0.918815171508601, 0.03792445634868286, 0.02448680001473087, 0.01877357202798518], [0.004021319006632285, 0.006425675794767837, 0.9537138133173074, 0.035839191781292475], [0.001128804270428231, 0.001981142616374388, 0.017657596303459706, 0.9792324567097377], [0.0063125942964774775, 0.9818384924206077, 0.008362868189283744, 0.0034860449936310028], [0.00846654601986473, 0.9786093248629453, 0.008599950536408716, 0.004324178480781292], [0.0013521128443462363, 0.002647313725930599, 0.02359530325045606, 0.9724052700792671], [0.00317262902632952, 0.005149413419780214, 0.9511751964079171, 0.040502761045973085], [0.004376897299592446, 0.008305340409642578, 0.9451401615628165, 0.04217760062794838], [0.0011075975968908019, 0.0020372103710321744, 0.020898880242723558, 0.9759563116893535], [0.010409915193396353, 0.9668235197067923, 0.015385062439377898, 0.007381502560433468], [0.012529840063704606, 0.9647551411576978, 0.013548233873023978, 0.009166784805573643], [0.0013516121124045634, 0.002646333222952925, 0.023957914859826554, 0.972044139704816], [0.0032866004462228644, 0.005090109588834829, 0.9402156233625003, 0.051407666502442016]], "ideal": "B", "sampled": "B", "correct": true}}
{"type": "result", "data": {"idx": 15, "options": ["Ray pulls weeds, since he has absolute advantage in cooking.", "Dorothy pulls weeds, since she has absolute advantage in cooking.", "Dorothy cooks, since she has comparative advantage in cooking.", "Ray cooks, since he has comparative advantage in cooking."], "probs": [[0.12030996201757567, 0.15691454473186164, 0.5477199472279007, 0.17505554592266195], [0.13760745264174412, 0.15838675125327098, 0.5528678195699556, 0.15113797643502933], [0.17670010728707705, 0.46555698812312984, 0.1511475674143875, 0.2065953370754056], [0.22952915725796902, 0.5092493295160306, 0.1577593087992265, 0.10346220432677383], [0.15906824406982592, 0.4062070608657755, 0.1641256833527126, 0.2705990116116859], [0.27056779446847384, 0.43918846397223316, 0.17745036714052012, 0.11279337431877286], [0.15354999898328697, 0.17673742769381307, 0.49570810789873243, 0.17400446532416755], [0.13712332059929405, 0.18742766042944067, 0.5339673916153816, 0.14148162725588362], [0.16291262693303774, 0.37879682712333784, 0.20595317200607383, 0.25233737383755056], [0.25723611242255984, 0.38018262234869227, 0.2270217855808945, 0.13555947954785338], [0.19455576851342352, 0.5046613065494696, 0.1539168311824414, 0.14686609365466552], [0.276143133612675, 0.4697555303103853, 0.15250957010651417, 0.10159176587042554], [0.2963768155166122, 0.22724638199779706, 0.24191104642382963, 0.2344657559617611], [0.30893718514759366, 0.20579944592142302, 0.33932443997778045, 0.14593892885320284], [0.24205989772551753, 0.1885215611787631, 0.25369143105456343, 0.31572710994115594], [0.3134410883637422, 0.2222700052554661, 0.2991073042121249, 0.16518160206866683], [0.38307552828984465, 0.22171328791030137, 0.22521063535408942, 0.17000054834576456], [0.35500499073583797, 0.24021802482262103, 0.20871016070081605, 0.19606682364072492], [0.2753980539582363, 0.21115998060856597, 0.2547145859557362, 0.2587273793774615], [0.38097849484448576, 0.21708084640716308, 0.22750502822508276, 0.1744356304232684], [0.3062003689489697, 0.22055357188255498, 0.26604897970499863, 0.20719707936347667], [0.3307587356195466, 0.21024831187492776, 0.2873873879895987, 0.17160556441592695], [0.389765709599619, 0.20539800820680854, 0.22914355990979438, 0.17569272218377807], [0.3554639378787031, 0.2156070417966576, 0.22951779793222435, 0.19941122229241492]], "ideal": "D", "sampled": "D", "correct": true}}
{"type": "result", "data": {"idx": 16, "options": ["The price of apple peelers/corers rises.", "Your aunt\u2019s friends gossip all day, slowing their dough-making process.", "There is a sale on ovens.", "A new study reveals that apples increase your risk of cancer."], "probs": [[0.34670268572098106, 0.287448095498433, 0.17436654413187538, 0.19148267454871057], [0.3123530652105466, 0.2713967182544656, 0.20488322658626137, 0.2113669898487264], [0.3170982755210573, 0.24697003152120883, 0.21797717131086686, 0.217954521546867], [0.24839283903173426, 0.24076806420207084, 0.2158425204608432, 0.2949965762053517], [0.30201754420981913, 0.27074405951689373, 0.19200554774279924, 0.23523284843048792], [0.24505114187753718, 0.2691607136880305, 0.17110426467280795, 0.3146838796616243], [0.32103292217424356, 0.38727296066744943, 0.12771943939127225, 0.16397467766703477], [0.28686411040727955, 0.39212844940461766, 0.14426739942381733, 0.1767400406642854], [0.2966333848413266, 0.29665552796850825, 0.2239521312454006, 0.18275895584476448], [0.22658984360813172, 0.2649412154886426, 0.14633278547254172, 0.36213615533068394], [0.22571512909748803, 0.25980903264124067, 0.3183624933855754, 0.19611334477569586], [0.23276152960405225, 0.23645333671788132, 0.1813184781699002, 0.34946665540816624], [0.27671675128181633, 0.3087195295704425, 0.20567459785407088, 0.20888912119367023], [0.22427983760675893, 0.3114058905085868, 0.19795945269567936, 0.26635481908897485], [0.26235547659157754, 0.27496072647206143, 0.2707310616699331, 0.19195273516642788], [0.20650893447718235, 0.2268252372514874, 0.20980790255355838, 0.35685792561777185], [0.20036502774894668, 0.24550494941827053, 0.3008329137486577, 0.25329710898412505], [0.2059194918712993, 0.20274497848241757, 0.18176143276295795, 0.4095740967833252], [0.2747363406929364, 0.4189498957729128, 0.1447973080609884, 0.16151645537316242], [0.2569109575763019, 0.39794392575647375, 0.1419026148744365, 0.2032425016927878], [0.23320378808414388, 0.23321326522223854, 0.33410240703002597, 0.19948053956359163], [0.22672222353320381, 0.21300505002655531, 0.230346558194181, 0.32992616814605985], [0.24488436777904202, 0.23736297652864477, 0.26899839647397356, 0.24875425911833965], [0.24113085504250142, 0.19682277443790988, 0.15817016125870312, 0.40387620916088557]], "ideal": "C", "sampled": "A", "correct": false}}
