{"type": "result", "data": {"idx": 0, "options": ["P(t > 1.54) with df = 6", "2P(t > 1.54) with df = 6", "P(t > 1.54) with df = 7", "2P(t > 1.54) with df = 7"], "probs": [[0.23841924607725068, 0.24986224991770017, 0.2618571182546852, 0.2498613856503639], [0.25168352191538235, 0.2516845649966192, 0.17847344969782136, 0.31815846329017705], [0.22583636302721613, 0.3841626586505662, 0.14581377585541733, 0.2441872023668004], [0.2189918490875098, 0.3499496928990069, 0.16274415197449915, 0.26831430593898414], [0.2235718633968796, 0.269680495984997, 0.24941806121033613, 0.25732957930778727], [0.1994195162964051, 0.21901952054425636, 0.3725722785304783, 0.20898868452886024], [0.2357470173675402, 0.29339315609998645, 0.1864947173857543, 0.2843651090467191], [0.25729477786374244, 0.3462292901263503, 0.1585174524404654, 0.23795847946944187], [0.24203500870534403, 0.30121860802793166, 0.24972354617373982, 0.20702283699298452], [0.22686079618178567, 0.27795680112040433, 0.23406725073199644, 0.2611151518658136], [0.2496576420764168, 0.35762038290470344, 0.1689303790023319, 0.22379159591654785], [0.23965156075942107, 0.31748789545699024, 0.19560183582734075, 0.24725870785624796], [0.24903642009742805, 0.2778216343515695, 0.19094658180572333, 0.28219536364527914], [0.2524481713519372, 0.3093076646018665, 0.19356302915068002, 0.24468113479551631], [0.260058279904671, 0.2560273370482697, 0.2683190067094614, 0.21559537623759786], [0.23353195188094367, 0.26462715861535246, 0.26463189718461166, 0.2372089922190922], [0.30484520931704356, 0.27756669700995956, 0.17643484208555704, 0.24115325148743982], [0.29718122326116075, 0.26639280117459696, 0.16157777846594823, 0.27484819699829405], [0.24550026260097718, 0.26133490774409374, 0.22353542848089583, 0.2696294010740332], [0.19839488866744662, 0.2079158959205882, 0.4266254476291846, 0.1670637676827806], [0.29318140186826713, 0.27541972542513593, 0.18062757367309235, 0.25077129893350464], [0.2437566594906279, 0.28498139125294597, 0.2594830912246176, 0.21177885793180853], [0.2766012764713348, 0.3183679485489066, 0.13271757563463146, 0.2723131992451271], [0.2808680873957755, 0.3441284051808566, 0.13476455411106594, 0.240238953212302]], "ideal": "B", "sampled": "C", "correct": false}}
{"type": "result", "data": {"idx": 1, "options": ["0 to 31.7 minutes", "31.7 to 39.3 minutes", "25.3 to 44.7 minutes", "25.3 to 35 minutes"], "probs": [[0.28990580332781474, 0.2766311044730283, 0.19312251239026249, 0.24034057970889453], [0.29195060888067104, 0.287425603131138, 0.2135997382546487, 0.20702404963354223], [0.31499367949196866, 0.3149953782243446, 0.1535189300622009, 0.21649201212148586], [0.3153408169431058, 0.3356801867149366, 0.16359996794018297, 0.1853790283017746], [0.32339683653751844, 0.30380481931218534, 0.1704217369746872, 0.20237660707560898], [0.3376270083316147, 0.3221673821111891, 0.15948706150753075, 0.1807185479496654], [0.32171195262862856, 0.27950912294708374, 0.17766979070213268, 0.221109133622155], [0.3273648819785316, 0.28442083938791757, 0.18653070368896135, 0.20168357484458946], [0.3461474426318646, 0.3354996392465958, 0.14429914734858987, 0.17405377067294978], [0.3374687436602674, 0.28865348890399656, 0.17236612786412295, 0.2015116394716131], [0.3646594990323754, 0.33725748467820393, 0.13626648890403673, 0.16181652728538398], [0.3684724568952206, 0.291487127513347, 0.14887958763541112, 0.19116082785602123], [0.3564626116785405, 0.29093750007800834, 0.1462952578087517, 0.20630463033469948], [0.37327296094250634, 0.304658059814774, 0.14848110299534595, 0.17358787614737373], [0.36410195174304405, 0.3213208365315868, 0.1425876936559499, 0.1719895179694193], [0.32030784009518937, 0.3104544764717591, 0.1687941949672106, 0.20044348836584092], [0.36406911500833933, 0.297146150355014, 0.16410263370132436, 0.1746821008353223], [0.31159619422407897, 0.2881805386308898, 0.1860665883255676, 0.2141566787194636], [0.3563126921297435, 0.2863066196155344, 0.16060625015083238, 0.19677443800388975], [0.38697323775852177, 0.2967040582703488, 0.14460458075455063, 0.1717181231165788], [0.35768666011610994, 0.3156595417934628, 0.14679769555040656, 0.17985610244002068], [0.3342601457344925, 0.3091417068445468, 0.15066631728892962, 0.20593183003203117], [0.3389444845890464, 0.30382936284396517, 0.17861510279135598, 0.17861104967563246], [0.30557098070990124, 0.28260787476431876, 0.18826065394603156, 0.2235604904797484]], "ideal": "C", "sampled": "D", "correct": false}}
{"type": "result", "data": {"idx": 2, "options": ["The possible outcomes must all be numerical.", "The possible outcomes must be mutually exclusive.", "The mean (expected value) always equals the sum of the products obtained by multiplying each value by its corresponding probability.", "Approximately 95% of the outcomes will be within two standard deviations of the mean."], "probs": [[0.3021904370234237, 0.3117834166685596, 0.32168681728746495, 0.06433932892055176], [0.3137695672135116, 0.3089053217420528, 0.2901953350389629, 0.08712977590547266], [0.2874539005265486, 0.3467366228180326, 0.29198605906971786, 0.0738234174857009], [0.3146749413095531, 0.3402461085855006, 0.2691608945073671, 0.0759180554975792], [0.2945979513335826, 0.3286484753112531, 0.2811126389735515, 0.0956409342816129], [0.3153731681669364, 0.33571378872701074, 0.2740061160347287, 0.07490692697132419], [0.26853403467242654, 0.3502354714932389, 0.3042949777866936, 0.07693551594764089], [0.2717385150058805, 0.3435104607851524, 0.28478495778652263, 0.09996606632244448], [0.25384043699049075, 0.34158037817115705, 0.32594393466342675, 0.07863525007492546], [0.2768252697925062, 0.3499411008858247, 0.2901163317059684, 0.08311729751570071], [0.25302362439486364, 0.32488885518639843, 0.3198578655399899, 0.10222965477874799], [0.27559473286511077, 0.3376666802525609, 0.3026876359074328, 0.08405095087489547], [0.3506009034551391, 0.33981547262571765, 0.23723371678056818, 0.07234990703857504], [0.32001209494260674, 0.36262297896859, 0.24923111681555207, 0.06813380917325118], [0.30698181339195985, 0.31672711357015765, 0.3022289984456341, 0.07406207449224836], [0.31070998973198105, 0.33595908161923305, 0.28291101133147417, 0.07041991721731176], [0.31734560828287545, 0.31734668116654524, 0.30281932963796154, 0.0624883808126177], [0.32151027686355454, 0.3476372593944477, 0.26654692288745024, 0.06430554075454752], [0.3232960032356738, 0.3335599526378749, 0.2365332043709285, 0.10661083965552282], [0.3139965370134253, 0.3614097048735716, 0.252308415103366, 0.0722853429096371], [0.2877535946228287, 0.3111362867559024, 0.29689357892324425, 0.10421653959802472], [0.3007611035999898, 0.3408085107462536, 0.28699398037901547, 0.07143640517474112], [0.3251573036046918, 0.33027910075568495, 0.28250696305131107, 0.062056632488312155], [0.31412428380295343, 0.3615566166757841, 0.25638559267053945, 0.06793350675072302]], "ideal": "D", "sampled": "C", "correct": false}}
{"type": "result", "data": {"idx": 3, "options": ["If there is sufficient evidence to reject a null hypothesis at the 10% level, then there is sufficient evidence to reject it at the 5% level.", "Whether to use a one- or a two-sided test is typically decided after the data are gathered.", "If a hypothesis test is conducted at the 1% level, there is a 1% chance of rejecting the null hypothesis.", "The power of a test concerns its ability to detect an alternative hypothesis."], "probs": [[0.3529092458783788, 0.2705854015922923, 0.24255698961234493, 0.133948362816984], [0.30460635989204615, 0.26054398650043564, 0.31923482896265887, 0.11561482454485929], [0.39249998327144947, 0.28270772096667857, 0.197367072085671, 0.12742522357620095], [0.3770404103462296, 0.2846054094058966, 0.22514696081492458, 0.11320721933294922], [0.34127294688575865, 0.3205970810944957, 0.22381854867454487, 0.11431142324520079], [0.3384289119916318, 0.3280172919301699, 0.22195246648094458, 0.11160132949725377], [0.33870047327469316, 0.30361065265480436, 0.21868716178137682, 0.13900171218912566], [0.3116173194278194, 0.2882004422883147, 0.2837398094212363, 0.11644242876262959], [0.3345472166420173, 0.3142792237343145, 0.2160051432631205, 0.1351684162605477], [0.3306343579753984, 0.3204633617115183, 0.23815427895603944, 0.11074800125704383], [0.2947791814509298, 0.3446336388243318, 0.2521445750938041, 0.10844260453093431], [0.30485249952927856, 0.3245147595110619, 0.25671829431896154, 0.11391444654069796], [0.39003277111647905, 0.2990493200349476, 0.19009219249740852, 0.12082571625116482], [0.3796880357984905, 0.2866040851367236, 0.22321303851795374, 0.11049484044683222], [0.364697131128116, 0.2586089775744023, 0.25065885104274155, 0.1260350401547401], [0.3395263749162663, 0.2523145600211267, 0.2996406465576269, 0.10851841840498012], [0.35343899266049456, 0.31190880200399773, 0.23179643653112006, 0.10285576870438769], [0.3740683793647538, 0.3005723952946498, 0.2164999395392402, 0.1088592857013562], [0.40374109117068474, 0.2862958694487714, 0.20946451948988004, 0.10049851979066382], [0.4012973218464994, 0.2890439862682563, 0.2081955922590112, 0.10146309952623313], [0.3585496624621497, 0.2664518117590187, 0.27065525061140266, 0.1043432750674289], [0.349578214758628, 0.2638754942702934, 0.27654717399942963, 0.10999911687164904], [0.3936292020649046, 0.2925203805687651, 0.21738824732040618, 0.0964621699459241], [0.40448189681780955, 0.2913377647854613, 0.20659523171941058, 0.09758510657731857]], "ideal": "D", "sampled": "D", "correct": true}}
{"type": "result", "data": {"idx": 4, "options": ["is seen more frequently than the other observations in the data set", "is seen less frequently than the other observations in the data set", "is always smaller than the other observations in the data set", "is significantly different from the other observations in the data set"], "probs": [[0.2613453747959437, 0.20038359459496236, 0.13348666725522554, 0.40478436325386835], [0.22076427431123405, 0.2242424588087575, 0.4124567692667597, 0.1425364975132487], [0.20007347163661654, 0.13121363445237821, 0.1332816918619279, 0.5354312019490773], [0.10047101303281272, 0.11931283859693594, 0.6551785517214603, 0.125037596548791], [0.19511360182422735, 0.5825105829708924, 0.11292662734988222, 0.10944918775499798], [0.17031181110693316, 0.6229849549949791, 0.10012450962443031, 0.1065787241736574], [0.2732675034537707, 0.19377852685631883, 0.12908652231167544, 0.40386744727823504], [0.24231687185725329, 0.22410784659528787, 0.393332630356556, 0.1402426510909028], [0.20003465709966833, 0.1271518579847065, 0.13748594707407732, 0.5353275377415478], [0.09718854341386463, 0.11186382590098469, 0.6538903956165583, 0.1370572349685924], [0.20949309820780915, 0.5694703202554529, 0.10534314693012299, 0.11569343450661498], [0.1975179612439048, 0.5989760755893638, 0.09778183697676357, 0.10572412608996774], [0.11274787267497653, 0.1470525696295332, 0.2106456073931504, 0.5295539502023399], [0.05683735770076216, 0.10132362050853136, 0.7033472807117398, 0.13849174097896663], [0.09974596353037464, 0.1696751834621287, 0.2547157438886229, 0.4758631090188738], [0.051001083406103584, 0.10629543693299885, 0.7040693287098868, 0.13863415085101072], [0.07319652124813206, 0.632329628575773, 0.10162642369983138, 0.19284742637626354], [0.07716955303652577, 0.6461407619513445, 0.10548127051682801, 0.17120841439530166], [0.7719819997227463, 0.10949165914059639, 0.047834078816866764, 0.07069226221979058], [0.8510911283098945, 0.07208091852099668, 0.024911008361770196, 0.05191694470733858], [0.7729037239134624, 0.11134860540643368, 0.04714857677356533, 0.0685990938065386], [0.8504507192306704, 0.07548325943819399, 0.02608679500350726, 0.04797922622762836], [0.7703485293842872, 0.0949269284547449, 0.04414584717473697, 0.09057869488623095], [0.7536328062744151, 0.10523212268588013, 0.04970893411463912, 0.09142613682506566]], "ideal": "D", "sampled": "D", "correct": true}}
{"type": "result", "data": {"idx": 5, "options": ["95 percent of the students in her school are from families whose income is between $35,095 and $45,005.", "There is a 95% probability that the families of all the students in this school have an income of between $35,095 and $45,005.", "If we were to take another sample of the same size and compute a 95 percent confidence interval, we would have a 95% chance of getting the interval ($35,095, $45,005).", "There is a 95% probability that the mean income per family in the school is between $35,095 and $45,005."], "probs": [[0.2758413429651384, 0.307723985236331, 0.20821962317740608, 0.20821504852112452], [0.25889760253224625, 0.29798972603679036, 0.22847978768448082, 0.21463288364648256], [0.28304103014022924, 0.3309096097615257, 0.19453476367435604, 0.191514596323889], [0.2730584022252609, 0.32426546551328145, 0.2565193657386367, 0.14615676642282097], [0.24414042034656316, 0.4152986817258139, 0.14130015038179308, 0.19926074744582983], [0.2661931335448177, 0.43207647343471356, 0.16145745639933418, 0.1402729365211346], [0.39405958666259555, 0.24659632899094316, 0.16427126035623363, 0.19507282389022768], [0.3504273734445304, 0.25637840076005863, 0.19967046975565889, 0.1935237559397521], [0.40038776390812136, 0.25851012327841744, 0.15197301267258917, 0.18912910004087202], [0.3385986832072087, 0.280708002388361, 0.2438878605768042, 0.1368054537276261], [0.3539401730269824, 0.32226704107278853, 0.13434281343325974, 0.18944997236696937], [0.3759903777457461, 0.33181078721889284, 0.1449597542570003, 0.14723908067836072], [0.29483197454388943, 0.3089815217982385, 0.20582946562926618, 0.1903570379286058], [0.2755306876762147, 0.31221734543845137, 0.2670583943142148, 0.14519357247111914], [0.2850418175484352, 0.3835665399515481, 0.15020892470195613, 0.18118271769806055], [0.26445715606974124, 0.3847836542328601, 0.20920625395517514, 0.14155293564222354], [0.2870780272059363, 0.47331375584211055, 0.1254172790732327, 0.11419093777872048], [0.27227885339752544, 0.47045744862791467, 0.130643148130321, 0.1266205497442389], [0.40419749594770354, 0.2569239024446026, 0.14188908894927102, 0.1969895125584228], [0.41957692412217695, 0.266699391575337, 0.16176398863825878, 0.15195969556422723], [0.4029477180404475, 0.2561292204677765, 0.14145023472386126, 0.1994728266679148], [0.4230973530988184, 0.26066260362063215, 0.15565139847995707, 0.16058864470059236], [0.451047731922098, 0.28225893620585896, 0.1354318599396177, 0.13126147183242534], [0.4299670201129684, 0.28642003018256645, 0.1440239015659372, 0.13958904803852798]], "ideal": "D", "sampled": "D", "correct": true}}
{"type": "result", "data": {"idx": 6, "options": ["The probability of a Type I error and the probability of a Type II error would both decrease.", "The probability of a Type I error and the power would both increase.", "The probability of a Type II error and the power would both increase.", "The probability of a Type I error would stay the same and the power would increase."], "probs": [[0.4004189490684269, 0.288412110996666, 0.17493367901481693, 0.13623526082009016], [0.38407220288035465, 0.30382748529771086, 0.181426728307143, 0.1306735834147915], [0.3400581967421224, 0.27324512321062827, 0.2449397599523985, 0.14175691999485082], [0.2614495792939517, 0.20682436533922538, 0.15131815001819537, 0.3804079052486275], [0.3244718836414021, 0.29543574981188386, 0.260726177799121, 0.11936618864759302], [0.31859536399912886, 0.2520302050471197, 0.19628489892985598, 0.23308953192389545], [0.4554771211003491, 0.25952421069385884, 0.16240896805039376, 0.12258970005539825], [0.41090776593805545, 0.28241374454623663, 0.18521473885975684, 0.12146375055595107], [0.437189287457695, 0.24143942057816906, 0.1880365190919433, 0.13333477277219263], [0.4589274432316798, 0.24951542536723326, 0.18255262891103025, 0.1090045023900567], [0.46905352447228266, 0.2590371436482484, 0.1672497242000589, 0.10465960757941001], [0.5123984178954683, 0.24972414781841717, 0.1400848318490012, 0.09779260233711337], [0.38941533608944223, 0.2718568918497104, 0.20203039635051798, 0.1366973756103294], [0.33263524372126513, 0.22158340447166816, 0.1476087377040377, 0.298172614003029], [0.40888758271158987, 0.2639984409545579, 0.19015423384927851, 0.13695974238457373], [0.4358665119341337, 0.27275912528503843, 0.18456109393831496, 0.10681326874251287], [0.42057400310938914, 0.25509175275558765, 0.16470262161183474, 0.1596316224231885], [0.4077689172744951, 0.27591113075570245, 0.20827240370433203, 0.10804754816547038], [0.3980567365921077, 0.2651639223169481, 0.23769553962143575, 0.09908380136950846], [0.4178566509706156, 0.23076280261465568, 0.16883269937636827, 0.18254784693836046], [0.46356132621897894, 0.2946588992777851, 0.15049953757211587, 0.09128023683112009], [0.5149682798091806, 0.2843935808582344, 0.1204219320327465, 0.08021620719983849], [0.44489358196856876, 0.261539884229371, 0.15137048515267879, 0.14219604854938142], [0.42981698464302065, 0.28188153678516725, 0.19678869548277078, 0.09151278298904128]], "ideal": "D", "sampled": "B", "correct": false}}
{"type": "result", "data": {"idx": 7, "options": ["It cannot be determined, because the mean heights for the two groups are different.", "It cannot be determined, because the standard deviations of the heights for the two groups are different.", "The man, because he is 74 inches tall and the woman is only 70 inches tall.", "The woman, because her height is 1.33 standard deviations above the mean height of all women, whereas the man\u2019s height is only one standard deviation above the mean height of all men."], "probs": [[0.1259686499708092, 0.17764450607907545, 0.3645043074720182, 0.33188253637809717], [0.15216872677659848, 0.20476563542430548, 0.48359471652471697, 0.15947092117437905], [0.1665761743829541, 0.3873025418832647, 0.11998121260424863, 0.3261400710295326], [0.1923875361488597, 0.34296816584018436, 0.3324189483786996, 0.1322253495322563], [0.23374368790128167, 0.53504723684607, 0.09592906129140856, 0.13528001386123975], [0.24292769440545106, 0.4907294396092053, 0.15684721456565637, 0.1094956513196873], [0.12220920041540072, 0.16445064278169877, 0.3705966748371175, 0.34274348186578296], [0.15328202683340442, 0.19376685635992794, 0.49480392049359656, 0.15814719621307105], [0.18560739551146177, 0.4182742989492231, 0.10411719619623232, 0.2920011092430828], [0.22184567481811185, 0.3833154496661285, 0.27609396389486085, 0.11874491152089876], [0.2546321990541055, 0.5224740387913984, 0.09079273586275573, 0.1321010261917404], [0.2635226629504097, 0.46249835868411143, 0.16750663634522828, 0.10647234192025058], [0.1516466081972234, 0.19471895363284764, 0.10753432556116062, 0.5461001125087683], [0.15834456755027118, 0.28672495898196204, 0.45108612314546215, 0.10384435022230462], [0.1559969233117546, 0.21658115732236002, 0.1159279231887738, 0.5114939960771115], [0.1894671405424167, 0.33252520852303635, 0.3827380708701268, 0.09526957996442015], [0.2623061376260396, 0.5298757232875987, 0.11281734547173387, 0.09500079351462778], [0.2542943731975884, 0.5217808043965697, 0.12588584796975388, 0.098038974336088], [0.5616089021358223, 0.23411406225435175, 0.08090853569728876, 0.12336849981253725], [0.516489051967875, 0.276457113437594, 0.13264695401565257, 0.0744068804788784], [0.5608111023342082, 0.23378154633091566, 0.08600430934761219, 0.11940304188726394], [0.5192068892079972, 0.27791196519206357, 0.12924233270250263, 0.07363881279743659], [0.5717962255845725, 0.23102700191600772, 0.11084884156261152, 0.08632793083680819], [0.5559046532608684, 0.23538529957650836, 0.12211722896563365, 0.08659281809698958]], "ideal": "D", "sampled": "D", "correct": true}}
{"type": "result", "data": {"idx": 8, "options": ["There are different t-distributions for different values of df (degrees of freedom).", "t-distributions are bell-shaped and symmetric.", "t-distributions always have mean 0 and standard deviation 1.", "t-distributions are more spread out than the normal distribution."], "probs": [[0.5444457854945872, 0.2914231592973609, 0.12148693926829802, 0.0426441158397538], [0.544341765244109, 0.29595611709197156, 0.1177272025191747, 0.04197491504474472], [0.5441170001734605, 0.3052250294377359, 0.10385077948597227, 0.04680719080283124], [0.5158123507978031, 0.31778545013058057, 0.1206214310270254, 0.04578076794459096], [0.5721168793845518, 0.2922115460372821, 0.09487025653719715, 0.04080131794096894], [0.5535251724493441, 0.29628310818657616, 0.11071631019900513, 0.03947540906507462], [0.457641718201275, 0.3245183124526656, 0.16318271535092235, 0.05465725389513697], [0.4453908966554444, 0.33098856844380786, 0.17442407361998624, 0.04919646118076147], [0.45536014263487, 0.31296574949709005, 0.17556291751460862, 0.0561111902534313], [0.4432068400654025, 0.32425915708489383, 0.16561990727884526, 0.06691409547085839], [0.45999804991350424, 0.3161534725587095, 0.17460178162277482, 0.049246695805011405], [0.4505484439390695, 0.3145356710339716, 0.17101460477598554, 0.0639012801509733], [0.49637894131737953, 0.315519847721492, 0.13153222544936383, 0.056568985411764625], [0.47550939977432577, 0.31675946355320017, 0.15438075189558273, 0.053350384676891315], [0.5027424002915345, 0.2776421256524938, 0.16579255151222191, 0.05382292244374972], [0.4996946118113063, 0.284719064751357, 0.15004075354539947, 0.06554556979193725], [0.5063391195313417, 0.2976632338328921, 0.14507397629539617, 0.05092367024036995], [0.5233329845938073, 0.2935653801603829, 0.11861446460577622, 0.06448717054003351], [0.5271642227210599, 0.30037137974913547, 0.12919235276328167, 0.043272044666523], [0.5182497807306857, 0.2952916158836301, 0.14391828267783852, 0.0425403206078457], [0.5206029894292624, 0.2700865208068147, 0.16382097830130382, 0.04548951136261907], [0.5117126106704168, 0.2739016711437982, 0.15606914459098337, 0.058316573494801585], [0.5098504480565531, 0.2950807544489251, 0.14838071331813588, 0.04668808407638587], [0.5209651802354769, 0.29683942816132863, 0.12374481319588124, 0.05845057830731325]], "ideal": "C", "sampled": "A", "correct": false}}
{"type": "result", "data": {"idx": 9, "options": ["This study was an observational study.", "Lack of blocking makes this a poorly designed study.", "The placebo effect is irrelevant in this type of study.", "This study was an experiment in which the subjects were used as their own controls."], "probs": [[0.26290843671638553, 0.24698146421172415, 0.17789714566767878, 0.3122129533042115], [0.2671628037895248, 0.2888728422959782, 0.307511632225632, 0.13645272158886496], [0.2621186556202916, 0.22072724009062356, 0.20097791248139027, 0.31617619170769456], [0.2753158252458008, 0.2627085486195317, 0.3168952809984778, 0.14508034503618966], [0.37071497349354804, 0.34285808627926245, 0.17511868997010854, 0.11130825015708094], [0.36155202442439854, 0.3449981756908682, 0.16044279692292943, 0.1330070028618038], [0.2848232814490118, 0.2361288376733663, 0.18973774075173927, 0.2893101400258826], [0.27587604931033666, 0.28022155580432745, 0.3029992923284456, 0.1409031024568903], [0.27397801244597625, 0.2343478693870263, 0.21338025269549, 0.27829386537150747], [0.27114827802162234, 0.24688397364031217, 0.33222625656225446, 0.14974149167581105], [0.3468254311579966, 0.3258152998901023, 0.19154076847130252, 0.1358185003805986], [0.35730735528792235, 0.330458382646726, 0.15855867141564597, 0.15367559054970564], [0.26758576822074037, 0.24364113843143578, 0.22533542062559897, 0.26343767262222484], [0.26403912112340067, 0.28106873387063014, 0.3135631884749135, 0.14132895643105572], [0.27353728630004664, 0.26101271093299677, 0.21639148043588968, 0.24905852223106684], [0.26404321191054636, 0.2682016491621752, 0.32861521836809365, 0.13913992045918477], [0.33280963198209085, 0.3328124632027596, 0.18669499733212752, 0.14768290738302206], [0.35653548366630616, 0.33493619155704824, 0.17107235873799376, 0.1374559659386518], [0.47690659756659765, 0.2675221562118037, 0.15243339537049885, 0.10313785075109978], [0.48378642667780725, 0.2630320747971944, 0.13646285031171684, 0.11671864811328152], [0.43573992083110813, 0.2642910876714303, 0.18450973123365796, 0.11545926016380365], [0.4792195486659477, 0.2525325379635803, 0.13517398929475058, 0.1330739239757215], [0.4185794640015528, 0.25388245258877296, 0.19164571511940698, 0.13589236819026723], [0.4567157965975108, 0.2483129537090416, 0.1578410981319284, 0.1371301514615192]], "ideal": "D", "sampled": "D", "correct": true}}
{"type": "result", "data": {"idx": 10, "options": ["It describes a process that creates estimates that are too high on average or too low on average.", "It describes a process that results in a sample that does not represent the population.", "It describes a lack of randomization in the sampling process.", "It describes a sample that is not representative of the population."], "probs": [[0.2937903978099407, 0.531989212787677, 0.09390289265540812, 0.08031749664697424], [0.30809750231709165, 0.5159692609995434, 0.10160167956523304, 0.07433155701813184], [0.2639806548690517, 0.27236002477991894, 0.3389644895232171, 0.12469483072781222], [0.3522641877716737, 0.29663642574928206, 0.22744370486301324, 0.123655681516031], [0.358480574912991, 0.39991519446383983, 0.15907788207232562, 0.08252634845084347], [0.3777986011201313, 0.3959314076180975, 0.12458734677184038, 0.10168264438993081], [0.5394536102320946, 0.3122132676106355, 0.07300881148961945, 0.07532431056765043], [0.508638043227519, 0.34416340080050917, 0.08048013151675815, 0.06671842435521366], [0.4284657995147871, 0.2639700570427428, 0.225790509029642, 0.08177363431282807], [0.5021941065286075, 0.25251939890243663, 0.14165341852678925, 0.1036330759421666], [0.4860733630049441, 0.244413146516571, 0.19948843862686086, 0.07002505175162403], [0.6004239960936102, 0.21076911842778492, 0.09956229551304871, 0.08924458986555613], [0.2778922749544084, 0.48771846362729554, 0.14417133364598672, 0.09021792767230938], [0.3131031188980496, 0.5003407746154639, 0.10487874908825262, 0.08167735729823392], [0.20974805167648605, 0.6261956457839691, 0.09907976167851214, 0.06497654076103267], [0.20980685321954345, 0.6362353969106004, 0.0847712357325649, 0.06918651403729124], [0.27532653972262094, 0.4005985706421018, 0.2318526568831864, 0.09222223265209087], [0.2844811208774782, 0.420436848081485, 0.18367833718362997, 0.11140369375740683], [0.28400800898847106, 0.5223742956462099, 0.11475196247526705, 0.07886573279005199], [0.2984664462094046, 0.5077124871380484, 0.09842590314973036, 0.09539516340281659], [0.2770943641385503, 0.2814576625542517, 0.3395113944667813, 0.10193657874041669], [0.3258593629591738, 0.3158339214629911, 0.21370832301463938, 0.1445983924631957], [0.2657974144269598, 0.28739542390996947, 0.33600703104893004, 0.11080013051414066], [0.2845065039783301, 0.32746503241758723, 0.24718836315765247, 0.1408401003464302]], "ideal": "A", "sampled": "B", "correct": false}}
{"type": "result", "data": {"idx": 11, "options": ["Halting the production process when sufficient customer complaints are received.", "Halting the production process when the tissue strength is below specifications.", "Halting the production process when the tissue strength is within specifications.", "Allowing the production process to continue when the tissue strength is below specifications."], "probs": [[0.27261983939335704, 0.5337675729788895, 0.10510662785452625, 0.08850595967322718], [0.2668701012586625, 0.5307379762767752, 0.11300233329438897, 0.08938958907017326], [0.19604865328279703, 0.2808264964168655, 0.36059586578298336, 0.16252898441735406], [0.16792447249008316, 0.16792550067025905, 0.08711999363206811, 0.5770300331075897], [0.23046690854856508, 0.2823732091810108, 0.3799840665979654, 0.10717581557245875], [0.247610118250969, 0.2940460101363164, 0.15018699837930669, 0.30815687313340784], [0.6139057919805205, 0.20563341828341375, 0.09866622162865062, 0.08179456800741508], [0.5758046206954072, 0.21855137100224983, 0.126490631050377, 0.07915337715196595], [0.6371785330450545, 0.20365585157113372, 0.058349627343508625, 0.10081598794030315], [0.5958755104523399, 0.23334928202306182, 0.09138289974286615, 0.0793923076817321], [0.6116143392425474, 0.25100733997833313, 0.05962070215372636, 0.07775761852539306], [0.5736659296847744, 0.2709820926883013, 0.08010381638434763, 0.07524816114257664], [0.2019235342539089, 0.1926761120365109, 0.4622165262236911, 0.14318382738588914], [0.2536894641013154, 0.1743591252635534, 0.11257663200300752, 0.4593747785321237], [0.4455544518067846, 0.3470003435786393, 0.0837195919265918, 0.12372561258798424], [0.46619398293330483, 0.3305828721230161, 0.11424893373975883, 0.0889742111039202], [0.2764238561038442, 0.22561199647378818, 0.08299971803936379, 0.41496442928300387], [0.3492025992821088, 0.3130231732579351, 0.24378851379910904, 0.09398571356084705], [0.24438376870880912, 0.19032563053351764, 0.4710735398034693, 0.09421706085420391], [0.28936459355825905, 0.19887868753343965, 0.12840846945005868, 0.38334824935824263], [0.43235079416073463, 0.43916300916369766, 0.04850985962807008, 0.07997633694749763], [0.46542097585857317, 0.398099145437538, 0.06398171311154202, 0.07249816549234685], [0.3295102294387388, 0.23365948221509505, 0.09150438413955218, 0.34532590410661396], [0.37414322693418317, 0.3101762350404118, 0.2165432205782064, 0.09913731734719863]], "ideal": "C", "sampled": "B", "correct": false}}
{"type": "result", "data": {"idx": 12, "options": ["75 - 0.30(14)", "75 + 0.30(14)", "75 - 0.4756(14)", "75 - 0.5244(14)"], "probs": [[0.24380992350524394, 0.27199074623249025, 0.23265026507435307, 0.2515490650879127], [0.2217591900984487, 0.2512869761293456, 0.2717109565204727, 0.255242877151733], [0.25467510490999345, 0.376387931286132, 0.14064810330366662, 0.2282888604002079], [0.28746471662819817, 0.3308718302774909, 0.1612566608403794, 0.22040679215393155], [0.2427709662258599, 0.40026419754400366, 0.14272075677397042, 0.21424407935616602], [0.2777278083623706, 0.3510830051684516, 0.158248034725934, 0.2129411516432438], [0.1831412491487296, 0.25827128077355105, 0.27493313361835614, 0.28365433635936327], [0.16879829762678167, 0.2380443215132134, 0.3104739486860699, 0.28268343207393504], [0.210491585866794, 0.29684216223433746, 0.21381101328695046, 0.27885523851191807], [0.2367752351062013, 0.2811788748710981, 0.1732324854419755, 0.3088134044807251], [0.20146321058439037, 0.31203371748238345, 0.21113622501074245, 0.2753668468224837], [0.2290309782241586, 0.28503506948131463, 0.17288547494939432, 0.31304847724513246], [0.33180310330043883, 0.3117020036951333, 0.1319859286418915, 0.22450896426253641], [0.28878142566232634, 0.33762158934013664, 0.15218090555991112, 0.22141607933762586], [0.2767542765313363, 0.24808217571174876, 0.17592046711595782, 0.2992430805409571], [0.266947925064095, 0.2711533903804469, 0.15940606592491632, 0.30249261853054177], [0.30201919233844815, 0.3215000474802046, 0.1449143802191412, 0.23156637986220605], [0.30889738523545557, 0.35002932992144903, 0.1287714877229751, 0.21230179702012034], [0.33207324143903694, 0.2976700961292143, 0.13843248783157758, 0.23182417450017115], [0.2866740609917683, 0.31485135298356076, 0.16081366420608947, 0.23766092171858144], [0.27782283140750835, 0.24517909843413738, 0.17659962349857006, 0.3003984465597842], [0.2611966728902927, 0.2653113901349831, 0.15842777489031568, 0.3150641619844085], [0.3056350900577579, 0.31045013200441707, 0.14213728691501687, 0.24177749092280817], [0.31493762601649933, 0.335251991942557, 0.13335700530502292, 0.21645337663592074]], "ideal": "D", "sampled": "D", "correct": true}}
{"type": "result", "data": {"idx": 13, "options": ["increases the interval size by 9%.", "decreases the interval size by 9%.", "increases the interval size by 57%.", "decreases the interval size by 57%."], "probs": [[0.36990403574129316, 0.2664333839979561, 0.17473500704902956, 0.1889275731117212], [0.30287419844000113, 0.29355730728678936, 0.19863497616942272, 0.20493351800378679], [0.3160760543660374, 0.34176312421256066, 0.1380874725183208, 0.20407334880308112], [0.36941935279635973, 0.33114837096963545, 0.1380457939686026, 0.16138648216540216], [0.2693920175371194, 0.29128331377101757, 0.24529090886778815, 0.1940337597240749], [0.33258625366064604, 0.30282514833126406, 0.18656909185914491, 0.17801950604894498], [0.308576927664852, 0.2990844413748317, 0.19923750163540893, 0.19310112922490735], [0.3873017429918179, 0.2703816890446171, 0.1564880609355841, 0.18582850692798086], [0.2781450408695394, 0.2781450408695394, 0.26130029167154656, 0.18240962648937467], [0.3551847424637888, 0.3038070914556506, 0.16518016663448257, 0.17582799934607804], [0.3116169916022683, 0.3476361981824525, 0.14267206403187824, 0.19807474608340098], [0.34246745702179876, 0.3478632568965186, 0.14276501534941674, 0.16690427063226587], [0.38619059895871455, 0.2915141923659723, 0.139873104377604, 0.1824221041977091], [0.3869912268282729, 0.31095900665155324, 0.12762018846755277, 0.17442957795262107], [0.31765421275138606, 0.2717049636657043, 0.2149415100913425, 0.19569931339156713], [0.3023495583723761, 0.2626860361228149, 0.2626929502614021, 0.17227145514340692], [0.427784972926143, 0.2805502372617576, 0.13673233780786495, 0.1549324519042345], [0.33473728101295497, 0.3453651471199481, 0.1462398214861489, 0.17365775028094804], [0.37930538681371717, 0.27320450134518826, 0.16832039997801215, 0.17916971176308244], [0.30758439574788576, 0.26309069204409485, 0.2672414401728465, 0.16208347193517286], [0.3816482055787984, 0.29262127233328433, 0.1426150883660209, 0.1831154336218963], [0.38799228592761414, 0.297485697089827, 0.1340900292316117, 0.18043198765094715], [0.3518467001540288, 0.3357360710722653, 0.1513316057669526, 0.16108562290675335], [0.44655362432534773, 0.2751156132410369, 0.12400692884884376, 0.1543238334847716]], "ideal": "C", "sampled": "D", "correct": false}}
{"type": "result", "data": {"idx": 14, "options": ["The number of tosses before a \"5\" appears when tossing a fair die.", "The number of points a hockey team receives in 10 games, where two points are awarded for wins, one point for ties, and no points for losses.", "The number of hearts out of five cards randomly drawn from a deck of 52 cards, without replacement.", "The number of motorists not wearing seat belts in a random sample of five drivers."], "probs": [[0.26178099672717153, 0.3013085649091121, 0.3207468331095825, 0.1161636051541338], [0.26584302980263425, 0.2919728712151607, 0.2536739966962282, 0.1885101021859769], [0.26742224886491506, 0.4077727344309039, 0.22170529431475589, 0.10309972228942518], [0.24684847888862235, 0.43323647971589263, 0.20147658882510533, 0.11843845247037967], [0.1785743167180502, 0.24029786466480765, 0.42838640931672417, 0.15274140920041795], [0.1442992410560081, 0.2066990614728917, 0.5196539240504292, 0.12934777332067096], [0.25593509886186344, 0.3235331129177763, 0.30872296823867, 0.1118088198816902], [0.23906071416495064, 0.32675923861330913, 0.23906528882170938, 0.19511475830003083], [0.33688896420872205, 0.4325780296323771, 0.14265073407137926, 0.08788227198752153], [0.3376699366408376, 0.4473446079700182, 0.13223634252566785, 0.08274911276347638], [0.21950105157536276, 0.2566237785652519, 0.3144270824241191, 0.20944808733526624], [0.2167115722890022, 0.2533618287000563, 0.4243106968071147, 0.10561590210382682], [0.4074708369163933, 0.2934908459231749, 0.2081199657664212, 0.09091835129401056], [0.3940866706599097, 0.2838510359197435, 0.21764057031006484, 0.10442172301028198], [0.4723501449090151, 0.2820540754174708, 0.15822045814746483, 0.08737532142604927], [0.5118468923079693, 0.26972549749112734, 0.1399339416493025, 0.07849366845160081], [0.3732423456143445, 0.2952603377459701, 0.22287848423518308, 0.10861883230450235], [0.39022993456052657, 0.28999477189867356, 0.2366913521546161, 0.08308394128618377], [0.1835919362889452, 0.37670792094509903, 0.3074647210566653, 0.13223542160929044], [0.14592395970839855, 0.26013782738680935, 0.47105905063914033, 0.12287916216565176], [0.19748085735253584, 0.32054451104773374, 0.29645961520091435, 0.18551501629881606], [0.2085177035200352, 0.28949854206376896, 0.401936715829959, 0.10004703848623685], [0.21276017228769897, 0.5184287235207717, 0.16831069556018333, 0.1005004085313459], [0.2274285077225198, 0.5045775437747723, 0.18562522006694318, 0.08236872833576474]], "ideal": "D", "sampled": "C", "correct": false}}
{"type": "result", "data": {"idx": 15, "options": ["I only", "II only", "III only", "I and II"], "probs": [[0.2138782207119633, 0.16144529464553517, 0.1858235652804388, 0.4388529192620627], [0.25717556857242724, 0.24926357340202918, 0.30540749882694995, 0.18815335909859365], [0.21961873440306529, 0.17646996412196406, 0.1999679773850748, 0.40394332398989585], [0.2600329518058143, 0.2641285061572114, 0.285594522924474, 0.19024401901250027], [0.3311479884739169, 0.28324686186144665, 0.21380802771146998, 0.17179712185316648], [0.311970055072105, 0.3119716643975138, 0.19830325243874206, 0.17775502799163917], [0.2555839083001151, 0.2053684710450966, 0.17293905952424357, 0.36610856103054473], [0.2864731166531336, 0.27765922908214036, 0.2776628649653629, 0.1582047891993631], [0.266431097159432, 0.18599976874517718, 0.21076727225412184, 0.33680186174126897], [0.3354360758922834, 0.23054166135866733, 0.26535508033959915, 0.1686671823094501], [0.347454577649657, 0.3163616060894271, 0.19797652957843842, 0.1382072865824775], [0.3990612387118218, 0.2874336285219296, 0.16897532593967546, 0.14452980672657317], [0.2553930802270759, 0.20203346900011954, 0.19890297354548034, 0.34367047712732424], [0.3122886214030014, 0.27993360993249145, 0.2432138396024033, 0.16456392896210384], [0.27773080598135225, 0.18792289863597267, 0.2096451246740311, 0.32470117060864395], [0.36938311867495754, 0.22404195211327504, 0.2347967913390915, 0.17177813777267587], [0.35135286519362396, 0.2867663161651675, 0.21310928144247185, 0.14877153709873667], [0.41332907513668526, 0.24298375926165713, 0.18923815317190915, 0.15444901232974845], [0.3399803143393853, 0.26067281543606946, 0.22296755678115493, 0.1763793133433903], [0.34441274914296616, 0.2767445187998908, 0.2056613147896699, 0.1731814171674731], [0.344094261973703, 0.2679814815841027, 0.2328292086262276, 0.15509504771596666], [0.42146813865261634, 0.22559626398214772, 0.19296474752880685, 0.15997084973642905], [0.3380642335692012, 0.26743171413345224, 0.23972735520967733, 0.15477669698766924], [0.389334917029548, 0.23248296973764648, 0.21839994189939413, 0.15978217123341143]], "ideal": "D", "sampled": "D", "correct": true}}
