{"type": "result", "data": {"idx": 0, "options": ["too much curvature of the cornea and lens", "too little curvature of the cornea and lens", "too much curvature of the iris and lens", "too little curvature of the iris and lens"], "probs": [[0.9403972944463853, 0.034793959247175175, 0.004355063343879013, 0.020453682862560475], [0.9045732481681744, 0.057828254130239294, 0.007126003396901113, 0.030472494204685216], [0.7404210483985444, 0.11178781711174461, 0.041125501973627285, 0.10666563241608373], [0.493930356685924, 0.1155018999739968, 0.02920437155211512, 0.36136337168796406], [0.5954236653786179, 0.18159473752328084, 0.09421445849554409, 0.1287671385025572], [0.6603515240256358, 0.1520228544345464, 0.04028347554376708, 0.1473421458960507], [0.9430299042599125, 0.031768991625535335, 0.004039054162126458, 0.021162049852425677], [0.9347929130882929, 0.040435880585077695, 0.0047545936425965095, 0.020016612584032905], [0.6020142435425513, 0.15704505143979325, 0.12423732875535276, 0.11670337616230274], [0.7382491491494689, 0.10973225921210222, 0.02373201670056994, 0.12828657483785896], [0.7237338234276908, 0.12576698927676322, 0.058488423336338254, 0.09201076385920777], [0.6257019205507539, 0.10538683360397398, 0.023885947341324567, 0.24502529840394757], [0.2419812552845731, 0.40524698166424034, 0.11079268323603408, 0.24197907971515248], [0.21180002389220348, 0.5080901979891995, 0.05110195278610379, 0.2290078252324932], [0.27067442358853266, 0.43935370079377817, 0.09803671228124106, 0.19193516323644813], [0.30942634107566547, 0.4502213487190514, 0.04671937358978286, 0.19363293651550026], [0.25967022774007, 0.31815630194343464, 0.16250506041809093, 0.2596684097984045], [0.2674733141910781, 0.30308926554106574, 0.12635196932411247, 0.30308545084374366], [0.2420099219362947, 0.5627023556165126, 0.046190876337026045, 0.14909684601016665], [0.2745967846029102, 0.5211033302188853, 0.037750036083112656, 0.1665498489950918], [0.24658138680106154, 0.3587763553681364, 0.1804112913962899, 0.21423096633451214], [0.23404806850000218, 0.3858864605040902, 0.07481041549888187, 0.30525505539702574], [0.3290415034328339, 0.309108518574578, 0.11732903604535853, 0.24452094184722953], [0.3988860069974532, 0.30584011390250576, 0.07152027104140189, 0.22375360795863913]], "ideal": "A", "sampled": "A", "correct": true}}
{"type": "result", "data": {"idx": 1, "options": ["OCD.", "schizophrenia.", "conversion disorder.", "antisocial personality disorder."], "probs": [[0.1692849070275911, 0.6695349689691951, 0.10267739723665387, 0.05850272666655997], [0.1633102571307687, 0.6983898773330943, 0.06915050641276586, 0.06914935902337115], [0.1410009955399966, 0.22886289698402826, 0.5405125383835897, 0.08962356899238537], [0.16234648467983298, 0.22190025777237282, 0.16750125834907853, 0.44825199909871566], [0.07911496217271619, 0.11510892725816814, 0.6942091893847109, 0.11156692108440475], [0.13274494801214193, 0.1551913287477966, 0.4932088622858292, 0.21885486085423222], [0.6480802603276078, 0.1976517797368503, 0.08908968764741818, 0.06517827218812375], [0.6812807739255823, 0.17496610719911954, 0.06238672346479541, 0.08136639531050276], [0.6833411897778867, 0.19577912546720297, 0.06980799726872937, 0.051071687386180946], [0.7033782967493496, 0.18064091549859856, 0.06341164889209304, 0.05256913875995874], [0.7069669918243935, 0.16531461278784737, 0.0678457745274158, 0.05987262076034338], [0.6555643980042247, 0.1764411400182918, 0.09444327974373642, 0.07355118213374703], [0.1785863555262598, 0.21880378641994444, 0.5008570737955196, 0.10175278415827615], [0.25268337504547306, 0.2229910525902299, 0.15088512226749284, 0.3734404499968042], [0.23378431891342735, 0.6764785839549585, 0.05216492773577893, 0.0375721692958352], [0.2520611436151418, 0.6640919842110766, 0.045192501402895505, 0.03865437067088601], [0.32426068102401506, 0.2730517631244385, 0.1997725396945266, 0.20291501605701978], [0.11059130146874689, 0.1584108048282225, 0.6364069675227421, 0.09459092608028855], [0.10641628296357623, 0.18676262912408834, 0.5843396259850384, 0.12248146182729706], [0.16425036648134342, 0.2352743192404232, 0.37597463830639366, 0.22450067587183972], [0.10352255094439045, 0.827092086378713, 0.03577685249159039, 0.033608510085306124], [0.12237794361306889, 0.7980060248100493, 0.04229323707336125, 0.0373227944035205], [0.1877396590677122, 0.37924162269366474, 0.23002536711625543, 0.20299335102236762], [0.10668228168157284, 0.2559125327840636, 0.5417781865882683, 0.09562699884609521]], "ideal": "B", "sampled": "B", "correct": true}}
{"type": "result", "data": {"idx": 2, "options": ["Homeostatic regulation", "Goal-setting", "Expectancy-value", "Hierarchy of needs"], "probs": [[0.0018494442217857469, 0.00687136636303882, 0.0029095520541858105, 0.9883696372609896], [0.003862979832267533, 0.03442717352843371, 0.945191862745291, 0.016517983794007773], [0.001401996951842656, 0.004318344196355433, 0.0016911152896574226, 0.9925885434621445], [0.004630420222841003, 0.027922238345642093, 0.9540503940749889, 0.013396947256527979], [0.010210717268845933, 0.9783863293646247, 0.00381545763957088, 0.007587495626958574], [0.008862887191896747, 0.9774620614163292, 0.004387430685006538, 0.009287620606767464], [0.0028577863409312465, 0.007890478337904773, 0.0031880654800168174, 0.9860636697411471], [0.006339288510862594, 0.03480685608916813, 0.9407967021179142, 0.01805715318205504], [0.0031897677253990807, 0.007894577494473396, 0.0023336690025569586, 0.9865819856775706], [0.010709043395452408, 0.03916899447301206, 0.9342966287621871, 0.015825333269348468], [0.016628289961800508, 0.9663978541631633, 0.004617519726896234, 0.012356336048140022], [0.02123416778706519, 0.9611082694489252, 0.0053688739546069, 0.012288688709402674], [0.0014700667177903334, 0.003934018764497259, 0.0014700622940081209, 0.9931258521237043], [0.012595746524164998, 0.047532274783131635, 0.9253757491671756, 0.014496229425527831], [0.001425567519702797, 0.003697563818824444, 0.0012385521297608526, 0.9936383164317119], [0.01642423176144091, 0.057322273968539415, 0.9108257746886075, 0.015427719481412196], [0.035651638320049674, 0.948633530740862, 0.0035856165134841664, 0.012129214325604121], [0.04746719996514362, 0.9386074746926625, 0.0036603376137156656, 0.010264987628478193], [0.9553626056485599, 0.03372855278889077, 0.0034999953918149187, 0.00740884607073435], [0.9444646961924871, 0.04085369835420697, 0.00451278552874069, 0.010168819824565219], [0.9572315388948033, 0.03224720491595378, 0.002862235582905136, 0.0076590205063377685], [0.9450982269287662, 0.041525002816183314, 0.004111723533165371, 0.00926504662188513], [0.953051993312733, 0.035261955445305276, 0.0031790954826812967, 0.008506955659280408], [0.9513560062783509, 0.036888454595300935, 0.0036526041120825458, 0.008102934914265551]], "ideal": "D", "sampled": "D", "correct": true}}
{"type": "result", "data": {"idx": 3, "options": ["measures what it purports to measure", "yields consistent results on successive administrations", "has been piloted and statistically analyzed", "includes norms based on a representative sample of the general population"], "probs": [[0.8434549702780034, 0.056508530820326384, 0.015209588461490243, 0.08482691034017993], [0.8415823217822169, 0.056383394743475805, 0.014709010910169502, 0.08732527246413778], [0.858561941750342, 0.050761759796113574, 0.012057398568221116, 0.07861889978532331], [0.815303148276232, 0.07013657701457134, 0.017188420549529834, 0.09737185405966685], [0.8515079077389393, 0.05276101865487691, 0.012729666319690507, 0.08300140718649338], [0.7863458047167623, 0.07908606033812673, 0.021286695004871105, 0.11328143984023989], [0.1494005327872563, 0.746963324870587, 0.028514366700310035, 0.07512177554184661], [0.142506506288905, 0.7351142571660396, 0.031798529537605896, 0.09058070690744946], [0.06382338559384063, 0.07009454659205352, 0.6755478826484778, 0.19053418506562814], [0.12872417125989524, 0.06998757939099724, 0.04886044134239513, 0.7524278079067124], [0.09310819485174941, 0.10067218841118779, 0.5793554954949469, 0.22686412114211593], [0.13853620042956397, 0.0853518399710234, 0.06147837288613645, 0.7146335866132761], [0.18032717782366517, 0.7132142223542784, 0.025180028641758403, 0.08127857108029798], [0.145897194456812, 0.7409356221915887, 0.02872975351238219, 0.08443742973921703], [0.052211748124258356, 0.06297807582517732, 0.6877718176085961, 0.19703835834196828], [0.1099332247534681, 0.06462751617206396, 0.05033309237154569, 0.7751061666029222], [0.09861848512658114, 0.10017030683869473, 0.5331455071373967, 0.26806570079732744], [0.09883448775121136, 0.05631559509416316, 0.030144282580707525, 0.814705634473918], [0.39177130846210295, 0.4725749991392788, 0.030211654801014478, 0.10544203749760372], [0.2858839183848378, 0.5258320843709036, 0.044534484380063855, 0.14374951276419473], [0.09824785602243825, 0.08806708543112225, 0.5742977429130262, 0.2393873155334133], [0.19109628883974067, 0.09760496673833333, 0.07483911270311133, 0.6364596316188147], [0.12606239223663232, 0.10782594152336451, 0.4683991337218443, 0.2977125324181589], [0.18448748311189953, 0.07934956517821573, 0.03990080713494191, 0.6962621444749428]], "ideal": "A", "sampled": "A", "correct": true}}
{"type": "result", "data": {"idx": 4, "options": ["the provision of a free, appropriate public education for students with disabilities", "the provision of bilingual education for English-language learners", "schools being held responsible for providing tests that do not discriminate on the basis of race", "the assignment of similar funding to athletic activities for boys and girls"], "probs": [[0.9588125228828324, 0.010990036949861698, 0.0025699725921854892, 0.027627467475120432], [0.9668061952404969, 0.007981765704140296, 0.0017534100232709762, 0.02345862893209177], [0.9640847270729497, 0.008341397939745745, 0.00228050277182409, 0.025293372115480463], [0.9668425588990298, 0.006935026650333699, 0.0020182809732279387, 0.02420413337740852], [0.9627704971107908, 0.009148605866095207, 0.0024242030304671923, 0.02565669389264679], [0.9519587716750678, 0.01125779161977775, 0.003175508416924684, 0.033607928188229774], [0.08324991281312093, 0.8540455388905037, 0.009788999413631715, 0.052915548782743654], [0.06825615501792927, 0.8579308776495777, 0.007658353020581521, 0.06615461421191157], [0.027411575260948354, 0.029638354560330735, 0.9077544465057217, 0.03519562357299925], [0.0019501616856512707, 0.0018036353139198468, 0.0017210488909667723, 0.9945251540094621], [0.006642373246841214, 0.0066422042117710335, 0.9705309989937119, 0.016184423447675837], [0.003477283459554952, 0.003021150774349486, 0.01418963981086449, 0.9793119258552311], [0.2137510381029692, 0.7119146757138337, 0.01015531109920486, 0.06417897498399222], [0.1531455237859054, 0.7656913942097385, 0.00994495497452213, 0.07121812692983398], [0.019182630721036275, 0.014939132798961518, 0.938827615253713, 0.027050621126289157], [0.0020138022320169455, 0.0013626280687760567, 0.0012407001219643787, 0.9953828694772426], [0.004883022880638668, 0.004659307561185768, 0.9600760147490337, 0.030381654709141906], [0.0026624120943534967, 0.0017460807965100431, 0.00224202542883853, 0.9933494815802979], [0.09113869925496834, 0.7751180026617892, 0.014878492049707873, 0.1188648059335346], [0.07545401000421031, 0.786258282103829, 0.01581668604808238, 0.12247102174387835], [0.00601866940035567, 0.007147141711312566, 0.9658279953439267, 0.02100619344440508], [0.0022694379243575757, 0.0026121313252706994, 0.005194868248450381, 0.9899235624019214], [0.007062443082125656, 0.010116239100884996, 0.9395608922913835, 0.04326042542560586], [0.0020409281334970017, 0.002349134889539752, 0.0024618952306080114, 0.9931480416463553]], "ideal": "C", "sampled": "A", "correct": false}}
{"type": "result", "data": {"idx": 5, "options": ["0%", "25%", "50%", "75%"], "probs": [[0.14203526713181464, 0.2531928831022903, 0.3742415475877099, 0.23053030207818515], [0.14425516127097487, 0.29139637944168556, 0.31510892507263033, 0.24923953411470923], [0.142282160242309, 0.48891029485507714, 0.1743397291476988, 0.19446781565491503], [0.1456819173581738, 0.4150002463491746, 0.24020602281310924, 0.19911181337954237], [0.1624583653968021, 0.4485567838365235, 0.18994552253102073, 0.1990393281356537], [0.1581874269899151, 0.3794620165089879, 0.2527981287227439, 0.2095524276783531], [0.1468308585588557, 0.1491352633265792, 0.5125416058497243, 0.19149227216484077], [0.16321231909586995, 0.16320692487535754, 0.41681937621297727, 0.25676137971579527], [0.2606545349597371, 0.37336837685295926, 0.15324550637194634, 0.2127315817153573], [0.27737742246331465, 0.3345741579410516, 0.18192814017610193, 0.20612027931953178], [0.2585728350661135, 0.311895386311721, 0.17497286906700088, 0.25455890945516463], [0.29247725878643593, 0.27907700175465866, 0.22427064846510056, 0.2041750908938048], [0.33860014903736546, 0.1959591326493244, 0.23273524536757353, 0.23270547284573662], [0.22452583724057742, 0.1642592426777104, 0.400304615434863, 0.21091030454684917], [0.4682640835531601, 0.21438055217462992, 0.12216445330421401, 0.19519091086799595], [0.426681978262969, 0.21791999689307148, 0.1569820391075401, 0.1984159856364194], [0.4434516230553609, 0.2908193533759918, 0.09742228158533026, 0.168306741883317], [0.41594905467907967, 0.29494376429494457, 0.12105895691337046, 0.1680482240126053], [0.3077068213934049, 0.21147504217149293, 0.27585183235341487, 0.20496630398168728], [0.21239495275280834, 0.16800664363611528, 0.45676395292482835, 0.162834450586248], [0.4312142302792923, 0.24188413492751826, 0.12948524564743857, 0.19741638904575085], [0.4170985097140652, 0.24519129854398894, 0.15832714263026712, 0.17938304901167873], [0.4292658694930521, 0.29044935969933194, 0.11736400774032472, 0.16292076296729122], [0.3899444937316049, 0.2943349778357856, 0.14801855383823312, 0.16770197449437635]], "ideal": "A", "sampled": "C", "correct": false}}
{"type": "result", "data": {"idx": 6, "options": ["variance", "mean", "range", "median"], "probs": [[0.3766661584000623, 0.21128806469711764, 0.14074909685634746, 0.2712966799464726], [0.26202231642963886, 0.2040610909257914, 0.24614632127207725, 0.2877702712724925], [0.34890388018444457, 0.2217750201200955, 0.17004183693206876, 0.25927926266339113], [0.26579066712298455, 0.17705343398091763, 0.27422740644115634, 0.28292849235494144], [0.27433471642665297, 0.22390337775330657, 0.27433423958951614, 0.2274276661305243], [0.2707673447596063, 0.19502501515434903, 0.20760415745064859, 0.32660348253539606], [0.061147274255875954, 0.4518181529697337, 0.11246716597965542, 0.37456740669473493], [0.06012500023845966, 0.45126059433048693, 0.1686246871635484, 0.31998971816750504], [0.03510490980924671, 0.1304285006227766, 0.6126021399890016, 0.22186444947897505], [0.03494451913674521, 0.11280136470261694, 0.4823954068953543, 0.3698587091652835], [0.08971609451460234, 0.3660968648821732, 0.27634684787588565, 0.26784019262733877], [0.07017203197463219, 0.30481257322456395, 0.29543705992702624, 0.32957833477377757], [0.10108344038000229, 0.6096069534053405, 0.1277812487837202, 0.16152835733093698], [0.08720702936990295, 0.5867092187625333, 0.10684822072058014, 0.21923553104698357], [0.062380129701139736, 0.13839375610474022, 0.6399370860429936, 0.15928902805112646], [0.07393003503708104, 0.12380829367088995, 0.563616774379345, 0.23864489681268403], [0.14888069032133935, 0.43079829211695436, 0.2379111498356373, 0.182409867626069], [0.1367818929546252, 0.414784168274399, 0.2555430676953913, 0.1928908709755845], [0.4127192856363889, 0.2075276256521781, 0.1518309585871106, 0.22792213002432243], [0.4194349583648184, 0.17759948702467476, 0.14049316731935738, 0.26247238719114946], [0.413584810858877, 0.25480128091413706, 0.16451308619860028, 0.16710082192838563], [0.35845301085781267, 0.2425408697264374, 0.14482848560596343, 0.25417763370978647], [0.31232940028938044, 0.29340504365639636, 0.2048308524183752, 0.18943470353584796], [0.27070112042033906, 0.3164810357850599, 0.12012320458146748, 0.2926946391131335]], "ideal": "A", "sampled": "A", "correct": true}}
{"type": "result", "data": {"idx": 7, "options": ["They need provide supervision only to school psychologists who are not fully certified or licensed and to any school psychology interns.", "They should provide professional but not administrative supervision.", "They are eligible to serve as supervisors after one year of experience as a school psychologist.", "They should hold the Nationally Certified School Psychologist credential or the state school psychologist credential."], "probs": [[0.2718212291736073, 0.2676100413720964, 0.1573280110991041, 0.3032407182551922], [0.23538134726157256, 0.2585175738584585, 0.21770489081762065, 0.2883961879623482], [0.27302312034549614, 0.24473869068742105, 0.16303973902503224, 0.3191984498420506], [0.25272017338251845, 0.24494650592520364, 0.18781600610797974, 0.31451731448429815], [0.24820229038792926, 0.3668250982569632, 0.13286103108893862, 0.2521115801661689], [0.25257172048970844, 0.3617977933910286, 0.1250397655970093, 0.2605907204222537], [0.22680365084558504, 0.21982810374339493, 0.1794280421043058, 0.37394020320671423], [0.1899982115434738, 0.19911742498529397, 0.2721751873377649, 0.3387091760334673], [0.2131555133924335, 0.19713818143699294, 0.18520276908798244, 0.40450353598259114], [0.20387984202611598, 0.18855958613180257, 0.23837564172817774, 0.3691849300139037], [0.22499738296110458, 0.25100507955715734, 0.20169984991768844, 0.3222976874640496], [0.2403745394537338, 0.23665129078116995, 0.1786455133984177, 0.3443286562666786], [0.24365426635366377, 0.22185108231167278, 0.21170348155148858, 0.3227911696831749], [0.21982167986551646, 0.21641476772669602, 0.22329531940515057, 0.34046823290263695], [0.223456001958436, 0.24542052282682145, 0.17403817693752652, 0.357085298177216], [0.2100453407859169, 0.2306911383441537, 0.22360764774839642, 0.33565587302153294], [0.2323008820643784, 0.2802117341381956, 0.16996564699653444, 0.3175217367008915], [0.23286953566129862, 0.25576037165945203, 0.19307032225585471, 0.3182997703233946], [0.29707806856823377, 0.23871093630324455, 0.1979101717585575, 0.2663008232699642], [0.313742394509198, 0.2521016559929627, 0.15291623541798532, 0.281239713979854], [0.282813910855591, 0.2784321349347175, 0.16888760280242887, 0.2698663513072626], [0.2923016802331316, 0.27033876967202153, 0.15404529638470596, 0.28331425361014095], [0.2894841134258703, 0.23260916767178455, 0.1549598127448571, 0.32294690605748805], [0.28135575583643596, 0.21238147260889878, 0.18743849450985547, 0.3188242769448098]], "ideal": "D", "sampled": "D", "correct": true}}
{"type": "result", "data": {"idx": 8, "options": ["at the beginning of the list", "in the middle of the list", "at the end of the list", "distributed throughout the list"], "probs": [[0.11954240499731547, 0.5274482964941912, 0.19709794221337584, 0.15591135619511748], [0.10700628372012966, 0.2954538430383846, 0.4871385234529079, 0.11040134968857776], [0.12402225376932066, 0.15677739795053874, 0.5387509504818914, 0.18044939769824928], [0.04640379513035255, 0.06965972430560975, 0.7972446023825925, 0.08669187808144511], [0.12269944422136861, 0.6843711580164809, 0.07213365869694101, 0.1207957389652095], [0.1068955056904038, 0.7655653841572294, 0.03752508624240443, 0.09001402380996239], [0.23954149007451525, 0.2181035629544503, 0.3028157217729192, 0.23953922509811526], [0.14807142923355984, 0.17311184564815288, 0.5501724153104155, 0.12864430970787172], [0.32195580482177727, 0.2178445192632465, 0.2319011573544874, 0.22829851846048882], [0.1577291202218243, 0.16021175800309653, 0.5592219870665389, 0.12283713460854026], [0.28609670058300257, 0.47169805974111867, 0.09144495699221249, 0.1507602825836663], [0.37619382036342314, 0.439818554789519, 0.06745000375170007, 0.11653762099535783], [0.12073276575988895, 0.15261885067430273, 0.5244611344867667, 0.20218724897904167], [0.06109079976717423, 0.08220592732266957, 0.7559836961321095, 0.10071957667804675], [0.12273762844607054, 0.6041408045550357, 0.12274171881472641, 0.15037984808416732], [0.13413871623517712, 0.3425355502242704, 0.4067856608403392, 0.11654007260021329], [0.0897413810195003, 0.7632383874019321, 0.04045103580363231, 0.10656919567493528], [0.11328551902554806, 0.6832075852301857, 0.07908863043144954, 0.12441826521281674], [0.17412640864330875, 0.238000575965659, 0.42429937011382673, 0.16357364517720552], [0.24477722508911606, 0.2999074965443069, 0.2817439352664557, 0.17357134300012136], [0.1842915780229644, 0.37814135645386976, 0.272371488527323, 0.16519557689584285], [0.2065188581648437, 0.41071176445014684, 0.23402155679943745, 0.14874782048557203], [0.2833348129902623, 0.28333514081579875, 0.23859832467439987, 0.19473172141953907], [0.17041390404251341, 0.2154215819361668, 0.44899644470179334, 0.1651680692195264]], "ideal": "A", "sampled": "D", "correct": false}}
{"type": "result", "data": {"idx": 9, "options": ["Piaget's cognitive development theory", "Erikson's psychosocial stage theory", "Kohlberg's moral development theory", "Ainsworth's social attachment theory"], "probs": [[0.044263010682873215, 0.889056939949047, 0.013290807928259785, 0.053389241339820016], [0.03913554015926466, 0.8499408015155634, 0.015567719296877067, 0.09535593892829486], [0.032685938366953375, 0.06812037349242267, 0.7796438728331196, 0.11954981520750431], [0.01174715580639858, 0.016309700986268452, 0.009149022558790184, 0.9627941205485427], [0.015572933206124616, 0.04436172574126484, 0.75036263618556, 0.18970270476705053], [0.013709698841408867, 0.02406186594266276, 0.01602883191450512, 0.9461996032014233], [0.9340617072619735, 0.03146777506858616, 0.005821124098127381, 0.028649393471313022], [0.9063698586130797, 0.0362609523979502, 0.007029694924996223, 0.050339493963973886], [0.9352850399769679, 0.03406928509473805, 0.0061084391152246694, 0.024537235713069396], [0.9303247706748783, 0.03442215092344126, 0.006268862019731574, 0.028984216281948916], [0.8968762463328257, 0.043281150586078614, 0.00763979160974927, 0.05220281137134636], [0.9098768895817894, 0.0412479652255524, 0.007630290484323677, 0.04124485460833456], [0.03982077121536715, 0.07556393657356421, 0.7169771709659035, 0.1676381211451651], [0.01057459463141327, 0.014454142862144057, 0.008108181324357592, 0.9668630810820851], [0.1062308705711827, 0.8098790101541141, 0.015304857031899181, 0.06858526214280403], [0.10744305418809677, 0.7939169199066982, 0.01754042832831351, 0.0810995974768915], [0.010587778518207547, 0.013595443958298929, 0.0077465753558491135, 0.9680702020676444], [0.020194458500841905, 0.03489152506291489, 0.8322880367228755, 0.11262597961336764], [0.028171527787040657, 0.053459144285777804, 0.6933083908049792, 0.22506093702220228], [0.026062577808282892, 0.025659413884872095, 0.015084635230112425, 0.9331933729767325], [0.06862879352063614, 0.8626287933704556, 0.010043216587626486, 0.05869919642128174], [0.08793866625299583, 0.8474975219569199, 0.012868971550603615, 0.051694840139480745], [0.03249326523807721, 0.03249462869424378, 0.014646649403865558, 0.9203654565638134], [0.054888347340412716, 0.07271354170584503, 0.7344188366997016, 0.13797927415404054]], "ideal": "B", "sampled": "B", "correct": true}}
{"type": "result", "data": {"idx": 10, "options": ["aptitude", "projective", "achievement", "intelligence"], "probs": [[0.19579100898619112, 0.25938144710124683, 0.3490384272738706, 0.1957891165386915], [0.12580983995631553, 0.09349468092030214, 0.05670774278188557, 0.7239877362414967], [0.21417550925886805, 0.6597137370567002, 0.04854223883928347, 0.07756851474514825], [0.22706117885433197, 0.6172230747138681, 0.05652083371728452, 0.09919491261451545], [0.17215647442990337, 0.15192859439256653, 0.12018599807707132, 0.5557289330004588], [0.1911144731913794, 0.2653365472488985, 0.3800821658601087, 0.1634668135996134], [0.14203204213152587, 0.30068084594580774, 0.41745945807097073, 0.13982765375169565], [0.10329525916735526, 0.1152350827936332, 0.07557345926005893, 0.7058961986789526], [0.20139940970912, 0.3882090929296104, 0.18919905454415378, 0.22119244271711583], [0.23038001582554019, 0.4237363355731671, 0.10064645860428909, 0.24523718989700363], [0.10078805239349198, 0.10237592017747174, 0.08620958286286329, 0.710626444466173], [0.14320399505869982, 0.2361035154272032, 0.34894122249606196, 0.271751266918035], [0.4379054340126214, 0.39254007031970833, 0.067156024770846, 0.10239847079682426], [0.4460412959168644, 0.3366929963645337, 0.08123143943104184, 0.13603426818756], [0.47085720295965866, 0.23676405844704962, 0.08986587821538627, 0.20251286027790544], [0.5773574070251989, 0.19953115133785299, 0.06278549832382656, 0.16032594321312157], [0.49882562450027, 0.25477705162531616, 0.0894356396536691, 0.1569616841207447], [0.5341462690485129, 0.23702768703208713, 0.07816373718763539, 0.1506623066317646], [0.1666235389664683, 0.15652953760469207, 0.12190577495860594, 0.5549411483702337], [0.19647053786725452, 0.27706818944222106, 0.355766971201875, 0.17069430138864944], [0.10267794360708975, 0.08512359301915966, 0.06526683416161318, 0.7469316291121374], [0.183923706393923, 0.2116958349731465, 0.25535523888895423, 0.34902521964397626], [0.2680559019807684, 0.45598315925706306, 0.10016659498206039, 0.17579434368010818], [0.24214627567928337, 0.48157007932526463, 0.08770066760201434, 0.18858297729343765]], "ideal": "C", "sampled": "C", "correct": true}}
{"type": "result", "data": {"idx": 11, "options": ["proximity and similarity", "top-down processing and bottom-up processing", "binocular and monocular cues", "size and shape constancy"], "probs": [[0.04418464327700435, 0.12199596178061257, 0.6911916058803765, 0.14262778896200656], [0.07340992548864562, 0.11369846082394032, 0.4787128281881824, 0.3341787853992316], [0.013489474239576792, 0.9605848573547056, 0.008055242528961276, 0.01787042577675633], [0.027388120373447115, 0.921263645362336, 0.018824359610556684, 0.03252387455366018], [0.12220178253478368, 0.3427278526800815, 0.12807395039983668, 0.40699641428529815], [0.05612773364030718, 0.19590449039311433, 0.652492036568063, 0.09547573929851552], [0.04720484787902424, 0.13874160001604738, 0.6121863174851803, 0.20186723451974817], [0.08594680809432251, 0.12505099920864104, 0.46464500037285417, 0.3243571922241823], [0.09017932750050925, 0.7204920321165761, 0.04064888658150176, 0.14867975370141284], [0.16785093150400274, 0.6236456221804921, 0.1018111214479655, 0.10669232476753965], [0.1284313480661327, 0.22540737350404177, 0.08827498422760684, 0.5578862941022187], [0.06752854786223053, 0.20800232014967143, 0.6113804164328862, 0.11308871545521178], [0.8820946610924822, 0.08077618494260756, 0.007874436895674197, 0.029254716969236035], [0.7970519035367385, 0.13424692996646986, 0.021576877600863287, 0.047124288795928386], [0.9022526525852073, 0.064346170380957, 0.0078065463342655884, 0.025594630599570196], [0.9054800321680074, 0.06457656657372186, 0.009303787774242218, 0.02063961338402845], [0.8456807348342384, 0.10585088547934615, 0.014104322883582002, 0.03436405670283336], [0.8947573644937743, 0.07697212989217835, 0.008502773333062165, 0.019767732180985133], [0.1720216661828967, 0.19800032215822294, 0.11640463630311264, 0.5135733752557677], [0.06888949665067638, 0.1413516061953931, 0.6743914283319024, 0.1153674687220282], [0.12879707301750487, 0.14595091776434146, 0.06084473611833379, 0.6644072729998198], [0.07645688148228028, 0.15444655599803103, 0.6709241816406759, 0.09817238077901283], [0.04502750049969669, 0.9044185155540012, 0.016565636662670347, 0.03398834718363171], [0.03834813685325442, 0.9291062899249924, 0.011696154005454701, 0.020849419116298402]], "ideal": "C", "sampled": "C", "correct": true}}
{"type": "result", "data": {"idx": 12, "options": ["be paralyzed", "fall into a coma", "suffer severe speech impairment", "die"], "probs": [[0.30641157801715196, 0.23129646021630132, 0.12575986052208574, 0.33653210114446097], [0.26279716506369266, 0.2547189181168952, 0.18930578873771764, 0.2931781279816945], [0.21771045483353285, 0.18049143376555063, 0.20136265764869188, 0.4004354536522246], [0.20289297702210227, 0.2060909003720857, 0.2565021850881104, 0.3345139374177017], [0.16053351279878098, 0.17089038576293591, 0.27740412121013003, 0.3911719801281531], [0.18324725874162862, 0.19204463635087732, 0.242784179507778, 0.381923925299716], [0.56089093384837, 0.12321264009482763, 0.08208144761104554, 0.23381497834575682], [0.4632265131240832, 0.15516384972082098, 0.1412888127039999, 0.24032082435109595], [0.5511396690991626, 0.14377510974683405, 0.08585621671581659, 0.2192290043381868], [0.4463410047049623, 0.180340554120421, 0.15916168146697596, 0.21415675960764075], [0.37606290539412485, 0.18328237804848538, 0.1567814224322033, 0.28387329402518646], [0.2883038179540844, 0.18614640552706102, 0.22808970168798587, 0.2974600747308687], [0.25651575201302457, 0.15080075331008772, 0.17631197150434452, 0.41637152307254316], [0.2702234387127543, 0.16390025614053136, 0.2347937822107125, 0.33108252283600187], [0.3273438439784567, 0.2146819930752561, 0.11491647849759595, 0.34305768434869127], [0.27088952061805266, 0.23170933125086166, 0.20449730751853648, 0.2929038405125492], [0.33137678602932963, 0.23134188006975667, 0.1493756152633122, 0.2879057185376015], [0.21863224261697037, 0.20539044453803504, 0.24776632329627746, 0.3282109894487171], [0.2164905848359725, 0.18809524456907747, 0.2033903926912764, 0.3920237778036736], [0.24995855984572404, 0.19773669538904742, 0.1828860342319708, 0.3694187104332577], [0.2299985140332059, 0.2999835610089726, 0.15563927589290621, 0.3143786489649153], [0.21839255931599846, 0.2848459397017442, 0.18392152534310033, 0.31283997553915704], [0.28610576475258576, 0.2485776207456691, 0.14613888319486273, 0.3191777312068824], [0.2143813467279874, 0.23180816611452193, 0.18338509721941673, 0.37042538983807394]], "ideal": "D", "sampled": "B", "correct": false}}
{"type": "result", "data": {"idx": 13, "options": ["achievement", "standardized", "projective", "triarchic"], "probs": [[0.432388279040045, 0.49767783650009423, 0.023643486375556504, 0.04629039798430427], [0.4313678596396365, 0.5368473349286731, 0.010969306904754724, 0.020815498426935645], [0.14916604978092035, 0.20388089422155428, 0.5046225860899108, 0.1423304698076145], [0.2486669006334955, 0.08593667409744678, 0.02041193310504346, 0.6449844920640143], [0.2699030339447962, 0.21019816396518623, 0.27415469286084443, 0.24574410912917313], [0.05552268870569445, 0.02463796177258928, 0.009648450251353342, 0.9101908991703629], [0.9278739119513818, 0.04272460301927168, 0.009533365601463461, 0.01986811932788305], [0.9659083441748073, 0.02271613376172908, 0.0037668200496647525, 0.0076087019137988715], [0.9231248032787264, 0.04524726565162583, 0.010255267326826615, 0.02137266364282117], [0.9661667105367814, 0.02005230336441927, 0.003539554438956402, 0.0102414315598429], [0.9573759889036293, 0.025117797400260565, 0.005265105436735765, 0.012241108159374344], [0.9629287495211802, 0.02029974962602676, 0.0044593862082202805, 0.012312114544572652], [0.09958526194335775, 0.2972977370531767, 0.4604737620944126, 0.142643238809053], [0.07795633297749995, 0.10167338824182248, 0.020656360218457116, 0.7997139184622204], [0.20862604506702162, 0.739645766295952, 0.012529213773683852, 0.039198974763342484], [0.16290603913520382, 0.8018525866541129, 0.00557445881491767, 0.029666915295765713], [0.00858547245043551, 0.009429180840008785, 0.005047114948866478, 0.9769382316606893], [0.09774641910141205, 0.11250206333395997, 0.4590921504133539, 0.3306593670512741], [0.06951985941788379, 0.15423297191062635, 0.33688195030530355, 0.43936521826618635], [0.02088288968466817, 0.02403591952242602, 0.009864413206031599, 0.9452167774868742], [0.36321630667836335, 0.5202833525052292, 0.023220004211651487, 0.09328033650475596], [0.34650500174149346, 0.5283552047836763, 0.01779932608125402, 0.10734046729357619], [0.009815870952363723, 0.012802149388441018, 0.00696046988295514, 0.9704215096762401], [0.05976895191813075, 0.09701126126267727, 0.4347882558679278, 0.40843153085126416]], "ideal": "B", "sampled": "B", "correct": true}}
{"type": "result", "data": {"idx": 14, "options": ["discrimination", "spontaneous recovery", "trace conditioning", "generalization"], "probs": [[0.0814777475734198, 0.145251842502908, 0.12231514038882102, 0.6509552694348512], [0.04840350252631359, 0.10738574112330104, 0.5285957755777015, 0.3156149806726838], [0.1270008692539952, 0.19065365335415857, 0.06692614455541877, 0.6154193327364275], [0.10061979072532087, 0.24517261768071108, 0.4509588714738148, 0.20324872002015323], [0.1196118244091024, 0.340746102807177, 0.10891017464213187, 0.43073189804158873], [0.15990940986599708, 0.48492582905024123, 0.11883826375550369, 0.236326497228258], [0.07559766801453133, 0.2765283676311733, 0.16256499567753174, 0.48530896857676364], [0.04978070296339501, 0.1878673541089626, 0.4168200995321962, 0.3455318432954462], [0.057883229376057305, 0.18395400439127516, 0.1455215277811484, 0.6126412383515191], [0.05048841011816185, 0.1460914993397161, 0.36728729152192624, 0.4361327989201958], [0.057992009574574274, 0.2519060297980521, 0.24800764772773315, 0.44209431279964045], [0.07536086214739886, 0.3430656688148735, 0.15463566317693786, 0.42693780576078977], [0.06108814940867117, 0.1941419719582663, 0.05649882266103723, 0.6882710558720253], [0.052381739423067564, 0.1946166034277288, 0.5458390366512691, 0.2071626203979346], [0.04476062886325997, 0.11792962076185594, 0.1586935943401073, 0.6786161559347768], [0.026528830447249487, 0.0732461010939612, 0.516457333637649, 0.3837677347211403], [0.08657919972660211, 0.40033851260390635, 0.20130792848356455, 0.311774359085927], [0.08459599378303115, 0.37325844443029654, 0.09890536291582791, 0.4432401987708444], [0.1466907201078304, 0.2574547682418126, 0.09179832587506258, 0.5040561856752944], [0.25602973458701594, 0.36106689125663266, 0.1228472859605223, 0.2600560880958291], [0.0970510758582229, 0.1757386313520569, 0.21871222390496933, 0.5084980687847509], [0.1487636505671779, 0.21309625880353109, 0.1940276440204453, 0.4441124465088456], [0.22888836262321408, 0.28485783931744624, 0.1782615184605674, 0.3079922794987723], [0.24569376568442056, 0.21015579370078566, 0.09927086235273003, 0.44487957816206375]], "ideal": "D", "sampled": "D", "correct": true}}
{"type": "result", "data": {"idx": 15, "options": ["the mere-exposure effect.", "self-serving bias.", "equipotentiality.", "the fundamental attribution error."], "probs": [[0.4706943543095035, 0.30868838614215827, 0.06781044904852329, 0.15280681039981486], [0.23288179758185532, 0.3550933572660436, 0.3037309623672994, 0.10829388268480168], [0.3434899602556938, 0.29379866837597424, 0.1926792796961187, 0.1700320915722133], [0.06825218094753496, 0.16892363990183581, 0.3576113448079191, 0.40521283424271015], [0.3208629238413222, 0.3931262849344024, 0.12964014900878293, 0.15637064211549248], [0.4075119288047124, 0.4270670807024035, 0.04867071021615627, 0.11675028017672781], [0.52342943187142, 0.28906517033473994, 0.055168443887182325, 0.13233695380665778], [0.40133385640337615, 0.34327363364071983, 0.15232686598136558, 0.10306564387453841], [0.3477258487510405, 0.31169573398381045, 0.20441449295665598, 0.13616392420849305], [0.1589805966228842, 0.32113359092988514, 0.41884077527300073, 0.10104503707422992], [0.3756245746460695, 0.5054555233536042, 0.06131862482896445, 0.057601277071361784], [0.30155762128324864, 0.5904172482371819, 0.0477129206695253, 0.06031220971004415], [0.1104323681494567, 0.5696549627231734, 0.12910919371108037, 0.19080347531628947], [0.0624532073258628, 0.34293558465563667, 0.21798293915630626, 0.37662826876219424], [0.08630963992795594, 0.668357417033957, 0.13792272835562666, 0.10741021458246035], [0.053342869772855676, 0.46805431039259315, 0.38201807787120584, 0.09658474186334531], [0.03785259248047589, 0.82206791018619, 0.04784999006619884, 0.09222950716713525], [0.045921182407272935, 0.813971727484587, 0.06786655381140368, 0.07224053619673641], [0.6548870996442336, 0.215954786992972, 0.0497158333524768, 0.07944227991031753], [0.7588388195814766, 0.1666927309535745, 0.021192649021983867, 0.05327580034296508], [0.5956170006664303, 0.30420834049675854, 0.04813289305185425, 0.05204176568495685], [0.581077294919715, 0.3208986318058334, 0.03773172311798085, 0.060292350056470705], [0.3175569569018904, 0.2758970640591176, 0.12631413715750864, 0.2802318417814833], [0.4567949541468837, 0.27705172114361015, 0.1904148338606504, 0.07573849074885575]], "ideal": "D", "sampled": "D", "correct": true}}
{"type": "result", "data": {"idx": 16, "options": ["grounding a teenager for staying out past curfew", "spanking a child for misbehavior", "permanently revoking the driving privileges of a third-time DWI driver", "refusing to return the boss' phone call after not getting the expected raise"], "probs": [[0.3651727843201849, 0.2980577491938717, 0.1046366562406644, 0.23213281014527898], [0.3636032396728268, 0.28318450273996715, 0.1492403916752168, 0.2039718658119892], [0.2999547719655489, 0.2410243451354282, 0.2907579540915602, 0.16826292870746265], [0.3141313194914445, 0.2334498315816126, 0.17081011830052306, 0.2816087305264198], [0.334043696521064, 0.24824545894668146, 0.23322806802569385, 0.18448277640656063], [0.3526179027434942, 0.2461753877071502, 0.10424559950701026, 0.29696110994234537], [0.3939582768309576, 0.25042559201444764, 0.11288531940730157, 0.24273081164729318], [0.38939250751151605, 0.24368331234626073, 0.16489928221993944, 0.2020248978222838], [0.4262880257452008, 0.2391345429439263, 0.13002790121840826, 0.20454952999246465], [0.39378252034745886, 0.23514762168041362, 0.16676179814516132, 0.2043080597269662], [0.44338541227499206, 0.2410735284801109, 0.11567923911966131, 0.1998618200252357], [0.4524519909634236, 0.2498777154537646, 0.09050800987575405, 0.2071622836070577], [0.29266012584203843, 0.2542722002690734, 0.2836855138162858, 0.16938215997260236], [0.29377460476798584, 0.23606355485939687, 0.16225723920630084, 0.30790460106631645], [0.3744244026031713, 0.31531108288443255, 0.11600558425778702, 0.19425893015460916], [0.3526024572586444, 0.30636033869243245, 0.14931978506323274, 0.19171741888569035], [0.32373529669385326, 0.24437724051415938, 0.1370940953356024, 0.2947933673563849], [0.2993296131092436, 0.2520659305211059, 0.2641867736341632, 0.18441768263548727], [0.35658380916999005, 0.23385739672613154, 0.23025219483236967, 0.17930659917150873], [0.38584063210151753, 0.22683163691883382, 0.09605384057321187, 0.29127389030643674], [0.42602712987452135, 0.25440200023482346, 0.11831765836854291, 0.20125321142211225], [0.4249804349189732, 0.2701444943734905, 0.10095384046136484, 0.2039212301461715], [0.38916162812280114, 0.22523517085550449, 0.13036618023898433, 0.25523702068271004], [0.33820150307019614, 0.23610617921691948, 0.2634177584211193, 0.16227455919176506]], "ideal": "D", "sampled": "B", "correct": false}}
