{"type": "result", "data": {"idx": 0, "options": ["includes two or more alternatives", "classifies subjects", "affirms the antecedent or denies the consequent", "leads to a valid conclusion"], "probs": [[0.22387466988895732, 0.16637506831449878, 0.1914973230245346, 0.4182529386720093], [0.22422647473954024, 0.2041655778680722, 0.33662307259054425, 0.23498487470184332], [0.25163868067132356, 0.1550349294984278, 0.17844438551072, 0.41488200421952864], [0.23996587452822166, 0.23997210321369286, 0.33317903177355385, 0.1868829903845316], [0.29534044418748556, 0.28182601505939187, 0.15809224308798936, 0.2647412975651332], [0.38515468854100376, 0.30949192774938206, 0.1290176193433487, 0.17633576426626543], [0.22093697548495633, 0.321475753796013, 0.13612349735697338, 0.3214637732620573], [0.23286696572159715, 0.3495869830024242, 0.21204214654106968, 0.205503904634909], [0.12079143702955275, 0.11707799309927666, 0.4488221473367535, 0.3133084224344171], [0.1504708677379818, 0.15047480164453655, 0.30876174566042325, 0.39029258485705837], [0.12309104672875076, 0.1373213498755757, 0.5023265368214122, 0.2372610664742614], [0.1487450859357002, 0.13333992162055938, 0.18225510284382732, 0.5356598894999131], [0.18759453202357493, 0.30451109290885814, 0.12893910175308904, 0.3789552732144779], [0.22372070776011377, 0.4179835790578693, 0.15138789558720978, 0.2069078174948071], [0.09032651915729564, 0.10077087730310284, 0.3356222858037049, 0.4732803176358966], [0.11384381843313991, 0.12503789084559752, 0.22641570357765248, 0.5347025870436101], [0.1384162836184537, 0.2045740755934034, 0.39434152207850975, 0.2626681186096331], [0.1083992604654192, 0.12093424345333599, 0.1370358862950005, 0.6336306096862443], [0.24699584751322837, 0.3885918134922928, 0.14981865061000788, 0.2145936882844709], [0.3236690557772816, 0.4091697754799375, 0.11186354194546312, 0.15529762669731778], [0.12684826907603622, 0.15063972912953347, 0.44974585322300625, 0.27276614847142405], [0.14109279003680278, 0.12451866082319182, 0.1675582801001855, 0.5668302689398199], [0.17370769183893095, 0.18491557126249236, 0.45059723034444815, 0.1907795064541285], [0.12302748754278695, 0.10857542424329143, 0.19055595495800737, 0.5778411331559142]], "ideal": "A", "sampled": "A", "correct": true}}
{"type": "result", "data": {"idx": 1, "options": ["Changing the meaning of a word or phrase from one part of the argument to another.", "Confusing figurative language with literal language.", "Reasoning that ideas presented in an appealing manner are correct, regardless of the content of the message.", "Using emotionally charged language to create an impression about the subject of a claim, without making an argument that the language fits the subject."], "probs": [[0.08022247373587056, 0.126205997546897, 0.6613127091061282, 0.1322588195111043], [0.04251667983454518, 0.07579270975406145, 0.8022631049028384, 0.079427505408555], [0.11693921383589434, 0.7507357521436718, 0.0687479017235522, 0.06357713219688159], [0.15193644051271904, 0.582439954651465, 0.2012915000021965, 0.06433210473361943], [0.0965425993249068, 0.7958277074598935, 0.05675663573955335, 0.05087305737564634], [0.12264487859511689, 0.7396599777263599, 0.09114555436402151, 0.046549589214501634], [0.0790686601390697, 0.12634928429093126, 0.6830828138273135, 0.11149924164268554], [0.045814594746580034, 0.07436274514757797, 0.8121169562684903, 0.0677057037373517], [0.11043376972687598, 0.7665803856400398, 0.07242705510368001, 0.050558789429404165], [0.14252998676744777, 0.6799840685036919, 0.13600855283613797, 0.04147739179272236], [0.08868043270703847, 0.8028670760089877, 0.0659044004144136, 0.042548090769560294], [0.10890678112410997, 0.7678849553315433, 0.08615562158416647, 0.03705264186018022], [0.8010411202028952, 0.09870861396168576, 0.04312420976383229, 0.057126055971586785], [0.48625315580766215, 0.2026995501304525, 0.2643847674632075, 0.04666252649867786], [0.7799584806678674, 0.1106227553478814, 0.0483293343411535, 0.06108942954309763], [0.5015036313776255, 0.20905735463622704, 0.24827457222021687, 0.04116444166593055], [0.6501652573510334, 0.2586227645517695, 0.050927955462429515, 0.04028402253476758], [0.7404208472167826, 0.20561222044158337, 0.027827500520057107, 0.026139431721576893], [0.8598498749237261, 0.07513415109621123, 0.02896778115136204, 0.03604819272870059], [0.816901353224218, 0.10715502892077679, 0.04755147305853863, 0.028392144696466542], [0.8641403284395601, 0.07433842094118175, 0.02529328306774704, 0.03622796745151112], [0.8468459436980759, 0.09501470836824819, 0.033354350176568154, 0.02478499765710782], [0.7548732531843726, 0.17378408687212438, 0.03817663227603639, 0.033166027567466665], [0.821994029517807, 0.1341894008324235, 0.021566762258007334, 0.022249807291762125]], "ideal": "C", "sampled": "D", "correct": false}}
{"type": "result", "data": {"idx": 2, "options": ["significance", "snob appeal", "poisoning the well", "appeal to anonymous authority"], "probs": [[0.018306280699717428, 0.06001800435855932, 0.8958639747253809, 0.025811740116342345], [0.02558446083131287, 0.05087925799398429, 0.07637631047752762, 0.8471599705971752], [0.05625420739567259, 0.893816221268259, 0.024575137926935463, 0.025354433309132902], [0.0862173041368121, 0.8439747454506685, 0.05229265096188112, 0.01751529935063825], [0.041929301963670486, 0.1005827363631843, 0.04127755123315313, 0.8162104103399921], [0.07502046971762995, 0.2498438209045429, 0.6380018591242796, 0.03713385015354751], [0.016011589241759307, 0.08130639336340706, 0.8741424786463295, 0.028539538648504083], [0.027274083241797177, 0.07413689018738646, 0.12610842239300304, 0.7724806040778133], [0.024215392720856804, 0.922969995117706, 0.02743875788727428, 0.025375854174162802], [0.03702835641729658, 0.9112356066587938, 0.034784181995604166, 0.016951854828305423], [0.016285097619205657, 0.06749858869958268, 0.040938356015832664, 0.875277957565379], [0.027488395210551957, 0.15817419976794847, 0.790828098397229, 0.0235093065242706], [0.8761848618417638, 0.07899015763870103, 0.019971393976756638, 0.02485358644277853], [0.7035495736214233, 0.18068500072559252, 0.08805803330441407, 0.02770739224857011], [0.7961262436955349, 0.10121436369337666, 0.049326874177200844, 0.05333251833388761], [0.7590735073215297, 0.1360924157603671, 0.07399152495025799, 0.030842551867845264], [0.7656994732230563, 0.16820197400973594, 0.04186818151408372, 0.02423037115312404], [0.8460212942320302, 0.11449717663779904, 0.022196015632450144, 0.01728551339772061], [0.05600257896796813, 0.050200383903251516, 0.03141314290270492, 0.8623838941260754], [0.058554660976336416, 0.16942352598197452, 0.7359517400747848, 0.03607007286690421], [0.03972920804616788, 0.04163558439222545, 0.04228926853628212, 0.8763459389253245], [0.029500346182662382, 0.09229160867407465, 0.8487115433598874, 0.029496501683375514], [0.1575223715340196, 0.7753546995999896, 0.04443074886629763, 0.022692179899693143], [0.17756735218374367, 0.7713191048733494, 0.029907049688266196, 0.02120649315464069]], "ideal": "C", "sampled": "C", "correct": true}}
{"type": "result", "data": {"idx": 3, "options": ["a specific type of false cause fallacy that argues that since two event happened at the same time one event must have caused the other", "arguing that an event that preceded another event necessarily is the cause of the second event", "arguing that since something is new it is necessarily good", "drawing a conclusion based on a comparison when the items being compared are not similar enough to support the conclusion."], "probs": [[0.2730842273123799, 0.4296383921318522, 0.14168474287888277, 0.15559263757688513], [0.23758935925968833, 0.37378713484840925, 0.29112201926181186, 0.09750148653009055], [0.11663930675405335, 0.17509952652560734, 0.4613470056206956, 0.24691416099964372], [0.15196368454637776, 0.2428385732200365, 0.4131064404799862, 0.19209130165359958], [0.17573525845233373, 0.5085239220451944, 0.20228224237169176, 0.11345857703078016], [0.15887009622445178, 0.6483140989992178, 0.09942399413115961, 0.09339181054517086], [0.2394320553217121, 0.31720084421444156, 0.21131033018070833, 0.232056770183138], [0.22392212841829792, 0.28306319674112795, 0.37502377383332847, 0.11799090090724565], [0.16579152889071286, 0.25280535595281134, 0.3246272552378285, 0.2567758598186473], [0.09814214705439477, 0.20454725621085326, 0.42633873219995033, 0.2709718644348016], [0.1939926997975869, 0.5702021590004891, 0.1441727695282298, 0.09163237157369417], [0.1146313086217687, 0.38179468115745785, 0.21085495854284364, 0.2927190515779298], [0.13525877690067167, 0.1848752470893275, 0.42320820054339914, 0.25665777536660167], [0.1316388806080643, 0.20709454394014365, 0.4667283157022477, 0.1945382596495443], [0.13176549773440122, 0.24235587948587087, 0.3638416176098091, 0.26203700506991884], [0.08655141551080338, 0.195046087932337, 0.4903787520150338, 0.22802374444182585], [0.13593869792329724, 0.5813538767700935, 0.15893808785258415, 0.12376933735402504], [0.09043907579238371, 0.32064096205360243, 0.2829754481643318, 0.3059445138896821], [0.6152399686072949, 0.19974624810983654, 0.1004426091743012, 0.08457117400856731], [0.721765377396726, 0.1560982121043804, 0.053947305556287684, 0.0681891048426059], [0.6676870732147604, 0.1854160452542229, 0.07974833459552098, 0.06714854683549572], [0.35886092366291517, 0.23906310321698138, 0.15925743462382164, 0.24281853839628184], [0.6456094431649463, 0.1710745555816474, 0.07956004946300546, 0.10375595169040086], [0.24800068876649548, 0.22581552639775918, 0.22232481007512842, 0.3038589746606169]], "ideal": "D", "sampled": "D", "correct": true}}
{"type": "result", "data": {"idx": 4, "options": ["arguing that something should be done because that's the way it's been done in the past.", "arguing that an act should be carried out because it will not have any significant consequences, when there is no evidence of the effects", "reasoning that a conclusion is true because it's been claimed so often", "reasoning that a claim is true because so many people believe it is true"], "probs": [[0.1520762569740888, 0.22829058423902665, 0.48332183828107483, 0.13631132040580973], [0.2947890108780506, 0.3340468604174758, 0.2058072440648213, 0.16535688453965236], [0.2679790098411677, 0.4150591840889729, 0.17575172030648095, 0.14121008566337842], [0.3086611674217847, 0.36086693940230014, 0.16266085448219264, 0.16781103859372254], [0.2977530569210008, 0.34811415227406534, 0.19225297293370763, 0.1618798177712263], [0.2085238421634622, 0.25153048324868194, 0.3179813731601919, 0.22196430132766393], [0.12389798091907163, 0.1831050609433812, 0.5819443290264306, 0.11105262901111664], [0.2565964345408783, 0.48694378936142935, 0.16058146234121873, 0.09587831365647362], [0.1656348506751469, 0.4645401398510075, 0.24480468792837512, 0.12502032144547046], [0.21852001871248417, 0.4414329594145798, 0.1410947164915181, 0.19895230528141794], [0.19382108699984438, 0.43001577477444836, 0.245025101653951, 0.13113803647175626], [0.12904351371531878, 0.19371727731150618, 0.41658772151829543, 0.2606514873548796], [0.5581309836405507, 0.26779753166588555, 0.09111684627751929, 0.08295463831604451], [0.41918240581318844, 0.33160492295831706, 0.1448746172324634, 0.10433805389603111], [0.42402594329588855, 0.2653479516535603, 0.2099173915939805, 0.10070871335657068], [0.44787845367769313, 0.23235389828995154, 0.20829156100839352, 0.11147608692396181], [0.3014786243137242, 0.2660539746018431, 0.28323251006155103, 0.1492348909228817], [0.368923371530288, 0.27417013454929307, 0.14003782181587882, 0.21686867200454013], [0.5015544070597128, 0.25616892024538096, 0.1268179955884062, 0.11545867700650005], [0.2413968556669825, 0.203270655801374, 0.40428193797178524, 0.15105055045985827], [0.3393617080541886, 0.3042018477853137, 0.22963419311542058, 0.12680225094507713], [0.22845348713497632, 0.20160116253267343, 0.4335491656823531, 0.13639618454999716], [0.19510834825745155, 0.28387995705507696, 0.33191733559873504, 0.18909435898873644], [0.20411073247042355, 0.2923864591252573, 0.17735023001967568, 0.32615257828464345]], "ideal": "C", "sampled": "C", "correct": true}}
{"type": "result", "data": {"idx": 5, "options": ["false criteria", "hasty generalization", "ad crumenam", "division"], "probs": [[0.19982637762059982, 0.5782279623032768, 0.09293153327182255, 0.12901412670430085], [0.21434740560334675, 0.5736309842666228, 0.08797068082428423, 0.1240509292057461], [0.26154646664546816, 0.26566759145088087, 0.27842510158652994, 0.19436084021712105], [0.3004133775221865, 0.21978598683469155, 0.30042044067206547, 0.17938019487105647], [0.252341953994864, 0.4714353943037771, 0.17893966897322716, 0.09728298262813172], [0.2472772412160532, 0.469248317593375, 0.15718142452483994, 0.12629301656573183], [0.698129998272731, 0.1332430849433575, 0.06805478070914488, 0.10057213597476661], [0.726727783651951, 0.11679690862943518, 0.0655177852394059, 0.09095752237920793], [0.6471037557269428, 0.15370390504718162, 0.07374903888631158, 0.12544330023956396], [0.6961801828534496, 0.12481968104665912, 0.07224096671568352, 0.10675916928420773], [0.6921665306802406, 0.1362966227836482, 0.07182398808202206, 0.09971285835408918], [0.6945737185633767, 0.14111211053437844, 0.07320903549600483, 0.09110513530624006], [0.180877047474134, 0.25507900496374364, 0.3653948063096804, 0.19864914115244195], [0.1996648817954933, 0.23342981137772056, 0.36724672812266507, 0.19965857860412106], [0.17555204162892565, 0.515985075451878, 0.12448940517618162, 0.1839734776430147], [0.2068440168889149, 0.473473876667359, 0.15859644113385196, 0.1610856652098741], [0.17294229565321512, 0.42139834161359135, 0.2327221780782674, 0.17293718455492613], [0.24411469079713916, 0.4420335720517007, 0.21209283735126425, 0.10175889969989592], [0.30069681550987426, 0.3461013086375005, 0.24928797407506528, 0.10391390167755997], [0.2985256910025571, 0.3128528296634626, 0.23615489897750602, 0.15246658025647422], [0.3059135191316712, 0.411655153365937, 0.16632340097121046, 0.1161079264311813], [0.3059577964384206, 0.3867701916514266, 0.18557463722738546, 0.12169737458276733], [0.26473460782210856, 0.3143814644371661, 0.2526139133594405, 0.16827001428128482], [0.3852298597079575, 0.2953670124540667, 0.2264657315520111, 0.09293739618596472]], "ideal": "D", "sampled": "B", "correct": false}}
{"type": "result", "data": {"idx": 6, "options": ["responding to an argument with an expression of derision instead of a counter argument", "attempts to gain agreement based solely the feelings aroused by the message", "characterizing an opponent's position in such way to make it or its consequences appear to be ridiculous", "arguing actions should be taken to avoid negative results, when those results are exaggerated, unlikely, or irrelevant"], "probs": [[0.03035759383708792, 0.04084840439325605, 0.901156132398337, 0.027637869271319008], [0.08871415421809765, 0.04823404267383904, 0.08465255953740486, 0.7783992434706585], [0.10983396279520431, 0.8373525110638513, 0.030500629800113383, 0.02231289624083097], [0.15066255683682203, 0.8018742828829182, 0.028309734640828522, 0.019153425539431272], [0.1204813888333335, 0.06058308955794819, 0.09237698796762682, 0.7265585335410915], [0.036693930553898364, 0.03905805565201683, 0.9030138832489139, 0.021234130445170907], [0.03498165303689625, 0.0633405900054522, 0.8744367607603257, 0.027240996097325786], [0.08006227760706411, 0.13619242607185286, 0.09215200691493718, 0.6915932893061458], [0.06809991334404912, 0.8296266784542679, 0.0821443183665611, 0.020129089735121907], [0.04222463928967712, 0.9028095047153851, 0.028127841782329827, 0.02683801411260791], [0.029098793245311855, 0.03915430027702232, 0.8773894685001173, 0.054357437877548445], [0.01455119501037989, 0.02117031294136573, 0.9434374388251496, 0.02084105312310468], [0.8772649845839052, 0.07908888234048776, 0.020631743785088995, 0.023014389190518056], [0.9072105338292683, 0.0617376904597479, 0.016616528944964508, 0.014435246666019324], [0.5979405518445228, 0.1795301996460731, 0.194124947961799, 0.028404300447605085], [0.9080138336789724, 0.044506475164348275, 0.016892922530861082, 0.030586768525818236], [0.6789065194102802, 0.1423035030041785, 0.1612557672544533, 0.01753421023108794], [0.8989713941058338, 0.050716498592597, 0.019553072353191238, 0.030759034848377994], [0.18028428074200464, 0.25824911840663023, 0.08650311311195844, 0.47496348763940666], [0.04292275820128185, 0.08144948007021668, 0.8487703329782833, 0.02685742865021812], [0.037374648113232274, 0.05523350107652641, 0.8244811879210567, 0.08291066278918452], [0.01693280148283798, 0.030659418629061838, 0.9244935501052949, 0.027914229682805342], [0.0933955046711498, 0.8324292595898085, 0.05844589156533433, 0.015729344073707376], [0.049545772679422874, 0.9061052173850328, 0.021309495364138162, 0.023039514471406192]], "ideal": "A", "sampled": "C", "correct": false}}
{"type": "result", "data": {"idx": 7, "options": ["Appeal to ignorance", "Double negative", "Equivocation", "Burden of proof"], "probs": [[0.9765863859031082, 0.013292922426567415, 0.004665906466710001, 0.005454785103614396], [0.9765152620667389, 0.013929871318205481, 0.004889474858989431, 0.004665391656066193], [0.9766598010337755, 0.01393201790291793, 0.0045939469091917495, 0.00481423405411485], [0.9767845385561814, 0.014376114234135753, 0.004523318589043954, 0.004316028520638863], [0.9758996398289337, 0.01553030875761856, 0.004519211142633103, 0.004050840170814642], [0.9759242110306127, 0.015775252411175465, 0.004312384949505585, 0.0039881515087063], [0.043836300478881395, 0.9372695729614965, 0.010911411895798005, 0.007982714563824092], [0.048675427008458956, 0.9329114160056784, 0.011928135022510852, 0.006485021863351745], [0.12020916193300776, 0.1427453362331598, 0.7026095651359674, 0.034435936597865015], [0.14932643920697286, 0.18876534135941467, 0.292351594766004, 0.3695566245676085], [0.10738210173985309, 0.31071262130990535, 0.5538959185135601, 0.02800935833668138], [0.15746643351528886, 0.4084395352390053, 0.09550548025780192, 0.3385885508879039], [0.1123114288280232, 0.8697178828673372, 0.011120065709771374, 0.006850622494868202], [0.15106095618321252, 0.8295089736835465, 0.012793255245786441, 0.006636814787454565], [0.2066234213618388, 0.09608543669884986, 0.6566098845421591, 0.04068125729715218], [0.18407216803432697, 0.11884652910568862, 0.25554752537695785, 0.44153377738302657], [0.25952150593363016, 0.20529478136257648, 0.5160905554867409, 0.019093157117052513], [0.39073110136038747, 0.22613953583418753, 0.13087255931432673, 0.2522568033910983], [0.5006071279662409, 0.4852186393487308, 0.008613271553661494, 0.00556096103136689], [0.4838939739604616, 0.49926824744306947, 0.010042743100954769, 0.0067950353955141575], [0.8429614170585534, 0.11231586108223078, 0.029759268489845704, 0.014963453269370047], [0.7338025241146678, 0.158698492092483, 0.04338368579086363, 0.06411529790198559], [0.7937904295198476, 0.14232220284417865, 0.0476692448385538, 0.016218122697419953], [0.791907380939538, 0.14422029859011504, 0.03268494255774121, 0.031187377812605672]], "ideal": "A", "sampled": "A", "correct": true}}
{"type": "result", "data": {"idx": 8, "options": ["ignoring another person's arguments and attacking her character instead", "asserting an opposing arguer has taken an easily defeated position, which she has not really taken", "causing confusion during an argument by a lack of ability to engage in refutation", "using threats of harm instead of reasoning to gain agreement"], "probs": [[0.49835629751336846, 0.21433921794951005, 0.21772164753052875, 0.06958283690659271], [0.11561867335134873, 0.08592151657553189, 0.31924613593501405, 0.47921367403810533], [0.4195663678484986, 0.16688947873297497, 0.3371392883238247, 0.07640486499470167], [0.40052941437530654, 0.17497617004552118, 0.3023450076277703, 0.122149407851402], [0.07538593207813585, 0.06348187806845536, 0.3378689464967536, 0.5232632432566552], [0.313263157374025, 0.19000328151481558, 0.3440671069297972, 0.1526664540813622], [0.15639719307200817, 0.7119738432352031, 0.08241833714905851, 0.04921062644373024], [0.11767980937198624, 0.37398912663022443, 0.23041609902425939, 0.2779149648735299], [0.07506074587859447, 0.06126071375158154, 0.807024639607179, 0.05665390066264497], [0.10598082523535376, 0.07753781742459562, 0.32645212627805714, 0.49002923096199347], [0.020176455489259493, 0.023221949242836104, 0.899130051302013, 0.057471543865891456], [0.10728916604704525, 0.08756803785557091, 0.3463459636397465, 0.4587968323576373], [0.14428623664215834, 0.6883638212155093, 0.10231765070954427, 0.06503229133278801], [0.12069098084987756, 0.7393347134347725, 0.07435833772807311, 0.0656159678872768], [0.09372970065020386, 0.14291799599432772, 0.6926067728827734, 0.07074553037269504], [0.12600154058869928, 0.17769405773573563, 0.22816688500050555, 0.46813751657505953], [0.06709889167040113, 0.10891010640678046, 0.7443160607838695, 0.07967494103894891], [0.0972041838398784, 0.12877718815162792, 0.2726233540361438, 0.50139527387235], [0.07385256610621466, 0.11261260833908243, 0.37506939559891017, 0.43846542985579273], [0.12681231184851297, 0.5015523545289438, 0.25617680523613146, 0.11545852828641182], [0.0283966578446427, 0.033197910888816844, 0.8562444186493074, 0.08216101251723296], [0.10090782786308729, 0.09934411497862589, 0.37493069280224744, 0.42481736425603933], [0.05999453454601642, 0.07466221711279701, 0.7780596729045839, 0.0872835753366027], [0.08280048703618446, 0.08151656570625007, 0.44068578866230385, 0.3949971584952616]], "ideal": "A", "sampled": "A", "correct": true}}
{"type": "result", "data": {"idx": 9, "options": ["Laudatory personality", "Guilt by association", "Reprehensible personality", "Circular reasoning"], "probs": [[0.06857427877350296, 0.8485764765422484, 0.05096036510821785, 0.03188887947603073], [0.049263961608251854, 0.8732435106357896, 0.04416020959174105, 0.03333231806421743], [0.060546542766448434, 0.18649287311552185, 0.682179324087314, 0.07078125993071571], [0.21520338309033257, 0.2941504628915349, 0.1675994495105201, 0.3230467044076124], [0.034753482655859036, 0.14861831012141796, 0.743061301249982, 0.07356690587274096], [0.2882510211254302, 0.29740402985829434, 0.1518976137455681, 0.26244733517070734], [0.6684044598864677, 0.21363390980014693, 0.06722202896399618, 0.050739601249389234], [0.6748037043196348, 0.22602998728414028, 0.05989089502797669, 0.039275413268248245], [0.7051194388286413, 0.18394074047686382, 0.060656119809821746, 0.0502837007846732], [0.6846459532762603, 0.20556667521614036, 0.06172117613279954, 0.04806619527479979], [0.6116507235049714, 0.22501417172727434, 0.10464000267651347, 0.0586951019912408], [0.6387058162725473, 0.2106230297894169, 0.08643836076387255, 0.06423279307416328], [0.04210924933213696, 0.1492870373156819, 0.7122217164924881, 0.09638199675969304], [0.1201581454086184, 0.23161460911634316, 0.1803772070654912, 0.46785003830954724], [0.051264730779257056, 0.8807428680637602, 0.040553549350309394, 0.027438851706673293], [0.041831602341930216, 0.8805490332084043, 0.04452947626256022, 0.0330898880871053], [0.1679058546838024, 0.25206041709138255, 0.21899006094814008, 0.36104366717667497], [0.028934349294491922, 0.12373297206916398, 0.7699076382880448, 0.07742504024829935], [0.019431466053797773, 0.13700292875548836, 0.7523071099036844, 0.09125849518702947], [0.10373324977115517, 0.29551324465533296, 0.1968516274855251, 0.40390187798798677], [0.025076833834222288, 0.870293242076227, 0.059223461033088065, 0.045406462956462605], [0.022789126424512755, 0.8823108610887022, 0.05298612989058743, 0.041913882496197645], [0.10543959546229884, 0.21635366852253277, 0.21299463411565792, 0.4652121017995105], [0.018184500592327194, 0.10629005439386674, 0.7977667195830583, 0.07775872533074775]], "ideal": "B", "sampled": "B", "correct": true}}
{"type": "result", "data": {"idx": 10, "options": ["Appeal to ignorance", "Extension", "a priori", "Complex question"], "probs": [[0.19710259262832294, 0.10387785092936556, 0.11057110290823931, 0.5884484534340721], [0.3410978742011728, 0.20054104179154034, 0.41147457101829454, 0.04688651288899231], [0.21436465742670588, 0.10612893577925248, 0.14059205980349604, 0.5389143468905456], [0.12239874077415858, 0.1262920861071062, 0.6934944521579296, 0.057814720860805635], [0.4222624004321195, 0.42894959501373686, 0.11189293162138052, 0.03689507283276316], [0.3868424565193462, 0.43838238385121336, 0.12559547925530976, 0.04917968027413071], [0.12462213727049147, 0.4086501330373088, 0.11171635322434396, 0.3550113763678558], [0.13144957017513786, 0.6370275853320053, 0.18538243267256024, 0.04614041172029654], [0.11664699848801932, 0.14292791590846754, 0.29327023244898043, 0.44715485305453273], [0.03156449088522997, 0.0657884294198784, 0.8141276128746112, 0.0885194667202804], [0.10450564957436326, 0.7031428833007132, 0.1520632082616072, 0.040288258763316376], [0.06619698701577247, 0.5993359818306848, 0.20075038522151656, 0.13371664583202617], [0.13803345169286615, 0.3525035135468528, 0.11624200814160587, 0.39322102651867513], [0.12830674169021986, 0.5154834793184988, 0.2759191588811642, 0.08029062001011712], [0.1159223647328637, 0.17403196638453267, 0.3054382388942635, 0.4046074298883401], [0.04465074603889499, 0.10545554951128179, 0.7207011799918015, 0.12919252435802175], [0.04662110491917201, 0.813599920799431, 0.10672051935561551, 0.03305845482578148], [0.03888478535313228, 0.7111610319220231, 0.1689137992451047, 0.08104038337973998], [0.5752257061294753, 0.25131988694391055, 0.13243259498278495, 0.04102181184382913], [0.5514231673185521, 0.2564561252133634, 0.14162651559963843, 0.05049419176844603], [0.5474619105667208, 0.22121424311529056, 0.19521648598100175, 0.036107360236986984], [0.3680175405366186, 0.21636644687700082, 0.3051192050450201, 0.1104968074413605], [0.5667773611301551, 0.19897121633770393, 0.18985890274516096, 0.04439251968698004], [0.39593068320940517, 0.18704085232302403, 0.30359428852093734, 0.11343417584663348]], "ideal": "D", "sampled": "D", "correct": true}}
{"type": "result", "data": {"idx": 11, "options": ["Attacking the Person (ad hominem)", "Equivocation", "Begging the Question", "Appeal to Pity"], "probs": [[0.4253098602866521, 0.2620536347655617, 0.18293200158834996, 0.12970450325943625], [0.4785553455950579, 0.22963608578262493, 0.11017431986911644, 0.18163424865320071], [0.49316816047361617, 0.23665288873174894, 0.12666302540635954, 0.14351592528827534], [0.5357153811621133, 0.2233456438800252, 0.10549386196669024, 0.13544511289117128], [0.46547348548758843, 0.22687350856205382, 0.11056387756538874, 0.19708912828496897], [0.47707298393247155, 0.2289245724449115, 0.1573274284443884, 0.13667501507822855], [0.38695206369422547, 0.3523654262585517, 0.1613118761323339, 0.09937063381488896], [0.5096529391462365, 0.22974170450201922, 0.10517602961376725, 0.15542932663797698], [0.35135269946860015, 0.32498473652148496, 0.21311490711930647, 0.11054765679060835], [0.24817354604841751, 0.21565559182907892, 0.15775608779766007, 0.3784147742248435], [0.491587094537352, 0.21145118226013365, 0.1646638735068825, 0.13229784959563184], [0.22659548777168773, 0.19084970366760381, 0.27764626920954105, 0.3049085392511674], [0.28270632868283163, 0.39872739903299487, 0.17418201785080314, 0.14438425433337035], [0.35140300679251174, 0.3459938856020947, 0.14422216150378428, 0.15838094600160926], [0.25322524465249663, 0.3151733670865244, 0.2960712997638538, 0.13553008839712516], [0.15599427883265707, 0.1420670428422028, 0.1823869320212169, 0.5195517462039232], [0.30203713163472024, 0.2973843039343815, 0.2665619989032021, 0.13401656542769624], [0.1335171331855821, 0.11602980070190337, 0.1883016852593126, 0.5621513807532019], [0.31570968028726143, 0.3929459750259367, 0.12756407259619135, 0.1637802719906105], [0.32274109362370773, 0.4276160629233472, 0.14322194562330584, 0.10642089772963927], [0.30472201105885277, 0.3193676471390837, 0.24486035106117682, 0.1310499906408867], [0.1611317790068057, 0.25353215653340816, 0.3154992052894762, 0.26983685907030985], [0.3083389584911854, 0.3334341843649611, 0.251676693633464, 0.10655016341038953], [0.14441493566268934, 0.1688754283560746, 0.24186536355391222, 0.4448442723273238]], "ideal": "C", "sampled": "A", "correct": false}}
{"type": "result", "data": {"idx": 12, "options": ["Equivocation", "Affirming the Consequent", "Gambler's Fallacy", "Inconsistency"], "probs": [[0.5366760171904319, 0.21018658813600405, 0.12163730729571695, 0.13150008727784707], [0.48248332838459007, 0.22092117540289047, 0.1471506120325631, 0.14944488407995635], [0.48220954883612466, 0.2173646176429399, 0.1746496356953483, 0.1257761977255871], [0.4186270000907427, 0.22409570548820235, 0.1564334952143384, 0.2008437991067165], [0.43006094228173397, 0.26087094516846776, 0.17376311898415167, 0.13530499346564656], [0.4221430874193524, 0.26419678552224496, 0.1349288978366885, 0.1787312291217141], [0.40923287309635137, 0.2769208971992777, 0.1679520383883865, 0.14589419121598443], [0.3853898105443046, 0.26906833450887574, 0.18491277372348078, 0.1606290811233389], [0.38958774174095695, 0.2636207122426077, 0.1869290824622468, 0.15986246345418853], [0.33611579724420265, 0.27008881357326864, 0.2274306646527709, 0.16636472442975783], [0.38677536284705505, 0.2742831923006912, 0.18269833376075723, 0.15624311099149657], [0.39650604124872524, 0.2856102883530155, 0.1787199228823279, 0.13916374741593135], [0.35877841172835034, 0.2750952500560674, 0.20443209699088308, 0.1616942411246992], [0.3292827504116479, 0.2646047034359437, 0.1762577251173266, 0.22985482093508175], [0.344893390726925, 0.2771406430154964, 0.1875214399579186, 0.19044452619966004], [0.33818263272668914, 0.2760285827220185, 0.20194357617090491, 0.18384520828038745], [0.32001493450690327, 0.2824300656971988, 0.16345158733571688, 0.23410341236018106], [0.3126942356822528, 0.2937646341222894, 0.22878126330388285, 0.1647598667915749], [0.44286432857853153, 0.26447334882952495, 0.17894265053867006, 0.11371967195327341], [0.4327364901624619, 0.2750895455151159, 0.14723992958742635, 0.14493403463499585], [0.4402708243964172, 0.2548368946904482, 0.1619774598310576, 0.14291482098207708], [0.47117458365095904, 0.25222935518396805, 0.14371192025559731, 0.1328841408094756], [0.4470940992655069, 0.22483324332274024, 0.14744540608107595, 0.18062725123067688], [0.4303257378214256, 0.2414115898297783, 0.19703441584812445, 0.13122825640067165]], "ideal": "D", "sampled": "A", "correct": false}}
{"type": "result", "data": {"idx": 13, "options": ["arguing that something is necessarily bad because it doesn't cost very much", "substituting individual stories for a larger sample when supporting a generalization", "arguing that what is true in nature must be true about humans", "the same thing as the  post hoc  fallacy"], "probs": [[0.09852213569358417, 0.21182348059541814, 0.5941962841038001, 0.09545809950719764], [0.3408833240595322, 0.3303954404026418, 0.1973128648016512, 0.13140837063617483], [0.23980594750953513, 0.5237770314189208, 0.1548421600980662, 0.0815748608734778], [0.2571510932016849, 0.5616590892459703, 0.11411491610287534, 0.06707490134946952], [0.20761324463198677, 0.1775742024005699, 0.3644218146436573, 0.250390738223786], [0.053338715875594904, 0.08522686820726989, 0.7838417028053983, 0.07759271301173687], [0.11430067078298252, 0.16369988388495527, 0.6179653543651243, 0.10403409086693786], [0.5035654230871083, 0.2532085738344814, 0.13768547566817005, 0.1055405273102403], [0.31510033659089914, 0.5617232290402967, 0.07254537128542173, 0.05063106298338247], [0.36165808803149024, 0.5345009287359824, 0.05997255056333144, 0.04386843256919584], [0.39916034927908595, 0.2346505066309469, 0.21705633203340602, 0.1491328119565611], [0.08437039639426175, 0.08704122835241648, 0.7639140429037279, 0.06467433224959392], [0.6150068548450753, 0.2027957707024111, 0.11738942387436016, 0.0648079504781534], [0.7364979083789617, 0.1617819153370564, 0.059521251707034074, 0.04219892447694787], [0.651496017342328, 0.21821571207158058, 0.07425520099907643, 0.05603306948701504], [0.7245437340188334, 0.18607346295775604, 0.05331570907933474, 0.036067093844075755], [0.7584524947732981, 0.14249939096596295, 0.061294452948182115, 0.03775366121255676], [0.7200041358942697, 0.1485706556546335, 0.09444820064517957, 0.03697700770591717], [0.16679188607455311, 0.18899518249529115, 0.381854653320274, 0.2623582780098817], [0.044804297383119515, 0.08909434824291018, 0.7697760461991149, 0.09632530807485538], [0.18975754645826892, 0.255338139965575, 0.3330909112683905, 0.22181340220776558], [0.0676056236170939, 0.11864145364114628, 0.7383500501896455, 0.07540287245211436], [0.16890889887855762, 0.6680204469477415, 0.1235795021780232, 0.039491151895677624], [0.17724589039835786, 0.6186317389177071, 0.1564255999297119, 0.04769677065422317]], "ideal": "C", "sampled": "C", "correct": true}}
{"type": "result", "data": {"idx": 14, "options": ["Style over substance", "Question begging epithets", "Hypostatization", "Amphiboly"], "probs": [[0.5486511318523077, 0.263252214360866, 0.09992180614198239, 0.08817484754484384], [0.5505997168810108, 0.2560591823758974, 0.08988761298213178, 0.10345348766095998], [0.5327440579770273, 0.25165531579481987, 0.13261681999416192, 0.08298380613399096], [0.586852006870117, 0.22275051973772445, 0.0900009727388896, 0.100396500553269], [0.5412787561434796, 0.22564357539835306, 0.13901927507897907, 0.09405839327918819], [0.598225838044738, 0.19728024028233637, 0.09032320912859733, 0.11417071244432835], [0.48754642209543086, 0.26925508961718964, 0.11401368166795108, 0.12918480651942843], [0.4855505832216023, 0.2558734860239762, 0.10338603832963161, 0.15518989232478989], [0.32290579328761093, 0.24758427949385833, 0.317919834727436, 0.1115900923910947], [0.48062422266086147, 0.18530157316101487, 0.12736161593105214, 0.20671258814707152], [0.3082842574449688, 0.21861028994833262, 0.3180933641785186, 0.15501208832818], [0.43312454219301566, 0.17775847015987462, 0.1384447663884001, 0.25067222115870963], [0.24905012731036122, 0.487631890781872, 0.15106412879404857, 0.11225385301371818], [0.18566357289124974, 0.5543127861926263, 0.1198799282147783, 0.14014371260134567], [0.1899562598581458, 0.36615818189657584, 0.3231461297673773, 0.12073942837790107], [0.22806691441440047, 0.36446272237045596, 0.1721663870589709, 0.2353039760561727], [0.10478345651598284, 0.20515807620778292, 0.5490652298893317, 0.14099323728690255], [0.21038004517716682, 0.23106136802874275, 0.34150703793371223, 0.21705154876037816], [0.15106772335054947, 0.4953451899791684, 0.2001435220084176, 0.15344356456186453], [0.12796167265317698, 0.5221844003760528, 0.17220117613732328, 0.1776527507334469], [0.11974881052896302, 0.3106094161583079, 0.3926704946063958, 0.17697127860633327], [0.12800561808234623, 0.34257094517332626, 0.23180631254651302, 0.29761712409781443], [0.07413235416464299, 0.19531332245472963, 0.5831349578383804, 0.14741936544224696], [0.12506528011106582, 0.22295751833239555, 0.3913280309147509, 0.26064917054178777]], "ideal": "B", "sampled": "A", "correct": false}}
{"type": "result", "data": {"idx": 15, "options": ["Tu quoque", "Composition", "Appeal to the masses", "Appeal to reason"], "probs": [[0.0767889474076112, 0.08173820421253578, 0.812781159569896, 0.028691688709956954], [0.7152666555414584, 0.1546881072767081, 0.09093594685682187, 0.03910929022501159], [0.09133146341620303, 0.8665325783730685, 0.02576156207195558, 0.016374396038772842], [0.09282749041551988, 0.8670760891418767, 0.024215876783066727, 0.015880543559536633], [0.7706797689521031, 0.14940513613292686, 0.04214143364402406, 0.03777366117094591], [0.04185158146401866, 0.07460631665643674, 0.8538669617285891, 0.029675140050955506], [0.05769786503151752, 0.07763860974357596, 0.8217888916618966, 0.04287463346300992], [0.23383586184221702, 0.2733808044847696, 0.4040328832780802, 0.0887504502949332], [0.052657198549761114, 0.9046573153641798, 0.024488030052152596, 0.018197455933906474], [0.05543950560950918, 0.9088443513228727, 0.020079036618933635, 0.01563710634868445], [0.25236201095767946, 0.4641652668238045, 0.19349320086769595, 0.08997952125082012], [0.028144835584185304, 0.05597126689079179, 0.8755708075014134, 0.040313089923609546], [0.9347028635103379, 0.04043142684903697, 0.014643405406925526, 0.010222304133699626], [0.925402077045769, 0.049044685260753354, 0.015432689869173292, 0.01012054772430433], [0.9332397709585639, 0.039742243096107945, 0.01580855644813824, 0.011209429397189838], [0.930351949092561, 0.04419854916808511, 0.015274771103580541, 0.010174730535773347], [0.9237438193640056, 0.051306372171446644, 0.014026450497474034, 0.010923357867073713], [0.933478281312286, 0.04434714680657712, 0.012123912227471955, 0.010050659553664843], [0.8682978681347724, 0.0735375005398215, 0.03314592435813992, 0.025018706867266143], [0.10821021126146614, 0.12071505772343029, 0.7280337566319698, 0.0430409742831338], [0.8605124770237617, 0.06740109203161639, 0.04217872227427052, 0.029907708570351386], [0.10656839052282967, 0.10994932226001493, 0.7397485584902119, 0.0437337286269435], [0.05191144167527903, 0.9058893659508839, 0.023398487766671104, 0.018800704507166026], [0.05848571613974349, 0.9006898335160413, 0.023264186281141394, 0.017560263963073836]], "ideal": "C", "sampled": "C", "correct": true}}
{"type": "result", "data": {"idx": 16, "options": ["poisoning the well", "suppressed evidence", "appeal to pride", "appeal to the people"], "probs": [[0.8187001209477807, 0.13575882980764292, 0.02081925200579503, 0.024721797138781445], [0.44447292631313884, 0.24545834270296044, 0.2825302402430739, 0.027538490640826856], [0.7550024839482188, 0.14867254486221754, 0.03531303839408117, 0.06101193269548247], [0.4066523894013152, 0.22108982418840878, 0.3478378640220498, 0.02441992228822619], [0.3331160386794377, 0.6321555075162947, 0.01939029154275834, 0.015338162161509327], [0.4233803936279275, 0.5436424470689505, 0.018030330066769167, 0.014946829136352875], [0.13603398354519275, 0.7951685278272645, 0.03493726664734617, 0.033860221880196543], [0.14152734085640156, 0.2483812290806138, 0.5866256399359709, 0.0234657900270137], [0.055752892443750486, 0.10915237758544058, 0.6686660844214011, 0.1664286454494079], [0.03371293465683976, 0.037024344832732495, 0.8970969507955395, 0.032165769614888234], [0.06944861294681773, 0.9006398361236729, 0.019589277073594744, 0.010322273755914553], [0.06500199763838446, 0.9114717254513711, 0.01112078989992981, 0.012405486910314647], [0.1273881190204025, 0.6270381912377246, 0.07145987503930187, 0.174113814602571], [0.1130525499951597, 0.1984080296434079, 0.6608367899189684, 0.02770263034246394], [0.04695348651029706, 0.1423778299417795, 0.5901606942194936, 0.22050798922842985], [0.02456479084106263, 0.03687369636001095, 0.9075124719256815, 0.031049040773244888], [0.04116985009104235, 0.9370325616932635, 0.01275407951145645, 0.009043508604237685], [0.02707248321401389, 0.9543471113756239, 0.008927734734201614, 0.009652670576160642], [0.8073753177861788, 0.16149327277634848, 0.017021360000915104, 0.014110049336557592], [0.8310957681754509, 0.1421913377959142, 0.015222947352710695, 0.011489946575924165], [0.7620876175336326, 0.1782121737814033, 0.042329704414383225, 0.01737050417058082], [0.8815533184586559, 0.08200131600279108, 0.014028996645865533, 0.022416368792687415], [0.8415745009215005, 0.11039564192644705, 0.03212716699391175, 0.01590269005814061], [0.8821605710488333, 0.07829976534433851, 0.015661188747613543, 0.02387847475921463]], "ideal": "D", "sampled": "D", "correct": true}}
