{"type": "result", "data": {"idx": 0, "options": ["ADD.", "AIDA.", "PESTLE.", "SWOT."], "probs": [[0.2041447230868881, 0.7467125307782306, 0.021517718930102358, 0.027625027104778925], [0.2861298993052116, 0.6652586036881518, 0.022412457154264934, 0.02619903975237162], [0.0542439231244064, 0.020266539289520772, 0.9032327060792451, 0.022256831406827673], [0.07409962672848432, 0.011542377465576074, 0.011724369995526016, 0.9026336257104136], [0.0416022951978737, 0.016036361573793928, 0.932168609795401, 0.010192733332931464], [0.08529769984190719, 0.012877935886009021, 0.013080944640216564, 0.8887434195318672], [0.9157746833179627, 0.038997537548532066, 0.011349892930811064, 0.03387788610269409], [0.9233068418739728, 0.03579989663656882, 0.01074991979971482, 0.030143341589743577], [0.9132197983843148, 0.026313123903334176, 0.012824850931670405, 0.047642226680680654], [0.9068810055671913, 0.019418941193885084, 0.009031109224979373, 0.06466894391394419], [0.9163011841973003, 0.026401508117247587, 0.015766067504350136, 0.04153124008110194], [0.9197814799128949, 0.018215095788738308, 0.008471272096003587, 0.053532152102363124], [0.04889167455715893, 0.04521095308372565, 0.866620729273431, 0.0392766429856844], [0.10814598302342719, 0.043695003196837674, 0.02375721022022999, 0.8244018034595051], [0.15018031782840593, 0.6836437938834045, 0.09849148756353916, 0.06768440062465042], [0.20407074345724163, 0.6796626930060734, 0.029863254594853963, 0.086403308841831], [0.05920283650171251, 0.027103145379552517, 0.588648990186831, 0.325045027831904], [0.03134751994562671, 0.017041258131321534, 0.9160965475396419, 0.03551467428340992], [0.037155214139751216, 0.028931015668434375, 0.9143394690681175, 0.01957430102369693], [0.10424983786589127, 0.03775693039790402, 0.025151991172183696, 0.832841240464021], [0.15733452750652532, 0.75058008999061, 0.05698341184749896, 0.03510197055536576], [0.15348825257382392, 0.7673872312572272, 0.023539052025010783, 0.05558546404393813], [0.0800470054034559, 0.030859482966296235, 0.3068496952011032, 0.5822438163291447], [0.04155726046296861, 0.020569874254630173, 0.8885313006305139, 0.049341564551887304]], "ideal": "B", "sampled": "B", "correct": true}}
{"type": "result", "data": {"idx": 1, "options": ["The realm of understanding.", "Personal selling.", "Noise.", "Feedback."], "probs": [[0.13948367534673126, 0.1086297929178327, 0.10695748030069799, 0.6449290513347381], [0.007090587082269985, 0.013452961828653518, 0.9286900659091412, 0.050766385079935326], [0.06834406506844484, 0.04412642931685301, 0.30632222152153443, 0.5812072839931677], [0.00273125954806536, 0.006250629899421743, 0.9723593357857011, 0.01865877466681182], [0.02417785265534956, 0.8006366371212956, 0.11535231596043062, 0.05983319416292417], [0.01370624294562394, 0.8886395882119834, 0.039047460728619324, 0.05860670801377335], [0.08166304275783519, 0.14110134417134257, 0.06069377651962993, 0.7165418364511923], [0.012140002643146183, 0.032995400559377275, 0.8378948943028102, 0.11696970239466632], [0.01613912133374244, 0.02008476059477743, 0.3191523772364198, 0.6446237407350603], [0.004915708898833365, 0.010243923906805567, 0.9079622705940437, 0.07687809650031738], [0.03416529940724554, 0.6651062766510843, 0.20930680006715305, 0.09142162377451707], [0.035739590674595534, 0.6434837719669004, 0.060803338300825634, 0.25997329895767834], [0.08468128803033169, 0.12912559604192153, 0.09901223404469575, 0.687180881783051], [0.006539028076149475, 0.01520117808456149, 0.9260304419313884, 0.05222935180790069], [0.02194351759931289, 0.040359673207381055, 0.255104458998454, 0.6825923500948521], [0.009757084625623177, 0.02130923574488998, 0.8922037944467176, 0.07672988508276923], [0.013646680555319753, 0.8710797233512207, 0.06613660455273476, 0.04913699144072473], [0.017100125787734108, 0.850087681039962, 0.05969214989337261, 0.07312004317893124], [0.770986142569371, 0.10434162654556604, 0.060395058463416404, 0.06427717232164645], [0.8019650652385693, 0.07696358930447324, 0.031099474344081675, 0.08997187101287586], [0.7211182063013547, 0.13979489995784167, 0.08348540898706071, 0.05560148465374295], [0.5443437411061507, 0.12929386715000551, 0.06108174153870332, 0.26528065010514046], [0.49447804316047717, 0.09585662858826523, 0.21604344085646326, 0.19362188729479435], [0.3804939828616605, 0.0903761494954507, 0.20369061094313237, 0.3254392565997564]], "ideal": "A", "sampled": "D", "correct": false}}
{"type": "result", "data": {"idx": 2, "options": ["In the late 1800s.", "In the early 1900s.", "In the 1920s.", "After the end of the Second World War."], "probs": [[0.2753466665469435, 0.24299593267395023, 0.16964791713448632, 0.31200948354462], [0.31345288363479235, 0.2681112409015664, 0.19616749267557293, 0.2222683826880683], [0.2939821008160519, 0.2986151099731861, 0.15984707116393745, 0.24755571794682457], [0.28528608593683275, 0.3036872012451349, 0.20231246041811887, 0.20871425229991356], [0.34583771225331905, 0.2867087423514713, 0.17942956088179154, 0.18802398441341805], [0.33074762921084105, 0.2742000777119368, 0.19444790190826625, 0.2006043910689559], [0.19977714417035078, 0.21941441622289942, 0.25653657696865484, 0.324271862538095], [0.24798222253200475, 0.24413729075340798, 0.24799937376879272, 0.25988111284579457], [0.2140574316509164, 0.2925877490785006, 0.1720125952200386, 0.3213422239505444], [0.20746586287334756, 0.2663937389706231, 0.2835923902291011, 0.24254800782692826], [0.22596675298536645, 0.3445615562713364, 0.19633567651122372, 0.23313601413207344], [0.24610382339258688, 0.326038400734341, 0.20725412919510341, 0.22060364657796872], [0.23279012839909283, 0.24780349444036248, 0.25971181630208845, 0.2596945607584562], [0.2535547202473024, 0.26160206218716847, 0.2575624171731513, 0.22728080029237782], [0.23005327580058782, 0.21611811218484722, 0.20303429661150962, 0.3507943153030553], [0.2266117699698027, 0.22661263423717762, 0.2776694976311264, 0.26910609806189323], [0.25365754203472507, 0.32570456484563803, 0.20704009509876947, 0.21359779792086742], [0.2371455501422233, 0.3241422570662086, 0.21593703970946299, 0.22277515298210512], [0.2591655215486176, 0.28911923928470185, 0.24347570173278987, 0.20823953733389067], [0.25397712368179426, 0.2789378505507995, 0.26617828405487526, 0.20090674161253094], [0.27120131655605606, 0.2319707904817769, 0.2213595393281284, 0.2754683535340386], [0.2728417000748573, 0.23704741109168564, 0.2603611725416048, 0.22974971619185222], [0.3503211229497871, 0.2445629391090126, 0.17893544261243066, 0.2261804952287696], [0.3730698171917581, 0.2298413629623681, 0.17081273835958477, 0.22627608138628907]], "ideal": "C", "sampled": "D", "correct": false}}
{"type": "result", "data": {"idx": 3, "options": ["The level of tangibility associated with the type of product.", "Performance-value.", "Variations in supply and demand.", "The way in which the service is delivered."], "probs": [[0.44430712523051247, 0.23050847990753595, 0.17402103800852897, 0.15116335675342257], [0.4162424504340685, 0.23717039821160402, 0.2093311697035313, 0.13725598155079619], [0.4189783805494237, 0.2350349654011842, 0.19185554407539057, 0.1541311098740015], [0.40085641142973766, 0.23936805483343726, 0.21460134108604753, 0.14517419255077757], [0.4574897969626838, 0.2448856556670991, 0.17640806251400226, 0.12121648475621483], [0.442643145756424, 0.24067016357741355, 0.18169439515020674, 0.13499229541595573], [0.393609869155111, 0.2541430407870352, 0.20744956465000694, 0.1447975253078469], [0.36435505744151553, 0.2583733498791767, 0.23898400363916464, 0.1382875889401431], [0.34508081752960956, 0.2371761316244633, 0.2646188100219572, 0.15312424072396993], [0.357010532670961, 0.24157034628448124, 0.25718008702865125, 0.14423903391590656], [0.3893190985934575, 0.2436361167404133, 0.23250572485352727, 0.13453905971260197], [0.41974112387274454, 0.24676279721176628, 0.20142365990055008, 0.13207241891493912], [0.4023701489982059, 0.2518068999877237, 0.20235788536181362, 0.14346506555225677], [0.3641038997451699, 0.25819603760325, 0.23512254213973502, 0.14257752041184515], [0.34126231070920565, 0.24967661497480345, 0.257633417819009, 0.15142765639698186], [0.3501391745649931, 0.2521984389024277, 0.25620196338401496, 0.14146042304856418], [0.3796939196848571, 0.24515296151044733, 0.23764440060795539, 0.1375087180967402], [0.4364370936249797, 0.24482911457907952, 0.19369922287763483, 0.125034568818306], [0.4934070669112394, 0.24048061487296007, 0.15773050367945785, 0.10838181443634264], [0.47920635694842456, 0.24097153721554035, 0.1605440837024845, 0.11927802203355059], [0.46054855435568215, 0.2389355777662161, 0.18038056642848727, 0.12013530134961445], [0.49706839416605325, 0.22758306185552293, 0.15162314720534034, 0.12372539667308347], [0.4479212858264177, 0.23604694441370788, 0.18969467922513103, 0.1263370904347434], [0.48538110827341513, 0.2292908195441098, 0.1626096307096581, 0.12271844137281697]], "ideal": "B", "sampled": "D", "correct": false}}
{"type": "result", "data": {"idx": 4, "options": ["found guilty under the Sherman Antitrust Act and face prison time", "found guilty under the Magnuson-Moss Warranty Act and face large fines", "found guilty under the Adamson Act and face prison time and fines", "found not guilty because retailers are allowed to set their own price levels"], "probs": [[0.5955914347111357, 0.20264986457362627, 0.11729028994594765, 0.08446841066929031], [0.5954798370677824, 0.1903368802128105, 0.1154480484690844, 0.09873523415032275], [0.6393054913628202, 0.19805577985618159, 0.08386546622467221, 0.07877326245632599], [0.5697406146008979, 0.21966657858628466, 0.12322514962011462, 0.0873676570927028], [0.5510076242804295, 0.21244798440263113, 0.12105090079698251, 0.1154934904199569], [0.4128846556495354, 0.2583935875812582, 0.2210195229802508, 0.1077022336889556], [0.4197494262111821, 0.3647089789529819, 0.13417389587688122, 0.0813676988589548], [0.3539599504262893, 0.42037171434409604, 0.12426240088488592, 0.10140593424472874], [0.4356020909829952, 0.26837587572941135, 0.1787876103684464, 0.11723442281914705], [0.396265003017682, 0.2766467055151881, 0.2024054542160691, 0.1246828371510608], [0.21836661587805864, 0.2361191608197921, 0.395443689308346, 0.15007053389380323], [0.3289938715811636, 0.2727569463318646, 0.25226474933477233, 0.14598443265219946], [0.47186323308658046, 0.2688699962902161, 0.15561740347871475, 0.1036493670444887], [0.4668181289875192, 0.27018817289363833, 0.15883783687834802, 0.10415586114049445], [0.39604431386801886, 0.26382875439866593, 0.2517637610183722, 0.08836317061494298], [0.42477713929833155, 0.24584671461418708, 0.2038191200806134, 0.12555702590686796], [0.281116983829133, 0.31362455145487483, 0.2682622888933889, 0.13699617572260325], [0.34079490565252674, 0.2869929244681485, 0.2035095749513141, 0.16870259482801067], [0.29859704443651014, 0.4482829670521032, 0.1098559150702751, 0.14326407334111155], [0.28596530213969235, 0.40965465927958744, 0.17346051850552802, 0.13091951997519216], [0.20514463153548199, 0.25933904887591913, 0.35448724895227074, 0.18102907053632813], [0.3165592503743821, 0.2750481921897231, 0.22802436009713103, 0.18036819723876374], [0.267023231553805, 0.3122003329650242, 0.258826520136543, 0.16194991524462785], [0.32441905621054645, 0.3000548228329597, 0.18776952008172004, 0.18775660077477377]], "ideal": "A", "sampled": "A", "correct": true}}
{"type": "result", "data": {"idx": 5, "options": ["A composite analysis of all environmental factors inside and outside the firm.", "A series of business decisions that aid in selling a product.", "The relationship between a firm's marketing strengths and its business weaknesses.", "A blending of four strategic elements to satisfy specific target markets."], "probs": [[0.0041604719088744095, 0.006648602256022923, 0.002523606986710299, 0.9866673187483923], [0.024715710864376367, 0.14222308170692793, 0.7223055540951888, 0.1107556532335069], [0.0037792311991217634, 0.0030845525083431804, 0.00878729747261399, 0.984348918719921], [0.004292396744153253, 0.006147990813694948, 0.9563252737880541, 0.033234338554097693], [0.013398337788022976, 0.9540865855736643, 0.014487373370980588, 0.0180277031673321], [0.009934808820526973, 0.9519786306621315, 0.011083326144199258, 0.027003234273142294], [0.011773833729689894, 0.004683484679469836, 0.003373467750196422, 0.9801692137406438], [0.07882628794635847, 0.040258695485927844, 0.8214200948472725, 0.05949492162044122], [0.009056671000810446, 0.004414034287407463, 0.0031793723379563315, 0.9833499222738258], [0.04904719841574951, 0.02076676685583851, 0.8970024634950793, 0.033183571133332666], [0.2916565791724048, 0.657274534379163, 0.027129964496016047, 0.0239389218524162], [0.2883796852750858, 0.6601232062433959, 0.028555134041460192, 0.02294197434005801], [0.004028782474157919, 0.0035554258747330383, 0.006642590183301657, 0.9857732013678073], [0.005659827209847426, 0.008363981995244801, 0.9370888767395193, 0.048887313955388444], [0.005243452432588893, 0.008121426475501457, 0.002941490011690364, 0.9836936309802192], [0.03326069351843067, 0.14674728327905934, 0.7337283250643774, 0.08626369803813268], [0.014589305632154395, 0.9608234559866269, 0.008313016374483813, 0.01627422190673494], [0.018103499275198408, 0.9580098760875183, 0.010642845201972383, 0.013243779335310926], [0.9684268326945066, 0.015653595410828076, 0.005162268289969279, 0.010757303504696038], [0.9701371141998364, 0.01362414567210777, 0.004027529816701231, 0.012211210211354588], [0.9704308873986589, 0.01544292605045633, 0.004156622215381594, 0.009969564235503225], [0.9726125762765009, 0.014314397534848302, 0.003975169091255067, 0.009097856997395789], [0.9709887648967945, 0.012810017462694098, 0.003786803513086297, 0.012414414027425078], [0.9728034320814919, 0.013661545862840532, 0.004435431566993579, 0.009099590388674021]], "ideal": "D", "sampled": "D", "correct": true}}
{"type": "result", "data": {"idx": 6, "options": ["Gatekeepers.", "Buyers.", "Users.", "Initiators."], "probs": [[0.9009901351122909, 0.04416255977386637, 0.015263496156947026, 0.03958380885689577], [0.9037767204820046, 0.04361206281631327, 0.015310637989084063, 0.03730057861259801], [0.8971254295489521, 0.049828220525081734, 0.015437238031849584, 0.03760911179411658], [0.89623451022799, 0.05216725877853058, 0.015182636721033333, 0.03641559417244597], [0.8859870505238129, 0.054896492921487856, 0.015009001096820003, 0.04410745535787929], [0.8788751192457394, 0.057967829525566554, 0.01584872680011396, 0.0473083243285801], [0.014861574561095933, 0.9486543641257951, 0.014862232074840893, 0.021621829138268087], [0.01478384669872739, 0.9436879470291338, 0.01598586924345848, 0.025542336928680277], [0.01739933150527709, 0.03982343194628914, 0.8924396968050125, 0.05033753964342129], [0.08310932725150719, 0.10025093184349365, 0.09869647981024948, 0.7179432609947497], [0.02017563929123677, 0.04475690782469542, 0.8851411454631921, 0.049926307320875704], [0.08896540369590775, 0.10731474628909403, 0.07037914753386361, 0.7333407023811346], [0.01815434192857034, 0.9458210573050155, 0.015773583378260327, 0.020251017288153778], [0.018858673717440343, 0.9375184179731479, 0.017442243930003203, 0.026180664279408475], [0.017874058036359254, 0.03391490800712236, 0.9025770022955953, 0.04563403156092302], [0.08873842854070856, 0.08873859245348534, 0.07954534320211701, 0.7429776357036891], [0.025455786813596826, 0.04467141413382923, 0.86976489513896, 0.06010790381361387], [0.08665953411737592, 0.09081857514491849, 0.05015513636710537, 0.7723667542706002], [0.0151540224816869, 0.9523171056085238, 0.013373895553735598, 0.019154976256053696], [0.016757512166917274, 0.9439820479256863, 0.01525849728700722, 0.024001942520389244], [0.015392919341356408, 0.029207109150790507, 0.9087306466892511, 0.04666932471860198], [0.05969687356044543, 0.06354732255143204, 0.052683239504887576, 0.8240725642832349], [0.026935237077700968, 0.055261829132052645, 0.8511494571658751, 0.0666534765243713], [0.08692443110619898, 0.1264738213036668, 0.058817132862948374, 0.7277846146271858]], "ideal": "A", "sampled": "A", "correct": true}}
{"type": "result", "data": {"idx": 7, "options": ["Motive development.", "An attitude.", "A self-concept.", "Product evaluation."], "probs": [[0.18040030655248077, 0.14049313542352462, 0.5644442866343782, 0.11466227128961641], [0.5427527820985868, 0.18179941988410675, 0.07578820452125196, 0.19965959339605455], [0.1752352688251249, 0.214697342870561, 0.483858309878328, 0.12620907832598607], [0.38059674978007163, 0.3155271896718635, 0.08360980948624226, 0.2202662509618226], [0.334223623030386, 0.13088115853429605, 0.29038664262987085, 0.24450857570544712], [0.18186776338189103, 0.08070050179151339, 0.5345560311736562, 0.20287570355293935], [0.16010966895409706, 0.2991266250311225, 0.37814024086985504, 0.1626234650449254], [0.19182181560269795, 0.4601669598543726, 0.07750700638738767, 0.27050421805554176], [0.12627209909893128, 0.6720543007186685, 0.12627600320322185, 0.07539759687917846], [0.11901004522586338, 0.7640282454022552, 0.04808642678907639, 0.06887528248280503], [0.061156826958955295, 0.0640900610661519, 0.667876690613449, 0.2068764212614438], [0.04554844444342614, 0.038958092736211244, 0.833022863819701, 0.08247059890066157], [0.16107531660337884, 0.35736255236736125, 0.31538100617737314, 0.16618112475188676], [0.22218960521164735, 0.4853237596258516, 0.08047596904042059, 0.21201066602208044], [0.128009058701652, 0.784177588394997, 0.04287969576166603, 0.04493365704168504], [0.14508240332624842, 0.7843323956888087, 0.029019994358797048, 0.04156520652614575], [0.09062356365871835, 0.08251310016115254, 0.5297349015878157, 0.2971284344923134], [0.03782892086789657, 0.029923453900716223, 0.8745717942973896, 0.05767583083399752], [0.09575676243358505, 0.31891739602861524, 0.29496112682672015, 0.2903647146110796], [0.1017808646392627, 0.2519055679756496, 0.3781718127996587, 0.26814175448542893], [0.07360026129939877, 0.17933444409760926, 0.5438605465365897, 0.20320474796640228], [0.04328748080190354, 0.06104243514686052, 0.8296702966942756, 0.06599978725696035], [0.09660304696648307, 0.49831207457834586, 0.22461576104211856, 0.18046911731305249], [0.024042360240068852, 0.0408947916249731, 0.9022044940813483, 0.032858353953609795]], "ideal": "A", "sampled": "C", "correct": false}}
{"type": "result", "data": {"idx": 8, "options": ["Promotion.", "Product.", "Target market.", "Pricing."], "probs": [[0.5845754145991352, 0.16232985256479118, 0.10984669624660658, 0.14324803648946702], [0.5654243952682926, 0.15948619303344183, 0.11310030026572118, 0.16198911133254434], [0.5906557220130693, 0.17734795146346033, 0.10426535067911312, 0.1277309757443573], [0.573425373877812, 0.17488572651208456, 0.11117176379536611, 0.14051713571473726], [0.5874113833816227, 0.16311946113322526, 0.1121176928844632, 0.1373514625006889], [0.5623899353056501, 0.16112770858856762, 0.12747109504875304, 0.14901126095702924], [0.45360689674837884, 0.1920661152399324, 0.19510574346162265, 0.15922124445006608], [0.4004062175108202, 0.1833197216017675, 0.1951554599116518, 0.22111860087576055], [0.48543049433650587, 0.19921874404289688, 0.16261076440941108, 0.15273999711118616], [0.4982996134945034, 0.19513425810573984, 0.1592769521100076, 0.1472891761897491], [0.4077390492707902, 0.16733429083543017, 0.1926131724017943, 0.23231348739198532], [0.4706077207063747, 0.17861857742343445, 0.1931492508285425, 0.15762445094164831], [0.5621645408145354, 0.188299848207629, 0.11601803364176153, 0.13351757723607405], [0.5392860253999671, 0.1863719550538247, 0.12223577680312792, 0.15210624264308029], [0.5870845404735905, 0.17084625616222213, 0.10692505696725092, 0.1351441462969364], [0.5988455146468382, 0.16628804057866242, 0.10737505074075261, 0.12749139393374678], [0.5783065513814356, 0.1682948904443256, 0.11388379994472621, 0.13951475812951256], [0.5908033847218035, 0.17463673649472047, 0.11454035340594251, 0.12001952527753357], [0.5383489452270118, 0.1775271998184537, 0.15425036275336584, 0.12987349210116866], [0.5195922928468193, 0.1740396942626198, 0.16869808983156048, 0.1376699229590004], [0.5243562303150988, 0.1624372999971405, 0.1456205801335215, 0.1675858894542392], [0.5623711849816605, 0.16623528296196627, 0.13782687225991924, 0.13356665969645393], [0.5490625500129953, 0.18391291795321973, 0.13247790931330555, 0.13454662262047937], [0.5677769479663526, 0.1901803711705658, 0.12669890288406457, 0.11534377787901705]], "ideal": "C", "sampled": "C", "correct": true}}
{"type": "result", "data": {"idx": 9, "options": ["Classical conditioning.", "Operant conditioning.", "Social learning.", "Behavioural learning."], "probs": [[0.0951569999204861, 0.35911146910041425, 0.40064642719997184, 0.1450851036791278], [0.08917666557942643, 0.42543576748273326, 0.3161702869579782, 0.1692172798798621], [0.08499959743660039, 0.4523752966350413, 0.3309843786463245, 0.13164072718203382], [0.06625510352027762, 0.5376748126484986, 0.25799216182889356, 0.13807792190233023], [0.056656548288677284, 0.2422811289444711, 0.521024563367455, 0.1800377592993967], [0.06952952644673226, 0.44634643525150175, 0.33694258579924863, 0.14718145240251732], [0.1402033682194, 0.45257607826786106, 0.30624475601749096, 0.10097579739524794], [0.14053210824115595, 0.48290065645664876, 0.2544790842051998, 0.12208815099699544], [0.10732063410131383, 0.5893114672910869, 0.21013314550206216, 0.09323475300553713], [0.11149374560632593, 0.6316639874491835, 0.17001608265750295, 0.08682618418698763], [0.10591281520001383, 0.34188015284338574, 0.4322041997538198, 0.12000283210278062], [0.11729820158871898, 0.4496443900734884, 0.31392061941107546, 0.11913678882671715], [0.15250549754449066, 0.2553974313660144, 0.40815045209169454, 0.1839466188978004], [0.09345885274737614, 0.270423894757656, 0.4746476284999985, 0.1614696238949694], [0.1685650323376618, 0.3198750269111742, 0.37399303352083474, 0.13756690713032926], [0.17607169113889476, 0.3967803477364421, 0.30423817488843896, 0.12290978613622416], [0.2754344220734883, 0.3884380881798114, 0.18638095914730937, 0.1497465304993909], [0.2750253461033855, 0.36435339937003947, 0.2244800842919008, 0.1361411701346742], [0.1000014804204196, 0.23988633749046911, 0.4846166850371585, 0.17549549695195277], [0.10207509035733046, 0.27745531453537386, 0.5184051068267065, 0.10206448818058916], [0.12322347150913451, 0.3855246757507488, 0.37368105446233796, 0.11757079817777873], [0.12131385120471684, 0.42341924971337586, 0.3678951372701134, 0.08737176171179387], [0.15073462053720738, 0.6055740207658721, 0.13512528142658578, 0.1085660771703348], [0.16456136228406917, 0.5834304137200098, 0.15220151953517425, 0.09980670436074675]], "ideal": "A", "sampled": "C", "correct": false}}
{"type": "result", "data": {"idx": 10, "options": ["To break down large markets into smaller markets.", "To provide an opportunity to surpass competitors.", "By grouping together customers with similar needs, it provides a commercially viable method of serving these customers.", "To allow the achievement of greater market share."], "probs": [[0.05011678636791075, 0.04562742366024502, 0.8216372392467671, 0.08261855062507704], [0.012334223261069935, 0.009911115750093026, 0.013131075857240956, 0.9646235850315961], [0.6226278705212531, 0.33327380688477454, 0.020332357443052194, 0.02376596505092007], [0.5498726398127095, 0.38387927623657225, 0.030545016918322402, 0.03570306693239586], [0.015278492627187855, 0.01153318412938456, 0.013069819955759173, 0.9601185031876683], [0.09141332991639593, 0.0746035542441708, 0.7304100663046256, 0.10357304943480766], [0.056522383859150004, 0.23795103847127583, 0.5982785179741049, 0.10724805959546925], [0.016183207979271908, 0.0748314229303222, 0.025462061936046165, 0.8835233070543598], [0.10230264409623158, 0.8302178064349081, 0.03426962832922763, 0.03320992103963277], [0.07957062651149437, 0.8554668582020825, 0.030203597685591516, 0.03475891750083167], [0.007300563475353637, 0.009978641555074377, 0.07036044307024737, 0.9123603517993246], [0.023179102347458454, 0.03217801145686558, 0.8698292739540495, 0.07481361214162643], [0.943528613723115, 0.02894154076456151, 0.006358149266227759, 0.021171696146095716], [0.9256441652589653, 0.03703130060363831, 0.008935037126378964, 0.02838949691101739], [0.9385546394122579, 0.0297024248156988, 0.008248609852713704, 0.02349432581932955], [0.9343848671279251, 0.027348275779251637, 0.0062963528457449375, 0.031970504147078256], [0.9234382210888635, 0.03470438754839575, 0.010751767904182594, 0.031105623358558147], [0.916615235531609, 0.03287039067163854, 0.008311583940810057, 0.04220278975594246], [0.014235755655892563, 0.031094353970755367, 0.017173155292848886, 0.9374967349805032], [0.10510341195584856, 0.18159148502968878, 0.6048766609494999, 0.10842844196496279], [0.00673271693000502, 0.00891926482128796, 0.08869033008592675, 0.8956576880627802], [0.024901430402031334, 0.029568418086422056, 0.8778493770639962, 0.06768077434755038], [0.2562170085699271, 0.644138469724133, 0.05371083438703126, 0.04593368721890859], [0.19207533619642753, 0.7363044995434544, 0.03553299127065479, 0.03608717288946327]], "ideal": "C", "sampled": "C", "correct": true}}
{"type": "result", "data": {"idx": 11, "options": ["Repeat purchases.", "Buyphases.", "Buyclasses.", "Tenders."], "probs": [[0.036814685838686, 0.9059660416942001, 0.03624468289652736, 0.020974589470586454], [0.026854013520095765, 0.9466297327707816, 0.014600686292086057, 0.011915567317036631], [0.08915154222072019, 0.537617226547527, 0.301602702617388, 0.07162852851436481], [0.05518827453179198, 0.8768777038036153, 0.030006178856471052, 0.03792784270812163], [0.032134906306488936, 0.05551440889449411, 0.8550755808324844, 0.057275103866532596], [0.0756730781541686, 0.09564919412486439, 0.6958839037361777, 0.13279382388478927], [0.35470820189382146, 0.19895613776680518, 0.37758145690763434, 0.06875420333173904], [0.520545530552989, 0.24207010321721942, 0.0574988337362689, 0.1798855323935227], [0.43067799698769316, 0.51950099110907, 0.02627269467397795, 0.023548317129258846], [0.2951187419660618, 0.6547418077536026, 0.027025773464169373, 0.023113676716166168], [0.25602641889892586, 0.3339076364742667, 0.11540072496124985, 0.29466521956555763], [0.4486243262028394, 0.192932849892541, 0.2896536078656224, 0.0687892159389972], [0.1106050755322944, 0.08886292542797207, 0.7558505506212254, 0.04468144831850806], [0.7575675763116865, 0.11986107051416044, 0.034882870174477755, 0.08768848289967529], [0.1001949968478707, 0.8655683243732957, 0.020677374745517906, 0.013559303933315737], [0.06738693128363406, 0.9016282968850489, 0.018713524179806113, 0.012271247551510985], [0.567610753291949, 0.2055621341908529, 0.10018829479232565, 0.12663881762487245], [0.07395519702358998, 0.07629094647679395, 0.8076236452132952, 0.04213021118632082], [0.03204835781440806, 0.0678341506099688, 0.8527629914659249, 0.04735450000969819], [0.07456842142476218, 0.15061490379720655, 0.6646261812416119, 0.11019049343641941], [0.03181282637181305, 0.9152799366470856, 0.02439244895372888, 0.028514787927372498], [0.041844639081517476, 0.8807821283892768, 0.048163823372639136, 0.029209409056566594], [0.05517736796187878, 0.8767036745738044, 0.03193509994771796, 0.036183857416598894], [0.08120586491495314, 0.648754458916973, 0.21063478132760935, 0.05940489474046443]], "ideal": "C", "sampled": "B", "correct": false}}
{"type": "result", "data": {"idx": 12, "options": ["Winner's curse.", "Winner's price.", "Winner's reward.", "Loss-leader pricing."], "probs": [[0.9333440459342712, 0.04165287012602645, 0.00944035600422596, 0.015562727835476341], [0.9323343923296773, 0.04226319147861335, 0.011024884063149231, 0.014377532028560052], [0.9321334676392681, 0.04225399319809833, 0.009576613113036187, 0.01603592594959739], [0.9446233448444012, 0.035499296847445155, 0.008172337843027093, 0.011705020365126469], [0.9258313040130667, 0.04609341477747645, 0.011120466348601959, 0.01695481476085489], [0.9445777758819144, 0.03494746320639537, 0.007211731451679765, 0.01326302936001042], [0.03136477357567626, 0.9457216596564995, 0.011904741126207543, 0.011008825541616703], [0.03862390587676955, 0.9357916520089877, 0.01398875535535193, 0.011595686658890747], [0.02401171072990159, 0.050035603336784244, 0.8869890504941682, 0.038963635339146], [0.17754985919457975, 0.16420500468176674, 0.326573500796488, 0.33167163522716553], [0.0757178921497694, 0.13924608255630408, 0.7296546427021519, 0.0553813824917747], [0.3957292168618577, 0.2850366553754431, 0.08295204551397772, 0.23628208214872148], [0.013151007409173757, 0.966205157998326, 0.01024185749990466, 0.010401976992595614], [0.014909842840600368, 0.9667177123662045, 0.009043214023474168, 0.009329230669720922], [0.018709558000293537, 0.04150102480370095, 0.9014116944501143, 0.03837772264589123], [0.12397104131022038, 0.1472176269378779, 0.3701221534203268, 0.3586891782315749], [0.029174250120441367, 0.0637124821613867, 0.8659817768334663, 0.04113149078470562], [0.10850527702331994, 0.1530214329741613, 0.09427281214776916, 0.6442004777547495], [0.06706607183163016, 0.8973590920263915, 0.02013711062327604, 0.015437725418702305], [0.0886895606111864, 0.8818671201462074, 0.015412068980009233, 0.01403125016259695], [0.1186596067922162, 0.21150566248372835, 0.5932436894233781, 0.0765910412006773], [0.24147064210952524, 0.28231350425977164, 0.10224771803333257, 0.37396813549737057], [0.03537095350929153, 0.0703320431278798, 0.8436446220464938, 0.05065238121633489], [0.4392775329454366, 0.23883325037082795, 0.12390872182135021, 0.19798049476238522]], "ideal": "A", "sampled": "A", "correct": true}}
{"type": "result", "data": {"idx": 13, "options": ["Price bundling.", "Price elasticity.", "Price inelasticity.", "Price inflation."], "probs": [[0.052623028812221494, 0.9040533178764524, 0.023351944335923983, 0.01997170887540211], [0.03205285780996193, 0.9366906339531804, 0.015140892061999953, 0.016115616074857675], [0.011562405325246026, 0.026879052098075597, 0.9329481859011542, 0.028610356575524146], [0.004850490025016403, 0.006036431070795739, 0.005244597799427586, 0.9838684810047602], [0.0024841753850215315, 0.003670624702582799, 0.9865458641141815, 0.007299335698214125], [0.015625725935257524, 0.015624394144018127, 0.5594710529948691, 0.4092788268258552], [0.9495692869425165, 0.024526646736203164, 0.009309905016661185, 0.01659416120461909], [0.9544419075441092, 0.020120815752350397, 0.0074024782677913495, 0.018034798335749107], [0.9409847223404653, 0.030724421109132413, 0.010785956577531144, 0.01750489987287113], [0.9452705088221415, 0.02945080678986389, 0.009267699852874758, 0.016010984435119894], [0.9569405431137047, 0.018951027630464787, 0.00815121974699097, 0.01595720940883951], [0.9425106178463771, 0.026736641842953077, 0.014537329066508101, 0.01621541114416168], [0.038448147042183106, 0.04222184372023152, 0.8750855824025454, 0.044244426735039956], [0.008366436478534191, 0.004766977733013009, 0.004693168558261688, 0.9821734171301911], [0.08597917100493963, 0.8683723358409611, 0.0185957604169969, 0.027052732637102377], [0.0556560644449252, 0.912393749642059, 0.013015505020071403, 0.01893468079294444], [0.006039264194849041, 0.003606165555461067, 0.006039226476284465, 0.9843153436734055], [0.00839550950334437, 0.008660463345449496, 0.9703440810218684, 0.012599946029337743], [0.0030304901256494863, 0.005660532499571709, 0.9822641596394908, 0.009044817635288083], [0.019031525703618605, 0.03500247968931456, 0.24296756535526695, 0.7029984291517999], [0.007732544763289753, 0.981538380661679, 0.0067179800235208165, 0.0040110944515104364], [0.009013547028109376, 0.9786471740816003, 0.007590064329296293, 0.00474921446099406], [0.009448815787395285, 0.024127740210725068, 0.0176522594917303, 0.9487711844101493], [0.007384684191992699, 0.020707297479923812, 0.9521504369165519, 0.019757581311531658]], "ideal": "B", "sampled": "B", "correct": true}}
{"type": "result", "data": {"idx": 14, "options": ["Relationship marketing.", "Service mix.", "Market exchanges.", "Service failure."], "probs": [[0.29113841864994333, 0.13751753138735112, 0.41057544863771545, 0.1607686012249901], [0.3150626193058428, 0.11773135775040022, 0.11590831239647599, 0.45129771044728095], [0.48851102221706727, 0.39253371657578484, 0.04404247518901822, 0.07491278591812962], [0.5288227855126294, 0.3809034568536489, 0.03952581851749287, 0.050747939016228774], [0.37879949364149035, 0.12297973860179663, 0.06898694947329624, 0.42923381818341677], [0.40936120800223436, 0.1653925278851417, 0.2769940958338604, 0.14825216817876352], [0.21986594466356277, 0.37988241937113154, 0.24915077908601163, 0.15110085677929405], [0.22589522597915, 0.47822916502938656, 0.06998455523744734, 0.22589105365401613], [0.20622603593194544, 0.7086494564301421, 0.041899278755766434, 0.043225228782145984], [0.15970861639730444, 0.7739364499037044, 0.02337160325978134, 0.04298333033920991], [0.15095303726246856, 0.158191797744432, 0.4300513799050837, 0.26080378498801576], [0.16610433159597654, 0.13556607066229331, 0.3355487882755424, 0.36278080936618773], [0.7620899733294649, 0.13243186571191545, 0.03677631196590296, 0.06870184889271667], [0.7794923345993856, 0.12925376764582044, 0.03478949322262305, 0.05646440443217095], [0.3796267522185967, 0.15337709847904363, 0.3679722550716696, 0.09902389413069008], [0.581604284538155, 0.10427707866945939, 0.07167150610947622, 0.24244713058290934], [0.5140102466873141, 0.13408385115948696, 0.26667955316410313, 0.0852263488890958], [0.6104926375360848, 0.08392306291332452, 0.05504026181385471, 0.2505440376367359], [0.35008011940792727, 0.3237750409303543, 0.0700246442030141, 0.2561201953587043], [0.3770042488941136, 0.3224649582868978, 0.1837461955477046, 0.11678459717128396], [0.19700620772945443, 0.13752545210050984, 0.5190791409825888, 0.1463891990874469], [0.23212034026716316, 0.1131236950893161, 0.3222766292281774, 0.3324793353153433], [0.39085214811957103, 0.43602933557179335, 0.10520131689438379, 0.06791719931425183], [0.33990916479738975, 0.416471598939407, 0.05295065397630618, 0.19066858218689708]], "ideal": "C", "sampled": "C", "correct": true}}
{"type": "result", "data": {"idx": 15, "options": ["Search marketing.", "Internet advertising.", "Permission-based email marketing.", "Social web marketing."], "probs": [[0.010955089658421005, 0.027969645737070555, 0.9409308002888671, 0.020144464215641273], [0.005263586626114845, 0.011142934878973509, 0.011496361558039504, 0.9720971168368722], [0.02937651870559919, 0.9577215538841867, 0.008031253391728397, 0.004870673918485686], [0.03172917527803317, 0.9566911644204357, 0.007079890159484795, 0.004499770042046363], [0.00418298065462418, 0.007341257399064579, 0.011915753937499222, 0.976560007908812], [0.011025353121190221, 0.022974619274732162, 0.9469547292079334, 0.019045298296144146], [0.01375627698310614, 0.032482349775146045, 0.9346672817415187, 0.01909409140022914], [0.007428631166321288, 0.015242352133146559, 0.019571068939038105, 0.957757947661494], [0.03671364996691503, 0.9468435040112151, 0.010355716840849686, 0.0060871290810201855], [0.03568903486325254, 0.9496322819729125, 0.009456767988056433, 0.005221915075778496], [0.00653014842089574, 0.012391846585364987, 0.02706531612422809, 0.9540126887695112], [0.009471683042406457, 0.023074739194769513, 0.9510923239626856, 0.01636125370013836], [0.9269751897195386, 0.045435217036545496, 0.011135376262784014, 0.01645421688113181], [0.9263378103962486, 0.04470045273109998, 0.010618257701150522, 0.01834347907150081], [0.9178233773681396, 0.04940787398607953, 0.012493380507543143, 0.020275368038237707], [0.9255475745746149, 0.04607955910101031, 0.010609090722375071, 0.017763775501999677], [0.9251442636848484, 0.043269213687671476, 0.011466223852179071, 0.020120298675301098], [0.9315019827680446, 0.04092683262541131, 0.010511817389957297, 0.017059367116586798], [0.0037458099261291873, 0.007806872585499071, 0.01287096629805206, 0.9755763510903197], [0.008254817386321507, 0.020749124873947547, 0.9540621886859955, 0.01693386895373543], [0.004492229442714775, 0.01012332660977129, 0.015435688894290296, 0.9699487549532236], [0.006659312614425332, 0.019265776943354844, 0.9578525910403548, 0.016222319301864987], [0.025659627912519915, 0.962865113247445, 0.007351716962408345, 0.00412354177762682], [0.020405978955348326, 0.9679524176489382, 0.007867240729014006, 0.003774362566699437]], "ideal": "C", "sampled": "C", "correct": true}}
{"type": "result", "data": {"idx": 16, "options": ["Vehicle.", "Courier.", "Transportation.", "Distribution channel."], "probs": [[0.6323460057186839, 0.08968336478394345, 0.03797863253666806, 0.23999199686070458], [0.032596663730200245, 0.04184740921669956, 0.881013184433688, 0.04454274251941218], [0.5924947040397872, 0.10959839768793714, 0.039082622764093695, 0.258824275408182], [0.03154313528732905, 0.04884718675966266, 0.8659652969943678, 0.05364438085864057], [0.0248437859093141, 0.9618602394095818, 0.005719854030186157, 0.007576120550917946], [0.022962378046980435, 0.9612582204116505, 0.006788225292814969, 0.008991176148554032], [0.0854648882675934, 0.6414371203895394, 0.04794734396992235, 0.22515064727294481], [0.018706709284004808, 0.045574091709870146, 0.9013204640837248, 0.03439873482240023], [0.061920231415405584, 0.06799947697732578, 0.36764661706593116, 0.5024336744413375], [0.009770320551365171, 0.022014109254635237, 0.9361869819490213, 0.0320285881449783], [0.008597093150498449, 0.9782554420430822, 0.0059088988511486655, 0.0072385658552706735], [0.007984054117908312, 0.9823217794911625, 0.004207494120291292, 0.005486672170637881], [0.0991764515539175, 0.4585911035079129, 0.06207071244095937, 0.38016173239721024], [0.016803690003904196, 0.04496222424131597, 0.9032198163352452, 0.03501426931953471], [0.08466851217700277, 0.08599890278906638, 0.17373708406550048, 0.6555955008684303], [0.010965373633497689, 0.024706764511212183, 0.9272409115263996, 0.037086950228890456], [0.007029342258182306, 0.9800226995945497, 0.0059194712088453194, 0.007028486838422703], [0.007987606234211336, 0.9827759136777487, 0.004079852665256701, 0.0051566273227832546], [0.9127724561797947, 0.05396734801958217, 0.0065473484268045255, 0.026712847273818584], [0.9035446189932909, 0.05959623028220312, 0.007817785378604124, 0.029041365245901903], [0.9309262938018675, 0.03902936731918105, 0.0056230971442519945, 0.024421241634699442], [0.9391447887666923, 0.034747507371146, 0.004702915896140648, 0.021404787866021038], [0.9115032871100133, 0.050625910882871356, 0.007643841938882434, 0.030226959968232926], [0.9274630502453998, 0.04204363728432675, 0.005780001143440018, 0.02471331122683349]], "ideal": "D", "sampled": "D", "correct": true}}
