{"type": "result", "data": {"idx": 0, "options": ["Wrong, Wrong", "Wrong, Not wrong", "Not wrong, Wrong", "Not wrong, Not wrong"], "probs": [[0.39094147732273526, 0.2158994992815424, 0.1965798767262886, 0.1965791465694337], [0.36297167966483795, 0.23435437234476791, 0.18251723865161631, 0.22015670923877778], [0.35960582966802096, 0.25500050944521635, 0.18367153951690315, 0.2017221212698595], [0.33730373250272466, 0.262694577645722, 0.19219325539088153, 0.20780843436067178], [0.3675588149919822, 0.24105297079936322, 0.1819577704511258, 0.20943044365752878], [0.3394500466595907, 0.25623283933071744, 0.1816979578714746, 0.2226191560382172], [0.3668333887687061, 0.2521221935496932, 0.18159893153281972, 0.19944548604878104], [0.36708140369559167, 0.26030158993979013, 0.17613068221238265, 0.1964863240522355], [0.376040624463533, 0.2544435078147498, 0.18042942196246123, 0.18908644565925598], [0.35514054757204333, 0.2518338933881783, 0.18424755882112165, 0.2087780001186567], [0.35430097235928754, 0.23235784709796173, 0.2082862412934515, 0.2050549391492992], [0.3582322948549425, 0.2423938250656001, 0.18877832870947509, 0.21059555126998228], [0.3468274215390589, 0.2577422664993851, 0.19153958620155853, 0.20389072565999752], [0.3415065603657822, 0.265967957172978, 0.18860127957957623, 0.20392420278166357], [0.37231406359481456, 0.25588952418760025, 0.17864119845639395, 0.19315521366119126], [0.3651480104298812, 0.2589310512484176, 0.16458782815868153, 0.21133311006301964], [0.3634018762076926, 0.23832639624744367, 0.19758122550573545, 0.20069050193912827], [0.35252397723660284, 0.24228775137791458, 0.19468523269904042, 0.21050303858644218], [0.3409599312655915, 0.2573721370235185, 0.18829898253734953, 0.2133689490735405], [0.32517574276201144, 0.2654030462593842, 0.18241015477680037, 0.22701105610180394], [0.3431063047171199, 0.24330065014463495, 0.19549936345498845, 0.2180936815832567], [0.3503201655740918, 0.24456480507438716, 0.17892901864242922, 0.22618601060909185], [0.3251757371871698, 0.26540297662648393, 0.18241004915812487, 0.22701123692822145], [0.3322672099019373, 0.26698650713635624, 0.17238055887373532, 0.22836572398797111]], "ideal": "D", "sampled": "A", "correct": false}}
{"type": "result", "data": {"idx": 1, "options": ["Wrong, Wrong", "Wrong, Not wrong", "Not wrong, Wrong", "Not wrong, Not wrong"], "probs": [[0.43459123626410495, 0.208520040529979, 0.18401931105347905, 0.17286941205243697], [0.4145740978940658, 0.2184671214689691, 0.1649090424800841, 0.20204973805688103], [0.3766251896895295, 0.24699841033415934, 0.17790764934062403, 0.1984687505356871], [0.3660678997537443, 0.24769571803883594, 0.18407326112009467, 0.20216312098732506], [0.38882300833186, 0.22503508960492766, 0.17801855768000924, 0.20812334428320306], [0.36367265740843807, 0.23850423519144534, 0.17724274794880002, 0.22058035935131656], [0.3774616178114491, 0.2514451481365819, 0.17830319966534713, 0.19279003428662184], [0.3780385182740852, 0.2557954940418208, 0.1730813487047533, 0.1930846388793407], [0.3790424481368668, 0.24858352177462242, 0.18473331742128266, 0.1876407125672281], [0.3724011161849862, 0.240441593536651, 0.18149651447332754, 0.20566077570503521], [0.3677583391262644, 0.21959995058367013, 0.2095453025123338, 0.20309640767773168], [0.37192529990418777, 0.2291381244003833, 0.18701856115107984, 0.21191801444434907], [0.3503759063597975, 0.25634218405643505, 0.19049876287904194, 0.2027831466047255], [0.35058124437020755, 0.26463471043300923, 0.18188200212158884, 0.2029020429751944], [0.37483969139580353, 0.2536310146220473, 0.17706413394410034, 0.1944651599380488], [0.378433080096468, 0.24818440910298253, 0.15775654033062775, 0.21562597036992173], [0.3708579727380763, 0.23207838139363804, 0.19543086898068707, 0.2016327767875986], [0.3562553365356207, 0.2373186541564974, 0.1936951937916063, 0.2127308154162756], [0.337458094173189, 0.25873984445963805, 0.18929935628067043, 0.21450270498650248], [0.3274494555615021, 0.26311506014435654, 0.18083737107066117, 0.22859811312348013], [0.3539892819772257, 0.2358094164010859, 0.19549425269232765, 0.21470704882936076], [0.35659354921589703, 0.23386147615955147, 0.17930904029006775, 0.23023593423448374], [0.3299648463396079, 0.26102572676909397, 0.1822264045294687, 0.22678302226182945], [0.34153902018321974, 0.26186900938113955, 0.16907629117055323, 0.22751567916508747]], "ideal": "A", "sampled": "A", "correct": true}}
{"type": "result", "data": {"idx": 2, "options": ["Wrong, Wrong", "Wrong, Not wrong", "Not wrong, Wrong", "Not wrong, Not wrong"], "probs": [[0.35771336081881383, 0.23459542586259252, 0.20703078187330182, 0.20066043134529185], [0.3485656082281592, 0.2471720129004308, 0.18951493499768057, 0.21474744377372942], [0.35202578755750014, 0.2616050917126921, 0.18263105100447663, 0.20373806962533111], [0.33591451236481507, 0.2657321314029759, 0.19140122258533662, 0.20695213354687245], [0.35178856106424794, 0.24945727731645814, 0.1853821779716056, 0.2133719835476883], [0.3253515216970747, 0.2614293875389906, 0.18250859456135962, 0.23071049610257505], [0.366410620985904, 0.25579710267625694, 0.17857690579435181, 0.19921537044348725], [0.37172877784826414, 0.2595100700595745, 0.17287254331767368, 0.19588860867448768], [0.38029805388668053, 0.2573239543377918, 0.17411569018583326, 0.18826230148969433], [0.3541135576541625, 0.2511053531452037, 0.1866073049950373, 0.20817378410559645], [0.3575400656470734, 0.23817431569438163, 0.20056447085871643, 0.2037211476998285], [0.36875677654567496, 0.24183798194252007, 0.18255031379051864, 0.20685492762128632], [0.33839445798597656, 0.26354357204866136, 0.19281416842180307, 0.20524780144355897], [0.33757284745380806, 0.271249423055836, 0.1864283839852658, 0.2047493454050902], [0.3703319860476075, 0.26260654941824124, 0.17493484130533796, 0.19212662312881337], [0.3633524856589979, 0.26583625279174733, 0.16377808665914173, 0.20703317479011304], [0.3606388299820668, 0.24402191904563905, 0.19303847899306037, 0.20230077187923376], [0.3484725601850283, 0.2509967647093359, 0.19244727203639203, 0.2080834029692437], [0.33594027658828823, 0.26163244634682925, 0.18552646315517152, 0.216900813809711], [0.32241694674768234, 0.2672951101708544, 0.178058139452795, 0.23222980352866832], [0.3579184848642736, 0.24218148398146475, 0.18280965760863144, 0.21709037344563023], [0.36038617907077114, 0.2438511659192598, 0.17023686333847268, 0.22552579157149638], [0.3224170207654878, 0.2672950327129098, 0.17805798349984098, 0.23222996292176143], [0.3352324466141341, 0.2693686565299274, 0.16856764757639253, 0.22683124917954592]], "ideal": "D", "sampled": "B", "correct": false}}
{"type": "result", "data": {"idx": 3, "options": ["Wrong, Wrong", "Wrong, Not wrong", "Not wrong, Wrong", "Not wrong, Not wrong"], "probs": [[0.4465738499780572, 0.18616026741190794, 0.19509552453775872, 0.17217035797227612], [0.4169646687521905, 0.20641400840665108, 0.17655717623958994, 0.20006414650156842], [0.3900318319719737, 0.2440771122365201, 0.17580366918789161, 0.19008738650361456], [0.3731359354222983, 0.24856381856589843, 0.18471865904625792, 0.19358158686554536], [0.39033746715456974, 0.22591146824484964, 0.18438492713514884, 0.19936613736543174], [0.3606431024618515, 0.24024187442156883, 0.18710227962490228, 0.2120127433916774], [0.3669187480875313, 0.252180639661674, 0.18450154637192753, 0.1963990657788672], [0.3670815527072036, 0.26030144092817825, 0.17613072691586623, 0.19648627934875196], [0.37241570267576224, 0.25595871374308643, 0.18436214875410592, 0.18726343472704537], [0.3551406946339296, 0.25183384107015444, 0.1842475870515881, 0.20877787714432786], [0.35913437370633555, 0.2282810155865839, 0.2111274560066821, 0.20145715460039848], [0.3562549352289619, 0.23731844124805007, 0.1936956196829696, 0.2127310037400184], [0.3575723117594132, 0.2535585425010302, 0.19139770876344805, 0.19747143687610857], [0.3482148750736254, 0.26698774892365595, 0.18638930278312815, 0.19840807311959047], [0.37386537346287874, 0.25297169367098155, 0.1822101961066786, 0.19095273665946114], [0.3756349012258464, 0.2502287775164225, 0.1666895548349557, 0.2074467663227754], [0.3660865073123087, 0.23270013579336166, 0.202174913830583, 0.19903844296374668], [0.3550690378690118, 0.24025315343817258, 0.19917853168481578, 0.20549927690799985], [0.336454928166742, 0.25797077337046603, 0.1917091332222262, 0.21386516514056572], [0.3208304345286927, 0.2659797668191051, 0.18568539617588947, 0.22750440237631267], [0.34083790091500543, 0.24549797540680268, 0.20037144719104136, 0.2132926763871505], [0.3473377175678512, 0.2424825989587624, 0.185919550252449, 0.22426013312093737], [0.31650516859264877, 0.2665261963715787, 0.18899669032884173, 0.22797194460693077], [0.32336621991490877, 0.27230363675756697, 0.1785823676022766, 0.22574777562524762]], "ideal": "B", "sampled": "A", "correct": false}}
{"type": "result", "data": {"idx": 4, "options": ["Wrong, Wrong", "Wrong, Not wrong", "Not wrong, Wrong", "Not wrong, Not wrong"], "probs": [[0.32863653192566467, 0.20889519464214626, 0.22942786258292494, 0.2330404107492641], [0.34597159346627965, 0.22689552740596564, 0.20023627873824718, 0.22689660028950753], [0.35118426822535254, 0.24516769510536368, 0.1939449401320305, 0.20970309643725327], [0.34282753294053164, 0.25081960475770765, 0.19841624806206243, 0.2079366141396983], [0.358509602377589, 0.23511794819131254, 0.1889238377254483, 0.21744861160565013], [0.33330791191976344, 0.24769524489264572, 0.18991600899239597, 0.2290808340951949], [0.3523297169003592, 0.24596699679270884, 0.19457780692618534, 0.20712547928074662], [0.35282000370043903, 0.2541281840826033, 0.1888537974637572, 0.20419801465320045], [0.36401088937424697, 0.24630334236831072, 0.19484371854372307, 0.19484204961371926], [0.34674153245113176, 0.2420657610959006, 0.1975701778567479, 0.21362252849621968], [0.3533502571430648, 0.2246042970284373, 0.21432060320500018, 0.2077248425234977], [0.3517174930052405, 0.23429572486297143, 0.19729847889944713, 0.21668830313234094], [0.3393160008637144, 0.25215978930811495, 0.19947649235378662, 0.20904771737438402], [0.33874990523199555, 0.25973039088839583, 0.19605650911586386, 0.2054631946637447], [0.3654677704147112, 0.25513922025069785, 0.1837712592997097, 0.19562174993488124], [0.3651731664348026, 0.25098136438872004, 0.17249813931197708, 0.2113473297645003], [0.3627751739537914, 0.22702016135420353, 0.20670566010685448, 0.20349900448515063], [0.3412454920294725, 0.23822902920757552, 0.20697855330487913, 0.21354692535807282], [0.3379994181354861, 0.2511815018172539, 0.1925888422271763, 0.2182302377200837], [0.32478648420900696, 0.25692912933641343, 0.18797469137219375, 0.2303096949823859], [0.3492371841688555, 0.23630715118391024, 0.19590701744704433, 0.2185486471001899], [0.34745676875171905, 0.2351024404723879, 0.1859828316673694, 0.23145795900852364], [0.3205306374943386, 0.25356231270708607, 0.1914001192587002, 0.23450693043987517], [0.3335864394456449, 0.2557712678755782, 0.18137022040295875, 0.22927207217581816]], "ideal": "D", "sampled": "C", "correct": false}}
{"type": "result", "data": {"idx": 5, "options": ["Wrong, Wrong", "Wrong, Not wrong", "Not wrong, Wrong", "Not wrong, Not wrong"], "probs": [[0.30067209750411683, 0.26534442297000543, 0.20344779802826166, 0.23053568139761604], [0.2933882430887649, 0.2671368082027207, 0.19241293976151644, 0.247062008846998], [0.3099534234136253, 0.26511946927762026, 0.1909597941184003, 0.2339673130903541], [0.2977743833296066, 0.2669257302889251, 0.19226100121783854, 0.2430388850636298], [0.3007483392430102, 0.2572462481823735, 0.20034494396992952, 0.24166046850468675], [0.29114282995956886, 0.2609818059237628, 0.19093973011669643, 0.25693563389997187], [0.3315973926987064, 0.2706438939098661, 0.18028955428420979, 0.2174691590072177], [0.33344682551915056, 0.27215363620134875, 0.1757174264998423, 0.2186821116796584], [0.3316209811606773, 0.2623357332882647, 0.19193087170176895, 0.21411241374928908], [0.3210037600523534, 0.2619976660049572, 0.185786035850155, 0.23121253799253436], [0.31152702498139856, 0.2464401872841331, 0.21411295446919343, 0.2279198331652749], [0.3273737722940097, 0.25100844359943525, 0.18947285615750561, 0.2321449278490494], [0.31356604949777717, 0.2682095685866615, 0.19931819438973084, 0.2189061874258305], [0.31250750735924016, 0.27578967910440944, 0.186610366291927, 0.22509244714442342], [0.33130237950502406, 0.274661932480614, 0.1801290985780995, 0.21390658933626244], [0.31919010519203156, 0.2816870724370403, 0.16559642058157711, 0.23352640168935102], [0.3234263263788353, 0.25188671789372236, 0.20239821961291565, 0.22228873601452667], [0.3141243691520958, 0.2563829016714387, 0.199672833040717, 0.22981989603574848], [0.3068126783483281, 0.26656583346094104, 0.19502513399297508, 0.2315963540977558], [0.29629639229637356, 0.2783473771285924, 0.17971579996510964, 0.24564043050992437], [0.31521189209646955, 0.2532821893438734, 0.19725787637645342, 0.2342480420832036], [0.31597734436145725, 0.25789547732562196, 0.18004134832135527, 0.24608582989156552], [0.2917856871789971, 0.27410984036565544, 0.18839403985046907, 0.24571043250487842], [0.2982634394545148, 0.28019491670294816, 0.17810389928538448, 0.24343774445715258]], "ideal": "C", "sampled": "B", "correct": false}}
{"type": "result", "data": {"idx": 6, "options": ["Wrong, Wrong", "Wrong, Not wrong", "Not wrong, Wrong", "Not wrong, Not wrong"], "probs": [[0.40593971027665143, 0.22771256348337193, 0.1917542574140679, 0.1745934687259087], [0.3779327756404606, 0.24401382372282152, 0.17575816284573348, 0.20229523769098437], [0.37803879939767454, 0.2557956018161623, 0.17308113235115416, 0.193084466335009], [0.36206581645465497, 0.26489480932544934, 0.17923831670818977, 0.19380105741170595], [0.37766681243179956, 0.24768163999469753, 0.17563376352323395, 0.19901778395026895], [0.36102667694892365, 0.2600398295893353, 0.1732251798836676, 0.20570831347807342], [0.37221301152877706, 0.2558194138721025, 0.1758236166036678, 0.19614395789545264], [0.37218713756654104, 0.2639218866561182, 0.16776053605786231, 0.19613043961947846], [0.384585810358251, 0.2602252545591875, 0.170661471588467, 0.1845274633940945], [0.36248838357745106, 0.2570441624705619, 0.17392638064781457, 0.20654107320417245], [0.36000623222547135, 0.23609931060995076, 0.20194811515135347, 0.20194634191322441], [0.364767925319908, 0.24681606499540568, 0.18057601959282507, 0.20783998999186126], [0.3521251380091448, 0.2616789936757669, 0.18555967507890955, 0.20063619313617875], [0.3486355684958941, 0.2715198275986072, 0.17806848085820018, 0.2017761229472985], [0.38019710775388094, 0.25725603101065136, 0.17137062547877357, 0.19117623565669414], [0.3688261485346495, 0.2615389422467284, 0.15617310672726442, 0.21346180239135762], [0.3679102580125932, 0.2412829840706693, 0.19387772342875306, 0.1969290343879844], [0.3508847637822728, 0.24881603576889647, 0.19077525815469296, 0.2095239421941378], [0.341554551547476, 0.26188088099594803, 0.1828236267243524, 0.21374094063222357], [0.32998421263257527, 0.2693274519567167, 0.17389215332707458, 0.22679618198363344], [0.3473911427780281, 0.24633899717524432, 0.18887614357626503, 0.21739371637046256], [0.35090065887633726, 0.24882768099038932, 0.1737109915016633, 0.2265606685316101], [0.32588237520773766, 0.27016827461402015, 0.17997199295151575, 0.2239773571267264], [0.331517502551194, 0.2748397711317971, 0.1693248824304093, 0.22431784378659964]], "ideal": "D", "sampled": "A", "correct": false}}
{"type": "result", "data": {"idx": 7, "options": ["Wrong, Wrong", "Wrong, Not wrong", "Not wrong, Wrong", "Not wrong, Not wrong"], "probs": [[0.3779447263713807, 0.23284637231744304, 0.19004459110849276, 0.19916431010268346], [0.35388422352379567, 0.24322318706291648, 0.1779472993175584, 0.22494528999572944], [0.36032909983792116, 0.2555137124095921, 0.17561302030636966, 0.2085441673461171], [0.337868412166771, 0.26313456106133776, 0.18085096235699064, 0.2181460643149006], [0.36192694302754325, 0.2448942363017282, 0.17365711925677368, 0.21952170131395482], [0.3350188929992011, 0.2609155398073486, 0.1738084800722693, 0.23025708702118095], [0.35626930320654215, 0.2606540127840745, 0.17363476947934792, 0.20944191443003546], [0.3578740059971563, 0.2659516036244516, 0.16905066369273544, 0.20712372658565664], [0.3672758285739932, 0.2564017436188098, 0.17349181809043732, 0.20283060961675967], [0.34746073637525376, 0.25420945122651945, 0.17746842866945522, 0.22086138362877156], [0.3470785526333005, 0.23484690394716837, 0.20087684396146707, 0.21719769935806407], [0.34834176432658587, 0.24318379845426696, 0.1835662439490195, 0.22490819317012764], [0.3454826966928856, 0.256743065786226, 0.18492671294369625, 0.2128475244771921], [0.33665297936945704, 0.26631702180450917, 0.1830384365899408, 0.21399156213609297], [0.370008086674288, 0.250362161527306, 0.1720725025373361, 0.20755724916106993], [0.36092772538438633, 0.251970495974102, 0.15768018128367728, 0.22942159725783437], [0.3559934529311017, 0.24087926438431687, 0.19055251845655785, 0.2125747641280236], [0.34975103435886984, 0.24416750701802062, 0.18721114471404357, 0.218870313809066], [0.3334281046908322, 0.25967638249639974, 0.18128455763938503, 0.22561095507338302], [0.32180691241692455, 0.2667900363355821, 0.1722538794740722, 0.2391491716734211], [0.3441501208177258, 0.23653284850537487, 0.1900609703162842, 0.22925606026061518], [0.3475320040832125, 0.23885717985625649, 0.17475299535434324, 0.23885782060618777], [0.3178442025509265, 0.2676542023255735, 0.1782972908349169, 0.23620430418858307], [0.32884037001360683, 0.27262067385837135, 0.16535386195088128, 0.2331850940771405]], "ideal": "D", "sampled": "A", "correct": false}}
{"type": "result", "data": {"idx": 8, "options": ["Wrong, Wrong", "Wrong, Not wrong", "Not wrong, Wrong", "Not wrong, Not wrong"], "probs": [[0.4864323807234762, 0.1875371662717853, 0.1579230600128063, 0.1681073928919322], [0.4195168661939681, 0.21427028091968495, 0.15194187151212765, 0.21427098127421926], [0.41509966913630547, 0.24024295388335912, 0.15755624281780997, 0.18710113406252546], [0.3899964929727656, 0.25180261949461047, 0.16513748219243138, 0.19306340524019253], [0.4110429943842371, 0.2270011637431053, 0.15847344931080865, 0.20348239246184893], [0.3911140139507848, 0.244754951188301, 0.15802692581743413, 0.20610410894348002], [0.3609138267462919, 0.25196008745474907, 0.18148199400806594, 0.20564409169089304], [0.35818267710306595, 0.2620540998879818, 0.1691965210747489, 0.21056670183420334], [0.3643449842565495, 0.2543556093915261, 0.18320713935450492, 0.19809226689741946], [0.354579424145816, 0.25143626704437894, 0.17553244790963038, 0.2184518608001747], [0.3568521631345284, 0.22683069921756335, 0.20653336622636387, 0.20978377132154438], [0.35811885654148234, 0.23486199622693466, 0.1829122724512253, 0.22410687468035773], [0.3570377666725317, 0.25716682116350115, 0.18236008959555527, 0.20343532246841195], [0.3454539138816486, 0.2690424523265175, 0.17922228418154537, 0.20628134951028848], [0.38030029619555117, 0.24554233643003082, 0.1768588344490024, 0.19729853282541562], [0.37636480853265336, 0.24682819086313168, 0.15206750188938523, 0.22473949861482972], [0.3683418442936508, 0.23413412968362884, 0.1941053775982281, 0.20341864832449225], [0.3546482429938984, 0.2399687689293494, 0.18688920695370767, 0.2184937810230445], [0.3318770626414856, 0.2544611768009468, 0.18910077775914255, 0.2245609826984251], [0.318271387680615, 0.26385887047148876, 0.181348573031683, 0.23652116871621323], [0.3328105608133624, 0.23971641775703617, 0.19873348468740717, 0.2287395366421942], [0.3360208420408141, 0.2382764560516415, 0.17986195473681543, 0.24584074707072898], [0.3130796458086322, 0.2636418859801733, 0.18695134855572423, 0.23632711955547028], [0.3226690186338228, 0.2675043503675194, 0.17003723500680684, 0.23978939589185094]], "ideal": "A", "sampled": "A", "correct": true}}
{"type": "result", "data": {"idx": 9, "options": ["Wrong, Wrong", "Wrong, Not wrong", "Not wrong, Wrong", "Not wrong, Not wrong"], "probs": [[0.42751338436629804, 0.21496790325029896, 0.19269698569193253, 0.16482172659147043], [0.3922535542898389, 0.23059560471877574, 0.17680524724114674, 0.20034559365023866], [0.3861440592384459, 0.257228832989339, 0.17135242391984679, 0.1852746837523683], [0.3715047482550461, 0.263437863212738, 0.1782522919856232, 0.18680509644659274], [0.37950944744051085, 0.24123230881307514, 0.1792697145811545, 0.19998852906525946], [0.3525832593088426, 0.25395795700394685, 0.182920366507358, 0.21053841707985252], [0.3730281070677075, 0.2604169392076822, 0.17898352865673225, 0.18757142496787801], [0.37456189466063033, 0.26560576955983056, 0.17148950183198078, 0.18834283384755826], [0.38887883387726463, 0.2550343350821311, 0.17804423503419214, 0.17804259590641214], [0.36641073223264603, 0.25579720732991956, 0.17857687173488127, 0.19921518860255316], [0.36256876043972497, 0.23046387386306388, 0.20984142703936026, 0.19712593855785088], [0.36555412151392425, 0.23973775203645092, 0.18964965562485994, 0.2050584707247649], [0.3582516663647813, 0.2580408194111159, 0.1858611581417004, 0.19784635598240244], [0.35846471782914374, 0.26639038321692177, 0.18025009332284872, 0.19489480553108576], [0.3866424021727992, 0.25356796759167766, 0.17427572865942395, 0.18551390147609917], [0.38164339603074826, 0.25423122207457316, 0.15662831533261412, 0.20749706646206445], [0.3779807984450968, 0.2328685819869823, 0.19305618105388317, 0.1960944384140377], [0.35968972621138373, 0.23960644423324906, 0.19253045948023456, 0.20817336997513267], [0.3368002922555901, 0.2664328336344734, 0.1860013538115595, 0.21076552019837702], [0.3258825546878235, 0.270168280261416, 0.17997214077352558, 0.22397702417723492], [0.34542451226687204, 0.24494424490003627, 0.19681974070370498, 0.21281150202938673], [0.35189717646128443, 0.24185696553679933, 0.1825644807755535, 0.2236813771263627], [0.31905528899816954, 0.27290445563448323, 0.18179462848275896, 0.22624562678458826], [0.32776515157663616, 0.27600799241917906, 0.167408309893332, 0.2288185460108528]], "ideal": "C", "sampled": "A", "correct": false}}
{"type": "result", "data": {"idx": 10, "options": ["Wrong, Wrong", "Wrong, Not wrong", "Not wrong, Wrong", "Not wrong, Not wrong"], "probs": [[0.39472897660572925, 0.21128427350541276, 0.2016099333081715, 0.1923768164806865], [0.378066826482552, 0.22225611737364873, 0.18425827667485042, 0.2154187793689488], [0.36827312562388087, 0.2491878680272599, 0.18231109597846595, 0.20022791027039324], [0.36005599137186617, 0.25136159349779436, 0.1897392308677697, 0.19884318416256977], [0.3692395365792477, 0.23470469075364436, 0.18566785644133815, 0.2103879161257698], [0.34701285796905984, 0.24607100323573727, 0.1828658784107054, 0.2240502602844975], [0.37450984674687016, 0.245611075221938, 0.1825246390894016, 0.1973544388417902], [0.37334810372499844, 0.2565998549472921, 0.17636003386820212, 0.19369200735950734], [0.37794285445691367, 0.24786243960967932, 0.1870982469863617, 0.18709645884704526], [0.3604645591821468, 0.24390388622991513, 0.187009357806639, 0.20862219668129905], [0.36040999944763374, 0.2255402173540921, 0.2118770895406757, 0.20217269355759843], [0.3681630491842225, 0.23402020332857246, 0.18804228303936227, 0.20977446434784275], [0.3457845099552716, 0.25696718307298927, 0.19397070712935294, 0.20327759974238616], [0.3461175016134194, 0.26537976061700025, 0.1881840554911073, 0.20031868217847296], [0.3702149147947199, 0.2544466592779621, 0.18327239427033773, 0.1920660315569803], [0.3729469720207188, 0.25235059478813276, 0.1654967193811037, 0.2092057137100448], [0.36113705151233594, 0.23684100098503508, 0.20258232345396052, 0.19943962394866846], [0.3539236678149927, 0.2394783276235496, 0.19853594305508973, 0.20806206140636796], [0.33745789021667044, 0.25873991458898354, 0.1892994613860573, 0.2145027337082887], [0.32193124872719214, 0.2627548677394143, 0.18343375744819954, 0.23188012598519397], [0.3492081060892387, 0.24000874934154495, 0.19897581041921786, 0.21180733404999846], [0.3555490831175625, 0.23684858842128964, 0.18159952079623742, 0.2260028075649104], [0.3255802295603545, 0.2616133015605471, 0.18551280539824716, 0.22729366338085133], [0.33832780531622664, 0.26349202581071535, 0.172803407079684, 0.225376761693374]], "ideal": "D", "sampled": "A", "correct": false}}
{"type": "result", "data": {"idx": 11, "options": ["Wrong, Wrong", "Wrong, Not wrong", "Not wrong, Wrong", "Not wrong, Not wrong"], "probs": [[0.37507241401688035, 0.21707662614385184, 0.20392585984923864, 0.20392509989002916], [0.35687800917022044, 0.2304205767893278, 0.18227963015697737, 0.23042178378347433], [0.35775787482511445, 0.24588526807440547, 0.1827279816249282, 0.21362887537555186], [0.3411744432950248, 0.25354176001571105, 0.18841802510469405, 0.21686577148457015], [0.36400218709637, 0.23501979601954245, 0.18019729313844637, 0.2207807236456412], [0.3429676890030262, 0.247033208583924, 0.17793288825163114, 0.2320662140614186], [0.34939508208394787, 0.25166184832597777, 0.1870215618582011, 0.2119215076318732], [0.34745901428108383, 0.25821198954175584, 0.18026307076373144, 0.21406592531342886], [0.360245176503088, 0.24759480369030243, 0.1868964620107399, 0.20526355769586963], [0.34468422363780904, 0.24826876066433515, 0.1844997609818185, 0.2225472546160373], [0.33920284596861605, 0.22951802267047328, 0.21227159777736473, 0.21900753348354596], [0.35014170033274206, 0.2369199422450329, 0.190372406700022, 0.22256595062220302], [0.3356528875802479, 0.25336647746117147, 0.19426487137536827, 0.21671576348321236], [0.3270577338185661, 0.2628013012802642, 0.19227144979721364, 0.21786951500395607], [0.36232874074466154, 0.2490271144091075, 0.18219371270848445, 0.20645043203774652], [0.3537138085863503, 0.2508232965078499, 0.16708567733115917, 0.22837721747464063], [0.34941323169909155, 0.2364270792557985, 0.2022284359533813, 0.21193125299172866], [0.3395932468250508, 0.24460203546530918, 0.1965450136112578, 0.21925970399838215], [0.3240093693403621, 0.2563150670084302, 0.19347825981361494, 0.2261973037375927], [0.31063346663139724, 0.2657017588781063, 0.18549133006157276, 0.2381734443289237], [0.33503042664935223, 0.2413157666272465, 0.19695803204939313, 0.2266957745740081], [0.33759796616039306, 0.24316516516161182, 0.18355233965468706, 0.23568452892330807], [0.305489982552229, 0.2654171546221027, 0.19117423605237627, 0.23791862667329206], [0.31989973780294045, 0.26938542720961844, 0.17666855452678198, 0.23404628036065908]], "ideal": "B", "sampled": "A", "correct": false}}
{"type": "result", "data": {"idx": 12, "options": ["Wrong, Wrong", "Wrong, Not wrong", "Not wrong, Wrong", "Not wrong, Not wrong"], "probs": [[0.3639231919878386, 0.22773846981632223, 0.20735941825223617, 0.20097891984360297], [0.35088752285104696, 0.24116348805832927, 0.18490823437994428, 0.2230407546106795], [0.3594876366723271, 0.25491668631939923, 0.18076442862292563, 0.20483124828534804], [0.34635073459187765, 0.2614412048412368, 0.1853911159060445, 0.20681694456084102], [0.3613562422023155, 0.24450771905237406, 0.1817039765964251, 0.21243206204888532], [0.3392167091030412, 0.2560565471393113, 0.1787576973259505, 0.22596904633169693], [0.3432130114923524, 0.25907232582743084, 0.18954349487485, 0.20817116770536678], [0.350449299038909, 0.2645350137764178, 0.17899519470027056, 0.20602049238440265], [0.36223833130082583, 0.25288476407004334, 0.1879298602782077, 0.19694704425092308], [0.34117513383232473, 0.25354137636359236, 0.18841774479028292, 0.21686574491379995], [0.3460550256315267, 0.23415425068548867, 0.2098963229163749, 0.20989440066660972], [0.3476847306236217, 0.2427249329227393, 0.19201298973985675, 0.2175773466137822], [0.3362036645076241, 0.26183763143782074, 0.1915662735509041, 0.210392430403651], [0.3330081055277156, 0.27179550716847933, 0.18680374044094444, 0.20839264676286062], [0.3632119053717618, 0.2535647489408121, 0.1826373067708559, 0.20058603881657017], [0.3593193483196192, 0.25479774905286107, 0.16451099023035176, 0.221371912297168], [0.3528205506571056, 0.23873195405497924, 0.20103402733333275, 0.20741346785458237], [0.33969707305899977, 0.24467638861702057, 0.1997006147810975, 0.2159259234428822], [0.32042637464180074, 0.26152649519212434, 0.1943515389963348, 0.22369559106974013], [0.3084423449791281, 0.26798178944346346, 0.1870828512993277, 0.23649301417808077], [0.33273444072159375, 0.24343559506240378, 0.19868815239302484, 0.22514181172297762], [0.33759854246573895, 0.24316511280385214, 0.18355213650871033, 0.2356842081216986], [0.3066214024713978, 0.266399621936861, 0.19188189504611944, 0.23509708044562175], [0.3147365246319903, 0.2692106446119345, 0.1821582967503987, 0.23389453390567644]], "ideal": "C", "sampled": "A", "correct": false}}
{"type": "result", "data": {"idx": 13, "options": ["Wrong, Wrong", "Wrong, Not wrong", "Not wrong, Wrong", "Not wrong, Not wrong"], "probs": [[0.48189782983597157, 0.1977713374757488, 0.15891453079270818, 0.16141630179557145], [0.4208713847756965, 0.21834736032216037, 0.15243220200494315, 0.20834905279719992], [0.4087342199651687, 0.24406797454098073, 0.16006469247931895, 0.1871331129145316], [0.39033344965746947, 0.24811305472922318, 0.16528019553677767, 0.19627329997652965], [0.4165601493979195, 0.2229703846793481, 0.16060044109110042, 0.19986902473163196], [0.39928912517475024, 0.23473213260907838, 0.158828762771269, 0.20714997934490234], [0.371728427865977, 0.25950999498692867, 0.17287277143223262, 0.1958888056148617], [0.37200547923922467, 0.2637933610321551, 0.1650792135913642, 0.19912194603725603], [0.38437845153605305, 0.2520832344016705, 0.17325587052591976, 0.1902824434363566], [0.3712260501474819, 0.24729162468275362, 0.1699624407143837, 0.21151988435538077], [0.37002915140266385, 0.22443571684500332, 0.20118448136225153, 0.2043506502900813], [0.3784880041697623, 0.23318165538363372, 0.1760161667886194, 0.2123141735579846], [0.3560154702914979, 0.25643037677453473, 0.18470130744974356, 0.20285284538422382], [0.3489954679256648, 0.2675865749798798, 0.1782525883885342, 0.20516536860592116], [0.3875522728637416, 0.2425260764870731, 0.17197797213199464, 0.1979436784171906], [0.38518400828610444, 0.24104424590310286, 0.15084254290614466, 0.222929202804648], [0.37812354030035994, 0.22934521048919065, 0.190135264671646, 0.2023959844388034], [0.3680202881933959, 0.23392966291530096, 0.18505490927365056, 0.21299513951765256], [0.341791659559403, 0.257999986384341, 0.18295066056806206, 0.21725769338819398], [0.3288095793153977, 0.268369070611311, 0.17327337938979898, 0.22954797058349236], [0.35037864817357944, 0.23340443817745096, 0.1935005721331113, 0.22271634141585828], [0.360864685180371, 0.23299377705779278, 0.17314750728429182, 0.23299403037754438], [0.32760606189092395, 0.2591601687160305, 0.18092409313669838, 0.23230967615634723], [0.3468558140220713, 0.2618229051890974, 0.1638455664374662, 0.2274757142513651]], "ideal": "A", "sampled": "A", "correct": true}}
{"type": "result", "data": {"idx": 14, "options": ["Wrong, Wrong", "Wrong, Not wrong", "Not wrong, Wrong", "Not wrong, Not wrong"], "probs": [[0.32582426553424737, 0.26593205726366365, 0.1945609926172393, 0.21368268448484964], [0.30962653810424035, 0.2690114539003448, 0.17642336643501383, 0.24493864146040098], [0.3348602998770966, 0.26906974096366165, 0.1764614748434486, 0.21960848421579318], [0.31093406210808894, 0.27440061753627526, 0.1799578341668023, 0.2347074860888335], [0.31552546272920995, 0.2615820091229757, 0.18841182622182276, 0.23448070182599162], [0.3012838244902107, 0.27007167158237494, 0.18274113133159534, 0.24590337249581903], [0.3272098253755913, 0.27126821468638385, 0.18355110012318357, 0.2179708597148413], [0.33292722202596875, 0.2760083335956843, 0.17272321620758857, 0.21834122807075843], [0.33162119981310556, 0.2623356580471917, 0.1919307261513468, 0.21411241588835592], [0.31983948703903803, 0.26104707301173047, 0.18511193050416702, 0.23400150934506447], [0.3193183040096417, 0.2448317183259189, 0.2094174834702848, 0.2264324940941546], [0.32394277563517215, 0.252288725167784, 0.19043926608983752, 0.23332923300720634], [0.3243526759682102, 0.26889996741258027, 0.1906802051085441, 0.21606715141066543], [0.317418371368769, 0.28012326774363805, 0.18086284666730607, 0.22159551412028688], [0.34320673343087404, 0.2672919332713818, 0.1780562251628203, 0.21144510803492392], [0.33747298993641567, 0.27116965032624096, 0.15941365839077856, 0.2319437012465648], [0.3359454176057455, 0.2496553509972393, 0.19749520404123438, 0.21690402725578087], [0.3243106055577724, 0.2525751926136045, 0.1967073708085312, 0.22640683092009187], [0.31313464509000233, 0.267840478808329, 0.18992862386485984, 0.22909625213680884], [0.3007045432729505, 0.27810863072041087, 0.17956178156073038, 0.24162504434590826], [0.3185943662801675, 0.25203099844319593, 0.19628350434724634, 0.23309113082939018], [0.32276996005019554, 0.25533431004908475, 0.17825343671883476, 0.24364229308188495], [0.303580871087327, 0.27213054081667487, 0.18413403079653137, 0.24015455719946677], [0.30700601059126464, 0.27520067317119995, 0.17492931110687093, 0.24286400503066446]], "ideal": "D", "sampled": "A", "correct": false}}
{"type": "result", "data": {"idx": 15, "options": ["Wrong, Wrong", "Wrong, Not wrong", "Not wrong, Wrong", "Not wrong, Not wrong"], "probs": [[0.4031303524567878, 0.22969873247233805, 0.17069910464964, 0.19647181032123417], [0.36698104833923484, 0.24067682798253281, 0.15539545846233133, 0.23694666511590104], [0.38380778403926036, 0.25567514082728826, 0.1550767444675571, 0.2054403305658943], [0.36038750406476083, 0.26782193777267155, 0.15992619095633556, 0.21186436710623208], [0.38503548499071705, 0.24095290896867205, 0.15802295504420288, 0.21598865089640804], [0.3553930785444437, 0.25598489162633675, 0.16271660942570976, 0.22590542030350977], [0.36346627361317524, 0.2577391939423789, 0.17169455203766945, 0.2070999803067764], [0.3600794344839561, 0.26759203279263355, 0.15731186845158995, 0.21501666417182042], [0.3684323672815431, 0.2572108170548539, 0.17404064275013492, 0.20031617281346809], [0.35123540014197974, 0.25697252917618374, 0.16852967941654287, 0.22326239116529367], [0.35419158012951524, 0.23228781028523895, 0.19868973201375734, 0.2148308774714885], [0.34480091823459524, 0.24450432555874, 0.18456482725400392, 0.22612992885266087], [0.36677912420507836, 0.2600894608846907, 0.17057363941414563, 0.20255777539608527], [0.3471728912717559, 0.27038363022460216, 0.1718690718817067, 0.21057440652193524], [0.3804139551201618, 0.2534143962221408, 0.16881281387328997, 0.19735883468440743], [0.37813141211849527, 0.24798907325106959, 0.1480829952856632, 0.22579651924477193], [0.3837462720449417, 0.2327574227928432, 0.18127417832698922, 0.20222212673522588], [0.3637582117515366, 0.2423184847934889, 0.1800783005188378, 0.21384500283613672], [0.33855831115200613, 0.26782568887437824, 0.1784124049602492, 0.2152035949133664], [0.3219483302540499, 0.2711122172136862, 0.1750454649127041, 0.2318939875195598], [0.33146194130876494, 0.2463251764583745, 0.19793070866194615, 0.22428217347091436], [0.3350697059573527, 0.24514595431183195, 0.18217966905859223, 0.2376046705722231], [0.31454176644940196, 0.27328292347091254, 0.18204790894499592, 0.2301274010346896], [0.3223080740661134, 0.27568907879879423, 0.16984914719259103, 0.23215369984250134]], "ideal": "A", "sampled": "A", "correct": true}}
{"type": "result", "data": {"idx": 16, "options": ["Wrong, Wrong", "Wrong, Not wrong", "Not wrong, Wrong", "Not wrong, Not wrong"], "probs": [[0.4272394307197885, 0.20181446376852055, 0.19560643121451393, 0.17533967419717705], [0.40881938347333435, 0.21882710184691218, 0.17310835677305828, 0.1992451578066952], [0.39973103402452537, 0.2424508712242203, 0.17192484389688326, 0.1858932507543711], [0.3859724815093688, 0.24920433009767948, 0.17671414244536127, 0.18810904584759047], [0.39489211413303416, 0.22854773229523656, 0.17799460191710748, 0.1985655515546218], [0.3675587639243848, 0.24105290653617742, 0.18195807255287644, 0.20943025688656133], [0.3680393805147542, 0.25295103347606274, 0.18506505144965876, 0.19394453445952428], [0.36921433940349857, 0.26181401629449347, 0.17440771275172282, 0.19456393145028517], [0.37425915710197266, 0.24931188300834964, 0.191156155247222, 0.1852728045424557], [0.3590850669195506, 0.24679685023357306, 0.18629413008492307, 0.20782395266195325], [0.3531659455641169, 0.2280224697375245, 0.21758273048506302, 0.20122885411329555], [0.3576594292759864, 0.23456038532295662, 0.19752156732491336, 0.21025861797614362], [0.3561501449564065, 0.2565272709988237, 0.19063661706572835, 0.19668596687904144], [0.3503045528595289, 0.2685902256345245, 0.1846009978705223, 0.1965042235354243], [0.3808237427337739, 0.2536852435122137, 0.1798913532283228, 0.18559966042568957], [0.38000982996001537, 0.24921856818091156, 0.16090887783348798, 0.20986272392558508], [0.3744566142184595, 0.23069748280125582, 0.2035915553366202, 0.1912543475436645], [0.35753989748866094, 0.23817439729833656, 0.20056468545226333, 0.20372101966073916], [0.33620367427064596, 0.2618377648426857, 0.19156611312106206, 0.21039244766560627], [0.31743516095823415, 0.26730956429656483, 0.18661367057124742, 0.22864160407395362], [0.34327945109749275, 0.24342332777926942, 0.2018069773710623, 0.21149024365217556], [0.348648250068132, 0.23962411282050475, 0.18662114439528593, 0.2251064926160773], [0.31425077188226386, 0.2687951664178269, 0.19060585184882162, 0.2263482097510876], [0.3247370421561707, 0.26921859380890883, 0.1793395280658673, 0.22670483586905316]], "ideal": "D", "sampled": "A", "correct": false}}
{"type": "result", "data": {"idx": 17, "options": ["Wrong, Wrong", "Wrong, Not wrong", "Not wrong, Wrong", "Not wrong, Not wrong"], "probs": [[0.3933448136451169, 0.21385882474043955, 0.2040663777971887, 0.18872998371725486], [0.3851157598609151, 0.2263997745168206, 0.1790983011736422, 0.20938616434862206], [0.3635959706183682, 0.24989710746309965, 0.1857090183484205, 0.2007979034701117], [0.356464042189951, 0.25277252852895987, 0.19080410042862941, 0.19995932875245973], [0.37436635414094294, 0.230641982849481, 0.18824555538934196, 0.20674610752023406], [0.34501038845779847, 0.24465082647132225, 0.18758160618079173, 0.22275717879008758], [0.36835915944347236, 0.24924568082122062, 0.1852252985418971, 0.19716986109340992], [0.36970000353632837, 0.25809382620573507, 0.1773865467911435, 0.19481962336679312], [0.37281292875756994, 0.25225920583324263, 0.18746468516317785, 0.18746318014600954], [0.35908546735372476, 0.24679692435753936, 0.18629358604874813, 0.20782402213998774], [0.35681636522943305, 0.22680737552129918, 0.21306761144648928, 0.2033086477027785], [0.35875840902441136, 0.23528090905933438, 0.1950561643925111, 0.21090451742374314], [0.3468780322585733, 0.2577794568811206, 0.19458370488675802, 0.20075880587354814], [0.35322389003082444, 0.2624956369137529, 0.18613876400516693, 0.1981417089502557], [0.37192952629184756, 0.2596504091956841, 0.1784560978234172, 0.1899639665890511], [0.36998350199435764, 0.25829194434134445, 0.16418141636509495, 0.20754313719920298], [0.3756785020260941, 0.23145021385323433, 0.19797113225692461, 0.19490015176374695], [0.35259420726928403, 0.24233552043206624, 0.19778989842910247, 0.20728037376954722], [0.3316216121040719, 0.2623359521613053, 0.19193026135536606, 0.2141121742792568], [0.3263245972817582, 0.26634036301361813, 0.18305412604822466, 0.22428091355639898], [0.3442708006793326, 0.2441261297835086, 0.19616228632399235, 0.21544078311316645], [0.3506621069756842, 0.2410079502668183, 0.18192358042084503, 0.22640636223665253], [0.3242447617508149, 0.26464279474970676, 0.18475147966321634, 0.22636096373626197], [0.3256427742406755, 0.2699692031461995, 0.17705107261112296, 0.22733694990200204]], "ideal": "C", "sampled": "A", "correct": false}}
