{"type": "result", "data": {"idx": 0, "options": ["5 permanent members with veto power, 10 rotating members with no veto power", "5 permanent members and 10 rotating members, all with veto power", "10 permanent members with veto power, and 5 rotating members without veto power", "15 permanent members with veto power"], "probs": [[0.3484916919774815, 0.24329722962149564, 0.04866376800602247, 0.35954731029500037], [0.2708825564946138, 0.2544774819300297, 0.14275330730193053, 0.33188665417342594], [0.3015408470695547, 0.2832813518467185, 0.08914063737185522, 0.32603716361187157], [0.2867275731466447, 0.3004983618480716, 0.11229140888087476, 0.30048265602440893], [0.30993131030925725, 0.43708533369912855, 0.04327829959018102, 0.20970505630143316], [0.2329088074643869, 0.4351458425615997, 0.04658727641210052, 0.28535807346191283], [0.7066115183464816, 0.08308762406159016, 0.023072892855293646, 0.18722796463663458], [0.6590589627963827, 0.11633474240289464, 0.03281433306083012, 0.19179196163989262], [0.7570339567450111, 0.06719326339872919, 0.019554546428734606, 0.1562182333275251], [0.7426575214048216, 0.08332720910314148, 0.023139481715234896, 0.1508757876768021], [0.7053423173306237, 0.10321808711207704, 0.026509005743876834, 0.1649305897134224], [0.6727471556881445, 0.12252048372241331, 0.031962033442881316, 0.17277032704656087], [0.3482229515032324, 0.23933780904217733, 0.08016988873186359, 0.33226935062272667], [0.29282558834084954, 0.2624939758066294, 0.14724985202419053, 0.2974305837283305], [0.3413177906322736, 0.21696319815390078, 0.07267489662579335, 0.36904411448803226], [0.2820840905572564, 0.23754422438485875, 0.16073550814359322, 0.31963617681429163], [0.27155053309373195, 0.377021636287922, 0.057819406781307245, 0.2936084237370388], [0.35267299451683415, 0.36960807625600756, 0.05002213325040897, 0.2276967958767493], [0.8742472341269646, 0.05169086047034706, 0.011715548792187525, 0.06234635651050081], [0.8198266364488227, 0.06522776453105533, 0.015493181236122183, 0.09945241768399976], [0.873785088203474, 0.048533484877264665, 0.011349115646417053, 0.06633231117284424], [0.855839217315595, 0.05733986708418375, 0.013200651312017751, 0.07362026418820346], [0.8497079340915136, 0.047939328816640536, 0.011386753629546364, 0.09096598336229955], [0.871639593825914, 0.05153641758046521, 0.011680583261712198, 0.06514340523190851]], "ideal": "A", "sampled": "D", "correct": false}}
{"type": "result", "data": {"idx": 1, "options": ["It allowed the US to intensify its involvement in Vietnam", "It illustrated the influence of public opinion on US foreign policy", "It enhanced Congressional control over the Vietnam War", "It curtailed US involvement in Vietnam"], "probs": [[0.7871919376181095, 0.09112724779732223, 0.02912645265892419, 0.09255436182564415], [0.6245581236744239, 0.13720279156102266, 0.06481086800103038, 0.17342821666352304], [0.8082061674000213, 0.09356025222065202, 0.021878282572148744, 0.07635529770717799], [0.5373607277332817, 0.17720793185846176, 0.0683212727239952, 0.21711006758426127], [0.6456301927969603, 0.15097946208284976, 0.03758224542030091, 0.165808099599889], [0.48662242288491625, 0.17351512609177172, 0.06689704953955206, 0.27296540138375996], [0.1820608309650526, 0.4167579896372132, 0.17104273307294177, 0.23013844622479238], [0.2018581226681551, 0.38911084206484237, 0.12436931857048496, 0.2846617165965176], [0.18735124821497443, 0.20257819281378303, 0.32883508520257426, 0.28123547366866825], [0.1514477178734405, 0.21694520760230004, 0.3059533031262962, 0.3256537712979632], [0.17065582440528604, 0.16284828614372018, 0.29953427458692616, 0.36696161476406763], [0.11212091313851598, 0.14173779101351805, 0.4166143598231451, 0.32952693592482085], [0.42122141775507627, 0.31304260566949343, 0.0698512490935157, 0.19588472738191462], [0.31525176055739434, 0.22355545555303338, 0.10396498953334717, 0.35722779425622514], [0.25988836524937237, 0.17862233943211925, 0.31351066744109085, 0.2479786277774175], [0.20249704731448373, 0.16527880221614302, 0.3136589415748542, 0.318565208794519], [0.2507412470736884, 0.15938693520899574, 0.14287720832107031, 0.44699460929624557], [0.3436714163625997, 0.23254943238182096, 0.13886635211012416, 0.2849127990454552], [0.19011071821058803, 0.4218115288142699, 0.06468773295221958, 0.3233900199229225], [0.1987833306447813, 0.2397911906080367, 0.10640810777642783, 0.45501737087075417], [0.15371474277290928, 0.1797190144269019, 0.2740489746392632, 0.39251726806092563], [0.13235947291183886, 0.16472984603292748, 0.30776807204137047, 0.3951426089138632], [0.15089795104319328, 0.26484534339078253, 0.1121450596350422, 0.472111645830982], [0.22892769190453335, 0.37160668603951064, 0.08163263830395237, 0.31783298365200363]], "ideal": "A", "sampled": "A", "correct": true}}
{"type": "result", "data": {"idx": 2, "options": ["Terrorists", "Organized crime", "Drug traffickers", "China"], "probs": [[0.21446277730423857, 0.214463015722807, 0.08014161525722344, 0.490932591615731], [0.24681085180781553, 0.24680992793588355, 0.12410765797917048, 0.38227156217713043], [0.1989341183742045, 0.1675205168902516, 0.08423685720955873, 0.5493085074259851], [0.24917297062766297, 0.20021586118126472, 0.1397783756116325, 0.41083279247943977], [0.2431437729374894, 0.27124520123104306, 0.114856052578823, 0.3707549731526445], [0.2573906442654436, 0.273989643516714, 0.10563622256599164, 0.36298348955185067], [0.43481612525120467, 0.199067594084112, 0.08973112023269213, 0.2763851603319912], [0.4783829569940602, 0.2057422471681784, 0.11013177370922989, 0.20574302202853154], [0.38960554611354853, 0.20212204451146032, 0.10006192176441213, 0.30821048751057906], [0.3743344135406473, 0.19419812575430434, 0.14890342505565102, 0.28256403554939735], [0.465059369755969, 0.2450639158242256, 0.09901939331495005, 0.1908573210048553], [0.4133332823300268, 0.2506945226349521, 0.11124987568524634, 0.2247223192497747], [0.28515548148482406, 0.19294362199486212, 0.11342942222033324, 0.4084714741999806], [0.35670679272561356, 0.2163480785816913, 0.1312277148349826, 0.29571741375771254], [0.29065106997037327, 0.22992334229777728, 0.0943637447994277, 0.38506184283242173], [0.31024212773068977, 0.22697574035188303, 0.12732685342189834, 0.33545527839552886], [0.3677893174409035, 0.27331544391467966, 0.10213528360110632, 0.25675995494331055], [0.3363681833517408, 0.2832481945245794, 0.10584661678944392, 0.27453700523423585], [0.3391381203789127, 0.2520139515147919, 0.1528608798827852, 0.2559870481235102], [0.3545116729007548, 0.2474789284297864, 0.13041756851534864, 0.26759183005411014], [0.32153581026866496, 0.28374583794673275, 0.12396361486701576, 0.2707547368175865], [0.3257464717636627, 0.2700452466032283, 0.12558738698914365, 0.2786208945439653], [0.3298248700598215, 0.26090557416858107, 0.1271602863571824, 0.282109269314415], [0.3474797010074273, 0.25421375033697485, 0.13188984988801036, 0.26641669866758744]], "ideal": "D", "sampled": "D", "correct": true}}
{"type": "result", "data": {"idx": 3, "options": ["Richard Nixon", "George H. W. Bush", "Jimmy Carter", "Ronald Reagan"], "probs": [[0.9435574620795976, 0.021507338668562255, 0.009396802247997119, 0.025538396903843033], [0.93850599382077, 0.02704231760496198, 0.012382218292847313, 0.022069470181420657], [0.9357806547813948, 0.025728883506715282, 0.010235184916968666, 0.02825527669492125], [0.9491579549353577, 0.023030297871295118, 0.011225113664981853, 0.016586633428365263], [0.946622218523549, 0.02407118440221048, 0.008719054120447545, 0.020587542853793023], [0.9552809194717226, 0.02013825973714942, 0.007887072037720181, 0.016693748653407836], [0.10942551707674157, 0.8212963540148023, 0.030868130169383057, 0.038409998639073066], [0.13376258212657338, 0.7941970169182379, 0.03489772576565955, 0.03714267508952919], [0.21725465031396415, 0.2461905442499712, 0.30165573502063586, 0.2348990703154288], [0.1663917129113026, 0.16639560211431587, 0.2617885729142218, 0.4054241119601597], [0.2103033841981301, 0.3467385522188489, 0.26587245261800607, 0.17708561086501493], [0.2631977717852319, 0.29362904147463154, 0.09990933238731109, 0.34326385425282546], [0.08258178040059988, 0.7958689532595756, 0.04025205556588658, 0.08129721067393793], [0.11085930587749766, 0.7816554918653627, 0.04997479561019393, 0.0575104065469457], [0.16800954685901046, 0.17334493734675294, 0.4712265957237937, 0.18741891997044285], [0.1375907001838765, 0.1419605698163153, 0.37992118086944293, 0.3405275490303652], [0.19965360164194318, 0.3044429285023828, 0.31412492775197565, 0.18177854200369833], [0.24233201097997698, 0.2746061250058062, 0.13594811473608207, 0.34711374917813476], [0.1001632898970113, 0.7878497955584917, 0.03984594404069398, 0.072140970403803], [0.09204431313697392, 0.8076670494277622, 0.038977405608285436, 0.06131123172697836], [0.2229984188004198, 0.21278830599919177, 0.3734814913848646, 0.19073178371552388], [0.22729419169537207, 0.16629657147651913, 0.14004598556548606, 0.4663632511626227], [0.19071496452823586, 0.22648533501490076, 0.3563297880433371, 0.22646991231352628], [0.22288528737883614, 0.15081457709201962, 0.13948774371519249, 0.48681239171395174]], "ideal": "A", "sampled": "A", "correct": true}}
{"type": "result", "data": {"idx": 4, "options": ["on nuclear weapons signed between the United States and the Soviet Union.", "cutting conventional arms in Europe.", "to be rejected by the U.S. Senate.", "mandating the elimination of many long-range nuclear missiles."], "probs": [[0.9350257701737724, 0.018231715207129504, 0.006300436987730635, 0.040442077531367464], [0.9392767214006256, 0.02792660597227475, 0.009650508210509112, 0.02314616431659053], [0.8976178299601844, 0.023552097423471127, 0.008529428151570642, 0.07030064436477385], [0.9299104819017326, 0.030842175852172686, 0.011169795673979771, 0.02807754647211493], [0.9330083335884325, 0.04502710510878406, 0.0073500477415124384, 0.014614513461270996], [0.9394042745813406, 0.04063720853141088, 0.006135004349123769, 0.013823512438124722], [0.07320902795841588, 0.905949868042505, 0.00771624347072671, 0.013124860428352456], [0.09743703646706488, 0.8821686275345797, 0.009799604978932846, 0.01059473091942252], [0.05413191140941671, 0.07171265195440832, 0.6698779016781059, 0.2042775348580691], [0.020011640039458333, 0.016334517936700106, 0.029118506578949332, 0.9345353353448922], [0.240562083438866, 0.5172766216634597, 0.1932952540644299, 0.0488660407332444], [0.050575683526323835, 0.09302998107972692, 0.014266198154117005, 0.8421281371398323], [0.26921532680202187, 0.6560206556544004, 0.021756738785342514, 0.05300727865823523], [0.27931520377339086, 0.6596716758339505, 0.02765696421753448, 0.033356156075124176], [0.08784330413913295, 0.07998197256611497, 0.6491118459715138, 0.18306287722323827], [0.035930085187480004, 0.023937677471712982, 0.042009766279975304, 0.8981224709608318], [0.2952970432062025, 0.3192825174333122, 0.28177564073774386, 0.10364479852274143], [0.10370709889560717, 0.058182210984189194, 0.022429818344428115, 0.8156808716757755], [0.6058782361060914, 0.3732926859083481, 0.008642790870408668, 0.012186287015151842], [0.563201961031643, 0.41855557090318296, 0.00708992700608206, 0.011152540959091978], [0.573339911493317, 0.1319861634680982, 0.2504713078973669, 0.04420261704121791], [0.24620110000425416, 0.038354285379005884, 0.01410935737701993, 0.70133525713972], [0.39051701671166483, 0.09873402632633596, 0.4289033934218221, 0.08184556344017709], [0.11082839892460136, 0.020185356826088498, 0.010803879167151439, 0.8581823649821587]], "ideal": "D", "sampled": "A", "correct": false}}
{"type": "result", "data": {"idx": 5, "options": ["It ended the influence of American exceptionalism entirely", "Exceptionalism was enhanced by America's status as the 'leader of the free world'", "The extension of American power globally challenged core assumptions of exceptionalism", "Both b and c"], "probs": [[0.08964137999238352, 0.4624570149453064, 0.23619779155866036, 0.21170381340364972], [0.02072066607938006, 0.05811753814349351, 0.026195022962276916, 0.8949667727148495], [0.09330327529858502, 0.3206737243607722, 0.1743365027033842, 0.4116864975372586], [0.11585113750286119, 0.4727791092155196, 0.18806022964206948, 0.22330952353954975], [0.014147402554280928, 0.014597074018283933, 0.10955595795154115, 0.861699565375894], [0.009956356040204863, 0.010765295445658895, 0.8160685984031755, 0.16320975001096072], [0.07924294470948293, 0.16009055076428727, 0.5675837993054242, 0.19308270512080555], [0.02810701577968919, 0.04026461072208469, 0.02945752479996753, 0.9021708485982586], [0.30923511883723853, 0.39713772239727185, 0.06382223075387404, 0.22980492791161558], [0.4690966079525434, 0.3711094017121036, 0.09531116626667296, 0.06448282396868], [0.056268040923631676, 0.06180186288635608, 0.06787493925421594, 0.8140551568357963], [0.017135759845777955, 0.017405293912572516, 0.8653023854249098, 0.10015656071673976], [0.1891619619288218, 0.2585921662367724, 0.2354501853781982, 0.31679568635620764], [0.40416455836041965, 0.2376107580656169, 0.14188908683495896, 0.2163355966390045], [0.29200475969963713, 0.35227742262718803, 0.07269321272997485, 0.28302460484319997], [0.56088017575973, 0.2608474751919807, 0.08080895868910463, 0.0974633902591846], [0.5945751819481546, 0.2187403575305681, 0.06776365132223054, 0.11892080909904675], [0.5932492105553744, 0.21153341546824334, 0.09684958452283797, 0.09836778935354433], [0.02018389596716735, 0.029368561636263835, 0.16900474754877606, 0.7814427947477928], [0.011660654995372503, 0.02144737349204252, 0.8434769486812889, 0.1234150227312961], [0.032163256471078684, 0.08881067168770261, 0.03644750070884499, 0.8425785710323737], [0.05179974160197459, 0.14989258626639576, 0.6310992357826055, 0.1672084362490241], [0.08461939826348089, 0.6656124218279287, 0.059077015258771556, 0.19069116454981883], [0.10291197993345945, 0.6403642224923642, 0.07890965690424381, 0.1778141405699325]], "ideal": "D", "sampled": "C", "correct": false}}
{"type": "result", "data": {"idx": 6, "options": ["He believed that internal reform rather than international negotiation was the key to economic regeneration of the US", "He believed that German domination of Europe would be in US interests", "He always favoured isolationism", "All of the above"], "probs": [[0.37064505390722197, 0.21118884017806314, 0.1594179177471771, 0.2587481880675378], [0.3525270407122206, 0.2138141504960454, 0.3209895658688151, 0.11266924282291889], [0.3376615718636863, 0.16715890541101358, 0.08146793576561186, 0.4137115868596883], [0.32170205346401015, 0.275162241575553, 0.2751762188643349, 0.12795948599610188], [0.3915237485970933, 0.40395525093807433, 0.06492324172801238, 0.13959775863681995], [0.4975023028221553, 0.3755390759852201, 0.047005021526191154, 0.07995359956643346], [0.36371686780666523, 0.2171865565251599, 0.14023005515648734, 0.2788665204116875], [0.346355657136246, 0.2533937767906048, 0.296261229970072, 0.10398933600307719], [0.298672024856026, 0.15987199781535738, 0.1000464722421031, 0.4414095049865135], [0.3072612033069016, 0.2754220705266855, 0.30250624269956583, 0.11481048336684709], [0.500512527238491, 0.3778074284836885, 0.04728940378019496, 0.07439064039762545], [0.4980127587120332, 0.39396340238034067, 0.048546706113530916, 0.0594771326940952], [0.2034127254891114, 0.13764262611348196, 0.061079054011778114, 0.5978655942856286], [0.17275901909347907, 0.37148799169020297, 0.30799023690676425, 0.14776275220955368], [0.17241607861606797, 0.12614821084293193, 0.07076265022587433, 0.6306730602151257], [0.15212472591705517, 0.22836387624406587, 0.4471380212245173, 0.1723733765143617], [0.277352587991194, 0.5181734274210975, 0.0794654833872415, 0.12500850110046693], [0.1726174010233758, 0.40767162483857067, 0.20822271453579513, 0.21148825950225836], [0.5436612760603183, 0.223124570260811, 0.04533188620755177, 0.18788226737131886], [0.5748204056509993, 0.24339983136827417, 0.04945061038071066, 0.13232915250001578], [0.5224684690428087, 0.2586455152860198, 0.05954543372020632, 0.15934058185096509], [0.5163720845659775, 0.2678949534625141, 0.07675509154029049, 0.13897787033121786], [0.5063445786368711, 0.271033177420724, 0.07294892720529157, 0.14967331663711334], [0.3975395917128287, 0.281902406811872, 0.117516623686671, 0.2030413776886283]], "ideal": "A", "sampled": "D", "correct": false}}
{"type": "result", "data": {"idx": 7, "options": ["A strand of neo-isolationist sentiment", "A strand of internationalist sentiment", "An expression of American cultural superiority", "Increased incorporation of public opinion in foreign policy making"], "probs": [[0.027690742368393268, 0.02813082022781115, 0.012679843325239847, 0.9314985939785557], [0.5430574769852038, 0.25653712792198397, 0.060938206565028886, 0.13946718842778336], [0.03845430193725304, 0.031881644918882256, 0.33746341407268077, 0.5922006389711839], [0.15926574287659015, 0.08393373402064438, 0.1921350821074567, 0.5646654408953088], [0.3134447774027413, 0.28539789995966, 0.25988347497442926, 0.14127384756316944], [0.5147246679541976, 0.16974754503350065, 0.04428442534149586, 0.27124336157080586], [0.014842738553148615, 0.01416478604567335, 0.008591433538084127, 0.9624010417630939], [0.2850787256349536, 0.27203591844592334, 0.1990430891599963, 0.2438422666591267], [0.03468187732241695, 0.023105920736024108, 0.03361855274809302, 0.908593649093466], [0.1442203361827431, 0.11058487659641264, 0.2868533708847802, 0.45834141623606406], [0.27284914658990633, 0.26036346344077876, 0.2334074859595465, 0.23337990390976843], [0.36866728525147463, 0.21337813514090434, 0.08226961212611579, 0.3356849673815052], [0.027302283282412937, 0.04501661573986901, 0.4205229501653348, 0.5071581507123832], [0.05559766540556977, 0.07139653285906411, 0.2165147907747532, 0.6564910108606129], [0.03463938689990677, 0.05200644741405935, 0.08709440767624822, 0.8262597579097857], [0.056500693956307205, 0.09611747126460111, 0.3516055240397061, 0.4957763106393856], [0.060533109261516074, 0.07077536203933096, 0.3538771901762369, 0.514814338422916], [0.07669243672870207, 0.09847975363221956, 0.44139426592908676, 0.3834335436099916], [0.1755999676886425, 0.3179745172532669, 0.3717968872353239, 0.13462862772276668], [0.25755631729205564, 0.33073180664203455, 0.06512839297948382, 0.346583482986426], [0.16047646103684696, 0.28165140745207473, 0.3731711506470396, 0.18470098076403876], [0.27054598723219936, 0.29714983477340556, 0.1059593028770278, 0.3263448750173673], [0.13762367850287358, 0.09759744709953874, 0.24537263076913463, 0.5194062435284531], [0.13823466159328246, 0.10935844293435888, 0.3938495687865238, 0.35855732658583483]], "ideal": "A", "sampled": "D", "correct": false}}
{"type": "result", "data": {"idx": 8, "options": ["The war reduced European population levels below that of the United States", "The United States seized German resources after the war", "European countries paid the United States for assistance", "The United States became a creditor country and financial centre, with European war spending boosting the US economy"], "probs": [[0.0017741087371802734, 0.002791171529270975, 0.0017741608912376465, 0.9936605587423111], [0.00625121076236804, 0.01725956224970565, 0.9572355074442139, 0.019253719443712413], [0.0018876445219128378, 0.0030640593711927936, 0.0018584245072057843, 0.9931898714996885], [0.004897506293193604, 0.016828303645619384, 0.9629524653783521, 0.015321724582834909], [0.010185533497925468, 0.9760211692208258, 0.004663359082354435, 0.009129938098894272], [0.014252253804474549, 0.9684377346994879, 0.005494871534454636, 0.011815139861582917], [0.0023463636967377757, 0.003522450340027228, 0.002136452449689553, 0.9919947334135455], [0.009124762952123016, 0.025193520764975802, 0.9454389439803069, 0.020242772202594222], [0.0022400427244609607, 0.003469602059735088, 0.001799978826992355, 0.9924903762888115], [0.011294148393595185, 0.02795256700302214, 0.940303626320002, 0.020449658183380678], [0.017758393474454195, 0.9695949277931598, 0.0050091161466086645, 0.007637562485777322], [0.02396427782842682, 0.9572727451908948, 0.0070840728642377025, 0.011678904016440674], [0.002498344948172552, 0.0032080800279344567, 0.0020391530996970485, 0.992254421824196], [0.008114956135404595, 0.023480706216831407, 0.952763525975204, 0.015640811572560042], [0.002498496275150735, 0.0033622547202721864, 0.0018279961260710036, 0.9923112527785061], [0.01260186835384341, 0.027097672448465098, 0.9404763061211481, 0.019824152976543434], [0.0306922578222923, 0.9548349077432879, 0.00595016348957512, 0.008522670844844663], [0.03396286092857912, 0.9471151142266518, 0.008067161783137376, 0.010854862961631583], [0.9675837349679888, 0.020082354941026975, 0.002848281348329174, 0.009485628642655067], [0.9657158479856824, 0.02133637452875149, 0.0030261307716053106, 0.009921646613960769], [0.9635317839912656, 0.022309677486137876, 0.0031151212487643817, 0.011043417173832159], [0.9551089196094207, 0.02839588134281687, 0.004090818696973528, 0.012404380250788924], [0.967523896183571, 0.020081211365717735, 0.002760483949888663, 0.009634408400822553], [0.9589402371021607, 0.026782552792241284, 0.0036246281828484035, 0.010652581822749606]], "ideal": "D", "sampled": "D", "correct": true}}
{"type": "result", "data": {"idx": 9, "options": ["the president of the United States.", "the secretary of defense.", "the chairman of the Joint Chiefs of Staff.", "Congress."], "probs": [[0.004839591332999735, 0.00671918706407528, 0.006719915824007491, 0.9817213056789175], [0.05619623369220668, 0.08703768609120752, 0.7063821842940234, 0.15038389582256234], [0.007089044000142101, 0.009245996122762324, 0.01064327783079017, 0.9730216819463055], [0.04660152929179893, 0.06469894079405274, 0.7639930105191718, 0.12470651929497659], [0.21278498969446236, 0.7198463737359244, 0.03263330588660348, 0.03473533058300975], [0.1699221156425639, 0.7615416077849468, 0.028177266700931968, 0.04035900977155725], [0.025203660887406873, 0.11654144759293499, 0.010506827854598806, 0.8477480635650594], [0.04096361105648636, 0.8488947626599449, 0.0456989880064804, 0.06444263817708829], [0.010328540271377282, 0.011167696420756304, 0.7470806692540891, 0.23142309395377733], [0.005957027866493032, 0.01029266119642997, 0.7802277180963192, 0.20352259274075782], [0.02717005995657898, 0.8452340867409718, 0.05488682492344022, 0.07270902827900903], [0.013743326543813774, 0.04436447468145423, 0.008079559110787013, 0.933812639563945], [0.04016018930018202, 0.7460211327088307, 0.013038216760911214, 0.200780461130076], [0.052523414559767154, 0.8883653084016805, 0.025201024094592545, 0.033910252843959855], [0.011728459916244516, 0.013711808029995285, 0.475873430371559, 0.49868630158220123], [0.006375853653089174, 0.01118971561122479, 0.84823324689345, 0.134201183742236], [0.03779350804495852, 0.8601720216851318, 0.04350079466158228, 0.05853367550832734], [0.01719901180615228, 0.9101362380056894, 0.014483280721254575, 0.05818146936690366], [0.5165378027495094, 0.40861713513528664, 0.036838841395663485, 0.03800622061954038], [0.49294172201417935, 0.428276968802211, 0.03570960940688216, 0.043071699676727505], [0.3877949954510116, 0.14950729682280683, 0.2707304913916091, 0.19196721623457244], [0.013181951460386036, 0.008249205889718345, 0.010107228033102336, 0.9684616145167932], [0.17034132208078234, 0.08976288664557092, 0.5498728933945649, 0.19002289777908185], [0.12751879414290662, 0.04075781452937985, 0.03828915021095848, 0.7934342410167551]], "ideal": "D", "sampled": "D", "correct": true}}
{"type": "result", "data": {"idx": 10, "options": ["The US ignored the Third World", "Local developments were viewed through a geopolitical lens", "The US unreservedly supported decolonization", "None of the above"], "probs": [[0.0654436592824479, 0.737359188046605, 0.07301063307421357, 0.12418651949673351], [0.05798418911043197, 0.8791325261729885, 0.03462498839551841, 0.028258296221061036], [0.018517751382806973, 0.05442497546743226, 0.7513778860963364, 0.17567938695342436], [0.006215707785502134, 0.015385341413436381, 0.011613246898267258, 0.9667857038027943], [0.0062042812096774055, 0.03460242714916539, 0.892498284610088, 0.06669500693106924], [0.005143935823739955, 0.014203826629583319, 0.015599356579206195, 0.9650528808674705], [0.7672542843134751, 0.1292281285257886, 0.0239060853706301, 0.07961150169010624], [0.8465774247673877, 0.11104909577710041, 0.01599874941841898, 0.026374729937092917], [0.72890275030649, 0.1504190699007904, 0.02655210507253924, 0.09412607462018034], [0.8495317818009065, 0.11143689723854952, 0.014168233748883634, 0.02486308711166039], [0.8793818812360638, 0.0912518772299467, 0.009322295450649757, 0.02004394598333982], [0.8521133215154131, 0.11353584578725533, 0.013350281167982023, 0.02100055142934952], [0.030115274316773338, 0.07337824903877972, 0.7528432508738325, 0.1436632256706144], [0.011041955790550798, 0.023377803485652462, 0.01710342994469772, 0.9484768106790991], [0.1271940916649463, 0.6561352609931939, 0.07477824389186757, 0.14189240334999229], [0.14173476290973205, 0.7662349881491123, 0.04601722548429028, 0.04601302335686535], [0.011815548422088687, 0.027473556688646063, 0.022075462241224676, 0.9386354325480406], [0.010927133708838924, 0.047462893727487916, 0.8681019899465849, 0.07350798251708818], [0.018706628024493844, 0.11106395471761416, 0.659474640697215, 0.21075477646067706], [0.0064791201750276466, 0.019044525413947307, 0.012885970651513166, 0.9615903836595119], [0.07203878985594879, 0.824452051138859, 0.03147253716790612, 0.07203662173728607], [0.08060736977778128, 0.7890716680925283, 0.04451756525927568, 0.08580339677041475], [0.013049567331256662, 0.03547513289671209, 0.022199420899013545, 0.9292758787730176], [0.036380759012758064, 0.19062209907420738, 0.5430738723079981, 0.22992326950503644]], "ideal": "B", "sampled": "B", "correct": true}}
{"type": "result", "data": {"idx": 11, "options": ["It was the first time the US became involved in the Balkans", "It was the first time NATO used military force", "It was the first war won by airpower alone", "It was the first war to employ 'smart weapons'"], "probs": [[0.297403131356944, 0.3266497302719596, 0.0965593918548732, 0.27938774641622316], [0.35479210818824497, 0.32814201022286416, 0.07322017774518273, 0.24384570374370815], [0.1346760768850138, 0.11519765996985304, 0.3604331722269218, 0.38969309081821135], [0.10789423212307972, 0.03908053601904924, 0.030435377340178607, 0.8225898544176924], [0.15480893387411873, 0.10312777449268658, 0.3078945485077002, 0.43416874302549446], [0.09961738529193916, 0.029450213807951608, 0.023662977138617057, 0.8472694236614922], [0.3505137186032111, 0.20931195742826753, 0.1004320882063788, 0.33974223566214257], [0.49947971655691714, 0.1753402774287705, 0.05782269722625271, 0.2673573086880596], [0.3975464194067082, 0.2062525497078104, 0.10534722592404284, 0.2908538048614386], [0.37878824123204285, 0.1415513487365408, 0.07007558054690215, 0.4095848293845142], [0.4924736838656085, 0.17288071688237738, 0.0791536157865771, 0.255491983365437], [0.4604565983142009, 0.13400803797025174, 0.052480216097332756, 0.3530551475182146], [0.1500248543756997, 0.1572285969146947, 0.33286114035819153, 0.3598854082514141], [0.10231019363087207, 0.052260543243493954, 0.027972675505477596, 0.8174565875201564], [0.30267999700708303, 0.30745882938181984, 0.11853906207609405, 0.27132211143500307], [0.23405592220546195, 0.2164803739295737, 0.06919304744756768, 0.4802706563173966], [0.17735145191483884, 0.09201626067360799, 0.07166172242960213, 0.658970564881951], [0.1540344609636272, 0.10102467170257952, 0.20729412036288403, 0.5376467468709093], [0.15281651912591554, 0.15282018481156887, 0.33905953165478425, 0.35530376430773136], [0.1061835339667218, 0.06542485060429075, 0.031390748213279515, 0.797000867115708], [0.3246921171880281, 0.2956473683235307, 0.1104792488505834, 0.26918126553785776], [0.2544149902557237, 0.2466042043556012, 0.07289798122523523, 0.42608282406343984], [0.12494131782189419, 0.05995349161056539, 0.04970191439363901, 0.7654032760739015], [0.1285397477302924, 0.08563168047571505, 0.2186716312748675, 0.567156940419125]], "ideal": "C", "sampled": "B", "correct": false}}
{"type": "result", "data": {"idx": 12, "options": ["The character of a state's leader", "The distribution of power in the international system", "The distribution of power within a state's governmental system", "A state's political ideology"], "probs": [[0.024312914672570043, 0.89820512942895, 0.012418046263139304, 0.06506390953534066], [0.02013608525552722, 0.8834021242348763, 0.01300109112313492, 0.08346069928646153], [0.016881794686469474, 0.05281876486804361, 0.6743532054266947, 0.25594623491879215], [0.004486381840235162, 0.00751346446239013, 0.003959351016831087, 0.9840408025805436], [0.018020828076349922, 0.018304700767550895, 0.803059111267208, 0.16061535978889122], [0.004702867515545594, 0.005762215754131168, 0.0052465731737009235, 0.9842883434566223], [0.9337358382488736, 0.02648883473037092, 0.00629175122199677, 0.03348357569875864], [0.9313451278189473, 0.024435578807130594, 0.006374487866088571, 0.037844805407833505], [0.9455716611792734, 0.02189357344658318, 0.00571137330286217, 0.026823391971281276], [0.9517680040037007, 0.02006504174278734, 0.005073303479106304, 0.023093650674405747], [0.9360382194201532, 0.02201424081255239, 0.005653829560390671, 0.03629371010690371], [0.9427284343775215, 0.022171548439478255, 0.005266287554818905, 0.02983372952818133], [0.02095537168469602, 0.03245637255742463, 0.8241020949391782, 0.12248616071870112], [0.005679006919352491, 0.00533506997241667, 0.0036099037061204675, 0.9853760193021104], [0.049706630289349664, 0.9090538684358753, 0.01109127035730348, 0.030148230817471502], [0.050506858507504124, 0.9093693818920636, 0.009490163713037746, 0.030633595787394493], [0.004795030508162058, 0.0042317041831639035, 0.002954217314045497, 0.9880190478946286], [0.027345335974176637, 0.03511223307814987, 0.8375193741039659, 0.10002305674370754], [0.014831331186174662, 0.013294781031467797, 0.8354895358375831, 0.1363843518447744], [0.004565703737474373, 0.00442534691885007, 0.005093555904854963, 0.9859153933388206], [0.01687148801865681, 0.9211644096329943, 0.01159579979169658, 0.05036830245665227], [0.02025877869053282, 0.916994595683188, 0.011014699077473782, 0.051731926448805365], [0.003623106766237417, 0.0041702669303897355, 0.0031974797748439685, 0.9890091464285289], [0.014469261128495017, 0.03694870759595048, 0.8024504536996084, 0.14613157747594602]], "ideal": "B", "sampled": "B", "correct": true}}
{"type": "result", "data": {"idx": 13, "options": ["Leaders have incentives to lie", "If leaders revealed their programs, they would be more likely to be attacked", "Leaders will not always grant foreign monitors access to their nuclear programs", "ALL of the above"], "probs": [[0.14660277196625565, 0.023568923284867406, 0.02470603083615143, 0.8051222738127255], [0.44026065524378594, 0.1779010918245795, 0.23205010936398576, 0.1497881434676488], [0.21957265738176227, 0.04126842116134182, 0.041277849871472656, 0.6978810714854232], [0.3891701254913659, 0.18674170273382276, 0.31769888406426827, 0.10638928761054299], [0.5088003428904143, 0.3184378241708673, 0.04808124297618595, 0.12468058986253236], [0.5650907179337803, 0.302507073783825, 0.0415881091373851, 0.09081409904500963], [0.07223422676612709, 0.02382734741386018, 0.023831875504124734, 0.880106550215888], [0.13454529441225213, 0.21502643501059035, 0.5158857029773629, 0.13454256749979454], [0.07008824235661387, 0.03311518456026623, 0.08197959206254578, 0.8148169809205741], [0.1241060327747629, 0.12411895208132416, 0.454054557426249, 0.29772045761766397], [0.06455113401469344, 0.15486025001033954, 0.5754562911695414, 0.20513232470542556], [0.09457355273533513, 0.19107503266435538, 0.10718540420608967, 0.6071660102942198], [0.14125048096277812, 0.04732630187521246, 0.0357328739786024, 0.775690343083407], [0.14167939758431014, 0.264712554102558, 0.5103224743536519, 0.08328557385948004], [0.09595979815046464, 0.037005254238496786, 0.07595053521879408, 0.7910844122922445], [0.1389059213154026, 0.14110785090520217, 0.40202088342963804, 0.3179653442497572], [0.10236998933856246, 0.31046097079714563, 0.4310795769671849, 0.156089462797107], [0.1656660225796597, 0.3507666174371422, 0.07352761561949878, 0.41003974426369927], [0.2392958164238121, 0.2842167211704083, 0.08805270909186177, 0.38843475321391785], [0.29931561270773943, 0.33396006871251765, 0.08989101237243835, 0.2768333061073045], [0.14363216504354173, 0.2224983523190304, 0.18446739840752266, 0.4494020841299052], [0.08141399494565513, 0.09822449319891781, 0.04787063348489297, 0.7724908782705341], [0.13868423011531733, 0.3125795172226702, 0.25513783474900775, 0.2935984178130047], [0.11186077856313821, 0.14822047505623637, 0.07570492994907636, 0.6642138163315491]], "ideal": "D", "sampled": "D", "correct": true}}
{"type": "result", "data": {"idx": 14, "options": ["the Senate.", "the president.", "the Secretary of State.", "the chairman of the Joint Chiefs."], "probs": [[0.0762757853357682, 0.8460790422355865, 0.04484047634990492, 0.03280469597874038], [0.04674388095269065, 0.18778988717108613, 0.022781211880551544, 0.7426850198956717], [0.08794780074670601, 0.1617626547651653, 0.5221780538036782, 0.22811149058445052], [0.012090549246599433, 0.007449012122382945, 0.004885124569898391, 0.9755753139611192], [0.04260875427102677, 0.016427230639025982, 0.6261384696455242, 0.31482554534442303], [0.010334742184588444, 0.005361686441390989, 0.06845231924125232, 0.9158512520327682], [0.09134827617772805, 0.10032459345018514, 0.6964097695541028, 0.11191736071798401], [0.009633089601452665, 0.007862517932957764, 0.015155116785781493, 0.9673492755798081], [0.2215660959260627, 0.6512261032406941, 0.0675753131441252, 0.05963248758911808], [0.2663351555077905, 0.6389077923985275, 0.04148772015261295, 0.05326933184106905], [0.4514812725744881, 0.09172359648047475, 0.11064056803728121, 0.3461545628077559], [0.039464008035542224, 0.030733912123219048, 0.8705627686429039, 0.05923931109833484], [0.062130174808295364, 0.04270198402546167, 0.5987704089579813, 0.29639743210826164], [0.010546822603867165, 0.0044659663040665315, 0.005471757856561809, 0.9795154531355045], [0.19979949890465545, 0.6973848626489243, 0.041881652535110406, 0.060933985811309835], [0.2598309121829126, 0.6739599452998827, 0.023793949788144933, 0.042415192629059774], [0.016374610570814966, 0.006720404857876222, 0.010247264883547526, 0.9666577195877613], [0.2190238280103015, 0.04380777638153341, 0.44244919060276305, 0.29471920490540204], [0.016091484110277315, 0.013550440388248656, 0.4851907053096138, 0.48516737009186023], [0.0037626192392493864, 0.0030710314961388072, 0.013132858798669584, 0.9800334903659422], [0.03204473164436326, 0.8936041750782442, 0.00962158775122562, 0.06472950542616689], [0.0305169976456178, 0.9058848860259784, 0.016334536776128734, 0.047263579452275085], [0.018486986265213414, 0.037345771372519786, 0.01069951434302551, 0.9334677279192413], [0.12238233337291637, 0.24721960335969548, 0.3029000000159036, 0.32749806315148455]], "ideal": "B", "sampled": "B", "correct": true}}
{"type": "result", "data": {"idx": 15, "options": ["Required the United States and Russia to demobilize their armies", "Required the United States and Russia to dismantle a significant number of their nuclear weapons", "Prohibited the acquisition of new military bases", "Prohibited short-range nuclear weapons"], "probs": [[0.08102301084810087, 0.7451099960076014, 0.0225005436107084, 0.15136644943358935], [0.07956276314525268, 0.7549067838820327, 0.019196380539044895, 0.14633407233366968], [0.02413382592237395, 0.030034345407042237, 0.8641947071454583, 0.08163712142512547], [0.009273447651052194, 0.008313422684998685, 0.006474312597580466, 0.9759388169663686], [0.016219329208147802, 0.020825598541990533, 0.8855830496079993, 0.07737202254186237], [0.006215230922945381, 0.006313600944282618, 0.005571551479048772, 0.9818996165537233], [0.9211637038141507, 0.021664826802554132, 0.008352466160130823, 0.04881900312316435], [0.9399075550142021, 0.01721598883617542, 0.0064330561728424916, 0.036443399876779976], [0.9317841563626071, 0.01933969005502963, 0.007936941488548687, 0.04093921199381448], [0.9414403218764712, 0.017515590360713942, 0.006752801825139603, 0.03429128583767519], [0.950562751276465, 0.013990247379124963, 0.0058319350308890395, 0.029615066213521092], [0.9409636713700419, 0.017782393965849564, 0.00644030680148424, 0.03481362776262429], [0.019220432801683625, 0.035907839493248245, 0.8700374011022062, 0.07483432650286194], [0.0073525201700268645, 0.0075865554621885704, 0.006907469549745528, 0.978153454718039], [0.11680642209656368, 0.7268251586433997, 0.026064518156829135, 0.13030390100320755], [0.10205414357968604, 0.7424256413657654, 0.02241960795791323, 0.1331006069966354], [0.00422508105017825, 0.00456872648715942, 0.004713616522528267, 0.9864925758401341], [0.013412918356996317, 0.01543783241372144, 0.9257773385310265, 0.04537191059825576], [0.01142503015058813, 0.023811079004934364, 0.9076471116499644, 0.05711677909451318], [0.004090581640227571, 0.005419488643628155, 0.005091020477936898, 0.9853989091382074], [0.07615328941451896, 0.8187575523733894, 0.013233957145312177, 0.09185520096677939], [0.055928621958464375, 0.8218956166874921, 0.012676379934586913, 0.10949938131945662], [0.0029587614940971355, 0.0036825018615139218, 0.0037992580552477875, 0.9895594784891412], [0.011991196449229035, 0.01492284232645842, 0.9378446911576452, 0.035241269966667356]], "ideal": "B", "sampled": "B", "correct": true}}
