{"type": "result", "data": {"idx": 0, "options": ["This type occurs in binary systems.", "This type occurs in young galaxies.", "This type produces gamma-ray bursts.", "This type produces high amounts of X-rays."], "probs": [[0.04387479959480485, 0.006420349067778903, 0.6152189958102329, 0.3344858554271834], [0.015403001790021213, 0.007625089601958311, 0.26879451064155746, 0.708177397866463], [0.021478686629593274, 0.004432399322061864, 0.8579762041035081, 0.11611270984483679], [0.033926939115992226, 0.10450336764280424, 0.08938642211575507, 0.7721832710254485]], "ideal": "A", "sampled": "A", "correct": true}}
{"type": "result", "data": {"idx": 1, "options": ["Its speed relative to you", "Its composition", "Its size", "Its distance from you"], "probs": [[0.003398041079924026, 0.0031426959579537953, 0.006057704977617628, 0.9874015578845046], [0.015634715568937696, 0.010094571594992196, 0.9230064849174296, 0.05126422781864052], [0.0021325115644305463, 0.9748698459743005, 0.006992285634173147, 0.01600535672709582], [0.769762757230921, 0.08502665937969178, 0.02149831883952479, 0.12371226444986234]], "ideal": "D", "sampled": "D", "correct": true}}
{"type": "result", "data": {"idx": 2, "options": ["Because the molecules that compose the Earth's atmosphere have a blue-ish color.", "Because the sky reflects the color of the Earth's oceans.", "Because the atmosphere preferentially scatters short wavelengths.", "Because the Earth's atmosphere preferentially absorbs all other colors."], "probs": [[0.051011590719385956, 0.012307433066382545, 0.9042557820447095, 0.03242519406952201], [0.010341819564410904, 0.9605086352095951, 0.007929505210906896, 0.021220039915087113], [0.9864599681968306, 0.0059581390569688735, 0.00429151552816367, 0.0032903771180369306], [0.09505705515339212, 0.02222829667882396, 0.008569788841346754, 0.8741448592264371]], "ideal": "C", "sampled": "C", "correct": true}}
{"type": "result", "data": {"idx": 3, "options": ["The first time you drop a bowling ball and it falls to the ground proving your hypothesis.", "After you\u2019ve repeated your experiment many times.", "You can never prove your theory to be correct only \u201cyet to be proven wrong\u201d.", "When you and many others have tested the hypothesis."], "probs": [[0.06599030938041321, 0.6261172573886807, 0.07024819717218225, 0.23764423595872378], [0.568063918951448, 0.18156689538903495, 0.1436318318672779, 0.10673735369223915], [0.1352870259739873, 0.5026634725079259, 0.04749130635083018, 0.3145581950672567], [0.3477781388726388, 0.08132656602249956, 0.23903305648087483, 0.3318622385239868]], "ideal": "C", "sampled": "B", "correct": false}}
{"type": "result", "data": {"idx": 4, "options": ["Titan is the only outer solar system moon with a thick atmosphere", "Titan is the only outer solar system moon with evidence for recent geologic activity", "Titan's atmosphere is composed mostly of hydrocarbons", "A and D"], "probs": [[0.03306291117270969, 0.01178916176452278, 0.00382748443541207, 0.9513204425273555], [0.626186020277461, 0.02625406499422634, 0.314886752168072, 0.03267316246024065], [0.173537589285115, 0.6652666032274911, 0.06384564650110304, 0.09735016088629084], [0.3354258884962631, 0.4174732925693941, 0.08615195878705088, 0.16094886004729198]], "ideal": "D", "sampled": "D", "correct": true}}
{"type": "result", "data": {"idx": 5, "options": ["m*v", "0.5*m/(R^3)", "0.5*m*(2GM/R)", "0.6*G(M^2)/R"], "probs": [[0.050002393307796586, 0.4972205850212118, 0.3210313975682086, 0.131745624002783], [0.013540303596211625, 0.9201006434260596, 0.025298376247724207, 0.041060676630004574], [0.4778348820843104, 0.4024032070919919, 0.04175605267522921, 0.07800585804846848], [0.37728984846677777, 0.10810260956857151, 0.1867892229425035, 0.32781831892214724]], "ideal": "C", "sampled": "C", "correct": true}}
{"type": "result", "data": {"idx": 6, "options": ["it was stripped away by the magnetic field when it rapidly decreased in strength", "it was broken into hydrogen and oxygen by ultraviolet light and the hydrogen was lost through thermal escape", "it was consumed by a civilization of thirsty Martians", "it was vaporized during a period of intense volcanism and was lost to space through thermal escape"], "probs": [[0.017605575055594798, 0.8098863219322446, 0.015546348388109898, 0.15696175452405067], [0.7327333810837233, 0.024692856186833267, 0.21669863525527305, 0.02587512737417032], [0.003225348735525352, 0.9522367947678736, 0.007047036834273531, 0.037490819562327554], [0.6536439036161079, 0.07570482016452772, 0.2225328973363844, 0.04811837878297997]], "ideal": "B", "sampled": "D", "correct": false}}
{"type": "result", "data": {"idx": 7, "options": ["Lunar rocks are composed of fragments pulverized by many impacts.", "Radioactive dating of lunar samples shows that they are older.", "The Moon's surface is more heavily eroded than the Earth's surface.", "The Moon's surface has more impact craters than the Earth's surface."], "probs": [[0.4495366714238111, 0.1903486038709939, 0.08315746857098259, 0.2769572560342124], [0.22718277825210223, 0.04688251442979668, 0.5622989597611233, 0.16363574745697781], [0.060903908177422625, 0.10199640173182065, 0.3191184472521559, 0.5179812427386008], [0.5684441158070714, 0.10352260309845307, 0.22611554780977172, 0.10191773318470382]], "ideal": "B", "sampled": "D", "correct": false}}
{"type": "result", "data": {"idx": 8, "options": ["Iron", "Hydrogen", "Methane", "Helium"], "probs": [[0.15676617620807826, 0.39411303397052216, 0.22456124422688775, 0.22455954549451182], [0.06457445721744626, 0.11877086668934686, 0.4210848776494221, 0.39556979834378475], [0.008333815400594698, 0.621925125948967, 0.26334271273751986, 0.10639834581291842], [0.1449108441108831, 0.6806172715385083, 0.06845214350264914, 0.10601974074795945]], "ideal": "D", "sampled": "A", "correct": false}}
{"type": "result", "data": {"idx": 9, "options": ["Near-Earth asteroids gradually disintegrate and spread out along their orbital path. When the Earth passes through the orbit of an asteroid we are bombarded by sand-sized particles which cause a meteor shower.", "Near-Earth asteroids disintegrate as they enter Earth's atmosphere creating hundreds of bright meteors that appear to radiate from a single location in the sky.", "The nuclei of comets disintigrate as they enter Earth's atmosphere creating hundreds of bright meteors that appear to radiate from a central location in the sky.", "The nuclei of comets gradually disintegrate and spread out along the comet's orbital path. When the Earth passes through the orbit of a comet we are bombarded by sand-sized particles which cause a meteor shower."], "probs": [[0.953524348254478, 0.012579294670116313, 0.010759749158722002, 0.02313660781668371], [0.46538557730831026, 0.0888249037917372, 0.39191707234790246, 0.05387244645205006], [0.6536458487075516, 0.2811391207164916, 0.030572976702777577, 0.034642053773179145], [0.9745534462318374, 0.011346031683350027, 0.006775088937588146, 0.00732543304722442]], "ideal": "D", "sampled": "D", "correct": true}}
{"type": "result", "data": {"idx": 10, "options": ["Radiation pressure from the Sun's light pushes the ions away.", "The conservation of the angular momentum in the tail keeps it always pointing away from the Sun.", "The ions are following Keplerian orbits that lead away from the Sun.", "The solar wind electromagnetically \"blows\" the ions directly away from the Sun."], "probs": [[0.8670771476424232, 0.06281183171735726, 0.016385708674054388, 0.05372531186616515], [0.5266864242767488, 0.017467979266869008, 0.032634663941626355, 0.4232109324147558], [0.0021438051516091874, 0.0011655817526023018, 0.001221518034263688, 0.9954690949615248], [0.10682567765076424, 0.04967976620116511, 0.741559782482426, 0.10193477356564454]], "ideal": "D", "sampled": "B", "correct": false}}
{"type": "result", "data": {"idx": 11, "options": ["By observing the duration of a solar eclipse.", "By measuring the size of Earth's shadow on the Moon in a lunar eclipse.", "By comparing the maximum altitude of the Sun in two cities at different latitudes at the same time on the same day.", "By sending fleets of ships around Earth."], "probs": [[0.0018926695125425683, 0.0010452337589601517, 0.9958777009309939, 0.0011843956975033693], [0.0026781602757954314, 0.968509478249079, 0.006035368783575289, 0.02277699259155032], [0.03794262923304055, 0.016837051105236665, 0.2513156826332061, 0.6939046369285167], [0.0003349842265910676, 0.0004168974549029061, 0.0006766891099348817, 0.9985714291085711]], "ideal": "C", "sampled": "C", "correct": true}}
{"type": "result", "data": {"idx": 12, "options": ["a dwarf galaxy orbiting the Milky Way.", "the closest planetary nebula to the Earth.", "a bright star cluster discovered by Magellan.", "the outer arm of the Milky Way named after Magellan."], "probs": [[0.9905734304672295, 0.0030558016409630282, 0.003409003894639495, 0.0029617638971679823], [0.003751070442999531, 0.0024600616263771163, 0.0013375016091190868, 0.9924513662215042], [0.0052458179031551495, 0.0015029643017134625, 0.9841872918396078, 0.009063925855523576], [0.003432646807687477, 0.9820022504992653, 0.005234211959391375, 0.009330890633655848]], "ideal": "A", "sampled": "A", "correct": true}}
{"type": "result", "data": {"idx": 13, "options": ["Actually water-ice is all over Mercury and not just at the poles.", "The pole is the only place fortunate enough to have had comet impacts", "Radar from the earth can only see Mercury's poles.", "These craters contain the only permanently shadowed regions on Mercury"], "probs": [[0.009910918550637133, 0.0030703900718040346, 0.022335089479949024, 0.9646836017976098], [0.005192157128635259, 0.0022331442677124645, 0.974167127216122, 0.018407571287530282], [0.004408536201296787, 0.9822442509169181, 0.009333281190135857, 0.004013931591649191], [0.9926889307173524, 0.0025387981569044357, 0.0024607181601696377, 0.0023115528655734815]], "ideal": "D", "sampled": "D", "correct": true}}
{"type": "result", "data": {"idx": 14, "options": ["Virgo", "Laniakea", "Sculptor", "Bo\u00f6tes"], "probs": [[0.023275905655748313, 0.859888661188064, 0.02477767084166386, 0.09205776221452384], [0.8896771297224433, 0.020279537388704152, 0.013509280335750794, 0.07653405245310178], [0.010907086033558543, 0.003828779337716973, 0.003432104556783487, 0.981832029971941], [0.0591065932390205, 0.01471293653118599, 0.8822564654356373, 0.04392400469415616]], "ideal": "B", "sampled": "B", "correct": true}}
{"type": "result", "data": {"idx": 15, "options": ["Venus", "Mars", "Jupiter", "Saturn"], "probs": [[0.0008035099175415932, 0.0004168565001342578, 0.9984886246542154, 0.0002910088281087547], [0.0001397954479710317, 0.9996682290027467, 0.00010718573020560601, 8.478971907664627e-05], [0.977071263310851, 0.006282020219189104, 0.008193345556482629, 0.00845337081347725], [0.0009244285496170769, 0.0004871422319003141, 0.0005520065854638076, 0.9980364225330188]], "ideal": "C", "sampled": "C", "correct": true}}
{"type": "result", "data": {"idx": 16, "options": ["It is by far the largest terrestrial world.", "It is the most volcanically active world.", "It is the only one that has both a partially molten metallic core and reasonably rapid rotation.", "It rotates much faster than any other terrestrial world."], "probs": [[0.013999446704498857, 0.0013861447046647985, 0.9365092193703013, 0.048105189120535], [0.0019009167051229116, 0.9694407678371252, 0.005500517374407452, 0.023157797983344438], [0.9867712105677995, 0.0057766249199415485, 0.0032914484929842626, 0.0041607159192746405], [0.0006769773011925732, 0.00011764189745139299, 0.00020326715267570867, 0.9990021135486803]], "ideal": "C", "sampled": "C", "correct": true}}
{"type": "result", "data": {"idx": 17, "options": ["The Earth and Venus are in a 1:1 orbital resonance (for every 1 Earth orbit there is exactly 1 Venus orbit)", "Neptune and Pluto are in a 3:2 orbital resonance (for every 3 Neptune orbits there are exactly 2 Pluto orbits)", "The Kirkwood Gaps in the asteroid belt are due to resonances with Jupiter", "Neptune and Pluto won't collide because of their orbital resonance"], "probs": [[0.016156027219164985, 0.012006380210215791, 0.0030356768063663545, 0.9688019156642529], [0.029141377491897626, 0.026122698411772872, 0.18132553891518813, 0.7634103850811413], [0.04809958666453027, 0.1815301694364428, 0.18438724368409376, 0.5859830001149332], [0.15583118233500368, 0.12136606104150072, 0.21976217445096222, 0.5030405820725333]], "ideal": "A", "sampled": "D", "correct": false}}
{"type": "result", "data": {"idx": 18, "options": ["ejecta", "raised rims", "central peaks", "A and B only"], "probs": [[0.08822105076953031, 0.04436088351918996, 0.0038161429098213175, 0.8636019227014584], [0.750860771578923, 0.01558383783869616, 0.18984982899866057, 0.04370556148372031], [0.11490789867999233, 0.04361527348875779, 0.3651853461888384, 0.4762914815424114], [0.5712518265645213, 0.0693031793555807, 0.27842117182871534, 0.08102382215118263]], "ideal": "D", "sampled": "D", "correct": true}}
{"type": "result", "data": {"idx": 19, "options": ["The star is getting hotter.", "The star is getting colder.", "The star is moving toward us.", "The star is moving away from us."], "probs": [[0.028656459962744636, 0.050293843978938504, 0.02956633969513029, 0.8914833562631865], [0.03913409737083384, 0.035079785602602484, 0.8907065622919657, 0.035079554634597984], [0.056037236938861486, 0.9044004233387284, 0.028177682779890238, 0.011384656842519906], [0.5781336986122914, 0.1819184300489569, 0.13948269047888273, 0.10046518075986899]], "ideal": "C", "sampled": "D", "correct": false}}
{"type": "result", "data": {"idx": 20, "options": ["the softer rocky material of the mantle.", "the lava that comes out of volcanoes.", "material between the crust and the mantle.", "the rigid rocky material of the crust and uppermost portion of the mantle."], "probs": [[0.000430245852405946, 0.0002777898526607745, 0.000443904714677323, 0.998848059480256], [0.013605317619021989, 0.04531275963731628, 0.9390278266909149, 0.0020540959527468585], [0.5426998112613606, 0.44991838718028593, 0.003489274747836374, 0.0038925267105171545], [0.9949629453769709, 0.0019817203576050803, 0.00047070303812250287, 0.0025846311273014224]], "ideal": "D", "sampled": "D", "correct": true}}
{"type": "result", "data": {"idx": 21, "options": ["a dark ring visible from Earth composed of dark dusty particles", "the most opaque ring of Saturn made of highly reflective ice particles", "the widest ring of Saturn located between two large ring gaps", "a large gap visible from Earth produced by an orbital resonance with the moon Mimas"], "probs": [[0.05682812727879315, 0.026428139417338233, 0.8616634189160371, 0.0550803142878315], [0.004257315844699624, 0.9786410503919228, 0.007356546948649444, 0.009745086714728061], [0.9937283055345003, 0.0015414572948750527, 0.0015176078693577698, 0.0032126292012668476], [0.501280112565841, 0.010242621079467674, 0.032046845997608625, 0.45643042025708264]], "ideal": "D", "sampled": "C", "correct": false}}
{"type": "result", "data": {"idx": 22, "options": ["The time it takes for the Sun to make one circuit of our sky is one solar day.", "A solar day is 4 minutes longer than a sidereal day.", "A solar day represents more than 360\u00b0 of rotation for the earth.", "The time it takes for the Moon to make one circuit of our sky is one solar day."], "probs": [[0.01590865783617107, 0.07472065522293322, 0.013188962270580739, 0.896181724570315], [0.03817151355702829, 0.14182663860636102, 0.24125489627889207, 0.5787469514577186], [0.010543543865523907, 0.014638458768239904, 0.04041789091769194, 0.9344001063485442], [0.03043556111846011, 0.05425812827601836, 0.7374018636000138, 0.17790444690550777]], "ideal": "D", "sampled": "B", "correct": false}}
{"type": "result", "data": {"idx": 23, "options": ["pieces of comets rather than of asteroids.", "chunks of large differentiated asteroids that were shattered by collisions.", "chunks of rock chipped off the planet Mars.", "leftover chunks of rock from the earliest period in the formation of the solar system."], "probs": [[0.07959937032853512, 0.6561906728201966, 0.07024965108226489, 0.19396030566900338], [0.8182154940447111, 0.03539477796086622, 0.07376662146382278, 0.07262310643059992], [0.06615021621260438, 0.1315682787111788, 0.12359065829097059, 0.6786908466852463], [0.2121691507149105, 0.11357586575856815, 0.5090116744200374, 0.16524330900648396]], "ideal": "B", "sampled": "B", "correct": true}}
{"type": "result", "data": {"idx": 24, "options": ["200 Kelvin", "250 Kelvin", "300 Kelvin", "350 Kelvin"], "probs": [[0.37752565175206687, 0.3895114899855039, 0.08967059716176441, 0.14329226100066483], [0.5497159834464929, 0.2256039330375209, 0.074396377621683, 0.1502837057943032], [0.4191673445778733, 0.2972363652148816, 0.06950516583789729, 0.21409112426934782], [0.3344732075085605, 0.20606539220245096, 0.3344771712172605, 0.12498422897172806]], "ideal": "C", "sampled": "B", "correct": false}}
{"type": "result", "data": {"idx": 25, "options": ["Callisto", "Europa", "Ganymede", "Io"], "probs": [[0.23558038384825858, 0.23192140349938298, 0.2932162161305118, 0.2392819964218466], [0.10366388486528792, 0.32941010836503537, 0.25259897298521283, 0.31432703368446385], [0.15320149176676018, 0.4793069397872224, 0.09439041534903295, 0.2731011529969845], [0.20251120474018705, 0.40272876316209066, 0.11360814336588258, 0.2811518886318397]], "ideal": "D", "sampled": "D", "correct": true}}
{"type": "result", "data": {"idx": 26, "options": ["because Mars is farther from the sun than the Earth", "because Mars has more carbon dioxide in its atmosphere than the Earth", "because Mars has a more eccentric orbit than the Earth", "because Mars' axis is more tilted than the Earth's"], "probs": [[0.36548866456487156, 0.05104620191517368, 0.05967777372010164, 0.5237873596998531], [0.275709263186622, 0.03192506635093125, 0.540059013906981, 0.15230665645546576], [0.06865609564422631, 0.761756255434204, 0.061557200946411456, 0.10803044787515818], [0.9453219854926548, 0.02442026095307966, 0.008707707991528023, 0.021550045462737488]], "ideal": "C", "sampled": "D", "correct": false}}
{"type": "result", "data": {"idx": 27, "options": ["ExoMars", "Mars Exploration Rovers", "Mars Science Laboratory", "Phoenix Mars Lander"], "probs": [[0.10416214601660799, 0.16907463462227718, 0.6481357023027394, 0.07862751695837536], [0.00918370691910276, 0.9367714973854252, 0.025756802230986017, 0.028287993364486064], [0.492229508389459, 0.4210353383475935, 0.051077342186449125, 0.03565781097649835], [0.8067569195920885, 0.08911458468376479, 0.038931057143274946, 0.06519743848087171]], "ideal": "D", "sampled": "C", "correct": false}}
{"type": "result", "data": {"idx": 28, "options": ["The resonance pulls Io in different directions and generates heat.", "It makes the orbit of Io slightly elliptical.", "It creates a gap with no asteriods between the orbits.", "It prevents formation of the ring material into other moons."], "probs": [[0.07275613450839831, 0.6484840559943039, 0.1745394630148771, 0.1042203463824207], [0.3524416141223374, 0.24992448461424216, 0.23114724799388714, 0.16648665316953332], [0.04982582459357815, 0.21984583203185112, 0.5792313031473985, 0.15109704012717226], [0.05612282705294858, 0.1649574860001422, 0.6524427824161928, 0.12647690443071635]], "ideal": "B", "sampled": "B", "correct": true}}
{"type": "result", "data": {"idx": 29, "options": ["the entire planets are made mostly of metal.", "metals condensed first in the solar nebula and the rocks then accreted around them.", "metals sank to the center during a time when the interiors were molten throughout.", "radioactivity created metals in the core from the decay of uranium."], "probs": [[0.016974654771389642, 0.09616952488708132, 0.8706584584145851, 0.01619736182694395], [0.9001933641362938, 0.07505794123891328, 0.006065644063749085, 0.01868305046104385], [0.9901607859982373, 0.0014886684394250637, 0.0010231488468983023, 0.007327396615439362], [0.014989963849825, 0.0068630879350000335, 0.6576439193630212, 0.32050302875215375]], "ideal": "C", "sampled": "C", "correct": true}}
{"type": "result", "data": {"idx": 30, "options": ["In the beginning when the protoplanetary disk was spinning faster centrifugal forces flung the lighter materials toward the outer parts of the solar nebula.", "In the inner part of the nebula only metals and rocks were able to condense because of the high temperatures whereas hydrogen compounds although more abundant were only able to condense in the cooler outer regions.", "Denser materials were heavier and sank to the center of the nebula.", "When the solar nebula formed a disk materials naturally segregated into bands and in our particular solar system the denser materials settled nearer the Sun while lighter materials are found in the outer part."], "probs": [[0.28434917116041747, 0.09827323928779184, 0.07774080277395083, 0.5396367866778399], [0.48579707278614903, 0.048859536909897756, 0.4091070004403036, 0.05623638976364959], [0.3953609013486566, 0.4997963113290162, 0.028197095554968663, 0.07664569166735856], [0.9811144968007438, 0.0035384997833344933, 0.0033765029752068627, 0.011970500340714863]], "ideal": "B", "sampled": "D", "correct": false}}
{"type": "result", "data": {"idx": 31, "options": ["They reveal that the early solar system consisted mostly of hydrogen and helium gas.", "They reveal that meteorites are much older than the comets and planets.", "They reveal that the age of the solar system is approximately 4.6 billion years.", "They reveal that the solar system once contained 10 planets."], "probs": [[0.038212417413573355, 0.6463175818775218, 0.14421329961129428, 0.1712567009976106], [0.12958135282425534, 0.4054264138863051, 0.05318064238183289, 0.4118115908076066], [0.148711883873408, 0.020764957260445003, 0.5612391002897331, 0.26928405847641385], [0.025437195040999224, 0.06198242724799002, 0.10878223260732131, 0.8037981450036894]], "ideal": "C", "sampled": "C", "correct": true}}
{"type": "result", "data": {"idx": 32, "options": ["Impacts", "Erosion", "Volcanism", "A B and C"], "probs": [[0.023837157231830042, 0.007270053791737136, 0.0017000375702015086, 0.9671927513062313], [0.07092938196326551, 0.5846873826158355, 0.267689391003794, 0.07669384431710499], [0.9287524404042188, 0.047708504830259776, 0.008290562940027219, 0.015248491725494183], [0.3711483075697473, 0.10801280852138949, 0.11319670670373475, 0.40764217710512846]], "ideal": "D", "sampled": "C", "correct": false}}
{"type": "result", "data": {"idx": 33, "options": ["known to exist for all of the jovian planets.", "composed of a large number of individual particles that orbit their planet in accord with Kepler's third law.", "nearer to their planet than any of the planet's large moons.", "all of the above"], "probs": [[0.0023538548139932047, 0.0020133886442463265, 0.00042868110611059767, 0.9952040753356498], [0.047789641832569306, 0.01171158188165354, 0.8604659637615618, 0.08003281242421535], [0.014903541708378038, 0.7294249561050705, 0.015138730461643463, 0.2405327716249079], [0.39941952223686966, 0.04017309158896647, 0.4670062134246854, 0.09340117264947843]], "ideal": "D", "sampled": "D", "correct": true}}
{"type": "result", "data": {"idx": 34, "options": ["You will not be able to see these two stars at all.", "You will see two distinct stars.", "The two stars will look like a single point of light.", "The two stars will appear to be touching looking rather like a small dumbbell."], "probs": [[0.054791445188044116, 0.08225343323947028, 0.8307445435909246, 0.03221057788156095], [0.016358132611606888, 0.9507420197681802, 0.0137751729061938, 0.019124674614019156], [0.628449417793456, 0.09488417027741558, 0.06941868032826275, 0.20724773150086567], [0.5013848934904628, 0.07810261710754934, 0.36683359628043477, 0.05367889302155309]], "ideal": "C", "sampled": "C", "correct": true}}
{"type": "result", "data": {"idx": 35, "options": ["it is about 20000 times stronger than Earth's magnetic field", "it traps charged particles from Io's volcanoes in a \"plasma torus\" around the planet", "it causes spectacular auroral displays at Jupiter's north and south poles", "it switches polarity every 11 years"], "probs": [[0.00528566871180906, 0.01505760439278788, 0.0033598473372896598, 0.9762968794581134], [0.01914652722901635, 0.01770787592021719, 0.8941962588382669, 0.06894933791249948], [0.013037417228379403, 0.18861632257992714, 0.3014114234452818, 0.49693483664641164], [0.025573937177042518, 0.0585400120453102, 0.820867358001388, 0.09501869267625923]], "ideal": "D", "sampled": "D", "correct": true}}
{"type": "result", "data": {"idx": 36, "options": ["The path of the Sun in the sky throughout a year.", "The axial tilt of the Earth throughout a year.", "The movement of the stars due to Earth\u2019s rotation.", "The central line through the axis of rotation."], "probs": [[0.9455367171685968, 0.005039889282789811, 0.005199895620759103, 0.04422349782785431], [0.00039157107114755303, 0.00029099316910005196, 0.0009104330564265646, 0.9984070026033258], [0.01583107209319256, 0.018508471478767566, 0.949326892917468, 0.016333563410571864], [0.0014934982695737754, 0.9933937121801981, 0.001640309997756499, 0.0034724794524715642]], "ideal": "A", "sampled": "A", "correct": true}}
{"type": "result", "data": {"idx": 37, "options": ["the radiation of black holes.", "the mass distribution of galaxies.", "the acceleration of the universe.", "the microwave background of the universe."], "probs": [[0.004301802782042246, 0.0010378688022920793, 0.9888716480673498, 0.005788680248315822], [0.0011459830316611758, 0.994155674204806, 0.0013823352456554298, 0.003316007417877371], [0.979442996381719, 0.00888059140368733, 0.003069075422717694, 0.008607336691875895], [0.0006978507687960847, 0.00041025164185537754, 0.0007664467562044524, 0.9981254507331441]], "ideal": "C", "sampled": "C", "correct": true}}
{"type": "result", "data": {"idx": 38, "options": ["Bubbles of gas trapped in the crystals within meteorites are identical to the gases trapped in asteroids.", "The spectra of some meteorites are similar to the spectra of asteroids in the asteroid belt.", "Collisions are common in the asteroid belt and we can track the fragments from their source asteroid to the Earth where they become meteorites.", "The asteroid belt is the only possible source of meteorites therefore they must originate there."], "probs": [[0.08077635788575141, 0.2374197523394656, 0.6453949351615144, 0.036408954513268615], [0.9531565983556816, 0.03211018469700949, 0.008508463460637798, 0.006224753386671098], [0.978599848543688, 0.005466483545563416, 0.003420881468974882, 0.012512786341773732], [0.03245819108080349, 0.027332921596599755, 0.26756269733773413, 0.6726461898848627]], "ideal": "B", "sampled": "C", "correct": false}}
{"type": "result", "data": {"idx": 39, "options": ["The materials they are made of are not normally gaseous in everyday experience.", "They actually contain a significant fraction of non-gaseous matter.", "The materials that make up these planets are primarily in the form of a plasma not a gas.", "Actually it's a great description because these worlds are big and gaseous throughout."], "probs": [[0.5319102445600261, 0.10806570281546764, 0.16737617675311633, 0.1926478757713899], [0.2631159722541907, 0.1621038317518255, 0.407531827647464, 0.16724836824651979], [0.06889987004736135, 0.016884785213807128, 0.893527949267879, 0.020687395370952447], [0.005691341843209437, 0.8186888388959136, 0.07153615088283348, 0.10408366827804351]], "ideal": "B", "sampled": "A", "correct": false}}
{"type": "result", "data": {"idx": 40, "options": ["As a planet moves around its orbit it sweeps out equal areas in equal times.", "The orbit of each planet about the Sun is an ellipse with the Sun at one focus.", "The force of attraction between any two objects decreases with the square of the distance between their centers.", "A planet travels faster when it is nearer to the Sun and slower when it is farther from the Sun."], "probs": [[0.006475604872656152, 0.055073550385292165, 0.06338929647022609, 0.8750615481718256], [0.015669769428125577, 0.055554650511482194, 0.8966233690831342, 0.03215221087725801], [0.033859738155832125, 0.4460173565546777, 0.08782656955430469, 0.43229633563518544], [0.030325381138729488, 0.1691423657537654, 0.31110170538425364, 0.48943054762325144]], "ideal": "C", "sampled": "D", "correct": false}}
{"type": "result", "data": {"idx": 41, "options": ["Altair A*", "Alsephina A*", "Fomalhaut A*", "Sagittarius A*"], "probs": [[0.0007202517734153526, 0.0004368590914626018, 0.00036787504302957387, 0.9984750139920925], [0.004812865128591567, 0.0020379081800282663, 0.9763508942291358, 0.01679833236224438], [0.00023000445929881528, 0.9975892362153556, 0.0010308197292496699, 0.0011499394960959558], [0.9959108856327809, 0.0010954480414918821, 0.0018634467901571228, 0.0011302194355701115]], "ideal": "D", "sampled": "D", "correct": true}}
{"type": "result", "data": {"idx": 42, "options": ["Jupiter's greater mass compresses it more thus increasing its density.", "Saturn has a larger proportion of hydrogen and helium than Jupiter and is therefore less dense.", "Jupiter's strong magnetic field constrains its size.", "Saturn is further from the Sun thus cooler and therefore less compact."], "probs": [[0.3070005682697686, 0.5304590901065166, 0.0717901864042558, 0.09075015511945897], [0.7113767490596683, 0.06721113270983084, 0.12362065265324879, 0.09779146547725205], [0.045339829201787495, 0.1157805446617632, 0.46513589172325565, 0.37374373431319363], [0.06333489762607836, 0.3532581951358679, 0.4981800354383407, 0.08522687169971299]], "ideal": "A", "sampled": "B", "correct": false}}
{"type": "result", "data": {"idx": 43, "options": ["The Moon split from the Earth due to tidal forces.", "The Moon was captured into Earth orbit.", "The Earth and Moon co-accreted in the solar nebula.", "Earth was rotating so rapidly that the Moon split from it."], "probs": [[0.00143947827234496, 0.007310298393294619, 0.0033996003315111406, 0.9878506229028493], [0.005061651350899058, 0.009605327186277384, 0.9797738943023269, 0.00555912706049665], [0.0032623003094638153, 0.35422546022561285, 0.01103624805571014, 0.6314759913092132], [0.04852255216399899, 0.039603075100854084, 0.2314893499609597, 0.6803850226741872]], "ideal": "A", "sampled": "D", "correct": false}}
{"type": "result", "data": {"idx": 44, "options": ["a New Horizons flyby in the 1990s", "Hubble Space Telescope images that resolved Pluto's disk", "brightness measurements made during mutual eclipses of Pluto and Charon", "radar observations made by the Arecibo telescope"], "probs": [[0.5105066780867283, 0.13740402151602304, 0.03756498461068315, 0.31452431568656547], [0.275872862517207, 0.15235798399917064, 0.10974162316137509, 0.46202753022224724], [0.3971823007520855, 0.196625851200757, 0.29060207711971714, 0.11558977082744036], [0.595296120303713, 0.1815603334460095, 0.1552997174882393, 0.06784382866203818]], "ideal": "C", "sampled": "A", "correct": false}}
{"type": "result", "data": {"idx": 45, "options": ["They are the shattered remains of collisions between planets.", "They are chunks of rock or ice that condensed long after the planets and moons had formed.", "They are chunks of rock or ice that were expelled from planets by volcanoes.", "They are leftover planetesimals that never accreted into planets."], "probs": [[0.0009422790856028146, 0.986024940782393, 0.0029024355014747047, 0.010130344530529502], [0.9682006912741542, 0.0008424641631318205, 0.030165430397668714, 0.0007914140650452756], [0.007129400306304151, 0.9050513852423103, 0.013529313355155809, 0.0742899009962297], [0.4779778136663063, 0.0028422068045513113, 0.5168237378792774, 0.0023562415498649715]], "ideal": "D", "sampled": "B", "correct": false}}
{"type": "result", "data": {"idx": 46, "options": ["From the layering of materials within the Earth.", "From fossils of ancient life.", "From the cratering history of Earth\u2019s surface.", "From radioactive dating of rocks and meteorites."], "probs": [[0.0013450707967501958, 0.00038537363684510307, 0.00019993000585440796, 0.9980696254605502], [0.021138014033505837, 0.01262219049705045, 0.927361001048324, 0.03887879432111968], [0.47878388851397036, 0.3728826509699424, 0.017440160117485833, 0.1308933002986014], [0.9926159846563347, 0.0026604050153235382, 0.001199155519976002, 0.003524454708365696]], "ideal": "D", "sampled": "D", "correct": true}}
{"type": "result", "data": {"idx": 47, "options": ["We don't know for sure.", "aliens (panspermia).", "comets.", "the Earth's oceans."], "probs": [[0.0008417110143237717, 0.0007907273893790983, 0.00030965157452586973, 0.9980579099217712], [0.017591795204937383, 0.0072197714924171945, 0.9309626355114947, 0.04422579769115071], [0.008958375030465286, 0.9428018277901751, 0.011684115909636703, 0.03655568116972295], [0.9571746470909135, 0.02181847739407518, 0.004792920255267435, 0.016213955159743897]], "ideal": "A", "sampled": "D", "correct": false}}
{"type": "result", "data": {"idx": 48, "options": ["The azimuth of the NCP is the angular distance from the North Pole.", "The azimuth of the NCP is the same as your latitude.", "The altitude of the NCP is the same as your latitude.", "The altitude of the NCP is your angular distance from the North Pole."], "probs": [[0.12382658945792667, 0.09202116452664326, 0.246262185362324, 0.5378900605531061], [0.038638754379801486, 0.05710509599939448, 0.6638362184452054, 0.24041993107559867], [0.06559117345226365, 0.7744942864043098, 0.037373576971806835, 0.12254096307161964], [0.5616992805307331, 0.08480428890295558, 0.17674848345403313, 0.17674794701227817]], "ideal": "C", "sampled": "D", "correct": false}}
{"type": "result", "data": {"idx": 49, "options": ["Ozone transmits visible light allowing it to heat the surface but then absorbs most of the infrared heat trapping the heat near the surface.", "Greenhouse gases transmit visible light allowing it to heat the surface but then absorb infrared light from Earth trapping the heat near the surface.", "Greenhouse gases absorb infrared light from the Sun which then heats the atmosphere and the surface.", "Greenhouse gases absorb X-rays and ultraviolet light from the Sun which then heat the atmosphere and the surface."], "probs": [[0.006078890541180927, 0.96038341780941, 0.019623063557559793, 0.013914627991849381], [0.9912521686980602, 0.0032046290088259665, 0.0018547110673319159, 0.0036884911257819356], [0.9893398560379839, 0.0014193020610180323, 0.0020330623236914473, 0.0072077794773066275], [0.015046755623537226, 0.0032540983489197186, 0.960479905101989, 0.021219240825554007]], "ideal": "B", "sampled": "B", "correct": true}}
{"type": "result", "data": {"idx": 50, "options": ["Jupiter's greater mass compresses it more thus increasing its density.", "Saturn has a larger proportion of hydrogen and helium than Jupiter and is therefore less dense.", "Saturn is further from the Sun thus cooler and therefore less compact.", "Saturn's rings make the planet look bigger."], "probs": [[0.367974131907118, 0.4302114491306235, 0.10877501817058657, 0.09303940069167195], [0.6309814138518244, 0.10300595027694985, 0.1646037771211072, 0.1014088586501186], [0.015968165602321283, 0.014539338785267076, 0.041418603870666044, 0.9280738916417456], [0.04465543790817225, 0.05824252398360871, 0.8040319497644388, 0.09307008824378019]], "ideal": "A", "sampled": "B", "correct": false}}
{"type": "result", "data": {"idx": 51, "options": ["4:1", "1:2", "6:5", "9:4"], "probs": [[0.15693274723408684, 0.5563801137688231, 0.16446866706114913, 0.12221847183594085], [0.12751369557040426, 0.4450728727453785, 0.28736753125200526, 0.14004590033221198], [0.0791893991567592, 0.5851427446870102, 0.2401475214751017, 0.0955203345811289], [0.2534595018315398, 0.36306820673285234, 0.2456689217887011, 0.13780336954690678]], "ideal": "D", "sampled": "D", "correct": true}}
{"type": "result", "data": {"idx": 52, "options": ["the entire planets are made mostly of metal.", "radioactivity created metals in the core from the decay of uranium.", "metals condensed first in the solar nebula and the rocks then accreted around them.", "metals differentiated to the center during a time when the interiors were molten throughout."], "probs": [[0.024197576234896656, 0.020377041197801784, 0.7071862071871092, 0.24823917528019235], [0.04002506523606691, 0.7914808581337507, 0.09601742302190576, 0.07247665350827667], [0.9411899433351639, 0.04402096562948249, 0.006646165148650413, 0.008142925786703146], [0.9919111744794981, 0.0021698222437770746, 0.0011797141778998614, 0.004739288998824945]], "ideal": "D", "sampled": "C", "correct": false}}
{"type": "result", "data": {"idx": 53, "options": ["The U.S.S.R.", "The U.S.", "France", "A and B"], "probs": [[0.11342141142351253, 0.08428880100475764, 0.039197848778143744, 0.763091938693586], [0.10970969610273325, 0.3432551890579789, 0.5073006549466252, 0.03973445979266257], [0.13326538302800822, 0.6357824537302841, 0.12716413206191476, 0.10378803107979297], [0.7168596768598241, 0.13681622930540716, 0.08169678354349993, 0.06462731019126881]], "ideal": "A", "sampled": "D", "correct": false}}
{"type": "result", "data": {"idx": 54, "options": ["2:3 periodic ratio of Neptune:Pluto", "Kirkwood Gaps.", "Gaps in Saturn's rings.", "Breaking of small Jovian moons to form ring materials."], "probs": [[0.1606101095515812, 0.050540357823086225, 0.3453795611512988, 0.4434699713740337], [0.04273509122322202, 0.06218353123607507, 0.12561189799511746, 0.7694694794455854], [0.109094634506013, 0.17987623525017396, 0.4451974332392332, 0.26583169690457986], [0.3796765093714102, 0.19698728082905267, 0.06102524620179112, 0.36231096349774605]], "ideal": "D", "sampled": "A", "correct": false}}
{"type": "result", "data": {"idx": 55, "options": ["without a strong magnetic field the ozone layer was destroyed by the solar wind which stopped the greenhouse effect and cooled Mars down.", "without a strong magnetic field which enhances the greenhouse effect Mars cooled down.", "without a strong magnetic field the solar wind stripped away most of the atmosphere significantly reducing the greenhouse effect and cooling Mars down", "without a strong magnetic field the planet recieves fewer charged particles from the solar wind and therefore is not heated as much"], "probs": [[0.5452699247479154, 0.04629342040195355, 0.37008715913016343, 0.03834949561996767], [0.10447935447603676, 0.8482103094143739, 0.018739899060047277, 0.02857043694954206], [0.9880670199743091, 0.0032968108303630555, 0.003915302182632138, 0.004720866912695623], [0.1701831567008092, 0.03628200821024899, 0.016873962169750213, 0.7766608728191916]], "ideal": "C", "sampled": "C", "correct": true}}
{"type": "result", "data": {"idx": 56, "options": ["Ganymede", "Callisto", "Europa", "Dione"], "probs": [[0.00790912995806118, 0.008962501378543762, 0.009998304330749564, 0.9731300642326455], [0.29761576538680184, 0.0196305847907158, 0.3942920848545571, 0.2884615648679253], [0.07893946177919116, 0.027713728863676963, 0.07076647349734197, 0.82258033575979], [0.31970284160035295, 0.015670722728368044, 0.11222833665636026, 0.5523980989149188]], "ideal": "D", "sampled": "D", "correct": true}}
{"type": "result", "data": {"idx": 57, "options": ["About 10 earth days", "About 100 earth days", "About 200 earth days", "There is no solar day Planet X is tidally locked"], "probs": [[0.04980926569124191, 0.4580574018122506, 0.18220050563256662, 0.3099328267639409], [0.07087585651905737, 0.447969052271806, 0.37137819099418756, 0.10977690011494903], [0.0529022550049337, 0.6246747350638985, 0.19351591095808682, 0.12890709887308097], [0.41586891933683146, 0.21915817768953325, 0.19954403340859386, 0.16542886946504143]], "ideal": "D", "sampled": "D", "correct": true}}
