{"type": "result", "data": {"idx": 0, "options": ["Loop gain should be unity", "Loop gain should be less than unity", "The phase of a feedback signal with respect to input should be 0\u00b0 or 360\u00b0", "Both A and C"], "probs": [[0.050831999325959026, 0.10430405952311622, 0.011521276104687195, 0.8333426649462375], [0.5544611687151688, 0.05576500171390571, 0.3580004790514228, 0.03177335041950266], [0.05954570233903368, 0.46837752354859186, 0.07766539486964645, 0.394411379142728], [0.11201126622008392, 0.11557156333129208, 0.5961961016312963, 0.17622106871732768]], "ideal": "D", "sampled": "D", "correct": true}}
{"type": "result", "data": {"idx": 1, "options": ["It loads the circuit moderately.", "It loads the circuit to maximum extent.", "It uses centre zero galvanometer instead of voltmeter.", "It does not load the circuit at all."], "probs": [[0.8898853492985873, 0.02687271634085126, 0.04162127446672456, 0.04162065979383683], [0.26246158263672303, 0.10771682513608317, 0.29280684486109193, 0.33701474726610187], [0.2040295299661626, 0.19167159557872618, 0.45267602404329216, 0.15162285031181907], [0.1697014633285226, 0.6111325848658415, 0.11129608418782524, 0.10786986751781055]], "ideal": "D", "sampled": "A", "correct": false}}
{"type": "result", "data": {"idx": 2, "options": ["NOR, NAND.", "XOR, NOR, NAND.", "OR, NOT, AND.", "NOR, NAND, XNOR."], "probs": [[0.04522574225444618, 0.4862325787908783, 0.018853633890222238, 0.4496880449644533], [0.21163202504735792, 0.14098056939353534, 0.34893437696582025, 0.2984530284932865], [0.015001816049617851, 0.8719064175042519, 0.008958255123458549, 0.10413351122267171], [0.2475323825827068, 0.09249809383421027, 0.44824150200176094, 0.211728021481322]], "ideal": "A", "sampled": "D", "correct": false}}
{"type": "result", "data": {"idx": 3, "options": ["30\u00b0 to 150\u00b0.", "30\u00b0 to 180\u00b0.", "60\u00b0 to 120\u00b0.", "60\u00b0 to 180\u00b0."], "probs": [[0.22869542920375033, 0.26738629539278436, 0.2716105362981308, 0.2323077390053345], [0.2041589617525028, 0.27474033829802647, 0.32628327604845686, 0.19481742380101386], [0.18374764917443528, 0.21483460066554352, 0.36547058817069783, 0.23594716188932338], [0.14919726993729612, 0.3523753688094912, 0.27444652538077935, 0.2239808357724333]], "ideal": "A", "sampled": "A", "correct": true}}
{"type": "result", "data": {"idx": 4, "options": ["Data Box.", "Logical box.", "Decision box.", "State box."], "probs": [[0.05508002788969192, 0.020263686836436635, 0.6816251924751147, 0.24303109269875678], [0.04714187641821167, 0.7850246487147229, 0.14521411168027729, 0.022619363086788143], [0.9089947016818709, 0.05374467532528454, 0.017178081486238284, 0.020082541406606303], [0.6909155716258121, 0.03231557398123542, 0.05245351320625989, 0.22431534108669265]], "ideal": "C", "sampled": "C", "correct": true}}
{"type": "result", "data": {"idx": 5, "options": ["same as that produced by one plate.", "double the field produced by one plate.", "dependent on coordinates of field points.", "zero."], "probs": [[0.17297458510034916, 0.673556022817626, 0.05794228693557028, 0.09552710504645452], [0.600813222552815, 0.047061227300952885, 0.08131410289638147, 0.27081144714985067], [0.11323360858769607, 0.09242273534309815, 0.3175901018178313, 0.47675355415137444], [0.20878848030207345, 0.33891739225292855, 0.3551962262511717, 0.09709790109382631]], "ideal": "D", "sampled": "B", "correct": false}}
{"type": "result", "data": {"idx": 6, "options": ["Low.", "Very low.", "High.", "Almost zero."], "probs": [[0.15258373886995577, 0.095486339003966, 0.13893105605833664, 0.6129988659677416], [0.06282300969501511, 0.07697404003670269, 0.058102828117075844, 0.8021001220512063], [0.1593433069827747, 0.17500848097864538, 0.42644242718850145, 0.23920578475007842], [0.11046735941259066, 0.5523116588040218, 0.14634874461617872, 0.19087223706720885]], "ideal": "C", "sampled": "A", "correct": false}}
{"type": "result", "data": {"idx": 7, "options": ["Amplitude stability", "Frequency stability", "Power stability", "Both A and B"], "probs": [[0.008138848591020691, 0.00517352026283201, 0.0008058704091318552, 0.9858817606370154], [0.1928928874022464, 0.005645769421268532, 0.7995404939104267, 0.0019208491660583646], [0.030769476176827223, 0.7454882000604527, 0.01672940775865248, 0.20701291590406756], [0.7815190844022188, 0.05318522278377618, 0.12758285281212536, 0.037712839901879625]], "ideal": "D", "sampled": "D", "correct": true}}
{"type": "result", "data": {"idx": 8, "options": ["1.5 KV.", "15 KV.", "33 KV.", "66 KV."], "probs": [[0.12983779027484807, 0.2880715300716787, 0.31147559081737625, 0.270615088736097], [0.11254400349159147, 0.35768489111914337, 0.2238293952667221, 0.30594171002254306], [0.13647142254644004, 0.28444451514684616, 0.3709826226307899, 0.2081014395759239], [0.11362779647291968, 0.3844185046952326, 0.2025712967865833, 0.2993824019452644]], "ideal": "A", "sampled": "A", "correct": true}}
{"type": "result", "data": {"idx": 9, "options": ["1MHz to 500 MHz", "100 KHz to 500 MHz", "1 KHz to 1 MHz", "1MHz to 100 GHz"], "probs": [[0.5320991516408765, 0.1782473355038582, 0.11689770181739113, 0.17275581093787412], [0.6962055382154881, 0.06578396652183528, 0.09875342837499068, 0.13925706678768587], [0.5169465425776096, 0.12280278377192778, 0.1843542713259371, 0.17589640222452546], [0.5178634159284073, 0.14838348990909286, 0.16297066938606397, 0.17078242467643578]], "ideal": "A", "sampled": "B", "correct": false}}
{"type": "result", "data": {"idx": 10, "options": ["High resistance when forward or reverse biased", "Low resistance when forward biased, while high resistance when reverse bias", "High resistance when forward biased, while low resistance when reverse bias", "Low resistance when forward or reverse biased"], "probs": [[0.04575001447935368, 0.2846718430234432, 0.08547342567781206, 0.584104716719391], [0.9768722233773373, 0.006183413900353603, 0.004453728521586852, 0.012490634100722329], [0.8650826923719329, 0.012534324241927524, 0.020665420486682053, 0.1017175627994575], [0.14625842077779325, 0.019794282363547223, 0.7784341152452282, 0.055513181513431285]], "ideal": "B", "sampled": "B", "correct": true}}
{"type": "result", "data": {"idx": 11, "options": ["Zinc silicate.", "Calcium silicate.", "Zinc sulphide.", "Magnesium silicate."], "probs": [[0.3953509867488721, 0.08821768926367599, 0.23608237150808134, 0.2803489523793706], [0.0503704391590316, 0.653232017286782, 0.05981849862445234, 0.23657904482973402], [0.6109842562126094, 0.08940899358912484, 0.14512568410064788, 0.15448106599761782], [0.13014576613470422, 0.11666499027426594, 0.060525532688140135, 0.6926637108028897]], "ideal": "D", "sampled": "C", "correct": false}}
{"type": "result", "data": {"idx": 12, "options": ["1", "2", "3", "4"], "probs": [[0.1265769172568243, 0.6039000838972237, 0.13686686956805544, 0.13265612917789651], [0.4005508422451012, 0.21108739075934016, 0.18054942784888078, 0.20781233904667787], [0.44055775460006624, 0.18081377714276844, 0.221537086666381, 0.15709138149078428], [0.40146807430347603, 0.2512437440389048, 0.20188075602838332, 0.1454074255292358]], "ideal": "D", "sampled": "B", "correct": false}}
{"type": "result", "data": {"idx": 13, "options": ["collecting of current", "reduce losses", "increase efficiency", "convert AC armature current in to DC"], "probs": [[0.1346070789963368, 0.08967229632953357, 0.04799882247574992, 0.7277218020983797], [0.11419868447392502, 0.048356917233308476, 0.6370148827010109, 0.2004295154917556], [0.02727794223605861, 0.7848480196844481, 0.06751634054111659, 0.12035769743837671], [0.9488790794291679, 0.020639007699432377, 0.014408438687751659, 0.016073474083647964]], "ideal": "D", "sampled": "D", "correct": true}}
{"type": "result", "data": {"idx": 14, "options": ["1 ohm of resistance", "ratio of 1 V to 1 C", "ratio of 1 C to 1 V", "none of these"], "probs": [[0.061670703273639126, 0.6734960034446159, 0.0356943040501942, 0.2291389891315507], [0.39124575042414234, 0.5023879763926777, 0.05815530979406011, 0.048210963289119856], [0.5534087516882871, 0.0932138578603552, 0.012419683145955603, 0.3409577072054021], [0.08905556003665996, 0.040774881300248075, 0.4452828218750145, 0.42488673668807747]], "ideal": "C", "sampled": "B", "correct": false}}
{"type": "result", "data": {"idx": 15, "options": ["3", "6", "8", "9"], "probs": [[0.30114899653197097, 0.4116387283499999, 0.17983097774090762, 0.10738129727712149], [0.5576893007541911, 0.1225135233501241, 0.21168154160526229, 0.1081156341904225], [0.5409799853989413, 0.1990261092510434, 0.1599202614856798, 0.1000736437643355], [0.561506041254667, 0.1712551291302719, 0.15838432546438913, 0.10885450405067196]], "ideal": "C", "sampled": "B", "correct": false}}
{"type": "result", "data": {"idx": 16, "options": ["First digit from left to right", "First digit from right to left", "Middle digit", "Mean of all digits"], "probs": [[0.14809573964641104, 0.48559957014235294, 0.1931591899029097, 0.17314550020832628], [0.09140198881163589, 0.7534537483025235, 0.06792631151428255, 0.08721795127155807], [0.5204986100645537, 0.2346128418235036, 0.13578371095266398, 0.10910483705927876], [0.549812625103832, 0.14568978817961406, 0.04880015269924251, 0.25569743391731137]], "ideal": "A", "sampled": "C", "correct": false}}
{"type": "result", "data": {"idx": 17, "options": ["General Advance Logic", "General Array Logic", "Generic Advance Logic", "Generic Array Logic"], "probs": [[0.022292444604785213, 0.8365417764796201, 0.031438104980860825, 0.10972767383473378], [0.7721307601312458, 0.033400241538551256, 0.14736877646984511, 0.04710022176035777], [0.023437890920271955, 0.8658920943563659, 0.01797097946783188, 0.09269903515553021], [0.8699206287699941, 0.016184742708369674, 0.05561377583268301, 0.05828085258895327]], "ideal": "D", "sampled": "D", "correct": true}}
{"type": "result", "data": {"idx": 18, "options": ["Enable the data bus to be used as low order address bus", "To latch data D0-D7 from data bus", "To disable data bus", "To achieve all the functions listed above"], "probs": [[0.02994173436970709, 0.014144208491582995, 0.009721063221332822, 0.9461929938173771], [0.6496045283146823, 0.08005252092510967, 0.1592047136507293, 0.11113823700947874], [0.1588288098414856, 0.14691163598022003, 0.33629426356767367, 0.3579652905106207], [0.049517390893631004, 0.6128039085488888, 0.1898410533249801, 0.14783764713250006]], "ideal": "A", "sampled": "D", "correct": false}}
{"type": "result", "data": {"idx": 19, "options": ["111.9 ohm", "11.19 ohm", "108 ohm", "115 ohm"], "probs": [[0.25075883418075523, 0.49099887875769616, 0.13215038572868593, 0.12609190123286268], [0.37629248566761275, 0.2506757601643536, 0.11841243151397235, 0.25461932255406133], [0.14547791208493807, 0.12838850148892988, 0.6419388268580543, 0.08419475946807772], [0.045762824268901395, 0.8501434837736229, 0.0655574734984032, 0.038536218359072484]], "ideal": "A", "sampled": "A", "correct": true}}
{"type": "result", "data": {"idx": 20, "options": ["constant torque operation", "speed reversal", "reduced magnetic loss", "hormonic elimination"], "probs": [[0.603405080802192, 0.1367625048903892, 0.1549755541443655, 0.10485686006305318], [0.14288634273606313, 0.37063138131147305, 0.15940890124740353, 0.3270733746050603], [0.17053946123233307, 0.22949164639316272, 0.4155711716998318, 0.18439772057467235], [0.11913584206487424, 0.3612891517939988, 0.07692382025403517, 0.4426511857870918]], "ideal": "A", "sampled": "A", "correct": true}}
{"type": "result", "data": {"idx": 21, "options": ["0.015 joule.", "0.15 joule.", "0.015 joule.", "1.15 joule."], "probs": [[0.13969976990465405, 0.511030904733235, 0.15831164778211623, 0.1909576774799947], [0.37418959656161144, 0.2780858956918953, 0.2454233987510173, 0.10230110889547596], [0.0978580006167037, 0.7460984905026375, 0.08772562116529391, 0.0683178876153649], [0.6963006205991724, 0.12484378598022557, 0.12681412197534897, 0.05204147134525299]], "ideal": "B", "sampled": "D", "correct": false}}
{"type": "result", "data": {"idx": 22, "options": ["protect the insulation.", "avoid effect of saturation.", "improve the capabilities of the inverter.", "protect thyristor from dV / dt."], "probs": [[0.02587992508345793, 0.7682542747862956, 0.08619651807628581, 0.11966928195396069], [0.5983088060489181, 0.13350536027337223, 0.1466292898704206, 0.12155654370728909], [0.1434802901988576, 0.09120420431147393, 0.44197103064028664, 0.3233444747493818], [0.12478896229211324, 0.08312939851644827, 0.6047492026677965, 0.18733243642364195]], "ideal": "B", "sampled": "B", "correct": true}}
{"type": "result", "data": {"idx": 23, "options": ["closed winding", "lap winding", "wave winding", "open type winding"], "probs": [[0.06236661574229316, 0.9164986575353863, 0.009416269102435428, 0.011718457519885069], [0.8521269382729676, 0.05447568275689903, 0.015365643394321652, 0.07803173547581169], [0.05705689830701439, 0.0206653828253795, 0.42161013568497807, 0.500667583082628], [0.1020941010413394, 0.4366226266159219, 0.34004102360568106, 0.12124224863705764]], "ideal": "A", "sampled": "B", "correct": false}}
{"type": "result", "data": {"idx": 24, "options": ["Sinusoidal wave", "Triangular wave", "Sawtooth wave", "Both B and C"], "probs": [[0.07047512929716977, 0.047688359920148464, 0.023240686673935456, 0.8585958240087463], [0.3571267532088886, 0.2379095326993239, 0.320137182446211, 0.08482653154557648], [0.374450099686701, 0.4310094763864129, 0.12740401798800904, 0.06713640583887705], [0.3710051178561185, 0.22155442831684907, 0.2321835905081308, 0.17525686321890163]], "ideal": "D", "sampled": "D", "correct": true}}
{"type": "result", "data": {"idx": 25, "options": ["1 KHz.", "5 KHz.", "10 MHz.", "10 KHz to 400 KHz."], "probs": [[0.07136510365676735, 0.07026355777405714, 0.13756534613522983, 0.7208059923339457], [0.14736156383712049, 0.41330096737336147, 0.22824772040122712, 0.21108974828829094], [0.0315503696834728, 0.8527709117756224, 0.03255366485160397, 0.08312505358930086], [0.6952308908120318, 0.08303751671918076, 0.09708034846586222, 0.12465124390292519]], "ideal": "D", "sampled": "D", "correct": true}}
{"type": "result", "data": {"idx": 26, "options": ["J = 0, K = 0.", "J = 1, K = 1.", "J = 0, K = 1.", "J = 1, K = 0."], "probs": [[0.07196257155469798, 0.1080327688342666, 0.4766828644293274, 0.343321795081708], [0.08559048983783807, 0.3776585189446037, 0.1928934916131535, 0.3438574995044047], [0.08279116394075502, 0.1986136690926295, 0.3173903813188158, 0.4012047855477997], [0.08196556384118785, 0.12305011323987029, 0.26876991383793125, 0.5262144089810107]], "ideal": "B", "sampled": "C", "correct": false}}
{"type": "result", "data": {"idx": 27, "options": ["all of below.", "it provide smooth and easy control.", "it is cheaper in cost.", "it is simple and reliable."], "probs": [[0.9879456858721772, 0.003047757812960153, 0.002030289752516138, 0.006976266462346409], [0.00192532887129012, 0.00034520137857107065, 0.00037913015860491906, 0.9973503394915338], [0.02140092779758351, 0.00787310555912176, 0.8820208022692853, 0.08870516427400951], [0.0032372545963531576, 0.9555040428057291, 0.004784443163442934, 0.03647425933447485]], "ideal": "A", "sampled": "A", "correct": true}}
{"type": "result", "data": {"idx": 28, "options": ["0.32.", "0.67.", "0.45.", "0.27."], "probs": [[0.2447587956880605, 0.21941200877373782, 0.3452019845439396, 0.19062721089426213], [0.22092179951842753, 0.2664988040657573, 0.2244239002241778, 0.2881554960916373], [0.1916661795036836, 0.30154786858886407, 0.32100982905738396, 0.18577612275006838], [0.18935124574198253, 0.3885496556370331, 0.1864330917410384, 0.23566600677994598]], "ideal": "B", "sampled": "A", "correct": false}}
{"type": "result", "data": {"idx": 29, "options": ["0", "1", "2", "10"], "probs": [[0.06968023627299642, 0.11310900001586882, 0.4688229858406452, 0.34838777777048957], [0.0652445331150614, 0.6487759947128018, 0.22073359785256805, 0.0652458742195687], [0.6534357495919213, 0.21888546072664153, 0.03924331338794297, 0.08843547619349415], [0.643683099819542, 0.04051356913167299, 0.1370534053700233, 0.17874992557876174]], "ideal": "C", "sampled": "C", "correct": true}}
{"type": "result", "data": {"idx": 30, "options": ["LC.", "RL.", "RC.", "Any of the above."], "probs": [[0.21624180551379618, 0.08874683910116903, 0.2649505238751967, 0.4300608314098381], [0.41834767850353405, 0.2966578459190074, 0.20389298665906713, 0.08110148881839138], [0.36824590238409777, 0.37994462530944567, 0.1511339258335936, 0.10067554637286293], [0.45687636985523217, 0.15544824864214377, 0.20593647919404606, 0.18173890220857802]], "ideal": "C", "sampled": "D", "correct": false}}
{"type": "result", "data": {"idx": 31, "options": ["simple and economical.", "accurate.", "reliable.", "all of the above."], "probs": [[0.007790520669465282, 0.0016587335598420502, 0.0015582483957576835, 0.988992497274935], [0.09622150615060307, 0.02080978282401774, 0.7451357826106648, 0.13783292831471433], [0.030666951258395678, 0.8962319542478393, 0.02706411309491721, 0.04603698129884778], [0.9384212326903216, 0.03696051919253685, 0.010589675789381473, 0.014028572227760052]], "ideal": "A", "sampled": "D", "correct": false}}
{"type": "result", "data": {"idx": 32, "options": ["product of its inductance and current through it.", "ratio of its inductance to current through it.", "ratio of current through it to its inductance.", "product of its inductance and rate of change of current through it."], "probs": [[0.7943328322296923, 0.07161473960403432, 0.0421002640495719, 0.09195216401670142], [0.0931857458646225, 0.17962619794320536, 0.5447385351168154, 0.18244952097535674], [0.03192144750936922, 0.849437566368184, 0.05515755917912337, 0.06348342684332337], [0.8653660617221459, 0.11175515016715894, 0.013987885181042544, 0.008890902829652575]], "ideal": "D", "sampled": "D", "correct": true}}
{"type": "result", "data": {"idx": 33, "options": ["1", "2", "4", "8"], "probs": [[0.24621322565139947, 0.43213387997497704, 0.19784520417078855, 0.12380769010283493], [0.47876821798790264, 0.15788839853833794, 0.058998192069558295, 0.3043451913042011], [0.4689069511040289, 0.1343492538510847, 0.2321348248608577, 0.16460897008402867], [0.40897610236942494, 0.17317991989191606, 0.21218527625973752, 0.20565870137892148]], "ideal": "C", "sampled": "B", "correct": false}}
{"type": "result", "data": {"idx": 34, "options": ["conducting but non-magnetic materials.", "conducting materials which may be either magnetic or non-magentic materials.", "insulating materials.", "conducting and magnetic materials."], "probs": [[0.02599499867644994, 0.2751463980928352, 0.01786642348391336, 0.6809921796468015], [0.949885584663734, 0.007029616085816067, 0.03301567714626086, 0.010069122004189083], [0.004099390327820917, 0.9571656253953437, 0.012825991515127136, 0.025908992661708326], [0.41580163849057183, 0.10513336072394601, 0.4566810692336322, 0.022383931451849914]], "ideal": "B", "sampled": "D", "correct": false}}
{"type": "result", "data": {"idx": 35, "options": ["10", "100", "50", "1"], "probs": [[0.2782107674264087, 0.24173019054290887, 0.24940090622198746, 0.23065813570869492], [0.12317488719260115, 0.44359834655860614, 0.2030926584072672, 0.23013410774152548], [0.2740327756433751, 0.2380999510959102, 0.2534574307763056, 0.23440984238440907], [0.13904977050597403, 0.47784081808677437, 0.16773374626946605, 0.21537566503778552]], "ideal": "A", "sampled": "A", "correct": true}}
{"type": "result", "data": {"idx": 36, "options": ["Newton", "Ampere turn", "Weber", "Tesla"], "probs": [[0.016238472784539527, 0.02052728249959513, 0.9586540030892776, 0.004580241526587727], [0.006741937020592589, 0.9850814091796529, 0.006333513873079878, 0.0018431398266745944], [0.9951314311722921, 0.0032171657779499403, 0.0012021881527570439, 0.00044921479700097333], [0.5764347770724461, 0.01882117382123002, 0.19921132437802425, 0.20553272462829972]], "ideal": "C", "sampled": "C", "correct": true}}
{"type": "result", "data": {"idx": 37, "options": ["Reciprocity theorem", "Thevinin's theorem", "Norton's theorem", "Compensation theorem"], "probs": [[0.8953392108827873, 0.0628631203453662, 0.016398819528343957, 0.02539884914350249], [0.23268389352790403, 0.08970872923268744, 0.4555773070658053, 0.22203007007360326], [0.14231852443412066, 0.3414094567712507, 0.40543366340192194, 0.11083835529270668], [0.05015402063684856, 0.8752296826926738, 0.04223436615147147, 0.03238193041900619]], "ideal": "A", "sampled": "A", "correct": true}}
{"type": "result", "data": {"idx": 38, "options": ["the output is LOW", "the output is HIGH", "the output follows clock", "the output follow input"], "probs": [[0.13472137656780192, 0.1207673919537531, 0.2517039925623955, 0.49280723881604943], [0.1292831431306787, 0.1465024032073384, 0.2868412094002043, 0.4373732441617786], [0.24623420648620198, 0.4254691270650947, 0.11099141007303363, 0.21730525627566966], [0.24146464104823645, 0.10715289253187205, 0.15590789680251216, 0.49547456951737934]], "ideal": "D", "sampled": "D", "correct": true}}
{"type": "result", "data": {"idx": 39, "options": ["500 Hz.", "250 Hz.", "400 Hz.", "625 Hz."], "probs": [[0.21065728678172216, 0.2387218510675403, 0.258126799112477, 0.2924940629382606], [0.2590038776138701, 0.15957880018545814, 0.3828191756819329, 0.19859814641873882], [0.1834738376035525, 0.40708413109457453, 0.20792077169841372, 0.20152125950345925], [0.3782464265445118, 0.20566357670157873, 0.22588181493407686, 0.19020818171983264]], "ideal": "B", "sampled": "D", "correct": false}}
{"type": "result", "data": {"idx": 40, "options": ["constant power drive.", "constant torque drive.", "variable power drive.", "none of the above."], "probs": [[0.12874240788297667, 0.2025450854532506, 0.45644860094844736, 0.2122639056153254], [0.04396267963520142, 0.8295345274664381, 0.05733920239329938, 0.06916359040506115], [0.5328303873287183, 0.3231843529029164, 0.10657451450273933, 0.037410745165625904], [0.05160143740250761, 0.07868477349605613, 0.09946582765780408, 0.7702479613436322]], "ideal": "A", "sampled": "C", "correct": false}}
{"type": "result", "data": {"idx": 41, "options": ["SRAM", "DRAM", "Both SRAM and DRAM", "None"], "probs": [[0.18633620994421748, 0.4199223047051811, 0.15447943371418377, 0.23926205153641764], [0.21914908614275458, 0.4496762521067042, 0.14372402642308937, 0.18745063522745184], [0.21448687036406208, 0.29779178344895446, 0.3764459844517663, 0.11127536163521715], [0.09614543830712044, 0.33559087665579024, 0.10234748799852117, 0.4659161969385681]], "ideal": "B", "sampled": "C", "correct": false}}
{"type": "result", "data": {"idx": 42, "options": ["2", "4", "5", "6"], "probs": [[0.17325843094381674, 0.396619808785303, 0.23682876360303726, 0.193292996567843], [0.14347603488095223, 0.27229209920150754, 0.2120583292016423, 0.3721735366158979], [0.13767132161671078, 0.28250148889577636, 0.31026589867350224, 0.2695612907140107], [0.27471816946379196, 0.3527638666390852, 0.17463557680642033, 0.19788238699070246]], "ideal": "A", "sampled": "A", "correct": true}}
{"type": "result", "data": {"idx": 43, "options": ["open loop control system.", "closed loop control system.", "either A or B.", "none of the above."], "probs": [[0.01932559278255963, 0.945833469751232, 0.02025322169805847, 0.014587715668149986], [0.9844899990295792, 0.005007265549020065, 0.007061341429069495, 0.0034413938923312268], [0.017072238646432935, 0.010852023420914715, 0.010354938360611668, 0.9617207994720407], [0.031977953310351435, 0.017116920114659977, 0.9058092145726945, 0.0450959119022941]], "ideal": "B", "sampled": "B", "correct": true}}
{"type": "result", "data": {"idx": 44, "options": ["it can have a number of values between the negative and positive peaks", "it is negative for one half cycle", "it is positive for one half cycle", "it has positive as well as negative values"], "probs": [[0.7369827689171881, 0.006084465006465903, 0.006180314863993998, 0.25075245111235206], [0.03576760066956906, 0.011795478182131416, 0.8666342673570846, 0.08580265369121487], [0.05193022318839031, 0.89220411052809, 0.022336248795883026, 0.033529417387636616], [0.555353362050923, 0.19495922978743788, 0.051659731058593276, 0.19802767700304585]], "ideal": "A", "sampled": "D", "correct": false}}
{"type": "result", "data": {"idx": 45, "options": ["frequent modulation.", "frequency modulation.", "frequency moderator.", "frequent moderator."], "probs": [[0.011497864610640049, 0.9876282310422392, 0.0005212284209212694, 0.0003526758261995453], [0.9987186629155138, 0.0005354022694648195, 0.0004724867955409611, 0.00027344791948041234], [0.0003148368696380236, 0.00026512418271595857, 0.0003738813791961547, 0.9990461574684498], [0.002202839619089784, 0.0035755961610416465, 0.9914369259454041, 0.0027846381744644636]], "ideal": "B", "sampled": "B", "correct": true}}
{"type": "result", "data": {"idx": 46, "options": ["FIFO memory", "Flash memory", "LIFO memory", "LILO memory"], "probs": [[0.7257256155687792, 0.09976330660432209, 0.11304853307952899, 0.06146254464736971], [0.47759859058836746, 0.1245896927520938, 0.17570348163011318, 0.22210823492942552], [0.21630439321250622, 0.11398521149497723, 0.5972570224794803, 0.07245337271303624], [0.6444982049529155, 0.15308206701677315, 0.09883897382377488, 0.10358075410653644]], "ideal": "C", "sampled": "A", "correct": false}}
{"type": "result", "data": {"idx": 47, "options": ["Field resistance.", "Armature resistance.", "Residual magnetism of the generator.", "None of above."], "probs": [[0.23826414344312305, 0.24202546474897554, 0.24970862266904464, 0.27000176903885675], [0.08869608689023406, 0.708655790362179, 0.0989502839410511, 0.1036978387065359], [0.4918325872711243, 0.2716250005437383, 0.16997842138651298, 0.06656399069862447], [0.12413707559263715, 0.20467445557267827, 0.19530089488611002, 0.47588757384857455]], "ideal": "C", "sampled": "C", "correct": true}}
{"type": "result", "data": {"idx": 48, "options": ["Tank circuit oscillator", "LC oscillator", "Resonant circuit oscillator", "All of the above"], "probs": [[0.010712631479696566, 0.00649768093782611, 0.0032672408425939822, 0.9795224466398833], [0.2417342585600356, 0.22357428737950613, 0.4112231257511166, 0.12346832820934169], [0.4424203320672272, 0.40919169863452604, 0.04811360718514742, 0.10027436201309935], [0.20448226615284695, 0.13411140040870298, 0.20771528159343425, 0.4536910517450158]], "ideal": "D", "sampled": "D", "correct": true}}
{"type": "result", "data": {"idx": 49, "options": ["1500 A.", "6000 A.", "2121.32 A.", "4242.64 A."], "probs": [[0.23128046610010566, 0.27040252691193145, 0.3873443093660033, 0.11097269752195955], [0.2272507778402178, 0.39885513781924625, 0.18840725156547303, 0.1854868326750629], [0.2656214078624817, 0.4244826182606946, 0.15373752093342247, 0.15615845284340124], [0.3754335883564788, 0.24622495103065165, 0.14702960628246806, 0.2313118542304015]], "ideal": "C", "sampled": "C", "correct": true}}
{"type": "result", "data": {"idx": 50, "options": ["Buffers", "Decoders", "Accumulators", "Registers"], "probs": [[0.3377352428127066, 0.009432807862595649, 0.011923691388418827, 0.6409082578362789], [0.13695081597320763, 0.11899145832894376, 0.6741098667088964, 0.06994785888895216], [0.1857622698596781, 0.794424531869416, 0.013456775851718715, 0.006356422319187247], [0.9785201641416879, 0.0077084322330181095, 0.005818523298750655, 0.007952880226543339]], "ideal": "C", "sampled": "D", "correct": false}}
{"type": "result", "data": {"idx": 51, "options": ["environmental errors.", "observational errors.", "instrument errors.", "all of the above."], "probs": [[0.0048876656104166, 0.0019442409453655622, 0.0016372251914274602, 0.9915308681527903], [0.20627605298256277, 0.21618304500256671, 0.5105711069022327, 0.06696979501263772], [0.06954885273476341, 0.8473055957900558, 0.016780264673939192, 0.06636528670124159], [0.8022742003332091, 0.041212690816198674, 0.02138177392864805, 0.13513133482194423]], "ideal": "D", "sampled": "D", "correct": true}}
{"type": "result", "data": {"idx": 52, "options": ["Inaccurate.", "Unreliable.", "both A and B.", "none of the above."], "probs": [[0.049926149143770894, 0.003910851085878622, 0.942128273372411, 0.004034726297939438], [0.0469644220679265, 0.9433280713491152, 0.003736588357764691, 0.0059709181251935365], [0.9824075653074036, 0.008110678277721153, 0.007046579778007987, 0.002435176536867312], [0.011129590020140639, 0.0020269449990595978, 0.0005045505522277133, 0.986338914328572]], "ideal": "C", "sampled": "C", "correct": true}}
{"type": "result", "data": {"idx": 53, "options": ["On Switch", "Zener diode", "Capacitor", "Off Switch"], "probs": [[0.7706745948319739, 0.04628256014587467, 0.04701129026626021, 0.13603155465589126], [0.17318232491061966, 0.020683499295604587, 0.6434466930864269, 0.16268748260734883], [0.6788319641195021, 0.07267436059548271, 0.19448689245036457, 0.05400678273465065], [0.8270046417461938, 0.10351174702443101, 0.042481074464654364, 0.02700253666472084]], "ideal": "D", "sampled": "D", "correct": true}}
{"type": "result", "data": {"idx": 54, "options": ["composite filter.", "crystal filter.", "m derived.", "constant k prototype."], "probs": [[0.04927152284625262, 0.7952239334855592, 0.08381475320034323, 0.07168979036784488], [0.8067727418722344, 0.05490263030847591, 0.07988215564399731, 0.05844247207529243], [0.11198827700757014, 0.21252170426379105, 0.07008114783771488, 0.605408870790924], [0.13012895326096396, 0.04224763547852401, 0.714565295661895, 0.11305811549861702]], "ideal": "B", "sampled": "B", "correct": true}}
{"type": "result", "data": {"idx": 55, "options": ["area of the conductor.", "length of the conductor.", "type of material.", "none of these."], "probs": [[0.11232730535920042, 0.04468222251307018, 0.3626104823396125, 0.48037998968811685], [0.06855130710154055, 0.8752348128683577, 0.024828261792209615, 0.0313856181378921], [0.9818315018681387, 0.008902348676577491, 0.003950384023581109, 0.005315765331702687], [0.04173842692737347, 0.021654312782675843, 0.015842483836542298, 0.9207647763534084]], "ideal": "C", "sampled": "C", "correct": true}}
{"type": "result", "data": {"idx": 56, "options": ["resolution.", "accuracy.", "precision.", "sensitivity."], "probs": [[0.12488290339231597, 0.05455859140493065, 0.43588871838717597, 0.3846697867155774], [0.010899214702268147, 0.02740103536836992, 0.5950829729728846, 0.36661677685647737], [0.025130204666648087, 0.062198988623665206, 0.8586325580615034, 0.05403824854818331], [0.09635530124072385, 0.590261441700398, 0.12765159821272118, 0.18573165874615696]], "ideal": "A", "sampled": "A", "correct": true}}
{"type": "result", "data": {"idx": 57, "options": ["Amp Modification", "Amplitude Method", "Amplitude Modulation", "Ampere Method"], "probs": [[0.0021632603162716115, 0.008292725587418295, 0.9889526102299947, 0.0005914037663154275], [0.0008965419005838464, 0.9986694824728238, 0.0002489630225048291, 0.00018501250408750622], [0.9991780485189801, 0.0003798299572431827, 0.00027357839186836693, 0.00016854303190841786], [0.00033673221649535345, 0.00029717085294988024, 0.011150934629874907, 0.9882151622006798]], "ideal": "C", "sampled": "C", "correct": true}}
{"type": "result", "data": {"idx": 58, "options": ["Open loop control system", "Closed loop control system", "Either A or B", "Nether A nor B"], "probs": [[0.0014659474476552516, 0.9904227203955824, 0.007103802094572744, 0.0010075299621895748], [0.9918222055161828, 0.005369931723567915, 0.0019448500095238105, 0.0008630126507254446], [0.0006447026686592508, 0.0012044809382108564, 0.0011139556812968276, 0.997036860611833], [0.004926822044530409, 0.0028514577406794092, 0.968717137444624, 0.023504582670166255]], "ideal": "B", "sampled": "B", "correct": true}}
{"type": "result", "data": {"idx": 59, "options": ["PLD", "PROM", "PAL", "PLA"], "probs": [[0.2230415294161573, 0.11215469734393502, 0.464868773513692, 0.1999349996262157], [0.017769467811983637, 0.011653820529130086, 0.030227273075612623, 0.9403494384832737], [0.1230581988376061, 0.029229549349952734, 0.8151050634294397, 0.03260718828300142], [0.07368816544404108, 0.8302555207115974, 0.03591350519169113, 0.060142808552670436]], "ideal": "B", "sampled": "A", "correct": false}}
{"type": "result", "data": {"idx": 60, "options": ["a lower sensitivity.", "a faster response.", "a higher accuracy.", "all of the above."], "probs": [[0.008673204757438557, 0.0024849895382898024, 0.0018757775198334904, 0.9869660280844381], [0.2238852885784654, 0.07737447003574605, 0.6684404933050694, 0.030299747980719133], [0.07713826716240893, 0.7913563817270131, 0.055562298532374994, 0.07594305247820306], [0.6599272587224627, 0.17486872037791007, 0.08260311308575828, 0.08260090771386895]], "ideal": "C", "sampled": "D", "correct": false}}
{"type": "result", "data": {"idx": 61, "options": ["one-fourth.", "one-half.", "doubled.", "unchanged."], "probs": [[0.22744182293302717, 0.10577316036714808, 0.1379531298099904, 0.5288318867898344], [0.5286331890434353, 0.14452486061777772, 0.2617021559297589, 0.06513979430902818], [0.1635436996578101, 0.7216210955988364, 0.05831585184254995, 0.056519352800803564], [0.1444740092433308, 0.3412171772817848, 0.09624387709415592, 0.4180649362807285]], "ideal": "C", "sampled": "D", "correct": false}}
{"type": "result", "data": {"idx": 62, "options": ["either minority carriers or majority carriers", "minority carriers", "majority carriers", "valance carriers"], "probs": [[0.34219732622213495, 0.5821160630142012, 0.026387944618298728, 0.049298666045365175], [0.9913650752430728, 0.0015620145715985294, 0.000797799206444795, 0.006275110878883854], [0.7690154290186818, 0.09476491768939245, 0.049936901768287835, 0.08628275142363792], [0.6460457208504664, 0.22327464574249908, 0.07596471584376535, 0.054714917463269154]], "ideal": "B", "sampled": "B", "correct": true}}
{"type": "result", "data": {"idx": 63, "options": ["Carbon.", "Sulphur.", "Oxygen.", "Nitrogen."], "probs": [[0.4527968499565088, 0.09792707187393841, 0.2878271660504044, 0.16144891201914832], [0.6169170644721818, 0.16347026579726792, 0.06604918738465851, 0.15356348224589184], [0.6913729978991264, 0.04930708289392508, 0.06430947657793797, 0.19501044252901054], [0.21049933525681033, 0.06728019213777509, 0.15889712337842177, 0.5633233491269928]], "ideal": "A", "sampled": "C", "correct": false}}
{"type": "result", "data": {"idx": 64, "options": ["Pulse Modulators Frequency Modulators Phase Clocked loops", "Frequency Modulators", "Phase Clocked loops", "All the above"], "probs": [[0.024573830061316044, 0.016627812198934482, 0.0073785593114603296, 0.9514197983282892], [0.09003317187509437, 0.05292951589052232, 0.8151675906117263, 0.041869721522657055], [0.05289319775903646, 0.8807738832609, 0.016643981291364813, 0.04968893758869876], [0.8448689171915286, 0.05749698483734759, 0.040138953327224586, 0.0574951445438992]], "ideal": "D", "sampled": "D", "correct": true}}
{"type": "result", "data": {"idx": 65, "options": ["With normal frequeny supply the electromagnetic forces causes severe stirring action in the molten metal.", "Magnetic coupling between the primary and secondary circuit is poor.", "Both A and B.", "None of the above."], "probs": [[0.08544838109322805, 0.01763367214497152, 0.8766219884538966, 0.02029595820790381], [0.7456568256569256, 0.17711270816007257, 0.04693010309077578, 0.03030036299222606], [0.23975233491546247, 0.05433998912312526, 0.672430371478106, 0.03347730438330625], [0.023160995222964567, 0.016424230740089973, 0.005856131959683243, 0.9545586419772623]], "ideal": "C", "sampled": "C", "correct": true}}
{"type": "result", "data": {"idx": 66, "options": ["the aluminium frame of the coil.", "the coil spring attached to the moving.", "eddy current disk.", "damping vane in the airtight chamber."], "probs": [[0.00762491403628151, 0.005938561449820196, 0.0032286908208293127, 0.983207833593069], [0.3882065873653314, 0.03236919526615643, 0.556110362343578, 0.023313854924934176], [0.011262949754285342, 0.9376983211520905, 0.007863191094767607, 0.043175537898856475], [0.893967400302433, 0.012554549661683047, 0.05715121402830389, 0.036326835907580006]], "ideal": "A", "sampled": "D", "correct": false}}
{"type": "result", "data": {"idx": 67, "options": ["Resistance.", "Inductance.", "Capacitance.", "All of the above."], "probs": [[0.05282110808892951, 0.08985286355736076, 0.031052394356214322, 0.8262736338974954], [0.34243975106748087, 0.21097259850098765, 0.3371366064550091, 0.1094510438765224], [0.08237394190125288, 0.6581326918579449, 0.09047135234379115, 0.16902201379701107], [0.46165163008203414, 0.14079779594917474, 0.18946486991932082, 0.2080857039494703]], "ideal": "B", "sampled": "D", "correct": false}}
{"type": "result", "data": {"idx": 68, "options": ["both level and edge", "edge", "level", "None"], "probs": [[0.2055372928357783, 0.21880129443614804, 0.29907080221798693, 0.2765906104100867], [0.46159303183708045, 0.1149036139134898, 0.19853430984419076, 0.224969044305239], [0.0493903068526371, 0.06646349552763378, 0.03557516034831032, 0.8485710371714188], [0.07018125474831523, 0.21958876962783103, 0.22304822341644828, 0.48718175210740544]], "ideal": "C", "sampled": "B", "correct": false}}
{"type": "result", "data": {"idx": 69, "options": ["CB and fuse.", "Heat sink.", "Snubber circuit.", "Voltage clamping device."], "probs": [[0.020778823462876506, 0.004636435779145166, 0.9553675307949481, 0.019217209863030285], [0.0032488538174164205, 0.9740262060456192, 0.008831416823360598, 0.01389352321360381], [0.9872415341893723, 0.00923550099008894, 0.002564659957553241, 0.00095830476298547], [0.00597164984667917, 0.003679078186297972, 0.0016325793036371817, 0.9887166925633857]], "ideal": "A", "sampled": "C", "correct": false}}
{"type": "result", "data": {"idx": 70, "options": ["gross error.", "instrumental error.", "observational error.", "systematic error."], "probs": [[0.12412802688835507, 0.09370084711418059, 0.7032689942719258, 0.07890213162553854], [0.014515666840990734, 0.9265835639293335, 0.011305194256996989, 0.0475955748726788], [0.4099802909384426, 0.17091271024853458, 0.14169131006833635, 0.2774156886446864], [0.04975231975499922, 0.08332199136685228, 0.025411713264526417, 0.8415139755136221]], "ideal": "A", "sampled": "C", "correct": false}}
{"type": "result", "data": {"idx": 71, "options": ["resistance.", "conductance.", "inductance.", "capacitance."], "probs": [[0.16137855234256554, 0.12967382756587012, 0.4386825095775883, 0.27026511041397605], [0.09762250267399265, 0.2781037584375483, 0.1512020918872963, 0.47307164690116277], [0.2933821125539133, 0.09674841308741489, 0.49133057129432717, 0.11853890296434465], [0.14403460489160105, 0.2063217846448992, 0.21962895332676452, 0.4300146570367352]], "ideal": "B", "sampled": "C", "correct": false}}
{"type": "result", "data": {"idx": 72, "options": ["LED", "Fluorescent", "Incandescent", "High pressure sodium vapour"], "probs": [[0.6582238526381099, 0.11618458963846287, 0.04843302707411991, 0.17715853054930736], [0.21619860302127786, 0.030664020654354678, 0.021744006351919434, 0.731393369872448], [0.20345877556868003, 0.014970755367540738, 0.7101499669863843, 0.07142050197739497], [0.07880058520396173, 0.6807380051587546, 0.03284934694379463, 0.20761206259348902]], "ideal": "C", "sampled": "A", "correct": false}}
{"type": "result", "data": {"idx": 73, "options": ["Maximum", "Minimum", "Zero", "A finite value"], "probs": [[0.1352552849903527, 0.08076702381332812, 0.041251642336583384, 0.7427260487597358], [0.12878394848108218, 0.038669188992138795, 0.7646824857017154, 0.06786437672506367], [0.04419741620637475, 0.8739917104632825, 0.02765895559945687, 0.054151917630885914], [0.6576532222813336, 0.14674566903354042, 0.1008571252253694, 0.09474398335975658]], "ideal": "C", "sampled": "D", "correct": false}}
