{"type": "result", "data": {"idx": 0, "options": ["10%", "20%", "40%", "80%"], "probs": [[0.03475352966049588, 0.6160342417324057, 0.20959474697424757, 0.13961748153285083], [0.017179197153436066, 0.7776022511418047, 0.09143212432428785, 0.11378642728047135], [0.09982530921740601, 0.6929400149522676, 0.0707885953243161, 0.13644608040601022], [0.1642919033601501, 0.4066388308595284, 0.14959339796000862, 0.2794758677203129]], "ideal": "C", "sampled": "C", "correct": true}}
{"type": "result", "data": {"idx": 1, "options": ["About $300", "About $3k", "About $8k", "About $15k"], "probs": [[0.5941341121914177, 0.1599093729067289, 0.20856382649941685, 0.03739268830243663], [0.11516429927482637, 0.7393311068595796, 0.09110475838117717, 0.05439983538441683], [0.29969805810991385, 0.6246309945625278, 0.0363589342985332, 0.03931201292902516], [0.541907349848672, 0.0941702017775555, 0.26826988648660416, 0.09565256178716841]], "ideal": "B", "sampled": "C", "correct": false}}
{"type": "result", "data": {"idx": 2, "options": ["52%", "62%", "72%", "82%"], "probs": [[0.10257490494026653, 0.3062365880398452, 0.32093720907629153, 0.27025129784359675], [0.08395566727904602, 0.37043970543584476, 0.14506773541111648, 0.4005368917739927], [0.08415963335749317, 0.7739317772358782, 0.04947646544819466, 0.09243212385843397], [0.7452219932952278, 0.05071341421204688, 0.0785475830576249, 0.12551700933510046]], "ideal": "C", "sampled": "D", "correct": false}}
{"type": "result", "data": {"idx": 3, "options": ["China", "United States", "Germany", "Japan"], "probs": [[0.6196316641598513, 0.1319271956382281, 0.18897700800659598, 0.059464132095324605], [0.00358135863165766, 0.04163191791828995, 0.021938435579639263, 0.9328482877704131], [0.04949031494809142, 0.026490111555109754, 0.8910522710454237, 0.03296730235137511], [0.002453772264060734, 0.7472264501500522, 0.17748158540264034, 0.07283819208324678]], "ideal": "A", "sampled": "A", "correct": true}}
{"type": "result", "data": {"idx": 4, "options": ["by 5 fold", "by 10 fold", "by 15 fold", "by 20 fold"], "probs": [[0.16680863002114127, 0.4605923569094903, 0.1950284209669362, 0.17757059200243222], [0.10268909350137768, 0.2791499363590241, 0.24252952588335447, 0.3756314441562437], [0.1301839808258167, 0.2671282907094282, 0.49133554462150447, 0.11135218374325066], [0.062175950289831014, 0.5455932149168491, 0.20071440703489166, 0.1915164276584282]], "ideal": "C", "sampled": "A", "correct": false}}
{"type": "result", "data": {"idx": 5, "options": ["Lower respiratory infections", "Preterm birth complications", "Diarrheal diseases", "Malaria"], "probs": [[0.9090952100174612, 0.050492694651430234, 0.026608352726460692, 0.013803742504647873], [0.0186849555033522, 0.8590684620267817, 0.007789204907459109, 0.114457377462407], [0.9269522349514099, 0.022143180785899275, 0.030743270964636676, 0.020161313198054198], [0.02037396591354175, 0.8938237372809735, 0.013572296016609227, 0.07223000068887547]], "ideal": "A", "sampled": "A", "correct": true}}
{"type": "result", "data": {"idx": 6, "options": ["10%", "20%", "30%", "40%"], "probs": [[0.12671885648407086, 0.3724460823429359, 0.26409997127395185, 0.2367350897990414], [0.07983544439872868, 0.31575164117657184, 0.3257712107941645, 0.278641703530535], [0.1334663927421618, 0.430832892613243, 0.26960444447682375, 0.16609627006777147], [0.22882498287002603, 0.41434421205078165, 0.12440795172085144, 0.23242285325834092]], "ideal": "C", "sampled": "D", "correct": false}}
{"type": "result", "data": {"idx": 7, "options": ["29%", "49%", "69%", "89%"], "probs": [[0.20483106641920115, 0.30272759179857467, 0.284383816429321, 0.20805752525290322], [0.10145661968046484, 0.4916575184227966, 0.16727759186162738, 0.2396082699351112], [0.28468685915176034, 0.38309835812942256, 0.13034117026305383, 0.20187361235576326], [0.5499247107132933, 0.11527235375412608, 0.08302788871337603, 0.25177504671920464]], "ideal": "C", "sampled": "C", "correct": true}}
{"type": "result", "data": {"idx": 8, "options": ["18%", "38%", "58%", "78%"], "probs": [[0.07360093043312817, 0.5354209900766805, 0.19090921964958785, 0.2000688597406034], [0.07728506166777019, 0.5622254818944733, 0.1942998392052304, 0.16618961713252609], [0.028055015470742652, 0.9004910435800774, 0.01388881517072758, 0.05756512567845234], [0.7297915056409715, 0.04451825369781051, 0.09278465599120182, 0.1329055845700161]], "ideal": "C", "sampled": "D", "correct": false}}
{"type": "result", "data": {"idx": 9, "options": ["11%", "26%", "41%", "56%"], "probs": [[0.07610885450050582, 0.5623827869380364, 0.21014752587834096, 0.15136083258311672], [0.07117546826320822, 0.6053389120096377, 0.22620037222480283, 0.09728524740235124], [0.24636617691775145, 0.6697027001937038, 0.05671807438581441, 0.027213048402730367], [0.7737131252878189, 0.056048009923574754, 0.1047124055094669, 0.06552645917913948]], "ideal": "B", "sampled": "D", "correct": false}}
{"type": "result", "data": {"idx": 10, "options": ["23%", "38%", "53%", "68%"], "probs": [[0.09264424580369175, 0.39005190711370574, 0.34422117981182265, 0.17308266717077983], [0.13595466922151492, 0.3312815277520029, 0.35265125417094173, 0.18011254875554042], [0.1316939841193148, 0.734541746358815, 0.09940959886921757, 0.03435467055265268], [0.6373889709243351, 0.07263952114096582, 0.182617133254029, 0.10735437458067008]], "ideal": "D", "sampled": "D", "correct": true}}
{"type": "result", "data": {"idx": 11, "options": ["5%", "10%", "15%", "25%"], "probs": [[0.2674867272292825, 0.12056679546894257, 0.22879076513127622, 0.38315571207049864], [0.1566799455229712, 0.16941339028293603, 0.3422175398457193, 0.33168912424837343], [0.2617494243643027, 0.2617530006430955, 0.2965999333740684, 0.17989764151853338], [0.20975327802219462, 0.4581468769173668, 0.10881836873424204, 0.22328147622619657]], "ideal": "B", "sampled": "A", "correct": false}}
{"type": "result", "data": {"idx": 12, "options": ["2%", "4%", "9%", "18%"], "probs": [[0.17814319527707867, 0.23600236014141343, 0.32257668718852345, 0.2632777572929844], [0.13121768048776225, 0.4370232857610888, 0.1582784260187165, 0.2734806076324325], [0.1529391579614997, 0.5594325744461758, 0.12482556885462819, 0.16280269863769634], [0.28152418133781437, 0.3970148861011219, 0.12492536007108748, 0.19653557238997627]], "ideal": "C", "sampled": "D", "correct": false}}
{"type": "result", "data": {"idx": 13, "options": ["minimum wage legislation", "land reform", "progressive taxation", "increased access to education"], "probs": [[0.8382345720945041, 0.020659647110286915, 0.05275606912010591, 0.08834971157510305], [0.06342608066746051, 0.025626608573215495, 0.021579683950306103, 0.8893676267090179], [0.04151915246700163, 0.03284482547460086, 0.05167150323677593, 0.8739645187216216], [0.15643860165046986, 0.29227098384153277, 0.06941971078685553, 0.48187070362114187]], "ideal": "A", "sampled": "A", "correct": true}}
{"type": "result", "data": {"idx": 14, "options": ["36%", "56%", "76%", "96%"], "probs": [[0.2225238134308515, 0.4289319014626643, 0.24824403778761803, 0.10030024721886616], [0.09940000030000413, 0.7344895162748226, 0.08240667238563729, 0.08370381093953594], [0.47328618357496943, 0.3356149421336497, 0.09032936999016962, 0.10076950420121128], [0.43073780623950036, 0.13553923771036994, 0.13767338207994184, 0.2960495738701879]], "ideal": "B", "sampled": "C", "correct": false}}
{"type": "result", "data": {"idx": 15, "options": ["6%", "13%", "27%", "46%"], "probs": [[0.05336051826152255, 0.307072729985527, 0.33725682023243475, 0.3023099314205157], [0.0084679323405566, 0.8773607497265684, 0.044369501855233785, 0.0698018159776412], [0.02891031282080121, 0.8188974794325373, 0.06721972366623859, 0.08497248398042287], [0.5133088383551377, 0.0642488841424376, 0.07511488571354276, 0.34732739168888194]], "ideal": "B", "sampled": "D", "correct": false}}
{"type": "result", "data": {"idx": 16, "options": ["34%", "49%", "64%", "79%"], "probs": [[0.061550753156668636, 0.4408134352962467, 0.3379851084009116, 0.159650703046173], [0.05880514400299861, 0.4923809060174872, 0.2986483804885035, 0.15016556939101072], [0.08429765464926042, 0.8124044905795101, 0.030058269477472113, 0.07323958519375734], [0.723809131056062, 0.044153135758914726, 0.10427656140189816, 0.127761171683125]], "ideal": "A", "sampled": "D", "correct": false}}
{"type": "result", "data": {"idx": 17, "options": ["62%", "72%", "82%", "92%"], "probs": [[0.26505865854179717, 0.5189766728664019, 0.08878567549337175, 0.12717899299842908], [0.3046758665565817, 0.4364426710002487, 0.05906626583092276, 0.19981519651224686], [0.5697005774367654, 0.25678997272702725, 0.09014156124057125, 0.08336788849563607], [0.2845142737802312, 0.42711452483863876, 0.12625541920490904, 0.162115782076221]], "ideal": "C", "sampled": "C", "correct": true}}
{"type": "result", "data": {"idx": 18, "options": ["About $3k", "About $8k", "About $15k", "About $30k"], "probs": [[0.08032797485641963, 0.8240679716555585, 0.06159100096480431, 0.03401305242321766], [0.3203095829201136, 0.5534501733090503, 0.08487609122823886, 0.04136415244259721], [0.19326402295206357, 0.6959784107720451, 0.05624484968778936, 0.054512716488101916], [0.3162460409299773, 0.12192453760727821, 0.5133316054178089, 0.048497815944935595]], "ideal": "C", "sampled": "B", "correct": false}}
{"type": "result", "data": {"idx": 19, "options": ["55,000", "550,000", "5,500,000", "55,000,000"], "probs": [[0.18001702574948664, 0.5209022967814326, 0.11622816947220502, 0.1828525078968757], [0.5894203825407425, 0.1974318638055174, 0.046894304799026995, 0.16625344875471318], [0.38504416607293873, 0.12306841736699235, 0.29522559703673673, 0.19666181942333213], [0.021948451437318932, 0.6120612617476393, 0.12630560726134218, 0.2396846794536996]], "ideal": "B", "sampled": "B", "correct": true}}
{"type": "result", "data": {"idx": 20, "options": ["25%", "45%", "65%", "85%"], "probs": [[0.46671645239443815, 0.23104537219614127, 0.16641405719088506, 0.1358241181185355], [0.4330285231021032, 0.26265259009043884, 0.1320675234622302, 0.17225136324522775], [0.3123083621754015, 0.440439521953793, 0.06649610100367974, 0.18075601476712574], [0.8288685802117904, 0.08079823226118095, 0.0381663708077407, 0.0521668166192879]], "ideal": "A", "sampled": "D", "correct": false}}
{"type": "result", "data": {"idx": 21, "options": ["24%", "44%", "64%", "84%"], "probs": [[0.10906087524798017, 0.40524413875726434, 0.3058786071093079, 0.17981637878544754], [0.10732871798108, 0.5802839268100245, 0.158636819734874, 0.15375053537402145], [0.1388011854531986, 0.7742373245559114, 0.029098299880977157, 0.05786319000991278], [0.7029771751730712, 0.0643773521092429, 0.08528505946375627, 0.14736041315392961]], "ideal": "A", "sampled": "D", "correct": false}}
{"type": "result", "data": {"idx": 22, "options": ["25%", "40%", "55%", "75%"], "probs": [[0.39667609330025244, 0.18447512386384618, 0.24823559818169652, 0.17061318455420485], [0.4002674400525715, 0.23901482992530595, 0.22453085589536675, 0.1361868740267558], [0.6397384881138687, 0.17489833941039404, 0.07761090081235268, 0.1077522715633846], [0.6434284112406162, 0.07805824616957155, 0.09125934064358289, 0.18725400184622934]], "ideal": "D", "sampled": "C", "correct": false}}
{"type": "result", "data": {"idx": 23, "options": ["8%", "16%", "32%", "64%"], "probs": [[0.24948748014281716, 0.42439804876084314, 0.210090972086231, 0.11602349891010869], [0.26949464500564335, 0.5114171923601999, 0.14425190973903904, 0.07483625279511769], [0.5254742306886319, 0.29476683230854234, 0.13923856095923756, 0.040520375943588205], [0.8382079569223954, 0.050338432000243315, 0.08044102757200468, 0.03101258340535659]], "ideal": "B", "sampled": "D", "correct": false}}
{"type": "result", "data": {"idx": 24, "options": ["males are more likely to have depression and are more likely to have an alcohol use disorder than females.", "females are more likely to have depression and are more likely to have an alcohol use disorder than males.", "males are more likely than females to have depression while females are more likely than males to have an alcohol use disorder.", "females are more likely than males to have depression while males are more likely than females to have an alcohol use disorder."], "probs": [[0.2639285820405441, 0.14127607204664158, 0.4420435459502224, 0.1527517998625919], [0.20320521293038596, 0.11399145423226083, 0.39171838756458793, 0.2910849451727653], [0.1219178485319771, 0.046276553426304656, 0.7353623940351826, 0.09644320390653573], [0.08832651265390096, 0.5004222503885194, 0.13054396436494836, 0.2807072724926313]], "ideal": "D", "sampled": "A", "correct": false}}
{"type": "result", "data": {"idx": 25, "options": ["37%", "47%", "57%", "67%"], "probs": [[0.060668560471492404, 0.3129577578112867, 0.4211330334955086, 0.20524064812171225], [0.08966201553131942, 0.35463029216458664, 0.36589127756867584, 0.1898164146354181], [0.057615418916392894, 0.7708989007682376, 0.13188705698373893, 0.03959862323163051], [0.6066014441212043, 0.06294481737035568, 0.22667592284838217, 0.10377781556005784]], "ideal": "D", "sampled": "D", "correct": true}}
{"type": "result", "data": {"idx": 26, "options": ["1%", "3%", "6%", "10%"], "probs": [[0.08877270337153223, 0.5699068691046275, 0.1533886136934026, 0.1879318137304377], [0.22972351773512062, 0.4095374758338811, 0.2192107638850303, 0.14152824244596798], [0.2626890618147738, 0.5306613006854265, 0.09366791228513761, 0.11298172511466209], [0.3809654981935119, 0.11086950367422722, 0.3309984182161018, 0.17716657981615908]], "ideal": "D", "sampled": "D", "correct": true}}
{"type": "result", "data": {"idx": 27, "options": ["23%", "43%", "63%", "83%"], "probs": [[0.09308230200285444, 0.5791891855851966, 0.17664061616562146, 0.15108789614632748], [0.10226631468305486, 0.6264721341243399, 0.14198419873439605, 0.12927735235820917], [0.14268571989216347, 0.6394898008888819, 0.08790719115269917, 0.12991728796625548], [0.331802792779766, 0.3940329043329514, 0.09656133717587581, 0.1776029656114068]], "ideal": "C", "sampled": "D", "correct": false}}
{"type": "result", "data": {"idx": 28, "options": ["10%", "30%", "50%", "70%"], "probs": [[0.07935613629489724, 0.5256274498660486, 0.22962527659102624, 0.16539113714802792], [0.1654376164462703, 0.26437764175374606, 0.31394983911579255, 0.25623490258419107], [0.06550154186877562, 0.6312671397183951, 0.18085827201075186, 0.12237304630207739], [0.5741895950031913, 0.19233134616460448, 0.15697584958078936, 0.07650320915141479]], "ideal": "D", "sampled": "D", "correct": true}}
{"type": "result", "data": {"idx": 29, "options": ["26%", "41%", "56%", "71%"], "probs": [[0.17477912678225074, 0.4000792681747165, 0.2503623887538175, 0.17477921618921524], [0.24356010553785407, 0.2633565664028025, 0.2847546040727056, 0.20832872388663784], [0.1664659902376666, 0.4596394094526348, 0.24220855939014088, 0.1316860408195577], [0.4584289329317421, 0.2415793013801782, 0.16864881420382627, 0.13134295138425342]], "ideal": "C", "sampled": "D", "correct": false}}
{"type": "result", "data": {"idx": 30, "options": ["690 million", "6.9 billion", "69 billion", "690 billion"], "probs": [[0.7248143064968312, 0.1060646192036991, 0.09507589182910096, 0.07404518237036874], [0.7400723712094651, 0.1730586452823987, 0.03571300301353735, 0.05115598039459886], [0.7064097549298675, 0.13273152757126294, 0.04732738079896922, 0.1135313365999004], [0.27513720447228857, 0.4680295005886534, 0.0950862456448375, 0.16174704919422053]], "ideal": "C", "sampled": "A", "correct": false}}
{"type": "result", "data": {"idx": 31, "options": ["9%", "29%", "59%", "79%"], "probs": [[0.6001924692926889, 0.13817341212519868, 0.09496493353594593, 0.16666918494616645], [0.3776238290410895, 0.06460572081609516, 0.08040131687612972, 0.47736913316668567], [0.2939398687377273, 0.12446501760292276, 0.3490671281047966, 0.2325279854545533], [0.31421999076502455, 0.18472235453434374, 0.24857264005358723, 0.2524850145470445]], "ideal": "A", "sampled": "A", "correct": true}}
{"type": "result", "data": {"idx": 32, "options": ["31%", "51%", "71%", "91%"], "probs": [[0.18772960358189578, 0.13106071361807473, 0.31934960245800126, 0.3618600802420282], [0.08255653513064751, 0.5057475830126185, 0.08518084582032742, 0.3265150359364066], [0.36296292319023443, 0.3009163320309805, 0.10898389570719308, 0.22713684897159198], [0.5394037686883687, 0.1342706164148657, 0.06751618191021136, 0.25880943288655417]], "ideal": "B", "sampled": "C", "correct": false}}
{"type": "result", "data": {"idx": 33, "options": ["by 4 fold", "by 8 fold", "by 16 fold", "by 32 fold"], "probs": [[0.11120934038900909, 0.6500605183975376, 0.14058690714385538, 0.09814323396959788], [0.1604285317307381, 0.5098531613799773, 0.20280731305803423, 0.12691099373125037], [0.11756634886231086, 0.6557456948063531, 0.12130163044463975, 0.10538632578669622], [0.3376569176698101, 0.2629709859150756, 0.29798883418730865, 0.10138326212780564]], "ideal": "C", "sampled": "D", "correct": false}}
{"type": "result", "data": {"idx": 34, "options": ["1", "7", "13", "19"], "probs": [[0.04890283941733567, 0.5016872286294882, 0.23698379096999211, 0.21242614088318396], [0.0959155424724797, 0.3975709437564446, 0.3244965422499013, 0.18201697142117435], [0.059677524570293156, 0.6122370179208713, 0.1324053814157945, 0.1956800759930411], [0.3147854021004722, 0.1375232107785978, 0.37384731325659004, 0.17384407376433994]], "ideal": "D", "sampled": "D", "correct": true}}
{"type": "result", "data": {"idx": 35, "options": ["59%", "69%", "79%", "89%"], "probs": [[0.3109931647466564, 0.32592356201727335, 0.188629686813565, 0.1744535863225052], [0.2928498648872064, 0.3588156722558448, 0.13407829111173694, 0.21425617164521188], [0.4448660346783336, 0.33580771335438325, 0.1467034082467436, 0.07262284362053958], [0.6759929060259982, 0.11209145932268749, 0.06798738985573864, 0.14392824469557575]], "ideal": "D", "sampled": "D", "correct": true}}
{"type": "result", "data": {"idx": 36, "options": ["Earthquakes", "Volcanic activity", "Wildfires", "Floods"], "probs": [[0.2867029585648252, 0.09021668813059065, 0.0874447070910158, 0.5356356461135684], [0.07277345534624886, 0.025150088169237545, 0.04278283121559328, 0.8592936251689203], [0.19466520118759006, 0.09636731830887488, 0.4387005105660059, 0.2702669698375291], [0.2447632608778666, 0.28616111401732, 0.09585436075509832, 0.37322126424971513]], "ideal": "D", "sampled": "A", "correct": false}}
{"type": "result", "data": {"idx": 37, "options": ["15%", "35%", "55%", "75%"], "probs": [[0.1196876513908105, 0.5448643442846381, 0.1768884470087327, 0.1585595572158186], [0.2071779015681648, 0.3810734024742673, 0.1946275768067927, 0.2171211190507752], [0.2768603810564325, 0.3843954548804923, 0.16275976561704772, 0.17598439834602742], [0.39640593524783496, 0.1759087443175837, 0.15523743627903192, 0.27244788405554937]], "ideal": "B", "sampled": "D", "correct": false}}
{"type": "result", "data": {"idx": 38, "options": ["by 4 fold", "by 8 fold", "by 16 fold", "by 32 fold"], "probs": [[0.1099614401805386, 0.6427705739666608, 0.13900954709280733, 0.1082584386599933], [0.14955725818696353, 0.5302442153685266, 0.1861341092956462, 0.13406441704886368], [0.10532200061171051, 0.6451925923116202, 0.13736980276089214, 0.11211560421577718], [0.2755092002024157, 0.2842608605261242, 0.33233826358755214, 0.10789167558390796]], "ideal": "D", "sampled": "B", "correct": false}}
{"type": "result", "data": {"idx": 39, "options": ["36%", "51%", "66%", "81%"], "probs": [[0.17029311743782383, 0.1960115076104041, 0.34401201173167456, 0.2896833631200975], [0.13407233064672708, 0.2176305398989133, 0.2838402345945923, 0.36445689475976734], [0.061223657757586994, 0.4968688039541718, 0.28310332543114985, 0.15880421275709136], [0.282006506325513, 0.29554629763309537, 0.21287453489670094, 0.20957266104469066]], "ideal": "C", "sampled": "D", "correct": false}}
{"type": "result", "data": {"idx": 40, "options": ["81%", "86%", "91%", "96%"], "probs": [[0.29910847095972665, 0.428463571796731, 0.12665100205688265, 0.14577695508665967], [0.33406406886562956, 0.26843634445096143, 0.12483169975248155, 0.2726678868309274], [0.3691309470087143, 0.3749499991190993, 0.11798251460907123, 0.13793653916311513], [0.18570222788841212, 0.4742205652516969, 0.1296431033024086, 0.2104341034574823]], "ideal": "B", "sampled": "A", "correct": false}}
{"type": "result", "data": {"idx": 41, "options": ["26%", "46%", "66%", "86%"], "probs": [[0.20829431400161752, 0.28919598026369897, 0.2512555084684244, 0.2512541971662591], [0.1364190727335886, 0.37083965536223856, 0.22143675384691303, 0.2713045179572598], [0.13823388927489677, 0.44624109401535267, 0.14487134350494255, 0.27065367310480803], [0.5104423951011966, 0.11569115204291776, 0.12509228753881513, 0.24877416521707055]], "ideal": "A", "sampled": "D", "correct": false}}
{"type": "result", "data": {"idx": 42, "options": ["Brazil", "China", "Mexico", "Iran"], "probs": [[0.1951533526709228, 0.21434019184442454, 0.2585401198226936, 0.3319663355619591], [0.10276386426417188, 0.35313035455702424, 0.09069034795940434, 0.4534154331193996], [0.1620636308338648, 0.22152142554573448, 0.22151977151681748, 0.39489517200358326], [0.14143169993441504, 0.3905153753809414, 0.1287774256107351, 0.33927549897390846]], "ideal": "C", "sampled": "A", "correct": false}}
{"type": "result", "data": {"idx": 43, "options": ["1.2 million", "2.4 million", "3.6 million", "4.8 million"], "probs": [[0.14392463218063475, 0.7424195672237724, 0.0467254945562772, 0.06693030593931557], [0.4187173544941848, 0.3581441342472514, 0.09342817961235365, 0.12971033154621017], [0.11874109542725624, 0.738829091783247, 0.07787230890971679, 0.06455750377978008], [0.45268400431957934, 0.38719808569867975, 0.07506249173166325, 0.08505541815007767]], "ideal": "A", "sampled": "D", "correct": false}}
{"type": "result", "data": {"idx": 44, "options": ["Diarrheal diseases", "Diabetes", "Dementia", "Road injuries"], "probs": [[0.657452266855015, 0.11787549820829021, 0.017796901486983548, 0.2068753333497112], [0.04185927947339795, 0.016391902427413233, 0.7655241420181366, 0.17622467598105226], [0.015273489995310419, 0.8876816579063194, 0.0157585284098711, 0.08128632358849915], [0.6354940592187502, 0.22307993677151047, 0.027489407241290825, 0.11393659666844841]], "ideal": "C", "sampled": "D", "correct": false}}
{"type": "result", "data": {"idx": 45, "options": ["3 million", "14 million", "42 million", "124 million"], "probs": [[0.061384080167148095, 0.342374902487485, 0.41298182199057376, 0.18325919525479314], [0.024129216993755077, 0.8244220444692237, 0.06982084219944153, 0.08162789623757968], [0.6400992369026482, 0.15443155398063632, 0.12408948128307955, 0.08137972773363587], [0.2881722068626753, 0.1889900407743739, 0.1641951176505341, 0.3586426346124167]], "ideal": "C", "sampled": "C", "correct": true}}
{"type": "result", "data": {"idx": 46, "options": ["26%", "46%", "66%", "86%"], "probs": [[0.3175554596878089, 0.4077566594055581, 0.19564178729814238, 0.07904609350849058], [0.1256895307017553, 0.5811974741892103, 0.16139062516011374, 0.13172236984892066], [0.2525810395145052, 0.47189380491625793, 0.1580631344630881, 0.11746202100614873], [0.6325509453297269, 0.10992261602490702, 0.12072594282722293, 0.13680049571814315]], "ideal": "A", "sampled": "D", "correct": false}}
{"type": "result", "data": {"idx": 47, "options": ["25%", "45%", "65%", "85%"], "probs": [[0.18670777040962228, 0.1867104824210401, 0.3328460851827037, 0.2937356618866339], [0.17765390871178782, 0.2544853090985444, 0.28836542365051526, 0.2794953584391525], [0.17134343085959752, 0.48812392349130296, 0.17956832049481478, 0.16096432505428473], [0.6407153296149704, 0.08671202897361177, 0.12038804382616611, 0.1521845974852517]], "ideal": "B", "sampled": "D", "correct": false}}
{"type": "result", "data": {"idx": 48, "options": ["6%", "16%", "36%", "66%"], "probs": [[0.15626725320047222, 0.4889274762241749, 0.21028127950888195, 0.14452399096647092], [0.1177033895820875, 0.570391935935442, 0.15838963809844536, 0.1535150362840251], [0.32870155814505964, 0.3667019334568094, 0.20893792961637386, 0.09565857868175709], [0.6656550565991216, 0.11211595349037194, 0.14395974146000176, 0.07826924835050475]], "ideal": "C", "sampled": "D", "correct": false}}
{"type": "result", "data": {"idx": 49, "options": ["43%", "58%", "73%", "88%"], "probs": [[0.215902956688116, 0.32411276160109836, 0.30447541240916887, 0.1555088692016168], [0.15284076910631697, 0.45631191390290987, 0.1348843046956895, 0.25596301219508366], [0.35949440413818784, 0.40105553270094335, 0.1029990361378475, 0.13645102692302127], [0.3944921312680374, 0.2547079102353231, 0.186347952059587, 0.16445200633705248]], "ideal": "B", "sampled": "C", "correct": false}}
{"type": "result", "data": {"idx": 50, "options": ["0.50%", "2%", "6%", "12%"], "probs": [[0.058957125326789935, 0.6747441811772247, 0.1706011574105061, 0.09569753598547924], [0.13100085468020853, 0.5430234982933638, 0.20290713442062353, 0.12306851250580411], [0.19918082949286922, 0.5247962552498938, 0.1347774585168508, 0.1412454566403862], [0.4537175527697444, 0.16954901560117544, 0.20451298049262995, 0.17222045103645023]], "ideal": "B", "sampled": "D", "correct": false}}
{"type": "result", "data": {"idx": 51, "options": ["strongly supported by most studies", "supported mainly by cross-section, not time-series studies", "supported mainly by time-series, not cross-section studies", "generally repudiated by empirical studies"], "probs": [[0.41682528824176557, 0.16580532242479887, 0.13532784378176907, 0.2820415454516665], [0.1974617494611588, 0.11251288493037277, 0.27847386856063805, 0.4115514969478304], [0.4118577951440615, 0.12959992304936796, 0.33095411963636645, 0.12758816207020407], [0.6027207239251453, 0.08819921861751791, 0.22877509378346914, 0.08030496357386764]], "ideal": "B", "sampled": "D", "correct": false}}
{"type": "result", "data": {"idx": 52, "options": ["12 years", "9 years", "6 years", "3 years"], "probs": [[0.4305915767925795, 0.291357304255477, 0.19714453520674183, 0.08090658364520165], [0.42551918545523315, 0.21733758693734256, 0.23135802948074524, 0.12578519802667906], [0.2934979796116109, 0.2321813106304684, 0.33782827850778213, 0.1364924311501386], [0.07708879733373292, 0.47223934195556627, 0.31953574052663974, 0.13113612008406103]], "ideal": "B", "sampled": "A", "correct": false}}
{"type": "result", "data": {"idx": 53, "options": ["0.90%", "1.80%", "3.60%", "7.20%"], "probs": [[0.11678542233632008, 0.4547491676109952, 0.1925491521534176, 0.23591625779926706], [0.08167963900164654, 0.4213564913260943, 0.2851008325210159, 0.2118630370512432], [0.029078011149736883, 0.8109005802661039, 0.06761125321332188, 0.09241015527083737], [0.39224401696937844, 0.2781520229024496, 0.1660901779677803, 0.1635137820603916]], "ideal": "D", "sampled": "D", "correct": true}}
{"type": "result", "data": {"idx": 54, "options": ["14%", "24%", "34%", "44%"], "probs": [[0.1719323869165565, 0.29247469142842186, 0.2041770250023427, 0.33141589655267895], [0.13753911236613472, 0.25298266469470065, 0.24139413646158012, 0.3680840863775845], [0.0883931627009409, 0.33885277779650186, 0.36070890598673533, 0.21204515341582192], [0.2624304294323751, 0.26656544205860955, 0.24653495845713513, 0.22446916995188018]], "ideal": "A", "sampled": "D", "correct": false}}
{"type": "result", "data": {"idx": 55, "options": ["60%", "75%", "90%", "45%"], "probs": [[0.05445492104775782, 0.6040541349029241, 0.12272151937683509, 0.2187694245724829], [0.2742781381672246, 0.44520849648446964, 0.0978004648855945, 0.18271290036271118], [0.3466691763847595, 0.15872011131129268, 0.2742474809463267, 0.22036323125762108], [0.07281802633694046, 0.41255374723124566, 0.36981042614207377, 0.1448178001897401]], "ideal": "B", "sampled": "B", "correct": true}}
{"type": "result", "data": {"idx": 56, "options": ["50%", "60%", "70%", "80%"], "probs": [[0.10043394636173905, 0.22990153676122788, 0.2906232579088956, 0.3790412588681375], [0.1548926280252008, 0.22188065115023087, 0.2849022830708715, 0.3383244376536968], [0.0802608448002095, 0.7497091357983707, 0.03561705470949364, 0.13441296459192617], [0.6078393549287351, 0.13776426221191498, 0.053950250947299556, 0.20044613181205034]], "ideal": "D", "sampled": "D", "correct": true}}
{"type": "result", "data": {"idx": 57, "options": ["2%", "25%", "50%", "75%"], "probs": [[0.07707352878072864, 0.6763496347857457, 0.1070109076168598, 0.13956592871666587], [0.22465509174007722, 0.27964642641132065, 0.2710219621387303, 0.2246765196098718], [0.09261858600373615, 0.6231995317193465, 0.09707433128987068, 0.18710755088704664], [0.6491687152071361, 0.11459266882154313, 0.13822474765383105, 0.09801386821748968]], "ideal": "D", "sampled": "D", "correct": true}}
{"type": "result", "data": {"idx": 58, "options": ["no nation has been able to grow in the past years.", "the Democratic Republic of Congo has become poorer than it initially was in 1980.", "some countries have had relatively significant growth rates.", "some countries have had relatively significant growth rates, but the Democratic Republic of Congo has become poorer than it initially was in 1980."], "probs": [[0.05216081562899283, 0.023881592260075867, 0.8418964946484607, 0.08206109736247053], [0.1253931782897136, 0.09032047269870228, 0.6994400411311694, 0.08484630778041467], [0.8025753986758521, 0.13730824280370196, 0.03471734815541797, 0.02539901026502795], [0.25467574404110055, 0.08014050810623068, 0.45404305711286425, 0.2111406906398045]], "ideal": "C", "sampled": "C", "correct": true}}
{"type": "result", "data": {"idx": 59, "options": ["15.50%", "34.80%", "48.10%", "65.20%"], "probs": [[0.06093040885183319, 0.6153863919998891, 0.19669078679516286, 0.12699241225311492], [0.40817302613413414, 0.3279795956580917, 0.21509724933401972, 0.048750128773754474], [0.4245609561569933, 0.4963696506054231, 0.04138673391921581, 0.03768265921836781], [0.7580559252934571, 0.03601348772284862, 0.14927302299437292, 0.05665756388932135]], "ideal": "B", "sampled": "D", "correct": false}}
{"type": "result", "data": {"idx": 60, "options": ["5 million", "30 million", "150 million", "500 million"], "probs": [[0.11711399168755211, 0.6430953692516174, 0.12083281485397662, 0.11895782410685384], [0.5673697848128275, 0.20230388923625356, 0.09556187118755595, 0.13476445466336298], [0.6075179070747037, 0.2342212532855484, 0.08222039910657149, 0.07604044043317648], [0.38529810989233654, 0.2449140402480997, 0.18778196346181575, 0.182005886297748]], "ideal": "C", "sampled": "B", "correct": false}}
{"type": "result", "data": {"idx": 61, "options": ["Colombia, Peru, Uruguay, and Costa Rica.", "Bhutan, Niger, Cambodia, and Costa Rica.", "Uruguay, Costa Rica, Timor-Leste, and Pakistan.", "Bhutan, Cambodia, Uruguay and Costa Rica."], "probs": [[0.138436112939465, 0.48322509174357825, 0.23550604983317322, 0.14283274538378352], [0.15471115706804023, 0.4994483887649813, 0.14087834952852996, 0.2049621045384485], [0.1462066620442096, 0.24872456488506253, 0.4231068789535847, 0.18196189401714316], [0.07858141276702021, 0.7226455591598047, 0.09628333608489009, 0.10248969188828497]], "ideal": "A", "sampled": "A", "correct": true}}
{"type": "result", "data": {"idx": 62, "options": ["10%", "20%", "40%", "80%"], "probs": [[0.16086349900355137, 0.3199244939983492, 0.22333825456834872, 0.29587375232975066], [0.11256974105476866, 0.466606226020538, 0.20384028400051457, 0.21698374882417876], [0.1350280690782293, 0.5424722624420855, 0.13503036385688197, 0.1874693045228033], [0.26794866124019756, 0.4215519192624529, 0.08836153280390126, 0.2221378865934483]], "ideal": "B", "sampled": "D", "correct": false}}
{"type": "result", "data": {"idx": 63, "options": ["38%", "58%", "78%", "98%"], "probs": [[0.19747222350674057, 0.43132882253962557, 0.19139752645653682, 0.17980142739709698], [0.18107979132718877, 0.584550444608217, 0.05609709810722005, 0.17827266585737414], [0.5437762059654977, 0.17380371429070693, 0.09449486292706419, 0.18792521671673118], [0.25313080448876685, 0.16343701156553828, 0.18519707132535884, 0.398235112520336]], "ideal": "C", "sampled": "C", "correct": true}}
{"type": "result", "data": {"idx": 64, "options": ["True, True", "True, False", "False, True", "False, False"], "probs": [[0.19732423104788266, 0.40490412744586723, 0.19733636059399695, 0.20043528081225315], [0.26011717704492154, 0.2726151983557002, 0.21905501511074546, 0.24821260938863282], [0.3549678378192438, 0.2187028559630389, 0.2638104597038039, 0.16251884641391337], [0.20712554761373328, 0.3013834997916363, 0.2744197588053071, 0.21707119368932326]], "ideal": "B", "sampled": "B", "correct": true}}
{"type": "result", "data": {"idx": 65, "options": ["260", "2,600", "26,000", "260,000"], "probs": [[0.2831113868238434, 0.4968815256582778, 0.09632430269028609, 0.12368278472759268], [0.10585319092029989, 0.6284907365931799, 0.1092142371841198, 0.1564418352024004], [0.2314547345650573, 0.6003578036263236, 0.07170223123449267, 0.09648523047412645], [0.43888235779056634, 0.11629375952767443, 0.2833665461289204, 0.16145733645283877]], "ideal": "C", "sampled": "D", "correct": false}}
{"type": "result", "data": {"idx": 66, "options": ["90%", "70%", "50%", "30%"], "probs": [[0.7502474476662977, 0.14544820188047525, 0.03976423502536864, 0.06454011532785835], [0.5410030068997466, 0.06165837330099281, 0.048020520921407815, 0.34931809877785275], [0.18010463221294115, 0.05160605277214582, 0.6093421713996534, 0.1589471435152596], [0.07297858959563353, 0.5922889399977613, 0.19838715053072004, 0.1363453197758851]], "ideal": "A", "sampled": "A", "correct": true}}
{"type": "result", "data": {"idx": 67, "options": ["Japan", "Canada", "Russia", "Iran"], "probs": [[0.14228606222637197, 0.29195520278872134, 0.21359759567032113, 0.35216113921458553], [0.18666724163411846, 0.2673927743691746, 0.11865349415794006, 0.42728648973876693], [0.22267614966419258, 0.18751510044592334, 0.22267741626293167, 0.36713133352695243], [0.12523118779877893, 0.24139196346300582, 0.20972395326102206, 0.4236528953771932]], "ideal": "B", "sampled": "C", "correct": false}}
{"type": "result", "data": {"idx": 68, "options": ["59%", "69%", "79%", "89%"], "probs": [[0.3353455712362394, 0.23411125291198728, 0.24534608786850567, 0.18519708788326758], [0.25546039225136746, 0.2554652500295542, 0.20850235158337663, 0.28057200603570165], [0.2751031929282761, 0.3940718207364117, 0.2544312604271154, 0.07639372580819673], [0.5384665727076889, 0.18609020112084104, 0.12591534851722413, 0.14952787755424582]], "ideal": "C", "sampled": "D", "correct": false}}
{"type": "result", "data": {"idx": 69, "options": ["9%", "19%", "39%", "59%"], "probs": [[0.14398920117288397, 0.4947912763153895, 0.17919884465324343, 0.18202067775848313], [0.131409225876762, 0.4806908594978344, 0.1536358422835637, 0.2342640722418399], [0.2584503648570346, 0.498187731861149, 0.17487949522056648, 0.06848240796124987], [0.699485208750052, 0.12541224528385678, 0.08755176839667367, 0.08755077746941746]], "ideal": "B", "sampled": "D", "correct": false}}
{"type": "result", "data": {"idx": 70, "options": ["18%", "38%", "58%", "78%"], "probs": [[0.14059261766767325, 0.46825500620309396, 0.18336902283728732, 0.2077833531919455], [0.11813121985818066, 0.4188287870952449, 0.20095212898205, 0.26208786396452444], [0.06569690830393919, 0.8257772706351888, 0.02416939597638486, 0.08435642498448714], [0.5917467717683579, 0.08934162768772137, 0.11118812940271663, 0.20772347104120414]], "ideal": "B", "sampled": "D", "correct": false}}
{"type": "result", "data": {"idx": 71, "options": ["24%", "39%", "54%", "69%"], "probs": [[0.11097507177673666, 0.2105956077365088, 0.4896540641295014, 0.18877525625725314], [0.1087862947948186, 0.43026683691908096, 0.30991116855721135, 0.15103569962888905], [0.2103960470749958, 0.6791772106524326, 0.08239398727052406, 0.028032754902047475], [0.5866462281763745, 0.06379534715843442, 0.176145127152055, 0.1734132974131361]], "ideal": "A", "sampled": "D", "correct": false}}
{"type": "result", "data": {"idx": 72, "options": ["1.5 children per woman", "2.5 children per woman", "3.5 children per woman", "4.5 children per woman"], "probs": [[0.7927046653641697, 0.13561691746598073, 0.032212113055706836, 0.03946630401414267], [0.7122338997201134, 0.18008288725089078, 0.037162731649661496, 0.0705204812793343], [0.6880123954318738, 0.17669833536547958, 0.0702865321012137, 0.06500273700143294], [0.3087932192135503, 0.5769079966035848, 0.058935493664029795, 0.05536329041883511]], "ideal": "B", "sampled": "A", "correct": false}}
{"type": "result", "data": {"idx": 73, "options": ["$300 ", "$1,000 ", "$10,000 ", "$30,000 "], "probs": [[0.04425946787523701, 0.5830128409507807, 0.1834535517901591, 0.18927413928382322], [0.10692001559499563, 0.3045913784023101, 0.422887282839231, 0.1656013230634633], [0.06109236347872314, 0.6568129437828523, 0.13554177722515756, 0.146552915413267], [0.3084290600376671, 0.12078467665310337, 0.29431062714561224, 0.27647563606361725]], "ideal": "C", "sampled": "D", "correct": false}}
{"type": "result", "data": {"idx": 74, "options": ["20%", "40%", "60%", "80%"], "probs": [[0.22962933092117788, 0.2225725733244597, 0.24829984458884594, 0.2994982510655165], [0.2987070590344264, 0.20212509623756064, 0.2185517484162722, 0.2806160962117407], [0.2664832730848847, 0.2209333595273492, 0.2542888185978633, 0.2582945486899028], [0.2281845841803143, 0.33201838031098607, 0.1891812561141205, 0.2506157792945791]], "ideal": "C", "sampled": "A", "correct": false}}
{"type": "result", "data": {"idx": 75, "options": ["41%", "56%", "71%", "86%"], "probs": [[0.1360551267726265, 0.22084139285263357, 0.42568787928139057, 0.2174156009933494], [0.08324911134419659, 0.44307564034070773, 0.18760976984674554, 0.2860654783683501], [0.2222204638627566, 0.5854810621240725, 0.10662469127169742, 0.08567378264147349], [0.7765796588781069, 0.1154285058859757, 0.03575850464276664, 0.07223333049315075]], "ideal": "B", "sampled": "D", "correct": false}}
{"type": "result", "data": {"idx": 76, "options": ["1%", "2%", "4%", "8%"], "probs": [[0.05563600506412483, 0.5278645052851844, 0.33032870385553836, 0.08617078569515241], [0.06424624930069003, 0.600109192664104, 0.23136252618372102, 0.10428203175148487], [0.03837283313496822, 0.8733745779960638, 0.036616239556673355, 0.051636349212294624], [0.41390829965871806, 0.08676025950964737, 0.35403594107338987, 0.14529549965824468]], "ideal": "C", "sampled": "D", "correct": false}}
{"type": "result", "data": {"idx": 77, "options": ["US", "Chile", "Ireland", "Spain"], "probs": [[0.6590950789793082, 0.1339026331513151, 0.10107740306987571, 0.10592488469950104], [0.16764948394892562, 0.1411718778607593, 0.07796477816088099, 0.6132138599294341], [0.33235034723476037, 0.054253644716803356, 0.5479555892878158, 0.06544041866062043], [0.022328016819792032, 0.9059132151050843, 0.03004592595227386, 0.0417128420228498]], "ideal": "A", "sampled": "A", "correct": true}}
{"type": "result", "data": {"idx": 78, "options": ["was approximately zero", "exceeded that of high income countries", "exceeded that of Britain during the industrial revolution", "was approximately 3.0% per year"], "probs": [[0.11551163516545966, 0.47138429385752806, 0.06280738953330958, 0.3502966813437027], [0.5872818001276865, 0.028340590006347907, 0.33463992356247413, 0.04973768620349153], [0.04432891176707581, 0.5659856627021791, 0.04100103553716504, 0.3486843898935801], [0.6292923045326879, 0.0421621013974548, 0.28366604233180476, 0.0448795516380525]], "ideal": "C", "sampled": "D", "correct": false}}
