{"type": "result", "data": {"idx": 0, "options": ["too much curvature of the cornea and lens", "too little curvature of the cornea and lens", "too much curvature of the iris and lens", "too little curvature of the iris and lens"], "probs": [[0.9981855065354159, 0.0012836469019262987, 0.00013319749674661145, 0.00039764896591119224], [0.994229557345453, 0.0010435276222385196, 0.0010273421671782113, 0.003699572765130264], [0.3917359927108007, 0.03939834155981067, 0.5524421816570255, 0.016423483972363075], [0.23558204226530727, 0.7370869497174022, 0.017607403432141344, 0.009723604485149228]], "ideal": "A", "sampled": "A", "correct": true}}
{"type": "result", "data": {"idx": 1, "options": ["OCD.", "schizophrenia.", "conversion disorder.", "antisocial personality disorder."], "probs": [[0.03231014839993645, 0.8597470937432109, 0.03281932482782839, 0.07512343292902428], [0.9676524659833716, 0.008911833023342523, 0.009194740906835634, 0.014240959986450231], [0.13700499736491495, 0.02697813912967519, 0.03518619669809456, 0.8008306667073153], [0.18581481068420275, 0.05756309191050204, 0.6385108160500513, 0.11811128125524384]], "ideal": "B", "sampled": "B", "correct": true}}
{"type": "result", "data": {"idx": 2, "options": ["Homeostatic regulation", "Goal-setting", "Expectancy-value", "Hierarchy of needs"], "probs": [[0.00042365340139164384, 0.0003099539032653127, 0.00023764818665588638, 0.9990287444086872], [0.00432135465823966, 0.0010589946127235893, 0.9933422706404917, 0.0012773799885449574], [0.000698090763632707, 0.9984632965110726, 0.0005609328393900777, 0.00027767978590463306], [0.998630538393273, 0.00046511041954291476, 0.00041692408561287865, 0.000487427001571266]], "ideal": "D", "sampled": "D", "correct": true}}
{"type": "result", "data": {"idx": 3, "options": ["measures what it purports to measure", "yields consistent results on successive administrations", "has been piloted and statistically analyzed", "includes norms based on a representative sample of the general population"], "probs": [[0.9961243674957372, 0.0015451629579705472, 0.0006856624253482894, 0.0016448070209440263], [0.0003005516101410095, 0.0001442072200446811, 7.138764126264569e-05, 0.9994838534285516], [0.003571385544381124, 0.0007255740292440757, 0.990257335135272, 0.005445705191102801], [0.0024064717048075356, 0.9861325284022454, 0.002090788035504767, 0.00937021175744232]], "ideal": "A", "sampled": "A", "correct": true}}
{"type": "result", "data": {"idx": 4, "options": ["the provision of a free, appropriate public education for students with disabilities", "the provision of bilingual education for English-language learners", "schools being held responsible for providing tests that do not discriminate on the basis of race", "the assignment of similar funding to athletic activities for boys and girls"], "probs": [[0.9986650102710507, 0.0001396558184141493, 0.00039167427661140864, 0.0008036595339236801], [0.00012729808156205678, 5.737788231883918e-05, 4.610443776806417e-05, 0.9997692194983511], [0.02535586621170415, 0.0018657066624200383, 0.9664668567255139, 0.006311570300361852], [0.004795336666082374, 0.9880894133018422, 0.0015089362671519449, 0.005606313664923539]], "ideal": "C", "sampled": "A", "correct": false}}
{"type": "result", "data": {"idx": 5, "options": ["0%", "25%", "50%", "75%"], "probs": [[0.15027924776238924, 0.19600771043770696, 0.4281114892597936, 0.2256015524401102], [0.17817251382476545, 0.2803153097349232, 0.3488558530458639, 0.19265632329444743], [0.48166144178118137, 0.3362654259316327, 0.1217845461143653, 0.06028858607282061], [0.4769408964861759, 0.0984254397470766, 0.24360061998017005, 0.18103304368657747]], "ideal": "A", "sampled": "D", "correct": false}}
{"type": "result", "data": {"idx": 6, "options": ["variance", "mean", "range", "median"], "probs": [[0.6660053630102448, 0.06910831377547842, 0.15094631683887094, 0.1139400062754058], [0.03388127816969984, 0.4000594630395293, 0.036066477424535066, 0.5299927812662358], [0.11480799084385498, 0.24304920028919763, 0.539229476661529, 0.10291333210541839], [0.22935988727809556, 0.49320338498029936, 0.04807660194493844, 0.22936012569666664]], "ideal": "A", "sampled": "A", "correct": true}}
{"type": "result", "data": {"idx": 7, "options": ["They need provide supervision only to school psychologists who are not fully certified or licensed and to any school psychology interns.", "They should provide professional but not administrative supervision.", "They are eligible to serve as supervisors after one year of experience as a school psychologist.", "They should hold the Nationally Certified School Psychologist credential or the state school psychologist credential."], "probs": [[0.1124412830824085, 0.4378216433736465, 0.12942052990630887, 0.32031654353763617], [0.009302876592089256, 0.0038179187376542034, 0.007833866004822337, 0.9790453385654342], [0.06336219287968653, 0.0729299385502234, 0.3881459198005771, 0.47556194866951296], [0.032376022590857687, 0.7031345681054152, 0.14970634055308044, 0.11478306865064665]], "ideal": "D", "sampled": "A", "correct": false}}
{"type": "result", "data": {"idx": 8, "options": ["at the beginning of the list", "in the middle of the list", "at the end of the list", "distributed throughout the list"], "probs": [[0.058893224001371404, 0.7637535546259947, 0.026963799079897585, 0.15038942219273627], [0.7461566743625407, 0.03600681113075158, 0.20082847285726657, 0.01700804154944112], [0.05089415533489436, 0.9021386368842008, 0.02056362262812819, 0.026403585052776686], [0.13808622749130564, 0.5998367577215702, 0.18581855018339222, 0.07625846450373193]], "ideal": "A", "sampled": "B", "correct": false}}
{"type": "result", "data": {"idx": 9, "options": ["Piaget's cognitive development theory", "Erikson's psychosocial stage theory", "Kohlberg's moral development theory", "Ainsworth's social attachment theory"], "probs": [[0.0005419025357813297, 0.9952151551248744, 0.0006536630332690096, 0.0035892792060752726], [0.9940308974362427, 0.0006842273901127584, 0.0008923969039897797, 0.004392478169654759], [0.0003979728137188765, 0.0005030895824495209, 0.00010545274331889546, 0.9989934847605128], [0.0053729399438288, 0.0003031239844976878, 0.9924081613021042, 0.0019157746695693467]], "ideal": "B", "sampled": "B", "correct": true}}
{"type": "result", "data": {"idx": 10, "options": ["aptitude", "projective", "achievement", "intelligence"], "probs": [[0.08450297816296577, 0.030605141202987806, 0.8669002024363088, 0.017991678097737603], [0.024672985858478182, 0.9552407317111438, 0.003391729263117975, 0.01669455306726009], [0.8530106185923584, 0.022732081524582212, 0.02237967464047227, 0.1018776251425871], [0.02936629379497931, 0.009836542061018305, 0.0033994114689229306, 0.9573977525750794]], "ideal": "C", "sampled": "C", "correct": true}}
{"type": "result", "data": {"idx": 11, "options": ["proximity and similarity", "top-down processing and bottom-up processing", "binocular and monocular cues", "size and shape constancy"], "probs": [[0.0017717713350161655, 0.001025426542667624, 0.9923866312785123, 0.004816170743803901], [0.0011556840147921737, 0.9870247936414362, 0.0027293686553512765, 0.009090153588420306], [0.9963064173591699, 0.0021456382194014593, 0.0005958265962145582, 0.0009521177252140123], [0.0018340117777798986, 0.002144185855048221, 0.0003844316285634484, 0.9956373706386085]], "ideal": "C", "sampled": "C", "correct": true}}
{"type": "result", "data": {"idx": 12, "options": ["be paralyzed", "fall into a coma", "suffer severe speech impairment", "die"], "probs": [[0.038740866279219986, 0.42972901899449284, 0.0131810578923452, 0.5183490567339419], [0.7755065216691073, 0.016606286018527795, 0.15511294809976744, 0.05277424411259748], [0.04067879669855657, 0.8834555638220851, 0.008797516264326424, 0.06706812311503185], [0.29800712670749235, 0.021927801604062595, 0.5230258634513975, 0.1570392081370476]], "ideal": "D", "sampled": "D", "correct": true}}
{"type": "result", "data": {"idx": 13, "options": ["achievement", "standardized", "projective", "triarchic"], "probs": [[0.05735290749657215, 0.9256339605512652, 0.006236869670786195, 0.010776262181376343], [0.9920807476455696, 0.0017991444404118907, 0.001074320688087578, 0.00504578712593091], [0.011774740245111562, 0.0017501666537432991, 0.006204821202705695, 0.9802702717984394], [0.060031364982211184, 0.016411676833135415, 0.9101622010492607, 0.013394757035392729]], "ideal": "B", "sampled": "B", "correct": true}}
{"type": "result", "data": {"idx": 14, "options": ["discrimination", "spontaneous recovery", "trace conditioning", "generalization"], "probs": [[0.39965037698475636, 0.07165457521123118, 0.05408726793246809, 0.47460777977154434], [0.07018773727675968, 0.07830133068309005, 0.8032711090047557, 0.048239822935394513], [0.017245126894461813, 0.9714512828564428, 0.007077450400943672, 0.004226139748151686], [0.7964316660305226, 0.08264300409535595, 0.009717226298152562, 0.11120810347596888]], "ideal": "D", "sampled": "D", "correct": true}}
{"type": "result", "data": {"idx": 15, "options": ["the mere-exposure effect.", "self-serving bias.", "equipotentiality.", "the fundamental attribution error."], "probs": [[0.7216618555575464, 0.1853400293737639, 0.008143282380864383, 0.0848548325878254], [0.8052193341667542, 0.012226730310586874, 0.09768420238521917, 0.08486973303743972], [0.0008034541394079037, 0.9676961205009884, 0.003177732467065202, 0.028322692792538427], [0.8657618833382389, 0.052812137061484826, 0.06676063456941797, 0.014665344930858304]], "ideal": "D", "sampled": "D", "correct": true}}
{"type": "result", "data": {"idx": 16, "options": ["grounding a teenager for staying out past curfew", "spanking a child for misbehavior", "permanently revoking the driving privileges of a third-time DWI driver", "refusing to return the boss' phone call after not getting the expected raise"], "probs": [[0.0371030103065778, 0.016723764021474675, 0.004098343864802428, 0.942074881707145], [0.16012782632322364, 0.0404871684508263, 0.6235173049903943, 0.17586770013555583], [0.10840183133970017, 0.1328182267330879, 0.01797500502422465, 0.7408049368029873], [0.8458881253958316, 0.024373987186534416, 0.09198673582573155, 0.037751151491902384]], "ideal": "D", "sampled": "D", "correct": true}}
{"type": "result", "data": {"idx": 17, "options": ["Changes must be made in the delivery of the core program.", "Students who are not meeting competencies must be given strategic or supplemental instruction.", "Students must be given more time to develop competencies.", "Students who are not meeting competencies must be evaluated for learning disabilities."], "probs": [[0.08188033647653316, 0.8532200661572609, 0.020381880430931542, 0.04451771683527442], [0.1896300716122452, 0.01998697329042327, 0.01656978480449724, 0.7738131701928342], [0.05436397302826022, 0.031959175822227265, 0.5754116730158424, 0.33826517803367007], [0.10271335106269651, 0.16159205859440193, 0.6098472748018683, 0.12584731544103323]], "ideal": "A", "sampled": "B", "correct": false}}
{"type": "result", "data": {"idx": 18, "options": ["sour", "sweet", "salty", "bitter"], "probs": [[0.0018629524524818985, 0.14569767139492917, 0.0008012465489158479, 0.8516381295036731], [0.044822540714128674, 0.08244135337446525, 0.8590659610318783, 0.013670144779527752], [0.0005080611812686157, 0.9932366136271283, 0.0008778490645004176, 0.00537747602710263], [0.9368783190986252, 0.04116359333485563, 0.00583823301846344, 0.016119854448055727]], "ideal": "D", "sampled": "D", "correct": true}}
{"type": "result", "data": {"idx": 19, "options": ["avoiding unnecessary deception to humans", "avoiding unnecessary pain to humans and other animals", "avoiding use of animals when computers are available", "protecting confidentiality"], "probs": [[0.08498841238328404, 0.041421043225000516, 0.7694592813186774, 0.10413126297303804], [0.04317163254814678, 0.46414693666659235, 0.013798765682553109, 0.47888266500270776], [0.27571652160045446, 0.04098251513491223, 0.221549597909716, 0.46175136525491733], [0.011887524058547698, 0.010994314875409755, 0.0027798094591118677, 0.9743383515069307]], "ideal": "C", "sampled": "C", "correct": true}}
{"type": "result", "data": {"idx": 20, "options": ["an IQ test", "a classroom test over a chapter in a textbook", "an entrance exam for law school", "a personality test based on the Big Five personality traits"], "probs": [[0.01319395170587067, 0.9693595102088965, 0.006844949815137865, 0.010601588170094947], [0.2750035143825391, 0.008435246264342005, 0.003252074144443551, 0.7133091651086753], [0.012108078514197299, 0.0011802785146216913, 0.9618675937359942, 0.024844049135186848], [0.0019445862102638438, 0.9917042468318281, 0.001538296869199531, 0.004812869988708502]], "ideal": "B", "sampled": "A", "correct": false}}
{"type": "result", "data": {"idx": 21, "options": ["result in a miscarriage.", "suffer from sterility as an adult.", "be color blind.", "grow into a depressed adult."], "probs": [[0.08263303760489427, 0.0272497393680597, 0.6918918219080681, 0.19822540101897798], [0.15538997931662693, 0.14148549853853534, 0.08853989726150761, 0.6145846247833301], [0.007363583259882822, 0.0037026895767191467, 0.009308524218638235, 0.9796252028447598], [0.00997079419599749, 0.0082661468713297, 0.12532489875882002, 0.8564381600738528]], "ideal": "B", "sampled": "C", "correct": false}}
{"type": "result", "data": {"idx": 22, "options": ["Frequency", "Duration", "Intensity", "Peer comparison"], "probs": [[0.0397004546838741, 0.024458944441544648, 0.0035791359718269217, 0.9322614648027543], [0.11462673054890109, 0.0402382770193723, 0.37002352703440344, 0.4751114652973231], [0.164417945803453, 0.44693862696516773, 0.012288683722315466, 0.3763547434090638], [0.661643341005218, 0.0828152838895792, 0.026886150839161817, 0.22865522416604098]], "ideal": "C", "sampled": "D", "correct": false}}
{"type": "result", "data": {"idx": 23, "options": ["you need to run an experiment.", "you need to find statistically significant results.", "you must replicate your findings.", "it is impossible to prove a theory."], "probs": [[0.30106953792849206, 0.0427014320461699, 0.5987687907101439, 0.05746023921519412], [0.05491306805284144, 0.14467863211594392, 0.005971635474325173, 0.7944366642568894], [0.879672906153874, 0.008358752556545708, 0.09128042530593453, 0.02068791588364585], [0.010367080037200303, 0.08154418646014669, 0.0035828117305046446, 0.9045059216721484]], "ideal": "D", "sampled": "C", "correct": false}}
{"type": "result", "data": {"idx": 24, "options": ["parenting style", "masculine/feminine personality traits", "hormones released in the womb", "sexual orientation of parents"], "probs": [[0.035459951784657995, 0.01187774114143202, 0.8327022480969992, 0.11996005887691077], [0.006023976756278414, 0.9666909857687452, 0.0038291016747500468, 0.02345593570022627], [0.9806670611766519, 0.0038844854829324653, 0.00271181787305465, 0.012736635367360916], [0.010744172744470407, 0.0038309770960085125, 0.0030305515626364837, 0.9823942984968845]], "ideal": "C", "sampled": "C", "correct": true}}
{"type": "result", "data": {"idx": 25, "options": ["fluid intelligence", "crystallized intelligence", "g", "speededness"], "probs": [[0.04481080173997998, 0.7461796998231481, 0.1772336065591962, 0.03177589177767568], [0.7497598835350294, 0.08412202791528468, 0.01847937406143942, 0.1476387143882465], [0.08443408350469053, 0.048109695214517016, 0.014672834600251278, 0.8527833865805412], [0.04546065204738721, 0.016210175867879144, 0.8185550478188766, 0.11977412416585707]], "ideal": "B", "sampled": "B", "correct": true}}
{"type": "result", "data": {"idx": 26, "options": ["verbal, mathematical, and recognizing emotional expressions", "mathematical, spatial, and musical", "verbal, analytic, and mathematical", "mathematical, spatial, and analytic"], "probs": [[0.6789066953546427, 0.049955857907737586, 0.070448510764406, 0.20068893587321368], [0.08063697549710805, 0.7893634312176168, 0.05542186232381343, 0.07457773086146177], [0.7455588703416343, 0.1798788190060336, 0.01431108476227418, 0.06025122579005793], [0.7360488141672408, 0.10771009402411284, 0.015761441821927073, 0.14047964988671932]], "ideal": "C", "sampled": "C", "correct": true}}
{"type": "result", "data": {"idx": 27, "options": ["social facilitation.", "conformity.", "deindividuation.", "norms."], "probs": [[0.9970395377185639, 0.0016722738359373557, 0.0007192335923038336, 0.000568954753194853], [0.00028668516336447024, 0.00041712942319151734, 0.00017388451725516645, 0.9991223007961888], [0.0029732950944423584, 0.00144908090437946, 0.9944490939872522, 0.0011285299139259719], [0.0004875737078504377, 0.9989359401021279, 0.0003567195019739115, 0.00021976658804772074]], "ideal": "A", "sampled": "A", "correct": true}}
{"type": "result", "data": {"idx": 28, "options": ["longitudinal", "stage", "developmental", "cross-sectional"], "probs": [[0.019837992341126414, 0.010785892728120656, 0.07144051743073711, 0.8979355974000158], [0.04945217991491761, 0.8234611989952557, 0.04296578342805564, 0.08412083756177102], [0.8759149214205987, 0.0777431866701079, 0.01905203589175816, 0.027289855917535258], [0.027964422514528405, 0.027104344138565866, 0.004288571066444775, 0.9406426621804609]], "ideal": "D", "sampled": "C", "correct": false}}
{"type": "result", "data": {"idx": 29, "options": ["absolute threshold", "difference threshold", "subliminal stimulation", "distal stimulus"], "probs": [[0.8350648100360414, 0.14740128491096452, 0.009722027713887816, 0.007811877239106308], [0.5929442908239324, 0.03451404527337418, 0.01847382158933868, 0.35406784221335474], [0.06658298074159193, 0.039142796652998135, 0.7861996047693895, 0.10807461773602034], [0.027024436676622243, 0.9526559030819058, 0.015398125928258528, 0.004921534213213424]], "ideal": "A", "sampled": "A", "correct": true}}
{"type": "result", "data": {"idx": 30, "options": ["Allowing Mary to read from a teacherselected book for a specific period of time before beginning her seat work", "Allowing Mary to play with the blocks afterward if she remains in her seat throughout the assigned seat-work time", "Explaining to Mary the value of completing seat work in terms of the objectives of the lesson", "Removing the blocks from the classroom during the assigned seat-work time"], "probs": [[0.045339469631546024, 0.017480370378584725, 0.7432879320253011, 0.19389222786456814], [0.11818159106276199, 0.4061060754674011, 0.3263167963673909, 0.14939553700244604], [0.5191378554246902, 0.19704492241375435, 0.049821294467970845, 0.2339959275935846], [0.020049455926114762, 0.014668654225484174, 0.014217330662287935, 0.9510645590861131]], "ideal": "B", "sampled": "C", "correct": false}}
{"type": "result", "data": {"idx": 31, "options": ["Inferential statistics", "Descriptive statistics", "Standard deviation", "Extraneous variables"], "probs": [[0.20405596063326822, 0.01958278754729384, 0.006259061738068892, 0.770102189981369], [0.004038161250547026, 0.0022652093983356572, 0.03599187836971094, 0.9577047508814064], [0.0037075309969696085, 0.9809234913081656, 0.002629053113693216, 0.012739924481171547], [0.9770527915585812, 0.007459985433876746, 0.0037511411896110217, 0.011736081717931104]], "ideal": "A", "sampled": "D", "correct": false}}
{"type": "result", "data": {"idx": 32, "options": ["prejudice", "ethnocentrism", "in-group bias", "discrimination"], "probs": [[0.8385020845034722, 0.0404625626434299, 0.0093149947171794, 0.11172035803591854], [0.011059590311206407, 0.006107737190943356, 0.002710289009880847, 0.9801223833879694], [0.005019623557808226, 0.005260546452350461, 0.9869477299790135, 0.0027720999108277983], [0.0009791988229271797, 0.9931251219536372, 0.0017731039217914436, 0.004122575201644111]], "ideal": "A", "sampled": "A", "correct": true}}
{"type": "result", "data": {"idx": 33, "options": ["countertransference", "peer-counselor alliance", "rational-emotive therapy", "systematic desensitization"], "probs": [[0.0003100403701321924, 0.00022683218415249872, 0.0001487594563689945, 0.9993143678893464], [0.004594848331388581, 0.0009783056689920547, 0.992222214986741, 0.002204630912878344], [0.0009990972544277141, 0.9975975829270793, 0.0006252225187683313, 0.000778097199724659], [0.9971623356501753, 0.0007421514415193825, 0.0005963362372953077, 0.001499176571009944]], "ideal": "D", "sampled": "D", "correct": true}}
{"type": "result", "data": {"idx": 34, "options": ["understand information he hears", "understand information he reads", "speak intelligibly", "move his left hand"], "probs": [[0.5846926830731964, 0.10483500829043223, 0.1649260743509445, 0.1455462341854268], [0.30536949062703306, 0.21319135624289665, 0.04399384848344999, 0.4374453045466203], [0.5213054897568128, 0.018120027671729877, 0.3064732482766125, 0.15410123419484487], [0.1724655376222797, 0.35947055458583554, 0.14076767021394734, 0.32729623747793735]], "ideal": "D", "sampled": "A", "correct": false}}
{"type": "result", "data": {"idx": 35, "options": ["high self-esteem", "delusions of persecution", "uncontrollable grief and despair", "visual hallucinations"], "probs": [[0.08759573976707302, 0.035949707563347415, 0.7567252628750647, 0.11972928969451486], [0.22751004349065296, 0.1946019900619838, 0.06518321726501891, 0.5127047490823443], [0.09748174321780625, 0.037000268969712105, 0.06196350649842505, 0.8035544812140566], [0.005031231939048869, 0.002064842325949141, 0.0036809527002973565, 0.9892229729347046]], "ideal": "A", "sampled": "C", "correct": false}}
{"type": "result", "data": {"idx": 36, "options": ["follow rules in order to obtain reward", "follow rules in order to avoid punishment", "define what is right by what they have learned from others, especially authority figures", "self-define principles that may or may not match the dominant morals of the times"], "probs": [[0.008100930457201313, 0.005926823603691499, 0.004688479388519628, 0.9812837664505876], [0.14880144483746124, 0.07964897840680175, 0.6880791731378852, 0.0834704035178518], [0.022873851803202266, 0.9137009739114575, 0.015001225823867072, 0.048423948361473124], [0.42609361162978404, 0.04352904078715065, 0.05502511245776077, 0.47535223502530455]], "ideal": "D", "sampled": "D", "correct": true}}
{"type": "result", "data": {"idx": 37, "options": ["Psychoanalytic", "Cognitive", "Behaviorist", "Evolutionary"], "probs": [[0.004183581550520152, 0.9768122401798821, 0.009427868729448086, 0.009576309440149616], [0.9409454630472982, 0.0026429314631334646, 0.04612070775715753, 0.010290897632410822], [0.004735214894198219, 0.0018255974065783428, 0.03286895384615149, 0.9605702337530719], [0.005591546320564311, 0.0019628202789416407, 0.9854868517424125, 0.006958781558081579]], "ideal": "B", "sampled": "B", "correct": true}}
{"type": "result", "data": {"idx": 38, "options": ["Touch", "Vision", "Taste", "Hearing"], "probs": [[0.015484881638717368, 0.0032458342343379444, 0.9731093070565009, 0.008159976970443742], [0.0014469217525941219, 0.992961463164764, 0.001469714241352911, 0.004121900741289033], [0.7563530501775586, 0.03649832078163558, 0.02179418030475773, 0.18535444863604805], [0.0009982849836968953, 0.0016981424430526839, 0.000517905381472448, 0.996785667091778]], "ideal": "C", "sampled": "C", "correct": true}}
{"type": "result", "data": {"idx": 39, "options": ["Continued use of the student's native language in her home environment is interfering with her development of English.", "The student's reading difficulty is an early indicator that she will have increased academic problems as her coursework requires more reading.", "The discrepancy between the student's English social language skills and reading skills is expected given the richer context in which social skills are acquired.", " The discrepancy between the student's native language reading skills and English reading skills is related to the greater complexity of English."], "probs": [[0.09673974830496009, 0.04432561728954414, 0.7043228920993477, 0.15461174220614804], [0.056037494890981546, 0.7383426179554191, 0.11322338498365216, 0.09239650206994723], [0.3068741605403239, 0.3477675072168362, 0.15921956536398918, 0.18613876677885072], [0.46070578283898445, 0.0567739674824681, 0.2544440172978866, 0.22807623228066082]], "ideal": "C", "sampled": "C", "correct": true}}
{"type": "result", "data": {"idx": 40, "options": ["maintaining balance.", "regulating emotion.", "monitoring arousal.", "processing sensory information."], "probs": [[0.00020653879362569303, 0.999355601767868, 0.00028675197616613194, 0.0001511073623401704], [0.9989746480253876, 0.00031481801358311133, 0.00032481186296831415, 0.00038572199806094476], [0.0001971319118198121, 0.00010717985288074826, 8.217732725305515e-05, 0.9996135108080464], [0.001031580622469504, 0.00017926283329177395, 0.9983523570727314, 0.00043679937150729203]], "ideal": "B", "sampled": "B", "correct": true}}
{"type": "result", "data": {"idx": 41, "options": ["manipulate the way a participant responds to some aspect of a situation", "operationalize dependent and independent variables", "develop a hypothesis that predicts the relationship between variables", "show that the manipulation of one variable invariably leads to predicted changes in another"], "probs": [[0.004811616138415964, 0.0026572383639544804, 0.001090530081792176, 0.9914406153158374], [0.02073687396755647, 0.014031317309292279, 0.9534162994596619, 0.011815509163489401], [0.003631622112269252, 0.9913393388467132, 0.0010404813937703883, 0.003988557547247137], [0.9099649059332932, 0.0037188387296258206, 0.0016762135607047985, 0.08464004167637626]], "ideal": "D", "sampled": "D", "correct": true}}
{"type": "result", "data": {"idx": 42, "options": ["Tay-Sachs syndrome", "PKU (phenylketonuria)", "Huntington's disease", "Down syndrome"], "probs": [[0.22469434809507127, 0.5063645394046742, 0.0826618546958115, 0.18627925770444298], [0.8868746954852391, 0.02438481951376178, 0.03547978852661821, 0.053260696374380856], [0.049768211074679686, 0.027484855576435832, 0.012583501114576493, 0.910163432134308], [0.14959024601325774, 0.034980600734548964, 0.6704419500969934, 0.14498720305519994]], "ideal": "B", "sampled": "B", "correct": true}}
{"type": "result", "data": {"idx": 43, "options": ["describing the taste of the cake at your last birthday party", "remembering how to tie a tie", "recalling the name of your junior high school shop teacher", "recognizing a celebrity"], "probs": [[0.018459671109315925, 0.8620811234290987, 0.006379596543776241, 0.11307960881780912], [0.1557913869463578, 0.19088217614172415, 0.430162966208357, 0.22316347060356104], [0.06152053629484194, 0.6410666191075916, 0.017352966816237454, 0.280059877681329], [0.5993218794118362, 0.07385273746956197, 0.1468736176465497, 0.17995176537205204]], "ideal": "B", "sampled": "D", "correct": false}}
{"type": "result", "data": {"idx": 44, "options": ["experimental", "naturalistic observation", "case study", "survey"], "probs": [[0.014550123900924918, 0.01133177005613327, 0.0007832807312266015, 0.9733348252117152], [0.006512092533602668, 0.0027146715107773385, 0.9515006018423455, 0.03927263401327443], [0.0015631147893768714, 0.992084502718313, 0.0021034054315230083, 0.004248976960787007], [0.9587518556253544, 0.031797686422657435, 0.002130309915025747, 0.007320147936962425]], "ideal": "D", "sampled": "D", "correct": true}}
{"type": "result", "data": {"idx": 45, "options": ["person-centered therapy", "psychoanalysis", "rational-emotive therapy", "systematic desensitization"], "probs": [[0.0003798369093506925, 0.00021983459178178254, 0.0001685519327608255, 0.9992317764661067], [0.0034559856167693313, 0.0017108421525412348, 0.9886722171537029, 0.006160954976986569], [0.0014073606469316784, 0.9964686553437077, 0.0008018911985662382, 0.0013220927107944291], [0.9962676784479655, 0.0007531610464838242, 0.000866880648554004, 0.002112279756996674]], "ideal": "D", "sampled": "D", "correct": true}}
{"type": "result", "data": {"idx": 46, "options": ["maturation periods", "critical periods", "primary development periods", "secondary development periods"], "probs": [[0.00023044063240245665, 0.999485416252215, 0.0001880810239947205, 9.60619913877821e-05], [0.9997070481044459, 0.00010719045583902757, 8.348077285788417e-05, 0.00010228056685717034], [0.0005030874688517716, 0.00038573477217076314, 0.00010545395225425861, 0.9990057237067232], [0.0017524804078180027, 0.0004294654667435297, 0.997040396062786, 0.0007776579626524112]], "ideal": "B", "sampled": "B", "correct": true}}
{"type": "result", "data": {"idx": 47, "options": ["brain lesions", "hemispheres", "brain lobes", "cortical adhesions"], "probs": [[0.9982273642617072, 0.0011328587403183845, 0.0003348732828948712, 0.00030490361507948694], [0.0008639435556910122, 0.005997015333659773, 0.00023991044418906354, 0.9928991305664602], [0.003315548073966911, 0.001403904358801451, 0.9940220992753874, 0.0012584481918442348], [0.0010126885493089415, 0.9954966812867597, 0.001061298112834474, 0.002429331951096891]], "ideal": "A", "sampled": "A", "correct": true}}
{"type": "result", "data": {"idx": 48, "options": ["Behavior is under the control of external stimuli that either reinforce or punish actions, thereby affecting the likelihood of the occurrence of these behaviors.", "Behavior can be controlled by introspection.", "Behavior is the result of competing motives that result from mental events that occur outside of one's awareness.", "Behavior is influenced by internal drives and motivation."], "probs": [[0.9968737422830142, 0.00098291307691531, 0.0006446104811770794, 0.0014987340588934629], [0.00031003983502917733, 0.0002491255782908733, 0.00012924462031851583, 0.9993115898663615], [0.01458480324510785, 0.0030571716372995365, 0.9756806641760916, 0.0066773608415010175], [0.002628544900823807, 0.9961918645914035, 0.0006857054167411469, 0.0004938849910315435]], "ideal": "A", "sampled": "A", "correct": true}}
{"type": "result", "data": {"idx": 49, "options": ["Preventing Kerry from participating in play or recess activities as a consequence of hostile behavior", "Having Kerry memorize rules of behavior and write examples of how they would apply in the classroom", "Withholding attention or approval from Kerry in response to hostile behavior", "Implementing social skills training to teach Kerry appropriate replacement behaviors for hostile behaviors"], "probs": [[0.0006162743814371671, 0.00019091363814970503, 0.000385655623353559, 0.9988071562570595], [0.0065320858628158465, 0.0012273465033841536, 0.9847221886017926, 0.0075183789320073776], [0.0027408327438921717, 0.9911764859162022, 0.0032548480663919014, 0.002827833173513751], [0.975293864651626, 0.006780114886062897, 0.006571534021764539, 0.011354486340546489]], "ideal": "D", "sampled": "D", "correct": true}}
{"type": "result", "data": {"idx": 50, "options": ["Down syndrome.", "fetal alcohol syndrome.", "mental retardation.", "autism."], "probs": [[0.0014093320871420433, 0.00024111348628846156, 0.00048705925634904564, 0.9978624950702204], [0.006672691277754577, 0.0006206640283755691, 0.9903274269747723, 0.0023792176190976354], [0.0014947344488658505, 0.9942138488051047, 0.0015421901113143498, 0.002749226534715113], [0.8949466834492972, 0.010919191741271008, 0.026193614729373243, 0.06794050998005859]], "ideal": "D", "sampled": "D", "correct": true}}
{"type": "result", "data": {"idx": 51, "options": ["performing a task and receiving a food reward", "nausea and food or drink", "movement and shock", "punishments and rewards"], "probs": [[0.08661353845366572, 0.13626462625883215, 0.43986822481132365, 0.33725361037617846], [0.11042135463802241, 0.6454459898892576, 0.021074709919068898, 0.22305794545365112], [0.7521604054234817, 0.06781109408977214, 0.06996282152547428, 0.11006567886127189], [0.08546115584504062, 0.3951741515475837, 0.20183590353252598, 0.3175287889748497]], "ideal": "B", "sampled": "C", "correct": false}}
{"type": "result", "data": {"idx": 52, "options": ["hammer", "basilar membrane", "tympanic membrane", "pinna"], "probs": [[0.001857148620164236, 0.9925688017906419, 0.002104437467422553, 0.003469612021771349], [0.9787772177354367, 0.00795507279659865, 0.008874511627851002, 0.004393197740113606], [0.012950307944223496, 0.011977200701824127, 0.008626797717039503, 0.9664456935369129], [0.007753975719082124, 0.004418105770244184, 0.9843329238693935, 0.0034949945412801196]], "ideal": "B", "sampled": "B", "correct": true}}
{"type": "result", "data": {"idx": 53, "options": ["schizophrenic", "anxiety", "mood", "dissociative"], "probs": [[0.0007532368882291263, 0.0015698868330732256, 0.0013014784986774732, 0.9963753976800201], [0.0033982385026800734, 0.0026882389058205053, 0.9874648013410527, 0.006448721150446696], [0.001145661882057465, 0.9938740175874818, 0.0013394182010330604, 0.003640902229427653], [0.9894054722859815, 0.0031002590104371847, 0.002912415888811313, 0.004581852714769947]], "ideal": "D", "sampled": "D", "correct": true}}
{"type": "result", "data": {"idx": 54, "options": ["panic disorder", "post-traumatic stress disorder", "dissociative amnesia", "bipolar disorder"], "probs": [[0.003663068181458754, 0.9844214942749245, 0.0072849006588314585, 0.00463053678478525], [0.9526613158538564, 0.03693904651643212, 0.004080192567592167, 0.0063194449621193725], [0.0007199279041449568, 0.0003975834736220623, 0.0008683998052295595, 0.9980140887170034], [0.0040379752241681745, 0.002195415958852699, 0.9880721897257614, 0.005694418991217777]], "ideal": "C", "sampled": "B", "correct": false}}
{"type": "result", "data": {"idx": 55, "options": ["convergence", "context", "proximity", "closure"], "probs": [[0.10000441445910191, 0.45526001870386046, 0.30804333776232246, 0.13669222897471514], [0.22104610829893787, 0.6199593635767532, 0.07639441007199489, 0.08260011795231399], [0.1348442863759836, 0.5169231795747825, 0.10021040068112469, 0.24802213326810923], [0.34390814039199813, 0.15261369032444158, 0.25960461735486023, 0.24387355182870007]], "ideal": "B", "sampled": "C", "correct": false}}
{"type": "result", "data": {"idx": 56, "options": ["The study skills of students with disabilities are improved when they are given a single, specific study strategy to follow for all subjects.", "Students with disabilities often develop study skills on their own and need only some guidance and reinforcement by the teacher.", "Training in study skills needs to include helping students to guide their own thinking to organize their own study behaviors and to use varied study approaches.", "Study strategies are best taught in a small group by having students practice collaborative problem-solving activities modeled by the teacher."], "probs": [[0.0014074906014970232, 0.0005259429978374786, 0.9965683023563207, 0.0014982639443448667], [0.0007089614632312358, 0.9982963364055542, 0.0005970107836210998, 0.0003976912475935184], [0.9985917749568, 0.000552309008323716, 0.0006558834347052565, 0.00020003250017101756], [0.0002570688944858835, 0.00015350337997005448, 0.00013129830704075254, 0.9994581293185033]], "ideal": "C", "sampled": "C", "correct": true}}
{"type": "result", "data": {"idx": 57, "options": ["confabulation", "failure to reconstruct", "failure to encode", "deep processing"], "probs": [[0.07286942369443176, 0.12990704990109106, 0.7133500799311326, 0.08387344637334455], [0.2528263301951224, 0.6766146345138302, 0.01919417061620298, 0.051364864574844356], [0.6561334349673942, 0.059153370862956585, 0.015431047455983386, 0.26928214661366584], [0.05429598012604863, 0.06447986152422133, 0.045013715787179526, 0.8362104424625505]], "ideal": "C", "sampled": "C", "correct": true}}
{"type": "result", "data": {"idx": 58, "options": ["central nervous system.", "peripheral nervous system.", "autonomic nervous system.", "parasympathetic nervous system."], "probs": [[0.11743990198152558, 0.057236350326882596, 0.777873437364948, 0.04745031022664386], [0.021648607327054, 0.9350233707032114, 0.014648222411250304, 0.028679799458484354], [0.34238740288190356, 0.22454554995816275, 0.1012100264148528, 0.3318570206450809], [0.01548842000479474, 0.008035341445293645, 0.00314667408397635, 0.9733295643659352]], "ideal": "B", "sampled": "C", "correct": false}}
{"type": "result", "data": {"idx": 59, "options": ["Experiment-the most convenient and ethical way to study online bullying is to randomly assign half of the participants to a group who experiences the independent variable (online bullying).", "Correlation-it would be unethical to purposefully expose middle school students to bullying behaviors, so Professor Ek should examine variables that correlate with existing instances of online bullying.", "Naturalistic observation-observing instances of online bullying by monitoring middle school students' social networking behavior would provide the most accurate data and not raise important privacy concerns, because social networks are considered \"public\" space.", "Survey-self-reports about online bullying behaviors and responses to these behaviors would likely provide the most accurate descriptions of bullying and its impact."], "probs": [[0.3905941298209684, 0.04965869394864584, 0.4495753360731568, 0.11017184005722894], [0.18979669681238012, 0.3834049913632799, 0.06662598847767559, 0.36017232324666437], [0.8266629883812342, 0.05042708107425708, 0.06576925015422337, 0.05714068029028529], [0.4885357137826414, 0.08100785757506969, 0.031723155386436296, 0.3987332731558526]], "ideal": "B", "sampled": "C", "correct": false}}
{"type": "result", "data": {"idx": 60, "options": ["panic disorder", "post-traumatic stress disorder", "conversion disorder", "obsessive-compulsive disorder"], "probs": [[0.013831808475143445, 0.6068174349743638, 0.37384883227104887, 0.005501924179443898], [0.03383920160967135, 0.9585076654539604, 0.003856468972566599, 0.0037966638638017047], [0.0031183669727094733, 0.0005951553539923404, 0.0010946528189396747, 0.9951918247543585], [0.008852219336256092, 0.0035211992935240484, 0.9611988024887053, 0.026427778781514533]], "ideal": "C", "sampled": "B", "correct": false}}
{"type": "result", "data": {"idx": 61, "options": ["phoneme.", "morpheme.", "holophrase.", "syllable."], "probs": [[0.10473649709955962, 0.7501020794033693, 0.059677309446793315, 0.0854841139502778], [0.7292617448405126, 0.06890072005514704, 0.07108717467570762, 0.1307503603286327], [0.15854822333878613, 0.0565324732088013, 0.38632703399262486, 0.39859226935978775], [0.15188092104973205, 0.1542738240376353, 0.6295344875833766, 0.06431076722925605]], "ideal": "A", "sampled": "B", "correct": false}}
{"type": "result", "data": {"idx": 62, "options": ["fraternization need", "assimilation need", "attachment need", "affiliation need"], "probs": [[0.057547146408282124, 0.016747363440331186, 0.011331824943484088, 0.9143736651079026], [0.055528772779768344, 0.5268464598203656, 0.3620958082555647, 0.05552895904430129], [0.6642987007672875, 0.15293243241024237, 0.06179005164426222, 0.12097881507820794], [0.8481332564086963, 0.021567193548081367, 0.013708909818922262, 0.11659064012430002]], "ideal": "D", "sampled": "D", "correct": true}}
{"type": "result", "data": {"idx": 63, "options": ["is tested by a researcher who deliberately exhibits a positive attitude", "is in a positive mood when initially exposed to the words", "considers himself a \"positive\" person, regardless of his mood during the experience", "considers the initial testing experience positive"], "probs": [[0.05081608979550961, 0.7351721709694072, 0.09949519673325585, 0.11451654240182725], [0.9299548632699406, 0.01757374773621469, 0.015268330176496156, 0.03720305871734849], [0.009311524500720881, 0.00874745872183997, 0.001982572082635682, 0.9799584445948034], [0.3937381652251345, 0.03838189833905055, 0.36989365402239294, 0.197986282313422]], "ideal": "B", "sampled": "B", "correct": true}}
