{"type": "result", "data": {"idx": 0, "options": ["The formation of the non-aligned movement", "Global disarmanent and nuclear non-proliferation", "The Green Revolution in agriculture", "Mobilization of pan-Asian ideology"], "probs": [[0.6618338356050166, 0.019985905306002163, 0.005549867745443536, 0.3126303912435377], [0.0025571063696806385, 0.0004109692529951824, 0.02792442394262799, 0.9691075003346962], [0.0006147007711078623, 0.9962575031210812, 0.000982289163758146, 0.0021455068440527744], [0.9270577680488556, 0.05312527517721496, 0.008147009344068213, 0.011669947329861164]], "ideal": "A", "sampled": "D", "correct": false}}
{"type": "result", "data": {"idx": 1, "options": ["How societies shared strategically important technologies with each other", "Why European states went on to attain military superiority over non-Western powers in the modern era", "Why Silk Road commerce dwindled across the breadth of Eurasia after 1500 C.E.", "How the medieval climatic optimum affected the process of cultural diffusion"], "probs": [[0.014062175111794846, 0.9705567119948355, 0.005093021970826675, 0.010288090822542936], [0.9867371444070208, 0.003847929463538087, 0.0012689146042203236, 0.008146011425220841], [0.008024609025716445, 0.002028962209805915, 0.0026052250599834193, 0.9873412036044942], [0.04092677706106597, 0.03446415772714824, 0.8481480703841244, 0.07646099472766138]], "ideal": "B", "sampled": "B", "correct": true}}
{"type": "result", "data": {"idx": 2, "options": ["They kept horses in their court, which would have come from the Mongols.", "The Ghanian king had adopted the Chinese tradition of the kow-tow .", "The king adorned himself with gold and jewels, probably from India.", "The people in his court wore silk robes."], "probs": [[0.3169770334933232, 0.08140948656607633, 0.17505944295144202, 0.42655403688915844], [0.14115488212288024, 0.06263806530270792, 0.5670871011251761, 0.22911995134923568], [0.3547850714721739, 0.43470091984168396, 0.07793865061745549, 0.13257535796868664], [0.3924357592667104, 0.12941344081061365, 0.21672837434031905, 0.2614224254823569]], "ideal": "D", "sampled": "D", "correct": true}}
{"type": "result", "data": {"idx": 3, "options": ["the Arab-Israeli conflict.", "the Korean War.", "the Cold War.", "the Vietnam conflicts."], "probs": [[0.06497491404597626, 0.016428774863709247, 0.842632982228052, 0.07596332876226242], [0.01189101285403046, 0.9595040707497475, 0.004956945168277168, 0.02364797112794481], [0.8352628800604133, 0.024068422050573073, 0.034475730728256125, 0.10619296706075752], [0.01089304912328006, 0.0048339024119424265, 0.0037062122932174616, 0.98056683607156]], "ideal": "C", "sampled": "C", "correct": true}}
{"type": "result", "data": {"idx": 4, "options": ["They became a part of Japan\u2019s territory.", "The Americans established freedom for all Koreans.", "The Korean economy never recovered.", "Korea remains divided into two nations near the 38th parallel."], "probs": [[0.0006257836975930879, 0.00026087334995973107, 0.0006160893862349094, 0.9984972534662122], [0.012338374875711945, 0.003119728559277783, 0.9802107177815944, 0.0043311786834158185], [0.003017375051609285, 0.9935474097905965, 0.0015172602344602469, 0.0019179548233339472], [0.9948312497509109, 0.001861429984293662, 0.0021424897286800733, 0.001164830436115436]], "ideal": "D", "sampled": "D", "correct": true}}
{"type": "result", "data": {"idx": 5, "options": ["Optimistic, encouraged", "Understanding, accepting", "Cynical, enthusiastic", "Sincere, resigned"], "probs": [[0.14322268111567038, 0.11329943447020596, 0.631934969001473, 0.11154291531265072], [0.04851223101154367, 0.8078054694641352, 0.05583751138667982, 0.08784478803764123], [0.47697463844992144, 0.38326477590381275, 0.048726584299543955, 0.09103400124672184], [0.11813765414084365, 0.5462670508836944, 0.047732298926671544, 0.2878629959487904]], "ideal": "C", "sampled": "C", "correct": true}}
{"type": "result", "data": {"idx": 6, "options": ["Revolutionary progressivism does not always concern itself with gender equality.", "Women typically assume leadership roles during times of revolution.", "Women rarely support revolutions and therefore receive little benefit from them.", "Revolutionary movements are generally uninterested in women's rights."], "probs": [[0.6331618545532709, 0.03743511507723735, 0.2723220339205119, 0.05708099634897979], [0.02456905809266854, 0.9364729967523086, 0.01197416857760109, 0.026983776477421857], [0.6504834477764372, 0.042904243877068725, 0.15450424466014057, 0.1521080635863535], [0.45524796499790104, 0.0855394297339952, 0.06981519556975187, 0.3893974095983519]], "ideal": "A", "sampled": "C", "correct": false}}
{"type": "result", "data": {"idx": 7, "options": ["Sub-Saharan Africans relied on European merchants to sustain population growth through the constant importation of New World foodstuffs.", "Sub-Saharan Africans consolidated new states and kingdoms by trading with the Europeans for firearms.", "Sub-Saharan Africans depended on European merchants as the sole purchasers of slaves.", "Sub-Saharan Africans allied with European powers to evict Muslim and Arab merchant princes from encroaching on their sovereignty."], "probs": [[0.08312410734687299, 0.023083107400843933, 0.7409033730558269, 0.15288941209645623], [0.06252748542177886, 0.7045029075059466, 0.037337721255207526, 0.19563188571706702], [0.13329702217148862, 0.017485007120857324, 0.645962755437784, 0.20325521516987005], [0.04382623395857429, 0.13928143795447212, 0.015384788752357633, 0.801507539234596]], "ideal": "B", "sampled": "C", "correct": false}}
{"type": "result", "data": {"idx": 8, "options": ["Hitler's belief that Poland's territorial borders should not be violated", "A rising intolerance of ethnic and political minority groups", "A widespread belief in Germany that it had been unfairly treated at the end of World War I", "Hitler's attempted collaboration with Italian leader Benito Mussolini"], "probs": [[0.014563486454374872, 0.0034055261885926886, 0.9742357398195078, 0.007795247437524555], [0.005454986141469413, 0.9919391730748865, 0.0007498836256924284, 0.00185595705795157], [0.9959521967046694, 0.0019529404964221764, 0.0008141091251514109, 0.0012807535737570574], [0.002113767561228518, 0.00047907786186209147, 0.0004362024746005467, 0.9969709520023088]], "ideal": "C", "sampled": "C", "correct": true}}
{"type": "result", "data": {"idx": 9, "options": ["was justifiable according to local military custom, even if it violated Western military norms.", "can be viewed as a reaction to the systemic brute force with which the British governed India.", "should be praised as a brave patriotic blow against British colonial oppression.", "seems to have been the product of a well-organized and long-premeditated conspiracy."], "probs": [[0.02151195218052757, 0.7236309889452683, 0.016238945147822034, 0.238618113626382], [0.8726976919371443, 0.017831916818098308, 0.06321906592153496, 0.046251325223222436], [0.008228527112973873, 0.008228957383989276, 0.002249644064363934, 0.9812928713386729], [0.036203111471815486, 0.013112407753553466, 0.890996074364934, 0.05968840630969705]], "ideal": "B", "sampled": "B", "correct": true}}
{"type": "result", "data": {"idx": 10, "options": ["A factory owner is forcing him to do so.", "He doesn\u2019t earn enough on his own.", "The children need discipline.", "Their labor is only moderately difficult."], "probs": [[0.008732273388736512, 0.9782748832519916, 0.006192167587389542, 0.006800675671882284], [0.541563261830268, 0.015363465692584944, 0.014659651266944832, 0.4284136211102022], [0.000478301285810153, 0.00015773613075454758, 0.004004778572552609, 0.9953591839108827], [0.005895460999133687, 0.008713178400667251, 0.9761165452228139, 0.009274815277385197]], "ideal": "B", "sampled": "B", "correct": true}}
{"type": "result", "data": {"idx": 11, "options": ["Uneasy allies", "Comrades-in-arms", "Mortal enemies", "Distant strangers"], "probs": [[0.5760630797810778, 0.09702564007754731, 0.24392175999241872, 0.08298952004895609], [0.06140051203126901, 0.547259193137202, 0.05418597724613421, 0.3371543174853948], [0.27637310372053725, 0.215240437466115, 0.42142204228333735, 0.0869644164300104], [0.05850732082164971, 0.859763397840705, 0.03958816792616686, 0.042141113311478455]], "ideal": "A", "sampled": "A", "correct": true}}
{"type": "result", "data": {"idx": 12, "options": ["Issue a casus belli to go to war with the Kingdom of Zulu", "Tax the Zulu kingdom to cover damages attributed to them", "Sever its responsibility to protect citizens who chose to live in South Africa", "Liberate the Zulus from British colonialism"], "probs": [[0.6851073400720206, 0.13075601858446737, 0.08847410099107264, 0.09566254025243937], [0.2449083975755071, 0.16571546957378067, 0.04601758350115851, 0.5433585492495537], [0.1447928133043279, 0.03604226639600879, 0.4255758320615851, 0.39358908813807814], [0.023599672148212826, 0.8718496407411432, 0.01956507796629257, 0.08498560904435133]], "ideal": "A", "sampled": "A", "correct": true}}
{"type": "result", "data": {"idx": 13, "options": ["Pan-Africanism", "Communism", "African socialism", "Neocolonialism"], "probs": [[0.9954409300085671, 0.0012801007050888477, 0.002282028387361328, 0.0009969407989826775], [0.0009321713077239449, 0.007927910486043193, 0.00034292720639697306, 0.9907969908998359], [0.06896492460820533, 0.0035983500588863816, 0.9227436079904369, 0.004693117242471355], [0.001406072550527364, 0.9955561955436703, 0.0013416869600324027, 0.001696044845769976]], "ideal": "A", "sampled": "A", "correct": true}}
{"type": "result", "data": {"idx": 14, "options": ["Agriculture fueled industrialization in cities as excess labor flowed from the countryside to urban centers.", "Agricultural surpluses allowed the state to invest more heavily in modernizing agricultural production.", "Agricultural efficiency reduced prices of basic commodities, raising the standard of living across the whole of China.", "Agriculture was collectivized, with the result that entire communities shared fields instead of individuals owning the land as private property."], "probs": [[0.0005878074722414975, 0.0005786997782163757, 0.00044370408323231135, 0.9983897885663098], [0.004801686669877828, 0.0012140598396388127, 0.9894024715511781, 0.004581781839305289], [0.002067687165238234, 0.9905961476484315, 0.0019730124073950857, 0.0053631526789351775], [0.966475198424089, 0.001408337745968675, 0.02964476525709381, 0.002471698472848464]], "ideal": "D", "sampled": "D", "correct": true}}
{"type": "result", "data": {"idx": 15, "options": ["The expulsion of Christian missionaries from Japan", "The adoption of Chinese imperial customs in the Japanese court", "The annexation of Manchuria by the Japanese", "Commodore Perry forcing Japan to open its ports to trade"], "probs": [[0.0029734199429433425, 0.0005764325931787247, 0.001980729309946864, 0.9944694180539311], [0.05821236298300566, 0.021415407115143014, 0.8554321042114851, 0.06494012559036619], [0.015544582169978451, 0.9768583803451178, 0.0013164901935281425, 0.0062805471913756124], [0.9984494256863511, 0.00017107423734682143, 0.000510728295688182, 0.0008687716806139189]], "ideal": "D", "sampled": "D", "correct": true}}
{"type": "result", "data": {"idx": 16, "options": ["Development of socialized programs throughout much of Europe", "Disunity of the German states", "Communist overhaul of the eastern parts of Germany", "A decrease in German economic output"], "probs": [[0.8965240343538564, 0.015915282212308025, 0.01949996476612081, 0.06806071856771473], [0.1547051061271493, 0.012308345344177964, 0.37112182712913167, 0.4618647212995411], [0.13401872367624557, 0.020233970811823702, 0.6596806865908876, 0.18606661882104308], [0.022574880374623563, 0.8210579492113267, 0.07879477489042759, 0.07757239542362214]], "ideal": "A", "sampled": "A", "correct": true}}
{"type": "result", "data": {"idx": 17, "options": ["Meritocratic appointments by rulers to their bureaucracies", "Long-distance contact between Egypt and other lands", "The clan as the basic political unit", "A lack of emphasis on martial ability"], "probs": [[0.08753737137889145, 0.02248160555408746, 0.3862366380981392, 0.503744384868882], [0.2550104406214787, 0.21812352725926173, 0.3596261525017318, 0.16723987951752772], [0.6475710175645829, 0.11078717393382409, 0.11610432540053892, 0.12553748300105408], [0.13416334985345074, 0.03784287348011197, 0.05592807754314948, 0.7720656990232878]], "ideal": "B", "sampled": "C", "correct": false}}
{"type": "result", "data": {"idx": 18, "options": ["Adroit diplomacy and establishment of client relationships with bordering nomads", "The ability of the Tang emperor to project military power on the frontier in order to impose his will", "The permanent settlement of Han Chinese in frontier zones", "The payment of tribute to nomadic rulers"], "probs": [[0.9453941283329285, 0.03497860097044312, 0.009124802135654687, 0.010502468460973705], [0.02789333385278005, 0.011447479463708563, 0.0076257021347625985, 0.9530334844487488], [0.028255323366309777, 0.022005414915945216, 0.8653842934903025, 0.08435496812744248], [0.02906279069491975, 0.9041249091324006, 0.04035023357961208, 0.026462066493067486]], "ideal": "B", "sampled": "A", "correct": false}}
{"type": "result", "data": {"idx": 19, "options": ["Emphasis on trade networks", "Expansion of bureaucracy to reinforce dominance", "The use of state-sponsored religion to legitimize the government", "Expansion of an interregional canal system"], "probs": [[0.99855185027579, 0.0006661842191429292, 0.00020317644374864371, 0.0005787889613183921], [0.00012338230562979906, 4.1979225552885755e-05, 6.10792592967232e-05, 0.9997735591095206], [0.0011146109603912214, 0.00040368752980832277, 0.9976403522874164, 0.0008413491223839743], [0.0003980465191264949, 0.9991850309041438, 0.00015587841941856886, 0.00026104405731119343]], "ideal": "A", "sampled": "A", "correct": true}}
{"type": "result", "data": {"idx": 20, "options": ["Counterrevolutionary opponents", "Foreign invaders", "Communist agitators", "Transnational corporations"], "probs": [[0.9423771708761992, 0.0298231808995842, 0.008544472085406696, 0.019255176038809843], [0.06541328807720102, 0.01628279109079527, 0.015296200938742503, 0.9030077197932612], [0.06916104460418797, 0.030214497315453337, 0.7792431697807304, 0.1213812881996283], [0.02188249095989669, 0.9600105186335779, 0.009265683495516503, 0.008841306811008878]], "ideal": "A", "sampled": "A", "correct": true}}
{"type": "result", "data": {"idx": 21, "options": ["D\u00e9tente", "Mutual Assured Destruction", "Dollar Diplomacy", "Containment"], "probs": [[0.05152380945885293, 0.03174324170013656, 0.0034519127187423184, 0.9132810360222682], [0.04769906307868476, 0.011329588257579265, 0.8860702340466753, 0.0549011145170607], [0.012319161423488411, 0.963465203360374, 0.005135419257349583, 0.01908021585878804], [0.8465675023285865, 0.04085160662430936, 0.057609799952098535, 0.054971090995005654]], "ideal": "D", "sampled": "D", "correct": true}}
{"type": "result", "data": {"idx": 22, "options": ["Violent overthrow of the government", "Nonviolent resistance", "Appeasement", "Legal action"], "probs": [[0.002048448682227589, 0.9968376866412989, 0.0007897534029715895, 0.0003241111735018542], [0.9967474662779621, 0.0013644589435771565, 0.001223096969424586, 0.0006649777090361628], [0.00040424855300981384, 0.0002130254221984987, 0.00036807272323606825, 0.9990146532015556], [0.011460878595538791, 0.002517629992929652, 0.9844460049430149, 0.0015754863685165875]], "ideal": "B", "sampled": "B", "correct": true}}
{"type": "result", "data": {"idx": 23, "options": ["Slavery", "Indentured servitude", "The encomienda system", "The apprentice system"], "probs": [[0.07820461806177789, 0.04251925710192196, 0.8022836565509383, 0.07699246818536193], [0.001601743695052585, 0.7917277547007164, 0.0033383221826038868, 0.20333217932162706], [0.716012125766032, 0.012910928533252783, 0.22530378189515496, 0.04577316370556027], [0.00030006368454500373, 0.0013034204799289907, 0.0005349215194510646, 0.9978615942160749]], "ideal": "C", "sampled": "C", "correct": true}}
{"type": "result", "data": {"idx": 24, "options": ["Military campaigns", "Meteorological phenomena", "Competition with European trade networks", "The presence of highly developed port cities"], "probs": [[0.0072000833714647855, 0.002449745593400723, 0.0020628814060378166, 0.9882872895290966], [0.12578994118766904, 0.09060385554824846, 0.6388229609212387, 0.1447832422428438], [0.45653451763987474, 0.4222282311558112, 0.043133555231640454, 0.07810369587267361], [0.7383180117697571, 0.024486856175123948, 0.02566213877028386, 0.21153299318483507]], "ideal": "B", "sampled": "D", "correct": false}}
{"type": "result", "data": {"idx": 25, "options": ["The influence of religion on interaction between cultures", "The use of religion to justify armed violence", "The syncretic fusion of different religious traditions", "The attempt of a religious group to proselytize to those following another faith"], "probs": [[0.950184862362369, 0.03742315406297624, 0.0016701598195561298, 0.010721823655098637], [0.5780617267275392, 0.023125722216258762, 0.048198106144303525, 0.3506144448118986], [0.010260898002896346, 0.07464409103173777, 0.005755912688865403, 0.9093390981765005], [0.03428374698835539, 0.9122632399852795, 0.023197740962208613, 0.030255271964156557]], "ideal": "A", "sampled": "A", "correct": true}}
{"type": "result", "data": {"idx": 26, "options": ["The aggressive expansion of the slave trade to provide labor for Caribbean sugar plantations", "The continuous sale of African slaves by Arabian merchants into the Mediterranean market", "The establishment of Cape Colony by the Dutch East India Company", "The growth of trade links between Europe and Ethiopia"], "probs": [[0.9739163131490194, 0.004801049172356633, 0.01188273960138454, 0.00939989797723948], [0.08091161500045015, 0.014060485918371678, 0.007526025041674039, 0.8975018739395041], [0.010247106056009727, 0.0011143321523141513, 0.9819183659551588, 0.0067201957365172725], [0.0027011772920021208, 0.9922177902647313, 0.0017714911571602503, 0.0033095411861062307]], "ideal": "A", "sampled": "A", "correct": true}}
{"type": "result", "data": {"idx": 27, "options": ["The expulsion of the British East India Company and partial home rule for India", "British victory over Indian rebels and the strengthening of the British East India Company", "Indian military success and the attainment of full independence from British authority", "The defeat of Indian rebels and the imposition of direct rule by the British government"], "probs": [[0.015309435033894564, 0.8759898852005774, 0.02060122814450812, 0.08809945152101993], [0.4029172718556723, 0.14144021482007244, 0.3966824769082723, 0.05896003631598297], [0.03880503118880178, 0.732206946992537, 0.019210249650793, 0.2097777720678682], [0.49620880517404126, 0.07609711578668019, 0.32038113594542955, 0.10731294299384898]], "ideal": "D", "sampled": "B", "correct": false}}
{"type": "result", "data": {"idx": 28, "options": ["That they obediently fulfill their obligations within the home", "That they collaborate with their husbands on domestic tasks", "That they pursue education in order to find meaningful employment", "That they speak their minds boldly"], "probs": [[0.9985260391677979, 0.0004301188174851256, 0.0004650689963851775, 0.0005787729183318034], [0.011481753910217761, 0.001268284551490492, 0.0010190803178442064, 0.9862308811204475], [0.009925446867241634, 0.0018360580581187613, 0.981309452881675, 0.006929042092964565], [0.0007492337637616276, 0.9910903611273658, 0.00158614398126565, 0.006574261027606859]], "ideal": "A", "sampled": "A", "correct": true}}
{"type": "result", "data": {"idx": 29, "options": ["Jim Crow.", "spheres of influence.", "Boer division.", "apartheid."], "probs": [[0.0009105698716146262, 0.0003050095938921215, 0.0002231481093803258, 0.9985612723251129], [0.00342229292451804, 0.000706240564141286, 0.9944669570540682, 0.0014045093572724885], [0.0008821254025286368, 0.9980786988987795, 0.0005520213387387309, 0.00048715425995305686], [0.9962957235101543, 0.0022840306017973965, 0.0010294929104413802, 0.00039075287760696666]], "ideal": "D", "sampled": "D", "correct": true}}
{"type": "result", "data": {"idx": 30, "options": ["the Reformation", "mercantilism", "the Enlightenment", "the Reconquista"], "probs": [[0.0016211876042800273, 0.00028615792224891395, 0.9972901093523379, 0.0008025450211332262], [0.0005879890543551396, 0.9987002646203422, 0.00026091956625045026, 0.0004508266590522101], [0.9986598544222479, 0.0007203938325286424, 0.00031471781264737214, 0.000305033832576083], [0.0005974602879904405, 0.00020012524984605357, 0.0001510621599395503, 0.999051352202224]], "ideal": "C", "sampled": "C", "correct": true}}
{"type": "result", "data": {"idx": 31, "options": ["That the majority of Muslims were more peaceful than Christians during the crusading era", "That most Muslims were interested only in protecting their own territory during the crusading era", "That many Muslims during the crusading era were driven by Islamic faith to be inherently violent", "That the ideology of holy war was taken seriously by Muslim elites during the crusading era"], "probs": [[0.0673155833968415, 0.06524550671053496, 0.2386571377777391, 0.6287817720148845], [0.30683438138072705, 0.0788027895131708, 0.4395335352259308, 0.17482929378017134], [0.04036463424159761, 0.7981826066172643, 0.06154933943729027, 0.09990341960384785], [0.913287441149657, 0.0047925332461084625, 0.004573054047607565, 0.07734697145662697]], "ideal": "D", "sampled": "D", "correct": true}}
{"type": "result", "data": {"idx": 32, "options": ["The conquest of Constantinople by the armies of the Abbasid Caliphate", "The invasion of Anatolia by the Seljuk Turks", "The invasion of the Balkans by the Avars and Bulgars", "The conversion of the people of Constantinople to Catholic Christianity"], "probs": [[0.04991207754751369, 0.7686640767925692, 0.05396888182216216, 0.12745496373775494], [0.7303117773876221, 0.11737389748590826, 0.021375571089821657, 0.13093875393664794], [0.058404486538297315, 0.02758889278938544, 0.17990066426586063, 0.7341059563064566], [0.02787506413925703, 0.6967984617967906, 0.06281812113979385, 0.2125083528241585]], "ideal": "B", "sampled": "B", "correct": true}}
{"type": "result", "data": {"idx": 33, "options": ["Rules of royal succession", "Religious conflict", "Military stalemate", "Social class conflicts"], "probs": [[0.9956635066515137, 0.0019523553449286915, 0.0008397012572598549, 0.001544436646297759], [0.009504054320224888, 0.005008302443085439, 0.0007801453759013245, 0.9847074977607884], [0.035463431536195265, 0.008037593566723044, 0.9436549956448941, 0.01284397915218762], [0.003474555082818522, 0.9939806024212716, 0.0008514821808490061, 0.0016933602150608904]], "ideal": "B", "sampled": "A", "correct": false}}
{"type": "result", "data": {"idx": 34, "options": ["Religions were often spread through warfare during the period.", "International trade connections were still being developed in the period.", "Diseases spread along trade routes.", "Nomadic migrations created powerful empires during the period."], "probs": [[0.005471907751710067, 0.9795898549342777, 0.005916641771006783, 0.00902159544300543], [0.9633303534889716, 0.008465761538718192, 0.013112149541948252, 0.015091735330361991], [0.0023183818777192298, 0.0008396753400450078, 0.001221717144714466, 0.9956202255375213], [0.01954504288537555, 0.005777541547435933, 0.956601321601575, 0.01807609386561354]], "ideal": "B", "sampled": "B", "correct": true}}
{"type": "result", "data": {"idx": 35, "options": ["Banditry due to socio-economic breakdown", "Killing of civilians during wartime", "Collateral damage caused by weapons of mass destruction", "State-sponsored campaigns of genocide"], "probs": [[0.008096777134685413, 0.024553443077440514, 0.0017786465396403626, 0.9655711331482337], [0.055168451003527505, 0.02029545087769694, 0.8629912909987806, 0.06154480701999499], [0.007976344749604434, 0.7763549363868398, 0.006716789965193701, 0.20895192879836202], [0.938585178677308, 0.012775200643909244, 0.020736186198667628, 0.027903434380115145]], "ideal": "B", "sampled": "D", "correct": false}}
{"type": "result", "data": {"idx": 36, "options": ["Creation of an elected assembly", "Declarations of human rights", "Development of a constitutional monarchy", "Reduction of aristocratic influence"], "probs": [[0.0977739913788071, 0.007422679558460579, 0.07614694524333195, 0.8186563837194004], [0.3444266385997641, 0.0315401607432606, 0.4781933701771607, 0.14583983037981463], [0.5724548867504015, 0.16921800877601526, 0.10425263952919321, 0.15407446484439005], [0.8236047765031687, 0.017362629682708672, 0.0543229665692634, 0.10470962714485926]], "ideal": "C", "sampled": "D", "correct": false}}
{"type": "result", "data": {"idx": 37, "options": ["The differing views of Catholics and Reformers on the appropriate definition of \"Holy Ghost\"", "The differing views of Catholics and Reformers on the appropriate use and interpretation of biblical texts", "The differing views of Catholics and Reformers on the appropriate theological belief about the divinity of Jesus", "The differing views of Catholics and Reformers on the appropriate method of baptism"], "probs": [[0.0007897965195562004, 0.996896570594567, 0.0008148700532121434, 0.0014987627326645877], [0.9917704497518148, 0.005805892773302752, 0.0008364219051790775, 0.0015872354697033736], [0.025154063967788926, 0.023263987746610086, 0.007671639370159582, 0.9439103088154414], [0.018695675200411814, 0.0053564245923513314, 0.9589253850602258, 0.017022515047011]], "ideal": "B", "sampled": "B", "correct": true}}
{"type": "result", "data": {"idx": 38, "options": ["Highlight the extent of the author's property losses", "Express his opposition to the ongoing war", "Belittle British officials", "Place blame on both his home country as well as the Zulus"], "probs": [[0.778679774843059, 0.08601146703166745, 0.034751789849608306, 0.10055696817566523], [0.2956274405477738, 0.05383845710456728, 0.04394145616536822, 0.6065926460822907], [0.11859069415976424, 0.0615247992875861, 0.6117513384272921, 0.20813316802535758], [0.08831675996139267, 0.7394742882316077, 0.057022224468747704, 0.115186727238252]], "ideal": "D", "sampled": "A", "correct": false}}
{"type": "result", "data": {"idx": 39, "options": ["Interference by Russian Orthodox missionaries", "Native inexperience in hunting deep into the subarctic tundra", "Competition from Russian hunters and trappers", "Overhunting and depletion of furbearing animals"], "probs": [[0.016524892945095113, 0.010022992659257242, 0.15196143683610822, 0.8214906774595394], [0.09761926603547515, 0.11412991667239436, 0.6776335289220399, 0.11061728827009058], [0.11636555098876208, 0.7470438897073457, 0.03549035464004663, 0.10110020456384562], [0.8424635607389802, 0.021760392812134027, 0.02176057721401855, 0.11401546913486722]], "ideal": "D", "sampled": "D", "correct": true}}
{"type": "result", "data": {"idx": 40, "options": ["Women were increasingly thought of as primary earners for the family.", "Women were increasingly responsible for the care of their children.", "Women's power increasingly fell within the private sphere.", "Women's power increasingly fell within the public sphere."], "probs": [[0.0602890060955646, 0.014774725665923027, 0.8587214398296825, 0.06621482830882984], [0.008611035813076096, 0.96469572341141, 0.009024542118320215, 0.01766869855719366], [0.9867932641894396, 0.006860196846039626, 0.0029505689936666574, 0.003395969870854128], [0.003215695797094149, 0.0005856368926891421, 0.0015190170689953592, 0.9946796501412214]], "ideal": "C", "sampled": "C", "correct": true}}
{"type": "result", "data": {"idx": 41, "options": ["Awe at their technological superiority", "Fascination with their strangeness", "Offense at a perceived bribe", "Interpreting them as an act of submission"], "probs": [[0.04892282868719413, 0.02967380507046406, 0.559906117712329, 0.3614972484300128], [0.07432385367178083, 0.46246420298815, 0.2849171991752409, 0.1782947440648283], [0.10911708120810056, 0.7693612431456945, 0.02216898235887287, 0.09935269318733199], [0.47889892154052577, 0.04119748325974319, 0.04385457269137968, 0.43604902240835136]], "ideal": "D", "sampled": "D", "correct": true}}
{"type": "result", "data": {"idx": 42, "options": ["Stalin's drive to motivate Soviet industry for the Winter War with Finland", "Stalin's push to make the Soviet Union a nuclear nation", "Stalin's implementation of five-year plans for the Soviet economy", "Stalin's purges of dissidents and other political prisoners"], "probs": [[0.039883809759903674, 0.017153841829791197, 0.9077651808397037, 0.03519716747060142], [0.005902960490713585, 0.9773368934595632, 0.005902974460552346, 0.010857171489170852], [0.9179134592610708, 0.021927353090300656, 0.01655167302785757, 0.04360751452077094], [0.01810806306829117, 0.10420541823321162, 0.00518809556160352, 0.8724984230368937]], "ideal": "C", "sampled": "C", "correct": true}}
{"type": "result", "data": {"idx": 43, "options": ["The British crown offered incentives to those who would establish homesteads in the unsettled lands of South Africa.", "The Zulu created attractive trade ports along the Indian Ocean.", "The Berlin Conference clarified boundaries, thus making it logistically sound for Europeans to move to the African colonies.", "A diamond rush ensued following the discovery of diamonds on Zulu lands."], "probs": [[0.3927989643643573, 0.02673070516994265, 0.14226458037849873, 0.4382057499872013], [0.005712660863718442, 0.0012354699061979234, 0.001825906919758988, 0.9912259622103247], [0.08828395341097757, 0.018218762627843183, 0.7746975786299398, 0.11879970523123946], [0.053688606079339826, 0.42895038289786763, 0.015870640555301383, 0.5014903703674911]], "ideal": "D", "sampled": "A", "correct": false}}
{"type": "result", "data": {"idx": 44, "options": ["Fascism", "Social Darwinism", "Classical liberalism", "Socialism"], "probs": [[0.04470258950740108, 0.03219813853180292, 0.10557358710902195, 0.817525684751774], [0.06714411706375173, 0.02933314996666804, 0.7928209477156221, 0.11070178515395813], [0.09328036287329691, 0.6082657756276362, 0.08493303014779216, 0.21352083125127477], [0.5724064749831241, 0.07277343475667153, 0.18295259908212014, 0.17186749107808413]], "ideal": "D", "sampled": "D", "correct": true}}
{"type": "result", "data": {"idx": 45, "options": ["British support for growing resistance movements in Eastern Europe", "British trade deals with American manufacturers of military hardware", "British appeasement of the Axis powers", "British fears about a possible invasion attempt by Nazi Germany"], "probs": [[0.0016463419560098526, 0.0006651893134949315, 0.0006347242931863642, 0.9970537443373089], [0.014776975488487604, 0.010156162767530659, 0.8588374048266658, 0.11622945681731596], [0.004414734368496534, 0.9835833172692348, 0.003492360885478181, 0.008509587376790568], [0.9839865211879278, 0.004214349261822495, 0.002152473458077644, 0.00964665599217201]], "ideal": "D", "sampled": "D", "correct": true}}
{"type": "result", "data": {"idx": 46, "options": ["The development of Special Economic Zones along the Chinese coast brought economic growth to China.", "Political friction with the Soviet Union pushed China into the orbit of the United States during the Cold War.", "The cooperatives of peasants on the farmland and an emphasis on countryside steel production brought famine and poverty to the Chinese peasantry.", "Opposition voices in the Communist Party led by men such as Deng Xiaopeng were rooted out and silenced during the Cultural Revolution."], "probs": [[0.0020126937723705654, 0.0008006009091239569, 0.9948701180985593, 0.0023165871199461703], [0.0016304453446059932, 0.9874323024956727, 0.003398193023740275, 0.0075390590359810045], [0.909043727521137, 0.020721262280207636, 0.05459403608455317, 0.015640974014102124], [0.0007542923653024237, 0.0006976153905377749, 0.0007782470299596076, 0.9977698451142002]], "ideal": "C", "sampled": "C", "correct": true}}
{"type": "result", "data": {"idx": 47, "options": ["British sale of opium in China", "British exports of tobacco to China", "British introduction of gunpowder to China", "British encouragement of heroin use to China"], "probs": [[0.9987281333291861, 0.000655974111039226, 0.00023026849643443894, 0.0003856239633402747], [0.00037400588304735053, 0.000160858506408391, 8.215843536731881e-05, 0.999382977075177], [0.0037512745281346026, 0.0010416988785616167, 0.9925050992141573, 0.0027019272791464865], [0.002044719907937877, 0.9950229677474491, 0.0005417997100218385, 0.002390512534591162]], "ideal": "A", "sampled": "A", "correct": true}}
{"type": "result", "data": {"idx": 48, "options": ["They were discouraged by Confucian traditionalism from doing so.", "They put too much faith in the numerical strength of their existing armed forces.", "They logically decided to develop weapons better suited to their immediate military needs.", "They could not afford the initial expense of converting to a new military technology."], "probs": [[0.08109268273409098, 0.05235924023151893, 0.781563255730833, 0.08498482120355709], [0.02024624170698616, 0.8475607048622348, 0.04286227451971675, 0.08933077881106226], [0.693053276457024, 0.15707948014414755, 0.08540277563982007, 0.06446446765900835], [0.022048206211453293, 0.012961964427041643, 0.05630300262092349, 0.9086868266405815]], "ideal": "C", "sampled": "C", "correct": true}}
{"type": "result", "data": {"idx": 49, "options": ["The government dismantled the Chinese-style civil service system.", "The government undertook a program of conquest in the Pacific.", "The country sent emissaries to study western democracies and industry.", "The country turned inward and closed its ports to all foreigners."], "probs": [[0.006349502175797877, 0.000958640484331828, 0.9875899026396976, 0.005101954600172663], [0.0022055816536223037, 0.9926421572449039, 0.0015158841237585565, 0.003636376877715194], [0.9863367827423392, 0.008142806221933497, 0.0017337010157723526, 0.0037867099199549413], [0.00041722242814712227, 5.825834672807158e-05, 0.0001659614875136054, 0.9993585576376112]], "ideal": "C", "sampled": "C", "correct": true}}
{"type": "result", "data": {"idx": 50, "options": ["Russia was excluded from Western European developments (like the Renaissance).", "Russia benefited by becoming the administrative center of Mongol political activity.", "Islam became the dominant religion of Russia.", "Russia developed a centralized bureaucracy."], "probs": [[0.010482636298835005, 0.9436229484024692, 0.007550467750327857, 0.03834394744836794], [0.577958922024277, 0.041218298032614856, 0.26877965619328653, 0.11204312364982162], [0.005187879235647922, 0.003795578426020064, 0.0023752068534192727, 0.9886413353849127], [0.05325013632260123, 0.02400190320366018, 0.8867170578583254, 0.03603090251541318]], "ideal": "A", "sampled": "B", "correct": false}}
{"type": "result", "data": {"idx": 51, "options": ["The rise of anti-Semitic ideologies", "Trade protectionism", "A growing desire to attract skilled labor from abroad", "Hardening of anti-immigrant sentiment"], "probs": [[0.0032270783405906286, 0.027445700007366288, 0.001838748234428291, 0.9674884733176148], [0.158680317996813, 0.05398892177858942, 0.7570461545457681, 0.030284605578829487], [0.006489907533017079, 0.9783606040781895, 0.003212771218057509, 0.011936717070735936], [0.9742129097564609, 0.005112228114192702, 0.004172514764867849, 0.016502347264478565]], "ideal": "D", "sampled": "D", "correct": true}}
{"type": "result", "data": {"idx": 52, "options": ["Persian armies were largely in control of Arabia throughout the period.", "Persia and Arabia interacted infrequently throughout the period.", "Persia supported Arabian client states throughout the period.", "Persia was brought into the Arabian orbit over the course of the period."], "probs": [[0.0687542526683833, 0.04580078191080629, 0.1346156384231608, 0.7508293268976496], [0.11194096170912464, 0.07937866957053481, 0.6857371125209908, 0.1229432560993497], [0.12202319956182114, 0.46776955077476395, 0.12202498025064996, 0.2881822693127649], [0.4958664104462547, 0.06816582279468662, 0.2961010292457323, 0.1398667374133264]], "ideal": "D", "sampled": "D", "correct": true}}
{"type": "result", "data": {"idx": 53, "options": ["Outmigration from Africa due to political violence", "Stronger transatlantic influences linking art in Afro-Eurasia with that in the Americas", "Preference on the part of African intellectuals for Western cultural advancements", "Lack of a rich indigenous artistic tradition in Africa"], "probs": [[0.0013767143384058175, 0.9901225311465294, 0.0008220819486372059, 0.007678672466427568], [0.9977752183766289, 0.0006253397201698668, 0.0006156553045413909, 0.0009837864986598805], [0.09778987537909853, 0.0015320157276590982, 0.0014168798111419988, 0.8992612289821004], [0.004359505713649845, 0.0009138097354750735, 0.9865820792129522, 0.008144605237922941]], "ideal": "B", "sampled": "B", "correct": true}}
{"type": "result", "data": {"idx": 54, "options": ["The Mongol invasions of the Middle East", "The Protestant Reformation", "The Age of Discovery", "The Crusades"], "probs": [[0.00014880052457502625, 7.482284263750858e-05, 0.0001851865269785834, 0.9995911900058089], [0.0020800568371985794, 0.0006245501634896942, 0.9965301852023827, 0.0007652076969290806], [0.0010979104511643308, 0.9981597027162087, 0.00035091559266366634, 0.0003914711399633573], [0.9988006915601816, 0.00039172959982160455, 0.0004725178262095879, 0.00033506091378721363]], "ideal": "D", "sampled": "D", "correct": true}}
{"type": "result", "data": {"idx": 55, "options": ["Ulrich Zwingli", "Sir Thomas More", "Erasmus", "John Wycliffe"], "probs": [[0.6024785041206604, 0.023360731077838374, 0.01998150162199, 0.35417926307951125], [0.08912755664271842, 0.025139684182830364, 0.8325122702548108, 0.05322048881964044], [0.4817845783119782, 0.45259555634292326, 0.044118365788951557, 0.021501499456146975], [0.9580708457432757, 0.01674414480500592, 0.007909388538430756, 0.01727562081328758]], "ideal": "B", "sampled": "D", "correct": false}}
{"type": "result", "data": {"idx": 56, "options": ["The Ming Dynasty was very supportive of and welcoming to all commercial enterprise.", "The Ming Dynasty sought to regulate trade strictly to limit contact with foreigners and ease collection of taxes.", "The Ming Dynasty was too busy battling pirates along its coast to pay any attention to regular merchant activity.", "The Ming Dynasty only allowed Portugal to trade with China through Canton, permitting only one boat a year."], "probs": [[0.0035428778828698396, 0.922832109592297, 0.012758531306383337, 0.06086648111844981], [0.15324244244151222, 0.03162400494849357, 0.6976387059953255, 0.1174948465146687], [0.0014942603976706161, 0.0027484023182248775, 0.001859654567533163, 0.9938976826165713], [0.012988442036853688, 0.0036635875303118845, 0.9693041851101558, 0.014043785222678599]], "ideal": "B", "sampled": "B", "correct": true}}
{"type": "result", "data": {"idx": 57, "options": ["Nationalism", "Socialism", "Pan-Africanism", "Neocolonialism"], "probs": [[0.518492299855368, 0.013184656857417367, 0.46477444630835, 0.003548596878864619], [0.001858697729871324, 0.9933951477113714, 0.0012189674432410008, 0.0035271870155162747], [0.9452905137553319, 0.0008486343454956679, 0.05332979195503079, 0.0005310598441416592], [0.0059834382809137105, 0.9020090009840657, 0.0026969602052530775, 0.0893106004297675]], "ideal": "C", "sampled": "C", "correct": true}}
