{"type": "result", "data": {"idx": 0, "options": ["True, True", "False, False", "True, False", "False, True"], "probs": [[0.21363672293617703, 0.5045674963600398, 0.10742923456206649, 0.17436654604171664], [0.22662468589997042, 0.18788671771624432, 0.3246420967945972, 0.26084649948918803], [0.19958279275196147, 0.39693008324968626, 0.29497570112851573, 0.10851142276983652], [0.18360058140704233, 0.35391153299645095, 0.3172465420682932, 0.14524134342821346]], "ideal": "D", "sampled": "B", "correct": false}}
{"type": "result", "data": {"idx": 1, "options": ["True, True", "False, False", "True, False", "False, True"], "probs": [[0.24323449261243144, 0.4137788835880301, 0.19545730038885636, 0.14752932331068208], [0.20233797120493976, 0.28984864247603614, 0.2990511819845372, 0.20876220423448694], [0.2879979419419487, 0.39986397321487205, 0.22430358170350906, 0.08783450303967014], [0.25299051212976803, 0.4106625585543038, 0.21304815846750405, 0.12329877074842409]], "ideal": "C", "sampled": "D", "correct": false}}
{"type": "result", "data": {"idx": 2, "options": ["True, True", "False, False", "True, False", "False, True"], "probs": [[0.3390924511037464, 0.3903131986182458, 0.1247518351047371, 0.14584251507327065], [0.2604518830515763, 0.21933171150875225, 0.3141805827303465, 0.20603582260932501], [0.3285533838723331, 0.3723156174409888, 0.22582083745867543, 0.07331016112800268], [0.23465541793576505, 0.4594537478388721, 0.19152773344008941, 0.11436310068527342]], "ideal": "B", "sampled": "A", "correct": false}}
{"type": "result", "data": {"idx": 3, "options": ["12", "24", "48", "72"], "probs": [[0.18705190534045224, 0.45579050872025173, 0.18415750404922837, 0.17300008179006762], [0.2687240700884596, 0.31912826410489414, 0.20929397397892696, 0.20285369172771928], [0.13145389857794315, 0.5984304412951817, 0.0932194644144955, 0.17689619561237954], [0.4085632951573002, 0.25567854019704433, 0.11706177405725528, 0.21869639048840014]], "ideal": "D", "sampled": "D", "correct": true}}
{"type": "result", "data": {"idx": 4, "options": ["convolutional networks", "graph networks", "fully connected networks", "RBF networks"], "probs": [[0.9955113952394032, 0.0017227243531560828, 0.0019521397439797908, 0.0008137405634608385], [0.0006866686385126282, 0.0007903699959925832, 0.000924032753289178, 0.9975989285122057], [0.0039362993411432715, 0.0011819199847441478, 0.9937887163243982, 0.001093064249714305], [0.0008033260415244407, 0.9982705337242415, 0.0005696697170284546, 0.0003564704172056685]], "ideal": "A", "sampled": "A", "correct": true}}
{"type": "result", "data": {"idx": 5, "options": ["True, True", "False, False", "True, False", "False, True"], "probs": [[0.25461456556477957, 0.43996135051561625, 0.13844219055046322, 0.16698189326914098], [0.2774654585223273, 0.2195033696148331, 0.3000316574864814, 0.20299951427635818], [0.3061492488398361, 0.40560326580526396, 0.18570012129029495, 0.10254736396460504], [0.23076252636986044, 0.37458357211181836, 0.24566085634159143, 0.14899304507672972]], "ideal": "B", "sampled": "D", "correct": false}}
{"type": "result", "data": {"idx": 6, "options": ["O(D)", "O(N)", "O(ND)", "O(ND^2)"], "probs": [[0.19695456911008655, 0.3856293375592047, 0.2777557455546782, 0.13966034767603056], [0.055675161785460496, 0.6782815203032543, 0.16364123806057462, 0.1024020797507106], [0.2752903576535208, 0.4985024407676948, 0.10780725145123546, 0.11839995002754898], [0.06800057018613515, 0.7086036230980687, 0.04975133779799877, 0.17364446881779744]], "ideal": "A", "sampled": "C", "correct": false}}
{"type": "result", "data": {"idx": 7, "options": ["True, True", "False, False", "True, False", "False, True"], "probs": [[0.3784936182863594, 0.3340359131370507, 0.139248568975369, 0.14822189950122086], [0.264931045001149, 0.2266171655840407, 0.2955709905456673, 0.21288079876914298], [0.37638225410883364, 0.224757431410572, 0.327026207833144, 0.07183410654745036], [0.2188945463575033, 0.4856607100331583, 0.16267675922629263, 0.13276798428304576]], "ideal": "B", "sampled": "A", "correct": false}}
{"type": "result", "data": {"idx": 8, "options": ["2", "4", "8", "16"], "probs": [[0.18358015342814438, 0.5926295783208558, 0.13431840244015772, 0.08947186571084204], [0.22170279752702682, 0.4620957637705065, 0.0909945585413585, 0.2252068800611082], [0.2587118821693596, 0.2977905659911438, 0.271149583764069, 0.17234796797542762], [0.19321182706737622, 0.4286782783629011, 0.2367463417563715, 0.14136355271335116]], "ideal": "C", "sampled": "B", "correct": false}}
{"type": "result", "data": {"idx": 9, "options": ["Lower variance", "Higher variance", "Same variance", "None of the above"], "probs": [[0.3247000083181402, 0.41046420269293504, 0.12518320230285973, 0.139652586586065], [0.4579539919661098, 0.2821495960579536, 0.1441055301220835, 0.11579088175385316], [0.19642527765353635, 0.26022810225991555, 0.48618421859245814, 0.05716240139408993], [0.19414604431483476, 0.579625866490228, 0.0796783670583547, 0.14654972203658262]], "ideal": "A", "sampled": "A", "correct": true}}
{"type": "result", "data": {"idx": 10, "options": ["True, True", "False, False", "True, False", "False, True"], "probs": [[0.3735776860953053, 0.2864453578867154, 0.21287213167862268, 0.1271048242393567], [0.16406369207648913, 0.2462986707441079, 0.42557287211930794, 0.16406476496009498], [0.26162790859663987, 0.41161041834395096, 0.29647609146735504, 0.030285581492054094], [0.17555027936803733, 0.5939000159817098, 0.15736900033913426, 0.07318070421111865]], "ideal": "A", "sampled": "A", "correct": true}}
{"type": "result", "data": {"idx": 11, "options": ["good fitting", "overfitting", "underfitting", "all of the above"], "probs": [[0.0016084293310195002, 0.97408602854469, 0.0013974285430971294, 0.02290811348119337], [0.1811666899535019, 0.6944998339348636, 0.11697173847309009, 0.007361737538544418], [0.8965831951378991, 0.061015243945440625, 0.007636804054458155, 0.03476475676220215], [0.045047363110715194, 0.024491793310050046, 0.8769665563585626, 0.05349428712067223]], "ideal": "C", "sampled": "B", "correct": false}}
{"type": "result", "data": {"idx": 12, "options": ["True, True", "False, False", "True, False", "False, True"], "probs": [[0.4001519977646265, 0.20760841665576046, 0.2280141860018644, 0.1642253994777486], [0.21653709781405533, 0.14201586581907488, 0.41094087407089536, 0.2305061621959744], [0.38758701515330685, 0.14711721404419278, 0.4257011460724328, 0.03959462463006755], [0.25738081525211265, 0.4660791192935669, 0.17415931948886657, 0.10238074586545388]], "ideal": "A", "sampled": "A", "correct": true}}
{"type": "result", "data": {"idx": 13, "options": ["True, True", "False, False", "True, False", "False, True"], "probs": [[0.18040479717834776, 0.46069744224709736, 0.1920498311327573, 0.16684792934179757], [0.18487358755079764, 0.24492545818656622, 0.3853270834897885, 0.18487387067284763], [0.18185610525410434, 0.5963014781981011, 0.1580048603256036, 0.06383755612219097], [0.12876071034574363, 0.49360641832183993, 0.21229906378053554, 0.16533380745188092]], "ideal": "B", "sampled": "D", "correct": false}}
{"type": "result", "data": {"idx": 14, "options": ["pure", "not pure", "useful", "useless"], "probs": [[0.032524201773399604, 0.9357940483960951, 0.008618529820932405, 0.02306321990957283], [0.7398899737758889, 0.15032245105251638, 0.06465330671130814, 0.04513426836028658], [0.5556831152299506, 0.13832535823074457, 0.09507005306611752, 0.21092147337318728], [0.13287811375952507, 0.15536009236689777, 0.4711411437261181, 0.24062065004745903]], "ideal": "B", "sampled": "B", "correct": true}}
{"type": "result", "data": {"idx": 15, "options": ["True, True", "False, False", "True, False", "False, True"], "probs": [[0.30047937776899547, 0.3198722254929118, 0.2377112472160682, 0.1419371494220246], [0.16896343481286674, 0.1637692475716801, 0.520469196393734, 0.1467981211217191], [0.20895901787335017, 0.4155765566315643, 0.3136963020032536, 0.06176812339183191], [0.1973867565196061, 0.5040631889792873, 0.17694245277065873, 0.12160760163044788]], "ideal": "B", "sampled": "D", "correct": false}}
{"type": "result", "data": {"idx": 16, "options": ["This feature has a strong effect on the model (should be retained)", "This feature does not have a strong effect on the model (should be ignored)", "It is not possible to comment on the importance of this feature without additional information", "Nothing can be determined."], "probs": [[0.48802405772702306, 0.3861000551869562, 0.04985765758350231, 0.07601822940251839], [0.29130252433219084, 0.10067696605830904, 0.0376194519387707, 0.5704010575707295], [0.05944104248491274, 0.03898532155944019, 0.7589835808828727, 0.14259005497277444], [0.020530090793531186, 0.8867672930104264, 0.037761846939053184, 0.05494076915698915]], "ideal": "C", "sampled": "A", "correct": false}}
{"type": "result", "data": {"idx": 17, "options": ["The number of hidden nodes", "The learning rate", "The initial choice of weights", "The use of a constant-term unit input"], "probs": [[0.5751802963574257, 0.08286404670590061, 0.24355277598115702, 0.09840288085551664], [0.03332107889579031, 0.7350634117131375, 0.01433168844598366, 0.2172838208450886], [0.6780938212533423, 0.10729363294185494, 0.10563007468255389, 0.10898247102224892], [0.0393225266037635, 0.8674556086978346, 0.011266481379483809, 0.08195538321891818]], "ideal": "A", "sampled": "A", "correct": true}}
{"type": "result", "data": {"idx": 18, "options": ["The polynomial degree", "Whether we learn the weights by matrix inversion or gradient descent", "The assumed variance of the Gaussian noise", "The use of a constant-term unit input"], "probs": [[0.45721828932958336, 0.229910135246174, 0.18187376854985157, 0.13099780677439107], [0.03629809241723682, 0.0744802951044612, 0.009769742367026619, 0.8794518700112753], [0.1748675606930495, 0.1832631135776098, 0.5733901432593514, 0.06847918236998929], [0.07823737125175213, 0.8543967778840931, 0.029236043468167782, 0.038129807295987014]], "ideal": "A", "sampled": "A", "correct": true}}
{"type": "result", "data": {"idx": 19, "options": ["True, True", "False, False", "True, False", "False, True"], "probs": [[0.3085362498771317, 0.3496334760813051, 0.1842449864110872, 0.15758528753047604], [0.22320033115302207, 0.27778787659852844, 0.3050913350764896, 0.19392045707195987], [0.3703798292584052, 0.2976199099939062, 0.24673404387493297, 0.08526621677275567], [0.23087931021049476, 0.45205754710769414, 0.1770269151902036, 0.14003622739160745]], "ideal": "A", "sampled": "A", "correct": true}}
{"type": "result", "data": {"idx": 20, "options": ["Requires the dimension of the feature space to be no bigger than the number of samples", "Has the smallest value of the objective function when K = 1", "Minimizes the within class variance for a given number of clusters", "Converges to the global optimum if and only if the initial means are chosen as some of the samples themselves"], "probs": [[0.07411773364030476, 0.032381098111068034, 0.80951522264888, 0.08398594549974722], [0.011391363561717324, 0.9483875415090769, 0.013318565274838578, 0.02690252955436719], [0.9755864370465246, 0.009715265227005434, 0.005282220696567453, 0.00941607692990251], [0.0201405653520172, 0.017228239381950842, 0.007182089603694125, 0.9554491055623379]], "ideal": "C", "sampled": "C", "correct": true}}
{"type": "result", "data": {"idx": 21, "options": ["True, True", "False, False", "True, False", "False, True"], "probs": [[0.3018456534074442, 0.35846747566754805, 0.18309011381926601, 0.15659675700574172], [0.1906385421562291, 0.20613610742414956, 0.37327048178754785, 0.22995486853207348], [0.29804676768183475, 0.32735019918982966, 0.29805859920382144, 0.07654443382451413], [0.18280018319447164, 0.4969223589125349, 0.18861045869459717, 0.1316669990983963]], "ideal": "A", "sampled": "A", "correct": true}}
{"type": "result", "data": {"idx": 22, "options": ["0", "1", "2", "3"], "probs": [[0.11399857081076349, 0.4439003516725644, 0.38566548059375516, 0.056435596822916934], [0.30931862955190065, 0.36734196266329033, 0.25644209787335986, 0.06689730981144912], [0.46718687858648716, 0.30165523961869606, 0.14473082447238214, 0.08642705722243463], [0.46386638063717733, 0.10679089913438164, 0.3138743825762146, 0.11546833755222641]], "ideal": "B", "sampled": "C", "correct": false}}
{"type": "result", "data": {"idx": 23, "options": ["True, True", "False, False", "True, False", "False, True"], "probs": [[0.29804705238131707, 0.39486600179600856, 0.1475520216875334, 0.15953492403514097], [0.2594708695354025, 0.20526593960750372, 0.3331849226905204, 0.2020782680665734], [0.30394338389834474, 0.3964312312463599, 0.2024785549723418, 0.09714682978295353], [0.19825430816272815, 0.4467885294055352, 0.2143721037424365, 0.14058505858930012]], "ideal": "C", "sampled": "A", "correct": false}}
{"type": "result", "data": {"idx": 24, "options": ["Decision Trees", "Density-based clustering", "Model-based clustering", "K-means clustering"], "probs": [[0.0039011049801085393, 0.7913759023851183, 0.004632756388283419, 0.20009023614648966], [0.6592611208865019, 0.10431606535217966, 0.20745628005057826, 0.028966533610740194], [0.013543107381542609, 0.2636579242945993, 0.0061045027524102465, 0.7166944654714479], [0.19491265712219422, 0.032829783853585766, 0.7356341480473167, 0.0366234108769033]], "ideal": "B", "sampled": "B", "correct": true}}
{"type": "result", "data": {"idx": 25, "options": ["True, True", "False, False", "True, False", "False, True"], "probs": [[0.3575893044114151, 0.35761073228120976, 0.1490739583820042, 0.13572600482537087], [0.1766705688161396, 0.24529329305361447, 0.36823377558235226, 0.20980236244789366], [0.3539837387455925, 0.3173198808519688, 0.28003553864327907, 0.0486608416591596], [0.2058011010515607, 0.5507760684444284, 0.13497258821994823, 0.10845024218406266]], "ideal": "A", "sampled": "A", "correct": true}}
{"type": "result", "data": {"idx": 26, "options": ["they are biased", "they have high variance", "they are not consistent estimators", "None of the above"], "probs": [[0.18304440513691025, 0.11277588539765948, 0.2581448871991048, 0.44603482216632545], [0.11157289977544167, 0.8244621175047415, 0.030983692477800463, 0.03298129014201637], [0.9451227824723188, 0.015040539252414425, 0.02479691471451132, 0.015039763460755366], [0.06568390532829663, 0.2440619192145081, 0.09557342029886912, 0.5946807550583262]], "ideal": "B", "sampled": "C", "correct": false}}
{"type": "result", "data": {"idx": 27, "options": ["linear in D", "linear in N", "polynomial in D", "dependent on the number of iterations"], "probs": [[0.45065758635047176, 0.27770287416414435, 0.19692200860472756, 0.07471753078065627], [0.35710568030568995, 0.4659792586541437, 0.0370678239368346, 0.13984723700333174], [0.5817215918833746, 0.15420891116729576, 0.1802798657168362, 0.08378963113249345], [0.6817584087893963, 0.13219563760177297, 0.07300294989364685, 0.11304300361518388]], "ideal": "C", "sampled": "C", "correct": true}}
{"type": "result", "data": {"idx": 28, "options": ["Increase bias", "Decrease bias", "Increase variance", "Decrease variance"], "probs": [[0.07350767354035474, 0.7424133213240083, 0.044585480190158795, 0.13949352484547822], [0.5743903345967034, 0.09981547742633812, 0.27560379277084573, 0.05019039510611278], [0.09891350197870206, 0.6974132992593421, 0.07466464210804297, 0.12900855655391286], [0.6676528875101642, 0.058339765630869546, 0.23806529614013586, 0.03594205061883045]], "ideal": "D", "sampled": "D", "correct": true}}
{"type": "result", "data": {"idx": 29, "options": ["Best-subset selection", "Forward stepwise selection", "Forward stage wise selection", "All of the above"], "probs": [[0.102146501892917, 0.07357673565536299, 0.020753615220903684, 0.8035231471308163], [0.17252994557890713, 0.2981236189864887, 0.2358355898670279, 0.2935108454675763], [0.06454903162852361, 0.7987974301055355, 0.017925780825190554, 0.1187277573407503], [0.5518858226624399, 0.23369615397142332, 0.053800752239481636, 0.1606172710266551]], "ideal": "C", "sampled": "D", "correct": false}}
{"type": "result", "data": {"idx": 30, "options": ["Optimize a convex objective function", "Can only be trained with stochastic gradient descent", "Can use a mix of different activation functions", "None of the above"], "probs": [[0.2236084333449197, 0.04267758487230836, 0.06610304091916426, 0.6676109407636077], [0.13369492687084483, 0.5125434803247702, 0.08367310896896879, 0.2700884837354162], [0.9587540007138892, 0.01783783951293831, 0.011338936615905898, 0.012069223057266602], [0.26274182019591924, 0.3270091839622458, 0.021909287917173826, 0.3883397078246611]], "ideal": "C", "sampled": "C", "correct": true}}
{"type": "result", "data": {"idx": 31, "options": ["0.0368", "0.473", "0.078", "None of the above"], "probs": [[0.13067688874155015, 0.285424906181401, 0.05890087783237478, 0.5249973271446741], [0.057693382361177284, 0.6602874569754591, 0.1300152872004246, 0.15200387336293902], [0.08337976999694743, 0.4650604429896496, 0.40405124843225854, 0.04750853848114441], [0.05048535650868958, 0.6861477936234124, 0.07579012790033503, 0.187576721867563]], "ideal": "C", "sampled": "A", "correct": false}}
{"type": "result", "data": {"idx": 32, "options": ["True, True", "False, False", "True, False", "False, True"], "probs": [[0.33338351544159883, 0.2896586526793268, 0.24013701495494577, 0.13682081682412864], [0.17417656662107736, 0.2101031635537671, 0.4244244884017885, 0.19129578132336705], [0.28196394650771833, 0.3509180869624625, 0.32454797864103296, 0.042569987788786165], [0.21598294375167135, 0.5181323289353084, 0.1555711030804512, 0.1103136241325691]], "ideal": "B", "sampled": "A", "correct": false}}
{"type": "result", "data": {"idx": 33, "options": ["It can not be applied to non-differentiable functions.", "It can not be applied to non-continuous functions.", "It is hard to implement.", "It runs reasonably slow for multiple linear regression."], "probs": [[0.17276517401527847, 0.06160602488475303, 0.5845660944977672, 0.1810627065022013], [0.2311585683089941, 0.24997012314502853, 0.3470778671798448, 0.17179344126613258], [0.2580587152256377, 0.3064794403091808, 0.17738188008463338, 0.25807996428054814], [0.5536722334042755, 0.10568329297129123, 0.07494420278275835, 0.2657002707416749]], "ideal": "D", "sampled": "D", "correct": true}}
{"type": "result", "data": {"idx": 34, "options": ["Supervised learning", "Unsupervised learning", "Clustering", "None of the above"], "probs": [[0.7148805855989832, 0.21464656291245715, 0.029506873336463908, 0.0409659780520958], [0.016428688111000428, 0.022107455300742276, 0.02142716701863203, 0.9400366894696253], [0.012969793436483247, 0.7777324129784935, 0.11926849641484463, 0.09002929707017862], [0.0915076239488672, 0.8682144442789221, 0.023871510018012743, 0.01640642165419795]], "ideal": "A", "sampled": "A", "correct": true}}
{"type": "result", "data": {"idx": 35, "options": ["It relates inputs to outputs.", "It is used for prediction.", "It may be used for interpretation.", "It discovers causal relationships"], "probs": [[0.07366156220593435, 0.05561599238030303, 0.1823604167417414, 0.6883620285720212], [0.1359437324898357, 0.2500755339565819, 0.3638976595098866, 0.2500830739436958], [0.2288202826274141, 0.4411240583384592, 0.09392152865665006, 0.23613413027747662], [0.14817789029884604, 0.22952437142009152, 0.045196752485619864, 0.5771009856954425]], "ideal": "D", "sampled": "D", "correct": true}}
{"type": "result", "data": {"idx": 36, "options": ["To save computing time during testing", "To save space for storing the Decision Tree", "To make the training set error smaller", "To avoid overfitting the training set"], "probs": [[0.0033499327511454504, 0.0037960232137774414, 0.004104447439806827, 0.9887495964952703], [0.005094117539036437, 0.004860877576636299, 0.98607773634979, 0.003967268434537207], [0.002076229531509192, 0.9947031069853541, 0.0014722994424399615, 0.0017483639406967362], [0.9950970167032029, 0.0019512745305612005, 0.0011470972977257587, 0.0018046113685101111]], "ideal": "D", "sampled": "D", "correct": true}}
{"type": "result", "data": {"idx": 37, "options": ["True, True", "False, False", "True, False", "False, True"], "probs": [[0.3384769310981847, 0.3130539403997819, 0.19590415350481066, 0.15256497489722265], [0.16820630178846246, 0.19975642560277926, 0.36740967080182857, 0.26462760170692967], [0.30331497251506234, 0.25944640263382907, 0.37164206904770103, 0.06559655570340753], [0.19335448163738037, 0.5015410034887822, 0.16799458359008193, 0.13710993118375553]], "ideal": "B", "sampled": "A", "correct": false}}
{"type": "result", "data": {"idx": 38, "options": ["Increase the amount of training data.", "Improve the optimisation algorithm being used for error minimisation.", "Decrease the model complexity.", "Reduce the noise in the training data."], "probs": [[0.38276744526691237, 0.060562343414518376, 0.025246276009569104, 0.5314239352090001], [0.08751057111950157, 0.0440031142228139, 0.01184341035248577, 0.8566429042051987], [0.10369656542982511, 0.09295318551782628, 0.6452310872991697, 0.158119161653179], [0.17833057459361504, 0.7626224336993647, 0.0110497058136912, 0.0479972857933291]], "ideal": "B", "sampled": "A", "correct": false}}
{"type": "result", "data": {"idx": 39, "options": ["True, True", "False, False", "True, False", "False, True"], "probs": [[0.3045077070961027, 0.25246343390299647, 0.2524684108909089, 0.19056044800999192], [0.11619172330671716, 0.1664448839739777, 0.45957860688425783, 0.25778478573504726], [0.2566837351014548, 0.28636467240595675, 0.41020595717644953, 0.04674563521613893], [0.1526639839008366, 0.6038320974910273, 0.12460697345865046, 0.11889694504948561]], "ideal": "A", "sampled": "A", "correct": true}}
{"type": "result", "data": {"idx": 40, "options": ["For two dimensional data points, the separating hyperplane learnt by a linear SVM will be a straight line.", "In theory, a Gaussian kernel SVM cannot model any complex separating hyperplane.", "For every kernel function used in a SVM, one can obtain an equivalent closed form basis expansion.", "Overfitting in an SVM is not a function of number of support vectors."], "probs": [[0.4129652195920494, 0.23532334405855446, 0.2044568119236451, 0.14725462432575104], [0.5442744764573803, 0.19714582279464135, 0.1292938661866912, 0.12928583446128725], [0.544503764589927, 0.14429431092173278, 0.13985650656781273, 0.17134541782052748], [0.4137956026913862, 0.18946989443403897, 0.28001613256563407, 0.11671837020894076]], "ideal": "A", "sampled": "B", "correct": false}}
{"type": "result", "data": {"idx": 41, "options": ["P(H, U, P, W) = P(H) * P(W) * P(P) * P(U)", "P(H, U, P, W) = P(H) * P(W) * P(P | W) * P(W | H, P)", "P(H, U, P, W) = P(H) * P(W) * P(P | W) * P(U | H, P)", "None of the above"], "probs": [[0.005261852968994625, 0.9568137954276514, 0.02510306694000706, 0.012821284563346812], [0.1043202468767842, 0.6593341476307907, 0.038378500874172126, 0.197967104518253], [0.2296421911204513, 0.09876884141950722, 0.5773439621848675, 0.09424500517517397], [0.0175433198069917, 0.022526207227151263, 0.5543575936830911, 0.4055728791827659]], "ideal": "C", "sampled": "B", "correct": false}}
{"type": "result", "data": {"idx": 42, "options": ["True, True", "False, False", "True, False", "False, True"], "probs": [[0.19252672502668575, 0.5316010633830938, 0.14762154000085276, 0.12825067148936767], [0.20868739794622243, 0.2187107237762657, 0.4022758960660736, 0.17032598211143826], [0.19729312076424815, 0.5117563895812646, 0.18534696485650984, 0.10560352469797742], [0.1526590792587281, 0.3837986359332476, 0.3132493606939968, 0.1502929240140275]], "ideal": "B", "sampled": "D", "correct": false}}
{"type": "result", "data": {"idx": 43, "options": ["True, True", "False, False", "True, False", "False, True"], "probs": [[0.2896113481712214, 0.360460172869285, 0.2152442101991764, 0.13468426866031716], [0.3183868980810441, 0.2055819538514987, 0.3184165215881702, 0.15761462637928705], [0.3410846419695411, 0.2827903137367667, 0.29636548070497554, 0.07975956348871666], [0.2081641225582199, 0.42715754464232697, 0.22160669828811472, 0.14307163441133838]], "ideal": "B", "sampled": "A", "correct": false}}
{"type": "result", "data": {"idx": 44, "options": ["Stochastic Gradient Descent", "Mini-Batch Gradient Descent", "Batch Gradient Descent", "All of the above"], "probs": [[0.15049515102434408, 0.15527361051401423, 0.019741050161643247, 0.6744901881999985], [0.2752354237731666, 0.20454010331521688, 0.23177568375417829, 0.2884487890574382], [0.10322490770902416, 0.7509220614003618, 0.0324821089926034, 0.11337092179801073], [0.3180836069694156, 0.48502622945913226, 0.05792855341312912, 0.138961610058323]], "ideal": "D", "sampled": "D", "correct": true}}
{"type": "result", "data": {"idx": 45, "options": ["Decreases model bias", "Decreases estimation bias", "Decreases variance", "Doesn\u2019t affect bias and variance"], "probs": [[0.6042082669254883, 0.15517706602315437, 0.08050776007012668, 0.16010690688123058], [0.5727986607455813, 0.11637802992524163, 0.08648847658829553, 0.22433483264088155], [0.5291590970726682, 0.17450507433427304, 0.12182687985710672, 0.17450894863595212], [0.14927826820311263, 0.39951473470507415, 0.15891800819238303, 0.29228898879943016]], "ideal": "A", "sampled": "A", "correct": true}}
{"type": "result", "data": {"idx": 46, "options": ["3", "4", "7", "15"], "probs": [[0.125750837823827, 0.38133936548384295, 0.21391845918664273, 0.2789913374056873], [0.13991024254888457, 0.45875960829679496, 0.12739541366045787, 0.27393473539386265], [0.23074765844939854, 0.3254123974327533, 0.22365837130185107, 0.2201815727159971], [0.17053977889293057, 0.44931715052824517, 0.16790272043601429, 0.21224035004280997]], "ideal": "D", "sampled": "C", "correct": false}}
{"type": "result", "data": {"idx": 47, "options": ["anomaly detection", "one-class detection", "train-test mismatch robustness", "background detection"], "probs": [[0.08130995292331405, 0.9019420632533929, 0.008570210336877137, 0.008177773386415982], [0.7130949775440815, 0.05413755985718643, 0.01527055226240636, 0.21749691023632575], [0.17376303153198708, 0.06493463918112148, 0.7091268685011177, 0.052175460685773715], [0.126920745000442, 0.6969465625649868, 0.16814459889962785, 0.007988093434943326]], "ideal": "A", "sampled": "B", "correct": false}}
{"type": "result", "data": {"idx": 48, "options": ["True, True", "False, False", "True, False", "False, True"], "probs": [[0.6509610573397088, 0.1724943402799648, 0.0937834244570914, 0.08276117782323508], [0.18319655953005834, 0.364342778884693, 0.22800083456143605, 0.22445982692381256], [0.3702966258666042, 0.3022366452576602, 0.2839264262782484, 0.04354030249748722], [0.32958560196484604, 0.5349922616247118, 0.054652696703789215, 0.08076943960665295]], "ideal": "D", "sampled": "A", "correct": false}}
{"type": "result", "data": {"idx": 49, "options": ["True, True", "False, False", "True, False", "False, True"], "probs": [[0.33063913397825634, 0.2918018524473062, 0.23083771877139805, 0.1467212947030394], [0.12892138380364584, 0.33967639474110733, 0.290542947149595, 0.24085927420565184], [0.1630793064669608, 0.569221794548333, 0.19066551325798728, 0.07703338562671896], [0.12472480625546893, 0.5678050898211067, 0.17048519501148568, 0.13698490881193875]], "ideal": "D", "sampled": "A", "correct": false}}
{"type": "result", "data": {"idx": 50, "options": ["O(1)", "O( N )", "O(log N )", "O( N^2 )"], "probs": [[0.03520696276678074, 0.8398105595144935, 0.04052536979499558, 0.08445710782373024], [0.3284506511674593, 0.6042218230217783, 0.03862817599472127, 0.02869934971604108], [0.8036105811599333, 0.07022547133068639, 0.04534163426918043, 0.08082231314019979], [0.5704301169072411, 0.08886727209595092, 0.24157767715355982, 0.09912493374324816]], "ideal": "B", "sampled": "C", "correct": false}}
{"type": "result", "data": {"idx": 51, "options": ["True, True", "False, False", "True, False", "False, True"], "probs": [[0.3267393111855878, 0.3880391716569053, 0.15925180910425304, 0.12596970795325385], [0.2541469671195956, 0.2350598310453053, 0.3065791175443187, 0.20421408419078033], [0.3916715397728893, 0.36795961990238085, 0.18215209311717184, 0.05821674710755796], [0.2793407592241871, 0.4605843780169449, 0.14720972603228763, 0.1128651366265803]], "ideal": "A", "sampled": "A", "correct": true}}
{"type": "result", "data": {"idx": 52, "options": ["True, True", "False, False", "True, False", "False, True"], "probs": [[0.17817365855918285, 0.4843426572145071, 0.17269934454771413, 0.16478433957859592], [0.22809347037598046, 0.2210835317040522, 0.31178142030912537, 0.23904157751084196], [0.20491004293463996, 0.4993077292435904, 0.18083775311148423, 0.1149444746102854], [0.1666696319809889, 0.352849502741293, 0.32633536078243375, 0.15414550439528432]], "ideal": "D", "sampled": "B", "correct": false}}
{"type": "result", "data": {"idx": 53, "options": ["Is unbounded, encompassing all real numbers.", "Is unbounded, encompassing all integers.", "Is bounded between 0 and 1.", "Is bounded between -1 and 1."], "probs": [[0.12890245523309551, 0.030143588094780273, 0.789680332952908, 0.05127362361921624], [0.06693250164611567, 0.8680413655529581, 0.01829942004458442, 0.04672671265634188], [0.8628386515362098, 0.06550623671074016, 0.039731220591005825, 0.03192389106204427], [0.39161725369585704, 0.04901869784480775, 0.007062006477975718, 0.5523020418813595]], "ideal": "C", "sampled": "C", "correct": true}}
{"type": "result", "data": {"idx": 54, "options": ["Linear hard-margin SVM.", "Linear Logistic Regression.", "Linear Soft margin SVM.", "The centroid method."], "probs": [[0.4248976656826049, 0.27008745838264303, 0.08109571119292623, 0.22391916464182582], [0.27455431220170107, 0.20087425408738785, 0.24999676642302127, 0.2745746671878898], [0.20671032933118644, 0.5707564694270538, 0.06403802048349659, 0.15849518065826318], [0.49670589744635496, 0.27431395766081523, 0.07983187497617501, 0.14914826981665483]], "ideal": "A", "sampled": "D", "correct": false}}
{"type": "result", "data": {"idx": 55, "options": ["Partitioning based clustering", "K-means clustering", "Grid based clustering", "All of the above"], "probs": [[0.06337092929753117, 0.31193899976930844, 0.013921932791227786, 0.6107681380419326], [0.35022223363129096, 0.39687806387165603, 0.24072661690043548, 0.01217308549661756], [0.37813485193198626, 0.5857168517288397, 0.023801416488797952, 0.012346879750376065], [0.7884267706033032, 0.11719584065210098, 0.060800960355966896, 0.0335764282886289]], "ideal": "D", "sampled": "D", "correct": true}}
{"type": "result", "data": {"idx": 56, "options": ["True, True", "False, False", "True, False", "False, True"], "probs": [[0.312969317614452, 0.31791677120377054, 0.19895107449237576, 0.1701628365894017], [0.2002524286308308, 0.2066192477734894, 0.3626354634399175, 0.23049286005576236], [0.2435102900488415, 0.34341662990810295, 0.3543231175697058, 0.05874996237334974], [0.17888261109466744, 0.5510206139874689, 0.13294030526530068, 0.13715646955256297]], "ideal": "D", "sampled": "A", "correct": false}}
{"type": "result", "data": {"idx": 57, "options": ["True, True", "False, False", "True, False", "False, True"], "probs": [[0.3737434986792259, 0.30505382557062793, 0.18793971554635527, 0.13326296010379088], [0.18583229564761694, 0.20731832339369383, 0.4059160705448935, 0.20093331031379577], [0.2890972663576618, 0.42064730428509667, 0.22870304155880325, 0.06155238769843825], [0.20098488322960853, 0.5463567645982862, 0.13813973138502292, 0.11451862068708235]], "ideal": "D", "sampled": "A", "correct": false}}
{"type": "result", "data": {"idx": 58, "options": ["P(E, F), P(H), P(E|H), P(F|H)", "P(E, F), P(H), P(E, F|H)", "P(H), P(E|H), P(F|H)", "P(E, F), P(E|H), P(F|H)"], "probs": [[0.14489037531482196, 0.5554321714082354, 0.07172876966696892, 0.22794868350997374], [0.14750836568328324, 0.19239170560713373, 0.14522613367139206, 0.514873794938191], [0.1265598005370792, 0.541240243475268, 0.22562433463589895, 0.10657562125175384], [0.10084278317038445, 0.7809055606478986, 0.05314220563113835, 0.06510945045057862]], "ideal": "B", "sampled": "A", "correct": false}}
{"type": "result", "data": {"idx": 59, "options": ["The use of sampling with replacement as the sampling technique", "The use of weak classifiers", "The use of classification algorithms which are not prone to overfitting", "The practice of validation performed on every classifier trained"], "probs": [[0.08398057769831375, 0.861565853913871, 0.012879766906397031, 0.041573801381418196], [0.898819125677954, 0.00840835307637667, 0.010464486162470444, 0.08230803498319889], [0.01862468203625945, 0.01833622166054706, 0.7099181321377749, 0.2531209640654187], [0.034970882104051554, 0.6598722116777181, 0.13831805717730722, 0.1668388489409231]], "ideal": "B", "sampled": "B", "correct": true}}
{"type": "result", "data": {"idx": 60, "options": ["True, True", "False, False", "True, False", "False, True"], "probs": [[0.26613887745253884, 0.48193275205542224, 0.11810429217074996, 0.13382407822128897], [0.2727743942349411, 0.19957196413112777, 0.33422609662310704, 0.19342754491082406], [0.22706712578446492, 0.465926284599927, 0.179632292697326, 0.12737429681828202], [0.2017344055807553, 0.31738236685955346, 0.3485812232818212, 0.13230200417787003]], "ideal": "B", "sampled": "B", "correct": true}}
{"type": "result", "data": {"idx": 61, "options": ["True, True", "False, False", "True, False", "False, True"], "probs": [[0.2579035499121664, 0.31111026270721015, 0.24229404688876927, 0.18869214039185417], [0.22714639723174032, 0.29627056251203193, 0.26975868355431754, 0.20682435660191023], [0.25636318896449145, 0.4429790774210667, 0.20924720633725188, 0.09141052717718996], [0.21513472495311878, 0.43460923428957743, 0.19285558162191163, 0.15740045903539215]], "ideal": "A", "sampled": "D", "correct": false}}
{"type": "result", "data": {"idx": 62, "options": ["0", "1", "2", "3"], "probs": [[0.2743825541028782, 0.38095578689426596, 0.24983516890431662, 0.09482648999853917], [0.24291701292670886, 0.37042230584327296, 0.2545844126547791, 0.13207626847523912], [0.3332442069707176, 0.3547568049281488, 0.22904400695837906, 0.08295498104275449], [0.2168852239630298, 0.4450369774850221, 0.22730046508423407, 0.11077733336771407]], "ideal": "C", "sampled": "A", "correct": false}}
{"type": "result", "data": {"idx": 63, "options": ["The examples farthest from the decision boundary.", "The only examples necessary to compute f(x) in an SVM.", "The data centroid.", "All the examples that have a non-zero weight \u03b1k in a SVM."], "probs": [[0.5943565482526662, 0.3035724512828522, 0.012335745548331735, 0.0897352548161499], [0.20833137086066622, 0.01737039118238158, 0.6518256493647514, 0.12247258849220083], [0.002564218865739443, 0.9718120246478831, 0.006970357721915903, 0.01865339866446162], [0.8041115522193201, 0.10223200323501133, 0.048291262953984525, 0.04536518149168403]], "ideal": "B", "sampled": "D", "correct": false}}
{"type": "result", "data": {"idx": 64, "options": ["True, True", "False, False", "True, False", "False, True"], "probs": [[0.35713089573182355, 0.35715253221851967, 0.16609098510544526, 0.11962558684421151], [0.2228000908867242, 0.37313491102301977, 0.2193549722213735, 0.1847100257688825], [0.34475497435325886, 0.3188560997780024, 0.26850257121329385, 0.0678863545554449], [0.1936405387464481, 0.5263916488832592, 0.17631816160337974, 0.10364965066691295]], "ideal": "A", "sampled": "A", "correct": true}}
{"type": "result", "data": {"idx": 65, "options": ["Regularization is too low and model is overfitting", "Regularization is too high and model is underfitting", "Step size is too large", "Step size is too small"], "probs": [[0.6525426542333977, 0.1812209364283075, 0.06771521925470972, 0.09852118998358503], [0.49339640870817425, 0.202514651434952, 0.14137213141357002, 0.1627168083433037], [0.2537275812710774, 0.17439561820676971, 0.47405409101791063, 0.09782270940424224], [0.09732667573298313, 0.6862619671938944, 0.0769946741309063, 0.13941668284221612]], "ideal": "C", "sampled": "A", "correct": false}}
{"type": "result", "data": {"idx": 66, "options": ["0.0495", "0.078", "0.635", "0.97"], "probs": [[0.15358966129705243, 0.677673021556529, 0.07844667647153437, 0.09029064057488424], [0.0925758659617181, 0.7168820748526207, 0.05793305577827672, 0.13260900330738448], [0.27568666376486256, 0.239521856858703, 0.3325418382196704, 0.15224964105676403], [0.011823292291921054, 0.8551947091322654, 0.05467061080964326, 0.07831138766617027]], "ideal": "C", "sampled": "A", "correct": false}}
{"type": "result", "data": {"idx": 67, "options": ["True, True", "False, False", "True, False", "False, True"], "probs": [[0.19073750145781748, 0.43661907038054687, 0.23738909976871922, 0.13525432829291645], [0.1786064207375257, 0.3038313984567079, 0.3389542996544438, 0.17860788105132255], [0.24508204900452588, 0.4578917613091203, 0.20963868581084985, 0.08738750377550401], [0.12985016017300294, 0.5729487963059159, 0.16936245054212998, 0.1278385928789512]], "ideal": "A", "sampled": "A", "correct": true}}
{"type": "result", "data": {"idx": 68, "options": ["True, True", "False, False", "True, False", "False, True"], "probs": [[0.17247741436656344, 0.5481537743304513, 0.13859622592124862, 0.14077258528173658], [0.18317679387779687, 0.2749888423550294, 0.35865713765568297, 0.18317722601149078], [0.2155143618368165, 0.47815379495607563, 0.21218045053744436, 0.09415139256966354], [0.15789990674466975, 0.4095736795508367, 0.2644418916174441, 0.1680845219870495]], "ideal": "A", "sampled": "D", "correct": false}}
{"type": "result", "data": {"idx": 69, "options": ["Expectation Maximization", "CART", "Gaussian Na\u00efve Bayes", "Apriori"], "probs": [[0.47183114988602315, 0.14390230391825126, 0.13947542218177644, 0.2447911239139491], [0.2341788165932403, 0.06109002354133825, 0.6365810967256122, 0.06815006303980915], [0.3203277385012179, 0.3304999568876917, 0.2573954241434261, 0.09177688036766435], [0.6715467721643072, 0.10298616668266239, 0.1620194500974101, 0.06344761095562021]], "ideal": "A", "sampled": "D", "correct": false}}
{"type": "result", "data": {"idx": 70, "options": ["Your decision trees are too shallow.", "You need to increase the learning rate.", "You are overfitting.", "None of the above."], "probs": [[0.05769880939322023, 0.03186486165339771, 0.7720226652612989, 0.1384136635920831], [0.007315841429876618, 0.9143255232897037, 0.025139265847250996, 0.053219369333168634], [0.7202327879360984, 0.20960600522401676, 0.0369974867331223, 0.033163720006762626], [0.010767152538125076, 0.01448895535726248, 0.005499387172611624, 0.9692445048320008]], "ideal": "A", "sampled": "C", "correct": false}}
{"type": "result", "data": {"idx": 71, "options": ["linear in K", "quadratic in K", "cubic in K", "exponential in K"], "probs": [[0.29845822076836515, 0.507719043649022, 0.09842852575411976, 0.09539420972849318], [0.2725348411406396, 0.2946939998266301, 0.1190715032904397, 0.31369965564229063], [0.26750244491841624, 0.2398013067094505, 0.3329601436687277, 0.15973610460340554], [0.13425847286468132, 0.6306134775866209, 0.1321876138828704, 0.10294043556582737]], "ideal": "A", "sampled": "A", "correct": true}}
{"type": "result", "data": {"idx": 72, "options": ["True, True", "False, False", "True, False", "False, True"], "probs": [[0.23998547313154386, 0.4772943400053026, 0.13253972327992303, 0.15018046348323053], [0.14707214734515178, 0.46741298338663817, 0.15413589432306712, 0.23137897484514292], [0.2699448526368396, 0.4381800689448346, 0.21691397315137498, 0.07496110516695086], [0.1221511307557134, 0.6501340962316263, 0.09970022140489734, 0.12801455150776297]], "ideal": "B", "sampled": "A", "correct": false}}
