{"type": "result", "data": {"idx": 0, "options": ["0", "4", "2", "6"], "probs": [[0.22323518829707276, 0.3272049621734621, 0.2070419911560197, 0.2425178582734454], [0.2931623923561788, 0.2485927679025146, 0.22704540665954506, 0.23119943298176152], [0.2598254641656708, 0.294212366697389, 0.19096724402533763, 0.25499492501160254], [0.2692055065779073, 0.22641308266025015, 0.2522811553780111, 0.2521002552838315]], "ideal": "B", "sampled": "B", "correct": true}}
{"type": "result", "data": {"idx": 1, "options": ["8", "2", "24", "120"], "probs": [[0.34288214100975595, 0.23291014581481412, 0.20803146622344146, 0.21617624685198852], [0.30564378322687014, 0.2314975157969281, 0.2231135417396141, 0.23974515913658767], [0.2867459569064344, 0.22597039560292284, 0.2321698447183109, 0.25511380267233186], [0.3139157984513781, 0.2273453243548417, 0.2194135999285391, 0.23932527716524107]], "ideal": "C", "sampled": "A", "correct": false}}
{"type": "result", "data": {"idx": 2, "options": ["0", "1", "0,1", "0,4"], "probs": [[0.21465407949488818, 0.2649015862945534, 0.28690741318299506, 0.23353692092756334], [0.2831088728819297, 0.29390348314848685, 0.21148694504859403, 0.21150069882098943], [0.33350337045289974, 0.26562866961726644, 0.2052491188626247, 0.1956188409672091], [0.27844349791797834, 0.2631485281538907, 0.21120280969427632, 0.2472051641338546]], "ideal": "D", "sampled": "C", "correct": false}}
{"type": "result", "data": {"idx": 3, "options": ["True, True", "False, False", "True, False", "False, True"], "probs": [[0.32122067679407623, 0.23249848288961944, 0.19149659920824305, 0.2547842410080613], [0.2957058470926402, 0.20101398235143617, 0.21564062054091637, 0.28763954991500723], [0.3424085029258375, 0.21712410124270326, 0.2042877792468856, 0.2361796164845736], [0.34620792186088206, 0.20940538060665256, 0.18205455215026148, 0.2623321452822039]], "ideal": "B", "sampled": "D", "correct": false}}
{"type": "result", "data": {"idx": 4, "options": ["2x^2 + 5", "6x^2 + 4x + 6", "0", "x^2 + 1"], "probs": [[0.2752138334950691, 0.20929461403639366, 0.2431617193699844, 0.2723298329985528], [0.2613401192564728, 0.21831444554274987, 0.2556632833124822, 0.2646821517882951], [0.2229149092697995, 0.2411199998113792, 0.25893290670906915, 0.2770321841097521], [0.30667257762870986, 0.20573528415493098, 0.20872697543093907, 0.27886516268542005]], "ideal": "B", "sampled": "D", "correct": false}}
{"type": "result", "data": {"idx": 5, "options": ["True, True", "False, False", "True, False", "False, True"], "probs": [[0.2798383789998838, 0.2567064127560088, 0.18205184961447746, 0.28140335852962994], [0.2642645380075037, 0.23097740224808944, 0.19883476500699793, 0.3059232946374089], [0.30897037790738646, 0.25418191009385116, 0.18299645855698818, 0.2538512533417742], [0.29589878627980776, 0.24326574074977622, 0.17657929130876682, 0.2842561815616492]], "ideal": "A", "sampled": "D", "correct": false}}
{"type": "result", "data": {"idx": 6, "options": ["True, True", "False, False", "True, False", "False, True"], "probs": [[0.3179215551653309, 0.24817531939533244, 0.1896496720683414, 0.24425345327099526], [0.28632929491623016, 0.2182707604805298, 0.21053129118764188, 0.28486865331559813], [0.3208287405770376, 0.2371120487976196, 0.21029512895470653, 0.23176408157063633], [0.3298806050054344, 0.2272253551025067, 0.1832609976126574, 0.2596330421794015]], "ideal": "A", "sampled": "A", "correct": true}}
{"type": "result", "data": {"idx": 7, "options": ["True, True", "False, False", "True, False", "False, True"], "probs": [[0.41998553271862155, 0.17544363437328664, 0.16368772087844477, 0.24088311192964704], [0.3978607237578713, 0.15740911191888782, 0.17561371099343978, 0.2691164532298011], [0.4567061270334345, 0.16192895896286055, 0.1659242435791974, 0.21544067032450756], [0.465922853270796, 0.14931598971703539, 0.14704380095220518, 0.2377173559599634]], "ideal": "D", "sampled": "D", "correct": true}}
{"type": "result", "data": {"idx": 8, "options": ["0", "4", "2", "6"], "probs": [[0.23593193993390452, 0.3249208129593897, 0.20387311885324222, 0.23527412815346357], [0.3117421176198676, 0.24270582963466003, 0.2162512327141508, 0.22930081993132156], [0.2652019897613265, 0.29114672972549316, 0.19329209911815728, 0.2503591812950231], [0.2775130147576123, 0.22629435836670234, 0.2520119732957014, 0.24418065347998397]], "ideal": "B", "sampled": "B", "correct": true}}
{"type": "result", "data": {"idx": 9, "options": ["1", "2", "2,3", "6"], "probs": [[0.24220615622959407, 0.28045633432444766, 0.26773929593269874, 0.20959821341325954], [0.2900570842316641, 0.2914191993356633, 0.21863352598645872, 0.19989019034621386], [0.2905655671112738, 0.2808629148531916, 0.22015190628270606, 0.20841961165282852], [0.270405330344975, 0.26153016867198403, 0.21903159374882714, 0.24903290713421378]], "ideal": "C", "sampled": "C", "correct": true}}
{"type": "result", "data": {"idx": 10, "options": ["True, True", "False, False", "True, False", "False, True"], "probs": [[0.3183142102199972, 0.22014189270283244, 0.20310174508887188, 0.2584421518882985], [0.2979027165727162, 0.19036396696887, 0.22657213625603778, 0.28516118010237596], [0.3245222970803526, 0.21425311478301454, 0.21707053676636692, 0.24415405127026596], [0.3340940077538776, 0.20555480700002507, 0.19703241593558946, 0.26331876921050784]], "ideal": "C", "sampled": "D", "correct": false}}
{"type": "result", "data": {"idx": 11, "options": ["symmetric only", "anti-symmetric only", "both symmetric and anti-symmetric", "an equivalence relation"], "probs": [[0.2628741005228457, 0.19948052165123567, 0.20194220841805632, 0.33570316930786226], [0.24921246993936916, 0.2015136329990551, 0.22838537181229104, 0.32088852514928473], [0.3125867796736283, 0.2409141772608321, 0.19063403916488048, 0.25586500380065913], [0.34148206794599123, 0.22202142740024047, 0.15635810557890822, 0.2801383989748601]], "ideal": "C", "sampled": "D", "correct": false}}
{"type": "result", "data": {"idx": 12, "options": ["1", "2", "5", "11"], "probs": [[0.26302192396340873, 0.2453165723232456, 0.26295144146886834, 0.2287100621444773], [0.3024659960424631, 0.2231042765422794, 0.2565252108160863, 0.21790451649917117], [0.32126893632570097, 0.22784861240943832, 0.2367371845981019, 0.21414526656675878], [0.2934719665572421, 0.21986018446661126, 0.2468511945783288, 0.23981665429781782]], "ideal": "A", "sampled": "C", "correct": false}}
{"type": "result", "data": {"idx": 13, "options": ["(x \u2212 2)(x + 2)(x \u2212 1)", "(x + 1)(x + 4)(x \u2212 2)", "(x + 1)(x \u2212 4)(x \u2212 2)", "(x - 1)(x \u2212 4)(x \u2212 2)"], "probs": [[0.2355590497550106, 0.18623575843849705, 0.24093769847334612, 0.3372674932331462], [0.23849230646948813, 0.1946099520338184, 0.22548991103465635, 0.34140783036203715], [0.2653521855602721, 0.20334544472828397, 0.2213946398663462, 0.30990772974509767], [0.24698550996694726, 0.20804788170164545, 0.2229678034559442, 0.32199880477546305]], "ideal": "C", "sampled": "C", "correct": true}}
{"type": "result", "data": {"idx": 14, "options": ["6", "12", "30", "105"], "probs": [[0.2916074606005569, 0.23771926049837727, 0.26720239913168603, 0.20347087966937974], [0.2717094285043225, 0.22145078903909066, 0.2817583847812219, 0.2250813975753649], [0.26186491226907654, 0.2272302311683562, 0.2938808631847857, 0.21702399327778155], [0.2844620177185973, 0.2045884010236476, 0.28605891546375495, 0.22489066569400015]], "ideal": "C", "sampled": "A", "correct": false}}
{"type": "result", "data": {"idx": 15, "options": ["True, True", "False, False", "True, False", "False, True"], "probs": [[0.2798233926016411, 0.2482771724214232, 0.1822291165408057, 0.28967031833613], [0.2424039727565233, 0.2183104338771906, 0.19621421687152155, 0.34307137639476454], [0.3051763499810382, 0.23531482497650205, 0.19113026338719974, 0.26837856155526], [0.29070949932623036, 0.22945083114140025, 0.1737989925748065, 0.30604067685756287]], "ideal": "B", "sampled": "A", "correct": false}}
{"type": "result", "data": {"idx": 16, "options": ["1", "-1", "i", "-i"], "probs": [[0.24740644180954036, 0.20664261845775528, 0.24674830225257863, 0.2992026373801257], [0.28535196607466046, 0.19449731995451555, 0.22762222924969616, 0.29252848462112785], [0.2874324831844286, 0.21348822968588538, 0.22844503136838776, 0.27063425566129823], [0.2773698311374848, 0.2043321162903438, 0.20824541459750984, 0.31005263787466153]], "ideal": "C", "sampled": "C", "correct": true}}
{"type": "result", "data": {"idx": 17, "options": ["(1,1)", "(3,1)", "(1,6)", "(3,6)"], "probs": [[0.2963572994120997, 0.22094191279374617, 0.21304112353219362, 0.26965966416196047], [0.3027714057215142, 0.22018649187628742, 0.21434492402563665, 0.2626971782765617], [0.32599916565139725, 0.22106894519101808, 0.1912972451361862, 0.26163464392139846], [0.31654037456954803, 0.207994917371704, 0.19652282578125052, 0.27894188217749744]], "ideal": "C", "sampled": "C", "correct": true}}
{"type": "result", "data": {"idx": 18, "options": ["multiplication is not a binary operation", "multiplication is not associative", "identity element does not exist", "zero has no inverse"], "probs": [[0.31432138933610687, 0.17111542309255626, 0.24009873745130375, 0.2744644500200331], [0.33542261024075193, 0.17475448807450727, 0.17362791556809423, 0.3161949860166466], [0.3694957824721195, 0.16497555358329696, 0.17981726046944901, 0.2857114033751345], [0.35536108476426276, 0.17719208230368866, 0.1941376833166559, 0.27330914951539265]], "ideal": "D", "sampled": "C", "correct": false}}
{"type": "result", "data": {"idx": 19, "options": ["True, True", "False, False", "True, False", "False, True"], "probs": [[0.31592073562680417, 0.20581514824634267, 0.21049567741292283, 0.2677684386139303], [0.28275418700064203, 0.1826204386561348, 0.22855373065203327, 0.3060716435911899], [0.327668919873354, 0.19923288518729249, 0.22743023456282085, 0.24566796027653262], [0.3391816666261175, 0.19188928888144405, 0.196123617810122, 0.27280542658231643]], "ideal": "A", "sampled": "A", "correct": true}}
{"type": "result", "data": {"idx": 20, "options": ["True, True", "False, False", "True, False", "False, True"], "probs": [[0.32904991994562305, 0.20995058430048272, 0.20670181818775335, 0.2542976774661409], [0.2917050035988151, 0.18607367018765122, 0.22562334756909566, 0.296597978544438], [0.33879577654160953, 0.20319332204167548, 0.22126019157195248, 0.2367507097447625], [0.3393724509827801, 0.19575504664974308, 0.19403034157555615, 0.27084216069192063]], "ideal": "A", "sampled": "A", "correct": true}}
{"type": "result", "data": {"idx": 21, "options": ["2x^2 + 5", "6x^2 + 4x + 6", "0", "x^2 + 1"], "probs": [[0.28036623772609615, 0.2132214722834173, 0.24367022148809633, 0.26274206840239017], [0.2621965110039775, 0.22416737673425136, 0.2562678158026966, 0.25736829635907454], [0.22034471896553892, 0.24583379555518092, 0.2557908258213489, 0.27803065955793127], [0.3091903420732281, 0.2042157263615874, 0.21195413801798038, 0.2746397934472041]], "ideal": "A", "sampled": "D", "correct": false}}
{"type": "result", "data": {"idx": 22, "options": ["True, True", "False, False", "True, False", "False, True"], "probs": [[0.3649589880172575, 0.21819452424525163, 0.19561759509950902, 0.2212288925379818], [0.3451333847376315, 0.187826108188092, 0.21268333270111736, 0.2543571742731591], [0.3785231910317754, 0.21594703923048866, 0.2029895570533106, 0.2025402125844253], [0.3709969145282796, 0.19723960440806695, 0.19420759045372987, 0.23755589050992357]], "ideal": "D", "sampled": "D", "correct": true}}
{"type": "result", "data": {"idx": 23, "options": ["semi group with identity", "commutative semigroups with identity", "group", "abelian group"], "probs": [[0.25301359232280896, 0.22114617618850532, 0.2956922186179802, 0.23014801277070554], [0.2645307779047603, 0.31181883808832495, 0.21227666733526343, 0.21137371657165133], [0.4361289842231011, 0.2587371650643967, 0.15051082592394144, 0.1546230246885608], [0.23945285314626205, 0.22046114326067393, 0.20149217254842072, 0.3385938309446433]], "ideal": "D", "sampled": "C", "correct": false}}
{"type": "result", "data": {"idx": 24, "options": ["True, True", "False, False", "True, False", "False, True"], "probs": [[0.31092226502170317, 0.24671185014164962, 0.19157612321845224, 0.25078976151819493], [0.27350242573282507, 0.21690867641835, 0.2126774020386093, 0.29691149571021563], [0.33470917742210865, 0.2381236325897164, 0.20315628357155932, 0.22401090631661566], [0.3353944518591672, 0.22403963062670787, 0.18221648439632696, 0.258349433017798]], "ideal": "B", "sampled": "D", "correct": false}}
{"type": "result", "data": {"idx": 25, "options": ["subgroup", "finite abelian group", "infinite, non abelian group", "ininite, abelian"], "probs": [[0.2991168587837574, 0.23930496688193062, 0.22560409381529964, 0.23597408041901238], [0.34453141172463414, 0.2383850479128238, 0.17359485961854704, 0.243488680643995], [0.35459411479010855, 0.1645098801902919, 0.1845450114613247, 0.2963509934582748], [0.23783657024886645, 0.18246290488427716, 0.3298481207846693, 0.2498524039821871]], "ideal": "C", "sampled": "B", "correct": false}}
{"type": "result", "data": {"idx": 26, "options": ["True, True", "False, False", "True, False", "False, True"], "probs": [[0.28796390554301915, 0.27713922489313186, 0.17869017058880882, 0.25620669887504016], [0.2611624002195503, 0.24714578685673225, 0.1978742033045305, 0.29381760951918695], [0.3204325043705792, 0.25979485330979285, 0.18676803447619902, 0.2330046077434289], [0.3083482200583492, 0.2579175377875417, 0.1674101550763236, 0.26632408697778553]], "ideal": "C", "sampled": "A", "correct": false}}
{"type": "result", "data": {"idx": 27, "options": ["Yes, with p=2.", "Yes, with p=3.", "Yes, with p=5.", "No."], "probs": [[0.30470423979381744, 0.26150806956334277, 0.20009481308560909, 0.23369287745723066], [0.28447129471821125, 0.24569002549307273, 0.26840864809425835, 0.20143003159445766], [0.3142542149034537, 0.3080091384338544, 0.19017651108459718, 0.18756013547809472], [0.29693581883141984, 0.3676132833301932, 0.17551930064586718, 0.15993159709251975]], "ideal": "B", "sampled": "D", "correct": false}}
{"type": "result", "data": {"idx": 28, "options": ["True, True", "False, False", "True, False", "False, True"], "probs": [[0.2939723563185968, 0.25255904728147754, 0.1930983301699032, 0.26037026613002245], [0.2652156988298277, 0.23125276311786253, 0.20650683649064588, 0.2970247014616639], [0.3103391712795799, 0.2446909543442983, 0.20220988702002973, 0.24275998725609205], [0.3161247325204878, 0.23965128896743712, 0.17477677500322936, 0.26944720340884576]], "ideal": "D", "sampled": "A", "correct": false}}
{"type": "result", "data": {"idx": 29, "options": ["True, True", "False, False", "True, False", "False, True"], "probs": [[0.2955542880333234, 0.2658360402142376, 0.1849471341673012, 0.2536625374851378], [0.26179758491871175, 0.2317954668705967, 0.21313474215327444, 0.2932722059574171], [0.3098489986027723, 0.26182693630561005, 0.19702002697732818, 0.23130403801428948], [0.3011456609153999, 0.24663661397831596, 0.1852909138786821, 0.26692681112760197]], "ideal": "A", "sampled": "A", "correct": true}}
{"type": "result", "data": {"idx": 30, "options": ["True, True", "False, False", "True, False", "False, True"], "probs": [[0.3107565594786106, 0.23586831633074282, 0.19501310294387023, 0.25836202114677637], [0.28688162562362507, 0.2043457627092102, 0.21637937424403283, 0.2923932373231319], [0.3242587648228765, 0.22772274230459771, 0.21509496224472818, 0.23292353052779757], [0.32602970817316523, 0.22532869201645941, 0.18765191172714332, 0.260989687983232]], "ideal": "B", "sampled": "A", "correct": false}}
{"type": "result", "data": {"idx": 31, "options": ["commutative semi group", "abelian group", "non-abelian group", "None of these"], "probs": [[0.2599910238123872, 0.27388754892423034, 0.19990788696060072, 0.2662135402027817], [0.34203286426672436, 0.2868971398082859, 0.13322390019050612, 0.2378460956344836], [0.25636358518638064, 0.1857512482367225, 0.1799057912702785, 0.37797937520661834], [0.19548561293231367, 0.24848333377961002, 0.25981076387799007, 0.29622028931008626]], "ideal": "B", "sampled": "B", "correct": true}}
{"type": "result", "data": {"idx": 32, "options": ["True, True", "False, False", "True, False", "False, True"], "probs": [[0.325155293524883, 0.22207735312168148, 0.19935947659410147, 0.25340787665933406], [0.3028948767376345, 0.19428147995251058, 0.2134673648799263, 0.2893562783299286], [0.3328982243667205, 0.22560719807265367, 0.21416279352307296, 0.22733178393755285], [0.3327856460711063, 0.21511492772081858, 0.18860924804140272, 0.2634901780666724]], "ideal": "A", "sampled": "A", "correct": true}}
{"type": "result", "data": {"idx": 33, "options": ["g = g^-1 for every g in G", "g = g^2 for every g in G", "(g o h)^2 = g^2 o h^2 for every g,h in G", "G is of finite order"], "probs": [[0.2699972133068039, 0.18626345969756644, 0.236410770339135, 0.30732855655649466], [0.2626448014510009, 0.17953504887715294, 0.27282920883593387, 0.2849909407359123], [0.2665711521878483, 0.1923482033858383, 0.23342091289417147, 0.3076597314321419], [0.2336219365121462, 0.22092185583108012, 0.19804937840434214, 0.34740682915243154]], "ideal": "C", "sampled": "C", "correct": true}}
{"type": "result", "data": {"idx": 34, "options": ["True, True", "False, False", "True, False", "False, True"], "probs": [[0.3846495919133341, 0.19508265828995106, 0.20167824035408022, 0.21858950934263466], [0.37040538143991875, 0.17647862695596067, 0.2180889281127655, 0.23502706339135504], [0.39651916608776655, 0.19338355042739697, 0.20802297315969956, 0.20207431022513692], [0.3857505321116935, 0.18663889167826603, 0.19770509002615844, 0.229905486083882]], "ideal": "A", "sampled": "D", "correct": false}}
{"type": "result", "data": {"idx": 35, "options": ["0", "4", "2", "6"], "probs": [[0.2247709084179828, 0.3346475808890384, 0.20203491140215743, 0.23854659919082138], [0.29714408956691607, 0.25601068518001774, 0.2178724589408985, 0.22897276621216767], [0.26178318259482386, 0.29191246625842165, 0.1893696486760551, 0.2569347023706994], [0.2712966663146917, 0.2282153801818191, 0.2503242045583862, 0.250163748845103]], "ideal": "B", "sampled": "B", "correct": true}}
{"type": "result", "data": {"idx": 36, "options": ["0", "1", "11", "22"], "probs": [[0.2716933746111888, 0.3039254798596339, 0.1943841845439572, 0.2299969608852201], [0.2976743236232999, 0.2840065913511436, 0.18581211288185304, 0.2325069720437035], [0.3068045285989644, 0.2747758544773504, 0.17159841441588988, 0.2468212024077953], [0.29214014729498605, 0.26610331931721526, 0.1971870899841565, 0.2445694433036422]], "ideal": "D", "sampled": "B", "correct": false}}
{"type": "result", "data": {"idx": 37, "options": ["Yes, with p=2.", "Yes, with p=3.", "Yes, with p=5.", "No."], "probs": [[0.30010253187993235, 0.2677971422404475, 0.20004145799066939, 0.2320588677889508], [0.2795275872455073, 0.2490459195593959, 0.27180562635649475, 0.19962086673860202], [0.30686882355842593, 0.3152883977428514, 0.19306593165048774, 0.18477684694823493], [0.2984803318678876, 0.369617044888728, 0.17348888514691196, 0.15841373799647246]], "ideal": "B", "sampled": "D", "correct": false}}
{"type": "result", "data": {"idx": 38, "options": ["1", "2", "3", "4"], "probs": [[0.3423405740369009, 0.26675127146338934, 0.16912797847761118, 0.22178017592209856], [0.33076937997700995, 0.26586400667559806, 0.1824531798641267, 0.22091343338326527], [0.33123398829759915, 0.25005568561105673, 0.19743073297965724, 0.2212795930116869], [0.3449534814494498, 0.2686770655931772, 0.17320992250424616, 0.2131595303531268]], "ideal": "C", "sampled": "A", "correct": false}}
{"type": "result", "data": {"idx": 39, "options": ["True, True", "False, False", "True, False", "False, True"], "probs": [[0.3152223025013385, 0.2626331824586371, 0.17134336146022167, 0.25080115347980275], [0.287551777592524, 0.23203856203447476, 0.19112469889735112, 0.28928496137565013], [0.3389857365586428, 0.25310592746482896, 0.18414737164230743, 0.2237609642342208], [0.3206269549629165, 0.24320091345256942, 0.17686294453384452, 0.25930918695066957]], "ideal": "D", "sampled": "A", "correct": false}}
{"type": "result", "data": {"idx": 40, "options": ["0", "1", "-1", "12"], "probs": [[0.3690228030769816, 0.17122136820130135, 0.2021942228857542, 0.2575616057359628], [0.361725980577566, 0.1666407411134385, 0.19886940419369944, 0.27276387401529606], [0.29663948105705157, 0.15577143893387188, 0.23684249031686122, 0.31074658959221535], [0.28822369239498896, 0.19906326229558338, 0.23672606754099568, 0.27598697766843194]], "ideal": "C", "sampled": "B", "correct": false}}
{"type": "result", "data": {"idx": 41, "options": ["0", "3", "12", "30"], "probs": [[0.25694932382446034, 0.2826953999700645, 0.24022807594692153, 0.22012720015855358], [0.2977511971221003, 0.24319025106353281, 0.22700480300912562, 0.23205374870524126], [0.24322480323303564, 0.23969790694250645, 0.24951260161158667, 0.2675646881128712], [0.2536037152631126, 0.22759885066264954, 0.26462100750746037, 0.2541764264667775]], "ideal": "A", "sampled": "B", "correct": false}}
{"type": "result", "data": {"idx": 42, "options": ["True, True", "False, False", "True, False", "False, True"], "probs": [[0.2946257459244961, 0.22742549056108746, 0.2041398493380918, 0.2738089140763247], [0.2705490508241396, 0.20233637979581034, 0.2186347031781578, 0.3084798661018922], [0.31764757156700985, 0.21828676432741193, 0.215095874420712, 0.2489697895848662], [0.30834654429968095, 0.21015444708979314, 0.18991954905755848, 0.29157945945296737]], "ideal": "B", "sampled": "A", "correct": false}}
{"type": "result", "data": {"idx": 43, "options": ["True, True", "False, False", "True, False", "False, True"], "probs": [[0.2963216304482731, 0.2625277638172836, 0.18269291518291783, 0.25845769045152545], [0.26536980268685717, 0.22778105733500997, 0.20008856056119842, 0.3067605793169344], [0.31773923403993226, 0.24461551404762075, 0.19289582103517702, 0.24474943077726993], [0.31002193686246093, 0.2312463968760987, 0.17945651708238852, 0.2792751490790519]], "ideal": "C", "sampled": "A", "correct": false}}
{"type": "result", "data": {"idx": 44, "options": ["True, True", "False, False", "True, False", "False, True"], "probs": [[0.31199888977273615, 0.21970044582224307, 0.19224122795442056, 0.2760594363506002], [0.304445161093658, 0.18313174766549864, 0.20221731968663487, 0.31020577145420847], [0.3283402176614984, 0.21035142790576922, 0.2086958642678242, 0.2526124900649082], [0.33210731539109195, 0.19834235899677374, 0.18907580341223987, 0.28047452209989443]], "ideal": "C", "sampled": "A", "correct": false}}
{"type": "result", "data": {"idx": 45, "options": ["True, True", "False, False", "True, False", "False, True"], "probs": [[0.3372362851759321, 0.22905135152433606, 0.17815828321582675, 0.25555407998390506], [0.29107344581365713, 0.20073814987228839, 0.19695014053029464, 0.31123826368375984], [0.34443385431999346, 0.21978688892869372, 0.19979879853512003, 0.23598045811619278], [0.3584053431632542, 0.21144777304488555, 0.16679101684756206, 0.2633558668442982]], "ideal": "C", "sampled": "A", "correct": false}}
{"type": "result", "data": {"idx": 46, "options": ["True, True", "False, False", "True, False", "False, True"], "probs": [[0.3330370584702364, 0.244478769411398, 0.170134787844536, 0.25234938417382957], [0.30890550285750573, 0.21977055905735532, 0.1843278799967056, 0.2869960579884333], [0.3758219964181469, 0.22522024136853352, 0.16816754136288709, 0.23079022075043248], [0.3604936951111922, 0.22101940541768325, 0.16365412119859243, 0.2548327781725321]], "ideal": "B", "sampled": "D", "correct": false}}
{"type": "result", "data": {"idx": 47, "options": ["0", "2", "1", "3"], "probs": [[0.2812297511552528, 0.27482347335591295, 0.2433223422118494, 0.20062443317698486], [0.33484880117114874, 0.2487940937750637, 0.23621705254236705, 0.1801400524114205], [0.2979733601216521, 0.2691074569387226, 0.22052627471080122, 0.21239290812882405], [0.31131743453854194, 0.23666054792837354, 0.24526721995800138, 0.20675479747508313]], "ideal": "B", "sampled": "B", "correct": true}}
{"type": "result", "data": {"idx": 48, "options": ["True, True", "False, False", "True, False", "False, True"], "probs": [[0.3800100925183252, 0.20841577336468656, 0.19941639601059769, 0.21215773800639057], [0.3573747628178665, 0.18415691231073522, 0.2138735385602453, 0.24459478621115294], [0.38493013378108704, 0.20460674164633313, 0.21177668867377625, 0.19868643579880355], [0.38274024772570997, 0.1941682340258433, 0.1902063432084152, 0.23288517494003153]], "ideal": "C", "sampled": "A", "correct": false}}
{"type": "result", "data": {"idx": 49, "options": ["8", "120", "240", "24"], "probs": [[0.25199004629729505, 0.2680358250463816, 0.2465369366378871, 0.23343719191843626], [0.2809523939805412, 0.24760259685424518, 0.23485937712228128, 0.2365856319429323], [0.31129054356737124, 0.23094476870702327, 0.24064907484931844, 0.21711561277628705], [0.2688097557760004, 0.23695089195913538, 0.2711682521406037, 0.2230711000242605]], "ideal": "B", "sampled": "B", "correct": true}}
{"type": "result", "data": {"idx": 50, "options": ["True, True", "False, False", "True, False", "False, True"], "probs": [[0.30230116841154236, 0.2773030399998881, 0.168030172569638, 0.2523656189189315], [0.2536829113706583, 0.24747575817017584, 0.19515345988706273, 0.30368787047210316], [0.32228075014047264, 0.26488881116443763, 0.1789066711378003, 0.23392376745728943], [0.30403111741025796, 0.25388083994297317, 0.1713767575171617, 0.2707112850296072]], "ideal": "D", "sampled": "A", "correct": false}}
{"type": "result", "data": {"idx": 51, "options": ["0", "2", "1", "3"], "probs": [[0.28564004809622906, 0.2768758998162376, 0.2337327440584067, 0.20375130792912663], [0.3488192065849532, 0.24338527746703065, 0.22730643232297057, 0.18048908352504558], [0.29275464572430715, 0.27703520240047047, 0.2182409432574282, 0.21196920851779416], [0.3188402699932541, 0.23669371359207167, 0.23760845118781757, 0.20685756512685669]], "ideal": "B", "sampled": "B", "correct": true}}
{"type": "result", "data": {"idx": 52, "options": ["6", "8", "4", "2"], "probs": [[0.3157319426220828, 0.22052767870605086, 0.22029922900381083, 0.2434411495680555], [0.31109798878592604, 0.2138143245308662, 0.22016066966718237, 0.2549270169160254], [0.32343427395958263, 0.2188122290862003, 0.20504930881301614, 0.25270418804120093], [0.30715015761610576, 0.21805290416209766, 0.21081338426031096, 0.26398355386148564]], "ideal": "A", "sampled": "C", "correct": false}}
{"type": "result", "data": {"idx": 53, "options": ["True, True", "False, False", "True, False", "False, True"], "probs": [[0.3309736997612979, 0.1837992138768569, 0.20845236440366516, 0.27677472185818003], [0.2968609332741469, 0.16348606346402858, 0.230474859453042, 0.3091781437087825], [0.34052373497614247, 0.17641242635329657, 0.22148866449266089, 0.26157517407790004], [0.3336015591645193, 0.17005035026086063, 0.2037104486662518, 0.29263764180836827]], "ideal": "C", "sampled": "A", "correct": false}}
{"type": "result", "data": {"idx": 54, "options": ["0", "2", "1", "3"], "probs": [[0.2393565994070009, 0.32208953264381823, 0.2072257759133113, 0.23132809193586956], [0.29435994779563895, 0.25566738460387084, 0.223131459584402, 0.2268412079160882], [0.2849852059500975, 0.3033651618843351, 0.17968470810986667, 0.23196492395570073], [0.2989212154400175, 0.22377744158518345, 0.23780941888156182, 0.2394919239932372]], "ideal": "B", "sampled": "B", "correct": true}}
{"type": "result", "data": {"idx": 55, "options": ["True, True", "False, False", "True, False", "False, True"], "probs": [[0.30341560097604114, 0.2483608461423833, 0.19580109707246868, 0.2524224557091069], [0.2646381438420655, 0.21999842432928596, 0.2188995978509217, 0.29646383387772685], [0.3200108956969015, 0.23860376715354606, 0.21334229089656462, 0.22804304615298782], [0.33002858367157056, 0.23103237951375258, 0.18483499629929068, 0.2541040404153862]], "ideal": "A", "sampled": "A", "correct": true}}
{"type": "result", "data": {"idx": 56, "options": ["True, True", "False, False", "True, False", "False, True"], "probs": [[0.2963134094227088, 0.26239413411368784, 0.17918576565359937, 0.26210669071000403], [0.27574943156759746, 0.22929856055461534, 0.20064425172255196, 0.29430775605523524], [0.30818112303895445, 0.2524653262035512, 0.19087173679625796, 0.24848181386123636], [0.31598585840880056, 0.2431481033320466, 0.16982997952193454, 0.2710360586372183]], "ideal": "D", "sampled": "D", "correct": true}}
{"type": "result", "data": {"idx": 57, "options": ["1", "2", "3", "4"], "probs": [[0.35964827654197645, 0.2551944477543015, 0.1764279253178859, 0.20872935028583617], [0.34584344460615474, 0.25310689962677996, 0.1908755657146899, 0.21017408995237538], [0.338748290858892, 0.24026336189504763, 0.21502316524814827, 0.2059651818979121], [0.35975798424821676, 0.2632045408342648, 0.17788462073984168, 0.19915285407767674]], "ideal": "B", "sampled": "A", "correct": false}}
{"type": "result", "data": {"idx": 58, "options": ["True, True", "False, False", "True, False", "False, True"], "probs": [[0.27658201497629187, 0.2614461002138818, 0.188081228181444, 0.2738906565283823], [0.2380635887146351, 0.2320486753946952, 0.20738747713876138, 0.3225002586519083], [0.3060358257594389, 0.24761868258678352, 0.1986334084858568, 0.24771208306792078], [0.2915630979777344, 0.24331978323589104, 0.18039702146033046, 0.28472009722604413]], "ideal": "A", "sampled": "A", "correct": true}}
{"type": "result", "data": {"idx": 59, "options": ["True, True", "False, False", "True, False", "False, True"], "probs": [[0.32166143289981036, 0.20769941185723736, 0.19918563366371422, 0.271453521479238], [0.2887114584157242, 0.1847402453237806, 0.2184148430605865, 0.3081334530999087], [0.3348551541912301, 0.19850472501191546, 0.21097236322613475, 0.25566775747071974], [0.33012223732332624, 0.1954840003575702, 0.18897754233642422, 0.28541621988267935]], "ideal": "A", "sampled": "A", "correct": true}}
{"type": "result", "data": {"idx": 60, "options": ["True, True", "False, False", "True, False", "False, True"], "probs": [[0.31140083535479096, 0.27624187282306023, 0.17248152451700002, 0.23987576720514875], [0.263953395577303, 0.24521920813311304, 0.19933051462953305, 0.2914968815600509], [0.3280202741313031, 0.2649098573279584, 0.18733529929451062, 0.21973456914622785], [0.31263451367614276, 0.25639061971169014, 0.17829007601638566, 0.25268479049578146]], "ideal": "D", "sampled": "A", "correct": false}}
{"type": "result", "data": {"idx": 61, "options": ["True, True", "False, False", "True, False", "False, True"], "probs": [[0.3127206377240839, 0.23351264095876156, 0.1855254211523127, 0.26824130006484187], [0.2950286820976647, 0.2051286964639233, 0.19938693641535937, 0.30045568492305263], [0.3304105600261917, 0.22814726147315512, 0.19309617001580914, 0.24834600838484408], [0.31895673747086906, 0.21341330128880007, 0.1763732310412766, 0.2912567300990543]], "ideal": "D", "sampled": "A", "correct": false}}
{"type": "result", "data": {"idx": 62, "options": ["True, True", "False, False", "True, False", "False, True"], "probs": [[0.2900457425132286, 0.2490282095574887, 0.19630505435150375, 0.2646209934777789], [0.2441381252184472, 0.22303150924346998, 0.2185346218506703, 0.3142957435874125], [0.30964759450509527, 0.23840369637018138, 0.20628993518509786, 0.2456587738396255], [0.3102726180663057, 0.23140550691878176, 0.18373718187180915, 0.2745846930431034]], "ideal": "C", "sampled": "A", "correct": false}}
{"type": "result", "data": {"idx": 63, "options": ["not anti-symmetric", "transitive", "reflexive", "symmetric"], "probs": [[0.2507374770358935, 0.27581818656168067, 0.24082275146120208, 0.23262158484122378], [0.2870862910051982, 0.2709644855719066, 0.21106428849363978, 0.23088493482925537], [0.26640521683397517, 0.2779760277596485, 0.21778278891701858, 0.2378359663893577], [0.2890513197929992, 0.25933032838894926, 0.211548161313417, 0.24007019040463456]], "ideal": "B", "sampled": "C", "correct": false}}
{"type": "result", "data": {"idx": 64, "options": ["1", "2", "infinitely many", "0"], "probs": [[0.36095133420195724, 0.30908715721854196, 0.1951131522460374, 0.13484835623346342], [0.4490364260378926, 0.2601989844210866, 0.12815599333190847, 0.16260859610911232], [0.3391737785965578, 0.25243513645232507, 0.21184441988237315, 0.19654666496874396], [0.2402403318605936, 0.3042761339795873, 0.214743014928935, 0.2407405191308841]], "ideal": "B", "sampled": "B", "correct": true}}
{"type": "result", "data": {"idx": 65, "options": ["True, True", "False, False", "True, False", "False, True"], "probs": [[0.29877196540061884, 0.27310021356594727, 0.17550418825207598, 0.2526236326813579], [0.24650172131283876, 0.2397769760779267, 0.20066828131660672, 0.31305302119262784], [0.32282386669971297, 0.2645669101465531, 0.1895932192729014, 0.22301600378083253], [0.307514325907727, 0.2559600357771244, 0.17216572884242876, 0.26435990937271986]], "ideal": "C", "sampled": "A", "correct": false}}
{"type": "result", "data": {"idx": 66, "options": ["True, True", "False, False", "True, False", "False, True"], "probs": [[0.37894184522838376, 0.19560967966775067, 0.1982734113218819, 0.22717506368198367], [0.33766448029959756, 0.17698122387704876, 0.22113979018054764, 0.264214505542806], [0.3977563619550219, 0.1854709657025987, 0.2079443155327468, 0.20882835670963257], [0.38575121181696737, 0.172908229022196, 0.1970195740708448, 0.24432098498999186]], "ideal": "D", "sampled": "A", "correct": false}}
{"type": "result", "data": {"idx": 67, "options": ["a,b in H=> a * b in H", "a in H => a^-1 in H", "a,b in H=> a * b^-1 in H", "H contains the identity element"], "probs": [[0.3312278438956292, 0.184748488418887, 0.19823620016732602, 0.28578746741815775], [0.31002589133184655, 0.18341144370952633, 0.21323799449343972, 0.2933246703651874], [0.33916604567647235, 0.1945354367182719, 0.2164114757927737, 0.24988704171248208], [0.320384924385471, 0.19038699849112828, 0.18957898301343232, 0.29964909400996836]], "ideal": "C", "sampled": "A", "correct": false}}
{"type": "result", "data": {"idx": 68, "options": ["(x \u2212 2)(x + 2)(x \u2212 1)(x + 1)", "(x+1)^4", "(x-1)(x+1)^3", "(x-1)^3(x+1)"], "probs": [[0.2595226764419432, 0.17538219688569054, 0.2165650427124896, 0.3485300838598766], [0.21599826011871548, 0.21613639389120204, 0.21737377148920767, 0.3504915744008748], [0.3192689215599785, 0.21245420610133792, 0.20435292135677416, 0.2639239508819094], [0.2327758555295128, 0.1958908467676676, 0.2169678839372372, 0.35436541366558233]], "ideal": "A", "sampled": "C", "correct": false}}
{"type": "result", "data": {"idx": 69, "options": ["True, True", "False, False", "True, False", "False, True"], "probs": [[0.30569010969919785, 0.24268449840502995, 0.18112514911270872, 0.2705002426830635], [0.26340984510500126, 0.21737671738546752, 0.19552011203240846, 0.32369332537712275], [0.3297795204389907, 0.23657194835138676, 0.19712396845294577, 0.23652456265667673], [0.324209789130745, 0.2307098874430583, 0.1668736984227229, 0.2782066249034738]], "ideal": "A", "sampled": "A", "correct": true}}
{"type": "result", "data": {"idx": 70, "options": ["0", "-2", "a-2", "(2+a)*-1"], "probs": [[0.2334295327216975, 0.219389494942698, 0.3003339424379252, 0.2468470297976793], [0.20099415474636387, 0.19132280982654729, 0.30044709290031274, 0.3072359424267761], [0.2162782763109376, 0.19681303787686358, 0.3200301026986915, 0.26687858301350736], [0.2162825517311826, 0.22273020938507698, 0.3058287662336427, 0.25515847255009777]], "ideal": "D", "sampled": "A", "correct": false}}
{"type": "result", "data": {"idx": 71, "options": ["0", "4", "2", "6"], "probs": [[0.23293653822406926, 0.3337168196617678, 0.20458891105361057, 0.22875773096055232], [0.3091922494219176, 0.2523238435827847, 0.21803236655297195, 0.2204515403423258], [0.2715409695830601, 0.29365983602448226, 0.191968157868262, 0.2428310364241956], [0.2806224822717424, 0.22892402110194737, 0.25101414320342946, 0.23943935332288072]], "ideal": "C", "sampled": "B", "correct": false}}
{"type": "result", "data": {"idx": 72, "options": ["1", "2", "3", "4"], "probs": [[0.2581835648429959, 0.25024008375526346, 0.24874293431025415, 0.24283341699148647], [0.2589664939248953, 0.24501379226616565, 0.26749904745381625, 0.2285206662551228], [0.23571363174265064, 0.24308273235019698, 0.296117496692282, 0.22508613911487038], [0.26249971200881855, 0.26650097169294357, 0.2411130743645991, 0.2298862418336388]], "ideal": "D", "sampled": "A", "correct": false}}
{"type": "result", "data": {"idx": 73, "options": ["0", "3", "12", "30"], "probs": [[0.2638787328933051, 0.29938507077084275, 0.22437933085105144, 0.2123568653848007], [0.3351192027793625, 0.226753021459838, 0.21816066880550913, 0.21996710685529033], [0.24810244140528162, 0.23683381078259103, 0.24632699785153458, 0.26873674986059276], [0.2585698884893207, 0.2212676041719301, 0.26511927646372113, 0.25504323077502805]], "ideal": "B", "sampled": "B", "correct": true}}
{"type": "result", "data": {"idx": 74, "options": ["True, True", "False, False", "True, False", "False, True"], "probs": [[0.3196737921064098, 0.22817075720364602, 0.19447883092251989, 0.2576766196674243], [0.3000888526139578, 0.2073564529211589, 0.2095815241127241, 0.28297317025215923], [0.34350758275668586, 0.22162943745975544, 0.19960686265012023, 0.23525611703343846], [0.34349108762557873, 0.2146113578644765, 0.18145725670005045, 0.26044029770989435]], "ideal": "D", "sampled": "D", "correct": true}}
{"type": "result", "data": {"idx": 75, "options": ["True, True", "False, False", "True, False", "False, True"], "probs": [[0.383234400018444, 0.18293927062889598, 0.19014910784998112, 0.2436772214026789], [0.36906095785591475, 0.16039933023637903, 0.2025127678532629, 0.2680269439544433], [0.3913552637612738, 0.182553180254019, 0.1958189246973791, 0.2302726311873281], [0.40920838099785845, 0.16981217010391114, 0.17646816108148666, 0.2445112877167437]], "ideal": "B", "sampled": "D", "correct": false}}
{"type": "result", "data": {"idx": 76, "options": ["True, True", "False, False", "True, False", "False, True"], "probs": [[0.26999293950501424, 0.19337936657583, 0.24027248498562856, 0.29635520883352723], [0.24900629365953109, 0.17011587827041935, 0.2587392705044474, 0.32213855746560216], [0.2734793600101267, 0.19591108576881894, 0.25722803513094283, 0.2733815189901115], [0.27415959269760437, 0.18301802199819464, 0.2346623644592211, 0.3081600207449799]], "ideal": "C", "sampled": "A", "correct": false}}
{"type": "result", "data": {"idx": 77, "options": ["0", "3", "12", "30"], "probs": [[0.2893272551805354, 0.2767940676890959, 0.22471197767657083, 0.20916669935379784], [0.3369760713822078, 0.22825784849374864, 0.21652684904119832, 0.2182392309828452], [0.2656132499425262, 0.23115817511278947, 0.24467382593468381, 0.25855474891000046], [0.2769973319044476, 0.23373267400509298, 0.24748470255470068, 0.24178529143575875]], "ideal": "A", "sampled": "B", "correct": false}}
{"type": "result", "data": {"idx": 78, "options": ["True, True", "False, False", "True, False", "False, True"], "probs": [[0.33697175004520447, 0.19107678179479887, 0.1929223205207974, 0.2790291475391993], [0.3149597440333043, 0.1799202167784126, 0.20246105497424927, 0.30265898411403386], [0.34492841255835816, 0.19720494472156333, 0.19765507895861692, 0.2602115636614616], [0.34634034906383077, 0.18166926094081823, 0.1806301433042941, 0.2913602465910569]], "ideal": "D", "sampled": "D", "correct": true}}
