{"type": "result", "data": {"idx": 0, "options": ["k = 0 and n = 1", "k = 1 and n = 0", "k = n = 1", "k > 1"], "probs": [[0.23749123157434154, 0.1894864858573957, 0.22995762182025847, 0.3430646606480043], [0.25973801641230104, 0.2176684788694056, 0.26049326683241214, 0.2621002377858812], [0.27655879072402173, 0.24897331367883804, 0.19943847057372424, 0.275029424923416], [0.29611187729091865, 0.20441731503920055, 0.21408636546845622, 0.28538444210142455]], "ideal": "B", "sampled": "D", "correct": false}}
{"type": "result", "data": {"idx": 1, "options": ["0", "1", "2", "3"], "probs": [[0.20894408535274692, 0.26037618903262666, 0.285892222582901, 0.2447875029317254], [0.2746375202857992, 0.2727713286603907, 0.23172236976690497, 0.22086878118690512], [0.31595276370676434, 0.23672834468225104, 0.21062100480084914, 0.23669788671013545], [0.27448020200607776, 0.2239301718228694, 0.2626175064365956, 0.2389721196344573]], "ideal": "D", "sampled": "C", "correct": false}}
{"type": "result", "data": {"idx": 2, "options": ["n = 1 and r = 6", "n = 1 and r = 7", "n = 2 and r = 5", "n = 2 and r = 6"], "probs": [[0.3264674544007944, 0.18808227775600256, 0.22329261896761518, 0.26215764877558784], [0.32718777165735524, 0.1826782646193475, 0.22736078159680106, 0.2627731820264962], [0.31882966511725935, 0.18231174891293084, 0.23037458150391496, 0.2684840043658948], [0.3258680201999721, 0.19070005983293584, 0.2355507682192442, 0.2478811516478479]], "ideal": "D", "sampled": "B", "correct": false}}
{"type": "result", "data": {"idx": 3, "options": ["4", "8", "16", "2sqrt(2)"], "probs": [[0.26628372467304356, 0.23464623440908716, 0.2049408138329607, 0.29412922698490856], [0.22952647846916543, 0.2469951397975919, 0.24944387745514346, 0.27403450417809916], [0.2600335103003371, 0.26178025416557066, 0.2092194494628467, 0.2689667859712455], [0.2946044758471618, 0.23842349290812723, 0.19361467369028926, 0.2733573574544217]], "ideal": "A", "sampled": "D", "correct": false}}
{"type": "result", "data": {"idx": 4, "options": ["2/69", "1/30", "2/23", "12/125"], "probs": [[0.27254415367930074, 0.2380336146722706, 0.2859025980515262, 0.20351963349690244], [0.25293328978671586, 0.24271276229110986, 0.2868732170939685, 0.21748073072820576], [0.23494397451530832, 0.23233667359914614, 0.3110221372386054, 0.22169721454694016], [0.2530270516619379, 0.23877711591716996, 0.30074268576475605, 0.2074531465561361]], "ideal": "C", "sampled": "A", "correct": false}}
{"type": "result", "data": {"idx": 5, "options": ["(S, +, x) is closed under addition modulo 10.", "(S, +, x) is closed under multiplication modulo 10.", "(S, +, x) has an identity under addition modulo 10.", "(S, +, x) has no identity under multiplication modulo 10."], "probs": [[0.24154522292745964, 0.21655594655029214, 0.22032328781299085, 0.32157554260925736], [0.22884452681703532, 0.20697990366206892, 0.22470958863499146, 0.3394659807859043], [0.24094178139157368, 0.21261817531572758, 0.22554567790079216, 0.32089436529190657], [0.2291745015503621, 0.21035299329898255, 0.2282739349457018, 0.33219857010495357]], "ideal": "D", "sampled": "A", "correct": false}}
{"type": "result", "data": {"idx": 6, "options": ["12*sqrt(2)", "6*sqrt(2)", "4*sqrt(2)", "1/(2*sqrt(2))"], "probs": [[0.29747004077812295, 0.2510270587083711, 0.23769053533602072, 0.21381236507748522], [0.2942350252309508, 0.252439323823828, 0.22081651120386475, 0.23250913964135642], [0.267798036310119, 0.22950038311570659, 0.2664777636261537, 0.23622381684802068], [0.24593546226949214, 0.2503337338415907, 0.27272621607217484, 0.23100458771674232]], "ideal": "C", "sampled": "B", "correct": false}}
{"type": "result", "data": {"idx": 7, "options": ["0", "10%", "25%", "50%"], "probs": [[0.2396200376622656, 0.23285307783977977, 0.29766096774757644, 0.22986591665037814], [0.2559996545058789, 0.22618108985546417, 0.29836788770553, 0.21945136783312688], [0.27859601375654897, 0.23894332346910951, 0.2537700831636336, 0.2286905795107079], [0.2806543618647511, 0.2332041884132614, 0.24790089186788833, 0.2382405577540991]], "ideal": "C", "sampled": "D", "correct": false}}
{"type": "result", "data": {"idx": 8, "options": ["None", "I only", "II only", "III only"], "probs": [[0.20543054356399873, 0.2318074027010675, 0.24249231045480493, 0.3202697431801288], [0.20423090424351256, 0.2132347663103815, 0.2526296784752047, 0.32990465087090126], [0.23374565736860103, 0.2120987709519131, 0.2513918205429509, 0.30276375103653497], [0.22572586610819267, 0.21431530158508358, 0.25406468669212423, 0.30589414551459954]], "ideal": "C", "sampled": "D", "correct": false}}
{"type": "result", "data": {"idx": 9, "options": ["Every compact space is complete", "Every complete space is compact", "Neither (a) nor (b).", " Both (a) and (b)."], "probs": [[0.3427729751077408, 0.24209012496627846, 0.1740641664957907, 0.24107273333019], [0.32844056697062757, 0.244392641031364, 0.19190246783058687, 0.23526432406742154], [0.27755134881416016, 0.2967594817466885, 0.21036220771411174, 0.21532696162503964], [0.360587499140652, 0.2549625786861672, 0.17844108808885298, 0.20600883398432782]], "ideal": "A", "sampled": "D", "correct": false}}
{"type": "result", "data": {"idx": 10, "options": ["10", "20", "25", "45"], "probs": [[0.32066717627422653, 0.24619413130749176, 0.20525698706752757, 0.2278817052507541], [0.2933105826084558, 0.23595131931329605, 0.21942810712050562, 0.2513099908577425], [0.3021946088158463, 0.23195160469857176, 0.2408034461855044, 0.2250503402000775], [0.319513460380269, 0.26112901383622833, 0.19224927744584205, 0.22710824823766063]], "ideal": "D", "sampled": "A", "correct": false}}
{"type": "result", "data": {"idx": 11, "options": ["1/64", "15/64", "1/4", "3/8"], "probs": [[0.2624803703021673, 0.24259834756218276, 0.2167388433973164, 0.27818243863833353], [0.28886543410219484, 0.23185511384723642, 0.20062089557634247, 0.27865855637422626], [0.27694200228624744, 0.23697497379012059, 0.21447337202937272, 0.2716096517942593], [0.27627351877310813, 0.23987835643276875, 0.2043352722917308, 0.2795128524023923]], "ideal": "B", "sampled": "B", "correct": true}}
{"type": "result", "data": {"idx": 12, "options": ["0", "1", "2", "3"], "probs": [[0.22766457495796932, 0.24441762266099068, 0.29013207551915876, 0.23778572676188123], [0.24235542477263516, 0.23957459983180227, 0.2808085125524407, 0.2372614627431218], [0.26154704847902105, 0.23565787340265354, 0.2765401807553332, 0.2262548972629922], [0.23741684144099115, 0.2322284062800516, 0.2893730315463541, 0.24098172063260315]], "ideal": "A", "sampled": "C", "correct": false}}
{"type": "result", "data": {"idx": 13, "options": ["4", "7", "10", "13"], "probs": [[0.3152277767343006, 0.2749066948615779, 0.19903872905171324, 0.21082679925240821], [0.29876132460998106, 0.26046519304598076, 0.20713274742978385, 0.23364073481425432], [0.28258743037177214, 0.2663835505462472, 0.2401567625712575, 0.21087225641072313], [0.30639722483674553, 0.26295214496974967, 0.2125247834034113, 0.21812584669009352]], "ideal": "B", "sampled": "A", "correct": false}}
{"type": "result", "data": {"idx": 14, "options": ["0.64", "0.72", "0.81", "0.95"], "probs": [[0.29775465737258155, 0.23938404084529516, 0.22323708393504538, 0.2396242177470779], [0.2828638679786524, 0.2383241610731649, 0.24018267868364152, 0.2386292921645412], [0.2606672683196956, 0.2230839911339715, 0.26305345090162946, 0.25319528954470344], [0.26023877052206307, 0.24447170261787, 0.2542998530357074, 0.24098967372435956]], "ideal": "D", "sampled": "A", "correct": false}}
{"type": "result", "data": {"idx": 15, "options": ["I only", "II only", "III only", "I and II only"], "probs": [[0.21334884204366691, 0.2085074397268237, 0.24688332516118652, 0.3312603929683229], [0.2369486022667983, 0.21188362799302962, 0.2656047860832212, 0.28556298355695087], [0.23539326731900923, 0.22199684048463947, 0.2636225183994821, 0.2789873736968692], [0.23576426152368712, 0.21572257254764046, 0.26011693087425014, 0.2883962349544223]], "ideal": "D", "sampled": "D", "correct": true}}
{"type": "result", "data": {"idx": 16, "options": ["I only", "II only", "III only", "I and II only"], "probs": [[0.25894334909710676, 0.17271402476490938, 0.25952813026693966, 0.3088144957710442], [0.2986671879787518, 0.18042219904612017, 0.2713640589537449, 0.24954655392138314], [0.2959915355149224, 0.19204361448686721, 0.2646583279008505, 0.24730652199735986], [0.30376157161536055, 0.18517982957895515, 0.25313904878945964, 0.2579195499162246]], "ideal": "B", "sampled": "D", "correct": false}}
{"type": "result", "data": {"idx": 17, "options": ["-1/4", "-1/(4sqrt(2))", "0", "sqrt(2)"], "probs": [[0.21935245902047415, 0.22656807778440854, 0.23557264047415818, 0.31850682262095914], [0.23582844349341328, 0.21491099682750917, 0.2656451621770551, 0.28361539740202246], [0.2020339190454819, 0.2725477773789046, 0.25798996895966964, 0.2674283345159439], [0.24409608939399766, 0.22222714620571166, 0.22370744239354726, 0.3099693219067434]], "ideal": "C", "sampled": "D", "correct": false}}
{"type": "result", "data": {"idx": 18, "options": ["I and II only", "III only", "I and III only", "I, II, and III"], "probs": [[0.19877571161749588, 0.20092858671516445, 0.25312224405145, 0.3471734575158896], [0.24370515018461303, 0.21699435880142423, 0.2653565804874349, 0.2739439104265279], [0.2444813436693051, 0.2424978202711112, 0.23836748654794437, 0.2746533494116393], [0.24522128333349621, 0.22546140511372012, 0.23981910584228477, 0.2894982056104989]], "ideal": "D", "sampled": "D", "correct": true}}
{"type": "result", "data": {"idx": 19, "options": ["3", "e", "sqrt(5)", "0"], "probs": [[0.23838410134292146, 0.2237978759750127, 0.2690584103353737, 0.26875961224669215], [0.2521681562460071, 0.21044713883820163, 0.255434908109242, 0.28194979670654924], [0.2467629611245394, 0.2254730760825705, 0.25307923552843353, 0.2746847271644566], [0.20328321748007197, 0.21273572423810705, 0.28328501753231716, 0.3006960406495038]], "ideal": "A", "sampled": "B", "correct": false}}
{"type": "result", "data": {"idx": 20, "options": ["I only", "II only", "III only", "I, II, and III"], "probs": [[0.2083786570535348, 0.18667166032476673, 0.21155071170369907, 0.3933989708179994], [0.24560984966683, 0.22674581406233213, 0.2612170874811262, 0.2664272486897116], [0.262914605797303, 0.2428091985581656, 0.21107073755152528, 0.28320545799300606], [0.2584504032800191, 0.23113785794224484, 0.22057514065830683, 0.28983659801942924]], "ideal": "D", "sampled": "D", "correct": true}}
{"type": "result", "data": {"idx": 21, "options": ["None", "One", "Four", "Five"], "probs": [[0.20700876721172862, 0.3174960958267065, 0.23131361946107895, 0.2441815174004859], [0.2323546946691353, 0.2814748929330959, 0.22888779081608676, 0.257282621481682], [0.28187260028881406, 0.23888790605063515, 0.18568301199009868, 0.2935564815704521], [0.23763461054519788, 0.22430938145794427, 0.25770786018017966, 0.2803481477166782]], "ideal": "D", "sampled": "B", "correct": false}}
{"type": "result", "data": {"idx": 22, "options": ["I only", "II only", "III only", "I and II only"], "probs": [[0.2215692748696394, 0.2220674802706732, 0.23246640415550368, 0.3238968406041837], [0.24247538679685277, 0.22771913961697612, 0.2501065395506475, 0.2796989339355236], [0.24451815318160314, 0.2254306442938514, 0.24836610995330607, 0.2816850924712394], [0.24992811304918897, 0.23456434553655267, 0.23182087788914738, 0.283686663425111]], "ideal": "B", "sampled": "D", "correct": false}}
{"type": "result", "data": {"idx": 23, "options": ["2/81", "1/18", "2/27", "1/9"], "probs": [[0.29405927216958, 0.24048618611544278, 0.24232247108297542, 0.2231320705320018], [0.2905707229128159, 0.2491285987338771, 0.24672237423326301, 0.21357830402004402], [0.29247901712350904, 0.25874400907384776, 0.23703145194757302, 0.21174552175507014], [0.2925715787799383, 0.2548587956003616, 0.23722757750206544, 0.21534204801763462]], "ideal": "A", "sampled": "D", "correct": false}}
{"type": "result", "data": {"idx": 24, "options": ["True, True", "True, False", "False, True", "False, False"], "probs": [[0.41635419795317186, 0.18211519040351237, 0.15640733343619656, 0.2451232781071192], [0.4308022026406398, 0.16510591155287482, 0.14624779142836242, 0.25784409427812294], [0.4137614440886968, 0.15472195934196464, 0.17203949438158317, 0.2594771020877554], [0.379925770426885, 0.19563352185169697, 0.17650759919423878, 0.24793310842717922]], "ideal": "B", "sampled": "B", "correct": true}}
{"type": "result", "data": {"idx": 25, "options": ["I and II only", "I and III only", "II and III only", "III only"], "probs": [[0.28651998298044745, 0.19761911621558714, 0.20056662559192287, 0.3152942751120425], [0.2942927645913771, 0.1910586569538989, 0.2286594854665851, 0.2859890928881389], [0.3079744737447768, 0.21419638925751128, 0.20141094020628234, 0.2764181966914296], [0.3049258978337865, 0.2052820385871299, 0.21000064043092714, 0.27979142304815646]], "ideal": "D", "sampled": "D", "correct": true}}
{"type": "result", "data": {"idx": 26, "options": ["9/2 days", "5 days", "41/8 days", "36/7 days"], "probs": [[0.26081004736199576, 0.2348879873517706, 0.25187674162253265, 0.25242522356370095], [0.26086846380111284, 0.2348838334278398, 0.2518577612961467, 0.2523899413749007], [0.26466501150859706, 0.22741009631580075, 0.25549111148382037, 0.25243378059178184], [0.25757833545080944, 0.2146477635095119, 0.2821078216119284, 0.24566607932775025]], "ideal": "D", "sampled": "B", "correct": false}}
{"type": "result", "data": {"idx": 27, "options": ["1/2", "1", "sqrt(2)", "pi"], "probs": [[0.2898759457216082, 0.22632794895507755, 0.27846556069255063, 0.20533054453076363], [0.2652276456090821, 0.27868318554952426, 0.23647251722832113, 0.21961665151307252], [0.31159667764781235, 0.21738815823758628, 0.233097319292184, 0.2379178447224174], [0.31562248968171974, 0.22780266534180316, 0.22212885484090297, 0.23444599003557412]], "ideal": "A", "sampled": "C", "correct": false}}
{"type": "result", "data": {"idx": 28, "options": ["f has all of its relative extrema on the line x = y.", "f has all of its relative extrema on the parabola x = y^2.", "f has a relative minimum at (0, 0).", "f has an absolute minimum at (2/3, 2/3)."], "probs": [[0.26064585210135943, 0.2286047624481456, 0.24665769912265992, 0.2640916862278351], [0.2790342312628279, 0.22656171359183316, 0.23237955914169678, 0.2620244959036422], [0.3009592457875991, 0.24873660880507426, 0.20828767677752935, 0.24201646852979733], [0.26940508871349506, 0.22494546396433546, 0.22423050627163355, 0.28141894095053593]], "ideal": "A", "sampled": "C", "correct": false}}
{"type": "result", "data": {"idx": 29, "options": ["5", "6", "12", "15"], "probs": [[0.2714985825893408, 0.23712701386443732, 0.24220282605244148, 0.2491715773937804], [0.3137062285141231, 0.20991908637329085, 0.21442445259407053, 0.2619502324185155], [0.3381314722200695, 0.199862039075384, 0.2240628946767398, 0.2379435939278067], [0.3234346556851882, 0.21667954646386853, 0.22843556444201707, 0.23145023330892617]], "ideal": "B", "sampled": "C", "correct": false}}
{"type": "result", "data": {"idx": 30, "options": ["S(n0 + 1) is not true.", "S(n0 - 1) is not true.", "S(n) is not true for any n <= n0", "S(n) is not true for any n >= n0"], "probs": [[0.18681783415541975, 0.2087191131884021, 0.27566378484401827, 0.3287992677121599], [0.22523913120817507, 0.26355150732074445, 0.23946293052816275, 0.2717464308429177], [0.24411246576941598, 0.24435918428424866, 0.2514093703640209, 0.2601189794823145], [0.2429394274707088, 0.24710707363995452, 0.2072628140242261, 0.3026906847651106]], "ideal": "C", "sampled": "C", "correct": true}}
{"type": "result", "data": {"idx": 31, "options": ["(0, 0, 1)", "(3/7, 3/14, 9/14)", "(7/15, 8/15, 1/15)", "(5/6, 1/3, 1/3)"], "probs": [[0.2921154666199274, 0.2045539823914366, 0.21582049654558544, 0.28751005434305055], [0.28573552196946717, 0.1906576780882209, 0.2467814571429094, 0.27682534269940257], [0.2697407385359895, 0.20420605550768536, 0.2520254329198532, 0.27402777293647196], [0.28096281642003146, 0.20297982681808133, 0.23517655623061426, 0.280880800431273]], "ideal": "B", "sampled": "A", "correct": false}}
{"type": "result", "data": {"idx": 32, "options": ["For no such integer n", "For 3, 5, 7, and 11 only", "For 3, 5, 7, 9, and 11 only", "For 4, 6, 8, and 10 only"], "probs": [[0.2424580156560673, 0.24840572473902967, 0.23682388660923692, 0.2723123728956661], [0.26028938650206884, 0.21578745337876212, 0.16263423337706198, 0.36128892664210704], [0.28428579236065193, 0.19389426751773745, 0.22850994551057768, 0.29330999451103296], [0.2676038582293497, 0.21853757089947365, 0.2288318586816922, 0.2850267120894845]], "ideal": "B", "sampled": "A", "correct": false}}
{"type": "result", "data": {"idx": 33, "options": ["1", "2", "3", "4"], "probs": [[0.27962419387882165, 0.28041756150302516, 0.20716506240680424, 0.23279318211134897], [0.3037873894801154, 0.2686675866772559, 0.21476671737569808, 0.21277830636693063], [0.292235727694677, 0.2795464950587973, 0.20667954969306956, 0.22153822745345614], [0.28717144892962837, 0.278899129021603, 0.21286472358862707, 0.22106469836014153]], "ideal": "C", "sampled": "B", "correct": false}}
{"type": "result", "data": {"idx": 34, "options": ["I only", "II only", "III only", "I, II, and III"], "probs": [[0.2160803941260206, 0.18689603823199458, 0.21712082298728977, 0.3799027445546951], [0.2672608256869595, 0.20686487645500365, 0.2666068136345171, 0.2592674841235197], [0.28989914056739985, 0.22094187138255364, 0.21445372698546686, 0.27470526096457965], [0.2877245120550269, 0.21134090191044394, 0.22381028374640896, 0.2771243021881202]], "ideal": "D", "sampled": "D", "correct": true}}
{"type": "result", "data": {"idx": 35, "options": ["x^2 + y^2 + z^2 + 8 = 6y", "(x^2 + y^2 + z^2)^2 = 8 + 36(x^2 + z^2)", "(x^2 + y^2 + z^2 + 8)^2 = 36(x^2 + z^2)", "(x^2 + y^2 + z^2 + 8)^2 = 36(x^2 + y^2)"], "probs": [[0.22648591335707247, 0.23325941559659116, 0.24078997139817349, 0.29946469954816285], [0.28564134237294037, 0.2398825287579026, 0.21704223749851367, 0.2574338912706433], [0.2660247187031976, 0.245433386730939, 0.21687190106786924, 0.27166999339799414], [0.2199556579985757, 0.23022965055355435, 0.22519386295835914, 0.32462082838951084]], "ideal": "D", "sampled": "C", "correct": false}}
{"type": "result", "data": {"idx": 36, "options": ["y = 2x + 1", "y = 2x", "y = x + 2", "y = x + 1"], "probs": [[0.27871648305002644, 0.2547594682545852, 0.19556847795582588, 0.27095557063956244], [0.27533821089310434, 0.25994849977124507, 0.20909327889656062, 0.25562001033909], [0.3179151117483751, 0.26476576921676376, 0.18779040871172786, 0.22952871022313326], [0.2921366182314268, 0.2671912689892865, 0.20495103908369952, 0.23572107359558717]], "ideal": "A", "sampled": "D", "correct": false}}
{"type": "result", "data": {"idx": 37, "options": ["2", "3", "4", "5"], "probs": [[0.3169323143740695, 0.25812595023062074, 0.23023998960338285, 0.1947017456919269], [0.32254441511650533, 0.2354756435799945, 0.2342560728706751, 0.20772386833282502], [0.29495706711804137, 0.24769688771129916, 0.25836622327417, 0.19897982179648946], [0.3394412594860722, 0.2362922359381586, 0.23153538309597113, 0.19273112137979806]], "ideal": "A", "sampled": "A", "correct": true}}
{"type": "result", "data": {"idx": 38, "options": ["True, True", "True, False", "False, True", "False, False"], "probs": [[0.3691105411180044, 0.20341783179176423, 0.18233662166872955, 0.24513500532150184], [0.38945026942696054, 0.1824235848493357, 0.1768800695159016, 0.25124607610780214], [0.371738119159504, 0.17520838190911786, 0.20183513154298235, 0.25121836728839575], [0.34102594340868997, 0.21987935570843606, 0.20674682843485054, 0.23234787234802345]], "ideal": "A", "sampled": "B", "correct": false}}
{"type": "result", "data": {"idx": 39, "options": ["1", "2", "3", "4"], "probs": [[0.2716138701109752, 0.2643359938645671, 0.2260401878434905, 0.23800994808096723], [0.28418245485291527, 0.25919866173061556, 0.24387850991613938, 0.2127403734003298], [0.29880006762734923, 0.26064138436804285, 0.21977368502622946, 0.22078486287837848], [0.2925091639984822, 0.25870388358175733, 0.2328261549116876, 0.21596079740807286]], "ideal": "C", "sampled": "D", "correct": false}}
{"type": "result", "data": {"idx": 40, "options": ["the entire real axis", "a point", "a ray", "an open finite interval"], "probs": [[0.24616524964350855, 0.19953679144457812, 0.27804570144410373, 0.27625225736780956], [0.21433442509512904, 0.2126403270055751, 0.2961746409809256, 0.2768506068183702], [0.23968879161795814, 0.19658055313705897, 0.3521629764632988, 0.21156767868168408], [0.30259104207450477, 0.24903014676628032, 0.19910263123148605, 0.24927617982772882]], "ideal": "B", "sampled": "A", "correct": false}}
{"type": "result", "data": {"idx": 41, "options": ["finite", "cyclic", "of order two", "abelian"], "probs": [[0.3462810968834078, 0.19881855838181714, 0.15888941996696548, 0.2960109246678096], [0.3565644078578285, 0.15452969302971156, 0.20219342709834173, 0.2867124719141182], [0.3203434192967485, 0.2089131418665861, 0.2121319865431244, 0.258611452193541], [0.3321466197061184, 0.19832259710120673, 0.20569695836777313, 0.2638338247249017]], "ideal": "D", "sampled": "A", "correct": false}}
{"type": "result", "data": {"idx": 42, "options": ["3", "4", "5", "8"], "probs": [[0.2570456151237808, 0.22668324885411573, 0.23936766803697684, 0.2769034678851266], [0.2725237607683409, 0.22923406956287676, 0.23111581800057004, 0.2671263515682123], [0.2593078833765395, 0.23231443068105134, 0.2416239010562105, 0.26675378478619866], [0.3021157220649675, 0.2242724101440931, 0.21224143557697503, 0.2613704321139644]], "ideal": "D", "sampled": "D", "correct": true}}
{"type": "result", "data": {"idx": 43, "options": ["II only", "III only", "I and II only", "II and III only"], "probs": [[0.2679093679450293, 0.2264731843895627, 0.24157946119123835, 0.26403798637416964], [0.2558982929942668, 0.22580028731650698, 0.22897025599320456, 0.2893311635960216], [0.25635431360218786, 0.2291889441911693, 0.2372053669396675, 0.2772513751669753], [0.27576180467942035, 0.2284487119550926, 0.21012091008347394, 0.2856685731820131]], "ideal": "A", "sampled": "A", "correct": true}}
{"type": "result", "data": {"idx": 44, "options": ["1", "3", "5", "7"], "probs": [[0.28595751521111984, 0.2710352539745139, 0.19475078580816163, 0.24825644490620463], [0.2944797531298403, 0.2619712313453959, 0.2071094481870631, 0.23643956723770074], [0.30742741544234337, 0.2651146431036313, 0.20627850906808237, 0.22117943228594295], [0.27377539870385414, 0.2804195880609473, 0.20797553656405657, 0.23782947657114198]], "ideal": "D", "sampled": "A", "correct": false}}
{"type": "result", "data": {"idx": 45, "options": ["True, True", "True, False", "False, True", "False, False"], "probs": [[0.3201429545559221, 0.23458825049438634, 0.19566136596630423, 0.24960742888338733], [0.33670563004085474, 0.2110373856070807, 0.19340241241610812, 0.2588545718359564], [0.3288382589488209, 0.1936968266770262, 0.220794171072815, 0.2566707432013379], [0.2868343123581711, 0.23649724882699014, 0.22679781435238464, 0.2498706243624541]], "ideal": "A", "sampled": "B", "correct": false}}
{"type": "result", "data": {"idx": 46, "options": ["\u03c0/12", "\u03c0/6", "\u03c0/3", "2\u03c0/3"], "probs": [[0.281969270619291, 0.24986884740867413, 0.22021969494346888, 0.247942186928566], [0.2909859375217749, 0.23101743709195005, 0.23032414567664528, 0.2476724796096298], [0.29719548205714647, 0.23230834197512826, 0.2175600956198627, 0.25293608024786257], [0.26670822498515473, 0.2323000728851715, 0.24328926203202178, 0.257702439997652]], "ideal": "B", "sampled": "B", "correct": true}}
{"type": "result", "data": {"idx": 47, "options": ["3", "pi", "3pi", "3/2"], "probs": [[0.2320374444474353, 0.23168895100620848, 0.22608863294447729, 0.31018497150187896], [0.23183712360924733, 0.2314497381217296, 0.2406932860372176, 0.2960198521318055], [0.22120191985535173, 0.22084804708990186, 0.2519593163488879, 0.30599071660585847], [0.2437058505391369, 0.23231450970274828, 0.2451306249603902, 0.2788490146977246]], "ideal": "B", "sampled": "D", "correct": false}}
{"type": "result", "data": {"idx": 48, "options": ["Only (II)", "Only (IV )", "(I) and (IV )", "(II) and (III)"], "probs": [[0.2693259973655132, 0.23940807221807966, 0.2111697910340588, 0.2800961392823483], [0.2782145017905448, 0.22529116753659537, 0.1983299166512382, 0.2981644139216216], [0.2830394846370822, 0.22616635597718626, 0.23022052986436406, 0.26057362942136747], [0.27620480284923354, 0.23409826258756994, 0.2109149757089395, 0.278781958754257]], "ideal": "C", "sampled": "A", "correct": false}}
{"type": "result", "data": {"idx": 49, "options": ["f is Riemann integrable.", "There does not exist a countably infinite E of R such that f is nondifferentiable at every x \\in E.", "There does not exist an uncountable subset E of R such that f is nondifferentiable at every x \\in E.", "None of the above."], "probs": [[0.288566069787223, 0.25993524817302616, 0.21302235662197114, 0.23847632531777974], [0.25970039156016067, 0.21332536953529369, 0.24273482324340726, 0.28423941556113835], [0.24632127191589448, 0.22991007101814914, 0.2576240118018262, 0.26614464516413017], [0.2004215240215282, 0.2599768599611292, 0.2610114177649761, 0.2785901981523665]], "ideal": "D", "sampled": "A", "correct": false}}
{"type": "result", "data": {"idx": 50, "options": ["the open first quadrant", "a closed curve", "a ray in the open first quadrant", "a single point"], "probs": [[0.3088092093641229, 0.2197342496732233, 0.22363515038847642, 0.2478213904741773], [0.2764120913344748, 0.20857792469031225, 0.22003131446928928, 0.29497866940592365], [0.27775881105504635, 0.19953495559388248, 0.2499742693945277, 0.27273196385654347], [0.2208341410162387, 0.230790008695143, 0.29843910191476203, 0.2499367482738563]], "ideal": "A", "sampled": "A", "correct": true}}
{"type": "result", "data": {"idx": 51, "options": ["1", "2", "p >= 1", "infinity"], "probs": [[0.2632617871718065, 0.1992169857059286, 0.2861269328866298, 0.2513942941356351], [0.2761171418730895, 0.23208124587478166, 0.23724436404054636, 0.2545572481115825], [0.2775628525104292, 0.20086252388044462, 0.29223167457889304, 0.22934294893023308], [0.22866939219552854, 0.22523027844190444, 0.2526625284793534, 0.29343780078321363]], "ideal": "B", "sampled": "C", "correct": false}}
{"type": "result", "data": {"idx": 52, "options": ["f is a homeomorphism.", "f is continuous and one-to-one", "f is continuous.", "f is one-to-one"], "probs": [[0.27325949477293615, 0.25318318980163496, 0.2403941935119172, 0.2331631218135117], [0.3103575063878256, 0.22752342776879203, 0.2088619141241377, 0.2532571516192446], [0.22948867422265712, 0.22346346411055068, 0.2517541684219938, 0.2952936931447984], [0.2731848575442578, 0.2379574108494561, 0.24378942714311336, 0.24506830436317273]], "ideal": "C", "sampled": "B", "correct": false}}
{"type": "result", "data": {"idx": 53, "options": ["12", "16", "12*sqrt(3)", "16*sqrt(3)"], "probs": [[0.26699833467922907, 0.22002287385511332, 0.2675255377307909, 0.24545325363486672], [0.2760108071884053, 0.2457030527688274, 0.23298725136293766, 0.24529888857982962], [0.29609813067921165, 0.231989129281039, 0.22095240477214503, 0.2509603351676043], [0.3045704111833345, 0.23248243676010183, 0.2076151550743263, 0.2553319968822374]], "ideal": "C", "sampled": "C", "correct": true}}
{"type": "result", "data": {"idx": 54, "options": ["4", "7", "8", "12"], "probs": [[0.32406493618146603, 0.2450141501911981, 0.20712392849836522, 0.22379698502897066], [0.307441578442038, 0.2397903543564637, 0.21214193645343973, 0.24062613064805854], [0.30546594822535306, 0.24196769342579555, 0.224544705455218, 0.22802165279363337], [0.3040377840697381, 0.24842985342089338, 0.20976220381788185, 0.23777015859148667]], "ideal": "A", "sampled": "A", "correct": true}}
{"type": "result", "data": {"idx": 55, "options": ["|x| \u2265 0", "|x \u00b7 y| \u2264 |x||y|", "|x| = 0 if and only if x = 0", "|x + y| = |x| + |y|"], "probs": [[0.17499479649701163, 0.24034500119666863, 0.24101689455483202, 0.3436433076514877], [0.14403612266369198, 0.223599319572769, 0.1661395505140186, 0.4662250071495204], [0.1655018578154686, 0.22000914154209586, 0.24604301909003845, 0.3684459814523971], [0.16426169625872317, 0.24383635453175437, 0.18409687004488226, 0.4078050790646402]], "ideal": "D", "sampled": "A", "correct": false}}
{"type": "result", "data": {"idx": 56, "options": ["4", "5", "6", "7"], "probs": [[0.2785836755950817, 0.2294790744552015, 0.2770015895089667, 0.2149356603407501], [0.27271003747433403, 0.22807994012101296, 0.27528170979019617, 0.2239283125144568], [0.2741607088446532, 0.21864854961461014, 0.28568502832051773, 0.2215057131202189], [0.2644496976073742, 0.224400783653504, 0.28392104580786487, 0.22722847283125688]], "ideal": "B", "sampled": "A", "correct": false}}
{"type": "result", "data": {"idx": 57, "options": ["1 only", "2 only", "0 and 1 only", "0, 1, and 2 only"], "probs": [[0.29135916068261686, 0.20038163958544883, 0.249698121071196, 0.25856107856073834], [0.3108206437339598, 0.1928398488692302, 0.2964615865718136, 0.19987792072499636], [0.3157391547840999, 0.22884300348854453, 0.25057330725071475, 0.2048445343766408], [0.30925997166938557, 0.19978929458678735, 0.26238178422265673, 0.22856894942117037]], "ideal": "D", "sampled": "D", "correct": true}}
{"type": "result", "data": {"idx": 58, "options": ["2", "\u03c0", "4", "3\u03c0/2"], "probs": [[0.177096705245947, 0.2540198119636558, 0.2949869510228661, 0.2738965316675311], [0.1717759340467407, 0.2683072704083998, 0.2835915686630587, 0.27632522678180077], [0.16976273058147343, 0.25904381272586563, 0.29157170650427483, 0.2796217500883861], [0.1910972836095542, 0.263378016225643, 0.2742467738638224, 0.2712779262009804]], "ideal": "C", "sampled": "A", "correct": false}}
{"type": "result", "data": {"idx": 59, "options": ["9", "8", "0", "-5"], "probs": [[0.25604163071684855, 0.20890660826819565, 0.2409509276536002, 0.2941008332613556], [0.25638974856508734, 0.2107810323078717, 0.23376540392231104, 0.29906381510472985], [0.2356534380780411, 0.22305230129358944, 0.2552209122157904, 0.2860733483125791], [0.2467900365344259, 0.22449789939065903, 0.23394381997630043, 0.2947682439986146]], "ideal": "A", "sampled": "A", "correct": true}}
{"type": "result", "data": {"idx": 60, "options": ["None", "One", "Two", "Three"], "probs": [[0.20813172743427044, 0.3663053159599967, 0.2189393904744287, 0.2066235660313041], [0.2462308555595215, 0.3533690571431604, 0.19489996133285833, 0.20550012586445976], [0.2860893351460907, 0.291631404901658, 0.17968413499710403, 0.24259512485514725], [0.23305619107920195, 0.29549059709172837, 0.21682443045630076, 0.25462878127276894]], "ideal": "B", "sampled": "C", "correct": false}}
{"type": "result", "data": {"idx": 61, "options": ["20!/2^(10)", "10!/2^9", "10^(20) - 2^(10)", "10^(20) - 100"], "probs": [[0.2799187814933648, 0.2297360232321355, 0.25713076418657443, 0.23321443098792527], [0.21212007103229294, 0.24172790346112535, 0.2544798850758704, 0.2916721403307113], [0.2343453054543233, 0.24284533025645647, 0.2680483500100599, 0.2547610141791603], [0.24180683082040777, 0.25074205920910053, 0.2403342533020661, 0.2671168565684256]], "ideal": "A", "sampled": "A", "correct": true}}
{"type": "result", "data": {"idx": 62, "options": ["It is possible to place an linear order relation \u2264 on the complex numbers C such that (C, +, \u00d7, \u2264) is not an ordered field.", "It is possible to place a linear order relation on the complex numbers C which make (C, +, \u00d7, \u2264) an ordered field.", "Neither (a) nor (b)", "Both (a) and (b)."], "probs": [[0.3260124276846608, 0.23058250200554856, 0.15404508776845235, 0.28935998244133826], [0.29039376971201897, 0.22432686386249315, 0.18382565675327728, 0.30145370957221057], [0.27407675570374646, 0.240133222315539, 0.17531345521673614, 0.3104765666639784], [0.3953470646246364, 0.21338703054122649, 0.15253010617951296, 0.23873579855462415]], "ideal": "A", "sampled": "D", "correct": false}}
{"type": "result", "data": {"idx": 63, "options": ["1/4", "1/3", "1/2", "2/3"], "probs": [[0.3643466207278969, 0.22504207676202284, 0.21819435193400805, 0.19241695047607218], [0.3845990769746338, 0.23780665862298134, 0.18738745988763636, 0.1902068044147485], [0.3900317069507533, 0.22934428538604776, 0.18457103323792565, 0.19605297432527333], [0.35725072555025306, 0.21697038733235482, 0.2178781362833974, 0.20790075073399472]], "ideal": "D", "sampled": "C", "correct": false}}
{"type": "result", "data": {"idx": 64, "options": ["The integers under addition", "The nonzero integers under multiplication", "The nonzero real numbers under multiplication", "The complex numbers under addition"], "probs": [[0.28176790053160766, 0.19642044309171142, 0.21957426933872987, 0.30223738693795105], [0.2808627909526756, 0.19133135039672328, 0.21064452276408607, 0.31716133578651506], [0.24428838853015, 0.18844996671654732, 0.21152869180007497, 0.3557329528532277], [0.2674673835288352, 0.2091884345976203, 0.19737197750877494, 0.3259722042647696]], "ideal": "B", "sampled": "B", "correct": true}}
{"type": "result", "data": {"idx": 65, "options": ["4x + 6y", "x + y + 5", "9x + 4y", "4x - 9y"], "probs": [[0.2374017841935111, 0.2509922235361744, 0.22759732735281155, 0.284008664817503], [0.2345210576639339, 0.24347029261135766, 0.24150463576428077, 0.28050401386042767], [0.27465673050562467, 0.2601377847468986, 0.23554541605387677, 0.22966006859359997], [0.2415836268185844, 0.25973146764227006, 0.21381786144893217, 0.28486704399021334]], "ideal": "D", "sampled": "C", "correct": false}}
{"type": "result", "data": {"idx": 66, "options": ["0", "-2", "-sqrt(34)", "-sqrt(35)"], "probs": [[0.1776547431768146, 0.2365581393005324, 0.29293361303261156, 0.29285350439004143], [0.20964040484836602, 0.22880218112571382, 0.19149743589326373, 0.3700599780326564], [0.24084554251340284, 0.20831304476095722, 0.2192225423351866, 0.33161887029045334], [0.22887514996288114, 0.22105099760537683, 0.20359930974000304, 0.346474542591739]], "ideal": "C", "sampled": "C", "correct": true}}
{"type": "result", "data": {"idx": 67, "options": ["II only", "III only", "I and II only", "I and III only"], "probs": [[0.3231921291979455, 0.18569858923779392, 0.22476427924663112, 0.26634500221762947], [0.3291690945296136, 0.17974039910426412, 0.22026252744379407, 0.27082797882232823], [0.35257809299942405, 0.1647765885195289, 0.22272675563472202, 0.25991856274632497], [0.3200601637043374, 0.16651962695840755, 0.22085355220016653, 0.29256665703708856]], "ideal": "D", "sampled": "C", "correct": false}}
{"type": "result", "data": {"idx": 68, "options": ["\u03c0/3", "\u03c0/4", "\u03c0", "2\u03c0"], "probs": [[0.26780652997199866, 0.2448648214095345, 0.24246382710893233, 0.2448648214095345], [0.2682595172774897, 0.2650540093796437, 0.21757575218958214, 0.24911072105328447], [0.23827458560655088, 0.24672869967841404, 0.2480586282950145, 0.2669380863200206], [0.23724320882038916, 0.2697204689370156, 0.2394230550202178, 0.2536132671223774]], "ideal": "A", "sampled": "A", "correct": true}}
{"type": "result", "data": {"idx": 69, "options": ["Sunday", "Monday", "Tuesday", "Wednesday"], "probs": [[0.29503156413026727, 0.29257555485233505, 0.17511377444093687, 0.2372791064764608], [0.2655776142808458, 0.3123778998539398, 0.21831436453066644, 0.20373012123454795], [0.28238072988547347, 0.33784538504083095, 0.17002253232686218, 0.2097513526468334], [0.31154163276082847, 0.29066561350304687, 0.1765544931464148, 0.22123826048970988]], "ideal": "A", "sampled": "D", "correct": false}}
{"type": "result", "data": {"idx": 70, "options": ["\u221248/\u03c0 cm/min", "\u22124/(3\u03c0) cm/min", "\u22128/(3\u03c0) cm/min", "\u221216/(3\u03c0) cm/min"], "probs": [[0.25126215064211943, 0.240212850540314, 0.22386562154839068, 0.2846593771691759], [0.24750743803887076, 0.23669087884443393, 0.21707783637260222, 0.29872384664409307], [0.22819893399875635, 0.23573604575029086, 0.23387220848057744, 0.3021928116703753], [0.23075842855053255, 0.23854057488440247, 0.24808536467455516, 0.2826156317905098]], "ideal": "D", "sampled": "B", "correct": false}}
{"type": "result", "data": {"idx": 71, "options": ["The system is consistent.", "The system has infinitely many solutions.", "The sum of any two solutions is a solution.", "Every solution is a scalar multiple of (-5, 1, 1, 0)."], "probs": [[0.21172155209579124, 0.2134592064083267, 0.21093468133096646, 0.3638845600649156], [0.22685190018895152, 0.21204510871234034, 0.19994189439464405, 0.3611610966040641], [0.21364656088599923, 0.22223754224939032, 0.21358446774731069, 0.3505314290172998], [0.21106980109876294, 0.21924010753703846, 0.22383230255295755, 0.345857788711241]], "ideal": "D", "sampled": "B", "correct": false}}
{"type": "result", "data": {"idx": 72, "options": ["f(c)", "f(e^c)", "f(1/c)", "f(log c)"], "probs": [[0.2528326175432004, 0.1999672770305092, 0.19335081883298794, 0.35384928649330244], [0.25537605993697793, 0.18945737102650745, 0.1982367037214812, 0.35692986521503345], [0.2708227755226324, 0.20125838521755537, 0.21363485812352442, 0.31428398103628785], [0.2825742914311502, 0.21634395862537462, 0.17901639748956302, 0.32206535235391215]], "ideal": "D", "sampled": "A", "correct": false}}
{"type": "result", "data": {"idx": 73, "options": ["I only", "II only", "III only", "I and II only"], "probs": [[0.2758528291903255, 0.19282475111940467, 0.18330574033811473, 0.3480166792521551], [0.2852791376996478, 0.21972371127749374, 0.21189975193555982, 0.28309739898729863], [0.2994265138461685, 0.20659497119476572, 0.2086577390615743, 0.2853207757974915], [0.3195630562050997, 0.20849592670954586, 0.1825635107787151, 0.2893775062066393]], "ideal": "D", "sampled": "D", "correct": true}}
{"type": "result", "data": {"idx": 74, "options": ["1/(2e)", "1/e", "e^2/2", "2e"], "probs": [[0.23702961557267513, 0.2223032298805025, 0.24215010166950612, 0.29851705277731627], [0.23100573166393457, 0.22375987801340597, 0.24004668352657196, 0.3051877066960875], [0.23157858046297825, 0.2010523885601094, 0.22611880974054577, 0.3412502211363666], [0.21412991304238008, 0.21713230335228373, 0.2725561003495307, 0.2961816831558055]], "ideal": "C", "sampled": "B", "correct": false}}
{"type": "result", "data": {"idx": 75, "options": ["H = 50", "T >= 60", "51 <= H <= 55", "H >= 48 and T >= 48"], "probs": [[0.2292827550730715, 0.2074247927372573, 0.1933444468982061, 0.3699480051914651], [0.22689137674413032, 0.21422665670676583, 0.24180290870027946, 0.3170790577488244], [0.23387734938126542, 0.22106130748358055, 0.2381481414519244, 0.30691320158322966], [0.24803043899440014, 0.2239814847483767, 0.21212351320052836, 0.3158645629566948]], "ideal": "D", "sampled": "D", "correct": true}}
{"type": "result", "data": {"idx": 76, "options": ["True, True", "True, False", "False, True", "False, False"], "probs": [[0.36730338233920684, 0.21458289664575086, 0.17323521294158495, 0.24487850797345734], [0.4000603973438449, 0.19867753092399396, 0.16166799536214885, 0.2395940762700123], [0.40088877077862145, 0.18252760170064983, 0.18036840854271602, 0.2362152188780127], [0.3327178309120139, 0.23835004508570454, 0.19226082871033148, 0.23667129519195007]], "ideal": "D", "sampled": "B", "correct": false}}
{"type": "result", "data": {"idx": 77, "options": ["2", "1", "0", "-1"], "probs": [[0.299330106367633, 0.28119458907431, 0.17895683111079602, 0.24051847334726098], [0.2991322830149572, 0.26817914441259405, 0.18448014280619968, 0.24820842966624904], [0.2740965321924454, 0.2786139381479398, 0.19757823956550832, 0.24971128999410652], [0.26956596967862506, 0.28471839425100814, 0.19258415697079284, 0.25313147899957394]], "ideal": "C", "sampled": "A", "correct": false}}
