{"type": "result", "data": {"idx": 0, "options": ["True, True", "False, False", "True, False", "False, True"], "probs": [[0.24115592186160859, 0.2386995696007668, 0.21353980679402032, 0.3066047016436043], [0.20171779104348211, 0.20929327362430916, 0.23238979172706045, 0.35659914350514826], [0.28113634695959, 0.22379583274297118, 0.21639880736101483, 0.278669012836424], [0.24605105058030605, 0.22519918455015248, 0.2106352063992152, 0.31811455837032626]], "ideal": "D", "sampled": "A", "correct": false}}
{"type": "result", "data": {"idx": 1, "options": ["True, True", "False, False", "True, False", "False, True"], "probs": [[0.2396261429491347, 0.2411917781766231, 0.22779037395509627, 0.2913917048191459], [0.1983891396556078, 0.22991603490890858, 0.2419163430637404, 0.32977848227174317], [0.28482686612342134, 0.23770150820780325, 0.22782236542676296, 0.24964926014201244], [0.2410033046958246, 0.24639865753570864, 0.2148904204153701, 0.2977076172530967]], "ideal": "C", "sampled": "A", "correct": false}}
{"type": "result", "data": {"idx": 2, "options": ["True, True", "False, False", "True, False", "False, True"], "probs": [[0.27394433990527556, 0.22094319100127954, 0.21716640240266644, 0.2879460665907784], [0.24154182085526205, 0.201130837266213, 0.23068051266453404, 0.3266468291139909], [0.3157470916118509, 0.21466170888964603, 0.2110639128194958, 0.2585272865790073], [0.2917704625399772, 0.2176799955400701, 0.19768348628814303, 0.2928660555318097]], "ideal": "B", "sampled": "A", "correct": false}}
{"type": "result", "data": {"idx": 3, "options": ["12", "24", "48", "72"], "probs": [[0.2717094461602872, 0.23281269120052922, 0.22286281319509754, 0.27261504934408604], [0.2591479497634886, 0.22217100028471704, 0.2193376338065165, 0.2993434160452779], [0.27689793703171267, 0.23375736174630046, 0.20695407686548165, 0.2823906242565052], [0.25635374735803723, 0.22320231300754925, 0.24219430573221412, 0.27824963380219936]], "ideal": "D", "sampled": "B", "correct": false}}
{"type": "result", "data": {"idx": 4, "options": ["convolutional networks", "graph networks", "fully connected networks", "RBF networks"], "probs": [[0.5275419353911239, 0.17014917729583603, 0.16347616909299686, 0.1388327181200431], [0.1891864594385521, 0.195781445357934, 0.20045480727500298, 0.41457728782851094], [0.14997007174735724, 0.1755164291611099, 0.4724606941534588, 0.20205280483807403], [0.24739225206285384, 0.4559535383722208, 0.17401266096282333, 0.12264154850210199]], "ideal": "A", "sampled": "A", "correct": true}}
{"type": "result", "data": {"idx": 5, "options": ["True, True", "False, False", "True, False", "False, True"], "probs": [[0.24096818265889422, 0.23989340660557304, 0.23503409323726165, 0.2841043173982711], [0.21170559838838676, 0.2175031932598882, 0.24476327364326558, 0.32602793460845947], [0.2842978877185285, 0.22422218654628778, 0.23026116533154112, 0.2612187603036426], [0.2534950039506528, 0.22625937718484135, 0.22114605869903944, 0.2990995600654664]], "ideal": "B", "sampled": "C", "correct": false}}
{"type": "result", "data": {"idx": 6, "options": ["O(D)", "O(N)", "O(ND)", "O(ND^2)"], "probs": [[0.2888395189950113, 0.21138933298858092, 0.17296588419138262, 0.32680526372502516], [0.29194904175841146, 0.2274201193656506, 0.19800816489205308, 0.2826226738838849], [0.32809034964410844, 0.20868367576549796, 0.1505991563228914, 0.3126268181675022], [0.3223217677401776, 0.20815522656512062, 0.16247990483685898, 0.3070431007578428]], "ideal": "A", "sampled": "D", "correct": false}}
{"type": "result", "data": {"idx": 7, "options": ["True, True", "False, False", "True, False", "False, True"], "probs": [[0.22826545067737003, 0.23812188276521057, 0.24846915907347075, 0.2851435073839486], [0.1965620099789337, 0.22141513556136555, 0.2612905540993372, 0.32073230026036353], [0.2592306318963831, 0.2314429775494021, 0.2490609325639275, 0.26026545789028727], [0.23121646044326324, 0.23357258734751524, 0.23220793900551914, 0.30300301310370237]], "ideal": "B", "sampled": "C", "correct": false}}
{"type": "result", "data": {"idx": 8, "options": ["2", "4", "8", "16"], "probs": [[0.27371924297101224, 0.25750365083313914, 0.1863419357846023, 0.2824351703112464], [0.2745981636934235, 0.24279857764789967, 0.19006725503394373, 0.2925360035247331], [0.2264136806746615, 0.24528056352550096, 0.2279956625469416, 0.300310093152896], [0.23906783400964451, 0.26704004006337945, 0.19627898637062025, 0.29761313945635576]], "ideal": "C", "sampled": "A", "correct": false}}
{"type": "result", "data": {"idx": 9, "options": ["Lower variance", "Higher variance", "Same variance", "None of the above"], "probs": [[0.36345691299040955, 0.2698734837575998, 0.14569537961841728, 0.22097422353357335], [0.29117995497652777, 0.24898253378762464, 0.13882856069607044, 0.3210089504397772], [0.1279730146975258, 0.1718660124864681, 0.4109137065978488, 0.28924726611815726], [0.1934611859667025, 0.294880257746284, 0.25857059989203457, 0.25308795629497893]], "ideal": "A", "sampled": "A", "correct": true}}
{"type": "result", "data": {"idx": 10, "options": ["True, True", "False, False", "True, False", "False, True"], "probs": [[0.278525356600526, 0.1990962654018425, 0.21993206766927434, 0.3024463102283571], [0.24531583119985284, 0.18384377382580147, 0.2336483413693856, 0.33719205350496007], [0.3112523052158331, 0.19035168557503734, 0.21369229891822536, 0.28470371019090424], [0.2739846028416174, 0.19278449733759837, 0.21630219468390988, 0.31692870503687437]], "ideal": "A", "sampled": "C", "correct": false}}
{"type": "result", "data": {"idx": 11, "options": ["good fitting", "overfitting", "underfitting", "all of the above"], "probs": [[0.15145836317638836, 0.46649147665331475, 0.12809694920400466, 0.25395321086629224], [0.2932361189289041, 0.31185657904268577, 0.1902930026881539, 0.20461429924025623], [0.20019976494396802, 0.2530299983214132, 0.15414243705307143, 0.39262779958154737], [0.1188169730207805, 0.24723172386035058, 0.36174638169199264, 0.2722049213268763]], "ideal": "C", "sampled": "B", "correct": false}}
{"type": "result", "data": {"idx": 12, "options": ["True, True", "False, False", "True, False", "False, True"], "probs": [[0.2517869770275099, 0.2268271744024424, 0.2256306111586961, 0.2957552373113516], [0.20933066306405076, 0.21733044085713507, 0.22614192960385066, 0.3471969663749635], [0.2823401731319043, 0.22111165850799983, 0.23404766965623203, 0.2625004986038638], [0.2558693847419844, 0.2456253581155282, 0.19290744968947723, 0.3055978073530102]], "ideal": "A", "sampled": "A", "correct": true}}
{"type": "result", "data": {"idx": 13, "options": ["True, True", "False, False", "True, False", "False, True"], "probs": [[0.25626726790485405, 0.2277106540700778, 0.21963283925693558, 0.29638923866813255], [0.22554061150591126, 0.21334633546940374, 0.22568534648672936, 0.3354277064379556], [0.30167130082319404, 0.22244029076319216, 0.2080374986922947, 0.2678509096213191], [0.2570004982393131, 0.22137148016350627, 0.20980329184212462, 0.311824729655056]], "ideal": "B", "sampled": "C", "correct": false}}
{"type": "result", "data": {"idx": 14, "options": ["pure", "not pure", "useful", "useless"], "probs": [[0.2897749033213431, 0.24449939261910286, 0.19711480130116324, 0.2686109026583908], [0.2503825351231492, 0.21183718107497726, 0.14787430619089334, 0.3899059775109802], [0.2885649289964636, 0.21081725389092767, 0.1710565737033666, 0.3295612433092421], [0.2355586894778078, 0.2154727747539116, 0.18793595205239913, 0.3610325836158815]], "ideal": "B", "sampled": "A", "correct": false}}
{"type": "result", "data": {"idx": 15, "options": ["True, True", "False, False", "True, False", "False, True"], "probs": [[0.25603060385822346, 0.24610051533499935, 0.2149418315111134, 0.2829270491956638], [0.2209832882953224, 0.2260541386990436, 0.2342543522557117, 0.31870822064992227], [0.30172798933731193, 0.23670647251344376, 0.20989120629986907, 0.25167433174937526], [0.2655356307221842, 0.23970653828687122, 0.20580106094808898, 0.2889567699428556]], "ideal": "B", "sampled": "C", "correct": false}}
{"type": "result", "data": {"idx": 16, "options": ["This feature has a strong effect on the model (should be retained)", "This feature does not have a strong effect on the model (should be ignored)", "It is not possible to comment on the importance of this feature without additional information", "Nothing can be determined."], "probs": [[0.6046042576856756, 0.20634532433946767, 0.08081494451582547, 0.10823547335903129], [0.17163765172974033, 0.18717477934910523, 0.19343000360238416, 0.44775756521877025], [0.11009814343026174, 0.16847374657033043, 0.46891077300141804, 0.2525173368979898], [0.22433866223925095, 0.5278794686284362, 0.12758159446063966, 0.1202002745716732]], "ideal": "C", "sampled": "A", "correct": false}}
{"type": "result", "data": {"idx": 17, "options": ["The number of hidden nodes", "The learning rate", "The initial choice of weights", "The use of a constant-term unit input"], "probs": [[0.28686032966723435, 0.26616521080662237, 0.22424490901105823, 0.22272955041508505], [0.23579010365035594, 0.29000821706732793, 0.2137219309593102, 0.26047974822300596], [0.2819902728519813, 0.2785863411990564, 0.2150915434686895, 0.22433184238027282], [0.28104087707570147, 0.30005320903638566, 0.18477435408174991, 0.23413155970616295]], "ideal": "A", "sampled": "A", "correct": true}}
{"type": "result", "data": {"idx": 18, "options": ["The polynomial degree", "Whether we learn the weights by matrix inversion or gradient descent", "The assumed variance of the Gaussian noise", "The use of a constant-term unit input"], "probs": [[0.3035250215368425, 0.2697858133706133, 0.18984150318865461, 0.23684766180388955], [0.21287111714565626, 0.24494482544266438, 0.22165466673867654, 0.3205293905730028], [0.33081945751155395, 0.24539355144969374, 0.2100977638241148, 0.21368922711463748], [0.3515426322926, 0.2732244513126511, 0.17942652639223547, 0.1958063899025134]], "ideal": "A", "sampled": "A", "correct": true}}
{"type": "result", "data": {"idx": 19, "options": ["True, True", "False, False", "True, False", "False, True"], "probs": [[0.25024646891008456, 0.22234848470771804, 0.22330619725298306, 0.3040988490292143], [0.21743405381200706, 0.20570503743744528, 0.23751847871915407, 0.3393424299313936], [0.28598312392900954, 0.21755667677005164, 0.22535418643349478, 0.271106012767444], [0.24337855341650944, 0.21967245963511262, 0.21700182878293922, 0.3199471580654387]], "ideal": "A", "sampled": "C", "correct": false}}
{"type": "result", "data": {"idx": 20, "options": ["Requires the dimension of the feature space to be no bigger than the number of samples", "Has the smallest value of the objective function when K = 1", "Minimizes the within class variance for a given number of clusters", "Converges to the global optimum if and only if the initial means are chosen as some of the samples themselves"], "probs": [[0.24550189441225467, 0.213904056138822, 0.3022542640600483, 0.238339785288875], [0.25741833829419064, 0.28348041000333435, 0.23161629185172827, 0.2274849597507467], [0.3638756653972776, 0.2079558248338272, 0.19265765291566378, 0.23551085675323138], [0.2645686943435952, 0.21686973321861144, 0.2314767161220315, 0.28708485621576185]], "ideal": "C", "sampled": "C", "correct": true}}
{"type": "result", "data": {"idx": 21, "options": ["True, True", "False, False", "True, False", "False, True"], "probs": [[0.24602046996783578, 0.23638667597254526, 0.19471319637527634, 0.3228796575843426], [0.2174008404216577, 0.2121411475965178, 0.20391098270496044, 0.36654702917686405], [0.2704171497787254, 0.22942167176363923, 0.20098142024382676, 0.29917975811380865], [0.2284083000071433, 0.22278028060412983, 0.1981420755741915, 0.3506693437145354]], "ideal": "A", "sampled": "A", "correct": true}}
{"type": "result", "data": {"idx": 22, "options": ["0", "1", "2", "3"], "probs": [[0.26074747025586803, 0.3050955922625023, 0.20376329729198162, 0.230393640089648], [0.3282546850000779, 0.25976033835076934, 0.19981428085589747, 0.21217069569325536], [0.3620235323543921, 0.2567249238234333, 0.17160761354637682, 0.2096439301757977], [0.325038641658704, 0.21328011152995677, 0.20416915414675837, 0.2575120925645808]], "ideal": "B", "sampled": "C", "correct": false}}
{"type": "result", "data": {"idx": 23, "options": ["True, True", "False, False", "True, False", "False, True"], "probs": [[0.29289075292861, 0.22358910404012225, 0.18425419650240682, 0.29926594642886095], [0.24882920825464355, 0.20196708146600104, 0.20675182956630248, 0.34245188061305293], [0.33586947627893754, 0.20615569676583415, 0.17778085965140927, 0.280193967203819], [0.3009974331254458, 0.21223399448364508, 0.17444568940257207, 0.312322882888337]], "ideal": "C", "sampled": "C", "correct": true}}
{"type": "result", "data": {"idx": 24, "options": ["Decision Trees", "Density-based clustering", "Model-based clustering", "K-means clustering"], "probs": [[0.25019193438745824, 0.24014944551419132, 0.22358504601820764, 0.28607357398014277], [0.3041015150303434, 0.20624084507792176, 0.2982181190084095, 0.19143952078332535], [0.39459032992322157, 0.33389602103160776, 0.13180403802877, 0.13970961091640063], [0.4089501438782429, 0.20985258800892703, 0.18917996897623637, 0.19201729903659365]], "ideal": "B", "sampled": "D", "correct": false}}
{"type": "result", "data": {"idx": 25, "options": ["True, True", "False, False", "True, False", "False, True"], "probs": [[0.24518251416615558, 0.23472838101423926, 0.2330988496308878, 0.28699025508871734], [0.20722745101927406, 0.21807096706063178, 0.25265707088906664, 0.32204451093102754], [0.2768804728707952, 0.23403444883867236, 0.23244649169504758, 0.2566385864954848], [0.24165210845593388, 0.23127677233519364, 0.22576077952990686, 0.3013103395789656]], "ideal": "A", "sampled": "A", "correct": true}}
{"type": "result", "data": {"idx": 26, "options": ["they are biased", "they have high variance", "they are not consistent estimators", "None of the above"], "probs": [[0.2853881716442822, 0.253791958068264, 0.1557426452480976, 0.3050772249393562], [0.2710958026894885, 0.23744039514077514, 0.15804347081715975, 0.3334203312525766], [0.20173504946598678, 0.23413172361893606, 0.2734042703831973, 0.29072895643187985], [0.17995765535287067, 0.31355982548498973, 0.21754832239436708, 0.28893419666777254]], "ideal": "B", "sampled": "A", "correct": false}}
{"type": "result", "data": {"idx": 27, "options": ["linear in D", "linear in N", "polynomial in D", "dependent on the number of iterations"], "probs": [[0.25750949976253334, 0.20998731253431438, 0.23159426448413428, 0.300908923119018], [0.3077943920781378, 0.204771190861252, 0.16017732022591036, 0.3272570967346998], [0.29244531505366234, 0.2138613557837735, 0.1924216684099091, 0.3012716606526551], [0.2438213905011922, 0.1989103526652309, 0.16828227027024412, 0.38898598646333277]], "ideal": "C", "sampled": "C", "correct": true}}
{"type": "result", "data": {"idx": 28, "options": ["Increase bias", "Decrease bias", "Increase variance", "Decrease variance"], "probs": [[0.33260793983852993, 0.31668473851413353, 0.16347078246609298, 0.18723653908124357], [0.38160014854428964, 0.24950489402273335, 0.1792012644110969, 0.18969369292188012], [0.3548725352788502, 0.27553049548286107, 0.1714666834739249, 0.19813028566436383], [0.2884789108941563, 0.23820590970518332, 0.2612569033838322, 0.21205827591682821]], "ideal": "D", "sampled": "B", "correct": false}}
{"type": "result", "data": {"idx": 29, "options": ["Best-subset selection", "Forward stepwise selection", "Forward stage wise selection", "All of the above"], "probs": [[0.23338552959335218, 0.23827209711266883, 0.1810178878570694, 0.34732448533690957], [0.287950115415711, 0.2513880020998263, 0.23136657929938417, 0.22929530308507853], [0.29344193018845627, 0.2684406717878561, 0.20481451464078637, 0.2333028832829013], [0.27092701597673974, 0.28534749572623613, 0.21062237336052822, 0.2331031148364959]], "ideal": "C", "sampled": "D", "correct": false}}
{"type": "result", "data": {"idx": 30, "options": ["Optimize a convex objective function", "Can only be trained with stochastic gradient descent", "Can use a mix of different activation functions", "None of the above"], "probs": [[0.3907812716933335, 0.18839054736427424, 0.12014832733418113, 0.30067985350821114], [0.348562761425563, 0.2129348123038796, 0.12949562982684493, 0.30900679634371253], [0.4245975802979367, 0.17414333703013293, 0.1616848928327803, 0.23957418973915], [0.2665700018139344, 0.22930090127082448, 0.17087803779323782, 0.33325105902200325]], "ideal": "C", "sampled": "C", "correct": true}}
{"type": "result", "data": {"idx": 31, "options": ["0.0368", "0.473", "0.078", "None of the above"], "probs": [[0.2775739215803903, 0.234093136587967, 0.1974176227079391, 0.2909153190237036], [0.2474265917121281, 0.21891351694401995, 0.17885530526206395, 0.354804585981788], [0.14818808876546777, 0.16045392036186237, 0.3568841026928007, 0.33447388807986916], [0.15958393094088005, 0.30834407530157104, 0.27681381332531513, 0.2552581803322338]], "ideal": "C", "sampled": "A", "correct": false}}
{"type": "result", "data": {"idx": 32, "options": ["True, True", "False, False", "True, False", "False, True"], "probs": [[0.2750882897185156, 0.2055758382490458, 0.23834699104227908, 0.2809888808901595], [0.23119300946059076, 0.19277702557270707, 0.25295606629935663, 0.32307389856734553], [0.31183405778168444, 0.2088521358504019, 0.23114403391123936, 0.2481697723566743], [0.26082962748780253, 0.20423619447096278, 0.23282398281153358, 0.3021101951297011]], "ideal": "B", "sampled": "C", "correct": false}}
{"type": "result", "data": {"idx": 33, "options": ["It can not be applied to non-differentiable functions.", "It can not be applied to non-continuous functions.", "It is hard to implement.", "It runs reasonably slow for multiple linear regression."], "probs": [[0.22985799950831307, 0.3037435457364493, 0.16972813261433103, 0.29667032204090654], [0.2177238431694364, 0.316106523301782, 0.17151249687875064, 0.2946571365500309], [0.2016253709107067, 0.3213198684931386, 0.1770921296570792, 0.2999626308390755], [0.22105177074027535, 0.32479990009397575, 0.1601730012759283, 0.2939753277898206]], "ideal": "D", "sampled": "A", "correct": false}}
{"type": "result", "data": {"idx": 34, "options": ["Supervised learning", "Unsupervised learning", "Clustering", "None of the above"], "probs": [[0.43703194797091455, 0.2543275020117422, 0.1304727475144217, 0.17816780240292152], [0.24622501041028863, 0.23645661335860202, 0.16568561637319554, 0.3516327597579138], [0.2318162872477348, 0.19350621967345566, 0.2873387464894048, 0.2873387464894048], [0.2775422201798309, 0.32161380774225173, 0.19582540962081368, 0.20501856235710372]], "ideal": "A", "sampled": "A", "correct": true}}
{"type": "result", "data": {"idx": 35, "options": ["It relates inputs to outputs.", "It is used for prediction.", "It may be used for interpretation.", "It discovers causal relationships"], "probs": [[0.21646645017883803, 0.23669453747604036, 0.22637414255339716, 0.32046486969172444], [0.22598072404303612, 0.24982006472026824, 0.2348013624970371, 0.28939784863965856], [0.2126526895743354, 0.24910745764588094, 0.22212088767813365, 0.31611896500165004], [0.2077222584319672, 0.2798900264238069, 0.20384382895809708, 0.3085438860861288]], "ideal": "D", "sampled": "D", "correct": true}}
{"type": "result", "data": {"idx": 36, "options": ["To save computing time during testing", "To save space for storing the Decision Tree", "To make the training set error smaller", "To avoid overfitting the training set"], "probs": [[0.2523931785452345, 0.2624752443028699, 0.1998767793015404, 0.28525479775035517], [0.24606926713326163, 0.2763858900023813, 0.2579961572625227, 0.21954868550183437], [0.33412534741976474, 0.3763701701466661, 0.11955932793820861, 0.16994515439536048], [0.5462836311508218, 0.19616089292238223, 0.09968559217796615, 0.15786988364882984]], "ideal": "D", "sampled": "D", "correct": true}}
{"type": "result", "data": {"idx": 37, "options": ["True, True", "False, False", "True, False", "False, True"], "probs": [[0.2660074154466394, 0.24802070114454863, 0.21473815395061088, 0.27123372935820106], [0.22311561139849287, 0.2320472632421556, 0.23806140179133115, 0.30677572346802034], [0.3068644495557184, 0.23738589097825755, 0.21194774541963834, 0.2438019139463857], [0.2556871917178533, 0.2419709865822228, 0.21580016814695474, 0.28654165345296917]], "ideal": "B", "sampled": "C", "correct": false}}
{"type": "result", "data": {"idx": 38, "options": ["Increase the amount of training data.", "Improve the optimisation algorithm being used for error minimisation.", "Decrease the model complexity.", "Reduce the noise in the training data."], "probs": [[0.1740304652571922, 0.27426194733228554, 0.2813489692920883, 0.27035861801843397], [0.19817290003363763, 0.31252968773890044, 0.24196802437818354, 0.24732938774927837], [0.2126860704004846, 0.27776431206773716, 0.24434799715376218, 0.265201620278016], [0.18119665978527083, 0.276694923611628, 0.2425691485162399, 0.29953926798686126]], "ideal": "B", "sampled": "C", "correct": false}}
{"type": "result", "data": {"idx": 39, "options": ["True, True", "False, False", "True, False", "False, True"], "probs": [[0.2703840393990493, 0.23715446533641246, 0.21943369178613595, 0.27302780337840227], [0.2168776425037116, 0.22267113955582407, 0.23639214388736698, 0.3240590739530973], [0.3126609576529385, 0.2278141792216448, 0.22095927264627657, 0.23856559037914013], [0.27003315490813545, 0.2371509408289112, 0.20225249530218842, 0.290563408860765]], "ideal": "A", "sampled": "A", "correct": true}}
{"type": "result", "data": {"idx": 40, "options": ["For two dimensional data points, the separating hyperplane learnt by a linear SVM will be a straight line.", "In theory, a Gaussian kernel SVM cannot model any complex separating hyperplane.", "For every kernel function used in a SVM, one can obtain an equivalent closed form basis expansion.", "Overfitting in an SVM is not a function of number of support vectors."], "probs": [[0.4985461830594288, 0.17799864707597302, 0.1325983106957398, 0.19085685906885835], [0.47477732518864385, 0.1842677349939774, 0.13519062503388526, 0.2057643146834935], [0.48648304386661184, 0.1806461647453685, 0.13759025464993596, 0.19528053663808373], [0.47250363930065514, 0.18812510649655192, 0.13466423949242418, 0.20470701461036875]], "ideal": "A", "sampled": "A", "correct": true}}
{"type": "result", "data": {"idx": 41, "options": ["P(H, U, P, W) = P(H) * P(W) * P(P) * P(U)", "P(H, U, P, W) = P(H) * P(W) * P(P | W) * P(W | H, P)", "P(H, U, P, W) = P(H) * P(W) * P(P | W) * P(U | H, P)", "None of the above"], "probs": [[0.24530880881803302, 0.2784317516534772, 0.21080239743277615, 0.26545704199571357], [0.23337849972298477, 0.18832543490433945, 0.17981323598017235, 0.3984828292925034], [0.15828191760739613, 0.17459824159192752, 0.23520927917961745, 0.4319105615210589], [0.10619684861565076, 0.19299602023051524, 0.28577058014689766, 0.4150365509069363]], "ideal": "C", "sampled": "B", "correct": false}}
{"type": "result", "data": {"idx": 42, "options": ["True, True", "False, False", "True, False", "False, True"], "probs": [[0.29097623063658956, 0.20716061004654138, 0.22360530826605438, 0.2782578509508147], [0.2649580200502854, 0.18865139499429742, 0.23054906380033116, 0.315841521055086], [0.33033189666442686, 0.20464514498817615, 0.21099004461726717, 0.2540329136301298], [0.29431015688680223, 0.20142314136134704, 0.20917205822122587, 0.29509464343062486]], "ideal": "B", "sampled": "C", "correct": false}}
{"type": "result", "data": {"idx": 43, "options": ["True, True", "False, False", "True, False", "False, True"], "probs": [[0.2727714004588673, 0.21374186336683024, 0.24447269338037747, 0.269014042693925], [0.2369065739331223, 0.19773288380714507, 0.2599714541192285, 0.3053890880405041], [0.3105411184933018, 0.2083631871676223, 0.2497788183174274, 0.23131687592164848], [0.2849198452134192, 0.2165234736945706, 0.22168340285810975, 0.27687327813390045]], "ideal": "B", "sampled": "A", "correct": false}}
{"type": "result", "data": {"idx": 44, "options": ["Stochastic Gradient Descent", "Mini-Batch Gradient Descent", "Batch Gradient Descent", "All of the above"], "probs": [[0.24107780331710796, 0.2909347625997371, 0.15360164183029404, 0.3143857921528609], [0.21963021156975757, 0.2912998497194815, 0.20695057509260145, 0.2821193635181595], [0.18777527843697822, 0.2820603465137844, 0.3105927910913537, 0.2195715838578837], [0.2430680764392756, 0.3765884153641699, 0.17270364380252798, 0.2076398642940265]], "ideal": "D", "sampled": "A", "correct": false}}
{"type": "result", "data": {"idx": 45, "options": ["Decreases model bias", "Decreases estimation bias", "Decreases variance", "Doesn\u2019t affect bias and variance"], "probs": [[0.37847341795087397, 0.28991113406103614, 0.1471003359602963, 0.18451511192779355], [0.4005128025837334, 0.2750671330594339, 0.1321969985321736, 0.1922230657246591], [0.2854712477575316, 0.2852106264599279, 0.21375003989510877, 0.21556808578743175], [0.23422459557621111, 0.3461955086184398, 0.1992753386514188, 0.22030455705393026]], "ideal": "A", "sampled": "A", "correct": true}}
{"type": "result", "data": {"idx": 46, "options": ["3", "4", "7", "15"], "probs": [[0.26578525498191796, 0.2277277626682411, 0.21470757466516302, 0.2917794075846779], [0.26804274717336807, 0.22966428440992584, 0.20339739623714118, 0.2988955720795649], [0.2135683266073233, 0.20089684125415924, 0.2844534175639994, 0.301081414474518], [0.23638318395534746, 0.25994198080932324, 0.2231836451774362, 0.28049118995789313]], "ideal": "D", "sampled": "A", "correct": false}}
{"type": "result", "data": {"idx": 47, "options": ["anomaly detection", "one-class detection", "train-test mismatch robustness", "background detection"], "probs": [[0.33571483681078823, 0.3204832577240878, 0.15739772743207614, 0.1864041779330478], [0.21514959631198877, 0.2259751558077858, 0.20095218716042387, 0.35792306061980156], [0.1677812908752672, 0.21900371878633756, 0.42525526243285683, 0.1879597278055384], [0.2961963823214652, 0.4248176076888012, 0.15515308658542487, 0.12383292330430865]], "ideal": "A", "sampled": "A", "correct": true}}
{"type": "result", "data": {"idx": 48, "options": ["True, True", "False, False", "True, False", "False, True"], "probs": [[0.2987532272821944, 0.22750687257895402, 0.2166776475588717, 0.2570622524799799], [0.2501232996369608, 0.21594089911032682, 0.22521353436880837, 0.308722266783904], [0.34203166785490513, 0.22656012254357077, 0.20564933732030669, 0.2257588721812174], [0.30156375322740525, 0.22965181898197964, 0.19259115422488757, 0.27619327346572753]], "ideal": "D", "sampled": "C", "correct": false}}
{"type": "result", "data": {"idx": 49, "options": ["True, True", "False, False", "True, False", "False, True"], "probs": [[0.27168364544552115, 0.2065475824215506, 0.22137800846469974, 0.3003907635682285], [0.2352978394078383, 0.19049591675712696, 0.234707440473843, 0.3394988032611917], [0.3037817938121553, 0.20401435176413993, 0.22197056312261063, 0.27023329120109413], [0.2608351668330192, 0.19832265079537673, 0.21897993653342893, 0.3218622457381751]], "ideal": "D", "sampled": "C", "correct": false}}
{"type": "result", "data": {"idx": 50, "options": ["O(1)", "O( N )", "O(log N )", "O( N^2 )"], "probs": [[0.30420695565322525, 0.2904509776809026, 0.20163622208225326, 0.2037058444836189], [0.37312614914023867, 0.27265796062603925, 0.1595964282591487, 0.19461946187457338], [0.3685035352263373, 0.19411802000670547, 0.17848928004969505, 0.2588891646172622], [0.3580958140105789, 0.22386091278159423, 0.1997572719923393, 0.2182860011154876]], "ideal": "B", "sampled": "B", "correct": true}}
{"type": "result", "data": {"idx": 51, "options": ["True, True", "False, False", "True, False", "False, True"], "probs": [[0.2548819964176942, 0.2129210734338744, 0.21757174053526937, 0.31462518951316204], [0.214135611667779, 0.1904928471177841, 0.23410234899425525, 0.3612691921201816], [0.2840196703382527, 0.20963721840558516, 0.22429504319883428, 0.28204806795732784], [0.2456513235181196, 0.20528355811196106, 0.21585701929003523, 0.3332080989798841]], "ideal": "A", "sampled": "A", "correct": true}}
{"type": "result", "data": {"idx": 52, "options": ["True, True", "False, False", "True, False", "False, True"], "probs": [[0.23801318944080965, 0.21443906104746258, 0.23057609450633132, 0.31697165490539647], [0.20373902026372775, 0.1925290702467714, 0.24933645498250703, 0.35439545440699377], [0.2622085692229068, 0.20533960137670018, 0.24252736971959943, 0.28992445958079355], [0.23600707159087547, 0.20603347436613265, 0.22829375349067826, 0.3296657004523136]], "ideal": "D", "sampled": "A", "correct": false}}
{"type": "result", "data": {"idx": 53, "options": ["Is unbounded, encompassing all real numbers.", "Is unbounded, encompassing all integers.", "Is bounded between 0 and 1.", "Is bounded between -1 and 1."], "probs": [[0.0945209034100954, 0.18523788312283082, 0.5542111354943392, 0.16603007787273455], [0.1592503142421046, 0.6412670420581467, 0.07914697887264037, 0.12033566472710835], [0.536510010625043, 0.20086518676303303, 0.12025057971208485, 0.14237422279983908], [0.394808429594839, 0.2477309629749593, 0.1173358673533922, 0.24012473997680947]], "ideal": "C", "sampled": "C", "correct": true}}
{"type": "result", "data": {"idx": 54, "options": ["Linear hard-margin SVM.", "Linear Logistic Regression.", "Linear Soft margin SVM.", "The centroid method."], "probs": [[0.3397340178149951, 0.2909400760836532, 0.17476989327113537, 0.19455601273021633], [0.3952534378594253, 0.267963878248244, 0.1336447258563887, 0.20313795793594194], [0.3445315607362438, 0.26444932421708084, 0.17735081645040218, 0.2136682984962731], [0.3040605711678019, 0.2996555789748868, 0.18585653495841342, 0.2104273147988978]], "ideal": "A", "sampled": "B", "correct": false}}
{"type": "result", "data": {"idx": 55, "options": ["Partitioning based clustering", "K-means clustering", "Grid based clustering", "All of the above"], "probs": [[0.2764572152031663, 0.2533532607319853, 0.13429282314860397, 0.3358967008162445], [0.2867203140925509, 0.23971593081670461, 0.20614130747184264, 0.2674224475189018], [0.28255870935475497, 0.2846609353734504, 0.1655561327768709, 0.2672242223949237], [0.3131473157434633, 0.2571729199978707, 0.19192980799930687, 0.2377499561593592]], "ideal": "D", "sampled": "D", "correct": true}}
{"type": "result", "data": {"idx": 56, "options": ["True, True", "False, False", "True, False", "False, True"], "probs": [[0.2726960181917245, 0.2163460850499291, 0.23735821244727248, 0.2735996842110739], [0.2338960905971335, 0.20074930491521975, 0.24895086875755779, 0.31640373563008894], [0.318710058895665, 0.2063900828155121, 0.23350295422126335, 0.24139690396755953], [0.28649063614913056, 0.2067966070506333, 0.21927267820701676, 0.2874400784932194]], "ideal": "D", "sampled": "C", "correct": false}}
{"type": "result", "data": {"idx": 57, "options": ["True, True", "False, False", "True, False", "False, True"], "probs": [[0.27373983637516636, 0.22159823112661267, 0.21605240652628666, 0.28860952587193434], [0.2241629726711156, 0.19936578567912652, 0.23775272777542358, 0.33871851377433426], [0.3076347318688934, 0.20663412787534366, 0.22099515134880876, 0.26473598880695415], [0.2667671878805906, 0.20932252945460592, 0.21015988525673895, 0.31375039730806453]], "ideal": "D", "sampled": "A", "correct": false}}
{"type": "result", "data": {"idx": 58, "options": ["P(E, F), P(H), P(E|H), P(F|H)", "P(E, F), P(H), P(E, F|H)", "P(H), P(E|H), P(F|H)", "P(E, F), P(E|H), P(F|H)"], "probs": [[0.2769204634609991, 0.24609586227316582, 0.20244387978609715, 0.27453979437973797], [0.2359720389598682, 0.2302297422128087, 0.24286907142562086, 0.2909291473017022], [0.273282319279999, 0.2543160021050768, 0.22973167893973434, 0.24266999957518978], [0.2851925960556912, 0.2572099749243851, 0.20830096861271874, 0.249296460307205]], "ideal": "B", "sampled": "D", "correct": false}}
{"type": "result", "data": {"idx": 59, "options": ["The use of sampling with replacement as the sampling technique", "The use of weak classifiers", "The use of classification algorithms which are not prone to overfitting", "The practice of validation performed on every classifier trained"], "probs": [[0.30140137669410305, 0.3092087506938716, 0.18063686786275754, 0.20875300464926783], [0.4495437181696557, 0.2134095589163248, 0.11698561287139336, 0.22006110994262612], [0.26159473861231997, 0.21831670075980128, 0.17633621130109453, 0.3437523492267842], [0.1996674120176951, 0.2352642749799109, 0.21194503024999337, 0.3531232826524006]], "ideal": "B", "sampled": "B", "correct": true}}
{"type": "result", "data": {"idx": 60, "options": ["True, True", "False, False", "True, False", "False, True"], "probs": [[0.3076198834299333, 0.2063285651445545, 0.2124137973161922, 0.27363775400932], [0.27693726371720007, 0.1915871117108009, 0.21967629104103006, 0.31179933343096894], [0.3510134413185344, 0.20151014023464037, 0.2041845856645788, 0.24329183268224644], [0.32251348030402616, 0.2062598887630607, 0.19305158810184606, 0.2781750427310671]], "ideal": "B", "sampled": "C", "correct": false}}
{"type": "result", "data": {"idx": 61, "options": ["True, True", "False, False", "True, False", "False, True"], "probs": [[0.2554319240706824, 0.24921161305217715, 0.22535600101714823, 0.2700004617599922], [0.22995196400059703, 0.231639699218969, 0.22612162074440778, 0.3122867159360262], [0.30370401880529313, 0.23839516580112266, 0.21892800598744738, 0.23897280930613685], [0.26189891281783956, 0.24407894144236889, 0.2036544145039041, 0.2903677311358875]], "ideal": "A", "sampled": "C", "correct": false}}
{"type": "result", "data": {"idx": 62, "options": ["0", "1", "2", "3"], "probs": [[0.2557458953525947, 0.2560584323167575, 0.265413292185149, 0.2227823800454988], [0.2921356304015985, 0.2747454385891803, 0.22542970216150388, 0.20768922874771728], [0.3549516796710783, 0.24794983861351066, 0.20667940376122293, 0.19041907785418807], [0.2880914594866271, 0.24303784198231526, 0.23661711024710996, 0.23225358818394765]], "ideal": "C", "sampled": "C", "correct": true}}
{"type": "result", "data": {"idx": 63, "options": ["The examples farthest from the decision boundary.", "The only examples necessary to compute f(x) in an SVM.", "The data centroid.", "All the examples that have a non-zero weight \u03b1k in a SVM."], "probs": [[0.4206798028930437, 0.2474315015683401, 0.13921406203392145, 0.19267463340469473], [0.2474000043532212, 0.18973708433603914, 0.3188716518391928, 0.24399125937154684], [0.16159934044651486, 0.42585704360901067, 0.24315742018111972, 0.16938619566335475], [0.3543592321441667, 0.3128702313871494, 0.16786870097804882, 0.16490183539063505]], "ideal": "B", "sampled": "D", "correct": false}}
{"type": "result", "data": {"idx": 64, "options": ["True, True", "False, False", "True, False", "False, True"], "probs": [[0.2773205256983322, 0.23862644316473183, 0.2052190242437236, 0.27883400679321235], [0.25054292375068277, 0.2190586793764711, 0.21661131280811272, 0.3137870839647334], [0.30828380122255294, 0.2200904902582244, 0.21438669836781288, 0.2572390100514097], [0.2674563367423383, 0.22651986915469727, 0.21046768362398208, 0.29555611037898233]], "ideal": "A", "sampled": "A", "correct": true}}
{"type": "result", "data": {"idx": 65, "options": ["Regularization is too low and model is overfitting", "Regularization is too high and model is underfitting", "Step size is too large", "Step size is too small"], "probs": [[0.41364917154944014, 0.21804706750119793, 0.14247077702051245, 0.2258329838288495], [0.330484062654939, 0.2536175918071337, 0.17639471501779475, 0.2395036304201325], [0.20161022544290486, 0.2633425632353917, 0.2742200236377085, 0.260827187583995], [0.28000433501800787, 0.3715919123930041, 0.16116765860351023, 0.1872360938854778]], "ideal": "C", "sampled": "A", "correct": false}}
{"type": "result", "data": {"idx": 66, "options": ["0.0495", "0.078", "0.635", "0.97"], "probs": [[0.23905741097366034, 0.2048021314176798, 0.2719901380271359, 0.28415031948152397], [0.24739008017971922, 0.25571966549759445, 0.23340449082610218, 0.2634857633965841], [0.2543893006553593, 0.20152230847713906, 0.2894858545081895, 0.2546025362593121], [0.20975760248463668, 0.282810994442166, 0.24619177715080065, 0.2612396258223966]], "ideal": "C", "sampled": "A", "correct": false}}
{"type": "result", "data": {"idx": 67, "options": ["True, True", "False, False", "True, False", "False, True"], "probs": [[0.27094479988868414, 0.22977819694101495, 0.21755520673073536, 0.2817217963395655], [0.2290036448310386, 0.21674930203026568, 0.22855990313866684, 0.32568714990002884], [0.32726411003369077, 0.21985635814424284, 0.21119525165815944, 0.24168428006390696], [0.2822527159320816, 0.23206363509144168, 0.19654570199346263, 0.2891379468830141]], "ideal": "A", "sampled": "C", "correct": false}}
{"type": "result", "data": {"idx": 68, "options": ["True, True", "False, False", "True, False", "False, True"], "probs": [[0.3045261618472891, 0.22140571643250145, 0.19092899911109656, 0.2831391225091129], [0.2716730019677108, 0.2004398167063967, 0.2081680955728769, 0.31971908565301554], [0.3583329564223038, 0.2029200463849035, 0.18314869427118027, 0.25559830282161244], [0.30596966916107654, 0.21200046888856136, 0.1883014673537125, 0.29372839449664956]], "ideal": "A", "sampled": "C", "correct": false}}
{"type": "result", "data": {"idx": 69, "options": ["Expectation Maximization", "CART", "Gaussian Na\u00efve Bayes", "Apriori"], "probs": [[0.3334297934863266, 0.21060947209306907, 0.2131740216153481, 0.2427867127052562], [0.31020402442983136, 0.21504154478781426, 0.25886573999221685, 0.21588869069013752], [0.2920236543717475, 0.229768123756199, 0.24026985106047577, 0.23793837071157772], [0.3529843985681409, 0.22633899746061958, 0.2293784618148307, 0.19129814205640883]], "ideal": "A", "sampled": "D", "correct": false}}
{"type": "result", "data": {"idx": 70, "options": ["Your decision trees are too shallow.", "You need to increase the learning rate.", "You are overfitting.", "None of the above."], "probs": [[0.12445181881859632, 0.20237890052386837, 0.4510302912837236, 0.22213898927381176], [0.11436000784236973, 0.62175837816941, 0.12118547702167996, 0.1426961368665403], [0.39342827773416494, 0.19518341703797848, 0.24069049179204907, 0.17069781333580752], [0.09391886670008731, 0.40009265835983593, 0.19926112739789809, 0.3067273474421786]], "ideal": "A", "sampled": "C", "correct": false}}
{"type": "result", "data": {"idx": 71, "options": ["linear in K", "quadratic in K", "cubic in K", "exponential in K"], "probs": [[0.27274125811710453, 0.257089376423876, 0.1537472605551514, 0.31642210480386807], [0.2691699048360205, 0.22081477105837582, 0.15545151099353738, 0.3545638130120663], [0.26074006373837705, 0.2535308523660433, 0.17333685833458662, 0.31239222546099304], [0.27009058800888996, 0.2795674883910839, 0.16500410927684447, 0.2853378142231816]], "ideal": "A", "sampled": "A", "correct": true}}
{"type": "result", "data": {"idx": 72, "options": ["True, True", "False, False", "True, False", "False, True"], "probs": [[0.2636929750178812, 0.2306591272123467, 0.218288689829932, 0.28735920783984015], [0.22506406901016265, 0.20960623023798103, 0.2352102994683613, 0.33011940118349503], [0.294719810833072, 0.22088229324870393, 0.2259495671471076, 0.25844832867111645], [0.2647932171556801, 0.2282341718445472, 0.20894306896027634, 0.2980295419394964]], "ideal": "B", "sampled": "A", "correct": false}}
