{"type": "result", "data": {"idx": 0, "options": ["k = 0 and n = 1", "k = 1 and n = 0", "k = n = 1", "k > 1"], "probs": [[0.25278199469845886, 0.3918291744743113, 0.23022452680623595, 0.12516430392099387], [0.40766684431728545, 0.12250197297605647, 0.34347132868524877, 0.12635985392140928], [0.295879533980121, 0.3628948222365232, 0.16994723169453502, 0.17127841198882082], [0.05947340408040612, 0.11115665277202792, 0.7598079726908965, 0.06956197035666942]], "ideal": "B", "sampled": "B", "correct": true}}
{"type": "result", "data": {"idx": 1, "options": ["0", "1", "2", "3"], "probs": [[0.17169194388508827, 0.2618980549372764, 0.35252786558155363, 0.2138821354960817], [0.3242080662429344, 0.26887302386129724, 0.2606542887730585, 0.1462646210227098], [0.4607276251342965, 0.23544421438836674, 0.16961306079102584, 0.13421509958631095], [0.3185706781809447, 0.15774411196538074, 0.35566714932442167, 0.16801806042925282]], "ideal": "D", "sampled": "C", "correct": false}}
{"type": "result", "data": {"idx": 2, "options": ["n = 1 and r = 6", "n = 1 and r = 7", "n = 2 and r = 5", "n = 2 and r = 6"], "probs": [[0.3034726290556516, 0.26794143710015716, 0.2896354111848096, 0.13895052255938162], [0.2300761857421451, 0.17924064930198244, 0.4300505944671507, 0.16063257038872172], [0.26430147095953466, 0.136075298889521, 0.4031779347499974, 0.19644529530094693], [0.20151534813387076, 0.42029827990885327, 0.2887611791288383, 0.08942519272843764]], "ideal": "D", "sampled": "A", "correct": false}}
{"type": "result", "data": {"idx": 3, "options": ["4", "8", "16", "2sqrt(2)"], "probs": [[0.15532872542165305, 0.18888426388056498, 0.37880982093628485, 0.27697718966149715], [0.09179380671944899, 0.17015379919129486, 0.580663212787605, 0.1573891812016511], [0.11987349747035708, 0.6141609135896007, 0.11904301102887299, 0.14692257781116924], [0.48178153866344764, 0.2970030583367544, 0.10028704180096781, 0.12092836109883015]], "ideal": "A", "sampled": "D", "correct": false}}
{"type": "result", "data": {"idx": 4, "options": ["2/69", "1/30", "2/23", "12/125"], "probs": [[0.061806473372994074, 0.290311709257107, 0.5685028729728594, 0.07937894429703954], [0.07205123346247135, 0.41146516182681236, 0.44496955800122473, 0.07151404660949157], [0.11698428976052487, 0.43471889322817153, 0.3836760663481855, 0.06462075056311807], [0.07614911885853538, 0.22385302278100858, 0.6378355477070572, 0.06216231055339889]], "ideal": "C", "sampled": "C", "correct": true}}
{"type": "result", "data": {"idx": 5, "options": ["(S, +, x) is closed under addition modulo 10.", "(S, +, x) is closed under multiplication modulo 10.", "(S, +, x) has an identity under addition modulo 10.", "(S, +, x) has no identity under multiplication modulo 10."], "probs": [[0.16771690795706776, 0.29018608165142945, 0.2899943633086718, 0.25210264698283097], [0.2390874773024844, 0.12216743825644476, 0.5066243409603849, 0.13212074338068594], [0.0808778831870513, 0.5937371651505342, 0.13872503673034456, 0.18665991483206992], [0.8199358765784878, 0.04348132969420004, 0.0824887427525863, 0.054094050874725894]], "ideal": "D", "sampled": "D", "correct": true}}
{"type": "result", "data": {"idx": 6, "options": ["12*sqrt(2)", "6*sqrt(2)", "4*sqrt(2)", "1/(2*sqrt(2))"], "probs": [[0.20648259845468572, 0.3487656868093689, 0.31744645461751547, 0.1273052600184299], [0.2421940641699215, 0.36399300798134904, 0.2660977462830954, 0.12771518146563404], [0.21613243542137733, 0.23747897499628784, 0.17502938470028018, 0.37135920478205464], [0.19242588313566153, 0.11671570910617123, 0.4511067665167507, 0.2397516411414166]], "ideal": "C", "sampled": "B", "correct": false}}
{"type": "result", "data": {"idx": 7, "options": ["0", "10%", "25%", "50%"], "probs": [[0.11447096381552055, 0.20732975930866468, 0.4674888461728286, 0.2107104306029862], [0.12704680858772105, 0.19377686081379034, 0.5107302069153271, 0.1684461235831615], [0.24727393684298654, 0.3227216899072267, 0.3227569162522855, 0.10724745689750127], [0.2241914089665423, 0.18590292055680613, 0.33158564070148955, 0.25832002967516204]], "ideal": "C", "sampled": "D", "correct": false}}
{"type": "result", "data": {"idx": 8, "options": ["None", "I only", "II only", "III only"], "probs": [[0.059089481841530726, 0.04158807063803386, 0.18362052409581797, 0.7157019233246175], [0.04012137151469045, 0.024531577865865354, 0.5716694411838953, 0.3636776093355489], [0.11989221988668661, 0.17724177635719202, 0.296902573754808, 0.40596342990131334], [0.2814265483285323, 0.04317502583103359, 0.31913586980288117, 0.3562625559375529]], "ideal": "C", "sampled": "D", "correct": false}}
{"type": "result", "data": {"idx": 9, "options": ["Every compact space is complete", "Every complete space is compact", "Neither (a) nor (b).", " Both (a) and (b)."], "probs": [[0.010619357464578314, 0.0312147631736497, 0.9141407216351686, 0.044025157626603376], [0.1215570056432895, 0.31814360852445334, 0.44233969179095856, 0.11795969394129861], [0.7220177923008985, 0.06932209121537974, 0.09053930979631054, 0.11812080658741124], [0.5051690785031275, 0.1182193124706748, 0.20294224609067418, 0.17366936283552348]], "ideal": "A", "sampled": "C", "correct": false}}
{"type": "result", "data": {"idx": 10, "options": ["10", "20", "25", "45"], "probs": [[0.021717849469461366, 0.5472632482916248, 0.04286941385229648, 0.38814948828661733], [0.46426708193349003, 0.15067851766448218, 0.27304143117679774, 0.11201296912523005], [0.28820561715599086, 0.3939170152914665, 0.08259596490192056, 0.23528140255062208], [0.1744876179746004, 0.21710662218088508, 0.3160850656299848, 0.2923206941145297]], "ideal": "D", "sampled": "B", "correct": false}}
{"type": "result", "data": {"idx": 11, "options": ["1/64", "15/64", "1/4", "3/8"], "probs": [[0.08410977076970176, 0.08284362651603369, 0.7621785628682708, 0.07086803974599379], [0.12985353983404008, 0.40987343434531043, 0.3850463725589766, 0.0752266531616729], [0.15294582570506682, 0.13931327537867272, 0.5866788406575585, 0.12106205815870197], [0.07357783943771937, 0.5111248125127604, 0.2569798345746836, 0.15831751337483657]], "ideal": "B", "sampled": "C", "correct": false}}
{"type": "result", "data": {"idx": 12, "options": ["0", "1", "2", "3"], "probs": [[0.567989247385294, 0.13921538446826964, 0.15782286539415333, 0.13497250265228303], [0.3048291549501342, 0.22307004364688762, 0.2489113099461927, 0.22318949135678548], [0.2697894117601576, 0.2237080452066195, 0.3867193363744385, 0.11978320655878441], [0.33966904425718997, 0.42960053898572464, 0.14615106179974235, 0.08457935485734301]], "ideal": "A", "sampled": "A", "correct": true}}
{"type": "result", "data": {"idx": 13, "options": ["4", "7", "10", "13"], "probs": [[0.23153465873874474, 0.1890113019164916, 0.34778889102967964, 0.231665148215084], [0.2766511357551985, 0.15766544168607952, 0.4221032731676216, 0.14358014929110038], [0.22378651462065696, 0.3413744219591417, 0.20383105866314552, 0.23100800465705584], [0.29415302238819097, 0.18412418269010028, 0.28525509147504047, 0.23646770334666825]], "ideal": "B", "sampled": "D", "correct": false}}
{"type": "result", "data": {"idx": 14, "options": ["0.64", "0.72", "0.81", "0.95"], "probs": [[0.16992779804879785, 0.18092466080206412, 0.4408310156248299, 0.20831652542430812], [0.12234276060302723, 0.12722449287746773, 0.4304055965352057, 0.3200271498842993], [0.03567396476508075, 0.04876198991645521, 0.7688132523721544, 0.14675079284630974], [0.07907585563238888, 0.1700747558282187, 0.5753325647931379, 0.17551682364625454]], "ideal": "D", "sampled": "A", "correct": false}}
{"type": "result", "data": {"idx": 15, "options": ["I only", "II only", "III only", "I and II only"], "probs": [[0.12487320413104323, 0.1628959199663738, 0.2333634440895622, 0.47886743171302076], [0.10451702772525844, 0.1045289933576959, 0.7144726514101811, 0.0764813274068645], [0.2807942926602903, 0.37798330184017714, 0.2765615582189564, 0.06466084718057614], [0.6066332639633936, 0.19700654436187445, 0.14415632616497928, 0.05220386540975268]], "ideal": "D", "sampled": "D", "correct": true}}
{"type": "result", "data": {"idx": 16, "options": ["I only", "II only", "III only", "I and II only"], "probs": [[0.03804652392483762, 0.24246877429444819, 0.2139923125291455, 0.5054923891515687], [0.0967489701970753, 0.14302037230345707, 0.5316008128886901, 0.2286298445107775], [0.12228505494392534, 0.3326502789619252, 0.3432919135836977, 0.20177275241045176], [0.11278269186718896, 0.400214424684533, 0.2794194158762056, 0.20758346747207237]], "ideal": "B", "sampled": "D", "correct": false}}
{"type": "result", "data": {"idx": 17, "options": ["-1/4", "-1/(4sqrt(2))", "0", "sqrt(2)"], "probs": [[0.1270586978210304, 0.3946730137270448, 0.29327421940502, 0.1849940689469048], [0.20688783863429655, 0.14786533401115282, 0.4382322691379212, 0.20701455811662944], [0.07535489479395686, 0.12922703929680904, 0.6214685300532967, 0.1739495357559374], [0.03198182832732755, 0.05791255911666588, 0.7513895025812447, 0.15871610987476187]], "ideal": "C", "sampled": "B", "correct": false}}
{"type": "result", "data": {"idx": 18, "options": ["I and II only", "III only", "I and III only", "I, II, and III"], "probs": [[0.28017006631850516, 0.09097796135362404, 0.36552799545876685, 0.26332397676910396], [0.20452423239298678, 0.311983612804331, 0.370503869835461, 0.1129882848672212], [0.2909138137352018, 0.34030630420531016, 0.2650121092901136, 0.10376777266937445], [0.27585188373703595, 0.29841194443138364, 0.280311533193915, 0.14542463853766543]], "ideal": "D", "sampled": "D", "correct": true}}
{"type": "result", "data": {"idx": 19, "options": ["3", "e", "sqrt(5)", "0"], "probs": [[0.28179153797192763, 0.2887437343308668, 0.22474141416686455, 0.20472331343034095], [0.7776542826626528, 0.08135649361548196, 0.07351231322157498, 0.06747691040029029], [0.5213880305340429, 0.1949056448634725, 0.13187468951181971, 0.15183163499066488], [0.28350268946725227, 0.1530165924569955, 0.31886075973717337, 0.24461995823857882]], "ideal": "A", "sampled": "B", "correct": false}}
{"type": "result", "data": {"idx": 20, "options": ["I only", "II only", "III only", "I, II, and III"], "probs": [[0.22502783944567117, 0.12049452007822596, 0.1386977645033972, 0.5157798758727057], [0.09426869267884112, 0.10684236029762677, 0.6969163236467297, 0.1019726232768024], [0.5163961205967789, 0.1871679115672178, 0.2366154139917116, 0.059820553744291766], [0.5623545301450743, 0.2103444282654179, 0.1423218313755153, 0.08497921011399245]], "ideal": "D", "sampled": "D", "correct": true}}
{"type": "result", "data": {"idx": 21, "options": ["None", "One", "Four", "Five"], "probs": [[0.4055361743211392, 0.18568059906886403, 0.19165808022653166, 0.21712514628346513], [0.34414959879356705, 0.16514209416990538, 0.1962164970311109, 0.2944918099054167], [0.2356435217834195, 0.12613321087689236, 0.4269456310473724, 0.21127763619231574], [0.30778956868833346, 0.30784762361320395, 0.21167299464721204, 0.17268981295125055]], "ideal": "D", "sampled": "A", "correct": false}}
{"type": "result", "data": {"idx": 22, "options": ["I only", "II only", "III only", "I and II only"], "probs": [[0.20007677374841534, 0.19401659024925422, 0.16857084396068692, 0.43733579194164346], [0.15584061709280694, 0.12140103587792025, 0.5194044499626247, 0.2033538969666481], [0.2813184773247711, 0.3044256476924678, 0.2563656491867939, 0.15789022569596717], [0.40988793891384595, 0.2195872798649963, 0.21962825805522218, 0.1508965230659356]], "ideal": "B", "sampled": "D", "correct": false}}
{"type": "result", "data": {"idx": 23, "options": ["2/81", "1/18", "2/27", "1/9"], "probs": [[0.11698933951108019, 0.34396819045609167, 0.4084911437331941, 0.130551326199634], [0.12978412016250063, 0.19188768873847387, 0.6099095253049946, 0.06841866569403089], [0.21695126787929225, 0.4055270310516719, 0.16382083808805442, 0.21370086288098136], [0.11383197861272289, 0.21271731813457373, 0.5874984088698111, 0.08595229428289228]], "ideal": "A", "sampled": "B", "correct": false}}
{"type": "result", "data": {"idx": 24, "options": ["True, True", "True, False", "False, True", "False, False"], "probs": [[0.39451662583838976, 0.4072844774751883, 0.15215720574877709, 0.04604169083764487], [0.6587114259830995, 0.23136718310299417, 0.05496343163264651, 0.05495795918125978], [0.15790241778662087, 0.03158565575031624, 0.7897956282251037, 0.020716298137959117], [0.0757879077373167, 0.13724723310919232, 0.6865236536145745, 0.10044120543891649]], "ideal": "B", "sampled": "B", "correct": true}}
{"type": "result", "data": {"idx": 25, "options": ["I and II only", "I and III only", "II and III only", "III only"], "probs": [[0.20599181685723186, 0.2687149505772663, 0.2299454945063418, 0.29534773795916003], [0.11353177423178122, 0.11533619318757457, 0.44230984963649783, 0.3288221828441464], [0.12425449859611898, 0.15466210705468497, 0.2801510178807672, 0.44093237636842886], [0.18644789238210321, 0.17517221418225143, 0.47631624477414064, 0.1620636485615047]], "ideal": "D", "sampled": "B", "correct": false}}
{"type": "result", "data": {"idx": 26, "options": ["9/2 days", "5 days", "41/8 days", "36/7 days"], "probs": [[0.18894668484666005, 0.4751670203677602, 0.12012961863656432, 0.2157566760490154], [0.10880672266592341, 0.33255282288856336, 0.4076105088154946, 0.15102994553001864], [0.054037231342635134, 0.3061152960115555, 0.5209252775581207, 0.11892219498768866], [0.06726612350465107, 0.390156072045771, 0.4492029681115059, 0.09337483623807198]], "ideal": "D", "sampled": "A", "correct": false}}
{"type": "result", "data": {"idx": 27, "options": ["1/2", "1", "sqrt(2)", "pi"], "probs": [[0.07358359960847184, 0.22142610451930345, 0.560946677824788, 0.14404361794743667], [0.10178515554845992, 0.32351938040114747, 0.4490466850368671, 0.12564877891352547], [0.3143045878520376, 0.5024602971285268, 0.07464314195778232, 0.10859197296165325], [0.45200315786853157, 0.11077028676907599, 0.2135058226000221, 0.22372073266237033]], "ideal": "A", "sampled": "D", "correct": false}}
{"type": "result", "data": {"idx": 28, "options": ["f has all of its relative extrema on the line x = y.", "f has all of its relative extrema on the parabola x = y^2.", "f has a relative minimum at (0, 0).", "f has an absolute minimum at (2/3, 2/3)."], "probs": [[0.20650871355204714, 0.06154064466691656, 0.5795513045475703, 0.15239933713346596], [0.21817369242097345, 0.28269393512881813, 0.3983959435301161, 0.10073642882009232], [0.21873763387771758, 0.09267317695446868, 0.5677262205673035, 0.12086296850051027], [0.2195200058526819, 0.35120651645734324, 0.22131911247721114, 0.20795436511276374]], "ideal": "A", "sampled": "C", "correct": false}}
{"type": "result", "data": {"idx": 29, "options": ["5", "6", "12", "15"], "probs": [[0.10480931357947808, 0.1958397907013416, 0.47739124514247305, 0.22195965047670724], [0.11645441761464051, 0.5387169838616283, 0.23539178597193944, 0.10943681245179178], [0.19310482419898725, 0.18427822541176947, 0.43540100556433325, 0.18721594472491002], [0.3691267966854994, 0.3523177504187172, 0.13168430327052297, 0.1468711495252604]], "ideal": "B", "sampled": "C", "correct": false}}
{"type": "result", "data": {"idx": 30, "options": ["S(n0 + 1) is not true.", "S(n0 - 1) is not true.", "S(n) is not true for any n <= n0", "S(n) is not true for any n >= n0"], "probs": [[0.1688177684132985, 0.04990335404661888, 0.6788457429074177, 0.10243313453266492], [0.08810262863641226, 0.7042182473367091, 0.10466498568605831, 0.10301413824082027], [0.7872225485265493, 0.057035505227750326, 0.09406280297196308, 0.06167914317373731], [0.917304014331633, 0.03290154165162745, 0.015307351598476807, 0.034487092318262684]], "ideal": "C", "sampled": "C", "correct": true}}
{"type": "result", "data": {"idx": 31, "options": ["(0, 0, 1)", "(3/7, 3/14, 9/14)", "(7/15, 8/15, 1/15)", "(5/6, 1/3, 1/3)"], "probs": [[0.059269550932783924, 0.392756972163288, 0.39892491999508023, 0.14904855680884788], [0.2385580801940111, 0.12769497739446276, 0.3755181077415024, 0.2582288345700237], [0.17821982766723357, 0.13455145260167856, 0.42773047722667495, 0.25949824240441294], [0.029259452385026877, 0.12513520426702515, 0.6873874177082894, 0.15821792553965852]], "ideal": "B", "sampled": "B", "correct": true}}
{"type": "result", "data": {"idx": 32, "options": ["For no such integer n", "For 3, 5, 7, and 11 only", "For 3, 5, 7, 9, and 11 only", "For 4, 6, 8, and 10 only"], "probs": [[0.21213668966439309, 0.5254059159391128, 0.19024670620053716, 0.07221068809595695], [0.5071132333699359, 0.28019160864506487, 0.10633614230094365, 0.1063590155840556], [0.45467470039314967, 0.16730960453969823, 0.15966884076479015, 0.21834685420236194], [0.5440590271458483, 0.15838424785796684, 0.18521532580329472, 0.11234139909289008]], "ideal": "B", "sampled": "B", "correct": true}}
{"type": "result", "data": {"idx": 33, "options": ["1", "2", "3", "4"], "probs": [[0.10384517703594605, 0.24522292400352017, 0.36847688685650076, 0.282455012004033], [0.2404602950639515, 0.34445608172035924, 0.2444785422509592, 0.17060508086473003], [0.4832581481164261, 0.2507327887309644, 0.11854018043329563, 0.14746888261931387], [0.2150041726761007, 0.27606421294932293, 0.27631270470966385, 0.2326189095649125]], "ideal": "C", "sampled": "C", "correct": true}}
{"type": "result", "data": {"idx": 34, "options": ["I only", "II only", "III only", "I, II, and III"], "probs": [[0.2351897332440764, 0.1278988772578135, 0.24273919738344873, 0.39417219201466136], [0.11657850964297628, 0.10289666515587967, 0.6925061653982276, 0.08801865970291638], [0.25790902008856315, 0.37549029378226983, 0.287914563391826, 0.07868612263734102], [0.6928725629094589, 0.10467716145272372, 0.14091111015485264, 0.06153916538296473]], "ideal": "D", "sampled": "D", "correct": true}}
{"type": "result", "data": {"idx": 35, "options": ["x^2 + y^2 + z^2 + 8 = 6y", "(x^2 + y^2 + z^2)^2 = 8 + 36(x^2 + z^2)", "(x^2 + y^2 + z^2 + 8)^2 = 36(x^2 + z^2)", "(x^2 + y^2 + z^2 + 8)^2 = 36(x^2 + y^2)"], "probs": [[0.16809837443019554, 0.057238599536934956, 0.6553769692703453, 0.1192860566625242], [0.15709511700049988, 0.642434110540965, 0.08546502014937153, 0.11500575220916356], [0.3188668834675402, 0.2956349595435111, 0.22988671404635863, 0.1556114428425901], [0.2243156962076314, 0.17492407037284916, 0.3760907239510812, 0.22466950936843827]], "ideal": "D", "sampled": "C", "correct": false}}
{"type": "result", "data": {"idx": 36, "options": ["y = 2x + 1", "y = 2x", "y = x + 2", "y = x + 1"], "probs": [[0.08758325324635384, 0.5540507559084589, 0.12749335453487096, 0.23087263621031634], [0.04234621054542423, 0.08556093529682876, 0.6731061539306517, 0.19898670012709532], [0.11151163361977748, 0.6835975101174594, 0.09844933522587992, 0.10644152093688314], [0.17419617135863244, 0.21350917536134034, 0.48872736819755397, 0.12356728498247324]], "ideal": "A", "sampled": "D", "correct": false}}
{"type": "result", "data": {"idx": 37, "options": ["2", "3", "4", "5"], "probs": [[0.1705362869388862, 0.41549859569543374, 0.2769835765241156, 0.1369815407415645], [0.17682973248249467, 0.38618133722043585, 0.22368915866958158, 0.21329977152748786], [0.08244667262837359, 0.17726385723713534, 0.5909998460342555, 0.1492896240002356], [0.12027682452397419, 0.565104905944468, 0.20161283164401972, 0.11300543778753805]], "ideal": "A", "sampled": "A", "correct": true}}
{"type": "result", "data": {"idx": 38, "options": ["True, True", "True, False", "False, True", "False, False"], "probs": [[0.15988259492355936, 0.5498126312484671, 0.20537000014426984, 0.08493477358370363], [0.34638580676429637, 0.3576968609929016, 0.12954510747090933, 0.16637222467189275], [0.24971454680237062, 0.045483121306177834, 0.6481846787641292, 0.056617653027322364], [0.03871084819001351, 0.12306926180512416, 0.6351899007110348, 0.2030299891938276]], "ideal": "A", "sampled": "B", "correct": false}}
{"type": "result", "data": {"idx": 39, "options": ["1", "2", "3", "4"], "probs": [[0.12737451112860712, 0.1399261164547315, 0.35204129358462843, 0.3806580787320329], [0.10565268205147335, 0.1769839989228887, 0.5288419925010359, 0.188521326424602], [0.21748160147699874, 0.254379306028369, 0.32683286554574265, 0.20130622684888963], [0.22498055135415096, 0.2395665681057999, 0.2551978268248621, 0.280255053615187]], "ideal": "C", "sampled": "D", "correct": false}}
{"type": "result", "data": {"idx": 40, "options": ["the entire real axis", "a point", "a ray", "an open finite interval"], "probs": [[0.4481978981164662, 0.14332819837854704, 0.18997609255655798, 0.21849781084842876], [0.23437205303906214, 0.2616586723909186, 0.2658512631664748, 0.23811801130354446], [0.3602537703078216, 0.2598195594343135, 0.18710529244741458, 0.19282137771045033], [0.36456842577231147, 0.27983932433432424, 0.17230186584499632, 0.18329038394836794]], "ideal": "B", "sampled": "A", "correct": false}}
{"type": "result", "data": {"idx": 41, "options": ["finite", "cyclic", "of order two", "abelian"], "probs": [[0.30078391358168804, 0.3577171100958016, 0.06310677017783259, 0.27839220604467774], [0.22867069157170436, 0.07201724659714953, 0.5492859008944431, 0.15002616083670306], [0.3312255565202396, 0.45342795745323583, 0.11190463273243013, 0.1034418531940944], [0.890343586384706, 0.03455697808304762, 0.03565081634902736, 0.039448619083219026]], "ideal": "D", "sampled": "D", "correct": true}}
{"type": "result", "data": {"idx": 42, "options": ["3", "4", "5", "8"], "probs": [[0.3566800270129214, 0.21979659613536826, 0.2651517548982444, 0.15837162185346593], [0.33741043020124045, 0.25081256776961625, 0.2393331300774235, 0.1724438718517198], [0.317818160057798, 0.19280615159720105, 0.3437611409117567, 0.14561454733324422], [0.3295625493634669, 0.281975537120349, 0.2374681481820854, 0.15099376523409866]], "ideal": "D", "sampled": "A", "correct": false}}
{"type": "result", "data": {"idx": 43, "options": ["II only", "III only", "I and II only", "II and III only"], "probs": [[0.16472008314393333, 0.1523710579940928, 0.5155285903610991, 0.16738026840087478], [0.1511189020852291, 0.3200272571716469, 0.3406839021597774, 0.18816993848334662], [0.4016119777514465, 0.17012785119906723, 0.2553973457647668, 0.17286282518471943], [0.3497929520586077, 0.16527147343187643, 0.2946469441559272, 0.1902886302535886]], "ideal": "A", "sampled": "C", "correct": false}}
{"type": "result", "data": {"idx": 44, "options": ["1", "3", "5", "7"], "probs": [[0.6321395462808869, 0.09544717414486033, 0.0940112609031763, 0.17840201857107651], [0.2348649273537651, 0.06625020700776303, 0.460185869295649, 0.23869899624282287], [0.422232472523063, 0.10510444483444409, 0.3969474077282656, 0.07571567481422731], [0.3334942608666297, 0.4561209772315039, 0.08176707855090551, 0.12861768325096087]], "ideal": "D", "sampled": "A", "correct": false}}
{"type": "result", "data": {"idx": 45, "options": ["True, True", "True, False", "False, True", "False, False"], "probs": [[0.14612949838780753, 0.5695284988337265, 0.22292659344058455, 0.06141540923788138], [0.5471161277273872, 0.3219496415561567, 0.04565288598957784, 0.08528134462687832], [0.0924439357360469, 0.031214831451958042, 0.8244662299383488, 0.051875002773646234], [0.04415076285582163, 0.18742081684609294, 0.5866654695481356, 0.18176295064994982]], "ideal": "A", "sampled": "B", "correct": false}}
{"type": "result", "data": {"idx": 46, "options": ["\u03c0/12", "\u03c0/6", "\u03c0/3", "2\u03c0/3"], "probs": [[0.1575409322819525, 0.36087977882591155, 0.37821707125696286, 0.10336221753517312], [0.2551761161412019, 0.4962204765941546, 0.13353788356174917, 0.11506552360289433], [0.3341888188981607, 0.14606182275741988, 0.0800435990015095, 0.4397057592429099], [0.3890547309033911, 0.12056842741027192, 0.32030616994328853, 0.17007067164304845]], "ideal": "B", "sampled": "C", "correct": false}}
{"type": "result", "data": {"idx": 47, "options": ["3", "pi", "3pi", "3/2"], "probs": [[0.10034152194108635, 0.44290453521132445, 0.3421553994533648, 0.11459854329422435], [0.5564620328447458, 0.11396547811186662, 0.19843428733646504, 0.1311382016069225], [0.2814967632012204, 0.13724628089485996, 0.23895314333433526, 0.3423038124695843], [0.04438043972758348, 0.07730444894314822, 0.7806230564681629, 0.09769205476110544]], "ideal": "B", "sampled": "B", "correct": true}}
{"type": "result", "data": {"idx": 48, "options": ["Only (II)", "Only (IV )", "(I) and (IV )", "(II) and (III)"], "probs": [[0.19225818489828925, 0.1645094950186459, 0.44121526002093514, 0.20201705996212968], [0.2549799236388289, 0.515814633068397, 0.15492346314570574, 0.07428198004706833], [0.4729545554926271, 0.14665593642484667, 0.15626796054075992, 0.22412154744176627], [0.4904097172005397, 0.2713747539435227, 0.0881249133223113, 0.15009061543362628]], "ideal": "C", "sampled": "C", "correct": true}}
{"type": "result", "data": {"idx": 49, "options": ["f is Riemann integrable.", "There does not exist a countably infinite E of R such that f is nondifferentiable at every x \\in E.", "There does not exist an uncountable subset E of R such that f is nondifferentiable at every x \\in E.", "None of the above."], "probs": [[0.2170949098683624, 0.1773301783424583, 0.42544420915396036, 0.1801307025352189], [0.27166786438253504, 0.48517395780048933, 0.13668799232772966, 0.10647018538924598], [0.3187126242699842, 0.0633062054399887, 0.3615938451643334, 0.2563873250256937], [0.16510221360462932, 0.05753988026997233, 0.5091659426179982, 0.26819196340740015]], "ideal": "D", "sampled": "C", "correct": false}}
{"type": "result", "data": {"idx": 50, "options": ["the open first quadrant", "a closed curve", "a ray in the open first quadrant", "a single point"], "probs": [[0.16002685247071446, 0.44919824563851024, 0.12273828606089994, 0.26803661572987536], [0.2380776451204618, 0.11422793757151195, 0.5202733704151518, 0.12742104679287447], [0.35813260920444395, 0.21730373992512733, 0.23871004646357682, 0.18585360430685194], [0.20317619455106692, 0.1054230081373683, 0.5792022605794641, 0.11219853663210061]], "ideal": "A", "sampled": "B", "correct": false}}
{"type": "result", "data": {"idx": 51, "options": ["1", "2", "p >= 1", "infinity"], "probs": [[0.01897381809715043, 0.005107075955991264, 0.9732903626320656, 0.0026287432147927524], [0.07286065491804597, 0.916141205190108, 0.004480170344272169, 0.006517969447573874], [0.9438398129550467, 0.01411357372409164, 0.03034815271058089, 0.01169846051028071], [0.017050722528109435, 0.027248817541582274, 0.02442761765166212, 0.9312728421786461]], "ideal": "B", "sampled": "C", "correct": false}}
{"type": "result", "data": {"idx": 52, "options": ["f is a homeomorphism.", "f is continuous and one-to-one", "f is continuous.", "f is one-to-one"], "probs": [[0.19692129775050843, 0.20970098119520642, 0.4958291572952273, 0.09754856365905781], [0.2720510146361042, 0.3606887864911114, 0.21213886771878743, 0.15512133105399697], [0.329612133398383, 0.10703727522139322, 0.11228028600076373, 0.45107030527946], [0.15093184415570632, 0.08079365376580384, 0.617216564189258, 0.15105793778923182]], "ideal": "C", "sampled": "B", "correct": false}}
{"type": "result", "data": {"idx": 53, "options": ["12", "16", "12*sqrt(3)", "16*sqrt(3)"], "probs": [[0.023123507584741222, 0.06092733696282703, 0.8613850200738933, 0.05456413527853845], [0.026620674550182605, 0.8159142010836604, 0.09005657357521152, 0.06740855069094542], [0.8842440092189239, 0.06764975238275245, 0.028880582783233747, 0.019225655515089868], [0.6123006662568935, 0.17275775378186672, 0.1225268457535162, 0.0924147341077236]], "ideal": "C", "sampled": "C", "correct": true}}
{"type": "result", "data": {"idx": 54, "options": ["4", "7", "8", "12"], "probs": [[0.22302122079554362, 0.1581695652122643, 0.37369393741783863, 0.2451152764743534], [0.1834107460880042, 0.1670131211260866, 0.5066582484534625, 0.1429178842324467], [0.28531824264124833, 0.2639401734830172, 0.33895720512946964, 0.11178437864626485], [0.3835850231078397, 0.3386752160452729, 0.11522064126862125, 0.1625191194782661]], "ideal": "A", "sampled": "D", "correct": false}}
{"type": "result", "data": {"idx": 55, "options": ["|x| \u2265 0", "|x \u00b7 y| \u2264 |x||y|", "|x| = 0 if and only if x = 0", "|x + y| = |x| + |y|"], "probs": [[0.06019157834676937, 0.05655093019323075, 0.1611015874519799, 0.72215590390802], [0.025576299153834234, 0.022927020025382515, 0.9159854614350225, 0.03551121928576081], [0.0749856823981395, 0.7341481391787401, 0.06722688624166555, 0.12363929208145476], [0.2078639479627154, 0.2178588723280388, 0.46125171958518074, 0.11302546002406506]], "ideal": "D", "sampled": "D", "correct": true}}
{"type": "result", "data": {"idx": 56, "options": ["4", "5", "6", "7"], "probs": [[0.15298777361210836, 0.20274170626932397, 0.3647375891816185, 0.27953293083694913], [0.2517080677757026, 0.2558493087170597, 0.24822340174010082, 0.2442192216671369], [0.2650977710383941, 0.24731797345963494, 0.22010080842113103, 0.2674834469808399], [0.2751096188746955, 0.15080237387102816, 0.2691561877458352, 0.30493181940844116]], "ideal": "B", "sampled": "C", "correct": false}}
{"type": "result", "data": {"idx": 57, "options": ["1 only", "2 only", "0 and 1 only", "0, 1, and 2 only"], "probs": [[0.09995795561644492, 0.12622589529966632, 0.49307563487374406, 0.2807405141101447], [0.13087691560385548, 0.1391360035270792, 0.5883334366140544, 0.14165364415501092], [0.15371328934339257, 0.5455716373726157, 0.1771715471829227, 0.12354352600106898], [0.6952817283612697, 0.14112839995099014, 0.10186842728044374, 0.061721444307296466]], "ideal": "D", "sampled": "D", "correct": true}}
{"type": "result", "data": {"idx": 58, "options": ["2", "\u03c0", "4", "3\u03c0/2"], "probs": [[0.13757603074092825, 0.6027569860028021, 0.13339798349891252, 0.12626899965735708], [0.28760552812273416, 0.1380481298384785, 0.4319307715522756, 0.14241557038651173], [0.13692065398043032, 0.43203141875902357, 0.2348470082553029, 0.1962009189052432], [0.19504045201739398, 0.1749037809409041, 0.46447615003198167, 0.16557961690972023]], "ideal": "C", "sampled": "B", "correct": false}}
{"type": "result", "data": {"idx": 59, "options": ["9", "8", "0", "-5"], "probs": [[0.3910746094513649, 0.25667435693183843, 0.20943129684712178, 0.1428197366696749], [0.37329769885993075, 0.2412019526000844, 0.17919521454001341, 0.20630513389997146], [0.06881836158568455, 0.14803537945511833, 0.5501892648115309, 0.2329569940476663], [0.09318140546114975, 0.5120392846534483, 0.1943009423158126, 0.20047836746958933]], "ideal": "A", "sampled": "A", "correct": true}}
{"type": "result", "data": {"idx": 60, "options": ["None", "One", "Two", "Three"], "probs": [[0.22756969721055506, 0.41865727162218214, 0.2240848076056265, 0.1296882234616363], [0.18324891674924498, 0.38198389460844934, 0.26255422045483573, 0.17221296808746997], [0.16788354514350523, 0.3136913776084014, 0.33398398753641056, 0.18444108961168285], [0.21364572642097246, 0.22045600412071562, 0.41197991367034986, 0.15391835568796206]], "ideal": "B", "sampled": "B", "correct": true}}
{"type": "result", "data": {"idx": 61, "options": ["20!/2^(10)", "10!/2^9", "10^(20) - 2^(10)", "10^(20) - 100"], "probs": [[0.30935025673023225, 0.33447802561869294, 0.2647295037351986, 0.09144221381587618], [0.2426531467997878, 0.38775498340096903, 0.17758967412187932, 0.19200219557736387], [0.16568872084020617, 0.21604232165974144, 0.45765524416079345, 0.1606137132392589], [0.020154745308774185, 0.5534175972172035, 0.3104390953152553, 0.11598856205876704]], "ideal": "A", "sampled": "A", "correct": true}}
{"type": "result", "data": {"idx": 62, "options": ["It is possible to place an linear order relation \u2264 on the complex numbers C such that (C, +, \u00d7, \u2264) is not an ordered field.", "It is possible to place a linear order relation on the complex numbers C which make (C, +, \u00d7, \u2264) an ordered field.", "Neither (a) nor (b)", "Both (a) and (b)."], "probs": [[0.03419626707666488, 0.8699787776779649, 0.06053176509918032, 0.0352931900461899], [0.11205428509985997, 0.048205705287914874, 0.04750645337175314, 0.792233556140472], [0.19121204742096168, 0.08626663131745191, 0.296780056404746, 0.4257412647568404], [0.2435530889055444, 0.10483740347199365, 0.6235924408973956, 0.028017066625066308]], "ideal": "A", "sampled": "B", "correct": false}}
{"type": "result", "data": {"idx": 63, "options": ["1/4", "1/3", "1/2", "2/3"], "probs": [[0.027320624158424508, 0.03975861630261823, 0.9196044462634172, 0.013316313175540015], [0.09765052575483836, 0.6838943878503165, 0.18980663629259562, 0.028648450002249512], [0.8769723886469838, 0.0666016944919456, 0.030741822372269478, 0.025684094388801152], [0.15427567350580193, 0.04781275703676165, 0.2752313366858978, 0.5226802326715386]], "ideal": "D", "sampled": "C", "correct": false}}
{"type": "result", "data": {"idx": 64, "options": ["The integers under addition", "The nonzero integers under multiplication", "The nonzero real numbers under multiplication", "The complex numbers under addition"], "probs": [[0.2788132809960168, 0.1380840580946423, 0.1640488852113017, 0.41905377559803914], [0.34950077385678735, 0.10017154214230936, 0.0646939666778154, 0.4856337172230879], [0.23672273920031053, 0.05121251281513863, 0.14368895381990288, 0.568375794064648], [0.2701681691037753, 0.025533495809058313, 0.1665779848779764, 0.5377203501091901]], "ideal": "B", "sampled": "B", "correct": true}}
{"type": "result", "data": {"idx": 65, "options": ["4x + 6y", "x + y + 5", "9x + 4y", "4x - 9y"], "probs": [[0.3022739543869722, 0.24676112460468544, 0.3268995235995455, 0.12406539730879686], [0.31486264971548905, 0.2570647145810129, 0.19401763711314532, 0.23405499849035277], [0.23265377378085605, 0.24386247226727623, 0.3082746358883452, 0.21520911796352254], [0.21344748991239962, 0.3205221199513193, 0.2202741586860038, 0.2457562313502773]], "ideal": "D", "sampled": "A", "correct": false}}
{"type": "result", "data": {"idx": 66, "options": ["0", "-2", "-sqrt(34)", "-sqrt(35)"], "probs": [[0.26326823035775304, 0.10976118511531968, 0.4016313224507725, 0.22533926197615478], [0.11239349514587936, 0.21169299673753744, 0.40816919531947093, 0.26774431269711224], [0.1409949325369696, 0.04723050694211802, 0.727560620336031, 0.08421394008488141], [0.2856411060825534, 0.47118616450475165, 0.1459363560674908, 0.09723637324520415]], "ideal": "C", "sampled": "A", "correct": false}}
{"type": "result", "data": {"idx": 67, "options": ["II only", "III only", "I and II only", "I and III only"], "probs": [[0.16476256775484152, 0.11326684548466817, 0.5322257756902222, 0.18974481097026807], [0.3691524945385963, 0.11439960704493057, 0.3525216657879467, 0.16392623252852645], [0.3491651959492504, 0.267890568529243, 0.1929626286885503, 0.1899816067329563], [0.29224266292617923, 0.09640167221647565, 0.3365683106785476, 0.27478735407879756]], "ideal": "D", "sampled": "C", "correct": false}}
{"type": "result", "data": {"idx": 68, "options": ["\u03c0/3", "\u03c0/4", "\u03c0", "2\u03c0"], "probs": [[0.3593219384444324, 0.10876864533645589, 0.41056786434091724, 0.12134155177819447], [0.18343457304439573, 0.35103013584932896, 0.31222652920601, 0.15330876180026531], [0.3120007808491755, 0.3509714561153979, 0.226625763258512, 0.11040199967691461], [0.22555806390331903, 0.5085671354110424, 0.09555595011217682, 0.1703188504734618]], "ideal": "A", "sampled": "A", "correct": true}}
{"type": "result", "data": {"idx": 69, "options": ["Sunday", "Monday", "Tuesday", "Wednesday"], "probs": [[0.39864727850742226, 0.16360081730637094, 0.16365502773078874, 0.2740968763554181], [0.15353200641831227, 0.08815435670234764, 0.5277805687951508, 0.23053306798418932], [0.19450220132922416, 0.40544849066545136, 0.2577257309730851, 0.14232357693223938], [0.546861636281574, 0.22444976362316454, 0.12591819182452096, 0.10277040817074042]], "ideal": "A", "sampled": "D", "correct": false}}
{"type": "result", "data": {"idx": 70, "options": ["\u221248/\u03c0 cm/min", "\u22124/(3\u03c0) cm/min", "\u22128/(3\u03c0) cm/min", "\u221216/(3\u03c0) cm/min"], "probs": [[0.051982839236233806, 0.5052604135208512, 0.31602961174996747, 0.1267271353929475], [0.29094931046810985, 0.2610242327634106, 0.3247200201913837, 0.1233064364770959], [0.19346632974995687, 0.21096206570655296, 0.4753626442862243, 0.12020896015726583], [0.06129001597111895, 0.48247398124005225, 0.32123662821579946, 0.13499937447302934]], "ideal": "D", "sampled": "B", "correct": false}}
{"type": "result", "data": {"idx": 71, "options": ["The system is consistent.", "The system has infinitely many solutions.", "The sum of any two solutions is a solution.", "Every solution is a scalar multiple of (-5, 1, 1, 0)."], "probs": [[0.1881853490879701, 0.29620119926351646, 0.2100061923055451, 0.30560725924296833], [0.3583092199893872, 0.27485454898870854, 0.21741501142637396, 0.14942121949553028], [0.25186038390055565, 0.32357964398575034, 0.21890914764165986, 0.20565082437203414], [0.35922269939100593, 0.3221630953775616, 0.1778929329368519, 0.1407212721945806]], "ideal": "D", "sampled": "D", "correct": true}}
{"type": "result", "data": {"idx": 72, "options": ["f(c)", "f(e^c)", "f(1/c)", "f(log c)"], "probs": [[0.564570813956992, 0.1496693569844713, 0.19066950181221506, 0.09509032714632161], [0.22917195810809873, 0.3782737794397424, 0.12859163985469038, 0.2639626224974685], [0.4134962496717099, 0.07710225764483687, 0.40725939854990734, 0.10214209403354588], [0.2922520978792135, 0.46754807925835873, 0.171843516389881, 0.06835630637254678]], "ideal": "D", "sampled": "A", "correct": false}}
{"type": "result", "data": {"idx": 73, "options": ["I only", "II only", "III only", "I and II only"], "probs": [[0.09285553543831195, 0.12497697024287721, 0.3910005092229849, 0.3911669849958259], [0.08324009118051517, 0.1847138970810186, 0.5021262278081448, 0.2299197838303214], [0.3813723807736619, 0.13816126767918885, 0.32631277062273933, 0.15415358082440989], [0.1579665619885954, 0.12897258419121396, 0.30936659976577874, 0.40369425395441194]], "ideal": "D", "sampled": "C", "correct": false}}
{"type": "result", "data": {"idx": 74, "options": ["1/(2e)", "1/e", "e^2/2", "2e"], "probs": [[0.6317077325525068, 0.2325059341593481, 0.09106344796598863, 0.04472288522215653], [0.6316648360330323, 0.19578576815352625, 0.1089828129369864, 0.06356658277645512], [0.265939698546739, 0.24990753826429027, 0.35243504356406663, 0.13171771952490413], [0.22815726525172933, 0.21780222489889325, 0.46109816083843325, 0.09294234891094416]], "ideal": "C", "sampled": "B", "correct": false}}
{"type": "result", "data": {"idx": 75, "options": ["H = 50", "T >= 60", "51 <= H <= 55", "H >= 48 and T >= 48"], "probs": [[0.17680448818836303, 0.28263089900262794, 0.346351842438867, 0.19421277027014197], [0.06734679839375078, 0.5017174035320854, 0.17068584770301345, 0.26024995027115033], [0.3265024696969635, 0.2245012951827459, 0.3532110724005715, 0.09578516261971913], [0.20796647820752262, 0.49135518435210235, 0.06859881481288446, 0.2320795225274906]], "ideal": "D", "sampled": "C", "correct": false}}
{"type": "result", "data": {"idx": 76, "options": ["True, True", "True, False", "False, True", "False, False"], "probs": [[0.09971522429538195, 0.547864807339023, 0.29776829907050717, 0.05465166919508786], [0.5656908834262877, 0.26321226747998416, 0.0742464747093352, 0.09685037428439293], [0.2676750461143063, 0.04799309071408234, 0.6324266884950183, 0.05190517457659311], [0.04396271353187043, 0.0930613436958721, 0.7210261869626998, 0.14194975570955762]], "ideal": "D", "sampled": "B", "correct": false}}
{"type": "result", "data": {"idx": 77, "options": ["2", "1", "0", "-1"], "probs": [[0.37871032543773303, 0.20923472558241332, 0.3397583061333013, 0.07229664274655236], [0.7677718772009935, 0.13771695564174508, 0.06305946714460973, 0.03145169991265172], [0.616054076373188, 0.11668423164763166, 0.15586694047879987, 0.1113947514003805], [0.3234933211177939, 0.13175081500588498, 0.318737287414225, 0.22601857636209607]], "ideal": "C", "sampled": "B", "correct": false}}
