{"type": "result", "data": {"idx": 0, "options": ["7 N", "5 N", "10 N", "12 N"], "probs": [[0.50583457941719, 0.17903234062788687, 0.1655814647508979, 0.14955161510402523], [0.2993456333771327, 0.3237376712315096, 0.16795967017044874, 0.20895702512090897], [0.3210089504397772, 0.4321297108694915, 0.09641650318135261, 0.15044483540937872], [0.40746276600297665, 0.26320034693824407, 0.11955074551877175, 0.20978614144000754]], "ideal": "A", "sampled": "D", "correct": false}}
{"type": "result", "data": {"idx": 1, "options": ["weight of fluid.", "volume of fluid.", "density of fluid.", "All of these."], "probs": [[0.130586500544906, 0.06990571830038733, 0.058904239789696944, 0.7406035412650097], [0.40841421855592436, 0.005141781780157102, 0.5766852129578048, 0.009758786606113684], [0.07004927634345523, 0.8542508227492209, 0.01758887938714332, 0.05811102142018051], [0.13380680777572437, 0.0721670080326302, 0.6702300805639041, 0.12379610352774136]], "ideal": "B", "sampled": "D", "correct": false}}
{"type": "result", "data": {"idx": 2, "options": ["totally internally reflects", "passes into the air above", "is absorbed", "None of these"], "probs": [[0.1738417167844572, 0.5535155000004477, 0.03479993754426263, 0.23784284557083246], [0.23311131915934732, 0.07107516748139424, 0.0805832189545107, 0.6152302943047477], [0.0694534560182785, 0.17873250079403516, 0.6250761793306958, 0.12673786375699056], [0.16499533755931348, 0.2723322727308849, 0.45608981079995053, 0.10658257880985109]], "ideal": "B", "sampled": "A", "correct": false}}
{"type": "result", "data": {"idx": 3, "options": ["always.", "sometimes.", "never.", "on planet Earth only."], "probs": [[0.63679756032412, 0.09468259110380946, 0.23825958856952192, 0.030260259902548554], [0.4633771124289963, 0.21579496195665288, 0.030607530577793023, 0.2902203949365578], [0.07785251808368213, 0.00795408345636611, 0.8922265254207543, 0.021966872939197395], [0.046869773238420766, 0.9140645230613602, 0.012139642564708316, 0.026926061035510703]], "ideal": "B", "sampled": "A", "correct": false}}
{"type": "result", "data": {"idx": 4, "options": ["changes", "aligns with the electric field", "is at right angles to the electric field", "converts to magnetic energy"], "probs": [[0.9942197722244427, 0.001147260393669959, 0.0035889518986719, 0.0010440153832154276], [0.00412096842573381, 0.030456698628939627, 0.002385404509675259, 0.9630369283356512], [0.004208908930390485, 0.001973573825154131, 0.991323234517809, 0.00249428262664636], [0.004676402565791423, 0.9871372234409989, 0.0011645846587145694, 0.007021789234495133]], "ideal": "A", "sampled": "A", "correct": true}}
{"type": "result", "data": {"idx": 5, "options": ["red", "yellow-green", "blue", "violet"], "probs": [[0.021201463137662992, 0.0415140720217912, 0.9017794609798675, 0.03550500376067835], [0.012255958880541118, 0.9592037536949827, 0.012550924564409574, 0.015989362760066645], [0.37905580084002166, 0.5780919832761061, 0.025398241542707027, 0.017453974241165154], [0.8408316937707268, 0.07009198489795065, 0.012087348802343696, 0.07698897242897887]], "ideal": "D", "sampled": "C", "correct": false}}
{"type": "result", "data": {"idx": 6, "options": ["mass distorts spacetime.", "gravity affects clocks.", "light can\u2019t escape from a black hole.", "All of these."], "probs": [[0.012791652971096877, 0.0010584546093688552, 0.0007106662271624584, 0.9854392260923718], [0.06433481193068002, 0.009268310230843714, 0.4198265812068045, 0.5065702965316717], [0.03825818898518043, 0.9273285329398325, 0.018945573664587146, 0.015467704310399946], [0.7882446121013473, 0.19023688358965915, 0.004764336309245217, 0.01675416789974834]], "ideal": "D", "sampled": "D", "correct": true}}
{"type": "result", "data": {"idx": 7, "options": ["voltage", "energy", "Both of these", "Neither of these"], "probs": [[0.9713585465211632, 0.005099745666484033, 0.019245662652120372, 0.004296045060232461], [0.04749282736511368, 0.06397527097866249, 0.004316850826266953, 0.8842150507299569], [0.04237258885718109, 0.0034797996264541676, 0.9498847542887658, 0.004262857127598879], [0.11824049736132954, 0.8749132704691082, 0.0023979728444983956, 0.0044482592250638464]], "ideal": "A", "sampled": "A", "correct": true}}
{"type": "result", "data": {"idx": 8, "options": ["chaotic", "ordered", "positioned by amplitude", "in phase"], "probs": [[0.003907374600027659, 0.9949266392239524, 0.00026598450426174286, 0.0009000015717582304], [0.9842849749074787, 0.0052901618449087895, 0.006431280567241344, 0.003993582580371148], [0.010990203295721408, 0.00856371312187817, 0.011524487221255568, 0.9689215962611448], [0.0030866890088484603, 0.002767537559885375, 0.9930618068419714, 0.0010839664892946998]], "ideal": "B", "sampled": "B", "correct": true}}
{"type": "result", "data": {"idx": 9, "options": ["amplitude", "wavelength", "frequency", "energy"], "probs": [[0.08613057056685443, 0.010697314046395593, 0.005255241647771899, 0.8979168736389781], [0.026318371170925385, 0.014534309534705586, 0.913671196226543, 0.04547612296782599], [0.06499732760772098, 0.9115733125592658, 0.005378736425255138, 0.018050623307758095], [0.9996519551888345, 0.00017828798208374336, 5.10709098793522e-05, 0.0001186858192023069]], "ideal": "D", "sampled": "D", "correct": true}}
{"type": "result", "data": {"idx": 10, "options": ["the same", "opposite", "Either of these", "Need more information"], "probs": [[0.14349924240315312, 0.6753691534822707, 0.11006304784602564, 0.0710685561685506], [0.6184659556544614, 0.10950933629752864, 0.15182532235880272, 0.12019938558920724], [0.1887516852979562, 0.06234753339370603, 0.3218872548585414, 0.42701352634979634], [0.12337950983540764, 0.07730199626215141, 0.7342640379607754, 0.06505445584166554]], "ideal": "B", "sampled": "B", "correct": true}}
{"type": "result", "data": {"idx": 11, "options": ["conduction", "convection", "radiation", "radioactivity"], "probs": [[0.0008643764895726531, 0.001666730392242948, 0.9937427577912452, 0.0037261352269391604], [0.002192752764229243, 0.9951049658729021, 0.0004219448337283291, 0.002280336429140371], [0.9993412310324928, 0.0002052354041523025, 0.00010476519377849296, 0.0003487682695763598], [0.0004463860104243077, 0.0007775447791246934, 0.0012229896008047441, 0.9975530795096462]], "ideal": "C", "sampled": "C", "correct": true}}
{"type": "result", "data": {"idx": 12, "options": ["half, 1 A", "2 A", "Depends on which lamp is closer to the battery", "Not enough information to say"], "probs": [[0.8866702989158832, 0.07752783140858834, 0.009851621816204876, 0.025950247759323572], [0.40839499307138744, 0.02532389578216584, 0.10994896312066563, 0.4563321479257811], [0.01379535851917572, 0.020709286563085693, 0.9310760132920313, 0.03441934152570731], [0.03379671836660635, 0.7883993230939895, 0.13267315174093788, 0.045130806698466204]], "ideal": "B", "sampled": "A", "correct": false}}
{"type": "result", "data": {"idx": 13, "options": ["increase.", "decrease.", "remain unchanged.", "None of these."], "probs": [[0.8959917079504066, 0.05059097103057147, 0.0406377550352078, 0.012779565883814153], [0.16620093586562618, 0.04915993593201753, 0.03891022527631411, 0.7457289028260422], [0.08538727983831221, 0.045720084304854726, 0.8111234094961088, 0.057769226260724234], [0.09434285154506158, 0.7551367394636438, 0.09592026614064807, 0.054600142750646584]], "ideal": "A", "sampled": "A", "correct": true}}
{"type": "result", "data": {"idx": 14, "options": ["2mg", "mg", "mg/2", "mg/4"], "probs": [[0.04124748330128331, 0.5357686163636478, 0.3247886590145876, 0.09819524122048125], [0.32576515849616705, 0.45307428874730243, 0.10673088956128828, 0.11442966309524229], [0.2817404143942599, 0.36215443776706324, 0.18498486941760747, 0.17112027832106944], [0.13099413718480823, 0.15558146965195196, 0.35358398095457516, 0.35984041210866463]], "ideal": "B", "sampled": "C", "correct": false}}
{"type": "result", "data": {"idx": 15, "options": ["less.", "equal.", "greater.", "none because it sinks."], "probs": [[0.9979263701736356, 0.0005900510909663181, 0.00038360953974089237, 0.0010999690956572034], [0.0017472315522239453, 0.0011744674416956694, 0.0008332840933013959, 0.996245016812779], [0.0036948235851395096, 0.002901346790152275, 0.986815419161676, 0.006588410363032203], [0.0022809302279446, 0.9881184244877051, 0.002627754780698667, 0.006972890403651603]], "ideal": "A", "sampled": "A", "correct": true}}
{"type": "result", "data": {"idx": 16, "options": ["red.", "green.", "white minus red.", "a mixture of green and yellow."], "probs": [[0.999523481295309, 0.00025144615724549403, 0.00011697612592700095, 0.000108096321518462], [0.0024400862637083374, 0.002007851128458222, 0.0019320283253437712, 0.9936200341824897], [0.0013004262339616044, 0.0008400133278117497, 0.996453222012322, 0.0014063383259046724], [0.0022840493534498595, 0.9967118605527228, 0.00045706305658556724, 0.0005470269372418367]], "ideal": "A", "sampled": "A", "correct": true}}
{"type": "result", "data": {"idx": 17, "options": ["speed", "frequency", "wavelength", "All of these"], "probs": [[0.4179952364370351, 0.41139700238396093, 0.1378670010975158, 0.03274075998148815], [0.6774984925586505, 0.10725134384404296, 0.16615202335833085, 0.04909814013897573], [0.24378984400546017, 0.2403332960464618, 0.28995103505188585, 0.22592582479619217], [0.2655491094111807, 0.28272913409099976, 0.39899990857873374, 0.05272184781908575]], "ideal": "B", "sampled": "B", "correct": true}}
{"type": "result", "data": {"idx": 18, "options": ["volume", "mass", "weight", "density"], "probs": [[0.6349113914061941, 0.04458739095563661, 0.06388088648251303, 0.2566203310556562], [0.004151452133937122, 0.0018724826427177058, 0.05384890245801678, 0.9401271626653284], [0.012700630031264638, 0.007585734868767342, 0.9482778071376297, 0.031435827862338395], [0.06167062158842121, 0.9068455382709795, 0.014883589416471383, 0.016600250624127955]], "ideal": "D", "sampled": "A", "correct": false}}
{"type": "result", "data": {"idx": 19, "options": ["transverse waves", "longitudinal waves", "all waves", "None of these"], "probs": [[0.9754023732547962, 0.003745302165596224, 0.01902706281267781, 0.001825261666929769], [0.024463995605198043, 0.8766347520116992, 0.013514345132856214, 0.0853869071502466], [0.012824619951730861, 0.01924793583197721, 0.9576251380987687, 0.010302306017523178], [0.035378947634305, 0.8181391572989274, 0.006545836288881219, 0.13993605867788636]], "ideal": "A", "sampled": "A", "correct": true}}
{"type": "result", "data": {"idx": 20, "options": ["buoyant force", "mass", "weight", "All of these"], "probs": [[0.058041165909240584, 0.2158024746110946, 0.5868086973133461, 0.13934766206631874], [0.43892718828679, 0.23903257453768212, 0.28839761982797446, 0.03364261724755342], [0.4687362067163962, 0.19887154024569767, 0.028622661102934367, 0.30376959183497176], [0.08624608438281275, 0.025116752043993867, 0.39915077604174354, 0.48948638743144984]], "ideal": "A", "sampled": "C", "correct": false}}
{"type": "result", "data": {"idx": 21, "options": ["thermal energy.", "vibrational kinetic energy.", "average translational kinetic energy.", "rotational kinetic energy."], "probs": [[0.02598039041214367, 0.019310066330662057, 0.9452988433987913, 0.009410699758402943], [0.05769798019310202, 0.7035391755704204, 0.014034339816868528, 0.224728504319609], [0.9943001150075569, 0.002159348197250193, 0.002210435430801753, 0.0013301012643912133], [0.011788849236515351, 0.5257373652409588, 0.005837875640695974, 0.45663590978182983]], "ideal": "C", "sampled": "C", "correct": true}}
{"type": "result", "data": {"idx": 22, "options": ["move farther than the input piston", "exceed the force input", "exceed the input piston\u2019s speed", "produce increased energy"], "probs": [[0.9497431024790555, 0.021659056465697234, 0.006255126699962494, 0.022342714255284824], [0.7541389772662211, 0.007999525099210933, 0.02502594047342362, 0.21283555706114426], [0.16221436070970782, 0.04948818815993188, 0.6943879386570937, 0.09390951237326664], [0.3474187513754435, 0.23166382051553525, 0.38192677067208075, 0.03899065733694054]], "ideal": "D", "sampled": "A", "correct": false}}
{"type": "result", "data": {"idx": 23, "options": ["decreases", "increases", "remains unchanged", "may increase or decrease"], "probs": [[0.03356428083479647, 0.9374833583922978, 0.012848981264089277, 0.016103379408816416], [0.8585488635458395, 0.03898122088628821, 0.04924234655673216, 0.05322756891114019], [0.16640704620594107, 0.27054902505331263, 0.352535421328228, 0.21050850731251827], [0.05626846781690319, 0.02700091314411172, 0.895214010687452, 0.02151660825153308]], "ideal": "C", "sampled": "B", "correct": false}}
{"type": "result", "data": {"idx": 24, "options": ["half the bend.", "the same bend if the branch doesn\u2019t break.", "twice the bend.", "4 times the bend."], "probs": [[0.18328351463345874, 0.33778600159582733, 0.4332742852014014, 0.04565619846931253], [0.48093679900826347, 0.38143381756778283, 0.07042829744132627, 0.06720108588262742], [0.30870214101565385, 0.029193703082264728, 0.03690227493274738, 0.625201880869334], [0.04381667802938645, 0.026593254361480616, 0.8549768755495711, 0.07461319195956181]], "ideal": "C", "sampled": "B", "correct": false}}
{"type": "result", "data": {"idx": 25, "options": ["increases but less than doubles", "doubles", "more than doubles", "depends on factors not stated"], "probs": [[0.015608324769495373, 0.9445710838870844, 0.00803641793820264, 0.03178417330521756], [0.6360535013113146, 0.15855696766251803, 0.025849239849975312, 0.1795402910761921], [0.42933773030507816, 0.032608761651337505, 0.07345563753431426, 0.4645978704092701], [0.02292211580375112, 0.01025538816466109, 0.9307539030764114, 0.03606859285517636]], "ideal": "A", "sampled": "B", "correct": false}}
{"type": "result", "data": {"idx": 26, "options": ["1 minute.", "2 minutes.", "5 minutes.", "9 minutes."], "probs": [[0.1527018455888011, 0.24412901732095493, 0.384196437308728, 0.218972699681516], [0.3841728131592924, 0.24051128212327083, 0.17880164726396294, 0.1965142573534738], [0.377133439146013, 0.0778344009378144, 0.37748591119447417, 0.1675462486216984], [0.2681592880744122, 0.3089006404761237, 0.22957823141998995, 0.19336183992947414]], "ideal": "D", "sampled": "C", "correct": false}}
{"type": "result", "data": {"idx": 27, "options": ["move at a constant speed in a straight line", "accelerate at a constant rate in a straight line", "come to rest", "increase its amount of inertia"], "probs": [[0.9824750469494655, 0.0060794801773302355, 0.006997796315123176, 0.004447676458081088], [0.08134485303102054, 0.032371999655932286, 0.010108748788073108, 0.876174398424974], [0.003974731177173056, 0.0042324472017745, 0.9811538739780327, 0.010638947543019774], [0.00527671305655667, 0.9832160476465114, 0.004514925649177913, 0.006992313547754067]], "ideal": "A", "sampled": "A", "correct": true}}
{"type": "result", "data": {"idx": 28, "options": ["everyday low speeds.", "relativistic speeds.", "Both of these.", "Neither of these."], "probs": [[0.006175760886149675, 0.8689952772258562, 0.10535037878902938, 0.019478582998964718], [0.9222031787875697, 0.06589674173243407, 0.007275669800900325, 0.004624409579095812], [0.16688231749171906, 0.016544047371639368, 0.016949507958620665, 0.7996241270780209], [0.0018045252489038923, 0.002841673299659568, 0.9820199518649484, 0.013333849486488155]], "ideal": "C", "sampled": "B", "correct": false}}
{"type": "result", "data": {"idx": 29, "options": ["evaporation", "condensation", "Both", "Neither"], "probs": [[0.1124824235111158, 0.2104136402509662, 0.6482104368659649, 0.028893499271953123], [0.2561066236275613, 0.20047504379933304, 0.04644533774540306, 0.49697299472770257], [0.04483865515090927, 0.023864233552793344, 0.6664630087073491, 0.26483410248894823], [0.0761954302515487, 0.36461978068534, 0.3761743204904446, 0.1830104684726667]], "ideal": "C", "sampled": "A", "correct": false}}
{"type": "result", "data": {"idx": 30, "options": ["shorter", "taller", "equal in height", "inoperable"], "probs": [[0.2774182013408993, 0.22657050612110857, 0.4721460429879134, 0.023865249450078677], [0.410781876340271, 0.37454347543066235, 0.040685983869187495, 0.1739886642598791], [0.08683849277882695, 0.01557702452631402, 0.8511064931577387, 0.04647798943712031], [0.3136008358164883, 0.05121967902848767, 0.43574428229337375, 0.19943520276165025]], "ideal": "B", "sampled": "A", "correct": false}}
{"type": "result", "data": {"idx": 31, "options": ["force due to gravity is the same on each.", "air resistance is always zero in free fall.", "inertia of both rocks is the same.", "ratio of force to mass is the same."], "probs": [[0.9656428394490187, 0.00848989773472308, 0.007322137468349494, 0.01854512524790863], [0.050703989877220225, 0.04270470030576271, 0.07380834773689615, 0.8327829619801209], [0.7069009252083082, 0.057142486311118096, 0.19348271886444215, 0.0424738695161316], [0.8626446736083135, 0.10978082609859881, 0.0059582841518361655, 0.02161621604125144]], "ideal": "D", "sampled": "A", "correct": false}}
{"type": "result", "data": {"idx": 32, "options": ["increases but less than doubles", "doubles", "more than doubles", "depends on factors not stated"], "probs": [[0.020283007727805544, 0.9336281296135472, 0.011030588154110467, 0.03505827440453675], [0.6548914898180073, 0.16315799918551832, 0.02138494146117772, 0.16056556943529665], [0.36685108178181514, 0.02786244751593076, 0.0793432051035304, 0.5259432654987237], [0.01892174223148267, 0.0088724168091265, 0.9488329895277999, 0.02337285133159087]], "ideal": "C", "sampled": "B", "correct": false}}
{"type": "result", "data": {"idx": 33, "options": ["equals mass moving at the speed of light squared.", "equals moving mass.", "is fundamentally different than mass.", "and mass are closely related."], "probs": [[0.016746819983478333, 0.020206690613129748, 0.003979434511396314, 0.9590670547919956], [0.0022400051949168684, 0.0008307732689223525, 0.9929043707428873, 0.004024850693273499], [0.003918906045321274, 0.9825070092202557, 0.005838996488170418, 0.007735088146252584], [0.9978638833842125, 0.0012345394286183442, 0.00045089420504049887, 0.0004506828821286869]], "ideal": "D", "sampled": "D", "correct": true}}
{"type": "result", "data": {"idx": 34, "options": ["light leaving the Sun is slowed by gravity.", "light passing the Sun is deflected.", "a clock on the Sun\u2019s surface runs faster than on Earth.", "All of these."], "probs": [[0.003391890466688883, 0.5704111701997642, 0.0021734119861265048, 0.4240235272474205], [0.7466255540392859, 0.0041708988774306925, 0.24258840454431338, 0.006615142438970091], [0.04058927995174349, 0.8416503392964981, 0.009062075981066127, 0.10869830467069222], [0.8059447256797625, 0.044073979476269336, 0.09336954180391849, 0.05661175294004967]], "ideal": "D", "sampled": "D", "correct": true}}
{"type": "result", "data": {"idx": 35, "options": ["reduces by 2", "reduces by 4", "increases by 2", "increases by 4"], "probs": [[0.8204874380202463, 0.04630194559132329, 0.08388145115783772, 0.04932916513059276], [0.3604690595926089, 0.054430955850442206, 0.533137837999725, 0.05196214645722392], [0.8019953697935517, 0.11929756145578178, 0.039959678197219226, 0.03874739045344732], [0.5427426735718407, 0.05812175614641353, 0.3047103308187468, 0.09442523936299894]], "ideal": "A", "sampled": "D", "correct": false}}
{"type": "result", "data": {"idx": 36, "options": ["increases", "decreases", "remains the same", "Not enough information to say"], "probs": [[0.04097545231939719, 0.007462184778098881, 0.9476296171674534, 0.003932745635050536], [0.02781210917176397, 0.8661184552037668, 0.02035464589340036, 0.08571478963106884], [0.9229867522664956, 0.005577345523051965, 0.06794289108107907, 0.0034930110293733977], [0.10947650955392729, 0.42003546256189417, 0.05681458635694161, 0.4136734414272369]], "ideal": "A", "sampled": "C", "correct": false}}
{"type": "result", "data": {"idx": 37, "options": ["30 km/h", "40 km/h", "50 km/h", "60 km/h"], "probs": [[0.1850194930845254, 0.2096084356098375, 0.30984935161353105, 0.2955227195921061], [0.08697005327934078, 0.4451887805145935, 0.25766325670914814, 0.21017790939691758], [0.3904675906227418, 0.2089730674431523, 0.18159820545298597, 0.21896113638111994], [0.3003429993942295, 0.13533225172390131, 0.2866257642389135, 0.2776989845429557]], "ideal": "C", "sampled": "C", "correct": true}}
{"type": "result", "data": {"idx": 38, "options": ["amplitude", "polarization", "momentum", "frequency"], "probs": [[0.000872533219619382, 0.0007347835624526751, 0.0029290950577347133, 0.9954635880601932], [0.0018405025868779281, 0.007393980324885767, 0.9838193580248082, 0.0069461589634280865], [0.006004166655247872, 0.9866458553242403, 0.0015301325715182238, 0.005819845348993587], [0.9995269295213975, 0.00027806175380118355, 9.028158924660015e-05, 0.00010472703555465697]], "ideal": "D", "sampled": "D", "correct": true}}
{"type": "result", "data": {"idx": 39, "options": ["electrons", "protons", "neutrons", "ions"], "probs": [[0.9824102369947485, 0.009122020046896308, 0.002803878752876096, 0.0056638641054790675], [0.008891392401282748, 0.003402811095554236, 0.058439435326958285, 0.9292663610762047], [0.002144969702716568, 0.006404081397184399, 0.988402325114112, 0.0030486236859870682], [0.013231277548820856, 0.9804397475013567, 0.0025658238726897803, 0.0037631509771326455]], "ideal": "A", "sampled": "A", "correct": true}}
{"type": "result", "data": {"idx": 40, "options": ["less.", "more.", "the same.", "Need more information."], "probs": [[0.4061361876168322, 0.06632122927951117, 0.4981097083389301, 0.029432874664726563], [0.08214773887185124, 0.073689146205471, 0.010368395485170483, 0.8337947193375073], [0.02890014725654507, 0.018513096321649488, 0.915465497986713, 0.03712125833509253], [0.018524742441557752, 0.8338644571673883, 0.10583590044807152, 0.041774899842982424]], "ideal": "C", "sampled": "A", "correct": false}}
{"type": "result", "data": {"idx": 41, "options": ["overlapping one another", "constructively interfering", "moving slower than the source producing them", "All of these"], "probs": [[0.16792506603428334, 0.058061691295572856, 0.09876626351852491, 0.6752469790516189], [0.1885324970741815, 0.051569479600183245, 0.7014744673046729, 0.058423555920962406], [0.23240674686860582, 0.7278991104108238, 0.010138835326088242, 0.029555307294482188], [0.7187116004482077, 0.08589339054331913, 0.053775913688343, 0.14161909522013016]], "ideal": "D", "sampled": "D", "correct": true}}
{"type": "result", "data": {"idx": 42, "options": ["cold day", "hot day", "day with steady temperature", "None of these"], "probs": [[0.13375764092052683, 0.14029729887547684, 0.6096608269223676, 0.11628423318162877], [0.41073920706666067, 0.17413775361617845, 0.15364947684585153, 0.26147356237130936], [0.21218399345679678, 0.02237193434955833, 0.15055559321663672, 0.6148884788770081], [0.0867480395702127, 0.04944941732571317, 0.811179334593762, 0.05262320841031208]], "ideal": "B", "sampled": "B", "correct": true}}
{"type": "result", "data": {"idx": 43, "options": ["half", "twice", "the same", "None of these"], "probs": [[0.3580776194655179, 0.26658770737278076, 0.34202778718211546, 0.03330688587958583], [0.4517644698728878, 0.2348003123868394, 0.0433839854221758, 0.27005123221809696], [0.06987141426672484, 0.040169434235916276, 0.6796147442889794, 0.21034440710837954], [0.05372427948309129, 0.20298796133947175, 0.5023580601920721, 0.24092969888536483]], "ideal": "C", "sampled": "A", "correct": false}}
{"type": "result", "data": {"idx": 44, "options": ["hot to cold ever", "cold to hot ever", "hot to cold without external energy", "cold to hot without external energy"], "probs": [[0.03921839601753815, 0.021653594487330088, 0.8793312326671975, 0.0597967767279343], [0.017998765850523124, 0.6818106655536211, 0.27074756761777447, 0.029443000878081254], [0.9784163899224184, 0.006391333070226403, 0.0030673871019503006, 0.012124889805404927], [0.9329357963016178, 0.01417088353125515, 0.015566187409265162, 0.0373271326578618]], "ideal": "D", "sampled": "C", "correct": false}}
{"type": "result", "data": {"idx": 45, "options": ["hydrogen.", "oxygen.", "nitrogen.", "But all have the same speed on average."], "probs": [[0.7489264261731282, 0.054317368147515664, 0.09533303549676479, 0.10142317008259137], [0.19265377734895728, 0.04802095943232561, 0.051861275561867974, 0.7074639875568491], [0.06421591685213003, 0.007380300671539643, 0.9175914548550238, 0.010812327521306548], [0.2874228329430824, 0.627355921450272, 0.023449882060844893, 0.06177136344580074]], "ideal": "A", "sampled": "A", "correct": true}}
{"type": "result", "data": {"idx": 46, "options": ["greater", "less", "the same", "Any of these"], "probs": [[0.026666396530789897, 0.019505472343184418, 0.9258846994264166, 0.0279434315996091], [0.04412598776000589, 0.8274585953284774, 0.021687268562315735, 0.10672814824920092], [0.22987758477257608, 0.054596522988750285, 0.5781967258693517, 0.13732916626932196], [0.11335806239762461, 0.08168616252027379, 0.4084374436187912, 0.3965183313633104]], "ideal": "C", "sampled": "C", "correct": true}}
{"type": "result", "data": {"idx": 47, "options": ["less than 0.8 N", "0.8 N", "greater than 0.8 N", "dependent on the orientation of its body"], "probs": [[0.08973027771906023, 0.7402630472035977, 0.14801498996602008, 0.021991685011321968], [0.19148812052719438, 0.47469336673887214, 0.022714179430012287, 0.31110433320392117], [0.05513127273117544, 0.008591566078792696, 0.7863106245060462, 0.14996653658398568], [0.02020252369745777, 0.014224952509320423, 0.930376557327948, 0.03519596636527384]], "ideal": "B", "sampled": "B", "correct": true}}
{"type": "result", "data": {"idx": 48, "options": ["along and parallel to the wave", "perpendicular to the wave", "Both of these", "Neither of these"], "probs": [[0.4776713140373375, 0.01215275255486024, 0.49330871143780053, 0.016867221870001732], [0.1406451042721052, 0.4047085419769544, 0.037309583967724436, 0.4173367696832159], [0.15908245696283066, 0.012080573441890197, 0.8084538555590728, 0.02038311393620636], [0.19402102762716505, 0.7446021298207401, 0.016703143403067854, 0.044673699049026905]], "ideal": "A", "sampled": "A", "correct": true}}
{"type": "result", "data": {"idx": 49, "options": ["the work done on them", "motion", "Both of these", "Neither of these"], "probs": [[0.020858134856391645, 0.01180376646642533, 0.9454753051815766, 0.021862793395606435], [0.07392105502273438, 0.8878069867830349, 0.022026074818312504, 0.016245883275918215], [0.6266846883794415, 0.023996508618152914, 0.3357955637015134, 0.01352323920089219], [0.09373027620875199, 0.08826558093740476, 0.03190335559741954, 0.7861007871564237]], "ideal": "A", "sampled": "C", "correct": false}}
{"type": "result", "data": {"idx": 50, "options": ["voltage", "energy", "Both of these", "Neither of these"], "probs": [[0.9702859398311267, 0.005508309964644557, 0.019528961762016253, 0.004676788342212533], [0.046883622025856386, 0.05530111931447396, 0.004162928976237633, 0.893652329583432], [0.04142623202372049, 0.003349455150780232, 0.9507529294099244, 0.004471383315574908], [0.11822247188350406, 0.8748807627953683, 0.0023790505645121664, 0.00451771465661543]], "ideal": "A", "sampled": "A", "correct": true}}
{"type": "result", "data": {"idx": 51, "options": ["inside the nucleus", "outside the nucleus", "Either of these", "Neither of these"], "probs": [[0.9942509828402185, 0.0014840925130794414, 0.0036459796894580784, 0.000618944857243979], [0.003758537332291227, 0.005018629886309492, 0.0020294558485910515, 0.9891933768328082], [0.000840408996379977, 0.0003478195093338415, 0.9967484399687144, 0.00206333142557171], [0.011652170978404415, 0.9863750590766327, 0.000871219985577701, 0.001101549859385183]], "ideal": "A", "sampled": "A", "correct": true}}
{"type": "result", "data": {"idx": 52, "options": ["absorbed", "reflected", "scattered", "refracted"], "probs": [[0.019772473803584538, 0.03470496474993036, 0.9388473072312818, 0.006675254115203296], [0.12484900710251133, 0.3557527975557049, 0.009640912569285722, 0.5097572826724981], [0.038697059977485404, 0.015513546676610564, 0.9244197554460006, 0.0213696377999034], [0.03502083360674448, 0.9183616089879058, 0.03143224677533023, 0.015185310530019567]], "ideal": "A", "sampled": "A", "correct": true}}
{"type": "result", "data": {"idx": 53, "options": ["destruction", "interference", "resonance", "amplification"], "probs": [[0.0033334806892019323, 0.991947280905571, 0.0015872031762714897, 0.0031320351289555117], [0.9920088689812425, 0.006790380895353452, 0.0005490418759726469, 0.0006517081474313673], [0.007484091230317658, 0.006921672027965061, 0.004685154341312583, 0.9809090823004046], [0.0023288694790340463, 0.009805298605580466, 0.9848984336572917, 0.0029673981580937525]], "ideal": "B", "sampled": "B", "correct": true}}
{"type": "result", "data": {"idx": 54, "options": ["all the colors together", "two or more appropriate colors", "light when a prism is held upside down", "None of these"], "probs": [[0.16818090672180014, 0.7196638410087959, 0.030172143674386784, 0.08198310849501717], [0.9103374336161808, 0.013189754238685536, 0.024276496455718662, 0.052196315589415], [0.009144078807239366, 0.021591311006822, 0.9628312447785702, 0.0064333653073683945], [0.14157333243270587, 0.37307055815871265, 0.4574705310949779, 0.027885578213603556]], "ideal": "D", "sampled": "B", "correct": false}}
{"type": "result", "data": {"idx": 55, "options": ["about 1 A", "2 A", "Depends on which lamp is closer to the battery", "Not enough information to say"], "probs": [[0.5047934655571279, 0.4599709514627065, 0.007849513559608421, 0.027386069320557184], [0.7626871905652702, 0.010467303701299616, 0.113431302357774, 0.11341420327565611], [0.014009483026713983, 0.016502922245486443, 0.9310972602935988, 0.038390334334200735], [0.02431775377334472, 0.520372972687063, 0.44500969634106036, 0.01029957709853198]], "ideal": "D", "sampled": "A", "correct": false}}
{"type": "result", "data": {"idx": 56, "options": ["Speed only", "Wavelength only", "Both speed and wavelength", "Neither of these"], "probs": [[0.01442097883095908, 0.0666686301363544, 0.8923925823004178, 0.026517808632268703], [0.5618728179433498, 0.31520124400094623, 0.09172943848620187, 0.03119649946950214], [0.20606825329356007, 0.03015072913960038, 0.6153999738357226, 0.14838104363111687], [0.09126025706494842, 0.0870743869938746, 0.10342668201495003, 0.718238673826227]], "ideal": "C", "sampled": "C", "correct": true}}
{"type": "result", "data": {"idx": 57, "options": ["2 Hz", "4 Hz", "8 Hz", "16 Hz"], "probs": [[0.1604916846884742, 0.5604057049432695, 0.14391739032721143, 0.13518521994104485], [0.2802456491795533, 0.3772402236722069, 0.10641385138100855, 0.23610027566723124], [0.13127479663520816, 0.14417198929704012, 0.40452296106805574, 0.32003025289969594], [0.08736985371214824, 0.4103870185140739, 0.2413018846561533, 0.26094124301762456]], "ideal": "B", "sampled": "B", "correct": true}}
{"type": "result", "data": {"idx": 58, "options": ["frequency", "period", "wavelength", "amplitude"], "probs": [[0.0978593318554078, 0.009540634569268099, 0.00635591063336421, 0.8862441228419599], [0.006443698652816952, 0.006053965781087346, 0.9715525745594442, 0.015949760906651476], [0.017382114994411068, 0.964680783617284, 0.010220996958328926, 0.007716104329975932], [0.9947021959195755, 0.0031177242924324026, 0.0006957482543564392, 0.001484331433635652]], "ideal": "D", "sampled": "D", "correct": true}}
{"type": "result", "data": {"idx": 59, "options": ["charged", "uncharged", "Either of these", "Neither of these"], "probs": [[0.3657817244163942, 0.36641004677923117, 0.15261986850166, 0.11518836020271456], [0.5957810459668021, 0.1607160466962091, 0.07232535100229583, 0.1711775562346929], [0.10132825006009076, 0.04640612178599653, 0.4691519315500767, 0.38311369650383603], [0.19663833837337102, 0.13311396041991988, 0.5787729404745038, 0.09147476063220533]], "ideal": "C", "sampled": "B", "correct": false}}
{"type": "result", "data": {"idx": 60, "options": ["absorbed", "transmitted", "scattered", "polarized"], "probs": [[0.004669464489963717, 0.007175617125979029, 0.9856357217773646, 0.0025191965066926913], [0.0026940492082684953, 0.9904452770616663, 0.0006452357182926533, 0.006215437911772514], [0.0942826633963674, 0.014453000452341656, 0.8543584338676073, 0.03690590218368361], [0.14769106771755605, 0.3652484931003469, 0.017915658250544707, 0.4691447808315523]], "ideal": "C", "sampled": "C", "correct": true}}
{"type": "result", "data": {"idx": 61, "options": ["thorium-242", "thorium-238", "thorium-234", "radium-214"], "probs": [[0.9411381447052465, 0.02250078081864302, 0.012427306542185365, 0.023933767833925108], [0.977140509345997, 0.008202120355362528, 0.001964093112596667, 0.012693277086043718], [0.6320583105934476, 0.037968564067549886, 0.16757730825847048, 0.16239581698053193], [0.4108228140168154, 0.20680798845559628, 0.19116722396087948, 0.19120197346670884]], "ideal": "C", "sampled": "B", "correct": false}}
{"type": "result", "data": {"idx": 62, "options": ["toward you", "away from you", "Both of these", "None of these"], "probs": [[0.013589158425048016, 0.022057452798446127, 0.953087850233616, 0.011265538442889862], [0.03911106590536048, 0.933365537315484, 0.004528990899437395, 0.022994405779718136], [0.28546693811889784, 0.032036963727709096, 0.3785341665569866, 0.30396193149640655], [0.02644070424759246, 0.04428648889159591, 0.32735585499917663, 0.601916951761635]], "ideal": "C", "sampled": "C", "correct": true}}
{"type": "result", "data": {"idx": 63, "options": ["charge", "energy", "mass", "all of these"], "probs": [[0.288696985241846, 0.040952825577664886, 0.24325291226058957, 0.42709727681989956], [0.15689168956550212, 0.6820144094702375, 0.14518679758117672, 0.015907103283083632], [0.49588278257200075, 0.3864619888459717, 0.1008125801477959, 0.016842648334231634], [0.48702162512683655, 0.3857050178713318, 0.016805118981128016, 0.11046823792070361]], "ideal": "D", "sampled": "C", "correct": false}}
{"type": "result", "data": {"idx": 64, "options": ["unchanged", "twice as much", "half as much", "four times as much"], "probs": [[0.06027306346261984, 0.7466998957826092, 0.11439679795566056, 0.07863024269911041], [0.21078300552489176, 0.03662956891822182, 0.6700260663481064, 0.08256135910878003], [0.2632981020931786, 0.22196797195742043, 0.05186042343635585, 0.4628735024130451], [0.05067308298199379, 0.014298818098516245, 0.912894787103993, 0.022133311715496942]], "ideal": "B", "sampled": "B", "correct": true}}
{"type": "result", "data": {"idx": 65, "options": ["breaking the sound barrier", "pulling out of a subsonic dive", "flying faster than sound", "Each of these produces a sonic boom"], "probs": [[0.9220729294070664, 0.030586165837420114, 0.03692474384358868, 0.010416160811924797], [0.006365046818015555, 0.9090034935394171, 0.010015906737071303, 0.07461555280549596], [0.9412229564220244, 0.010959888462924191, 0.042714959430996034, 0.00510219558405541], [0.019123356288757797, 0.9364874713847379, 0.011070951529615207, 0.033318220696889146]], "ideal": "C", "sampled": "A", "correct": false}}
{"type": "result", "data": {"idx": 66, "options": ["becomes slightly radioactive", "doesn\u2019t become radioactive", "will spoil faster", "should be avoided"], "probs": [[0.8456173632821169, 0.10263518357705495, 0.02988873827779254, 0.021858714763035546], [0.011751649155864524, 0.005175173420023664, 0.003816311471239707, 0.9792568658528721], [0.0389889800122309, 0.017573566483629427, 0.821400255615444, 0.12203719778869565], [0.05392852143776814, 0.8848117723646898, 0.03146785333233083, 0.02979185276521125]], "ideal": "B", "sampled": "A", "correct": false}}
{"type": "result", "data": {"idx": 67, "options": ["fluorescence.", "coherence.", "polarization.", "de-excitation."], "probs": [[0.9967155344734777, 0.0009311942744850014, 0.0008416665274298122, 0.0015116046246075189], [0.0009715815119804671, 0.001402994207838083, 0.011123713555693053, 0.9865017106244884], [0.002064887541868346, 0.005702059370236366, 0.9899820085101491, 0.0022510444777462677], [0.020536010999185884, 0.9750631410902386, 0.001224892092411942, 0.0031759557181635666]], "ideal": "D", "sampled": "A", "correct": false}}
{"type": "result", "data": {"idx": 68, "options": ["reflected or converted to internal energy in the material.", "mainly reflected.", "mainly refracted.", "transmitted at a lower frequency."], "probs": [[0.8953286675311459, 0.044579991532278235, 0.04192776357493035, 0.018163577261645508], [0.9223538315075316, 0.05124478939392687, 0.006626427370434784, 0.01977495162810677], [0.006336286501094483, 0.006094170111935553, 0.96346566584077, 0.024103877446199986], [0.00236084537202166, 0.9758327875781402, 0.007564635696488606, 0.014241731253349545]], "ideal": "A", "sampled": "A", "correct": true}}
{"type": "result", "data": {"idx": 69, "options": ["1/100 as much", "10 times as much", "100 times as much", "1000 times as much"], "probs": [[0.3414732268330699, 0.07624085360361949, 0.47476632105678646, 0.10751959840652416], [0.30360855970605727, 0.09267497599669702, 0.06993983528943194, 0.5337766289078137], [0.03556032206984963, 0.01238734160555505, 0.9041873227820739, 0.047865013442521406], [0.08125722165316714, 0.6204252057520447, 0.13406733767637036, 0.1642502348184178]], "ideal": "C", "sampled": "A", "correct": false}}
{"type": "result", "data": {"idx": 70, "options": ["direction", "energy", "Both of these", "Neither of these"], "probs": [[0.06970266321994249, 0.021598282969984665, 0.8905139298093814, 0.018185123900691515], [0.0986502476756086, 0.2948652232271862, 0.01098602181085812, 0.595498507186347], [0.13229119634669886, 0.006639923362925579, 0.8365976123970918, 0.024471267793283645], [0.14362994048991884, 0.7652944439673222, 0.010489553368377078, 0.08058606207438197]], "ideal": "A", "sampled": "A", "correct": true}}
{"type": "result", "data": {"idx": 71, "options": ["more dense", "less dense", "more slippery", "warmer"], "probs": [[0.22856348410051905, 0.7382756246138475, 0.015808178905345752, 0.017352712280287622], [0.5197186251005609, 0.06926233823879194, 0.018364201700720836, 0.39265483485992636], [0.26397169917599206, 0.01399329959690553, 0.014902349533641482, 0.707132651593461], [0.04214001819069986, 0.021190524099138273, 0.9017373322538814, 0.03493212535628042]], "ideal": "A", "sampled": "B", "correct": false}}
{"type": "result", "data": {"idx": 72, "options": ["frequency.", "wavelength.", "air temperature.", "All of these."], "probs": [[0.008280340781807682, 0.005102084141323674, 0.013871179296785273, 0.9727463956800834], [0.009336713065782026, 0.011174107140945614, 0.9607730449739895, 0.01871613471928289], [0.04234912954432015, 0.9424205106894303, 0.0030930148705538337, 0.01213734479569573], [0.9741309685181712, 0.010249720680090087, 0.0055307628405231405, 0.010088547861215632]], "ideal": "C", "sampled": "D", "correct": false}}
{"type": "result", "data": {"idx": 73, "options": ["conduction", "convection", "radiation", "All of these, although radiation is greatest"], "probs": [[0.0027533534849711492, 0.0073103267833150055, 0.9653870604012055, 0.024549259230508352], [0.005625889175591817, 0.9766620405686961, 0.010428880350020795, 0.007283189805691283], [0.978515711759799, 0.016066224712807615, 0.0012888013889167148, 0.0041292620384765985], [0.3138546687710963, 0.007556972660836466, 0.03414430142513118, 0.6444440570429361]], "ideal": "C", "sampled": "C", "correct": true}}
