{"type": "result", "data": {"idx": 0, "options": ["10%", "20%", "40%", "80%"], "probs": [[0.017931440409139892, 0.16487122671273088, 0.4625671691480892, 0.35463016363004], [0.09600808184354807, 0.6260917595567532, 0.08086663987821391, 0.19703351862148483], [0.27388618617982474, 0.1196405568438586, 0.09467217003377044, 0.5118010868425462], [0.04287398895971635, 0.030397473398059725, 0.2014046991413819, 0.725323838400842]], "ideal": "C", "sampled": "C", "correct": true}}
{"type": "result", "data": {"idx": 1, "options": ["About $300", "About $3k", "About $8k", "About $15k"], "probs": [[0.07738230319007552, 0.25986698073629394, 0.46339735038863894, 0.19935336558499156], [0.2464124365200223, 0.460719636395702, 0.23520274019864434, 0.05766518678563136], [0.34608045102946144, 0.44470839692302394, 0.07144414739095661, 0.13776700455655805], [0.20251820677701707, 0.07450814433383703, 0.48607688413055405, 0.23689676465859186]], "ideal": "B", "sampled": "C", "correct": false}}
{"type": "result", "data": {"idx": 2, "options": ["52%", "62%", "72%", "82%"], "probs": [[0.8481528087398184, 0.09819653487804116, 0.029951408480831377, 0.02369924780130914], [0.8282473209901012, 0.0886882035150085, 0.029249277398779822, 0.053815197996110474], [0.6239922092528427, 0.13081261611772238, 0.13498719135802556, 0.11020798317140934], [0.7592566638979523, 0.07757662402981925, 0.09359150426707263, 0.06957520770515577]], "ideal": "C", "sampled": "B", "correct": false}}
{"type": "result", "data": {"idx": 3, "options": ["China", "United States", "Germany", "Japan"], "probs": [[0.88034775135091, 0.05454557159877614, 0.060866409218382184, 0.004240267731931672], [0.03569464634681624, 0.07438950728587873, 0.011234216935120252, 0.8786816293321847], [0.0340598688277153, 0.016341426304567943, 0.9209137570848522, 0.02868494768286453], [0.012200726819476423, 0.8420685913169119, 0.09017776470213903, 0.055552917061472584]], "ideal": "A", "sampled": "A", "correct": true}}
{"type": "result", "data": {"idx": 4, "options": ["by 5 fold", "by 10 fold", "by 15 fold", "by 20 fold"], "probs": [[0.20624502522730398, 0.4648198824870823, 0.16318508525824846, 0.1657500069273653], [0.22363836394581885, 0.41135634741972, 0.2272064170846702, 0.13779887144979097], [0.25812132702399915, 0.4255989149144219, 0.13605103706257232, 0.18022872089900657], [0.3245673130937599, 0.3509697265427553, 0.2031576155942532, 0.12130534466923161]], "ideal": "C", "sampled": "D", "correct": false}}
{"type": "result", "data": {"idx": 5, "options": ["Lower respiratory infections", "Preterm birth complications", "Diarrheal diseases", "Malaria"], "probs": [[0.4513875018587406, 0.4957759428535267, 0.044695915264656196, 0.008140639923076471], [0.06467181181519488, 0.09263429414523922, 0.003735306986712916, 0.838958586952853], [0.06137248048018241, 0.025186491799247205, 0.8212943565227959, 0.09214667109777445], [0.007599135709317017, 0.935092666662502, 0.031996031683299564, 0.025312165844881447]], "ideal": "A", "sampled": "A", "correct": true}}
{"type": "result", "data": {"idx": 6, "options": ["10%", "20%", "30%", "40%"], "probs": [[0.059104745862506185, 0.4435933364635669, 0.29097582803082056, 0.20632608954310633], [0.07556877453395766, 0.5084059947609475, 0.2989567584757339, 0.11706847212936096], [0.1697957968906979, 0.6211279057132253, 0.06151650495776975, 0.14755979233830707], [0.7089842119621993, 0.08873322058475543, 0.11759151780006488, 0.0846910495529804]], "ideal": "C", "sampled": "D", "correct": false}}
{"type": "result", "data": {"idx": 7, "options": ["29%", "49%", "69%", "89%"], "probs": [[0.12997857703299245, 0.5304924644366241, 0.24290314633973892, 0.09662581209064447], [0.18854492534569497, 0.4453915324595147, 0.1915828103578918, 0.17448073173689851], [0.10053347050138312, 0.0944470465088811, 0.625728487905872, 0.1792909949838638], [0.011432235159975643, 0.36413174965725925, 0.521706940149053, 0.10272907493371215]], "ideal": "C", "sampled": "B", "correct": false}}
{"type": "result", "data": {"idx": 8, "options": ["18%", "38%", "58%", "78%"], "probs": [[0.06791866620635299, 0.33966979634099326, 0.41617402740261134, 0.17623750995004245], [0.31672482115103245, 0.3218103790770695, 0.2585869248811219, 0.10287787479077612], [0.3301566989319661, 0.20664893654981842, 0.20991850448900085, 0.25327585992921464], [0.13673376360561623, 0.06260486319660125, 0.5243122889657401, 0.27634908413204234]], "ideal": "C", "sampled": "B", "correct": false}}
{"type": "result", "data": {"idx": 9, "options": ["11%", "26%", "41%", "56%"], "probs": [[0.03838368834487565, 0.3214231395240964, 0.4192629111221312, 0.22093026090889673], [0.2616275172679009, 0.28738196824949197, 0.3633368204666383, 0.0876536939159688], [0.25211859122554436, 0.36688349193962483, 0.1288000811328846, 0.2521978356019462], [0.20226706127192562, 0.07211951541802761, 0.48534291528825646, 0.24027050792179033]], "ideal": "B", "sampled": "B", "correct": true}}
{"type": "result", "data": {"idx": 10, "options": ["23%", "38%", "53%", "68%"], "probs": [[0.09426853734602192, 0.18174305420978093, 0.4941569827438187, 0.22983142560037842], [0.21216948869925273, 0.25600509688655565, 0.39040349164857824, 0.14142192266561338], [0.5864714848452364, 0.19651226258148005, 0.13506717676658653, 0.08194907570669704], [0.5842418335200059, 0.06658990978185612, 0.18681562780131675, 0.1623526287968212]], "ideal": "D", "sampled": "C", "correct": false}}
{"type": "result", "data": {"idx": 11, "options": ["5%", "10%", "15%", "25%"], "probs": [[0.34459147266641443, 0.3555209967495375, 0.13709047904055724, 0.16279705144349083], [0.30071755344490425, 0.24928788095342064, 0.15847779336543213, 0.291516772136243], [0.26788330075446165, 0.12653014062569842, 0.33342510458473, 0.2721614539351099], [0.22442872303607383, 0.5300266864341935, 0.16166974647189042, 0.08387484395784231]], "ideal": "B", "sampled": "A", "correct": false}}
{"type": "result", "data": {"idx": 12, "options": ["2%", "4%", "9%", "18%"], "probs": [[0.09335504213148582, 0.0672398617101949, 0.09336578586926585, 0.7460393101890535], [0.17392779949902873, 0.18227327007675775, 0.48786605781201026, 0.15593287251220325], [0.10412863610175288, 0.5992307215902958, 0.12759864868447865, 0.1690419935234727], [0.2894581383500237, 0.17556010628612953, 0.221963571170809, 0.3130181840930378]], "ideal": "C", "sampled": "D", "correct": false}}
{"type": "result", "data": {"idx": 13, "options": ["minimum wage legislation", "land reform", "progressive taxation", "increased access to education"], "probs": [[0.30153944411377964, 0.4321914218189192, 0.0455552403831694, 0.2207138935841318], [0.12087305838718503, 0.013150520033541146, 0.12476676888558862, 0.7412096525936852], [0.0015032723194441588, 0.024638229786427053, 0.5436218934029301, 0.4302366043911987], [0.0042759005002358874, 0.867810312280434, 0.059969600127705934, 0.06794418699162412]], "ideal": "A", "sampled": "A", "correct": true}}
{"type": "result", "data": {"idx": 14, "options": ["36%", "56%", "76%", "96%"], "probs": [[0.37367430186381545, 0.42352226214523947, 0.14636444989482542, 0.05643898599611965], [0.36987748962834993, 0.34754509121093463, 0.09651013488772, 0.18606728417299542], [0.19673703022607653, 0.0690629536123666, 0.6352387476751132, 0.09896126838644363], [0.03311731281129159, 0.45019870824261143, 0.3561364994730932, 0.16054747937300376]], "ideal": "B", "sampled": "A", "correct": false}}
{"type": "result", "data": {"idx": 15, "options": ["6%", "13%", "27%", "46%"], "probs": [[0.0059152581122297815, 0.02821718730616693, 0.5243197708293984, 0.4415477836522049], [0.010162740401533563, 0.5593474720355001, 0.37846489201898054, 0.05202489544398578], [0.16445093365151664, 0.5146091869191791, 0.02770626379533129, 0.293233615533973], [0.08372533304948303, 0.025934794866801874, 0.05755349237351982, 0.8327863796101953]], "ideal": "B", "sampled": "C", "correct": false}}
{"type": "result", "data": {"idx": 16, "options": ["34%", "49%", "64%", "79%"], "probs": [[0.15899363632381386, 0.34735495883790934, 0.3017849713794097, 0.19186643335886705], [0.34721542829310287, 0.3017493649233416, 0.21065597782460418, 0.1403792288589514], [0.43334697629709223, 0.13218209737031508, 0.25087333844507387, 0.1835975877875188], [0.32229522206207206, 0.12044156844560956, 0.29816479024429177, 0.2590984191480266]], "ideal": "A", "sampled": "C", "correct": false}}
{"type": "result", "data": {"idx": 17, "options": ["62%", "72%", "82%", "92%"], "probs": [[0.9044994374019119, 0.044339662624199465, 0.03295541804120384, 0.018205481832684882], [0.7951629849556248, 0.07169460050488731, 0.039598622641565086, 0.0935437917979229], [0.4075853288896392, 0.09681578123816939, 0.30297503323766295, 0.19262385653452843], [0.12470287830161482, 0.23667846697118594, 0.44229850512501245, 0.19632014950218676]], "ideal": "C", "sampled": "A", "correct": false}}
{"type": "result", "data": {"idx": 18, "options": ["About $3k", "About $8k", "About $15k", "About $30k"], "probs": [[0.12041500092512983, 0.4476433927379219, 0.25105060453701533, 0.1808910016999329], [0.21544280921652373, 0.4155606967627265, 0.24806386772821165, 0.12093262619253813], [0.23406775896006451, 0.1940817857263722, 0.1272962356049291, 0.44455421960863417], [0.1392055410244275, 0.1190810913002294, 0.5683582255165184, 0.17335514205882474]], "ideal": "C", "sampled": "B", "correct": false}}
{"type": "result", "data": {"idx": 19, "options": ["55,000", "550,000", "5,500,000", "55,000,000"], "probs": [[0.03190799778449342, 0.715095514620145, 0.16207924362827364, 0.09091724386708801], [0.7803974092686793, 0.11600533785252023, 0.06820729323385093, 0.03538995954494956], [0.0681287459143996, 0.03942687216229201, 0.112354749112065, 0.7800896327112434], [0.031485751268099285, 0.13892209528487487, 0.6425896882368275, 0.18700246511019838]], "ideal": "B", "sampled": "B", "correct": true}}
{"type": "result", "data": {"idx": 20, "options": ["25%", "45%", "65%", "85%"], "probs": [[0.2815385590785204, 0.3673364300756026, 0.190591443126726, 0.16053356761915097], [0.44676572745692034, 0.2753596942650048, 0.12808095108302556, 0.14979362709504931], [0.3267230190523481, 0.18332234569511466, 0.29768080403452973, 0.19227383111800753], [0.34334092817239387, 0.28472885062337466, 0.22181011403652048, 0.15012010706771095]], "ideal": "A", "sampled": "B", "correct": false}}
{"type": "result", "data": {"idx": 21, "options": ["24%", "44%", "64%", "84%"], "probs": [[0.0902882949874668, 0.5449718155171117, 0.21340861596404348, 0.151331273431378], [0.18846594637830652, 0.4817210948754923, 0.18281713943518033, 0.14699581921102084], [0.3559017287107563, 0.3398694198944869, 0.15561970040492795, 0.14860915088982884], [0.45922405450412684, 0.16901739674528768, 0.19165096318365576, 0.1801075854669297]], "ideal": "A", "sampled": "C", "correct": false}}
{"type": "result", "data": {"idx": 22, "options": ["25%", "40%", "55%", "75%"], "probs": [[0.41115273349448944, 0.2235971177172555, 0.1883426504900248, 0.1769074981982303], [0.4511953264736144, 0.2269487367014873, 0.12151499815649568, 0.20034093856840265], [0.3327380617304282, 0.17264143606362567, 0.18674535490954017, 0.30787514719640596], [0.5907570587083684, 0.04700034006214255, 0.21743025887601766, 0.14481234225347142]], "ideal": "D", "sampled": "B", "correct": false}}
{"type": "result", "data": {"idx": 23, "options": ["8%", "16%", "32%", "64%"], "probs": [[0.19270390755300387, 0.2436076573392507, 0.44118315656331514, 0.12250527844443032], [0.4354867008229218, 0.08441995765601826, 0.17597363756347062, 0.3041197038575893], [0.20225011999000017, 0.035697265923964584, 0.3899249674001081, 0.3721276465859271], [0.07687544994215441, 0.04662301043528417, 0.6539889086137207, 0.22251263090884071]], "ideal": "B", "sampled": "B", "correct": true}}
{"type": "result", "data": {"idx": 24, "options": ["males are more likely to have depression and are more likely to have an alcohol use disorder than females.", "females are more likely to have depression and are more likely to have an alcohol use disorder than males.", "males are more likely than females to have depression while females are more likely than males to have an alcohol use disorder.", "females are more likely than males to have depression while males are more likely than females to have an alcohol use disorder."], "probs": [[0.0871797346446675, 0.10514541635992636, 0.5513692456575513, 0.25630560323785484], [0.1080149893349059, 0.21490872593650157, 0.5755452298711912, 0.10153105475740135], [0.035753630231298045, 0.8943779500960174, 0.03575749335735155, 0.034110926215333], [0.1678326924821597, 0.6749687991352075, 0.11540832713309172, 0.041790181149541035]], "ideal": "D", "sampled": "D", "correct": true}}
{"type": "result", "data": {"idx": 25, "options": ["37%", "47%", "57%", "67%"], "probs": [[0.25946167495430195, 0.46266660779061475, 0.14110656291484255, 0.13676515424024074], [0.4298360773442324, 0.30971030320737025, 0.13530019327539805, 0.12515342607299926], [0.5085923037274293, 0.2365915459411813, 0.14127392960213067, 0.11354222062925876], [0.5617698304887903, 0.09462537404040872, 0.2532876971120934, 0.0903170982587076]], "ideal": "D", "sampled": "B", "correct": false}}
{"type": "result", "data": {"idx": 26, "options": ["1%", "3%", "6%", "10%"], "probs": [[0.06804472597519783, 0.3795397083321806, 0.3916809950245617, 0.16073457056805984], [0.11304941856512497, 0.620808844361279, 0.19538381839365826, 0.07075791857993768], [0.2034951925595039, 0.6171355338840784, 0.09318966556436241, 0.08617960789205531], [0.17439438851553357, 0.15151075114220713, 0.4969246686841029, 0.1771701915581564]], "ideal": "D", "sampled": "C", "correct": false}}
{"type": "result", "data": {"idx": 27, "options": ["23%", "43%", "63%", "83%"], "probs": [[0.24703396486205187, 0.2799560683692273, 0.2016546993999484, 0.2713552672687724], [0.8417895027553305, 0.04603184116987656, 0.0288094139549253, 0.08336924201986762], [0.5028613543005379, 0.048257698577258035, 0.18793716044662465, 0.2609437865755794], [0.25614416787554517, 0.06893860599408543, 0.38461265250631027, 0.29030457352405914]], "ideal": "C", "sampled": "B", "correct": false}}
{"type": "result", "data": {"idx": 28, "options": ["10%", "30%", "50%", "70%"], "probs": [[0.053108742768952784, 0.41134365094355585, 0.325419230650649, 0.2101283755368424], [0.20984470216784404, 0.43065224790283213, 0.2341549177485522, 0.1253481320807716], [0.1149849808474758, 0.4767242932086976, 0.16475348050173547, 0.24353724534209112], [0.062166905729087785, 0.054011444481063334, 0.38691618314025134, 0.49690546654959755]], "ideal": "D", "sampled": "C", "correct": false}}
{"type": "result", "data": {"idx": 29, "options": ["26%", "41%", "56%", "71%"], "probs": [[0.1722757739129149, 0.44004316146548744, 0.22829559912653472, 0.15938546539506296], [0.34363433203189936, 0.3279769967469869, 0.218501549661638, 0.10988712145947574], [0.46608016786920553, 0.34110392591951955, 0.09038441223264045, 0.10243149387863446], [0.5728885148223742, 0.06529598925712375, 0.2075559275969406, 0.15425956822356138]], "ideal": "C", "sampled": "D", "correct": false}}
{"type": "result", "data": {"idx": 30, "options": ["690 million", "6.9 billion", "69 billion", "690 billion"], "probs": [[0.15953267158267956, 0.59293385780283, 0.13437006565359227, 0.11316340486089817], [0.17678815388086064, 0.2166465105890128, 0.31037244660093743, 0.2961928888291891], [0.3896482826432114, 0.15992921350892664, 0.06667844851127386, 0.38374405523658817], [0.2037636698210225, 0.05072264523960496, 0.5628087091720174, 0.18270497566735505]], "ideal": "C", "sampled": "B", "correct": false}}
{"type": "result", "data": {"idx": 31, "options": ["9%", "29%", "59%", "79%"], "probs": [[0.45509904618480623, 0.2324587255483865, 0.16231137512491267, 0.15013085304189458], [0.19043218732551903, 0.05371411091828308, 0.03692371245394735, 0.7189299892022505], [0.07348989749329934, 0.02348898368458241, 0.7779820618595195, 0.12503905686259875], [0.04517928476791329, 0.3667075606314136, 0.37249195294461057, 0.21562120155606254]], "ideal": "A", "sampled": "A", "correct": true}}
{"type": "result", "data": {"idx": 32, "options": ["31%", "51%", "71%", "91%"], "probs": [[0.2676382800182386, 0.3602256068344741, 0.24760360814557952, 0.12453250490170782], [0.11643056258998892, 0.4395343526584836, 0.2012350932022522, 0.24279999144927525], [0.09017758278078582, 0.07835313955041204, 0.5974529028859578, 0.23401637468284434], [0.015823741394770725, 0.338398564856107, 0.5001932661588193, 0.14558442749030295]], "ideal": "B", "sampled": "A", "correct": false}}
{"type": "result", "data": {"idx": 33, "options": ["by 4 fold", "by 8 fold", "by 16 fold", "by 32 fold"], "probs": [[0.048780158884119997, 0.5539293967219001, 0.23093358024036603, 0.16635686405361388], [0.05163420697802879, 0.5215029677115197, 0.3584507378692792, 0.06841208734117225], [0.2739948754561399, 0.6372102094826156, 0.04041453194569084, 0.048380383015553606], [0.7963917934278739, 0.08797289349314912, 0.06853014582751944, 0.04710516715145751]], "ideal": "C", "sampled": "D", "correct": false}}
{"type": "result", "data": {"idx": 34, "options": ["1", "7", "13", "19"], "probs": [[0.024647305474404878, 0.03165070055622845, 0.7204950652434392, 0.22320692862592748], [0.04389316813566997, 0.13521794520098254, 0.7426239002363765, 0.07826498632697096], [0.09416755104121947, 0.4220999432439671, 0.2812107074701139, 0.2025217981446995], [0.08111865374821807, 0.08771996525989822, 0.4318134349083265, 0.3993479459835572]], "ideal": "D", "sampled": "D", "correct": true}}
{"type": "result", "data": {"idx": 35, "options": ["59%", "69%", "79%", "89%"], "probs": [[0.7581523644900794, 0.15167121862991678, 0.0642210342642808, 0.02595538251572304], [0.4965364560504458, 0.16123576220396463, 0.09627942596486887, 0.2459483556807207], [0.4258773326447902, 0.1542598157966849, 0.3422758280888651, 0.07758702336965982], [0.4243980659151169, 0.30576897594314256, 0.20368793729003304, 0.06614502075170747]], "ideal": "D", "sampled": "A", "correct": false}}
{"type": "result", "data": {"idx": 36, "options": ["Earthquakes", "Volcanic activity", "Wildfires", "Floods"], "probs": [[0.4088070063718116, 0.3336847101288784, 0.12470837588323516, 0.1327999075160748], [0.2619846721925911, 0.19468226736800734, 0.061265214358622457, 0.4820678459807791], [0.3279396690976407, 0.40183274151338383, 0.195865592217695, 0.07436199707128047], [0.300328518415332, 0.5109664721131993, 0.11950347393295992, 0.0692015354385087]], "ideal": "D", "sampled": "A", "correct": false}}
{"type": "result", "data": {"idx": 37, "options": ["15%", "35%", "55%", "75%"], "probs": [[0.5858233395877768, 0.15524369014011022, 0.15050686445796843, 0.1084261057141446], [0.2628350545842555, 0.047125551669334735, 0.0880650278537385, 0.6019743657926713], [0.09257851712557469, 0.05033433158070037, 0.5672932372288332, 0.2897939139648917], [0.0502298027226763, 0.19868062434593853, 0.5075156092136223, 0.24357396361776296]], "ideal": "B", "sampled": "A", "correct": false}}
{"type": "result", "data": {"idx": 38, "options": ["by 4 fold", "by 8 fold", "by 16 fold", "by 32 fold"], "probs": [[0.07227545975916039, 0.6051839589467448, 0.18749061224969882, 0.135049968944396], [0.07628274020000465, 0.5725560826426102, 0.28791687104145075, 0.06324430601593446], [0.2988632031587294, 0.6229890576957213, 0.033016190456944615, 0.04513154858860465], [0.8280920180556016, 0.08865657014634605, 0.04389913903025553, 0.0393522726677968]], "ideal": "D", "sampled": "D", "correct": true}}
{"type": "result", "data": {"idx": 39, "options": ["36%", "51%", "66%", "81%"], "probs": [[0.46211941422727104, 0.25526840252911637, 0.18102618099506967, 0.10158600214854288], [0.13830486913486836, 0.09962375834989608, 0.12208356997328677, 0.6399878024419487], [0.11549951221011061, 0.08450726481805017, 0.644460086791294, 0.15553313608054523], [0.09806907117310133, 0.4905038073500595, 0.27087215346672183, 0.14055496791011732]], "ideal": "C", "sampled": "A", "correct": false}}
{"type": "result", "data": {"idx": 40, "options": ["81%", "86%", "91%", "96%"], "probs": [[0.4266295806159586, 0.44024402582930744, 0.06343484338450944, 0.06969155007022444], [0.36802724923831265, 0.5190910406399524, 0.07026026749689114, 0.04262144252484385], [0.23346801546259488, 0.26873205888271917, 0.23721507618967963, 0.2605848493650063], [0.10100640506041889, 0.23855314011800643, 0.38133806554643734, 0.27910238917513736]], "ideal": "B", "sampled": "B", "correct": true}}
{"type": "result", "data": {"idx": 41, "options": ["26%", "46%", "66%", "86%"], "probs": [[0.11518377895383394, 0.5245063343455384, 0.22558927701831957, 0.13472060958230808], [0.23423730532679962, 0.3408995670007377, 0.17143191906382707, 0.2534312085086356], [0.09263004375761168, 0.12272728494072643, 0.5588246445325812, 0.22581802666908066], [0.015747224353174334, 0.3698715734343655, 0.4824715681507023, 0.13190963396175784]], "ideal": "A", "sampled": "B", "correct": false}}
{"type": "result", "data": {"idx": 42, "options": ["Brazil", "China", "Mexico", "Iran"], "probs": [[0.4808649729685944, 0.16111717156246416, 0.19434440465745564, 0.16367345071148579], [0.45196030499169276, 0.20699561204946101, 0.16120072477036754, 0.1798433580884787], [0.6255690548028191, 0.1021585032563348, 0.09014852478420061, 0.18212391705664552], [0.5768804549594018, 0.11362854390200156, 0.09719470887404288, 0.21229629216455376]], "ideal": "C", "sampled": "C", "correct": true}}
{"type": "result", "data": {"idx": 43, "options": ["1.2 million", "2.4 million", "3.6 million", "4.8 million"], "probs": [[0.4749019706154168, 0.2582144121700517, 0.1641547667506485, 0.10272885036388298], [0.556401733673616, 0.23195362261563832, 0.16451013209150817, 0.047134511519237476], [0.7198464220053848, 0.21615147427430295, 0.02925718181096118, 0.034744921809350994], [0.9682951532517089, 0.016148397637226142, 0.004627726023078149, 0.01092872298798677]], "ideal": "A", "sampled": "D", "correct": false}}
{"type": "result", "data": {"idx": 44, "options": ["Diarrheal diseases", "Diabetes", "Dementia", "Road injuries"], "probs": [[0.9423653649954135, 0.019866736350835197, 0.014536392188729054, 0.02323150636502224], [0.13931471523187317, 0.06684297521766089, 0.39689413891918607, 0.39694817053127984], [0.07239808670756177, 0.5434260801896598, 0.29545434425932987, 0.0887214887434486], [0.7839215990474968, 0.1921262743184493, 0.013280055401483106, 0.01067207113257075]], "ideal": "C", "sampled": "A", "correct": false}}
{"type": "result", "data": {"idx": 45, "options": ["3 million", "14 million", "42 million", "124 million"], "probs": [[0.03664424546996735, 0.2011928058648468, 0.6102716763008997, 0.15189127226428611], [0.01569017101599324, 0.9409360761842838, 0.017504862456939184, 0.025868890242783747], [0.3869168234027844, 0.41185284423905844, 0.05662761361009621, 0.14460271864806096], [0.022717741950892205, 0.04210612867585671, 0.08915615709707209, 0.846019972176179]], "ideal": "C", "sampled": "C", "correct": true}}
{"type": "result", "data": {"idx": 46, "options": ["26%", "46%", "66%", "86%"], "probs": [[0.742270583270243, 0.15081769114105453, 0.06693705120805304, 0.03997467428064939], [0.2627153972816355, 0.1165863713759842, 0.08140703229233877, 0.5392911989500415], [0.04087017620299107, 0.06531016908062363, 0.7134214240294988, 0.18039823058688645], [0.010660695177119914, 0.44284489963375184, 0.44292047831860343, 0.10357392677052481]], "ideal": "A", "sampled": "A", "correct": true}}
{"type": "result", "data": {"idx": 47, "options": ["25%", "45%", "65%", "85%"], "probs": [[0.11596447228225731, 0.3924148380363963, 0.27826490995485476, 0.21335577962649158], [0.2844939189195167, 0.2396214419420136, 0.14309775614651934, 0.33278688289195035], [0.22368221472877636, 0.11248249801691843, 0.4663579553037354, 0.1974773318505698], [0.15889093515015595, 0.3812555429145244, 0.26205233127316424, 0.1978011905621554]], "ideal": "B", "sampled": "A", "correct": false}}
{"type": "result", "data": {"idx": 48, "options": ["6%", "16%", "36%", "66%"], "probs": [[0.10630196965477613, 0.44765880387471657, 0.3029290915978468, 0.1431101347726605], [0.28694155809394073, 0.26131215688953346, 0.24170692262616653, 0.21003936229035927], [0.16828497991838573, 0.07015477015636011, 0.2094950644537663, 0.5520651853714879], [0.07253542120932768, 0.0960977343864486, 0.5531732090682886, 0.27819363523593515]], "ideal": "C", "sampled": "B", "correct": false}}
{"type": "result", "data": {"idx": 49, "options": ["43%", "58%", "73%", "88%"], "probs": [[0.19800370044499813, 0.3817759879247841, 0.2882284988966619, 0.13199181263355583], [0.3433197787555426, 0.23600845388210756, 0.15725288027819356, 0.2634188869841563], [0.16417551405968528, 0.08926720370801901, 0.52201075523366, 0.2245465268986357], [0.07358212439357974, 0.35665120076616036, 0.2692946969018683, 0.3004719778383916]], "ideal": "B", "sampled": "A", "correct": false}}
{"type": "result", "data": {"idx": 50, "options": ["0.50%", "2%", "6%", "12%"], "probs": [[0.04756304408597466, 0.325035170059103, 0.4175034872395951, 0.2098982985153273], [0.14980899019246754, 0.5229116755634915, 0.24708043404552796, 0.08019890009851298], [0.25813820378572283, 0.34196733660629525, 0.10272236682813006, 0.29717209267985184], [0.09890419391155927, 0.1289869416970212, 0.49467886226414337, 0.2774300020272762]], "ideal": "B", "sampled": "C", "correct": false}}
{"type": "result", "data": {"idx": 51, "options": ["strongly supported by most studies", "supported mainly by cross-section, not time-series studies", "supported mainly by time-series, not cross-section studies", "generally repudiated by empirical studies"], "probs": [[0.28969794118767256, 0.3497116878021248, 0.17051418158323747, 0.19007618932696516], [0.7186660009202079, 0.038700318957713364, 0.0846217702701607, 0.15801190975191795], [0.2768866204010708, 0.06681621273136183, 0.42293570701827315, 0.23336145974929418], [0.23389402029559558, 0.13542509077625242, 0.32535344359005375, 0.30532744523809824]], "ideal": "B", "sampled": "B", "correct": true}}
{"type": "result", "data": {"idx": 52, "options": ["12 years", "9 years", "6 years", "3 years"], "probs": [[0.3622764565669614, 0.4303200446312443, 0.12527547495433805, 0.08212802374745626], [0.5386707587501233, 0.2467071746569909, 0.0718195193799678, 0.14280254711291795], [0.09316791315434775, 0.09029651908279944, 0.33568381259411034, 0.48085175506874245], [0.027125250040164636, 0.14664528989358644, 0.722209738081562, 0.10401972188468699]], "ideal": "B", "sampled": "B", "correct": true}}
{"type": "result", "data": {"idx": 53, "options": ["0.90%", "1.80%", "3.60%", "7.20%"], "probs": [[0.2817921508144964, 0.2062184635324768, 0.2300875323832935, 0.2819018531697333], [0.35320845242782917, 0.1320077031718807, 0.16690875588178478, 0.34787508841850534], [0.3093834151901102, 0.09736241926704321, 0.3243596480978099, 0.2688945173450366], [0.3198138272387001, 0.28230211977228137, 0.18807960115219685, 0.20980445173682166]], "ideal": "D", "sampled": "A", "correct": false}}
{"type": "result", "data": {"idx": 54, "options": ["14%", "24%", "34%", "44%"], "probs": [[0.3059423772403911, 0.36338024244905875, 0.17436640933300596, 0.15631097087754417], [0.4096076190062041, 0.2645071446631092, 0.12302248178682343, 0.2028627544438632], [0.3749130367857814, 0.18274247644504363, 0.25375053284014926, 0.18859395382902575], [0.23359086856958353, 0.1532024179840056, 0.40373548833449385, 0.209471225011917]], "ideal": "A", "sampled": "B", "correct": false}}
{"type": "result", "data": {"idx": 55, "options": ["60%", "75%", "90%", "45%"], "probs": [[0.11238511395582575, 0.06606851498502374, 0.028868643011339127, 0.7926777279478113], [0.053400938059275385, 0.02903282674520886, 0.6926761942335765, 0.22489004086193917], [0.037224949511886936, 0.49040512707113026, 0.2974823503638555, 0.17488757295312726], [0.4504045150904496, 0.3347843140677548, 0.13526939458996662, 0.07954177615182895]], "ideal": "B", "sampled": "D", "correct": false}}
{"type": "result", "data": {"idx": 56, "options": ["50%", "60%", "70%", "80%"], "probs": [[0.07820650701317416, 0.5022406427882349, 0.24865495415063793, 0.17089789594795304], [0.24574828877817673, 0.44513745437991087, 0.14009933589784027, 0.16901492084407213], [0.41691491624887356, 0.3003597303978212, 0.10881355565910518, 0.1739117975942], [0.3889478800645127, 0.19256541417946113, 0.1896660952030609, 0.22882061045296523]], "ideal": "D", "sampled": "C", "correct": false}}
{"type": "result", "data": {"idx": 57, "options": ["2%", "25%", "50%", "75%"], "probs": [[0.02462656324092778, 0.41019748108783705, 0.4233556539211957, 0.1418203016500395], [0.09777081558085128, 0.6085440259867344, 0.24211813369867466, 0.05156702463373962], [0.1493364136467282, 0.363989862494949, 0.03335160786586978, 0.45332211589245297], [0.05048768944443484, 0.025784959859489216, 0.5783109807966109, 0.34541636979946505]], "ideal": "D", "sampled": "B", "correct": false}}
{"type": "result", "data": {"idx": 58, "options": ["no nation has been able to grow in the past years.", "the Democratic Republic of Congo has become poorer than it initially was in 1980.", "some countries have had relatively significant growth rates.", "some countries have had relatively significant growth rates, but the Democratic Republic of Congo has become poorer than it initially was in 1980."], "probs": [[0.004981307083867269, 0.002837541615540531, 0.2401648798455411, 0.7520162713550511], [0.0032591463628986487, 0.014150701584794286, 0.9778079522025258, 0.00478219974978128], [0.9145069896303605, 0.0642517296060802, 0.0047302591603505745, 0.016511021503208757], [0.0563696694956444, 0.006947317124577823, 0.011024789635059176, 0.9256582236447186]], "ideal": "C", "sampled": "C", "correct": true}}
{"type": "result", "data": {"idx": 59, "options": ["15.50%", "34.80%", "48.10%", "65.20%"], "probs": [[0.10458946894114282, 0.2980073071866699, 0.4137859909285625, 0.1836172328436248], [0.33555538458911915, 0.22356355854312787, 0.3573319124022992, 0.08354914436545371], [0.18224630976514006, 0.41080766300015825, 0.1971200675004286, 0.20982595963427308], [0.5331713199009882, 0.07681489333404874, 0.2442019690717324, 0.1458118175932307]], "ideal": "B", "sampled": "D", "correct": false}}
{"type": "result", "data": {"idx": 60, "options": ["5 million", "30 million", "150 million", "500 million"], "probs": [[0.011962803235458907, 0.5248446532445684, 0.34967378234293967, 0.11351876107703304], [0.044847050367983025, 0.8732992582904815, 0.050044351622760525, 0.03180933961877491], [0.5395437398081339, 0.22145145799312602, 0.06650809843906125, 0.17249670365967884], [0.05049464741933945, 0.024606888532027242, 0.37321494972329916, 0.5516835142253341]], "ideal": "C", "sampled": "C", "correct": true}}
{"type": "result", "data": {"idx": 61, "options": ["Colombia, Peru, Uruguay, and Costa Rica.", "Bhutan, Niger, Cambodia, and Costa Rica.", "Uruguay, Costa Rica, Timor-Leste, and Pakistan.", "Bhutan, Cambodia, Uruguay and Costa Rica."], "probs": [[0.1656129707413097, 0.20002864895336223, 0.2301387706210182, 0.40421960958430986], [0.09648731493711173, 0.06237255129149521, 0.44657859867187827, 0.3945615349995148], [0.1267798143043925, 0.09725233528730555, 0.6965421697002799, 0.07942568060802199], [0.16503443574591228, 0.48558697909087456, 0.18420977065167543, 0.16516881441153777]], "ideal": "A", "sampled": "A", "correct": true}}
{"type": "result", "data": {"idx": 62, "options": ["10%", "20%", "40%", "80%"], "probs": [[0.12462452052777498, 0.37211698289964745, 0.2944650649729949, 0.20879343149958268], [0.1895512732807606, 0.4339865614341861, 0.1476914987508336, 0.22877066643421967], [0.21448543346040216, 0.2319513673557644, 0.25089642029136183, 0.30266677879247156], [0.08549751894444163, 0.214964861811848, 0.32793401935544975, 0.37160359978826063]], "ideal": "B", "sampled": "C", "correct": false}}
{"type": "result", "data": {"idx": 63, "options": ["38%", "58%", "78%", "98%"], "probs": [[0.35378018808806094, 0.46882368177308587, 0.11491458373666848, 0.06248154630218465], [0.19447422781393187, 0.11256927805627086, 0.05487808845843233, 0.638078405571365], [0.054441072446930236, 0.048804551721733126, 0.7759000716022113, 0.12085430412912536], [0.0202237922636351, 0.5685807360031963, 0.32399832595628164, 0.087197145676887]], "ideal": "C", "sampled": "A", "correct": false}}
{"type": "result", "data": {"idx": 64, "options": ["True, True", "True, False", "False, True", "False, False"], "probs": [[0.23365313508716598, 0.5785460643948551, 0.14177759412830673, 0.0460232062896722], [0.38774841495347956, 0.5220450492976318, 0.04932028739571927, 0.04088624825316924], [0.6910859084336669, 0.0455894417741856, 0.23522667233508981, 0.028097977357057692], [0.13500845915156123, 0.226154399927114, 0.5687696509411155, 0.07006748988020921]], "ideal": "B", "sampled": "B", "correct": true}}
{"type": "result", "data": {"idx": 65, "options": ["260", "2,600", "26,000", "260,000"], "probs": [[0.07686189962179717, 0.29929138787852744, 0.3554997033158428, 0.2683470090838326], [0.1897852442367788, 0.40815270186325575, 0.32292852617285395, 0.07913352762711151], [0.15373854796804207, 0.4662587329552575, 0.0835986155755104, 0.29640410340119006], [0.014391914718551575, 0.04364096768404438, 0.03733527733493345, 0.9046318401624706]], "ideal": "C", "sampled": "C", "correct": true}}
{"type": "result", "data": {"idx": 66, "options": ["90%", "70%", "50%", "30%"], "probs": [[0.3177019929739377, 0.38942756954838054, 0.19588966519744058, 0.09698077218024115], [0.26745178495796906, 0.4695951500186071, 0.16751120483656887, 0.095441860086855], [0.21809132557484623, 0.11314372056443342, 0.36560750276372134, 0.303157450996999], [0.1331192999945082, 0.2336506694321632, 0.28209787604372016, 0.35113215442960843]], "ideal": "A", "sampled": "B", "correct": false}}
{"type": "result", "data": {"idx": 67, "options": ["Japan", "Canada", "Russia", "Iran"], "probs": [[0.09438546000967309, 0.8411647676580405, 0.02190085872788766, 0.042548913504398746], [0.9056957742749354, 0.05789555106226663, 0.015104865355507533, 0.02130380920729035], [0.5944750439378107, 0.060724372875534414, 0.04584257318107555, 0.2989580099055793], [0.06609017197865877, 0.06305657843333506, 0.7805001182483554, 0.09035313123965073]], "ideal": "B", "sampled": "B", "correct": true}}
{"type": "result", "data": {"idx": 68, "options": ["59%", "69%", "79%", "89%"], "probs": [[0.8470668195831095, 0.10118710993708588, 0.034430112686290495, 0.017315957693514145], [0.5755481337757095, 0.1811472989865033, 0.08829313099593375, 0.15501143614185342], [0.36609646148945757, 0.15747272532538298, 0.37785353806324584, 0.0985772750219136], [0.19956230669196398, 0.4360378584715279, 0.2771772083993864, 0.08722262633712172]], "ideal": "C", "sampled": "A", "correct": false}}
{"type": "result", "data": {"idx": 69, "options": ["9%", "19%", "39%", "59%"], "probs": [[0.2596034252620359, 0.3837436804540458, 0.20865668600757398, 0.14799620817634435], [0.45831953543250076, 0.18812216167306928, 0.17675148739022467, 0.17680681540420526], [0.2679992794126816, 0.1134842732367754, 0.22223710018094317, 0.39627934706959983], [0.1780142310379615, 0.10967621042710192, 0.44072618419403065, 0.27158337424090595]], "ideal": "B", "sampled": "B", "correct": true}}
{"type": "result", "data": {"idx": 70, "options": ["18%", "38%", "58%", "78%"], "probs": [[0.11059779260699912, 0.544629493873884, 0.23061061534175067, 0.11416209807736614], [0.3109064836894422, 0.38710741935259735, 0.13804007192244894, 0.16394602493551153], [0.26259263956017986, 0.18626187462341998, 0.37054782549985454, 0.1805976602165456], [0.0972593479373795, 0.29966341776391664, 0.44997339430481476, 0.1531038398938891]], "ideal": "B", "sampled": "B", "correct": true}}
{"type": "result", "data": {"idx": 71, "options": ["24%", "39%", "54%", "69%"], "probs": [[0.1244222931611602, 0.2325266232101067, 0.42108158998207734, 0.2219694935466558], [0.21800507793600382, 0.24711462870066056, 0.3595675313370952, 0.17531276192624046], [0.27705369635376054, 0.27717528983452583, 0.29502321605518134, 0.15074779765653226], [0.4102922379560258, 0.1104454249033155, 0.2489410340537039, 0.23032130298695475]], "ideal": "A", "sampled": "D", "correct": false}}
{"type": "result", "data": {"idx": 72, "options": ["1.5 children per woman", "2.5 children per woman", "3.5 children per woman", "4.5 children per woman"], "probs": [[0.9300030857138966, 0.03283898086132333, 0.015278294339478428, 0.021879638985301698], [0.4206021992396755, 0.03618462356425609, 0.03563331785714939, 0.507579859238919], [0.08156766452388987, 0.018777449731371153, 0.7863902292204795, 0.11326465642425948], [0.010452465909284808, 0.8501663064637413, 0.05521310772768743, 0.08416811979928646]], "ideal": "B", "sampled": "A", "correct": false}}
{"type": "result", "data": {"idx": 73, "options": ["$300 ", "$1,000 ", "$10,000 ", "$30,000 "], "probs": [[0.08189193341565627, 0.2949216133416181, 0.3140320847770675, 0.3091543683656581], [0.07159662459362703, 0.3310872414701073, 0.4456946088134976, 0.15162152502276802], [0.11163865198587465, 0.13465752809811732, 0.22915286211375777, 0.5245509577022502], [0.094972693461162, 0.11278098338736653, 0.3529817479181538, 0.4392645751333176]], "ideal": "C", "sampled": "B", "correct": false}}
{"type": "result", "data": {"idx": 74, "options": ["20%", "40%", "60%", "80%"], "probs": [[0.3163477480095182, 0.302027374475794, 0.20120956001653828, 0.18041531739814956], [0.39367490416293127, 0.17751924427284962, 0.14491703888938484, 0.2838888125748342], [0.28680711981766327, 0.1253287345045646, 0.3571926056981522, 0.2306715398796199], [0.2347364644392973, 0.17723483373642362, 0.3638329912010482, 0.22419571052323087]], "ideal": "C", "sampled": "B", "correct": false}}
{"type": "result", "data": {"idx": 75, "options": ["41%", "56%", "71%", "86%"], "probs": [[0.1949107170668432, 0.4064233838148289, 0.27074589919205244, 0.12791999982627547], [0.4644716796832243, 0.2487150652799203, 0.13107391872352198, 0.15573933621333344], [0.45619533820940855, 0.12870504344323816, 0.2155970995090507, 0.19950251873830258], [0.41098929590395106, 0.17407471651744327, 0.19124743975660563, 0.223688547722]], "ideal": "B", "sampled": "B", "correct": true}}
{"type": "result", "data": {"idx": 76, "options": ["1%", "2%", "4%", "8%"], "probs": [[0.12016631543302062, 0.2624949055458694, 0.3588771410832049, 0.2584616378379051], [0.2701662818842117, 0.2744543891044342, 0.22057882277814364, 0.23480050613321046], [0.26746565897966007, 0.12055999398694818, 0.2892790522667287, 0.3226952946666631], [0.16717295849713368, 0.1167080392372772, 0.46900111062618305, 0.24711789153940605]], "ideal": "C", "sampled": "B", "correct": false}}
{"type": "result", "data": {"idx": 77, "options": ["US", "Chile", "Ireland", "Spain"], "probs": [[0.9339026621063085, 0.01821135017929883, 0.01738222170037557, 0.030503765914017104], [0.0959590731770109, 0.02926456878901972, 0.018899032527383553, 0.8558773254065858], [0.035220416153774844, 0.039904338867827294, 0.894737312774816, 0.03013793210358176], [0.0116372288209542, 0.9613424597459185, 0.009135489771971197, 0.017884821561156155]], "ideal": "A", "sampled": "A", "correct": true}}
{"type": "result", "data": {"idx": 78, "options": ["was approximately zero", "exceeded that of high income countries", "exceeded that of Britain during the industrial revolution", "was approximately 3.0% per year"], "probs": [[0.1678339305290358, 0.07109169926125049, 0.08579073420019602, 0.6752836359095177], [0.17730385059333284, 0.034115246559222316, 0.7591508070398676, 0.029430095707577264], [0.06908673766649787, 0.890355404785813, 0.019800623803093498, 0.020757233644595627], [0.9455728855772565, 0.017338915392456685, 0.027939594379407354, 0.00914860455087949]], "ideal": "C", "sampled": "D", "correct": false}}
