{"type": "result", "data": {"idx": 0, "options": ["(0, \u2013 3)", "(4, 1)", "(2, 2)", "(\u2013 4, \u20132)"], "probs": [[0.2793855452075029, 0.15198222254133983, 0.28431175003521914, 0.2843204821159381], [0.1964465587075768, 0.17620426939764697, 0.39743651140042946, 0.22991266039434677], [0.27056705142632353, 0.35881142735435373, 0.14960664063368329, 0.22101488048563947], [0.31278979309068783, 0.22545270283571348, 0.2290732826201533, 0.23268422135344538]], "ideal": "D", "sampled": "D", "correct": true}}
{"type": "result", "data": {"idx": 1, "options": ["2500", "2", "50", "25"], "probs": [[0.1668740262297395, 0.2861530609945568, 0.37071881465072765, 0.17625409802497605], [0.08751652230675573, 0.2803898641448129, 0.5161517012002889, 0.11594191224814254], [0.2228884199883281, 0.40689723770206426, 0.2509001437122527, 0.11931419849735496], [0.30700176493731113, 0.30002703812658066, 0.2755121845400167, 0.11745901229609151]], "ideal": "C", "sampled": "D", "correct": false}}
{"type": "result", "data": {"idx": 2, "options": ["392", "336", "300", "297"], "probs": [[0.5251159149645556, 0.21906787481304607, 0.1229010242533125, 0.1329151858690859], [0.8483844050951224, 0.06054380287376403, 0.04163501240647298, 0.049436779524640616], [0.5765691055335743, 0.16019823190766574, 0.08714389280735874, 0.1760887696514012], [0.31350178634954956, 0.17592458866716973, 0.3289125663361317, 0.18166105854714898]], "ideal": "A", "sampled": "B", "correct": false}}
{"type": "result", "data": {"idx": 3, "options": ["\\frac{7}{9}", "\\frac{8}{9}", "\\frac{5}{9}", "\\frac{9}{11}"], "probs": [[0.08389186300746806, 0.2928276723217424, 0.5469070794685242, 0.07637338510226524], [0.08453293395785356, 0.22626840250221406, 0.12889644886445834, 0.560302214575474], [0.04912425405922579, 0.07973004458431249, 0.6996574091816329, 0.17148829207482882], [0.022163395579440952, 0.08561154741125483, 0.7873090172732137, 0.10491603963609054]], "ideal": "B", "sampled": "A", "correct": false}}
{"type": "result", "data": {"idx": 4, "options": ["(-inf, 10)", "(-inf, 9)", "(-inf, 8)", "(-inf, 7)"], "probs": [[0.2475914469527123, 0.313089205878474, 0.24014661787194397, 0.19917272919686976], [0.2586839833400843, 0.33221573129275844, 0.23934209701025336, 0.1697581882569039], [0.25525550510384126, 0.2592696988758635, 0.1957726063668097, 0.28970218955348553], [0.16123434419109353, 0.22548992257575567, 0.3839241449471599, 0.2293515881859909]], "ideal": "C", "sampled": "B", "correct": false}}
{"type": "result", "data": {"idx": 5, "options": ["396", "72", "66", "36"], "probs": [[0.10233590522124436, 0.45181207834556436, 0.32042034741072617, 0.12543166892246513], [0.3010733189783187, 0.3930516531145736, 0.261799314972709, 0.044075712834398754], [0.06895351717468816, 0.4790105735334327, 0.13300251063875804, 0.3190333985531211], [0.1280295964343699, 0.05864604781532063, 0.773008207113267, 0.04031614853704248]], "ideal": "B", "sampled": "B", "correct": true}}
{"type": "result", "data": {"idx": 6, "options": ["0.16", "0.24", "0.3", "0.5"], "probs": [[0.3136895660973643, 0.2836183992028933, 0.22785478620524646, 0.1748372483944959], [0.2598920723552081, 0.2560868224828632, 0.3186358761672049, 0.1653852288947238], [0.2438592201802538, 0.28089750228840754, 0.24589220053318211, 0.2293510768981565], [0.2351048290494418, 0.33174058791657873, 0.2882018387029456, 0.1449527442310339]], "ideal": "C", "sampled": "B", "correct": false}}
{"type": "result", "data": {"idx": 7, "options": ["42", "12", "36", "39"], "probs": [[0.08691717585925143, 0.3746220152168874, 0.4383387891762302, 0.10012201964763091], [0.13746024257178657, 0.3593625616857892, 0.3223796986501984, 0.18079749699222586], [0.19116024386222513, 0.24164297814272914, 0.30570244330534374, 0.261494334589702], [0.1272232700343354, 0.14872387271710938, 0.5402340372891513, 0.18381881985940385]], "ideal": "A", "sampled": "B", "correct": false}}
{"type": "result", "data": {"idx": 8, "options": ["\\frac{125}{648}", "\\frac{25}{648}", "\\frac{625}{648}", "\\frac{1}{648}"], "probs": [[0.0706331809586671, 0.4717097019059846, 0.3092556320511168, 0.14840148498423156], [0.13545817640030974, 0.10385635135984286, 0.6071638094460207, 0.15352166269382672], [0.038920565755244774, 0.10915341336016214, 0.6381382248691202, 0.21378779591547284], [0.0077444316679935975, 0.22814912111599145, 0.6917617474943442, 0.07234469962167073]], "ideal": "C", "sampled": "B", "correct": false}}
{"type": "result", "data": {"idx": 9, "options": ["8", "12", "10", "4"], "probs": [[0.19350626437694124, 0.21253334933778287, 0.3910515184779503, 0.20290886770732558], [0.12869480826289606, 0.15768713462357498, 0.501318179079745, 0.21229987793378402], [0.16071853811689946, 0.36225111649655733, 0.3003914817692289, 0.17663886351731428], [0.21031246840713158, 0.28747637790406183, 0.3013805628344375, 0.20083059075436907]], "ideal": "B", "sampled": "D", "correct": false}}
{"type": "result", "data": {"idx": 10, "options": ["13", "14", "1", "2"], "probs": [[0.35653370291405706, 0.21299441253457488, 0.305219106734503, 0.1252527777168651], [0.25040879843115116, 0.3645447194211719, 0.23541048166781942, 0.14963600037985755], [0.22035162325374413, 0.18561762953227495, 0.3993905842268079, 0.194640162887173], [0.37722629304928296, 0.23991252479538283, 0.22544990477691637, 0.1574112772784178]], "ideal": "D", "sampled": "A", "correct": false}}
{"type": "result", "data": {"idx": 11, "options": ["30", "64", "2048", "60"], "probs": [[0.0993760645476128, 0.1885718795894199, 0.5902424278192833, 0.12180962794368407], [0.15878447415479224, 0.4317918886768597, 0.2876278672041599, 0.12179576986418818], [0.05889567951168595, 0.19770600874256644, 0.6485000082965638, 0.09489830334918375], [0.10233565190150976, 0.1572702640747902, 0.5754814614790055, 0.1649126224446946]], "ideal": "D", "sampled": "C", "correct": false}}
{"type": "result", "data": {"idx": 12, "options": ["0", "1", "2", "4"], "probs": [[0.22411402878054756, 0.43236344807269, 0.20742134692521816, 0.13610117612154424], [0.36421123686085727, 0.17210853354563613, 0.23167795285766107, 0.23200227663584552], [0.16636492682145437, 0.08906088222553799, 0.5904904735352545, 0.1540837173177531], [0.21712718058820435, 0.18576831177309086, 0.46729145841966535, 0.12981304911903943]], "ideal": "D", "sampled": "B", "correct": false}}
{"type": "result", "data": {"idx": 13, "options": ["92", "93", "94.5", "95"], "probs": [[0.010266927790851504, 0.07765951592768731, 0.8033585382996613, 0.10871501788179988], [0.018395226172824585, 0.807375478553866, 0.12974822326572316, 0.04448107190758617], [0.3247205445363958, 0.5881038000835479, 0.036172179477730756, 0.051003475802325546], [0.049758450507389196, 0.24681438798005723, 0.26290489947490026, 0.4405222619376533]], "ideal": "B", "sampled": "C", "correct": false}}
{"type": "result", "data": {"idx": 14, "options": ["R <= T <= M <= L", "L <= T <= M <= R", "R <= M <= T <= L", "L <= M <= T <= R"], "probs": [[0.15987197338508363, 0.16529571269457907, 0.45597604854422585, 0.21885626527611143], [0.17322462537307864, 0.06483427337900745, 0.644651164874772, 0.11728993627314187], [0.17549967058481653, 0.3666987284665601, 0.26785807016159063, 0.18994353068703268], [0.26826935604110835, 0.07819610716818463, 0.509815208416633, 0.14371932827407402]], "ideal": "D", "sampled": "D", "correct": true}}
{"type": "result", "data": {"idx": 15, "options": ["16", "2\\sqrt{2}", "5", "5+2\\sqrt{13}"], "probs": [[0.14456722138866523, 0.49319919938877516, 0.2854765355301529, 0.07675704359240669], [0.21880002783733346, 0.47075380118733096, 0.1576854280390495, 0.15276074283628607], [0.2594668230234373, 0.24179638559491853, 0.4084037481077835, 0.09033304317386064], [0.1484089984867281, 0.5649602580983808, 0.11038153201374867, 0.1762492113011425]], "ideal": "D", "sampled": "A", "correct": false}}
{"type": "result", "data": {"idx": 16, "options": ["8", "3", "6", "9"], "probs": [[0.1783079994555026, 0.2963734688239872, 0.36906576933354385, 0.15625276228696638], [0.1877898070687078, 0.2909006687439451, 0.29104461395677333, 0.2302649101305738], [0.14912495015560448, 0.2238441556468279, 0.4455898701699033, 0.1814410239276643], [0.1433997260933562, 0.19296854680102682, 0.4932226309597968, 0.1704090960458202]], "ideal": "A", "sampled": "B", "correct": false}}
{"type": "result", "data": {"idx": 17, "options": ["-2", "-4", "-1", "1"], "probs": [[0.2038098987307081, 0.10250311172445778, 0.5373305197419362, 0.15635646970289782], [0.22086266997409607, 0.28374700446551776, 0.34231548558122965, 0.15307483987915652], [0.3179191242090311, 0.24386192819194769, 0.3035385789292649, 0.1346803685697563], [0.3313547968533086, 0.2140523940110731, 0.25028395650268154, 0.20430885253293674]], "ideal": "B", "sampled": "C", "correct": false}}
{"type": "result", "data": {"idx": 18, "options": ["1", "3", "0", "5"], "probs": [[0.22264290348555382, 0.08652065306689456, 0.5514092198322996, 0.13942722351525202], [0.2898419032630416, 0.34439523564092084, 0.20561618529958559, 0.16014667569645197], [0.32514930737192294, 0.20355149218048116, 0.2915984776800881, 0.17970072266750775], [0.33184131482141815, 0.29763069302397877, 0.17221672574620764, 0.1983112663083954]], "ideal": "A", "sampled": "C", "correct": false}}
{"type": "result", "data": {"idx": 19, "options": ["(-\\infty,-1)\\cup (1,\\infty)", "(-\\infty,0)\\cup (0,\\infty)", "[-1,1]", "(-1,1)"], "probs": [[0.17670075767204751, 0.30051449679450387, 0.35147983193758275, 0.17130491349586582], [0.12237128780834704, 0.1620435835291514, 0.5931956613361453, 0.12238946722635619], [0.027962284524431037, 0.12923549282869357, 0.7679816583816724, 0.074820564165203], [0.07222516941637508, 0.5015724375576741, 0.29942641105379153, 0.12677598187215927]], "ideal": "B", "sampled": "A", "correct": false}}
{"type": "result", "data": {"idx": 20, "options": ["\\frac{5}{x-4}", "\\frac{x-4}{5}", "\\frac{x+4}{5}", "-\\frac{x-4}{5}"], "probs": [[0.04203401906089201, 0.8517417208806365, 0.04692264633790482, 0.059301613620566705], [0.8923605199877459, 0.05278385498868893, 0.02475464003524459, 0.03010098488832053], [0.1934625953242435, 0.4036014079644006, 0.17632038889552257, 0.2266156077158333], [0.14468879996283368, 0.29704302546391753, 0.5134137868367812, 0.044854387636467624]], "ideal": "D", "sampled": "B", "correct": false}}
{"type": "result", "data": {"idx": 21, "options": ["\u221216", "32", "\u221232", "64"], "probs": [[0.28333600694606603, 0.12190945699339946, 0.3937289739082319, 0.20102556205230254], [0.2067909348365742, 0.4963910242026651, 0.11426184921189657, 0.1825561916488641], [0.28374829674097374, 0.06636588970380547, 0.4830184840448093, 0.16686732941041152], [0.10857818517295453, 0.45743201200780637, 0.2373053633327114, 0.19668443938652772]], "ideal": "B", "sampled": "A", "correct": false}}
{"type": "result", "data": {"idx": 22, "options": ["7", "11", "16", "8"], "probs": [[0.0860317796382703, 0.1396543830493509, 0.5612962841426313, 0.21301755306974743], [0.091713446122578, 0.14316098817231118, 0.5754178337301925, 0.1897077318749183], [0.11502287107215697, 0.5076825429109729, 0.27173920450848904, 0.10555538140838111], [0.21936150402491358, 0.1906144086551306, 0.32941319062634966, 0.2606108965936062]], "ideal": "D", "sampled": "D", "correct": true}}
{"type": "result", "data": {"idx": 23, "options": ["4", "8", "2", "1"], "probs": [[0.17483494653041376, 0.1721205510885092, 0.5736057586809855, 0.07943874360009147], [0.17514118626224645, 0.45441771631623434, 0.17798903683930273, 0.19245206048221647], [0.13417308031170933, 0.22123154995613306, 0.43340590591864975, 0.21118946371350783], [0.13186551039693556, 0.2791823619690441, 0.2011757402885364, 0.3877763872454839]], "ideal": "B", "sampled": "C", "correct": false}}
{"type": "result", "data": {"idx": 24, "options": ["Friday", "Thursday", "Wednesday", "Tuesday"], "probs": [[0.1391872593742411, 0.2640701492750303, 0.3446288951197019, 0.2521136961310267], [0.16947661591081734, 0.2504359520786301, 0.4131832481981877, 0.16690418371236487], [0.1257787607252358, 0.2540630622233285, 0.36989774193945785, 0.25026043501197787], [0.10590332587638451, 0.2259179766858505, 0.3393157371641271, 0.3288629601736378]], "ideal": "A", "sampled": "C", "correct": false}}
{"type": "result", "data": {"idx": 25, "options": ["5", "3", "15", "31"], "probs": [[0.19388405110011567, 0.3858801251615588, 0.29590831861330924, 0.12432750502501633], [0.37589647622500816, 0.2143309839946864, 0.19521815746370766, 0.21455438221659778], [0.22556028271953335, 0.11343661948135002, 0.43520308509296224, 0.2258000126061544], [0.19487448944066824, 0.4001684367206341, 0.2708736875122014, 0.13408338622649624]], "ideal": "C", "sampled": "B", "correct": false}}
{"type": "result", "data": {"idx": 26, "options": ["145", "90", "60", "70"], "probs": [[0.3295847822334316, 0.26074925450979763, 0.28645036048483885, 0.12321560267193193], [0.22756100171491292, 0.3110577026715788, 0.2620072247418765, 0.19937407077163177], [0.2417637325668327, 0.2100434788890376, 0.27404719058340854, 0.2741455978607212], [0.13948892886965902, 0.18912572794010804, 0.5144797869692226, 0.15690555612101031]], "ideal": "D", "sampled": "B", "correct": false}}
{"type": "result", "data": {"idx": 27, "options": ["2 min", "5 min", "18 min", "20 min"], "probs": [[0.19312945869702558, 0.17312843379711293, 0.4710509093104535, 0.16269119809540797], [0.1803295354438444, 0.5557260040917932, 0.1643260902968997, 0.09961837006746274], [0.466237886687322, 0.2616265791877719, 0.17437755089379658, 0.09775798313110953], [0.2618355750775762, 0.36938488479735104, 0.14471863208754077, 0.22406090793753194]], "ideal": "C", "sampled": "C", "correct": true}}
{"type": "result", "data": {"idx": 28, "options": ["(-4,4)", "[0,4]", "(-inf, -1) U (4, inf)", "(-inf, -1) U (-1, 4) U (4, inf)"], "probs": [[0.10897256690786775, 0.11872823749510222, 0.26356964122537213, 0.5087295542716579], [0.08719783210480078, 0.1470791686396805, 0.5972223832813042, 0.16850061587421453], [0.1472044692129372, 0.4404524433037532, 0.2565970046085715, 0.1557460827747381], [0.22417983744554806, 0.28820127675335394, 0.27494496514051914, 0.21267392056057885]], "ideal": "C", "sampled": "D", "correct": false}}
{"type": "result", "data": {"idx": 29, "options": ["1", "e", "2/e", "1/e"], "probs": [[0.06144377572017328, 0.15209469724561045, 0.6113223045733227, 0.17513922236089358], [0.07834922068338482, 0.4338904780419827, 0.40752072656254457, 0.08023957461208787], [0.3831889414857318, 0.4553903682415194, 0.10077956499755845, 0.060641125175190345], [0.7950746656870894, 0.08785148316407188, 0.08787487798609804, 0.02919897306274071]], "ideal": "D", "sampled": "D", "correct": true}}
{"type": "result", "data": {"idx": 30, "options": ["1", "2", "0", "5"], "probs": [[0.35445738363383206, 0.0803361248939782, 0.46978396872626693, 0.0954225226459228], [0.4606654047505338, 0.1776498853982659, 0.14054675398851643, 0.22113795576268386], [0.15171630452968993, 0.052429608214177824, 0.7241772304618791, 0.07167685669425321], [0.4278928168552234, 0.2636957842949321, 0.1650284875772817, 0.14338291117256277]], "ideal": "C", "sampled": "A", "correct": false}}
{"type": "result", "data": {"idx": 31, "options": ["10", "16", "24", "12"], "probs": [[0.18914528189198176, 0.2861568331432288, 0.33234098550334124, 0.1923568993614482], [0.24472517137352898, 0.26664823688356265, 0.3764935191566782, 0.11213307248623014], [0.25251317962390724, 0.4164556121579445, 0.22485514820559163, 0.10617605991255662], [0.28789511320096206, 0.3727101981267152, 0.17898045478461508, 0.16041423378770767]], "ideal": "A", "sampled": "D", "correct": false}}
{"type": "result", "data": {"idx": 32, "options": ["12", "22", "840", "240"], "probs": [[0.2899431922792654, 0.17864967773710244, 0.1287017945487131, 0.4027053353349191], [0.061316995365634515, 0.06228118993766625, 0.6099341738334632, 0.2664676407632361], [0.1503663085305276, 0.48554784778191734, 0.2810267251601932, 0.08305911842736181], [0.19960415510032412, 0.4430042835850893, 0.2816122791009586, 0.07577928211362801]], "ideal": "D", "sampled": "D", "correct": true}}
{"type": "result", "data": {"idx": 33, "options": ["8788", "2", "2197", "21"], "probs": [[0.0475491239112228, 0.11406566136326139, 0.38000183578516833, 0.45838337884034747], [0.050891146817052695, 0.32676968462134554, 0.5559661470686662, 0.06637302139293551], [0.06385714195668742, 0.3733140750341271, 0.22292454377117982, 0.33990423913800566], [0.2226187487043408, 0.17338480768623965, 0.5097461114427569, 0.09425033206666261]], "ideal": "A", "sampled": "D", "correct": false}}
{"type": "result", "data": {"idx": 34, "options": ["-9", "-5", "-6", "-57"], "probs": [[0.15396494816611966, 0.19024646992611166, 0.40934495214362915, 0.24644362966413955], [0.2126804856343901, 0.18058557537499867, 0.324620480436102, 0.28211345845450925], [0.1032282226887018, 0.1357312401893321, 0.44522868260866144, 0.3158118544133046], [0.11786933111774402, 0.2363952521353507, 0.40547271693398695, 0.2402626997129183]], "ideal": "A", "sampled": "B", "correct": false}}
{"type": "result", "data": {"idx": 35, "options": ["15", "5", "9", "17"], "probs": [[0.2354389718201143, 0.34836654947889373, 0.20972089227253432, 0.20647358632845766], [0.15150767111730437, 0.2810647701618711, 0.27265458483787, 0.2947729737829546], [0.19468251884106283, 0.18730295679425268, 0.5060683752274981, 0.11194614903718626], [0.24524112774188025, 0.19110411973186972, 0.4050921918074169, 0.1585625606188331]], "ideal": "D", "sampled": "A", "correct": false}}
{"type": "result", "data": {"idx": 36, "options": ["252", "4680", "98770", "101170"], "probs": [[0.0934142269681796, 0.4819786156805725, 0.2172408628348732, 0.2073662944163747], [0.1724886226103949, 0.2800157195056678, 0.3828326634456045, 0.16466299433833284], [0.1663167699848738, 0.24581022166879565, 0.3808091452698688, 0.20706386297646176], [0.14391665577070284, 0.4230605644264529, 0.25661627523893865, 0.1764065044639056]], "ideal": "C", "sampled": "B", "correct": false}}
{"type": "result", "data": {"idx": 37, "options": ["4.5", "1", "5.5", "5"], "probs": [[0.08789571332984956, 0.299606356029976, 0.4865744572473751, 0.12592347329279932], [0.061414994914964986, 0.2353810238313712, 0.6205513319887873, 0.08265264916487651], [0.12705723656060514, 0.5783224572037944, 0.24123434180810438, 0.05338596432749609], [0.07240775648192779, 0.6504162854609828, 0.20475373244829065, 0.07242222550879875]], "ideal": "C", "sampled": "D", "correct": false}}
{"type": "result", "data": {"idx": 38, "options": ["240", "120", "60", "111"], "probs": [[0.08285274915642829, 0.39536612338271077, 0.4551920192563121, 0.06658910810454884], [0.10553695103160743, 0.7103657615910032, 0.11594731186739472, 0.06814997540999469], [0.12380604952031057, 0.05940388758423981, 0.08122270141269793, 0.7355673613827517], [0.03344686949489069, 0.07776224322725145, 0.7266707744962939, 0.16212011268156393]], "ideal": "A", "sampled": "B", "correct": false}}
{"type": "result", "data": {"idx": 39, "options": ["24", "5", "3", "21"], "probs": [[0.15695222976795556, 0.2711849768012037, 0.3538839465937194, 0.21797884673712137], [0.17253927884760661, 0.28006514904082586, 0.348721533978876, 0.19867403803269149], [0.22558243906600148, 0.33866587782491936, 0.26805007854478397, 0.1677016044642952], [0.22236315241130353, 0.2811023806915997, 0.24051997836449654, 0.25601448843260016]], "ideal": "A", "sampled": "D", "correct": false}}
{"type": "result", "data": {"idx": 40, "options": ["1", "-3", "-1", "3"], "probs": [[0.36415705623795447, 0.2464587426901577, 0.3265711713489829, 0.06281302962290493], [0.29694501109137644, 0.296999400325271, 0.28789047024652975, 0.11816511823682274], [0.28278142000305023, 0.17698028550032024, 0.45919277917328505, 0.0810455152233445], [0.3836382614913099, 0.3549179400832636, 0.17028879896255145, 0.09115499936287501]], "ideal": "B", "sampled": "A", "correct": false}}
{"type": "result", "data": {"idx": 41, "options": ["4", "6", "10", "15"], "probs": [[0.4692445466830656, 0.16476290171827668, 0.14770563165417905, 0.21828691984447868], [0.4539353549026503, 0.15938323734596962, 0.1474125832171847, 0.23926882443419537], [0.5350190043667936, 0.129102861679229, 0.15094681757431427, 0.18493131627966308], [0.5332291523121101, 0.16523925342847354, 0.10836768490602887, 0.19316390925338753]], "ideal": "C", "sampled": "C", "correct": true}}
{"type": "result", "data": {"idx": 42, "options": ["Alice", "Devon", "Bob", "Gerald"], "probs": [[0.23165701436724243, 0.22456114143503353, 0.20133205046237532, 0.3424497936353487], [0.20227568452349184, 0.19303618944848977, 0.20232850914149306, 0.4023596167865253], [0.19615871910042884, 0.21213063279458555, 0.32355060688075543, 0.26816004112423014], [0.22497368676279267, 0.3325460155707045, 0.17527032864515668, 0.2672099689213462]], "ideal": "B", "sampled": "A", "correct": false}}
{"type": "result", "data": {"idx": 43, "options": ["(6-3x)(6+3x)", "(-3x+6)(3x+6)", "9(2-x)(2+x)", "3(2+x)^2"], "probs": [[0.17137269205362657, 0.5200782131675283, 0.2306602287455347, 0.07788886593331039], [0.3304193566346651, 0.29181441226940236, 0.23439408487130586, 0.1433721461246267], [0.21340217389259408, 0.1196766525507753, 0.3410819045455199, 0.3258392689111107], [0.044637607439563, 0.3625111729005203, 0.5191992904054771, 0.07365192915443965]], "ideal": "C", "sampled": "B", "correct": false}}
{"type": "result", "data": {"idx": 44, "options": ["100", "90950", "5200", "50"], "probs": [[0.164612993581523, 0.1836413293893278, 0.523523390240769, 0.12822228668838015], [0.22646057940931363, 0.2127804489635304, 0.31961742516566083, 0.24114154636149515], [0.1631326775646192, 0.18195346943843352, 0.5109204497148152, 0.1439934031821321], [0.07348966269251453, 0.5347009657667396, 0.21273577750273082, 0.17907359393801503]], "ideal": "C", "sampled": "A", "correct": false}}
{"type": "result", "data": {"idx": 45, "options": ["\\frac{1}{8}", "\\frac{1}{7}", "\\frac{1}{40}", "\\frac{1}{35}"], "probs": [[0.2187626892478247, 0.17306813080165234, 0.19923823476115562, 0.40893094508936734], [0.07093504868435095, 0.11786861804341235, 0.45909384230473627, 0.3521024908675004], [0.03724818759593834, 0.040908948497308605, 0.7721716933410702, 0.14967117046568287], [0.06531000881734061, 0.3020829260047191, 0.5556441544930806, 0.07696291058485971]], "ideal": "D", "sampled": "A", "correct": false}}
{"type": "result", "data": {"idx": 46, "options": ["5", "11", "17", "199"], "probs": [[0.3201045667797257, 0.3303795729963939, 0.25335767673881215, 0.09615818338506821], [0.27997332182766715, 0.27569624162622497, 0.07900335462338903, 0.3653270818227188], [0.18714907249459353, 0.10335102470271304, 0.5590411119594012, 0.15045879074329221], [0.15914887543999082, 0.39399019760401954, 0.32668808829545626, 0.1201728385605334]], "ideal": "D", "sampled": "A", "correct": false}}
{"type": "result", "data": {"idx": 47, "options": ["7", "5", "2", "25"], "probs": [[0.10678258934974473, 0.1692993703799289, 0.6195853582740639, 0.10433268189626246], [0.1568793654284954, 0.4134384393278578, 0.3374511599203259, 0.09223103522332084], [0.24675785370322897, 0.23178853437651736, 0.3763679023659548, 0.14508570945429886], [0.1455339618547168, 0.33840891211211777, 0.3835366310758814, 0.13252049485728407]], "ideal": "A", "sampled": "C", "correct": false}}
{"type": "result", "data": {"idx": 48, "options": ["792", "66", "396", "72"], "probs": [[0.10393325160944297, 0.30561098225628713, 0.3804126353150722, 0.21004313071919767], [0.03796183308218225, 0.07551795973996787, 0.8381321778443931, 0.048388029233456795], [0.09972722307272942, 0.6018662138198196, 0.11488410975239637, 0.1835224532550546], [0.1711262061941989, 0.04066176445611136, 0.721159417289337, 0.06705261196035278]], "ideal": "D", "sampled": "D", "correct": true}}
{"type": "result", "data": {"idx": 49, "options": ["5", "-75", "-64", "-24"], "probs": [[0.06631715298598251, 0.12390937846065049, 0.7021001858858426, 0.10767328256752445], [0.07834831186634368, 0.26098181336472603, 0.6068098205386242, 0.05386005413030607], [0.14900934139604363, 0.2535334730813635, 0.5041857173465516, 0.09327146807604128], [0.1492767155883386, 0.18579816091608767, 0.4819626233140322, 0.18296250008154152]], "ideal": "B", "sampled": "C", "correct": false}}
{"type": "result", "data": {"idx": 50, "options": ["\\frac{1}{27}", "\\frac{1}{68}", "\\frac{1}{3}", "\\frac{1}{243}"], "probs": [[0.02275998314689362, 0.025792961996670312, 0.9095731458330406, 0.04187390892339548], [0.020394167841160903, 0.92346892899587, 0.019774279507847662, 0.0363626235551215], [0.11986142337052849, 0.07157968994097459, 0.7010623341875486, 0.10749655240094837], [0.08081030709365153, 0.14410643036534165, 0.03117099538033374, 0.743912267060673]], "ideal": "D", "sampled": "C", "correct": false}}
{"type": "result", "data": {"idx": 51, "options": ["100", "4", "5", "20"], "probs": [[0.05576914030357814, 0.234805294685289, 0.581709369690788, 0.1277161952203448], [0.13480361005513308, 0.33373669283832647, 0.4027694821367643, 0.12869021486977622], [0.3355042288041747, 0.2343090886491312, 0.15611526135857504, 0.2740714210881191], [0.06357671095796308, 0.06819287500684228, 0.5716017952557492, 0.2966286186794454]], "ideal": "A", "sampled": "C", "correct": false}}
{"type": "result", "data": {"idx": 52, "options": ["1", "9", "2", "10"], "probs": [[0.06202465182474758, 0.5978853830261439, 0.16607178936911549, 0.17401817567999306], [0.207104369447951, 0.1563064339372348, 0.5460770318798748, 0.09051216463493943], [0.12850042260645206, 0.4851177849188117, 0.1676825359750138, 0.21869925639972246], [0.163777257075107, 0.2006517439685756, 0.48166216959719776, 0.15390882925911958]], "ideal": "B", "sampled": "B", "correct": true}}
{"type": "result", "data": {"idx": 53, "options": ["43", "16", "42", "44"], "probs": [[0.17447174043867258, 0.41878164294455994, 0.23488277284641024, 0.17186384367035726], [0.3187443708680523, 0.2261404909307268, 0.15542640253617995, 0.29968873556504094], [0.18312063265636314, 0.1747887082286119, 0.4752612269861716, 0.16682943202885334], [0.3609579344009639, 0.3392985927117611, 0.17877260564615025, 0.12097086714112472]], "ideal": "C", "sampled": "A", "correct": false}}
{"type": "result", "data": {"idx": 54, "options": ["\\frac{1}{6}", "\\frac{1}{64}", "\\frac{1}{32}", "\\frac{1}{2}"], "probs": [[0.13382284541315995, 0.2105460049082794, 0.5636345827557458, 0.09199656682281476], [0.1271898337233977, 0.29582960292211063, 0.4372151921912474, 0.13976537106324424], [0.01830294268169013, 0.074109506132448, 0.8754569764086074, 0.03213057467725439], [0.06471671860228977, 0.47834512230183657, 0.30404683717990155, 0.15289132181597206]], "ideal": "C", "sampled": "A", "correct": false}}
{"type": "result", "data": {"idx": 55, "options": ["5", "\\frac{25}{6}", "\\frac{\\sqrt{2465}{9}", "2"], "probs": [[0.038254830839925535, 0.7287307949800323, 0.14674772266042624, 0.08626665141961591], [0.38490023918400496, 0.26303008000135114, 0.25305405068061887, 0.09901563003402505], [0.25884043010684343, 0.2737946685668616, 0.2716461298352275, 0.1957187713910675], [0.03472193870862254, 0.0989590111516816, 0.7609094749070617, 0.10540957513263416]], "ideal": "A", "sampled": "B", "correct": false}}
{"type": "result", "data": {"idx": 56, "options": ["3", "\\frac{1}{49}", "\\frac{1}{7}", "7"], "probs": [[0.11916848359680944, 0.08857590025206696, 0.551334265946853, 0.24092135010427057], [0.11843687471214023, 0.44052422698688387, 0.23939952608634446, 0.20163937211463143], [0.2558362185699211, 0.2725977003301774, 0.30883082744371104, 0.16273525355619045], [0.34975411588950905, 0.29017018018265694, 0.11184931466946975, 0.2482263891583642]], "ideal": "B", "sampled": "C", "correct": false}}
{"type": "result", "data": {"idx": 57, "options": ["4, 7", "5, 5", "3, 9", "9, 8"], "probs": [[0.1649511915649269, 0.5243234076893781, 0.08167191654872696, 0.22905348409696802], [0.4954479784634582, 0.18807814452918678, 0.13130619729319848, 0.1851676796141565], [0.38002349492367604, 0.17674856503013345, 0.08614165616862718, 0.35708628377756335], [0.2601371581684271, 0.07689639695760225, 0.37270178906108276, 0.2902646557128879]], "ideal": "B", "sampled": "B", "correct": true}}
{"type": "result", "data": {"idx": 58, "options": ["1", "120", "20", "12"], "probs": [[0.15085718034189366, 0.4167566000998496, 0.21621048448307867, 0.21617573497517809], [0.47655677650912087, 0.22520102410454748, 0.18675793328551085, 0.11148426600082079], [0.36849738261881204, 0.3154211734045385, 0.18254606967966397, 0.13353537419698547], [0.4440712265859422, 0.23414806750337624, 0.20031994133853123, 0.1214607644721503]], "ideal": "B", "sampled": "B", "correct": true}}
{"type": "result", "data": {"idx": 59, "options": ["1", "2", "-2", "0"], "probs": [[0.3072377053419166, 0.21789360884950343, 0.14749054169698245, 0.32737814401159754], [0.1917057718907416, 0.14929621587524916, 0.4975118262946119, 0.16148618583939733], [0.25326960521580466, 0.3055629340830972, 0.23434465422835993, 0.20682280637273823], [0.3167817152668382, 0.25858031544869764, 0.2468343713557781, 0.17780359782868604]], "ideal": "C", "sampled": "D", "correct": false}}
{"type": "result", "data": {"idx": 60, "options": ["1160", "1440", "2408", "2793"], "probs": [[0.05123125455872975, 0.10841694571978812, 0.6344370463191595, 0.20591475330232256], [0.14125352465050653, 0.4089172597304586, 0.27669842791628574, 0.1731307876027491], [0.39849562636490155, 0.223583391989266, 0.1610949683354623, 0.21682601321037012], [0.38242280918315735, 0.13636587287902982, 0.21808441440825085, 0.26312690342956196]], "ideal": "D", "sampled": "C", "correct": false}}
{"type": "result", "data": {"idx": 61, "options": ["0.615", "4.875", "15", "34.667"], "probs": [[0.1385872661928826, 0.15463584659937407, 0.523104608006619, 0.18367227910112435], [0.08656832703929211, 0.2929061992606601, 0.49051905404369883, 0.13000641955634895], [0.11270100863487498, 0.6190476140186608, 0.14249082761364099, 0.12576054963282327], [0.050320336015838595, 0.06987113166525848, 0.4020753605746745, 0.4777331716442284]], "ideal": "B", "sampled": "C", "correct": false}}
{"type": "result", "data": {"idx": 62, "options": ["f (x) = 0 has three real solutions.", "f (x) \u2265 \u201318 for all x \u2265 0.", "f (x) \u2264 \u201318 for all x \u2264 0.", "The function f (x) is decreasing for x \u2264 \u20133."], "probs": [[0.1982086330187094, 0.08396804457015611, 0.5225577431775766, 0.19526557913355788], [0.4022493658371824, 0.13481501229137496, 0.24408624735371362, 0.218849374417729], [0.23885391828155572, 0.10606368709087464, 0.4829058086605695, 0.17217658586700016], [0.31637781232246587, 0.14271626938318602, 0.1404677882998627, 0.4004381298944854]], "ideal": "A", "sampled": "C", "correct": false}}
{"type": "result", "data": {"idx": 63, "options": ["211", "2321", "11", "608"], "probs": [[0.25291306154751464, 0.3149550603753542, 0.2737420241818573, 0.15838985379527387], [0.2696350852821111, 0.14211796434468368, 0.4245920244118964, 0.1636549258613088], [0.13912676066070162, 0.39967220422097505, 0.2971331134568581, 0.1640679215614652], [0.2898153960414988, 0.17041714487755819, 0.4027636944844886, 0.13700376449645435]], "ideal": "D", "sampled": "D", "correct": true}}
{"type": "result", "data": {"idx": 64, "options": ["-8", "128", "-128", "16"], "probs": [[0.16609865420277797, 0.3863706039731314, 0.2962238457106821, 0.1513068960134085], [0.2953236566789023, 0.13953178495866453, 0.3620109395911957, 0.2031336186712375], [0.17480984140747902, 0.1543118323463737, 0.5140495682775693, 0.15682875786857797], [0.14965048207857057, 0.10448837123528748, 0.6063017158155063, 0.13955943077063562]], "ideal": "C", "sampled": "B", "correct": false}}
{"type": "result", "data": {"idx": 65, "options": ["\u201312", "\u20139", "0", "8"], "probs": [[0.22572513235281738, 0.14806159557090387, 0.11712692810996958, 0.5090863438663091], [0.10346822311250163, 0.11544403375687307, 0.6050216915611406, 0.17606605146948467], [0.20560033617347837, 0.2900838553615403, 0.24423553047122007, 0.26008027789376126], [0.22635860119746837, 0.2229234212483158, 0.39745838611634676, 0.15325959133786904]], "ideal": "B", "sampled": "D", "correct": false}}
{"type": "result", "data": {"idx": 66, "options": ["3", "4", "5", "6"], "probs": [[0.18931140206155128, 0.3886581708392618, 0.25485631119351915, 0.16717411580566777], [0.25315826751504567, 0.35719280899182126, 0.2235116329042376, 0.1661372904888955], [0.2823004978270086, 0.32004481073926994, 0.27805402457833267, 0.11960066675538877], [0.27445883169541335, 0.45280156547074984, 0.15645990123808187, 0.11627970149575491]], "ideal": "C", "sampled": "A", "correct": false}}
{"type": "result", "data": {"idx": 67, "options": ["72", "6", "18", "12"], "probs": [[0.17294490794926515, 0.14796491573970558, 0.43505961085620404, 0.2440305653548252], [0.24840283771044736, 0.20600312025261186, 0.39719403990734153, 0.14840000202959922], [0.3222928642904331, 0.2017757147348807, 0.2286603450546486, 0.2472710758200376], [0.30754827533423196, 0.10631072203315968, 0.44078947775755756, 0.14535152477505078]], "ideal": "B", "sampled": "D", "correct": false}}
{"type": "result", "data": {"idx": 68, "options": ["\\frac{1}{12}", "\\frac{1}{6}", "\\frac{2}{3}", "\\frac{1}{3}"], "probs": [[0.05836002000433806, 0.4888910534820965, 0.2964674344536517, 0.1562814919599137], [0.03183188827630861, 0.07938687916578831, 0.8472503864719055, 0.0415308459859975], [0.23565017999102902, 0.1864163563481093, 0.10874951548718567, 0.469183948073676], [0.019035187467602185, 0.04060585605420272, 0.9173945597712271, 0.02296439660696802]], "ideal": "D", "sampled": "B", "correct": false}}
{"type": "result", "data": {"idx": 69, "options": ["5", "2", "13", "139"], "probs": [[0.25359282839715835, 0.48957802684097834, 0.18576189075645952, 0.07106725390540378], [0.30619684999342667, 0.15166864362588195, 0.10269376272030534, 0.43944074356038604], [0.0672160629907336, 0.04109667649406916, 0.623530634736971, 0.2681566256782262], [0.08747965096552572, 0.2613000571466453, 0.4310654103324886, 0.22015488145534046]], "ideal": "A", "sampled": "A", "correct": true}}
{"type": "result", "data": {"idx": 70, "options": ["100", "999", "625", "500"], "probs": [[0.03847142079258173, 0.08737438395494379, 0.7976457596430786, 0.07650843550939587], [0.03296608043568086, 0.10395390345692632, 0.7684292649374392, 0.0946507510699536], [0.12343202622067444, 0.3985511093825239, 0.3803621260468438, 0.09765473824995785], [0.05995705194283715, 0.33973079030500686, 0.3397981137495183, 0.2605140439026377]], "ideal": "C", "sampled": "D", "correct": false}}
{"type": "result", "data": {"idx": 71, "options": ["\\frac{7}{15}", "\\frac{15}{7}", "\\frac{15}{8}", "\\frac{15}{11}"], "probs": [[0.5015979483460156, 0.23335719453977288, 0.17075392856609847, 0.0942909284481131], [0.7260146845588344, 0.12231607658798703, 0.06757580780171411, 0.08409343095146446], [0.5484379529404565, 0.09239500760108155, 0.15723864732600434, 0.2019283920324576], [0.27876386874403036, 0.07504070028033571, 0.572305875134037, 0.07388955574159692]], "ideal": "B", "sampled": "B", "correct": true}}
{"type": "result", "data": {"idx": 72, "options": ["29", "14", "27", "11"], "probs": [[0.14150984583870088, 0.37285238500681267, 0.22101341185743814, 0.2646243571970483], [0.10230179798845299, 0.12145065424531148, 0.7048018521498028, 0.07144569551643265], [0.1265065651035974, 0.42804413391773866, 0.23831195771826444, 0.20713734316039953], [0.07319104252877758, 0.13352634608273145, 0.6892106244416037, 0.10407198684688725]], "ideal": "A", "sampled": "D", "correct": false}}
{"type": "result", "data": {"idx": 73, "options": ["-5", "13", "64", "25"], "probs": [[0.17959093778139126, 0.3572824543762187, 0.32534792531235074, 0.13777868243003935], [0.3603600263235221, 0.3386805653233402, 0.20542171595426556, 0.09553769229887213], [0.4789697968173814, 0.20931119348433203, 0.18472922396985816, 0.12698978562842841], [0.39515956018607035, 0.1926316704839808, 0.24737386018725457, 0.16483490904269424]], "ideal": "C", "sampled": "C", "correct": true}}
{"type": "result", "data": {"idx": 74, "options": ["2", "1", "9", "16"], "probs": [[0.29555754089037156, 0.32478497473419465, 0.2163644303841931, 0.1632930538912407], [0.2909569994671706, 0.1607420718398572, 0.37979909207898555, 0.16850183651398667], [0.2480250670669327, 0.1759616337827207, 0.3500289722935697, 0.22598432675677685], [0.3146201700006397, 0.18216914346756768, 0.35681662701549877, 0.14639405941629383]], "ideal": "B", "sampled": "B", "correct": true}}
{"type": "result", "data": {"idx": 75, "options": ["10240", "5001", "5002", "8192"], "probs": [[0.4916702774790556, 0.23601487184091222, 0.15727454857839762, 0.11504030200163452], [0.08738348436859776, 0.0998054869416652, 0.5657206050697358, 0.2470904235200013], [0.10531016987381682, 0.5107012060884679, 0.26081035898753985, 0.12317826495017546], [0.40101896218599975, 0.35409940946661167, 0.12627879803561512, 0.11860283021177342]], "ideal": "D", "sampled": "D", "correct": true}}
{"type": "result", "data": {"idx": 76, "options": ["If f(x) is continuous at x = c, then f\u2032(c) exists.", "If f\u2032(c) = 0, then f has a local maximum or minimum at (c, f (c)).", "If f\u2032\u2032(c) = 0, then the graph of f has an inflection point at (c, f (c)).", "If f is differentiable at x = c, then f is continuous at x = c."], "probs": [[0.14994919783208246, 0.3891334272367976, 0.08958055222461149, 0.3713368226065084], [0.1362999071320199, 0.03237669890514574, 0.7849296868185339, 0.04639370704430049], [0.16545929382858518, 0.4099579544691108, 0.07945253876813667, 0.34513021283416734], [0.26633527475412755, 0.25825959056626646, 0.3643252198879396, 0.11107991469166638]], "ideal": "D", "sampled": "D", "correct": true}}
{"type": "result", "data": {"idx": 77, "options": ["5", "22", "11", "6"], "probs": [[0.2749468426868574, 0.2837377232586383, 0.32665980345707574, 0.11465563049742862], [0.18977355389564252, 0.3602559756796123, 0.2850102995047976, 0.16496017081994757], [0.2914322977541786, 0.38626558448085474, 0.21668345218257665, 0.10561866548238998], [0.32354011164230906, 0.2122408386184871, 0.3088866677903199, 0.1553323818488839]], "ideal": "A", "sampled": "C", "correct": false}}
{"type": "result", "data": {"idx": 78, "options": ["Wednesday", "Thursday", "Friday", "Saturday"], "probs": [[0.2680618006878177, 0.2557812180393727, 0.26402904007005645, 0.21212794110275313], [0.22207514111190976, 0.263693370306747, 0.2153186266003888, 0.2989128618809544], [0.23794138074609372, 0.182398420816325, 0.305680717412649, 0.2739794809249323], [0.30053152442141273, 0.24529093473430902, 0.2199974638002139, 0.23418007694406437]], "ideal": "C", "sampled": "A", "correct": false}}
{"type": "result", "data": {"idx": 79, "options": ["January 10th", "January 21st", "January 31st", "February 10th"], "probs": [[0.2243125438465873, 0.2541898488744223, 0.3265557884843427, 0.19494181869464766], [0.2551345900976211, 0.10634699034661499, 0.10642779934616944, 0.5320906201095945], [0.21315513609903197, 0.08746911742988193, 0.5280268433740091, 0.171348902997077], [0.18961898698074373, 0.4919608161559357, 0.1839124830790356, 0.134507713684285]], "ideal": "B", "sampled": "A", "correct": false}}
{"type": "result", "data": {"idx": 80, "options": ["75", "76", "22", "23"], "probs": [[0.13226887483861924, 0.5658142523958647, 0.10633448431073367, 0.1955823883547824], [0.055368274663586355, 0.12975229990008433, 0.7242460387512147, 0.09063338658511455], [0.06731871238979359, 0.7586671398367589, 0.055835136712769726, 0.11817901096067777], [0.05957228388580138, 0.18066398653548235, 0.6211875543261923, 0.1385761751525239]], "ideal": "B", "sampled": "D", "correct": false}}
