{"type": "result", "data": {"idx": 0, "options": ["Planetary density will decrease.", "Planetary years will become longer.", "Planetary days will become shorter.", "Planetary gravity will become stronger."], "probs": [[0.002756836198675947, 0.005276429161089739, 0.99050921421336, 0.0014575203268742652], [0.0071193958553602815, 0.008008038604739328, 0.006005568181765465, 0.978866997258135], [0.005074055976142156, 0.959777586081648, 0.02787319375809059, 0.007275164084119283], [0.0045376980162403595, 0.9650302815971428, 0.022522336541019802, 0.007909683745597102], [0.00577871202751115, 0.009239441406631741, 0.003858372207404025, 0.981123474258453], [0.00375285407965983, 0.006800428260197143, 0.9860484333633142, 0.0033982841968288116], [0.01203729492877573, 0.004719620940388459, 0.9804414086946422, 0.0028016753361935908], [0.028355279155517592, 0.005545408777720301, 0.010608868380914687, 0.9554904435858474], [0.009463159069727504, 0.9737762864747403, 0.008901538923340856, 0.00785901543219132], [0.009740820826348563, 0.9715295175156478, 0.01232880041683595, 0.00640086114116774], [0.06551283037631982, 0.015093255136255904, 0.006495303930562382, 0.9128986104568618], [0.009241773337540591, 0.0072054797196380894, 0.9819523054623662, 0.0016004413804551285], [0.9860000535902834, 0.005017157140489695, 0.0059146992415630446, 0.003068089927663884], [0.9836276836762119, 0.005761103161667833, 0.004525461073601628, 0.006085751988518579], [0.9753907870263481, 0.0187266021032581, 0.0027018727134215242, 0.0031807380569722466], [0.9694103516370218, 0.022981028808935704, 0.00419043606318173, 0.0034181833908607483], [0.9815830610213437, 0.009114092236204643, 0.0037735775197192643, 0.005529269122732311], [0.9740162962528535, 0.01057173176537726, 0.01285963381391034, 0.0025523380678589684], [0.009814144576364049, 0.005820510166258559, 0.004573988976176301, 0.9797913561812011], [0.006133724651877382, 0.004388500601016737, 0.9852513367517406, 0.004226437895365248], [0.027438388230272927, 0.027455809550960372, 0.005717196235229242, 0.9393886058835375], [0.004847138585677903, 0.009134870824268301, 0.9847475150599678, 0.0012704754300859225], [0.007214953133741578, 0.9755437891959489, 0.010184309363681672, 0.007056948206627933], [0.008348255372424354, 0.9579945626747945, 0.0282593231820767, 0.005397858670704344]], "ideal": "C", "sampled": "C", "correct": true}}
{"type": "result", "data": {"idx": 1, "options": ["buildings will be built faster", "buildings will be made safer", "building designs will look nicer", "building materials will be cheaper"], "probs": [[0.0011308932937316837, 0.9973280434208759, 0.0011688464326254729, 0.00037221675276698024], [0.0011485783840571508, 0.9972832397831239, 0.0013139619515978725, 0.000254219781221032], [0.0008157559917500044, 0.0006123379959674127, 0.9981629179837661, 0.0004089879285165004], [0.0019487646342066416, 0.0017904148860738724, 0.0008904476280541243, 0.9953703727516654], [0.00046892200936781325, 0.0005001835697912616, 0.9987537610019801, 0.0002771333188608277], [0.001748000567764353, 0.0015324235983192713, 0.0008172993844253189, 0.995902276349491], [0.9960848196980131, 0.003270739956432071, 0.0004577532283767895, 0.00018668701717802465], [0.9963504415874634, 0.003146446882975206, 0.00034577604398572766, 0.00015733538557563285], [0.9965514260057092, 0.0026919099888655026, 0.0005742588727893101, 0.0001824050326359328], [0.9966787774896916, 0.0025893439126858796, 0.0004581362935540205, 0.0002737422040684628], [0.9969003792610858, 0.002490634628318607, 0.000444028928710814, 0.00016495708188478053], [0.9968924320117326, 0.0023767803827224546, 0.0004107469402163256, 0.0003200405653286399], [0.0007370462794540467, 0.0006780494453006279, 0.9982209940212626, 0.00036391015398266977], [0.0016413362614200841, 0.0020448849723688108, 0.0007861444682142688, 0.9955276341979968], [0.001174638856040352, 0.9964827838485192, 0.0019853412992086057, 0.00035723589623181773], [0.0011657913948827005, 0.9965140650339264, 0.0017800886114544777, 0.0005400548597364851], [0.0015544905571820468, 0.0015811168371785572, 0.0010171516492798573, 0.9958472408563596], [0.0006923652081539801, 0.0006220745057917159, 0.9981608385227683, 0.0005247216632860473], [0.0005311278704609011, 0.0006674609857352289, 0.9984946616945077, 0.00030674934929616414], [0.0018023539998346047, 0.001997210185378324, 0.0007981658033049654, 0.9954022699114821], [0.0009298201053624999, 0.9969320752730779, 0.0018658296640533078, 0.0002722748575062801], [0.0009230205774036394, 0.9970650465320966, 0.001409110997432241, 0.0006028217930674924], [0.0017467998362990886, 0.0018186787321558362, 0.0009777436719532288, 0.9954567776595918], [0.0007311485035810136, 0.0006515491802817206, 0.998067410442674, 0.0005498917734633181]], "ideal": "B", "sampled": "B", "correct": true}}
{"type": "result", "data": {"idx": 2, "options": ["Chemical energy is absorbed through the roots.", "Light energy is converted to chemical energy.", "Chlorophyll in the leaf captures light energy.", "Sunlight is converted into chlorophyll."], "probs": [[0.0006653570098601783, 0.017289628283486628, 0.9817446542448025, 0.0003003603618507188], [0.001539333720285102, 0.02770488703451336, 0.0010775580281340397, 0.9696782211170675], [0.0014938715349288084, 0.9943037453926152, 0.0038470119957020664, 0.00035537097675392945], [0.002225450041400457, 0.986788065553724, 0.0010128260151605658, 0.009973658289715], [0.0013672131880655266, 0.00762234916769784, 0.008055207908596658, 0.98295522963564], [0.0012730431719770725, 0.007101857762014068, 0.990089318879197, 0.0015357800868117631], [0.0007146502647218389, 0.0005357648505104788, 0.998500411640598, 0.00024917314416966486], [0.003263976468208244, 0.001137796141253803, 0.001104621734580667, 0.9944936055559573], [0.002999730993849218, 0.9960106236604054, 0.0005395146233120436, 0.0004501306224333527], [0.002862736865001151, 0.9959346013933461, 0.000945997654851722, 0.00025666398680101456], [0.007774732385766919, 0.00359053060850024, 0.0005978269633397, 0.9880369099423931], [0.0007658681860847367, 0.0014767154632339358, 0.9975477049874797, 0.0002097112632016245], [0.9837362179215959, 0.0023456561376335528, 0.01351957314994014, 0.00039855269083035016], [0.9281189619196547, 0.0016848580384807529, 0.00037423676753370355, 0.0698219431743308], [0.98806880162137, 0.011402608625670815, 0.0001469729878865118, 0.0003816166650726441], [0.983813263452988, 0.01564001628949565, 0.00027709800003403954, 0.0002696221574823007], [0.934710773241786, 0.001922207013223655, 0.0003354374686625154, 0.06303158217632784], [0.9740529403132987, 0.002511022779990509, 0.02313097319955578, 0.000305063607155031], [0.006018423523067198, 0.0011234398787552868, 0.011609034704865342, 0.9812491017933122], [0.00229636297658914, 0.0011031410993005031, 0.9943745019506184, 0.0022259938734919414], [0.008940542402091587, 0.03323701130128789, 0.0009252761087445686, 0.956897170087876], [0.0012750707117428755, 0.014477754030316956, 0.9840385330422053, 0.0002086421157347973], [0.004546074922814719, 0.959514136451326, 0.0010092332373239405, 0.034930555288535385], [0.002780768552882397, 0.9903913133974072, 0.006622701879087969, 0.00020521607062250799]], "ideal": "C", "sampled": "C", "correct": true}}
{"type": "result", "data": {"idx": 3, "options": ["the control", "the hypothesis statement", "the dependent (responding) variable", "the independent (manipulated) variable"], "probs": [[0.005774655839060708, 0.0029544564864861884, 0.018968630562531414, 0.9723022570119216], [0.002612675252765218, 0.0029871835347186743, 0.9911946160091148, 0.0032055251034012505], [0.00885908439222922, 0.13870520064854072, 0.0027753688141445025, 0.8496603460450856], [0.0026532856907870613, 0.03666231546027914, 0.960304258247801, 0.0003801405011328346], [0.006384959165066191, 0.9783295795941949, 0.0030685007445872565, 0.012216960396151633], [0.006327199751962183, 0.977309584974979, 0.015673808759221752, 0.0006894064138370368], [0.0034414532306167394, 0.004784839394411065, 0.021786554286220623, 0.9699871529887516], [0.0019879632194204997, 0.0038058632111657494, 0.9913334265615696, 0.0028727469078440667], [0.0062589831323395856, 0.020069889619444142, 0.006785803904709833, 0.9668853232435064], [0.0022872877017371548, 0.01338602958046951, 0.9834895009335972, 0.0008371816841961402], [0.004534595412123808, 0.9800399446831699, 0.006815867381301576, 0.008609592423404692], [0.005033224217979619, 0.9753516952430923, 0.017859430285612966, 0.001755650153315119], [0.016524543341552844, 0.012585472756256495, 0.0019650223364581585, 0.9689249614657325], [0.0032500118535492583, 0.00536496542109389, 0.9908814276158003, 0.0005035950095564941], [0.01727150747012379, 0.002131973621435681, 0.006369139289673393, 0.9742273795187671], [0.0032050414343544704, 0.0028545423961736176, 0.9927859880262387, 0.0011544280432332049], [0.01323425992527726, 0.9811870035554209, 0.004880072339999198, 0.0006986640793027048], [0.014641125037311093, 0.9805637163277121, 0.003174246846588741, 0.001620911688388], [0.9303104158113469, 0.019307156768826134, 0.0018145740955828713, 0.0485678532242441], [0.909800286945663, 0.039046939285783476, 0.049096360580549205, 0.002056413088004321], [0.9249349382003581, 0.008589322813876175, 0.011304855524533143, 0.05517088336123255], [0.9325637423393606, 0.01605072196102048, 0.04688791214363031, 0.004497623455988643], [0.8572562473785347, 0.13560441352856878, 0.004765434266712569, 0.0023739047261839364], [0.8403975315831407, 0.1542321881101748, 0.002139830017333238, 0.003230450189351297]], "ideal": "D", "sampled": "D", "correct": true}}
{"type": "result", "data": {"idx": 4, "options": ["They have each lost kinetic energy.", "They have each gained the same amount of potential energy.", "They have each lost the same amount of potential energy.", "They have each gained one-half of their maximum kinetic energy."], "probs": [[0.05296428244576819, 0.8160568675747323, 0.10453201323106072, 0.02644683664843886], [0.04901265370732911, 0.8490820557858411, 0.0873998332211886, 0.014505457185641226], [0.09747856072416627, 0.7728912794986099, 0.10057644530587216, 0.02905371437135162], [0.20648901085543667, 0.6459377979365101, 0.09452795201143094, 0.053045239096622315], [0.13086535132757504, 0.3067171894207634, 0.5510569851373197, 0.011360474014341804], [0.14093276948798153, 0.18382752059684537, 0.6671550316721666, 0.008084678143006434], [0.1859508995165883, 0.0927899228415383, 0.6964649907632984, 0.024794186778575023], [0.30026954337562556, 0.1363689882380257, 0.49890546857621443, 0.06445599971013428], [0.3548291676111214, 0.19738416665881192, 0.341248994156106, 0.10653767147396072], [0.27298637072155907, 0.09214741608567509, 0.587045410838198, 0.04782080225456789], [0.3744556772836164, 0.23051665261392276, 0.20676206974534173, 0.1882656002571191], [0.3054869592167911, 0.16095202299086644, 0.503769596204377, 0.029791421487965503], [0.41321493422473715, 0.0770356230967383, 0.4793377363005085, 0.030411706278016017], [0.35713258701474054, 0.06252462695475325, 0.31499341760455113, 0.2653493683259551], [0.3849843373500371, 0.03260910705056179, 0.46414315482166124, 0.11826340067773984], [0.32948790101910563, 0.030665234756335428, 0.5826226071564995, 0.05722425696805943], [0.3261941671045266, 0.24040749666670938, 0.25602751967730863, 0.17737081645145542], [0.262990046254364, 0.23572758016175127, 0.4839157208107735, 0.017366652673111178], [0.21105432970180638, 0.052167301271418255, 0.7313532988617887, 0.005425070064986715], [0.21548134001023758, 0.06177633657838253, 0.7012213924994734, 0.021520930811906574], [0.23891658790022346, 0.6006196442702504, 0.1496161446563964, 0.010847623073129814], [0.14597631826308566, 0.5552568373058901, 0.2603550523964539, 0.03841179193457035], [0.10659269242412849, 0.5498955249236481, 0.25981009003902145, 0.08370169251320195], [0.12522902013249543, 0.6561961989408402, 0.16210447793673294, 0.056470302889931434]], "ideal": "D", "sampled": "C", "correct": false}}
{"type": "result", "data": {"idx": 5, "options": ["a non-infectious, cell-cycle disease", "an infectious, cell-cycle disease", "a non-infectious, chronic disease", "an infectious, chronic disease"], "probs": [[0.0036413032172335925, 0.7105156743339378, 0.0034256133157321306, 0.2824174090330965], [0.0025989448614424605, 0.7563495842205735, 0.23387185729693616, 0.0071796135210479015], [0.0036315583919249482, 0.00105956165439243, 0.15331993024847457, 0.8419889496052081], [0.0021379062608089024, 0.00159238188220047, 0.9856523900789561, 0.01061732167803452], [0.002854567757221948, 0.34642243841599946, 0.635993727477846, 0.014729266248932575], [0.0029472555813196345, 0.9495402229576746, 0.0181960021300542, 0.029316519230951518], [0.037955519536808154, 0.003737663822755509, 0.0015014751712089888, 0.9568053413692273], [0.010527873474453348, 0.002266690614158385, 0.9791184722065348, 0.008086963604853425], [0.14314826024722246, 0.0024306471785375803, 0.01045704088220771, 0.8439640515920322], [0.005565063650943067, 0.001514620161464512, 0.9894578978739473, 0.003462418213645092], [0.010360304173514882, 0.9493956480909146, 0.0059617026175592955, 0.03428234501801122], [0.010463913872358113, 0.9669098826082881, 0.008292612595699494, 0.014333590823654244], [0.0031100416413080228, 0.0022456338862164487, 0.6987098527936846, 0.2959344715787909], [0.002390572274835237, 0.0013648642413621628, 0.9803958523344036, 0.015848711049398945], [0.004220490084024596, 0.5446753166550259, 0.013629671278389377, 0.4374745218825602], [0.0014923985592622537, 0.0241289213278562, 0.9704117621043027, 0.003966917908578863], [0.001792416659584899, 0.9823846690439866, 0.004404089089626993, 0.011418825106801542], [0.0016253787981116087, 0.9864680458301671, 0.008719135734227246, 0.0031874395374940027], [0.012019251831923504, 0.0023919208241885517, 0.9786778655903524, 0.0069109616535355705], [0.866256903389882, 0.005944689865883399, 0.023452561887541606, 0.10434584475669297], [0.4557859353110549, 0.4528212598510451, 0.0022544448984552928, 0.08913835983944475], [0.5741830937983886, 0.4015440852573128, 0.0019839102897467905, 0.022288910554551844], [0.75754875623797, 0.009476135755555108, 0.00170278420907822, 0.23127232369739667], [0.9715588417572881, 0.010731004537235881, 0.009029290940691681, 0.008680862664784263]], "ideal": "B", "sampled": "D", "correct": false}}
{"type": "result", "data": {"idx": 6, "options": ["to repare for migration before winter", "to provide warmth during the cold winter months", "to store food that will be eaten over the winter months", "to protect the grasses and seeds from decay before winter"], "probs": [[0.005194963539688663, 0.005815047902841389, 0.9760672671802748, 0.012922721277195126], [0.008374466930411734, 0.0064827816628255375, 0.2753310325077368, 0.7098117187990259], [0.005288169117651448, 0.9264997005665452, 0.012998177335741422, 0.05521395288006192], [0.006419899215804314, 0.9179326617415925, 0.07121287818396602, 0.004434560758637169], [0.008443770147417663, 0.24316710661544014, 0.010433241908542192, 0.7379558812286], [0.003953762007322628, 0.1130461966655325, 0.8813425129183324, 0.0016575283088124696], [0.0040626051584167775, 0.006612024088415792, 0.9721552970067686, 0.017170073646398862], [0.005337215646339892, 0.007304823528054886, 0.16869482896673707, 0.8186631317588682], [0.004502630483699196, 0.8799671241122125, 0.01205397066728176, 0.10347627463680656], [0.004734298415561962, 0.8164700020717781, 0.17622723434443932, 0.0025684650682206173], [0.007413355891783576, 0.185493356488723, 0.006808635550171846, 0.8002846519693215], [0.003302415616485019, 0.12126532147460654, 0.8743609213105045, 0.0010713414984040198], [0.8457710041064459, 0.030809062770274762, 0.008564310368948422, 0.11485562265433097], [0.5395462847181222, 0.03480841423033265, 0.42079264863729476, 0.004852652314250385], [0.8688871126022404, 0.023339949176381113, 0.005958706976903761, 0.10181423114447467], [0.1880409541369354, 0.010304132442295822, 0.7996561374037487, 0.001998775917020071], [0.8077372813751491, 0.18168170536818984, 0.00608088860598948, 0.004500124550671546], [0.879133772673109, 0.11354142603864707, 0.005402556127675741, 0.001922245060568193], [0.07501634153706437, 0.010324270386525688, 0.005436970811263139, 0.9092224171651468], [0.009481898992602803, 0.005544358215901383, 0.9834873581894372, 0.0014863845020586161], [0.08616532679397969, 0.010549113514411467, 0.0026678101604390605, 0.9006177494311698], [0.008585126005439515, 0.004681293314016283, 0.9859935487639038, 0.0007400318166404131], [0.007260239301224639, 0.9829337710338928, 0.005841077838452805, 0.003964911726429749], [0.006938782815546047, 0.9850892247278792, 0.006426048738231638, 0.0015459436183431429]], "ideal": "C", "sampled": "C", "correct": true}}
{"type": "result", "data": {"idx": 7, "options": ["There was once more water in the area.", "The area was once grassland.", "The climate in the area was once tropical.", "There are active faults in the area."], "probs": [[0.0032114679246971743, 0.0018480989344694955, 0.9936494866133626, 0.0012909464274706588], [0.011774747601904613, 0.003657529410383729, 0.0027149971323246077, 0.9818527257553871], [0.005716549236023428, 0.9855637556252523, 0.005994607232373477, 0.002725087806350749], [0.004533651292864704, 0.9881592410339188, 0.005472006751556379, 0.0018351008216600485], [0.012326666573194249, 0.002937494167661785, 0.003854517548769308, 0.9808813216103747], [0.002858493374326338, 0.0018066727139513107, 0.9943436622722095, 0.0009911715395129002], [0.0023457517513221656, 0.004493866140993689, 0.9920660312938337, 0.0010943507138503651], [0.0064982322959424394, 0.009043127684865962, 0.0031233752549997456, 0.9813352646641919], [0.003583258363896761, 0.9794878632557925, 0.014177726108230622, 0.0027511521720801546], [0.003887757001205391, 0.9829659579710068, 0.007439938957680296, 0.005706345970107448], [0.007002921081012754, 0.0035323879016124376, 0.019202070961532914, 0.9702626199558418], [0.002368150789011992, 0.0022816311530378113, 0.9936136789750201, 0.0017365389829300856], [0.9938248332818588, 0.003530101108610319, 0.0017087073981646326, 0.0009363581113662737], [0.9934829531323366, 0.003845507070708403, 0.0018321988344390172, 0.0008393408625159857], [0.9943457155699427, 0.002772813637753893, 0.001777805604690435, 0.001103665087613015], [0.9928604125298902, 0.003638412715792843, 0.0018601704639390822, 0.0016410041903778358], [0.9942074326795761, 0.0033967222240914013, 0.0015687834094612997, 0.0008270615868711327], [0.9934120407369526, 0.0038754256404797474, 0.0014727082210364622, 0.0012398253015312637], [0.006833956383123736, 0.01905807482585582, 0.005008004122538346, 0.9690999645684821], [0.0021237764963575267, 0.01046760914309471, 0.9863534021986813, 0.0010552120618665076], [0.004329662475311906, 0.00561746418302791, 0.01674003965189144, 0.9733128335897687], [0.0018575090774057882, 0.0033425229209178412, 0.992849255329517, 0.0019507125721594163], [0.002330224293242665, 0.9864460359801884, 0.00936297805273635, 0.001860761573832533], [0.0027885641837518712, 0.986406644767211, 0.00674383722960547, 0.004060953719431693]], "ideal": "C", "sampled": "C", "correct": true}}
{"type": "result", "data": {"idx": 8, "options": ["The chicken population would go down.", "Populations of mice and rats would increase.", "Another bird of prey would replace the hawk.", "The chickens would have a lower rate of disease."], "probs": [[0.005290845876659687, 0.9041005573048888, 0.08739682986989003, 0.003211766848561436], [0.007136371315399302, 0.9349868118133181, 0.017119265764222374, 0.04075755100706024], [0.002136296380747823, 0.03557993506474089, 0.9613633846037651, 0.0009203838507460924], [0.01568428031654057, 0.11503667217174508, 0.005771193103796644, 0.8635078543079177], [0.0036981912462476997, 0.004863441596035362, 0.9862584755459, 0.005179891511816951], [0.029394861637364607, 0.009851958087862005, 0.023991134626716776, 0.9367620455480566], [0.1525452643544615, 0.05838992674472495, 0.7870467612254018, 0.0020180475754116773], [0.7878633223147795, 0.12179490873709205, 0.015849408590085413, 0.07449236025804302], [0.10764052893235482, 0.8536766309735162, 0.03157408214095626, 0.007108757853172687], [0.19676858642891681, 0.7665524660437403, 0.010846345936873957, 0.02583260149046898], [0.7376275896692306, 0.042620213496659495, 0.07773790876314202, 0.14201428797096793], [0.20975742230323424, 0.015214919465351195, 0.7379380039584028, 0.037089654173011785], [0.01763602714736297, 0.018347699153796655, 0.9630496480218517, 0.0009666255769886893], [0.5193729109893163, 0.05065172999674222, 0.005815915437806952, 0.42415944347613455], [0.025305343942500273, 0.9575024304175328, 0.011407376334930852, 0.005784849205036067], [0.02799050146121573, 0.9494616383078144, 0.005428306414086655, 0.0171195537168832], [0.446906342142795, 0.013196817130878523, 0.008712722610664572, 0.5311841180156619], [0.03582564916182294, 0.005329793579170369, 0.9535111654148937, 0.005333391744112966], [0.002457528797018414, 0.015536234437621529, 0.9761065667021709, 0.005899669963189213], [0.005489141912809248, 0.04420978760692074, 0.033886311999088425, 0.9164147583811816], [0.005730927986662817, 0.9127585540725565, 0.05479497597200474, 0.02671554186877595], [0.006092270901278359, 0.8697592640189288, 0.09908490721497208, 0.025063557764820752], [0.006206614954180285, 0.15397209406684595, 0.020191496773000278, 0.8196297941059735], [0.002861511628829758, 0.04879188507660137, 0.9421886867229632, 0.006157916471605648]], "ideal": "B", "sampled": "B", "correct": true}}
{"type": "result", "data": {"idx": 9, "options": ["the atom", "the electron", "the nucleus", "the proton"], "probs": [[0.9750292472735631, 0.01875103670568794, 0.0015969253426139363, 0.004622790578134966], [0.9795469411714426, 0.01514052751390528, 0.0009159588763160806, 0.0043965723383360645], [0.8943104721711918, 0.003401305279065717, 0.10026703673196904, 0.0020211857177734292], [0.9125342067448245, 0.0015539976803907753, 0.002370131278510737, 0.08354166419627389], [0.9854039436420376, 0.004881401024459582, 0.006269398073225005, 0.003445257160277728], [0.9495553051440574, 0.0041515642108886685, 0.0011875862597372922, 0.04510554428531667], [0.012428032192557526, 0.9752691951411209, 0.008317070053887755, 0.003985702512433827], [0.011103697689416195, 0.9797243155580497, 0.005525340611133538, 0.003646646041400575], [0.007076342545784464, 0.0013896747172290364, 0.9906371173734406, 0.0008968652635458553], [0.05332747789773604, 0.0016154474370268972, 0.003510936371056682, 0.9415461381941803], [0.012245320619969536, 0.0009654298269144172, 0.9852258043798918, 0.0015634450732242538], [0.03065385417950655, 0.0013403799099497822, 0.002189526986287127, 0.9658162388242565], [0.0042047964655528205, 0.9711656080594733, 0.02265118226287632, 0.0019784131120975956], [0.003621198640565395, 0.9793084725688701, 0.009013573132894012, 0.008056755557670497], [0.0018590090232696473, 0.009317511295688821, 0.9882720679584129, 0.0005514116226285669], [0.01649162385097139, 0.018356079520185815, 0.0021686733570810586, 0.9629836231717617], [0.0016644042017455465, 0.0011956205972042696, 0.9956430154597131, 0.0014969596413370529], [0.00691012444715863, 0.0012037864860997235, 0.008035414059457175, 0.9838506749072845], [0.004574332054332173, 0.9779811787432033, 0.012202393620335662, 0.005242095482128804], [0.004648204043040717, 0.9639128389130112, 0.008668281226984063, 0.022770675716964058], [0.001423648102296243, 0.002163169165392222, 0.9954232261128013, 0.0009899565195101998], [0.006364457121520099, 0.003434139882630303, 0.0017462088097923035, 0.9884551940860573], [0.001369253211950327, 0.0010472960584942633, 0.9959770639567062, 0.0016063866728492876], [0.005145249079255891, 0.0006465105260698252, 0.008442521295913588, 0.9857657189987606]], "ideal": "A", "sampled": "A", "correct": true}}
{"type": "result", "data": {"idx": 10, "options": ["life processes", "size differences", "plasma membranes", "energy molecules"], "probs": [[0.020659309702160768, 0.031551452626319365, 0.9448883057335158, 0.002900931838004101], [0.045358612867571334, 0.034832890008163475, 0.02800343585505606, 0.8918050611692091], [0.027185735259226535, 0.9381607437964132, 0.029442044792735, 0.005211476051625173], [0.04230084650224045, 0.8713358059982886, 0.015345642370212412, 0.07101770502925844], [0.043777133938933156, 0.06381031822661484, 0.010590445170308741, 0.8818221025641433], [0.026279680824970498, 0.07676548282769667, 0.8788260299575484, 0.018128806289784406], [0.031778096620446505, 0.019000190558547597, 0.9454105421860906, 0.003811170534915304], [0.09757735397478158, 0.03171800390093981, 0.05881161132590186, 0.8118930306983767], [0.04747462581668632, 0.918496489707503, 0.01449614485090005, 0.01953273952491065], [0.05739731526461521, 0.913768082782628, 0.02098076535707379, 0.00785383649568299], [0.12037062968856055, 0.07778460741732414, 0.009304668073389952, 0.7925400947207253], [0.03670365930299153, 0.05560756204876672, 0.9051587738418515, 0.0025300047063902932], [0.8003262876663968, 0.11998471616498822, 0.06234865635009982, 0.017340339718515143], [0.6919634769993374, 0.0467587362781653, 0.025642362731085385, 0.23563542389141193], [0.6258857319535919, 0.3275038934265089, 0.023569155745486868, 0.02304121877441238], [0.6414402185021958, 0.3229365971880324, 0.02915401884634785, 0.006469165363423988], [0.7877767061460728, 0.09563232161947773, 0.016269090834299293, 0.1003218813001502], [0.7570837604685099, 0.15761501564240757, 0.07281873076988139, 0.012482493019201086], [0.04816744823931446, 0.007292962129326195, 0.012211906659904187, 0.9323276828714552], [0.026223086153401128, 0.006441414895500707, 0.948823531430437, 0.018511967420661225], [0.05642289419277118, 0.051848621009036415, 0.007250553168727785, 0.8844779315294646], [0.02311552307962577, 0.03502326909431003, 0.9401382013867591, 0.0017230063393051244], [0.03619282842370416, 0.9278178835887425, 0.011057396669894961, 0.024931891217658424], [0.02784368597792258, 0.9384294236979744, 0.030388199134745286, 0.0033386910893576367]], "ideal": "B", "sampled": "C", "correct": false}}
{"type": "result", "data": {"idx": 11, "options": ["The Sun influences the formation of waves.", "The Sun creates water particles.", "The Sun's rays cause organisms to come to the surface.", "The Sun provides minerals."], "probs": [[0.9726662598595914, 0.008163164338535471, 0.016368521314829923, 0.00280205438704315], [0.9564420866416211, 0.008215184056796372, 0.0023380626630981217, 0.033004666538484384], [0.9840529045689561, 0.009069846468028612, 0.005334950238469133, 0.0015422986245461614], [0.9831807932870086, 0.009423239462824137, 0.0016782684797041062, 0.0057176986704631895], [0.9568007845586091, 0.003884723299948124, 0.006555174539006128, 0.032759317502436616], [0.9578111841634893, 0.0034595819342098134, 0.031058255682344195, 0.0076709781199566325], [0.008179839490145547, 0.9759958135479301, 0.009644603108743051, 0.006179743753181306], [0.008181807340405555, 0.9610210369752142, 0.003749168365843639, 0.02704798721853658], [0.005822614871818378, 0.01195494386538654, 0.9797716317701569, 0.0024508093926381594], [0.012783721022299233, 0.015917199352034794, 0.001640780467920432, 0.9696582990577456], [0.005697206195534954, 0.004652546393274755, 0.9812227397253146, 0.008427507585875722], [0.019536765142427484, 0.0070815866037498235, 0.01672684042704115, 0.9566548077267816], [0.019797004075148294, 0.9620203639398798, 0.008522935848437465, 0.009659696036534425], [0.021200099020003298, 0.9603919557093278, 0.004380421984437491, 0.014027523186231456], [0.002805488785378046, 0.004148901519429164, 0.9915285816630409, 0.0015170279321518516], [0.01563916191344417, 0.006944229925071732, 0.0015513493201559604, 0.9758652587413281], [0.008878262372540741, 0.0043988687117088475, 0.9798526819369344, 0.0068701868788159275], [0.012836085201927753, 0.0030755546212597367, 0.002653142075191334, 0.9814352180016211], [0.010313948557720385, 0.9362129515802462, 0.015132669273371925, 0.03834043048866153], [0.008785001025918612, 0.9544254567109008, 0.01875226018414206, 0.01803728197903848], [0.004038143339850432, 0.010155773716210719, 0.9806558191766712, 0.005150263667267592], [0.014543184931072489, 0.018684198311621596, 0.01598626841364279, 0.9507863482436631], [0.007740439168015422, 0.021217867146986227, 0.9603683683704719, 0.010673325214526491], [0.006518753652807227, 0.014812797175429682, 0.0030356710505068042, 0.9756327780212563]], "ideal": "A", "sampled": "A", "correct": true}}
{"type": "result", "data": {"idx": 12, "options": ["32\u00b0 F", "41\u00b0 F", "78\u00b0 F", "98\u00b0 F"], "probs": [[0.03026334224455369, 0.26986278673513575, 0.694961690350924, 0.004912180569386526], [0.029202113754287478, 0.1382727871935695, 0.017617755875581488, 0.8149073430765615], [0.03260390796256465, 0.7904372126142316, 0.16189919229580638, 0.015059687027397317], [0.05687271951355923, 0.8362596848285556, 0.021446582487040664, 0.08542101307084445], [0.018432483152385264, 0.010765539682796265, 0.04679303363206651, 0.924008943432752], [0.01695867203144934, 0.01684531702664047, 0.9568841021809764, 0.009311908660933727], [0.015151050187225672, 0.026607052149904015, 0.9531172082493782, 0.005124689313492094], [0.01959998934743589, 0.03158198788814056, 0.011467407469238763, 0.9373506151951848], [0.010306308678453547, 0.9727986455897402, 0.005745653415654032, 0.011149392216152259], [0.013784557624501963, 0.9669582278286363, 0.012372320556989549, 0.006884893889872235], [0.010310294523175976, 0.025929906042260885, 0.00599200295171184, 0.9577677963828513], [0.005336567938862679, 0.013961093682551806, 0.9790552925310986, 0.0016470457474868925], [0.8767295646295661, 0.018363058301596187, 0.10086571557457934, 0.004041661394258374], [0.9222474366944021, 0.03183137512485485, 0.019319416269462347, 0.026601771811280706], [0.9111093763282465, 0.062022651691021925, 0.020319476466165186, 0.0065484954145664095], [0.9075462741168556, 0.06475493256957512, 0.02241269480053261, 0.005286098413036693], [0.8575156418053406, 0.09115057531080126, 0.010242552600398932, 0.041091230183459254], [0.7880065821489888, 0.09132546735809172, 0.11463076930585467, 0.006037181087064792], [0.019544573877955457, 0.007314576677118059, 0.023278799001386706, 0.9498620503435398], [0.016950881801563046, 0.006445210224853084, 0.9715385834159138, 0.005065324457669995], [0.05496088696359415, 0.024600892654068392, 0.011471274895303325, 0.9089669453870342], [0.0075032833745266835, 0.0066831034719096105, 0.9842815600058125, 0.0015320530477512778], [0.0191704552845263, 0.9465346759566482, 0.006387270404735952, 0.0279075982540895], [0.018859337556764687, 0.9533905155113684, 0.01803009354442507, 0.009720053287441778]], "ideal": "C", "sampled": "C", "correct": true}}
{"type": "result", "data": {"idx": 13, "options": ["Repeat the investigation.", "Write a report of the results.", "Make a table for recording data.", "Make daily observations of the light bulbs."], "probs": [[0.004922457550369232, 0.0041149533732865885, 0.7423510619847116, 0.24861152699163258], [0.002814094508206329, 0.0023163254143948385, 0.18978929332162622, 0.8050802866557726], [0.005294594172327963, 0.10229686269558247, 0.0019043893072312277, 0.8905041537248584], [0.0040224327136428786, 0.9322323831539517, 0.06292724973966447, 0.0008179342927409416], [0.003717037493466106, 0.04124455390176299, 0.0017035720539774922, 0.9533348364507934], [0.004154823302263224, 0.5401842059816957, 0.45474011225493766, 0.0009208583611033352], [0.004699742468029918, 0.001900178936640199, 0.8821426399296497, 0.11125743856568011], [0.0030844170586507556, 0.001162608333777038, 0.19850756810215728, 0.797245406405415], [0.008250639249009989, 0.211186508806617, 0.0020879461527214893, 0.7784749056916516], [0.006248321674526832, 0.8446545397322931, 0.1478942552384294, 0.0012028832547506356], [0.005552438909935387, 0.0518805299931562, 0.0012597432112415588, 0.9413072877856669], [0.004842455557033821, 0.16679920342607607, 0.8274332184673353, 0.0009251224495548426], [0.05980042542392749, 0.0020962026206401444, 0.0024507892436662973, 0.9356525826117661], [0.07872182858588471, 0.003983338354723324, 0.9156970361632849, 0.0015977967961071013], [0.05042553035900091, 0.003175719461895509, 0.002034970909977105, 0.9443637791691265], [0.05308314534659319, 0.0031903375206685566, 0.9416001655193982, 0.0021263515133400305], [0.1217115602875999, 0.8652317043634224, 0.004575230392890544, 0.00848150485608705], [0.14161064309595428, 0.8411117539914358, 0.0052818015514240965, 0.01199580126118587], [0.032340155930991515, 0.003255178875382205, 0.003987875067455691, 0.9604167900261705], [0.02355341904613663, 0.003671507980523778, 0.9716280536109757, 0.0011470192623639147], [0.024067547663023523, 0.004596234392955563, 0.0020083310492035374, 0.9693278867948174], [0.01522788142063874, 0.0033210740140407692, 0.9803722600541434, 0.0010787844111771435], [0.035009363128852757, 0.9542397798606338, 0.004852339292720003, 0.0058985176177933875], [0.035759239735878266, 0.9520225947101942, 0.0057041145750855015, 0.006514050878841958]], "ideal": "C", "sampled": "C", "correct": true}}
{"type": "result", "data": {"idx": 14, "options": ["ozone", "methane", "water vapor", "carbon dioxide"], "probs": [[0.003997619575047166, 0.0014878528316322082, 0.038923422233540596, 0.95559110525978], [0.0030097818949338232, 0.0014263799960121735, 0.9769794039187363, 0.018584434090317726], [0.007251025065388077, 0.12570187255034407, 0.0019596065091491504, 0.8650874957751187], [0.0069057870037105016, 0.6471112821249722, 0.34370254698603797, 0.002280383785279407], [0.01115034429268841, 0.6796656829458023, 0.005280456489505977, 0.30390351617200334], [0.006540970359121272, 0.8507870954443633, 0.14110316709495882, 0.001568767001556657], [0.007470696989477869, 0.0009040671053908174, 0.07217944694195327, 0.9194457888631781], [0.00545061339649625, 0.0011121141857822166, 0.9470626825561046, 0.04637458976161688], [0.014541648331685033, 0.3934303476974634, 0.0016246475159463606, 0.5904033563549053], [0.008247429443677824, 0.6611227940047816, 0.32992911093531396, 0.0007006655162265763], [0.00917122669365127, 0.9288808052813878, 0.0021020888323648817, 0.05984587909259601], [0.006290979161938875, 0.9492160104238665, 0.04407007534329562, 0.0004229349708989906], [0.9099173610273037, 0.0010634541355883677, 0.0010418401189547925, 0.0879773446181531], [0.9623558540505396, 0.0017658361572357097, 0.0352347919087683, 0.0006435177834563751], [0.9634815022704495, 0.0017001671299846563, 0.0005468629532117879, 0.03427146754635411], [0.8982947854493791, 0.0030091292451644605, 0.09833217182016418, 0.0003639133852922527], [0.9433853263462147, 0.05580356855087169, 0.00027983912842293666, 0.0005312658744906184], [0.9470462984314691, 0.052214705914297485, 0.0003361470444068066, 0.0004028485098265836], [0.7152134966902366, 0.002021018935262495, 0.0028032351567335574, 0.2799622491177674], [0.14166682583225848, 0.002046600162770529, 0.8558254015173812, 0.0004611723875898189], [0.5999703813888321, 0.0050543098410499535, 0.0016705763959920762, 0.3933047322741259], [0.08523690905728835, 0.0034510227042297897, 0.9110599579834816, 0.0002521101550002376], [0.03747360509170051, 0.9597773572306344, 0.0011991740089460383, 0.0015498635687190706], [0.036096882071461646, 0.9614545105926363, 0.0014376380712218906, 0.0010109691646801755]], "ideal": "C", "sampled": "C", "correct": true}}
{"type": "result", "data": {"idx": 15, "options": ["0 degrees Celsius", "32 degrees Celsius", "100 degrees Celsius", "212 degrees Celsius"], "probs": [[0.9946068690619491, 0.004829513454983284, 0.00021517071939528273, 0.00034844666367237674], [0.9959027822726993, 0.00365213025973128, 0.00017325047198328404, 0.00027183689558607136], [0.8566819882999058, 0.0008410709417891258, 0.1422669764903352, 0.00020996416796987112], [0.9974135503346913, 0.0006270062885041112, 0.0005262609833800479, 0.0014331822934246124], [0.9969802862115655, 0.0007158919731254744, 0.0020745227403658004, 0.00022929897494314348], [0.9959333365364812, 0.0007264928447212083, 0.0005383680274942358, 0.002801802491303326], [0.0003197508348145801, 0.9988355944255208, 0.0005598658549321112, 0.0002847887847324704], [0.0002714596065809823, 0.9988904659205702, 0.0005684694660832013, 0.00026960490676561426], [7.144886927148968e-05, 4.59665998920623e-05, 0.9996974284405644, 0.00018515599027207392], [0.0003379156038918237, 0.00011178709488702358, 0.0003171597728962481, 0.9992331374283249], [6.019373505630897e-05, 5.006805047620737e-05, 0.9997531713303333, 0.00013656678413419382], [0.00025321274330117083, 0.0001468639487441098, 0.00018677992777953344, 0.9994131432801752], [0.00027679522279651673, 0.9946558336270562, 0.004869408663485625, 0.00019796238666159685], [0.00021978789668579616, 0.9984889067729532, 0.0008577611469463481, 0.0004335440834147032], [0.00014984099273740282, 0.017172838654776718, 0.9826018204588892, 7.54997935965995e-05], [0.0002851793692279732, 0.05183391545251999, 0.00039463352621944695, 0.9474862715520326], [0.00011145459962794725, 0.00013686392192865455, 0.9989357825781072, 0.0008158988003362134], [0.0001382311025230236, 0.00012604010452955852, 0.004838359559520265, 0.9948973691334272], [0.0002413824052829747, 0.9980920893477407, 0.0013909068634167395, 0.00027562128355954285], [0.0003348395235983402, 0.9977883470055402, 0.001002037585572019, 0.0008747757852894776], [8.876725758158363e-05, 0.0022351133082047503, 0.9975722862798945, 0.00010383305431912731], [0.00028279660202501164, 0.014836436529872371, 0.00019567736825514052, 0.9846850893998474], [9.916949610832662e-05, 0.00015756037318080562, 0.9990666011703203, 0.000676668860390532], [0.00014482984340814038, 0.00013101485164283646, 0.00565391782056984, 0.9940702373843792]], "ideal": "A", "sampled": "A", "correct": true}}
