{"type": "result", "data": {"idx": 0, "options": ["Cryptocurrencies, Expensive, Secure, Financial Crime", "Traditional currency, Cheap, Unsecure, Charitable giving", "Cryptocurrencies, Cheap, Secure, Financial crime", "Traditional currency, Expensive, Unsecure, Charitable giving"], "probs": [[0.7923642623207601, 0.01696642595329969, 0.15122219214462956, 0.03944711948131064], [0.8310431775286998, 0.013223726202538519, 0.017934147133120484, 0.13779894903564113], [0.8656094871483697, 0.10176520241780959, 0.012740077692921958, 0.019885232640898667], [0.8963123829547095, 0.08079597059663547, 0.009281898510651032, 0.013609747838004026], [0.8123327742514741, 0.013976348060852649, 0.01621300218001773, 0.15747787540765557], [0.7776583154997466, 0.016265717068635888, 0.1708257417175829, 0.035250225614034535], [0.005837677328784396, 0.8074515852153142, 0.1666506460382972, 0.020060091317604122], [0.010053519668534516, 0.8434497359713513, 0.01710344034108214, 0.12939330391903206], [0.007596877254219604, 0.884836239110148, 0.08361057772785449, 0.02395630580777795], [0.005870582225435641, 0.8711536160990024, 0.01725574814708531, 0.1057200534284766], [0.06099702789769554, 0.03876472636669657, 0.5436664819173741, 0.3565717637182338], [0.045425808136080964, 0.029785081154588222, 0.5198644025790901, 0.4049247080302407], [0.9197656658383363, 0.04874121588500041, 0.011488371153534543, 0.020004747023128783], [0.9238576255287483, 0.048199064217287896, 0.010756047161284968, 0.01718726299267879], [0.8589000784925026, 0.015128117319443824, 0.09052303404057217, 0.03544877004748133], [0.8448796098324752, 0.015115332478508063, 0.014423423149749625, 0.12558163443926704], [0.8699396883713888, 0.015808741777561985, 0.07720741444629453, 0.03704415530475465], [0.8697945875035047, 0.012024745790057429, 0.01749597503815434, 0.10068469156828348], [0.006043786543925295, 0.8294492816237051, 0.018044568285567653, 0.1464623634468019], [0.005525107469205939, 0.7884743772195338, 0.187309010926022, 0.018691504285238213], [0.04273428291484722, 0.02378052974040882, 0.4740017537260976, 0.45948343351864634], [0.0392935664623024, 0.033603561553124855, 0.5424231512550045, 0.38467972062956823], [0.006178191094642123, 0.8412887637894668, 0.1290336337051162, 0.023499411310774904], [0.008634447947536615, 0.8081163346294422, 0.01900875191750042, 0.16424046540552076]], "ideal": "C", "sampled": "C", "correct": true}}
{"type": "result", "data": {"idx": 1, "options": ["Unsafe practices, Wants, Fear, Trivial", "Unsafe practices, Distress, Fear, Serious", "Safe practices, Wants, Jealousy, Trivial", "Safe practices, Distress, Jealousy, Serious"], "probs": [[0.025750482092590846, 0.8661500689710926, 0.013897803416513543, 0.09420164541980297], [0.04830455716564277, 0.869688618677647, 0.012806227262446433, 0.06920059679426373], [0.24719149654541994, 0.028168155769531394, 0.5838087385397508, 0.14083160904529787], [0.17215942404816664, 0.022758179043961664, 0.4680100128102741, 0.3370723839975976], [0.38961542809927746, 0.04876298602221502, 0.484906002380816, 0.07671558339769151], [0.4453927641829304, 0.039527928253814335, 0.15154046518491807, 0.3635388422783372], [0.5686864838883755, 0.1003716765252008, 0.00688601541958965, 0.324055824066834], [0.6578520005358194, 0.2699586424292501, 0.00498544102338359, 0.06720391591154687], [0.4689223133819072, 0.01762244576164945, 0.39489584383680393, 0.1185593969196394], [0.5604942221185751, 0.013599717456243568, 0.18484025468757584, 0.2410658056376054], [0.8359974968790221, 0.013096887226675956, 0.04294771945202863, 0.10795789634227326], [0.6699624931499483, 0.011800361348268432, 0.006672180530484322, 0.3115649648712989], [0.08693524384422549, 0.09109792789577974, 0.7279726211894803, 0.09399420697051454], [0.20339212703482515, 0.20021266636596713, 0.11589991699788532, 0.48049528950132236], [0.11243219756277768, 0.6571664262439764, 0.11970315216553601, 0.1106982239277099], [0.11413309594443803, 0.6991249840105253, 0.0573998869443667, 0.12934203300067001], [0.10089732110828475, 0.4592824348241127, 0.03433603844203969, 0.40548420552556286], [0.2821277400727651, 0.5108178295490275, 0.09305687317109022, 0.11399755710711708], [0.3253396901756169, 0.07607011156200122, 0.5039162410031193, 0.09467395715926263], [0.4503981999543194, 0.12312049979050833, 0.13107740682427507, 0.29540389333089717], [0.15305804777129003, 0.7416571766796055, 0.028318484451067442, 0.07696629099803705], [0.05517630720440103, 0.8766718016002728, 0.016315098294379778, 0.05183679280094639], [0.43033616768729405, 0.03117127274027324, 0.035325418364626285, 0.5031671411078065], [0.4800305670039129, 0.029280139122070305, 0.41707998171137195, 0.07360931206264484]], "ideal": "B", "sampled": "B", "correct": true}}
{"type": "result", "data": {"idx": 2, "options": ["Employee rights", "Employee rights", "Employer duties", "Employee duties"], "probs": [[0.09512816014202245, 0.060459723300411605, 0.4681802813173442, 0.37623183514022174], [0.01642054447369293, 0.029732915448915834, 0.8965336362230193, 0.0573129037543719], [0.056580989704121676, 0.15867142141258347, 0.34657209591719657, 0.4381754928660983], [0.12683284848403015, 0.13085213887212102, 0.5016212687119467, 0.2406937438319022], [0.009320619801599215, 0.872417357467206, 0.045519684904498946, 0.07274233772669593], [0.011549712120821483, 0.9032693343318738, 0.041592095282157425, 0.043588858165147196], [0.09512816014202245, 0.060459723300411605, 0.4681802813173442, 0.37623183514022174], [0.01642054447369293, 0.029732915448915834, 0.8965336362230193, 0.0573129037543719], [0.056580989704121676, 0.15867142141258347, 0.34657209591719657, 0.4381754928660983], [0.12683284848403015, 0.13085213887212102, 0.5016212687119467, 0.2406937438319022], [0.009320619801599215, 0.872417357467206, 0.045519684904498946, 0.07274233772669593], [0.011549712120821483, 0.9032693343318738, 0.041592095282157425, 0.043588858165147196], [0.16469369581641352, 0.1453309186353353, 0.14994324518815433, 0.5400321402600968], [0.047585925878999805, 0.08616447184292271, 0.7800835210096561, 0.08616608116842141], [0.16469369581641352, 0.1453309186353353, 0.14994324518815433, 0.5400321402600968], [0.047585925878999805, 0.08616447184292271, 0.7800835210096561, 0.08616608116842141], [0.013804984136170591, 0.9380167625668429, 0.020723769226868954, 0.027454483970117544], [0.013804984136170591, 0.9380167625668429, 0.020723769226868954, 0.027454483970117544], [0.742728477215467, 0.044603120863470944, 0.030655082540539183, 0.1820133192805229], [0.6622028078809129, 0.07665428204367021, 0.21165025854917507, 0.04949265142624183], [0.742728477215467, 0.044603120863470944, 0.030655082540539183, 0.1820133192805229], [0.6622028078809129, 0.07665428204367021, 0.21165025854917507, 0.04949265142624183], [0.8366513707213482, 0.09992238710696617, 0.032951045225693934, 0.03047519684599173], [0.8366513707213482, 0.09992238710696617, 0.032951045225693934, 0.03047519684599173]], "ideal": "D", "sampled": "D", "correct": true}}
{"type": "result", "data": {"idx": 3, "options": ["Presenteeism", "Absenteeism", "Work-play balance", "Work-life balance"], "probs": [[0.00026803528635879986, 0.001483208783036622, 0.0037578601734649998, 0.9944908956571396], [0.0019605807359983052, 0.002875082243384366, 0.9921747613704348, 0.0029895755501824902], [0.00051340996037577, 0.002111365542702885, 0.0012906583661649307, 0.9960845660307565], [0.0010701615215700925, 0.0028639851680823235, 0.9882813008688028, 0.007784552341544746], [0.0013162178153023137, 0.9920079061402394, 0.0030130271180360186, 0.0036628488264222555], [0.0010101441798608622, 0.9929682512445602, 0.0012770335362324791, 0.0047445709393464435], [0.0006464325035703503, 0.3245223716078466, 0.008784645116498062, 0.666046550672085], [0.0014142944117837395, 0.032952620198682794, 0.9631117178843807, 0.0025213674051527937], [0.0008765329246066396, 0.03446658925056497, 0.047108817186727124, 0.9175480605381012], [0.0017817480331234184, 0.022926246478478646, 0.9449197114736665, 0.03037229391473138], [0.00071105239656294, 0.9856723076745523, 0.012026692894126605, 0.001589946934758148], [0.0008929761633996736, 0.9869311836715585, 0.0018758009717703239, 0.0103000390932715], [0.003917384255591922, 0.005109229508807588, 0.0017114462219323192, 0.9892619399136682], [0.0031833988041439576, 0.007174064217102634, 0.9847883280657233, 0.004854208813030153], [0.010405392817226237, 0.0064610998766120534, 0.3392438129452221, 0.6438896942609396], [0.006532368334710364, 0.006136865434476338, 0.9695736891309958, 0.01775707699981744], [0.0014503415739372466, 0.9874983436372822, 0.00610639677246561, 0.004944917916314953], [0.0017022640541795495, 0.9608893975193017, 0.005538317709598671, 0.031870020616920035], [0.9958774986401496, 0.0011479949291407518, 0.0008464779266073656, 0.002128028404102202], [0.9975762076505708, 0.0007084693860088277, 0.00047194118076808423, 0.0012433816826522654], [0.9875140496024296, 0.0014167028604915666, 0.008543729015391978, 0.0025255184216868842], [0.994179382849851, 0.0008925424323383819, 0.0008650699293765858, 0.004063004688434013], [0.9968291469015237, 0.0007535928122460126, 0.000998341938855055, 0.0014189182473752595], [0.9921691662099876, 0.0009334810519636483, 0.0009047546957545701, 0.005992597942294087]], "ideal": "D", "sampled": "D", "correct": true}}
{"type": "result", "data": {"idx": 4, "options": ["Industrial supply loops", "Industrial ecosystems", "Ecological ecosystems", "Corporate ecosystems"], "probs": [[0.0038211478385838005, 0.9422669454453716, 0.02216348154446576, 0.0317484250715789], [0.002161989590649358, 0.96536763180051, 0.013348926195088257, 0.019121452313752382], [0.00797024405136277, 0.5719350165683708, 0.3693214985752376, 0.05077324070502886], [0.006363554032389718, 0.8399298927081295, 0.08993152678861391, 0.06377502637086686], [0.008775817678574901, 0.7305619910530737, 0.1997409352975318, 0.06092125587081959], [0.010455821824761041, 0.81132204768062, 0.07665861532863466, 0.10156351506598432], [0.7786725758727553, 0.03999697416620828, 0.12128655611255854, 0.06004389374847788], [0.7056670639659782, 0.029583943398647655, 0.21520493481530248, 0.049544057720071616], [0.843226053178599, 0.039436692268333164, 0.03119670738847203, 0.08614054706459584], [0.8933090233911953, 0.0269753531721322, 0.06174626343280031, 0.017969359903872162], [0.7258284416877917, 0.08271195430554515, 0.03448116650530226, 0.1569784374013609], [0.8956385120503747, 0.05132291389007365, 0.03262332405384994, 0.020415249905701663], [0.014624951078957721, 0.026481018738459955, 0.9191385897267443, 0.03975544035583802], [0.13281252984724545, 0.05536088473233348, 0.45635176560728596, 0.35547481971313505], [0.021800406681063894, 0.8439797319369139, 0.036509652367115814, 0.09771020891490637], [0.022826306341424244, 0.8836961789711199, 0.07484647706775145, 0.018631037519704463], [0.011448098981418945, 0.16821824825370701, 0.017456116680218667, 0.8028775359846554], [0.0939170399083819, 0.8112843450550593, 0.06659918873987015, 0.028199426196688675], [0.09513936226288038, 0.022952482187510864, 0.8479853899226429, 0.033922765526965847], [0.7542689742890317, 0.02242337265593061, 0.13735116479592688, 0.08595648815911076], [0.7926853357407905, 0.07848040817251102, 0.04911258852819659, 0.07972166745850191], [0.8546689993727902, 0.07237887085188, 0.05052941457487662, 0.022422715100453156], [0.25535211725518997, 0.02909823966028101, 0.02128878671578626, 0.6942608562687428], [0.8876638991100341, 0.017855804378512443, 0.07517381742743835, 0.019306478984015087]], "ideal": "B", "sampled": "B", "correct": true}}
{"type": "result", "data": {"idx": 5, "options": ["Power imbalance, Benefits, Hoodwinked", "Power imbalance, Resources, Co-opted", "Informational asymmetries, Benefits, Hoodwinked", "Informational asymmetries, Resources, Co-opted"], "probs": [[0.08943384784943512, 0.2393083396391984, 0.040310527674802914, 0.6309472847365636], [0.20290620320636207, 0.5779884966929657, 0.11383017726847412, 0.10527512273219805], [0.27313734522682004, 0.11744785175143632, 0.09891714670577931, 0.5104976562159643], [0.21726214688406237, 0.09490275947711105, 0.2276954041310188, 0.46013968940780775], [0.07309449517811416, 0.4013558357653687, 0.4620399509060275, 0.0635097180504896], [0.08985884754530582, 0.4492629005836077, 0.04518835380782863, 0.41568989796325784], [0.48967785611897297, 0.035467772218966576, 0.014786522228089469, 0.460067849333971], [0.5340388982914618, 0.029655670578481372, 0.14597359216630892, 0.29033183886374797], [0.5073428266884314, 0.025256977047264113, 0.11319839461204306, 0.35420180155226133], [0.4068836432960816, 0.021063867248072347, 0.4399598688950803, 0.13209262046076575], [0.5666542585373902, 0.20842070642539534, 0.03510939662802722, 0.1898156383091873], [0.5908630577757633, 0.12383227233590555, 0.03897018788320815, 0.24633448190512297], [0.10798952626039683, 0.4915772074909495, 0.20176692017486164, 0.198666345973792], [0.04745642042292968, 0.33984297130759245, 0.05212202981946904, 0.5605785783500088], [0.06208468207304862, 0.6571057618095092, 0.06406014006308473, 0.2167494159543574], [0.03441233830071071, 0.7832261089726037, 0.1060068277608595, 0.0763547248658261], [0.02154928223211233, 0.14956368253733446, 0.032347503504037534, 0.7965395316265157], [0.04572079856045499, 0.3274479617858, 0.5571074672006535, 0.06972377235309153], [0.15582987055034686, 0.028824419515467603, 0.731938869860001, 0.08340683997418451], [0.3775672982547479, 0.05189677051488593, 0.054391049856302144, 0.5161448812740641], [0.13547762924245568, 0.7323618962845557, 0.044680430482022596, 0.08748004389096596], [0.053231373225672944, 0.8326788512802463, 0.030334744486402585, 0.08375503090767818], [0.19807691796349733, 0.031830418733191264, 0.14044988101638833, 0.629642782186923], [0.10411258968551718, 0.020660095661409285, 0.6478252060306988, 0.22740210852237472]], "ideal": "B", "sampled": "B", "correct": true}}
{"type": "result", "data": {"idx": 6, "options": ["hedonistic utilitarianism", "preference utilitarianism", "The Categorical Imperative", "ethics of care"], "probs": [[0.2205343776561508, 0.618297379601835, 0.07744286722830765, 0.08372537541370656], [0.1953361753623496, 0.6503917588783017, 0.07533454220722892, 0.07893752345211981], [0.300619123096362, 0.28671914122575953, 0.3251740013842403, 0.08748773419363816], [0.23809835560706116, 0.3462081370643997, 0.07974747151655963, 0.33594603571197956], [0.18465013800205043, 0.1460432708117354, 0.5778996347803143, 0.09140695630589989], [0.30136385271192634, 0.1538471865959565, 0.21367678464392942, 0.3311121759481877], [0.757467238434923, 0.048404419730398246, 0.11796779623818132, 0.07616054549649744], [0.7676650313550911, 0.04131173729972088, 0.1088567529094765, 0.0821664783357115], [0.6067682512392761, 0.2128742428852446, 0.09018384535908389, 0.0901736604163954], [0.5420135259086283, 0.23295743761117232, 0.07686007022089066, 0.14816896615930877], [0.6575940103709094, 0.08489249456065229, 0.18258553333426103, 0.07492796163417734], [0.5942733242940192, 0.09252866287700413, 0.16758572928730378, 0.1456122834416728], [0.1865522944689535, 0.3767857123587813, 0.28905953266082335, 0.1476024604114419], [0.18682967501025657, 0.3714200036500011, 0.11877071148336078, 0.3229796097563815], [0.10500167584851858, 0.7402552630643017, 0.04115894252429842, 0.11358411846288136], [0.11827852752037009, 0.6596356727959056, 0.07012913479892173, 0.15195666478480252], [0.2280275808361181, 0.12788382933552717, 0.41954457276110013, 0.22454401696725457], [0.2295235429403668, 0.14136417419337474, 0.47858978026178506, 0.15052250250447338], [0.08405059819271495, 0.5147910406795313, 0.30286664942653324, 0.09829171160122051], [0.09095215119221368, 0.5569492023399022, 0.1303171376032237, 0.2217815087646604], [0.06280269753913031, 0.8142472272705639, 0.05502902961846881, 0.06792104547183701], [0.07873186526950555, 0.7526882942213556, 0.08002158313205504, 0.08855825727708376], [0.06890811719124774, 0.559100146840481, 0.1845442042721725, 0.18744753159609875], [0.07312786142524781, 0.607392453645975, 0.2202584164960415, 0.09922126833273566]], "ideal": "B", "sampled": "B", "correct": true}}
{"type": "result", "data": {"idx": 7, "options": ["The only social responsibility of business is to its shareholders", "Managers should act in ways that balance the interest of society and shareholders", "The primary responsibility organizations have is to its employees", "The primary responsibility organizations have is to its stakeholders"], "probs": [[0.9874240176243672, 0.0038808707677386025, 0.0017222081106567937, 0.006972903397237402], [0.9917983300908716, 0.0024015546971219394, 0.0027642128677411383, 0.003035902244265373], [0.9875238076410644, 0.0019064632038731382, 0.00534677699049083, 0.005222952064571653], [0.988922778722227, 0.0016848413573487405, 0.004202700702413501, 0.0051896791180107826], [0.9930603640760703, 0.0017455675646456785, 0.0027894205797399573, 0.0024046476795439955], [0.9895514797843239, 0.0026730495335901047, 0.0016087137159984046, 0.006166756866087569], [0.0012304658220157127, 0.9871709876325074, 0.0033190860189452097, 0.008279460426531587], [0.0006781011532673795, 0.9927973838144198, 0.003160284628221761, 0.003364230304091058], [0.00307999107117636, 0.005118046312875978, 0.9830274671516458, 0.008774495364301835], [0.0018869317112851214, 0.0011006153640393662, 0.0040257750028143795, 0.9929866778218611], [0.0020323223167371643, 0.0046521615557095185, 0.9890795816170836, 0.004235934410469689], [0.0027651099062588128, 0.002007187745102218, 0.002875188971401434, 0.9923525132772375], [0.0008393134269768587, 0.9874182945986301, 0.004983512523125772, 0.006758879351267338], [0.0007175628876825606, 0.986938618683754, 0.00542807093198606, 0.006915747396577367], [0.0022359835929210915, 0.006030886223314108, 0.9830941377442557, 0.008638992339509117], [0.0012853679678072986, 0.002119094979674171, 0.004738237107972632, 0.9918572998445458], [0.0019440690113223596, 0.005042746859252047, 0.9838101650508259, 0.009203018978599695], [0.0013602304669932236, 0.001830300432370489, 0.0030176469177290656, 0.9937918220829072], [0.0008427364418934698, 0.9914172770240384, 0.0042466427627300424, 0.003493343671338112], [0.0015732319741941616, 0.9829674185927323, 0.0038337336627663884, 0.011625615670307173], [0.002413928642696382, 0.003949072811996665, 0.9892657710159342, 0.004371227429372743], [0.0054727077241275455, 0.0032171168328860907, 0.003703000215810882, 0.9876071751271754], [0.0039130106880284074, 0.004399785027226615, 0.9802750919349841, 0.01141211224976089], [0.003767585738746212, 0.001633098666561583, 0.005396607773937693, 0.9892027077207545]], "ideal": "A", "sampled": "A", "correct": true}}
{"type": "result", "data": {"idx": 8, "options": ["Legal, Interactions, Mechanics", "Civil, Relations, Outcomes", "Political, Interactions, Outcomes", "Environmental, Relations, Mechanics"], "probs": [[0.07363754098661315, 0.24521888909911407, 0.6564765801103009, 0.024666989703971912], [0.20370653145480663, 0.23440243383106446, 0.033258954427273536, 0.5286320801868554], [0.05968639348377313, 0.6517764243103896, 0.24750665273888317, 0.04103052936695409], [0.06985927580669125, 0.5848657662541652, 0.036828749975716266, 0.30844620786342725], [0.35213524034053023, 0.02672881069003827, 0.1689581569693442, 0.45217779190008733], [0.20708350502212985, 0.030298655680069744, 0.5455997890582346, 0.21701805013956582], [0.017708211673673865, 0.7073752694926584, 0.24077478911024788, 0.03414172962341982], [0.03145514938999953, 0.6518531551414685, 0.03621565280375923, 0.2804760425647727], [0.015667942236850443, 0.4368950952023399, 0.5110031632346181, 0.036433799226191554], [0.047164980932367435, 0.27564800142261625, 0.025648577470636078, 0.6515384400743802], [0.11614426363580892, 0.03224714676914482, 0.3060031969388613, 0.545605392556185], [0.14268997655680232, 0.028091883964252322, 0.06954118777122717, 0.7596769516077182], [0.06883058361501128, 0.6039229990786186, 0.30382456203191455, 0.023421855174455632], [0.11732682385830517, 0.6342020329479172, 0.022226474349328472, 0.22624466874444912], [0.05413946489239983, 0.06632730051482953, 0.8603795134780774, 0.019153721014693245], [0.19023079634833814, 0.07565205178883645, 0.015987242443109374, 0.718129909319716], [0.09668046181046985, 0.01615560604383393, 0.7486865477892487, 0.13847738425644748], [0.12904250464152642, 0.015531292995945736, 0.2300440375313778, 0.62538216473115], [0.13332798976363625, 0.3511927995390711, 0.09165117820440755, 0.42382803239288513], [0.1157122185286074, 0.4947497251284255, 0.15574706160972346, 0.23379099463324363], [0.09522740825736159, 0.14977287200898878, 0.2712942442412356, 0.483705475392414], [0.1204976225255053, 0.07657377007463881, 0.029071949711726365, 0.7738566575881295], [0.08118825767964018, 0.03602164399360411, 0.5462456589202759, 0.33654443930647976], [0.09164731715712554, 0.025051285978767365, 0.2268330879375611, 0.6564683088265459]], "ideal": "B", "sampled": "A", "correct": false}}
{"type": "result", "data": {"idx": 9, "options": ["Dynamic", "Fluid", "Flexible", "Modern"], "probs": [[0.38060316723208726, 0.4963678754099141, 0.0876259810212991, 0.035402976236699565], [0.3125666315573943, 0.5073138370966754, 0.012802054841984234, 0.167317476403946], [0.24753075651188897, 0.013856112852379036, 0.7162972634590324, 0.022315867076699542], [0.29987473722989977, 0.009197989002358154, 0.00444791955190047, 0.6864793541158416], [0.23879451891667955, 0.007557249577984027, 0.6390727716105717, 0.11457545979476472], [0.1413127283760603, 0.0034829556195865607, 0.016103984227774138, 0.839100331676579], [0.7782554957392988, 0.04898019345868896, 0.14396941886528117, 0.02879489183673107], [0.6572437759344963, 0.06406496345235203, 0.008946303110675267, 0.2697449574024763], [0.7753530129474039, 0.13058644507527864, 0.06990328417409922, 0.024157257703218252], [0.6297457807721903, 0.1319972275326305, 0.013698325478314262, 0.22455866611686492], [0.7241282357023198, 0.01599805833258122, 0.02477860024232882, 0.23509510562277014], [0.6118218051401402, 0.01362322587437488, 0.10304932618026139, 0.27150564270522354], [0.1401312032182275, 0.019874876066919355, 0.8191648598810705, 0.020829060733782614], [0.07398672421836844, 0.008045691087165078, 0.002323294064700995, 0.9156442905297655], [0.020245816537719504, 0.9454632391715594, 0.0244232546286232, 0.009867689562097914], [0.01317407493261916, 0.9235493645617001, 0.012770414604540127, 0.05050614580114059], [0.038074480455543624, 0.003432662531731924, 0.006616261013295999, 0.9518765958994284], [0.03997000926799415, 0.006424189809802779, 0.8546741933344347, 0.09893160748776836], [0.009820909009708802, 0.0848388130496444, 0.6673778735510018, 0.23796240428964502], [0.004519417325358147, 0.011540680891495375, 0.022950684189885835, 0.9609892174932606], [0.007590389996175266, 0.8503214403251191, 0.06660973780021369, 0.07547843177849195], [0.005804755632482351, 0.8284884559239615, 0.071278012153339, 0.09442877619021721], [0.003567504738808885, 0.03010400596383332, 0.029636539798347183, 0.9366919493990106], [0.003614581885943884, 0.05028850533008848, 0.8506590669777312, 0.09543784570623642]], "ideal": "C", "sampled": "B", "correct": false}}
{"type": "result", "data": {"idx": 10, "options": ["Breadth, Clarity, Accuracy", "Disclosure, Detail, Accuracy", "Disclosure, Clarity, Accuracy", "Disclosure, Clarity, Efficiency"], "probs": [[0.1549262060092076, 0.25144287191967446, 0.508073672360823, 0.08555724961029493], [0.18777705342391732, 0.12903827163139606, 0.027480130449390478, 0.6557045443952961], [0.06795536812892655, 0.6548575720046625, 0.17356163070626032, 0.10362542906015057], [0.08718154675962171, 0.6542976571072985, 0.03930438725969975, 0.21921640877338008], [0.23565863158305256, 0.1045568067645659, 0.05775297081545992, 0.6020315907369216], [0.11205312614868718, 0.09734677430104019, 0.6058482337333452, 0.18475186571692745], [0.15303233948454315, 0.22614632065476953, 0.5426602605631806, 0.07816107919750671], [0.22147219128337306, 0.2249230171320264, 0.046429280705904644, 0.5071755107786958], [0.07940951941063629, 0.6546091011341351, 0.2060324007149643, 0.0599489786402643], [0.10485008279787483, 0.6129180742714962, 0.04954098872686984, 0.2326908541037591], [0.16750887658667651, 0.06662326553629432, 0.11334729615759223, 0.652520561619437], [0.13876418457809825, 0.10151073853750028, 0.5843046772423652, 0.17542039954203628], [0.525689226592651, 0.3041991191135427, 0.1102021523014546, 0.05990950189235173], [0.5111305789306825, 0.3299618114195388, 0.05825638112225278, 0.1006512284275259], [0.6248854467938922, 0.16816102154541399, 0.15800957556734677, 0.04894395599334701], [0.6034150449291679, 0.18400170574724775, 0.042367516049938325, 0.17021573317364605], [0.6300239177543788, 0.05768655060839073, 0.2110377471658391, 0.10125178437139132], [0.670468869255748, 0.052508812588078116, 0.14500020496959942, 0.1320221130865744], [0.1858174803964666, 0.1317449617939169, 0.06322595249590929, 0.6192116052137072], [0.11983924982895176, 0.16378382700896651, 0.5718185603250199, 0.1445583627370619], [0.1671748608183579, 0.06860060989170713, 0.09232735632926824, 0.6718971728606667], [0.14814247189470875, 0.13914819060364653, 0.5859967469583071, 0.12671259044333766], [0.15139655316160452, 0.4810999786044871, 0.20376893268666663, 0.16373453544724173], [0.14951649195311018, 0.5057845673518397, 0.109410769411331, 0.23528817118371906]], "ideal": "C", "sampled": "C", "correct": true}}
{"type": "result", "data": {"idx": 11, "options": ["Indistinguishable, Perpetual, Does not own its own assets", "Independent, Limited, Owns its own assets", "Independent, Perpetual, Owns its own assets", "Indistinguishable, Perpetual, Owns its own assets"], "probs": [[0.2723542573338007, 0.07329242258348183, 0.2991204097174684, 0.35523291026524906], [0.2456327022974691, 0.09321485061066705, 0.3253981591956569, 0.3357542877962069], [0.25034246219191614, 0.27489605952875706, 0.25034246219191614, 0.22441901598741062], [0.1911811977433712, 0.1941532194420257, 0.20350123939863332, 0.41116434331596974], [0.2162669151805141, 0.24120153484316653, 0.26913866398027303, 0.2733928858960463], [0.1678600162099825, 0.2088622301608078, 0.3286539613871938, 0.2946237921420159], [0.3070919261713855, 0.12213462334036737, 0.47564782769597963, 0.09512562269226757], [0.3155101427424434, 0.18836678195302217, 0.1854758671024257, 0.3106472081021088], [0.2730894887986, 0.4432014854704313, 0.09891293188781837, 0.18479609374315029], [0.27509796001772446, 0.46064065852683345, 0.11468613635303303, 0.14957524500240907], [0.32936554653084454, 0.27300524302069323, 0.10692812341979584, 0.2907010869286664], [0.32120359419357825, 0.16661325343691008, 0.4322355155547683, 0.07994763671474334], [0.2905983837970057, 0.264535031753103, 0.3505318060008289, 0.0943347783490624], [0.2428911585665265, 0.3069907265739441, 0.2667709707993663, 0.18334714396016313], [0.31392949348634125, 0.3556543833309242, 0.13086274069933673, 0.1995533823833978], [0.3154550853462158, 0.3687272392792898, 0.12745208087391077, 0.18836559440058362], [0.30089613343901317, 0.32024308558714093, 0.16878638908387578, 0.21007439178997014], [0.3139035128778992, 0.26018306804218105, 0.3501877810469839, 0.07572563793293585], [0.23906605299505157, 0.17761367822321852, 0.38202030032063433, 0.2012999683610956], [0.20634150503002502, 0.15816947816220733, 0.362127870285061, 0.2733611464227066], [0.3086816278184238, 0.24413130447416087, 0.17046032336258013, 0.27672674424483523], [0.31443368448350584, 0.1848172937203217, 0.36761753651943635, 0.13313148517673612], [0.2538589797085136, 0.3523790783473275, 0.1358765492321789, 0.25788539261197996], [0.22770893062514774, 0.31609915977314046, 0.35825847775054054, 0.09793343175117124]], "ideal": "C", "sampled": "C", "correct": true}}
{"type": "result", "data": {"idx": 12, "options": ["Private services, social, economic and environmental", "Public services, social, cultural and environmental", "Private services, cultural, economic and environmental", "Public services, social, economic and environmental"], "probs": [[0.7133796028315765, 0.05587090033070715, 0.013169943941596391, 0.2175795527961199], [0.34379872612234896, 0.030992686687676994, 0.6034024345953066, 0.021806152494667354], [0.5133292955021823, 0.017023323918350746, 0.02363556664205599, 0.446011813837411], [0.6191279314551813, 0.016627982319077955, 0.3366144013687166, 0.027629684757024073], [0.4436065165261037, 0.5350223669522073, 0.011020021286212156, 0.010351095135476874], [0.2823740290111658, 0.6773124566815849, 0.013842639338131445, 0.02647087486911781], [0.7670926057990088, 0.030685935457217203, 0.008260384709380463, 0.1939610739343935], [0.22266855626311674, 0.025977575906957425, 0.7301518848352895, 0.021201982894636342], [0.713250671166302, 0.013268753234459892, 0.015154344084315721, 0.25832623141492234], [0.7489738610089111, 0.012011704268824348, 0.22140068246577085, 0.017613752156493752], [0.2766198429311937, 0.7062920706936886, 0.009541457220294211, 0.00754662905482353], [0.2483753284520552, 0.7299505532637025, 0.007985939337886843, 0.01368817884635539], [0.18817808853759635, 0.37418352803920224, 0.05144639619350931, 0.3861919871296921], [0.2394186845204028, 0.5394836643563012, 0.1724565320570548, 0.04864111896624111], [0.1429433918339906, 0.4542199081322755, 0.11851003814488446, 0.28432666178884947], [0.24082738213351826, 0.3395822739510537, 0.3449857923051964, 0.07460455151023167], [0.13294579186410774, 0.5957803173943154, 0.21921010476550398, 0.052063785876072924], [0.23777785113394265, 0.5192918931707573, 0.12336375930755791, 0.11956649628774219], [0.9678173978047387, 0.016139140755655635, 0.008116031262905816, 0.00792743007669978], [0.9533679146968314, 0.0215612008966126, 0.005284523403850095, 0.01978636090270592], [0.9750783758240179, 0.00978577142080508, 0.007863731347309019, 0.007272121307868003], [0.9704501700209455, 0.011565724472779721, 0.004356315391494676, 0.013627790014780171], [0.9336529781869052, 0.012031411346219918, 0.034008720512276706, 0.02030688985459822], [0.9540710244618033, 0.009136636906044222, 0.019043101262372127, 0.017749237269780446]], "ideal": "D", "sampled": "D", "correct": true}}
{"type": "result", "data": {"idx": 13, "options": ["Predatory pricing", "Deceptive pricing", "Price fixing", "Skimming"], "probs": [[0.0006353742759459927, 0.9747294137210101, 0.0067782918572567635, 0.01785692004578712], [0.0005581918911443496, 0.977973648630211, 0.006143855359883468, 0.015324304018761158], [0.0010857008372290942, 0.010878614122795763, 0.9794964523356525, 0.008539232604322607], [0.0005284392747107032, 0.0032616891898399098, 0.002405220772514342, 0.993804650662935], [0.0011653683725556436, 0.008152138636807204, 0.9799662539367993, 0.010716238953837848], [0.0005719597880072924, 0.0021246686374014443, 0.0024840539240583454, 0.9948193175505329], [0.940834647517712, 0.014285558021671195, 0.008398728898517536, 0.036481065462099276], [0.9382356984752778, 0.01564613068764178, 0.00799206964643391, 0.0381261010906465], [0.9366692242610654, 0.014002042729856673, 0.013572014778422762, 0.035756718130655236], [0.9248227289223834, 0.0149479654696056, 0.007229426729140352, 0.052999878778870614], [0.9275001139686522, 0.011316223821052466, 0.01046640968038441, 0.050717252429910924], [0.9152223740890408, 0.011702239524134137, 0.006773508306887121, 0.06630187797993785], [0.0015029866947466786, 0.011279445549134596, 0.9767033600286907, 0.010514207627427965], [0.0005281086293723998, 0.003580109980883106, 0.00263996240901834, 0.9932518188807261], [0.0007509939375311317, 0.9778288465125942, 0.006799883527903811, 0.01462027592197091], [0.0007241649578050523, 0.9804492592070353, 0.005478737542335037, 0.013347838192824596], [0.000541564212902685, 0.001817559227316061, 0.0027284426985191884, 0.994912433761262], [0.0016877974442746396, 0.008843338835364653, 0.9755555752429128, 0.013913288377447888], [0.0015102352609927914, 0.01187788612078416, 0.9737674676839184, 0.012844410834304655], [0.00042826771506036083, 0.002502805366811197, 0.002483361444760765, 0.9945855653733676], [0.0009080897208116262, 0.9803002795912925, 0.006254985837244642, 0.012536644750651265], [0.0009302179330329225, 0.9808972128681036, 0.005229758230313334, 0.012942810868550111], [0.00035818990869688404, 0.001997434460917697, 0.002126264075111439, 0.995518111455274], [0.0016414692871578142, 0.013424834988317098, 0.9712959994140452, 0.013637696210479822]], "ideal": "B", "sampled": "B", "correct": true}}
{"type": "result", "data": {"idx": 14, "options": ["Normative, Descriptive and Economic", "Normative, Moral and Instrumental", "Political, Descriptive and Instrumental", "Normative, Descriptive and Instrumental"], "probs": [[0.14825212677851227, 0.7072627411957862, 0.03257058872384111, 0.11191454320186041], [0.03909774453065263, 0.889847387770456, 0.045009191571787815, 0.026045676027103563], [0.4570053789757878, 0.04741730078087734, 0.07941489394197809, 0.41616242620135674], [0.24102663811846342, 0.04389145192145889, 0.5023739299988994, 0.21270797986117826], [0.056378850575117434, 0.8682228614709401, 0.05297149902339584, 0.02242678883054663], [0.09629344903350508, 0.7693352073804032, 0.03655396015370191, 0.09781738333238979], [0.48696547910184856, 0.20942567567631715, 0.021734085539498384, 0.2818747595823359], [0.28795117083301686, 0.3639864914426061, 0.3212779754055171, 0.02678436221885991], [0.38057488199242956, 0.04405062645233246, 0.04689557104833855, 0.5284789204068994], [0.2677583704165026, 0.039179723851859576, 0.5848794600709498, 0.10818244556068794], [0.47775036803698895, 0.3899060545457816, 0.10999768390148136, 0.02234589341574807], [0.4996967380327171, 0.3328465564401007, 0.026486503303020336, 0.1409702021241619], [0.3091200728011988, 0.19342344371933173, 0.15789134014568373, 0.3395651432337857], [0.09910175881199935, 0.13128221447865368, 0.6462789839674307, 0.12333704264191635], [0.3010956104747786, 0.2535142945526773, 0.04011995792211155, 0.4052701369504325], [0.20730294902942645, 0.4527649417890821, 0.18585701838831262, 0.1540750906931788], [0.14461408769553302, 0.4385148649747974, 0.14238748165118598, 0.2744835655784836], [0.1102011733406937, 0.6050949737204129, 0.19043782493384043, 0.09426602790505298], [0.9187108374260058, 0.03399039399398479, 0.030471680775613512, 0.016827087704395855], [0.8465937237961976, 0.05005158795027814, 0.014119129334953559, 0.08923555881857075], [0.8736262103017178, 0.04852100381878178, 0.05762510581994613, 0.020227679959554292], [0.8673824426454426, 0.046691546262627996, 0.016912546700179654, 0.06901346429174968], [0.6492609211718481, 0.0349502815097937, 0.2279198259057218, 0.08786897131263646], [0.841831309152134, 0.02664037180231077, 0.05910852057232132, 0.07241979837323392]], "ideal": "D", "sampled": "D", "correct": true}}
{"type": "result", "data": {"idx": 15, "options": ["Work-life balance", "Healthy and safe working conditions", "Employee privacy", "Free Speech"], "probs": [[0.0011806904624147407, 0.9924620621305401, 0.002832515401355972, 0.00352473190568912], [0.000964042568390116, 0.9928766623449014, 0.0032360031867597664, 0.0029232917999487303], [0.0026311655654495847, 0.0021813383497716393, 0.9894854753182025, 0.00570202066657629], [0.0007836001226562845, 0.00047525942542569615, 0.0017519794116514153, 0.9969891609402666], [0.0030457147668236325, 0.003941392785738036, 0.987411149403968, 0.005601742943470285], [0.0008743342863601597, 0.0006651391009476434, 0.001232939744626228, 0.997227586768066], [0.9941169788759164, 0.0012585952514292751, 0.0016287478572242612, 0.002995677915430061], [0.9945195259749672, 0.001128650680764312, 0.0026037522138925183, 0.0017480710303759573], [0.9941607977747957, 0.0013715982910414103, 0.0015182361896708952, 0.002949367644491997], [0.9946796410209693, 0.0012397869119820987, 0.0022625605406436057, 0.0018180114264050003], [0.9945373472798639, 0.0024845439319248503, 0.0012299742006877004, 0.0017481344875236084], [0.9951665051183226, 0.0020935333385276923, 0.0010445328920134645, 0.001695428551136274], [0.00364079307620903, 0.0025219145327745316, 0.9861900297991089, 0.007647262491907578], [0.0006753512685974781, 0.0005057906141973751, 0.0020638419264205343, 0.9967550160907847], [0.0022554037890544568, 0.9913937974749099, 0.0029649025934572275, 0.0033858960425784033], [0.001870263413358229, 0.9916242580942713, 0.0037196172387256835, 0.002785861153644753], [0.0012413262037623068, 0.00115698539147428, 0.001417553404473117, 0.9961841349002902], [0.0025513964858051197, 0.004077030612656272, 0.9899650925472632, 0.0034064802542753876], [0.014595728553015797, 0.002658127608023435, 0.9764687543004731, 0.00627738943848766], [0.020274273859162986, 0.0008838517158397839, 0.0017993873746138594, 0.9770424869503833], [0.007778190171790425, 0.9873069054832091, 0.0024863028646740963, 0.0024286013803263757], [0.0092167864964841, 0.9851565105104384, 0.002703592180229285, 0.002923110712848245], [0.027501656259343896, 0.0009410499018176005, 0.0019158345175280388, 0.9696414592213105], [0.020499154005671892, 0.0024292772821973858, 0.9724618047777955, 0.004609763834335227]], "ideal": "B", "sampled": "B", "correct": true}}
{"type": "result", "data": {"idx": 16, "options": ["To make a profit", "To procure resources", "To communicate with shareholders", "To mediate between the organisation and the environment"], "probs": [[0.9295623276860477, 0.011701406697776553, 0.012456061151588873, 0.0462802043645868], [0.9390992557600258, 0.012583858513535814, 0.02971917772179614, 0.018597707904642245], [0.9347814485993945, 0.009908924984937173, 0.014874989428583169, 0.040434636887085124], [0.9373696229643894, 0.009630702532185778, 0.034143761564943954, 0.01885591283848087], [0.9105880758658413, 0.053835443976551274, 0.01889860548580321, 0.016677874571804228], [0.8846684525793129, 0.07375928370986405, 0.017248318432886652, 0.024323945177936353], [0.02177281264709744, 0.9114279761211485, 0.016957755404652622, 0.04984145572710142], [0.021935618880501568, 0.9040043134231317, 0.053452341448981054, 0.02060772614738567], [0.023246463515779664, 0.018246946956517577, 0.900063996486124, 0.05844259294157879], [0.023993329954243706, 0.009694258454359365, 0.022539311792371963, 0.9437730996990249], [0.024469954930037414, 0.028165220975650572, 0.9183052689181419, 0.029059555076170106], [0.06152782840840542, 0.05021608963238483, 0.025250870572136565, 0.8630052112870732], [0.013634786694137806, 0.9337141386422391, 0.019684906174308882, 0.0329661683893142], [0.015513696988564708, 0.9302485715979667, 0.033360886200081874, 0.020876845113386732], [0.03199252378645723, 0.04108015682241265, 0.8513686370656957, 0.07555868222543446], [0.03841652398342862, 0.023667561196540083, 0.03552893967702078, 0.9023869750430105], [0.017963030870102748, 0.022355563395055886, 0.9358839165107612, 0.02379748912408021], [0.048754446748474976, 0.060674027280484794, 0.05271581991289698, 0.8378557059581433], [0.017873456401923442, 0.9458145730244124, 0.018156081163065635, 0.018155889310598486], [0.024207255289085607, 0.9371917880318085, 0.014011099098050248, 0.024589857481055712], [0.043739386876159164, 0.05443470301161333, 0.8649926378083839, 0.03683327220384366], [0.08621678372032382, 0.03483388148147393, 0.0214607749640227, 0.8574885597341796], [0.035527077627416505, 0.028996554133273896, 0.9021014243088505, 0.033374943830459004], [0.08908575408941058, 0.027169051810036534, 0.03831448569740388, 0.845430708303149]], "ideal": "A", "sampled": "A", "correct": true}}
