{"type": "result", "data": {"idx": 0, "options": ["r = k ln[A]", "r = k [A]^2", "r = k [A]", "r = k"], "probs": [[0.052053492018726645, 0.008905327156447186, 0.2949036716592643, 0.6441375090655619], [0.1433196711764851, 0.01939618279801675, 0.524243551135508, 0.31304059478999013], [0.13383780811717935, 0.27461547386306495, 0.028053989194553975, 0.5634927287252017], [0.051301641525797914, 0.7538699898662744, 0.16821327508019737, 0.02661509342773033], [0.20949718424797073, 0.3508384190773615, 0.03584078220968526, 0.4038236143649825], [0.13951555239749236, 0.5604806082486411, 0.26065147764485586, 0.039352361609010726], [0.01296777882879993, 0.03665416554226711, 0.591570534617854, 0.3588075209110789], [0.03352836679338569, 0.11702497306255286, 0.5411227598279246, 0.3083239002161368], [0.02046338879230482, 0.203467238738665, 0.10890855096883797, 0.6671608214001922], [0.013644335103911213, 0.584718436340262, 0.34374199565595315, 0.057895232799873665], [0.031473163394935375, 0.49231931378865645, 0.1325067872700701, 0.34370073544633806], [0.019433669075868545, 0.599854386901465, 0.296952861889269, 0.08375908203339749], [0.3485652013836983, 0.049436689891541236, 0.027301669931711577, 0.5746964386930489], [0.38183848061643344, 0.07402236206892696, 0.5219135420001476, 0.02222561521449198], [0.2487636403632928, 0.025412690365244767, 0.12905647099695364, 0.5967671981745089], [0.4053937686657958, 0.02982891645430353, 0.5045212375179239, 0.06025607726197679], [0.775438976566494, 0.13687193609040826, 0.07326280440911757, 0.014426282833980208], [0.7283369776842965, 0.17031141734077795, 0.026947449784193212, 0.07440415509073228], [0.26007839259651094, 0.11540811908854948, 0.029179929814403014, 0.5953335584005366], [0.2319151065694735, 0.30247125702615135, 0.419946888493033, 0.04566674781134214], [0.18668616332628724, 0.03733932031783162, 0.13446412277926797, 0.6415103934766132], [0.133908972130736, 0.03281559049755004, 0.735306024477861, 0.09796941279385296], [0.1681417155908716, 0.7078980536376058, 0.09285710438423302, 0.031103126287289562], [0.10893194756168258, 0.7103232502491145, 0.06110576707276628, 0.11963903501643669]], "ideal": "D", "sampled": "C", "correct": false}}
{"type": "result", "data": {"idx": 1, "options": ["all molecular bonds absorb IR radiation", "IR peak intensities are related to molecular mass", "most organic functional groups absorb in a characteristic region of the IR spectrum", "each element absorbs at a characteristic wavelength"], "probs": [[0.031070309346141516, 0.010737642204752934, 0.8800807829778153, 0.0781112653712902], [0.008691137289435448, 0.003738029003565032, 0.013888411568531878, 0.9736824220384677], [0.007184474346260077, 0.9708470814221954, 0.008334419786264511, 0.013634024345280008], [0.005131286384719358, 0.9778467953093027, 0.009438190195560272, 0.007583728010417573], [0.02312875187844419, 0.011813029755709584, 0.011813106124161405, 0.9532451121416848], [0.014621532398123511, 0.017363512741275126, 0.9480295100863468, 0.019985444674254466], [0.00867986152531809, 0.01634334274751959, 0.9351535190881504, 0.03982327653901192], [0.0029081965982929686, 0.005349002973279418, 0.011412646912556137, 0.9803301534158715], [0.0031437397566430924, 0.9498842669477942, 0.02694685659090364, 0.02002513660465915], [0.003828785574543336, 0.9442107577586967, 0.01756677757994042, 0.03439367898681957], [0.004732658042394607, 0.006779235160352279, 0.013273112159325228, 0.9752149945379279], [0.006500847628448133, 0.010886905547969412, 0.8188354351875871, 0.16377681153599533], [0.9150265769639361, 0.04346992969859378, 0.009699656961342147, 0.031803836276127984], [0.9424793913233535, 0.0322495763180769, 0.013030260960873563, 0.012240771297696115], [0.9197038960861558, 0.010707255635230005, 0.045079500055124164, 0.024509348123490083], [0.9484759347797473, 0.00901240575164271, 0.016837529698685138, 0.025674129669924755], [0.9231927221985706, 0.014921945240310265, 0.047422315037308045, 0.014463017423811087], [0.9438229597831992, 0.013674843696783893, 0.0091809820497021, 0.03332121437031479], [0.027638176668611417, 0.014338521362091457, 0.013681996728184742, 0.9443413051411124], [0.02407467629930986, 0.021920262785138298, 0.9320846378429379, 0.021920422972613953], [0.01700874568473261, 0.0055652580914871096, 0.019273483719934842, 0.9581525124038455], [0.031621448957545414, 0.007932960121468498, 0.754246419954329, 0.20619917086665712], [0.0037644624915548573, 0.972906726062288, 0.017543545305570143, 0.005785266040587037], [0.005438685695215817, 0.9736323258329508, 0.006821850663488075, 0.014107137708345272]], "ideal": "C", "sampled": "C", "correct": true}}
{"type": "result", "data": {"idx": 2, "options": ["2", "3", "4", "5"], "probs": [[0.020483945853339673, 0.7108797827710177, 0.19133150041057814, 0.07730477086506443], [0.02948016958569384, 0.6709523850185843, 0.14510440740294558, 0.15446303789277616], [0.042151442399833226, 0.5818740551523417, 0.27485927117521924, 0.10111523117260582], [0.043005047902171724, 0.694051662058175, 0.10316185483581794, 0.15978143510383527], [0.07738745327097349, 0.3108824239491839, 0.44532406989239975, 0.1664060527874428], [0.09301892459165116, 0.314669452993335, 0.35104163693013407, 0.24126998538487981], [0.24831549450782073, 0.2483091913167303, 0.40304862848291634, 0.10032668559253266], [0.29955423623649097, 0.2685094275422532, 0.1874511996133035, 0.24448513650795228], [0.2021043226704673, 0.5080799053131059, 0.19284637988838224, 0.09696939202804461], [0.20101889516595964, 0.5550179356895154, 0.1181706089072087, 0.1257925601373163], [0.17986745712552604, 0.2536443622838746, 0.2458419946092093, 0.32064618588139004], [0.18542881969316527, 0.24564730020477754, 0.4311266944367688, 0.1377971855652884], [0.29295197126320055, 0.2176996022245145, 0.4067185222695851, 0.08262990414269984], [0.43364755356531115, 0.2756366010195081, 0.09525790383796429, 0.19545794147721648], [0.4343019483349646, 0.383264155766082, 0.11153687704658974, 0.07089701875236364], [0.47266139166809973, 0.36810280772036447, 0.08086183425387258, 0.0783739662576632], [0.39564662840596865, 0.21176998245036238, 0.27191959652026537, 0.12066379252340355], [0.429201539068309, 0.17891482583371737, 0.3239748968739126, 0.067908738124061], [0.07553457411715103, 0.3034409261680123, 0.492538031196976, 0.12848646841786068], [0.09415229198544796, 0.2682071267945975, 0.3609142520458485, 0.27672632907410605], [0.08848083849254285, 0.5860411087551951, 0.16273865379712896, 0.16273939885513306], [0.0715262336377044, 0.5988717435519101, 0.2419672752357317, 0.08763474747465376], [0.08920577181532391, 0.3212350939370872, 0.2139896425846354, 0.3755694915629535], [0.12242896382245182, 0.42731128093748216, 0.3487638610721421, 0.10149589406792393]], "ideal": "D", "sampled": "C", "correct": false}}
{"type": "result", "data": {"idx": 3, "options": ["The I\u2212 : IO3\u2212 ratio is 3:1.", "The MnO4- : I- ratio is 6:5.", "The MnO4- : Mn2+ ratio is 3:1.", "The H+ : I\u2212 ratio is 2:1."], "probs": [[0.4157141415678429, 0.30412634977543157, 0.12481885309149218, 0.15534065546523332], [0.40784694221087736, 0.32769559589865627, 0.10474281366825176, 0.15971464812221456], [0.4330061907185309, 0.21434074318738044, 0.1777037206456621, 0.17494934534842654], [0.43439774339019005, 0.2324992951704258, 0.09692476304861093, 0.2361781982907732], [0.4118833839481458, 0.17713834343569346, 0.26180666682486303, 0.14917160569129775], [0.3979189454801165, 0.1909100143556124, 0.22320838602945894, 0.18796265403481213], [0.3394556742404893, 0.34478227328137684, 0.1603472280445454, 0.15541482433358844], [0.3368048021336636, 0.3529472596151255, 0.13822386951518842, 0.17202406863602246], [0.41977173233094245, 0.26680793363227173, 0.1300372280078154, 0.18338310592897036], [0.32647598577539805, 0.23884145801679196, 0.11823964069974607, 0.31644291540806396], [0.30040966566152355, 0.18798079524601835, 0.3051412014315997, 0.20646833756085842], [0.36373416127701375, 0.16652094074194784, 0.23120020672155392, 0.23854469115948446], [0.4046588003924963, 0.18238447876513775, 0.2305651341232335, 0.1823915866191324], [0.39300826480786055, 0.21702349345468472, 0.11985730467921948, 0.2701109369582353], [0.4127418871484155, 0.2315120925817216, 0.13824845437072697, 0.21749756579913596], [0.3159660124162226, 0.22056625945572458, 0.12181342482699806, 0.3416543032010548], [0.2979150116145719, 0.21123696861538907, 0.2588307857254597, 0.23201723394457935], [0.29077016871092476, 0.18481358608523235, 0.2336382979868916, 0.29077794711695126], [0.16907115530873146, 0.30613381123661076, 0.32084981081927755, 0.20394522253538025], [0.16927953062748885, 0.326276391711986, 0.2581278681496938, 0.24631620941083132], [0.17994610695311866, 0.3468368597453171, 0.242150526586539, 0.23106650661502529], [0.20210564435644948, 0.3384473075892929, 0.21180831209401624, 0.24763873586024135], [0.23079002359630352, 0.3305688352298004, 0.20051564867954577, 0.23812549239435032], [0.18327334645991536, 0.2504922560730233, 0.25445334205069664, 0.3117810553163647]], "ideal": "B", "sampled": "A", "correct": false}}
{"type": "result", "data": {"idx": 4, "options": ["always", "only for constant pressure processes", "only for constant temperature processes", "only for constant volume processes"], "probs": [[0.30448591252372736, 0.25242727616248595, 0.3141571534236457, 0.12892965779014096], [0.2626796701687106, 0.18920046371118368, 0.32691500074745883, 0.2212048652726469], [0.3102078619956758, 0.1941223519055752, 0.3741888264122128, 0.12148095958653624], [0.2568010649304922, 0.15575660531518057, 0.3097644699835291, 0.2776778596707981], [0.19566351788783626, 0.12831921300562063, 0.5236317280767975, 0.15238554092974566], [0.30238273286205547, 0.1544405943829264, 0.25463336324181884, 0.2885433094131993], [0.05613247840541758, 0.6034893168095762, 0.2636519870028003, 0.07672621768220596], [0.04859430313850684, 0.6401137566006871, 0.19830295355034233, 0.11298898661046371], [0.08061143634986266, 0.2369325274449206, 0.6145731118515515, 0.06788292425366522], [0.05473247277367353, 0.10066839564073295, 0.06499705893283145, 0.779602072552762], [0.07374450673534894, 0.1536980592111738, 0.6471108889992268, 0.12544654495425056], [0.0454785657822845, 0.07498199212613439, 0.20066545154138996, 0.6788739904501911], [0.08128764782359611, 0.5555063096439515, 0.27933527076935155, 0.08387077166310075], [0.08119946879820668, 0.546301485502645, 0.22773897210529387, 0.14476007349385445], [0.10601916479061316, 0.15425770442903344, 0.6596944528067376, 0.08002867787361581], [0.06427082996211549, 0.06735482635612851, 0.04776217290901647, 0.8206121706727395], [0.07570438774883394, 0.1136459401609654, 0.604857678614736, 0.20579199337546464], [0.0345020834954257, 0.05778019945892014, 0.21468286584569896, 0.6930348510999552], [0.035673991107904784, 0.5757588190438682, 0.3130429112079838, 0.07552427854024327], [0.04693921550029774, 0.6379405116857303, 0.20074180807978112, 0.11437846463419082], [0.06335377220520345, 0.23539037736458235, 0.5917876517339099, 0.10946819859630433], [0.03930794652274283, 0.09882025190007254, 0.08452634208314047, 0.7773454593940441], [0.06807143427655536, 0.11761781353224375, 0.656036263516515, 0.1582744885746859], [0.03149213022671604, 0.04801995676119582, 0.1574529137062364, 0.7630349992058517]], "ideal": "B", "sampled": "A", "correct": false}}
{"type": "result", "data": {"idx": 5, "options": ["3 lines", "9 lines", "5 lines", "7 lines"], "probs": [[0.13830085921697788, 0.3369758031612904, 0.3266200319571527, 0.19810330556457897], [0.13271964096294536, 0.3284692221201892, 0.32338905902034754, 0.21542207779651787], [0.14434495136650524, 0.25332101422038616, 0.3152742589613156, 0.28705977535179295], [0.21431112606634062, 0.31180620654990837, 0.3069817469257359, 0.1669009203580151], [0.1335959007248186, 0.2917863769803678, 0.2917974932467829, 0.28282022894803066], [0.16203138954947582, 0.31722797378234624, 0.37088971004158455, 0.14985092652659338], [0.18732856491314506, 0.3783997353294542, 0.29934725608435825, 0.13492444357304245], [0.20022998746493967, 0.36826420063089754, 0.27798793626121837, 0.15351787554294438], [0.21115978920852171, 0.3120614792970245, 0.3270478150801299, 0.14973091631432384], [0.1922897816660968, 0.28417446783063516, 0.32202183717216715, 0.20151391323110088], [0.21270687559046852, 0.30467551489591366, 0.31435670977136015, 0.1682608996422577], [0.2399931585547714, 0.31792641156603163, 0.23999040183990974, 0.20209002793928718], [0.13288185989137805, 0.29022794141161473, 0.36120617097030344, 0.21568402762670377], [0.17285344260474209, 0.36024335559943027, 0.3280147362621645, 0.13888846543366315], [0.13990616797001817, 0.3152702450436988, 0.386292755565161, 0.158530831321122], [0.11766949645503351, 0.261050738697493, 0.37984056408900113, 0.24143920065847232], [0.16655910758979497, 0.2833156756781291, 0.4320199296033528, 0.11810528702872318], [0.15075053497759797, 0.24853511522512473, 0.24469049637091764, 0.35602385332635966], [0.1700060491092959, 0.3434077747805067, 0.28470301201025217, 0.20188316399994524], [0.18301733255227087, 0.36396081068043673, 0.32120228180677324, 0.13181957486051915], [0.15997922180514298, 0.27212214061694856, 0.38376834412896976, 0.18413029334893866], [0.16392530743517314, 0.2578797378562262, 0.34702757514564264, 0.231167379462958], [0.21328591344819847, 0.3103179196560939, 0.3408265855198055, 0.13556958127590216], [0.1828700005825278, 0.2788326441962836, 0.2922228276437361, 0.24607452747745248]], "ideal": "B", "sampled": "A", "correct": false}}
{"type": "result", "data": {"idx": 6, "options": ["Neutrons", "Alpha particles", "Beta particles", "X-rays"], "probs": [[0.9456156975657946, 0.022588868848944385, 0.016270317969024624, 0.015525115516236384], [0.952576559103076, 0.02039759252483182, 0.007864049921854596, 0.019161798350237555], [0.9404817239246279, 0.016958400922304422, 0.02506312491001571, 0.017496750143051912], [0.9410368352076858, 0.014067308226796551, 0.010618641880754747, 0.03427721458476293], [0.9440096283507781, 0.013256768133751684, 0.02053266075791339, 0.022200942657556823], [0.9325644537979656, 0.014609674248858456, 0.009885492908547556, 0.04294037894462842], [0.0031427740043709716, 0.9645443368163557, 0.017666945976700942, 0.014645943102572419], [0.0037853658974019767, 0.9706908901913847, 0.009080911464476166, 0.01644283234673723], [0.0044524968163593475, 0.02836111964405345, 0.9539972053333482, 0.013189178106239029], [0.0057646630350740935, 0.01890134531100384, 0.005855396675672016, 0.96947859487825], [0.007254432405386761, 0.01431479212517981, 0.9576028508676051, 0.02082792450182829], [0.002579304127920326, 0.004932996741286522, 0.007290494273332136, 0.985197204757461], [0.0030343918567463726, 0.9533644028003645, 0.025013392327566, 0.018587812915323125], [0.0038169058878420835, 0.9486625767559573, 0.0113068474182103, 0.03621366983799023], [0.005792173108670583, 0.05368109749509482, 0.9222625972267028, 0.018264132069531775], [0.009006573985735601, 0.034525186619256534, 0.008594071694665304, 0.9478741676003426], [0.009669495511385484, 0.01697036210163348, 0.9411560068176016, 0.03220413546937945], [0.0027720755625286852, 0.006345277191469946, 0.019241809409547807, 0.9716408377364536], [0.001126273120290892, 0.9770375930531087, 0.00723053826941618, 0.014605595457184236], [0.0016460460481579613, 0.9586734778502557, 0.006876357332128399, 0.03280411866945793], [0.0024917767358666465, 0.03011948594948788, 0.9517629074768699, 0.015625829737775588], [0.0005491927217246582, 0.008261543800211256, 0.005950579958574993, 0.9852386834194891], [0.00330452360942044, 0.023851431440635725, 0.9527590832873438, 0.02008496156259996], [0.0005288816873938614, 0.006805096439497787, 0.013746672617422826, 0.9789193491556856]], "ideal": "A", "sampled": "A", "correct": true}}
{"type": "result", "data": {"idx": 7, "options": ["Strong oxidizing conditions", "Low-spin electron configuration", "Metallic physical properties", "Unpaired electrons"], "probs": [[0.0004940927389074256, 0.004508170562649137, 0.006161909739655986, 0.9888358268587875], [0.004568122675731369, 0.030021354983120776, 0.9339484688672167, 0.031462053373931126], [0.0005830208487360818, 0.0073854295902569195, 0.009483061632884458, 0.9825484878281225], [0.0043746737627814595, 0.01503237675620422, 0.9746600178241706, 0.005932931556843731], [0.0011245648231912582, 0.9909169360662782, 0.0026767133567682706, 0.005281785653762316], [0.000875757714054833, 0.990855333840845, 0.003716009893029204, 0.004552898452070958], [0.006610295813990908, 0.001923710228019046, 0.010399407098368348, 0.9810665867596217], [0.029880713251029034, 0.007209065268831284, 0.9151611199363308, 0.04774910144380895], [0.004935300109872298, 0.00729387088856358, 0.002122654468715999, 0.9856481744328481], [0.01632988090864919, 0.024514017784004985, 0.9490955532917386, 0.010060547915607312], [0.018234647978459063, 0.9352492776252992, 0.006060520242857243, 0.04045555405338449], [0.022192791887506058, 0.9290237754612698, 0.03229105586520666, 0.016492376686017458], [0.013803448456664489, 0.0038032478228297397, 0.02968190050264845, 0.9527114031178573], [0.015395108923648744, 0.008501990356949643, 0.9674670307850807, 0.008635869834320924], [0.01155770277879759, 0.02334711302366531, 0.0028769697210627547, 0.9622182143764744], [0.02672247370139143, 0.04838808904855129, 0.9130313922743409, 0.011858044875716357], [0.004072353507121942, 0.9887070164505297, 0.002112756145437136, 0.005107873796911227], [0.003685939638210363, 0.9905545837374083, 0.002455419193486092, 0.003304057330895232], [0.9687216949743461, 0.00470137384423568, 0.009646616354082203, 0.016930314727336044], [0.9671015180050061, 0.00404605991086908, 0.010577011241661017, 0.018275410742463756], [0.968929362508627, 0.010596963989102794, 0.00431517723294893, 0.016158496169321187], [0.9737901811100083, 0.008039144408983453, 0.008165780058598745, 0.010004894322409507], [0.96310110980171, 0.018199763848888335, 0.0038448372806062082, 0.014854288968795414], [0.971215363602019, 0.015215255261869405, 0.005425210090090178, 0.008144170946021418]], "ideal": "D", "sampled": "D", "correct": true}}
{"type": "result", "data": {"idx": 8, "options": ["1:1", "1:3", "1:6", "2:3"], "probs": [[0.05855035781274848, 0.4641421138776123, 0.16810640691029813, 0.30920112129934113], [0.05656642944110075, 0.4848553628148942, 0.24002844539917637, 0.21854976224482864], [0.07199931143994362, 0.28475990888609004, 0.4622293412223165, 0.18101143835164984], [0.07220780157475654, 0.255993368123155, 0.29929983835878005, 0.3724989918433085], [0.059133633103779976, 0.49511816510277024, 0.2692014109059871, 0.17654679078746266], [0.06951728255300094, 0.42252494621447606, 0.1350517232565617, 0.37290604787596127], [0.26349374256637664, 0.28489991595131386, 0.1839513900103291, 0.2676549513719804], [0.255064725850348, 0.30289331075500425, 0.2433901875967776, 0.1986517756978701], [0.2624636668438609, 0.3317810395559003, 0.19812167279293796, 0.20763362070730085], [0.18165550582811116, 0.33411427333249527, 0.3188249373467345, 0.16540528339265909], [0.29065976791695275, 0.4295621257851832, 0.12898195509920413, 0.15079615109865993], [0.24421199755366316, 0.3782403637794072, 0.2294212831068669, 0.14812635546006273], [0.10552583791043857, 0.2959516986305356, 0.3982622086344587, 0.2002602547245671], [0.10335489130428523, 0.2598299623803998, 0.3233771847600352, 0.31343796145527975], [0.13034328234337916, 0.4621061475661459, 0.19264035553911546, 0.2149102144513595], [0.10595522538691732, 0.4899332942388311, 0.24254227313172147, 0.1615692071425301], [0.12564581631357677, 0.4668273627291199, 0.16907957194544862, 0.23844724891185473], [0.09998267664415234, 0.40481578430739895, 0.3462716819290384, 0.14892985701941025], [0.23226846511809449, 0.2251190524234472, 0.3174818815359474, 0.22513060082251088], [0.2506135068491795, 0.20136899944066458, 0.1833553286703556, 0.3646621649398003], [0.3079961125540364, 0.3893394105843429, 0.11874564698615223, 0.18391882977546842], [0.27031433579602765, 0.3581059276699542, 0.18578897414733755, 0.18579076228668062], [0.2815052270607777, 0.26444473860003564, 0.16809713838803647, 0.2859528958511502], [0.1468353038954812, 0.24209054894219345, 0.4523016714136253, 0.15877247564870003]], "ideal": "C", "sampled": "B", "correct": false}}
{"type": "result", "data": {"idx": 9, "options": ["T1, unlike T2, is sensitive to very low-frequency molecular motions.", "T2, unlike T1, is sensitive to very low-frequency molecular motions.", "T1, unlike T2, is sensitive to molecular motions at the Larmor frequency.", "T2, unlike T1, is sensitive to molecular motions at the Larmor frequency."], "probs": [[0.6502557042431156, 0.1078214908961974, 0.14969699640926556, 0.09222580835142141], [0.7141682185635364, 0.10128943168300335, 0.0951535808131202, 0.08938876884034001], [0.5455394576287517, 0.1945147071200773, 0.14010613111449938, 0.11983970403667166], [0.5846602829011698, 0.1958335906692176, 0.09107251328701242, 0.1284336130426002], [0.5262717368849075, 0.12696673897277896, 0.24473911917418578, 0.10202240486812778], [0.614831195378708, 0.15545135387450087, 0.13090498451536944, 0.09881246613142165], [0.5530990054031422, 0.19415194806797634, 0.12933570819805595, 0.12341333823082552], [0.5547585917526467, 0.17455902173683807, 0.16144383961005343, 0.10923854680046169], [0.34643212473552315, 0.10401575421270305, 0.4518365926862414, 0.09771552826553241], [0.39352618423011365, 0.22421875106024067, 0.22074959666680344, 0.16150546794284223], [0.4105016313491438, 0.1558056369100368, 0.3197004878402104, 0.11399224380060902], [0.42539928437690944, 0.22416338810332864, 0.12973917439448554, 0.22069815302527637], [0.5817206880717638, 0.15656534742617517, 0.10267953936177612, 0.15903442504028492], [0.5501629031620177, 0.1480718679865366, 0.1731158767003173, 0.1286493520511284], [0.5610615997550008, 0.1711106385450825, 0.10708026933045273, 0.160747492269464], [0.5074214111913818, 0.13236644271034562, 0.2396886241335512, 0.1205235218647214], [0.5939253391051822, 0.11335111815537627, 0.20848705741206933, 0.08423648522737218], [0.6258698198448074, 0.13325356144248413, 0.14184940071251192, 0.09902721790019657], [0.4021454333217499, 0.2086243418060431, 0.20221191040008005, 0.18701831437212693], [0.3651199205653292, 0.11488772696095977, 0.4137366300587855, 0.10625572231492544], [0.4737172930147622, 0.21020592514361058, 0.12166078135444598, 0.19441600038718126], [0.4714119188024803, 0.1393465475939504, 0.2904283848636094, 0.09881314863995994], [0.546002708961422, 0.18004957122457976, 0.17451304515481234, 0.09943467455918595], [0.531029216429697, 0.1723970446951094, 0.21122935097445716, 0.08534438780073636]], "ideal": "D", "sampled": "A", "correct": false}}
{"type": "result", "data": {"idx": 10, "options": ["3.02 ppm", "5.03 ppm", "10.56 ppm", "11.30 ppm"], "probs": [[0.20814539490048825, 0.2981500327288978, 0.1955371945900883, 0.29816737768052565], [0.20057122701956454, 0.2873000629078107, 0.22028725024123008, 0.29184145973139475], [0.19907331457779726, 0.21190898207013031, 0.2556184422429917, 0.33339926100908074], [0.16971974073143348, 0.2047174125705088, 0.3323014974261815, 0.29326134917187624], [0.19096538070708477, 0.23765614552840142, 0.24140562063459212, 0.3299728530299217], [0.17237478749778867, 0.25079957021946436, 0.3374994745140456, 0.23932616766870135], [0.23176054762903586, 0.27095137408936293, 0.2177215982623771, 0.2795664799192241], [0.22787231204615196, 0.2664050757618574, 0.23510837552580557, 0.27061423656618505], [0.214894598035128, 0.22875060606320297, 0.2846932283641364, 0.27166156743753267], [0.187881518113808, 0.22662432628842957, 0.32463667838684745, 0.260857477110915], [0.1952328147439863, 0.2668473600993624, 0.2668557345515781, 0.2710640905050732], [0.18308785828738178, 0.28803316185027666, 0.3114496217572617, 0.21742935800507984], [0.163341961636092, 0.31980355020261536, 0.19703123852270038, 0.31982324953859226], [0.14172704305234318, 0.3047562493860508, 0.3047683789310806, 0.24874832853052542], [0.181333147626855, 0.3182453655093966, 0.1870923125747052, 0.31332917418904316], [0.1450599326066134, 0.2976390807819477, 0.32183710696569684, 0.23546387954574208], [0.16794989500899787, 0.3446053461503491, 0.2683890977713566, 0.2190556609692964], [0.17406165857454464, 0.34615746652833285, 0.2825367492532831, 0.19724412554383938], [0.2306241197932462, 0.3055214422123731, 0.17682736410640812, 0.28702707378797254], [0.2212137662781466, 0.3218579494077585, 0.2586288672835624, 0.19829941693053246], [0.23355476207849202, 0.3094040108996572, 0.17087393742768983, 0.2861672894941609], [0.2013624727321596, 0.311870659679717, 0.29759972841148247, 0.18916713907664093], [0.2681714932079885, 0.33899426962017, 0.2056166113054267, 0.18721762576641485], [0.29507204887300437, 0.3559184074045937, 0.19351515171976896, 0.15549439190263292]], "ideal": "D", "sampled": "D", "correct": true}}
{"type": "result", "data": {"idx": 11, "options": ["[The polarization relaxes exponentially: p(t) = [p(0) - peq]exp(-t/T1) + peq.]", "72.0 s", "56.6 s", "12.7 s"], "probs": [[0.13531875407357719, 0.37362315690322967, 0.3678455893648541, 0.12321249955833904], [0.14085941015265446, 0.3486253618845405, 0.34323418136979034, 0.16728104649301462], [0.121879212732095, 0.35266525427955814, 0.38734397959745914, 0.1381115532908877], [0.14116986094493605, 0.3282249867587882, 0.35491025444296354, 0.17569489775331215], [0.15751075038925874, 0.3282755168224935, 0.29891039581988543, 0.2153033368683623], [0.1533767649397403, 0.28654135551603316, 0.32982204835493484, 0.23025983108929166], [0.17001947758881775, 0.2674725651473555, 0.43416833873221794, 0.1283396184316088], [0.14130626617449088, 0.19313967226004394, 0.5588889121450389, 0.10666514932042633], [0.19223151468343289, 0.27969230468869105, 0.21112620282116182, 0.31694997770671424], [0.24169421603225721, 0.3923052969642191, 0.16873069841676314, 0.19726978848676055], [0.18045092310661442, 0.3478256010143307, 0.3022013171221019, 0.16952215865695297], [0.16955732034259316, 0.4983568117748428, 0.1543854061817662, 0.17770046160079783], [0.13818022195566065, 0.26634412207490726, 0.4460631475579772, 0.14941250831145483], [0.1419045392388301, 0.22675932465130416, 0.5190784566663488, 0.11225767934351696], [0.1439114532313597, 0.3398711731670847, 0.17632575594101033, 0.33989161756054526], [0.1420861567168102, 0.4732200784937231, 0.21330000239265826, 0.17139376229680844], [0.16511379672765036, 0.35504839878848354, 0.289787122273885, 0.1900506821099811], [0.13341679472881307, 0.4957054850383895, 0.19412324987635404, 0.17675447025644334], [0.14383041428586754, 0.2371298450849795, 0.41619809217469034, 0.2028416483544626], [0.150440065587026, 0.24039617837613522, 0.4219307382218972, 0.1872330177149416], [0.13562202048071942, 0.3409515219302307, 0.27396791354157934, 0.24945854394747055], [0.1655352588178637, 0.4570566372819179, 0.16814464566332657, 0.20926345813689182], [0.1342375745376456, 0.3481839648760459, 0.26282853277124046, 0.254749927715068], [0.1310534982723148, 0.41648827860757454, 0.25261772805687627, 0.19984049496323433]], "ideal": "B", "sampled": "B", "correct": true}}
{"type": "result", "data": {"idx": 12, "options": ["4.6 mT", "27 G", "5.4 mT", "3.8 mT"], "probs": [[0.33072399596954216, 0.14003431586959852, 0.34659793453031906, 0.18264375353054024], [0.33160630868895935, 0.1448650869662684, 0.3316086630722874, 0.1919199411724848], [0.262703939488847, 0.36472363082554726, 0.1862863041997647, 0.18628612538584102], [0.2751010378555111, 0.3266887092761991, 0.3318392062737445, 0.06637104649454525], [0.3218035351639521, 0.31680964948332724, 0.15683486822415338, 0.20455194702856733], [0.28447220150475416, 0.27144340082439444, 0.37102607441747426, 0.07305832315337712], [0.10327917850595918, 0.23274088873456075, 0.43483810640610293, 0.22914182625337715], [0.11118981902755383, 0.24668337054442888, 0.4067303830924416, 0.2353964272355757], [0.11260298218931077, 0.2618081173855475, 0.41189984928795936, 0.21368905103718236], [0.12605249692651002, 0.25463091945141975, 0.3763360324671629, 0.24298055105490735], [0.10118526303529596, 0.2210066052385148, 0.4194153592582021, 0.2583927723679871], [0.1106780800314756, 0.21669495749377757, 0.41123224526203805, 0.26139471711270873], [0.30210242122523556, 0.3266466010280626, 0.1668372625964528, 0.20441371505024908], [0.3264402004851206, 0.3114894786989867, 0.28808491131383124, 0.07398540940206147], [0.33187742026936484, 0.1449835194497417, 0.35884768836628184, 0.1642913718146116], [0.31700285321275773, 0.1428817169856683, 0.3322183688481716, 0.2078970608534024], [0.28649289053405397, 0.29100302509295417, 0.3565498669807916, 0.06595421729220025], [0.3167377600792862, 0.32678755082126215, 0.15197272012935592, 0.2045019688700957], [0.22044257488963098, 0.3749810997024543, 0.17713261875031389, 0.22744370655760085], [0.21426832194864134, 0.3477899950143848, 0.3318709656591177, 0.10607071727785611], [0.28017774221479536, 0.14996501801898482, 0.37117987867458246, 0.19867736099163738], [0.28998606097840895, 0.14132502041871134, 0.3497938059012764, 0.2188951126016033], [0.22051801442438598, 0.3158770893459672, 0.393123042339204, 0.07048185379044282], [0.24961717052322144, 0.35755648672646273, 0.18262544000370773, 0.2102009026466081]], "ideal": "A", "sampled": "C", "correct": false}}
{"type": "result", "data": {"idx": 13, "options": ["1:19:36:84:126:126:84:36:19:1", "1:9:36:84:126:126:84:36:9:1", "1:9:35:82:120:120:82:35:9:1", "1:8:28:56:70:56:28:8:1"], "probs": [[0.38777670640353107, 0.27070317834644075, 0.09502923595504027, 0.24649087919498788], [0.38344541759598494, 0.23256428883975114, 0.13251573043505002, 0.25147456302921395], [0.27093021693680713, 0.2975520072610854, 0.27953703874755226, 0.15198073695455525], [0.2961052391138887, 0.28698704058158125, 0.12538065384141597, 0.2915270663631141], [0.3058111369304022, 0.3358587026260211, 0.1274830698839497, 0.2308470904596271], [0.2330405379145675, 0.2599696776015415, 0.22587681967925052, 0.2811129647046405], [0.36496096301957703, 0.19231469640723917, 0.2213614102773824, 0.2213629301958014], [0.3355082869194216, 0.18819789586569408, 0.2695911228387178, 0.20670269427616658], [0.3619223290606366, 0.23366648304609022, 0.1556613170298441, 0.24874987076342908], [0.38903089774188937, 0.22869142546912807, 0.18665948230159085, 0.19561819438739173], [0.31845655085071584, 0.3337293167457245, 0.15765010839166957, 0.19016402391189013], [0.3165053128879662, 0.25431054828008043, 0.26239600775002075, 0.16678813098193263], [0.23761751537278808, 0.30510022323954195, 0.3197576904049331, 0.13752457088273684], [0.28989739086999466, 0.26810414395345855, 0.19012237159861406, 0.2518760934779327], [0.32724954699434, 0.26708381569445133, 0.13856660905386325, 0.26710002815734546], [0.3754484336781886, 0.23494147022263237, 0.19176101621267488, 0.19784907978650415], [0.24609075117495302, 0.19165077518020687, 0.28771566913058616, 0.274542804414254], [0.26067941212970575, 0.18775447361881406, 0.34534917714647756, 0.20621693700500265], [0.16279454250455225, 0.422251881784584, 0.25215216367049, 0.16280141194037376], [0.16503824798374556, 0.3837205836555743, 0.2220939712246309, 0.22914719703604924], [0.16684129585455099, 0.48276422039540595, 0.16426062316001624, 0.18613386049002675], [0.18264420328698003, 0.459159791423658, 0.1378722786765509, 0.22032372651281107], [0.16212241632193228, 0.35410252551899896, 0.1808677329785757, 0.30290732508049306], [0.17877334887306348, 0.41565365833815804, 0.1760092131918259, 0.22956377949695264]], "ideal": "D", "sampled": "B", "correct": false}}
{"type": "result", "data": {"idx": 14, "options": ["spin trapping provides more structural information than direct detection by EPR", "spin trapping makes it easy to quantify free radical intermediates", "steady state concentration of free radical intermediates is often too low to enable direct detection by EPR", "detection of spin adducts requires lower power than direct detection of radical intermediates"], "probs": [[0.01450797315985246, 0.018921907460606704, 0.9480861159559494, 0.018484003323591496], [0.04142913856798131, 0.01647926598677471, 0.02803279264198607, 0.9140588027032579], [0.003044577638002514, 0.9792170217120999, 0.008212317954617836, 0.009526082595279688], [0.0027469712355018623, 0.9779433758385871, 0.011298241713342734, 0.008011411112568267], [0.03739904483213783, 0.022683366747014284, 0.019402885209879463, 0.9205147031109684], [0.01492259971008145, 0.024033175291433978, 0.9451589851238028, 0.015885239774681776], [0.012367427690114455, 0.021875578081304973, 0.9448826342579315, 0.020874359870649062], [0.023085736294975814, 0.017700303772750628, 0.022375966030519934, 0.9368379938017536], [0.005186981342796648, 0.9730955900575056, 0.009175961413406248, 0.012541467086291556], [0.0034334858224483056, 0.9669479281010593, 0.019760112296559582, 0.009858473679932773], [0.02824474308951361, 0.031020367297532752, 0.019718675481284118, 0.9210162140316696], [0.011360279325326808, 0.03365119089586315, 0.9384590594446912, 0.016529470234118795], [0.9691316065086374, 0.0059922196206002335, 0.007938584411569735, 0.01693758935919268], [0.9657654313327289, 0.006819563000819312, 0.010000455648632814, 0.017414549917819037], [0.9754211748680811, 0.007106369620546224, 0.005000132042436751, 0.012472323368935846], [0.9684256084274157, 0.007000500634997674, 0.012383017393670455, 0.0121908734439162], [0.9631831412254798, 0.0156904707046033, 0.004937438014369538, 0.016188949955547413], [0.9562102323731981, 0.017789285197452154, 0.009157500938439459, 0.016842981390910207], [0.04834181542573493, 0.015450832080727768, 0.023931352896823032, 0.9122759994967142], [0.01644741566564745, 0.01820555711842937, 0.9485094003278864, 0.016837626788036745], [0.07102662377114087, 0.021661622608981173, 0.028252909167660066, 0.8790588443522179], [0.018657522586949235, 0.022329910099078646, 0.942156628572993, 0.01685593864097912], [0.005139567206339573, 0.9794033643080036, 0.006916516794745082, 0.008540551590911716], [0.004728819874983742, 0.9743421055750154, 0.010995566147492138, 0.009933508302508698]], "ideal": "D", "sampled": "C", "correct": false}}
{"type": "result", "data": {"idx": 15, "options": ["6.1445 x 10^-27 J T-1", "3.1445 x 10^-27 J T-1", "9.1445 x 10^-27 J T-1", "1.1445 x 10^-28 J T-1"], "probs": [[0.2781625472673532, 0.22702515799592102, 0.2166373198005678, 0.278174974836158], [0.17855821947215564, 0.1757881233469023, 0.5248319027382995, 0.12082175434264258], [0.2891306959451168, 0.371243985612522, 0.1500022150424462, 0.18962310329991497], [0.1722251202325424, 0.2585370578885383, 0.43299249455461997, 0.13624532722429933], [0.07774115642653673, 0.5744347189699386, 0.20482901499715378, 0.14299510950637087], [0.08973219588698789, 0.6326724007388503, 0.1676482483138172, 0.10994715496034461], [0.15318488616648646, 0.31926163076362324, 0.22289078761223896, 0.3046626953576513], [0.09568185786013995, 0.2331420734206085, 0.5593090306844358, 0.11186703793481569], [0.15319845078843686, 0.3046682476692707, 0.27741646763888433, 0.2647168338034081], [0.09440398637322224, 0.21609143386519158, 0.5432837251753398, 0.14622085448624628], [0.04319869629907688, 0.6348017311623293, 0.173551183022686, 0.1484483894159078], [0.05303677836965468, 0.6666310329570663, 0.12923660680496843, 0.15109558176831056], [0.36321140414454545, 0.28286368494971253, 0.13361965516720123, 0.2203052556385408], [0.22441591807076658, 0.20116195671504966, 0.4127770775392453, 0.16164504757493847], [0.2641254286464546, 0.1902390959597399, 0.26003586468373535, 0.2855996106100701], [0.17749591963435118, 0.14946485232400172, 0.4750213536899723, 0.19801787425167483], [0.09740314176906083, 0.569342391712427, 0.20621054486985854, 0.12704392154865363], [0.0916011739459895, 0.5438613051886304, 0.18796118251763383, 0.17657633824774624], [0.1467130503912043, 0.3926233707366663, 0.29178858235225713, 0.16887499641987228], [0.15690508395995992, 0.42650950783781394, 0.31205928132327637, 0.10452612677894976], [0.1389450881846538, 0.38363887834479354, 0.27205526968519955, 0.2053607636853531], [0.15857194671148223, 0.41130161197083803, 0.24180546089038202, 0.18832098032729772], [0.18092247841933146, 0.389041870793539, 0.28912648555725373, 0.14090916512987575], [0.1884011291316178, 0.3988413153989417, 0.1854874304042002, 0.2272701249652403]], "ideal": "C", "sampled": "D", "correct": false}}
{"type": "result", "data": {"idx": 16, "options": ["I only", "II only", "III only", "I and III only"], "probs": [[0.36366676467994646, 0.14465019967600803, 0.14465347793166575, 0.3470295576123797], [0.2560683114252229, 0.15052875426310763, 0.3844032768698597, 0.20899965734180975], [0.3451178227817628, 0.12498787602968288, 0.16819419716974884, 0.36170010391880547], [0.2795094257825354, 0.15196101270993229, 0.3880625856065401, 0.1804669758009922], [0.24022361633759567, 0.3387570380825794, 0.21872527895170688, 0.20229406652811807], [0.22893962261771578, 0.3383399247784829, 0.23992820081695718, 0.19279225168684413], [0.1810756637055077, 0.12444637062233746, 0.13668106596802596, 0.5577968996041288], [0.14608725903957523, 0.168138623220796, 0.4293752014207618, 0.25639891621886696], [0.13206398879351783, 0.0800984227606552, 0.3268611230183947, 0.4609764653274323], [0.16547506665479117, 0.11022581153029858, 0.33953421601094896, 0.38476490570396127], [0.19731137448530256, 0.24174222707927112, 0.4048587143740319, 0.15608768396139439], [0.1896510337259497, 0.22520585839258275, 0.22521511201326952, 0.359927995768198], [0.19142820573494926, 0.13787513353600106, 0.16631323844111226, 0.5043834221879374], [0.13864254950090626, 0.17253795264426047, 0.4839144050591067, 0.20490509269572654], [0.1529306769218102, 0.08578330277538773, 0.21905988452628128, 0.5422261356765208], [0.1294792789642405, 0.10567430799419585, 0.4590462020715311, 0.30580021087003256], [0.13056017262583453, 0.31318857796057537, 0.3777925613473671, 0.178458687966223], [0.15368335176485778, 0.320289527150096, 0.17967182663777573, 0.34635529434727047], [0.3021889328654415, 0.26667121050075293, 0.23905064163201686, 0.1920892149017887], [0.30143865490762034, 0.2967548325844657, 0.20717556463828837, 0.19463094776962558], [0.3582926690220168, 0.17736193535938477, 0.29242995378430986, 0.17191544173428855], [0.3595225459048858, 0.17521013056656798, 0.16719183074960356, 0.2980754926789426], [0.30853825344728203, 0.21877884536613457, 0.26390674314382984, 0.20877615794275356], [0.35283861612244505, 0.2074146779393765, 0.15175216350683474, 0.2879945423313437]], "ideal": "D", "sampled": "D", "correct": true}}
