{"type": "result", "data": {"idx": 0, "options": ["k = 0 and n = 1", "k = 1 and n = 0", "k = n = 1", "k > 1"], "probs": [[0.2850346097044457, 0.2118062250517859, 0.247641369816253, 0.2555177953275154], [0.3202641153133376, 0.2270883572063015, 0.2916055153736415, 0.16104201200671944], [0.25359219310131925, 0.2828858792498944, 0.13787296412996575, 0.3256489634188206], [0.2808865951418196, 0.318268538836433, 0.27224478669023927, 0.12860007923150812], [0.28427855024709314, 0.3323323825364488, 0.16197634224393487, 0.22141272487252317], [0.31352549321011414, 0.3608436530341918, 0.18431153616982057, 0.14131931748587348], [0.30568245050234494, 0.1912793069886617, 0.2574070691804971, 0.24563117322849626], [0.3656229703319694, 0.20190529838318866, 0.2847464338923648, 0.14772529729247713], [0.2745303902850405, 0.2922178884886133, 0.1317176273543823, 0.3015340937719639], [0.2804145760476582, 0.3278225002888127, 0.3382458325463948, 0.053517091017134324], [0.26405481288340066, 0.4153880302308267, 0.10503173186419319, 0.21552542492157942], [0.2706453799930771, 0.46760907764527093, 0.16673986612083058, 0.0950056761408214], [0.2896663075594731, 0.2152502706282496, 0.14565008009109257, 0.3494333416211847], [0.31393545455542526, 0.2685077112166656, 0.3090653970507619, 0.10849143707714722], [0.24758299430466424, 0.2437322063122504, 0.1649226297250164, 0.343762169558069], [0.2456489071811968, 0.32037290095579724, 0.3630475346934428, 0.07093065706956311], [0.26840125131314685, 0.41568064182896886, 0.16535604984036853, 0.15056205691751573], [0.21824488881298312, 0.4077110466635496, 0.22168161802216, 0.15236244640130728], [0.271277002329014, 0.2798701441046824, 0.1645356367502294, 0.28431721671607413], [0.22009828534769293, 0.3572376997979599, 0.2870641136579659, 0.13559990109638123], [0.257981370514063, 0.3160672846070302, 0.14699128663625008, 0.2789600581426567], [0.20846504592196802, 0.3545982048931232, 0.34370563455082026, 0.09323111453408846], [0.2581757412461744, 0.39365005536538333, 0.20106777538823753, 0.14710642790020476], [0.20902611868856688, 0.37261234044525654, 0.28127749494135224, 0.1370840458248244]], "ideal": "B", "sampled": "D", "correct": false}}
{"type": "result", "data": {"idx": 1, "options": ["0", "1", "2", "3"], "probs": [[0.15600735180020933, 0.35155621691341643, 0.2825007480473059, 0.20993568313906832], [0.11435499786187077, 0.3108370899843277, 0.3577969967961142, 0.21701091525768734], [0.13940616781546372, 0.36727442542661676, 0.2524376661785928, 0.24088174047932673], [0.13437684968627264, 0.39494307648336036, 0.29813679161259016, 0.17254328211777684], [0.14699231305727162, 0.3753460701231236, 0.27036506337747984, 0.20729655334212496], [0.14360601136458365, 0.39034695592633395, 0.2900969770289532, 0.1759500555801292], [0.34043650357462285, 0.20327017617890844, 0.30043415575156046, 0.15585916439490824], [0.30878316213280615, 0.19626086628029318, 0.3444725181993597, 0.1504834532875409], [0.37694649761285426, 0.2935455949744412, 0.1596078973965808, 0.16990000991612375], [0.380817873105269, 0.30597956597816806, 0.19148922598730414, 0.12171333482925878], [0.33591847607357406, 0.35755850795631783, 0.1295068970340058, 0.1770161188361023], [0.3054063526859544, 0.37417577578332123, 0.21321136611918257, 0.10720650531154184], [0.38943531525062364, 0.22187375689502467, 0.19890013038762022, 0.18979079736673143], [0.402960330207583, 0.1994629204073761, 0.25613215563120134, 0.14144459365383955], [0.3598762696639991, 0.34878083540318217, 0.11867363572910367, 0.17266925910371508], [0.31769235735590917, 0.3488991130204617, 0.2183498956659427, 0.11505863385768637], [0.394502520521768, 0.2841280698492117, 0.16445180772090529, 0.156917601808115], [0.36276766383918635, 0.2960678614672898, 0.22701693899881908, 0.11414753559470477], [0.36281082030482914, 0.23422859606784757, 0.2342439442638757, 0.16871663926344754], [0.35466134544640643, 0.21848258373936694, 0.2719229757513874, 0.15493309496283922], [0.31239693655532796, 0.37679990280079073, 0.1242620991583607, 0.18654106138552057], [0.2636917731017018, 0.38969542120615014, 0.22205432420036209, 0.12455848139178602], [0.3699082699130173, 0.32135796650790577, 0.14713682407426293, 0.161596939404814], [0.3405417996142963, 0.324930240928515, 0.21310631293590726, 0.1214216464212814]], "ideal": "D", "sampled": "C", "correct": false}}
{"type": "result", "data": {"idx": 2, "options": ["n = 1 and r = 6", "n = 1 and r = 7", "n = 2 and r = 5", "n = 2 and r = 6"], "probs": [[0.2587912043850433, 0.3220393907397902, 0.20794373438746896, 0.2112256703876975], [0.22314741540264565, 0.31961538431978714, 0.2375407147902915, 0.21969648538727568], [0.26349360140748807, 0.3436285904246947, 0.16748538861217221, 0.22539241945564503], [0.24153326038984774, 0.3740709888890776, 0.25711540534527216, 0.12728034527580248], [0.22704145648356985, 0.3461680761552599, 0.20672346957528848, 0.22006699768588175], [0.21556817474820628, 0.3553912122652207, 0.31365508539047426, 0.11538552749609876], [0.19426626876240616, 0.3356333572638167, 0.2533724232249677, 0.2167279506488094], [0.17314819789795594, 0.32345750354404496, 0.22232774064163396, 0.28106655781636514], [0.2071015418426947, 0.38088623253002984, 0.19154031858228018, 0.2204719069449953], [0.19872283933559645, 0.39518213268142904, 0.2716296016898323, 0.1344654261931422], [0.18887614920521265, 0.3473681159362307, 0.2173981782964302, 0.24635755646212645], [0.18019423840049298, 0.33662598318590187, 0.33143710099013984, 0.1517426773234653], [0.25595547602200336, 0.32862879353624924, 0.17868503127613322, 0.2367306990656142], [0.24608518157436365, 0.3693918507559367, 0.2205924672020897, 0.1639305003676099], [0.24759937082439135, 0.3178964162181884, 0.2476016059985036, 0.18690260685891663], [0.24664511171593453, 0.3117632726224955, 0.2666901528558107, 0.17490146270575924], [0.2382607977825799, 0.32059005855066586, 0.24969818439663458, 0.19145095917011964], [0.2695339184452126, 0.32004993078189947, 0.19719327669515854, 0.2132228739777294], [0.2668553351920419, 0.3426212361749007, 0.19220824309379836, 0.19831518543925905], [0.24078291652178963, 0.34488078948386824, 0.2771418094357868, 0.13719448445855534], [0.26277775744452775, 0.337383464126084, 0.20147820715729184, 0.1983605711720964], [0.24858327956743875, 0.31916107773089397, 0.2861193034923267, 0.14613633910934057], [0.25167862328392654, 0.3493929609126029, 0.23643132256382676, 0.16249709313964378], [0.28922900554625713, 0.35991838570810303, 0.17542435227070372, 0.17542825637493611]], "ideal": "D", "sampled": "C", "correct": false}}
{"type": "result", "data": {"idx": 3, "options": ["4", "8", "16", "2sqrt(2)"], "probs": [[0.31515570063021664, 0.22346549225008297, 0.23789282567389386, 0.22348598134580652], [0.3234564315434231, 0.21211611906380048, 0.3337373385432808, 0.13069011074949566], [0.2754925530201756, 0.2431085741740033, 0.27983710583983584, 0.20156176686598523], [0.3289722550923312, 0.24067044614337882, 0.1933949320330781, 0.23696236663121192], [0.166522743782479, 0.5996621339863222, 0.13591759108015095, 0.09789753105104791], [0.16161163992518457, 0.629270407531015, 0.0812664893848798, 0.12785146305892056], [0.20559228035574337, 0.36649550345620485, 0.20559870275593015, 0.22231351333212165], [0.1969316213211664, 0.33498073619177127, 0.3098398837089608, 0.1582477586781015], [0.19535757273613316, 0.26701073447243956, 0.3482769934947897, 0.18935469919663755], [0.22817207530582975, 0.3118630898899441, 0.23177487800523203, 0.22818995669899414], [0.11861730365759093, 0.6023767589920389, 0.18662276862185592, 0.09238316862851421], [0.13278011481700303, 0.6434244869220381, 0.07565911576665149, 0.14813628239430737], [0.20956843777038414, 0.4367637270734489, 0.21622584435825182, 0.13744199069791513], [0.2359915542067895, 0.44781905741846956, 0.12053508400110372, 0.1956543042736372], [0.3113022976282593, 0.2834303589947481, 0.2462659363400492, 0.15900140693694345], [0.3046238629327413, 0.28615515568508704, 0.24098462635894904, 0.1682363549232226], [0.16073235149270726, 0.48740286431492125, 0.22668137130788943, 0.12518341278448208], [0.1810724031104927, 0.4770498288959154, 0.20519128706839437, 0.13668648082519755], [0.543617705066615, 0.22308813692305293, 0.13115263985452427, 0.10214151805580772], [0.5460627837249786, 0.2539292649351722, 0.07624670344563907, 0.12376124779421013], [0.5580350076887024, 0.17558425401504962, 0.1598790263987786, 0.10650171179746937], [0.587064769227126, 0.17625915300242012, 0.08590525771885027, 0.15077081995160363], [0.5285031041420559, 0.16629245380012875, 0.19442545786267992, 0.11077898409513542], [0.533330289469315, 0.15764429495777338, 0.18431332176714718, 0.1247120937057644]], "ideal": "A", "sampled": "D", "correct": false}}
{"type": "result", "data": {"idx": 4, "options": ["2/69", "1/30", "2/23", "12/125"], "probs": [[0.23325628039888507, 0.43576902146750096, 0.17065595088682692, 0.16031874714678704], [0.25201003990007503, 0.4422809647391732, 0.15285348435144497, 0.15285551090930674], [0.2409336661842856, 0.47171517147513653, 0.17353984323927207, 0.1138113190013058], [0.2655280847993808, 0.43776998245637366, 0.11420252258084507, 0.18249941006340045], [0.29832031875368487, 0.31262990363347637, 0.2937000349809077, 0.09534974253193104], [0.24918720499822672, 0.28680487182230757, 0.3005826040541382, 0.16342531902532748], [0.14995775444985013, 0.42055750989176566, 0.2673351942926699, 0.1621495412657143], [0.17641754270946675, 0.4647879350307664, 0.18779852893549726, 0.17099599322426962], [0.18424753176430061, 0.34420989498972493, 0.30377806587957706, 0.16776450726639738], [0.24937307088941849, 0.38622461594579904, 0.22007302281822366, 0.14432929024655883], [0.2181236063656719, 0.40118045806391, 0.1725518456689375, 0.20814408980148058], [0.21382279270333504, 0.3811684505705732, 0.19775603431666905, 0.20725272230942274], [0.23808906260466703, 0.43790178181615064, 0.18834664854470984, 0.1356625069344725], [0.2579164283588828, 0.41862652949159895, 0.12569897250167122, 0.19775806954784703], [0.25790696564995175, 0.35805707099263334, 0.22760414396620224, 0.15643181929121264], [0.3028053505651929, 0.4011392115636224, 0.15956804931499077, 0.13648738845619385], [0.2754406414781933, 0.38239867630945323, 0.13423997562496487, 0.2079207064873886], [0.2473263589686998, 0.3712697250036501, 0.2360044858222327, 0.1453994301054174], [0.22048078146635885, 0.3692276422425287, 0.2701427299982961, 0.14014884619281637], [0.19150218365661578, 0.33608877655483105, 0.3060245811633215, 0.16638445852523168], [0.1316406228738977, 0.5629464806758543, 0.13371552031755823, 0.17169737603268978], [0.13728318026132985, 0.56901051304046, 0.11742595186924742, 0.17628035472896267], [0.19277689433485395, 0.39554129225653634, 0.22188731196948236, 0.18979450133912731], [0.1920208724538926, 0.4327142705271775, 0.22803331229691312, 0.1472315446220168]], "ideal": "C", "sampled": "B", "correct": false}}
{"type": "result", "data": {"idx": 5, "options": ["(S, +, x) is closed under addition modulo 10.", "(S, +, x) is closed under multiplication modulo 10.", "(S, +, x) has an identity under addition modulo 10.", "(S, +, x) has no identity under multiplication modulo 10."], "probs": [[0.011253345759480471, 0.06475764840832736, 0.04381714369612443, 0.8801718620360677], [0.07775202169064153, 0.11490903819083467, 0.7150044323909526, 0.0923345076275712], [0.01902009553652081, 0.03525744018819558, 0.22634500347178094, 0.7193774607035026], [0.035807815112463635, 0.044216633662194894, 0.7837761189708161, 0.13619943215452537], [0.05143354002431945, 0.71002231028406, 0.13134253757675127, 0.10720161201486926], [0.04344720198494548, 0.7348586025227547, 0.09197897094972297, 0.1297152244425768], [0.0709236049093531, 0.08163071407765482, 0.06066301271988553, 0.7867826681931066], [0.18279998547394902, 0.10094953628214615, 0.6184042875864884, 0.09784619055741647], [0.08360733618030075, 0.057461304948584736, 0.05314333970312054, 0.805788019067994], [0.09104849736407737, 0.07202374457681206, 0.7743508507412753, 0.06257690721783521], [0.16416423410414546, 0.6804371615270739, 0.08254834455219622, 0.0728502597165844], [0.1595156639654861, 0.6611695288950646, 0.09525280444861604, 0.08406200259083314], [0.1315720596852786, 0.06412155514948265, 0.1255449867034694, 0.6787613983617694], [0.1680502022344237, 0.061821238121485156, 0.6147061081317199, 0.15542245141237124], [0.16337962690417773, 0.13757501746195208, 0.13757769967100666, 0.5614676558628635], [0.1717572114223507, 0.11621369021605675, 0.6381572078471156, 0.07387189041447692], [0.042344853277740305, 0.8243516086707692, 0.06456886976311632, 0.06873466818837418], [0.043749091234397394, 0.8254854751549213, 0.07799218100324026, 0.05277325250744107], [0.7823445563027361, 0.06625564198261621, 0.062241939829266395, 0.08915786178538126], [0.7696660137648125, 0.06518210210611046, 0.05934936994833593, 0.10580251408074114], [0.8129472934077039, 0.06884748899614264, 0.04376246940312221, 0.07444274809303122], [0.7730120678855412, 0.08020996570489024, 0.058683296764546644, 0.08809466954502185], [0.8025180696638583, 0.07348696886758264, 0.05050718783827204, 0.07348777353028703], [0.802593177496053, 0.07349377924581887, 0.059054360227746856, 0.06485868293038133]], "ideal": "D", "sampled": "D", "correct": true}}
{"type": "result", "data": {"idx": 6, "options": ["12*sqrt(2)", "6*sqrt(2)", "4*sqrt(2)", "1/(2*sqrt(2))"], "probs": [[0.30352389090631215, 0.2806978732586747, 0.24010694323365964, 0.17567129250135352], [0.32090177172486367, 0.28763516877292655, 0.24222818782803504, 0.14923487157417473], [0.24981492755299092, 0.29204443094194116, 0.31579756733597397, 0.14234307406909394], [0.3016742720648829, 0.3161307525895198, 0.24621817100241014, 0.13597680424318717], [0.3210361051392804, 0.3210147368738121, 0.22411902580581589, 0.1338301320810916], [0.30079760696267743, 0.31032329332223774, 0.2532969973236793, 0.13558210229140552], [0.2948826639024377, 0.27700082290385253, 0.2727215967120676, 0.15539491638164216], [0.3035965580215827, 0.25563674848886864, 0.2807809109029485, 0.15998578248660014], [0.280795761342453, 0.255651570999436, 0.3132506702005737, 0.15030199735753738], [0.34328492960946744, 0.26318841777809493, 0.29362582719927555, 0.09990082531316208], [0.3325228542119252, 0.3075139980821954, 0.21469265750767663, 0.14527049009820275], [0.3403296571727902, 0.3098529371265543, 0.2375883828637352, 0.11222902273692026], [0.2714621005027286, 0.2757186468093655, 0.2981424198086849, 0.15467683277922098], [0.2991733506145914, 0.2640006204579428, 0.2766883629777255, 0.16013766584974032], [0.27120534946558733, 0.2711881833289169, 0.2712050514423813, 0.18640141566311447], [0.33077499244258046, 0.2575895718307611, 0.30591496577019744, 0.105720469856461], [0.3326490819121544, 0.31247457858775585, 0.2049375176224811, 0.14993882177760864], [0.34147974336487985, 0.31089773307764335, 0.22394618056045387, 0.12367634289702295], [0.3099247170686038, 0.20644205498952473, 0.2866312818444545, 0.1970019459974169], [0.2833032523317975, 0.20404345677113195, 0.27032648708720347, 0.24232680370986706], [0.2700150786063481, 0.2458381542687974, 0.24585153551094996, 0.23829523151390453], [0.24666265753407252, 0.2544789427776493, 0.29753313795630193, 0.20132526163197628], [0.2502106577033325, 0.2541368456906363, 0.16929856950131258, 0.32635392700471855], [0.257432110803375, 0.24949640776691545, 0.3105226847374661, 0.18254879659224343]], "ideal": "C", "sampled": "B", "correct": false}}
{"type": "result", "data": {"idx": 7, "options": ["0", "10%", "25%", "50%"], "probs": [[0.6138047849728939, 0.1266613063087152, 0.12470104356506878, 0.13483286505332212], [0.5660212804115423, 0.14088863552856123, 0.14997940210926994, 0.14311068185062653], [0.564108882902379, 0.2623264672049903, 0.0739945736157851, 0.09957007617684555], [0.4944991170865517, 0.27737736699191556, 0.10694246738079669, 0.12118104844073604], [0.5215523397863597, 0.26224536482588695, 0.1182064300122796, 0.09799586527547377], [0.521710248043237, 0.24643060541255257, 0.12586822364670347, 0.10599092279750702], [0.15784633040454307, 0.6146042896594601, 0.15062104051826417, 0.07692833931773264], [0.18368478528103963, 0.583737803573747, 0.14305624684131646, 0.08952116420389682], [0.16713996105355564, 0.22142067384427389, 0.539553638199006, 0.07188572680316448], [0.18983091129206353, 0.19893626570297324, 0.12645490277851332, 0.48477792012644993], [0.1858878270657154, 0.1948048606707194, 0.521351869938155, 0.09795544222541021], [0.19495204089122561, 0.1889496892501709, 0.11824427543888205, 0.49785399431972144], [0.2993500023587212, 0.5091993959990384, 0.09871629173711105, 0.09273430980512933], [0.2832293510153782, 0.4669545590410578, 0.15641695259437416, 0.09339913724918975], [0.3092393231187732, 0.23341916870757617, 0.36154444941863934, 0.09579705865501131], [0.3190772926213338, 0.1996671318709004, 0.14158949676496987, 0.3396660786427959], [0.26863602779831103, 0.24458887838444412, 0.3848132800065154, 0.10196181371072943], [0.2838330822328053, 0.24276873105171434, 0.15674842658936458, 0.3166497600261158], [0.23989228425894002, 0.5239615606471176, 0.1345693209613212, 0.10157683403262112], [0.23250830795122523, 0.5239546103268455, 0.1524854543471791, 0.0910516272747501], [0.2156251318071538, 0.3667814299148747, 0.29473317984076763, 0.12286025833720376], [0.23248019292532746, 0.3227580713286534, 0.11689927166501574, 0.3278624639810034], [0.21139261124404324, 0.33779665824373195, 0.3540278374794745, 0.0967828929327503], [0.20287417175639727, 0.350528334799051, 0.1604892933281104, 0.2861082000164413]], "ideal": "C", "sampled": "A", "correct": false}}
{"type": "result", "data": {"idx": 8, "options": ["None", "I only", "II only", "III only"], "probs": [[0.1198431736064269, 0.2274069406582084, 0.2658763904864865, 0.3868734951488782], [0.13571791147248896, 0.30108531857869225, 0.3359063217317976, 0.2272904481170212], [0.10107857657644725, 0.20417338455532674, 0.35279428692512654, 0.34195375184309945], [0.12993829919128858, 0.24656428741167147, 0.3166139361403126, 0.30688347715672737], [0.15337316233254084, 0.31468736184408436, 0.3350018758736266, 0.19693759984974823], [0.1619114948011624, 0.3219860339730574, 0.23192661545013507, 0.2841758556756451], [0.1557892309208658, 0.21968362387855314, 0.3098144027225625, 0.31471274237801855], [0.19930449720131582, 0.24802540979365034, 0.33377141751800377, 0.21889867538703003], [0.12775018809948388, 0.13812622426559107, 0.3813864886379325, 0.3527370988969925], [0.14271510498072118, 0.1950580390321742, 0.4194613507211356, 0.24276550516596904], [0.19971294701240977, 0.27296189417479505, 0.30452514403061043, 0.22280001468218477], [0.20002239344604095, 0.3049789505137529, 0.2820747620512741, 0.21292389388893207], [0.1726641351410219, 0.1726526016432902, 0.36552121943860816, 0.28916204367707976], [0.2168971098845565, 0.18550893001678379, 0.29645697604688165, 0.30113698395177807], [0.12948125020693713, 0.1715283764044011, 0.3358431904050205, 0.3631471828836413], [0.16066408102074695, 0.2301285025362171, 0.3564459701818787, 0.25276144616115725], [0.1934228871019246, 0.20269516390352071, 0.3042944488045591, 0.2995875000899956], [0.17915582499767588, 0.21609221516565838, 0.38524708038047034, 0.2195048793561954], [0.3033578169520961, 0.19585076003420154, 0.3384182200675877, 0.1623732028461146], [0.30015502271496863, 0.1937817392686461, 0.26488012862179694, 0.24118310929458836], [0.2801311188597488, 0.27149917459011785, 0.27578635768279663, 0.1725833487673367], [0.30511225630773897, 0.28660852995369124, 0.1850547277021751, 0.22322448593639468], [0.28329292359041836, 0.1916767089127062, 0.278898779705571, 0.24613158769130447], [0.2710742217671534, 0.2111010826079198, 0.29309796050824066, 0.22472673501668608]], "ideal": "C", "sampled": "D", "correct": false}}
{"type": "result", "data": {"idx": 9, "options": ["Every compact space is complete", "Every complete space is compact", "Neither (a) nor (b).", " Both (a) and (b)."], "probs": [[0.11159515376497664, 0.17554064406289263, 0.4278273891196496, 0.28503681295248107], [0.1655893748000171, 0.2485247664124878, 0.4228673513873642, 0.16301850730013093], [0.14999836681773332, 0.2715602516856431, 0.2937176227275862, 0.2847237586690374], [0.1574370162757857, 0.28061319231008325, 0.31806088438611174, 0.24388890692801926], [0.1556158009382916, 0.3451971617113362, 0.36185460455700835, 0.13733243269336384], [0.14840672687586148, 0.4293457503284955, 0.21933985917550589, 0.20290766352013717], [0.14764186078434602, 0.1725827229185946, 0.3951279343957385, 0.2846474818013209], [0.20584598138017482, 0.18448364848410648, 0.45670613219446593, 0.15296423784125276], [0.16473466647213425, 0.2472368850233345, 0.33282447849833086, 0.25520396990620037], [0.1995382040814773, 0.24828097231998927, 0.3188715088721224, 0.23330931462641102], [0.15715378404212693, 0.36533167682412954, 0.3711801739322985, 0.10633436510144502], [0.17921447752114106, 0.44346648450231474, 0.17099671064097374, 0.20632232723557045], [0.2824406472838944, 0.10550164980512507, 0.237809655528335, 0.37424804728264555], [0.35876834656263173, 0.11110178462870868, 0.3020988724980069, 0.2280309962106527], [0.3304595225213565, 0.11415792850832118, 0.20355172024764132, 0.35183082862268095], [0.33642824478277233, 0.11991379796516413, 0.3160300458344678, 0.22762791131759572], [0.3838356206131226, 0.1869666911792535, 0.1526284871766236, 0.2765692009310003], [0.3321799983076867, 0.17772534752685804, 0.19220267520715034, 0.29789197885830493], [0.22510449102227126, 0.11858268611061966, 0.38897688931703994, 0.2673359334500691], [0.4104775189942916, 0.1212755292532762, 0.24506837127142211, 0.22317858038101007], [0.2825590501407918, 0.15118855825411018, 0.34620086271871975, 0.22005152878637826], [0.37683233226056584, 0.14749458602134383, 0.22850590389119238, 0.24716717772689795], [0.3693951478050847, 0.25767944028421674, 0.10251468724521115, 0.2704107245654874], [0.3316809336997627, 0.2208036648527317, 0.12582292401587844, 0.32169247733162715]], "ideal": "A", "sampled": "D", "correct": false}}
{"type": "result", "data": {"idx": 10, "options": ["10", "20", "25", "45"], "probs": [[0.28776437470068367, 0.4186841013412827, 0.11626465790695577, 0.17728686595107784], [0.2495578564124484, 0.34109347616401825, 0.16365900363321187, 0.2456896636903215], [0.2815071218250613, 0.45691738465698845, 0.07695792270615363, 0.18461757071179657], [0.2868058808274829, 0.36254549842156475, 0.17669219213791892, 0.17395642851303345], [0.27823565729245786, 0.3408887480818829, 0.20676106470179842, 0.1741145298238608], [0.31990007636327866, 0.40437603562745655, 0.10714977339926118, 0.16857411451000362], [0.4257214927987038, 0.4749175236150009, 0.05084438223728213, 0.04851660124901316], [0.35996513214217846, 0.3713828484572555, 0.106403294701542, 0.16224872459902398], [0.5680300508165056, 0.15528769558176675, 0.1732367996215914, 0.10344545388013625], [0.6687008389094395, 0.14689161605974393, 0.0993921555796332, 0.0850153893511833], [0.48166223279050396, 0.11440234374446784, 0.2701835273640087, 0.1337518960010195], [0.5406562806271931, 0.14780424864164704, 0.19277345073024177, 0.11876601990091808], [0.3094691747433914, 0.47930634140309786, 0.11384557252904333, 0.0973789112244674], [0.2726678929255298, 0.3612194764616318, 0.16029070793845837, 0.20582192257438], [0.6388508080797306, 0.10267054288552686, 0.16927601395344746, 0.08920263498129503], [0.6752375054110737, 0.0845146587312356, 0.12106188252017833, 0.11918595323751237], [0.5091655329726424, 0.11184671686732957, 0.23310967134751825, 0.14587807871250968], [0.6219753940388533, 0.152418964232806, 0.12247245210052647, 0.10313318952781433], [0.09639159373589958, 0.49721725658830024, 0.2661407828182397, 0.14025036675756045], [0.1612561816003026, 0.5806954589009058, 0.08905235064707295, 0.16899600875171863], [0.352643151467251, 0.25799220028943187, 0.24236210455967971, 0.1470025435836374], [0.4061124743446644, 0.30178953113487045, 0.14034524976832655, 0.15175274465213856], [0.5133759165321943, 0.06131257572995748, 0.22427235722328304, 0.20103915041456522], [0.7361973530671732, 0.06533995805578352, 0.07639027267148872, 0.12207241610555461]], "ideal": "D", "sampled": "A", "correct": false}}
{"type": "result", "data": {"idx": 11, "options": ["1/64", "15/64", "1/4", "3/8"], "probs": [[0.3875473103130178, 0.3162916514454757, 0.1918529549546658, 0.10430808318684064], [0.4021667957549497, 0.31319011187968315, 0.13898566778061716, 0.14565742448475], [0.38179252685640586, 0.2623890120240623, 0.21754061331780755, 0.1382778477017243], [0.4408334591730208, 0.2673658490069883, 0.10803009064972637, 0.18377060107026455], [0.3869187302846985, 0.19760784817103272, 0.2239313885982583, 0.1915420328460105], [0.4044139210609119, 0.21309993401571287, 0.18228242210676787, 0.20020372271660736], [0.4580141398740396, 0.3003619178667449, 0.16077955836925434, 0.0808443837899612], [0.46692725512728434, 0.3310873857489404, 0.10257053355066467, 0.09941482547311054], [0.38903592400489234, 0.28909546384626467, 0.2323071172944366, 0.08956149475440642], [0.43174573367961555, 0.31585787626075473, 0.11440075124554745, 0.13799563871408227], [0.4337785049640156, 0.22857542802005668, 0.2114080990010048, 0.12623796791492295], [0.4540709554695007, 0.2392684221028432, 0.15692207215647272, 0.14973855017118337], [0.20610869190368147, 0.41633466380636946, 0.252540424289458, 0.1250162199004911], [0.19368401792121165, 0.4433239201762251, 0.1103588889268447, 0.2526331728757186], [0.18666927514593726, 0.4766623377323325, 0.2512022554623218, 0.08546613155940841], [0.18342996461777264, 0.49086328550123765, 0.14510834864305316, 0.18059840113793654], [0.31330572909751664, 0.28082849684741906, 0.17302401161132624, 0.23284176234373805], [0.2839319621060884, 0.262581549183648, 0.28393750533788675, 0.1695489832723768], [0.2617007195687854, 0.32567584511361164, 0.23828689751626378, 0.17433653770133922], [0.2615169999420045, 0.3464365458039156, 0.18836649602406297, 0.20367995813001694], [0.28094241020254235, 0.3839862346265184, 0.20235998926523305, 0.13271136580570622], [0.24874247608081576, 0.3852421342941326, 0.21276438234108927, 0.1532510071839623], [0.3190018093713192, 0.26861276019154623, 0.1965313018722414, 0.21585412846489313], [0.27768874165619106, 0.22663342950461937, 0.33496081825721435, 0.16071701048197518]], "ideal": "B", "sampled": "B", "correct": true}}
{"type": "result", "data": {"idx": 12, "options": ["0", "1", "2", "3"], "probs": [[0.27723385641631404, 0.32920055106564045, 0.17079839835254246, 0.22276719406550308], [0.26650233662457584, 0.31154348319892883, 0.14264703645752158, 0.27930714361897374], [0.2504188939553749, 0.22098264927494096, 0.3643711398364971, 0.16422731683318698], [0.3437961756349535, 0.1675365479662681, 0.08038650778096554, 0.40828076851781286], [0.210251292107033, 0.20377284865549145, 0.4116715902421258, 0.17430426889534975], [0.2582926788413421, 0.22091360717164102, 0.2542908527342131, 0.26650286115280375], [0.33750904608895044, 0.31212497684590995, 0.16971071568552437, 0.18065526127961526], [0.3269120806939263, 0.2976321653998166, 0.16438102985906167, 0.21107472394719543], [0.40048214192435544, 0.1260106544665054, 0.29300096191514646, 0.18050624159399273], [0.4656343404441382, 0.11233214873684454, 0.07600894966008122, 0.346024561058936], [0.3721163979431326, 0.13476165039269522, 0.26387164780456546, 0.2292503037596067], [0.45527412465264677, 0.11691639309884307, 0.1988899216105102, 0.22891956053799994], [0.27186724135739043, 0.2985735490832144, 0.25942772237705125, 0.170131487082344], [0.29639428409362806, 0.30103975082844503, 0.11075056923190052, 0.2918153957460264], [0.2016303954849319, 0.3708491887512228, 0.23208535620466417, 0.19543505945918113], [0.2179585708428943, 0.41360178687026056, 0.10959730367736553, 0.25884233850947963], [0.2587318323766306, 0.1078499589808484, 0.27975635675686145, 0.35366185178565956], [0.2304985941230987, 0.09312800802771831, 0.4729601689008863, 0.20341322884829666], [0.22495937531124352, 0.2980103714473835, 0.2934186974931417, 0.18361155564823123], [0.2514970712781466, 0.34914799101801036, 0.14784663084965513, 0.2515083067541879], [0.19889601165737592, 0.38941044771980654, 0.18979561892625005, 0.2218979215965675], [0.19928662174655642, 0.44212886341733304, 0.13275522783592353, 0.22582928690018703], [0.2308636720118974, 0.23448845392373086, 0.2381935679943553, 0.2964543059700165], [0.21972447157172298, 0.23388820283265688, 0.3050631011661015, 0.24132422432951858]], "ideal": "A", "sampled": "B", "correct": false}}
{"type": "result", "data": {"idx": 13, "options": ["4", "7", "10", "13"], "probs": [[0.14791852013899112, 0.2941406325084779, 0.20858953580276138, 0.3493513114497696], [0.1767699350286055, 0.31021176172127557, 0.28246931501496325, 0.23054898813515567], [0.21798148749079035, 0.3026065528090185, 0.15216863153843305, 0.3272433280617581], [0.17728769513253193, 0.29227089443456694, 0.3417259403464314, 0.18871546998646976], [0.2011234253109013, 0.33156706891418625, 0.22088525528829028, 0.24642425038662216], [0.2129846544795534, 0.35665053657080376, 0.20007378159062728, 0.2302910272590156], [0.1797333806573425, 0.27403205630423133, 0.23077504334526203, 0.31545951959316415], [0.170803993923273, 0.28158017990157524, 0.31415337321000925, 0.23346245286514253], [0.17113821676818494, 0.27345348752067883, 0.20967738568608962, 0.34573090992504657], [0.16084935009136658, 0.2822788101491998, 0.3300412048075547, 0.22683063485187888], [0.18668050783971996, 0.3225308310285911, 0.2473082058285495, 0.2434804552031394], [0.21557975134451718, 0.349892055206656, 0.19024336619625484, 0.24428482715257197], [0.18808006308820757, 0.28675402062510946, 0.2198755955439155, 0.30529032064276745], [0.16810961817504003, 0.2644428132705956, 0.3190020763108945, 0.24844549214346986], [0.2062124101250069, 0.256609938816101, 0.2127489831011638, 0.3244286678577283], [0.20683310615686865, 0.25339248396317704, 0.2783147948953132, 0.26145961488464114], [0.14581276071198687, 0.3497590682871364, 0.2640256780141077, 0.24040249288676904], [0.16356595590114884, 0.38026888874552733, 0.20675962595479694, 0.24940552929852688], [0.17671053809944542, 0.3514018497383033, 0.23778370447536032, 0.23410390758689095], [0.18475024124994757, 0.36169290000021187, 0.18474295458223308, 0.26881390406760747], [0.2056031612666532, 0.2944868416942663, 0.24799761924654956, 0.2519123776925309], [0.2228945625429059, 0.2999107911949363, 0.1997935771896142, 0.2774010689725436], [0.20099539161684998, 0.2621287483349201, 0.2747238061965104, 0.2621520537517195], [0.22107142694212462, 0.29285105698020836, 0.21094358361133758, 0.27513393236632944]], "ideal": "B", "sampled": "D", "correct": false}}
{"type": "result", "data": {"idx": 14, "options": ["0.64", "0.72", "0.81", "0.95"], "probs": [[0.22192606327698647, 0.28494560715686923, 0.2254233360065104, 0.26770499345963394], [0.20951285643996487, 0.27754759372159565, 0.30012070682444003, 0.21281884291399947], [0.2294334883842887, 0.3390662321248402, 0.18725971596663601, 0.24424056342423509], [0.21330138085282468, 0.3303551823901754, 0.2738922115636662, 0.18245122509333364], [0.24277481434301681, 0.3760011791806921, 0.18614338336513658, 0.19508062301115447], [0.24561261762289857, 0.37450053726116167, 0.19735780062254896, 0.18252904439339077], [0.2352243065598821, 0.2793226837832555, 0.23893050847048408, 0.24652250108637833], [0.2269004501741856, 0.2736820957888296, 0.30533439827888803, 0.1940830556580967], [0.24412307504541864, 0.2944552643966557, 0.2055729807048053, 0.25584867975312037], [0.2186858854066546, 0.28520779523942796, 0.28080393605982884, 0.21530238319408865], [0.23681914803997775, 0.36109104748929677, 0.20575419066278944, 0.196335613707936], [0.24403220412675034, 0.3720898329839549, 0.16512125728863314, 0.21875670550066156], [0.23741505330170137, 0.30010600980779534, 0.18489966733693816, 0.27757926945356515], [0.21627872535573137, 0.28651066757821925, 0.3002803235862286, 0.19693028337982083], [0.24084455903677882, 0.25636556359997387, 0.19352447696293595, 0.30926540030031135], [0.21483384390759644, 0.267354253911377, 0.30297077150549845, 0.2148411305755281], [0.22787347433672497, 0.3367609381338959, 0.22787724433050666, 0.20748834309887243], [0.23906467074938126, 0.33712116885155374, 0.19209586654458344, 0.23171829375448155], [0.214034777649177, 0.34739803746745906, 0.21071962696114566, 0.22784755782221827], [0.20672019697982566, 0.34617777623714935, 0.22704187846768784, 0.22006014821533718], [0.22256828510669, 0.31385883218102, 0.24444718292224943, 0.21912569969004053], [0.2197579177958242, 0.3247681010155174, 0.20644520528703592, 0.24902877580162244], [0.23401420260052308, 0.3052006525151413, 0.2303903744709902, 0.23039477031334543], [0.23373121717414097, 0.30963162507392983, 0.19992322323478437, 0.2567139344171448]], "ideal": "D", "sampled": "D", "correct": true}}
{"type": "result", "data": {"idx": 15, "options": ["I only", "II only", "III only", "I and II only"], "probs": [[0.2588688808083612, 0.2670763810330695, 0.19848073118372977, 0.27557400687483946], [0.24301846322967308, 0.27109506723554005, 0.30244341489628457, 0.18344305453850232], [0.22752097380741293, 0.2104153060455129, 0.28761307668116026, 0.2744506433659139], [0.18104787978423606, 0.2324610605213517, 0.3714885579343536, 0.2150025016600586], [0.22970005867568416, 0.4031228422715468, 0.19647352395477127, 0.1707035749979977], [0.19364094684876848, 0.4229367392040106, 0.16053324642164873, 0.22288906742557218], [0.2870005283366578, 0.3201606475938878, 0.13556828689506117, 0.25727053707439324], [0.2661826053916854, 0.321063672287897, 0.24618004626822412, 0.1665736759521934], [0.2865066230010582, 0.1938543468519906, 0.3196235298790789, 0.20001550016787228], [0.30996950072066976, 0.18799693040173623, 0.2822302453430779, 0.2198033234345161], [0.2591033279636679, 0.3174472152869351, 0.27581581470592365, 0.14763364194347334], [0.30205475380813235, 0.31162570975210213, 0.13195529185539304, 0.25436424448437245], [0.18385221062252208, 0.3656201362244243, 0.22526113686693158, 0.22526651618612203], [0.1344307004780434, 0.332704588765703, 0.3432854558205587, 0.18957925483569488], [0.1390510010863072, 0.276526264028128, 0.34415846033950853, 0.24026427444605625], [0.187850513492389, 0.2449909557898158, 0.32969005386319233, 0.2374684767546029], [0.1526331580630323, 0.3958865344741451, 0.2988452270500251, 0.15263508031279746], [0.18287668447796684, 0.3694050774832993, 0.2619590578096985, 0.18575918012903528], [0.3706927806535789, 0.3170559969317957, 0.14516420636886918, 0.16708701594575623], [0.3527072860631116, 0.326186885616738, 0.13812042359757784, 0.1829854046225726], [0.3993105828465475, 0.2876005427609295, 0.1492103613881514, 0.16387851290437158], [0.44153423428692495, 0.2515683248854936, 0.11699335624577974, 0.18990408448180174], [0.4440716438434756, 0.18802593366372952, 0.19399960048047438, 0.17390282191232048], [0.4917399433281999, 0.1673006912094153, 0.1453564210196938, 0.195602944342691]], "ideal": "D", "sampled": "D", "correct": true}}
{"type": "result", "data": {"idx": 16, "options": ["I only", "II only", "III only", "I and II only"], "probs": [[0.22513139581114894, 0.3076950655226433, 0.2890762431492848, 0.17809729541692293], [0.209125014574774, 0.29030392820888895, 0.2814026604965463, 0.2191683966197908], [0.22104816136533872, 0.2928206324284511, 0.31664496657066094, 0.16948623953554923], [0.1912761954962099, 0.2962321682906775, 0.305666004175167, 0.20682563193794562], [0.19424766343024535, 0.3462497631673148, 0.2826311675451317, 0.17687140575730811], [0.19352145491095332, 0.39705139394604316, 0.2158919870637532, 0.1935351639792503], [0.3002163007651893, 0.3001921012783311, 0.2231015215487384, 0.17649007630774116], [0.2798437267378474, 0.27547035546302157, 0.24312515233073612, 0.20156076536839487], [0.2979793846309229, 0.2470142841092097, 0.297983497351412, 0.15702283380845544], [0.2807209533279697, 0.23636208824479416, 0.28072193680462304, 0.20219502152261307], [0.2697907565357863, 0.28716077114031585, 0.2917124796346562, 0.1513359925892416], [0.299444973438836, 0.3041190802746876, 0.1873837858251108, 0.2090521603613656], [0.25181090454010996, 0.3084970070337162, 0.2638979216565354, 0.17579416666963843], [0.1964193523800842, 0.304192355119793, 0.2902948471525635, 0.20909344524755935], [0.23954858597352488, 0.2934762028602201, 0.2889557864661876, 0.17801942460006745], [0.25932171551790845, 0.2513136826008525, 0.2675529976286215, 0.2218116041526175], [0.22188380027751867, 0.33830531924105217, 0.2849107043918564, 0.1549001759895728], [0.2510664984014947, 0.3075831738527044, 0.27146973394213214, 0.16988059370366876], [0.24317913882715872, 0.3271905432732957, 0.24317499630440897, 0.18645532149513658], [0.27732328404166523, 0.36736009616039517, 0.19974932667848705, 0.15556729301945257], [0.26339099593482024, 0.34889925562526414, 0.2149711911156734, 0.17273855722424217], [0.3082469311570753, 0.3492538228504144, 0.18990431158120857, 0.15259493431130178], [0.31799902424010695, 0.29407714567087684, 0.2400400781415318, 0.14788375184748434], [0.3460392212241208, 0.2694699288398237, 0.2131862735469364, 0.17130457628911916]], "ideal": "B", "sampled": "D", "correct": false}}
{"type": "result", "data": {"idx": 17, "options": ["-1/4", "-1/(4sqrt(2))", "0", "sqrt(2)"], "probs": [[0.32269833305019, 0.27172530852873017, 0.3227023563634422, 0.08287400195763757], [0.3447472802167195, 0.3090159640750616, 0.13713029229953924, 0.20910646330867966], [0.2529817894736804, 0.27783215871154987, 0.3857621963163553, 0.08342385539841447], [0.29893744434313935, 0.37201640560507543, 0.1390194168401729, 0.19002673311161228], [0.33606076237178945, 0.19448754189453746, 0.2420544326063335, 0.22739726302733962], [0.3021682753533707, 0.18908309652876837, 0.31667270781401, 0.19207592020385086], [0.4758501282828978, 0.15208449204644528, 0.31698341709478, 0.05508196247587695], [0.5056555089013562, 0.1860123726996741, 0.11640639810940623, 0.19192572018956347], [0.45649936021207876, 0.39659648070152176, 0.09568737909707181, 0.05121677988932766], [0.42596140499623747, 0.38181188698765195, 0.11645124851492805, 0.07577545940118252], [0.5481552807829159, 0.17247625721614898, 0.1407752716862613, 0.13859319021467384], [0.4596496350734123, 0.1492202822260245, 0.32593970273380574, 0.06519037986675746], [0.28154679247505265, 0.37884890871796206, 0.25238477081403327, 0.08721952789295195], [0.2893672775423511, 0.41448594571655345, 0.12062785323889326, 0.17551892340220218], [0.20113572176567435, 0.6292834187521567, 0.10273229921725803, 0.06684856016491095], [0.23893395063871953, 0.5821838974370513, 0.10769845544214916, 0.07118369638207993], [0.33591935035207393, 0.3011021315750381, 0.19140273330681798, 0.17157578466606996], [0.24055441853152584, 0.26009076443558626, 0.3725901488201237, 0.12676466811276418], [0.23310968972228477, 0.3610339271969348, 0.21559277817217615, 0.1902636048086043], [0.21314761358078127, 0.3682702238231719, 0.2304709438819331, 0.1881112186141137], [0.213745729137871, 0.5208050400097688, 0.1337609390602565, 0.13168829169210364], [0.21486193900024747, 0.4477927288468644, 0.24347814513445618, 0.09386718691843195], [0.2444104144741378, 0.3905494932194142, 0.21909130128109155, 0.14594879092535648], [0.2333472519879644, 0.2858920395088406, 0.39079725738432114, 0.08996345101887383]], "ideal": "C", "sampled": "B", "correct": false}}
