{"type": "result", "data": {"idx": 0, "options": ["temporary dipoles created by the position of electrons around the nuclei in a molecule", "the three-dimensional intermolecular bonding present in all covalent substances", "the uneven electron-to-proton ratio found on individual atoms of a molecule", "the electronegativity differences between the different atoms in a molecule"], "probs": [[0.8846689148690464, 0.012230773953643926, 0.053964732162231355, 0.0491355789150783], [0.35792338631042214, 0.013037199229642448, 0.020192464509798592, 0.6088469498501368], [0.8332834963156496, 0.033860095346463684, 0.03333529879319056, 0.09952110944469622], [0.8806223922968354, 0.03468283383927001, 0.03578390687267443, 0.04891086689122021], [0.6576491426348923, 0.01620845415895006, 0.03431342392997378, 0.29182897917618383], [0.8562741063429578, 0.013840286643082435, 0.09167127824857119, 0.038214328665388646], [0.010139036998174736, 0.857373959167797, 0.06210830480810032, 0.07037869892592796], [0.010818825394459324, 0.34724215607413805, 0.022903280948974123, 0.6190357374824285], [0.013533854301140852, 0.02266452554643833, 0.8504844554582275, 0.11331716459419337], [0.0075760071870971425, 0.0073428556949140505, 0.00819155322211993, 0.9768895837958689], [0.011088523857743964, 0.005489150916294514, 0.718938161748212, 0.26448416337774955], [0.004598777478403495, 0.0031116670547763634, 0.014614709749147095, 0.977674845617673], [0.16347854933971742, 0.6882537468153695, 0.035911167582262433, 0.1123565361626506], [0.12704396483231153, 0.766159727462501, 0.043905009397664965, 0.06289129820752243], [0.09287496212930539, 0.01058421784016411, 0.7655670891633686, 0.13097373076716193], [0.014081032866384086, 0.005514171307747304, 0.008540513510085966, 0.9718642822157826], [0.12078270494896391, 0.01355125775129075, 0.7999981164131972, 0.06566792078654812], [0.024616396797099385, 0.007625746548021343, 0.014699013985274255, 0.953058842569605], [0.008374505511704999, 0.8676610418464558, 0.02661396883265022, 0.09735048370918903], [0.006888674417447437, 0.9308643728115635, 0.031852684199917526, 0.030394268471071493], [0.01659869164443007, 0.00834623512367372, 0.7631379983490933, 0.2119170747828028], [0.004904785173866994, 0.0035883943553830008, 0.011951124451066528, 0.9795556959196835], [0.025896098287726106, 0.03651882573254092, 0.8987103689585138, 0.038874706921219214], [0.01059401803341433, 0.009797771743783894, 0.010930217078682932, 0.9686779930441188]], "ideal": "A", "sampled": "A", "correct": true}}
{"type": "result", "data": {"idx": 1, "options": ["70 pm, 1402 kJ/mol", "86 pm, 898 kJ/mol", "135 pm, 523 kJ/mol", "40 pm, 995 kJ/mol"], "probs": [[0.25938281221043924, 0.34359684327089396, 0.09844631627375156, 0.29857402814491524], [0.24874051669072553, 0.3346886335257015, 0.10697734888520828, 0.30959350079836473], [0.31463643905354305, 0.12320254741867187, 0.19998399911311165, 0.3621770143146734], [0.29749925049769343, 0.14272954100170748, 0.10607011265253212, 0.45370109574806694], [0.2744353834012813, 0.1379839690480517, 0.223977575755561, 0.363603071695106], [0.2851188906050216, 0.17840815386216619, 0.10165657556485416, 0.43481637986795807], [0.30799732297553195, 0.31774685493838667, 0.08034197419842773, 0.2939138477876536], [0.3201601600374544, 0.2960732071125433, 0.11415064673923316, 0.26961598601076914], [0.26409629771739657, 0.16269132978157486, 0.21219853196997976, 0.36101384043104884], [0.2367248438820039, 0.1731794813067769, 0.11181646089217519, 0.478279213819044], [0.3142874217144719, 0.12115863619160055, 0.2646445015952252, 0.2999094403987023], [0.27605994916047855, 0.14098708015044378, 0.11328900351086595, 0.46966396707821173], [0.20909060847293473, 0.3089925096469953, 0.168003323180614, 0.31391355859945597], [0.2040791778944622, 0.30633651750695245, 0.12572471608864605, 0.36385958840993926], [0.20988750455664798, 0.2694814204900196, 0.2199543714303361, 0.3006767034229963], [0.19082917060629478, 0.26909439577339467, 0.12320417245614479, 0.4168722610641657], [0.21555457685886115, 0.13488101756891327, 0.2404590212989939, 0.40910538417323167], [0.20285527082543128, 0.13302740754101908, 0.19970297516050883, 0.4644143463730408], [0.14622048814294103, 0.4165180859072016, 0.1682957385566063, 0.2689656872932511], [0.16308542598388642, 0.39735774997797424, 0.0832936142810255, 0.35626320965711383], [0.1695170849392174, 0.35884517427670704, 0.22108872232610433, 0.2505490183579712], [0.17743964227094622, 0.2925306216702795, 0.1043080075829028, 0.4257217283758715], [0.1786736020860096, 0.20244990872281277, 0.19019021731843058, 0.42868627177274704], [0.17552550919947915, 0.1897768164881599, 0.16488570710346984, 0.4698119671088911]], "ideal": "A", "sampled": "A", "correct": true}}
{"type": "result", "data": {"idx": 2, "options": ["ionic bonding", "nonpolar covalent bonding", "covalent network bonding", "metallic bonding"], "probs": [[0.39744153299659063, 0.03365886436758948, 0.050527926192232675, 0.5183716763435872], [0.35686311521012287, 0.054725800315694385, 0.5192304311087478, 0.06918065326543489], [0.42527732407250024, 0.02676492939161682, 0.058459963861445675, 0.48949778257443727], [0.27773072298403256, 0.04259075525433221, 0.6357351394813592, 0.04394338218027601], [0.3867426744755404, 0.5044020118448594, 0.054002366448150006, 0.05485294713145013], [0.3591144995724991, 0.5475778150788209, 0.041571300945754196, 0.05173638430292585], [0.04171863818589977, 0.40204413523098315, 0.06361328620234916, 0.4926239402807679], [0.07655879797349607, 0.40113699133306024, 0.4270218876544142, 0.09528232293902948], [0.04418752881314508, 0.025573611928684133, 0.6595530202160869, 0.27068583894208387], [0.048984042458549266, 0.028349583188069676, 0.5433409303497208, 0.37932544390366024], [0.07331813707248516, 0.49326955164649183, 0.30868902109406726, 0.12472329008695573], [0.04049741129380631, 0.33382189390486283, 0.04884946299773104, 0.5768312317035998], [0.0429365116533654, 0.5835268540359653, 0.07079114071906356, 0.30274549349160573], [0.04662030276600294, 0.5252712466279271, 0.3843105804593736, 0.04379787004669629], [0.0412955160780814, 0.02504705753726779, 0.720634678661434, 0.21302274762321677], [0.05456385124178695, 0.036347327852655376, 0.6966270466340648, 0.21246177417149287], [0.06553407061587636, 0.6217719958232844, 0.2592040319422264, 0.053489901518612895], [0.04000678583566899, 0.6161084059734622, 0.04825847133030078, 0.2956263367605681], [0.5886529175147792, 0.26121041565325054, 0.08092092842426712, 0.06921573830770313], [0.5369564054239888, 0.3413064326910709, 0.056595628408093866, 0.06514153337684635], [0.260462631293613, 0.046697858470319334, 0.6055951569067196, 0.08724435322934805], [0.24450401458391757, 0.02658818421159411, 0.0431568539197699, 0.6857509471847184], [0.22734514350353005, 0.045471152116081, 0.6578470769829159, 0.06933662729747307], [0.2714831682153288, 0.02335372627058652, 0.04363050075689905, 0.6615326046571857]], "ideal": "C", "sampled": "A", "correct": false}}
{"type": "result", "data": {"idx": 3, "options": ["Ag+(aq) + Br-(aq) \u2192 AgBr(s)", "NH4+(aq) + Ag+(aq) \u2192 Ag(NH4)3+2(aq)", "Br-(aq) + NO3-(aq) \u2192 NO3Br(aq)", "NH4Br(aq) + NO3-(aq) \u2192 NH4NO3(aq) + Br-(aq)"], "probs": [[0.35938615709150806, 0.26292021688841005, 0.06052978765576385, 0.31716383826431804], [0.4773967875124379, 0.2400384700035341, 0.18405069802048898, 0.09851404436353901], [0.47585150949258165, 0.12412743361638057, 0.07297284209723337, 0.32704821469380446], [0.5872756395308857, 0.12700203391017412, 0.2336000711803505, 0.05212225527858973], [0.5905378106238834, 0.30635721743742256, 0.0603271002396148, 0.04277787159907921], [0.6875662386212757, 0.19698390876352642, 0.0887904711781064, 0.026659381337091465], [0.1280299372532737, 0.6107808696665425, 0.05337216858369651, 0.20781702439648728], [0.13786485224167466, 0.6892648800770399, 0.07041657442453544, 0.10245369315674996], [0.18707196037519608, 0.1625236667544244, 0.4928764696150756, 0.1575279031553039], [0.19031503299649932, 0.130796538048185, 0.3288384332645561, 0.3500499955907596], [0.22460218592417758, 0.3424650626297538, 0.37614520259477685, 0.056787548751291744], [0.23410958049340422, 0.32501479980079623, 0.10552132128613977, 0.33535429831965974], [0.14566839825159947, 0.4927768775906774, 0.06265257765117935, 0.2989021464065438], [0.21509543091445887, 0.5938789072176718, 0.16236696794857788, 0.02865869381929145], [0.19656319328478725, 0.24461597962865905, 0.4033278702294465, 0.15549295675710725], [0.22603166437916147, 0.21567131898140868, 0.40294910073645346, 0.15534791580297638], [0.18494355375507124, 0.6871335436257823, 0.08467563910842087, 0.0432472634107256], [0.22478199655617062, 0.6304021838272211, 0.06340411813652823, 0.08141170138008001], [0.13170840826121213, 0.734596426308935, 0.06319604539209792, 0.07049911993775498], [0.09988579973345367, 0.8105861596304555, 0.05101833149902716, 0.03850970903706365], [0.26043437356523813, 0.40970603165665836, 0.2564011957149884, 0.07345839896311511], [0.2552643062977566, 0.3127432097313762, 0.0720004050659568, 0.3599920788049104], [0.28557491086864595, 0.5090671739287692, 0.14359879385287952, 0.06175912124970527], [0.21591722641339567, 0.3849000575023431, 0.04318658942764387, 0.3559961265566174]], "ideal": "A", "sampled": "A", "correct": true}}
{"type": "result", "data": {"idx": 4, "options": ["W", "Sb", "Fe", "An"], "probs": [[0.0013269355641052773, 0.9846085917648615, 0.004853729923856592, 0.009210742647176652], [0.0005224212952401138, 0.9898852762851481, 0.007099976376422238, 0.0024923259431895444], [0.00310043624115759, 0.00932877622070036, 0.9665481040195821, 0.021022683418559895], [0.0005511483098266665, 0.0024128362874963156, 0.023618823209390787, 0.9734171920932863], [0.003108396974837829, 0.04224468505836684, 0.9465843687200637, 0.008062549146731667], [0.0010757595189391975, 0.010780149959270693, 0.002443254900036243, 0.9857008355217538], [0.9578011578108395, 0.017542711200084653, 0.0038236402640301832, 0.020832490625045667], [0.9814313021112328, 0.010083352181711771, 0.004474463857578984, 0.004010881749476538], [0.9651683556216852, 0.011413548831506776, 0.006014519734585637, 0.01740357571222235], [0.9686717236050443, 0.01042987826275093, 0.008512618407797316, 0.012385779624407449], [0.9850057039392698, 0.007881524258879082, 0.0033898033206189717, 0.003722968381232171], [0.9642751410092685, 0.014414722429023499, 0.003370720519496434, 0.01793941594221155], [0.0019069031768039087, 0.08631275672259722, 0.8854564676659301, 0.026323872334668794], [0.00047556907483685363, 0.015872073307442367, 0.016895656358153256, 0.9667567011595676], [0.0005860042116031446, 0.987576812547266, 0.005872351406129197, 0.005964831735001605], [0.0004483356632523278, 0.9854455735389807, 0.008934940492610101, 0.005171150205156851], [0.00034499899851561763, 0.005271617002571333, 0.005354604831172669, 0.9890287790677403], [0.0018461963672924844, 0.06357286886125738, 0.9197151683554641, 0.014865766315986084], [0.003345466327604004, 0.01865947120923358, 0.9721235948800527, 0.005871467483109718], [0.0025575182152748404, 0.009958332489286835, 0.0029436783184417985, 0.9845404708769965], [0.0005456809305265283, 0.9943484202150434, 0.0033166835746982703, 0.001789215179731792], [0.0009327481633747493, 0.9914089110293589, 0.0026159589878203644, 0.005042381719445998], [0.000325999586027094, 0.0012496762750444598, 0.003587891037065244, 0.9948364330018632], [0.0025498124011708555, 0.005482956703980502, 0.9815624243304747, 0.010404806464373985]], "ideal": "B", "sampled": "B", "correct": true}}
{"type": "result", "data": {"idx": 5, "options": ["0.33 atm", "0.40 atm", "0.50 atm", "2.0 atm"], "probs": [[0.5464948455926769, 0.17741781603572185, 0.08122884541853227, 0.19485849285306892], [0.3938136520373256, 0.1404160049231301, 0.40631399718420624, 0.05945634575533804], [0.46592920810863425, 0.16612944995467252, 0.2166767547317285, 0.15126458710496468], [0.2783021649313484, 0.1215784409638244, 0.49612656600376714, 0.10399282800106004], [0.2417979678202842, 0.5281268338028207, 0.19735145493354994, 0.032723743343345206], [0.25237148433549905, 0.5342588900778639, 0.1579310709542563, 0.05543855453238079], [0.524027045584765, 0.08825922690746321, 0.1115710130850338, 0.27614271432273807], [0.41721796829842933, 0.08882925625438337, 0.44412389227730875, 0.049828883069878566], [0.5288924658097273, 0.08633810189698536, 0.07384943246071181, 0.3109199997325756], [0.29178490036179705, 0.09181265900878673, 0.5624283321134402, 0.05397410841597598], [0.20464455122880068, 0.6402663754846066, 0.12219970245703177, 0.03288937072956088], [0.2027795137428824, 0.6545698436183726, 0.10685795436374405, 0.035792688175001024], [0.5034376794923652, 0.10388854251339733, 0.1795052883934147, 0.21316848950082276], [0.2959770935173876, 0.09760098412851591, 0.5443826459201625, 0.062039276333933996], [0.6565708819908079, 0.08747844006087813, 0.046098289808567915, 0.20985238803974599], [0.3383703294499538, 0.09250393681241777, 0.5323301056301627, 0.03679562800746566], [0.1355046793925636, 0.7211652477984768, 0.10389583672917849, 0.03943423597978112], [0.13158764379968263, 0.7003200684648732, 0.14007559785475776, 0.028016689780686433], [0.13024240211155963, 0.6718373798531037, 0.1452972699032914, 0.052622948032045265], [0.15595535467628677, 0.6168098861312998, 0.14881504627125303, 0.07841971282116038], [0.13818359579527767, 0.7017492755806434, 0.10761837075495953, 0.05244875776911944], [0.14787210079133697, 0.6945154561741292, 0.10650906719570308, 0.051103375738830656], [0.2264925311607344, 0.6156632899892291, 0.0929528266723391, 0.06489135207769736], [0.21695651354285203, 0.6579063607605492, 0.09186574918453114, 0.03327137641206759]], "ideal": "C", "sampled": "D", "correct": false}}
{"type": "result", "data": {"idx": 6, "options": ["very soluble", "very electronegative", "isoelectronic with a noble gas", "highly colored"], "probs": [[0.03497512970465031, 0.02991590373982674, 0.8880445607799964, 0.0470644056755266], [0.04853857989911743, 0.013690965070255504, 0.021878104369488914, 0.9158923505611382], [0.006750018634274349, 0.9709673879343154, 0.011663203769990032, 0.01061938956142024], [0.0067725899637319596, 0.9591113461960912, 0.013896661071998788, 0.02021940266817808], [0.042076702644835845, 0.0134485653614051, 0.04479035331681338, 0.8996843785769456], [0.021701252934636983, 0.022043050195501422, 0.8805106625770254, 0.07574503419283626], [0.018678057902155765, 0.020513867919118706, 0.9285351615801724, 0.032272912498553186], [0.02991135220708594, 0.00912247408417108, 0.01576221728255849, 0.9452039563261845], [0.00353633922202109, 0.9805230099904282, 0.008094875305140723, 0.007845775382409973], [0.005204948348308765, 0.9765069573955883, 0.007936718983785415, 0.010351375172317427], [0.01894767454290679, 0.005600953561560687, 0.01865389630719048, 0.956797475488342], [0.013909563122863434, 0.01208486288855835, 0.9304863014248245, 0.043519272463753714], [0.9614164210474451, 0.010848532663924985, 0.01654211884068102, 0.011192927347948944], [0.9452495503579342, 0.011177988638520113, 0.014578914159725688, 0.028993546743819924], [0.962584480208072, 0.009436832590550719, 0.015080061500910432, 0.012898625600466864], [0.9616505865881483, 0.011551031561971545, 0.011732982186305006, 0.015065399563575142], [0.9391005197019678, 0.012007668054036129, 0.017746255836246273, 0.031145556307749782], [0.9444692270478989, 0.01625045952219514, 0.020866093685690573, 0.01841421964421536], [0.0509512476855601, 0.02026700288650388, 0.0533963196938381, 0.8753854296340979], [0.027199892273805707, 0.030821565478152995, 0.8594955785094958, 0.08248296363854551], [0.06697443993330437, 0.04324185445082513, 0.06098101837127504, 0.8288026871445955], [0.03980165256248035, 0.050314023921697766, 0.837812482923073, 0.07207184049274887], [0.005580986349959238, 0.9459342898333987, 0.01759852830667043, 0.030886195409971614], [0.008014491691262485, 0.9557529010768986, 0.01670389049488252, 0.01952871663695636]], "ideal": "C", "sampled": "C", "correct": true}}
{"type": "result", "data": {"idx": 7, "options": ["no two electrons can have the same four quantum numbers", "no two electrons with the same spin can occupy an orbital", "no two electrons can occupy separate orbitals", "no two electrons can pair up if there is an empty orbital at the same energy level available"], "probs": [[0.2604214328392626, 0.14838025414593137, 0.12691909451762512, 0.4642792183971809], [0.15562320664372464, 0.10047637295923802, 0.5102760601175643, 0.23362436017947305], [0.21817923429872624, 0.07901771130314914, 0.3541419698199548, 0.3486610844781698], [0.15166750548753405, 0.07276961206662136, 0.5293769835896405, 0.24618589875620417], [0.18068803988914525, 0.4686615117422835, 0.18353608371448354, 0.16711436455408768], [0.1682991709852928, 0.45747541188087787, 0.13313709096709145, 0.24108832606673786], [0.4486698989694007, 0.060719347247045106, 0.1411786286129623, 0.34943212507059196], [0.27308941189921476, 0.05724135477165693, 0.44326806559378396, 0.22640116763534432], [0.5635408674579453, 0.09344200649754576, 0.06836455957854767, 0.2746525663659613], [0.4077328336794867, 0.08154981369883649, 0.4620210705453538, 0.048696281976322996], [0.1554975728012501, 0.6649681626326138, 0.054585474184008026, 0.12494879028212806], [0.16876552808721793, 0.6674702092247907, 0.1335059538330822, 0.030258308754909164], [0.12874376964389958, 0.12874125134762054, 0.3137067006767012, 0.42880827823177864], [0.09872197966285959, 0.10185389054109345, 0.5092541119613913, 0.29017001773465567], [0.058920821714749286, 0.5503493423876562, 0.07219189243357911, 0.3185379433640154], [0.06417657047855045, 0.4969557800926143, 0.39932902894622097, 0.03953862038261424], [0.03265580907137469, 0.7911644577188877, 0.04902279003964385, 0.12715694307009376], [0.029946453442029043, 0.8221291271011681, 0.1184419004945518, 0.029482518862251], [0.29700785872350355, 0.20096045730488565, 0.31616526838955655, 0.18586641548205424], [0.31615959181486836, 0.22070904577362105, 0.220715274458721, 0.2424160878527896], [0.24718450559851424, 0.5071797483766972, 0.07306840433347601, 0.17256734159131248], [0.23901753214225716, 0.555723788368725, 0.1617297685049041, 0.04352891088411376], [0.44871969669385703, 0.22917639523907352, 0.08563893777351694, 0.23646497019355253], [0.3947222853947227, 0.15457163526276768, 0.39472288144121925, 0.05598319780129032]], "ideal": "D", "sampled": "D", "correct": true}}
{"type": "result", "data": {"idx": 8, "options": ["Rb+", "Se2-", "As5+", "Sr2+"], "probs": [[0.1597231697752718, 0.44100831925966444, 0.0815793163208735, 0.31768919454419026], [0.1872276677542533, 0.31848010654900627, 0.058913283483107114, 0.4353789421136333], [0.22252042589346605, 0.3340379297399269, 0.0987432151934109, 0.34469842907319614], [0.22363327024813942, 0.33570712176134, 0.060190024589874457, 0.3804695833006461], [0.22206077474843638, 0.1812372275452622, 0.08832846186193603, 0.5083735357443654], [0.21362529794414153, 0.22040313632095726, 0.12756139989124163, 0.43841016574365954], [0.2762864416593039, 0.33325632037682346, 0.051911869747847075, 0.3385453681160256], [0.25877827596146624, 0.2469206619531404, 0.047125794339875, 0.44717526764551835], [0.24754124124975893, 0.3658341874064997, 0.0687388053091811, 0.31788576593456025], [0.2434652510945547, 0.34873918604781073, 0.04794013997276908, 0.3598554227848655], [0.2580219083979315, 0.2540153141728872, 0.05580000681095586, 0.43216277051822544], [0.25221822978662245, 0.30422614608332343, 0.05286679692088077, 0.39068882710917335], [0.26495422133695967, 0.290986488589764, 0.09300628424953768, 0.35105300572373865], [0.28429059779915067, 0.31222294522435595, 0.060528047033756666, 0.34295840984273673], [0.22058906655961352, 0.3871387454374706, 0.08114977743820469, 0.3111224104647111], [0.218892935178041, 0.3665691668407494, 0.06470377839013276, 0.3498341194910768], [0.28993186135721755, 0.229347495493101, 0.08437336172531693, 0.39634728132436453], [0.2662852664579112, 0.18881998672951555, 0.07749181869608376, 0.4674029280164895], [0.23348491935264867, 0.229861016393311, 0.07943852600131146, 0.45721553815272886], [0.22509034962734462, 0.26729770894735505, 0.11861445488456353, 0.38899748644073684], [0.2048958910463041, 0.28894569390560215, 0.0654883285736992, 0.44067008637439453], [0.19783875196804032, 0.3261769687343028, 0.07627326937543606, 0.3997110098222208], [0.2325346109237673, 0.29394618768830344, 0.07788936338127705, 0.3956298379066522], [0.22410177193058634, 0.26199815260229986, 0.07506432551283747, 0.4388357498542763]], "ideal": "C", "sampled": "C", "correct": true}}
{"type": "result", "data": {"idx": 9, "options": ["the O\u2013H bonds in sulfuric acid are much weaker than in sulfurous acid due to the electron withdrawing of the oxygen atoms on sulfuric acid", "sulfuric acid has more oxygen atoms in its formula", "the sulfur in sulfuric acid is more electronegative than the sulfur in sulfurous acid", "sulfuric acid has the hydrogen atoms bound directly to the sulfur atom"], "probs": [[0.8505455127916719, 0.04578654026845383, 0.04578740081049986, 0.05788054602937436], [0.853624129992799, 0.03869575475643563, 0.03869643648453224, 0.06898367866623316], [0.8917795965015594, 0.030995214181673367, 0.03351441751729223, 0.04371077169947509], [0.8489360898518342, 0.03729922846783363, 0.055993803227678225, 0.05777087835265387], [0.8522068904915231, 0.05447912618613346, 0.02962042221291183, 0.06369356100943156], [0.8347240400494391, 0.06238580726900479, 0.04783392502760596, 0.05505622755395014], [0.021070162460191926, 0.9243521368876256, 0.0283545021939087, 0.02622319835827374], [0.021347468517937836, 0.907703629532363, 0.03519754078634575, 0.03575136106335336], [0.1109667734834863, 0.1317743827535221, 0.6797884803299084, 0.07747036333308321], [0.02767399935334592, 0.03609283577340232, 0.04781679845788625, 0.8884163663153655], [0.04437473656166692, 0.05697772854063171, 0.8243317953617038, 0.07431573943599755], [0.02194131547958623, 0.026465874666238405, 0.04718171108921819, 0.9044110986649572], [0.08650001395373845, 0.7954280612694933, 0.05673131142678716, 0.06134061324998105], [0.09403811884674931, 0.7631363073863947, 0.0791928883886882, 0.06363268527816783], [0.14760205368118753, 0.07900470612160138, 0.6719453434264063, 0.10144789667080478], [0.06538451145681068, 0.03236703417584192, 0.05420600732366302, 0.8480424469436844], [0.14126157338215206, 0.27657251723109066, 0.463206158138501, 0.11895975114825624], [0.05098170926845677, 0.05426867106481401, 0.04570032370344542, 0.8490492958632838], [0.04730104337376167, 0.8516251468952251, 0.03742033736940262, 0.06365347226161068], [0.042363467353128986, 0.8778911755334329, 0.04726255593796149, 0.032482801075476644], [0.05177963358163483, 0.04498648400748865, 0.835698995920035, 0.06753488639084144], [0.03527988714476772, 0.023501069207142487, 0.04530053391243455, 0.8959185096356552], [0.16522106772828532, 0.25192702189440086, 0.5010576918377749, 0.08179421843953888], [0.04552871936369931, 0.04276913989767628, 0.03894342709154021, 0.8727587135470842]], "ideal": "A", "sampled": "A", "correct": true}}
{"type": "result", "data": {"idx": 10, "options": ["0.0641 M", "1.64 M", "0.115 M", "0.400 mol/L"], "probs": [[0.2039377272511888, 0.380993610299182, 0.2459967023781813, 0.16907195997144783], [0.2451137821232939, 0.42350030747294104, 0.14636337574121394, 0.1850225345625511], [0.22788721999891273, 0.2972116856638911, 0.2706228873048671, 0.20427820693232904], [0.2669398267878331, 0.348142097800193, 0.1670461048628566, 0.2178719704491172], [0.31593262519751397, 0.19161353940936626, 0.33109226306139516, 0.1613615722317246], [0.34813008614098123, 0.2318954478332696, 0.29777024398625973, 0.12220422193948945], [0.33636992692339857, 0.3525008523484866, 0.2205968663320531, 0.09053235429606168], [0.34917848258167117, 0.37168123206709663, 0.1116027202612997, 0.16753756498993255], [0.40663313558629993, 0.3069337881277995, 0.2210818363424454, 0.06535123984345519], [0.4334071335320277, 0.3375239946561588, 0.1029418269617739, 0.1261270447500396], [0.3790282010653076, 0.1997243761816572, 0.2861021756839752, 0.13514524696905994], [0.39060060349970954, 0.20263183718776456, 0.28576649084113886, 0.12100106837138701], [0.21564878637785817, 0.3555323746096482, 0.24436274498960128, 0.1844560939228923], [0.27254219281775766, 0.42210494688949907, 0.12093976024504823, 0.18441309994769506], [0.17901582324275545, 0.42942347057742775, 0.25643096517878794, 0.13512974090102883], [0.1900592389495083, 0.47038103723647073, 0.14346405434771062, 0.19609566936631032], [0.27477878738842576, 0.25411603230849933, 0.32630739098962513, 0.14479778921344977], [0.20988194715978564, 0.20987002622994358, 0.3921098702835731, 0.18813815622669766], [0.2837812475376104, 0.2043916938521455, 0.33699600378797123, 0.1748310547222728], [0.33801969882445915, 0.24345739183375514, 0.2511925399052244, 0.16733036933656134], [0.2200322714223134, 0.33029362063839757, 0.24932905657586044, 0.20034505126342855], [0.2343579793582748, 0.3517980224764511, 0.21338422276353508, 0.200459775301739], [0.3483585028513702, 0.2509043067981815, 0.2509113103443593, 0.14982587990608892], [0.23353644953296357, 0.18764457196768938, 0.3790646508653892, 0.19975432753395786]], "ideal": "C", "sampled": "B", "correct": false}}
{"type": "result", "data": {"idx": 11, "options": ["SF4", "PCl5", "BF3", "CO2"], "probs": [[0.4335239464576054, 0.25485089038966346, 0.08670936394793897, 0.22491579910479212], [0.4001683085668897, 0.2543569968349271, 0.09504695485081983, 0.2504277396473634], [0.34823192459706764, 0.24310007104454578, 0.10134018589065048, 0.3073278183677361], [0.23060687686858578, 0.13769954031224302, 0.07845878366464235, 0.5532347990545289], [0.37542453404487025, 0.1665903180671041, 0.17458610234898883, 0.2833990454390368], [0.3102497044547452, 0.13983769192497933, 0.11236308840421175, 0.43754951511606377], [0.10684765606859216, 0.6967315984594689, 0.07343626349890184, 0.12298448187303708], [0.10144584938049546, 0.6719256147588802, 0.0719367638688473, 0.154691771891777], [0.2883577985528508, 0.18044688074642304, 0.24282172681677605, 0.28837359378395006], [0.13904239132323423, 0.0779953444075422, 0.06567824582338509, 0.7172840183458384], [0.10685384062170791, 0.10519648891858913, 0.5686929908994678, 0.2192566794602352], [0.1445330435091654, 0.08235188879560035, 0.07267487319111035, 0.7004401944041239], [0.06676415602061664, 0.6742928874672519, 0.08844919831349586, 0.17049375809863554], [0.046851750982171245, 0.5888880556481194, 0.07724606331312892, 0.2870141299565804], [0.18390512738631606, 0.22887079756460893, 0.2593494990111743, 0.32787457593790065], [0.1260091345480864, 0.0893533216423845, 0.07068394018473786, 0.7139536035247912], [0.08376352238522214, 0.06626216869102396, 0.47455461394348875, 0.37541969488026516], [0.11666915092666433, 0.07771795921702279, 0.09086082672125781, 0.7147520630350551], [0.038591752393686354, 0.7751340605429787, 0.06362739736454724, 0.12264678959878765], [0.04077226782507067, 0.6896083513578269, 0.08108562461796312, 0.18853375609913928], [0.08962656022447774, 0.2675736386762528, 0.4209595667322982, 0.22184023426697133], [0.11750114007602487, 0.20621887108297057, 0.07950431378855109, 0.5967756749524534], [0.0959501401097469, 0.16839629159083397, 0.36781599565916706, 0.36783757254025207], [0.1292107552160752, 0.18799826500920006, 0.09453140198239103, 0.5882595776923337]], "ideal": "A", "sampled": "A", "correct": true}}
{"type": "result", "data": {"idx": 12, "options": ["Fluorine has a very high electronegativity; therefore the H-F bond is stronger than any other H-X bond.", "HF is smaller than any other H-X molecule; therefore it exhibits stronger London dispersion forces.", "The dipoles in a HF molecule exhibit a particularly strong attraction force to the dipoles in other HF molecules.", "The H-F bond is the most ionic in character compared to all other hydrogen halides."], "probs": [[0.7665780721162508, 0.0521655186965792, 0.03264498058069177, 0.14861142850647824], [0.8681511619369926, 0.04124297450836411, 0.044595098652102504, 0.0460107648025408], [0.7714514006218322, 0.022228749094061296, 0.076384140753079, 0.12993570943102753], [0.7508855623793503, 0.019394566114483796, 0.06984329564703284, 0.15987657575913303], [0.7099924444817353, 0.04682833543899634, 0.19410263839314076, 0.04907658158612764], [0.7601541789709404, 0.055931895990940624, 0.03186958869098538, 0.15204433624713362], [0.0979519511872317, 0.770448049055244, 0.03957757829122486, 0.09202242136629947], [0.09016335385211856, 0.8291243570200184, 0.038780415700280756, 0.0419318733275823], [0.1130583875101034, 0.017610983108367728, 0.7726255518990338, 0.096705077382495], [0.04981280677219771, 0.00838981910003944, 0.016426536572328537, 0.9253708374554344], [0.10214768006626097, 0.03421486799101434, 0.8161337101194586, 0.04750374172326608], [0.09720199719875604, 0.019747624857380637, 0.016629445305028863, 0.8664209325388345], [0.027408291264303074, 0.8660680248333507, 0.052013312692506815, 0.05451037110983944], [0.028734099117028247, 0.8663867711154487, 0.04591807350057139, 0.058961056166951645], [0.031073345283974204, 0.022034217506575603, 0.8940342843553886, 0.05285815275406163], [0.017712022909479132, 0.009480558228879547, 0.020707450573600034, 0.9520999681880413], [0.030983082947016894, 0.023755408821114602, 0.9054778813410318, 0.0397836267908367], [0.018742871911439193, 0.016031596389966013, 0.0187428979884706, 0.9464826336101242], [0.4235631588208776, 0.35113806052180546, 0.15827882524157516, 0.06701995531574177], [0.35901585083956605, 0.4330492003087931, 0.04355463741450087, 0.16438031133713998], [0.07213611604484295, 0.02695517876285859, 0.8651982786491288, 0.03571042644316969], [0.09002226356574522, 0.016140020436428697, 0.012569999103825774, 0.8812677167940003], [0.05355816660017077, 0.009602419279856354, 0.8780165222960857, 0.0588228917238871], [0.04383755796339689, 0.006266250667161339, 0.01255969781582727, 0.9373364934536145]], "ideal": "C", "sampled": "A", "correct": false}}
{"type": "result", "data": {"idx": 13, "options": ["3.8 \u00d7 10^-3 mol/L", "5.77 \u00d7 10^-3 mol/L", "1.97 \u00d7 10^-3 M", "9.9 \u00d7 10^-4 M"], "probs": [[0.24203567612571564, 0.20701744224963192, 0.24971828235938134, 0.3012285991652711], [0.23243161236201826, 0.20511337233856697, 0.25929636533338757, 0.3031586498660272], [0.24483232562525992, 0.3193116831357601, 0.2264335487025079, 0.20942244243647207], [0.21860439886079083, 0.276335702888494, 0.3180722485505707, 0.1869876496001444], [0.23283273326263157, 0.32324538113290247, 0.2478511966196879, 0.19607068888477802], [0.2156236703292375, 0.2947149784653223, 0.29936822353682707, 0.19029312756861314], [0.30294870875802987, 0.1476405985857338, 0.25115155796949556, 0.29825913458674075], [0.2794642531432666, 0.1427315813974337, 0.27086476296054995, 0.3069394023987497], [0.2694210805160782, 0.3300914220113707, 0.20337015363252814, 0.1971173437400229], [0.23932270703306693, 0.28419539329547877, 0.31705555316615514, 0.15942634640529912], [0.25878073605777535, 0.31213863285615107, 0.21453743211847495, 0.2145431988675986], [0.251326404447266, 0.29382132605292716, 0.28479321939501684, 0.17005905000479002], [0.31483189206646356, 0.2163725112571265, 0.277837850955295, 0.1909577456211149], [0.2694979825495998, 0.18521600407846314, 0.33539741228452863, 0.20988860098740844], [0.36254068665245687, 0.2491605691487691, 0.18808236436032408, 0.2002163797384499], [0.2668957888710726, 0.201455360565811, 0.3270093354102592, 0.20463951505285713], [0.2889225184628527, 0.26719990369985774, 0.18080300090889112, 0.26307457682839835], [0.312264726476524, 0.28430910624809136, 0.19541006404844571, 0.2080161031269389], [0.21583226846240117, 0.21582510100418806, 0.35585103824822323, 0.2124915921851876], [0.2111653034698785, 0.22477717210088763, 0.2754138532935573, 0.28864367103567656], [0.2842893769629251, 0.2588391756060669, 0.22843292224703285, 0.22843852508397514], [0.22354541383615728, 0.2455081008798528, 0.26546883184834774, 0.26547765333564216], [0.19489496401589115, 0.29256448075302344, 0.20108334110777326, 0.31145721402331217], [0.20066145653529485, 0.32064662927252485, 0.2169692717140336, 0.2617226423781467]], "ideal": "A", "sampled": "C", "correct": false}}
{"type": "result", "data": {"idx": 14, "options": ["The N-H bonds within the NH3 molecules break apart.", "The overall temperature of the solution rises as the NH3 molecules speed up.", "The amount of energy within the system remains constant.", "The hydrogen bonds holding separate NH3 molecules together break apart."], "probs": [[0.07772348075327883, 0.12037806211698289, 0.029043175277189828, 0.7728552817525485], [0.10589326097571435, 0.22417242752355965, 0.6386322782919018, 0.03130203310882414], [0.11056658332520879, 0.026261461109560437, 0.22686749134008763, 0.6363044641251431], [0.048366745327669686, 0.01835770952705734, 0.6676882082816002, 0.26558733676367274], [0.09433171503538249, 0.6346411344758247, 0.25245181663983113, 0.01857533374896165], [0.09045665743957639, 0.6377745293850243, 0.04077257603286987, 0.23099623704252942], [0.059166228271706825, 0.21982433652758637, 0.033189321683366545, 0.6878201134173403], [0.11249381407430321, 0.34649992308373945, 0.5121153640245699, 0.02889089871738744], [0.054553401803006864, 0.015629577623292572, 0.23329457998614014, 0.6965224404875604], [0.10829840619579736, 0.022001890504398706, 0.7756088389716459, 0.09409086422815807], [0.025597210416272755, 0.9023267551442345, 0.0614054390791152, 0.010670595260377436], [0.04523586767835713, 0.8669714879812401, 0.030608682034633863, 0.057183962205768886], [0.023800150621544298, 0.2810175842220616, 0.25990502205447663, 0.4352772430019175], [0.013076334800713905, 0.12024509547208037, 0.5736729927182818, 0.293005576908924], [0.015838363282079156, 0.22034973203768551, 0.11611735192381366, 0.6476945526564217], [0.02015719212565752, 0.1089664858727694, 0.7331271848816492, 0.13774913701992383], [0.008524005162981579, 0.7916574022553271, 0.1176708375610867, 0.08214775492060458], [0.009029924816013515, 0.7878305052772521, 0.1600601349545437, 0.04307943485219078], [0.8050364862389061, 0.04266506868185803, 0.13559046891460616, 0.016707976064629725], [0.7056211127287677, 0.08296687031502051, 0.033002279203776214, 0.17840973765243553], [0.7800941771643175, 0.06015385176986717, 0.14430308904986391, 0.015448881915951361], [0.8124763081210306, 0.0869818671470037, 0.023779806768348444, 0.07676201786361733], [0.6694588189174363, 0.02895760217312979, 0.1888287251408204, 0.11275485366861346], [0.7122437900170433, 0.028051301625163855, 0.18579919495960362, 0.0739057132981892]], "ideal": "D", "sampled": "D", "correct": true}}
{"type": "result", "data": {"idx": 15, "options": ["a strong acid", "a weak acid", "a weak base", "a strong base"], "probs": [[0.01675147323743555, 0.7761963955368651, 0.1652660019353131, 0.041786129190386136], [0.019465738289127853, 0.8276875948251686, 0.0628364215202766, 0.09001024526542693], [0.06768214777570074, 0.33313751589681934, 0.5667056504074655, 0.03247468582001448], [0.05535205021420194, 0.7405901070576376, 0.07333018309680528, 0.1307276595313552], [0.05291480805045337, 0.252435051747331, 0.5099506840730321, 0.1846994560291835], [0.09611056529267378, 0.27378662805978515, 0.10230804005043749, 0.5277947664971036], [0.5538114943810678, 0.30583616992165774, 0.10085616735434585, 0.03949616824292854], [0.6012112103207493, 0.30230067190748167, 0.04636031544207917, 0.05012780222968985], [0.3465116742348645, 0.5802868213398302, 0.04689543859752948, 0.02630606572777583], [0.5116446008177226, 0.44451737316626644, 0.019531169867925826, 0.02430685604808513], [0.5927093028429508, 0.15952160952880187, 0.2080598920375665, 0.039709195490680874], [0.5816050160655648, 0.17462591493795365, 0.18881915028391486, 0.05494991861256669], [0.6613698748889034, 0.1475684973651533, 0.15708876005677783, 0.03397286758916547], [0.6460059976826716, 0.18507992005106613, 0.1213806215012975, 0.04753346066496475], [0.2847131783142712, 0.6723929034387847, 0.021614536600606592, 0.021279381546337513], [0.28064708382459586, 0.673228060480658, 0.02198220717594333, 0.02414264841880278], [0.7495551983841928, 0.14083463476809058, 0.051810836481740986, 0.057799330265975606], [0.6755842741986917, 0.1461024769350716, 0.13512470179142685, 0.043188546974809824], [0.13607752493892442, 0.6003877534486424, 0.11639365170389651, 0.14714106980853675], [0.1016387522607359, 0.46996004785249007, 0.14333276876365614, 0.2850684310231179], [0.13210276653730754, 0.6604553307237736, 0.12605398247237484, 0.08138792016654396], [0.053369344667169416, 0.5737666636741336, 0.337311634243007, 0.035552357315689884], [0.17270560046180772, 0.6027871190068204, 0.07907038690639427, 0.1454368935249776], [0.10633328587988947, 0.5659102417469941, 0.2591008966014857, 0.06865557567163065]], "ideal": "C", "sampled": "B", "correct": false}}
{"type": "result", "data": {"idx": 16, "options": ["at equilibrium there are more products than reactants", "the value of \u0394G\u00b0 is greater than zero", "the value of \u0394S\u00b0 is greater than zero", "the value of Keq is less than one"], "probs": [[0.01989643584101312, 0.9005775408273738, 0.031796192838935776, 0.047729830392677204], [0.023730337573207264, 0.8766647560079949, 0.023001389532841244, 0.07660351678595666], [0.050528943008317256, 0.0648805167571722, 0.8155255237297799, 0.06906501640473056], [0.034356702787616974, 0.03773301168190473, 0.013666450311921567, 0.9142438351185567], [0.06364098945789404, 0.03301585456588211, 0.6631627508407574, 0.2401804050354665], [0.0129479902321603, 0.012258615035285367, 0.023445054296838252, 0.951348340335716], [0.8168871128040844, 0.08745440546632843, 0.03167473045765297, 0.0639837511719342], [0.7910053522949262, 0.07710530407053638, 0.023151885112059584, 0.10873745842247788], [0.8240916347001489, 0.0494902407568067, 0.06764660206329204, 0.058771522379752326], [0.8191583996925104, 0.062186231028992844, 0.02674759623290838, 0.09190777294558838], [0.8298270165388236, 0.02709469048905241, 0.0514174889066371, 0.0916608039654868], [0.8045391079929993, 0.037628056658257726, 0.05063673254474975, 0.10719610270399318], [0.12435866891094212, 0.0502452030727686, 0.7156498431443774, 0.10974628477191188], [0.060224903785791366, 0.02433285380220442, 0.016464755458788755, 0.8989774868532154], [0.023113194408816352, 0.9089303574448525, 0.03159362271594513, 0.03636282533038598], [0.02691827965619503, 0.8913939214130204, 0.01711190160650021, 0.06457589722428428], [0.02631071614064257, 0.007597240172846356, 0.023956049688343525, 0.9421359938981676], [0.10465669392692918, 0.022990171977337815, 0.7152434933147048, 0.15710964068102817], [0.06773685915600618, 0.07919061478145566, 0.5851634362188224, 0.2679090897437158], [0.012377468890907165, 0.023123491596210858, 0.026202362076930018, 0.9382966773359519], [0.019835843547224598, 0.7327809619699779, 0.08890126247360122, 0.15848193190919632], [0.017539241986731423, 0.7399568432954369, 0.06672029829758275, 0.17578361632024897], [0.019426854704424713, 0.019732427205724844, 0.0392426520380088, 0.9215980659518417], [0.03784549354674372, 0.03904676547687526, 0.7368225556515718, 0.18628518522480916]], "ideal": "A", "sampled": "B", "correct": false}}
