{"type": "result", "data": {"idx": 0, "options": ["0.005 C", "0.01 C", "0.02 C", "0.5 C"], "probs": [[0.7046768507101494, 0.06657682209742036, 0.1303515852033771, 0.09839474188905316], [0.516587030461636, 0.11347758277438341, 0.07559265364530215, 0.2943427330186784], [0.582131164675291, 0.12012819557562805, 0.19498867375655174, 0.10275196589252912], [0.4789260434385396, 0.1681163199401836, 0.07577636261516835, 0.2771812739061084], [0.5537642712241015, 0.09473664100854504, 0.16888725378417577, 0.18261183388317767], [0.5118347076771649, 0.08894230143280586, 0.21672288711481844, 0.18250010367521086], [0.41080267683023897, 0.12334347055574625, 0.34056638399211375, 0.12528746852190106], [0.37297041053999447, 0.17075518153588257, 0.10038239732235582, 0.35589201050176716], [0.434657170034053, 0.111627537312836, 0.29873375968874744, 0.15498153286436356], [0.3978773384730303, 0.15101458243271484, 0.10542584288128347, 0.3456822361129714], [0.3056650734710124, 0.10238317322911816, 0.2614470402527144, 0.330504712947155], [0.3928850322038816, 0.10740693737540652, 0.2576584238871946, 0.24204960643351728], [0.6398549269946793, 0.09812397056206229, 0.16691540677414332, 0.09510569556911509], [0.5920110653052599, 0.14282751826849305, 0.07887719237120207, 0.18628422395504493], [0.6863724486384002, 0.07463897652715638, 0.14164042260362275, 0.09734815213082068], [0.6430114767721988, 0.1017380750661192, 0.07102488355243605, 0.18422556450924585], [0.5328055699054892, 0.07675704473617578, 0.24015294370861806, 0.15028444154971687], [0.5684021710781085, 0.0899332761674593, 0.19338807461712054, 0.14827647803731164], [0.24678399769508622, 0.201415428562382, 0.19829473783900559, 0.3535058358035262], [0.20618207443407566, 0.17913102834920352, 0.29534130845482187, 0.31934558866189894], [0.2731687683611814, 0.14621417005068962, 0.1508565820475077, 0.42976047944062123], [0.30148306935220737, 0.14924220961690934, 0.2832156759696461, 0.2660590449612372], [0.2525217868510953, 0.2525172568980253, 0.16560654587291448, 0.3293544102779649], [0.2691274921196909, 0.2864794773542426, 0.20314711633002489, 0.24124591409604162]], "ideal": "B", "sampled": "C", "correct": false}}
{"type": "result", "data": {"idx": 1, "options": ["the electric field produced by a finite-length charged rod", "the electric field produced by an infinitely long charged cylinder", "the electric field produced by an infinite plane of charge", "the magnetic field produced by an infinitely long, straight current-carrying wire"], "probs": [[0.1900062653230482, 0.1991175800625769, 0.4557992977700023, 0.1550768567443726], [0.1891779061717728, 0.3320079544453001, 0.22819159112649878, 0.2506225481564283], [0.1420781005622071, 0.5797564343546495, 0.07144083773792013, 0.20672462724522322], [0.11672185528287937, 0.6510156901696843, 0.17798128624569387, 0.05428116820174245], [0.12343300142049267, 0.5278482718030301, 0.07486582845500514, 0.2738528982214721], [0.11575400095088309, 0.48733663448019093, 0.33495033642967426, 0.061959028039251726], [0.2967946572816218, 0.033298247431391724, 0.4120515827527369, 0.2578555124342496], [0.3784958963373394, 0.04887624001794304, 0.3668465570322745, 0.2057813065124431], [0.36580383365142727, 0.3278917037230846, 0.05878847398629966, 0.24751598853918846], [0.3247939512824562, 0.3147925903232074, 0.31976093528436944, 0.040652523009967016], [0.2862775368147546, 0.3733637984224885, 0.0628858366975757, 0.27747282796518113], [0.3207344602971532, 0.32072525137984503, 0.31086774615140816, 0.04767254207159363], [0.5301974118978026, 0.042845034436041006, 0.15189923985836612, 0.2750583137077903], [0.4877085052858709, 0.06809709169707391, 0.3739349217790828, 0.07025948113797241], [0.5910610997926672, 0.05761402694566267, 0.05412339649976552, 0.2972014766619046], [0.5996745801874549, 0.07989652424290318, 0.2619748999587922, 0.0584539955108497], [0.44981502010025287, 0.3969475163589126, 0.04968476089026456, 0.10355270255056992], [0.49644362572837036, 0.3689147284240719, 0.08231745852558335, 0.05232418722197437], [0.5310750981566235, 0.05258145339858733, 0.18068367990713316, 0.23565976843765601], [0.4159423758602016, 0.05628941617108261, 0.3968892456558278, 0.13087896221288797], [0.5583247278563985, 0.08972753373247361, 0.07555859985541305, 0.27638913845571483], [0.534225209474034, 0.0832133938821372, 0.30438866301149065, 0.07817273353233821], [0.49964944644161324, 0.32258629651403775, 0.06452245384709607, 0.11324180309725294], [0.5321860869278836, 0.29389163629832726, 0.09844303801831365, 0.0754792386554755]], "ideal": "A", "sampled": "C", "correct": false}}
{"type": "result", "data": {"idx": 2, "options": ["electric field outside the object is zero", "the electric field outside the object is equal to the electric field inside the object", "the electric field outside the object is directly proportional to the distance away from the center of mass of the object", "the electric field outside the object, but very close to the surface, is equal to the surface charge density at any location divided by the permittivity of free space"], "probs": [[0.034160716027729646, 0.03259631027427098, 0.06584625994041478, 0.8673967136575846], [0.0408916664182295, 0.048182189998228805, 0.8408207986499808, 0.07010534483356087], [0.027624929629762613, 0.029869562345768815, 0.055803675822589764, 0.8867018321018788], [0.056905473872110375, 0.08024947254768536, 0.7613987240767672, 0.10144632940343705], [0.01282716812242238, 0.9205788377129214, 0.03459686638607256, 0.03199712767858363], [0.014477640552690966, 0.9098073367649556, 0.038744459966232894, 0.036970562616120486], [0.06702722412645698, 0.03215989733731171, 0.07134974586881372, 0.8294631325674175], [0.09206719891895877, 0.045221869927779455, 0.795352351862983, 0.06735857919027877], [0.06098870741677473, 0.03699121361574804, 0.06004275559906022, 0.841977323268417], [0.12484071867561347, 0.07225152373528387, 0.7184342412838977, 0.084473516205205], [0.029468613075395, 0.8747599179734167, 0.05012837052800427, 0.04564309832318404], [0.040791423036357584, 0.858645339045014, 0.044802432014092564, 0.05576080580453581], [0.057529857417389405, 0.024359529064186314, 0.059355707816344375, 0.8587549056020799], [0.11078496191496226, 0.04690909664812066, 0.7811240422614535, 0.061181899075463585], [0.05602258623799194, 0.030938376929746915, 0.05021802831228718, 0.862821008419974], [0.11422703648436555, 0.061140899601086846, 0.7448866033604941, 0.07974546045405352], [0.04812482811728895, 0.839808172362736, 0.06083654971475, 0.051230449705225035], [0.04497695780806426, 0.8553212411639285, 0.047512349444530894, 0.05218945148347637], [0.8881145581966775, 0.029454281224195956, 0.04089341152984663, 0.041537748949279876], [0.8823996502008894, 0.02972567918350467, 0.04462361194007636, 0.04325105857552957], [0.8755560409644156, 0.02727837640212252, 0.054249867097630154, 0.042915715435831704], [0.8892178170186812, 0.02664214263193779, 0.038462648450875256, 0.04567739179850573], [0.8689973725756363, 0.02543372955845728, 0.06913617548797338, 0.03643272227793307], [0.885456750893518, 0.026527906214331477, 0.04692376514853508, 0.041091577643615346]], "ideal": "D", "sampled": "D", "correct": true}}
{"type": "result", "data": {"idx": 3, "options": ["Less, because the tension in the string varies directly with the wave speed, which varies inversely with the wavelength.", "Greater, because the tension in the string varies directly with the wave speed, which varies inversely with the wavelength.", "Greater, because the tension in the string varies directly with the wave speed, which varies directly with the wavelength.", "Less, because the tension in the string varies directly with the wave speed, which varies directly with the wavelength."], "probs": [[0.47248433959637137, 0.20966085320862696, 0.25290369419674946, 0.06495111289825217], [0.51968264768173, 0.16098806320379141, 0.2572618136195689, 0.06206747539490969], [0.426453672196358, 0.18923501165289588, 0.32190691120198234, 0.062404404848763764], [0.579229993189169, 0.16856246682619844, 0.16337917256571705, 0.08882836731891555], [0.45926188391484496, 0.15383118045659191, 0.31075363653576543, 0.07615329899279766], [0.38823548446308825, 0.16438519932639636, 0.2668300211308816, 0.18054929497963373], [0.38233123365188665, 0.2468482776290176, 0.2931446520138091, 0.0776758366052866], [0.3061451841692837, 0.28759386295138756, 0.3469116051827362, 0.059349347596592474], [0.36019909378264464, 0.16750580070727897, 0.3956041931710414, 0.07669091223903501], [0.3083597811259358, 0.15997040746908295, 0.2679073592128876, 0.2637624520920936], [0.3306620977786838, 0.21348918733671915, 0.4051397993181095, 0.05070891546648758], [0.4132365768691383, 0.27526889479099786, 0.14966440868361064, 0.16183011955625318], [0.3739330796071457, 0.30999738205847643, 0.2376880663223406, 0.07838147191203723], [0.37153921358012354, 0.37153179280168386, 0.13247697350124155, 0.12445202001695106], [0.30001251321945865, 0.2061922293445984, 0.4037148145480285, 0.09008044278791444], [0.33135340619627685, 0.23131558408119277, 0.2970246793316004, 0.14030633029092995], [0.29884616291170807, 0.22912871618298833, 0.37192321029138586, 0.10010191051391773], [0.33532593882246137, 0.20983687436823173, 0.34597126821843965, 0.1088659184908673], [0.42640549061169825, 0.17774920461976118, 0.2976804473763747, 0.09816485729216588], [0.4210719230509722, 0.198895457350622, 0.24753493436982862, 0.13249768512857718], [0.512536306349951, 0.17712543072737616, 0.2537245844693295, 0.056613678353343425], [0.49197265086476066, 0.25924558796912117, 0.12439000508979337, 0.12439175597632478], [0.4019000469953246, 0.15494264429833818, 0.34917696786641694, 0.09398034073992026], [0.3827259441759046, 0.18362971606063377, 0.327363835924514, 0.10628050373894761]], "ideal": "C", "sampled": "A", "correct": false}}
{"type": "result", "data": {"idx": 4, "options": ["I only", "II only", "II and III only", "(E) I, II, and III"], "probs": [[0.16722176967379143, 0.07305217533573144, 0.09830243139476036, 0.6614236234957168], [0.19159619856371618, 0.09939668479183646, 0.5290165227708777, 0.1799905937735696], [0.15866046361500977, 0.0737823653348081, 0.08899843344685497, 0.6785587375033272], [0.25732502338697194, 0.12540687619385732, 0.4587344526785833, 0.15853364764058736], [0.21382243610535004, 0.38116472387727085, 0.1588956242805428, 0.24611721563683628], [0.24391733434721485, 0.34938543654356147, 0.2364123192500332, 0.17028490975919047], [0.13393046559233374, 0.08921516339550581, 0.12779492709826176, 0.6490594438138987], [0.15978774426769737, 0.1304114013779882, 0.5078065394847417, 0.2019943147695726], [0.15134662726527856, 0.12352217263660305, 0.1714941003336053, 0.553637099664513], [0.23326528417616885, 0.1578292273993798, 0.40304718018088304, 0.20585830814356829], [0.1696007996627961, 0.41975709791754273, 0.25861057636535906, 0.15203152595430217], [0.1930856848378874, 0.37803298067492197, 0.25579752441154413, 0.17308380997564649], [0.18255600201420333, 0.11971890327023113, 0.07037942635155951, 0.6273456682640061], [0.27846805993805906, 0.14904882836123207, 0.4449914196437516, 0.1274916919569573], [0.1895817695306168, 0.1205011698557809, 0.11498382112700012, 0.5749332393866021], [0.2495781369446322, 0.1537553450122793, 0.43802417342346833, 0.15864234451962017], [0.2726716019634445, 0.3905750396285775, 0.2561518473323777, 0.08060151097560034], [0.28790485641532354, 0.39970218833486065, 0.19787235408627873, 0.11452060106353706], [0.2606486438099113, 0.3399229721367847, 0.10864836964373928, 0.2907800143095647], [0.26394651351118265, 0.3496535755602365, 0.19923226539048028, 0.18716764543810058], [0.26346485786968776, 0.2893408752197421, 0.16230952457276557, 0.2848847422378046], [0.27551713583098403, 0.27122884986072504, 0.2548056840641801, 0.19844833014411084], [0.2169482260725511, 0.3867342173666458, 0.22735604641548154, 0.16896151004532156], [0.2263671904575955, 0.36740958686969216, 0.22992701826180498, 0.17629620431090737]], "ideal": "D", "sampled": "D", "correct": true}}
{"type": "result", "data": {"idx": 5, "options": ["Equal to the block\u2019s gravitational potential energy when it was released, because total mechanical energy must be conserved.", "Equal to the block\u2019s gravitational potential energy when it was released, because the gain in kinetic energy compensates for the mechanical energy lost to thermal energy on the rough incline.", "Less than the block\u2019s gravitational potential energy when it was released, because the gravitational potential energy was converted both to thermal energy and to kinetic energy.", "Less than the block\u2019s gravitational potential energy when it was released, because the work done by the friction force must be greater than the block\u2019s gain in kinetic energy."], "probs": [[0.3940698147309665, 0.23530377094622154, 0.30214666866996376, 0.06847974555284819], [0.4223409028103377, 0.22255288228069117, 0.27698028291212556, 0.07812593189684558], [0.35451533462433593, 0.0954145168123287, 0.492197232475158, 0.057872915988177336], [0.5626880013780574, 0.10907956374209439, 0.1008834034235237, 0.22734903135632453], [0.6238659704409609, 0.08442991279168248, 0.2259491198623705, 0.06575499680498605], [0.45962796295498987, 0.09939877090948399, 0.09939984379310582, 0.3415734222424203], [0.38517994545675843, 0.22643034663984138, 0.3193298649318786, 0.06905984287152159], [0.4268048393392196, 0.19847817557781675, 0.3122612447005518, 0.06245574028241184], [0.4661139252169099, 0.1335414861373976, 0.3463879305947829, 0.05395665795090954], [0.42412398977437277, 0.18240817835866693, 0.2738366343153871, 0.11963119745157322], [0.47638564942196315, 0.16463196153311718, 0.29349487798337565, 0.065487510961544], [0.4141923682504795, 0.2512134910825202, 0.2082700530404262, 0.12632408752657404], [0.11030346986719797, 0.14612654469181868, 0.6863448210062791, 0.05722516433470415], [0.15526930986282236, 0.3903399705496501, 0.17321716247256932, 0.2811735570149582], [0.06406014775230748, 0.5983617544552303, 0.2962169768384727, 0.041361120853989526], [0.07071129758778144, 0.6921837844889426, 0.11299821085084581, 0.12410670697243018], [0.08760342131578214, 0.10733281234819463, 0.4245174291978559, 0.3805463370381673], [0.0605982934833105, 0.09990856647309848, 0.5317399621902672, 0.30775317775332384], [0.1289196139143754, 0.4570570136279364, 0.345015827421658, 0.06900754493603022], [0.10979963919763218, 0.27603176439052024, 0.09842354876624443, 0.5157450475456031], [0.14963178933365168, 0.40673897222153144, 0.376183308552835, 0.06744592979198186], [0.13384366034122988, 0.4972856938341673, 0.18875408170719882, 0.180116564017404], [0.08794115769290603, 0.09216090555218383, 0.41954828096576746, 0.4003496556891427], [0.06893375823406381, 0.07934159394342198, 0.6643389163696535, 0.18738573135286077]], "ideal": "C", "sampled": "B", "correct": false}}
{"type": "result", "data": {"idx": 6, "options": ["The small block is most likely to slide off when the original block is at maximum displacement from the equilibrium position, but will not slide off as long as the coefficient of static friction between the blocks is greater than kA/[(M+m)g].", "The small block is most likely to slide off when the original block is at the equilibrium position, but will not slide off as long as the coefficient of static friction between the blocks is greater than kA/[(M+m)g].", "The small block is most likely to slide off when the original block is at maximum displacement from the equilibrium position, but will not slide off as long as the coefficient of static friction between the blocks is greater than (M+m)g/(kA).", "The small block is most likely to slide off when the original block is at the equilibrium position, but will not slide off as long as the coefficient of static friction between the blocks is greater than (M+m)g/(kA)."], "probs": [[0.298469236508884, 0.2360999066563807, 0.24360582994153393, 0.22182502679320132], [0.4702107204724608, 0.208647171938852, 0.22561002761231236, 0.09553207987637483], [0.3002957954658412, 0.2568482420061242, 0.2489556930865883, 0.19390026934144627], [0.5164961064389593, 0.17299870629372616, 0.162521029619385, 0.1479841575479296], [0.3725073524189806, 0.155277679687777, 0.3965344310443109, 0.07568053674893145], [0.49421014237714955, 0.1438173556115962, 0.2408567011434643, 0.1211158007677899], [0.318714414783948, 0.19634698621972388, 0.3089152322239002, 0.17602336667242785], [0.422118031606811, 0.264145578951862, 0.22244307065105645, 0.09129331869027052], [0.3295574114241043, 0.17365789023559938, 0.4298300646598691, 0.06695463358042723], [0.3991718619601001, 0.1587727081525452, 0.3634521689904779, 0.07860326079687674], [0.1653900395052136, 0.1816417520567405, 0.25616183111007906, 0.3968063772279668], [0.4495931401277946, 0.1653894980202479, 0.15537316068565293, 0.22964420106630454], [0.4744886598854226, 0.2312395492334258, 0.1665601481795688, 0.1277116426015828], [0.27314447946879983, 0.3294650564838043, 0.22644716161538925, 0.17094330233200664], [0.4401905768641137, 0.18064556744906515, 0.3073030366098089, 0.0718608189770122], [0.39292737837676867, 0.1689875274727634, 0.37493517991131325, 0.06314991413915468], [0.2683316508908705, 0.225949231154217, 0.2725609879304746, 0.23315812992443788], [0.4335741964027768, 0.18357871334222953, 0.29337170498587734, 0.08947538516911638], [0.38108612663637487, 0.13801368555485594, 0.4251344045148933, 0.05576578319387591], [0.3581273720007869, 0.1745287412778572, 0.3995249718205095, 0.0678189148008464], [0.4205910610379758, 0.22511699941786031, 0.16470455139989376, 0.1895873880442701], [0.16784707710537175, 0.2682121257640207, 0.2599702632149521, 0.3039705338156555], [0.2954862029410097, 0.16317520547739475, 0.3001443653955614, 0.2411942260860342], [0.3433373144172522, 0.267381091859235, 0.29830198365812255, 0.09097960996539028]], "ideal": "A", "sampled": "A", "correct": true}}
{"type": "result", "data": {"idx": 7, "options": ["0.005 J", "0.01 J", "0.05 J", "0.1 J"], "probs": [[0.44147328524659946, 0.11881811436161095, 0.243804042996018, 0.19590455729577158], [0.4192688260389801, 0.12393247611920562, 0.21414067327639366, 0.24265802446542065], [0.44359998568628844, 0.1311247458587668, 0.23744135385042206, 0.18783391450452266], [0.40839808629232094, 0.11340521950810892, 0.21859887052965893, 0.2595978235699112], [0.37933751217729383, 0.1631469227596049, 0.2607149040864406, 0.1968006608766606], [0.3885910750746896, 0.16975840671513026, 0.1984720498352651, 0.24317846827491504], [0.4562196663129135, 0.1993020445013115, 0.16014693437186386, 0.1843313547139111], [0.4075271608281054, 0.18657427090252135, 0.2250574148983433, 0.18084115327102993], [0.39304469254953034, 0.16642118244796422, 0.24596053750019928, 0.19457358740230615], [0.3705957343981332, 0.13633068310836652, 0.2977821617359808, 0.19529142065751945], [0.4142765700402832, 0.15003708003451105, 0.2759674191198947, 0.15971893070531107], [0.4661576012455891, 0.17148486757098808, 0.18542342823607905, 0.17693410284734382], [0.47534831645282616, 0.17762027414422835, 0.17215898374744767, 0.17487242555549778], [0.4417218468592252, 0.1650548727596268, 0.21193950961441754, 0.18128377066673043], [0.43482419844093834, 0.15995877979586326, 0.18996000288017392, 0.21525701878302447], [0.4215965568597721, 0.1368687301737292, 0.2328272312646735, 0.20870748160182517], [0.45103320094655697, 0.1464255193902516, 0.24908385802670027, 0.15345742153649117], [0.47892085426609027, 0.15547888211064756, 0.22622572220426124, 0.13937454131900093], [0.40509950544952517, 0.15617504155117412, 0.26985399540670246, 0.1688714574925982], [0.39050907474589963, 0.1679506624761755, 0.16026278077345008, 0.2812774819044748], [0.4943047165376362, 0.18470263479293111, 0.16300301252165594, 0.15798963604777677], [0.5277737142613087, 0.1823881931843077, 0.13137180514638072, 0.15846628730800283], [0.5124738444981334, 0.1612523568075139, 0.12558560633531254, 0.2006881922590402], [0.5178819413981954, 0.11922008809492081, 0.2729040445018506, 0.0899939259050332]], "ideal": "C", "sampled": "D", "correct": false}}
{"type": "result", "data": {"idx": 8, "options": ["v0^2/(2\u03bcg)", "v0^2/(\u03bcg)", "2v0^2/(\u03bcg)", "mv0^2/(\u03bcg)"], "probs": [[0.5318158466513553, 0.2434790671924309, 0.11147536751538992, 0.11322971854082382], [0.4871552259405291, 0.19076936155941548, 0.0846549290192829, 0.2374204833807725], [0.356524615861368, 0.09014239155021635, 0.47976050727759556, 0.07357248521082002], [0.2684979736536464, 0.09135054050962563, 0.06278489529458668, 0.5773665904421412], [0.2889243195181194, 0.09527562983613469, 0.4405593472528681, 0.1752407032928778], [0.31225017291631163, 0.120381186152527, 0.06053221710412274, 0.5068364237270386], [0.2507866191948031, 0.5065937969613376, 0.09518893310725587, 0.14743065063660343], [0.20668928064957343, 0.458551106320726, 0.14656566955565054, 0.18819394337405004], [0.38545193115635834, 0.1764691717308371, 0.24121027463616007, 0.1968686223766445], [0.22081855750453494, 0.13185427966855612, 0.12581775903522915, 0.5215094036916798], [0.23963428674277, 0.16728795813902306, 0.4407578342599316, 0.15231992075827536], [0.35100443840225565, 0.18209511851579224, 0.08737154723681198, 0.3795288957451401], [0.16883942357372084, 0.274049935655831, 0.4735291564473155, 0.08358148422313261], [0.15236283723706143, 0.22517396339627954, 0.1150094038504881, 0.5074537954161709], [0.2523058244561542, 0.26857327433025846, 0.3787608130464292, 0.10036008806715808], [0.1489450026233188, 0.19425752612304087, 0.09467477279942128, 0.562122698354219], [0.1451181451936811, 0.09224122096342303, 0.34272465190362816, 0.41991598183926765], [0.14904131928677114, 0.07494156527732555, 0.23083943756449624, 0.545177677771407], [0.07271118664676116, 0.4454044665394516, 0.3692662142394606, 0.11261813247432664], [0.10705027062902947, 0.3915673225098237, 0.07131146692003563, 0.43007093984111117], [0.1624962884769154, 0.26375264712773683, 0.3837723547960707, 0.1899787094992771], [0.1917042717763984, 0.34712546801727634, 0.07390902135594926, 0.38726123875037605], [0.18289252159966235, 0.1338048507390182, 0.11994405209110509, 0.5633585754702143], [0.13863449977513984, 0.10966744027678481, 0.3378071709129551, 0.41389088893512027]], "ideal": "A", "sampled": "A", "correct": true}}
{"type": "result", "data": {"idx": 9, "options": ["0.5 s", "1 s", "2 s", "4 s"], "probs": [[0.15435159434848664, 0.40665570503364035, 0.30696866370601406, 0.13202403681185898], [0.1316107213365551, 0.27861437198713795, 0.33608508106685536, 0.25368982550945157], [0.15275320181580915, 0.35515492621752126, 0.3551649397976933, 0.13692693206897627], [0.1751086387591992, 0.3271395515004553, 0.3170839798567907, 0.1806678297835548], [0.1476910390156183, 0.3771350029160691, 0.3078176333027577, 0.16735632466555486], [0.16074962672846915, 0.3737473729810782, 0.3403108962983685, 0.12519210389208416], [0.11681262353757885, 0.25915439478871855, 0.4692817311581616, 0.154751250415541], [0.08969866283014488, 0.18694385466470806, 0.5081812625276708, 0.2151762198774762], [0.1736085466452245, 0.3791906052207426, 0.24103354633524335, 0.20616730169878958], [0.14999940319352092, 0.30300115181450754, 0.42068762682548067, 0.12631181806649092], [0.13754976669591099, 0.4800888680891927, 0.18222541290671926, 0.20013595220817706], [0.11079869583331255, 0.47381965027212947, 0.32061031935302525, 0.09477133444153271], [0.2816005474762895, 0.2371264205841412, 0.33967597807568917, 0.14159705376388013], [0.220244785216266, 0.2237077553179183, 0.42453421240372, 0.13151324696209563], [0.2825870086021964, 0.3802555131684274, 0.14891306451935946, 0.18824441361001681], [0.21976442796598972, 0.31479168169622584, 0.37383309281480004, 0.09161079742298438], [0.26008356777586505, 0.37254579536821353, 0.22596562916607346, 0.1414050075898479], [0.244869105952115, 0.4165301546159951, 0.25264371160331767, 0.08595702772857228], [0.3378539479720132, 0.24334186352788667, 0.2757484450214461, 0.14305574337865407], [0.33705008026567246, 0.23164595661231055, 0.3166292011421194, 0.11467476187989757], [0.3489505324241961, 0.3278014635130678, 0.12442154343358054, 0.19882646052915556], [0.32668564207096834, 0.30688673712055764, 0.28382915678507703, 0.082598463923397], [0.34194716807760644, 0.38746869560181707, 0.1257947534196944, 0.14478938280088208], [0.3077779343251021, 0.4141530404684822, 0.19260251465022624, 0.08546651045618946]], "ideal": "B", "sampled": "D", "correct": false}}
{"type": "result", "data": {"idx": 10, "options": ["The average kinetic energy of the hydrogen gas is greater than the nitrogen gas.", "The average force exerted on the container by the hydrogen gas is greater than the nitrogen gas.", "The density of the hydrogen gas is less than the nitrogen gas.", "The pressures of the gases cannot be compared without knowing the number of molecules in each container."], "probs": [[0.1750050796021238, 0.05681475293675213, 0.6401444124546091, 0.12803575490651495], [0.23222014199677354, 0.05430093730746719, 0.12047221483409977, 0.5930067057616595], [0.23241260750278644, 0.35996038552735454, 0.21494697241141833, 0.19268003445844067], [0.34150282998680653, 0.35233740420078175, 0.21707292418665403, 0.08908684152575766], [0.2958789401381609, 0.0759860260115717, 0.1088454326391429, 0.5192896011111245], [0.26007713434939367, 0.07931735093499889, 0.5860928645795324, 0.07451265003607503], [0.08548617636137788, 0.09243137000248824, 0.6937524310553633, 0.12833002248077052], [0.10498085106561723, 0.08049062818580537, 0.0970903433111899, 0.7174381773373875], [0.07815396843183789, 0.4094926744997245, 0.4291579456880531, 0.08319541128038452], [0.07997935026145826, 0.38155608228336657, 0.11278850247958427, 0.4256760648755909], [0.08574636833079179, 0.03518977682261437, 0.4155154432943219, 0.463548411452272], [0.04280747600388044, 0.03035478384056479, 0.7128130409247052, 0.2140246991308496], [0.542638056330469, 0.11553161219030857, 0.1934816726495689, 0.14834865872965353], [0.6246192091309469, 0.10357029375777671, 0.20597641935287064, 0.06583407765840574], [0.543822298588281, 0.06101375558760372, 0.22669625702275317, 0.16846768870136206], [0.5165533826522531, 0.06775536135072854, 0.1900264400788941, 0.22566481581812425], [0.611444358551783, 0.04226392166090507, 0.30268585904406964, 0.04360586064324225], [0.6872281329059594, 0.05136208159168412, 0.11044648123997934, 0.1509633041623771], [0.11634718815409088, 0.11276605954017926, 0.12193004913190562, 0.6489567030738242], [0.12305179982146938, 0.2485678940762861, 0.5180764197785146, 0.1103038862237299], [0.07326168361518819, 0.028244634298261465, 0.18132340399625566, 0.7171702779902946], [0.04895444103104324, 0.031117009649291462, 0.6153219926262266, 0.3046065565934387], [0.07151428609371298, 0.4811299442763804, 0.3747145533186992, 0.07264121621120741], [0.05861295847765416, 0.5224058970611547, 0.20458028217764448, 0.2144008621835467]], "ideal": "D", "sampled": "C", "correct": false}}
{"type": "result", "data": {"idx": 11, "options": ["Move the boy to half his original distance from the fulcrum.", "Move the girl to double her original distance from the fulcrum.", "Allow a second girl of mass m to join the first.", "Move the fulcrum to half its original distance from the boy."], "probs": [[0.3363372770895528, 0.036574591901303646, 0.17448865330493704, 0.45259947760420655], [0.2093763124220687, 0.03638382865184934, 0.11929848344554295, 0.6349413753805391], [0.3560921814750316, 0.06690657636648237, 0.23720878637510615, 0.3397924556833799], [0.3475257857549096, 0.07171451513391379, 0.0906566184864171, 0.49010308052475954], [0.19624062274069662, 0.044476264460616304, 0.2811023137566429, 0.4781807989420442], [0.1797290764016024, 0.04404413015387664, 0.1586104220976841, 0.6176163712468368], [0.5363446663352733, 0.023565183293956026, 0.16615124633154552, 0.27393890393922515], [0.3073122987985744, 0.025225534720510916, 0.1281061996158714, 0.5393559667650433], [0.625527295248921, 0.0572803385570166, 0.043918585828249423, 0.2732737802658129], [0.7230089986451749, 0.06028184239948845, 0.08909124249545808, 0.1276179163598786], [0.32727811834483506, 0.041608387132579715, 0.03848153853901053, 0.5926319558835748], [0.5326616545260819, 0.04172057859582345, 0.2327007853762986, 0.192916981401796], [0.5537625447523681, 0.04337353550630817, 0.07732198242587779, 0.325541937215446], [0.5524983980978675, 0.03879092991414586, 0.06296415602917098, 0.34574651585881566], [0.6153720204039844, 0.04527895221026023, 0.03471668203982638, 0.30463234524592897], [0.7599210936540689, 0.04857953391504545, 0.06744624849525557, 0.12405312383563012], [0.5937598721923778, 0.043011242779839774, 0.0404054917203652, 0.3228233932074172], [0.7092762550649434, 0.04259492075658777, 0.18215641239045702, 0.06597241168801184], [0.2818336648069208, 0.034189941564995725, 0.1736320917983424, 0.510344301729741], [0.2560402424074942, 0.03411373085060371, 0.13283134847112107, 0.577014678170781], [0.36117082406785544, 0.04737484044898398, 0.03205552551222779, 0.5593988098709328], [0.5180136042019319, 0.05633022719550433, 0.12112980515237029, 0.3045263633501935], [0.5442952107618935, 0.10226801019867718, 0.043303434300306795, 0.31013334463912257], [0.5999857901909931, 0.08509451419390818, 0.2073489376515151, 0.10757075786358368]], "ideal": "D", "sampled": "C", "correct": false}}
{"type": "result", "data": {"idx": 12, "options": ["The high temperature water will rise to the top of the container until it has cooled and then mixes with the alcohol.", "The molecules of the water continue to have a higher kinetic energy than the molecules of the alcohol, but the two liquids mix until the energy is spread evenly throughout the container.", "The hot water produces thermal radiation that is absorbed by the cold alcohol until the kinetic energy of all the molecules is the same.", "The water molecules collide with the alcohol molecules, transferring energy until the average kinetic energy of both the water and alcohol molecules are the same."], "probs": [[0.003919382794595086, 0.018844847669659708, 0.01065395458362937, 0.9665818148521158], [0.0025627889733743922, 0.0077110686060149515, 0.9865615213002668, 0.003164621020343899], [0.001796581340740013, 0.004309750406036389, 0.01091966628737832, 0.9829740018658453], [0.002305610741922751, 0.0072701692489925826, 0.9824394915712773, 0.007984728337807308], [0.0006838277918518744, 0.993460179085476, 0.003997152208414225, 0.0018588408142578734], [0.0007992791309605595, 0.9932147327662035, 0.0029930034310596517, 0.002992984571776264], [0.02702176617179181, 0.005489795097123596, 0.014922811905359566, 0.952565626725725], [0.014607582215451517, 0.003469608729600385, 0.977180416926883, 0.004742392028065165], [0.022648943455184745, 0.007527377724512069, 0.006747529713096033, 0.9630761490072072], [0.01387761342979694, 0.0068164444331254405, 0.9729024739720188, 0.006403468065058839], [0.004553736199785261, 0.9910413053508025, 0.00176943350128672, 0.0026355248481254906], [0.0031585778595318633, 0.9923914384593787, 0.002898526294340169, 0.0015514572867491932], [0.013181652912334542, 0.003660411351829118, 0.029705286112942358, 0.953452649522894], [0.00835002242608608, 0.003944274200288454, 0.980336829104413, 0.007368874169212444], [0.019033160306905, 0.012288673008533134, 0.007570900120939764, 0.9611072664636221], [0.010024502790675854, 0.012871677214224395, 0.9681179150890367, 0.008985904806063028], [0.002906623516149651, 0.9874331711646308, 0.0024097450366773582, 0.007250460182542192], [0.001783119383836889, 0.9909559357722164, 0.005449728175001184, 0.0018112165689455526], [0.968728555372416, 0.001899538936065308, 0.024633626200932297, 0.004738279390586394], [0.9831143238963308, 0.0018830915653335653, 0.005364441106227042, 0.009638143332108575], [0.9900781748706514, 0.0035154261534519095, 0.002360159820430628, 0.0040462390554660875], [0.9879500289604135, 0.0038226603140966322, 0.004434390002397111, 0.003792920623092735], [0.9751270754050156, 0.0036569571841397943, 0.0033558268063969806, 0.017860140504447546], [0.9739015875960939, 0.002433000577474892, 0.019590899170016367, 0.004074512556414794]], "ideal": "D", "sampled": "D", "correct": true}}
{"type": "result", "data": {"idx": 13, "options": ["4 s", "2 s", "0.06 s", "0.03 s"], "probs": [[0.31856006723318475, 0.3498608536523297, 0.19021945193796788, 0.14135962707651767], [0.3227241692574827, 0.29846463360896514, 0.2803865163949993, 0.0984246806385529], [0.3491872638599215, 0.3130018524213444, 0.2052752104032275, 0.1325356732155066], [0.41793327585302864, 0.33060535046269474, 0.1335786551048694, 0.1178827184794072], [0.3219523823521164, 0.39445624927081685, 0.17232813452928952, 0.11126323374777723], [0.37259495736393705, 0.38441461723378983, 0.13285223247518238, 0.11013819282709073], [0.31124110418013645, 0.22770279171437455, 0.3313127009826109, 0.1297434030228781], [0.2945145920441889, 0.18429815492726923, 0.4285151596160102, 0.09267209331253164], [0.35477607381443665, 0.2987431794480802, 0.18405362413313373, 0.16242712250434943], [0.4249445814173095, 0.3207575619464404, 0.14685596128246595, 0.10744189525378414], [0.30425835559479697, 0.422412139803015, 0.1578466790114949, 0.11548282549069314], [0.35716425304524013, 0.39843739867882927, 0.1420697378353344, 0.10232861034059619], [0.19303190850050062, 0.2943319103895236, 0.38993767190504086, 0.1226985091049349], [0.2563763818428383, 0.32918613655276197, 0.27720933736756953, 0.13722814413683018], [0.2549488620189844, 0.28440851817888624, 0.2934437183278526, 0.16719890137427673], [0.2977928750412499, 0.33220388739503603, 0.2587268294419865, 0.11127640802172757], [0.2409612839600116, 0.29522491719006166, 0.24096034518691245, 0.22285345356301428], [0.30601945972391664, 0.2965973957569445, 0.24589287108544575, 0.15149027333369314], [0.3408512650533321, 0.26133446265633153, 0.32524337077392823, 0.07257090141640812], [0.39521299646581404, 0.27161935116114816, 0.22169370124722018, 0.1114739510258176], [0.393692606742164, 0.2791637140357919, 0.23508406822887523, 0.09205961089316886], [0.4332731656256556, 0.266925889244306, 0.21448528712607035, 0.08531565790396804], [0.39418468506061927, 0.22459432631903092, 0.21431347938340678, 0.16690750913694302], [0.45666661173505707, 0.21570963833991824, 0.21571358714757538, 0.1119101626774493]], "ideal": "B", "sampled": "D", "correct": false}}
{"type": "result", "data": {"idx": 14, "options": ["10 N/kg", "4 N/kg", "2 N/kg", "0.5 N/kg"], "probs": [[0.15054996310159083, 0.2683796286314567, 0.3784820437052853, 0.20258836446166711], [0.15458727910798825, 0.2843244288778763, 0.3886326137203977, 0.17245567819373775], [0.19289278407275603, 0.2850705597988636, 0.30345984385972957, 0.2185768121686508], [0.17955291536968881, 0.2737801711550782, 0.4046286106394707, 0.1420383027357623], [0.16793547079883347, 0.40919240763818604, 0.26010225770866147, 0.16276986375431904], [0.17350392817478508, 0.4162070340786574, 0.2772581998991065, 0.13303083774745103], [0.13093678749486345, 0.09430875698509042, 0.5687623065794148, 0.2059921488406313], [0.1507377624360981, 0.10359822212613767, 0.542824804728585, 0.20283921060917928], [0.2130871957217393, 0.3352261931215065, 0.14645022807073405, 0.3052363829860202], [0.16141857445739677, 0.28775632807351986, 0.46708211994093035, 0.08374297742815298], [0.21514570710891756, 0.4345958828491491, 0.15740185974454424, 0.19285655019738915], [0.19846745584159298, 0.42676545575592495, 0.29331614471586387, 0.0814509435866182], [0.16588395955903457, 0.10380535649070222, 0.4652292464597899, 0.2650814373904733], [0.10869700298567926, 0.10869549796842126, 0.6555283567320178, 0.12707914221388167], [0.19201864443303207, 0.11829648253849695, 0.13404768803900877, 0.5556371848894622], [0.12332841568952711, 0.12332670205601552, 0.6461957000116669, 0.10714918214279043], [0.16484942293681867, 0.49989113952177566, 0.15977635263798687, 0.1754830848034188], [0.1533407156017724, 0.5521944288102676, 0.19999382344854771, 0.09447103203941232], [0.12092318228740374, 0.10505749991547274, 0.5335353810897857, 0.24048393660733783], [0.14377945874355094, 0.11373634804745132, 0.49405614272863546, 0.24842805038036225], [0.21835255269361428, 0.19880577466616106, 0.12058229627056156, 0.46225937626966307], [0.1695650866328514, 0.18622686522012924, 0.5141987953327128, 0.13000925271430652], [0.24152491214020516, 0.2736755690800329, 0.13337964215672296, 0.35141987652303897], [0.2665585458060431, 0.29736028769498446, 0.3020478649710029, 0.13403330142796954]], "ideal": "B", "sampled": "D", "correct": false}}
{"type": "result", "data": {"idx": 15, "options": ["\u03c3/2\u03b5o, down", "\u03c3/2\u03b5o, up", "\u03c3/\u03b5o, down", "\u03c3/\u03b5o, up"], "probs": [[0.44264634449869295, 0.36695381175140585, 0.05540297056024881, 0.13499687308965239], [0.42913470307372253, 0.3728267307627906, 0.04740060936037465, 0.15063795670311217], [0.46984020391178094, 0.10986321491865508, 0.30334665648188525, 0.1169499245876787], [0.44980183538457885, 0.14153114606329226, 0.20592931173593976, 0.20273770671618913], [0.4521472886392514, 0.14006399034243863, 0.19752422561828625, 0.2102644953000237], [0.38098734187363364, 0.1563511052853482, 0.22049389296109875, 0.24216765977991941], [0.30359337861755586, 0.33867092198736254, 0.10995256564234994, 0.2477831336527316], [0.30189890566128197, 0.4675764282348008, 0.076331632616386, 0.15419303338753126], [0.28596158960696705, 0.2370625663442011, 0.26446830435527224, 0.2125075395935596], [0.30070512295965096, 0.2960331616125405, 0.10721776527392171, 0.29604395005388684], [0.248088836645113, 0.12090474365932675, 0.4154658019127228, 0.21554061768283742], [0.2937949597541746, 0.14095966516515665, 0.2217641621606315, 0.34348121282003724], [0.21491219261309275, 0.3831143109349328, 0.32770249488431324, 0.0742710014676612], [0.22177679173585918, 0.4342066515784381, 0.1572619778576594, 0.18675457872804335], [0.2507014236989043, 0.3023956372674558, 0.33212452628681993, 0.11477841264681998], [0.27312789716803254, 0.3452557715275875, 0.12901445452982754, 0.2526018766745524], [0.20342678713472562, 0.2305042078710302, 0.20342246579810863, 0.36264653909613553], [0.22993662951077404, 0.22285470364249418, 0.2126531898762719, 0.33455547687045983], [0.14248216787711265, 0.5377128960122192, 0.17732232109869978, 0.1424826149119684], [0.1788077716419431, 0.40928505765697054, 0.1392545418903502, 0.27265262871073614], [0.10626529980330937, 0.37673619666456976, 0.44045892681589116, 0.0765395766162297], [0.1249549751926028, 0.4361255655886971, 0.14838650989387958, 0.29053294922482054], [0.14065639044473915, 0.14511745517959845, 0.3072189849060973, 0.40700716936956516], [0.13886877644480355, 0.2117431203877589, 0.24755682771920623, 0.4018312753482313]], "ideal": "A", "sampled": "A", "correct": true}}
