{"type": "result", "data": {"idx": 0, "options": ["too much curvature of the cornea and lens", "too little curvature of the cornea and lens", "too much curvature of the iris and lens", "too little curvature of the iris and lens"], "probs": [[0.2379931678216757, 0.744604414907739, 0.009447205889979812, 0.007955211280605492], [0.34762806878527464, 0.6393738605719932, 0.007801358852453468, 0.005196711690278709], [0.08797339598996798, 0.0066784710651042615, 0.8346603152970957, 0.07068781754783204], [0.5043648588901721, 0.012237792164231834, 0.038288806450116744, 0.4451085423954793], [0.5805082862568884, 0.013232180724160185, 0.38670351737313235, 0.019556015545818987], [0.8395344961808343, 0.017977042176340868, 0.05537329429177432, 0.0871151672510505], [0.9327435087600766, 0.05870344609503875, 0.004526852256715934, 0.004026192788168724], [0.9317854628919364, 0.05864316588802122, 0.005084440570163914, 0.004486930549878463], [0.9050966521404289, 0.0042243306619182625, 0.08418720234318494, 0.006491814754467908], [0.9206823517066712, 0.005474608278806122, 0.054433989149152706, 0.019409050765369883], [0.9011604041935133, 0.004583398573770826, 0.0851410893219582, 0.009115107810757627], [0.9416324731818974, 0.006246303900359989, 0.013858022569057608, 0.03826320024868502], [0.000762650649373647, 0.5072261454685884, 0.4546880212102041, 0.03732318257183397], [0.0010337769816238733, 0.1232736658821788, 0.033178849718876025, 0.8425137073173213], [0.002104990066471113, 0.797732368158551, 0.18080558360763932, 0.019357058067338603], [0.002570698207470724, 0.752826672194028, 0.06578191953353708, 0.1788207099649642], [0.0007339932439846331, 0.02669419329948801, 0.14207079909251255, 0.8305010142640148], [0.002189076242480497, 0.09021497392993641, 0.3100034253617405, 0.5975925243658425], [0.0045974150049058245, 0.04430491722317913, 0.9326280871324529, 0.01846958053946205], [0.006655927606598963, 0.1401020356829404, 0.046928720975964254, 0.8063133156344964], [0.0027310882662944067, 0.9133901843015244, 0.0693434181580645, 0.014535309174116669], [0.001735751354028351, 0.7512243691923021, 0.03513597093136799, 0.21190390842230156], [0.002262898621042595, 0.01272022053896275, 0.07914752233548313, 0.9058693584045115], [0.002269507814235917, 0.014569237589346229, 0.4532414004389281, 0.5299198540574898]], "ideal": "A", "sampled": "B", "correct": false}}
{"type": "result", "data": {"idx": 1, "options": ["OCD.", "schizophrenia.", "conversion disorder.", "antisocial personality disorder."], "probs": [[0.0016911919447547728, 0.9926734099079298, 0.0021380232923689834, 0.003497374754946417], [0.001424466997099843, 0.9929071124013836, 0.002330423671483333, 0.0033379968300331574], [0.0013498001455324617, 0.002369028508430492, 0.9937985507205329, 0.0024826205255040774], [0.0009090765145633225, 0.001985624381510657, 0.007914388348818309, 0.9891909106551077], [0.0019437974256608576, 0.00451949856774424, 0.991316840138801, 0.0022198637677939706], [0.0034942057232015106, 0.00838214958476235, 0.00395945208480766, 0.9841641925072285], [0.9792705260687562, 0.006007807745539205, 0.007360820237166011, 0.007360845848538588], [0.9792577950346731, 0.005059046531296257, 0.006007651167110748, 0.009675507166919893], [0.9777691558684874, 0.01028391117826447, 0.0044230616697206755, 0.0075238711835274455], [0.9826763216391466, 0.0076209366819412335, 0.004586333848526276, 0.005116407730385832], [0.9842590830757578, 0.005807100878457102, 0.0036056675533770502, 0.006328148392407988], [0.9838571482419859, 0.005582321142802112, 0.006178974415501944, 0.004381556099709994], [0.002253471439168581, 0.003253364178657263, 0.9907193489228979, 0.003773815359276268], [0.0015991952519766605, 0.001826388959492428, 0.012776046631369206, 0.9837983690571617], [0.003987658939372189, 0.991094813892088, 0.0018837952290396045, 0.003033731839500173], [0.002521322435897312, 0.9935779942989625, 0.0016928937453377993, 0.0022077894198023382], [0.006546897223147822, 0.024135132645234408, 0.005138761631416977, 0.9641792084002008], [0.0026499847823316177, 0.006307572578201714, 0.988758025382764, 0.0022844171567026283], [0.0036923325949337195, 0.006634029822520163, 0.9845873006392105, 0.005086336843335634], [0.0058978095035676845, 0.00462933517171335, 0.0052455372767407325, 0.9842273179479782], [0.0034116215200283846, 0.9913156610900685, 0.0019139103776704255, 0.0033588069122326416], [0.0027659584750489154, 0.9924341004910273, 0.0019011840066561307, 0.002898756927267643], [0.009143458858355515, 0.016427779702526825, 0.004526426168356644, 0.969902335170761], [0.0026501775451246933, 0.005788573471038874, 0.9888269801288242, 0.0027342687550122114]], "ideal": "B", "sampled": "B", "correct": true}}
{"type": "result", "data": {"idx": 2, "options": ["Homeostatic regulation", "Goal-setting", "Expectancy-value", "Hierarchy of needs"], "probs": [[8.336064845597796e-05, 0.0005145736183006841, 0.0012935621554620398, 0.9981085034777814], [0.0004259794507084091, 0.002588966945649744, 0.988885017639585, 0.008100035864056807], [0.0002282021274605926, 0.0012529106144644852, 0.0011056745522165159, 0.9974132126058584], [0.0006590005927393169, 0.004574091225430492, 0.9877375662528584, 0.007029341828971858], [0.00011695701084467355, 0.9930262693407093, 0.003933560389904708, 0.002923213158541316], [0.00014298077179627383, 0.990842085922245, 0.006420678342234949, 0.002594254863723754], [6.539257132978657e-05, 0.0011588809580519597, 0.0012727402722738364, 0.9975029860983444], [0.00025765441165434886, 0.004748510755690936, 0.9861224487308275, 0.008871386001827132], [6.149430179739363e-05, 0.0006507545661186964, 0.0007259529222421939, 0.9985617981098417], [0.0003131224127145874, 0.0030888808470983793, 0.9935331509008307, 0.003064845739356272], [0.00014351277559165393, 0.994540914021167, 0.0025436877800923837, 0.002771885323149035], [0.00012194089811996822, 0.9957390678935468, 0.002796989703372482, 0.0013420014049606585], [0.0001862997449258615, 0.001334007828110164, 0.0008413485475888016, 0.9976383437793752], [0.0006905289634566108, 0.0049450431659531485, 0.9876053313239014, 0.006759096446688913], [0.00012418696470193068, 0.0007145296161383705, 0.0008551606092927861, 0.9983061227098668], [0.000593446470871019, 0.0028755238004351206, 0.9922812921402059, 0.004249737488488013], [0.00032559858619646894, 0.9935179269174034, 0.0029941082746529775, 0.003162366121747208], [0.00026197199940539926, 0.9948319593815752, 0.0027297356789933768, 0.0021763328400260023], [0.9900941936657845, 0.002050569641402449, 0.002148975507892298, 0.005706261084920667], [0.9887902337393275, 0.0023570821134402497, 0.003978303938648838, 0.0048743801085834185], [0.9878132289041903, 0.0021273464665608663, 0.002862647565630108, 0.00719677696361867], [0.9897707589940463, 0.0022690264689247228, 0.0036543216019618184, 0.004305892835067124], [0.9900555324815845, 0.0025123051223536405, 0.0019874012254750316, 0.005444761070586796], [0.9908811513611795, 0.0026557271073618283, 0.002084510181441669, 0.004378611250016959]], "ideal": "D", "sampled": "D", "correct": true}}
{"type": "result", "data": {"idx": 3, "options": ["measures what it purports to measure", "yields consistent results on successive administrations", "has been piloted and statistically analyzed", "includes norms based on a representative sample of the general population"], "probs": [[0.9820477530093984, 0.00631412036062795, 0.005978169484962849, 0.0056599570450107505], [0.975509153803789, 0.006888599464691444, 0.006420967010772187, 0.01118127962074738], [0.984202081123296, 0.003132610140801562, 0.007999355373146949, 0.004665953262755486], [0.9828217142887539, 0.0032275201469780415, 0.005447461603187471, 0.008503303861080608], [0.9792878979265607, 0.0033967130378758877, 0.009600901042542253, 0.00771448789302111], [0.9809926747294764, 0.0033498476256060535, 0.007036380003434117, 0.008621097541483415], [0.00169092281819501, 0.9771291811650815, 0.01211000836491639, 0.009069887551807132], [0.002036667702792992, 0.96811552806996, 0.01370254279725161, 0.016145261329995327], [0.0019723595828934613, 0.004958572741565019, 0.9749318251350295, 0.01813724244051205], [0.00039973642441480797, 0.0009816485660687285, 0.0029767306898451553, 0.9956418842196713], [0.0016445263865737317, 0.004332879894216193, 0.9653251323665789, 0.02869746125263112], [0.00042190022688819693, 0.0013199838953153445, 0.003344390170999229, 0.9949137256067973], [0.0009091309114164307, 0.981487633449447, 0.01245264094183086, 0.005150594597305686], [0.000973018298523428, 0.9791334309308152, 0.009674954854491997, 0.010218595816169419], [0.0008365703335377963, 0.00424846410841404, 0.9842346415156825, 0.010680323942365653], [0.0002483334261388488, 0.0011304474305439175, 0.0024690494036614863, 0.9961521696396557], [0.0007825870073615267, 0.002391824449020839, 0.9724808378458344, 0.024344750597783238], [0.00019777724438836813, 0.000826160817968794, 0.0039105566498437334, 0.9950655051877991], [0.0013924563531534091, 0.9630527106018836, 0.022649586223723355, 0.012905246721239659], [0.0011342906113021246, 0.9687155445762772, 0.015781300157624533, 0.014368864554796098], [0.0009821918906382627, 0.004436473413351509, 0.973083686138561, 0.021497648457449222], [0.00040902841669151655, 0.0015197054513876188, 0.0028838483746808346, 0.9951874176572401], [0.0011339616351426316, 0.0034657154281923473, 0.9609418187342073, 0.03445850410245771], [0.0002921553860214203, 0.0009357317701135426, 0.004160886475600216, 0.9946112262682648]], "ideal": "A", "sampled": "A", "correct": true}}
{"type": "result", "data": {"idx": 4, "options": ["the provision of a free, appropriate public education for students with disabilities", "the provision of bilingual education for English-language learners", "schools being held responsible for providing tests that do not discriminate on the basis of race", "the assignment of similar funding to athletic activities for boys and girls"], "probs": [[0.9850248420763383, 0.003608509084966485, 0.008132048217376254, 0.0032346005213189457], [0.9831354859727687, 0.005364503377660485, 0.004771459033648793, 0.006728551515922083], [0.9834753594510608, 0.00662657081262996, 0.006323307026770698, 0.0035747626095384865], [0.9754179802461139, 0.01075151972170962, 0.006996407739305806, 0.0068340921928705944], [0.9837329886529372, 0.0042462669824792606, 0.005495230147345026, 0.006525514117238512], [0.9822829759533542, 0.004077615132419985, 0.008109435272143856, 0.005529973542081942], [0.09579811864396566, 0.6968520192143022, 0.18758024028850287, 0.019769621753229338], [0.04510068960186875, 0.8509428627078575, 0.033000030111947215, 0.07095641747832651], [0.03293284486847326, 0.8762865890208016, 0.07422048791330708, 0.016560078097418007], [0.011671241705146168, 0.6998304961567549, 0.022852592860025927, 0.26564566917807303], [0.08258506386671817, 0.01600965018466049, 0.847245801648374, 0.05415948420024727], [0.028094429075138726, 0.008112237659488725, 0.04778928606067859, 0.916004047104694], [0.28648876482039787, 0.6660669388960165, 0.03475806398337655, 0.012686232200209077], [0.16056096786226948, 0.790272948827797, 0.02621442060468152, 0.022951662605252048], [0.8994254192545881, 0.015596610013057661, 0.07383162300626639, 0.011146347626087906], [0.5958300024681943, 0.028304846937116306, 0.02007227707924708, 0.35579287341544236], [0.25768489506932674, 0.019409832262126586, 0.6896293989872653, 0.033275873581281375], [0.7266483645041836, 0.020937194304669744, 0.027308150156734608, 0.22510629093441212], [0.01665505648816692, 0.8951938709888095, 0.03995673075225031, 0.04819434167077318], [0.02081070048577027, 0.8711460633193663, 0.07151776391630481, 0.03652547217855861], [0.12005620031850812, 0.02919117622004686, 0.6193379120807523, 0.23141471128069266], [0.060541530893878384, 0.013403429091594825, 0.39479274656753227, 0.5312622933469945], [0.07599146399578083, 0.22334650080984497, 0.6463523319759937, 0.05430970311838049], [0.019543801301930806, 0.6223805801178496, 0.045089023168269196, 0.31298659531195044]], "ideal": "C", "sampled": "A", "correct": false}}
{"type": "result", "data": {"idx": 5, "options": ["0%", "25%", "50%", "75%"], "probs": [[0.6951448113478026, 0.13903188289706717, 0.10014737843026467, 0.06567592722486558], [0.5163587215840324, 0.18994199803191905, 0.12074430760850366, 0.1729549726755449], [0.639519903615542, 0.23896019669258334, 0.0508811341186676, 0.07063876547320704], [0.49824980257124324, 0.326733313025642, 0.0638436047266092, 0.11117327957650552], [0.4885924159991907, 0.22020834682169865, 0.14901275931298721, 0.14218647776612345], [0.3885683772856107, 0.2079681784893949, 0.2670626381824972, 0.13640080594249718], [0.018989256604929363, 0.8201660329484391, 0.1075858304259208, 0.053258879920710704], [0.016964831908319877, 0.8367938791900026, 0.07312032402588087, 0.07312096477579662], [0.06648048557633948, 0.18070977915363107, 0.6820387206470352, 0.07077101452299421], [0.12438337318274235, 0.2435161881871462, 0.14771003799585547, 0.48439040053425597], [0.08833576956486866, 0.2401104426078033, 0.57603737252928, 0.09551641519804804], [0.10264973188432153, 0.2746903259078601, 0.30645906465477235, 0.31620087745304604], [0.06473724444381396, 0.8010845927168999, 0.06081830289113082, 0.07335985984815532], [0.06944951414367455, 0.7703565358345243, 0.07509765028202575, 0.08509629963977527], [0.1363722167100562, 0.16971283670831358, 0.6111987000807094, 0.08271624640092085], [0.21734697790733623, 0.20099536773049495, 0.1493780739548723, 0.4322795803072965], [0.15827028333846813, 0.16846978537193724, 0.5973200156887091, 0.07593991550088552], [0.24327580990855713, 0.18362055990678525, 0.1185622381831196, 0.454541391901538], [0.028768865750967043, 0.7836670466051435, 0.09963556603501553, 0.08792852150887394], [0.028312312805403365, 0.7359158491937476, 0.16942468504771008, 0.0663471528531389], [0.06896949944114544, 0.24836260272658106, 0.5774969156814408, 0.1051709820508327], [0.07222537004393323, 0.25605100581507645, 0.19328685246924013, 0.4784367715717502], [0.04105969548604341, 0.31794804568350776, 0.55804568939325, 0.08294656933719873], [0.036822718066224135, 0.42140521807582215, 0.21863343844908692, 0.32313862530886683]], "ideal": "A", "sampled": "A", "correct": true}}
{"type": "result", "data": {"idx": 6, "options": ["variance", "mean", "range", "median"], "probs": [[0.9754091964586012, 0.0145816409839322, 0.0023252223302001203, 0.0076839401272663956], [0.921390173084719, 0.03572736207663863, 0.01754820859643645, 0.025334256142205917], [0.8931739883853367, 0.042433544791560626, 0.005479668241006586, 0.058912798482096095], [0.9730895663630089, 0.018389037827604534, 0.0009745788331930346, 0.0075468168761935114], [0.9713777032162145, 0.014074647202632217, 0.0035864532471098377, 0.010961196234043426], [0.9789824841539674, 0.013118811163259135, 0.00140446923992914, 0.00649423534284431], [9.671504114804314e-05, 0.9906026304245912, 0.0019123568532210806, 0.007388297581039727], [0.00010977159909692469, 0.9844837702537454, 0.0030134030289659733, 0.012393055018191578], [0.00013303250509541254, 0.00903896349259411, 0.973808720617014, 0.017019283285296557], [6.21966809483744e-05, 0.01130761078489634, 0.0020432345876547895, 0.9865869578465005], [0.00031453429234180896, 0.7301392550256707, 0.17073225963391372, 0.09881395094807373], [9.52814260724773e-05, 0.8026311694643687, 0.006626252795900255, 0.19064729621365856], [9.288052535444496e-05, 0.9814900738868096, 0.0020487356116946427, 0.016368309876141223], [8.487751013667264e-05, 0.9928157130235967, 0.000863903754164134, 0.006235505612102501], [0.00014187265966826237, 0.004962131304924904, 0.9832683324153711, 0.011627663520035705], [5.879211869565049e-05, 0.003841200271379294, 0.003337230410362447, 0.9927627770995626], [0.00019658521343950786, 0.015615908430873633, 0.9511289001636153, 0.0330586060920716], [8.03461048373456e-05, 0.005810656760707739, 0.001492293823219924, 0.992616703211235], [0.00047053352431625765, 0.9416351777824942, 0.009524472522560624, 0.04836981607062898], [0.00035066231926547155, 0.9742831432830952, 0.006071335445284815, 0.01929485885235447], [0.00024222476610068338, 0.011223448304022315, 0.96402032050552, 0.024514006324357], [0.00012946693083693464, 0.012022730545376429, 0.002423550863245711, 0.9854242515605409], [0.00017221524151312146, 0.0031249095188854263, 0.9817950130520257, 0.014907862087575826], [9.800201308427124e-05, 0.00266922221032815, 0.0012806973065147497, 0.9959520783700728]], "ideal": "A", "sampled": "A", "correct": true}}
{"type": "result", "data": {"idx": 7, "options": ["They need provide supervision only to school psychologists who are not fully certified or licensed and to any school psychology interns.", "They should provide professional but not administrative supervision.", "They are eligible to serve as supervisors after one year of experience as a school psychologist.", "They should hold the Nationally Certified School Psychologist credential or the state school psychologist credential."], "probs": [[0.08362800873706858, 0.11977940082667128, 0.09624866566597556, 0.7003439246702846], [0.044608844737401315, 0.07240351639428044, 0.8417315293845341, 0.041256109383784094], [0.039597817978911654, 0.032824238542865314, 0.19186856125698992, 0.735709382121233], [0.0274372738190464, 0.040863987663235575, 0.7955923198201238, 0.13610641859759426], [0.02690757921062811, 0.8502212514341281, 0.08551269374170961, 0.03735847551353424], [0.03521608886174795, 0.8399447988689667, 0.053698175699326875, 0.07114093646995856], [0.11770104133727675, 0.24148269535010278, 0.1214297217328799, 0.5193865414797405], [0.0979838125760365, 0.14708077577340295, 0.7127938110534222, 0.04214160049713838], [0.09328971663242916, 0.042046576107610076, 0.3106982661368947, 0.553965441023066], [0.0144786715113658, 0.022249730529597018, 0.6921997736579488, 0.27107182420108833], [0.03701567483998191, 0.7206033741437493, 0.20971376254337054, 0.03266718837289824], [0.041808338526491455, 0.7071368957027304, 0.09570277837834798, 0.15535198729243008], [0.025675706754111446, 0.09688621830631669, 0.15006327739394576, 0.727374797445626], [0.014858305516489674, 0.08959919618673981, 0.7986583934059865, 0.09688410479078398], [0.01616288616420736, 0.060993044904503364, 0.33493374479045995, 0.5879103240408293], [0.0048014952417138835, 0.02005701985296371, 0.752657570468907, 0.22248391433641532], [0.011418187953269926, 0.48172198618908857, 0.3993702788040252, 0.10748954695361632], [0.009676461768026598, 0.5041012026582253, 0.10566495807720867, 0.38055737739653944], [0.8073655787164179, 0.09345422426555491, 0.07627708116856065, 0.022903115749466494], [0.7143321009967204, 0.16443812784235093, 0.05682977639751401, 0.06439999466341466], [0.5987371750941488, 0.08359622796425734, 0.2828166179013486, 0.03484997894024519], [0.6037353467813036, 0.08170095282491187, 0.07439183689262716, 0.2401718634011574], [0.5494074739054667, 0.052721790178483725, 0.3081819964908038, 0.08968873932524576], [0.5401569382986946, 0.04230498721267851, 0.10973326411093945, 0.3078048102776874]], "ideal": "D", "sampled": "D", "correct": true}}
{"type": "result", "data": {"idx": 8, "options": ["at the beginning of the list", "in the middle of the list", "at the end of the list", "distributed throughout the list"], "probs": [[0.0016167557736694162, 0.01738076575340487, 0.8640668581983573, 0.11693562017456839], [0.005356780924715299, 0.03547728262038152, 0.04415409797732336, 0.9150118383775798], [0.002404370597358863, 0.024857355481789283, 0.7613287629372251, 0.2114095108836268], [0.006081886588918941, 0.039966158564862485, 0.1998259424963443, 0.7541260122498743], [0.0027544742790879947, 0.03743055762258254, 0.19613230307243626, 0.7636826649258932], [0.0045794717052517605, 0.058919891605513516, 0.4353851645148096, 0.5011154720744251], [0.0184474593607036, 0.03473248821370323, 0.8819299039009773, 0.0648901484246159], [0.15804093485827844, 0.1036369016798176, 0.08328210251384746, 0.6550400608480565], [0.263819285122575, 0.19604181335520762, 0.3036570043157965, 0.23648189710642087], [0.41622501607547346, 0.28605043885231535, 0.13726036249218673, 0.16046418248002445], [0.05678709341969532, 0.027245423467172514, 0.7839381939608528, 0.1320292890522793], [0.01763979631861068, 0.014173457271474442, 0.804706857540378, 0.16347988876953692], [0.07535527589643987, 0.03291930978476148, 0.514970417902751, 0.37675499631604764], [0.18679479806463323, 0.05521372641147585, 0.4144304625888622, 0.34356101283502877], [0.13627872750534514, 0.10126833163969821, 0.23181832288189716, 0.5306346178730594], [0.3278568587017964, 0.17824279729006048, 0.18106364662435068, 0.3128366972837924], [0.28449508544937946, 0.1546685546481913, 0.3653097152344651, 0.19552664456796412], [0.15342371274436087, 0.09305056409134711, 0.3299178526879985, 0.4236078703762935], [0.0015235544638920917, 0.25618333000634136, 0.24067853744600817, 0.5016145779837584], [0.0004965355576792277, 0.048321911569995143, 0.8565693611443296, 0.094612191627996], [0.0007997633600755328, 0.020785961155287604, 0.8174536171215644, 0.1609606582630725], [0.0005178025229631291, 0.009923559175847373, 0.9144938184804973, 0.07506481972069223], [0.0011306540629323321, 0.34157542965496646, 0.38707728974406025, 0.27021662643804095], [0.0008270829033918972, 0.2403020724059653, 0.5500870379772974, 0.2087838066133454]], "ideal": "A", "sampled": "C", "correct": false}}
{"type": "result", "data": {"idx": 9, "options": ["Piaget's cognitive development theory", "Erikson's psychosocial stage theory", "Kohlberg's moral development theory", "Ainsworth's social attachment theory"], "probs": [[0.0004700638173085932, 0.9934130809163736, 0.002242587288120272, 0.0038742678781975653], [0.0004736640893926487, 0.9932584890247736, 0.0024243641548542913, 0.0038434826309794107], [0.0009625555151600154, 0.0017981190285432608, 0.9915252227658775, 0.005714102590419212], [0.0010053168997444081, 0.0015814756132477474, 0.0012707088908745425, 0.9961424984961333], [0.0013631821888904609, 0.0022124960661756006, 0.9880092109256327, 0.008415110719301283], [0.0010049140359456015, 0.0018626337058657374, 0.0014059449051561604, 0.9957265072530325], [0.9761735878338818, 0.006227142780551499, 0.006839672208599854, 0.010759597076966857], [0.9727130709798292, 0.007141992552088106, 0.009994127651140841, 0.010150808716941821], [0.9732404173513045, 0.004471715923698053, 0.012444192316385046, 0.009843674308612379], [0.9728057846284286, 0.0061094183544962, 0.00854922021820192, 0.012535576698873264], [0.9722341026445702, 0.006811628858484087, 0.00945754974638858, 0.01149671865055709], [0.9699880244919655, 0.008326412907446942, 0.006957608105945514, 0.014727954394642062], [0.0007040068721880945, 0.002635750927692757, 0.9911670435813607, 0.005493198518758484], [0.001068144199026655, 0.002858197334295327, 0.0017608675786971093, 0.9943127907879808], [0.00036494586608717256, 0.990265149317815, 0.004410977291454254, 0.004958927424643595], [0.0008593728750067946, 0.9874358633117576, 0.004164778605494611, 0.007539985107741035], [0.0005862860814819095, 0.0013844605090044808, 0.0021609098580162448, 0.9958683434514973], [0.0017531497818905, 0.0025706624072156753, 0.9818883509830623, 0.013787836727831543], [0.0011658966066827852, 0.0026477125176940235, 0.9879028189454615, 0.008283571830161676], [0.0011381189008173164, 0.002193575007606386, 0.0014611836397180388, 0.9952071223518583], [0.0010522841649645341, 0.9867848816453751, 0.0051394246533718446, 0.007023409436288459], [0.002199586224759441, 0.9820282951432626, 0.006218315502047785, 0.009553803029930112], [0.0006244081134431569, 0.0012034865423037368, 0.0018206187558612583, 0.9963514864883918], [0.0021640822748554035, 0.0026102659104653377, 0.9815497432104676, 0.013675908504211574]], "ideal": "B", "sampled": "B", "correct": true}}
{"type": "result", "data": {"idx": 10, "options": ["aptitude", "projective", "achievement", "intelligence"], "probs": [[0.21499232737014473, 0.01194095868891031, 0.7504068463532849, 0.022659867487660083], [0.014674455756789943, 0.004171658479228482, 0.014673937010152408, 0.9664799486538291], [0.0977016652611173, 0.8573111528815781, 0.0224939242920967, 0.022493257465207864], [0.126701089342888, 0.8524267847294552, 0.013779424411866612, 0.007092701415790113], [0.01103459733588239, 0.0023311010379339046, 0.008728340025427458, 0.9779059615007563], [0.05803171059050691, 0.010243197428596786, 0.9221024328487988, 0.009622659032097466], [0.0053262860768092425, 0.6921581183909205, 0.28406978285608164, 0.01844581257618861], [0.005898046688700126, 0.3564234341675284, 0.059101769778390434, 0.578576749265381], [0.004383028375957495, 0.048997745180541286, 0.910206988030466, 0.036412238313035215], [0.03072360877241383, 0.10557225362986093, 0.08351527323099077, 0.7801888642667345], [0.00397068869454082, 0.018216688277419454, 0.5079871441604425, 0.4698254787675971], [0.010677004212047493, 0.03814900658988, 0.7543830856776168, 0.1967909034204557], [0.00615680319414564, 0.9726796285116615, 0.009839262949798686, 0.011324305244394242], [0.0050461079459778995, 0.9844197591051742, 0.0071726255142367705, 0.0033615073346110786], [0.01688418862564621, 0.01314942688132197, 0.9363882279096257, 0.03357815648340609], [0.049983660453037856, 0.012249243159269604, 0.03772947103969013, 0.9000376252480025], [0.04920021406033336, 0.02512893251303013, 0.9139846587765419, 0.011686194550094573], [0.11637953236932892, 0.013683983493006056, 0.02327703933467603, 0.8466594447029889], [0.002588561516406906, 0.8006459987305528, 0.031534479117930315, 0.16523096053511002], [0.007147318566071045, 0.8261111300686124, 0.15523031577531216, 0.011511235490004426], [0.005685822019284371, 0.00937426897627644, 0.6887248616385053, 0.29621504726593384], [0.02561216870323085, 0.013391922588392913, 0.4133662394650616, 0.5476296691433146], [0.019821223164919095, 0.5357335885187736, 0.4304986361803056, 0.013946552036001657], [0.01656908492372389, 0.3830519502062422, 0.04297869523993409, 0.5574002695300998]], "ideal": "C", "sampled": "A", "correct": false}}
{"type": "result", "data": {"idx": 11, "options": ["proximity and similarity", "top-down processing and bottom-up processing", "binocular and monocular cues", "size and shape constancy"], "probs": [[0.0010967480153889527, 0.44585399476190607, 0.5212546429909473, 0.03179461413175778], [0.001414932889345021, 0.38616776178945894, 0.023551657665668267, 0.5888656475555277], [0.000645507403103669, 0.9904503592458569, 0.00420891530356776, 0.0046952179474716626], [0.0009565108067462087, 0.9853569581604277, 0.005678642034214256, 0.008007888898611811], [0.001607949222260842, 0.01490011121193838, 0.03955758261761042, 0.9439343568481904], [0.0013425432444425479, 0.011506690367636517, 0.9654861046302651, 0.021664661657655893], [0.6275866255917238, 0.006863470248349644, 0.3306956393321219, 0.03485426472780457], [0.6093958374566217, 0.007149098855201425, 0.030810638751948734, 0.35264442483622804], [0.5734892738502136, 0.4130046417162331, 0.00500052066233893, 0.00850556367121438], [0.5273952111041671, 0.4510252964433492, 0.015195293994391611, 0.006384198358092017], [0.7186550839002633, 0.03633586188343886, 0.008045164582710623, 0.23696388953358716], [0.4630850432290653, 0.026534670269284483, 0.5006944406095837, 0.009685845792066593], [0.978269913373686, 0.0036976869810668206, 0.008664210138494895, 0.009368189406752303], [0.9658148445170897, 0.005523032132592081, 0.011783302021159384, 0.01687882122915892], [0.9770679036116495, 0.01437971210873668, 0.0029214158276639466, 0.005630968351949843], [0.9772722868128453, 0.011027600523384532, 0.00838909082571734, 0.003311021738052842], [0.965957597423679, 0.01741793299527005, 0.004369744831149751, 0.012254724649901176], [0.9825800611766912, 0.00804872106362628, 0.006219374541170878, 0.003151843118511657], [0.06734836213759988, 0.006071252849540352, 0.07996261253090678, 0.846617772381953], [0.018185256538372312, 0.006638079128965304, 0.947447623474756, 0.027729040757906435], [0.01664566333987244, 0.38791934283784607, 0.013067549233516848, 0.5823674444887647], [0.00839327276450773, 0.14532811951797794, 0.8363888270655482, 0.009889780551966161], [0.003718253238518944, 0.9762056489942348, 0.006893352198652276, 0.013182745468594007], [0.0014964849866461604, 0.9876606409814376, 0.006012193462572323, 0.004830680469343906]], "ideal": "C", "sampled": "C", "correct": true}}
{"type": "result", "data": {"idx": 12, "options": ["be paralyzed", "fall into a coma", "suffer severe speech impairment", "die"], "probs": [[0.10441233061085596, 0.649632444173216, 0.04780587482263603, 0.19814935029329198], [0.30567021959370905, 0.380395486934618, 0.2827073820828781, 0.03122691128879484], [0.3646377243190463, 0.0776314941500393, 0.3881574782007769, 0.1695733032301375], [0.06389842641168691, 0.05909466478704554, 0.697796671121227, 0.1792102375800405], [0.16937729226744308, 0.7357122787866216, 0.07634654273703331, 0.018563886108902024], [0.045313513594462465, 0.8684374943077591, 0.047489567181198906, 0.03875942481657952], [0.8035751044213004, 0.045333680098691743, 0.031649250769797424, 0.11944196461021037], [0.7361912528239607, 0.05332866971132971, 0.19204976700084778, 0.01843031036386179], [0.8248142611473356, 0.028667712414800827, 0.09698395488672504, 0.049534071451138605], [0.5531677254407247, 0.03072335708087519, 0.3801892569365556, 0.03591966044184459], [0.7802756449738941, 0.14891453127446957, 0.05923631430729152, 0.011573509344344802], [0.7256704216703956, 0.18062893169736552, 0.05339570084371626, 0.040304945688522525], [0.10162733406376322, 0.44837268488021575, 0.3603125812986908, 0.08968739965733022], [0.04182531607731531, 0.11192590789343328, 0.6645653121504994, 0.18168346377875202], [0.011914293192519802, 0.9030945343321334, 0.05596015252821419, 0.02903101984713257], [0.020895744707949533, 0.8544473281164442, 0.09587149655410744, 0.028785430521498793], [0.008247984679961731, 0.9458917501763628, 0.025605187151323337, 0.0202550778923521], [0.010529596259420208, 0.9115084919957841, 0.06203110085151014, 0.01593081079328557], [0.9450931849311103, 0.022576350012112556, 0.02639480783877877, 0.005935657117998368], [0.9484902791405313, 0.024118804223563207, 0.017645946844573906, 0.009744969691331588], [0.8880475286630537, 0.07176419447060423, 0.03285692305241326, 0.007331353713928822], [0.8451120584974501, 0.10577636621170296, 0.034341524195578677, 0.014770050995268248], [0.9416338966775982, 0.028434694375513887, 0.020481026726058272, 0.009450382120829586], [0.9256347599161251, 0.029754289024136293, 0.03424739684206216, 0.010363554117676452]], "ideal": "D", "sampled": "D", "correct": true}}
{"type": "result", "data": {"idx": 13, "options": ["achievement", "standardized", "projective", "triarchic"], "probs": [[0.00041768674853625106, 0.9926373734457614, 0.004597060830645107, 0.0023478788750571694], [0.0005117304428507232, 0.9925797059742106, 0.004120550614816167, 0.002788012868122425], [0.0006291563306920046, 0.0021788686039305727, 0.9960616056584806, 0.0011303693068968868], [0.000573499621789907, 0.0007363996894306478, 0.0014991413708311978, 0.9971909592179482], [0.000702261709377817, 0.001385749819385716, 0.9966102260316642, 0.0013017623395723094], [0.00034780452216887997, 0.0004943319109095512, 0.002097377445633822, 0.9970604860212877], [0.9877678630216848, 0.0018920198548250694, 0.007196289398498839, 0.0031438276249912533], [0.9892559206502456, 0.0017253027908900635, 0.005191098361430702, 0.0038276780974336256], [0.9883161246073117, 0.0015694137275341301, 0.0076646809957077195, 0.0024497805694464955], [0.9826392565822216, 0.001597399925858784, 0.00414326068520556, 0.011620082706714057], [0.9837763978475862, 0.001490663256351549, 0.011100778179757732, 0.0036321606163044876], [0.9802313956877264, 0.0014969347336726304, 0.005738221290654684, 0.012533448187946179], [0.000701575950764308, 0.00258635542680164, 0.995633927855261, 0.001078140667173074], [0.0008472178601580606, 0.0009525585342688521, 0.0014411063174121295, 0.9967591171881609], [0.000435739871976208, 0.9958925772520274, 0.002430389938207912, 0.0012412928377885052], [0.0004966745819449558, 0.9939824148374675, 0.0026850240458829735, 0.002835886434704586], [0.00027695663211161974, 0.00037854655448456043, 0.0035356131075039037, 0.9958088836058999], [0.0007076368586290203, 0.0011308080664792467, 0.9964237978500115, 0.0017377571248802148], [0.00044249157970345754, 0.0025863798645464164, 0.9956397950435095, 0.0013313334122406345], [0.0002426986819633882, 0.0007773155896128989, 0.002394173499447063, 0.9965858121289767], [0.0004664907070930125, 0.9937634869105154, 0.0034739434723988247, 0.0022960788099927677], [0.00046589249859305544, 0.9924851306609027, 0.0034694697859929944, 0.003579506954511183], [0.00017474943872518197, 0.0004291254798431352, 0.0031706262663086914, 0.996225498715123], [0.00036439804957719255, 0.0013433489567930752, 0.9967819169890317, 0.0015103359045980235]], "ideal": "B", "sampled": "B", "correct": true}}
{"type": "result", "data": {"idx": 14, "options": ["discrimination", "spontaneous recovery", "trace conditioning", "generalization"], "probs": [[0.001615238614667609, 0.008731077758986202, 0.7499412977067129, 0.23971238581963328], [0.001737979204932082, 0.015248373768197834, 0.8931770736856388, 0.08983657324123127], [0.00728064832470221, 0.5348527508161852, 0.014367059079135549, 0.44349954167997696], [0.002847638783477302, 0.28370193681198985, 0.6806042442476724, 0.03284618005686042], [0.0017948604598704934, 0.951669032261646, 0.007857873501734561, 0.03867823367674898], [0.0011176331477387366, 0.9618868464048029, 0.022273021839140976, 0.01472249850831739], [0.0004127970252240067, 0.01388275607101139, 0.6794314164825832, 0.30627303032118136], [0.0003828139048740596, 0.018731388646608334, 0.8747562510103627, 0.10612954633815494], [0.0003524916563379293, 0.28716260405023875, 0.01261812737136692, 0.6998667768220563], [0.0010323058985831804, 0.8026237025494181, 0.11930676748483567, 0.0770372239671631], [0.001240133342018684, 0.5536514153351031, 0.07039332667898034, 0.3747151245438978], [0.001092620212449285, 0.4511900139794813, 0.46553807258621416, 0.08217929312185525], [0.2683332992014619, 0.043800856479484805, 0.013255121445709495, 0.6746107227733438], [0.00450897769502569, 0.035740952422064036, 0.9363080507639717, 0.02344201901893855], [0.021430176614029448, 0.011833935423784489, 0.011741730767910092, 0.9549941570942759], [0.6813199354862789, 0.031864317286156275, 0.2282051737359245, 0.0586105733916403], [0.30659990528848236, 0.6389719640895204, 0.027213282018738245, 0.02721484850325899], [0.31965345617396085, 0.6356750224740666, 0.012013819246488748, 0.032657702005483805], [0.41633685134187576, 0.24093847486274056, 0.023488904734792537, 0.31923576896059114], [0.30762049094312044, 0.23218989023941622, 0.4204621847974679, 0.03972743391999543], [0.4308172576284265, 0.046844990278249406, 0.05650768203302066, 0.46583006996030346], [0.16497624855781054, 0.04170973086168164, 0.7165924069711285, 0.07672161350937932], [0.3283113679541934, 0.6133371257666975, 0.020343865206123697, 0.03800764097298537], [0.5169593941666003, 0.42191531313051794, 0.010730069649230213, 0.050395222953651515]], "ideal": "D", "sampled": "D", "correct": true}}
{"type": "result", "data": {"idx": 15, "options": ["the mere-exposure effect.", "self-serving bias.", "equipotentiality.", "the fundamental attribution error."], "probs": [[0.01994724459550154, 0.9171216232575381, 0.012780348313824881, 0.05015078373313551], [0.01243719748277156, 0.8001204795345404, 0.16772140701439578, 0.019720915868292308], [0.003546988547485545, 0.006783963542108881, 0.9167356978959263, 0.07293334991447918], [0.007027518882439728, 0.00916584853612728, 0.6681867191407459, 0.31561991334068706], [0.010999388356559791, 0.7131627385572856, 0.25430141408555856, 0.0215364589005961], [0.009158671928073042, 0.774490941331468, 0.014298810248432003, 0.20205157639202698], [0.8309139206104516, 0.11070627181919931, 0.01222914025445619, 0.04615066721589296], [0.8192542187785263, 0.040787842844967594, 0.12761504007941976, 0.01234289819708628], [0.765453554152787, 0.017177383833079887, 0.15551144909759584, 0.06185761281653725], [0.38461630314751327, 0.01885197065492047, 0.5596218527413607, 0.03690987335620554], [0.7942458112419475, 0.17446825605202618, 0.022531219726822503, 0.008754712879203841], [0.7348443494839223, 0.2348631990377487, 0.010400983823571045, 0.01989146755475793], [0.003520568943881733, 0.31690538929845746, 0.582918781560518, 0.09665526009714283], [0.004460203249054703, 0.40148551341251437, 0.3952924421035137, 0.19876184113491718], [0.002358430952915396, 0.8868445869489773, 0.05669599853823165, 0.054100983459875705], [0.0027390922403909695, 0.7361022605137054, 0.22450877368030558, 0.03664987346559799], [0.0037344866435248675, 0.8001172640419199, 0.10495880337686278, 0.09118944583769245], [0.00539940806980305, 0.6800883132325408, 0.2541486738996065, 0.0603636046980496], [0.8011802164624154, 0.030583013267337006, 0.1505366252004986, 0.017700144969748935], [0.7484656515828416, 0.07766140938770948, 0.012004204003771233, 0.16186873492567763], [0.875528673542014, 0.06857492620762307, 0.04094928783627245, 0.014947112314090478], [0.7774286539594035, 0.17077107010126621, 0.013694301603628336, 0.038105974235701896], [0.7496717031270994, 0.020611703547351493, 0.09530969779216106, 0.13440689543338802], [0.3463478840175125, 0.019539269747374688, 0.5710396532089825, 0.06307319292613033]], "ideal": "D", "sampled": "B", "correct": false}}
{"type": "result", "data": {"idx": 16, "options": ["grounding a teenager for staying out past curfew", "spanking a child for misbehavior", "permanently revoking the driving privileges of a third-time DWI driver", "refusing to return the boss' phone call after not getting the expected raise"], "probs": [[0.013053950633506506, 0.008042433163498206, 0.019595723268736997, 0.9593078928342583], [0.01717993401821377, 0.01369735947994216, 0.9380128225451808, 0.031109883856663193], [0.016806674352532813, 0.014602000844266435, 0.021579553846504243, 0.9470117708566965], [0.011056464442366139, 0.012825967133905677, 0.9423252580143516, 0.03379231030937653], [0.046436013954987254, 0.7854318950698866, 0.06347160572950447, 0.10466048514562165], [0.04831700098503755, 0.7325798977563327, 0.07483679166934744, 0.1442663094892823], [0.006370779066912972, 0.006174876296509257, 0.011717318446905052, 0.9757370260896727], [0.010023162454371622, 0.011008563089872725, 0.9455854378218794, 0.03338283653387627], [0.01064439325875949, 0.01661595736049762, 0.021670155669019194, 0.9510694936117237], [0.0099740780420388, 0.01736906130230844, 0.940958537510598, 0.031698323045054766], [0.02539509296285098, 0.8344643540235089, 0.04353886008027021, 0.0966016928333698], [0.026044706646119485, 0.8230361002508765, 0.052614477998934914, 0.09830471500406915], [0.034964370934994965, 0.021540846776859884, 0.02722933019097022, 0.9162654519971749], [0.014119911337267024, 0.015030774698909795, 0.9227057327336404, 0.04814358113018275], [0.024733027944430396, 0.010071620722015338, 0.02216951613278884, 0.9430258351007654], [0.024120401678506005, 0.016707975477946824, 0.9194023046445932, 0.039769318098953996], [0.015672130129152754, 0.8624121933101511, 0.04293641716152699, 0.07897925929916923], [0.014846439817516944, 0.8972720115775769, 0.03646042282469167, 0.05142112568021458], [0.5374939796911329, 0.044118517895763695, 0.060302243660220314, 0.3580852586528831], [0.6307160783220869, 0.035581562266871994, 0.0707620448835729, 0.2629403144274682], [0.6017992921845321, 0.04159658323682279, 0.05865991530181375, 0.2979442091768313], [0.7127818384860489, 0.043478730575727986, 0.0662969566856678, 0.1774424741525553], [0.6213770641229255, 0.05601698487310338, 0.0675693774476597, 0.25503657345631137], [0.6739266112412647, 0.06268298251699525, 0.07328368285854861, 0.19010672328319136]], "ideal": "D", "sampled": "D", "correct": true}}
