{"type": "result", "data": {"idx": 0, "options": ["inflation had already impacted the economy before the fiscal stimulus.", "the economy initially had some unemployed resources.", "aggregate supply decreased.", "aggregate demand is steeply sloped."], "probs": [[0.021470012021134237, 0.8711378524821579, 0.049926183833817125, 0.05746595156289072], [0.03058864595832726, 0.6854030416621406, 0.26018341379901666, 0.023824898480515458], [0.02898511705980601, 0.06430509781649044, 0.8472321158877975, 0.05947766913590612], [0.022460129990252372, 0.029291342956230253, 0.05061127348936392, 0.8976372534641535], [0.04231922986398726, 0.13034927576623836, 0.7986945345466594, 0.02863695972311498], [0.030514723968186643, 0.1133675186319469, 0.04370991162606914, 0.8124078456737973], [0.930887250591168, 0.0328630086159362, 0.014357601740942059, 0.021892138951953823], [0.8625423084798561, 0.026872542903992866, 0.09527343173729996, 0.015311716778851011], [0.9357921462766228, 0.01768306080506665, 0.02417083079839406, 0.022353962019916473], [0.9636635982083042, 0.009747148367063713, 0.016841999718108753, 0.009747253606523357], [0.9458683029441751, 0.026415453736138596, 0.016531000774317458, 0.011185242445368851], [0.9538625361455202, 0.023508745494250232, 0.012196618744458826, 0.010432099515770782], [0.034755795931650096, 0.10705325671665294, 0.7911917507513542, 0.06699919650034275], [0.033213219406403774, 0.11235136671499457, 0.08614686059494162, 0.76828855318366], [0.016818832245470944, 0.9040528747178652, 0.048670210565546795, 0.03045808237111708], [0.01310299951707111, 0.9330623548670499, 0.03851423577174489, 0.015320409744134017], [0.026174134567199914, 0.0504488739293444, 0.04248462394797612, 0.8808923674554796], [0.044411765369802, 0.09256206024589113, 0.8381118904117414, 0.02491428387256548], [0.080942219017829, 0.10392800465851341, 0.792475204272711, 0.022654571950946573], [0.07273213483337762, 0.08772266557245409, 0.044808823110054075, 0.7947363763841142], [0.028828186444910513, 0.91094325414974, 0.04327961266589607, 0.016948946639453382], [0.03176540585466639, 0.9283299073920576, 0.025130924443440162, 0.014773762209835924], [0.059565360251847256, 0.04785819989281191, 0.05683672673051782, 0.835739713024823], [0.07835172818005122, 0.0959972568061097, 0.8038925315190938, 0.021758483394745266]], "ideal": "B", "sampled": "B", "correct": true}}
{"type": "result", "data": {"idx": 1, "options": ["II III and IV only", "I and III only", "II and IV only", "III and IV only"], "probs": [[0.30158547178894085, 0.37523816525022896, 0.10587215194503545, 0.21730421091579472], [0.29478695107173647, 0.37256409603911, 0.1392622548422354, 0.19338669794691812], [0.24955417587850603, 0.36300681395148426, 0.12163306227750402, 0.26580594779250566], [0.24998860431180833, 0.41207206859151574, 0.13382303912825835, 0.2041162878684176], [0.24564928363003435, 0.36296565148253224, 0.10402117155989532, 0.2873638932275381], [0.25532508845030166, 0.38924373642350985, 0.0999921224908422, 0.25543905253534627], [0.17485029285218534, 0.419353921044581, 0.17763371067805667, 0.22816207532517696], [0.1579201911482361, 0.4291963236615808, 0.19353094358481482, 0.2193525415053683], [0.1863660680792589, 0.17229895342346194, 0.38248020846120223, 0.2588547699360769], [0.11373177695609757, 0.0806126461037079, 0.06280083910502261, 0.7428547377351719], [0.14462623842285147, 0.22393180916759062, 0.35250730723310175, 0.27893464507645616], [0.15706604600568003, 0.13013861975159263, 0.060548506219974346, 0.652246827922753], [0.17484272623900415, 0.48267122019460823, 0.08792219113598283, 0.2545638623304048], [0.1623008597420534, 0.48450736650471776, 0.19582072482000767, 0.15737104883322117], [0.1574281556023241, 0.15738878673562717, 0.42140810421639335, 0.2637749533456553], [0.14064525852316417, 0.10447283671903658, 0.06143511056854398, 0.6934467940892552], [0.13980557231407392, 0.1712616558389714, 0.503645427529, 0.1852873442179546], [0.09458998232316478, 0.07597441536813657, 0.04830239538114422, 0.7811332068275544], [0.10518414840717626, 0.4640530126763612, 0.13092042531398262, 0.2998424135024799], [0.09927592943310028, 0.43800538078068835, 0.21688261266996964, 0.24583607701624172], [0.1350515524923323, 0.22968033638327293, 0.3788655810831284, 0.25640252994126633], [0.15085389646668576, 0.16560997940396757, 0.06693742174218947, 0.6165987022871572], [0.11614218213734359, 0.14451538778594183, 0.48155152324138123, 0.25779090673533334], [0.09839120506256384, 0.07903585582181215, 0.08284633605843823, 0.7397266029571857]], "ideal": "D", "sampled": "A", "correct": false}}
{"type": "result", "data": {"idx": 2, "options": ["The price level rises but real GDP falls.", "Both the price level and real GDP rise.", "The price level rises but the change in real GDP is uncertain.", "Real GDP rises but the change in the price level is uncertain."], "probs": [[0.005385616984288365, 0.9271311491089256, 0.0394845730589462, 0.02799866074783986], [0.009155516639677513, 0.898057830868698, 0.05741462936164308, 0.035372023029981464], [0.026746792984505496, 0.10251815750061545, 0.8065747733159077, 0.06416027609897142], [0.05315426760039666, 0.09474495758248813, 0.033262475074666065, 0.8188382996424491], [0.025135573876655645, 0.10581229957241743, 0.8068433087560785, 0.062208817694848435], [0.04378899186411704, 0.17588463423877446, 0.08439911156048785, 0.6959272622366206], [0.9414335330348745, 0.029790562982496663, 0.01645373979882493, 0.012322164083803823], [0.9315487804801045, 0.033402449018321526, 0.020905037956813557, 0.014143732444760384], [0.9103852317926525, 0.05466679338813928, 0.01747480412959172, 0.017473170589616487], [0.9067093023242633, 0.05360287734997182, 0.02695575696107075, 0.012732063264694142], [0.9072516115690709, 0.05709358772407677, 0.017967468427014712, 0.01768733217983769], [0.8953583339340239, 0.059978637971317646, 0.03063729962634304, 0.014025728368315457], [0.029163196245448185, 0.09787981065308048, 0.8197352763230141, 0.05322171667845724], [0.06707654152250168, 0.08346632309909598, 0.044680436474135936, 0.8047766988042664], [0.02011100720185641, 0.875345986940338, 0.05957453202732236, 0.04496847373048321], [0.023256413852858357, 0.8863790712958355, 0.06421615987575281, 0.0261483548755533], [0.1335914760463629, 0.15373996014190477, 0.06510587943982787, 0.6475626842719044], [0.03631232251888498, 0.06783741610806189, 0.8662128914590783, 0.029637369813974756], [0.07046583425416655, 0.08632799397901676, 0.7940141109703347, 0.049192060696481965], [0.34040471464006833, 0.08083464806721759, 0.08341122294211911, 0.4953494142505949], [0.0454937542954829, 0.8450427929724569, 0.0602719159815331, 0.049191536650527126], [0.058960282514612564, 0.8266957570785106, 0.08446356081322685, 0.02988039949364998], [0.3534984553623198, 0.12214089348740569, 0.048592079321061084, 0.47576857172921344], [0.09196158857318798, 0.08504629466944616, 0.7945038390195481, 0.02848827763781767]], "ideal": "D", "sampled": "B", "correct": false}}
{"type": "result", "data": {"idx": 3, "options": ["result in lower domestic prices.", "sometimes raise and sometimes lower the amount of the product sold domestically.", "lower the amount of the product sold domestically.", "raise the amount of the product sold domestically."], "probs": [[0.009832455491775766, 0.3082626670699174, 0.6131189883942513, 0.06878588894405553], [0.011780068452671376, 0.5720245922831565, 0.18864195328021047, 0.22755338588396162], [0.016677120543493053, 0.2649647270533278, 0.616192752282982, 0.1021654000201971], [0.011714249760870071, 0.5138952693284106, 0.06137943966535284, 0.4130110411453666], [0.010795015643236261, 0.045446879521703704, 0.6473618589229004, 0.2963962458121596], [0.002181957599581338, 0.024013349285568943, 0.8334338541608078, 0.14037083885404186], [0.07103164026113407, 0.028698674591502955, 0.8258267367221885, 0.07444294832517447], [0.23566971807080772, 0.03846805800271193, 0.4136278608225221, 0.31223436300395824], [0.19842583789143967, 0.748786660250077, 0.013716588383065777, 0.03907091337541752], [0.12632912078457814, 0.8109037075364308, 0.0487045149130267, 0.014062656665964336], [0.33434495451066626, 0.5177861470873912, 0.022932034068988475, 0.12493686423295407], [0.20297236776365968, 0.4229713983838694, 0.35074392022921425, 0.023312313523256672], [0.1313854763628695, 0.08221278400055575, 0.6570385742799935, 0.12936316525658131], [0.08369483426992351, 0.04550102556046433, 0.3579508523859142, 0.512853287683698], [0.10533629278797424, 0.8030093223959314, 0.03163249245622472, 0.060021892259869605], [0.11097144065688092, 0.7465181169196704, 0.12381937053743877, 0.01869107178600989], [0.05611384119683122, 0.1728343017871905, 0.04302578663318881, 0.7280260702827894], [0.19900825765980196, 0.25549903699807663, 0.500388208729566, 0.045104496512555436], [0.026402423444585838, 0.039018990004989325, 0.7363930500967197, 0.19818553635370514], [0.007369040719112129, 0.01767713328377291, 0.787839265886167, 0.18711456001094795], [0.02255148283513199, 0.5463505457995866, 0.03131149377208098, 0.3997864774932004], [0.04015057213399268, 0.42493135286812883, 0.5127441949428648, 0.02217387995501367], [0.009004132250520285, 0.6361763135411521, 0.019515012239152675, 0.3353045418691749], [0.010120243660724412, 0.8294032726320508, 0.13971191500142913, 0.020764568605795657]], "ideal": "C", "sampled": "B", "correct": false}}
{"type": "result", "data": {"idx": 4, "options": ["expansionary monetary policy.", "contractionary monetary policy.", "a depreciating dollar.", "fiscal policy designed to reduce the budget deficit."], "probs": [[0.4640350639356064, 0.20590589938488885, 0.18172378836245048, 0.1483352482170543], [0.32024578211221744, 0.1023539037111539, 0.33563182754831417, 0.24176848652831454], [0.3478482067237143, 0.2428279220815064, 0.2751883268081135, 0.1341355442866658], [0.32342223775530254, 0.1457720761945541, 0.1153262756050361, 0.41547941034510727], [0.14292983922318597, 0.09978345929255819, 0.6819620233384588, 0.0753246780457971], [0.3661960010431185, 0.1929624349734577, 0.2221218165216975, 0.2187197473617263], [0.6708395851568729, 0.05254310565330687, 0.16184630445777898, 0.11477100463204122], [0.4729609698895335, 0.043309080534771185, 0.33018102623608575, 0.15354892323960956], [0.6239635711297947, 0.1787622802241839, 0.11013871765008684, 0.08713543089593451], [0.6076020454456311, 0.08753087277810208, 0.19420370414428773, 0.11066337753197905], [0.47837458254178206, 0.1370544531411545, 0.3088770691414846, 0.07569389507557883], [0.595975253106277, 0.19347565499357344, 0.1393649366642524, 0.07118415513589718], [0.13079095498566298, 0.10346441021138156, 0.26421586884938875, 0.5015287658535666], [0.20460944637880482, 0.08663709038512878, 0.2546565031250162, 0.4540969600110502], [0.15687348969579132, 0.5224763594797402, 0.08139030391980992, 0.23925984680465848], [0.1604941481633161, 0.19664544133175885, 0.4944059694277929, 0.1484544409771321], [0.16827581821189402, 0.18773002920657642, 0.3913070261087117, 0.2526871263728178], [0.09252976155934582, 0.11881488914538063, 0.6837916577308546, 0.10486369146441898], [0.20163103635632754, 0.2713301737136984, 0.21465445732928842, 0.31238433250068565], [0.26514106179023544, 0.2064931710709138, 0.41069955015318643, 0.11766621688566428], [0.1849555659821125, 0.5352124373982912, 0.10874017392055879, 0.17109182259903752], [0.2482529580344856, 0.47853395338041504, 0.18740747867140664, 0.08580560981369269], [0.21081516929899405, 0.5468425953900321, 0.12589821687192698, 0.11644401833904688], [0.2130157925282962, 0.4371032676917273, 0.2651373305733504, 0.0847436091066261]], "ideal": "B", "sampled": "B", "correct": true}}
{"type": "result", "data": {"idx": 5, "options": ["nominal GDP falls.", "the nominal interest rate falls.", "bond prices fall.", "the supply of money falls."], "probs": [[0.11112288963990476, 0.5732176813920665, 0.09807242305978274, 0.21758700580824603], [0.11415456489422574, 0.5797295699373463, 0.2099814759725787, 0.09613438909584934], [0.0576056789995181, 0.046287319687459194, 0.724119292050472, 0.17198770916255077], [0.08794111823112363, 0.045622185207976805, 0.2838883718854046, 0.5825483245754949], [0.11498179773622265, 0.16992997741646548, 0.6120142799298677, 0.10307394481744417], [0.1219402011817913, 0.23503818755424766, 0.08783183115093021, 0.5551897800130309], [0.7927992171270356, 0.06927151306376296, 0.055664027300630026, 0.08226524240857142], [0.8069844094791101, 0.061261529818355566, 0.09341680083575978, 0.0383372597667746], [0.8132132069074135, 0.053635804170345934, 0.059837275679362235, 0.07331371314287835], [0.8478492809332803, 0.04934980554329986, 0.06436650238548836, 0.038434411037931535], [0.8747945720317534, 0.04027982935844813, 0.05680539648876976, 0.02812020202102874], [0.897852825171642, 0.04070066872506146, 0.030723556612823395, 0.030722949390473136], [0.06767418626973322, 0.04234938847263066, 0.7276265240970872, 0.16234990106054895], [0.1656330836997404, 0.04320639762393921, 0.3192763662612044, 0.47188415231511593], [0.18372935876183344, 0.6513745479248814, 0.06654668896188556, 0.09834940425139965], [0.18563854830821566, 0.6685131241346932, 0.07861012278165695, 0.06723820467543415], [0.31736845626998134, 0.09985832199405749, 0.10630409450707108, 0.4764691271288901], [0.18847853224297872, 0.08764942865164911, 0.6477171874548558, 0.07615485155051627], [0.15768946625409366, 0.08708322825901156, 0.6639605161444445, 0.09126678924245021], [0.24013572450938808, 0.07438677684029231, 0.0817015700056117, 0.603775928544708], [0.2909532850157823, 0.5435654641941248, 0.10055723265053362, 0.06492401803955926], [0.3042949165729942, 0.5510020358903717, 0.06279857639651161, 0.08190447104012254], [0.2446967177638583, 0.03932464808838738, 0.11029293222676075, 0.6056857018209936], [0.1620146434736766, 0.04032849399853307, 0.7149053598253672, 0.08275150260242312]], "ideal": "B", "sampled": "B", "correct": true}}
{"type": "result", "data": {"idx": 6, "options": ["means that no inferior products will be produced.", "implies that the economy's output is distributed evenly.", "means that those who work hardest will get more.", "implies that resources are used to produce the goods and services society desires in just the right amounts."], "probs": [[0.002621630584170843, 0.0018159804271818901, 0.0018159914866361095, 0.9937463974020112], [0.008724856136694189, 0.005633418879264866, 0.9775723158761989, 0.00806940900784209], [0.0021237735644990445, 0.0015417113268206123, 0.002243133275778643, 0.9940913817329017], [0.009004172465108382, 0.005591052911836653, 0.9778221822323321, 0.007582592290722895], [0.0033040845315732733, 0.9905586349067609, 0.0031286571065189013, 0.0030086233551469468], [0.0024556192441814654, 0.9906448450068581, 0.0034363722622051318, 0.003463163386755302], [0.001995227357732153, 0.002174227561785778, 0.0017066399365315017, 0.9941239050439505], [0.005020989427641684, 0.00783786248425358, 0.9796622116259412, 0.007478936362163533], [0.001163650346363777, 0.0012581752837551874, 0.0036405861769309537, 0.9939375880929501], [0.006433486954120628, 0.006091257596855645, 0.9775882275550768, 0.009887027793946958], [0.002197431210856387, 0.9889505700292176, 0.0046161777317506435, 0.004235820928175353], [0.002081042134324464, 0.9892082027762948, 0.0042704469208491875, 0.004440308068531455], [0.001652101976272819, 0.0030624193252311235, 0.0023116696720233837, 0.9929738089264727], [0.004005928228703827, 0.01055440601433502, 0.9803755157115565, 0.005064149945404749], [0.0007291217588917684, 0.001472810099524824, 0.0025848624330703117, 0.9952132056085131], [0.004580760106922583, 0.006409807873301038, 0.9816317982417314, 0.007377633678044936], [0.0011272366200087594, 0.9932672212742086, 0.0029013365945795046, 0.0027042054112031266], [0.0013175939514516637, 0.9930579855733002, 0.0027463912995887426, 0.0028780290756594273], [0.990106227219993, 0.004341125032293319, 0.002592259325275483, 0.002960388322438208], [0.9886473956955983, 0.004873637719700884, 0.003049925932558493, 0.0034290405521422537], [0.9910233254411155, 0.0030571972251119896, 0.003179026102433916, 0.0027404511313385777], [0.9913840144127091, 0.002873031491734152, 0.002636489968411881, 0.003106464027144835], [0.9891426908165512, 0.004336875810269158, 0.0035397329940997277, 0.002980700279079893], [0.9915784707222802, 0.0031314699791757396, 0.002438836990859523, 0.002851222207684553]], "ideal": "D", "sampled": "D", "correct": true}}
{"type": "result", "data": {"idx": 7, "options": ["production within a nation's borders.", "production by a nation's citizens wherever they may be.", "income earned by the factors of production plus depreciation and indirect business taxes.", "(A) and (C)"], "probs": [[0.014344902566377393, 0.004919030015931763, 0.005795903624959407, 0.9749401636927314], [0.1706601460209387, 0.016635689201060153, 0.7769311943385797, 0.03577297033942138], [0.06554414887083101, 0.016062417533565656, 0.013316181102552052, 0.9050772523930513], [0.07283327849877867, 0.03440446463933793, 0.8736127164505659, 0.019149540311317482], [0.4378044718983735, 0.5039019119508076, 0.03073921134453017, 0.027554404706288782], [0.3242870411856601, 0.6153814493995985, 0.04528209719850571, 0.01504941211623573], [0.02047558341590652, 0.011850485731507059, 0.01113232053318728, 0.9565416102193991], [0.04317886057636704, 0.29507807223988053, 0.6150526472503235, 0.04669041983342887], [0.009379990231965684, 0.00789883625607377, 0.010628681440757407, 0.9720924919712032], [0.01892540593111465, 0.027752188807825557, 0.5933846797570379, 0.3599377254040219], [0.053302144749427696, 0.45332549706506026, 0.4463311897640332, 0.04704116832147886], [0.0633621153053258, 0.17770122320851678, 0.044929985789372955, 0.7140066755967844], [0.015633245782916375, 0.008368052463439258, 0.008499573836188415, 0.967499127817456], [0.03598985820648783, 0.046940516675785, 0.8857993482657597, 0.0312702767519675], [0.006203816234694661, 0.004574505706808362, 0.00888628347398637, 0.9803353944845106], [0.031060939026460146, 0.021684181068867544, 0.3610754915594473, 0.586179388245225], [0.15935293734890604, 0.5224941177704678, 0.2797054543921246, 0.038447490388501544], [0.15117801022691277, 0.2695010146713996, 0.026270726200509693, 0.5530502488011779], [0.05575907871018289, 0.8454551538453594, 0.03657139396727578, 0.06221437337718188], [0.0388681524306297, 0.8311387276460034, 0.09621694711252396, 0.03377617271084291], [0.036025883910980376, 0.27464543427137467, 0.6093985800967323, 0.07993010162091262], [0.08352767054687628, 0.16872747492186968, 0.10075132697932715, 0.6469935274519268], [0.04063668725570913, 0.8036489246384644, 0.09749444282586635, 0.05821994517996017], [0.04586934164516437, 0.4490559036833361, 0.02696608519852656, 0.47810866937297297]], "ideal": "D", "sampled": "D", "correct": true}}
{"type": "result", "data": {"idx": 8, "options": ["accounting cost", "switching cost", "inferior cost", "opportunity cost"], "probs": [[0.0003567138058489446, 0.0021678658740864865, 0.006371946561160957, 0.9911034736589036], [0.0008721941568339887, 0.006054109637147884, 0.9869242055297585, 0.006149490576259684], [0.0011990297784421637, 0.01965396358683245, 0.001961578495154144, 0.9771854280395712], [0.0014549096298212582, 0.02088425587881529, 0.9754074054908212, 0.0022534289005423217], [0.00040868226179085836, 0.9942962349543484, 0.0016808796915522314, 0.0036142029923084723], [0.0006730979881818791, 0.9932662316385411, 0.004458532431521379, 0.0016021378417556311], [0.00016903895308286452, 0.0010353144385371526, 0.0046039653679976296, 0.9941916811403824], [0.0005137554622094313, 0.003298090400994613, 0.9888711160878242, 0.007317037948971754], [0.00019835812736463058, 0.001488456013412407, 0.0004166678599546961, 0.9978965178992683], [0.0004666804690435283, 0.011306376067967621, 0.9865463859988609, 0.0016805573641278883], [0.00021939716426424581, 0.9894369994086063, 0.0015112282032303922, 0.008832375123899108], [0.00023676946523035596, 0.9953133331310545, 0.002999497717228613, 0.0014503995864865195], [0.0002431031659741464, 0.0009464386006019504, 0.0006404781153074471, 0.9981699800181164], [0.0005126001671063306, 0.0036998078379380144, 0.9943612008542794, 0.0014263910406763145], [0.00022139883898486624, 0.0009103858214354446, 0.00044724957402095846, 0.9984209656655587], [0.0003952089479999653, 0.006279310702157904, 0.9921176472995308, 0.001207832950311321], [0.0002483683018506223, 0.9962583629098677, 0.0016580661507155938, 0.001835202537566056], [0.0001906036176457578, 0.997162110175056, 0.0010883584176159446, 0.001558927689682359], [0.9558825293414733, 0.0021238581372589, 0.001918794194740792, 0.040074818226526934], [0.9669196793823419, 0.003175147405208244, 0.02458779189149247, 0.005317381220957316], [0.9542083873215192, 0.0017035793617656014, 0.0015034334935806956, 0.0425845997231345], [0.988942251199139, 0.002249449962932396, 0.005611180457353663, 0.003197118280574862], [0.991377971312901, 0.0033587658112592548, 0.0017978544738670224, 0.0034654083019727837], [0.9928685062036527, 0.0030153042099916386, 0.0014132687468694381, 0.002702920739486219]], "ideal": "D", "sampled": "D", "correct": true}}
{"type": "result", "data": {"idx": 9, "options": ["there is no cyclical unemployment.", "the inflation rate is zero.", "there is no structural unemployment.", "the nation is experiencing a recession."], "probs": [[0.6768698445461672, 0.29110766958931295, 0.025438220621170324, 0.00658426514334952], [0.7226428176397899, 0.25365947040855263, 0.014312041750410233, 0.009385670101247185], [0.8417774108750407, 0.04675248081924002, 0.10211879359562485, 0.009351314610094481], [0.8082236134950183, 0.10115644439170154, 0.04283456605174596, 0.04778537596153423], [0.789091812178138, 0.030595290889963152, 0.16540153045674097, 0.014911366375157898], [0.8772787075418308, 0.0450620401760904, 0.06256485142049673, 0.015094400761582024], [0.012324182091611577, 0.9638352218100076, 0.01908900367628295, 0.0047515923220978595], [0.01164417616424352, 0.9693834924934056, 0.01259144864151887, 0.006380882600832014], [0.30626078852733757, 0.17179141790795432, 0.5049373305966319, 0.017010462868076188], [0.18637489613702815, 0.4685196489455516, 0.06964433503844783, 0.2754611197789724], [0.016848904952234525, 0.021298446177537, 0.9491340937544669, 0.012718555015761576], [0.2379212599135318, 0.16097137810084963, 0.4375836979185167, 0.16352366396710186], [0.06816757865572697, 0.5361660443742733, 0.3802159531482469, 0.0154504237217528], [0.05063066428272751, 0.7556913747673367, 0.07029560443302041, 0.1233823564169153], [0.017326389933309577, 0.5561026194370521, 0.4132856920332742, 0.013285298496364097], [0.013460514990418775, 0.7582111315516018, 0.03956509359028299, 0.1887632597676964], [0.00992510423299791, 0.03573987845391807, 0.9217916910117698, 0.032543326201314136], [0.018389288929494176, 0.038927585925142116, 0.5902191589217707, 0.35246396612359304], [0.001393509914274166, 0.9789521708019852, 0.014635783640864904, 0.00501853554287577], [0.0016361287669108616, 0.9754669133997167, 0.016525903824691296, 0.006371053908681192], [0.006451733301557648, 0.27007123372491365, 0.7116097687879723, 0.011867264085556389], [0.002138363306091427, 0.8969785050179583, 0.07249382462303662, 0.02838930695291363], [0.013198319329554278, 0.4762663961371458, 0.468915295966937, 0.04161998846636298], [0.0072022440353675075, 0.7009715428689239, 0.14021145981175479, 0.15161475318395373]], "ideal": "A", "sampled": "A", "correct": true}}
{"type": "result", "data": {"idx": 10, "options": ["pay that amount to its trading partners.", "have a positive value of equal magnitude on its capital account.", "depreciate its currency.", "appreciate its currency."], "probs": [[0.6612323201679812, 0.042268404548526206, 0.2470825343627277, 0.04941674082076493], [0.3746308004191472, 0.05744287987724226, 0.11604748405739654, 0.45187883554621394], [0.7089178693501632, 0.19683947033775404, 0.03420842874841343, 0.06003423146366933], [0.8262497055018666, 0.10504052620663533, 0.0553551754476673, 0.013354592743830742], [0.34489324043048786, 0.0928138998651469, 0.044536645621513014, 0.5177562139828522], [0.014624692961265562, 0.07603021206042127, 0.883877484087766, 0.02546761079054717], [0.24884306825794936, 0.244948515756926, 0.4102768507872731, 0.09593156509785156], [0.031016958051621978, 0.21695893238040226, 0.1041067575446003, 0.6479173519233754], [0.24720329244627837, 0.47642180814335433, 0.11677087978300876, 0.15960401952735853], [0.18438813912759736, 0.3498644686824904, 0.2725079777195329, 0.19323941437037936], [0.03880102718535715, 0.09162576126092603, 0.11403722037132182, 0.755535991082395], [0.003334403352740601, 0.03875787380717837, 0.7313502099839846, 0.2265575127560964], [0.24243644283806842, 0.5906693074707413, 0.06424078057477692, 0.10265346901641335], [0.3482577567247313, 0.5146502351739859, 0.11849047463115926, 0.018601533370123564], [0.4371071040497893, 0.05644137270502751, 0.2866628287196013, 0.21978869442558188], [0.4066423374244372, 0.048563195876844, 0.3880237528454246, 0.15677071375329418], [0.3241148955148888, 0.2645205611279697, 0.3909659167372347, 0.020398626519906798], [0.3556852141587955, 0.43575430457289605, 0.04315037411297142, 0.16541010705533699], [0.03584580428827088, 0.15814831556757228, 0.05134677790808596, 0.7546591021360709], [0.0430460252959458, 0.13679712028912858, 0.799663334992407, 0.020493519322518538], [0.01048213594431756, 0.017969572546649663, 0.03518342154304212, 0.9363648698659907], [0.016540521784969623, 0.0449602306681619, 0.8891190902169512, 0.049380157229917274], [0.000985780341447783, 0.9539473264306957, 0.03641711027118685, 0.008649782856669706], [0.0007760047653782463, 0.9642169605362944, 0.012329833917167573, 0.022677200681159825]], "ideal": "B", "sampled": "C", "correct": false}}
{"type": "result", "data": {"idx": 11, "options": ["The cash you receive from babysitting your neighbor\u2019s kids", "The sale of illegal drugs", "The sale of cucumbers to a pickle manufacturer", "The sale of a pound of tomatoes at a supermarket"], "probs": [[0.03938086499207774, 0.01471523444663803, 0.8687985910768142, 0.07710530938446998], [0.02272899211590643, 0.00883152388433856, 0.9515485733718956, 0.016890910527859467], [0.017956141297045414, 0.9354620531408537, 0.013554376485545866, 0.033027428976554946], [0.03413175278765895, 0.8802423115585213, 0.04247823555618205, 0.04314769999763766], [0.02172522204130665, 0.9383095318402626, 0.011629205899814143, 0.02833604011861663], [0.02751323512071241, 0.8969430710776455, 0.04130230275492289, 0.034241390946719186], [0.008591811366966753, 0.020610055049566502, 0.9042657434106403, 0.06653239007282653], [0.010247844686280967, 0.01689569566940728, 0.9518290874539198, 0.02102737209039192], [0.01480367796128113, 0.7533538424962716, 0.052893568416166506, 0.17894891102628077], [0.0113969102935681, 0.39860755731267955, 0.5710579997383571, 0.018937532555395223], [0.003902749695990142, 0.9624310865406511, 0.01103132463195507, 0.02263483903140368], [0.003633090372356566, 0.9536765421108904, 0.023505505675545657, 0.01918486174120741], [0.9332193033944991, 0.0356232006725731, 0.00628808447018212, 0.024869411362745605], [0.808717889174763, 0.08793800233014067, 0.08794249502981338, 0.015401613365282958], [0.9551338534682762, 0.00996772570441875, 0.01061058601144657, 0.024287834715858516], [0.9223282649795966, 0.010571360015049156, 0.05989136004783572, 0.007209014857518468], [0.7564020949397614, 0.21668902602421672, 0.01645189938963081, 0.010456979546391049], [0.623351917866895, 0.36074116032929016, 0.005831580015208301, 0.010075341688606552], [0.9296528782664873, 0.028963428257521576, 0.006988020678171771, 0.034395672697819325], [0.5818638074842958, 0.07169375418251277, 0.3315310362160609, 0.014911402017130544], [0.9508629959377592, 0.009468665606681931, 0.008621406130350584, 0.031046932225208275], [0.9135940013996564, 0.01647327378024109, 0.057497940600101334, 0.012434784120001109], [0.7747719034550645, 0.18984701608770504, 0.021301751259855412, 0.014079329097375018], [0.8015408120635311, 0.1788346216169489, 0.006669153626403821, 0.012955412593116111]], "ideal": "D", "sampled": "D", "correct": true}}
{"type": "result", "data": {"idx": 12, "options": ["5 percent decrease", "\u00bc percent increase", "3 percent increase", "5 percent increase"], "probs": [[0.119278174052286, 0.20608881989776076, 0.39726759795544725, 0.277365407994506], [0.13597377656335202, 0.1947669978816499, 0.5052298087292687, 0.1640294167257294], [0.14357786727402902, 0.4634727031956848, 0.18726181144949605, 0.20568761798079013], [0.09256319438442587, 0.328159557973686, 0.5083012845463059, 0.0709759629955822], [0.14322755166134118, 0.5321601787321134, 0.16230121736993267, 0.16231105213661273], [0.14107538653188298, 0.5579646783660832, 0.22544306346424736, 0.07551687153778641], [0.08351111845168128, 0.3742692032726901, 0.33550505577006673, 0.20671462240556188], [0.05953257925038976, 0.36467981470707994, 0.4610280113244518, 0.11475959461807847], [0.05905769676783642, 0.4099416373268856, 0.28619184660744, 0.24480881919783795], [0.051293761774168126, 0.4753859110445608, 0.3371112183053229, 0.13620910877594816], [0.06571293866397969, 0.3665160374914176, 0.40255688136355117, 0.16521414238105153], [0.05428946369980728, 0.3888033315567665, 0.4204152806412402, 0.13649192400218602], [0.1586774641905021, 0.5367923058454458, 0.17701916829847353, 0.1275110615655786], [0.09608339588935513, 0.38000446837324003, 0.46563113078014207, 0.05828100485726275], [0.16151466964060207, 0.41243731971431047, 0.25410246846519036, 0.17194554207989712], [0.14402524267036457, 0.4436197314045428, 0.30018128152579654, 0.11217374429929611], [0.1043357273060794, 0.33156610782881857, 0.49777481339048807, 0.06632335137461397], [0.1735586264606298, 0.4363164700798189, 0.30940947625097337, 0.08071542710857792], [0.10298579700038103, 0.6210942724971548, 0.18359739666241115, 0.09232253374005307], [0.10454442433989958, 0.6207144462734172, 0.21789690960162658, 0.05684421968505667], [0.13359521128994595, 0.4810984062503725, 0.24959632379902397, 0.1357100585606576], [0.09936921297510183, 0.4740676581385521, 0.32077789303432847, 0.1057852357520176], [0.12045911384207253, 0.36528103587488575, 0.45462446214789537, 0.05963538803514636], [0.16775281850622056, 0.5167115368677404, 0.22573943602077373, 0.08979620850526529]], "ideal": "D", "sampled": "D", "correct": true}}
{"type": "result", "data": {"idx": 13, "options": ["more effective in X because the policy will increase net exports.", "more effective in X because the policy will decrease net exports.", "equally effective in X and Y.", "less effective in X because the policy will decrease net exports."], "probs": [[0.6893390775928004, 0.1537707826072842, 0.09475167588882145, 0.06213846381109386], [0.7493309722688293, 0.12421144872442888, 0.07302944116582967, 0.05342813774091214], [0.6921089915745837, 0.18050029882843852, 0.0776501830280258, 0.04974052646895202], [0.5225224455480604, 0.21440197365522662, 0.1777771697926279, 0.08529841090408513], [0.6772754696284566, 0.16853222014799862, 0.08609093621189795, 0.06810137391164674], [0.6933725787486473, 0.16465907612565953, 0.09833433075130998, 0.043634014274383154], [0.17832377522564014, 0.6127111221223971, 0.12066953126896356, 0.08829557128299922], [0.18295736609059862, 0.5997961758967465, 0.1237919106955714, 0.09345454721708353], [0.10684112378749906, 0.21918776465855797, 0.5687687950104275, 0.10520231644351544], [0.13440749937110408, 0.18082126164917267, 0.11860688989435691, 0.5661643489853664], [0.03942831291502288, 0.08216618123076519, 0.8300967935402112, 0.04830871221400079], [0.07773203315108007, 0.08945149827467021, 0.05959313668169416, 0.7732233317925555], [0.216088569622144, 0.5965668140222152, 0.11934493836595068, 0.06799967788969007], [0.19918632944486178, 0.5499399240451891, 0.17038765708172796, 0.0804860893282212], [0.15964258373051307, 0.27579699505656474, 0.4548297882831608, 0.10973063282976143], [0.12772124085287154, 0.17728204325819627, 0.09490356272569002, 0.6000931530632422], [0.12564898792051596, 0.2274969028547729, 0.5902174004654194, 0.05663670865929174], [0.1955172077627792, 0.17249427348525823, 0.1167320061343702, 0.5152565125175923], [0.1665879667865784, 0.7235572472153731, 0.06323072431406485, 0.046624061583983724], [0.20050834042619656, 0.678271827487353, 0.07852544605496024, 0.04269438593149016], [0.05702519979959741, 0.12070990757327112, 0.751295055231035, 0.07096983729609643], [0.09665764363183958, 0.11476285901009788, 0.07410342604131563, 0.7144760712167469], [0.13620389216839632, 0.1920569490031965, 0.6010719850617382, 0.07066717366666896], [0.13590082221085953, 0.17175905020846083, 0.11091155309808784, 0.5814285743825918]], "ideal": "D", "sampled": "A", "correct": false}}
{"type": "result", "data": {"idx": 14, "options": ["Unemployment falls with little inflation.", "Unemployment rises with little inflation.", "Unemployment falls with rampant inflation.", "Unemployment rises with rampant inflation."], "probs": [[0.8132080758336854, 0.07330737761507099, 0.07105511187984281, 0.042429434571400776], [0.7884439346664067, 0.08053743958468679, 0.07566214464834906, 0.05535648100055739], [0.7890172092090234, 0.0942251022165491, 0.06787143722844273, 0.04888625124598471], [0.8424119321503795, 0.07834910935466691, 0.033176892350071784, 0.04606206604488185], [0.623158258200142, 0.10659966586505053, 0.22219093141508242, 0.048051144419725], [0.7024390487433659, 0.13615829835488885, 0.09807784562090217, 0.06332480718084306], [0.03911279820024534, 0.8232920813077451, 0.08814656678107283, 0.049448553610936745], [0.04820973250647238, 0.8153910374172532, 0.06288024295119474, 0.07351898702507968], [0.012261536884686331, 0.054522484872438465, 0.8939420053915811, 0.03927397275129409], [0.03280755370198279, 0.08916334441605862, 0.154078387845314, 0.7239507139366446], [0.02423936810222921, 0.06385961752857439, 0.8680078756088184, 0.04389313866037794], [0.04263716047674799, 0.08089922096481691, 0.04609953829596445, 0.8303640801624707], [0.004217069870552129, 0.954305532107986, 0.024268336311148244, 0.017209061610313603], [0.0027019221692739363, 0.9770615502609571, 0.010197277596564556, 0.01003924987320439], [0.022366251294322695, 0.10101920884539571, 0.8199420387235941, 0.05667250103668758], [0.025979602077734476, 0.24073224674455185, 0.1371793713593919, 0.5961087797183218], [0.015643597665235043, 0.06637524454212639, 0.8744471792021492, 0.04353397849048937], [0.009884897581673251, 0.061016425256973796, 0.24134482351011272, 0.6877538535512402], [0.00152050785682008, 0.9650000956952658, 0.020344108400299127, 0.013135287947615034], [0.0019250713225074636, 0.9740823946319566, 0.0113408766210217, 0.012651657324514277], [0.011386060555907343, 0.15839853143604987, 0.7440837274453772, 0.08613168046266553], [0.00405431164740345, 0.3975664660027677, 0.05465748885227483, 0.543721733397554], [0.005635460238615666, 0.05263605588314014, 0.9044006251177515, 0.03732785866049263], [0.0027693377759043587, 0.042971451594958604, 0.13031696373834462, 0.8239422467907924]], "ideal": "A", "sampled": "A", "correct": true}}
{"type": "result", "data": {"idx": 15, "options": ["70%.", "30%.", "40%.", "90%."], "probs": [[0.44842848818735687, 0.3033923050178722, 0.14331267025238126, 0.1048665364423897], [0.42321708478855036, 0.2818883636171236, 0.17918331785806807, 0.11571123363625792], [0.42560735657732895, 0.24247716545479514, 0.2173567281249122, 0.11455874974296368], [0.37585293502940886, 0.2043235125530192, 0.2836857010847184, 0.13613785123285352], [0.4074420271787595, 0.24326048426489566, 0.25099137048906467, 0.09830611796728016], [0.3938977117366367, 0.27067567931952957, 0.1949627544508189, 0.14046385439301484], [0.22751798545475574, 0.39309878961986866, 0.23473001314647088, 0.14465321167890466], [0.22311925060661394, 0.36213095071661, 0.24889817083069704, 0.16585162774607903], [0.18783190753905504, 0.28195812415925314, 0.3564497199633197, 0.17376024823837213], [0.16901458546297515, 0.2536983749955756, 0.15875893593096213, 0.4185281035104871], [0.15257111758595565, 0.21853490985737312, 0.5081787894224621, 0.12071518303420918], [0.24255722714366218, 0.2622444785716835, 0.2971724150582458, 0.1980258791264085], [0.20896131109534197, 0.31367275583099924, 0.34451541814511144, 0.1328505148285474], [0.21524207933306236, 0.30351136036196186, 0.22555255069719915, 0.2556940095077766], [0.19485113603464735, 0.2747721753671823, 0.35838491789050037, 0.17199177060767], [0.1850002137386605, 0.2649814525723933, 0.2096124471456671, 0.3404058864432791], [0.13974090576318787, 0.2065092201914975, 0.4877668923982841, 0.16598298154703053], [0.23276039955672578, 0.25165492293702324, 0.3604977130529395, 0.15508696435331148], [0.09571196066590708, 0.6049612118819292, 0.18740065254333688, 0.11192617480882687], [0.08655790596821013, 0.6199481209515816, 0.16947487727460328, 0.12401909570560507], [0.12628264362884153, 0.377014044814619, 0.40136099465895414, 0.09534231679758533], [0.1355145505241868, 0.4656777658996873, 0.23783624097330677, 0.16097144250281914], [0.13388085962450683, 0.33657418202554934, 0.39352195230014586, 0.13602300594979796], [0.15393852956635365, 0.41196905948618445, 0.2701750059129578, 0.1639174049345041]], "ideal": "B", "sampled": "A", "correct": false}}
{"type": "result", "data": {"idx": 16, "options": ["prevent inflation.", "prevent recessions from occurring.", "prevent inflation and recessions from occurring.", "are government policies already in place that promote deficit spending during recessions and surplus budgets during expansions."], "probs": [[0.0017915426749018429, 0.0029768637216541264, 0.007197200505947248, 0.9880343929974967], [0.0023274637154513064, 0.005539850077189083, 0.9841349268571327, 0.007997759250226994], [0.001562986794889736, 0.0028747134630648357, 0.0034139350446031223, 0.9921483645974423], [0.0017038426289624172, 0.006183902156603411, 0.9847110333495485, 0.007401221764885758], [0.0012642827422972916, 0.9908457455098579, 0.0032289428821151963, 0.004661028765729587], [0.0008315707149242185, 0.9937490790645823, 0.002857835317599255, 0.002561514802894197], [0.0064911879244993285, 0.0037276183517332604, 0.018636880340833977, 0.9711443132829334], [0.005673442635744443, 0.0051658126815907176, 0.9768650762784941, 0.012295668304170766], [0.012216022158870452, 0.02626776319673449, 0.02046019540384203, 0.941056019140553], [0.005680156672595078, 0.010047273250584007, 0.9780340057664566, 0.006238564210364252], [0.0028694267044441653, 0.9901620239585199, 0.002984428752231869, 0.003984120484803975], [0.0014715827634339818, 0.9942013182821928, 0.0023155757144794125, 0.00201152313989377], [0.004431696604092096, 0.004572359840326651, 0.01105499359570256, 0.9799409498598787], [0.0030832115044629976, 0.007224846946813208, 0.9764030406122118, 0.013288900836511939], [0.006479222056306161, 0.005717914366908828, 0.010683051958233656, 0.9771198115185513], [0.0077278296681557975, 0.010480805503255336, 0.9659343286735714, 0.01585703605501743], [0.0008997568352030395, 0.9943762794278804, 0.002315974836309485, 0.0024079888006070943], [0.00157456935446974, 0.9915164674186163, 0.003549129437349895, 0.003359833689564016], [0.988700966703048, 0.0028429291590153826, 0.0029332728021029676, 0.005522831235833692], [0.9901560635144248, 0.00241630907864089, 0.004046647602702992, 0.003380979704231332], [0.9883047219355069, 0.0035643807634610984, 0.003025177828587189, 0.005105719372444782], [0.9911196069994677, 0.0030336566277913935, 0.0035746492971618963, 0.002272086975579061], [0.9934382291230489, 0.0019479829058658413, 0.00272575908430401, 0.0018880287867812106], [0.989052714046504, 0.00362323524742291, 0.0046524820922058795, 0.0026715685138671897]], "ideal": "D", "sampled": "D", "correct": true}}
