{"type": "result", "data": {"idx": 0, "options": ["a force that works through matter", "essentially a philosophical notion", "merely a property of a certain kind of matter", "a supernatural phenomenon"], "probs": [[0.006870023412881916, 0.008960172821865045, 0.9578342345952217, 0.026335569070031328], [0.003158081117962117, 0.0017994108232711444, 0.0027869767481879678, 0.9922555312105787], [0.0004110111051853429, 0.9921885161251439, 0.0022745905509274685, 0.00512588211874325], [0.00034873266526877587, 0.9919413575718777, 0.004966906431783626, 0.0027430032310698555], [0.00813767585985751, 0.004355757424975229, 0.001759887455614233, 0.985746679159553], [0.003364080302808545, 0.01309888056608516, 0.977539880908306, 0.005997158122800231], [0.00048381383399893717, 0.011539783852890005, 0.9607229073086523, 0.027253494904458747], [0.0004821071737806604, 0.0021105727046446246, 0.001921694301034148, 0.9954856257205406], [0.0001511274415903629, 0.9839718415197328, 0.006527208235864736, 0.009349822702812066], [0.00013406415680667697, 0.9814015908498458, 0.005313427948575002, 0.013150916944772542], [0.0002125240658763905, 0.001021832036914566, 0.009847477483564286, 0.9889181663136447], [0.0002757202388616372, 0.0033852345961439467, 0.9684341995782586, 0.027904845486735816], [0.9932597434686333, 0.004188089482574103, 0.0007508856928681649, 0.0018012812559243952], [0.9932827084836394, 0.003873442893001544, 0.001801320527450613, 0.0010425279959084496], [0.9962481730672939, 0.0009595316830121577, 0.001385239983198325, 0.0014070551664956052], [0.9959748143512622, 0.0009518024523921001, 0.0014288197230805624, 0.0016445633732650581], [0.9940084466977591, 0.0032135440709769223, 0.0017746886648359118, 0.0010033204664280607], [0.9943822837529666, 0.003369025555092083, 0.0005808951693827271, 0.0016677954225586533], [0.0034059244498884176, 0.005442606890954485, 0.0014421504757993397, 0.9897093180833577], [0.0013918993971632051, 0.016563912549200168, 0.9778561412399418, 0.004188046713694832], [0.0005143714370254389, 0.0005184024344152147, 0.008975985544491982, 0.9899912404840674], [0.0011902643595131553, 0.0021385026620407044, 0.9776109452624113, 0.01906028761603479], [0.00019452674544464616, 0.9941261976717086, 0.0036992200183194575, 0.0019800554645273004], [0.0002224359932170214, 0.9953785523340716, 0.0012800282943814015, 0.0031189832783299933]], "ideal": "C", "sampled": "C", "correct": true}}
{"type": "result", "data": {"idx": 1, "options": ["In ancient Rome, religious worship was decentralized and tended to vary with one's social position.", "In ancient Rome, religious worship was the source of much social tension and turmoil.", "In ancient Rome, religious worship was homogeneous and highly centralized.", "In ancient Rome, religious worship was revolutionized by the introduction of Christianity."], "probs": [[0.8951143804904113, 0.013070954276395506, 0.07463308575927673, 0.017181579373916508], [0.8854586816967983, 0.014090169771272934, 0.015475181627118856, 0.08497596680480989], [0.9548227448148768, 0.01183311971749261, 0.019509663112962587, 0.01383447225466798], [0.9552969949440271, 0.016958545118867144, 0.008527485269569654, 0.019216974567536113], [0.8985861490595914, 0.006754432319834325, 0.03539073585636288, 0.05926868266421138], [0.6778395389893668, 0.008142030123579112, 0.2915374728673794, 0.02248095791967464], [0.009895744280932456, 0.9482442302948011, 0.018488410014736216, 0.023371615309530257], [0.009402822264329778, 0.9442480957938426, 0.015995242817812023, 0.030353839024015544], [0.0034656287813004632, 0.004925643650799977, 0.9684738100184939, 0.023134917449405656], [0.0012415638110583123, 0.0008942579674425375, 0.001683769619956225, 0.9961804085015429], [0.004317571928560385, 0.005587331089031915, 0.9619408369836525, 0.028154259898755203], [0.0012404282183741757, 0.001165263732666494, 0.002335534954109136, 0.9952587729948502], [0.005363160937216006, 0.9233345515831604, 0.04669526726947545, 0.024607020110148235], [0.010292572313386431, 0.824055520424169, 0.015572651809960012, 0.1500792553524846], [0.0008153489512320041, 0.008043821154367994, 0.9743757471546316, 0.016765082639768402], [0.0005059374890367238, 0.0013752465825347558, 0.0012327599185938361, 0.9968860559098347], [0.0012741726050806738, 0.00500013927472078, 0.9603470859195857, 0.033378602100612775], [0.00034968175044897804, 0.0008587105161209362, 0.004128712043008057, 0.994662895590422], [0.0035413192887038245, 0.9296516503785889, 0.03131837506878775, 0.03548865516391956], [0.004148552495279416, 0.9242705932066375, 0.028350698567974546, 0.04323015563010851], [0.0012703550202642197, 0.006401127395835673, 0.9801811752179102, 0.01214734226598997], [0.0005295351333909526, 0.0016310512429111945, 0.0022468439627978598, 0.9955925695609], [0.001096231981022519, 0.0053120790078758735, 0.9435838069593544, 0.05000788195174718], [0.0003187956303101743, 0.0008665580309481797, 0.010639332672253327, 0.9881753135664884]], "ideal": "A", "sampled": "A", "correct": true}}
{"type": "result", "data": {"idx": 2, "options": ["Many were accomplished scientists, who added important pieces to human understanding of the universe.", "They utilized new methods of communicating their ideas, such as salons and inexpensive printed pamphlets.", "Most rejected religion altogether and adopted atheism as the only credo of a rational man.", "Many believed that the new scientific discoveries justified a more tolerant and objective approach to social and cultural issues."], "probs": [[0.008567365441856822, 0.08320948861559804, 0.027016612447163395, 0.8812065333953817], [0.013549248749661636, 0.09779719307877596, 0.8062911666416386, 0.08236239142992381], [0.004619888939340132, 0.006072786607764667, 0.18745414823535972, 0.8018531761175355], [0.008024561813131988, 0.012046449311651572, 0.7453852578789258, 0.23454373089629055], [0.011488176495947048, 0.7219478245194626, 0.21343619403744069, 0.053127804847149615], [0.011671026667467882, 0.768642511740245, 0.042697196855530486, 0.17698926463675663], [0.013921528882510244, 0.010590828115718839, 0.014141331237245753, 0.9613463116645251], [0.019549066084075046, 0.029118249930651343, 0.8781228849715639, 0.07320979891370968], [0.008213219400317351, 0.005060004173570106, 0.014527674129278337, 0.9721991021968341], [0.01773263655891895, 0.019475597583512045, 0.8748136862554071, 0.08797807950216184], [0.09948225203353102, 0.7237086753682068, 0.06227058938491514, 0.11453848311334697], [0.06300223665056105, 0.7556621487849937, 0.08219049186324588, 0.09914512260119929], [0.003563639704510017, 0.007906100290500125, 0.10252861593765926, 0.8860016439673306], [0.005597030218660254, 0.013637958152495671, 0.7623474554915401, 0.21841755603730395], [0.0033009917280722757, 0.007918347707311849, 0.014116133948739857, 0.974664526515876], [0.007374674794662752, 0.028940624666679994, 0.9004651664821703, 0.06321953395648694], [0.00927300946017207, 0.7482711741722811, 0.03784405102429635, 0.20461176524325053], [0.008857409708121627, 0.7259897785035437, 0.21800439646348307, 0.047148415224851595], [0.40985342248321566, 0.028330053513807293, 0.4644640575074657, 0.0973524663955113], [0.3938050545704413, 0.024022070554353507, 0.0684358548205687, 0.5137370199546365], [0.47056094858896097, 0.35519585072983, 0.05709371831872658, 0.11714948226248244], [0.41877160580269773, 0.3873055403751763, 0.08119405442286957, 0.11272879929925639], [0.40127814185777166, 0.02730696487253307, 0.04792732044507474, 0.5234875727246205], [0.2640676389938871, 0.03203551712166281, 0.6140460119732123, 0.08985083181123783]], "ideal": "D", "sampled": "D", "correct": true}}
{"type": "result", "data": {"idx": 3, "options": ["The duke, as a member of the French nobility, is sympathetic to King Louis.", "The duke, as a member of the French nobility, is biased against the king because of his suppression of the nobility.", "The duke, as a member of the French nobility, supported the extension of the administrative, financial, military, and religious control of the central state over the French population.", "The duke, as a member of the French nobility, supported King Louis's preservation of the aristocracy's social position and legal privileges, while he removed their power."], "probs": [[0.06628379867076678, 0.08378875321246086, 0.15900637257805986, 0.6909210754387125], [0.08997564292671432, 0.0658272917443919, 0.7773276757320251, 0.0668693894968686], [0.06312538494654898, 0.21023408439935706, 0.12751701092884282, 0.5991235196252511], [0.035071088031170275, 0.07084484773229958, 0.7617132265700688, 0.1323708375664613], [0.02361788835102468, 0.6795296807556311, 0.2240937844906015, 0.07275864630274272], [0.020591627557491846, 0.6405981718240468, 0.12418773986959276, 0.2146224606488686], [0.012999307266954715, 0.0841027775724057, 0.10466876552524614, 0.7982291495353935], [0.02438982921162361, 0.041165549425425225, 0.8665686086281237, 0.06787601263482745], [0.015101985712075307, 0.04508492357355607, 0.4772098869378677, 0.46260320367650093], [0.018242215436254698, 0.0348880469854495, 0.7696691218082947, 0.177200615670001], [0.020964734566569963, 0.3279445517919027, 0.5755872811634031, 0.07550343237812426], [0.009027242659619737, 0.2536919116720185, 0.10911208390098455, 0.6281687616673772], [0.014772879408079195, 0.24217430455414213, 0.4119702144868742, 0.33108260145090446], [0.011111679868715859, 0.11048258475586088, 0.6874838111578329, 0.1909219241175904], [0.04142725886095212, 0.06027562983039349, 0.628120965762071, 0.2701761454465834], [0.026399274689366977, 0.0466944196499365, 0.6970262473658962, 0.22988005819480029], [0.0077603108189241085, 0.2757036319600887, 0.5569495420726344, 0.1595865150483529], [0.008656693250744236, 0.6460081657527571, 0.16591060939272628, 0.17942453150377236], [0.03571615647162555, 0.13691483079612593, 0.7636914649369552, 0.06367754769529341], [0.025976958089403954, 0.4291942771176207, 0.14153419618148508, 0.40329456851149026], [0.13495446991603707, 0.07111596447851813, 0.7410778540577595, 0.05285171144768532], [0.1084258264512047, 0.09568247165933615, 0.12095690673549184, 0.6749347950539673], [0.049261999297841, 0.051625841322330335, 0.7827620055258196, 0.116350153754009], [0.10580726439821321, 0.07271811690429371, 0.23110399680973706, 0.590370621787756]], "ideal": "B", "sampled": "D", "correct": false}}
{"type": "result", "data": {"idx": 4, "options": ["that the lyrics from the popular song Deutschland \u00fcber alles (which eventually became the German national anthem) were the reason Germany started the war", "that the lyrics from the popular song Deutschland \u00fcber alles (which eventually became the German national anthem) were evidence of Germany's aggressive attitude", "that the reason Germany lost the war was that it was betrayed from within", "that Germany provided the ultimate framework for modern warfare"], "probs": [[0.01433237198936883, 0.9220647956953343, 0.03204905664677985, 0.03155377556851704], [0.023247646338758036, 0.9071403808516633, 0.02718128470194685, 0.04243068800763185], [0.006396375331801564, 0.01595546681782427, 0.9346129423096415, 0.043035215440732646], [0.007863650595056218, 0.0038927821618827737, 0.0054045735664653635, 0.9828389935765957], [0.01845967941949188, 0.02503523025385106, 0.8964472345376079, 0.06005785568904922], [0.012673174794794967, 0.004698756674780607, 0.006783412181226819, 0.9758446562491976], [0.6345407101010405, 0.286009922610452, 0.03693554370144803, 0.04251382348705943], [0.34551856433152894, 0.5521407209103609, 0.03213989782220439, 0.07020081683590572], [0.4005793511294284, 0.04288627824097333, 0.5063937751027062, 0.05014059542689206], [0.7891596885653684, 0.020067213942175664, 0.014681582952937866, 0.17609151443951807], [0.3705124432423791, 0.04157044226210609, 0.5225161138300926, 0.06540100056542232], [0.8417713092506154, 0.018889915827361495, 0.016157439786237033, 0.12318133503578609], [0.007509940954666574, 0.030645188662132204, 0.9097134131135267, 0.05213145716967447], [0.005133935770475314, 0.008597630167333021, 0.007828258061021953, 0.9784401759011697], [0.007246107982611355, 0.6472030214389551, 0.28719964658580815, 0.058351223892625384], [0.008111023909836895, 0.8018977605330095, 0.03208048492911435, 0.15791073052803917], [0.0015452775909198474, 0.002393353470540121, 0.007546764318792985, 0.988514604519747], [0.005753655604423388, 0.007988228673866752, 0.6102718872271677, 0.37598622839454215], [0.024930884589605167, 0.0876997907204281, 0.7940081204802089, 0.09336120410975783], [0.0043714560472303595, 0.007151140654745298, 0.0068236731887767995, 0.9816537300092475], [0.012441766767180418, 0.6846314760546085, 0.20880532872728555, 0.09412142835092549], [0.005750981779606593, 0.7650968614427656, 0.03869196190658183, 0.190460194771046], [0.0013771549904438862, 0.002572831310722355, 0.005532397091341624, 0.9905176165074921], [0.004258549749963654, 0.007711289875917055, 0.6222298112799642, 0.36580034899415503]], "ideal": "B", "sampled": "B", "correct": true}}
{"type": "result", "data": {"idx": 5, "options": ["the Russian interest in French culture", "the spirit of camaraderie amongst the miners", "the sense of continual class struggle", "the need for noblesse oblige"], "probs": [[0.005772422692135067, 0.006439796306416525, 0.978490777426363, 0.009297003475085407], [0.0005214538867695101, 0.0008075712171592304, 0.002796626824674074, 0.9958743479713972], [0.011334086271078285, 0.9362622684753901, 0.027837670118213125, 0.024565975035318568], [0.012839779410544483, 0.9360082177994425, 0.026973743218752004, 0.024178259471260954], [0.0007589797442178161, 0.0009668900116764426, 0.001983927905055416, 0.9962902022390503], [0.009335259092062368, 0.007679240408209332, 0.9749376299390335, 0.008047870460694766], [0.008557608298451341, 0.00635974338089935, 0.9739208161504387, 0.011161832070210575], [0.0009511641902359825, 0.000879640652194612, 0.0027520550091171734, 0.9954171400484523], [0.010258860608218625, 0.9678005596533619, 0.007806493932294304, 0.014134085706125232], [0.005299235304416294, 0.9711454649907338, 0.016197448828556827, 0.007357850776292983], [0.0027268935995552234, 0.0018164148523011558, 0.001382003634637736, 0.9940746878135058], [0.005515450979223674, 0.007307032458839749, 0.9798130814715706, 0.007364434990365975], [0.9745386319186795, 0.006935757763558012, 0.0094800919405974, 0.00904551827716506], [0.9770879776348885, 0.00623343412711997, 0.01019720426063256, 0.006481383877358916], [0.9672438286656498, 0.013477759236054966, 0.006317201471676643, 0.012961210526618505], [0.9708419721497761, 0.009011606013767583, 0.015091620819847839, 0.005054800916608491], [0.9770260363573985, 0.010769671004662171, 0.0037513468110080385, 0.008452945726931288], [0.9760213320616588, 0.009347193708084218, 0.009347291496952813, 0.005284182633304172], [0.0010956107574604896, 0.0007588651291201159, 0.0019378369381601503, 0.9962076870752592], [0.011264189050917342, 0.004959831903529312, 0.9752727664241809, 0.00850321252137242], [0.001532723572243716, 0.0012029791463891112, 0.0012220279530063926, 0.9960422692283608], [0.0037806423268076836, 0.004779384221733828, 0.9848560772298943, 0.006583896121564206], [0.012003138635719958, 0.9685789170512019, 0.007691413016578488, 0.011726531196499667], [0.005675726556406596, 0.969551262885348, 0.017484646248082616, 0.007288364210162784]], "ideal": "C", "sampled": "C", "correct": true}}
{"type": "result", "data": {"idx": 6, "options": ["the size of landed estates", "the number of estates owned by an individual", "the monetary value of goods", "the amount of gold held"], "probs": [[0.005515887360349891, 0.007082626170086208, 0.9721714780835826, 0.015230008285981252], [0.0008646069278191048, 0.0016407443815650046, 0.0038147731467166475, 0.9936798754438992], [0.0024444402846546497, 0.9633156730271122, 0.017921827869425283, 0.016318058718807853], [0.003351702014267998, 0.9513774143510577, 0.017425265255174658, 0.02784561827949966], [0.00044860320142693595, 0.0010930896454431434, 0.004674449310586165, 0.9937838577425437], [0.004934261373275886, 0.005377134112375234, 0.9701730255587776, 0.019515578855571297], [0.04158589095577265, 0.009135352940177144, 0.9173934358268183, 0.03188532017723183], [0.005691403931984532, 0.0018768561024084761, 0.004868118442166075, 0.9875636214234409], [0.3185697889915185, 0.6140616146641559, 0.02872078683590761, 0.038647809408418075], [0.30027746408242273, 0.6356907959906448, 0.029271355214124013, 0.03476038461280838], [0.005528429473644411, 0.0019559128966264547, 0.002779884238999907, 0.9897357732907293], [0.07357154868073659, 0.013823861409353103, 0.8824105956537454, 0.03019399415616493], [0.9310702119248994, 0.014360217429603406, 0.03724780692252496, 0.017321763622972317], [0.9458899461802803, 0.012874569694622723, 0.014818571451245419, 0.02641691257385151], [0.533835854047762, 0.4029599470602871, 0.020062817850684894, 0.04314138094126603], [0.5472668480155743, 0.3941814950445816, 0.030875362855326258, 0.027676293984517823], [0.9362881476067546, 0.020048925692995715, 0.013565837761628284, 0.030097088838621427], [0.6672262722725912, 0.026692514069866675, 0.28252512950484426, 0.023556084052697792], [0.00046028589702672016, 0.0009082619789403167, 0.002587349549881292, 0.9960441024741516], [0.004993710454786177, 0.004916354339363042, 0.9666354245639374, 0.023454510541913436], [0.008023315202760058, 0.01646287577018329, 0.0035883069430569527, 0.9719255019839996], [0.009945608011777261, 0.3732089202692599, 0.5871528545062875, 0.02969261711267538], [0.010382017596559982, 0.8509315475028466, 0.04170901145338825, 0.09697742334720513], [0.05571601901444188, 0.16895812716702185, 0.7455025896699606, 0.029823264048575632]], "ideal": "C", "sampled": "C", "correct": true}}
{"type": "result", "data": {"idx": 7, "options": ["De las Casas was exaggerating to support the start of African slavery.", "Columbus was biased in favor of himself in his writings.", "Columbus's men were nicer to the natives than were later expeditions.", "De las Casas wanted the Spanish to leave the Americas."], "probs": [[0.03890677996285261, 0.07617344138952496, 0.039519090982367645, 0.8454006875652548], [0.1176947504164303, 0.21988992390817916, 0.28235971924819225, 0.3800556063271983], [0.05125012382350975, 0.0942603833270723, 0.06478633703700498, 0.789703155712413], [0.10737194599800225, 0.18264890531779795, 0.36326877902997257, 0.34671036955422724], [0.10591124031973868, 0.22421650572897542, 0.1059164482752262, 0.5639558055760597], [0.07984213946628088, 0.08237737100970706, 0.3992259114177753, 0.43855457800623676], [0.09824331762545749, 0.093742399233754, 0.16712215171647288, 0.6408921313243157], [0.19850675600690015, 0.16715943442427617, 0.06860492837819127, 0.5657288810906325], [0.11419543643464314, 0.09467036165865221, 0.3463244968076958, 0.44480970499900885], [0.1932948649735444, 0.12876245186289306, 0.37848823694842715, 0.2994544461151354], [0.12582391733580092, 0.2791525475243825, 0.05671597749761279, 0.5383075575422037], [0.15657159360956005, 0.27911694934534464, 0.13185180214604986, 0.4324596547990454], [0.2224996271879443, 0.2368425314911173, 0.1248157489892561, 0.4158420922316823], [0.25757569263963825, 0.3307319009772904, 0.10571419525366517, 0.3059782110294062], [0.2681940593902749, 0.22233351896465348, 0.13698696068146665, 0.37248546086360496], [0.3375233117174326, 0.22837646855005925, 0.23564503211213358, 0.19845518752037458], [0.2775672284658763, 0.21281337831376082, 0.14177457553031214, 0.3678448175900507], [0.348391167448092, 0.2671113550296487, 0.11310904219116828, 0.2713884352310909], [0.08556155604575118, 0.31790601256571027, 0.12645981827723543, 0.4700726130113031], [0.07123423844689172, 0.1508046936632557, 0.4432887135717921, 0.33467235421806046], [0.15048089061361422, 0.3039793556632346, 0.0818194492891773, 0.4637203043339739], [0.18042494758109168, 0.3423791603933435, 0.09508019152257166, 0.3821157004029932], [0.13494549808887216, 0.26421126890058905, 0.2561070330014461, 0.3447361999090927], [0.1793265017788121, 0.33502116296783907, 0.12325484865781668, 0.36239748649553216]], "ideal": "B", "sampled": "D", "correct": false}}
{"type": "result", "data": {"idx": 8, "options": ["the spread of revolutionary ideas among the British working class in the eighteenth century", "the rise of the Luddite movement in Britain in the eighteenth century", "the replacing of traditional laborers by machines in the industrialization of Britain in the eighteenth century", "an increase in the use of child labor in eighteenth-century Britain"], "probs": [[0.015415999204122243, 0.07707944095238678, 0.8961362949832091, 0.011368264760281877], [0.014209487829694103, 0.5208516505426048, 0.005187840455930587, 0.4597510210717704], [0.012704616159362938, 0.6670594189524959, 0.31026294915041963, 0.009973015637721487], [0.005537420588048857, 0.8747760774825819, 0.004926116274076334, 0.11476038555529293], [0.0024637830239591808, 0.0014485030465988724, 0.132424199438967, 0.863663514390475], [0.0019530514321422535, 0.0017644569803283146, 0.4631617979026634, 0.533120693584866], [0.05731263825568408, 0.017480956600397297, 0.9108268727948424, 0.014379532249076225], [0.3128622753242483, 0.011045299410171386, 0.0032146998971424065, 0.6728777252684379], [0.06164633293269522, 0.9059095055720143, 0.02164523181535609, 0.010798929579934311], [0.09766971192420759, 0.8842502199430664, 0.00685990831417701, 0.011220159718548978], [0.04579960544087711, 0.0023162400274246496, 0.0025637387480858414, 0.9493204156836124], [0.03586250708687478, 0.006898780885650622, 0.9396225862600919, 0.017616125667382677], [0.289751145202807, 0.024159679434413415, 0.6737496325177165, 0.012339542745063102], [0.6364959311762551, 0.012409362617140079, 0.005014382171499435, 0.3460803239351053], [0.326114119281471, 0.6286062024970807, 0.03437769425457297, 0.01090198386687538], [0.25145808656008434, 0.7276311150391858, 0.007477860202495305, 0.013432938098234632], [0.2364299102563591, 0.006251457885976206, 0.005872769072083349, 0.7514458626855813], [0.3823581919348909, 0.011279053942926885, 0.5830393411267915, 0.023323412895390777], [0.0006857957791367781, 0.001053915338730284, 0.03252594482680777, 0.9657343439553252], [0.0011757306020703155, 0.0024694837555454155, 0.82592200984276, 0.1704327756996243], [0.0035632634224902937, 0.03542717515350754, 0.003169246223144398, 0.9578403151008578], [0.0033874122785657545, 0.033681388839072526, 0.9541445940701101, 0.008786604712251648], [0.0026893759611600777, 0.44176208207380735, 0.005693378759605038, 0.5498551631054275], [0.0027770279392237193, 0.8861841243337001, 0.09789331479990247, 0.013145532827173706]], "ideal": "C", "sampled": "C", "correct": true}}
{"type": "result", "data": {"idx": 9, "options": ["Pride in the mastery of the military arts", "Chivalry", "Civic pride", "Patronage of the arts"], "probs": [[0.005155698338130518, 0.012271682593433322, 0.8209243324219826, 0.16164828654645355], [0.0057572184246023235, 0.010183533072189685, 0.8478055291602129, 0.13625371924299512], [0.010427599422155662, 0.20300226720992584, 0.02041640622803679, 0.7661537270398817], [0.015482370270205142, 0.149207194110946, 0.8193362598594136, 0.01597417565943525], [0.004996122579790862, 0.7130917671946191, 0.027649441271951156, 0.2542626688536389], [0.007723616232241202, 0.695262038430582, 0.2809167003476027, 0.016097644889574096], [0.004549167279507865, 0.01134767702780038, 0.8601830905253031, 0.12392006506738873], [0.0028911616678425917, 0.0077978734601729235, 0.8467036952731672, 0.1426072694988172], [0.00712786350929168, 0.4549899198978239, 0.02230133869012872, 0.5155808778027556], [0.014046637734938047, 0.8037336160993404, 0.15339731582835237, 0.028822430237369218], [0.011495218214991164, 0.017804147060341065, 0.013650940259405832, 0.9570496943652619], [0.04741472049528368, 0.07576880673836214, 0.8537080962633852, 0.023108376402969026], [0.829221588269741, 0.008653719412509038, 0.011111533826989806, 0.15101315839076007], [0.5206207225210574, 0.0132387623996683, 0.4453130909669075, 0.020827424012366733], [0.6931229730099863, 0.004387275630002043, 0.009002032403079709, 0.293487718856932], [0.8981210314659194, 0.011483725909571581, 0.06608429655445498, 0.024310945970054017], [0.9296342601072335, 0.02851471448012892, 0.02255705484716121, 0.019293970465476373], [0.9332362385033168, 0.03193365435645062, 0.016057310765567705, 0.0187727962746648], [0.16487253740068603, 0.016581700649828217, 0.031962002662669894, 0.7865837591868159], [0.1171026260967763, 0.026540729339003043, 0.8386766662195957, 0.01767997824462501], [0.06709310874127408, 0.007410959850638437, 0.013630812994406152, 0.9118651183136813], [0.15337430277414835, 0.027072280144640238, 0.7911818373820956, 0.028371579599115824], [0.08927024254729747, 0.8338534328310814, 0.040238675175740854, 0.036637649345880235], [0.1027016635780836, 0.8334637848442908, 0.02721408744176995, 0.03662046403585566]], "ideal": "C", "sampled": "C", "correct": true}}
{"type": "result", "data": {"idx": 10, "options": ["Utopian socialism", "Social conservatism", "Romanticism", "Social Darwinism"], "probs": [[0.0006870640812917253, 0.0008287522848201781, 0.0002864113542494867, 0.9981977721796386], [0.0006281386039205236, 0.002209611013386487, 0.9944549244180525, 0.002707325864640509], [0.0003651095616538105, 0.00047248316748943334, 0.00038865240683627785, 0.9987737547640204], [0.0019606958707587886, 0.0019760813190379365, 0.9844219266465872, 0.011641296063615992], [0.00021017438101976948, 0.9933638219856382, 0.0015289033220053938, 0.0048971002113365894], [0.000263107323689027, 0.9914462948193135, 0.0011791663455236845, 0.0071114314114738226], [0.0009530789081780427, 0.0013867079948767507, 0.0003118469896955464, 0.9973483660072496], [0.0006890860088609806, 0.004059437829959569, 0.9933188371676477, 0.001932638893531752], [0.00034285647191472377, 0.0003349129599620071, 0.0009392726090598279, 0.9983829578590634], [0.0012662776815515653, 0.0016386893804971258, 0.984699469709857, 0.012395563128094337], [0.0001771076257684145, 0.9940584603137832, 0.0029722127101344444, 0.002792219250313909], [0.00022017701696735385, 0.9929897508802709, 0.0010669512959634738, 0.0057231207067983455], [0.0003537763172288869, 0.0008687795724679787, 0.00027768043161592197, 0.9984997635786872], [0.00045746469329205645, 0.003250723714683861, 0.9899271273959706, 0.006364684096053511], [0.00018074638372327429, 0.00046516767467771804, 0.0005699293188428956, 0.9987841565227561], [0.0004217953224670273, 0.0017077915761748554, 0.9869068298679896, 0.010963583133368461], [0.00016969130403221813, 0.9903752480851237, 0.0027817833727222705, 0.006673277138121782], [0.00017109752934274186, 0.9908078049328499, 0.0012158126014059272, 0.007805284836401389], [0.990368626233889, 0.0039228641784293545, 0.0016610459950856212, 0.004047463492596029], [0.985836484903811, 0.0049362735703305785, 0.0013390036480444415, 0.007888237777813894], [0.9895571278727248, 0.00261105677541917, 0.0034590735117232606, 0.004372741740132791], [0.9844377857002564, 0.0036631227248185203, 0.0016255027332328204, 0.010273588741692229], [0.9841930858382753, 0.0025566462406963085, 0.0038983949894622126, 0.009351872831566209], [0.9839021273902033, 0.0029418048514214096, 0.0020537073119428983, 0.011102360346432348]], "ideal": "D", "sampled": "D", "correct": true}}
{"type": "result", "data": {"idx": 11, "options": ["Establish control of European states by democracy in the tradition of the Enlightenment.", "Suppress all voices in government other than his own and control all aspects of his citizens' lives.", "Suppress all nationalist revolutions across the continent.", "Suppress all speech but that of monarchs and the churches that they approve of."], "probs": [[0.0005762213009892774, 0.0011639793598728484, 0.0041266677979758006, 0.9941331314411621], [0.0012729465277649193, 0.004766612959217131, 0.9669556982617352, 0.027004742151282762], [0.0009005856716115695, 0.001439108515832288, 0.0022818096953617518, 0.9953784960171944], [0.0025376106177018663, 0.008451466923957951, 0.9617291633797339, 0.027281758978606258], [0.001755340854478075, 0.9381390292754274, 0.03471075027529947, 0.02539487949479513], [0.0014976994767640828, 0.965524654674995, 0.020039356229490598, 0.012938289518750212], [0.001219362642634059, 0.0011726324876408407, 0.0038750781579588497, 0.9937329266117663], [0.002820697550044671, 0.004008990488156371, 0.9657738194150437, 0.027396492446755256], [0.002350837951539661, 0.0019488779594027852, 0.0017606936371697835, 0.9939395903518877], [0.004595494954915404, 0.007229672477114068, 0.9769772558621381, 0.011197576605832371], [0.0034390302095016543, 0.9761453390974488, 0.005122663669093308, 0.015292966923956208], [0.001957836055039374, 0.9829686059089234, 0.011444254041650377, 0.0036293038943868068], [0.001520336036565606, 0.0009739509052274195, 0.0019218721591784387, 0.9955838407990285], [0.006516631349092918, 0.004273694248942091, 0.9671642866464046, 0.022045387655560387], [0.0019214880765078806, 0.0012213495716242285, 0.0014732502075671483, 0.9953839120443008], [0.005070929069305508, 0.004171200577897012, 0.9815756619069597, 0.0091822083458378], [0.010031605175742213, 0.9612471496144082, 0.0078130197063211, 0.020908225403528564], [0.006068858212860752, 0.9738759229692875, 0.012848115303488738, 0.0072071034143629765], [0.7118602857797954, 0.013878840693210211, 0.1296385502380404, 0.14462232318895388], [0.9050788318586818, 0.009154686411487407, 0.047223764971561506, 0.03854271665826929], [0.7507848849041932, 0.021973690220139272, 0.012135334521872704, 0.21510609025379482], [0.9651795433177092, 0.0078444484175722, 0.01972104691465346, 0.007254961250065138], [0.9624225227375396, 0.009888013866492495, 0.006091919645178727, 0.021597543650789204], [0.9710575638812351, 0.008016497580888508, 0.013851370235362558, 0.00707456820251385]], "ideal": "C", "sampled": "D", "correct": false}}
{"type": "result", "data": {"idx": 12, "options": ["the International Workingman's Association", "Pierre-Joseph Proudhon", "the Congress of Vienna", "the Paris Commune"], "probs": [[0.009374802258921427, 0.014981182147600114, 0.9638854169075624, 0.011758598585916068], [0.027972241691492695, 0.020786994461829453, 0.010130930372907476, 0.9411098333737704], [0.00705345551454084, 0.9310997957733631, 0.05012603602187776, 0.011720712590218278], [0.008215899769696704, 0.942285440355501, 0.02590903513593964, 0.023589624638862626], [0.011947329733500546, 0.011049300966204368, 0.012717650886580625, 0.9642857183137145], [0.01007619397314204, 0.013141784973636059, 0.9506466579674535, 0.026135362985768396], [0.022116455395892225, 0.01183857913023125, 0.9553500074838472, 0.010694957890029286], [0.04179815734665506, 0.011975313061570745, 0.009473280410643025, 0.9367532490811311], [0.008418926176414342, 0.9580676249529217, 0.022532600650366316, 0.010980848120297567], [0.008488822790793238, 0.9660265516717789, 0.014668979789853811, 0.010815645647574071], [0.0215983479775134, 0.00872645213023532, 0.007011902056731331, 0.96266329773552], [0.01598112034493676, 0.011511043592048423, 0.9584043160884138, 0.01410351987460095], [0.9664682787987162, 0.007152224897444251, 0.021689410822111448, 0.0046900853817281015], [0.9762078235729099, 0.007224373747457747, 0.008446199154727038, 0.008121603424905302], [0.9738870157820443, 0.00985091820886052, 0.010989775762369447, 0.005272290146725769], [0.9833925040289528, 0.007450100718738023, 0.0052010857637999515, 0.003956309388509217], [0.96607215866823, 0.008358385456955603, 0.014669421432643048, 0.010900034342171348], [0.9651512447026581, 0.006762437530790612, 0.023788349957010124, 0.004297967709541182], [0.010947856393351914, 0.007763077503487419, 0.010777926355289742, 0.970511139647871], [0.009480337942316269, 0.00940659210024561, 0.9595814334651719, 0.02153163639226629], [0.01760558049596148, 0.01308312229691178, 0.007812357659674142, 0.9614989394474526], [0.012007620072583193, 0.01459761881498285, 0.9614803700539825, 0.011914390958451473], [0.005973664462286461, 0.9437693910264737, 0.02940553598980547, 0.020851408421434302], [0.005831821375679653, 0.943210708494713, 0.04080145494071736, 0.010156015088889999]], "ideal": "C", "sampled": "C", "correct": true}}
{"type": "result", "data": {"idx": 13, "options": ["Laissez-faire capitalism", "Mercantilism", "Industrialization", "Bullionism"], "probs": [[0.04993432452806544, 0.019252274862753844, 0.8715112268800672, 0.05930217362911349], [0.027654259299602944, 0.0062191646872253375, 0.006170504481616436, 0.9599560714315553], [0.011664587807641312, 0.9194463932432608, 0.01619606251524001, 0.05269295633385789], [0.010634563951351865, 0.878473467949718, 0.015353812963269384, 0.09553815503566065], [0.03233265365401864, 0.006317367505955298, 0.0162578776948079, 0.9450921010452181], [0.025874671645515594, 0.009821308951195169, 0.81770465043789, 0.1465993688653993], [0.04278948380762395, 0.017838732336697718, 0.8730937696988725, 0.06627801405680575], [0.033841329104886554, 0.00835871846843645, 0.013888440429829509, 0.9439115118968475], [0.036443564570200725, 0.7552615482583763, 0.11226629723376598, 0.09602858983765694], [0.028827152284268135, 0.7791576152511824, 0.033704630022712824, 0.15831060234183655], [0.02149875526855269, 0.004797321838837846, 0.015484997948356487, 0.958218924844253], [0.026032590682585417, 0.010274941617384166, 0.8895293920664812, 0.07416307553354919], [0.9215371616395077, 0.022360958177559048, 0.01366907266173639, 0.04243280742119683], [0.8417458415808441, 0.025418730095019316, 0.015297760040397769, 0.1175376681837388], [0.8942272545628264, 0.012171884838758657, 0.05045043610807212, 0.04315042439034285], [0.879172802292915, 0.011508058760797942, 0.007547255142557665, 0.10177188370372939], [0.8313053822399467, 0.014303636790191086, 0.02285758749489408, 0.13153339337496814], [0.9039319048924292, 0.011290438150645336, 0.015074729800890843, 0.06970292705603454], [0.01012662750437667, 0.005506174845012789, 0.028847924005316865, 0.9555192735452936], [0.009259531816799445, 0.006881631382558371, 0.8873669428833174, 0.09649189381732472], [0.01702590610727828, 0.007674748324878613, 0.015994384428908947, 0.9593049610389341], [0.01709451031110202, 0.02300422222792248, 0.9047162089384275, 0.055185058422547964], [0.0075951847275552015, 0.8056241276825861, 0.0353972129653188, 0.15138347452453996], [0.0070148504361949495, 0.856405110998479, 0.04197750315248669, 0.09460253531283924]], "ideal": "B", "sampled": "C", "correct": false}}
{"type": "result", "data": {"idx": 14, "options": ["provoking fear to drive their readers to action", "attacking the extreme communists who threatened to sink the entire movement", "demonstrating the understanding of the others in point of fact", "explaining the reasons for debunking opponents of communism"], "probs": [[0.5575980315039074, 0.052681380581448445, 0.07200725080813211, 0.31771333700651205], [0.19756738857682354, 0.044777527836141945, 0.7340589214083434, 0.023596162078691103], [0.5686910469647498, 0.08997973556548602, 0.03692792189466786, 0.3044012954750963], [0.46071214337346544, 0.09071971644149476, 0.43280337062626656, 0.01576476945877323], [0.2493429938057428, 0.7103121902467493, 0.021117370652223025, 0.019227445195284906], [0.33674158702711043, 0.6097606306098854, 0.04348663851572279, 0.01001114374728137], [0.07531063946842073, 0.2886949755805003, 0.07074822432027913, 0.5652461605307999], [0.03541031927733599, 0.1715933238511683, 0.7690364073069288, 0.023959949464566883], [0.01663007177328005, 0.03359362780130081, 0.5771429409148163, 0.37263335941060277], [0.01154359355103374, 0.03237483701379598, 0.7967260009225404, 0.15935556841262988], [0.009337358941030684, 0.9231296937319382, 0.05373313345270808, 0.013799813774322968], [0.011208671365498402, 0.8630193520542402, 0.04164552424441343, 0.08412645223584793], [0.08216365109415931, 0.7795482683656734, 0.03761781202867468, 0.1006702684114926], [0.056444873885668836, 0.8692587326815931, 0.06199346597870412, 0.012302927354033944], [0.08790238552842945, 0.03780632296692307, 0.46783096482407366, 0.4064603265805738], [0.04968801866836167, 0.03309940906618567, 0.6443688248780892, 0.2728437472873634], [0.14187866828121037, 0.45798998463867696, 0.37969163066254363, 0.020439716317569027], [0.17952585486056025, 0.6364751552373743, 0.041980654622598396, 0.142018335179467], [0.8775371884306691, 0.09249164766118315, 0.015336799502306793, 0.014634364305840943], [0.7477256947422333, 0.20763572370485, 0.036650275378838436, 0.007988306074078303], [0.8770818905493146, 0.03296181260379428, 0.07087943860655269, 0.01907685814033843], [0.7249652823635757, 0.03444104307293374, 0.08133916646925385, 0.15925450799423668], [0.49936074292524346, 0.09382710657351467, 0.3889048716907118, 0.01790727871053004], [0.6965904909039755, 0.1210492564734011, 0.03634588833176349, 0.1460143641908599]], "ideal": "D", "sampled": "D", "correct": true}}
{"type": "result", "data": {"idx": 15, "options": ["the role of women in army regiments", "the running of a school for domestic servants", "the running of a school for girls", "the role of a woman in running her own domestic household"], "probs": [[0.00018789861851991943, 0.0003946792488931882, 0.0008688149219493109, 0.9985486071106375], [0.0008779883814508182, 0.0019027924183981513, 0.993405424655655, 0.0038137944444960326], [0.00018631260202917592, 0.0004647371722821831, 0.0014769145655469814, 0.9978720355601417], [0.00047738318507692585, 0.0013921914528117238, 0.993457396619552, 0.0046730286425593695], [0.0004384181792926419, 0.9942337892498446, 0.0033163414069643303, 0.0020114510638983493], [0.00036633485634919496, 0.9942934370302784, 0.0028367859369675796, 0.0025034420764048007], [0.00021120917788506385, 0.0003794698326144355, 0.0010980268848289022, 0.9983112940046716], [0.0009052524305413648, 0.0013803619956087331, 0.9927435731279599, 0.004970812345890002], [0.0004647932291904988, 0.0008350750882877213, 0.0006977372577242465, 0.9980023943247975], [0.0007046603256794894, 0.0025574865522369843, 0.9922493499427485, 0.004488503079335009], [0.0010947949932637614, 0.9875726648764503, 0.006759124365119038, 0.004573415665166902], [0.001149502252891009, 0.9894383119673741, 0.006262984697561818, 0.00314920098217309], [0.0002770939769080939, 0.0005017477377478065, 0.0028425596433587375, 0.9963785985419853], [0.0006816512509986984, 0.0012057289015172308, 0.9903115652227402, 0.007801054524743795], [0.0004232735762122678, 0.0008352211637094126, 0.0005651457598901365, 0.9981763594001881], [0.0006420113463891956, 0.0024803851143146614, 0.9928829024944547, 0.00399470094484143], [0.0006569366332889201, 0.9846872183117633, 0.005587101162232377, 0.009068743792715422], [0.0006413674007578566, 0.9918699595961726, 0.005124237409397443, 0.00236443549367212], [0.9910237165999637, 0.0026561444753145052, 0.0025744125327966626, 0.0037457262919250913], [0.9845111903194951, 0.003133517394020156, 0.002853088468207098, 0.009502203718277695], [0.9920957092098169, 0.0021872511141549527, 0.0024591761184535326, 0.003257863457574622], [0.9928878283540796, 0.0022584711536352414, 0.0031355609289218907, 0.0017181394633632864], [0.969341240470577, 0.0032332912481070363, 0.003158377516543527, 0.02426709066477236], [0.9939381729155847, 0.002140541381728629, 0.0021742419884270767, 0.0017470436142595393]], "ideal": "D", "sampled": "D", "correct": true}}
