{"type": "result", "data": {"idx": 0, "options": ["The formation of the non-aligned movement", "Global disarmanent and nuclear non-proliferation", "The Green Revolution in agriculture", "Mobilization of pan-Asian ideology"], "probs": [[0.972433856311245, 0.01205141905378393, 0.0028849438875618626, 0.012629780647409194], [0.9779560296286735, 0.01231068618177707, 0.0036390515903544033, 0.006094232499195056], [0.9750323406866093, 0.006171711236919085, 0.007444499600559121, 0.011351448375912496], [0.9708552765732579, 0.006963497356529213, 0.004675075785556274, 0.01750615018465662], [0.9766614681982112, 0.007693629435234861, 0.00885531460691202, 0.00678958765964196], [0.9742608347872834, 0.007674732460230864, 0.0028014168158635605, 0.015263015836622186], [0.0039552366541246815, 0.9602747603303428, 0.010179463820349711, 0.02559053909518284], [0.0026524165711720197, 0.9742930898016842, 0.011167233298601467, 0.01188726022854229], [0.0022209439942079113, 0.004738591056987063, 0.9687875327842558, 0.02425293206454927], [0.00023728083756153432, 0.0007599638773456947, 0.0015593178101461558, 0.9974434373749466], [0.001606638534169325, 0.010724899298044878, 0.9806349221718457, 0.007033539895940143], [0.000409701139266372, 0.0017520208938535899, 0.0010626651721428843, 0.9967756126947371], [0.0008519663002368207, 0.979103425685222, 0.010218145735747185, 0.009826462178793948], [0.0007371419661761701, 0.982719958816409, 0.0052792971891637555, 0.011263601928251104], [0.0010111259424534428, 0.006390444720960625, 0.9862080483112196, 0.006390380925366394], [0.0001260902883279066, 0.0009389522126221044, 0.0009316398164759788, 0.998003317582574], [0.000501609097970029, 0.006158662268888337, 0.980604016657256, 0.012735711875885543], [0.00024286889404458175, 0.0012430330785895226, 0.0012142290153183957, 0.9972998689120475], [0.0015516024730886796, 0.9619471851165794, 0.027288982146358783, 0.009212230163973156], [0.0025553271684390084, 0.9684262845278416, 0.00891920532560869, 0.020099182878110723], [0.002652233327865726, 0.013260232988332458, 0.9742333898146792, 0.009854143769122631], [0.0008927427022980306, 0.0028370830400941327, 0.001846139416451431, 0.9944240347411564], [0.0030871212757615477, 0.005129728047734122, 0.9474696339989763, 0.044313516577528016], [0.0005469528624111839, 0.0007653200577907794, 0.002032123658026132, 0.9966556033217719]], "ideal": "A", "sampled": "A", "correct": true}}
{"type": "result", "data": {"idx": 1, "options": ["How societies shared strategically important technologies with each other", "Why European states went on to attain military superiority over non-Western powers in the modern era", "Why Silk Road commerce dwindled across the breadth of Eurasia after 1500 C.E.", "How the medieval climatic optimum affected the process of cultural diffusion"], "probs": [[0.01067283821040612, 0.9311888245359153, 0.027254991195567776, 0.030883345958110722], [0.012324533251867317, 0.9197447766597118, 0.016846194626296156, 0.05108449536212479], [0.00836258151190794, 0.00816898095772477, 0.9590807522825029, 0.02438768514786433], [0.045762748860169504, 0.013317726787903644, 0.007240767212342065, 0.9336787570395848], [0.017466659603011, 0.008646764295172723, 0.9099959591795427, 0.06389061682227357], [0.02936577659314839, 0.0064508310091484465, 0.006760403589037075, 0.957422988708666], [0.9691439901814035, 0.01027334734614121, 0.008190676171768331, 0.012391986200686968], [0.945745952809383, 0.013281281216168277, 0.006523616665985512, 0.03444914920846316], [0.9612430243607211, 0.011546365808040426, 0.01371163489428477, 0.01349897483695374], [0.9197590543633011, 0.013965902237317541, 0.0074754922165062195, 0.05879955108287516], [0.9402195346238179, 0.009362828454714981, 0.01221146001618488, 0.038206176805282266], [0.9168028958641016, 0.010105574643703681, 0.009718499281195898, 0.06337303011099885], [0.009573638152904452, 0.017886127741749774, 0.9465163663121358, 0.026023867693209968], [0.01734523125083261, 0.0696817049459199, 0.009284323201499533, 0.903688740501748], [0.005956176019390521, 0.9483660909019789, 0.023374279206226062, 0.022303453772404537], [0.006546275469326515, 0.9055804256582317, 0.01353770166221537, 0.07433559711022637], [0.0175909791451815, 0.0060793124246465635, 0.07406076056898507, 0.9022689477611868], [0.012422104191346674, 0.008604662371805074, 0.8573738811978436, 0.12159935213900458], [0.00823958505085775, 0.012369222121652295, 0.9230837907006243, 0.05630740202686568], [0.006324414997677588, 0.016149903140915713, 0.00905930729011392, 0.9684663744712928], [0.005061877532632828, 0.9204492512596999, 0.025706775527004913, 0.04878209558066241], [0.005392974544455541, 0.8387985570812426, 0.020999306175175834, 0.134809162099126], [0.0037582606744138067, 0.007956231789713629, 0.08290545481332569, 0.9053800526225468], [0.005143973654882456, 0.00725425641349135, 0.9208937307831271, 0.06670803904849912]], "ideal": "B", "sampled": "B", "correct": true}}
{"type": "result", "data": {"idx": 2, "options": ["They kept horses in their court, which would have come from the Mongols.", "The Ghanian king had adopted the Chinese tradition of the kow-tow .", "The king adorned himself with gold and jewels, probably from India.", "The people in his court wore silk robes."], "probs": [[0.048022281552602325, 0.03624856485156538, 0.05747084340426371, 0.8582583100915686], [0.03800768631362438, 0.0269521975163805, 0.04918325612549426, 0.8858568599445008], [0.08189022222259972, 0.27702771079149674, 0.03577546961566893, 0.6053065972702346], [0.07819280714361151, 0.2604313175087663, 0.534433182018949, 0.12694269322867327], [0.04695563162981098, 0.07048938081318834, 0.036854764520744786, 0.8457002229362559], [0.10029763358174512, 0.1553474540123848, 0.5682891645782442, 0.17606574772762582], [0.03620027332313278, 0.046483056835001216, 0.053497945294259566, 0.8638187244476064], [0.026355078733009386, 0.03925740111927604, 0.05449874001203932, 0.8798887800356753], [0.05163499782315971, 0.05411253215050573, 0.03412762948877875, 0.8601248404375558], [0.044937843473544084, 0.06288080404185956, 0.11385642269448579, 0.7783249296901106], [0.01901577089950422, 0.028547369685267193, 0.2044291251358251, 0.7480077341794035], [0.02326694416606907, 0.037472972385336735, 0.10591236954610492, 0.8333477138024893], [0.20446700617366076, 0.12400725199559229, 0.03160131095038659, 0.6399244307803603], [0.26236992241850254, 0.10115103506523192, 0.5218481848636709, 0.11463085755259457], [0.15995751438893827, 0.05571116175475284, 0.03275090107553695, 0.751580422680772], [0.2584196665389157, 0.04706128011264588, 0.1299350876966582, 0.5645839655517803], [0.32956630233781736, 0.4166248471366838, 0.15327826254979518, 0.10053058787570364], [0.2703278181211752, 0.40581700460761916, 0.04923218903131422, 0.27462298813989144], [0.048698946647322924, 0.1941292278493183, 0.057830054091727666, 0.6993417713116311], [0.06288075676163811, 0.4539099261231611, 0.35909453068033215, 0.1241147863348686], [0.02145378046737832, 0.03537247167903939, 0.09919576937135138, 0.8439779783822309], [0.022616527635331382, 0.040953818094303394, 0.06052236540722066, 0.8759072887631446], [0.04958084240506129, 0.5900912745895855, 0.2039394985037111, 0.156388384401642], [0.029734776155512246, 0.4990446959152709, 0.044291514169201913, 0.42692901366001496]], "ideal": "D", "sampled": "C", "correct": false}}
{"type": "result", "data": {"idx": 3, "options": ["the Arab-Israeli conflict.", "the Korean War.", "the Cold War.", "the Vietnam conflicts."], "probs": [[0.004831551807612459, 0.016091401846674274, 0.9574233429412313, 0.02165370330448191], [0.008552989833987078, 0.018827907546303594, 0.029161270406185515, 0.9434578321135239], [0.0038279486794040246, 0.9514065013813873, 0.027202284606860423, 0.017563265232348278], [0.004491086576861463, 0.9547584638608115, 0.026252426167766123, 0.014498023294560845], [0.007271893849993969, 0.015394467114578436, 0.01730831838044372, 0.9600253205549839], [0.007250776365124037, 0.019403962018926954, 0.9571323793756927, 0.016212882140256228], [0.010197880657298075, 0.019811225961661412, 0.9397817497310598, 0.030209143549980687], [0.02849866599128771, 0.04082289390870704, 0.050805590792442824, 0.8798728492075624], [0.013135746032889965, 0.8516980360035916, 0.07442302734330089, 0.060743190520217545], [0.007455435369438054, 0.8287265143452035, 0.11042097697229905, 0.05339707321305936], [0.02055846766888131, 0.030622034197793288, 0.053743438328658806, 0.8950760597046666], [0.011106056149770916, 0.027273926855807713, 0.9246301641465057, 0.03698985274791568], [0.952796918192651, 0.012278265089836279, 0.023300019587853726, 0.011624797029659018], [0.9631746531934963, 0.011213320210447159, 0.012806017904641476, 0.012806008591415037], [0.9643479521814904, 0.010222267291831339, 0.013755592426502945, 0.011674188000175336], [0.9646795253223498, 0.009094938135580424, 0.015592412830832257, 0.010633123611237463], [0.9485302292683303, 0.010054556361613006, 0.028198744284744476, 0.013216469985312151], [0.9712058548058283, 0.00730018943036791, 0.013962014069764215, 0.007531941594039595], [0.010283540511895, 0.05473007409460856, 0.03761572608805177, 0.8973706592054447], [0.006340613255261425, 0.019837940525471772, 0.9633674226443527, 0.010454023474914056], [0.005386798872812041, 0.01312580295128521, 0.03198274361693494, 0.9495046544589678], [0.004842132064471912, 0.01663852924353257, 0.9595173397990822, 0.01900199879291339], [0.003749018481809839, 0.9102038673469734, 0.06593733858431247, 0.02010977548690426], [0.0028216259766120507, 0.9436850361066025, 0.031299005803070455, 0.02219433201371498]], "ideal": "C", "sampled": "C", "correct": true}}
{"type": "result", "data": {"idx": 4, "options": ["They became a part of Japan\u2019s territory.", "The Americans established freedom for all Koreans.", "The Korean economy never recovered.", "Korea remains divided into two nations near the 38th parallel."], "probs": [[0.00019837842023279429, 0.0006158455613589703, 0.0009917795129939162, 0.9981939964054143], [0.0015316519996975927, 0.003478789398887775, 0.9874504138588487, 0.007539144642565893], [0.00018067051434004017, 0.0006017271180412548, 0.0007665911235178878, 0.9984510111441008], [0.0019078344877302836, 0.004134766874042877, 0.9806103386736911, 0.013347059864535753], [0.0027132454146745156, 0.9659794370201004, 0.01675227229481113, 0.014555045170413968], [0.004166458802808903, 0.972820775030477, 0.01168612596494656, 0.011326640101767455], [0.00017776330827654256, 0.0009387076539308257, 0.0010309219805626846, 0.9978526069572299], [0.0013093774716628045, 0.005385041159230077, 0.986910686567686, 0.006394894701421119], [0.00012131474614645895, 0.00043010090785439295, 0.000882448202635444, 0.9985661360433636], [0.001027607312233937, 0.00268638098496057, 0.9867621807282706, 0.009523830874534912], [0.001054340466979576, 0.9736099461937757, 0.015253573065007922, 0.010082140174236727], [0.0012096477052039823, 0.9857827814467803, 0.005421590929817965, 0.00758597981819765], [0.00016450566003417425, 0.000737256951591702, 0.0006208200256828326, 0.9984774172626912], [0.0016755754098778856, 0.005987090547312364, 0.9835578409969731, 0.008779492945836685], [0.00016447382478520817, 0.00047965651193653886, 0.001097859366198101, 0.9982580101970802], [0.0011189832777910992, 0.0024062463031690275, 0.9860227874096492, 0.010451982909390617], [0.002408917774257325, 0.9493241960474693, 0.03004384989342478, 0.018223036184848558], [0.001547131408669479, 0.9517254547034633, 0.017985684263541666, 0.02874172952432555], [0.9640823230133769, 0.011136469689398978, 0.011136348617461472, 0.013644858579762614], [0.9639442190482307, 0.012039610463844164, 0.012617261441495985, 0.01139890894642917], [0.9257905854191992, 0.01279926920853992, 0.04609126485574814, 0.015318880416512729], [0.9553321865854143, 0.012801217404175955, 0.01568424274958571, 0.016182353160824035], [0.9631583644829596, 0.007951235360829222, 0.019374083635443174, 0.009516316420768025], [0.9680551886599635, 0.008375153361205574, 0.00898517799192432, 0.01458447988690653]], "ideal": "D", "sampled": "D", "correct": true}}
{"type": "result", "data": {"idx": 5, "options": ["Optimistic, encouraged", "Understanding, accepting", "Cynical, enthusiastic", "Sincere, resigned"], "probs": [[0.12766446314590582, 0.04017152309207701, 0.7699417557163436, 0.06222225794567357], [0.3251956669448885, 0.036485466367382036, 0.04007260084346506, 0.5982462657442644], [0.17747425171759237, 0.7019210117168159, 0.02852373059252584, 0.09208100587306597], [0.18652148612407815, 0.6930074716895993, 0.06446161144499195, 0.05600943064133055], [0.2543342978886138, 0.1642079483828255, 0.03442129081417672, 0.547036462814384], [0.15566285747240174, 0.19072285930144045, 0.6061357584226879, 0.047478524703469915], [0.07173747461708044, 0.09068476272682342, 0.7834246041077065, 0.054153158448389555], [0.2198186383908114, 0.10881700446722274, 0.05471836070704418, 0.6166459963349217], [0.02244291106882053, 0.9105898242716716, 0.04192935721823029, 0.025037907341277657], [0.029948408549887135, 0.8889969900910405, 0.03393653817389444, 0.04711806308517796], [0.11267706645771318, 0.027184515805390823, 0.1589037524147268, 0.7012346652221692], [0.042160585361375194, 0.04777400549852688, 0.833718177467219, 0.07634723157287887], [0.9714245324783198, 0.013856530448396302, 0.004259180070893196, 0.010459756902390656], [0.9576499817922454, 0.01896504010685277, 0.015478854642708, 0.007906123358193804], [0.9650340625910954, 0.005561741971236869, 0.02269527304241351, 0.006708922295254247], [0.9697757109460898, 0.009359872654935864, 0.008656482916967008, 0.012207933382007338], [0.9396472827092391, 0.011828330845967903, 0.040644759694570834, 0.007879626650222104], [0.9531765392804017, 0.016920767391889385, 0.009491712599671326, 0.020410980628037634], [0.02458806381479013, 0.35571030441300194, 0.03308754848148508, 0.5866140831907228], [0.0168278133703209, 0.2591489115185451, 0.6935500723306336, 0.030473202680500418], [0.03113275416029193, 0.022076233836932496, 0.13107522709606426, 0.8157157848067113], [0.016242344431993544, 0.03806051665029189, 0.8799310780239488, 0.06576606079376578], [0.00443148992889653, 0.9420776524173495, 0.035963256511350246, 0.01752760104240366], [0.007392180992365009, 0.931072639900712, 0.01932477303885403, 0.04221040596806893]], "ideal": "C", "sampled": "C", "correct": true}}
{"type": "result", "data": {"idx": 6, "options": ["Revolutionary progressivism does not always concern itself with gender equality.", "Women typically assume leadership roles during times of revolution.", "Women rarely support revolutions and therefore receive little benefit from them.", "Revolutionary movements are generally uninterested in women's rights."], "probs": [[0.03684199793189392, 0.029143945899728373, 0.7285208485265665, 0.20549320754181125], [0.43468859852826836, 0.06165039870380576, 0.21857379399167154, 0.28508720867625437], [0.6596975749895287, 0.032843749110445804, 0.17755472195279132, 0.1299039538472341], [0.5755520016454687, 0.03566032368192455, 0.07092047666959309, 0.3178671979030136], [0.61704579917049, 0.0547644269821241, 0.12150211655450774, 0.2066876571928782], [0.4266804674831928, 0.05424475195750638, 0.02792357601088491, 0.49115120444841587], [0.019385606192986793, 0.7388858253431966, 0.18107447161260345, 0.06065409675121316], [0.06394457649689714, 0.7912683875854345, 0.08471444772453915, 0.06007258809312926], [0.02555222657401131, 0.7948979279390934, 0.1318102006509886, 0.04773964473590669], [0.025040799839618127, 0.8292240508738299, 0.05555580162610283, 0.09017934756044918], [0.10886944261530548, 0.08347182284725382, 0.6880867717724833, 0.1195719626649573], [0.06482125217909918, 0.06687694936791987, 0.290504134205083, 0.577797664147898], [0.13598467914833307, 0.08917955640480543, 0.6799006118653534, 0.094935152481508], [0.08056146205757582, 0.052831856634096695, 0.05283272090147805, 0.8137739603068495], [0.043726701122148035, 0.2255565366461453, 0.5850749589473737, 0.1456418031843329], [0.03531052864272157, 0.25685831519094016, 0.06197085138579114, 0.6458603046805471], [0.022483694039810626, 0.021453720247813696, 0.029323898476937286, 0.9267386871354384], [0.017102358574346818, 0.021284032254109218, 0.49206062321558053, 0.46955298585596345], [0.137678112443087, 0.26537477176591096, 0.36273833024634483, 0.2342087854446572], [0.051006318008661414, 0.050608214883201844, 0.021937540435597345, 0.8764479265725394], [0.012027939981977855, 0.08155534552339397, 0.7983685864926412, 0.10804812790198691], [0.008134294315609313, 0.030938411186034638, 0.17527835101982236, 0.7856489433785336], [0.02864394730050084, 0.021961739879114556, 0.10559626057901748, 0.8437980521413672], [0.004662315789488799, 0.00905723583143296, 0.15805281572004806, 0.8282276325590302]], "ideal": "A", "sampled": "A", "correct": true}}
{"type": "result", "data": {"idx": 7, "options": ["Sub-Saharan Africans relied on European merchants to sustain population growth through the constant importation of New World foodstuffs.", "Sub-Saharan Africans consolidated new states and kingdoms by trading with the Europeans for firearms.", "Sub-Saharan Africans depended on European merchants as the sole purchasers of slaves.", "Sub-Saharan Africans allied with European powers to evict Muslim and Arab merchant princes from encroaching on their sovereignty."], "probs": [[0.02785266358093258, 0.010907115542485126, 0.5255460351942416, 0.43569418558234074], [0.0037361362801474484, 0.0038246759539168154, 0.003915397949327732, 0.988523789716608], [0.0639815385879211, 0.5702558585354889, 0.08344962198347948, 0.28231298079311057], [0.031241116634821407, 0.4051354474244664, 0.04337461235755879, 0.5202488234831534], [0.002761476624687949, 0.003357029228187393, 0.0029858229157470354, 0.9908956711313777], [0.01760730341649237, 0.00935103841661581, 0.5876490500524145, 0.3853926080144772], [0.04492180915537105, 0.024044124926226946, 0.6601224172131855, 0.27091164860521644], [0.006970512251803881, 0.006446545942607446, 0.007080193187999299, 0.9795027485175893], [0.15715930918100793, 0.06654330788550258, 0.4917152853223523, 0.2845820975111371], [0.03941538738661228, 0.03267549192287579, 0.044663039662620314, 0.8832460809278916], [0.008022979443840318, 0.010795800422745932, 0.016852143334112186, 0.9643290766993016], [0.011819810600995045, 0.014824794361647851, 0.40383723157502116, 0.569518163362336], [0.5653619380237276, 0.08144595031542035, 0.06443069369560997, 0.28876141786524206], [0.3392696494024979, 0.06082615087107781, 0.04051983491923965, 0.5593843647071847], [0.3600823825225405, 0.06557443639614434, 0.34900766087547225, 0.22533552010584293], [0.1001915248271121, 0.04376944004151834, 0.030083055038839478, 0.82595597999253], [0.26283214081055484, 0.039065473650933005, 0.18348540773982944, 0.5146169776986828], [0.24138565269162768, 0.04327664135233186, 0.059153452289322984, 0.6561842535667175], [0.003878343694956157, 0.004605525075998755, 0.0046780690567676305, 0.9868380620722774], [0.025309282623811182, 0.017806775401810464, 0.38976227216870146, 0.5671216697056769], [0.003774946606011299, 0.005407230667392925, 0.0075072302582624845, 0.9833105923683333], [0.009416821385490161, 0.010261535614834697, 0.22636872464473143, 0.7539529182549437], [0.07661118760186893, 0.1673288568390981, 0.19871506694735952, 0.5573448885116734], [0.05523336449694221, 0.1151125460963614, 0.11333081420612894, 0.7163232751005675]], "ideal": "B", "sampled": "C", "correct": false}}
{"type": "result", "data": {"idx": 8, "options": ["Hitler's belief that Poland's territorial borders should not be violated", "A rising intolerance of ethnic and political minority groups", "A widespread belief in Germany that it had been unfairly treated at the end of World War I", "Hitler's attempted collaboration with Italian leader Benito Mussolini"], "probs": [[0.005087428861965724, 0.002831654000194749, 0.9847934508762046, 0.007287466161634928], [0.004558492043358728, 0.0018274932626038646, 0.0014456770018479506, 0.9921683375921895], [0.0029182353815977685, 0.991410575566273, 0.003034712631970913, 0.002636476320158336], [0.003625697347039314, 0.9897470175981385, 0.0030296695436982895, 0.003597615411123831], [0.0015696457244208542, 0.0009446403784006957, 0.0011941281939129077, 0.9962915856032656], [0.013618853948325892, 0.004153631831690537, 0.9698272928898439, 0.012400221230139586], [0.015394837847855784, 0.003743426010684272, 0.9674863388597849, 0.013375397181675127], [0.006668329072213612, 0.0016599038661570574, 0.0019105488592561697, 0.9897612181023732], [0.005223966022241711, 0.9877924549029421, 0.0023733006006356203, 0.004610278374180584], [0.0053072532766277655, 0.9879823600077383, 0.0027969306351683194, 0.003913455980465596], [0.006777119084884156, 0.0015602108769202214, 0.0013555490100174965, 0.9903071209281781], [0.02474949654585342, 0.004950379405950026, 0.9582380495294408, 0.012062074418755753], [0.9731334940821733, 0.003736138067411594, 0.008353894068291628, 0.014776473682123425], [0.9632138725040793, 0.00521506482775702, 0.01029056259277273, 0.021280499975390988], [0.9703408589027722, 0.009077514997784865, 0.0037546582033708394, 0.016826967796072085], [0.9778232436884738, 0.006959057780790059, 0.004354854518742844, 0.010862843911993273], [0.9604237925156406, 0.005755803231656986, 0.006997221796932527, 0.0268231823557699], [0.9786532188540895, 0.0044968976917929785, 0.006146472112823016, 0.010703411241294496], [0.0014982108531906445, 0.0007772715903543831, 0.0011397858823145874, 0.9965847315741404], [0.015383686646670735, 0.0038294202547009305, 0.9667797533346253, 0.014007139664003075], [0.0036126684550840432, 0.0013819994791759176, 0.0010190364392694093, 0.9939862955264707], [0.008754451436231998, 0.003592930601624263, 0.9807811017649583, 0.006871516097185473], [0.01023026994896265, 0.9803282364184311, 0.0034271750175653985, 0.0060143185150407985], [0.010249192283728942, 0.982141859976568, 0.0039827923975408845, 0.003626155242162137]], "ideal": "C", "sampled": "C", "correct": true}}
{"type": "result", "data": {"idx": 9, "options": ["was justifiable according to local military custom, even if it violated Western military norms.", "can be viewed as a reaction to the systemic brute force with which the British governed India.", "should be praised as a brave patriotic blow against British colonial oppression.", "seems to have been the product of a well-organized and long-premeditated conspiracy."], "probs": [[0.012713765463728485, 0.8912648971159695, 0.04950897293676306, 0.04651236438353896], [0.006108200271615631, 0.9279896871255171, 0.02759222194074762, 0.03830989056211964], [0.037100114747515664, 0.031982411919202015, 0.8781813291259802, 0.05273614410730209], [0.005189592151117098, 0.005481128255038052, 0.007669544043102255, 0.9816597354507426], [0.01045177922280558, 0.01631503105052902, 0.9263867312181556, 0.04684645840850979], [0.00586716740118623, 0.007358679461140345, 0.007301648996242552, 0.9794725040414308], [0.8950417603587066, 0.032600197816359616, 0.03363756450064288, 0.038720477224290846], [0.9428579579096247, 0.014770794304821044, 0.01477170141304411, 0.027599546272510163], [0.9162857649751117, 0.024416970675837146, 0.02206027019979075, 0.03723699404926043], [0.959647934921797, 0.011708233074584566, 0.015271172580154807, 0.013372659323463636], [0.9642374044245011, 0.009984390007992642, 0.00783724441088727, 0.017940961056619006], [0.9626382131148955, 0.013412915463094702, 0.009890621057261087, 0.014058250264748691], [0.03382672912576908, 0.035174252227946234, 0.8725453690284933, 0.05845364951779136], [0.002948486351486623, 0.004495719963325896, 0.006097200094559444, 0.986458593490628], [0.013838125262533212, 0.890197030270887, 0.045733451412762416, 0.05023139295381728], [0.008457043303777782, 0.9327053698087878, 0.03397790751857073, 0.02485967926886371], [0.0020645291927584818, 0.004073607902806019, 0.004509178641295978, 0.9893526841631395], [0.01439607760226487, 0.020143669726449608, 0.9335187430206422, 0.03194150955064337], [0.006150792386610357, 0.013021233563059249, 0.9493441037779018, 0.03148387017242859], [0.0021780071379924096, 0.004574702330690701, 0.004985307105808595, 0.9882619833255083], [0.002880960125597952, 0.9485373129452142, 0.020155917072077482, 0.02842580975711038], [0.00464096367353596, 0.9487760282128647, 0.02528774636789379, 0.021295261645705613], [0.0015729075785755602, 0.003252555909705053, 0.0043768081106994585, 0.9907977283010199], [0.010430261483187694, 0.015904290144517882, 0.946396851731541, 0.027268596540753476]], "ideal": "B", "sampled": "B", "correct": true}}
{"type": "result", "data": {"idx": 10, "options": ["A factory owner is forcing him to do so.", "He doesn\u2019t earn enough on his own.", "The children need discipline.", "Their labor is only moderately difficult."], "probs": [[0.0005652671033051908, 0.9905750042023184, 0.0027824460675848423, 0.006077282526791632], [0.00048413232176854136, 0.9918452448298768, 0.0020866667417653206, 0.0055839560065893586], [0.0003888172170755898, 0.002237443787353068, 0.9913861045453719, 0.005987634350199394], [8.672672304721468e-05, 0.00042353574205222105, 0.0007037361541724441, 0.9987860012807281], [0.0003667276159383852, 0.0022115386551991743, 0.9875876665632711, 0.009834067065591343], [9.903190588619914e-05, 0.0004072551808596607, 0.0008290857330344542, 0.9986646270802196], [0.985131388379774, 0.006284568408065994, 0.0023484026701044588, 0.006235640442055579], [0.9810580135264233, 0.005925477554906471, 0.0015948626873648571, 0.011421646131305417], [0.9830268663948643, 0.002761181688699064, 0.009053485507175276, 0.005158466309261349], [0.9685705096397783, 0.0025959594814859957, 0.0013573434008757525, 0.027476187377859923], [0.9803647618819331, 0.0018487574329040192, 0.008615481744150676, 0.009170998841012148], [0.9681388279639334, 0.0019283030693630554, 0.002894707764423445, 0.027038161102280082], [0.00032787519864530494, 0.0031597395547592407, 0.9927893318708105, 0.0037230532757849674], [0.0001095694045645753, 0.0008550642095583563, 0.0008095318449671355, 0.99822583444091], [0.0003523963533360632, 0.9791183494536023, 0.00990391179878387, 0.010625342294277716], [0.0004186805256507457, 0.9643841526794958, 0.0027088854580569217, 0.03248828123679653], [8.401802188828698e-05, 0.00032969831957867804, 0.0012539618184136828, 0.9983323217401193], [0.00018526013814614968, 0.0014457861845708062, 0.9767893959654378, 0.02157955761184526], [0.00026973109231961105, 0.0028997988756937826, 0.9928669795134251, 0.003963490418561589], [0.00010958019326845586, 0.0007546667517382788, 0.0008033065286606277, 0.9983324464263327], [0.0005921369777412926, 0.967178863732104, 0.018857240336922317, 0.013371758853232357], [0.0005628566608740309, 0.941155712519593, 0.008401180446494608, 0.04988025027303836], [9.226687422913873e-05, 0.0004232960514617994, 0.0012538296507328527, 0.9982306073235762], [0.00023056682999417381, 0.0018857221477508444, 0.984484190109546, 0.013399520812708988]], "ideal": "B", "sampled": "B", "correct": true}}
{"type": "result", "data": {"idx": 11, "options": ["Uneasy allies", "Comrades-in-arms", "Mortal enemies", "Distant strangers"], "probs": [[0.004438799080870432, 0.008100694421832371, 0.958516046239885, 0.028944460157412217], [0.004729916227874744, 0.006722447962569091, 0.006217180748197153, 0.982330454961359], [0.05844707043778478, 0.819559939375077, 0.04210029275404253, 0.07989269733309576], [0.0749313680847097, 0.8311771138090629, 0.026719408057343408, 0.06717210994888398], [0.009539658079933908, 0.011872184536507378, 0.02051297003820325, 0.9580751872453555], [0.012662223550772879, 0.015514157725356834, 0.9303056009397048, 0.04151801768416544], [0.00360063555813965, 0.03993935015204627, 0.9090302558938771, 0.047429758295936986], [0.004841741287749147, 0.08189084615016427, 0.01885246338370934, 0.8944149490783773], [0.0062868319293656995, 0.368257993038451, 0.5793616075251268, 0.04609356740705645], [0.006522273692747453, 0.3820456592508996, 0.01962511442126118, 0.5918069525350917], [0.0035138392554966555, 0.008833819816353717, 0.2748092355728029, 0.7128431052553467], [0.004036872910473168, 0.013656523036295784, 0.44523087061788386, 0.5370757333353472], [0.7494822604445314, 0.18655864549133835, 0.02998343852878315, 0.03397565543534714], [0.7431771975959393, 0.20002113876789746, 0.02707052124976181, 0.029731142286401425], [0.09929750631563213, 0.02590362862480974, 0.8314185575304239, 0.043380307429134186], [0.05126750831569156, 0.019458611939815018, 0.020392389546737066, 0.9088814900977563], [0.35232311483674644, 0.03771964460234147, 0.563014447632755, 0.04694279282815713], [0.055319119136242115, 0.019724631643325854, 0.045860040842886765, 0.8790962082775452], [0.0009193017280458926, 0.017481559254892646, 0.012014768582896927, 0.9695843703341646], [0.002265807570528353, 0.017139187914023243, 0.9505147362032335, 0.03008026821221491], [0.0027612992958199667, 0.016266992548845456, 0.35605007920465026, 0.6249216288506844], [0.0024817546078644754, 0.01862640459689946, 0.5275963383127243, 0.4512955023825117], [0.008867692628985818, 0.4995330883887081, 0.4548427501746955, 0.03675646870761059], [0.002989192202364374, 0.3677792179669172, 0.050556926937322375, 0.5786746627933961]], "ideal": "A", "sampled": "C", "correct": false}}
{"type": "result", "data": {"idx": 12, "options": ["Issue a casus belli to go to war with the Kingdom of Zulu", "Tax the Zulu kingdom to cover damages attributed to them", "Sever its responsibility to protect citizens who chose to live in South Africa", "Liberate the Zulus from British colonialism"], "probs": [[0.9693342947567891, 0.010937921594807293, 0.012989131605456975, 0.006738651942946573], [0.9654499433386264, 0.015363065733123182, 0.00703378780189759, 0.012153203026352736], [0.9692526345888799, 0.0186044422587816, 0.005763424958417513, 0.006379498093921021], [0.970072939923831, 0.018620157180506403, 0.004563114490329274, 0.006743788305333281], [0.9714295787298067, 0.008536828206806431, 0.012616670433528578, 0.00741692252985822], [0.9730509822189132, 0.008033019740361368, 0.013038921575438072, 0.005877076365287426], [0.00021178615848976024, 0.9931689494901693, 0.004671792031281144, 0.001947472220059761], [0.00029652511821557753, 0.9937816135779745, 0.0028800139167546, 0.003041847287055391], [0.0007871034416577783, 0.007826102412504143, 0.9857498988540815, 0.0056368951917565606], [0.0006848827721001326, 0.0051001820109777074, 0.0069711516965727145, 0.9872437834203495], [0.0005022709444857286, 0.003682363830069555, 0.9896002550826374, 0.006215110042807312], [0.0004866564782692063, 0.002198093838884655, 0.008040255064689422, 0.9892749945181567], [0.005013649041091079, 0.9704642304848319, 0.015443593312371212, 0.009078527061705756], [0.005406379467636477, 0.9754300538941859, 0.01018005094703221, 0.008983515591145378], [0.001440317247569523, 0.007605795251119863, 0.9807192642279429, 0.01023462317336778], [0.0035911473396977485, 0.005225025711489979, 0.010889932780912073, 0.9802938940679002], [0.0016619490190859683, 0.005666332465913705, 0.9831824556930386, 0.00948926272196164], [0.007094389339027386, 0.0061635756651082126, 0.028058236624580443, 0.9586837982712839], [0.00018104926751753923, 0.98486619611809, 0.008520863900422466, 0.006431890613969933], [0.00013593819203716807, 0.9873344155568118, 0.00923633710615752, 0.0032933090449935466], [0.00030685367221639637, 0.008293396710410865, 0.9813175699376805, 0.010082179579692218], [0.0005814587127902985, 0.05193085399268074, 0.026941488407825172, 0.9205461987867037], [0.0007084226850758287, 0.009627625531209511, 0.9820478989387134, 0.007616052745001249], [0.000403338016376243, 0.0038266342249192735, 0.006768642809036168, 0.9890013848496683]], "ideal": "A", "sampled": "A", "correct": true}}
{"type": "result", "data": {"idx": 13, "options": ["Pan-Africanism", "Communism", "African socialism", "Neocolonialism"], "probs": [[0.9889910018513984, 0.002490080826588955, 0.0024514684192856874, 0.006067448802726873], [0.957055767019614, 0.0024861578253719194, 0.001567998020414008, 0.03889007703460008], [0.9927630188584575, 0.0024995750515556915, 0.00110054763589996, 0.0036368583540868486], [0.9943614767675454, 0.0020918326012479647, 0.0010036722089601055, 0.0025430183222465877], [0.9615020543354666, 0.002328120265837979, 0.0016900307481397111, 0.034479794550555616], [0.9934521894463708, 0.0016532648728108277, 0.0017326027246308115, 0.0031619428561874964], [0.0003499445256673114, 0.9723217766515936, 0.01808915897988812, 0.009239119742850981], [0.0005232892330060527, 0.9387524125486298, 0.004347334425106597, 0.056376963693257516], [0.00098558885075758, 0.04638768975007205, 0.9317180849131336, 0.020908636386036742], [0.0009831835676499595, 0.007554084115038351, 0.002049107690948099, 0.9894136245263636], [0.0002012593407625031, 0.001487098124005836, 0.981425315525696, 0.016886326909535693], [0.0001306927681295683, 0.000643277747779928, 0.004395937836073901, 0.9948300915480166], [0.0015008485825150136, 0.982787322992047, 0.006076760663748715, 0.00963506766168932], [0.0015933614774555616, 0.9878436235142641, 0.004869735288795531, 0.005693279619484723], [0.0014699379509796244, 0.004220271899663831, 0.9853755121120942, 0.008934277937262319], [0.0019051489486800587, 0.0019656010927768084, 0.0014953466717855597, 0.9946339031867576], [0.0014537515727962877, 0.0030536255728782643, 0.9898761646718419, 0.0056164580824834805], [0.0016815845790002137, 0.0017214380826024588, 0.001790003678198136, 0.9948069735601992], [0.00023572246237878555, 0.9755465538275555, 0.002325541557052889, 0.021892182053012875], [0.00021850627363368232, 0.9931804397311613, 0.0033649957728580193, 0.003236058122346962], [0.00016046192933544818, 0.0015830411588764841, 0.9891467829972204, 0.009109713814567717], [0.00010350063095711056, 0.000654123567389615, 0.0033218682286407742, 0.9959205074730125], [0.000290809026508559, 0.0055301166504192366, 0.9900047248316538, 0.004174349391418433], [0.000329261584789273, 0.001836428985897093, 0.0008742735300823267, 0.9969600357992313]], "ideal": "A", "sampled": "A", "correct": true}}
{"type": "result", "data": {"idx": 14, "options": ["Agriculture fueled industrialization in cities as excess labor flowed from the countryside to urban centers.", "Agricultural surpluses allowed the state to invest more heavily in modernizing agricultural production.", "Agricultural efficiency reduced prices of basic commodities, raising the standard of living across the whole of China.", "Agriculture was collectivized, with the result that entire communities shared fields instead of individuals owning the land as private property."], "probs": [[3.822050678657635e-05, 0.00016344095595607834, 9.99111593887975e-05, 0.9996984272778685], [0.0003426181517520138, 0.0010636063574536734, 0.9976697014119279, 0.00092407397886636], [4.2636681926650025e-05, 0.00016862364847196188, 0.00012336968092543807, 0.9996653698886759], [0.00026476240993086766, 0.0007367596726598259, 0.9976952915340229, 0.0013031862833863782], [0.0004160853041918527, 0.9966207279653292, 0.0012519702016756781, 0.0017112164288032303], [0.0004258846926740867, 0.9964623274122607, 0.0008273779878858616, 0.0022844098071793627], [3.6183995028153834e-05, 0.00019559955552903317, 0.00013762330895409377, 0.9996305930404887], [0.0002545818227134218, 0.0011232555614909914, 0.9975503479735882, 0.0010718145422073586], [3.0234481412862762e-05, 0.00015595404327419264, 0.000131328052542738, 0.9996824833227702], [0.00027960420844967183, 0.000923969476818228, 0.9975530971317601, 0.0012433290829720338], [0.000358828305194328, 0.9970074637730952, 0.000881222810935713, 0.0017524850107746633], [0.00029956435446342757, 0.9961787682783697, 0.0010134358556943182, 0.0025082314114724972], [8.678310283948584e-05, 0.0002912869054162908, 0.00018228712469770921, 0.9994396427670466], [0.0003940041105804222, 0.0013020065529773985, 0.9967936391854575, 0.0015103500509847012], [6.919783947796188e-05, 0.00021990161647427795, 0.00015232474404657981, 0.9995585757000012], [0.0006052902737324718, 0.0014407035031055665, 0.9964559173129971, 0.0014980888101648454], [0.0005471256316038165, 0.9969683518848704, 0.0009380225868740033, 0.001546499796651702], [0.0005342155342382777, 0.9965278500061964, 0.0013430487588982343, 0.0015948856006670997], [0.9949818626172839, 0.0014162922425725618, 0.0011926435132031297, 0.0024092015269403136], [0.9945391444500042, 0.0014046438776316955, 0.0011286712283323588, 0.002927540344031734], [0.9958303656286027, 0.0014064691938283668, 0.0007951520557803615, 0.0019680130217885326], [0.9947518123523006, 0.001629763731905903, 0.0010941813904435489, 0.0025242424253499427], [0.9936354402231421, 0.0019483791440126923, 0.001127647612690618, 0.0032885329201546363], [0.9926092624610272, 0.002137664344309203, 0.0019162050461755593, 0.0033368680484880003]], "ideal": "D", "sampled": "D", "correct": true}}
{"type": "result", "data": {"idx": 15, "options": ["The expulsion of Christian missionaries from Japan", "The adoption of Chinese imperial customs in the Japanese court", "The annexation of Manchuria by the Japanese", "Commodore Perry forcing Japan to open its ports to trade"], "probs": [[0.0015995485147684973, 0.0023455205575911393, 0.004381989166709255, 0.9916729416609311], [0.0017461526387890626, 0.004974295835868656, 0.9856947630772979, 0.007584788348044386], [0.00238107484160152, 0.0048097747283742795, 0.001728452955530729, 0.9910806973744934], [0.002980530690237282, 0.00869204025134983, 0.9813975994044046, 0.006929829554008312], [0.0014097094730751382, 0.9749693022356437, 0.005196931807300115, 0.018424056383980973], [0.0011002871650572339, 0.9847711541621954, 0.006431391993626462, 0.007697166579120845], [0.0008818866013119022, 0.004513542132857746, 0.0045846188158893, 0.990019952349941], [0.0013356167263146258, 0.008054697408019574, 0.9833329332339182, 0.007276752531747599], [0.0007141311710729069, 0.006364697695073245, 0.002959875422301877, 0.989961295611552], [0.0015927673485435472, 0.010066499255572361, 0.9797974475396805, 0.008543285756203623], [0.0009845202808522213, 0.9829966213206338, 0.007106074443933572, 0.008912783854580364], [0.0009359262298933312, 0.9793337119560068, 0.009019551537960706, 0.010710810176139068], [0.0035401248056415673, 0.004801020575225009, 0.0023767061478533256, 0.98928214837128], [0.002638480380051465, 0.0066331079830079884, 0.984448368405869, 0.00628004313107157], [0.002322922348547118, 0.0034329584538711133, 0.004442581226694773, 0.989801537870887], [0.0021497552962186, 0.0048445205449016895, 0.9827499657507676, 0.010255758308112097], [0.0008583362886915525, 0.9864150985853813, 0.005136091781959465, 0.007590473243967646], [0.0010604804122875831, 0.9716581634447989, 0.004430009680824468, 0.022851346362089024], [0.9788782605919666, 0.009015217814412205, 0.0033687874983937315, 0.0087377339952275], [0.9774228360560935, 0.008589568978389391, 0.00794413546345992, 0.006043459402057226], [0.976258907636515, 0.005327038606410246, 0.01118963138577744, 0.007224422271297249], [0.9698990090157482, 0.004971679047224728, 0.017489024479845815, 0.007640287357181282], [0.9821095621123996, 0.0065148403961702815, 0.006827551978952513, 0.004548045412477506], [0.9848535972095408, 0.006042093431885645, 0.002257787887136292, 0.006846521371437301]], "ideal": "D", "sampled": "D", "correct": true}}
