{"type": "result", "data": {"idx": 0, "options": ["total revenue is greater than total cost at its greatest distance", "total revenue is equal to total cost", "marginal product is at its highest point", "total product is at its highest point"], "probs": [[0.008258475682117105, 0.9471038776800543, 0.02092641394690638, 0.023711232590922116], [0.00865152973605101, 0.9393793071211961, 0.0231545482335911, 0.0288146148091618], [0.04335803075731417, 0.029337365227253633, 0.8846186379234487, 0.04268596599198342], [0.025937723573036794, 0.010317215925553236, 0.0349031508284881, 0.9288419095729219], [0.05943397121999034, 0.04701569803252131, 0.8465341483272536, 0.0470161823202348], [0.03324418622998237, 0.01510159068455375, 0.038866457861059134, 0.9127877651244047], [0.3260689200905575, 0.5812440134467091, 0.03602429985730342, 0.05666276650543003], [0.2435956321027956, 0.5843093089907793, 0.05521561661921138, 0.11687944218721372], [0.5181783801613364, 0.08327456935670145, 0.2773784572780605, 0.12116859310390163], [0.45463776652245114, 0.06863403779853247, 0.11141690612775641, 0.36531128945125996], [0.5005205421673925, 0.13470523343778562, 0.2764287343557553, 0.08834548993906653], [0.5431200265341279, 0.09736894070128453, 0.13310518859485904, 0.2264058440697285], [0.019539181395853436, 0.04614524975519505, 0.9125177978326271, 0.021797770916324365], [0.0035926369143634723, 0.014774682025404868, 0.023610085663480454, 0.9580225952967512], [0.007498253666853681, 0.8532226092678534, 0.10514458266990116, 0.034134554295391736], [0.004590692540401646, 0.874789104145264, 0.0664147901806262, 0.05420541303370814], [0.007074314649836506, 0.026078721416132974, 0.10314562126859574, 0.8637013425654347], [0.017649076745763728, 0.03946253627544497, 0.8051477013829782, 0.13774068549581311], [0.03100527181556506, 0.06462027348521286, 0.8782651121944571, 0.026109342404764944], [0.004223518670115076, 0.02392672185195566, 0.045405600346297564, 0.9264441590316317], [0.0072291225681482526, 0.8620791715385447, 0.10623549270148883, 0.024456213091818144], [0.002426724138692946, 0.8913434583190187, 0.06767190870833541, 0.038557908733952914], [0.0055999612515773185, 0.03708956830134999, 0.08623810268229176, 0.8710723676647809], [0.014366352964110464, 0.05133154667473835, 0.8547962369740653, 0.07950586328708593]], "ideal": "A", "sampled": "B", "correct": false}}
{"type": "result", "data": {"idx": 1, "options": ["Increase capital and decrease labor so that the marginal product of capital falls and the marginal product of labor rises.", "Increase capital and decrease labor so that the marginal product of capital rises and the marginal product of labor falls.", "Decrease capital and increase labor so that the marginal product of capital rises and the marginal product of labor falls.", "Decrease capital and increase labor so that the marginal product of capital falls and the marginal product of labor rises."], "probs": [[0.15321559745878865, 0.4164683098236994, 0.13951439738325686, 0.2908016952342551], [0.2135415194187377, 0.4663976658951102, 0.22380593083340128, 0.09625488375275076], [0.09576420096707106, 0.3043359333097558, 0.4788361965697568, 0.12106366905341637], [0.05503914873759162, 0.21098443788311003, 0.5388313892651382, 0.1951450240141602], [0.12851043427226616, 0.34932092869725234, 0.32310635811156607, 0.1990622788189154], [0.13897994987647416, 0.37777771813535166, 0.16505448012218266, 0.3181878517659915], [0.3016089476223508, 0.3525934192737501, 0.22767877406824658, 0.1181188589356525], [0.2441288861484246, 0.36645868167034007, 0.19013836904489767, 0.19927406303633763], [0.16587063167049568, 0.39788829667691894, 0.2650851169014202, 0.17115595465116518], [0.13054188178106538, 0.4084205213564739, 0.30355431003310995, 0.1574832867293508], [0.09992265476950181, 0.46931021351941216, 0.3276657686576608, 0.10310136295342526], [0.08142146346020887, 0.49876373258067846, 0.26285492979557934, 0.15695987406353334], [0.04145865389043676, 0.4253097131607629, 0.41875409591505186, 0.11447753693374846], [0.05202093995548365, 0.47095056486355213, 0.14820117970934457, 0.32882731537161963], [0.0348186603346716, 0.6778333161174179, 0.19120432363325013, 0.09614369981466034], [0.04024140001199908, 0.6294758647522507, 0.13828555469321344, 0.19199718044253677], [0.10267403777357632, 0.29248184981746767, 0.23503740043572172, 0.3698067118732343], [0.12498180008256228, 0.2645777345372922, 0.3910703185821267, 0.2193701466980188], [0.09980560540734239, 0.42019565637094974, 0.3651137838858693, 0.11488495423583853], [0.13390981258199788, 0.43225686690017245, 0.15903053396976538, 0.2748027864480643], [0.04282805679746824, 0.5641490199443222, 0.3316719817348747, 0.06135094142333486], [0.04817508017013285, 0.6755018628308632, 0.09731974906783401, 0.17900330783116986], [0.1984747648040661, 0.2284289300213313, 0.32217574116346115, 0.2509205639111415], [0.1776432176193224, 0.21094640540217727, 0.33190424730606927, 0.2795061295724311]], "ideal": "C", "sampled": "B", "correct": false}}
{"type": "result", "data": {"idx": 2, "options": ["the supply curve intersects the demand curve", "neither party has an incentive to deviate from his or her strategy", "the marginal revenue curve intersects the marginal cost curve", "the equilibrium is unstable and each party would like to switch strategies"], "probs": [[0.001052864776366574, 0.9875710129618276, 0.008281574184577268, 0.0030945479772285255], [0.0011611899097993604, 0.9839920174544885, 0.010762040906922739, 0.004084751628789352], [0.01508327064178796, 0.013104565993278625, 0.9628054816738233, 0.009006681591110104], [0.00834470279482168, 0.013974357088346644, 0.01312783884697284, 0.9645531011698588], [0.004991515571628371, 0.015862913904094257, 0.9661985697780225, 0.01294700064625482], [0.006894053158158677, 0.02684278485863098, 0.019948080240268628, 0.9463150816429416], [0.9811168051630486, 0.004687709608950594, 0.006820641276314261, 0.007374843851686532], [0.9757236231392307, 0.005801884339748479, 0.012672588989158422, 0.005801903431862403], [0.976368871690919, 0.005627088405386031, 0.008580380358258356, 0.009423659445436602], [0.9762615092263622, 0.005896503288016606, 0.011365923484260713, 0.0064760639013604696], [0.9832740517466785, 0.006835569742424135, 0.004482951716479195, 0.005407426694418223], [0.9795429222001324, 0.008343330763467067, 0.006104218654565357, 0.006009528281835165], [0.014404166037984436, 0.012711643883339854, 0.9635840921172634, 0.009300097861412289], [0.01609379260203339, 0.016093338116611098, 0.017675301288772698, 0.9501375678925829], [0.0011243965214496909, 0.983055232847091, 0.011267826631600997, 0.004552543899858355], [0.0012880248362536957, 0.9783900753534298, 0.014856545795339083, 0.005465353914977381], [0.01669067302511608, 0.03371455091006868, 0.02390759770488011, 0.9256871782599351], [0.0043862042494870615, 0.013197455418678861, 0.9696248669456818, 0.012791473286152183], [0.006918751806443461, 0.017393703764973994, 0.9646313972824205, 0.011056147046161969], [0.007537651541892018, 0.010629517034313439, 0.009830775608185783, 0.9720020557156087], [0.0007085211479833701, 0.9898903291440032, 0.005886326386103239, 0.0035148232219101906], [0.0008781507680551369, 0.985826751574241, 0.008938765342306152, 0.004356332215397685], [0.010829406930551769, 0.014801641186358093, 0.014572272265746375, 0.9597966795173437], [0.007459722802651924, 0.017344359024065902, 0.9618974766354181, 0.013298441437864085]], "ideal": "B", "sampled": "B", "correct": true}}
{"type": "result", "data": {"idx": 3, "options": ["goods X and Y are normal goods.", "goods X and Y are inferior goods.", "goods X and Y are complementary goods.", "goods X and Y are substitute goods."], "probs": [[0.0028470527535253984, 0.012759080531208765, 0.07575417724471369, 0.9086396893705522], [0.0066651909947275665, 0.02636084831443498, 0.9007019194179129, 0.06627204117292453], [0.003823764122336793, 0.0213264467149124, 0.009463645433149502, 0.9653861436296013], [0.004516791147187804, 0.07579950344837633, 0.8950747371488025, 0.024608968155633352], [0.0025224340563520663, 0.9338055327871915, 0.01999670410770761, 0.043675328948748815], [0.003165756192718861, 0.8574324414195326, 0.12745428933183017, 0.011947512955918392], [0.0008306364271105578, 0.010771307281615138, 0.09160748225052659, 0.8967905739407477], [0.003579762311301284, 0.029278136935195775, 0.925202909982178, 0.041939190671324844], [0.002152205114112151, 0.02834847254209972, 0.030652180781974396, 0.9388471414618137], [0.00428410064650793, 0.059602805031117284, 0.9037071549706504, 0.032405939251724476], [0.0010849553504549837, 0.9485651337368142, 0.027333382900551793, 0.023016527912179008], [0.0011177434311702172, 0.9546034896731486, 0.03477267908074165, 0.009506087714939566], [0.015681520730835945, 0.015927969183020686, 0.013204879654936457, 0.9551856303312068], [0.01466375286077343, 0.03924168708319517, 0.9215373821221284, 0.02455717783390298], [0.016601889751802632, 0.011772120895951525, 0.021652379256242013, 0.9499736099960038], [0.02094795166530378, 0.030478689589442554, 0.9190320899235671, 0.029541268721686564], [0.007433180352004734, 0.9584326899327907, 0.018398104533545064, 0.01573602508165948], [0.006667333157637573, 0.9665754908418055, 0.012752290795042616, 0.014004885105514366], [0.4145486721930693, 0.02865316952828359, 0.02450870390844072, 0.5322894542702065], [0.37823217398928866, 0.04447113639284132, 0.5503231779993009, 0.026973511518569207], [0.2980404843881045, 0.021928808085959366, 0.02905129689704998, 0.6509794105288861], [0.41583561118565293, 0.03107789473152267, 0.5256601473599251, 0.027426346622899347], [0.8228983594704444, 0.15221474538716534, 0.01137684060059052, 0.01351005444179974], [0.8338627134872636, 0.14043969777779697, 0.010662050640723215, 0.01503553799421627]], "ideal": "D", "sampled": "D", "correct": true}}
{"type": "result", "data": {"idx": 4, "options": ["causes the equilibrium price to be artificially high", "causes the equilibrium price to be artificially low", "exists when markets cannot reach equilibrium", "results in an equilibrium that does not maximize the total benefit to society"], "probs": [[0.15875591809222764, 0.5045030266884027, 0.07499318047587708, 0.26174787464349253], [0.0799487024456166, 0.22774784688884644, 0.648835790257014, 0.04346766030852301], [0.26508459051156724, 0.12918579384605966, 0.3567077165975937, 0.24902189894477939], [0.10817886948836403, 0.09252533259996379, 0.5940126622628713, 0.2052831355488009], [0.057610172481150544, 0.8465480116085851, 0.07397529923028882, 0.021866516579975525], [0.04524600505376397, 0.8404670356863696, 0.047418452794578375, 0.0668685063652881], [0.26294660565607836, 0.47611370677955234, 0.06245687603325931, 0.19848281143110996], [0.1838870625530109, 0.2892853226090062, 0.4844944223478007, 0.04233319239018218], [0.4299506204860975, 0.1175355981194023, 0.27328755097562374, 0.1792262303188764], [0.21077599571516356, 0.10271750848685503, 0.5298772094559027, 0.1566292862420788], [0.07452591919782918, 0.8528781747168587, 0.05284837769121241, 0.019747528294099745], [0.07767559876542873, 0.8221184320714912, 0.04425914750025944, 0.05594682156282069], [0.1143735168153978, 0.2786796196524629, 0.4183753884305179, 0.18857147500162133], [0.1385883920404839, 0.2713335913943272, 0.34301783695473365, 0.2470601795104552], [0.12126071027134944, 0.3853542574643627, 0.3400960063537006, 0.1532890258105873], [0.13183112637618813, 0.3814529833032652, 0.30652490711909314, 0.1801909831014535], [0.2658340632649663, 0.3867720067114296, 0.109101817000923, 0.2382921129226811], [0.25912518464977435, 0.382947074566354, 0.14310667557060203, 0.21482106511326962], [0.8744178289755659, 0.042194294224249654, 0.05858278217866187, 0.024805094521522575], [0.844788857326967, 0.0602450679751179, 0.029824704454953017, 0.06514137014296216], [0.8527767133202131, 0.05713099634574712, 0.06474013227988021, 0.02535215795415957], [0.7666971568488721, 0.11044699533003281, 0.03817143233973389, 0.0846844153813612], [0.8844903094098419, 0.02588660078630526, 0.03650685020076708, 0.053116239503085805], [0.8706475385887243, 0.0262902691723716, 0.04911775415930084, 0.05394443797960322]], "ideal": "D", "sampled": "D", "correct": true}}
{"type": "result", "data": {"idx": 5, "options": ["Collusive output levels tend to increase, driving the price above competitive levels.", "Consumer surplus falls as the price is driven downward.", "Collusive output levels tend to decrease, driving the price down to competitive levels.", "Joint profit maximization costs society consumer surplus as the price rises above competitive levels."], "probs": [[0.9452223967931022, 0.008705233781248824, 0.025189599803251864, 0.020882769522397156], [0.9277006499312698, 0.007539925293735346, 0.051526445685849236, 0.01323297898914567], [0.9447488390168004, 0.010828362077371815, 0.0167714379578291, 0.02765136084799865], [0.9559722035259128, 0.00685673442411452, 0.031213812902674113, 0.00595724904729847], [0.9397128645371339, 0.04326937737655712, 0.006740251934280713, 0.010277506052028321], [0.9064609047803793, 0.06364312933308444, 0.016345339320520343, 0.01355062646601587], [0.005143945189662306, 0.9280884769906415, 0.035986599638314264, 0.03078097808138203], [0.00555116929424888, 0.9262935326905826, 0.05065088893292893, 0.01750440898223959], [0.04174661465579779, 0.5762994567916655, 0.15270849310275605, 0.2292454353497807], [0.03867341565265231, 0.5255973828055921, 0.3238215747730689, 0.11190762666868667], [0.03060349937592159, 0.15786477990142636, 0.7414788738984102, 0.07005284672424186], [0.03459891779669592, 0.663120706704129, 0.18704566915089035, 0.11523470624828466], [0.4185167973373082, 0.06318484434404466, 0.11264168060611837, 0.40565667761252877], [0.44625177155917156, 0.06737330136464678, 0.4393403444425427, 0.047034582533638916], [0.3258147391731929, 0.041421933106425744, 0.37501667249848375, 0.25774665512189754], [0.17819505463485133, 0.03454443349414196, 0.5320048788997715, 0.25525563287123515], [0.2838584025744505, 0.36447710738725786, 0.2974886131647421, 0.05417587677354953], [0.4473236436043801, 0.3538541978018733, 0.07652941744535238, 0.12229274104839416], [0.6968222363612941, 0.233401391384528, 0.02660042086872322, 0.043175951285454664], [0.7330847122371816, 0.21669576293071124, 0.02842534418849719, 0.0217941805436099], [0.6287767652249103, 0.027198116210433634, 0.2924120316953596, 0.05161308676929643], [0.8736873620148446, 0.018418268715473165, 0.06230872694779918, 0.04558564222188295], [0.8636751737935123, 0.04299946485402538, 0.058774158133745695, 0.03455120311871663], [0.8771170899656732, 0.03454479408185706, 0.03048613103836678, 0.05785198481410297]], "ideal": "D", "sampled": "A", "correct": false}}
{"type": "result", "data": {"idx": 6, "options": ["Perfectly horizontal demand curve.", "Highly inelastic demand curve.", "Highly elastic demand curve.", "A demand curve consisting of two discontinuous segments."], "probs": [[0.3892034581811039, 0.14770823326036203, 0.10312477521496739, 0.3599635332435666], [0.28287320242868486, 0.12551412826733688, 0.5284982677503751, 0.0631144014536031], [0.3910578168415675, 0.1655652387183919, 0.10361604287350787, 0.3397609014665327], [0.26970397519105827, 0.1421135616196808, 0.5448392446406982, 0.043343218448562724], [0.3572594469836805, 0.47325419669702423, 0.1023610367916827, 0.06712531942761257], [0.3767740726094173, 0.4473920464068294, 0.11137783526260489, 0.06445604562114839], [0.24751082443902656, 0.2675962328227683, 0.11331662027969486, 0.3715763223585103], [0.21720877934932553, 0.14023089825392845, 0.5812961035771846, 0.0612642187195614], [0.29824541885234357, 0.1780733548644421, 0.1030676847940551, 0.4206135413891592], [0.23761245428918573, 0.13967564596570775, 0.5524763423212502, 0.07023555732385633], [0.1967610076597042, 0.615582035072086, 0.11749876771812628, 0.07015818945008355], [0.20044453589435082, 0.5983908220407319, 0.16107298552178667, 0.04009165644313064], [0.3122576018374753, 0.19846149674136396, 0.1242033000555096, 0.36507760126565114], [0.23933445003967682, 0.1280964915627909, 0.5831822178048176, 0.049386840492714655], [0.33610558506465604, 0.15874813495479018, 0.09332950412293786, 0.41181677575761594], [0.29038960604116976, 0.13715938141045425, 0.5096529277546052, 0.06279808469377068], [0.21588894240137607, 0.6444926117202039, 0.08587946549958697, 0.05373898027883311], [0.19832119430070244, 0.6604787835224476, 0.10451438282214548, 0.03668563925470442], [0.6758559295167988, 0.10860954143056814, 0.09436699676786683, 0.12116753218476611], [0.6674706786742618, 0.11417895574925928, 0.08485563667537135, 0.13349472880110758], [0.7320264740754241, 0.09019655189945593, 0.07715237312332986, 0.10062460080179007], [0.7263447967061936, 0.09984106197546903, 0.10301485272901575, 0.07079928848932165], [0.679479791786984, 0.14465678256859932, 0.06319937430588442, 0.11266405123853226], [0.6911328897693737, 0.15419974465465597, 0.08516209397700295, 0.0695052714989674]], "ideal": "D", "sampled": "D", "correct": true}}
{"type": "result", "data": {"idx": 7, "options": ["Higher risk job.", "Investment in human capital.", "Increase in production of SUVs.", "Racial discrimination."], "probs": [[0.0006899058498830362, 0.003939228814512561, 0.9638983593621707, 0.03147250587343365], [0.00048482307940092854, 0.002241815327714703, 0.04196974051714439, 0.95530362097574], [0.0021916796785302556, 0.9635242183087802, 0.01232028264788412, 0.02196381926480536], [0.002810706206993861, 0.9698945474867872, 0.014499080652882006, 0.012795665553336935], [0.0013144345445677682, 0.2427780511300181, 0.019619583797261368, 0.7362879304281528], [0.0020980304476221133, 0.04775078678702726, 0.929613189364629, 0.02053799330072163], [0.0003115612279409904, 0.0047979929040931355, 0.9657276813238336, 0.029162764444132273], [0.0002087049794741424, 0.0026854332502120196, 0.010620918111333146, 0.9864849435589806], [0.0008534478641477112, 0.9656066671553106, 0.01768600713599257, 0.015853877744549043], [0.0013998912051003912, 0.9682039141163468, 0.01614665172985452, 0.014249542848698265], [0.00021534062581802108, 0.004291476252770439, 0.008944095188670108, 0.9865490878327414], [0.0005625800124575406, 0.007410466521387872, 0.9705838392821393, 0.02144311408401525], [0.9666286884120444, 0.00515231251953696, 0.005838354585200181, 0.02238064438321843], [0.9729872669148336, 0.006207075727285117, 0.010809001209744583, 0.009996656048136703], [0.9732768822499376, 0.004103849511620094, 0.005609315641858589, 0.017009952496583745], [0.9759271057545237, 0.004626650787470894, 0.009419401091993124, 0.010026842266012331], [0.9784720091707002, 0.007952571929038142, 0.004976625488737617, 0.00859879331152409], [0.9757871797355895, 0.0075675748774401, 0.004924342150742514, 0.01172090313622795], [0.00781347372613591, 0.006180979702289162, 0.00942480530578157, 0.9765807411657933], [0.0019747165125750706, 0.008850058486294896, 0.9760955347207999, 0.013079690180330148], [0.029414194181179694, 0.0049156030504920005, 0.021519679924737422, 0.9441505227435909], [0.0020020768082635687, 0.005316131539519899, 0.9742710465169352, 0.018410745035281315], [0.0044332658454695004, 0.9723870066662511, 0.011499248336789007, 0.01168047905149034], [0.004608402577583405, 0.9645103172899756, 0.013758372291544786, 0.017122907740896226]], "ideal": "C", "sampled": "C", "correct": true}}
{"type": "result", "data": {"idx": 8, "options": ["all requirements for price discrimination", "required in order for a firm to earn short-run profits", "all sources of elastic demand", "all barriers to entry"], "probs": [[0.782879204300107, 0.06131943927037746, 0.021864618096469217, 0.13393673823304628], [0.9169079062696494, 0.027688220198127986, 0.02856739051380685, 0.026836482918415824], [0.5902769254809428, 0.019885015703631267, 0.31595580316686656, 0.07388225554855936], [0.812339074024037, 0.011319042375731897, 0.13261145977578942, 0.04373042372444162], [0.897109210952685, 0.018912104293369536, 0.056461624856269425, 0.027517059797675984], [0.899473561248739, 0.01621910394892483, 0.02115385824459638, 0.06315347645773978], [0.36629819866332136, 0.019718559456879958, 0.01941320113643587, 0.5945700406433628], [0.6686125795537731, 0.05488248495998427, 0.24215990255794678, 0.03434503282829591], [0.2332110409078945, 0.01637370701040076, 0.03205852216172478, 0.71835672981998], [0.12990317850294528, 0.03607246171851454, 0.7359680313337585, 0.09805632834478167], [0.506484672956304, 0.0839804858463903, 0.3535903710003096, 0.055944470096996185], [0.8343411382430946, 0.05950192944582956, 0.02855021421037855, 0.07760671800069728], [0.0065784087141017265, 0.26899807014152594, 0.6254619576761632, 0.09896156336820913], [0.0049446310776376035, 0.34125844880234185, 0.5989505269515875, 0.05484639306843304], [0.002459410290536404, 0.79723171608536, 0.0595858270101609, 0.14072304651394266], [0.0032249496352594626, 0.8941717882467122, 0.06683129920833586, 0.035771962809692505], [0.0016993353597111148, 0.8940981954830433, 0.05454184333071588, 0.04966062572652976], [0.002713654452556803, 0.6639865708821893, 0.2946504088402767, 0.0386493657249772], [0.6037104264127345, 0.0817019659579494, 0.28966928172945955, 0.024918325799856554], [0.7680452355599103, 0.031700765855841556, 0.01203265117195275, 0.18822134731229534], [0.3925407201214931, 0.15133435909922768, 0.41138910936630757, 0.04473581131297167], [0.651618354125519, 0.2937032249234851, 0.0184857954980671, 0.036192625352928734], [0.870628986964443, 0.006099941543164814, 0.022487800229681998, 0.10078327116271016], [0.1179697843551656, 0.01547424541724871, 0.818891539559282, 0.04766443056830376]], "ideal": "D", "sampled": "D", "correct": true}}
{"type": "result", "data": {"idx": 9, "options": ["increasing-cost industry", "constant-cost industry", "decreasing-cost industry", "profit-making industry"], "probs": [[0.11588558585505845, 0.22336468105974927, 0.43736228294961427, 0.22338745003557797], [0.14394402931514483, 0.26474306773706485, 0.3346874217261194, 0.2566254811216709], [0.1927101967353692, 0.21497506541769887, 0.3329792121607637, 0.2593355255861682], [0.16335971408402916, 0.25300737835906023, 0.3568192964909394, 0.2268136109659712], [0.13552434337201452, 0.13341764706774586, 0.4657025197963369, 0.26535548966390266], [0.1672274693428777, 0.20810881814773308, 0.3888250415163564, 0.23583867089303287], [0.35109893894712624, 0.08876634736515965, 0.3916766766062598, 0.16845803698145428], [0.4647643336898886, 0.07016568734787126, 0.36765298791506457, 0.09741699094717557], [0.4064993736784649, 0.18321495700389967, 0.25838630618890207, 0.15189936302873336], [0.4237046272905004, 0.15586613233219185, 0.3512626912187645, 0.06916654905854323], [0.4931003675399794, 0.23291229852325698, 0.14127385404375303, 0.13271347979301057], [0.5267659025397851, 0.18781680566492076, 0.20953118089469988, 0.07588611080059429], [0.4216213398267011, 0.07326312144073988, 0.2897713097708338, 0.2153442288617252], [0.44855861180414625, 0.07554579244000524, 0.3082841519597286, 0.1676114436961199], [0.3512988299554258, 0.21641747451152718, 0.26106675032548626, 0.1712169451075608], [0.3899186107901748, 0.20227918763376115, 0.29432852956955835, 0.11347367190650569], [0.4359690546553472, 0.24075259265876317, 0.14153793452754848, 0.18174041805834115], [0.4277159634954573, 0.11692670160743623, 0.32285738469199426, 0.13249995010511217], [0.32940327995178986, 0.04122785090530458, 0.4099426551872977, 0.21942621385560784], [0.4034610926185746, 0.05129198653047977, 0.21595260176953918, 0.32929431898140643], [0.2705452401584262, 0.36977591555927036, 0.1318539957294039, 0.22782484845289952], [0.3508339330451706, 0.36765802998615427, 0.14624996917722333, 0.13525806769145182], [0.5127463840786523, 0.061236622527886475, 0.15156458034406814, 0.27445241294939315], [0.4616850040877114, 0.04571172322103889, 0.3539824572458064, 0.13862081534544335]], "ideal": "B", "sampled": "B", "correct": true}}
{"type": "result", "data": {"idx": 10, "options": ["Amount of wood used to make a desk.", "Number of pickles put on a sandwich.", "The size of a McDonald\u2019s kitchen.", "Number of teacher\u2019s assistants in local high schools."], "probs": [[0.0946383337727732, 0.05226239992448796, 0.5278842507656011, 0.32521501543713777], [0.08640202594107327, 0.05666199395543033, 0.6796480202414811, 0.1772879597620154], [0.10391609572762692, 0.48804784251089867, 0.0725480280160165, 0.33548803364545793], [0.12826681326934739, 0.48405653954756395, 0.28460744444575126, 0.1030692026373374], [0.10146618633447695, 0.6215254663799556, 0.06551643460333834, 0.2114919125822291], [0.11727140842695541, 0.5255566834877886, 0.2727017700399448, 0.08447013794531122], [0.08057318506965186, 0.2520795128677608, 0.37259873188884257, 0.2947485700737447], [0.0809956724409186, 0.17415930655518744, 0.553551791178401, 0.1912932297254929], [0.08822000968065828, 0.45505959808134355, 0.16742194071426036, 0.28929845142373783], [0.0782759348892727, 0.30477309706364075, 0.4232033739915695, 0.19374759395551705], [0.0758779770276202, 0.5185125221286218, 0.16064518275596576, 0.24496431798779225], [0.07094667639777857, 0.5757335252265523, 0.19590612660159235, 0.15741367167407677], [0.48638891525255623, 0.11372408167446259, 0.08584699139280519, 0.31404001158017597], [0.47481050375108563, 0.10760306405536568, 0.3065644456651544, 0.11102198642839428], [0.37357679562374596, 0.08205434801435009, 0.2955175681938884, 0.2488512880680155], [0.2864972991432942, 0.0873677892503362, 0.4798136424510727, 0.14632126905529683], [0.5009156762506918, 0.2853869327386777, 0.12665411073764557, 0.08704328017298492], [0.4815909194227633, 0.2659268637342532, 0.1009462609645173, 0.1515359557784662], [0.504323238408165, 0.2272912685276005, 0.05484036666902449, 0.2135451262952101], [0.35389228333375394, 0.1385741331075834, 0.41376657728562977, 0.0937670061730329], [0.25610738681305945, 0.07336846758554735, 0.47107370636395546, 0.1994504391374377], [0.32142149680421844, 0.09207863153910821, 0.3585795083600931, 0.2279203631965802], [0.3023531892330513, 0.49073975852572704, 0.12803282510125152, 0.07887422703997014], [0.2860186419053358, 0.4570191238141441, 0.0914204350873337, 0.16554179909318636]], "ideal": "C", "sampled": "D", "correct": false}}
{"type": "result", "data": {"idx": 11, "options": ["Price rises, but quantity is ambiguous.", "Price falls, but quantity is ambiguous.", "Price is ambiguous, but quantity rises.", "Price is ambiguous, but quantity falls."], "probs": [[0.2956178530102073, 0.21624414942850112, 0.2649718264221196, 0.22316617103917194], [0.30973547693969905, 0.20629657802903006, 0.2776260375698936, 0.20634190736137722], [0.31975393886303694, 0.18503369277606493, 0.3680230354911896, 0.1271893327697085], [0.26958903667615086, 0.16095164416611005, 0.32011887427943525, 0.24934044477830386], [0.35315860892989964, 0.17755448120045506, 0.3266005661727476, 0.1426863435968977], [0.28485273038640907, 0.14775582486005057, 0.34898336158257615, 0.2184080830709642], [0.17972139593481262, 0.30094029309960596, 0.26978419836351725, 0.2495541125020641], [0.18410162625855975, 0.30827063318984554, 0.2637007534240236, 0.2439269870275711], [0.1519730722772295, 0.17218566146368047, 0.4681073972034692, 0.20773386895562077], [0.1519803634738771, 0.1279626878388702, 0.38807357599101894, 0.3319833725962338], [0.15140384434139648, 0.18261025844178383, 0.5121933817351271, 0.15379251538169258], [0.19626081628496028, 0.14812414070982977, 0.2945982462352069, 0.36101679667000297], [0.18290015380789398, 0.3209597611535394, 0.24998424572162511, 0.2461558392169415], [0.14931222194801078, 0.3063272420056647, 0.3526208610552109, 0.19173967489111357], [0.13793781655203424, 0.2919833994826695, 0.39294823467245044, 0.17713054919284585], [0.12067692391766023, 0.25544447400598075, 0.36026668304178405, 0.263611918934575], [0.17686568026455457, 0.2825925262431232, 0.3462758619942589, 0.1942659313980633], [0.14645924944516836, 0.24910316987671147, 0.2530428431221696, 0.35139473745595057], [0.2451731562369268, 0.3003565668759397, 0.2911405563063352, 0.16332972048079838], [0.206714445632042, 0.2914801369977641, 0.34080587357477116, 0.16099954369542274], [0.1945572164196255, 0.27866222132412816, 0.3468302098660663, 0.17995035229018005], [0.1840342933957808, 0.2554735915248503, 0.3384797673625951, 0.22201234761677377], [0.2170594217718059, 0.2274419251965819, 0.32077810643055144, 0.23472054650106078], [0.20261332975030386, 0.22249524788589947, 0.3187379694230419, 0.25615345284075475]], "ideal": "C", "sampled": "A", "correct": false}}
{"type": "result", "data": {"idx": 12, "options": ["A bumper crop of oranges in Florida", "A decrease in the price of Tang", "Expectations of lower future prices for orange juice", "Expectations of higher future income among juice drinkers"], "probs": [[0.706250774463846, 0.07102744756857837, 0.14348332054483953, 0.07923845732273604], [0.5650577888046889, 0.0788960272488364, 0.24302883847478846, 0.11301734537168617], [0.6869212735934502, 0.20304659491036786, 0.03875380650194025, 0.07127832489424167], [0.6452245379989959, 0.20621765502862108, 0.10533104522456987, 0.04322676164781309], [0.36464567075437676, 0.5142008218906954, 0.04935075489238385, 0.071802752362544], [0.32849254754703777, 0.4632277303084317, 0.17311155478741802, 0.035168167257112554], [0.12193326723398898, 0.3814763086152575, 0.3584188760888522, 0.13817154796190131], [0.11068012979473142, 0.25732212489290374, 0.4048875151203247, 0.22711023009204012], [0.14868569815715527, 0.32985312726337684, 0.3051109404589879, 0.21635023402048], [0.12143555575007454, 0.35137556670908693, 0.24918981455792752, 0.277999062882911], [0.1444227695320665, 0.374580442867968, 0.3631201982135049, 0.11787658928646064], [0.07911496882154335, 0.462429406451867, 0.31293399253731913, 0.14552163208927055], [0.4521609195745723, 0.3989937260460422, 0.06119314139626151, 0.087652212883124], [0.4420762244373543, 0.3234057341794614, 0.18719137715039955, 0.04732666413278481], [0.5641157878721006, 0.0965029789337712, 0.2011397272656762, 0.13824150582845202], [0.5096001890328644, 0.09426195665127436, 0.240718392147108, 0.15541946206875318], [0.4163673100877771, 0.26880750333883485, 0.2688356665306557, 0.0459895199427323], [0.4612964729524034, 0.34817586380249177, 0.06242968910142343, 0.12809797404368142], [0.6494848107288804, 0.25038242244309344, 0.03780490890584988, 0.06232785782217622], [0.7134812763922399, 0.16683173953353106, 0.08930378023761994, 0.030383203736609087], [0.6979318028401966, 0.07241793353821008, 0.14629485474601722, 0.08335540877557608], [0.7135661031019558, 0.06741534716959133, 0.14725376225269246, 0.07176478737576038], [0.6789000857318814, 0.19449741298428072, 0.09332677288888296, 0.033275728294954884], [0.613159864971857, 0.2807098464730857, 0.03625279467669568, 0.0698774937783616]], "ideal": "D", "sampled": "D", "correct": true}}
{"type": "result", "data": {"idx": 13, "options": ["Demand is downward-sloping.", "The demand curve lies above the marginal revenue curve.", "Price is determined by the equilibrium in the entire market.", "Average revenue differs from price."], "probs": [[0.18186528030797963, 0.1818590069189307, 0.4572254555133361, 0.17905025715975356], [0.144642902231014, 0.11441810257455781, 0.08241371686806104, 0.6585252782263671], [0.07250201917465754, 0.7208912586710557, 0.09605250047833329, 0.11055422157595346], [0.08253456220887828, 0.7019332280534969, 0.11281480795727797, 0.10271740168034686], [0.15896856191026829, 0.13596666841463553, 0.07627197070134015, 0.628792798873756], [0.1809292936421095, 0.22515944315206807, 0.3951957045158639, 0.19871555858995854], [0.16397780691069866, 0.17729881837390205, 0.4972824157406856, 0.16144095887471366], [0.1345580945095256, 0.13041403694019868, 0.08289763207057195, 0.6521302363797038], [0.08017085252881463, 0.640524129787881, 0.1429257499156794, 0.13637926766762493], [0.07977032093882787, 0.6373239897446181, 0.13152399951820606, 0.1513816896983479], [0.14419196652067195, 0.1006593562611068, 0.10884030988350123, 0.64630836723472], [0.15906099736499135, 0.13819157869936574, 0.47489237072945656, 0.22785505310618634], [0.47031357702759036, 0.1730047269293352, 0.14798649536002964, 0.20869520058304478], [0.4963435606306555, 0.14901910054598225, 0.16625066846806266, 0.18838667025529962], [0.4797994481917905, 0.14862350513781047, 0.16842071224082406, 0.20315633432957497], [0.4742288730334528, 0.142379690465389, 0.1857068444813405, 0.1976845919198177], [0.4896731747148489, 0.19476509382513235, 0.12380618040226893, 0.1917555509577498], [0.5167285722464877, 0.14573907633547314, 0.11529487198489007, 0.22223747933314905], [0.14743670490168798, 0.15450518976457936, 0.06750010547484243, 0.6305579997588903], [0.18659988421720583, 0.25108782938068597, 0.39504382635911706, 0.16726845994299114], [0.16446919472876548, 0.11128071778501267, 0.09370955031989332, 0.6305405370663285], [0.19730246673179455, 0.18246868925347037, 0.4377505881162068, 0.18247825579852822], [0.08091080127658869, 0.6774540492404499, 0.1123374766569939, 0.12929767272596748], [0.057952288693135796, 0.7060007329622717, 0.09261083477925146, 0.14343614346534106]], "ideal": "C", "sampled": "C", "correct": true}}
{"type": "result", "data": {"idx": 14, "options": ["money.", "plant and equipment.", "where the central government is located.", "the center of the economy."], "probs": [[0.001418492703473222, 0.99651454351948, 0.0013536678763679233, 0.0007132958006788482], [0.001242357481132093, 0.9967428061297363, 0.0013752955318910385, 0.0006395407572405791], [0.0038410206340761415, 0.0015887287250624356, 0.9927416453529854, 0.0018286051878760293], [0.0014636650318554615, 0.0009017214680958372, 0.0009159175597668459, 0.9967186958402818], [0.004384760722992193, 0.0016513310756098494, 0.9923381755907769, 0.0016257325106210471], [0.001835370653713056, 0.0007893778235991869, 0.0009085599367300378, 0.9964666914859577], [0.9951140124270306, 0.0030221906521981177, 0.0007945795638081135, 0.0010692172569632412], [0.9955781088753485, 0.0028183044071739168, 0.00077049027835377, 0.000833096339123882], [0.9959602520762468, 0.0011570807737843862, 0.001952931782881693, 0.0009297352670870612], [0.996365185044968, 0.0010376204689591091, 0.0009901028780180028, 0.0016070915080548778], [0.9963634072716877, 0.0010705572208328737, 0.001806898643583672, 0.0007591367638957633], [0.9964798205889138, 0.0009016037947276085, 0.0008670635450387251, 0.0017515119713198204], [0.0011562909077930082, 0.0018768405348312588, 0.9952975779369105, 0.001669290520465175], [0.0006922111128039355, 0.0007782679988970622, 0.0006868206175763031, 0.9978427001707227], [0.00047528805396645325, 0.9968322613277826, 0.0020325767257361326, 0.0006598737925148164], [0.00038828990906712013, 0.9977858428130804, 0.0013033646085420776, 0.0005225025693103854], [0.0005557861999336369, 0.0006600060877593012, 0.0017119063206575552, 0.9970723012916495], [0.0009303723059271961, 0.0010138602551220462, 0.9966481644922731, 0.0014076028466776546], [0.002139732548727423, 0.0026216580045437155, 0.9935980187999449, 0.0016405905467839117], [0.0010302481636284987, 0.0010142694616035641, 0.0008675481990847838, 0.9970879340756832], [0.0005644539357985051, 0.9968898499500041, 0.0019856304125146157, 0.0005600656016827724], [0.00037924192842901726, 0.9976379015375204, 0.0014090792285016338, 0.0005737772055489434], [0.0006806052078802274, 0.000814569841987713, 0.001938815601003954, 0.9965660092491281], [0.001104204953741176, 0.001053639380207265, 0.9960776458640169, 0.0017645097020346332]], "ideal": "B", "sampled": "B", "correct": true}}
{"type": "result", "data": {"idx": 15, "options": ["Ray pulls weeds, since he has absolute advantage in cooking.", "Dorothy pulls weeds, since she has absolute advantage in cooking.", "Dorothy cooks, since she has comparative advantage in cooking.", "Ray cooks, since he has comparative advantage in cooking."], "probs": [[0.01202624719761548, 0.04574120276200481, 0.8235765441633232, 0.11865600577705653], [0.009614418447828336, 0.03079338431670764, 0.8194021145994419, 0.1401900825360221], [0.008259497951314827, 0.6408475327229789, 0.11136379589653071, 0.2395291733291755], [0.0075306089331415955, 0.7159027561833907, 0.18969938257581723, 0.08686725220765042], [0.0014801011439983054, 0.8096883903514528, 0.026853725348969168, 0.1619777830555797], [0.002123874797712701, 0.9048930405270984, 0.04576201878465776, 0.0472210657905311], [0.014089390712489156, 0.06264964856304776, 0.7632574572286672, 0.16000350339579586], [0.011013289463186695, 0.04493937465113148, 0.8218772770278003, 0.12217005875788149], [0.0021061498875425827, 0.8562143934548124, 0.05142040486741663, 0.09025905169022835], [0.003532801785726621, 0.8183477053310104, 0.1178960136754533, 0.06022347910780968], [0.005714491301835928, 0.8155172815622044, 0.06488289487020966, 0.11388533216575007], [0.006137318377161258, 0.8896763228561674, 0.06968648656375974, 0.03449987210291165], [0.39182321984827784, 0.1332901477661125, 0.13969429460384564, 0.335192337681764], [0.29793021396427366, 0.10622237417031688, 0.5479636297902599, 0.04788378197514959], [0.3796629010242575, 0.12133176082637162, 0.061972842737161096, 0.4370324953122098], [0.34771603211916524, 0.12591881590647191, 0.4534778668148075, 0.07288728505955532], [0.33332684881130614, 0.2941055319470027, 0.25554114767992, 0.1170264714617712], [0.43665954036527455, 0.29539472622979895, 0.20303736216507878, 0.06490837113984767], [0.30238140752798726, 0.1384217492509699, 0.09078302571696534, 0.4684138174040775], [0.39391379370583446, 0.15183640562457193, 0.3115734662825187, 0.1426763342870749], [0.4511654876242391, 0.12923987786251784, 0.07364312142782142, 0.3459515129854217], [0.3660309626020692, 0.10989102761052982, 0.4848911183769812, 0.039186891310419796], [0.3985780655303506, 0.21330311355706882, 0.21667682600880242, 0.17144199480377817], [0.527600501205887, 0.209823359797388, 0.20338164773054085, 0.059194491166184186]], "ideal": "D", "sampled": "D", "correct": true}}
