{"type": "result", "data": {"idx": 0, "options": ["a currency.", "a well-connected transportation infrastructure.", "government activity.", "a banking service."], "probs": [[0.889808790417761, 0.009884979096166506, 0.04161736539698054, 0.05868886498909197], [0.8350861292280042, 0.0092048607445527, 0.037269346331506595, 0.11843966359593655], [0.8876452883238812, 0.008303751646734055, 0.0240277268652707, 0.08002323306411405], [0.8254850960008754, 0.010071693949434852, 0.04174620284501655, 0.12269700710467327], [0.7395377630450883, 0.012333029673137904, 0.03624894408846908, 0.21188026309330463], [0.815604344979037, 0.015412560964011465, 0.043906663467479394, 0.12507643048947217], [0.059015394778035093, 0.777384073306961, 0.042508261553109855, 0.12109227026189398], [0.05533439622769121, 0.7403750264127781, 0.056207328654112126, 0.14808324860541858], [0.09993085972506346, 0.014737951346141856, 0.773850261153175, 0.11148092767561962], [0.045373062973942446, 0.007823358835570409, 0.021100703235982985, 0.9257028748545042], [0.05714887316159644, 0.01538154092968435, 0.7646675619686802, 0.16280202384003903], [0.054554148064068476, 0.011257964657060424, 0.025769909058584724, 0.9084179781202864], [0.41183305856502184, 0.346801647612088, 0.05573702375837783, 0.18562826996451232], [0.3517526545062272, 0.3304438738392897, 0.09768094558100866, 0.2201225259734744], [0.055546331705424876, 0.007173225691781717, 0.8825952935993411, 0.05468514890345229], [0.039584293275550235, 0.00531552396816393, 0.025557955284075402, 0.9295422273722104], [0.06756693728190943, 0.012596816949492185, 0.7854630456493366, 0.13437320001926178], [0.02264916469220983, 0.0039052478019560074, 0.010369674981827861, 0.9630759124240063], [0.33385962741999525, 0.26826653281548957, 0.07930083690238979, 0.31857300276212536], [0.40005844231767984, 0.31156759327917516, 0.07755697235029062, 0.2108169919528544], [0.05184075103800293, 0.006800088834632712, 0.8768424133544951, 0.06451674667286923], [0.10399474540823543, 0.007533421444508624, 0.031225348529575918, 0.85724648451768], [0.1754317303060963, 0.010131981336042158, 0.6938638167938802, 0.12057247146398135], [0.05998936315460951, 0.004345655185875587, 0.01181277097624451, 0.9238522105832704]], "ideal": "B", "sampled": "A", "correct": false}}
{"type": "result", "data": {"idx": 1, "options": ["zero population growth.", "rapid growth rate.", "homeostatic plateau.", "demographic momentum."], "probs": [[0.00017424214654501973, 0.0013283059384593613, 0.005131795129323397, 0.9933656566856722], [0.001578508728908973, 0.005381858267742555, 0.9786370926541559, 0.01440254024919263], [0.00032298938680006234, 0.003696271858928791, 0.002621069276609982, 0.9933596693776612], [0.0015950615782155788, 0.00772934488937287, 0.9812053891075861, 0.009470204324825395], [0.001040742382628645, 0.9838467233622968, 0.00500414427028512, 0.010108389884789359], [0.0007286759632536754, 0.9867097519614849, 0.005259556115132883, 0.007302015860128525], [0.00015874479594804282, 0.0021238960933384326, 0.0037567712044444235, 0.9939605878062691], [0.0013599621061194467, 0.010206952288430465, 0.9780653925349174, 0.01036769297053269], [0.00019303460545627062, 0.002107922857706592, 0.0034753669085951797, 0.994223675528242], [0.0006536568469844159, 0.005602703025173716, 0.9797681080813603, 0.01397553194648154], [0.0006192897605777931, 0.988104734224848, 0.004721260684212057, 0.006554715230362171], [0.0004531582729708314, 0.9882643666197778, 0.003374705941018336, 0.00790776906623308], [0.00036350321836490346, 0.0027928607396738676, 0.002503516080445763, 0.9943401198615155], [0.0019233358477694865, 0.008034457474905094, 0.9808665596339866, 0.009175646943338797], [0.000285062429981278, 0.0015170987092598563, 0.004746549079921458, 0.9934512896808374], [0.00099889846921125, 0.003711318354105143, 0.9819248907535543, 0.013364892323129355], [0.0009076125258078302, 0.9875476057599171, 0.004004620600229005, 0.0075401610140460856], [0.0007987585456852994, 0.9848272911688456, 0.0030860296328371175, 0.011287920552631989], [0.9719389880628116, 0.011139936295339478, 0.0028387532820171786, 0.014082322259831694], [0.9776647041441948, 0.009436032467826632, 0.003753441142095832, 0.009145822145882722], [0.9697698466647369, 0.007065180304978169, 0.005949508467437729, 0.01721546446284727], [0.9700530175160309, 0.006236814813761518, 0.005090364569763346, 0.018619803000444187], [0.9758411692626644, 0.007567930537200566, 0.003717283037599731, 0.01287361706253532], [0.9687878551683315, 0.008381592163602987, 0.003035652470703811, 0.019794900097361616]], "ideal": "D", "sampled": "D", "correct": true}}
{"type": "result", "data": {"idx": 2, "options": ["push factors.", "pull factors.", "distance decay.", "migration selectivity."], "probs": [[0.000859910760091403, 0.009613023379182269, 0.9653600694987896, 0.02416699626193672], [0.0006096665269905229, 0.0014971828778049718, 0.002046420544275028, 0.9958467299509295], [0.0007236742723572084, 0.9647550839677654, 0.01253028433594583, 0.021990957323931463], [0.001301454175374533, 0.9433128441038878, 0.008420641715522632, 0.04696505990521499], [0.0003596078938342661, 0.000897007874236537, 0.007336534984697268, 0.9914068491472319], [0.0009839387853788704, 0.00519585193504148, 0.9672267170619158, 0.02659349211766389], [0.0012059696764674837, 0.014351133690842633, 0.960030880063559, 0.024412016469130916], [0.0008394507856436417, 0.0019517639456744897, 0.001833531383266425, 0.9953752537854155], [0.0010301346695680464, 0.9662449932348979, 0.012355090257954716, 0.020369781737579327], [0.0016095932517092456, 0.9521963518124495, 0.007501202112077631, 0.03869285272376358], [0.00039135414941947463, 0.0008284851939236404, 0.008700670508756139, 0.9900794900479007], [0.0014053207170642108, 0.005060707282304126, 0.9644117780778027, 0.029122193822829056], [0.9113782380689481, 0.008934742750036502, 0.007179347132675009, 0.07250767194834037], [0.9140389416184909, 0.013878735519069985, 0.007907966441621825, 0.06417435632081733], [0.8974190083360128, 0.010447749315146734, 0.008661575929142006, 0.08347166631969836], [0.9065036739005243, 0.01465203328041231, 0.007842763297061284, 0.07100152942200205], [0.9179700400245049, 0.02334243784810719, 0.006900135285403877, 0.05178738674198401], [0.9093872217852532, 0.022765649625601188, 0.00786772776569171, 0.05997940072345389], [0.00152524200206819, 0.0021847920279641072, 0.005282174406704542, 0.9910077914632631], [0.0020192910914874026, 0.009558443199419547, 0.9598861557004185, 0.028536109908674546], [0.0013245476852502967, 0.0023246295995035904, 0.005798664821293873, 0.9905521577939522], [0.00230408574363452, 0.01090652003634052, 0.9515828640077617, 0.035206530112263226], [0.0014089566131061959, 0.9744714618929874, 0.005704770866491613, 0.01841481052741484], [0.0013619551560110047, 0.9718646164036061, 0.00596254164340141, 0.02081088669698148]], "ideal": "C", "sampled": "C", "correct": true}}
{"type": "result", "data": {"idx": 3, "options": ["First", "Second", "Third", "Fourth"], "probs": [[0.06421247458923963, 0.06835346279708159, 0.1092285496229962, 0.7582055128906826], [0.05751800239000105, 0.03381291820644421, 0.022879017812991172, 0.8857900614905636], [0.19724138373013914, 0.3251932311506703, 0.176805498832747, 0.30075988618644356], [0.08010344564576106, 0.16957744222274887, 0.12024893402963616, 0.6300701780018539], [0.12504560871526027, 0.19367257671587365, 0.2448259220824414, 0.4364558923864247], [0.10752510038004459, 0.18578549802415026, 0.48948137853284296, 0.21720802296296218], [0.46809996216011907, 0.05334609120579269, 0.045629427852301715, 0.4329245186817865], [0.18099648513740824, 0.02648548083479765, 0.01848988752565301, 0.7740281464021411], [0.031099881162740293, 0.7653404869961445, 0.05047982798995877, 0.15307980375115637], [0.03546833273017619, 0.43208980877913833, 0.06523591327935704, 0.46720594511132846], [0.1630666203971529, 0.26057721734881645, 0.133090578488546, 0.44326558366548463], [0.09856998405372447, 0.12460334692973028, 0.5328623374015963, 0.24396433151494895], [0.4305952964684984, 0.039430442091871916, 0.018625670521734253, 0.5113485908178954], [0.6013196795774146, 0.08011739819615692, 0.051727854481052084, 0.26683506764537646], [0.5172942127431962, 0.061781556976278774, 0.04246188318536984, 0.3784623469951552], [0.46345606314148774, 0.053648602339942154, 0.09867496870905823, 0.38422036570951185], [0.07834653789054306, 0.6162367646148508, 0.05643049050096098, 0.24898620689364517], [0.05920720538508998, 0.45847604186505453, 0.058288798381767114, 0.42402795426808837], [0.36812826781692254, 0.06704075596347174, 0.020768305168636318, 0.5440626709509694], [0.40912091118296273, 0.14817254023005202, 0.03358253786254069, 0.40912401062444453], [0.14586703695190162, 0.09566132865875, 0.029175118043710695, 0.7292965162456376], [0.23866311602378112, 0.19478987881045765, 0.06129349250826832, 0.5052535125574928], [0.10441456339109023, 0.5644549320077241, 0.028994758651310598, 0.30213574584987507], [0.11998030027754926, 0.46717093130029863, 0.02554518164248679, 0.3873035866796653]], "ideal": "A", "sampled": "C", "correct": false}}
{"type": "result", "data": {"idx": 4, "options": ["Most women work in agriculture", "The percentage of women economically active in the labor force declined worldwide", "The percentage of women in the total labor force declined", "Women spend more hours per day working than men in all regions except Anglo America and Australia"], "probs": [[0.082182705394156, 0.33012121912516046, 0.17671680448672286, 0.4109792708939607], [0.06013478338117066, 0.3406741618769433, 0.41101279850664346, 0.18817825613524253], [0.08011690586091276, 0.2045618161694425, 0.27529698812665054, 0.4400242897429942], [0.08450921435161005, 0.24836885371476328, 0.4225565696258756, 0.24456536220775107], [0.08470594073949125, 0.6982060618134049, 0.07957903980726651, 0.13750895753983727], [0.08106807235867051, 0.6894383141948015, 0.08496147773138085, 0.14453213561514716], [0.10674620378907156, 0.04380523769191978, 0.47097983776173513, 0.3784687206572735], [0.1403090428247972, 0.05757903357881632, 0.6191054236024606, 0.18300649989392592], [0.20920215155323413, 0.29041566900955834, 0.05046978870889644, 0.44991239062831107], [0.17941116368912932, 0.15107100664596437, 0.6262314671235416, 0.04328636244136465], [0.13341717221867264, 0.7212031971507801, 0.05649562840350324, 0.08888400212704402], [0.09199642646127823, 0.77024551390173, 0.11449584683643795, 0.023262212700553817], [0.09299490842397529, 0.04603251561892008, 0.45063884236803337, 0.41033373348907126], [0.13037244440020418, 0.05784944579788749, 0.6417368982868925, 0.17004121141501577], [0.18128116764701757, 0.44168309195547967, 0.05885171626761106, 0.3181840240298917], [0.19753857617283072, 0.2382638385071557, 0.5204622323445568, 0.04373535287545682], [0.1599656402923962, 0.7057721219750969, 0.04728670526083588, 0.08697553237167106], [0.09103474899728158, 0.8113622120533152, 0.0709009271930161, 0.02670211165638719], [0.6296197020831269, 0.06845778155145549, 0.11287539595722167, 0.189047120308196], [0.549596336453056, 0.07793937158166575, 0.14335893728736318, 0.2291053545779151], [0.6090879031273263, 0.17177246847556749, 0.04999410025315052, 0.16914552804395566], [0.7549749353506902, 0.08469795068391343, 0.1271560248824171, 0.03317108898297935], [0.30788425409024384, 0.30784622632957254, 0.03536153706603336, 0.3489079824141503], [0.5263658459535173, 0.16560752123470354, 0.2605734612852603, 0.04745317142651886]], "ideal": "D", "sampled": "D", "correct": true}}
{"type": "result", "data": {"idx": 5, "options": ["safety.", "better climate.", "better schools.", "overcrowding."], "probs": [[0.31689592956640394, 0.085289410602792, 0.04156731037702249, 0.5562473493537815], [0.18568986652424718, 0.15155425666247213, 0.5290009974904348, 0.13375487922284582], [0.2849428409288294, 0.06066695080336785, 0.05108718508341678, 0.603303023084386], [0.1210205435251666, 0.06683422375419622, 0.6441139338224022, 0.16803129879823497], [0.18969704491531864, 0.2360777293815231, 0.29382399159449596, 0.2804012340086623], [0.22927742510894678, 0.1703786948040011, 0.17856178643819867, 0.42178209354885343], [0.385548345975238, 0.1374687526709068, 0.0331667543697205, 0.4438161468841347], [0.27437483938925206, 0.12561683082083464, 0.4891460415149728, 0.11086228817494048], [0.49360559305093377, 0.10346260858526729, 0.04737002862832905, 0.35556176963546987], [0.2433189040673676, 0.07899277029130844, 0.5746587003887033, 0.10302962515262075], [0.3203717196041216, 0.4734725831860679, 0.05481108456264421, 0.15134461254716633], [0.33454574023500006, 0.4572644352487342, 0.03995718538249919, 0.1682326390337665], [0.4107799965366467, 0.1333569779866674, 0.051414800663862566, 0.4044482247128233], [0.23113945064427438, 0.10582192276554091, 0.45256471574934826, 0.2104739107408365], [0.5466172674250215, 0.07874529778637326, 0.05328289771559388, 0.32135453697301136], [0.274650688819679, 0.07626531903777828, 0.5131204051291361, 0.13596358691340651], [0.19042453238452986, 0.478719035234184, 0.07457327708084242, 0.25628315520044365], [0.21362935720730442, 0.5124626330971993, 0.06025840170945252, 0.21364960788604379], [0.2414824885330262, 0.30052692590709107, 0.21647269176680833, 0.24151789369307441], [0.26557769577298085, 0.3357143003690013, 0.10239037565189776, 0.29631762810612006], [0.491677335973567, 0.20177651351653697, 0.09834209523150807, 0.20820405517838794], [0.4700379055639528, 0.22906917245977296, 0.057021725704698295, 0.2438711961715759], [0.46838455340683305, 0.11658446229012194, 0.10782713200950154, 0.30720385219354346], [0.45854910425696754, 0.1465545027400065, 0.11237147273425442, 0.28252492016877156]], "ideal": "D", "sampled": "D", "correct": true}}
{"type": "result", "data": {"idx": 6, "options": ["Vietnam", "United Kingdom", "Germany", "Bolivia"], "probs": [[0.03465059586429408, 0.8936593418347518, 0.012747420685348712, 0.05894264151560542], [0.030533888281733576, 0.6132948344546904, 0.012145724289621851, 0.34402555287395425], [0.20800740299556544, 0.5311742026265093, 0.1062409693731286, 0.15457742490479665], [0.028379564823776498, 0.10879112703375271, 0.007119760310775541, 0.8557095477316953], [0.031834121731029445, 0.00656949541173467, 0.8604279739658872, 0.10116840879134863], [0.03047424150771573, 0.0050929029876657025, 0.5235572999200347, 0.4408755554845838], [0.40892160544063716, 0.23299801694504013, 0.11005987389864437, 0.24802050361567834], [0.24303060341285834, 0.061447954626247234, 0.013926801879950155, 0.6815946399809443], [0.35191653451188787, 0.05481873559163849, 0.2574676150307419, 0.3357971147657317], [0.32195928689598097, 0.08398854731673543, 0.04638269543183939, 0.5476694702554442], [0.3587775437214265, 0.01786261713650476, 0.031843131380951975, 0.5915167076611167], [0.25665954183071216, 0.02042008784168306, 0.43659759295347833, 0.28632277727412647], [0.17953716885504228, 0.040060983596497984, 0.7100945378910152, 0.07030730955744459], [0.05436230242339682, 0.007590789576885855, 0.004094905809168473, 0.9339520020905488], [0.3288936765657634, 0.17062929998289086, 0.13926195474385566, 0.3612150686074901], [0.2966890621757014, 0.1976383618900788, 0.0389172470571029, 0.4667553287771169], [0.06024713773780166, 0.006154751914520629, 0.005781782860325785, 0.9278163273873519], [0.11611415908538196, 0.021146432913767325, 0.7112983292246874, 0.1514410786761633], [0.014958751175344195, 0.008932526471627603, 0.9111310142925241, 0.06497770796050413], [0.02919409812617106, 0.008234871596586906, 0.36695164643443073, 0.5956193837428113], [0.0089064715504182, 0.7831686145617408, 0.016002204282473755, 0.19192270950536724], [0.008999026858328178, 0.9107886689897782, 0.013196376418675038, 0.06701592763321859], [0.011347805286108523, 0.4825266359569834, 0.016003174899446727, 0.4901223837574613], [0.02296146670878666, 0.671044082828007, 0.13633029796357876, 0.16966415239962757]], "ideal": "D", "sampled": "B", "correct": false}}
{"type": "result", "data": {"idx": 7, "options": ["Chain migration", "Cluster migration", "Circular migration", "International migration"], "probs": [[0.013512912016227266, 0.03940484989871847, 0.5030902553346261, 0.44399198265042805], [0.018684970822814683, 0.03573458029262093, 0.5169799576717734, 0.428600491112791], [0.0344877833914872, 0.21125343125058518, 0.14294288838055488, 0.6113158968773728], [0.03457052440590913, 0.4413508704567878, 0.3956348803947422, 0.12844372464256085], [0.021731574855895292, 0.06386886960288805, 0.09892162927203849, 0.8154779261691781], [0.055278812216045546, 0.1899403950747941, 0.5327122866505272, 0.22206850595863317], [0.12400747591582331, 0.025589368083424973, 0.3117444232431468, 0.5386587326576049], [0.08358333877259061, 0.025095542135280247, 0.52825606314335, 0.3630650558487791], [0.16189941279761025, 0.13008434681532272, 0.2014815002036822, 0.5065347400833848], [0.16521630810300691, 0.18430676642511767, 0.5333226799433963, 0.11715424542847906], [0.054406796253323245, 0.5081779417056312, 0.05975394017121871, 0.37766132176982686], [0.07941113979146437, 0.6545784922501364, 0.13508370215397947, 0.13092666570441971], [0.3666243453775793, 0.01421524266361409, 0.08572883671583484, 0.5334315751429718], [0.4347311104028848, 0.02001691352315991, 0.3493086273677325, 0.19594334860622276], [0.3900592588423985, 0.03103199013168743, 0.13692001869538625, 0.4419887322305278], [0.3737157187385787, 0.03422132417385321, 0.47985537584174925, 0.11220758114581884], [0.5291826089003296, 0.15642069162040848, 0.04412137683694389, 0.27027532254231795], [0.5086041309470857, 0.22568478986712553, 0.050358097968571824, 0.215352981117217], [0.009374911363351888, 0.0066476181091568555, 0.10644783963938433, 0.877529630788107], [0.03788548469131858, 0.016680090345491116, 0.6610971326480678, 0.2843372922151225], [0.019580679012367073, 0.01598068140287333, 0.04999812691903812, 0.9144405125657215], [0.04482025280146623, 0.03715574368462938, 0.7233390211335682, 0.19468498228033618], [0.07107032967151652, 0.6638201598125753, 0.03924888072606483, 0.22586062968984338], [0.07067583790249014, 0.6918173119106129, 0.05418898759269803, 0.18331786249419893]], "ideal": "C", "sampled": "C", "correct": true}}
{"type": "result", "data": {"idx": 8, "options": ["Religious differences", "A national holiday", "An attack by another country", "A charismatic national leader"], "probs": [[0.46065794839279944, 0.032852241616880565, 0.16946468639357604, 0.33702512349674396], [0.5595273908466031, 0.029193903921673522, 0.1816497424623916, 0.22962896266933178], [0.5372091271052537, 0.08769584021568302, 0.038915107000838924, 0.3361799255782243], [0.6537175931615204, 0.09417608492934126, 0.11720440494706678, 0.13490191686207148], [0.6989091555942272, 0.06203121249467591, 0.03881829188206458, 0.20024133992903229], [0.7290091865485464, 0.054485248432197375, 0.12088097225437454, 0.09562459266488166], [0.044462195861927026, 0.3962868988670955, 0.11714448604091064, 0.4421064191300669], [0.05626249145116576, 0.49369184686695333, 0.18162339382669865, 0.2684222677551823], [0.051330164735538815, 0.06001047059231094, 0.34534309232696997, 0.5433162722451803], [0.14570621493315009, 0.0792178774150423, 0.2897757758010629, 0.4853001317507447], [0.09055798769754546, 0.11627892750170112, 0.48197631479379743, 0.311186769906956], [0.13920974730053215, 0.20254716275097026, 0.13283720611197566, 0.5254058837365219], [0.03490813089151335, 0.5997265003011663, 0.028940837935224038, 0.3364245307720963], [0.07267745325804963, 0.7004136316055201, 0.11256909379073209, 0.11433982124569825], [0.060604483899173715, 0.025661329520401375, 0.4995711818029566, 0.4141630046774683], [0.14655372417060805, 0.019833689442713034, 0.17677643794599934, 0.6568361483406796], [0.17922706366096586, 0.1417799847645843, 0.5969365656691923, 0.08205638580525752], [0.14273025014278753, 0.1668663909480763, 0.030389686873554075, 0.6600136719355821], [0.1190570967939492, 0.6537550479491588, 0.039880475710607204, 0.18730737944628478], [0.13509091149274294, 0.6649483291477724, 0.10855203103655069, 0.09140872822293405], [0.1628447795175306, 0.03690765852719509, 0.5595774733397694, 0.24067008851550487], [0.28231178413856883, 0.031183043487711372, 0.08883255503675454, 0.5976726172369652], [0.2692514419864155, 0.12521298508315068, 0.5271790144924922, 0.0783565583379417], [0.35466152029668935, 0.07205264934118057, 0.032477277896167195, 0.5408085523659629]], "ideal": "A", "sampled": "A", "correct": true}}
{"type": "result", "data": {"idx": 9, "options": ["Mediterranean climate", "Limited forest cover", "Growth of manufacturing", "Access to trade routes"], "probs": [[0.004061605591304514, 0.0008922251455312712, 0.0011912757206330004, 0.9938548934425312], [0.004969533085212608, 0.004854427668169579, 0.98476052641245, 0.005415512734167804], [0.002587230874624646, 0.0006193454024603828, 0.000814115104270659, 0.9959793085186444], [0.006048032075937754, 0.00285690185653764, 0.9858404224086653, 0.0052546435588592556], [0.005327842928763729, 0.9917835219299871, 0.0010329152766476732, 0.0018557197646014933], [0.007553366035972484, 0.9892927410779632, 0.0012140007161195905, 0.001939892069944766], [0.010450466380432934, 0.0016664854235626816, 0.001994522025923061, 0.9858885260700814], [0.010514271022391629, 0.006229526664378583, 0.9765204663148254, 0.0067357358984044035], [0.005806404841830687, 0.0010909967343040127, 0.0012170990859284257, 0.9918854992379369], [0.008103076114949667, 0.0038879163277683233, 0.9815486362322492, 0.00646037122503285], [0.01078825895150324, 0.9864207033112705, 0.00124891088134543, 0.0015421267558807506], [0.011828262428424273, 0.9847282645873445, 0.001527558435216059, 0.001915914449015133], [0.0014642610442159446, 0.0007248618401073092, 0.0007656108717584022, 0.9970452661439183], [0.004032441298068817, 0.004032454336584485, 0.9867167186977657, 0.005218385567581027], [0.0015704527168092517, 0.0008948160180344675, 0.000783533272156924, 0.9967511978929994], [0.0028876705371170424, 0.004104214426361921, 0.988706928105699, 0.004301186830821979], [0.0032888049819789697, 0.9937207694085588, 0.001145555240281422, 0.0018448702691808397], [0.0022978666094410254, 0.9945475396740565, 0.0011736914674735346, 0.0019809021490289134], [0.9914725084367876, 0.0034120656504961384, 0.002308739874881522, 0.0028066859378347553], [0.989243973017955, 0.004270068995481087, 0.003027957181706244, 0.0034580007048576568], [0.9900846519374948, 0.0055305747132045145, 0.0019113456424686144, 0.0024734276068319977], [0.9883137397250948, 0.005267870640125706, 0.0029092312477675296, 0.0035091582870118944], [0.9894444190469003, 0.0041719951290026605, 0.003005004958034899, 0.0033785807660621546], [0.989093270880157, 0.003325028933216306, 0.0035394994765219445, 0.004042200610104809]], "ideal": "D", "sampled": "D", "correct": true}}
{"type": "result", "data": {"idx": 10, "options": ["high birth rates with high but fluctuating death rates.", "declining birth rates with continuing high death rates.", "low birth rates with continuing high death rates.", "high birth rates with declining death rates."], "probs": [[0.9463844433876607, 0.017333544266245327, 0.021911877967727464, 0.014370134278366494], [0.8997064996681765, 0.01867272243433277, 0.07047068737300878, 0.011150090424481925], [0.946272453860318, 0.01933466872382537, 0.019334897829183822, 0.015057979486672831], [0.9099362607490189, 0.018592256714391586, 0.06001701985615697, 0.0114544625804325], [0.9420745792970298, 0.028006940466655344, 0.018950688566638375, 0.010967791569676564], [0.9277889468559514, 0.03327050180544814, 0.025911458775181948, 0.013029092463418485], [0.4642198841042057, 0.1507078960176233, 0.29507779192722117, 0.0899944278509498], [0.46311458250548704, 0.18421092353094903, 0.202320468370941, 0.15035402549262294], [0.6379274749040724, 0.04409450681101849, 0.2170429833651214, 0.10093503481978766], [0.6882616332100625, 0.04399852859532826, 0.20665308985024272, 0.06108674824436647], [0.7631777438893182, 0.04955588597805085, 0.06071790239295516, 0.1265484676396757], [0.7039854139573345, 0.04500385134973656, 0.21808466963031586, 0.03292606496261309], [0.8418261894248826, 0.04749213841744757, 0.07953517034460567, 0.03114650171306417], [0.8314454871962654, 0.05151675095769148, 0.08627525426896951, 0.030762507477073587], [0.8536342604179876, 0.03361987037374309, 0.07695727250216566, 0.03578859660610364], [0.8773671453117677, 0.03401889677019643, 0.0676552956308964, 0.02095866218713939], [0.8883185269563385, 0.05334708009697734, 0.03390992615663881, 0.024424466690045325], [0.8543439442976508, 0.04671544173849787, 0.07946646898587756, 0.019474144877973776], [0.8938214385052069, 0.040517959636983965, 0.04591345824558481, 0.01974714351222426], [0.8689581430063333, 0.045338583678606575, 0.06494542416294195, 0.02075784905211815], [0.9272276101725608, 0.029805423494578993, 0.028440816139672396, 0.014526150093187779], [0.9184060147142252, 0.029521877108105807, 0.03790721690596365, 0.014164891171705354], [0.8935017202077264, 0.045896401520667075, 0.03925777803168347, 0.02134410013992301], [0.8922482362438675, 0.04655381473399091, 0.04238827724975012, 0.018809671672391493]], "ideal": "A", "sampled": "A", "correct": true}}
{"type": "result", "data": {"idx": 11, "options": ["Crude birth rate", "Replacement level", "Mortality rate", "Total fertility rate"], "probs": [[0.0009500559939105732, 0.8569912082159585, 0.004325002149803696, 0.1377337335403272], [0.0006935234218776166, 0.8032754511200556, 0.18784218583127635, 0.008188839526790472], [0.0014600107414108744, 0.0028809736922275463, 0.45515187099592946, 0.5405071444704321], [0.0016349978032819104, 0.0024544187219119914, 0.1288727390159081, 0.867037844358898], [0.0010634874206741144, 0.35016836203983825, 0.6340872315178642, 0.014680918921623485], [0.0011599860423012623, 0.37896866484873476, 0.004733519272720184, 0.6151378297362438], [0.9588495457402519, 0.0015587062554771928, 0.0012330424062862474, 0.03835870549798465], [0.9820311689704107, 0.0011956424016129556, 0.013790736940171343, 0.002982451587805062], [0.9656867473881483, 0.0014071790631121918, 0.0018642125822994461, 0.031041860866440008], [0.983908530358004, 0.0010571686453241117, 0.012778723407282833, 0.002255577489389091], [0.995342995472887, 0.0022115867615011657, 0.0006959089673579692, 0.0017495086982538442], [0.9942003440108327, 0.003019410351827607, 0.0008000673701223779, 0.001980178167217352], [0.000478464409504356, 0.0040375145571042385, 0.5288107097940477, 0.4666733111393438], [0.0003585525796023249, 0.003246038438539935, 0.09635656973288523, 0.9000388391489725], [0.000856840385409738, 0.8163576574022087, 0.006233135125193493, 0.1765523669871881], [0.0007302232947921092, 0.7348327449066365, 0.2539551491258496, 0.010481882572721781], [0.0005020900785218584, 0.10926972906941124, 0.0034580651605528555, 0.8867701155915141], [0.0007427728890491837, 0.16419565967613348, 0.820936679440495, 0.014124887894322409], [0.20550191840574009, 0.00822106114421196, 0.7755547331222187, 0.010722287227829275], [0.42687797474020717, 0.0043177900983155755, 0.00328480404825806, 0.5655194310132192], [0.03164706426016516, 0.9542144678206868, 0.006738140813155799, 0.007400327005992297], [0.05508658025146112, 0.9317132978855849, 0.005627529890814758, 0.007572591872139291], [0.5078110007290845, 0.003817060427844276, 0.003817060660674915, 0.4845548780823964], [0.34651357577467795, 0.005689041794436033, 0.6373336433230338, 0.010463739007852269]], "ideal": "B", "sampled": "B", "correct": true}}
{"type": "result", "data": {"idx": 12, "options": ["Islam", "Christianity", "Hinduism", "Buddhism"], "probs": [[0.029758733516983073, 0.8363412306239356, 0.013412953784728092, 0.12048708197435319], [0.028200519569366724, 0.850279610140241, 0.015094229612609146, 0.10642564057778311], [0.02692440902679373, 0.021634150706248544, 0.9056420314093411, 0.04579940875761667], [0.01848055962461068, 0.012406844839765873, 0.006336741258531688, 0.9627758541770918], [0.013878322037022226, 0.018821591281609946, 0.928377855412107, 0.03892223116926081], [0.01950176907680553, 0.018901112550760962, 0.007173998192474801, 0.9544231200799587], [0.000823806545697714, 0.9844584844056438, 0.0017303851982969792, 0.012987323750361502], [0.0009058315686745836, 0.9856074321731773, 0.002189965524357469, 0.011296770633790726], [0.00023057372794421768, 0.0052889009171372394, 0.9922584819423984, 0.0022220433125201403], [0.00022961327806659537, 0.009839250282341951, 0.0018343456696394672, 0.9880967906699519], [0.0003151085378283223, 0.00571780135213174, 0.992110781244539, 0.0018563087655009526], [0.0002927240287473726, 0.009845735498547298, 0.0011133225738190183, 0.9887482177988863], [0.0006571005016216085, 0.9038132360365562, 0.08148053763821239, 0.014049125723609817], [0.00038181303677519964, 0.7883354454927489, 0.0023941800553527845, 0.20888856131512307], [0.00046208955312989676, 0.5310474683715355, 0.45422748154986736, 0.01426296042546723], [0.00024102389140913112, 0.7890465115925159, 0.0016341712028350023, 0.20907829321323992], [0.0001979282639232684, 0.0045399678894706514, 0.9354598931211207, 0.059802210625485464], [0.0002788787297002002, 0.012426739438018529, 0.7000089887316768, 0.28728539300060446], [0.0010215606721638655, 0.8006078925361435, 0.17863845059082029, 0.01973209610087236], [0.0005440956881249169, 0.8091568400136349, 0.004020065389842686, 0.18627899880839752], [0.0005084454607269437, 0.7215401945336021, 0.2654391679871336, 0.012512191918537382], [0.0002289068824488614, 0.8693029981740068, 0.001256876174093659, 0.12921121866945062], [0.000292750249261828, 0.008826590064576327, 0.9003314649659425, 0.09054919462021932], [0.0004358070427297053, 0.01824277076590337, 0.7174019201740764, 0.26391950191729047]], "ideal": "A", "sampled": "A", "correct": true}}
{"type": "result", "data": {"idx": 13, "options": ["redline area.", "threshold.", "range.", "hinterland."], "probs": [[0.0055158369096835165, 0.0028840046256912426, 0.004131176824160407, 0.9874689815404648], [0.012976697488412134, 0.009643488685647544, 0.9386386679687857, 0.038741145757154635], [0.009546585215589326, 0.006876075316020664, 0.0021468619677878402, 0.9814304774006022], [0.010749026791228366, 0.04318257658103045, 0.9233127742785157, 0.022755622249225477], [0.00837914187852216, 0.9609577621713729, 0.006227066093810306, 0.024436029756294615], [0.006840229148408082, 0.961152807993393, 0.010268706999471534, 0.021738255758727412], [0.0069954657231858465, 0.005321819312620352, 0.004696540459837843, 0.982986174404356], [0.009836850360199717, 0.014424784062883722, 0.9352831818426631, 0.040455183634253475], [0.008770439219373366, 0.005155837850555681, 0.0035160262251633058, 0.9825576966049077], [0.007717427044238396, 0.0105484968152802, 0.9570158400415036, 0.024718235998977812], [0.00683114740583124, 0.9523976130272269, 0.008435567686534895, 0.03233567178040695], [0.008436599258356702, 0.9525471374763161, 0.010918163994235456, 0.028098099171091653], [0.0152872125608984, 0.006080795264330808, 0.002805877795062232, 0.9758261142797086], [0.017048988680129166, 0.019777152906360364, 0.9381731852491784, 0.025000673064332127], [0.014913856575422298, 0.0068815725836670946, 0.003626395616250622, 0.9745781751246599], [0.009012069770457364, 0.013634840355293656, 0.9559025398928921, 0.021450549881356827], [0.006214804515549684, 0.9666137023675161, 0.007266038989555007, 0.01990545402737925], [0.009259470474526214, 0.9593587840316321, 0.0077368461184161305, 0.02364489927542556], [0.9435856253493828, 0.016490874656774623, 0.006611179498190373, 0.03331232039565212], [0.9399946559400235, 0.015922644482496428, 0.017624971696975383, 0.02645772778050467], [0.9304943727495223, 0.02088089297767993, 0.007742019874742084, 0.04088271429805568], [0.9376613527274772, 0.021041749924035416, 0.01208343700541531, 0.029213460243072045], [0.9490378754401544, 0.019851025728088112, 0.008083577485341373, 0.02302752124641608], [0.9413788177416279, 0.019845271185361585, 0.00990133345175117, 0.028874577521259315]], "ideal": "D", "sampled": "D", "correct": true}}
{"type": "result", "data": {"idx": 14, "options": ["the central city and its developed areas.", "the central city and its surrounding suburbs.", "the central city and its hinterlands.", "the central city and the adjacent counties."], "probs": [[0.17388905842188163, 0.5440455755650184, 0.13332776922632786, 0.14873759668677203], [0.17158522688862768, 0.4737555839018451, 0.07614135514507166, 0.27851783396445556], [0.07865074493801343, 0.49708497166308385, 0.27027026984050917, 0.15399401345839356], [0.10052188114270734, 0.502573866442769, 0.07240436495132767, 0.32449988736319596], [0.13549103725876843, 0.08090334768216348, 0.5704471809391715, 0.21315843401989662], [0.16135545073326174, 0.07048903404961461, 0.3870756029695627, 0.38107991214756093], [0.4127966278618557, 0.14265301184480841, 0.24648955850120127, 0.1980608016921346], [0.4118802126269861, 0.14916640074053644, 0.08110165353495521, 0.3578517329975222], [0.4197747110900721, 0.25459671017961844, 0.11122795938333216, 0.2144006192469773], [0.4024903417715475, 0.255828097784453, 0.08980650244091941, 0.25187505790308007], [0.30202040803240443, 0.07286266438957609, 0.2881857835819885, 0.33693114389603096], [0.3017989419232925, 0.11102142266579955, 0.4125128120703709, 0.1746668232405371], [0.5926709836720936, 0.08020711717335934, 0.204819154288032, 0.12230274476651506], [0.6061459011389623, 0.09295277609344732, 0.04822382464667955, 0.2526774980209109], [0.5782894620828831, 0.20943673421069375, 0.07704887710595502, 0.1352249265004681], [0.5666081393183127, 0.2253747019747233, 0.057882235310879264, 0.15013492329608477], [0.5672031598179338, 0.054431266671703525, 0.1305749555503763, 0.24779061785998638], [0.5254100404032164, 0.06373771834517757, 0.3339691956314501, 0.07688304552015596], [0.028917187552641298, 0.4054713211038612, 0.399200942334837, 0.16641054890866047], [0.04052980540790785, 0.35563378860162415, 0.3089914264036284, 0.2948449794868395], [0.03227251094866081, 0.5127735848086955, 0.17176239574687058, 0.2831915083957731], [0.03764612972359897, 0.5361842512548227, 0.3007856905159572, 0.1253839284056211], [0.03253905665517109, 0.5950763488481969, 0.09563949913844544, 0.2767450952581866], [0.027130012975322786, 0.5800652427755321, 0.28716438631421376, 0.1056403578349314]], "ideal": "B", "sampled": "C", "correct": false}}
{"type": "result", "data": {"idx": 15, "options": ["Buddhism", "Christianity", "Islam", "Hinduism"], "probs": [[0.5333403149704639, 0.20243220765234501, 0.07106149676247496, 0.19316598051471612], [0.5783676461418691, 0.17096461226597978, 0.15325370315230907, 0.09741403833984205], [0.47975021595925765, 0.04824993013853133, 0.2488927095879571, 0.22310714421425393], [0.5536239270377246, 0.06408656531124965, 0.16884661096538314, 0.2134428965856426], [0.6253171199425513, 0.12507114279029546, 0.15810649684377323, 0.09150524032337992], [0.513176262327375, 0.17189186809728224, 0.07627771794033213, 0.23865415153501063], [0.5538212656420971, 0.12950415907995272, 0.11608912049563139, 0.20058545468231878], [0.5547230573768847, 0.12770415112316008, 0.18581197771431426, 0.13176081368564102], [0.6041738761292512, 0.08176558904405397, 0.09863053638878108, 0.2154299983379137], [0.6045680742087722, 0.08181923701532359, 0.17871271097482397, 0.1348999777010802], [0.4810535073584205, 0.3057743538442217, 0.1024244354879084, 0.11074770320944936], [0.3671688841647636, 0.3729491634991036, 0.10196094427186916, 0.1579210079642636], [0.24494459857659945, 0.06002624242858482, 0.45761942176982084, 0.23740973712499489], [0.31752444398062457, 0.08546001698950559, 0.19562197053729477, 0.40139356839257506], [0.3717966300948178, 0.27200918028073456, 0.09254873349627629, 0.2636454560281713], [0.40007802243884055, 0.2927009717424921, 0.14044247356973638, 0.16677853214893096], [0.32209712263701024, 0.16450957952284806, 0.10621730982195121, 0.4071759879181905], [0.30603023904436866, 0.11258208582792265, 0.3868618251464067, 0.19452584988130195], [0.8229598647415182, 0.024086632549935913, 0.08949346361139933, 0.06346003899714656], [0.7938861516254568, 0.023973223623318548, 0.04842780692335326, 0.13371281772787136], [0.86034511678825, 0.035510448989324116, 0.045597172261516626, 0.058547261860909215], [0.8262580632337194, 0.041784543539875575, 0.039253588761934244, 0.09270380436447077], [0.7925735563630489, 0.022837560196217736, 0.04686025442347241, 0.13772862891726095], [0.7844078291635109, 0.02225194241948861, 0.09818079755763598, 0.09515943075936445]], "ideal": "D", "sampled": "D", "correct": true}}
{"type": "result", "data": {"idx": 16, "options": ["World cities contain the headquarters of many transnational corporations.", "World cities are well connected to secondary-level world cities.", "World cities contain many offices of multinational organizations.", "World cities are found only in the northern and western hemispheres."], "probs": [[0.0032453954430976192, 0.003592347568312748, 0.004834017817160443, 0.9883282390714292], [0.002347108121834375, 0.0032333038936561633, 0.984614752707712, 0.009804835176797404], [0.003953374903470869, 0.0045149260917125116, 0.008909080135168503, 0.9826226187696481], [0.00243987146196535, 0.002808298020637253, 0.9843177922766272, 0.010434038140770223], [0.01401015166412438, 0.9083856820921071, 0.03577670035444638, 0.04182746578932208], [0.021146057368433134, 0.8852230391997661, 0.0343239683094939, 0.059306935022306925], [0.00652255061086912, 0.0037456086714368992, 0.006421454615659208, 0.9833103860020348], [0.003261843599345311, 0.0027683091685663155, 0.9779144439023009, 0.016055403229787532], [0.008476006663559535, 0.004431808783800178, 0.007364108919151393, 0.9797280755334888], [0.003710602325964226, 0.0033002972319847207, 0.9817368165473165, 0.011252283794734546], [0.024410792647518404, 0.9160169124364422, 0.027232653592571026, 0.03233964122346834], [0.04646376926694559, 0.9045422272103325, 0.025262285370325956, 0.02373171805239592], [0.004803132966275252, 0.004272023476224473, 0.008903618474032385, 0.9820212249834679], [0.002595828995866824, 0.0025159827559790007, 0.9837872071188454, 0.011100981029308812], [0.004786269792282316, 0.004257017793717906, 0.004712082497811908, 0.9862446298161879], [0.0026870446930307114, 0.003532078374280905, 0.9870256253487534, 0.006755251483934975], [0.021260419144128906, 0.9040238152596284, 0.02604921116312708, 0.04866655433311557], [0.016606021237790907, 0.935447072337418, 0.02695458870602519, 0.020992317618765938], [0.9617744598555111, 0.00899716682289658, 0.009881474308620148, 0.019346898912972144], [0.957861552418794, 0.010475951353191043, 0.0111516249566064, 0.02051087117140856], [0.9557108726213123, 0.009369492143579428, 0.010617047916805155, 0.024302587218303102], [0.9595792933319345, 0.010014136367473213, 0.009858904451351548, 0.020547665749240704], [0.9575467481822851, 0.010150299170196653, 0.011147949583925548, 0.021155002963592694], [0.9631393057516979, 0.009442320540229332, 0.010051313271837791, 0.017367060336234894]], "ideal": "D", "sampled": "D", "correct": true}}
