{"type": "result", "data": {"idx": 0, "options": ["Needle aspiration", "Mammography", "Mastectomy", "Lumpectomy"], "probs": [[0.0010964193972261475, 0.9967912471431862, 0.0009451908476476789, 0.0011671425119399864], [0.0011658457332854428, 0.9956934047680582, 0.001363032791355363, 0.0017777166073009807], [0.0013485233836936278, 0.0026609829315529785, 0.9928305455180267, 0.0031599480667266304], [0.006571326983348318, 0.0014662725654541408, 0.0013349964949002017, 0.9906274038562973], [0.0027392965770532875, 0.00247475113532685, 0.9906090676882406, 0.004176884499379209], [0.003021079188591608, 0.00087919182430269, 0.0013616454303430746, 0.9947380834567626], [0.9929438313716269, 0.003063182089523581, 0.002206304493709378, 0.0017866819451401094], [0.9921040416088494, 0.003309261678623932, 0.0022217250566330883, 0.002364971555893627], [0.9943035291328591, 0.001919510901032829, 0.0024264555945731395, 0.0013505042715348421], [0.9958875501890393, 0.0015208728892365997, 0.0013008622561092415, 0.0012907145656148626], [0.993133427409943, 0.002189559734349525, 0.002789540984997678, 0.0018874717707097052], [0.9954235161811695, 0.0014733872678507954, 0.0016181875584913867, 0.001484908892488264], [0.0003663424549543977, 0.002749509390252289, 0.994301252039056, 0.002582896015737402], [0.001165889092814049, 0.0015445428131929198, 0.0015687992237602645, 0.9957207687702327], [0.0007392475102038284, 0.9932597090106974, 0.0032111551995824376, 0.0027898881795163136], [0.0008325676998402112, 0.9949442862561684, 0.0018327775396408679, 0.0023903684043505504], [0.0006490109495591378, 0.0010616998390454834, 0.0024301240217951057, 0.9958591650896003], [0.0011440825476231214, 0.0032086339665117936, 0.9924884279086854, 0.003158855477179626], [0.00040541204807027743, 0.002351258399344054, 0.9940794041025693, 0.0031639253500162874], [0.000509634329635385, 0.0011484736028785378, 0.002047261250043005, 0.9962946307174431], [0.0008235208630172357, 0.9918521535225816, 0.0036335591619727063, 0.003690766352428425], [0.0007057132723844024, 0.9937064998636885, 0.002425003969837108, 0.00316278279408999], [0.00042911680734889596, 0.0009822454456605287, 0.0023932461999862154, 0.9961953914470043], [0.0006888577120973686, 0.0027032625842738217, 0.9929702954021494, 0.003637584201479334]], "ideal": "B", "sampled": "B", "correct": true}}
{"type": "result", "data": {"idx": 1, "options": ["vary from person to person", "vary for women depending on the phases of the menstrual cycle", "are mainly on the lower portion of the body", "all of the above"], "probs": [[0.21029250401664498, 0.003479785983526865, 0.0169941771538877, 0.7692335327459404], [0.422631431680411, 0.005752572176220443, 0.5512218333615108, 0.020394162681857793], [0.15575849616694837, 0.008517079771612148, 0.00673750212170557, 0.8289869218397339], [0.3582842673315699, 0.008969672833657967, 0.6190692148946615, 0.01367684484011066], [0.36277901919965894, 0.617112454242132, 0.0051346337130673885, 0.014973892745141716], [0.3775747923519192, 0.6033666464815346, 0.009752594469446593, 0.00930596659709961], [0.005179452926404068, 0.011225205384128675, 0.01939492381242016, 0.9642004177770471], [0.010608881197123842, 0.05735164974961069, 0.8560614766486774, 0.07597799230458804], [0.0027159048810251963, 0.004141401372779557, 0.041176675490143304, 0.951966018156052], [0.005431189145589014, 0.009532254090645991, 0.7935805238647425, 0.19145603279902246], [0.006769659232516355, 0.9364977159698286, 0.030578049719909104, 0.026154574977745943], [0.005838881692790398, 0.9517546264144265, 0.012753739910193242, 0.029652751882589822], [0.003158614426374532, 0.008928264926909697, 0.003208399208352397, 0.9847047213383634], [0.005383615949923233, 0.19127010172279515, 0.7805025129732636, 0.02284376925401803], [0.0020669364024136446, 0.0014888192948411478, 0.021537891267419857, 0.9749063529353253], [0.010523715432764095, 0.004252143821912787, 0.8899497111956647, 0.09527442944965839], [0.009720066077013296, 0.9609801885526399, 0.021904990846040622, 0.007394754424306222], [0.013599718479784407, 0.9684524750905417, 0.0030111092363708744, 0.014936697093303059], [0.9542336855237449, 0.019804548672832663, 0.005206889967267232, 0.020754875736155216], [0.9477429287755355, 0.033459388979818296, 0.010204600349758623, 0.008593081794887653], [0.9325239857173736, 0.007403629989818233, 0.03672728393299875, 0.023345100259809425], [0.9569464901020062, 0.005429759864667098, 0.01546766506017812, 0.022156084873148674], [0.8894037587221377, 0.016037586257708274, 0.08018281087669282, 0.01437584404346113], [0.9447093829331272, 0.017303057103236968, 0.005661587581613527, 0.03232597228202231]], "ideal": "D", "sampled": "D", "correct": true}}
{"type": "result", "data": {"idx": 2, "options": ["can be treated with antibiotics", "has a high risk of infection with a single exposure", "is asymptomatic (without symptoms) in only a small percentage of those infected", "infections are limited to genital areas"], "probs": [[0.20802092085141857, 0.5567234629568264, 0.11671018338429177, 0.11854543270746329], [0.21023180295541363, 0.5989248528878175, 0.034593573410569324, 0.15624977064619958], [0.2792141908479281, 0.5911563966060225, 0.06329652383455117, 0.0663328886114982], [0.2948897685316245, 0.5865179710047432, 0.02722210536852988, 0.09137015499510237], [0.42535586428429506, 0.12378730247533146, 0.18877129817419908, 0.2620855349661744], [0.40760886912084626, 0.09834480370265845, 0.27584112818336165, 0.2182051988931336], [0.4796110903563299, 0.15329802720048005, 0.18784947041105887, 0.17924141193213117], [0.4732855120556986, 0.21333279428731106, 0.04368571710586091, 0.2696959764511294], [0.4101956180672218, 0.19377423867327584, 0.2649025123374121, 0.13112763082209025], [0.4463522799602467, 0.16680158549978336, 0.04455001271853, 0.3422961217214399], [0.41577816315142574, 0.05990143164319879, 0.08853418445099814, 0.43578622065437733], [0.320948644886793, 0.04048877390019009, 0.10100137892851722, 0.5375612021844998], [0.5311737060015701, 0.14522232113816483, 0.19543574748469072, 0.12816822527557428], [0.538461079050751, 0.2427194371070242, 0.04669171856823577, 0.17212776517398898], [0.4624019562735688, 0.1115667521842016, 0.28050723669108074, 0.14552405475114888], [0.5346657912096707, 0.08072760376341431, 0.03934617545377562, 0.34526042947313934], [0.40269886543228084, 0.05365807442594759, 0.16528413818723842, 0.3783589218545332], [0.4533550142788527, 0.04087363183089646, 0.12395124136162068, 0.3818201124286301], [0.13655994154994677, 0.24728007595927767, 0.2674007872910597, 0.34875919509971587], [0.09626994253253424, 0.22036892325231053, 0.29656477989008556, 0.38679635422506964], [0.12713892567169457, 0.32467153181358627, 0.14408457063061736, 0.4041049717841018], [0.120697588359254, 0.1728965606819724, 0.13051741699058547, 0.5758884338681881], [0.11911956130923065, 0.21910428835418033, 0.2191261036540034, 0.4426500465825856], [0.136974013614427, 0.2024436919222274, 0.14356490112508755, 0.5170173932382581]], "ideal": "A", "sampled": "C", "correct": false}}
{"type": "result", "data": {"idx": 3, "options": ["the id", "the ego", "the superego", "the Oedipus complex"], "probs": [[0.9179138764936215, 0.036721121073965655, 0.0361525821190011, 0.009212420213411714], [0.8854441493441644, 0.05153810145964875, 0.008154878255293303, 0.054862870840893564], [0.9195280416704603, 0.036215381179681656, 0.035654564781444346, 0.008602012268413657], [0.8940031923800059, 0.04521001401367157, 0.00709787740268634, 0.05368891610363611], [0.8900634445793363, 0.019973510951174712, 0.024472349926854212, 0.06549069444263478], [0.8917564518205191, 0.01822075508512257, 0.022324721310185862, 0.0676980716841725], [0.004254415185117607, 0.9627361480042435, 0.025658375686665708, 0.007351061023973227], [0.006694516004271587, 0.9629286293503474, 0.006642924460182604, 0.0237339300851984], [0.007403586679870026, 0.05823116870964763, 0.9252941801396817, 0.009071064370800694], [0.0036692561172797056, 0.007296780606545063, 0.0029946866881969277, 0.9860392764879783], [0.01227764281772029, 0.023664456993836878, 0.9162533596765783, 0.047804540411864584], [0.003680873046504278, 0.003299359539202603, 0.003857359609684711, 0.9891624077046084], [0.00477124149428167, 0.9678273881696542, 0.019776847386505945, 0.007624522849558191], [0.006908049347810336, 0.963064140343858, 0.006290318408667096, 0.023737491799664546], [0.009692074838340487, 0.06886829512102982, 0.9072272281994241, 0.014212401741205506], [0.003973096084778317, 0.006153282152884735, 0.0024286394114495778, 0.9874449822508874], [0.014426033700613686, 0.026120567253814186, 0.9208487116972429, 0.03860468724832915], [0.004489767085120594, 0.005008348470864575, 0.005764626204880787, 0.984737258139134], [0.008728164125364608, 0.9042817226971291, 0.02448001842030436, 0.06251009465720189], [0.011606197413923859, 0.893598943701469, 0.031061760036685884, 0.06373309874792132], [0.014425079569543694, 0.07440442975888079, 0.8125958644391627, 0.09857462613241288], [0.003325357509675134, 0.008491050641101117, 0.00671714578712949, 0.9814664459620943], [0.018882177627566384, 0.06000367879264776, 0.8681584531082908, 0.05295569037149511], [0.00833624410358019, 0.01581838531735465, 0.012319663469455396, 0.9635257070096097]], "ideal": "A", "sampled": "A", "correct": true}}
{"type": "result", "data": {"idx": 4, "options": ["paraphilias guarantee survival of the species", "evolutionary selection has favored the development of males who respond to novel sexual stimuli", "of left brain/right brain differences between the genders", "male brains are better developed than are female brains"], "probs": [[0.07996198802613366, 0.8331643441580437, 0.036044941925679724, 0.05082872579014288], [0.06193496493902851, 0.8416809124966507, 0.05381508723978399, 0.04256903522453685], [0.15085824479563817, 0.05549369069227946, 0.6451342936816361, 0.14851377073044628], [0.1194430737430657, 0.0432560677211199, 0.04604883199905508, 0.7912520264367593], [0.1396297569681563, 0.07710609812297088, 0.6873011723538089, 0.09596297245506387], [0.15591336959434615, 0.06010430372766964, 0.040042143758578445, 0.7439401828194058], [0.8504539822359858, 0.0625730536358039, 0.02910124542758821, 0.057871718600622096], [0.848434068404833, 0.061456332237109425, 0.035019456423535045, 0.05509014283452252], [0.8084878113824228, 0.028542152790124557, 0.10440551216288954, 0.05856452356456315], [0.801440393801642, 0.026578941519018243, 0.02829434451790796, 0.14368632006143178], [0.8510026797804774, 0.03198031806794636, 0.0626166558196249, 0.054400346231951335], [0.8156630198519493, 0.03640025393076702, 0.01888565486943828, 0.12905107124784532], [0.03657230957121724, 0.36361481245784594, 0.48175845551388297, 0.11805442235705388], [0.027172168653456116, 0.31583715226730674, 0.057522967105804026, 0.5994677118734332], [0.008468312707351914, 0.9122556982321257, 0.04334352791867059, 0.035932461041851736], [0.00935602487352613, 0.9034685380865202, 0.03291288505474446, 0.05426255188520927], [0.024034987747416324, 0.022227650009690063, 0.21758967483188493, 0.7361476873110087], [0.02485664775186294, 0.02772831761256094, 0.8231436105345739, 0.12427142400100226], [0.04771044566925939, 0.22760040280036953, 0.6484491856480843, 0.07623996578228683], [0.03698164900429188, 0.1848809088417612, 0.04674966173245298, 0.731387780321494], [0.009615850893619639, 0.9213639745680844, 0.03985936674442307, 0.029160807693872883], [0.01478962333083021, 0.9078264907681954, 0.026162905835227047, 0.05122097996574734], [0.0270878375516672, 0.015313523752995823, 0.15346050750584042, 0.8041381310894966], [0.03683616143088288, 0.024156615207786777, 0.7398793097121424, 0.19912791354918793]], "ideal": "B", "sampled": "B", "correct": true}}
{"type": "result", "data": {"idx": 5, "options": ["felt glad", "felt fear", "experienced guilt", "experienced regret"], "probs": [[0.25523136394615387, 0.5488158154066252, 0.06353574576897515, 0.13241707477824577], [0.19604484004635014, 0.4022672324125819, 0.3133175554067414, 0.08837037203432659], [0.3227974618408997, 0.2019984216189336, 0.2634841321212677, 0.211719984318899], [0.3248047731550146, 0.16589770715074637, 0.37388821318320115, 0.1354093064110379], [0.30464359774400107, 0.4645227141453416, 0.17359156710865156, 0.05724212090200579], [0.37750718696937824, 0.500104436602807, 0.05880599205364063, 0.06358238427417406], [0.5200611236157752, 0.357414505801792, 0.04990971721411475, 0.07261465326831805], [0.44894461451243145, 0.2765767306148287, 0.20878529014430164, 0.0656933646284382], [0.4063329130476654, 0.056735992848683116, 0.42584741428592643, 0.11108367971772506], [0.51975318085677, 0.06207407198446372, 0.2825879552336156, 0.13558479182515062], [0.3718245846748809, 0.22906584910640362, 0.32814671561695197, 0.0709628505017635], [0.5010750889277062, 0.27669966218088715, 0.08308455347183986, 0.13914069531956677], [0.3438288722810033, 0.16756469758703688, 0.22904744275816108, 0.2595589872737987], [0.29771804362958676, 0.14509849032652036, 0.4757905829104251, 0.08139288303346781], [0.29005245668010204, 0.1100910951127779, 0.384287463877849, 0.215568984229271], [0.32175747755519174, 0.11119730438660128, 0.46093754692749034, 0.10610767103071661], [0.3291717791911491, 0.3788681654168895, 0.21254152215785413, 0.07941853313410725], [0.3522988233191721, 0.40548571638071496, 0.12961028418429282, 0.11260517601582008], [0.7759936378865894, 0.0657178455365497, 0.12866851566312756, 0.029620000813733383], [0.8094603274769192, 0.0643990597287461, 0.10131370841334017, 0.02482690428099454], [0.6505001380538172, 0.11128356638283016, 0.19531338496977158, 0.04290291049358106], [0.7841153553000336, 0.1260114228754391, 0.04563952474939905, 0.04423369697512823], [0.8032080231098787, 0.06097512464453267, 0.10701518106078924, 0.028801671084799432], [0.8439558021780924, 0.062096896581148774, 0.06018687321855455, 0.03376042792220428]], "ideal": "C", "sampled": "D", "correct": false}}
{"type": "result", "data": {"idx": 6, "options": ["an increased risk of low birth weight babies", "poorer growth and lower intelligence", "smaller head circumference", "all of the above"], "probs": [[3.372977271338453e-05, 7.030408812494648e-05, 0.00017129305551081883, 0.9997246729836509], [0.0004544576122115975, 0.0025950165421794774, 0.9911483980636796, 0.0058021276819292525], [3.425819493783879e-05, 6.501535880068637e-05, 0.00025116357845538867, 0.999649562767806], [0.000528295962846781, 0.0028561276195644154, 0.977846500985743, 0.018769075331845787], [0.0011528970932136661, 0.9846533161090402, 0.008519018675079931, 0.005674768022666251], [0.0013112447762015174, 0.9883062403482102, 0.004505888903630475, 0.005876625871957726], [4.610131630429996e-05, 7.085345732351876e-05, 0.00018376460252995957, 0.9996992805238422], [0.0007672119470916343, 0.0019592800941631646, 0.9913786565039143, 0.005894851354830856], [6.059104082703327e-05, 0.00012050900462356864, 0.00024724950332617913, 0.9995716503512232], [0.0011431989501439139, 0.004214722715707203, 0.9840468186061128, 0.010595259628036079], [0.002747300236756285, 0.9858002625666247, 0.00577102401425392, 0.005681413082365096], [0.0021794260617881175, 0.9885755281694688, 0.005479272375317802, 0.0037657732934253106], [4.099793842316546e-05, 8.47882585359979e-05, 0.0003101174799781056, 0.9995640962230627], [0.0006537105251787342, 0.0035066719659148995, 0.9722491172293098, 0.02359050017959656], [5.141943200606532e-05, 0.0001476394665880182, 0.0003005580187174318, 0.9995003829826885], [0.0005467045428388965, 0.004613695460030049, 0.9884843190174211, 0.0063552808797099625], [0.0020381085811091554, 0.9764335418635346, 0.009799758569576378, 0.0117285908857799], [0.0014358148901983379, 0.9776737684441602, 0.01484535540545668, 0.006045061160184802], [0.9535878989009953, 0.007224231562650516, 0.014939209590905918, 0.02424865984544833], [0.9669668194528123, 0.004841908404999332, 0.006828100968182227, 0.02136317107400612], [0.9209290214521327, 0.02695450579071588, 0.015845663962013923, 0.03627080869513743], [0.8847107586959304, 0.050698781218111874, 0.023211621523952154, 0.041378838462005525], [0.8954552899236222, 0.009418408594449817, 0.01564986075535557, 0.07947644062657241], [0.6649250125834298, 0.025382976390379713, 0.14157190139375767, 0.16812010953243278]], "ideal": "D", "sampled": "D", "correct": true}}
{"type": "result", "data": {"idx": 7, "options": ["a secure lover", "an avoidant lover", "an anxious-ambivalent lover", "a passionate lover"], "probs": [[0.0009218103586322043, 0.920307894907793, 0.07555265634988695, 0.003217638283687903], [0.0017744551285847076, 0.9190996578368356, 0.007129312254825219, 0.07199657467975457], [0.003362411115466785, 0.3221465299371556, 0.6715236202327124, 0.002967438614665192], [0.009410356571584007, 0.6196697004544052, 0.006570628007661076, 0.3643493148663498], [0.0012130066610569925, 0.0014293149204558275, 0.9885342248884532, 0.008823453430033957], [0.0014599184636747906, 0.0017068411842532743, 0.9786282269624489, 0.018205013289623085], [0.06258818343357231, 0.037371980910721934, 0.8914354806245206, 0.008604354931185186], [0.2920185116242963, 0.10575472132563196, 0.0566114949113589, 0.5456152720387129], [0.6700411475713381, 0.26237771059022624, 0.05675020845086103, 0.010830933287574571], [0.5157417452740197, 0.45511324409057974, 0.015822061648382367, 0.01332294888701812], [0.25054191240306567, 0.028552154128150393, 0.13835840853578346, 0.5825475248330004], [0.08700653585642233, 0.021322195553055708, 0.8651351009511414, 0.02653616753938049], [0.014732531658067325, 0.025454481375319974, 0.9552487369703052, 0.004564249896307526], [0.14978424854512404, 0.024835088640876243, 0.015542386667590107, 0.8098382760464096], [0.2459167969828724, 0.7227274882836778, 0.02592211600194054, 0.005433598631509273], [0.2957126554384432, 0.6874929797088607, 0.009214914578866498, 0.007579450173829581], [0.19156629915666643, 0.010312207618379213, 0.028472600230294087, 0.7696488928946602], [0.04186886402210079, 0.01297036907718398, 0.9382179289272982, 0.00694283787341706], [0.0005052278791152274, 0.004755640797587854, 0.9798613045371429, 0.014877826686154], [0.0002939562481727888, 0.003963068433234106, 0.9772765793999677, 0.018466395818625404], [0.0006862006813521875, 0.6587405729806992, 0.03894711596248586, 0.3016261102754627], [0.0006065865652502378, 0.73046026441941, 0.24853123937674262, 0.02040190953859714], [0.0003776950581902613, 0.8299042187498645, 0.0161815203474881, 0.1535365657444571], [0.00028348735868759993, 0.7004112819917895, 0.29199512219608664, 0.007310108353436297]], "ideal": "C", "sampled": "B", "correct": false}}
{"type": "result", "data": {"idx": 8, "options": ["Bruce likely participated in more female-typical play than Chuck.", "Bruce likely participated in more male-typical play than Chuck.", "Bruce and Chuck likely participated in more male-typical play than female-typical play.", "Bruce's father was more likely to have homosexual tendencies than Chuck's father."], "probs": [[0.10124962030828782, 0.8088992833282287, 0.07407885044072368, 0.01577224582275978], [0.07389482760512887, 0.8456552259058328, 0.028048342629420134, 0.052401603759618255], [0.22728189950742497, 0.3988709769681072, 0.35203534557895044, 0.0218117778455174], [0.11357711254414614, 0.4353742897075154, 0.06677068769264086, 0.38427790995569755], [0.052576018388260856, 0.04224516146529656, 0.8224646114071132, 0.0827142086393293], [0.03946576894527095, 0.032717957114346614, 0.6173732096122274, 0.31044306422815504], [0.8440205877096588, 0.032725631516913156, 0.10730448144281253, 0.015949299230615492], [0.8081179170085248, 0.06530348137891508, 0.0222190355239304, 0.10435956598862976], [0.8301923567970919, 0.09914738289728266, 0.05143882888290314, 0.019221431322722235], [0.7505173970913964, 0.1573086614362225, 0.03246380627910304, 0.059710135093278], [0.7911176952588146, 0.031156311394439, 0.11576200546141892, 0.06196398778532744], [0.16485734527932117, 0.028646991080861453, 0.7273967373745928, 0.07909892616522464], [0.5595570153969786, 0.02742621276787762, 0.390632297891875, 0.022384473843268814], [0.6458754014979624, 0.03165687283173515, 0.022100068873565505, 0.30036765669673693], [0.9284142228915073, 0.02252666831947976, 0.03381664296138942, 0.01524246572762351], [0.8758576960680233, 0.036718841022921916, 0.022978214159537925, 0.06444524864951685], [0.20123349502967913, 0.01785976845331275, 0.06740181272923856, 0.7135049236877695], [0.06602352172321838, 0.013839247460901215, 0.8973203799246072, 0.022816850791273185], [0.012407667286543519, 0.15717237366500386, 0.6827601433658238, 0.1476598155826288], [0.024942184789463903, 0.13068440525615263, 0.5588996438383552, 0.28547376601602825], [0.016681495244401587, 0.7318060042965325, 0.13750863898059904, 0.11400386137846684], [0.01352108800884732, 0.423913201902427, 0.4803813895024628, 0.08218432048626288], [0.01391823314154543, 0.5304829492554894, 0.09660999502936059, 0.35898882247360453], [0.014569810337318197, 0.6698344065060815, 0.25425220717239216, 0.061343575884208155]], "ideal": "A", "sampled": "B", "correct": false}}
{"type": "result", "data": {"idx": 9, "options": ["inherently evil", "God's afterthought and has become an aberration", "a gift from God", "primarily a biological function"], "probs": [[0.00743691956347175, 0.013052183557420756, 0.9740698999825329, 0.005440996796574606], [0.001458165462051653, 0.004456387346939797, 0.01655693903525989, 0.9775285080557486], [0.001689646954936396, 0.9917882649605524, 0.004451844629084198, 0.0020702433554270444], [0.0019296664692970485, 0.9918002337716403, 0.004117355372859905, 0.0021527442862027658], [0.0012149725174282226, 0.0031513314673436875, 0.013163796269600254, 0.9824698996456278], [0.012372512514858644, 0.026192452846571925, 0.9526615608028474, 0.008773473735722126], [0.009115630288704983, 0.010492028125157454, 0.9744606705501684, 0.005931670935969199], [0.0013587309298373465, 0.0026602241672237415, 0.01111233032645717, 0.9848687144764817], [0.0028301174433293837, 0.9842362888934864, 0.008515776039004618, 0.004417817524179658], [0.004034475806246823, 0.9795070624021316, 0.009754485445013396, 0.006703976246608182], [0.001042281580337258, 0.002500241324653825, 0.011117650011606948, 0.985339826983402], [0.03667889637539957, 0.044242685029776796, 0.8886706480427637, 0.0304077704520599], [0.9828763424683137, 0.006221297549099373, 0.007273505774685787, 0.003628854107901174], [0.9856223628254348, 0.005336215808502317, 0.005953053577352092, 0.0030883676887108083], [0.9759126663615578, 0.009129327125501043, 0.010184614361448867, 0.004773392051492302], [0.9537475145518922, 0.01859488485443253, 0.018595156800591366, 0.00906244369308394], [0.9835849714803299, 0.006034215171370093, 0.006423465644668897, 0.003957347603631114], [0.9478949510490563, 0.021271205029407273, 0.020941758974838864, 0.009892084846697558], [0.0019860004503980252, 0.0027358181776529844, 0.013571202070286253, 0.9817069792016627], [0.008762881150745052, 0.01611736042625462, 0.9664927115009454, 0.0086270468220549], [0.001630311745810295, 0.004261773159085382, 0.014416987345175686, 0.9796909276499286], [0.02337303391136065, 0.04795769633677764, 0.9049282347414148, 0.023741034910446872], [0.004312392086820516, 0.9759079276739107, 0.011722849967976214, 0.008056830171292577], [0.006611610041681406, 0.9660305519315402, 0.01611085619153449, 0.01124698173524393]], "ideal": "C", "sampled": "C", "correct": true}}
{"type": "result", "data": {"idx": 10, "options": ["birth", "about age 1", "between the ages of 3 and 6", "puberty"], "probs": [[0.01265705089097338, 0.049282222759385784, 0.9154971699872451, 0.022563556262395732], [0.006434915390099311, 0.022110269921311272, 0.016431505030537374, 0.955023309558052], [0.003066679178182823, 0.9265577148058699, 0.056524067728974926, 0.01385153818697238], [0.002807888100664022, 0.9688728904182379, 0.013607108669631331, 0.014712112711466814], [0.002010111308137327, 0.00770512396257473, 0.05693332036415852, 0.9333514442651294], [0.003230083913969069, 0.007809140223739588, 0.9608388483032226, 0.02812192745906867], [0.013240240963370486, 0.0338090906644382, 0.9282148738391265, 0.024735794433064787], [0.003974327579135453, 0.012051009330752404, 0.01149949590301537, 0.9724751670870968], [0.0024097297506486563, 0.9645373924523698, 0.021646261971949514, 0.011406615725032066], [0.0018426800562976596, 0.9771118218807919, 0.01035853168495569, 0.01068696627795471], [0.0016336195263246197, 0.0065621896082678904, 0.01783807746629435, 0.9739661132991131], [0.004449544150808631, 0.009129506803041507, 0.9608163134690008, 0.025604635477149074], [0.9431206477631678, 0.022529279559133183, 0.02593141951229293, 0.008418653065405988], [0.933773692381804, 0.03195179816473674, 0.013319800469127509, 0.020954708884331746], [0.9387191508432348, 0.025810072351911597, 0.02747508887790011, 0.007995687826953488], [0.9569363949584826, 0.020490989850311905, 0.012428712561553324, 0.010143902529652145], [0.9305638262662865, 0.011532403954061429, 0.044208636430508666, 0.013695133249143355], [0.9547358661730069, 0.01060612796078373, 0.02544316839253911, 0.009214837373670272], [0.0011009278032816953, 0.020289644214283788, 0.045724096772426226, 0.9328853311100083], [0.002628873070275762, 0.030084160720627428, 0.9214131123597674, 0.045873853749329445], [0.002456184394018381, 0.024229745497114503, 0.020404155611302256, 0.9529099143975649], [0.0020585556636373986, 0.029779999435448443, 0.9410458475687687, 0.02711559723214535], [0.0011468641938028764, 0.956723632800737, 0.01780030769914759, 0.02432919520631249], [0.000670934805182353, 0.9299993663491971, 0.055854459253598096, 0.013475239492022421]], "ideal": "C", "sampled": "C", "correct": true}}
{"type": "result", "data": {"idx": 11, "options": ["intimacy", "commitment", "decision", "passion"], "probs": [[0.45503311934740437, 0.2552463519879477, 0.11151987972337311, 0.17820064884127484], [0.39795385601254796, 0.2569303733768317, 0.1685204008494061, 0.1765953696612142], [0.27751919210878623, 0.3913543463650244, 0.14625252563902721, 0.18487393578716213], [0.1481108267978925, 0.23667351802260994, 0.05621961126676896, 0.5589960438127286], [0.3409492823564973, 0.26970775138308517, 0.29165570248678085, 0.09768726367363666], [0.22217249040088066, 0.2087059381009828, 0.17303933717187386, 0.39608223422626265], [0.2026039778595622, 0.6643036504274351, 0.051230489439155286, 0.08186188217384743], [0.18587978597838076, 0.6589850929983745, 0.08781213508738436, 0.0673229858358604], [0.19619128077685516, 0.15042397009000738, 0.4932533273541401, 0.16013142167899735], [0.04961650464044743, 0.04588532464449704, 0.03864116235674879, 0.8658570082583067], [0.2213647895423303, 0.26701059139053435, 0.44720225189021784, 0.06442236707691751], [0.08249359108592533, 0.08644774100076073, 0.036039789480681234, 0.7950188783326327], [0.04110190925108352, 0.7877304377126392, 0.0756018293811366, 0.09556582355514069], [0.03180810690322924, 0.5816945812383273, 0.07512397038468607, 0.31137334137375733], [0.07656220631140047, 0.33256350203122137, 0.43377550067793924, 0.1570987908794389], [0.02581246436117461, 0.14396135802538335, 0.07586536711164946, 0.7543608104017926], [0.05760157973799893, 0.13184718425924327, 0.5134149037106369, 0.2971363321921209], [0.034839173042332125, 0.10899664393492514, 0.4113675049007212, 0.4447966780220215], [0.1764399097948667, 0.569540913573018, 0.1849222318276449, 0.06909694470447042], [0.10486560079452183, 0.48487751587375655, 0.12070575085478025, 0.2895511323769414], [0.20595064494640333, 0.4498256116551715, 0.24844469118284404, 0.09577905211558113], [0.1060572211721508, 0.21090914699764618, 0.05333039635874482, 0.6297032353714582], [0.10661079465027051, 0.23651913863376026, 0.3233049656114762, 0.333565101004493], [0.06899203050972388, 0.1483485036188206, 0.27286847203319364, 0.5097909937382619]], "ideal": "B", "sampled": "A", "correct": false}}
{"type": "result", "data": {"idx": 12, "options": ["Orthodox Jews", "Fundamentalist Protestants", "Eastern Orthodox Christians", "all of the above"], "probs": [[0.0005265025541236975, 0.0253678206491438, 0.007155140400073381, 0.9669505362966592], [0.0007119396802081918, 0.04439107899509908, 0.9491193919019075, 0.0057775893227851585], [0.00014246539793716083, 0.0010363750095584837, 0.026726027723825173, 0.9720951317686791], [0.0003304673181863983, 0.0018004456586630873, 0.0355995172883464, 0.9622695696348041], [0.0019116376726464042, 0.03606748926133871, 0.9301908310442262, 0.031830041921788677], [0.0015999722717609383, 0.01603238932058693, 0.020909669467619536, 0.9614579688400325], [0.07680617279238922, 0.009613574490492535, 0.020671857538122902, 0.8929083950789953], [0.10898927983817644, 0.031226196496973353, 0.8309049303505287, 0.028879593214321528], [0.11126364260734917, 0.007454335417003801, 0.019639048598335023, 0.861642973277312], [0.20024810263169554, 0.018053153107625182, 0.7676390826018511, 0.014059661558828146], [0.1118955374489785, 0.8268022983016037, 0.032564183590212924, 0.02873798055920485], [0.1419787337104596, 0.8170362570643861, 0.02429042892047909, 0.0166945802046752], [0.00031218946221973275, 0.0020199051098569003, 0.0886081469121628, 0.9090597584157606], [0.0002853199947908177, 0.0017072637636236438, 0.026703896153479182, 0.9713035199881064], [0.0011442384317308842, 0.21299726391203586, 0.03068431556171337, 0.7551741819945199], [0.0010866462469531378, 0.17851044593267812, 0.8126206559912205, 0.007782251729148253], [0.0010895624481339096, 0.009560176248095544, 0.014128595258951078, 0.9752216659448195], [0.0016847533246138818, 0.02697723891954757, 0.9509744553540587, 0.02036355230177987], [0.006738775377704345, 0.022974248866235756, 0.9176970080593396, 0.052589967596720306], [0.0010439969086878395, 0.001694523410347875, 0.010298666727862808, 0.9869628128531015], [0.027552207929120963, 0.9123954772036823, 0.030260005962802896, 0.029792308804393815], [0.024188080724209457, 0.9512135628559267, 0.014671093202328124, 0.009927263117535685], [0.0005975300494054932, 0.001216492045403584, 0.006784439336539534, 0.9914015384686514], [0.0033617251071719526, 0.016675644784984598, 0.9541349606229712, 0.02582766938487222]], "ideal": "D", "sampled": "B", "correct": false}}
{"type": "result", "data": {"idx": 13, "options": ["legalism", "asceticism", "situationism", "hedonism"], "probs": [[0.0004390424396024649, 0.995630705089114, 0.0016831192586491024, 0.0022471331126343768], [0.0004531985656202993, 0.996113488314839, 0.0014180191923193013, 0.0020152938272213075], [0.0017047667027293531, 0.0012570711402902894, 0.992916659160257, 0.004121502896723461], [0.0007087967777751682, 0.00030250651719623535, 0.0008549618133100183, 0.9981337347917185], [0.001280418737969479, 0.0006907606279753108, 0.9957103322887608, 0.0023184882452944003], [0.000362165089871645, 0.00016198577595152364, 0.0009767749370838674, 0.9984990740970929], [0.9921549190239, 0.002071015475891305, 0.0028306869811703175, 0.0029433784190383565], [0.9929515006779589, 0.0018435031890480457, 0.0024806300352567517, 0.0027243659977362476], [0.991951603424279, 0.0026379984832706083, 0.002153043442748439, 0.0032573545497019533], [0.9902223487176648, 0.0025723850097420942, 0.002323932372700253, 0.004881333799892895], [0.9911662580477537, 0.0026153884644938286, 0.003254842166231732, 0.0029635112215207326], [0.990609518001318, 0.0025733881405739525, 0.002893300003303503, 0.003923793754804501], [0.001447550696095228, 0.0012001039565888159, 0.9934175854973402, 0.003934759749975805], [0.0006256285336847616, 0.00026082134880035037, 0.0008033076575120898, 0.9983102423600028], [0.0004129053220235413, 0.9967309716991883, 0.0011312644797512195, 0.0017248583990368748], [0.0004427633389573995, 0.9962455352199908, 0.0012321548231160459, 0.002079546517935695], [0.00027549056947033903, 0.00012812216049766812, 0.0012249902343842226, 0.9983713969356478], [0.0011362675634468587, 0.0007222811727737934, 0.993468528014984, 0.004672923148795334], [0.0005688208528381409, 0.0009019151183146819, 0.9968178109948133, 0.001711452934033926], [0.00018218302890971903, 0.00016078612658521448, 0.0007729954308268586, 0.9988840353136782], [0.0002127803520669493, 0.9978390136000804, 0.0009171223248398333, 0.0010310836230127511], [0.00016957675791331292, 0.9974496684740011, 0.0010469611531669632, 0.0013337935149185863], [0.0001546171050398836, 0.00014412636687149958, 0.0008228446668621481, 0.9988784117612265], [0.000372718241306361, 0.0005595372170418752, 0.9959471425034987, 0.0031206019381530823]], "ideal": "B", "sampled": "B", "correct": true}}
{"type": "result", "data": {"idx": 14, "options": ["are homologous", "produce gametes", "produce sex hormones", "all of the above"], "probs": [[0.00010954758850740633, 0.00035927331000205556, 0.0014771567578944055, 0.9980540222435961], [0.0015329712813298352, 0.01727473499456321, 0.845334834932685, 0.13585745869142193], [8.20212977056522e-05, 0.0002195539722547921, 0.0019716272336667727, 0.9977267973963728], [0.0013609193771059135, 0.004393693222921304, 0.6886568325314013, 0.3055885547685715], [0.029694501234401476, 0.256550861535494, 0.4363742781867694, 0.2773803589433351], [0.009797123287189204, 0.11125741183927847, 0.06961768139282046, 0.8093277833807119], [0.00034266645057047805, 0.00032450566254174076, 0.0014653631359822206, 0.9978674646509056], [0.004763105924633493, 0.002844878451244367, 0.9439071766282773, 0.04848483889584491], [0.0002426328029216681, 0.00037296506915522246, 0.0030022694724142853, 0.9963821325555088], [0.0013956745173744581, 0.0026907261513643382, 0.9805524198693858, 0.015361179361875442], [0.011662608521888346, 0.9634852830137637, 0.013635738416961933, 0.01121636994738601], [0.011338921081131222, 0.9589328206901119, 0.01756282452966529, 0.01216543359909163], [0.0001531700275290331, 0.00023916431797831695, 0.002268368159037473, 0.9973392973954551], [0.0028314948000672372, 0.0029219164473769104, 0.8690495298795058, 0.1251970587730501], [0.00011472030316752017, 0.0003320445415039117, 0.0022506806156294035, 0.9973025544396992], [0.000992058286305469, 0.003203041540064137, 0.9752459286666272, 0.020558971407003232], [0.00427241488634277, 0.9594023934467834, 0.014796422033912057, 0.021528769532961758], [0.0036670221934242695, 0.9404132005667131, 0.028396588530073714, 0.027523188609788952], [0.7718294707783988, 0.015287767114304051, 0.12212463427205969, 0.09075812773523743], [0.6199250440025588, 0.010420682276475256, 0.03781580313382678, 0.33183847048713916], [0.914307660626084, 0.02593940125823773, 0.01957911022479488, 0.04017382779088331], [0.8957427918135009, 0.025812434690638143, 0.027908340656744624, 0.0505364327391163], [0.6112284750808268, 0.01964990637478289, 0.026233913765219764, 0.3428877046791706], [0.2902571412019746, 0.029888266390686567, 0.1459547208229011, 0.5338998714844377]], "ideal": "D", "sampled": "D", "correct": true}}
{"type": "result", "data": {"idx": 15, "options": ["the cortical activity of these two groups", "the overall brain weights of these two groups", "the cell structure in the hypothalamus of these two groups", "blood volume and metabolism of sugars in the brains of these two groups"], "probs": [[0.02272797456125043, 0.007978363244162064, 0.9367384049067999, 0.03255525718778761], [0.0141200470647441, 0.003830241527860333, 0.02256417474173412, 0.9594855365656614], [0.002760925472907164, 0.9676853478435282, 0.012375044120106104, 0.017178682463458557], [0.0027155952478923008, 0.9743601495070251, 0.01226760144370035, 0.010656653701382236], [0.015050333496365685, 0.010506703869545077, 0.013703854281331704, 0.9607391082527575], [0.009857111536045286, 0.011705602430830058, 0.9445672559943421, 0.03387002993878256], [0.0013998212161834352, 0.009056635718802594, 0.9531620093780743, 0.036381533586939685], [0.0004016009729129793, 0.002187995846754921, 0.004969294566328227, 0.9924411085140038], [0.0009971596917175225, 0.9801658401971532, 0.007602696311439361, 0.011234303699689844], [0.00135162901517464, 0.9720256671081142, 0.009095347991047237, 0.017527355785663928], [0.00041479158070312395, 0.002224760625400673, 0.011656429774163389, 0.9857040179197328], [0.002690118764808827, 0.010556787359519986, 0.935600111439025, 0.051152982336646224], [0.9909798291596339, 0.001783189656674239, 0.00271909803985813, 0.004517883043833733], [0.991360150731157, 0.001400197338491502, 0.005202470619830472, 0.0020371812105209625], [0.9885707038663454, 0.0020314986167981742, 0.003565454439352247, 0.005832342977504154], [0.9864585883326535, 0.0020752584934069468, 0.008017939870951427, 0.003448213202988109], [0.9915892074872739, 0.0018409500364765996, 0.004451011322985727, 0.0021188310532638086], [0.9926231052048801, 0.0018428748276339856, 0.0033111931307201786, 0.002222826736765771], [0.0011321963956624171, 0.0031752126244487585, 0.005794762754401417, 0.9898978281254874], [0.0028706708193851384, 0.007682187504022854, 0.9452415157980578, 0.04420562577853413], [0.0008536193226466881, 0.00149814183616868, 0.00896422801347449, 0.9886840107277102], [0.00939296824680354, 0.008354399235720714, 0.943321691592118, 0.038930940825357765], [0.0019210681115504158, 0.9720222022243374, 0.013233194727293016, 0.01282353483681912], [0.0027489028279484005, 0.9634479672994906, 0.01251698724065469, 0.021286142531906384]], "ideal": "C", "sampled": "C", "correct": true}}
{"type": "result", "data": {"idx": 16, "options": ["sociobiology", "psychoanalytic theory", "script theory", "social learning theory"], "probs": [[0.0008201877775036278, 0.005143350820763809, 0.7753396478323962, 0.21869681346933645], [0.001309698314948062, 0.008811392564131807, 0.818344357629264, 0.17153455139165602], [0.001497530037414415, 0.8928572086755655, 0.014432235891125595, 0.09121302529589444], [0.0011811761034506655, 0.8764250684693408, 0.10145729505390738, 0.020936460273301156], [0.001059296675846431, 0.9046882549103821, 0.013953874131553889, 0.08029857418221756], [0.0008808713751100338, 0.826228498993264, 0.15284223846785744, 0.020048391063768555], [0.013693295662977004, 0.0033037188038354047, 0.7246290471118159, 0.2583739383213717], [0.024320578358725316, 0.0047518490187383414, 0.8309718423779848, 0.13995573014455148], [0.0027387681312726975, 0.9159930001980899, 0.006076744062117655, 0.07519148750851967], [0.0016188091119190698, 0.8191305634663615, 0.17170656462189862, 0.007544062699820854], [0.002582781840850491, 0.956161280486878, 0.006966765214904116, 0.034289172357367406], [0.002102514681698654, 0.7544121572869865, 0.23009259482200417, 0.013392733109310615], [0.7853238058918292, 0.011924116050788032, 0.03292294621997922, 0.16982913173740363], [0.4050557337578776, 0.01242395310961614, 0.5536345273837084, 0.028885785648797756], [0.7734332098288644, 0.023354968097249247, 0.010692946631682802, 0.1925188753422035], [0.40666720948772894, 0.01962355557001842, 0.5558421704410351, 0.017867064401217454], [0.6987032919542779, 0.2736034767395999, 0.009362807669146368, 0.01833042353697581], [0.7270075244768118, 0.23601484379703933, 0.018778015669612888, 0.018199615956535943], [0.5491549819852602, 0.014634088216386846, 0.058788368747406596, 0.37742256095094634], [0.36793049824530455, 0.014718569937860118, 0.5698403528114045, 0.04751057890543078], [0.6260032278680299, 0.04001812778077269, 0.019201139665750416, 0.31477750458544695], [0.21464357279348167, 0.024461084012127567, 0.7375549417585068, 0.023340401335883956], [0.14613757236705105, 0.8150845324970578, 0.013383013403367467, 0.025394881632523715], [0.175425449925716, 0.7740040137324503, 0.02607563214001528, 0.02449490410181841]], "ideal": "D", "sampled": "C", "correct": false}}
