{"type": "result", "data": {"idx": 0, "options": ["Wrong, Wrong", "Wrong, Not wrong", "Not wrong, Wrong", "Not wrong, Not wrong"], "probs": [[0.15248225400588594, 0.1169097033486624, 0.04723549563359487, 0.6833725469118568], [0.22421717153708368, 0.19786553967399545, 0.1719091760303656, 0.40600811265855524], [0.27692558441712717, 0.2561080646339299, 0.1482248267550679, 0.318741524093875], [0.18423896751589516, 0.21205533722820258, 0.2853556530584299, 0.31835004209747236], [0.259058970527121, 0.22861214447959327, 0.23221552821688418, 0.2801133566764015], [0.19256702979763812, 0.2114898350179351, 0.26320686149328837, 0.3327362735911384], [0.23053694456110568, 0.10229888862239213, 0.11412239413677046, 0.5530417725797317], [0.28894633482407406, 0.24714322753972826, 0.13648691975431101, 0.32742351778188666], [0.2227547300924026, 0.090000204062401, 0.26452636519017236, 0.42271870055502403], [0.17156474290562643, 0.0823172479785618, 0.3011040985283155, 0.4450139104874963], [0.23381744574782412, 0.24123677916176592, 0.3565318253676069, 0.16841394962280304], [0.20346533063202943, 0.1972032814604025, 0.2532160915660379, 0.3461152962415301], [0.2821398100134208, 0.1711217475594952, 0.08877664124656544, 0.45796180108051854], [0.22029237598156218, 0.20057508351697595, 0.25355388620596914, 0.3255786541954927], [0.21626743027588416, 0.17107927287658095, 0.2776908195429267, 0.3349624772046082], [0.19913840891790954, 0.1434327448716641, 0.22920537458130277, 0.4282234715291236], [0.19918401246606146, 0.1991797060308619, 0.20550322183372915, 0.39613305956934747], [0.17133378853176987, 0.2305493486401161, 0.06205134791967133, 0.5360655148084427], [0.34366281280972477, 0.23618993595011753, 0.15249725493021077, 0.2676499962099469], [0.30675525621951183, 0.19195893750900084, 0.2388992911994399, 0.2623865149720474], [0.2923080579300269, 0.18579975981940863, 0.28331404499388735, 0.23857813715667714], [0.2631633140278935, 0.13232492697852388, 0.2216026467818534, 0.38290911211172923], [0.3040620042964439, 0.20897346421516147, 0.17324556150424192, 0.31371896988415265], [0.2793280759224508, 0.18034301562038407, 0.10768752463807998, 0.43264138371908517]], "ideal": "D", "sampled": "D", "correct": true}}
{"type": "result", "data": {"idx": 1, "options": ["Wrong, Wrong", "Wrong, Not wrong", "Not wrong, Wrong", "Not wrong, Not wrong"], "probs": [[0.3768166460905911, 0.31238620306459225, 0.18653670746693618, 0.12426044327788047], [0.2363626764342461, 0.2118671630945753, 0.1433581624792878, 0.4084119978918908], [0.3446832103588177, 0.2601739245444812, 0.17604582534596663, 0.21909703965073443], [0.2088965270711139, 0.21891772233372978, 0.2682292879058094, 0.30395646258934694], [0.3091633067591272, 0.22267398567765423, 0.21582751295535443, 0.2523351945078641], [0.2403543036777392, 0.2154463433059325, 0.24035309668373656, 0.30384625623259176], [0.25068731599403027, 0.28853337234154636, 0.2178014386792869, 0.24297787288513648], [0.24641357176213802, 0.3019032455537072, 0.12009083388967316, 0.3315923486944817], [0.2697357695867555, 0.15856682707672096, 0.3409787619356331, 0.23071864130089043], [0.217950976694523, 0.12225796570680479, 0.2712432938824815, 0.3885477636161907], [0.2348228394750376, 0.19165393708219874, 0.4121307134216165, 0.16139250992114712], [0.21696421825152928, 0.15384824801706953, 0.2658296564824239, 0.36335787714897727], [0.2596792396499968, 0.2988812162673159, 0.20865900255108955, 0.23278054143159777], [0.21478213157783668, 0.251099422614464, 0.221599800659896, 0.31251864504780325], [0.2104232013015132, 0.27876102921559315, 0.3469352125774586, 0.16388055680543506], [0.19456023555718063, 0.19455709141207533, 0.22393705615954543, 0.3869456167711986], [0.19552177188825423, 0.18656346200031032, 0.28007087108672374, 0.3378438949247117], [0.20884132161693603, 0.2519038410907742, 0.09711861558550391, 0.4421362216067859], [0.23358612108258234, 0.31926486368659607, 0.24100311457195536, 0.20614590055886625], [0.21863843824224444, 0.26787344017737763, 0.2327394221898546, 0.2807486992905233], [0.22234846815839687, 0.251948971421332, 0.34980690101812767, 0.17589565930214346], [0.19984090028431997, 0.18772932605461543, 0.24484927584987234, 0.3675804977111922], [0.18810577039502493, 0.24152685289024858, 0.24533581337870686, 0.3250315632360196], [0.1852943775661422, 0.2572496273446568, 0.13986623494219197, 0.41758976004700904]], "ideal": "A", "sampled": "A", "correct": true}}
{"type": "result", "data": {"idx": 2, "options": ["Wrong, Wrong", "Wrong, Not wrong", "Not wrong, Wrong", "Not wrong, Not wrong"], "probs": [[0.19117125231371565, 0.2166196502507514, 0.07255831684452325, 0.5196507804910097], [0.22647794601193025, 0.22647206005299617, 0.1736439543927693, 0.37340603944230427], [0.27476077450267317, 0.29247458894682016, 0.17464714720150334, 0.2581174892490033], [0.2017446249001751, 0.22860354991642784, 0.27147912167340355, 0.2981727034099935], [0.2657190521433612, 0.2344896907200914, 0.23818698168120642, 0.261604275355341], [0.21003686828465865, 0.22357882066422774, 0.26551113716887825, 0.3008731737822353], [0.25140175595454317, 0.14324197385133344, 0.15011675878032063, 0.45523951131380275], [0.28071281729383746, 0.24772222706764627, 0.14337232921138665, 0.32819262632712964], [0.25805191356575463, 0.1317979752199269, 0.2462334891713861, 0.36391662194293234], [0.20717852996932146, 0.11621595744794802, 0.3014430954535895, 0.37516241702914105], [0.2546336016603944, 0.23549413327761728, 0.33210750916099185, 0.1777647558009965], [0.23671840128915622, 0.1993348151246054, 0.25998476145051824, 0.30396202203572015], [0.27448028936801, 0.22401820621675175, 0.1144179652759299, 0.38708353903930837], [0.22405643604281733, 0.21715913515059962, 0.26194886931832984, 0.29683555938825323], [0.22239367163398133, 0.2367328193487882, 0.27677268292764595, 0.2641008259895845], [0.20886885495276145, 0.17588373492735915, 0.2599411231036979, 0.35530628691618155], [0.21188635490544655, 0.2220508389831806, 0.23270998199311413, 0.3333528240182587], [0.209907943432259, 0.26534329048170424, 0.10071319790875492, 0.4240355680772819], [0.3113422002677056, 0.26216997912378087, 0.18019011077896568, 0.24629770972954787], [0.2877335505237505, 0.2276108826825268, 0.23853875338823258, 0.2461168133054901], [0.2774761914929433, 0.23003230986679016, 0.2862852811527069, 0.20620621738755962], [0.26776305237361975, 0.18117477267919374, 0.24763927230205227, 0.3034229025451342], [0.2898076474376788, 0.247879371022232, 0.19005845485217182, 0.2722545265879174], [0.2902747690387368, 0.23323725161604242, 0.13711415229856733, 0.3393738269466534]], "ideal": "D", "sampled": "D", "correct": true}}
{"type": "result", "data": {"idx": 3, "options": ["Wrong, Wrong", "Wrong, Not wrong", "Not wrong, Wrong", "Not wrong, Not wrong"], "probs": [[0.691425955524307, 0.18320828139781198, 0.05249030416255903, 0.07287545881532202], [0.4026075989188186, 0.21888956914641575, 0.10179422277224369, 0.276708609062522], [0.572002027692936, 0.20716222863284756, 0.0762114868213907, 0.14462425675282584], [0.2883988744686408, 0.23537959243211187, 0.2176958490573715, 0.2585256839418758], [0.4602811106621059, 0.21404531914903052, 0.14258702310368623, 0.18308654698517732], [0.3211246430552746, 0.1978354453842692, 0.24239805338342926, 0.23864185807702692], [0.31056873858259265, 0.40505128528903256, 0.14219001781651155, 0.14218995821186323], [0.27963754323578793, 0.37628450705606553, 0.08137888399905613, 0.2626990656090904], [0.3520820281116833, 0.18845402350087814, 0.3520850679484307, 0.10737888033900785], [0.25869903351311285, 0.13846999611766247, 0.21446891446455774, 0.38836205580466693], [0.2614408530570214, 0.2100713629092074, 0.41778634550664046, 0.11070143842713075], [0.2184974499646729, 0.1649285926472986, 0.29865245363046433, 0.31792150365756416], [0.3618412287053148, 0.3618335695078913, 0.12311098895562829, 0.1532142127311656], [0.2896395325371066, 0.3035331368142817, 0.18125261364554815, 0.22557471690306355], [0.2721249860299567, 0.28967277291771726, 0.328252804553943, 0.10994943639838298], [0.2348563635880879, 0.22409815750119008, 0.17727970811025184, 0.36376577070047017], [0.25600999972659266, 0.19628605537070037, 0.3287250150221434, 0.21897892978056352], [0.25945906201549646, 0.22541641872293833, 0.0939684782662848, 0.4211560408952804], [0.2960329221176295, 0.36840973633972457, 0.15600032405483913, 0.1795570173878068], [0.2705440182632266, 0.31629117848852617, 0.22429136595433116, 0.18887343719391606], [0.2444360517550046, 0.28577056098448733, 0.32383170238129944, 0.14596168477920865], [0.2065054208803115, 0.21305738704841706, 0.2452324963150437, 0.3352046956562277], [0.2089128469563931, 0.2724688215262708, 0.28555314451897534, 0.23306518689836075], [0.19697194115505187, 0.2692232865288873, 0.1232612357456664, 0.4105435364703945]], "ideal": "B", "sampled": "A", "correct": false}}
{"type": "result", "data": {"idx": 4, "options": ["Wrong, Wrong", "Wrong, Not wrong", "Not wrong, Wrong", "Not wrong, Not wrong"], "probs": [[0.10769634291583903, 0.1980756447237972, 0.09356359787975417, 0.6006644143806096], [0.20198024506366682, 0.19884225427841154, 0.1648465966291299, 0.43433090392879176], [0.22061047788409222, 0.31600066074547223, 0.16652275123949323, 0.2968661100309423], [0.1741678889542679, 0.22715434768244536, 0.2783207636543063, 0.3203569996089804], [0.23049501728949184, 0.26528927285865544, 0.23049196255149293, 0.27372374720035975], [0.17407959245369048, 0.23424449466773853, 0.26132260327840906, 0.3303533095001619], [0.18272188167889167, 0.08905026994462696, 0.09045249155412223, 0.6377753567223591], [0.27435674851837866, 0.23102548371887402, 0.14233200038541594, 0.3522857672773314], [0.19600268582541802, 0.09258392866150239, 0.21865535757688734, 0.49275802783619227], [0.15218517992531005, 0.08019545315020468, 0.32724823081581567, 0.4403711360086696], [0.22191841069381762, 0.28052697418885475, 0.29862541847298735, 0.19892919654434027], [0.17067605509654682, 0.21575169584607795, 0.2522414960048904, 0.36133075295248485], [0.20914024823525343, 0.17610897956111585, 0.07227491317432655, 0.5424758589293042], [0.18267069482957457, 0.1975107163364263, 0.2785383421121898, 0.3412802466218093], [0.15588227377412378, 0.17663442123060627, 0.21641822802102711, 0.45106507687424285], [0.16519921018615047, 0.13483006162576816, 0.22935386683298, 0.4706168612551013], [0.16582708059083154, 0.20961976049234368, 0.173781320435312, 0.4507718383815128], [0.13767612594521714, 0.22346545262480835, 0.0592122849410696, 0.5796461363889049], [0.32525769914368446, 0.2342675933444125, 0.14891160135499037, 0.29156310605691266], [0.2769048768466241, 0.20258326524581344, 0.2683840651782578, 0.2521277926293046], [0.27720813199526195, 0.2059999051186036, 0.25637484740322886, 0.2604171153829056], [0.21693792613754015, 0.1357536742588177, 0.2420078181679263, 0.40530058133571584], [0.27804505822262277, 0.20026299355411614, 0.2066219448836652, 0.3150700032395959], [0.2568177733651939, 0.1582166348666663, 0.12713066499932857, 0.45783492666881126]], "ideal": "D", "sampled": "D", "correct": true}}
{"type": "result", "data": {"idx": 5, "options": ["Wrong, Wrong", "Wrong, Not wrong", "Not wrong, Wrong", "Not wrong, Not wrong"], "probs": [[0.28858582687547396, 0.4611537398538491, 0.09818623726059368, 0.15207419591008325], [0.24634446935408932, 0.27055317967073184, 0.1859500612415706, 0.29715228963360824], [0.26764776901239273, 0.26349588833355636, 0.228932898782652, 0.23992344377139893], [0.20096603625645088, 0.21392585868815767, 0.28340997022193903, 0.3016981347334524], [0.25355589387265465, 0.22728297112099424, 0.25754970309543035, 0.2616114318109208], [0.21815399498316643, 0.2081622152096157, 0.28011735853557, 0.2935664311716479], [0.22872214698656448, 0.21486227852527262, 0.16733617087527167, 0.3890794035128912], [0.273931439581964, 0.2739279527102969, 0.15127898525753317, 0.3008616223502059], [0.24848187707805963, 0.19656406926824183, 0.31411350706397045, 0.24084054648972808], [0.21876314140433367, 0.14802201478029142, 0.29437939116548745, 0.33883545254988745], [0.24674241610000366, 0.22465998266864293, 0.3590122216433723, 0.16958537948798108], [0.21626031718863575, 0.1878892658148462, 0.30025020686142534, 0.2956002100350927], [0.2598614847317642, 0.2809747624697307, 0.21882696261762571, 0.24033679008087944], [0.22850608354784208, 0.22850434011190465, 0.2630107222090234, 0.27997885403122985], [0.20490268444891077, 0.33258865773680896, 0.2844834498262482, 0.17802520788803203], [0.21376106459388938, 0.22401872608833553, 0.23113184019298466, 0.3310883690247904], [0.21041744004690038, 0.21372950609590363, 0.2744371172017892, 0.30141593655540677], [0.2410406839916672, 0.24869000160263588, 0.13105105252895707, 0.37921826177673984], [0.27780545169027343, 0.29571906169853396, 0.20324848893112707, 0.22322699758006553], [0.23971144852625315, 0.27590292689425416, 0.2251895814908859, 0.25919604298860677], [0.2346957395645449, 0.2875536169585212, 0.29208771261893596, 0.18566293075799792], [0.19772581754137702, 0.24607214329166172, 0.24995039400939065, 0.30625164505757063], [0.202308270177383, 0.26385734890103174, 0.24403241309870294, 0.28980196772288236], [0.21724903452838798, 0.2579874501873765, 0.16657085964125193, 0.3581926555429836]], "ideal": "C", "sampled": "A", "correct": false}}
{"type": "result", "data": {"idx": 6, "options": ["Wrong, Wrong", "Wrong, Not wrong", "Not wrong, Wrong", "Not wrong, Not wrong"], "probs": [[0.4174891554337053, 0.3102446678624498, 0.1488586608596798, 0.12340751574416513], [0.2578890880999006, 0.2171576139537255, 0.20400377801995243, 0.3209495198264215], [0.36435139175586223, 0.28821730610826324, 0.16422457991388303, 0.18320672212199152], [0.2142483389572385, 0.23900574021657228, 0.2584328170651814, 0.2883131036610078], [0.2974715784271378, 0.22807110503909492, 0.2427855842647718, 0.2316717321689955], [0.22398057732842241, 0.21371793961068994, 0.29212431355628865, 0.27017716940459896], [0.25799906635683273, 0.2423600888361579, 0.22067599325172696, 0.27896485145528244], [0.2690775474361978, 0.28642169491829345, 0.13959333715215144, 0.3049074203933573], [0.27019468914290234, 0.1946088675506363, 0.29675016573455504, 0.23844627747190633], [0.22302047573749512, 0.14856129661860654, 0.27755206406988675, 0.3508661634740116], [0.23976948497625364, 0.23238744983156062, 0.3656065707197768, 0.16223649437240892], [0.20208836202056008, 0.19586721644431337, 0.30337069339611383, 0.2986737280390127], [0.3142411112471098, 0.25249224898674416, 0.19974222777276565, 0.23352441189338036], [0.24833870301652147, 0.23696019106164543, 0.23329127180167555, 0.2814098340201575], [0.24846095214476524, 0.2996946617615736, 0.27288359807509643, 0.1789607879185647], [0.21613142214240116, 0.21953107741561279, 0.24490902190305985, 0.3194284784389262], [0.23637305197736214, 0.21521435675853073, 0.27634596821882534, 0.2720666229452817], [0.24773320922360867, 0.25559035321884027, 0.13054399385553492, 0.36613244360201613], [0.28915206025856127, 0.2802467089647949, 0.20185996890821023, 0.22874126176843354], [0.26578680074219607, 0.2536078729019454, 0.24968307089816744, 0.2309222553576911], [0.2526879460968975, 0.24876494695827894, 0.3048021676713702, 0.1937449391734534], [0.23431594224833488, 0.21334251222902267, 0.26969612847683555, 0.28264541694580686], [0.2567085065690542, 0.2607432940452319, 0.23373458135375402, 0.24881361793195989], [0.2478373236384111, 0.2721885184997602, 0.14121178001558965, 0.338762377746239]], "ideal": "D", "sampled": "A", "correct": false}}
{"type": "result", "data": {"idx": 7, "options": ["Wrong, Wrong", "Wrong, Not wrong", "Not wrong, Wrong", "Not wrong, Not wrong"], "probs": [[0.4040370522923991, 0.3049817039515316, 0.12516483476750848, 0.16581640888856078], [0.2592612620598661, 0.2050892951174312, 0.17002633972373593, 0.3656231029989668], [0.4042943300332102, 0.2452146073281499, 0.12721706004138947, 0.22327400249725046], [0.237820379775215, 0.20662056781906274, 0.2453714535774355, 0.3101875987282868], [0.3610338729721123, 0.20894665457960584, 0.1932465520269096, 0.23677292032137223], [0.25992664692186807, 0.1872163265756311, 0.24417932329120248, 0.3086777031112984], [0.26179019394254005, 0.24980042126662225, 0.2346694539154182, 0.2537399307754195], [0.25189496585561966, 0.263979361268072, 0.15041313470368287, 0.33371253807262546], [0.30078502590077244, 0.1713810511840549, 0.3007873802841706, 0.22704654253100204], [0.2482428885486269, 0.12678931841162516, 0.2156771453355217, 0.40929064760422623], [0.26109350114079316, 0.20654042370847395, 0.3740036542936229, 0.15836242075710993], [0.23076871264430338, 0.148994323716246, 0.24565286983741064, 0.37458409370204], [0.3243301019147493, 0.2774104906394536, 0.1416899179263333, 0.2565694894194638], [0.2540151140731606, 0.22416463158027866, 0.21058670860529047, 0.3112335456412703], [0.25804254794584, 0.2349496667589686, 0.3211440193502435, 0.18586376584494793], [0.2332806095224069, 0.1733583438234276, 0.202678212622918, 0.3906828339312475], [0.24580312505299887, 0.16120008112964582, 0.2964960722774624, 0.2965007214398929], [0.25931127697715106, 0.17821959352709663, 0.08551102493544027, 0.47695810446031206], [0.28183561140705676, 0.29535677585990905, 0.19985334275373018, 0.222954269879304], [0.25484666225745906, 0.250892639135067, 0.23940867183198564, 0.2548520266754883], [0.23959022757995332, 0.23221667108597785, 0.3326425850058745, 0.19555051622819428], [0.2232737574245839, 0.1659214223147622, 0.2064948261545459, 0.40430999400610795], [0.22875495126075532, 0.21489332404928166, 0.28469272161812104, 0.271659002971842], [0.21466350553273286, 0.2146610915446197, 0.13019976018557317, 0.4404756426370743]], "ideal": "D", "sampled": "A", "correct": false}}
{"type": "result", "data": {"idx": 8, "options": ["Wrong, Wrong", "Wrong, Not wrong", "Not wrong, Wrong", "Not wrong, Not wrong"], "probs": [[0.8771036086692869, 0.03735160750733133, 0.012413849798554906, 0.07313093392482686], [0.6968807771043525, 0.061851613371222004, 0.025383800662568578, 0.215883808761857], [0.7395184314822145, 0.0779444678774192, 0.017528176958900882, 0.16500892358146538], [0.5022358522316382, 0.14166112875987164, 0.0872751513308251, 0.26882786757766497], [0.7019203691400402, 0.1110593792369356, 0.0328290899712072, 0.15419116155181703], [0.6617408295544729, 0.08413068823970438, 0.061551257044608586, 0.19257722506121414], [0.513397037931601, 0.3212754428065413, 0.0673434510759721, 0.09798406808588564], [0.3646324831855093, 0.33722766853595004, 0.03136734256541714, 0.2667725056131235], [0.4047154161111023, 0.06304269706113733, 0.4376036221724688, 0.09463826455529159], [0.2561341619285422, 0.04521033335808563, 0.07453923949372582, 0.6241162651196464], [0.26248299243889694, 0.12206617996908452, 0.530234678279346, 0.08521614921267248], [0.2105289948400996, 0.06031756658271588, 0.11995599790617827, 0.6091974405710062], [0.4659010756051388, 0.2870319409153503, 0.03706713654717508, 0.2099998468323358], [0.3266361708138455, 0.3020868970086909, 0.11288333587088843, 0.25839359620657515], [0.2731481275627492, 0.10696731825495945, 0.5024035722231205, 0.11748098185917083], [0.23109330466264014, 0.07502510211798587, 0.08501485622679823, 0.6088667368925758], [0.2511098030455429, 0.10800125207414236, 0.40127532773307106, 0.23961361704724363], [0.15958894728171497, 0.0827933621219701, 0.019665222539778402, 0.7379524679565366], [0.3184933340343231, 0.43532585769020987, 0.0647066305162377, 0.18147417765922932], [0.29511500281467323, 0.3504564866209194, 0.13511510594671175, 0.21931340451769563], [0.22817038207233972, 0.13839283125155297, 0.4906501539045285, 0.1427866326715788], [0.10895808269109265, 0.04008365407933187, 0.05832114218973319, 0.7926371209398423], [0.1870391070655704, 0.09259152411488636, 0.4022004901960623, 0.31816887852348097], [0.06377158987139678, 0.0512419821504449, 0.018270887228462408, 0.8667155406496959]], "ideal": "A", "sampled": "A", "correct": true}}
{"type": "result", "data": {"idx": 9, "options": ["Wrong, Wrong", "Wrong, Not wrong", "Not wrong, Wrong", "Not wrong, Not wrong"], "probs": [[0.5215688619314257, 0.19489448787007918, 0.1615741784039932, 0.12196247169450186], [0.32468984979228066, 0.1879115337501995, 0.12517729959922802, 0.3622213167582918], [0.4355405828243415, 0.2331231822211782, 0.11906921081956898, 0.21226702403491135], [0.23554140677989593, 0.22829035262403372, 0.2430193907229381, 0.2931488497731322], [0.35522892204719464, 0.225790424669481, 0.17861824800482848, 0.24036240517849589], [0.25051204854653253, 0.20767717313613906, 0.26666928725739214, 0.2751414909599363], [0.27184306762351923, 0.30803295048873014, 0.23618281671478406, 0.18394116507296654], [0.2764538556515379, 0.3334578846437626, 0.09116384248172095, 0.29892441712297857], [0.28518115190879684, 0.19296040789107524, 0.313212621968218, 0.20864581813190988], [0.23993707475834578, 0.13886326136203977, 0.24371529386839072, 0.37748436991122375], [0.24788872895146083, 0.19305333493209542, 0.4087044000216906, 0.15035353599475315], [0.21148130840267013, 0.1523223153056329, 0.29823832367783165, 0.3379580525138653], [0.3158614980241923, 0.2831290108148599, 0.15882471438883036, 0.24218477667211744], [0.250071346734789, 0.2580037414769615, 0.2172664105674915, 0.274658501120758], [0.25607148191858853, 0.22597834802362074, 0.35001242678856154, 0.16793774316922921], [0.23155936596462176, 0.18317562339858307, 0.22095593807871922, 0.3643090724580759], [0.2259435009407136, 0.20253006527172088, 0.2946865094018269, 0.2768399242857386], [0.2591177542182798, 0.2396393882961795, 0.09989754184005216, 0.4013453155454885], [0.27211651608780585, 0.3035595759976271, 0.20222138167715514, 0.2221025261374119], [0.2306125083517641, 0.2532724217302376, 0.27817422977807615, 0.23794084003992208], [0.23611610773651814, 0.21836749881754908, 0.3435509749374314, 0.20196541840850135], [0.20017489788914694, 0.17943280933493147, 0.3005002736744788, 0.3198920190014428], [0.2008575498856912, 0.2619627415871918, 0.2539100348695522, 0.28326967355756477], [0.20075414175376796, 0.2743934866037684, 0.1613106059280879, 0.3635417656143757]], "ideal": "C", "sampled": "A", "correct": false}}
{"type": "result", "data": {"idx": 10, "options": ["Wrong, Wrong", "Wrong, Not wrong", "Not wrong, Wrong", "Not wrong, Not wrong"], "probs": [[0.56010161871986, 0.29057386132319507, 0.07232992997011813, 0.07699458988682684], [0.31285069321992814, 0.22183943453714444, 0.1573092388147532, 0.3080006333281742], [0.41060311742775346, 0.282198476068836, 0.14640422999567998, 0.16079417640773055], [0.23108902226925143, 0.22750319199219435, 0.25380310035487497, 0.2876046852836793], [0.341565644572188, 0.22399898717537042, 0.21043074833755288, 0.22400461981488867], [0.2523863688570112, 0.20923182989745628, 0.2523860708337785, 0.28599573031175396], [0.29720606954096873, 0.34746345356411873, 0.16934315606237055, 0.18598732073254196], [0.29564380526096673, 0.32469415826101666, 0.11047321881852372, 0.26918881755949287], [0.3028614177570658, 0.2250648852203001, 0.3124768687103113, 0.15959682821232282], [0.23351629870236368, 0.14163350635442884, 0.26877533585795177, 0.3560748589852557], [0.26583201690101543, 0.2169635283012143, 0.36335197360518157, 0.15385248109258873], [0.2234449717692354, 0.17401729781701397, 0.28246146858581755, 0.3200762617279331], [0.3725239412099759, 0.30403966876567823, 0.15288268607025263, 0.1705537038540932], [0.2780612963448862, 0.2531731090713721, 0.20343373410703308, 0.26533186037670864], [0.2933045836004987, 0.2629139344752989, 0.30738230620581775, 0.13639917561838463], [0.2436508274378734, 0.1868117926352936, 0.2150208683845086, 0.3545165114423244], [0.27113447398616963, 0.1983632802277113, 0.2797407889009158, 0.25076145678520323], [0.26081851122155303, 0.22659933564781126, 0.12711131571452275, 0.3854708373161129], [0.3178167390180216, 0.3228156316377111, 0.1810869750361401, 0.17828065420812717], [0.27736364552449744, 0.273058491632224, 0.23356430676191534, 0.2160135559813632], [0.2660968701203153, 0.24609653305807425, 0.3160003187936211, 0.17180627792798933], [0.24013568458539958, 0.1870152801088238, 0.25964802500989337, 0.31320101019588326], [0.2659111996000692, 0.24979659166808169, 0.24592757955498645, 0.23836462907686262], [0.2580631038577119, 0.2386653834541583, 0.17190596203417177, 0.331365550553958]], "ideal": "D", "sampled": "A", "correct": false}}
{"type": "result", "data": {"idx": 11, "options": ["Wrong, Wrong", "Wrong, Not wrong", "Not wrong, Wrong", "Not wrong, Not wrong"], "probs": [[0.36233048547666474, 0.329895963340911, 0.14188883774385042, 0.16588471333857388], [0.2721772708567814, 0.22918940395240675, 0.17032147434672779, 0.32831185074408403], [0.33160288636335716, 0.3066734534192322, 0.15420917475726598, 0.20751448536014463], [0.218621487235983, 0.2401042389676184, 0.25163332750218065, 0.289640946194218], [0.3027938856955483, 0.2358083987624812, 0.21809251279300293, 0.24330520264896757], [0.22779623954728376, 0.21399018062074532, 0.27910296026784437, 0.2791106194641266], [0.2322783871781285, 0.2632000563715974, 0.2286777151301282, 0.27584384122014594], [0.2614634114678528, 0.3153756652569008, 0.13147080335109415, 0.29169011982415227], [0.26073098957109814, 0.21614897893141816, 0.30010185537024975, 0.22301817602723392], [0.22629507079655994, 0.15311684853668053, 0.264565636531304, 0.35602244403545547], [0.23361963031339952, 0.23361560699987757, 0.36184272166448406, 0.17092204092223884], [0.19792970407695812, 0.1888631368476446, 0.31138975817083675, 0.3018174008045605], [0.2985585242640877, 0.32789256188294924, 0.14102883215242487, 0.23252008160053822], [0.24909233296681993, 0.269326784265729, 0.2164160524514282, 0.2651648302160229], [0.24918550626592675, 0.26942910536981485, 0.31012110512786356, 0.17126428313639486], [0.23340199189826372, 0.1934943141298421, 0.2227138065260318, 0.35038988734586235], [0.2325429583474468, 0.2020325183363507, 0.280500348174829, 0.2849241750413735], [0.2565130400018896, 0.24096594443251465, 0.11743856090335665, 0.3850824545622391], [0.2772287377940413, 0.32920834381939146, 0.17079705035144244, 0.2227658679351248], [0.23867864548742188, 0.283430661479641, 0.25013586503543705, 0.22775482789750004], [0.24370565644888376, 0.24753877149224318, 0.31292873151557504, 0.19582684044329804], [0.22110967994832273, 0.2044890732706464, 0.2625749189166386, 0.3118263277643923], [0.23147497613536605, 0.27061496391935386, 0.23147543807138365, 0.26643462177389643], [0.2363238036396214, 0.2677832543582162, 0.14111423491020497, 0.3547787069919574]], "ideal": "B", "sampled": "A", "correct": false}}
{"type": "result", "data": {"idx": 12, "options": ["Wrong, Wrong", "Wrong, Not wrong", "Not wrong, Wrong", "Not wrong, Not wrong"], "probs": [[0.4855537720699074, 0.22229930921362248, 0.1369558938034971, 0.155191024812973], [0.31924322244312753, 0.2029177695309854, 0.14845944939559258, 0.32937955853029444], [0.4094698872205224, 0.2858471763650145, 0.09878810126135933, 0.2058948350531038], [0.2409046405178111, 0.2408988737685156, 0.24090501304683537, 0.2772914725668379], [0.34689921137201785, 0.23841033873558126, 0.17996558545220304, 0.23472486434019785], [0.2532576284563957, 0.22002814380072463, 0.2654116411925437, 0.261302586450336], [0.2624809145664948, 0.28827232119538543, 0.2316398322350605, 0.21760693190305924], [0.2793874081826799, 0.3266264722923687, 0.10118599753889376, 0.2928001218860577], [0.28104051526000284, 0.19928338824777667, 0.3234772335641376, 0.19619886282808288], [0.2382834709475491, 0.14679965990507907, 0.2458460333193246, 0.3690708357280473], [0.2447557859659446, 0.2193935480584819, 0.3850597979479448, 0.15079086792762864], [0.20725265143229293, 0.1800609528838341, 0.3111246227906954, 0.3015617727931776], [0.3332484587712723, 0.3130470742036188, 0.10989258191620782, 0.24381188500890102], [0.2626869521661003, 0.266816242500312, 0.20780255149893842, 0.26269425373464933], [0.27289586849917113, 0.22979665947945715, 0.3291800568790861, 0.16812741504228562], [0.23996577796971558, 0.18688210564648733, 0.218491014540832, 0.3546611017429651], [0.24715458222472603, 0.17801413203506916, 0.307588581823176, 0.2672427038170288], [0.276120142677837, 0.22890464833501636, 0.08688313285931153, 0.4080920760278351], [0.3008926077977258, 0.3253318819675012, 0.14664345322676797, 0.22713205690800506], [0.2622933866286221, 0.2792019718962966, 0.254225570494193, 0.2042790708808883], [0.2538857459768087, 0.2384980022668759, 0.31596991416632475, 0.19164633748999063], [0.22252407667795815, 0.19637224076214682, 0.27693647143455613, 0.3041672110253389], [0.23934758063765385, 0.2469378001284693, 0.2628728786276097, 0.2508417405062671], [0.23961827218411655, 0.25908099058177136, 0.12431053075080578, 0.3769902063833063]], "ideal": "C", "sampled": "A", "correct": false}}
{"type": "result", "data": {"idx": 13, "options": ["Wrong, Wrong", "Wrong, Not wrong", "Not wrong, Wrong", "Not wrong, Not wrong"], "probs": [[0.9371181307611282, 0.023096643037808104, 0.009187210762319733, 0.03059801533874401], [0.6461604784814038, 0.07479826304463902, 0.052217691742490635, 0.22682356663146658], [0.7878151911133465, 0.07923257873814098, 0.02633314319623467, 0.10661908685227786], [0.36985703747959275, 0.16157696898786286, 0.19797011912914106, 0.2705958743034033], [0.6242064329984405, 0.13290032941115573, 0.0899252308804058, 0.152968006609998], [0.4889391216462931, 0.12170587116139388, 0.16897275538624126, 0.22038225170607173], [0.49011182414971294, 0.24262155409248198, 0.14715930708397593, 0.12010731457382912], [0.38936765369243026, 0.26760363586591795, 0.06257681502262007, 0.2804518953190317], [0.4265700419353281, 0.0866628256851636, 0.3945149333933759, 0.09225219888613237], [0.24855438436487345, 0.05292004894233848, 0.09287772725794301, 0.605647839334845], [0.2867550913722553, 0.13545298877761475, 0.4802281069326312, 0.09756381281749874], [0.22482071497088307, 0.0654262859903713, 0.16193228312844457, 0.547820715810301], [0.7043105494329578, 0.13868637639920803, 0.03268485204334141, 0.1243182220244928], [0.40930016743622083, 0.2026159259612512, 0.14367789251296123, 0.2444060139895667], [0.4626627495025452, 0.0969794154520298, 0.366001004450661, 0.07435683049476399], [0.30197231383726597, 0.0787737700903887, 0.08926285336883337, 0.5299910626035119], [0.3422624570463304, 0.10438357603649268, 0.3643377531503212, 0.1890162136668557], [0.3224981833019355, 0.07903082187904391, 0.023544837576417295, 0.5749261571426032], [0.45159348840965935, 0.2739022373879235, 0.11597938834461086, 0.15852488575780627], [0.4027492223538388, 0.2442777345408123, 0.19024673742030657, 0.1627263055850423], [0.31216520998232833, 0.16708910961533938, 0.3946186421303308, 0.1261270381720014], [0.2048560457441047, 0.05869217699897051, 0.08539669037313621, 0.6510550867837885], [0.28882090943454247, 0.1343133091354178, 0.3483870469406377, 0.228478734389402], [0.16987525212694018, 0.09092708032557617, 0.03505568330362811, 0.7041419841438555]], "ideal": "A", "sampled": "A", "correct": true}}
{"type": "result", "data": {"idx": 14, "options": ["Wrong, Wrong", "Wrong, Not wrong", "Not wrong, Wrong", "Not wrong, Not wrong"], "probs": [[0.17034785795646093, 0.5329645514202543, 0.22567567203856992, 0.07101191848471483], [0.17243863640491341, 0.20159775016676038, 0.1498162895291239, 0.47614732379920227], [0.23456350757626973, 0.3412815230361618, 0.22035411831457902, 0.20380085097298942], [0.2015513479508074, 0.2431141137833668, 0.27549198267089137, 0.2798425554949344], [0.23984214364260031, 0.23611744966846993, 0.24361887246773747, 0.2804215341211923], [0.20400748596624757, 0.22058115546657067, 0.2877002403091073, 0.28771111815807443], [0.2703513720256531, 0.26615493693804726, 0.16655894615895075, 0.2969347447773489], [0.24247248107046357, 0.28793635532455647, 0.13815605433161252, 0.33143510917336744], [0.2659833391343307, 0.24217673772868575, 0.3061490907042679, 0.18569083233271566], [0.22194909055029233, 0.1598623472353837, 0.2849902680980661, 0.33319829401625783], [0.22891529368933877, 0.22186914582406914, 0.3894041900213686, 0.15981137036522347], [0.20253905934817412, 0.18441182764046077, 0.31370244537420566, 0.29934666753715944], [0.22834191193345021, 0.30726184064377066, 0.2430718730263882, 0.22132437429639093], [0.2054137319927696, 0.23276050733325598, 0.2721323113189051, 0.28969344925506935], [0.17478592171155197, 0.353073377780375, 0.3316928943155446, 0.14044780609252838], [0.17873633172417958, 0.20572229034217762, 0.26006248978253066, 0.35547888805111216], [0.1936882849552232, 0.2229296250674493, 0.2487011848857363, 0.3346809049915912], [0.21768730227894367, 0.2751774407595163, 0.1129339601602285, 0.39420129670131154], [0.26019697337208264, 0.2902641214336854, 0.19336327859042218, 0.2561756265038098], [0.21928078404386545, 0.2603965932224999, 0.22980574335593373, 0.2905168792777009], [0.22250931294286366, 0.27691337876103883, 0.29478207666879636, 0.20579523152730111], [0.1768797907521306, 0.22711537437678098, 0.26553025443386735, 0.33047458033722105], [0.1649476811893286, 0.25151141351130446, 0.21179840509866818, 0.37174250010069876], [0.17369190115520766, 0.25669655583759987, 0.16573824233749496, 0.4038733005696975]], "ideal": "D", "sampled": "A", "correct": false}}
{"type": "result", "data": {"idx": 15, "options": ["Wrong, Wrong", "Wrong, Not wrong", "Not wrong, Wrong", "Not wrong, Not wrong"], "probs": [[0.8760725838633135, 0.07304500774114098, 0.01846878413211495, 0.03241362416343052], [0.46681045785630987, 0.12761768507250976, 0.05319921592539206, 0.3523726410457883], [0.6243092765952665, 0.16285962774799276, 0.05497970366187284, 0.15785139189486797], [0.34779609671648876, 0.19509345909074505, 0.1776387313886239, 0.27947171270414234], [0.5238023995829347, 0.15974867342305102, 0.10809272526613775, 0.20835620162787655], [0.40853084347128993, 0.13262997961595496, 0.21867332511960205, 0.24016585169315305], [0.37658316734951053, 0.394654521187146, 0.12418686874876766, 0.10457544261457577], [0.26799327531747225, 0.33876964951300925, 0.05444650432588339, 0.33879057074363506], [0.4579380179222637, 0.12134144475787748, 0.3247310623362141, 0.09598947488364466], [0.2707678296662457, 0.07402360217952775, 0.09961038530037933, 0.5555981827538472], [0.2821234573207966, 0.14636384457916718, 0.4724768976969007, 0.09903580030313552], [0.18428427096220754, 0.08842080171857192, 0.2639790874471222, 0.4633158397720984], [0.48361386763056696, 0.26707466837161314, 0.09230141879511546, 0.1570100451027044], [0.35821781848875567, 0.2580109545939588, 0.12574814267667025, 0.2580230841406153], [0.3386282223533252, 0.1959851772593619, 0.36048193688119906, 0.10490466340611383], [0.254201162393251, 0.1238874812052572, 0.0920671555873853, 0.5298442007141064], [0.2712732396667578, 0.12227283309600288, 0.32215006836300086, 0.28430385877423847], [0.22183078442593845, 0.11689583167421173, 0.04872992243603615, 0.6125434613638137], [0.3534148878486959, 0.3703691605798205, 0.10125732269977258, 0.17495862877171103], [0.32388936987425454, 0.29954546240634206, 0.17068187636394347, 0.20588329125545993], [0.27170472929584816, 0.2149363127890419, 0.36563121724002173, 0.1477277405750882], [0.14339896821437326, 0.0829936253495427, 0.12075583455612937, 0.6528515717799547], [0.19345835425881194, 0.16547510519384928, 0.256296999914557, 0.38476954053278173], [0.1367189828024103, 0.1367191616163373, 0.05354050699478837, 0.673021348486464]], "ideal": "A", "sampled": "A", "correct": true}}
{"type": "result", "data": {"idx": 16, "options": ["Wrong, Wrong", "Wrong, Not wrong", "Not wrong, Wrong", "Not wrong, Not wrong"], "probs": [[0.31588906987992293, 0.30616406515648215, 0.1539501891563421, 0.22399667570725285], [0.2725019156660329, 0.22946481404394042, 0.18438197670523276, 0.3136512934847939], [0.3493012889662155, 0.2987667410899474, 0.14335225948307662, 0.20857971036076048], [0.22294401626789415, 0.23363990633713883, 0.2526300662188951, 0.2907860110760719], [0.321488419783404, 0.25431091348700485, 0.18899150754086247, 0.23520915908872866], [0.2380719631672252, 0.23074342308121185, 0.2655895054074773, 0.2655951082440856], [0.25085134796665864, 0.3025793848581893, 0.21456517488210466, 0.23200409219304738], [0.2584229015142992, 0.32666950197717554, 0.12206936171661917, 0.2928382346919061], [0.2683181962339629, 0.2057236139064652, 0.3136980767009436, 0.21226011305862832], [0.23153975148596492, 0.1404345098191662, 0.2749602917289085, 0.3530654468659603], [0.24502701689792625, 0.233803238937672, 0.3678339962616192, 0.15333574780278256], [0.2103838512434251, 0.19155459326568333, 0.3013631970607753, 0.29669835833011626], [0.30510961097081335, 0.31974451777883167, 0.13752331918523397, 0.237622551965121], [0.23557992277173773, 0.25471836325959285, 0.26281020042652353, 0.24689151344214588], [0.23949154138443135, 0.27564905838970805, 0.31235899121801286, 0.17250040890784774], [0.224999881513265, 0.20168644788890183, 0.25100640208018316, 0.32230726841765], [0.2258094202863109, 0.22936139533735764, 0.276667398633741, 0.2681617856425904], [0.23575331970936844, 0.293394723308392, 0.1113608959611425, 0.35949106092109706], [0.2979514256127038, 0.3376156637090241, 0.14982008709273467, 0.21461282348553737], [0.25446566178442515, 0.2928830893675732, 0.2544684035980029, 0.19818284514999876], [0.24832300479290648, 0.2522299697571615, 0.30904699046449463, 0.19040003488543739], [0.2292424405994883, 0.20872486814669375, 0.2722329754522458, 0.28979971570157215], [0.22526992183846825, 0.2760023690185404, 0.2513083740427606, 0.24741933500023078], [0.2330888052402584, 0.2855819633664391, 0.16272155418685394, 0.31860767710644855]], "ideal": "D", "sampled": "A", "correct": false}}
{"type": "result", "data": {"idx": 17, "options": ["Wrong, Wrong", "Wrong, Not wrong", "Not wrong, Wrong", "Not wrong, Not wrong"], "probs": [[0.165094421527375, 0.26381406381929823, 0.11525169844705474, 0.455839816106272], [0.2222676608082063, 0.24032095430356543, 0.16517244523859012, 0.3722389395496381], [0.25719806549361307, 0.2780903279503251, 0.2034585773741396, 0.26125302908192216], [0.18825544415021894, 0.2235556393638215, 0.2826068401054063, 0.3055820762805532], [0.2568633411188362, 0.24129281883764248, 0.24895821503046348, 0.2528856249130579], [0.20340489126764846, 0.2341117123064705, 0.25712718024500797, 0.3053562160808731], [0.25322424608248695, 0.12933112294181925, 0.12933127195342672, 0.4881133589222671], [0.2675131042783105, 0.2592743712188122, 0.14544198348981027, 0.327770540913067], [0.2449337322824282, 0.11751810154471905, 0.23371466392492626, 0.40383350214792646], [0.17507776430567942, 0.08942032525690699, 0.32201605450986714, 0.41348585582754643], [0.24584883790603765, 0.24203273964732056, 0.3206491112872022, 0.19146931105943957], [0.2166203175751406, 0.20995268849278104, 0.23791035226321391, 0.3355166415688644], [0.24419159058560205, 0.190171706511013, 0.1814641979373457, 0.38417250486603927], [0.19844616959150735, 0.18935570198224105, 0.27985415754990495, 0.3323439707763467], [0.19724439376474484, 0.22702315785735297, 0.2654203513806931, 0.3103120968972091], [0.18922018640653657, 0.16961422081766458, 0.24678905286639985, 0.394376539809399], [0.18973732275462177, 0.22182089418667972, 0.20515246992969088, 0.38328931302900765], [0.17376969235084155, 0.26085417682738726, 0.09301046748988155, 0.4723656632318896], [0.28130722043085366, 0.2482459842910476, 0.22603648898725354, 0.24441030619084522], [0.26976467382138464, 0.21008723421174036, 0.24181370025602456, 0.27833439161085044], [0.25774445451404204, 0.22045642616240826, 0.3013349742589536, 0.22046414496459604], [0.2481163441886741, 0.15770964322897238, 0.24426726994455977, 0.34990674253779375], [0.26342199035102404, 0.21837908678192877, 0.21499613566025283, 0.3032027871067943], [0.2557033896190525, 0.20869395134746252, 0.14569261668655684, 0.38991004224692816]], "ideal": "C", "sampled": "D", "correct": false}}
