{"type": "result", "data": {"idx": 0, "options": ["essential to our existence", "unimportant to most people", "not essential to our existence", "rarely viewed"], "probs": [[0.20816813313006768, 0.18085789401302943, 0.5484696397845844, 0.06250433297231851], [0.13461762665356095, 0.25149616596567986, 0.08967617153224637, 0.5242100357485129], [0.011907031082160032, 0.9459012948481035, 0.015774561428577763, 0.02641711254115875], [0.007432249652379011, 0.9216329781120508, 0.03629865487870561, 0.03463611725686452], [0.1529898527695555, 0.12882871970184448, 0.10351846855063808, 0.6146629588779619], [0.06020320816771941, 0.18256483562182746, 0.6890114391127075, 0.0682205169977457], [0.26296069431772695, 0.10137924248816327, 0.5567036104627967, 0.07895645263131301], [0.44950920707776293, 0.20260277407846192, 0.10348273093579999, 0.24440528780797516], [0.32228327034382265, 0.09676624905666317, 0.4763186907017652, 0.10463178979774897], [0.312339489314607, 0.12619465776306063, 0.09983159749450742, 0.4616342553278249], [0.015310126145878802, 0.009962509574302954, 0.07079313167272891, 0.9039342325070894], [0.2612594913195424, 0.05064682195114475, 0.05144546084624423, 0.6366482257830686], [0.9246274931321375, 0.04257470043965148, 0.013607941718617601, 0.01918986460959341], [0.9006720713320323, 0.05408913973856634, 0.019286546710540305, 0.025952242118861026], [0.5552816862367248, 0.021530596055978783, 0.39375900338171455, 0.029428714225581822], [0.7393339124091608, 0.01880020795797628, 0.0300430910064151, 0.2118227885264478], [0.8079650106205101, 0.04215652279717325, 0.12585844567122298, 0.024020020811093695], [0.7180722590042237, 0.03204641702217285, 0.02037032777240039, 0.22951099610120304], [0.2771782874783857, 0.15792873500198362, 0.24081712958788729, 0.3240758478317434], [0.056980550166740244, 0.09105481038051673, 0.727503882154961, 0.12446075719778205], [0.23856748925501775, 0.04344570214952456, 0.06942671308916287, 0.6485600954062948], [0.37550609740576035, 0.06946097955216282, 0.06525393477541437, 0.4897789881666625], [0.5006121471114844, 0.19000894112488348, 0.2153157474677382, 0.09406316419589396], [0.28221172196655037, 0.16079765616536615, 0.053862448976995755, 0.5031281727910877]], "ideal": "C", "sampled": "C", "correct": true}}
{"type": "result", "data": {"idx": 1, "options": ["the state", "the justice system", "the body", "the soul"], "probs": [[0.00010061652336168361, 0.00031480058515698413, 0.000661245124136623, 0.9989233376673448], [0.0016466987074884156, 0.0036820147872166607, 0.989519241416834, 0.005152044988460878], [0.00028435657837497897, 0.0004990615812561784, 0.0004404214978133355, 0.9987761602425556], [0.003833042669423266, 0.01576384329282094, 0.9752853466315671, 0.005117767306188762], [0.0007518366329876902, 0.9945170285217474, 0.0022271436177723524, 0.0025039911274925184], [0.0006678874923222978, 0.9933120389939388, 0.004287709387744256, 0.0017323640259946083], [6.345554613969535e-05, 0.0004041951547435944, 0.000650966354416119, 0.9988813828447006], [0.0008492995495359955, 0.003927120981707652, 0.9914469230966745, 0.003776656272081879], [0.00010138637374158771, 0.00041696432390362536, 0.0007491466340051485, 0.9987325025683497], [0.0022112318513731683, 0.01006610091082259, 0.9797597432337561, 0.007962923904048095], [0.0003583602987218198, 0.995716937971953, 0.0023186495726401557, 0.0016060520566850073], [0.00042523518545300494, 0.9949493811560355, 0.0030454494400604273, 0.0015799341184510559], [0.0002956492016572204, 0.0005188799735927137, 0.0005270515734648696, 0.9986584191512852], [0.0028204250800959816, 0.011419503459219525, 0.9808868344629963, 0.004873236897688212], [0.00021802391303639193, 0.00027346361131183714, 0.0007318234527741406, 0.9987766889228776], [0.0036028143426119616, 0.005408462058369172, 0.983479843149392, 0.0075088803496268525], [0.0006804761065424655, 0.9885909724851675, 0.007431069066861482, 0.003297482241428554], [0.0007152821502713155, 0.9915713483337781, 0.004052388872041971, 0.0036609805439085856], [0.9800068876565241, 0.012336428454043369, 0.0030468977493231715, 0.004609786040109314], [0.9700745943755622, 0.01833147556259987, 0.007406622174110293, 0.004187307787727607], [0.9857810969532858, 0.005770784822885313, 0.004092107871450834, 0.0043560102523781405], [0.9796827551549885, 0.008744949977799453, 0.006705003462049527, 0.004867291305162558], [0.9811965685335662, 0.009924640411182802, 0.005312297741298152, 0.0035664932139528307], [0.982343818982369, 0.010743626399022887, 0.0029601971872156834, 0.003952357331392466]], "ideal": "D", "sampled": "D", "correct": true}}
{"type": "result", "data": {"idx": 2, "options": ["right action", "good consequences", "happiness", "a good will"], "probs": [[0.0014983151705655203, 0.0010791924113528089, 0.0008339398976428236, 0.9965885524204389], [0.0022548836965475367, 0.0024380999876319072, 0.9913185561538307, 0.003988460061989884], [0.0018075226022687516, 0.0008020812491454193, 0.0006860607504275719, 0.9967043352981583], [0.006515680482520904, 0.0054016645261621594, 0.9822420682711333, 0.005840586620183727], [0.0027208810289482367, 0.9916646854311192, 0.002458156582144275, 0.003156276857788298], [0.002617715516334787, 0.9920692914063215, 0.002204381965274724, 0.003108611012068928], [0.0009088244686097179, 0.0015950289581561907, 0.0008537645598836237, 0.9966423819133504], [0.0014441275351589724, 0.004050133306879724, 0.9910414870490477, 0.003464252008913618], [0.0006005624745272643, 0.0006244835501639683, 0.0023567773804241653, 0.9964181764948846], [0.0023704818591043387, 0.0035308040888710965, 0.9789994417302097, 0.015099272221814838], [0.0005445220379274361, 0.9922276673105243, 0.004418976777443469, 0.002808833774104809], [0.0012534500740395851, 0.9900600724945399, 0.0026124660192425844, 0.006074011312177964], [0.0007426932118651041, 0.000881967535858414, 0.0004795220362207923, 0.9978958171160557], [0.0034836182182650653, 0.009469393209880508, 0.9811211974034035, 0.005925791068450928], [0.00036203678630400307, 0.000426582466643479, 0.0011064713667427552, 0.9981049092803098], [0.0020561385450836604, 0.0023117682215599376, 0.969788282343716, 0.025843810789640483], [0.0009320986834705301, 0.9829996503598551, 0.011444345437220624, 0.004623905419453659], [0.001662145523388014, 0.9832992872450014, 0.0034105417697578417, 0.011628025361852708], [0.9951603157326453, 0.0026672075083454343, 0.0011032158729261596, 0.0010692607860830724], [0.9940140306717281, 0.003816192301978106, 0.0010933712974357968, 0.0010764056288579793], [0.9948787156290227, 0.0017901747509443504, 0.0018470088312412221, 0.0014841006887916662], [0.9913109176397967, 0.0026777273030164006, 0.0015619173521634346, 0.004449437605023392], [0.9940090231679575, 0.0019188961114991576, 0.0028806147316975807, 0.0011914658888457308], [0.9925394462629229, 0.0022053699514618563, 0.001731024672381346, 0.003524159013233908]], "ideal": "D", "sampled": "D", "correct": true}}
{"type": "result", "data": {"idx": 3, "options": ["found in everyday objects", "nonexistent", "everywhere in the natural world", "not of this world"], "probs": [[0.00024134104308031772, 0.002534536521855331, 0.0061757747813063575, 0.991048347553758], [0.013899262112898523, 0.05412041052617221, 0.8734619659472248, 0.05851836131370446], [0.0016530833359185016, 0.013733224646982265, 0.03675204559457619, 0.947861646322523], [0.006662022626418979, 0.028489844053486993, 0.9288335163966586, 0.036014616823435444], [0.0038615248672778514, 0.9522947083116663, 0.024984488290313557, 0.018859278430742303], [0.0031712066377005657, 0.9507350882461538, 0.025735355558399193, 0.020358349457746422], [0.00017274554994255593, 0.001613541498625388, 0.005631801586401557, 0.9925819112650305], [0.006264591211884757, 0.0445161128642511, 0.8802711549505976, 0.0689481408732665], [0.0005529102901659959, 0.005761412107771837, 0.009498965382005432, 0.9841867121200567], [0.0057620300733347, 0.06292298620130658, 0.8823102374542832, 0.04900474617107553], [0.005075612903838717, 0.9015718693509802, 0.04631146347148858, 0.047041054173692434], [0.00477391583036408, 0.909752236789558, 0.0467316955322607, 0.03874215174781728], [0.011149354166911754, 0.03102554795116833, 0.09262528951042547, 0.8651998082714945], [0.008436745593852428, 0.024991511202152383, 0.9378066247537662, 0.028765118350229046], [0.0015684548693323925, 0.015353337048280794, 0.01823254537352258, 0.9648456626088642], [0.02051640461251829, 0.0798859213227587, 0.8455437906753247, 0.054053883289398294], [0.002125594539597167, 0.9641407626118313, 0.019093863962082454, 0.014639778786488984], [0.0025713602891986854, 0.9594016701121157, 0.025170915206183593, 0.012856054292502028], [0.9104238439878958, 0.06099454878574742, 0.013398799536861943, 0.015182807589494824], [0.9461968287826322, 0.030894427747992257, 0.010029994314622894, 0.012878749054752633], [0.9408909055364488, 0.034271930868749495, 0.012806553476824993, 0.012030610017976642], [0.934616073106003, 0.03738930013308111, 0.016591500211108008, 0.011403126449807847], [0.9450934381208259, 0.030379963616017365, 0.010176070516823744, 0.01435052764633301], [0.8913971955176704, 0.07668171227172234, 0.01658370191834595, 0.015337390192261295]], "ideal": "D", "sampled": "D", "correct": true}}
{"type": "result", "data": {"idx": 4, "options": ["one does not know that one\u2019s actions are wrong.", "one knows that one\u2019s actions are wrong, but does them anyway.", "one knows that one\u2019s feelings are inappropriate, and does not act on them.", "one does the right action, but for the wrong reason."], "probs": [[0.0007325096950654171, 0.9689488804678321, 0.018310412382225374, 0.012008197354877112], [0.0010002498337187203, 0.9680074586576457, 0.013808036331989166, 0.017184255076646355], [0.007963902279106315, 0.043730225206029955, 0.9205092147911107, 0.027796657623753017], [0.003767279844141327, 0.01839871600806946, 0.019281719744459372, 0.9585522843033298], [0.0030637761713588943, 0.021941718478182767, 0.9476875992832032, 0.027306905967255046], [0.0026326494238997494, 0.00993542300906982, 0.020386154211769834, 0.9670457732552606], [0.4759808395020405, 0.13636722278872912, 0.19533968843084817, 0.1923122491783822], [0.6147971840302847, 0.16290197017503907, 0.0668559829355377, 0.1554448627591385], [0.19022661729082507, 0.6045278400252897, 0.10182097704913717, 0.10342456553474806], [0.2092198384518354, 0.6648884266347493, 0.04892389366456623, 0.07696784114884907], [0.2839331966940724, 0.08524966366108601, 0.21769555235258672, 0.4131215871922549], [0.4436136517311387, 0.06593598031719908, 0.27760346066539276, 0.21284690718626945], [0.00824172791666178, 0.03722633034651869, 0.9161238635304724, 0.038408078106347145], [0.002996443454673576, 0.008945635271171872, 0.016712642741393644, 0.9713452784327609], [0.003148335461320515, 0.893631024205499, 0.05802832047424358, 0.04519231975893692], [0.0036284617620844523, 0.8948031435911875, 0.04525180418233337, 0.056316590364394674], [0.0019284898479320397, 0.016401020468507194, 0.04321093394785838, 0.9384595556357024], [0.006127709002354003, 0.04782232971913459, 0.8883650223399929, 0.05768493883851842], [0.004688996637181198, 0.02719469531545214, 0.9291616639412561, 0.03895464400611055], [0.004068066569505644, 0.0077197724180061295, 0.023409889547887808, 0.9648022713646004], [0.004428467469517995, 0.7989854372796312, 0.05107823105612759, 0.14550786409472322], [0.002844023446464904, 0.8796913401725494, 0.06783541120696825, 0.049629225074017444], [0.003347638511311764, 0.017816394474447526, 0.021157534682528848, 0.9576784322317119], [0.006875748444443145, 0.058934190518935246, 0.8796845884624579, 0.05450547247416369]], "ideal": "B", "sampled": "B", "correct": true}}
{"type": "result", "data": {"idx": 5, "options": ["are the result of applying arbitrarily stringent standards.", "are based on linguistic confusions.", "are logically self-refuting.", "grow from the consistent application of ordinary standards."], "probs": [[0.31048901940790274, 0.06407289015388837, 0.5364814240252508, 0.08895666631295814], [0.4321602284476134, 0.06945380567809796, 0.34186810251631977, 0.15651786325796882], [0.4202354926817957, 0.4268488362903079, 0.08537700326155921, 0.06753866766633718], [0.41071934727851156, 0.3739608041258454, 0.1794313543686057, 0.0358884941270373], [0.516330599733218, 0.14563582836125277, 0.13896864651243981, 0.19906492529308942], [0.42726288948367397, 0.10635358522205207, 0.42064114147268, 0.04574238372159393], [0.1332064360161875, 0.08873482642637535, 0.7089519975412829, 0.06910673991615418], [0.1989958152649312, 0.10651427537159555, 0.3957551750011123, 0.29873473426236097], [0.18048016859634075, 0.5472994486984143, 0.159276590922019, 0.11294379168322598], [0.1749967790962203, 0.5390284542821849, 0.1496847107574902, 0.13629005576410452], [0.2337883166836731, 0.11573247123989522, 0.3976897983829058, 0.25278941359352586], [0.21804781255925754, 0.08021532743367082, 0.6309470533693698, 0.07078980653770175], [0.6156042767773063, 0.1417186845569253, 0.13735991612670176, 0.10531712243906659], [0.3370939844458653, 0.11468942168438857, 0.48286824489887414, 0.06534834887087192], [0.4776908563573741, 0.09260361847704612, 0.27218002686565324, 0.15752549819992648], [0.5214552684554815, 0.0964587071270631, 0.20742005825128976, 0.17466596606616558], [0.3546551525841916, 0.22193497419064098, 0.35465655329324974, 0.06875331983191765], [0.5470924580702137, 0.20443180962961324, 0.13199249400340687, 0.11648323819676622], [0.2410566829842911, 0.4793931591347872, 0.11386901290259202, 0.16568114487832972], [0.17833985452932336, 0.3033650528461548, 0.48478570756231376, 0.0335093849622081], [0.16414816553628947, 0.1093454576223115, 0.5056180915802391, 0.22088828516115994], [0.1263952953094771, 0.08552353509690201, 0.6832951648112621, 0.10478600468235882], [0.07368629036822831, 0.7326662894524425, 0.16094891014700902, 0.03269850993232014], [0.0799357026711526, 0.746651498401434, 0.09948338937820272, 0.07392940944921064]], "ideal": "D", "sampled": "C", "correct": false}}
{"type": "result", "data": {"idx": 6, "options": ["enter a particular society.", "set up a particular form of government.", "establish the principles of justice for the basic structure of society.", "establish the content of morality."], "probs": [[0.012177583839684286, 0.007862406833276738, 0.9673959674946018, 0.0125640417324372], [0.0013626106058236174, 0.001280045600107378, 0.0019518503650377526, 0.9954054933290313], [0.0016642361672317375, 0.9922553773467183, 0.0034416496791211866, 0.0026387367069287287], [0.0019766766421621938, 0.9924311068677699, 0.003014149333472772, 0.002578067056595076], [0.001439132651332257, 0.0008136102923387178, 0.0023913251436157037, 0.9953559318127133], [0.006781901314329836, 0.004378722101872065, 0.975561153681525, 0.013278222802273145], [0.004100437928203261, 0.014998683616039924, 0.9724873834326873, 0.008413494923069587], [0.0008664989341309963, 0.0015813126586142032, 0.0017232392372739734, 0.9958289490699808], [0.0016226082809011112, 0.9903786893937855, 0.004695250524397897, 0.003303451700915525], [0.0020113777820895394, 0.9864585760416333, 0.00538281478188955, 0.00614723129438753], [0.0009337537512850689, 0.0007801772102682491, 0.005809947128101968, 0.9924761218103447], [0.005124083478266121, 0.004248012508452368, 0.9688856428801939, 0.021742261033087698], [0.9904484569057646, 0.004342584996257517, 0.0023610294344090055, 0.0028479285635689337], [0.9908233285410531, 0.00424359531543883, 0.002399116898966223, 0.0025339591445417823], [0.9921146729656577, 0.0025175314996506684, 0.0028305320046422802, 0.002537263430049321], [0.9893656052413731, 0.00319852944986191, 0.003198524327587607, 0.004237340881177453], [0.9889016470482105, 0.003247374307827626, 0.005029623093306413, 0.0028213554506554836], [0.9894688027068971, 0.0031492712116053946, 0.003431875921674883, 0.0039500500598226825], [0.0013599566480567184, 0.002277472920464703, 0.002901586851035953, 0.9934609834804426], [0.003501708276049562, 0.016191636632935796, 0.970935671708237, 0.009370983282777585], [0.0007463744426906575, 0.0009002941982623531, 0.003318953893969968, 0.995034377365077], [0.0038443714203547866, 0.004673561795736388, 0.9781683986625909, 0.01331366802131797], [0.0008266747057829325, 0.9956502635861748, 0.002212325546846781, 0.001310736061195475], [0.0008522076617132675, 0.9948208264279199, 0.0022985461982323145, 0.0020284196121345137]], "ideal": "C", "sampled": "C", "correct": true}}
{"type": "result", "data": {"idx": 7, "options": ["modest changes to our personal habits, but not to our society as a whole.", "modest changes to our personal habits, as well as to society.", "drastic changes to our personal habits, but not to our society.", "drastic changes to both our personal habits and to our society."], "probs": [[0.0007164993390288809, 0.023541111336395065, 0.03533917268532122, 0.9404032165392548], [0.0026681665897370353, 0.02632305740102254, 0.9425466403829609, 0.028462135526279554], [0.0015572573111667274, 0.014432206152026733, 0.5720060826799007, 0.4120044537569058], [0.0013313987877038994, 0.009098345017817557, 0.9650309857929227, 0.024539270301555876], [0.00059999019214703, 0.9573248636660748, 0.019560815790685217, 0.022514330251092923], [0.000616696331501995, 0.9316068869521913, 0.02684406572913541, 0.040932350887171336], [0.4852516542206116, 0.045845485194386665, 0.04730124665395464, 0.4216016138310471], [0.45447202767959144, 0.05513323391075761, 0.4269362337736129, 0.06345850453603807], [0.46878020367643947, 0.03449254212906373, 0.04940865708121267, 0.44731859701328414], [0.11302996215155744, 0.031387160875728924, 0.7969435304175674, 0.0586393464551463], [0.08872893734057649, 0.8159376552513621, 0.035294702294941, 0.06003870501312047], [0.04847002918444248, 0.8726820012853672, 0.03331359202271134, 0.04553437740747897], [0.004002725854217302, 0.026929217459892105, 0.7054578924016727, 0.26361016418421795], [0.005778200773313252, 0.021806492936625243, 0.9057691918613122, 0.06664611432874933], [0.0019402576147361946, 0.6388511658563434, 0.10108121485860719, 0.25812736157031324], [0.0043722440005526915, 0.07810700265733587, 0.8800442342674011, 0.037476518974710396], [0.0011830849935984314, 0.9418093560382739, 0.017521714433250443, 0.03948584443487729], [0.0012146419174134005, 0.9594061351742863, 0.021530117263084514, 0.017849105545215772], [0.818701670536951, 0.037697317318796476, 0.04271687432976977, 0.10088413771448276], [0.7062885822290751, 0.039227984769815955, 0.04241573460122487, 0.2120676982998841], [0.8268840065700243, 0.03867367166866544, 0.03412958505022213, 0.10031273661108821], [0.8466205911467954, 0.036053263990450064, 0.030838177753813457, 0.08648796700894097], [0.786498009620899, 0.039773740558216905, 0.030495721377503494, 0.14323252834338063], [0.8201020664684706, 0.04554930126022662, 0.04925074238771707, 0.0850978897835857]], "ideal": "D", "sampled": "D", "correct": true}}
{"type": "result", "data": {"idx": 8, "options": ["knowledge", "wealth", "community", "courage"], "probs": [[0.9720747014161033, 0.010631311837252048, 0.007306801725617484, 0.009987184921027162], [0.9664016572045828, 0.01235672485351365, 0.00849265809582476, 0.012748959746078741], [0.9737896759567045, 0.010988136573254845, 0.00552519820883476, 0.009696989161205928], [0.9722859876604505, 0.011497681049407281, 0.004718655728670442, 0.011497675461471823], [0.9702951554347053, 0.010447329750199432, 0.008136401087794683, 0.01112111362730055], [0.9727472689131218, 0.009099733108954618, 0.005519282087651284, 0.012633715790272329], [0.002314527113510518, 0.9862286704671637, 0.0064407695826608465, 0.00501603273666494], [0.003700079987436185, 0.978945824901023, 0.009015857547624717, 0.008338237463916051], [0.003691493378473843, 0.010352958490145605, 0.9766752309582615, 0.00928031707311912], [0.0004291225370943197, 0.0012416812910296864, 0.00211217674961923, 0.9962170193222567], [0.004351293709895192, 0.013613883010938247, 0.9694440612467028, 0.012590761932463808], [0.00042950044698181666, 0.0011858733698552784, 0.001282239185742477, 0.9971023868974204], [0.0013699156922930013, 0.9929531379773288, 0.0026613129740138994, 0.003015633256364324], [0.001652256381898617, 0.992847162073003, 0.0021889084403908144, 0.0033116730047075067], [0.005746285259259742, 0.018261441414871314, 0.9663691827770537, 0.009623090448815222], [0.0008259141703663014, 0.0019812321388966666, 0.0024656905563558706, 0.9947271630343811], [0.002680387504935831, 0.015424384707659534, 0.9693062277158851, 0.01258899997151947], [0.000832448416800922, 0.002624881950972243, 0.0017485559042482888, 0.9947941136279785], [0.002363685748345772, 0.9838461267431757, 0.0070566879496177974, 0.006733499458860719], [0.002058848496525923, 0.9863575056278077, 0.006243410026350451, 0.0053402357493159145], [0.02089349646719179, 0.017871026481975732, 0.9457088784133398, 0.015526598537492596], [0.0014258287070450858, 0.0019488490754986918, 0.0027483229891132064, 0.993876999128343], [0.004509272682339128, 0.009696370270867087, 0.9737270416571757, 0.012067315289618057], [0.0026582743060712443, 0.0024203472072767207, 0.0031077925611079737, 0.991813585825544]], "ideal": "A", "sampled": "A", "correct": true}}
{"type": "result", "data": {"idx": 9, "options": ["perform the action that leads to the greatest total happiness.", "act only on maxims that we can will to become universal laws.", "behave only in such a way as a perfectly virtuous person would behave.", "place the interests of others above the interests of ourselves."], "probs": [[0.0011088421011959419, 0.8826964014699997, 0.0930362132199926, 0.023158543108811748], [0.0007076470606811843, 0.9287622350327546, 0.03278957019002448, 0.03774054761653975], [0.0031740674672333575, 0.3785088967583236, 0.41571405360344443, 0.20260298207099864], [0.0014088010454969629, 0.06579030214878977, 0.02458413470333193, 0.9082167620023813], [0.0013538601186776943, 0.009179767115565188, 0.8135287668061635, 0.17593760585959364], [0.0014216170471667614, 0.005159510532859357, 0.11205242069572133, 0.8813664516242525], [0.794143733324627, 0.03079219523214263, 0.11088731842538742, 0.064176752917843], [0.7882010011021433, 0.024176347023979163, 0.10835109868657539, 0.0792715530873021], [0.9336583187342543, 0.030012324942437493, 0.013317993232969495, 0.023011362990338714], [0.9545953783622251, 0.013616549497282455, 0.026660011444528425, 0.005128060595964009], [0.9156219157639517, 0.04150652792247627, 0.014344393884944105, 0.028527162328627915], [0.9629869010951344, 0.014622157740010964, 0.01709512515902195, 0.005295815905832737], [0.008738747333132742, 0.015947730363595293, 0.7928009207595337, 0.1825126014437383], [0.0019625012191350007, 0.0016017350025016501, 0.011118230210077927, 0.9853175334682854], [0.006837363335074628, 0.9532657834122391, 0.016402084332921157, 0.02349476881976515], [0.003308768420806103, 0.9614487396871206, 0.0299551043251947, 0.005287387466878556], [0.0031162724433441615, 0.0043264761816477135, 0.0057766363674985055, 0.9867806149075096], [0.005414758583050963, 0.02644460992832288, 0.9468917292199753, 0.02124890216865085], [0.004043342809422881, 0.008104118113927085, 0.770518324053414, 0.21733421492323599], [0.003511687138944789, 0.0029803066290889557, 0.057119788251254335, 0.9363882178807119], [0.0031593877886776887, 0.9546135716755607, 0.02012460936814357, 0.022102431067618052], [0.0019022236363984472, 0.9625392926045213, 0.027735383529374772, 0.00782310012970549], [0.005374486692747157, 0.014495536116718341, 0.010440822020900548, 0.9696891550696339], [0.008045544382475655, 0.08994178698766211, 0.8667907809521077, 0.03522188757775449]], "ideal": "B", "sampled": "B", "correct": true}}
{"type": "result", "data": {"idx": 10, "options": ["maximizing the utility of all sentient beings.", "God\u2019s commands.", "the agreement of rational persons choosing the terms of their interaction.", "the purposive order of nature."], "probs": [[0.003580753643007041, 0.02060565004289287, 0.9623001057867798, 0.013513490427320293], [0.0012721109486088184, 0.0026306581848611426, 0.006876952544962089, 0.9892202782215679], [0.0006909221291018216, 0.9881929583962298, 0.006206477884681656, 0.004909641489986762], [0.0005932681871297292, 0.9920250027413284, 0.004248873732081327, 0.003132855239460544], [0.0011243945988537115, 0.002985590388842076, 0.005118536328897366, 0.9907714785834069], [0.0038084434142703918, 0.0181688691522155, 0.9614797787660059, 0.016542908567508202], [0.0062412750389564476, 0.02212709990532867, 0.9556941219383688, 0.015937503017346154], [0.0017216088943086253, 0.0032415934525595125, 0.007898666252387616, 0.9871381313007442], [0.001036750268898053, 0.9877687690504529, 0.006655747535129428, 0.004538733045519623], [0.00130707816105349, 0.9851324197997423, 0.007882841097519506, 0.005677660841684724], [0.0017906509155861995, 0.003732012876349964, 0.007082153223116104, 0.9873951828849478], [0.00673965547321619, 0.030441742466754, 0.9470256574168535, 0.01579294454317628], [0.9287652200178899, 0.0349039153256864, 0.015488737968062116, 0.020842126588361615], [0.9482727292776939, 0.02607263296293151, 0.009591735815801656, 0.016062901843572907], [0.9212893337050676, 0.04515678399027702, 0.014433228553373858, 0.01912065365128147], [0.9188829072008082, 0.04946548123299532, 0.01373632160226013, 0.017915289863936278], [0.9437795528224665, 0.029404162261301957, 0.010322014791709466, 0.01649427002452208], [0.922372484325795, 0.03989759563733703, 0.01637419914521222, 0.02135572079165571], [0.001133691109419313, 0.002635890048705203, 0.005041307551216024, 0.9911891111906594], [0.004622894634398894, 0.013801300389102409, 0.9675572157628828, 0.014018589113615915], [0.001409665139474031, 0.0023792505839355252, 0.005888726709244357, 0.9903223574673461], [0.004983743258484542, 0.017394881944873285, 0.9646946330081518, 0.012926741688490378], [0.0008421719607697586, 0.9908101638436332, 0.004660773128533101, 0.003686890967063996], [0.000934987436887205, 0.9860368281635647, 0.007072582311152464, 0.005955601988395539]], "ideal": "C", "sampled": "C", "correct": true}}
{"type": "result", "data": {"idx": 11, "options": ["religion.", "physics.", "psychology.", "art."], "probs": [[0.9713114640557255, 0.017514596803123963, 0.009015757167702674, 0.0021581818734478465], [0.9510502461826089, 0.03574181066738632, 0.007093324972600487, 0.0061146180774042805], [0.982412005157837, 0.011800601872471814, 0.004514147092462836, 0.0012732457772283853], [0.968850696961735, 0.02350870021056852, 0.005084190647368629, 0.002556412080327831], [0.9666632767734309, 0.017430683949100585, 0.008696536710754318, 0.007209502466714155], [0.9729232415609809, 0.016225214426428117, 0.008032081341205376, 0.0028194625713855934], [0.24109365119152956, 0.6553670974834853, 0.08800595481523804, 0.015533296409747053], [0.09692365278019772, 0.7743646184399817, 0.03766235181951202, 0.09104937686030852], [0.0702550743443606, 0.13125506780456744, 0.7915878437760766, 0.006902013974995392], [0.07325559935644402, 0.5006122644558496, 0.03626530285113461, 0.38986683323657173], [0.018742673568464544, 0.020908562990171985, 0.9464208720733807, 0.01392789126798284], [0.15774305868402988, 0.13283278640518983, 0.14139830206701157, 0.5680258527437687], [0.18308461723287792, 0.7952886611656509, 0.01689778224103871, 0.004728939260432436], [0.136840463954998, 0.8382522262335066, 0.016090769359655654, 0.008816540351839696], [0.14638209436922986, 0.07835384508600807, 0.76700586572912, 0.00825819471564204], [0.24977768675968803, 0.26588964162466544, 0.0527678088854257, 0.4315648626302208], [0.018408682772305025, 0.017565726005178358, 0.9590710326719033, 0.004954558450613287], [0.4372255086814758, 0.17122190400527693, 0.06152949361194953, 0.3300230936012977], [0.003538960429104926, 0.9889523530706267, 0.004336339688909933, 0.003172346711358412], [0.0040747368335749415, 0.9892946761198645, 0.004581649641121318, 0.002048937305439165], [0.0180633877705043, 0.03270838602138049, 0.9410865980897493, 0.008141628018365937], [0.09711394783637914, 0.13910796213238502, 0.04623303344419689, 0.7175450564870389], [0.015989124520186394, 0.0360320838015393, 0.9439361541082439, 0.004042637470030308], [0.17068719580201383, 0.3786876767311265, 0.04118106432756326, 0.40944406303929637]], "ideal": "C", "sampled": "A", "correct": false}}
{"type": "result", "data": {"idx": 12, "options": ["duty.", "justice.", "virtue.", "supererogation."], "probs": [[0.5079882182268062, 0.06663239796264524, 0.1928074970112717, 0.23257188669927686], [0.5571334112414853, 0.06058449771761792, 0.11496924838901623, 0.2673128425518806], [0.548529219912182, 0.09681938804059234, 0.12239163641283063, 0.23225975553439504], [0.5815610548970159, 0.08780154977463817, 0.18587636286589046, 0.14476103236245547], [0.5892039094441051, 0.08099459322090435, 0.051483531888584504, 0.27831796534640607], [0.48583371166249123, 0.06273864302512423, 0.19938299354977843, 0.25204465166260615], [0.5199121468700076, 0.09617279898931075, 0.24177994912441506, 0.14213510491626652], [0.5681175931071437, 0.09568526912185639, 0.1459031784729857, 0.19029395919801415], [0.4412036007380893, 0.07548011206051072, 0.38332108230514317, 0.09999520479625684], [0.49398988480396405, 0.1019393056529149, 0.26031231877584865, 0.1437584906672724], [0.4876551961981505, 0.09602364223252859, 0.21303807355596666, 0.20328308791335425], [0.3768250317731299, 0.09091214021941764, 0.32738780728144995, 0.2048750206260025], [0.24067262764835257, 0.5595708959831065, 0.0806148108621953, 0.11914166540634566], [0.30006208118590944, 0.5104168500861667, 0.13737804776909912, 0.05214302085882474], [0.23421992533710806, 0.23790431197517525, 0.43757632696407495, 0.09029943562364173], [0.27505966813302446, 0.32157239075088156, 0.2793888726596626, 0.12397906835643137], [0.2892561217188174, 0.17004258959165813, 0.4143355560784456, 0.12636573251107885], [0.30096812174321025, 0.4311097722482875, 0.12351628851833668, 0.1444058173901655], [0.3054015820390959, 0.357044802680491, 0.11411874315049207, 0.22343487202992102], [0.3991271435425123, 0.24589199924507504, 0.22741327704062592, 0.12756758007178676], [0.27172127363348764, 0.23241169748366344, 0.31766951080960265, 0.17819751797324623], [0.2928306925228651, 0.1920402709035639, 0.37016828189806633, 0.14496075457550467], [0.20743356179382794, 0.11102989066705189, 0.5909164415249193, 0.09062010591420085], [0.34459997659754005, 0.22599101544187, 0.29017920982114986, 0.13922979803944008]], "ideal": "B", "sampled": "A", "correct": false}}
{"type": "result", "data": {"idx": 13, "options": ["one and the same thing", "both nonexistent", "two distinct things", "imaginary"], "probs": [[0.8065807558253295, 0.022880870279971485, 0.14461104525142662, 0.025927328543272447], [0.8825296104832788, 0.022441540932769892, 0.0467720874115135, 0.048256761072437745], [0.9061331072934494, 0.04954744878307356, 0.02233290505685808, 0.02198653876661892], [0.905873594890335, 0.04510054728477846, 0.03051661880285485, 0.018509238922031695], [0.8925010793788346, 0.028689295798744813, 0.03150906495644763, 0.04730055976597296], [0.8345970722925675, 0.027250503032585898, 0.11294986655438154, 0.02520255802046501], [0.027203691765877735, 0.35833677178696643, 0.5816454214924112, 0.03281411485474464], [0.01693276858781853, 0.790761046118552, 0.046028505577494085, 0.14627767961613533], [0.03793983745604426, 0.35438137243020434, 0.57522687544287, 0.0324519145708814], [0.01884614352664764, 0.6048918523565141, 0.04737965885693496, 0.32888234515990333], [0.024877481901467054, 0.03347606311332393, 0.7984865544976973, 0.14315990038751172], [0.0271120997151571, 0.028412864889824915, 0.23421221489290048, 0.7102628204021175], [0.1657284178417243, 0.7783831851734381, 0.02663550863437626, 0.029252888250461368], [0.12955536308954468, 0.8061177954980895, 0.035418995710803924, 0.02890784560156186], [0.41852486908953507, 0.07503650476473674, 0.4668968704415529, 0.03954175560417524], [0.2655135144309709, 0.03271724344308663, 0.05479156699958084, 0.6469776750263616], [0.2405194848341821, 0.09272795569237804, 0.6336890222359424, 0.03306353713749754], [0.4520059030499383, 0.06410692774847414, 0.03888344106173842, 0.4450037280398491], [0.013173495283049586, 0.9380763672110017, 0.021719744204311327, 0.02703039320163737], [0.010364542588729469, 0.8972434888030345, 0.0702780402068416, 0.02211392830139442], [0.03638417036408567, 0.05461834946541989, 0.5691427203869425, 0.339854759683552], [0.041606564380587116, 0.054264206838130095, 0.2112941906486321, 0.6928350380326507], [0.041208635397476226, 0.2060294120399348, 0.719128180683342, 0.03363377177924686], [0.03375040530357245, 0.6076547797143479, 0.0433370119415888, 0.3152578029404908]], "ideal": "A", "sampled": "A", "correct": true}}
{"type": "result", "data": {"idx": 14, "options": ["rational", "artificial", "constitutional", "fair"], "probs": [[0.008461482345286545, 0.006387040589841307, 0.007125380512466093, 0.978026096452406], [0.059139072703920145, 0.04980001268801453, 0.8827384721774469, 0.008322442330618369], [0.010120779347397657, 0.004633630619369567, 0.015432504603550478, 0.9698130853296822], [0.028948760603213487, 0.025949475462484668, 0.9147637195883426, 0.030338044245959234], [0.016023950373601503, 0.9608637524031556, 0.015775928000408602, 0.007336369122834349], [0.02003332979789214, 0.9502942000507747, 0.012536890850217476, 0.017135579201115667], [0.003343509477061664, 0.13779471147667116, 0.014752491327248077, 0.844109287619019], [0.013382180620907812, 0.6549433938789343, 0.3242260747874102, 0.0074483506127477036], [0.005236341246912635, 0.009190013798157218, 0.04815260407869279, 0.9374210407762373], [0.019549630871689847, 0.023952691238998583, 0.9419696470446616, 0.014528030744649988], [0.007268477702967851, 0.9745581158156653, 0.013059359054693133, 0.005114047326673689], [0.00814571867516755, 0.9714042949454915, 0.010624306067590412, 0.009825680211750502], [0.007681872784976702, 0.03336841077038602, 0.0428465770054181, 0.9161031393392192], [0.011983652648771832, 0.12883618038496952, 0.8271102390223096, 0.032069927843948985], [0.007224354016698643, 0.015779369716725177, 0.07411286023984558, 0.9028834159267306], [0.012703743631853504, 0.04503858042856644, 0.9188920164420479, 0.02336565939753212], [0.005049908824779202, 0.9327339471591201, 0.03616667374824212, 0.026049470167858628], [0.006045398217318493, 0.9329575168951058, 0.03973104003795265, 0.021266044749623077], [0.938226765893362, 0.040583636891115125, 0.013383294547849976, 0.007806302567672984], [0.9442272343623495, 0.027207443944004005, 0.007042385755113114, 0.021522935838533413], [0.9408836048163928, 0.04332322383456991, 0.008665348660536783, 0.007127822588500547], [0.9406364862102983, 0.041328355484394654, 0.007585661233627126, 0.010449496971679899], [0.9086066880202018, 0.025775149068206923, 0.01515264676327277, 0.05046551604831852], [0.9162286792145469, 0.03443288905374263, 0.02640112009085812, 0.02293731154085239]], "ideal": "D", "sampled": "D", "correct": true}}
{"type": "result", "data": {"idx": 15, "options": ["a mind", "absolute existence", "material substance", "a material universe"], "probs": [[0.9785274242563793, 0.009011931145769574, 0.0041259859865437525, 0.008334658511307365], [0.9753727112547229, 0.010835411069281755, 0.004377927271902862, 0.009413950304092427], [0.9739090541452727, 0.010323711728894904, 0.006069020018407522, 0.009698214007424847], [0.9791561595430761, 0.008340027803092622, 0.004293097954071233, 0.00821071459976006], [0.9540760248884277, 0.01949420265778184, 0.010765762438231376, 0.015664009915559045], [0.973693681686134, 0.01048395953848125, 0.005973604952215203, 0.009848753723169486], [0.0013040559701014956, 0.9905779812332731, 0.003079804408813496, 0.005038158287811885], [0.0013855155289055193, 0.9886902252557722, 0.004136426989315139, 0.005787832126007153], [0.005626056423969363, 0.006893171561978767, 0.9610565442528425, 0.02642422766120941], [0.002207388414763522, 0.0025406828866539255, 0.0018016248302134554, 0.9934503037683691], [0.0034576648210624937, 0.009621746118630602, 0.9662305925453346, 0.020689996414972323], [0.0023872797221862322, 0.002277952925752624, 0.0016665959806664939, 0.9936681712713946], [0.0019121630530406475, 0.9828129745048391, 0.005936124923977371, 0.009338737418142886], [0.0017652881764728579, 0.9810479759371618, 0.006457214777075072, 0.010729521009290276], [0.0035538692814955355, 0.01891408281458674, 0.9550709965758878, 0.022461051228029973], [0.005370060960783906, 0.0577332928525945, 0.00512418856060137, 0.9317724575260202], [0.0032617481943370513, 0.01847893721289019, 0.9477926968625096, 0.03046661763026317], [0.00240767313245223, 0.006544703214752354, 0.00442839060654, 0.9866192329462554], [0.002103071940900027, 0.9765432105069877, 0.008061953073989313, 0.013291764378122963], [0.0013760206623629574, 0.9819128087122201, 0.004916728726443075, 0.011794441798973864], [0.005985430362955415, 0.03471364305249494, 0.938246012765313, 0.021054913719236616], [0.004704149294884847, 0.0505741185747308, 0.005247893581405304, 0.939473838448979], [0.006001280052064751, 0.02526618134192084, 0.948110876162913, 0.020621662343101407], [0.002649687537184095, 0.00526950755856877, 0.003455846899472492, 0.9886249579047747]], "ideal": "A", "sampled": "A", "correct": true}}
{"type": "result", "data": {"idx": 16, "options": ["duty and charity.", "egoism and altruism.", "rights and privileges.", "positive and negative rights."], "probs": [[0.013868212418041129, 0.9722358500533724, 0.003589773494155895, 0.010306163934430542], [0.03148439303394921, 0.9493168515618771, 0.007248412303945397, 0.011950343000228306], [0.05100141325368827, 0.014162635144263898, 0.9182781399200014, 0.016557811582046455], [0.22832704824643732, 0.014370133001456143, 0.042901866582632425, 0.7144009520694741], [0.21833090853724343, 0.029089749229084985, 0.7386218526367929, 0.013957489496878724], [0.1440134193440963, 0.02174264147784959, 0.01830960615606878, 0.8159343329219854], [0.9834518310716063, 0.010755777877570209, 0.0013782109099875267, 0.004414180040835981], [0.9841602957495159, 0.009063813209817376, 0.002658459640097373, 0.004117431300569305], [0.979797751608276, 0.0035337110691548504, 0.010066717247172074, 0.006601819975397139], [0.9886923272358897, 0.002588490757593718, 0.0031963887042858793, 0.005522793202230662], [0.9758440391466767, 0.007109489390513827, 0.011721708974397765, 0.005324762388411624], [0.9849894586804331, 0.005856977276717544, 0.003110664413312458, 0.006042899529536954], [0.0016483159272327017, 0.044203598058134855, 0.9304875136657725, 0.0236605722488599], [0.0032282839300494977, 0.104429005836667, 0.3941189320774654, 0.4982237780558181], [0.0031987323389181606, 0.8800117831354142, 0.03989352595759547, 0.07689595846807216], [0.002832344814710448, 0.93259860063772, 0.02485358768558453, 0.039715466761984966], [0.001189216292430214, 0.010434906079554596, 0.01919286914259404, 0.9691830083854212], [0.005153760776733737, 0.07573366905935232, 0.8533137435854592, 0.06579882647845474], [0.009243642972223024, 0.0598070565174013, 0.906784925905389, 0.024164374504986725], [0.005033243068097677, 0.03521155998821654, 0.022734819369533123, 0.9370203774741527], [0.017943041330483942, 0.9203046525083151, 0.03352337317756094, 0.028228932883640014], [0.006664888041534218, 0.9077047797669429, 0.01883954511340712, 0.06679078697811583], [0.0030970273366309605, 0.010314667694845996, 0.043426629566084646, 0.9431616753024384], [0.011263087915205425, 0.029214351864141157, 0.9231647085948953, 0.03635785152575809]], "ideal": "A", "sampled": "B", "correct": false}}
