{"type": "result", "data": {"idx": 0, "options": ["k = 0 and n = 1", "k = 1 and n = 0", "k = n = 1", "k > 1"], "probs": [[0.10782900130180074, 0.22125066155215933, 0.4986013621010068, 0.17231897494503315], [0.08597085792652069, 0.3852935770689434, 0.41660463992481434, 0.1121309249797216], [0.051060691201518606, 0.5489555763348825, 0.26753912260568413, 0.1324446097579148], [0.18717621081600513, 0.44205414272410526, 0.20557565637180905, 0.1651939899880806]], "ideal": "B", "sampled": "D", "correct": false}}
{"type": "result", "data": {"idx": 1, "options": ["0", "1", "2", "3"], "probs": [[0.014830358401894351, 0.23934441939596385, 0.6506172860275976, 0.09520793607454417], [0.07026731548397515, 0.45819571858856417, 0.373975999676977, 0.09756096615048371], [0.2056677772966906, 0.4707787001349227, 0.24045309242844284, 0.08310043003994387], [0.23503884756710372, 0.18304770920405208, 0.48986825646638427, 0.0920451866624599]], "ideal": "D", "sampled": "C", "correct": false}}
{"type": "result", "data": {"idx": 2, "options": ["n = 1 and r = 6", "n = 1 and r = 7", "n = 2 and r = 5", "n = 2 and r = 6"], "probs": [[0.11277143308861387, 0.49756957236615784, 0.3212581263432838, 0.06840086810194443], [0.1334780275655866, 0.4959310479875697, 0.305537246758397, 0.06505367758844667], [0.14337902303763267, 0.4775256095917434, 0.30353717143544445, 0.07555819583517949], [0.1636445001955077, 0.43114701961972657, 0.3254513296702794, 0.07975715041448635]], "ideal": "D", "sampled": "C", "correct": false}}
{"type": "result", "data": {"idx": 3, "options": ["4", "8", "16", "2sqrt(2)"], "probs": [[0.1934634985294147, 0.5097078528577641, 0.15304523248795368, 0.1437834160248675], [0.06665632277153045, 0.44845055500100806, 0.42128681345957386, 0.06360630866788765], [0.07144824733924164, 0.5362543143538236, 0.22354680455196774, 0.16875063365496693], [0.5377045613771068, 0.1773171984018108, 0.2500615874094309, 0.03491665271165151]], "ideal": "A", "sampled": "D", "correct": false}}
{"type": "result", "data": {"idx": 4, "options": ["2/69", "1/30", "2/23", "12/125"], "probs": [[0.11411418637109627, 0.5194758714274608, 0.32508024206769826, 0.041329700033744664], [0.08384575720614518, 0.5911681741001567, 0.2749188306536045, 0.05006723794009367], [0.11026230869793034, 0.30444191976000495, 0.4715311088230221, 0.11376466261904258], [0.08111510988746555, 0.5289340496517615, 0.29210608541787536, 0.0978447549428976]], "ideal": "C", "sampled": "A", "correct": false}}
{"type": "result", "data": {"idx": 5, "options": ["(S, +, x) is closed under addition modulo 10.", "(S, +, x) is closed under multiplication modulo 10.", "(S, +, x) has an identity under addition modulo 10.", "(S, +, x) has no identity under multiplication modulo 10."], "probs": [[0.04362825627604162, 0.2550226421210407, 0.38886534729214545, 0.31248375421077224], [0.06178205533018273, 0.16277299031459436, 0.6961121817374808, 0.07933277251774216], [0.04181645436317695, 0.6340033440548958, 0.2157108590645676, 0.10846934241735964], [0.3567174970746951, 0.3917816280926883, 0.2001076787510082, 0.05139319598160842]], "ideal": "D", "sampled": "D", "correct": true}}
{"type": "result", "data": {"idx": 6, "options": ["12*sqrt(2)", "6*sqrt(2)", "4*sqrt(2)", "1/(2*sqrt(2))"], "probs": [[0.30061783599706554, 0.4656105217644114, 0.1823403042507291, 0.05143133788779391], [0.363121677465573, 0.4245360416625013, 0.18839120355404826, 0.023951077217877467], [0.3229453181129462, 0.5324520925378146, 0.11161074495214506, 0.03299184429709417], [0.34418442200809257, 0.4631547543100771, 0.1625856577705865, 0.030075165811243827]], "ideal": "C", "sampled": "D", "correct": false}}
{"type": "result", "data": {"idx": 7, "options": ["0", "10%", "25%", "50%"], "probs": [[0.044111051372491904, 0.25783410278931107, 0.5208426045208017, 0.17721224121739532], [0.03182918962454342, 0.0684427174426819, 0.6493655466732915, 0.2503625461594832], [0.0761885833099062, 0.20073002713497975, 0.6087067457020425, 0.11437464375307156], [0.07415840939789929, 0.16197166207239805, 0.6209216852071224, 0.14294824322258018]], "ideal": "C", "sampled": "D", "correct": false}}
{"type": "result", "data": {"idx": 8, "options": ["None", "I only", "II only", "III only"], "probs": [[0.1838539513187442, 0.3031271054571665, 0.20510582318183385, 0.30791311994225545], [0.18125610051726715, 0.26788115498724996, 0.31811684366859727, 0.2327459007268856], [0.2325068840160183, 0.33305291328114606, 0.3080242345053965, 0.12641596809743913], [0.2440528567816856, 0.3284107046043708, 0.25979466792099504, 0.1677417705929486]], "ideal": "C", "sampled": "D", "correct": false}}
{"type": "result", "data": {"idx": 9, "options": ["Every compact space is complete", "Every complete space is compact", "Neither (a) nor (b).", " Both (a) and (b)."], "probs": [[0.020267341132913792, 0.11663729609397966, 0.014598276355905748, 0.8484970863172008], [0.08143702512628676, 0.18352340980378723, 0.5652999534026711, 0.16973961156725484], [0.036113434343454216, 0.5649282461941421, 0.26684907672528657, 0.13210924263711712], [0.04200888581186976, 0.38032071215286095, 0.4377517564809574, 0.1399186454543119]], "ideal": "A", "sampled": "D", "correct": false}}
{"type": "result", "data": {"idx": 10, "options": ["10", "20", "25", "45"], "probs": [[0.9375930787849367, 0.034151881071023814, 0.02459874873346883, 0.003656291310570709], [0.12383907663063372, 0.1978947014046095, 0.5379340487796349, 0.14033217308512183], [0.13735174849956622, 0.052953752530116194, 0.8028561307591936, 0.006838368111123924], [0.02342373888728195, 0.9653602712100218, 0.008095068251249912, 0.003120921551446374]], "ideal": "D", "sampled": "A", "correct": false}}
{"type": "result", "data": {"idx": 11, "options": ["1/64", "15/64", "1/4", "3/8"], "probs": [[0.11490792437513198, 0.44049211019366513, 0.32227464546692314, 0.12232531986427976], [0.16468343627842816, 0.5484876199557543, 0.21817555181513656, 0.06865339185068099], [0.22181555296027464, 0.532115987901584, 0.19883900582532002, 0.04722945321282141], [0.21126925386983225, 0.4009239582911687, 0.2798945036352781, 0.10791228410372088]], "ideal": "B", "sampled": "C", "correct": false}}
{"type": "result", "data": {"idx": 12, "options": ["0", "1", "2", "3"], "probs": [[0.456489978474588, 0.32370149965438694, 0.17599923841385662, 0.04380928335716844], [0.4974049255141176, 0.2540536484754298, 0.1801601621304572, 0.0683812637799954], [0.49375719562833975, 0.23323662924276894, 0.22256400020525452, 0.050442174823636755], [0.5024833494467484, 0.23005703484669038, 0.21612561028063987, 0.05133400532592137]], "ideal": "A", "sampled": "B", "correct": false}}
{"type": "result", "data": {"idx": 13, "options": ["4", "7", "10", "13"], "probs": [[0.10248652252255003, 0.352135812487791, 0.41171047700863384, 0.1336671878810251], [0.10142417920540667, 0.30277317533763554, 0.43372362524610036, 0.16207902011085742], [0.0480827305846397, 0.2810385462128544, 0.5250670195948453, 0.14581170350766062], [0.09140008755157393, 0.5342292228867033, 0.2815302035044996, 0.09284048595722319]], "ideal": "B", "sampled": "A", "correct": false}}
{"type": "result", "data": {"idx": 14, "options": ["0.64", "0.72", "0.81", "0.95"], "probs": [[0.1907750516939123, 0.3348199426793018, 0.33482429381837, 0.13958071170841588], [0.2105086625977749, 0.29226270750614053, 0.3525409750666486, 0.14468765472943593], [0.14633892874901433, 0.3736854214826991, 0.4040545519741725, 0.07592109769411405], [0.11409246025320811, 0.5113254455656947, 0.2531270516551431, 0.12145504242595401]], "ideal": "D", "sampled": "A", "correct": false}}
{"type": "result", "data": {"idx": 15, "options": ["I only", "II only", "III only", "I and II only"], "probs": [[0.19213357220955046, 0.400445723520153, 0.1568162385554996, 0.25060446561479693], [0.1967180161004349, 0.30948217103436015, 0.3851587646140387, 0.10864104815116624], [0.11551654824539959, 0.6647566407681097, 0.15789372864514292, 0.06183308224134776], [0.23130123831927213, 0.5636052614692688, 0.11999912827005076, 0.08509437184140829]], "ideal": "D", "sampled": "D", "correct": true}}
{"type": "result", "data": {"idx": 16, "options": ["I only", "II only", "III only", "I and II only"], "probs": [[0.23064173296656293, 0.33558391041308144, 0.18824613933973192, 0.2455282171806237], [0.1397320797859781, 0.2822672766502651, 0.4171660604233519, 0.16083458304040493], [0.12347278264569778, 0.45164424897748884, 0.2782514025049716, 0.14663156577184178], [0.19260912270665248, 0.5486926190590847, 0.12631697386803298, 0.13238128426622975]], "ideal": "B", "sampled": "D", "correct": false}}
{"type": "result", "data": {"idx": 17, "options": ["-1/4", "-1/(4sqrt(2))", "0", "sqrt(2)"], "probs": [[0.23731204334556102, 0.5347933649155648, 0.15084814686649226, 0.07704644477238183], [0.5895764256089427, 0.14003743363644042, 0.23088625815048622, 0.03949988250413067], [0.06647537697541088, 0.506781939416975, 0.31714037293854197, 0.10960231056907216], [0.28181672093434273, 0.42972147460454985, 0.21608258781656464, 0.07237921654454278]], "ideal": "C", "sampled": "B", "correct": false}}
{"type": "result", "data": {"idx": 18, "options": ["I and II only", "III only", "I and III only", "I, II, and III"], "probs": [[0.10595870840949233, 0.3641003993094975, 0.2835643312317013, 0.2463765609493088], [0.03613970132155885, 0.20156998768467238, 0.6609317714041445, 0.10135853948962431], [0.06603679601489325, 0.6989596462188276, 0.17672535733585776, 0.05827820033042138], [0.30567936947569546, 0.39868368209325183, 0.18832709681866194, 0.10730985151239078]], "ideal": "D", "sampled": "D", "correct": true}}
{"type": "result", "data": {"idx": 19, "options": ["3", "e", "sqrt(5)", "0"], "probs": [[0.09169366886523098, 0.5034986100326743, 0.31020211939241304, 0.09460560160968172], [0.2869448789791611, 0.38612805539060985, 0.25323252019283393, 0.07369454533739507], [0.17451932054560573, 0.4121603492134025, 0.3416971367761669, 0.07162319336482482], [0.06128622712271795, 0.3582326324650079, 0.47458697396071137, 0.10589416635156272]], "ideal": "A", "sampled": "B", "correct": false}}
{"type": "result", "data": {"idx": 20, "options": ["I only", "II only", "III only", "I, II, and III"], "probs": [[0.13725531508906968, 0.2860717262360999, 0.20929629232269556, 0.3673766662521349], [0.05042592939595839, 0.1482097396012012, 0.718223411620722, 0.08314091928211838], [0.0689140229343691, 0.5953367085754072, 0.20898677962477766, 0.12676248876544602], [0.34474683729855854, 0.4224005983406741, 0.14149182190124954, 0.0913607423595178]], "ideal": "D", "sampled": "D", "correct": true}}
{"type": "result", "data": {"idx": 21, "options": ["None", "One", "Four", "Five"], "probs": [[0.012696954384954471, 0.15959022893020272, 0.6411312203926643, 0.18658159619217846], [0.026323282647276736, 0.5124494943030973, 0.3749157723144254, 0.08631145063520061], [0.2896704954045158, 0.34399131288580664, 0.2942329035779731, 0.07210528803170445], [0.0869979012820179, 0.19913957417584133, 0.6038857517864687, 0.10997677265567203]], "ideal": "D", "sampled": "C", "correct": false}}
{"type": "result", "data": {"idx": 22, "options": ["I only", "II only", "III only", "I and II only"], "probs": [[0.13330925999738838, 0.35675728317507865, 0.2232532053962614, 0.28668025133127156], [0.1204823774266387, 0.4140067346878139, 0.3224297953777819, 0.1430810924077655], [0.12153394700167099, 0.41761986039306614, 0.26963732045632327, 0.19120887204893963], [0.18718264158362022, 0.43521518545499094, 0.18142577192940051, 0.19617640093198835]], "ideal": "B", "sampled": "D", "correct": false}}
{"type": "result", "data": {"idx": 23, "options": ["2/81", "1/18", "2/27", "1/9"], "probs": [[0.13133430577495372, 0.41738152810766943, 0.33537790425774855, 0.11590626175962832], [0.09186548807198175, 0.5204566159357963, 0.27858114447327026, 0.10909675141895174], [0.11234684044549725, 0.570547606167405, 0.21319877562173567, 0.10390677766536216], [0.11381338874791545, 0.5100796374192266, 0.24094495892931467, 0.13516201480354328]], "ideal": "A", "sampled": "C", "correct": false}}
{"type": "result", "data": {"idx": 24, "options": ["True, True", "True, False", "False, True", "False, False"], "probs": [[0.22022304825692188, 0.5712162872774111, 0.1537420021533634, 0.05481866221230357], [0.2941281860950353, 0.5409886361338562, 0.08694538667551577, 0.0779377909955927], [0.2987610697447516, 0.36037394400807576, 0.3034702837163723, 0.03739470243080032], [0.15768320386969145, 0.5090082135583114, 0.2599778991684246, 0.07333068330357252]], "ideal": "B", "sampled": "B", "correct": true}}
{"type": "result", "data": {"idx": 25, "options": ["I and II only", "I and III only", "II and III only", "III only"], "probs": [[0.09199429910463598, 0.1692049924978538, 0.07992686211372552, 0.6588738461837846], [0.10686397204462854, 0.15793614676267617, 0.14836703792098047, 0.5868328431717148], [0.12535276451591543, 0.37423550886908313, 0.13767365645534352, 0.3627380700596579], [0.13701322612424346, 0.15770246241776517, 0.11009396269796656, 0.5951903486600247]], "ideal": "D", "sampled": "D", "correct": true}}
{"type": "result", "data": {"idx": 26, "options": ["9/2 days", "5 days", "41/8 days", "36/7 days"], "probs": [[0.2353003051112571, 0.3879474198755705, 0.29284690280363823, 0.08390537210953412], [0.16047086776504768, 0.45005699689995804, 0.21594415399920106, 0.17352798123579322], [0.16250813611119638, 0.29889885701598623, 0.421530858442162, 0.1170621483306554], [0.23754937693221348, 0.3737205163466008, 0.2865507155806496, 0.10217939104053608]], "ideal": "D", "sampled": "A", "correct": false}}
{"type": "result", "data": {"idx": 27, "options": ["1/2", "1", "sqrt(2)", "pi"], "probs": [[0.13438893452763948, 0.4546322984648409, 0.3540742887478362, 0.05690447815968341], [0.03322404647453219, 0.8176251113910312, 0.12736196909586, 0.021788872938576547], [0.6193068615186981, 0.19794343800188663, 0.1615580622680254, 0.02119163811138985], [0.11817083469206624, 0.7016151217165038, 0.12777562518852084, 0.05243841830290918]], "ideal": "A", "sampled": "C", "correct": false}}
{"type": "result", "data": {"idx": 28, "options": ["f has all of its relative extrema on the line x = y.", "f has all of its relative extrema on the parabola x = y^2.", "f has a relative minimum at (0, 0).", "f has an absolute minimum at (2/3, 2/3)."], "probs": [[0.020894474033741405, 0.10125458381030197, 0.17494759409182623, 0.7029033479641303], [0.07499926257131297, 0.20070933545946662, 0.6581027858007935, 0.0661886160684269], [0.019631712164129213, 0.7140175763535563, 0.21776082977256897, 0.048589881609745485], [0.6407872211746906, 0.24321772069985362, 0.10138840812742227, 0.014606649898033511]], "ideal": "A", "sampled": "D", "correct": false}}
{"type": "result", "data": {"idx": 29, "options": ["5", "6", "12", "15"], "probs": [[0.14824003090150942, 0.4937120414308127, 0.2332144396758399, 0.12483348789183796], [0.24871534106628446, 0.18773935733348285, 0.43651056285307743, 0.12703473864715523], [0.05386849692925419, 0.423708871847819, 0.4440430865753858, 0.07837954454754092], [0.0815408775588057, 0.5400841396532035, 0.30296091145111154, 0.07541407123687933]], "ideal": "B", "sampled": "A", "correct": false}}
{"type": "result", "data": {"idx": 30, "options": ["S(n0 + 1) is not true.", "S(n0 - 1) is not true.", "S(n) is not true for any n <= n0", "S(n) is not true for any n >= n0"], "probs": [[0.09626378719643053, 0.10572467585751143, 0.7338845023690236, 0.06412703447703445], [0.048320294842023534, 0.7326022067597524, 0.19111154076692935, 0.027965957531294664], [0.5026858954095293, 0.32967090939084076, 0.11940031208322681, 0.048242883016403136], [0.7127898095762651, 0.20421899168397156, 0.0408469126793791, 0.04214428596038418]], "ideal": "C", "sampled": "C", "correct": true}}
{"type": "result", "data": {"idx": 31, "options": ["(0, 0, 1)", "(3/7, 3/14, 9/14)", "(7/15, 8/15, 1/15)", "(5/6, 1/3, 1/3)"], "probs": [[0.04157550213544615, 0.5921502046572192, 0.27110606126265363, 0.09516823184468094], [0.31407473892147086, 0.2644775627800496, 0.3615038556171291, 0.059943842581350375], [0.15769116343931242, 0.349854046818586, 0.24045303103228385, 0.2520017586098177], [0.2500907405933766, 0.1978379577844801, 0.47459517490304554, 0.0774761266190978]], "ideal": "B", "sampled": "B", "correct": true}}
{"type": "result", "data": {"idx": 32, "options": ["For no such integer n", "For 3, 5, 7, and 11 only", "For 3, 5, 7, 9, and 11 only", "For 4, 6, 8, and 10 only"], "probs": [[0.033057491607312715, 0.5419239896380637, 0.3444677824840484, 0.08055073617057522], [0.29041475271073636, 0.5017908848453757, 0.1603840750324088, 0.04741028731147913], [0.5191989695267923, 0.2779069327406416, 0.18512775553782493, 0.01776634209474111], [0.3487824331166661, 0.28466786011694784, 0.3078034038460683, 0.0587463028203177]], "ideal": "B", "sampled": "C", "correct": false}}
{"type": "result", "data": {"idx": 33, "options": ["1", "2", "3", "4"], "probs": [[0.06487759202069959, 0.4230542480522533, 0.4574342965622278, 0.05463386326481936], [0.10627749751978431, 0.44050899826381057, 0.3887511288637248, 0.06446237525268028], [0.22065974903550314, 0.283333552321012, 0.4744968718218224, 0.021509826721662503], [0.22029071756850593, 0.4051775283031249, 0.35202726259252026, 0.022504491435848845]], "ideal": "C", "sampled": "C", "correct": true}}
{"type": "result", "data": {"idx": 34, "options": ["I only", "II only", "III only", "I, II, and III"], "probs": [[0.03146882308006276, 0.152502802706864, 0.30804976358835323, 0.50797861052472], [0.019590505195331474, 0.09493369961823761, 0.7948870954198143, 0.0905886996666166], [0.03759577511469488, 0.6459203385881392, 0.19699399244675775, 0.11948989375040815], [0.14043519108731667, 0.33689409993042413, 0.3214700865643134, 0.20120062231794578]], "ideal": "D", "sampled": "D", "correct": true}}
{"type": "result", "data": {"idx": 35, "options": ["x^2 + y^2 + z^2 + 8 = 6y", "(x^2 + y^2 + z^2)^2 = 8 + 36(x^2 + z^2)", "(x^2 + y^2 + z^2 + 8)^2 = 36(x^2 + z^2)", "(x^2 + y^2 + z^2 + 8)^2 = 36(x^2 + y^2)"], "probs": [[0.08930015017615173, 0.45350710566665564, 0.33701965962749403, 0.12017308442969857], [0.1533665863035208, 0.47984461778985504, 0.2820880219836085, 0.08470077382301565], [0.348385190159786, 0.33243480816787296, 0.1645697528640232, 0.15461024870831783], [0.2372168380614279, 0.16050959643578, 0.47920017001604737, 0.12307339538674471]], "ideal": "D", "sampled": "C", "correct": false}}
{"type": "result", "data": {"idx": 36, "options": ["y = 2x + 1", "y = 2x", "y = x + 2", "y = x + 1"], "probs": [[0.3744135810597352, 0.3008514355598968, 0.2870779941952668, 0.03765698908510112], [0.10872858518626477, 0.6765357104041618, 0.18208850511379937, 0.032647199195774045], [0.13849927793174183, 0.6110900776465857, 0.19531779425838494, 0.05509285006328751], [0.3039775927966605, 0.485759501108257, 0.1413653866093227, 0.06889751938575982]], "ideal": "A", "sampled": "C", "correct": false}}
{"type": "result", "data": {"idx": 37, "options": ["2", "3", "4", "5"], "probs": [[0.3587420538308811, 0.4002025708299353, 0.20440728917066558, 0.03664808606851798], [0.2625824232329287, 0.22111444337775332, 0.3941885559923786, 0.12211457729693936], [0.09754822075161142, 0.20330455215573912, 0.6461116454290273, 0.05303558156362214], [0.19512779500002828, 0.6498714315823608, 0.13411049751995843, 0.020890275797652482]], "ideal": "A", "sampled": "A", "correct": true}}
{"type": "result", "data": {"idx": 38, "options": ["True, True", "True, False", "False, True", "False, False"], "probs": [[0.2603287524628849, 0.5686092055464393, 0.11733963162550852, 0.053722410265167185], [0.3342549129780305, 0.5597742074218707, 0.06280524887696874, 0.04316563062313012], [0.389886695408972, 0.360585827773936, 0.22215289703314547, 0.027374579683946562], [0.19923535655353228, 0.5415789069968174, 0.20556140633126593, 0.053624330018384396]], "ideal": "A", "sampled": "B", "correct": false}}
{"type": "result", "data": {"idx": 39, "options": ["1", "2", "3", "4"], "probs": [[0.039750075197525846, 0.338053391398259, 0.5661400324004234, 0.05605650090379169], [0.06824368881133698, 0.40517204392118594, 0.46635835663247055, 0.060225910535006526], [0.21748626432522222, 0.4192142227172194, 0.34754455409769736, 0.015754958759860986], [0.3940575659766489, 0.30689110891594557, 0.2794319051309356, 0.019619419876469917]], "ideal": "C", "sampled": "D", "correct": false}}
{"type": "result", "data": {"idx": 40, "options": ["the entire real axis", "a point", "a ray", "an open finite interval"], "probs": [[0.21634531663714, 0.2734870395830086, 0.39792523969978166, 0.11224240398006978], [0.03595205197636632, 0.25747818999106004, 0.6372692892975889, 0.06930046863498472], [0.037109693297588994, 0.5122833561226657, 0.42469996816702194, 0.02590698231272336], [0.34355358414959164, 0.6418471625187999, 0.007356646832410632, 0.007242606399197844]], "ideal": "B", "sampled": "D", "correct": false}}
{"type": "result", "data": {"idx": 41, "options": ["finite", "cyclic", "of order two", "abelian"], "probs": [[0.10796786360996737, 0.7854186540614543, 0.05870189999789533, 0.04791158223068303], [0.7312496290160189, 0.12125372862859911, 0.12707386885975283, 0.020422773395629205], [0.4135625033146646, 0.26701801813690457, 0.25084188391112816, 0.06857759453730265], [0.5204288166638019, 0.2616889079785911, 0.21358581569682886, 0.004296459560778047]], "ideal": "D", "sampled": "B", "correct": false}}
{"type": "result", "data": {"idx": 42, "options": ["3", "4", "5", "8"], "probs": [[0.1257082465593762, 0.35255627244659093, 0.3525640508523856, 0.16917143004164725], [0.09298033612708538, 0.24882476956236496, 0.5186082317388097, 0.13958666247174004], [0.05417101246086492, 0.4396090638081426, 0.4065801324014627, 0.09963979122952984], [0.16710911814023716, 0.5394321123673914, 0.22487442360711254, 0.06858434578525888]], "ideal": "D", "sampled": "D", "correct": true}}
{"type": "result", "data": {"idx": 43, "options": ["II only", "III only", "I and II only", "II and III only"], "probs": [[0.10385478315617082, 0.4954682957234449, 0.2693829736874561, 0.13129394733292815], [0.09036822073080958, 0.2963067955146985, 0.3305573835017941, 0.28276760015269786], [0.1253535989388521, 0.45852596493579434, 0.26955773218747725, 0.14656270383787637], [0.17553127594911838, 0.5159193507477011, 0.16749746354473136, 0.14105190965844908]], "ideal": "A", "sampled": "A", "correct": true}}
{"type": "result", "data": {"idx": 44, "options": ["1", "3", "5", "7"], "probs": [[0.15239258917867457, 0.19875684980147504, 0.4621300192253089, 0.1867205416945415], [0.25469915348506794, 0.3072242232476063, 0.3705876220743169, 0.06748900109300887], [0.45275353480299013, 0.23488542080021452, 0.2746111759206792, 0.03774986837611612], [0.1755923803808391, 0.32805014142168515, 0.34379658611848063, 0.1525608919789951]], "ideal": "D", "sampled": "C", "correct": false}}
{"type": "result", "data": {"idx": 45, "options": ["True, True", "True, False", "False, True", "False, False"], "probs": [[0.37624952650594956, 0.5062996405102893, 0.10286188179897125, 0.014588951084789862], [0.5229091398355654, 0.41365676907717375, 0.047142117646681726, 0.01629197334057907], [0.42373320220061206, 0.2452369443949842, 0.32489043985171645, 0.00613941345268729], [0.20109082157118408, 0.5728555746442747, 0.1979747802424707, 0.028078823442070473]], "ideal": "A", "sampled": "A", "correct": true}}
{"type": "result", "data": {"idx": 46, "options": ["\u03c0/12", "\u03c0/6", "\u03c0/3", "2\u03c0/3"], "probs": [[0.16939347475880787, 0.5217692695999134, 0.2749555028713316, 0.03388175266994712], [0.1944091152726061, 0.5452362247641137, 0.23819844200503007, 0.02215621785825008], [0.41788504146159683, 0.4244698050859755, 0.1444200745739175, 0.013225078778510195], [0.514639970713203, 0.2508174762764609, 0.21121223150756943, 0.023330321402766738]], "ideal": "B", "sampled": "C", "correct": false}}
{"type": "result", "data": {"idx": 47, "options": ["3", "pi", "3pi", "3/2"], "probs": [[0.4406448304212523, 0.35406720634734473, 0.18368944523881794, 0.02159851789258502], [0.20407642726163408, 0.41224417700585203, 0.3261161494840327, 0.057563246148481156], [0.14171703909396105, 0.5432576253258075, 0.24486850412662253, 0.0701568313536089], [0.335926134876302, 0.4313374410351802, 0.22030754167159297, 0.012428882316924784]], "ideal": "B", "sampled": "D", "correct": false}}
{"type": "result", "data": {"idx": 48, "options": ["Only (II)", "Only (IV )", "(I) and (IV )", "(II) and (III)"], "probs": [[0.04528851266783435, 0.11209228787585286, 0.4574160030126916, 0.3852031963436212], [0.06028859927002357, 0.2618866206021991, 0.3810513232032332, 0.2967734568245441], [0.10143626188677636, 0.4204462954181033, 0.30284239212415864, 0.17527505047096165], [0.18655662692553443, 0.23583900405899197, 0.15710806993696325, 0.4204962989785103]], "ideal": "C", "sampled": "D", "correct": false}}
{"type": "result", "data": {"idx": 49, "options": ["f is Riemann integrable.", "There does not exist a countably infinite E of R such that f is nondifferentiable at every x \\in E.", "There does not exist an uncountable subset E of R such that f is nondifferentiable at every x \\in E.", "None of the above."], "probs": [[0.10262586022444709, 0.4973180517456606, 0.26619565087583574, 0.13386043705405654], [0.28751635548577475, 0.36918011304024567, 0.26591444012843785, 0.07738909124554173], [0.24668982990137223, 0.326812778780156, 0.3268180835936195, 0.09967930762485222], [0.0407027972306003, 0.19724382658046963, 0.4881788313947941, 0.27387454469413597]], "ideal": "D", "sampled": "B", "correct": false}}
{"type": "result", "data": {"idx": 50, "options": ["the open first quadrant", "a closed curve", "a ray in the open first quadrant", "a single point"], "probs": [[0.10855797151413668, 0.67547806799655, 0.18180360507843227, 0.03416035531088112], [0.278843165974243, 0.4386857474083183, 0.2619529082845808, 0.020518178232857908], [0.2194452781631834, 0.36180628151120814, 0.3452410178712704, 0.07350742235433808], [0.016090244926806687, 0.170305450206207, 0.7632610924009358, 0.0503432123660505]], "ideal": "A", "sampled": "B", "correct": false}}
{"type": "result", "data": {"idx": 51, "options": ["1", "2", "p >= 1", "infinity"], "probs": [[0.03261499418336722, 0.11929988637677631, 0.7779521200409397, 0.0701329992989167], [0.04161502575514154, 0.8101475539793384, 0.08673411184926653, 0.06150330831625356], [0.49766320342041037, 0.17744677956878666, 0.2748381977517528, 0.0500518191590502], [0.049091928068049455, 0.3201206051992179, 0.2132485822616995, 0.4175388843710331]], "ideal": "B", "sampled": "C", "correct": false}}
{"type": "result", "data": {"idx": 52, "options": ["f is a homeomorphism.", "f is continuous and one-to-one", "f is continuous.", "f is one-to-one"], "probs": [[0.005216931669392031, 0.9635909589126165, 0.02528056045713825, 0.005911548860853191], [0.43350290755946463, 0.4543086224055639, 0.08403888415883515, 0.028149585776136334], [0.1022941775688619, 0.35704550409505753, 0.08219536454299209, 0.45846495369308843], [0.004282979022026622, 0.004488544740912008, 0.9542294574693488, 0.0369990186677125]], "ideal": "C", "sampled": "B", "correct": false}}
{"type": "result", "data": {"idx": 53, "options": ["12", "16", "12*sqrt(3)", "16*sqrt(3)"], "probs": [[0.004536392604956735, 0.009754676311786475, 0.9494661630378307, 0.036242767945426024], [0.012087993578447444, 0.7716021105842881, 0.21094589244629844, 0.005364003290966011], [0.8827120003181133, 0.07359894561039444, 0.04128596251149658, 0.002403091459995744], [0.9253880609651295, 0.028384554036872758, 0.04328204985576081, 0.0029453350422368905]], "ideal": "C", "sampled": "C", "correct": true}}
{"type": "result", "data": {"idx": 54, "options": ["4", "7", "8", "12"], "probs": [[0.053609374306100646, 0.6329945850522236, 0.22220346081042622, 0.09119257973124954], [0.08461507168251939, 0.5102875536341329, 0.2565911564922731, 0.1485062180910746], [0.06968410520107401, 0.40731517690266533, 0.45439649977897995, 0.06860421801728071], [0.023064682558578443, 0.6533052409776722, 0.2558388743123726, 0.06779120205137674]], "ideal": "A", "sampled": "A", "correct": true}}
{"type": "result", "data": {"idx": 55, "options": ["|x| \u2265 0", "|x \u00b7 y| \u2264 |x||y|", "|x| = 0 if and only if x = 0", "|x + y| = |x| + |y|"], "probs": [[0.07987899689526755, 0.03657124354643084, 0.7578807215177433, 0.12566903794055825], [0.2969750706372886, 0.467210880113408, 0.058478417642556665, 0.17733563150674672], [0.29013998610485886, 0.12285338890158701, 0.3186603628671556, 0.26834626202639855], [0.34814005567913675, 0.14973461403340896, 0.17505831753860243, 0.32706701264885185]], "ideal": "D", "sampled": "C", "correct": false}}
{"type": "result", "data": {"idx": 56, "options": ["4", "5", "6", "7"], "probs": [[0.11615806470668832, 0.39914162753579246, 0.3868779126353246, 0.09782239502219461], [0.1243721916773039, 0.36554496675322556, 0.37132116381515207, 0.13876167765431846], [0.11781265191487486, 0.36860157154097406, 0.4112211886001038, 0.10236458784404723], [0.10030459609335492, 0.4157491314182326, 0.3446777801856101, 0.13926849220280235]], "ideal": "B", "sampled": "A", "correct": false}}
{"type": "result", "data": {"idx": 57, "options": ["1 only", "2 only", "0 and 1 only", "0, 1, and 2 only"], "probs": [[0.07327535420182638, 0.3899867955956229, 0.3495931468736303, 0.18714470322892046], [0.07305445194760538, 0.19247130187294545, 0.6614146532314623, 0.07305959284798692], [0.15418173374454042, 0.546623819312252, 0.23881047294535404, 0.0603839738978535], [0.19249031376009718, 0.48391134623616255, 0.2433442080525049, 0.08025413185123535]], "ideal": "D", "sampled": "D", "correct": true}}
{"type": "result", "data": {"idx": 58, "options": ["2", "\u03c0", "4", "3\u03c0/2"], "probs": [[0.25594937608104446, 0.372404632140674, 0.3235538279421889, 0.0480921637360927], [0.15708945572973881, 0.4914897643172262, 0.2889339604019227, 0.06248681945111227], [0.16150224568202415, 0.39352665227128664, 0.3755084359756508, 0.06946266597103838], [0.1956694569741811, 0.48428896692685525, 0.28028770386513385, 0.039753872133829846]], "ideal": "C", "sampled": "A", "correct": false}}
{"type": "result", "data": {"idx": 59, "options": ["9", "8", "0", "-5"], "probs": [[0.35967905698044694, 0.38287700487374576, 0.18086074972456714, 0.07658318832124016], [0.4789562879736307, 0.21588294324228094, 0.2192853852354784, 0.08587538344860997], [0.05256398727544032, 0.1544924813764837, 0.6816637464552158, 0.11127978479286017], [0.04231956600719688, 0.6416184305503095, 0.24736885723978186, 0.06869314610271168]], "ideal": "A", "sampled": "A", "correct": true}}
{"type": "result", "data": {"idx": 60, "options": ["None", "One", "Two", "Three"], "probs": [[0.023434591404621046, 0.349789634227863, 0.55896553977166, 0.067810234495856], [0.07658522746509144, 0.6513379361128189, 0.2359001539985408, 0.036176682323548884], [0.365500448736132, 0.44782101936697166, 0.16219125626033154, 0.024487275536564733], [0.07532314490977492, 0.16974318658141552, 0.6819271698630093, 0.07300649854580027]], "ideal": "B", "sampled": "C", "correct": false}}
{"type": "result", "data": {"idx": 61, "options": ["20!/2^(10)", "10!/2^9", "10^(20) - 2^(10)", "10^(20) - 100"], "probs": [[0.2871439138726659, 0.29166748961629474, 0.31048223400191827, 0.11070636240912106], [0.21160190893662736, 0.25524274210379483, 0.34347018505444976, 0.18968516380512807], [0.13310402233747703, 0.2094029423563009, 0.5264492473538006, 0.13104378785242146], [0.16476482659332417, 0.47676792874528096, 0.23602069995303887, 0.12244654460835601]], "ideal": "A", "sampled": "A", "correct": true}}
{"type": "result", "data": {"idx": 62, "options": ["It is possible to place an linear order relation \u2264 on the complex numbers C such that (C, +, \u00d7, \u2264) is not an ordered field.", "It is possible to place a linear order relation on the complex numbers C which make (C, +, \u00d7, \u2264) an ordered field.", "Neither (a) nor (b)", "Both (a) and (b)."], "probs": [[0.07216428265642935, 0.4218290337216919, 0.2766408950087082, 0.22936578851317058], [0.09568211435314847, 0.3392278253692907, 0.5013495087122246, 0.06374055146533615], [0.03859744908129465, 0.2186781433202972, 0.5852090032527406, 0.15751540424566757], [0.10845375724204333, 0.48607533803135655, 0.1963910296631832, 0.20907987496341693]], "ideal": "A", "sampled": "A", "correct": true}}
{"type": "result", "data": {"idx": 63, "options": ["1/4", "1/3", "1/2", "2/3"], "probs": [[0.15707999263533673, 0.20487161167590312, 0.5745812528780243, 0.06346714271073586], [0.15361503079816363, 0.7444029006147144, 0.07486698929130564, 0.027115079195816332], [0.19495324387798244, 0.6492997770088432, 0.1239211032371598, 0.03182587577601454], [0.5158121373959641, 0.27609663067581375, 0.16230938661932867, 0.04578184520889355]], "ideal": "D", "sampled": "C", "correct": false}}
{"type": "result", "data": {"idx": 64, "options": ["The integers under addition", "The nonzero integers under multiplication", "The nonzero real numbers under multiplication", "The complex numbers under addition"], "probs": [[0.17443239687128967, 0.11619609593183132, 0.5207628607229176, 0.1886086463739614], [0.07511991541528205, 0.0799647524859793, 0.4975600129449511, 0.3473553190537875], [0.09448785668275599, 0.020117456803380757, 0.8162659098677884, 0.06912877654607488], [0.13341651061270302, 0.06401364093449943, 0.6670512904257031, 0.13551855792709444]], "ideal": "B", "sampled": "A", "correct": false}}
{"type": "result", "data": {"idx": 65, "options": ["4x + 6y", "x + y + 5", "9x + 4y", "4x - 9y"], "probs": [[0.3914615134202484, 0.35643335184802244, 0.19994493944125943, 0.052160195190469785], [0.30358029805767034, 0.4021821109900417, 0.21866633345485312, 0.07557125739743484], [0.35674645562916424, 0.4509743035997231, 0.13124359800581548, 0.061035642665297124], [0.39051668306694914, 0.4565662911288703, 0.08713906582091575, 0.06577795988326476]], "ideal": "D", "sampled": "D", "correct": true}}
{"type": "result", "data": {"idx": 66, "options": ["0", "-2", "-sqrt(34)", "-sqrt(35)"], "probs": [[0.03288696894724914, 0.522532135799495, 0.39443377432564414, 0.05014712082761176], [0.18011204547088566, 0.6385518716210158, 0.12973178253307135, 0.051604300275027236], [0.293708788944246, 0.3276549772682943, 0.29833893763055847, 0.08029729605690118], [0.3203307246693689, 0.3203291153440321, 0.2962618039433123, 0.06307835594328673]], "ideal": "C", "sampled": "C", "correct": true}}
{"type": "result", "data": {"idx": 67, "options": ["II only", "III only", "I and II only", "I and III only"], "probs": [[0.11862234719698692, 0.30768621881823494, 0.4140512665210761, 0.15964016736370207], [0.1228850541226575, 0.32375923363910797, 0.3905445045926657, 0.16281120754556885], [0.15740322513217606, 0.45546534387476445, 0.24380217453200473, 0.14332925636105476], [0.18193266741802894, 0.39738367799767627, 0.22999621239996101, 0.1906874420843338]], "ideal": "D", "sampled": "D", "correct": true}}
{"type": "result", "data": {"idx": 68, "options": ["\u03c0/3", "\u03c0/4", "\u03c0", "2\u03c0"], "probs": [[0.31178215142946936, 0.35886019464718893, 0.29750666019325656, 0.031850993630085166], [0.2075627426636272, 0.4325993914413788, 0.3369107214684759, 0.02292714432651808], [0.1497413681641389, 0.5145465788611303, 0.27975654911905523, 0.055955503755675505], [0.28482419249547386, 0.40799447890016427, 0.2436263411993541, 0.06355498730500772]], "ideal": "A", "sampled": "D", "correct": false}}
{"type": "result", "data": {"idx": 69, "options": ["Sunday", "Monday", "Tuesday", "Wednesday"], "probs": [[0.1448594906057175, 0.37573211821535807, 0.13189808826471505, 0.34751030281420936], [0.10434234141260043, 0.26231297847985696, 0.5729560255431377, 0.06038865446440486], [0.0649393687271921, 0.8554069532962032, 0.05300249617562082, 0.02665118170098384], [0.7148170943586164, 0.22144036745714335, 0.028153424110642863, 0.03558911397359738]], "ideal": "A", "sampled": "D", "correct": false}}
{"type": "result", "data": {"idx": 70, "options": ["\u221248/\u03c0 cm/min", "\u22124/(3\u03c0) cm/min", "\u22128/(3\u03c0) cm/min", "\u221216/(3\u03c0) cm/min"], "probs": [[0.11946432380274609, 0.5789105934734686, 0.2302851395844989, 0.0713399430392864], [0.12495819571327768, 0.5868987134384497, 0.22627991745623574, 0.0618631732920369], [0.11885938615117911, 0.532689682598941, 0.28072246488025243, 0.06772846626962745], [0.10455662561360822, 0.640491413996927, 0.20154684404602477, 0.05340511624344005]], "ideal": "D", "sampled": "A", "correct": false}}
{"type": "result", "data": {"idx": 71, "options": ["The system is consistent.", "The system has infinitely many solutions.", "The sum of any two solutions is a solution.", "Every solution is a scalar multiple of (-5, 1, 1, 0)."], "probs": [[0.09978373869739107, 0.30735915209201903, 0.4686697020210364, 0.1241874070895535], [0.16538602481736467, 0.26428670279169764, 0.45665548267839345, 0.11367178961254426], [0.16174657761734465, 0.43967554296384986, 0.2838789841537835, 0.11469889516502196], [0.3836572353558369, 0.32307552325249955, 0.22554532509141775, 0.06772191620024581]], "ideal": "D", "sampled": "D", "correct": true}}
{"type": "result", "data": {"idx": 72, "options": ["f(c)", "f(e^c)", "f(1/c)", "f(log c)"], "probs": [[0.15064722298069333, 0.4497514664677049, 0.20915758607680152, 0.19044372437480023], [0.30364503096084566, 0.31328485992614924, 0.2764779503451398, 0.10659215866786534], [0.3038677301221251, 0.3901760824967187, 0.19928560857398755, 0.1066705787071686], [0.4520017605270342, 0.34119049473846036, 0.10905274991463548, 0.09775499471986993]], "ideal": "D", "sampled": "D", "correct": true}}
{"type": "result", "data": {"idx": 73, "options": ["I only", "II only", "III only", "I and II only"], "probs": [[0.1048953795661704, 0.27208111700977217, 0.3333600585335941, 0.28966344479046335], [0.11790132345717332, 0.34653508143334627, 0.3411622294269244, 0.19440136558255597], [0.11603876115682567, 0.320394632781335, 0.363056329131654, 0.20051027683018535], [0.13954527466771383, 0.4231708284316856, 0.2373773121987235, 0.1999065846018771]], "ideal": "D", "sampled": "D", "correct": true}}
{"type": "result", "data": {"idx": 74, "options": ["1/(2e)", "1/e", "e^2/2", "2e"], "probs": [[0.4217001120752823, 0.31831728815983534, 0.20552402349882903, 0.05445857616605333], [0.36731049141108657, 0.3789727957244271, 0.18469919124857945, 0.06901752151590691], [0.32165555001405804, 0.3166691147095832, 0.302173622351527, 0.05950171282483173], [0.16410237281636286, 0.48232555997954263, 0.2425318242763209, 0.11104024282777362]], "ideal": "C", "sampled": "A", "correct": false}}
{"type": "result", "data": {"idx": 75, "options": ["H = 50", "T >= 60", "51 <= H <= 55", "H >= 48 and T >= 48"], "probs": [[0.02228873206237043, 0.48405959836724, 0.07308210377348218, 0.4205695656969074], [0.12327132852644374, 0.16849140930423917, 0.4952315579787342, 0.2130057040905829], [0.07020856857840885, 0.5436741437174087, 0.20960585530127257, 0.1765114323029098], [0.2035746127163445, 0.3985809087354715, 0.19425545630896648, 0.2035890221392175]], "ideal": "D", "sampled": "D", "correct": true}}
{"type": "result", "data": {"idx": 76, "options": ["True, True", "True, False", "False, True", "False, False"], "probs": [[0.3079190517514095, 0.5575730141711001, 0.10154210661593054, 0.03296582736155986], [0.3894899312990365, 0.5159964926324446, 0.04799516284007462, 0.046518413128444264], [0.383961136064787, 0.32841983006043224, 0.25980481164049013, 0.0278142221342906], [0.2089289277583048, 0.5504568814680866, 0.18438106773440002, 0.056233122939208534]], "ideal": "D", "sampled": "A", "correct": false}}
{"type": "result", "data": {"idx": 77, "options": ["2", "1", "0", "-1"], "probs": [[0.24802489668640132, 0.47808203274476757, 0.21215222852847468, 0.061740841940356415], [0.11520991442369091, 0.3777567328273825, 0.40212937318386177, 0.1049039794650648], [0.05321157255595039, 0.45254650087469467, 0.39937966160697674, 0.0948622648623782], [0.08305106001816695, 0.6041534317368569, 0.27231844242478004, 0.04047706572019605]], "ideal": "C", "sampled": "A", "correct": false}}
