{"type": "result", "data": {"idx": 0, "options": ["7 N", "5 N", "10 N", "12 N"], "probs": [[0.04014927125982323, 0.6183005536196821, 0.3258267920557911, 0.01572338296470364], [0.009567381033318292, 0.8885888001048919, 0.08936478338167615, 0.012479035380113567], [0.011081904099543356, 0.8015591449132368, 0.17334917072946446, 0.014009780157755362], [0.01084252002789176, 0.9168910183462441, 0.0623938793531602, 0.009872582172703972]], "ideal": "A", "sampled": "C", "correct": false}}
{"type": "result", "data": {"idx": 1, "options": ["weight of fluid.", "volume of fluid.", "density of fluid.", "All of these."], "probs": [[0.3574586046585792, 0.6372899052350272, 0.0031908397809539617, 0.0020606502254396546], [0.6538685673016192, 0.33399069821031313, 0.008761422992419896, 0.003379311395647676], [0.1268540592322887, 0.48632367353515066, 0.10516007753542314, 0.28166218959713746], [0.08921405605665246, 0.7240830009147414, 0.1381744433937297, 0.04852849953487636]], "ideal": "B", "sampled": "B", "correct": true}}
{"type": "result", "data": {"idx": 2, "options": ["totally internally reflects", "passes into the air above", "is absorbed", "None of these"], "probs": [[0.06074882310293346, 0.7756690873412518, 0.08434514489622168, 0.07923694455959296], [0.08610939939355591, 0.15113848194848564, 0.48031465170543264, 0.2824374668525258], [0.003004242732819207, 0.017561037985256777, 0.9007296064263729, 0.07870511275555116], [0.052019995282082204, 0.37256879027078044, 0.49356502841206656, 0.0818461859350708]], "ideal": "B", "sampled": "A", "correct": false}}
{"type": "result", "data": {"idx": 3, "options": ["always.", "sometimes.", "never.", "on planet Earth only."], "probs": [[0.16187782403089535, 0.15206909008216357, 0.04565876298322554, 0.6403943228037156], [0.0035040692843549496, 0.0013722401326203967, 0.08228040475214798, 0.9128432857308767], [0.012565331997943404, 0.00441071905759721, 0.9827142257299205, 0.0003097231145388824], [0.06539668244538811, 0.9315328146902592, 0.0023089240198683613, 0.0007615787444843619]], "ideal": "B", "sampled": "A", "correct": false}}
{"type": "result", "data": {"idx": 4, "options": ["changes", "aligns with the electric field", "is at right angles to the electric field", "converts to magnetic energy"], "probs": [[0.950352343710236, 0.049586443682878546, 5.4543403434195985e-05, 6.669103451213952e-06], [0.007568806876253764, 0.9913234739390003, 0.000992793246429064, 0.00011492583831677073], [0.7769606238645352, 0.22261093697983975, 0.00038521737436256914, 4.322168126249516e-05], [0.017148311085532796, 0.1814937475586222, 0.8008236969426171, 0.0005342443132278514]], "ideal": "A", "sampled": "C", "correct": false}}
{"type": "result", "data": {"idx": 5, "options": ["red", "yellow-green", "blue", "violet"], "probs": [[0.08953929224627598, 0.16214457797118786, 0.3653757977296816, 0.38294033195285454], [0.07267332698976886, 0.8188401565378272, 0.020821167075365517, 0.08766534929703841], [0.2944528074431173, 0.49313209966460536, 0.09710028477233353, 0.11531480801994383], [0.41853173804596955, 0.3870989587372879, 0.011507667279524177, 0.18286163583721837]], "ideal": "D", "sampled": "C", "correct": false}}
{"type": "result", "data": {"idx": 6, "options": ["mass distorts spacetime.", "gravity affects clocks.", "light can\u2019t escape from a black hole.", "All of these."], "probs": [[0.8150657415612766, 0.18473239243535408, 0.0001558030053317286, 4.606289803758422e-05], [0.006552297054960906, 0.0035077072137465644, 0.0016310447574710747, 0.9883089508738214], [0.005027521604818631, 0.006557094663874764, 0.9731703197848196, 0.015245063846486948], [0.004191091805019456, 0.9939519893909722, 0.0017745571910374783, 8.236151297093188e-05]], "ideal": "D", "sampled": "A", "correct": false}}
{"type": "result", "data": {"idx": 7, "options": ["voltage", "energy", "Both of these", "Neither of these"], "probs": [[0.9987445917995663, 0.0012065922890963955, 4.360740356026114e-05, 5.208407776994336e-06], [0.06695862833873914, 0.42321821885340327, 0.007057201090281302, 0.5027659516175763], [0.05400955455815124, 0.044077616734764305, 0.8993472137119438, 0.002565614895140633], [0.00599790545070043, 0.9930783415860353, 0.00036587335869453887, 0.0005578795045698079]], "ideal": "A", "sampled": "A", "correct": true}}
{"type": "result", "data": {"idx": 8, "options": ["chaotic", "ordered", "positioned by amplitude", "in phase"], "probs": [[0.018455104247410255, 0.9319120910831515, 0.04496668492112096, 0.004666119648317278], [0.72094592687487, 0.1608562094195059, 0.07138298025235382, 0.046814883353270303], [0.0721200230600827, 0.46299166738113384, 0.06881602596488771, 0.3960722834938957], [0.03000297947485886, 0.0551776474607572, 0.9046127173947448, 0.010206655569639152]], "ideal": "B", "sampled": "B", "correct": true}}
{"type": "result", "data": {"idx": 9, "options": ["amplitude", "wavelength", "frequency", "energy"], "probs": [[0.06735129597280784, 0.8465581464488787, 0.07282774088599767, 0.01326281659231574], [0.10331753578090207, 0.16770204798986252, 0.7285056665625947, 0.00047474956664069357], [0.005129842323154342, 0.9930029065973823, 0.0013593177399801421, 0.0005079332394831998], [0.9981754122323051, 0.0017006109041926847, 0.00011754817008751596, 6.428593414723922e-06]], "ideal": "D", "sampled": "D", "correct": true}}
{"type": "result", "data": {"idx": 10, "options": ["the same", "opposite", "Either of these", "Need more information"], "probs": [[0.011209296397740503, 0.9780889825373017, 0.008200538839855007, 0.0025011821251027812], [0.8505980373558749, 0.14554570617224888, 0.0031160349030461415, 0.0007402214688300851], [0.09924823044738108, 0.11972296236748327, 0.41780316825503366, 0.363225638830102], [0.013054759378933424, 0.08645790778008526, 0.8331464614974616, 0.0673408712435197]], "ideal": "B", "sampled": "B", "correct": true}}
{"type": "result", "data": {"idx": 11, "options": ["conduction", "convection", "radiation", "radioactivity"], "probs": [[0.00013967715004163978, 0.0003197110087531992, 0.9987369424951162, 0.0008036692460889077], [9.992333742727607e-05, 0.9998154584456461, 4.197923748749356e-05, 4.263887943909663e-05], [0.9984646294704019, 0.0014779513671178972, 4.258599994130243e-05, 1.4833062538851908e-05], [0.0006450992828557532, 0.00033471649806885166, 0.0013236391006124356, 0.9976965450184629]], "ideal": "C", "sampled": "C", "correct": true}}
{"type": "result", "data": {"idx": 12, "options": ["half, 1 A", "2 A", "Depends on which lamp is closer to the battery", "Not enough information to say"], "probs": [[0.13290612125936396, 0.8270001241166134, 0.022385220513792294, 0.017708534010230387], [0.05772383854550087, 0.46839254901449184, 0.31694241263930034, 0.15694119970070697], [0.009872752541572565, 0.062390469343982416, 0.8613165498934077, 0.06642022812103736], [0.010216351483302945, 0.47709232030777704, 0.4999771955856951, 0.012714132523224913]], "ideal": "B", "sampled": "A", "correct": false}}
{"type": "result", "data": {"idx": 13, "options": ["increase.", "decrease.", "remain unchanged.", "None of these."], "probs": [[0.5296673451303101, 0.4601834951278281, 0.008972038976720807, 0.0011771206651410688], [0.02816370137207606, 0.09381120801974549, 0.028163462953512082, 0.8498616275546663], [0.024745010962246614, 0.10581746381007051, 0.85879382903351, 0.010643696094172882], [0.01842365707749451, 0.9749621928583774, 0.005888397088249746, 0.0007257528758783628]], "ideal": "A", "sampled": "A", "correct": true}}
{"type": "result", "data": {"idx": 14, "options": ["2mg", "mg", "mg/2", "mg/4"], "probs": [[0.03322572707557107, 0.898053785280197, 0.06207459185563493, 0.006645895688597019], [0.08532631708360638, 0.8618027129575766, 0.04639281469081548, 0.0064781551680015], [0.1347435675353832, 0.7284404046395611, 0.12658574735050973, 0.010230280374546055], [0.12576332569947746, 0.6693640288286724, 0.18588234309220464, 0.01899030227964549]], "ideal": "B", "sampled": "B", "correct": true}}
{"type": "result", "data": {"idx": 15, "options": ["less.", "equal.", "greater.", "none because it sinks."], "probs": [[0.29440826167798234, 0.5330637095584504, 0.17038319999269158, 0.002144828670875629], [0.051887872201919705, 0.6222522691917817, 0.22892073687691167, 0.09693912162938699], [0.0747194004589005, 0.11753437118884039, 0.7908132804089469, 0.01693294784331219], [0.03478460045914262, 0.7436363169518446, 0.20015052145348322, 0.021428561035529464]], "ideal": "A", "sampled": "A", "correct": true}}
{"type": "result", "data": {"idx": 16, "options": ["red.", "green.", "white minus red.", "a mixture of green and yellow."], "probs": [[0.9276142173478082, 0.047649453934752464, 0.022507711957477573, 0.002228616659961741], [0.014518066005344693, 0.0062452110366260066, 0.007770795245196294, 0.971465927612833], [0.027030177612887635, 0.0026762085716080654, 0.9678186774440561, 0.0024749362714481184], [0.0011687646471831487, 0.9982149076226283, 0.00045056964916093107, 0.00016575798102760227]], "ideal": "A", "sampled": "A", "correct": true}}
{"type": "result", "data": {"idx": 17, "options": ["speed", "frequency", "wavelength", "All of these"], "probs": [[0.13751760749406708, 0.8424242204482765, 0.007064068710819691, 0.012994103246836737], [0.06553208143764215, 0.6828502299706021, 0.13658195798113507, 0.11503573051062069], [0.023256528167369266, 0.546121304710291, 0.2789326344369231, 0.15168953258541656], [0.05779242351220579, 0.8900779187985173, 0.0252485133000914, 0.02688114428918552]], "ideal": "B", "sampled": "A", "correct": false}}
{"type": "result", "data": {"idx": 18, "options": ["volume", "mass", "weight", "density"], "probs": [[0.8271579889884465, 0.17069256870091565, 0.0011501474613549027, 0.000999294749282947], [0.23344986584907393, 0.49413517883834807, 0.1655274555430829, 0.1068874996694951], [0.025006606054982478, 0.8280712016014056, 0.13102564604836692, 0.015896546195244974], [0.03387648576428376, 0.9595476287436285, 0.004443631460454328, 0.002132253931633378]], "ideal": "D", "sampled": "A", "correct": false}}
{"type": "result", "data": {"idx": 19, "options": ["transverse waves", "longitudinal waves", "all waves", "None of these"], "probs": [[0.15290101747861165, 0.7181344443413089, 0.12875521920125932, 0.0002093188788201554], [0.038190782066340835, 0.23762810227878844, 0.30038565394258715, 0.42379546161228354], [0.1024662957227968, 0.20698336381580956, 0.5896585758829119, 0.10089176447848165], [0.011970738288262414, 0.8007790646261783, 0.16268733829269433, 0.024562858692864956]], "ideal": "A", "sampled": "A", "correct": true}}
{"type": "result", "data": {"idx": 20, "options": ["buoyant force", "mass", "weight", "All of these"], "probs": [[0.06327575633118862, 0.4603126185765286, 0.2140644554300956, 0.2623471695621871], [0.2638131073809049, 0.7284477330318916, 0.004985610938874481, 0.002753548548328976], [0.764267162697055, 0.21558073426264096, 0.0010141385142027012, 0.019137964426101415], [0.09395136893237466, 0.06457333410421992, 0.49227575563058296, 0.34919954123282243]], "ideal": "A", "sampled": "C", "correct": false}}
{"type": "result", "data": {"idx": 21, "options": ["thermal energy.", "vibrational kinetic energy.", "average translational kinetic energy.", "rotational kinetic energy."], "probs": [[0.687841966803868, 0.1608408118790802, 0.1487576377711185, 0.0025595834459333105], [0.013602195296973431, 0.07354051110494947, 0.002720716453804326, 0.9101365770442728], [0.010095851981431531, 0.004079038473453612, 0.9826977129551492, 0.0031273964899656984], [0.00041638010318385815, 0.9972790763394485, 0.0016988078615597173, 0.0006057355958079374]], "ideal": "C", "sampled": "A", "correct": false}}
{"type": "result", "data": {"idx": 22, "options": ["move farther than the input piston", "exceed the force input", "exceed the input piston\u2019s speed", "produce increased energy"], "probs": [[0.003898381224316707, 0.9841993372222669, 0.00567234209848198, 0.006229939354934339], [0.9844918849251327, 0.014043528589717625, 0.000398401782237154, 0.0010661846029125343], [0.2439855376840536, 0.16252432035410935, 0.36061791950056216, 0.23287222236127486], [0.012730190623993642, 0.4022421270373711, 0.5584954064413861, 0.026532275797249122]], "ideal": "D", "sampled": "B", "correct": false}}
{"type": "result", "data": {"idx": 23, "options": ["decreases", "increases", "remains unchanged", "may increase or decrease"], "probs": [[0.009370052230755105, 0.9861111018641959, 0.004029928230200882, 0.0004889175748480294], [0.4486221834718071, 0.3604664694553605, 0.18996007171367146, 0.0009512752591609904], [0.011977147647200785, 0.9514679579806911, 0.03306903037874718, 0.0034858638933609157], [0.015251388124704258, 0.03955485634526184, 0.943586311342804, 0.0016074440872298347]], "ideal": "C", "sampled": "B", "correct": false}}
{"type": "result", "data": {"idx": 24, "options": ["half the bend.", "the same bend if the branch doesn\u2019t break.", "twice the bend.", "4 times the bend."], "probs": [[0.0917279550700261, 0.24165833943919462, 0.6467745754941956, 0.019839129896583662], [0.06824064458245731, 0.927427081106243, 0.003673525636659534, 0.0006587485746401971], [0.48934973393019043, 0.3209142264053773, 0.17448473798799383, 0.015251301576438397], [0.08721403971665764, 0.5776547918111922, 0.10519787158207351, 0.22993329679007662]], "ideal": "C", "sampled": "C", "correct": true}}
{"type": "result", "data": {"idx": 25, "options": ["increases but less than doubles", "doubles", "more than doubles", "depends on factors not stated"], "probs": [[0.05213118194630407, 0.8028136283264807, 0.14393881010927503, 0.0011163795179401817], [0.472228523393543, 0.518656368987071, 0.007514943775902319, 0.0016001637434836782], [0.4410787684815379, 0.27173676248966655, 0.28038098543632944, 0.00680348349246618], [0.007006895111956683, 0.15453315938743248, 0.8354934274162545, 0.0029665179843563205]], "ideal": "A", "sampled": "B", "correct": false}}
{"type": "result", "data": {"idx": 26, "options": ["1 minute.", "2 minutes.", "5 minutes.", "9 minutes."], "probs": [[0.022224610710575125, 0.4605519183647376, 0.4128289528017218, 0.10439451802296541], [0.03357085087668274, 0.5503254327251501, 0.35530938371035603, 0.06079433258781112], [0.025738129533515466, 0.6433576380750777, 0.268183232825532, 0.06272099946587475], [0.06437201605474911, 0.6203669720158405, 0.27101349020234167, 0.04424752162706877]], "ideal": "D", "sampled": "D", "correct": true}}
{"type": "result", "data": {"idx": 27, "options": ["move at a constant speed in a straight line", "accelerate at a constant rate in a straight line", "come to rest", "increase its amount of inertia"], "probs": [[0.1346491782175175, 0.8644817843381148, 0.0006535069250363471, 0.00021553041933126979], [0.9960136620508744, 0.003884245023352775, 5.164431475155458e-05, 5.0448511021258474e-05], [0.0074217742179568036, 0.006348070463084431, 0.9421647642622936, 0.04406539095666514], [0.0026158307674112157, 0.9608312760520932, 0.02683390074722427, 0.0097189923332713]], "ideal": "A", "sampled": "A", "correct": true}}
{"type": "result", "data": {"idx": 28, "options": ["everyday low speeds.", "relativistic speeds.", "Both of these.", "Neither of these."], "probs": [[0.0004876200050550303, 0.9990849969747221, 0.00024518012353730116, 0.0001822027966855414], [0.06363266865931806, 0.9351159568525242, 0.001094863661062779, 0.00015651072709488672], [0.019928719730401105, 0.031355019473158205, 0.003202839037066655, 0.945513421659374], [0.001019903404946999, 0.003849108940091947, 0.9128367270001335, 0.08229426055482747]], "ideal": "C", "sampled": "B", "correct": false}}
{"type": "result", "data": {"idx": 29, "options": ["evaporation", "condensation", "Both", "Neither"], "probs": [[0.5539893396375002, 0.4451609462243936, 0.0008072612528143798, 4.245278529182787e-05], [0.9876652819444398, 0.012240571731951774, 8.119682640023585e-05, 1.2949397208222715e-05], [0.0013696196857743636, 0.007174630354666984, 0.98492350108699, 0.0065322487725686836], [0.002998883292885256, 0.6577331168558427, 0.330725657197129, 0.008542342554143044]], "ideal": "C", "sampled": "A", "correct": false}}
{"type": "result", "data": {"idx": 30, "options": ["shorter", "taller", "equal in height", "inoperable"], "probs": [[0.14230519452215074, 0.29198628497936807, 0.545525547739371, 0.020182972659110125], [0.23169021749696406, 0.5303408859498073, 0.23169710183312398, 0.00627179462010463], [0.29047692414308207, 0.47891495608231605, 0.20923456976254856, 0.021373549912053282], [0.12295105227671793, 0.5257971529719866, 0.2903826935787373, 0.060869101072558156]], "ideal": "B", "sampled": "C", "correct": false}}
{"type": "result", "data": {"idx": 31, "options": ["force due to gravity is the same on each.", "air resistance is always zero in free fall.", "inertia of both rocks is the same.", "ratio of force to mass is the same."], "probs": [[0.7974181285832541, 0.09231040009739273, 0.01350792609264002, 0.09676354512671313], [0.019244788965410313, 0.9128784297433444, 0.06510404751392035, 0.002772733677324927], [0.8598029906396907, 0.1339313787684866, 0.005977164277546345, 0.00028846621427631617], [0.5786038403522752, 0.41676272259118285, 0.003387228681835028, 0.0012462082747069015]], "ideal": "D", "sampled": "C", "correct": false}}
{"type": "result", "data": {"idx": 32, "options": ["increases but less than doubles", "doubles", "more than doubles", "depends on factors not stated"], "probs": [[0.052097807777402846, 0.7776127379373832, 0.16817232998266438, 0.0021171242025495736], [0.5257975576097931, 0.4640285774011735, 0.007738598328917692, 0.0024352665601157703], [0.48671064365187494, 0.24858610630494324, 0.252517405204114, 0.012185844739067867], [0.008959564846729492, 0.14012259974313904, 0.8451337062164601, 0.005784129093671369]], "ideal": "C", "sampled": "B", "correct": false}}
{"type": "result", "data": {"idx": 33, "options": ["equals mass moving at the speed of light squared.", "equals moving mass.", "is fundamentally different than mass.", "and mass are closely related."], "probs": [[0.798319625985573, 0.03676418160741834, 0.0026630682011793655, 0.1622531241058293], [0.024025573390053186, 0.11110073011252186, 0.8602881763219709, 0.004585520075454113], [0.004501787426453901, 0.7453575641722755, 0.2496586859351493, 0.00048196236612127485], [0.13110548221412524, 0.8684416985232214, 0.00036256492502865915, 9.025423762465649e-05]], "ideal": "D", "sampled": "A", "correct": false}}
{"type": "result", "data": {"idx": 34, "options": ["light leaving the Sun is slowed by gravity.", "light passing the Sun is deflected.", "a clock on the Sun\u2019s surface runs faster than on Earth.", "All of these."], "probs": [[0.5263229637420032, 0.3674352189201473, 0.02423560818919108, 0.08200620904865852], [0.8296536211319404, 0.16337517228373982, 0.006140080308192009, 0.000831126176127797], [0.11337461215823923, 0.8377782623584025, 0.041710562611385935, 0.007136562771972352], [0.13173436920913423, 0.8326389664675785, 0.01573410420358637, 0.019892560019700873]], "ideal": "D", "sampled": "A", "correct": false}}
{"type": "result", "data": {"idx": 35, "options": ["reduces by 2", "reduces by 4", "increases by 2", "increases by 4"], "probs": [[0.5056449950882569, 0.4532609506985662, 0.03779181154520695, 0.0033022425679699683], [0.19319243943091985, 0.6044550008965257, 0.19623849013242026, 0.006114069440134187], [0.6275081138712953, 0.3575471142298561, 0.01343716178176807, 0.0015076100170804338], [0.38669585259420297, 0.5285588376829364, 0.07980079013529355, 0.004944519487567097]], "ideal": "A", "sampled": "C", "correct": false}}
{"type": "result", "data": {"idx": 36, "options": ["increases", "decreases", "remains the same", "Not enough information to say"], "probs": [[0.7527219407893712, 0.16794514108903727, 0.07810917987260543, 0.0012237381489861143], [0.07354440265365608, 0.6762888774981992, 0.06802528842509194, 0.1821414313230528], [0.01280294905472156, 0.02752725195304655, 0.9407493383544445, 0.018920460537787363], [0.0027131481337082258, 0.893291631193966, 0.09563797380486198, 0.008357246767463742]], "ideal": "A", "sampled": "A", "correct": true}}
{"type": "result", "data": {"idx": 37, "options": ["30 km/h", "40 km/h", "50 km/h", "60 km/h"], "probs": [[0.012322676125821344, 0.40161099240467557, 0.49213041887843895, 0.09393591249106409], [0.006603528950432814, 0.4556465541802178, 0.3897783923561662, 0.14797152441318315], [0.015037213156562219, 0.375805370572708, 0.47512268086095133, 0.1340347353097784], [0.022759959268975855, 0.5427950660549834, 0.3241435909255818, 0.11030138365045893]], "ideal": "C", "sampled": "A", "correct": false}}
{"type": "result", "data": {"idx": 38, "options": ["amplitude", "polarization", "momentum", "frequency"], "probs": [[0.005426751909712399, 0.00675463361180454, 0.0009729778054711687, 0.9868456365730118], [0.0003847236906006181, 0.0025883720481942023, 0.9963926342971983, 0.0006342698640068763], [0.00014202189042489475, 0.9998386497201306, 1.2312737447375553e-05, 7.015551997112816e-06], [0.9991897259967474, 0.0007916420624544631, 1.3620991903530695e-05, 5.0108488946376854e-06]], "ideal": "D", "sampled": "D", "correct": true}}
{"type": "result", "data": {"idx": 39, "options": ["electrons", "protons", "neutrons", "ions"], "probs": [[0.27579859577030796, 0.5838014030904062, 0.1344017866507322, 0.005998214388553638], [0.05578135759302328, 0.1296887325167198, 0.2422939999367519, 0.572235909853505], [0.0048686970821081345, 0.018661976600344007, 0.9723051201383762, 0.004164206079171579], [0.00528510245324559, 0.9914955262454789, 0.0030112232196390005, 0.00020814798163647292]], "ideal": "A", "sampled": "A", "correct": true}}
{"type": "result", "data": {"idx": 40, "options": ["less.", "more.", "the same.", "Need more information."], "probs": [[0.16943068888492546, 0.6196752767087803, 0.149517028532595, 0.061377005773699166], [0.17576937899528727, 0.541325466022166, 0.13476428789830489, 0.14814086698424186], [0.13074107466820795, 0.508853197046893, 0.18434616921488753, 0.17605955897001155], [0.0513490552081565, 0.6061675570528801, 0.2337262936959127, 0.10875709394305076]], "ideal": "C", "sampled": "B", "correct": false}}
{"type": "result", "data": {"idx": 41, "options": ["overlapping one another", "constructively interfering", "moving slower than the source producing them", "All of these"], "probs": [[0.009105102859086596, 0.900176648589916, 0.08242793818798087, 0.008290310263016567], [0.11674459763689929, 0.8231712851075089, 0.05870343990797301, 0.0013806772476187433], [0.34514171653086495, 0.6448488975010193, 0.006729508899883961, 0.0032798769682318655], [0.13872095432867992, 0.26326607538382873, 0.5401776814791398, 0.05783528870835148]], "ideal": "D", "sampled": "B", "correct": false}}
{"type": "result", "data": {"idx": 42, "options": ["cold day", "hot day", "day with steady temperature", "None of these"], "probs": [[0.12148790973338479, 0.7101082463825421, 0.15599300714918135, 0.012410836634891786], [0.3582479116057492, 0.5999540780995039, 0.03492149393066366, 0.006876516264083252], [0.0940322542829562, 0.45566116061492573, 0.33863054441140783, 0.11167604059071023], [0.020459036743208578, 0.5795115013640193, 0.15842788952676692, 0.24160157226600523]], "ideal": "B", "sampled": "B", "correct": true}}
{"type": "result", "data": {"idx": 43, "options": ["half", "twice", "the same", "None of these"], "probs": [[0.1717441714404924, 0.43168325911174193, 0.3750772583006773, 0.021495311047088392], [0.10877846727812653, 0.8037505599116552, 0.08083555699794273, 0.006635415712275469], [0.0864340491318757, 0.19475945320522708, 0.6798484147444798, 0.03895808281841743], [0.059657981084087694, 0.6827066096585743, 0.2049819574668605, 0.052653451690477526]], "ideal": "C", "sampled": "A", "correct": false}}
{"type": "result", "data": {"idx": 44, "options": ["hot to cold ever", "cold to hot ever", "hot to cold without external energy", "cold to hot without external energy"], "probs": [[0.1030440330402327, 0.10797961800210716, 0.7379660009599863, 0.05101034789767377], [0.0031934667974102917, 0.9878366197560686, 0.004100381234002786, 0.004869532112518347], [0.8617340776883194, 0.1222156648165624, 0.013084391816139327, 0.002965865578978771], [0.3535418808106694, 0.4831942319386801, 0.13843914865063056, 0.02482473850001997]], "ideal": "D", "sampled": "C", "correct": false}}
{"type": "result", "data": {"idx": 45, "options": ["hydrogen.", "oxygen.", "nitrogen.", "But all have the same speed on average."], "probs": [[0.12521581443797944, 0.4875288641526204, 0.2866213640777349, 0.10063395723166518], [0.06731913589187272, 0.3112650675675105, 0.46728640246937425, 0.1541293939712425], [0.07159908381875181, 0.48927669554812103, 0.35797349948482854, 0.08115072104829861], [0.2020103878546678, 0.7623919645055791, 0.014633897308893104, 0.02096375023085999]], "ideal": "A", "sampled": "A", "correct": true}}
{"type": "result", "data": {"idx": 46, "options": ["greater", "less", "the same", "Any of these"], "probs": [[0.2621977563525597, 0.25016062843516734, 0.47478874363425433, 0.012852871478018607], [0.16746218001770705, 0.6221138648926815, 0.18392188297095827, 0.02650207201865321], [0.1531377425334004, 0.11925146325848891, 0.7081406166048203, 0.0194701775032904], [0.042758640853330684, 0.8324068969938778, 0.053213191471437805, 0.07162127058135366]], "ideal": "C", "sampled": "A", "correct": false}}
{"type": "result", "data": {"idx": 47, "options": ["less than 0.8 N", "0.8 N", "greater than 0.8 N", "dependent on the orientation of its body"], "probs": [[0.007299579947747658, 0.926576589261916, 0.06016656220770381, 0.005957268482632522], [0.014503129473508292, 0.8972692293790909, 0.04755348551781968, 0.04067415552958111], [0.026886744672414385, 0.018768772655792947, 0.8765485963517495, 0.07779588622004315], [0.0029116275977095632, 0.008827988277376433, 0.9737056735363564, 0.014554710488557542]], "ideal": "B", "sampled": "B", "correct": true}}
{"type": "result", "data": {"idx": 48, "options": ["along and parallel to the wave", "perpendicular to the wave", "Both of these", "Neither of these"], "probs": [[0.5394582543078695, 0.3707834154692906, 0.08806788069087079, 0.0016904494319690754], [0.22619858523737887, 0.5511911778380917, 0.13935894432111084, 0.08325129250341863], [0.007601268322861792, 0.005389906937323991, 0.98019525039299, 0.006813574246824139], [0.014983043285798726, 0.927014544754488, 0.055668429589922096, 0.0023339822697912376]], "ideal": "A", "sampled": "A", "correct": true}}
{"type": "result", "data": {"idx": 49, "options": ["the work done on them", "motion", "Both of these", "Neither of these"], "probs": [[0.9714331023724957, 0.02629681674698627, 0.0022269973980702604, 4.308338244780034e-05], [0.0059661108311932585, 0.9878988614623266, 0.002160808613410883, 0.003974218993069225], [0.10949625554318877, 0.22820841649813864, 0.6603816734173394, 0.0019136544413331275], [0.006447923103069051, 0.9873984760837426, 0.0006384232744192926, 0.005515177438768989]], "ideal": "A", "sampled": "A", "correct": true}}
{"type": "result", "data": {"idx": 50, "options": ["voltage", "energy", "Both of these", "Neither of these"], "probs": [[0.9987247644858155, 0.0012255667747798158, 4.394846964685809e-05, 5.720169757798553e-06], [0.06146334348631015, 0.34823782594360225, 0.006895816685106568, 0.583403013784981], [0.049548008811893, 0.04172024609784325, 0.9061467282676494, 0.002585016722614314], [0.006283064601161762, 0.9926549873722675, 0.00038930382298265985, 0.0006726441035880361]], "ideal": "A", "sampled": "A", "correct": true}}
{"type": "result", "data": {"idx": 51, "options": ["inside the nucleus", "outside the nucleus", "Either of these", "Neither of these"], "probs": [[0.9863389284561825, 0.013218175688521057, 0.00039293523940173896, 4.9960515894616105e-05], [0.00042881693144685606, 0.0005506992878716182, 0.0034255938541373895, 0.9955948898265441], [0.002901099520844499, 0.006537233309809299, 0.9854709356426206, 0.005090731426725671], [0.00034827182814337943, 0.990624978802114, 0.008704688120440333, 0.0003220611493022567]], "ideal": "A", "sampled": "A", "correct": true}}
{"type": "result", "data": {"idx": 52, "options": ["absorbed", "reflected", "scattered", "refracted"], "probs": [[0.010969169007723309, 0.1422395799408339, 0.844527807495698, 0.0022634434557448507], [0.0008493541417157669, 0.9914748020156945, 0.006275557968069487, 0.001400285774520231], [0.36907395747953914, 0.6278137062379484, 0.00299960560381518, 0.00011273057869725327], [0.0705084389731226, 0.8589595399336374, 0.011155763279990422, 0.0593762577132496]], "ideal": "A", "sampled": "C", "correct": false}}
{"type": "result", "data": {"idx": 53, "options": ["destruction", "interference", "resonance", "amplification"], "probs": [[0.00023742043818204608, 0.9979834146400463, 0.0015971453481941, 0.00018201947357761897], [0.9605977081803636, 0.039033565130972295, 0.000302738884450449, 6.598770421366159e-05], [0.0286620150700832, 0.09107826751019783, 0.7277156791225544, 0.15254403819716458], [0.0009857236032971472, 0.009647043738726832, 0.9841221298162369, 0.0052451027417390805]], "ideal": "B", "sampled": "B", "correct": true}}
{"type": "result", "data": {"idx": 54, "options": ["all the colors together", "two or more appropriate colors", "light when a prism is held upside down", "None of these"], "probs": [[0.06274119299355939, 0.7643991453657693, 0.11011748507042929, 0.06274217647024205], [0.23306531058998758, 0.13073577180293827, 0.5504586778099032, 0.08574023969717096], [0.0034791789342581334, 0.008610814304651025, 0.9062142224596844, 0.0816957842014064], [0.019887988977440433, 0.723339840778015, 0.1828811280028694, 0.07389104214167509]], "ideal": "D", "sampled": "A", "correct": false}}
{"type": "result", "data": {"idx": 55, "options": ["about 1 A", "2 A", "Depends on which lamp is closer to the battery", "Not enough information to say"], "probs": [[0.21798358058625705, 0.7728557303384206, 0.00658280890520469, 0.0025778800701176836], [0.07378885949252904, 0.3155255042857721, 0.4811660682760773, 0.1295195678456216], [0.0034725586387280745, 0.02486553919357195, 0.9331475988551324, 0.03851430321256748], [0.00593099549623227, 0.6439798991746404, 0.3446889775637841, 0.005400127665343235]], "ideal": "D", "sampled": "A", "correct": false}}
{"type": "result", "data": {"idx": 56, "options": ["Speed only", "Wavelength only", "Both speed and wavelength", "Neither of these"], "probs": [[0.0610944268643087, 0.3407531450129869, 0.5887833357695613, 0.009369092253142997], [0.07310106992620213, 0.9045972707354595, 0.018774052213975347, 0.0035276070243630804], [0.06462793484914298, 0.23272319206137337, 0.6948088872727336, 0.007839985716750063], [0.0296160782356396, 0.8388758334432416, 0.08841633202930024, 0.04309175619181861]], "ideal": "C", "sampled": "C", "correct": true}}
{"type": "result", "data": {"idx": 57, "options": ["2 Hz", "4 Hz", "8 Hz", "16 Hz"], "probs": [[0.01040690825828779, 0.788810228821416, 0.1602594057975634, 0.040523457022732814], [0.01632774742736166, 0.7275503819118351, 0.2117352792211691, 0.04438659133963411], [0.02457117443286371, 0.8264597545758103, 0.12477747932050136, 0.02419159157082454], [0.019535028970655868, 0.3862434331355391, 0.562014087241923, 0.03220745055188201]], "ideal": "B", "sampled": "B", "correct": true}}
{"type": "result", "data": {"idx": 58, "options": ["frequency", "period", "wavelength", "amplitude"], "probs": [[0.9986695566772391, 0.001264369529754489, 5.555317980308556e-05, 1.052051320328876e-05], [0.011548829554187462, 0.0493889239879305, 0.23561756902968056, 0.7034446773282015], [0.0004119459321845964, 0.9867205732509966, 0.01281510712090055, 5.2373595918298805e-05], [0.847922623626417, 0.15202735372844478, 4.1952633205718715e-05, 8.069911932495325e-06]], "ideal": "D", "sampled": "D", "correct": true}}
{"type": "result", "data": {"idx": 59, "options": ["charged", "uncharged", "Either of these", "Neither of these"], "probs": [[0.5469849599444587, 0.4395605836360906, 0.011713361140051897, 0.001741095179398848], [0.39173642234762635, 0.4235650943939585, 0.13328555373951348, 0.05141292941890166], [0.06759682211090003, 0.18955350570248822, 0.693397853893256, 0.049451818193355715], [0.04138713142102435, 0.8313266409695295, 0.09928049589954656, 0.028005731609899574]], "ideal": "C", "sampled": "A", "correct": false}}
{"type": "result", "data": {"idx": 60, "options": ["absorbed", "transmitted", "scattered", "polarized"], "probs": [[0.004278877406078369, 0.05548505874172645, 0.9384525514403226, 0.001783512311872619], [0.000335111875805515, 0.99891975809732, 0.0005354463530784701, 0.00020968357379599946], [0.9271568373085719, 0.06929454441475552, 0.0031906390709028616, 0.00035797910576970525], [0.0021774375642495264, 0.010227295709545225, 0.007599346908996248, 0.979995919717209]], "ideal": "C", "sampled": "C", "correct": true}}
{"type": "result", "data": {"idx": 61, "options": ["thorium-242", "thorium-238", "thorium-234", "radium-214"], "probs": [[0.4059611230238539, 0.43892648484693725, 0.06731296279865188, 0.08779942923055699], [0.38177045755691885, 0.5057498555254983, 0.03961409148570248, 0.07286559533188025], [0.4639858045717996, 0.3728070944468905, 0.05124977316661804, 0.11195732771469188], [0.29937162626838315, 0.4288183269051432, 0.2331479974065034, 0.038662049319970214]], "ideal": "C", "sampled": "B", "correct": false}}
{"type": "result", "data": {"idx": 62, "options": ["toward you", "away from you", "Both of these", "None of these"], "probs": [[0.015841738494494845, 0.9802973993630145, 0.0017497650442055072, 0.002111096998285131], [0.5316231159873265, 0.461963496654819, 0.003872723252425874, 0.0025406640054286274], [0.04058080226642592, 0.10043949037440796, 0.7899490115739071, 0.06903069568525907], [0.03653861100491243, 0.45927868900240143, 0.4664827147707948, 0.03769998512189134]], "ideal": "C", "sampled": "B", "correct": false}}
{"type": "result", "data": {"idx": 63, "options": ["charge", "energy", "mass", "all of these"], "probs": [[0.0035491073622517296, 0.02663729732772358, 0.9688125245531448, 0.0010010706568798465], [0.0005882864809553346, 0.9992057861656366, 0.00018802202254664298, 1.7905230861421016e-05], [0.9950803317195697, 0.004905510594651188, 1.0985166005325169e-05, 3.172419773825278e-06], [0.020419808387853733, 0.029714599663883835, 0.010593711545474997, 0.9392718803027874]], "ideal": "D", "sampled": "C", "correct": false}}
{"type": "result", "data": {"idx": 64, "options": ["unchanged", "twice as much", "half as much", "four times as much"], "probs": [[0.015475329764726747, 0.9574347663858689, 0.02182401615153847, 0.005265887597865876], [0.19908993958969534, 0.7282168145578597, 0.05358349747433866, 0.019109748278106367], [0.042166231375296105, 0.8081533703368161, 0.08926555945745136, 0.0604148387304364], [0.06252448315477843, 0.43394664309536896, 0.4995317204780081, 0.003997153171844561]], "ideal": "B", "sampled": "B", "correct": true}}
{"type": "result", "data": {"idx": 65, "options": ["breaking the sound barrier", "pulling out of a subsonic dive", "flying faster than sound", "Each of these produces a sonic boom"], "probs": [[0.9392200860379933, 0.04126784161583319, 0.019191985615764785, 0.0003200866304086975], [0.0016881991186618065, 0.9909680999641411, 0.00253426103273079, 0.004809439784466239], [0.5950431673161238, 0.09125055886873397, 0.31357633274064445, 0.00012994097449772066], [0.0043297322386307195, 0.995240707877418, 0.00029465198746500993, 0.0001349077964862634]], "ideal": "C", "sampled": "A", "correct": false}}
{"type": "result", "data": {"idx": 66, "options": ["becomes slightly radioactive", "doesn\u2019t become radioactive", "will spoil faster", "should be avoided"], "probs": [[0.8107925530431555, 0.1753484112995536, 0.010696821538803157, 0.0031622140184877343], [0.008666903832063968, 0.626925834768053, 0.08617599428015467, 0.27823126701972833], [0.004306481906065902, 0.008431281414615485, 0.9746053856279925, 0.012656850951326147], [0.008090673647401538, 0.9648608209419962, 0.023779508711915556, 0.0032689965986866768]], "ideal": "B", "sampled": "A", "correct": false}}
{"type": "result", "data": {"idx": 67, "options": ["fluorescence.", "coherence.", "polarization.", "de-excitation."], "probs": [[0.9843567142664016, 0.015182892978810786, 0.0003983366189063619, 6.205603588130244e-05], [0.000981922207613084, 0.0008271392778745783, 0.0019835195395247183, 0.9962074188749875], [0.002419771757205489, 0.014820463329351228, 0.9761834328275945, 0.006576331985848815], [0.0003514204875882125, 0.999448634752952, 0.00013129650703561245, 6.864815242421708e-05]], "ideal": "D", "sampled": "A", "correct": false}}
{"type": "result", "data": {"idx": 68, "options": ["reflected or converted to internal energy in the material.", "mainly reflected.", "mainly refracted.", "transmitted at a lower frequency."], "probs": [[0.7468101636749821, 0.2350006890108187, 0.013678148694617705, 0.00451099851958147], [0.1361459486500618, 0.43951176216651233, 0.14492498358342512, 0.2794173055000007], [0.0038860324115448036, 0.003708176606020072, 0.9658510805781743, 0.026554710304260837], [0.006084145701644571, 0.9612718523474328, 0.008579845807052759, 0.024064156043869776]], "ideal": "A", "sampled": "A", "correct": true}}
{"type": "result", "data": {"idx": 69, "options": ["1/100 as much", "10 times as much", "100 times as much", "1000 times as much"], "probs": [[0.2779026987402003, 0.42374793637958436, 0.25702629065237287, 0.04132307412784244], [0.14127205504817336, 0.16009210466835613, 0.2766172619325183, 0.4220185782509522], [0.07627800106239478, 0.08779069780425498, 0.746735513135623, 0.08919578789772716], [0.05782383350318473, 0.7498953993605858, 0.1344465474236163, 0.05783421961261318]], "ideal": "C", "sampled": "A", "correct": false}}
{"type": "result", "data": {"idx": 70, "options": ["direction", "energy", "Both of these", "Neither of these"], "probs": [[0.9200384460459885, 0.07552637776499585, 0.00439593374707348, 3.9242341942156185e-05], [0.010562796183970768, 0.9362797771064442, 0.017415948275284625, 0.03574147833430041], [0.019192515332414357, 0.06392248105204754, 0.9104562587405352, 0.006428744775002919], [0.0016418332741088698, 0.9943631976507702, 0.0019194558461929246, 0.0020755131289279844]], "ideal": "A", "sampled": "A", "correct": true}}
{"type": "result", "data": {"idx": 71, "options": ["more dense", "less dense", "more slippery", "warmer"], "probs": [[0.3322947071387812, 0.5652380664068078, 0.09227378049325094, 0.010193445861159986], [0.20747973430795308, 0.5818761283089019, 0.1318783691158993, 0.07876576816724573], [0.6351174174649445, 0.16310852916312557, 0.1763636188066558, 0.02541043446527414], [0.020295912274201095, 0.6616601914183166, 0.2845791523817233, 0.03346474382575898]], "ideal": "A", "sampled": "C", "correct": false}}
{"type": "result", "data": {"idx": 72, "options": ["frequency.", "wavelength.", "air temperature.", "All of these."], "probs": [[0.0012869428586669246, 0.0019017918931599118, 0.9851614814689768, 0.011649783679196396], [0.00021500541185680378, 0.9925319299591099, 0.005047783267602513, 0.0022052812614307394], [0.7964455228545999, 0.2013746287768201, 0.00182587463269838, 0.00035397363588164676], [0.0026937385461721195, 0.006462518103308477, 0.0011953449533679758, 0.9896483982971515]], "ideal": "C", "sampled": "C", "correct": true}}
{"type": "result", "data": {"idx": 73, "options": ["conduction", "convection", "radiation", "All of these, although radiation is greatest"], "probs": [[0.008079629225079541, 0.029554256560870438, 0.919368963386087, 0.04299715072796298], [0.000615935211887072, 0.9983195411788385, 0.0005696304921596983, 0.0004948930171147232], [0.9468641155740004, 0.052593338952691, 0.0004410204956493276, 0.00010152487765923057], [0.7642341472460725, 0.06472891007296885, 0.0031233519268472365, 0.1679135906541114]], "ideal": "C", "sampled": "C", "correct": true}}
