{"type": "result", "data": {"idx": 0, "options": ["p = 4", "p = 8", "p = 12", "p = 24"], "probs": [[0.6041384383740264, 0.07680676188897996, 0.18425156311525837, 0.13480323652173531], [0.024340982525670102, 0.019866177033155644, 0.9277768367284477, 0.028016003612726603], [0.038961314459299186, 0.914906162796261, 0.014333179512797795, 0.03179934313164197], [0.3341814030995779, 0.29491043527322003, 0.22261318893908347, 0.14829497258811863]], "ideal": "C", "sampled": "D", "correct": false}}
{"type": "result", "data": {"idx": 1, "options": ["5", "7", "8", "9"], "probs": [[0.054705991520388166, 0.6359030508969646, 0.25294869758715915, 0.05644225989548806], [0.051886095431784615, 0.6420043562752761, 0.21504787617899512, 0.0910616720139442], [0.06450208227807422, 0.3770016999389102, 0.5234277804907179, 0.035068437192297595], [0.047100274481399, 0.6920937063944848, 0.22469344414650144, 0.036112574877614746]], "ideal": "C", "sampled": "A", "correct": false}}
{"type": "result", "data": {"idx": 2, "options": ["1 over 5", "\u22125", "\u22121 over 5", "5"], "probs": [[0.08237660544112634, 0.7342176983678526, 0.11617120474690813, 0.06723449134411295], [0.15117309760767814, 0.7558219319448745, 0.04831820281382709, 0.044686767533620365], [0.36675322598654014, 0.44935107896231913, 0.15773998434366895, 0.026155710607471804], [0.2779659105028949, 0.45118270496341434, 0.22687054269762258, 0.04398084173606817]], "ideal": "D", "sampled": "C", "correct": false}}
{"type": "result", "data": {"idx": 3, "options": ["4", "5", "6", "7"], "probs": [[0.22526767511994508, 0.34886583162535684, 0.28923198146860324, 0.13663451168609483], [0.16181872542344522, 0.31680094720532054, 0.316812272087658, 0.2045680551835762], [0.30029384041600765, 0.23753480331200233, 0.3246821816922752, 0.13748917447971484], [0.11080051131924798, 0.545345027292, 0.20378632813246209, 0.14006813315628994]], "ideal": "B", "sampled": "A", "correct": false}}
{"type": "result", "data": {"idx": 4, "options": ["4t = 112; $448", "4t = 112; $28", "t over 4 = 112; $448", "t over 4 = 112; $28"], "probs": [[0.0871338099154123, 0.1994430422583455, 0.6747568845074144, 0.03866626321882777], [0.06657337992926186, 0.14539986522383153, 0.7500951121721198, 0.03793164257478686], [0.09925093759630738, 0.25742677522851964, 0.5985849655197062, 0.04473732155546674], [0.09492644704477078, 0.39344519421657415, 0.4600152924185459, 0.05161306622010916]], "ideal": "B", "sampled": "D", "correct": false}}
{"type": "result", "data": {"idx": 5, "options": ["9", "11", "26", "32"], "probs": [[0.08351674675106299, 0.20034469662093385, 0.6569158434210943, 0.059222713106908846], [0.07351566433986481, 0.38519247104216264, 0.4793849205216417, 0.06190694399633082], [0.285711344835149, 0.2601413995496656, 0.4029212250576187, 0.051226030457566754], [0.2380164308004589, 0.22711411591073147, 0.4587936195811663, 0.07607583360764329]], "ideal": "C", "sampled": "C", "correct": true}}
{"type": "result", "data": {"idx": 6, "options": ["1.1 over 11", "11 over 11", "12 over 11", "11 over 12"], "probs": [[0.5052998943847953, 0.3997260257048917, 0.05081986174335234, 0.04415421806696063], [0.061894211681352285, 0.1351887429549631, 0.6759149406326603, 0.12700210463102427], [0.03206840541663608, 0.6645610356581281, 0.20911374763958301, 0.09425681118565285], [0.004525162270696236, 0.932421765292467, 0.018756391376156378, 0.04429668096068042]], "ideal": "C", "sampled": "A", "correct": false}}
{"type": "result", "data": {"idx": 7, "options": ["3.6", "36", "0.01272", "12.72"], "probs": [[0.29524485373691883, 0.06188616759032172, 0.6348771092732576, 0.007991869299501787], [0.018090649224380764, 0.8993248335570542, 0.06827365148529994, 0.014310865633265168], [0.4271466592699307, 0.5399612984996979, 0.017088194081273798, 0.01580384804909769], [0.43736274349377147, 0.21991773602902337, 0.1767113410269736, 0.16600817935023154]], "ideal": "B", "sampled": "C", "correct": false}}
{"type": "result", "data": {"idx": 8, "options": ["159.26", "2.224", "14,111", "126.26"], "probs": [[0.8126571932607728, 0.11525807753954445, 0.06169370309351334, 0.010391026006169448], [0.03533074421346072, 0.056457445379962605, 0.8831587502574656, 0.02505306004911112], [0.007232959711587422, 0.7731863612338076, 0.19549129303366192, 0.02408938592094307], [0.7539852726928088, 0.19363745711456554, 0.047453242463078124, 0.0049240276295475435]], "ideal": "D", "sampled": "D", "correct": true}}
{"type": "result", "data": {"idx": 9, "options": ["0.72", "0.702", "10.0571", "7.2"], "probs": [[0.08348431989403689, 0.8300782990142985, 0.07842576276493096, 0.008011618226733666], [0.34755553041565385, 0.5912108033919052, 0.03720964995210184, 0.024024016140339013], [0.576946288577321, 0.16529602672795668, 0.18440487450628787, 0.07335281008843442], [0.08660389743230039, 0.20452697920279608, 0.68118943931115, 0.02767968395375356]], "ideal": "D", "sampled": "B", "correct": false}}
{"type": "result", "data": {"idx": 10, "options": ["150 + 400 + 200", "200 + 400 + 200", "200 + 450 + 200", "200 + 500 + 200"], "probs": [[0.09762175507027525, 0.5796175827493597, 0.2653692792415574, 0.05739138283880764], [0.05315955299558437, 0.7454166259864583, 0.15870764305838203, 0.04271617785957527], [0.0734238899986556, 0.7651125733427724, 0.11551442813751592, 0.04594910842105606], [0.17759165827613096, 0.4464718567309293, 0.2837977812825131, 0.09213870361042659]], "ideal": "C", "sampled": "C", "correct": true}}
{"type": "result", "data": {"idx": 11, "options": ["21", "7", "1", "None of these"], "probs": [[0.011748867131380833, 0.3770955211115828, 0.47669734841485983, 0.13445826324217655], [0.027552233285378647, 0.6995502403516993, 0.2697081975387922, 0.0031893287241297557], [0.06497340866556972, 0.8425872607554022, 0.0530308316493554, 0.03940849882967258], [0.01722628282632306, 0.0748277096902203, 0.5034281704709942, 0.40451783691246246]], "ideal": "D", "sampled": "C", "correct": false}}
{"type": "result", "data": {"idx": 12, "options": ["8", "9", "49", "63"], "probs": [[0.043566932340731515, 0.4264593616455515, 0.4757540178880231, 0.05421968802569389], [0.08301778136853691, 0.5165421366175047, 0.36060777302950625, 0.03983230888445213], [0.06124885896543888, 0.6900771002497705, 0.21377546286771773, 0.03489857781707279], [0.1611432468985536, 0.5894233119514497, 0.21347751198386616, 0.03595592906613048]], "ideal": "A", "sampled": "D", "correct": false}}
{"type": "result", "data": {"idx": 13, "options": ["6", "11", "8", "5"], "probs": [[0.223403533303828, 0.3569964547917086, 0.3514651734357941, 0.06813483836866933], [0.09976750910323776, 0.5066579353306602, 0.3121462026456984, 0.08142835282040366], [0.080158973033734, 0.32202494861001296, 0.37648797872968615, 0.22132809952656687], [0.033805701248586284, 0.08366934798437088, 0.8063425866761877, 0.07618236399085512]], "ideal": "A", "sampled": "B", "correct": false}}
{"type": "result", "data": {"idx": 14, "options": ["10 bars of soap for $23.20", "16 bars of soap for $36.48", "13 bars of soap for $29.51", "12 bars of soap for $27.60"], "probs": [[0.14244570473404491, 0.31112758712909844, 0.43196751613920426, 0.11445919189765234], [0.2533315457646767, 0.2782293599301904, 0.39237458094569144, 0.07606451325944145], [0.20226930967128237, 0.19300634581881856, 0.39602993734601755, 0.20869440706388148], [0.12050339425614989, 0.1114460742774863, 0.6617060406063372, 0.10634449076002658]], "ideal": "C", "sampled": "B", "correct": false}}
{"type": "result", "data": {"idx": 15, "options": ["5 minutes", "14 minutes", "34 minutes", "70 minutes"], "probs": [[0.049138326257148486, 0.30100999016955504, 0.5536412183654082, 0.09621046510788824], [0.16060429277031682, 0.3676285366422986, 0.4037614406993414, 0.0680057297880432], [0.1900801119042131, 0.3839736694897791, 0.3441919786643106, 0.08175423984169716], [0.051238799225530686, 0.11546781184805373, 0.7297864256529483, 0.10350696317346733]], "ideal": "B", "sampled": "B", "correct": true}}
{"type": "result", "data": {"idx": 16, "options": ["18", "24", "25", "29"], "probs": [[0.2619486748910262, 0.32093718644747476, 0.36940497156263835, 0.04770916699886067], [0.0238685767966374, 0.23732344052337168, 0.29535942331521364, 0.4434485592647773], [0.012600761140382128, 0.09166149964871623, 0.7918616083936828, 0.10387613071721885], [0.018936859970979828, 0.4960608918485815, 0.4112577552847324, 0.07374449279570629]], "ideal": "B", "sampled": "A", "correct": false}}
{"type": "result", "data": {"idx": 17, "options": ["(60/6)\u201412=a", "(60\u201412)/6=a", "(60-6)-12=a", "(60+12)/6=a"], "probs": [[0.2607970778380566, 0.569639556950695, 0.11043754502376203, 0.05912582008748634], [0.7708184050480369, 0.12195982669229284, 0.08124994410087952, 0.025971824058790744], [0.12179088772793953, 0.39311010227310633, 0.3931483684556185, 0.09195064144333558], [0.3474968827076489, 0.4824541012944807, 0.13398177371399084, 0.036067242183879626]], "ideal": "B", "sampled": "B", "correct": true}}
{"type": "result", "data": {"idx": 18, "options": ["5", "25", "50", "125"], "probs": [[0.18715004176730982, 0.7287097979749956, 0.06993241253163276, 0.014207747626061843], [0.12278049346485417, 0.3665518434981136, 0.45618378771613105, 0.05448387522090118], [0.04561971585033083, 0.6916560658801862, 0.19206586835970585, 0.0706583498097771], [0.052938346899076755, 0.8678328571833112, 0.07123626913833338, 0.00799252667927872]], "ideal": "D", "sampled": "A", "correct": false}}
{"type": "result", "data": {"idx": 19, "options": ["7", "16", "30", "33"], "probs": [[0.24005197551903432, 0.492555628298879, 0.20856434987173955, 0.05882804621034711], [0.4895516371949091, 0.27035701473599927, 0.20729307982706158, 0.03279826814203007], [0.35398697401149726, 0.42037158108895506, 0.18654070476045556, 0.03910074003909214], [0.4933199381837183, 0.22941487085177792, 0.2442146290357541, 0.03305056182874972]], "ideal": "A", "sampled": "B", "correct": false}}
{"type": "result", "data": {"idx": 20, "options": ["\u221212", "12", "8", "16"], "probs": [[0.028174473757118918, 0.7153648337201526, 0.19865036563778393, 0.0578103267849446], [0.27386647460106184, 0.36852699514518467, 0.2915325760549837, 0.0660739540987698], [0.05426739900761571, 0.5068917870014653, 0.38865151997494407, 0.050189293915974875], [0.07225588501683658, 0.27268972041634637, 0.6145226220561433, 0.040531772410673766]], "ideal": "C", "sampled": "B", "correct": false}}
{"type": "result", "data": {"idx": 21, "options": ["382", "397", "406", "447"], "probs": [[0.06565187968628551, 0.14117081672286147, 0.6228876802132659, 0.17028962327758712], [0.10907150641376566, 0.33595373722600513, 0.4313804740566698, 0.12359428220355943], [0.10306380634152112, 0.1837256524791192, 0.5485142240618615, 0.16469631701749815], [0.05862631866592708, 0.0922297571592845, 0.5064524004270473, 0.34269152364774114]], "ideal": "B", "sampled": "C", "correct": false}}
{"type": "result", "data": {"idx": 22, "options": ["\u22127", "\u22121", "1", "7"], "probs": [[0.7839706609676911, 0.1221171460994084, 0.04220319628421062, 0.051708996548689934], [0.49018685237312126, 0.3214690373583721, 0.050076010438351, 0.1382680997301556], [0.05732877466509489, 0.13539039885552245, 0.6163453963327167, 0.19093543004666602], [0.022867636880604947, 0.8716236996801126, 0.046194359913660284, 0.05931430342562217]], "ideal": "A", "sampled": "A", "correct": true}}
{"type": "result", "data": {"idx": 23, "options": ["53", "63", "73", "83"], "probs": [[0.06414222114954711, 0.13368250727097142, 0.6895994697477129, 0.11257580173176854], [0.14366989585579162, 0.2156721167773762, 0.5507497478116765, 0.08990823945515564], [0.08477088631540687, 0.26111014445488706, 0.5793078929632581, 0.07481107616644792], [0.24516394640600303, 0.3247865426037276, 0.40420919502131786, 0.025840315868951524]], "ideal": "C", "sampled": "D", "correct": false}}
{"type": "result", "data": {"idx": 24, "options": ["11.1", "5.7", "3.7", "22.68"], "probs": [[0.040499208287910184, 0.41546987205377184, 0.463487554661637, 0.08054336489668096], [0.4619105145675099, 0.18956604273152008, 0.32246403884887903, 0.026059403752090912], [0.37902448424686697, 0.08862992573306118, 0.4643895729402884, 0.06795601697978348], [0.14642297711850358, 0.2163982834270604, 0.5701403999597676, 0.06703833939466836]], "ideal": "B", "sampled": "B", "correct": true}}
{"type": "result", "data": {"idx": 25, "options": ["32", "3.2", "3,200", "320"], "probs": [[0.20802739239439985, 0.7491250089256211, 0.021925960003790296, 0.02092163857618882], [0.3601726209860058, 0.3545786651363242, 0.17013099311861757, 0.11511772065905244], [0.036934919926816134, 0.14837877561440518, 0.6150187299159474, 0.19966757444283129], [0.009011892282013267, 0.798641891745715, 0.170041748806979, 0.022304467065292717]], "ideal": "A", "sampled": "A", "correct": true}}
{"type": "result", "data": {"idx": 26, "options": ["46.4", "456", "4.56", "45.6"], "probs": [[0.47252209825784786, 0.05058731015706264, 0.45798723776187356, 0.018903353723215936], [0.08483161062953781, 0.5115995425651461, 0.3461681914958202, 0.057400655209495936], [0.13610712574072514, 0.5383113977529594, 0.27927308023432773, 0.04630839617198767], [0.442900655959585, 0.2728607644133817, 0.24844616556497162, 0.03579241396206167]], "ideal": "D", "sampled": "D", "correct": true}}
{"type": "result", "data": {"idx": 27, "options": ["508", "508 r2", "578", "578 r2"], "probs": [[0.42585799649011885, 0.3530431137463971, 0.20432663228235529, 0.016772257381128794], [0.06768104761107571, 0.5240871563518966, 0.3658783314622821, 0.04235346447474554], [0.2934605831631474, 0.312381720369768, 0.3768073688221052, 0.017350327544979356], [0.04017160394206469, 0.7943411479244776, 0.1516045298569771, 0.01388271817648061]], "ideal": "D", "sampled": "A", "correct": false}}
{"type": "result", "data": {"idx": 28, "options": ["100 \u2014 5d", "5d+ 100", "100 / 5d", "5d"], "probs": [[0.6731080778916815, 0.28950028205726447, 0.03351228121376605, 0.00387935873728799], [0.19058195197507855, 0.6863165119976113, 0.11559529711256318, 0.007506238814746899], [0.3921768835109653, 0.4375035023693003, 0.16095102797209473, 0.009368586047639646], [0.023182545610610294, 0.9116744099284653, 0.05063556671776612, 0.014507477643158276]], "ideal": "A", "sampled": "A", "correct": true}}
{"type": "result", "data": {"idx": 29, "options": ["4t", "t over 4", "t \u2212 4", "t + 4"], "probs": [[0.6442815882798653, 0.3395125386542725, 0.006723829776104293, 0.009482043189757943], [0.02342737742390474, 0.044457403979357935, 0.318386780057843, 0.6137284384388944], [0.003516934035976174, 0.017041542388166714, 0.9751327468213639, 0.004308776654493287], [0.008512402055742644, 0.9839271309756136, 0.005083241651595781, 0.0024772252170479864]], "ideal": "A", "sampled": "A", "correct": true}}
{"type": "result", "data": {"idx": 30, "options": ["681,452", "462,017", "246,412", "125,655"], "probs": [[0.4689835625007539, 0.25498658511095434, 0.22502687655011697, 0.05100297573817475], [0.3979777276720667, 0.3051454035589307, 0.22325205135342, 0.0736248173155826], [0.20262233175629457, 0.26017428411081, 0.46381472284233866, 0.07338866119055673], [0.16102410371409623, 0.5279866299105209, 0.24172946087895125, 0.0692598053964316]], "ideal": "B", "sampled": "A", "correct": false}}
{"type": "result", "data": {"idx": 31, "options": ["15 remainder 7", "15 remainder 3", "16 remainder 5", "16 remainder 1"], "probs": [[0.7238176882257474, 0.13181687161185993, 0.12383194981541906, 0.020533490246973585], [0.7797101139242568, 0.08347465842127519, 0.12928965686458874, 0.00752557068987931], [0.75801271162152, 0.09195716652509585, 0.13379843088304783, 0.016231690870336414], [0.5788648799452495, 0.2197113959606441, 0.1793261789635862, 0.02209754503052023]], "ideal": "B", "sampled": "B", "correct": true}}
{"type": "result", "data": {"idx": 32, "options": ["17 over 2", "34 over 4", "17 over 4", "19 over 2"], "probs": [[0.03808509809991094, 0.24834371314351264, 0.6857076069454794, 0.027863581711097055], [0.35096437323808133, 0.44365946197717704, 0.1849472851578077, 0.02042887952693393], [0.1022036828424485, 0.07247238878081658, 0.8039010238280614, 0.02142290444867352], [0.09437502385570401, 0.12699422522841533, 0.7540116477900354, 0.024619103025845267]], "ideal": "A", "sampled": "B", "correct": false}}
{"type": "result", "data": {"idx": 33, "options": ["200,000 + 7,000 + 200 + 4", "200,000 + 7,000 + 200 + 40", "200,000 + 70,000 + 200 + 40", "200,000 + 70,000 + 2,000 + 40"], "probs": [[0.06226828950266186, 0.40604051187223894, 0.4529753838589922, 0.07871581466610698], [0.058479297224955144, 0.8072847548138953, 0.11272243997115004, 0.021513507889999492], [0.11511938160107342, 0.694261379898101, 0.11512067055142053, 0.07549856784940509], [0.2374821617983131, 0.1005552887154054, 0.5970378401829396, 0.06492470920334197]], "ideal": "C", "sampled": "C", "correct": true}}
{"type": "result", "data": {"idx": 34, "options": ["220 parts", "770 parts", "4 parts", "110 parts"], "probs": [[0.23804215143836882, 0.5534650561021244, 0.15369129006107915, 0.054801502298427694], [0.07157601602044239, 0.049192940231524665, 0.7228911110789806, 0.15633993256905232], [0.021290321614747445, 0.17826016843153678, 0.7050324914096551, 0.09541701844406067], [0.0853191950229558, 0.35920618586552094, 0.514537595810887, 0.040937023200636295]], "ideal": "D", "sampled": "A", "correct": false}}
{"type": "result", "data": {"idx": 35, "options": ["the mean would increase.", "the mean would decrease.", "the median would increase.", "the median would decrease."], "probs": [[0.14349835047176032, 0.3183643018393531, 0.3900758739938437, 0.14806147359504288], [0.01122673918882747, 0.7166193373854916, 0.2085486424098788, 0.06360528091580218], [0.29399485488257066, 0.4145987485902689, 0.2084774452417276, 0.08292895118543284], [0.10665088384241765, 0.39625112103994914, 0.37811375505675604, 0.11898423996087715]], "ideal": "A", "sampled": "C", "correct": false}}
{"type": "result", "data": {"idx": 36, "options": ["\u20137", "5", "7", "27"], "probs": [[0.03296586224005363, 0.2183451121333977, 0.6318145581988853, 0.11687446732766335], [0.04668677486124778, 0.0957917773511457, 0.8020805567863497, 0.05544089090125685], [0.04932563793217556, 0.6809187670245167, 0.23532056718287225, 0.03443502776043542], [0.43048002830521875, 0.2268422667435704, 0.2958648171442132, 0.046812887706997666]], "ideal": "A", "sampled": "D", "correct": false}}
{"type": "result", "data": {"idx": 37, "options": ["3-p", "p+3", "3/p", "p-3"], "probs": [[0.05681726750772207, 0.8219935954433752, 0.04936413875744927, 0.07182499819145337], [0.09673493955457037, 0.2712860662772263, 0.6113836077528219, 0.020595386315381534], [0.0011817436846043418, 0.9782299952308178, 0.006191879483589632, 0.014396381500988207], [0.7916666521956554, 0.20016498012391723, 0.00623643557886392, 0.0019319320015634624]], "ideal": "D", "sampled": "D", "correct": true}}
{"type": "result", "data": {"idx": 38, "options": ["30 \u00d7 10^1", "30 \u00d7 10^3", "(6 \u00d7 5) \u00d7 10^2", "(6 \u00d7 5) \u00d7 10^3"], "probs": [[0.16478127485030064, 0.36558607761759565, 0.37719601951039883, 0.09243662792170489], [0.25037819610971934, 0.1980661339499573, 0.5137536620906641, 0.03780200774965919], [0.2512613083712963, 0.6724201828407597, 0.05104790549677696, 0.025270603191167106], [0.5354505856611913, 0.1463852993458945, 0.2490147538087315, 0.06914936108418267]], "ideal": "C", "sampled": "D", "correct": false}}
{"type": "result", "data": {"idx": 39, "options": ["0", "3", "9", "12"], "probs": [[0.012497524962580381, 0.611639584634407, 0.3123953763607277, 0.06346751394228488], [0.31820167174664654, 0.4487280399594713, 0.19000617304800121, 0.04306411514588089], [0.10361836591042951, 0.1708351655069734, 0.39105080746927046, 0.3344956610133267], [0.014940513185105909, 0.02835173324695033, 0.8820102744262783, 0.0746974790416654]], "ideal": "C", "sampled": "B", "correct": false}}
{"type": "result", "data": {"idx": 40, "options": ["1850x", "2000 \u2212150x", "150x", "2000 +150x"], "probs": [[0.01896442920268017, 0.9427884859061746, 0.011502687143250945, 0.02674439764789426], [0.8890517361293225, 0.08802756084184282, 0.013928074398647251, 0.008992628530187344], [0.27550109929501165, 0.7146082444898102, 0.006581369252179681, 0.0033092868629984473], [0.8684845390431054, 0.058184883575296394, 0.06593310406565843, 0.007397473215939765]], "ideal": "B", "sampled": "B", "correct": true}}
{"type": "result", "data": {"idx": 41, "options": ["w > 2.3", "w < 2.4", "w > 3.2", "w < 3.3"], "probs": [[0.23977325496997914, 0.566272548287023, 0.10977820142336323, 0.0841759952196346], [0.4595094069013494, 0.30135255314022935, 0.16642644749604715, 0.07271159236237411], [0.19839018137877218, 0.454120744999816, 0.2507930937726396, 0.0966959797487723], [0.31407806335985167, 0.4941131950679396, 0.12493336664480671, 0.06687537482740198]], "ideal": "D", "sampled": "B", "correct": false}}
{"type": "result", "data": {"idx": 42, "options": ["-6", "-5", "0", "5"], "probs": [[0.27000198016970284, 0.6579040945585808, 0.018089072945479703, 0.054004852226236646], [0.13494098669870933, 0.3445846479350968, 0.2521017005711745, 0.2683726646950194], [0.009389966445521297, 0.17442911341743467, 0.5543278289977358, 0.2618530910393082], [0.013704016293176524, 0.8478474876730984, 0.07408291328398654, 0.06436558264973855]], "ideal": "A", "sampled": "A", "correct": true}}
{"type": "result", "data": {"idx": 43, "options": ["156", "110", "94", "48"], "probs": [[0.25142053048131086, 0.22187754757581898, 0.4697186402847879, 0.05698328155808229], [0.08640586390810227, 0.19778458330028972, 0.6485164615940032, 0.06729309109760474], [0.10057209993109772, 0.2820611753439386, 0.5609506681531746, 0.05641605647178903], [0.1887697208942307, 0.1887697655977126, 0.5724412585058103, 0.050019254902246436]], "ideal": "C", "sampled": "D", "correct": false}}
{"type": "result", "data": {"idx": 44, "options": ["15, 17", "15, 19", "17, 19", "17, 21"], "probs": [[0.04594952950949778, 0.7076266950583138, 0.21581426099903234, 0.030609514333156135], [0.10812978405120831, 0.4770897906649985, 0.3774108574258465, 0.03736956775794663], [0.05334062342287287, 0.8744307494948849, 0.062361488116659564, 0.00986713886558272], [0.1306319780987983, 0.48535627757793987, 0.3441702979585797, 0.03984144626468211]], "ideal": "D", "sampled": "D", "correct": true}}
{"type": "result", "data": {"idx": 45, "options": ["3 cans", "12 cans", "36 cans", "13 cans"], "probs": [[0.04223571517862048, 0.48335640618184755, 0.36485634745518036, 0.10955153108435157], [0.03434508112912727, 0.7006964478330222, 0.17995352556732405, 0.08500494537052641], [0.23636901897786486, 0.4849911132904845, 0.22909439159114653, 0.04954547604050408], [0.01690674568290302, 0.9523580046749369, 0.024217270244609453, 0.006517979297550581]], "ideal": "B", "sampled": "A", "correct": false}}
{"type": "result", "data": {"idx": 46, "options": ["3.18, 3 and 1 over 8, 3.8,3", "3,3 and 1 over 8, 3.18, 3", "3.8, 3 and 1 over 8, 3.18, 3", "3.8, 3.18, 3 and 1 over 8, 3"], "probs": [[0.17720025247946863, 0.31588082561073466, 0.4385975468138088, 0.06832137499598791], [0.1767370601027597, 0.39826695239659865, 0.3983105829977889, 0.026685404402852813], [0.28733641548568517, 0.5042699091586584, 0.18553142662423938, 0.022862248631416962], [0.22802774899624906, 0.41939059196391887, 0.31169551066025614, 0.04088614827957594]], "ideal": "D", "sampled": "D", "correct": true}}
{"type": "result", "data": {"idx": 47, "options": ["10", "11", "20", "2"], "probs": [[0.08075366552467755, 0.5693675024520835, 0.2774902159820072, 0.07238861594123185], [0.09344393967894939, 0.746571557445037, 0.14473013901895196, 0.01525436375706159], [0.08085646599998843, 0.616415926997054, 0.2267688695378162, 0.07595873736514132], [0.038532114230139566, 0.2323776183433148, 0.6122406512188031, 0.11684961610774254]], "ideal": "C", "sampled": "B", "correct": false}}
{"type": "result", "data": {"idx": 48, "options": ["800,000", "830,000", "836,000", "840,000"], "probs": [[0.028361252777207097, 0.5351285213272348, 0.4233210285860305, 0.013189197209527614], [0.027414010259340017, 0.893746773294376, 0.07110672556019638, 0.007732490786087569], [0.36300139398590925, 0.5039706656736719, 0.12350425453911132, 0.009523685701307577], [0.28199900493191954, 0.3348772325850091, 0.3348789313172838, 0.04824483106578752]], "ideal": "D", "sampled": "C", "correct": false}}
{"type": "result", "data": {"idx": 49, "options": ["14", "\u22124", "45", "\u221245"], "probs": [[0.008508386894084726, 0.9531697487895733, 0.027897465555598105, 0.010424398660743898], [0.03152923174063095, 0.6636599066757258, 0.2810118098662959, 0.023799051617347296], [0.027965852402343474, 0.9554989692573445, 0.008138548800817266, 0.008396629439494806], [0.4612903035535598, 0.41999855704120403, 0.10292676837857463, 0.015784370926661507]], "ideal": "D", "sampled": "D", "correct": true}}
{"type": "result", "data": {"idx": 50, "options": ["21 birds", "40 birds", "42 birds", "84 birds"], "probs": [[0.028440123262168396, 0.4885877343043796, 0.39259150400971693, 0.0903806383237351], [0.03443442798873765, 0.2794368079402908, 0.5139696848941926, 0.17215907907677894], [0.021709416787333763, 0.49409137827738836, 0.43603567746511235, 0.048163527370165535], [0.014713953069540403, 0.8551566496408933, 0.10872091220221884, 0.021408484987347366]], "ideal": "A", "sampled": "A", "correct": true}}
{"type": "result", "data": {"idx": 51, "options": ["78", "83", "131", "153"], "probs": [[0.1305747093489399, 0.12459483651052555, 0.6631179006624123, 0.08171255337812224], [0.12830099605567355, 0.28023559165442086, 0.5317971169245095, 0.059666295265396053], [0.28899237618310303, 0.23958321002554875, 0.4271055177436787, 0.044318895947669516], [0.22541605773608986, 0.26768795650338334, 0.42776669661024286, 0.07912928905028395]], "ideal": "B", "sampled": "C", "correct": false}}
{"type": "result", "data": {"idx": 52, "options": ["Leslie spent 20 dollars and 8 cents at a store. How is the amount of money Leslie spent written as a fraction?", "Mr. Kramer\u2019s 8 grandchildren shared 20 crackers equally. How many crackers did each grandchild get?", "Mitch bought 20 containers of flowers at a plant store. Each container had 8 flowers in it. How many flowers did Mitch buy?", "Stamps are sold in booklets of 20 stamps. Donna used 8 stamps to send invitations for a party. How many booklets of stamps did Donna use to send her invitations?"], "probs": [[0.9157632119345422, 0.07061488563995721, 0.010661320213677956, 0.0029605821118225285], [0.7501821712819399, 0.15004058572000442, 0.05875674042746404, 0.041020502470591594], [0.9211206396632385, 0.05361410579921655, 0.023791119354204658, 0.001474135083340209], [0.8759770873327909, 0.11670969370114427, 0.004251180738862036, 0.0030620381272027726]], "ideal": "B", "sampled": "A", "correct": false}}
{"type": "result", "data": {"idx": 53, "options": ["120 miles", "80 miles", "26 miles", "12 miles"], "probs": [[0.8333536894015837, 0.14709475042197107, 0.018995586076910844, 0.0005559739995343608], [0.5677540706211927, 0.34978055462302177, 0.07564559372026988, 0.006819780935515624], [0.08249300156810732, 0.12578535359850376, 0.7705355458055786, 0.021186098927810353], [0.021670042082106766, 0.7759214881095836, 0.17585742881575525, 0.026551040892554306]], "ideal": "A", "sampled": "A", "correct": true}}
{"type": "result", "data": {"idx": 54, "options": ["add 6 to both sides", "divide both sides by 6", "multiply both sides by 6", "subtract 6 from both sides"], "probs": [[0.016241504953892736, 0.2173057540103493, 0.7351466656601406, 0.031306075275617296], [0.32669997624660774, 0.6703489506800002, 0.0020043049258814893, 0.0009467680475105375], [0.7339625726967773, 0.0593127936092412, 0.18557558395076124, 0.02114904964322021], [0.008860061619790967, 0.04096780971214083, 0.9037493205505719, 0.046422808017496334]], "ideal": "B", "sampled": "C", "correct": false}}
{"type": "result", "data": {"idx": 55, "options": ["7", "10", "21", "39"], "probs": [[0.23273924164187512, 0.0779492339261101, 0.5163423456952878, 0.17296917863672692], [0.11616628000654476, 0.05840424140410478, 0.5287577568444592, 0.2966717216448912], [0.12840977501195716, 0.06257239076722375, 0.622186967998915, 0.18683086612190403], [0.18215356360959772, 0.11220411133860732, 0.4234896256195979, 0.28215269933219705]], "ideal": "A", "sampled": "A", "correct": true}}
{"type": "result", "data": {"idx": 56, "options": ["84 \u2212 11 = t; 73\u00b0F", "t \u2212 84 = 11; 95\u00b0F", "84 \u2212 t = 11; 73\u00b0F", "t \u2212 11 = 84; 95\u00b0F"], "probs": [[0.08834340488283098, 0.5583446662936411, 0.2896766981913799, 0.06363523053214798], [0.1270231036794516, 0.5264881370395273, 0.3095209667415066, 0.03696779243951443], [0.10056344718414581, 0.19689016628949382, 0.6557790235751448, 0.04676736285121553], [0.022176198490026524, 0.8720953533595227, 0.049976144072299514, 0.05575230397815124]], "ideal": "D", "sampled": "A", "correct": false}}
{"type": "result", "data": {"idx": 57, "options": ["72 \u00f7 9 = 8", "72 \u2013 9 = 63", "9 + 72 = 81", "9 \u00f7 72 = 0.125"], "probs": [[0.7515383868185266, 0.1813146306310759, 0.038006093605721325, 0.029140888844676235], [0.0580609983915516, 0.3238351167353179, 0.30421597895768865, 0.3138879058154419], [0.028442242210646906, 0.2134685597560815, 0.6473409923919463, 0.11074820554132528], [0.07724302293169552, 0.8048852298792274, 0.08617086829356965, 0.03170087879550741]], "ideal": "A", "sampled": "A", "correct": true}}
{"type": "result", "data": {"idx": 58, "options": ["2 boxes", "4 boxes", "5 boxes", "6 boxes"], "probs": [[0.013820979442208984, 0.09744441952958101, 0.8550584109556404, 0.03367618997256956], [0.025020157962435667, 0.8548530951309177, 0.08076450987985077, 0.0393622369267959], [0.3110334132005762, 0.4185329778384524, 0.2499187621075912, 0.020514846753380167], [0.12108763847426042, 0.3190187060075286, 0.4864493825448102, 0.07344427287340079]], "ideal": "D", "sampled": "C", "correct": false}}
{"type": "result", "data": {"idx": 59, "options": ["14", "20", "40", "60"], "probs": [[0.15089456285831687, 0.1485497311041301, 0.5694588252493855, 0.13109688068816755], [0.058873448295690786, 0.05887079216371815, 0.653022048359545, 0.22923371108104604], [0.06842981144964165, 0.09956228132107163, 0.8079871660843594, 0.024020741044927327], [0.15946238993804865, 0.5228432934529776, 0.28426977565620126, 0.03342454085277246]], "ideal": "B", "sampled": "A", "correct": false}}
{"type": "result", "data": {"idx": 60, "options": ["6 over 14", "8 over 49", "14 over 28", "6 over 7"], "probs": [[0.2612822969092088, 0.125363782969722, 0.5707001728045967, 0.042653747216472464], [0.0555685471879976, 0.570059890292104, 0.3623539095315296, 0.01201765288836878], [0.2031009536668781, 0.7088933731611234, 0.08206116575424968, 0.005944507317748735], [0.6738343093818598, 0.19305693687774345, 0.1227157238538953, 0.010393029786501426]], "ideal": "D", "sampled": "D", "correct": true}}
{"type": "result", "data": {"idx": 61, "options": ["5", "10", "15", "20"], "probs": [[0.0013878242411638922, 0.9981039548894554, 0.000429925612582144, 7.82951567985754e-05], [0.9375158368426005, 0.04741104228699851, 0.0133729425486352, 0.0017001782217657112], [0.020261074237774547, 0.005989087968059299, 0.16442101314588073, 0.8093288245482854], [0.003357325058834959, 0.020565521005866175, 0.9755541985827131, 0.0005229552525857347]], "ideal": "B", "sampled": "B", "correct": true}}
{"type": "result", "data": {"idx": 62, "options": ["125 push-ups", "279 push-ups", "1,395 push-ups", "1,406 push-ups"], "probs": [[0.059132812328296744, 0.7203863463683422, 0.20004451831789308, 0.020436322885468], [0.11565387700222861, 0.5347782582075014, 0.3294696936405735, 0.02009817104969654], [0.49517412971641744, 0.47249894241496954, 0.030206094771268517, 0.002120832997344524], [0.8635318882491541, 0.09244889028605284, 0.03348314019840948, 0.010536081166383604]], "ideal": "C", "sampled": "D", "correct": false}}
{"type": "result", "data": {"idx": 63, "options": ["6 and 10", "5 and 12", "10 and 12", "12 and 15"], "probs": [[0.6211923892611486, 0.3324975933011852, 0.0443017254657337, 0.0020082918719324756], [0.803103702501536, 0.13526405682465942, 0.05638732881364787, 0.0052449117601567905], [0.7904832575563278, 0.16830220001769652, 0.0375537965848765, 0.0036607457410992605], [0.7268623420914545, 0.21824132828651643, 0.05265402271422032, 0.0022423068078087586]], "ideal": "C", "sampled": "B", "correct": false}}
{"type": "result", "data": {"idx": 64, "options": ["\u22124", "\u22122", "10", "2"], "probs": [[0.06948250483654371, 0.9152474128824052, 0.012264554687020248, 0.003005527494030885], [0.05191821822248617, 0.18696191347869476, 0.7167120957637733, 0.04440777243504583], [0.010863703016836963, 0.3541725957214388, 0.611965499964108, 0.022998201197616298], [0.01490203273534839, 0.42874219205269, 0.5505201499389825, 0.005835625172979177]], "ideal": "D", "sampled": "B", "correct": false}}
{"type": "result", "data": {"idx": 65, "options": ["232", "236", "345", "460"], "probs": [[0.11919530457706273, 0.47141557839377873, 0.39082211179322707, 0.01856700513593142], [0.17568539604830424, 0.3083303364305422, 0.4701538821630569, 0.04583038525809657], [0.027819391389053035, 0.1842579844861584, 0.7757694138849538, 0.012153210139834768], [0.02813411031652515, 0.8221947258974592, 0.13848012194306233, 0.01119104174295327]], "ideal": "C", "sampled": "A", "correct": false}}
{"type": "result", "data": {"idx": 66, "options": ["50 and 400", "450 and 700", "750 and 1,000", "1,050 and 1,300"], "probs": [[0.058166233037672106, 0.33999476466643497, 0.5348883966359633, 0.0669506055599296], [0.19037773918848913, 0.35567300780450406, 0.39678579097504657, 0.05716346193196022], [0.20055303050268247, 0.5121327657192398, 0.23816464927707412, 0.04914955440100359], [0.13256289359859713, 0.19899978186434816, 0.6226238746904947, 0.045813449746559945]], "ideal": "D", "sampled": "B", "correct": false}}
{"type": "result", "data": {"idx": 67, "options": ["7", "12", "48", "56"], "probs": [[0.06532443362807977, 0.27075654467286553, 0.564310972070224, 0.09960804952883075], [0.09335167029573564, 0.29206416225540743, 0.537193183079236, 0.07739098426962092], [0.10865477228594828, 0.2689177929582988, 0.51032202290136, 0.11210541175439291], [0.11293026972073923, 0.16952418041805212, 0.6010291069298337, 0.11651644283137491]], "ideal": "A", "sampled": "C", "correct": false}}
{"type": "result", "data": {"idx": 68, "options": ["18 and 28", "180 and 280", "1,800 and 2,800", "18,000 and 28,000"], "probs": [[0.09273009815428776, 0.24431133449846687, 0.5860798998043959, 0.07687866744284942], [0.1858962067121231, 0.5132765278564495, 0.27047965482017944, 0.03034761051124789], [0.3902715226114433, 0.5334400643393432, 0.06272334733342638, 0.013565065615787082], [0.458012293836363, 0.3680240658739813, 0.13752282590999199, 0.03644081427966372]], "ideal": "C", "sampled": "C", "correct": true}}
{"type": "result", "data": {"idx": 69, "options": ["7 \u2022 11^2 \u2022 13", "7^2 \u2022 11", "7 \u2022 11 \u2022 13", "7 \u2022 11"], "probs": [[0.9225702580166801, 0.048894366513422854, 0.027859388871053242, 0.0006759864988437752], [0.12267767437238855, 0.8515578290172396, 0.022693305351928487, 0.003071191158443327], [0.9379419058490142, 0.03932311000816516, 0.022058390010672696, 0.0006765940321480236], [0.45583431604924673, 0.516529340620569, 0.0253179250260252, 0.0023184182041590855]], "ideal": "D", "sampled": "C", "correct": false}}
{"type": "result", "data": {"idx": 70, "options": ["$20.93 ", "$28.93 ", "$32.93 ", "$48.93 "], "probs": [[0.3762518409076806, 0.38819300546052865, 0.1891908468237447, 0.04636430670804601], [0.4666937415321725, 0.3013172335130693, 0.20072198654484766, 0.03126703830991052], [0.49910876155220707, 0.3172500242124628, 0.16458844155880362, 0.019052772576526534], [0.5692083067032939, 0.2907216765233484, 0.1211917341522182, 0.018878282521139423]], "ideal": "C", "sampled": "D", "correct": false}}
{"type": "result", "data": {"idx": 71, "options": ["160", "240", "320", "640"], "probs": [[0.08684102897883685, 0.4015450686620625, 0.35436286386686466, 0.15725103839223595], [0.13237907188371853, 0.21825315381271365, 0.4767107736097518, 0.17265700059381603], [0.04297049443553431, 0.4619727139698821, 0.395146404474616, 0.09991038701996756], [0.143439229013904, 0.16253524532673885, 0.5413321094766701, 0.15269341608268708]], "ideal": "A", "sampled": "D", "correct": false}}
{"type": "result", "data": {"idx": 72, "options": ["0.021 repeating", "0.21 Repeating", "0.22 Repeating", "0.2121"], "probs": [[0.7357667019249226, 0.19193704245613932, 0.05499215744824492, 0.01730409807069321], [0.7701370485073855, 0.09945264930036521, 0.12185486983648901, 0.008555432255760219], [0.7548976362080805, 0.1311810238204761, 0.10875476008209471, 0.005166579789348636], [0.057055626584518536, 0.6529679784246966, 0.267979284198553, 0.021997110692231855]], "ideal": "B", "sampled": "A", "correct": false}}
{"type": "result", "data": {"idx": 73, "options": ["(40 \u00d7 10) + (6 \u00d7 2) = 400 + 12", "(40 \u00d7 6) + (10 \u00d7 2) = 240 + 20", "(40 \u00d7 12) + (6 \u00d7 12) = 480 + 72", "(40 \u00d7 12) + (60 \u00d7 12) = 480 + 720"], "probs": [[0.04145328468489638, 0.04552703468454023, 0.8457335952345043, 0.06728608529605912], [0.05834992403251332, 0.3357785443857866, 0.5365771810643889, 0.0692943504173111], [0.17114383044298634, 0.6875506664406298, 0.0945156369059477, 0.0467898661104361], [0.6569883978239184, 0.17408562027583183, 0.05651817091239905, 0.11240781088785075]], "ideal": "C", "sampled": "D", "correct": false}}
{"type": "result", "data": {"idx": 74, "options": ["$649 ", "$6,049 ", "$6,409 ", "$6,490 "], "probs": [[0.0024542030224499255, 0.9747497775731314, 0.01033256734200975, 0.01246345196240895], [0.9845701784929071, 0.011109770905484036, 0.0038394833804319952, 0.00048056712117692016], [0.04716773141801632, 0.932703815208364, 0.012895012688012667, 0.007233440585607076], [0.9948515347639942, 0.0046070746419090685, 0.000463349835738078, 7.804065835863145e-05]], "ideal": "B", "sampled": "B", "correct": true}}
{"type": "result", "data": {"idx": 75, "options": ["SSSSS; AAA", "SSSSS; AAAA", "SSSSSSSS; AAAA", "SSSSSSSS; A"], "probs": [[0.08197698515433145, 0.7657310850801822, 0.12306168708482858, 0.02923024258065775], [0.1406357489622471, 0.6205222837200978, 0.16701023901112094, 0.07183172820653418], [0.16858554495601705, 0.4802568601947731, 0.3005379579380195, 0.050619636811190374], [0.11154860170943143, 0.46963896823903123, 0.3490054645036242, 0.0698069654479132]], "ideal": "D", "sampled": "B", "correct": false}}
{"type": "result", "data": {"idx": 76, "options": ["$2.82 ", "$2.97 ", "$6.47 ", "$12.77 "], "probs": [[0.654876291686374, 0.10361564903415214, 0.22988253829564578, 0.01162552088382814], [0.5087041447810308, 0.3233497262925558, 0.13691458614718388, 0.03103154267922949], [0.33472276728152106, 0.14396092723244056, 0.4946856943674625, 0.026630611018575834], [0.022900202344854, 0.8199698007416211, 0.12772552168165674, 0.029404475131868165]], "ideal": "A", "sampled": "A", "correct": true}}
{"type": "result", "data": {"idx": 77, "options": ["4 over 6", "10 over 12", "15 over 17", "5 over 6"], "probs": [[0.8059845546472115, 0.1125390369069904, 0.072661580549505, 0.008814827796293083], [0.048987966938409296, 0.05727164180882586, 0.8683262032207923, 0.02541418793197249], [0.010328345882938498, 0.9153090671870616, 0.06228758737619406, 0.012074999453805815], [0.8216437962501296, 0.1568122109699871, 0.01843846462551209, 0.0031055280543711467]], "ideal": "D", "sampled": "D", "correct": true}}
