{"type": "result", "data": {"idx": 0, "options": ["10%", "20%", "40%", "80%"], "probs": [[0.0002288303614712185, 0.0551242440984197, 0.9323471601390756, 0.012299765301033473], [0.0005808966793843861, 0.5710265614268287, 0.41776919202688617, 0.010623349766900733], [0.023132302477809268, 0.9096951588429538, 0.05378450534746388, 0.013388033231772989], [0.06254025501474994, 0.7500901761639288, 0.11868152677808372, 0.06868804194323751]], "ideal": "C", "sampled": "C", "correct": true}}
{"type": "result", "data": {"idx": 1, "options": ["About $300", "About $3k", "About $8k", "About $15k"], "probs": [[0.05663007314559261, 0.2744206877887985, 0.6281599612406552, 0.04078927772495363], [0.07328231412439566, 0.6330626464242574, 0.2809204362339433, 0.012734603117403641], [0.13762399850989773, 0.7210992545451428, 0.1333902213539805, 0.00788652549097903], [0.2961068241331951, 0.33553193016070343, 0.34081871329769836, 0.027542532308403103]], "ideal": "B", "sampled": "C", "correct": false}}
{"type": "result", "data": {"idx": 2, "options": ["52%", "62%", "72%", "82%"], "probs": [[0.018448735788125212, 0.2144591492892024, 0.7255164234025238, 0.041575691420148574], [0.05230504273845236, 0.4050352274966516, 0.38649702068278585, 0.15616270898211015], [0.17369011529960018, 0.7427852320182693, 0.053808272497830434, 0.0297163800843001], [0.61229637928421, 0.3031105281473394, 0.06158137315380911, 0.02301171931464148]], "ideal": "C", "sampled": "D", "correct": false}}
{"type": "result", "data": {"idx": 3, "options": ["China", "United States", "Germany", "Japan"], "probs": [[0.7125861657305238, 0.1145218016735715, 0.158998981398461, 0.01389305109744365], [0.001077007697927833, 0.03147468607132979, 0.0034766053976419404, 0.9639717007331005], [0.012081303316989901, 0.005980488212476465, 0.9597181117704058, 0.022220096600127796], [0.004673146718415984, 0.2936582022216726, 0.4619914801811395, 0.23967717077877193]], "ideal": "A", "sampled": "A", "correct": true}}
{"type": "result", "data": {"idx": 4, "options": ["by 5 fold", "by 10 fold", "by 15 fold", "by 20 fold"], "probs": [[0.12735113690043237, 0.3922720907574832, 0.3007684096507726, 0.1796083625913118], [0.09346977411460987, 0.19178975687963196, 0.39353092621360225, 0.3212095426921559], [0.1682080296965113, 0.4163195114852002, 0.3617085150694396, 0.053763943648848934], [0.10346868864459792, 0.517312001772171, 0.26012284142432524, 0.11909646805890589]], "ideal": "C", "sampled": "A", "correct": false}}
{"type": "result", "data": {"idx": 5, "options": ["Lower respiratory infections", "Preterm birth complications", "Diarrheal diseases", "Malaria"], "probs": [[0.37828400423441316, 0.6044932554674696, 0.016109231728434713, 0.001113508469682585], [0.16735344030851804, 0.8237390116945807, 0.005379556339793896, 0.0035279915571072786], [0.6843816114560735, 0.0767849021356382, 0.23651477945458552, 0.002318706853702813], [0.0004305912111997699, 0.9688723860541971, 0.025025228819187756, 0.0056717938154153946]], "ideal": "A", "sampled": "A", "correct": true}}
{"type": "result", "data": {"idx": 6, "options": ["10%", "20%", "30%", "40%"], "probs": [[0.01808579631682007, 0.16373546358894295, 0.5122809986545427, 0.3058977413396943], [0.017456315976314016, 0.10693285931867516, 0.6758349738588109, 0.1997758507461999], [0.04508358357241333, 0.1367133891333783, 0.7867300118729154, 0.03147301532129295], [0.09049667140636936, 0.6380621453862987, 0.1515528613769814, 0.11988832173035054]], "ideal": "C", "sampled": "A", "correct": false}}
{"type": "result", "data": {"idx": 7, "options": ["29%", "49%", "69%", "89%"], "probs": [[0.056606605643333786, 0.5124744772398597, 0.38683366771644356, 0.0440852493003629], [0.08079795598770309, 0.472283754244036, 0.35096794624818367, 0.09595034342007726], [0.19741403760405093, 0.6372713947065465, 0.0903829024584673, 0.07493166513093527], [0.6347650754889576, 0.2816777171314185, 0.030630824456767087, 0.052926382822856916]], "ideal": "C", "sampled": "D", "correct": false}}
{"type": "result", "data": {"idx": 8, "options": ["18%", "38%", "58%", "78%"], "probs": [[0.0008540737122004064, 0.16792333070145962, 0.8011155582999993, 0.030107037186340762], [0.00309151354060814, 0.06507543744997904, 0.8707000975220824, 0.0611329513873304], [0.002262234997837088, 0.9416371905282691, 0.014076292063847466, 0.042024282310046304], [0.7544229035707848, 0.12509637091166592, 0.0758751794866639, 0.04460554593088539]], "ideal": "C", "sampled": "D", "correct": false}}
{"type": "result", "data": {"idx": 9, "options": ["11%", "26%", "41%", "56%"], "probs": [[0.0009549771686572557, 0.3144432869991413, 0.6553539566338975, 0.02924777909830395], [0.004663415643579026, 0.2976745318237183, 0.6813850377234539, 0.01627701470924876], [0.012080595208583511, 0.7956083008610789, 0.1860436999682525, 0.006267403862085035], [0.2062196964877881, 0.5693921679557463, 0.19072305445683715, 0.033665080999628456]], "ideal": "B", "sampled": "D", "correct": false}}
{"type": "result", "data": {"idx": 10, "options": ["23%", "38%", "53%", "68%"], "probs": [[0.04173067251124465, 0.3439895551893462, 0.5851467828850535, 0.02913298931435564], [0.1115671652605142, 0.28048073197775925, 0.5491582546147559, 0.05879384804697068], [0.21068602230364533, 0.5054118853994556, 0.2747884810767634, 0.00911361112013567], [0.6537669738120035, 0.2442955017295535, 0.09717442604064094, 0.004763098317801961]], "ideal": "D", "sampled": "D", "correct": true}}
{"type": "result", "data": {"idx": 11, "options": ["5%", "10%", "15%", "25%"], "probs": [[0.4226089904455973, 0.12298594963748014, 0.24843971049266875, 0.20596534932425375], [0.20247780708169416, 0.15524490536626298, 0.3902872073602451, 0.25199008009179774], [0.35945290357763743, 0.25488887125850734, 0.32221091129895546, 0.06344731376489977], [0.1536334185452872, 0.7562065264609954, 0.05309415334480081, 0.03706590154891658]], "ideal": "B", "sampled": "A", "correct": false}}
{"type": "result", "data": {"idx": 12, "options": ["2%", "4%", "9%", "18%"], "probs": [[0.01802834123192748, 0.07356662302473639, 0.45774853224945217, 0.4506565033938839], [0.02395204451074434, 0.39265087261349985, 0.4886650219727883, 0.09473206080296748], [0.05600225716260869, 0.6929862240386588, 0.20807310161621706, 0.0429384170825154], [0.11028363266979965, 0.7775723134581782, 0.07462172014879005, 0.03752233362323207]], "ideal": "C", "sampled": "D", "correct": false}}
{"type": "result", "data": {"idx": 13, "options": ["minimum wage legislation", "land reform", "progressive taxation", "increased access to education"], "probs": [[0.6265433278331523, 0.022119208632526494, 0.01593203245108618, 0.33540543098323505], [0.008556325379229415, 0.012256179967159291, 0.03546414699707224, 0.9437233475565391], [0.0005572134150951053, 0.002382920717307364, 0.02058449110737593, 0.9764753746602216], [0.0190964983466441, 0.10988987428522431, 0.5325160950300771, 0.3384975322380544]], "ideal": "A", "sampled": "A", "correct": true}}
{"type": "result", "data": {"idx": 14, "options": ["36%", "56%", "76%", "96%"], "probs": [[0.1660070934796764, 0.3406241668862934, 0.47291222899945967, 0.020456510534570507], [0.20836370560339515, 0.5576105547105793, 0.1674256423715523, 0.06660009721447319], [0.3318728221879022, 0.3370970496450327, 0.2751321258566364, 0.055898002210428746], [0.1965482623217175, 0.5019031016949651, 0.15548304748520964, 0.1460655883981078]], "ideal": "B", "sampled": "C", "correct": false}}
{"type": "result", "data": {"idx": 15, "options": ["6%", "13%", "27%", "46%"], "probs": [[0.001140402573567083, 0.012070345095336126, 0.9439962039392817, 0.042793048291815045], [0.00015840611223348055, 0.7088554540468971, 0.2775909086451727, 0.013395231095696685], [0.007638807805824201, 0.7791818906684481, 0.1970078182474451, 0.016171483178282632], [0.2683411538332581, 0.2812193333821411, 0.3236819207344622, 0.12675759195013858]], "ideal": "B", "sampled": "C", "correct": false}}
{"type": "result", "data": {"idx": 16, "options": ["34%", "49%", "64%", "79%"], "probs": [[0.0011868781220955732, 0.2523189244784643, 0.7301099137712801, 0.01638428352816003], [0.013784701998758492, 0.37844243818109596, 0.550635519152557, 0.05713734056758846], [0.03692545418165854, 0.8946346452536832, 0.017172456145235566, 0.05126744431942276], [0.631295309198208, 0.20818052718538244, 0.08026159374518667, 0.08026256977122295]], "ideal": "A", "sampled": "D", "correct": false}}
{"type": "result", "data": {"idx": 17, "options": ["62%", "72%", "82%", "92%"], "probs": [[0.014614271935690485, 0.8104879342017649, 0.09832305582563844, 0.07657473793690621], [0.03193153912096264, 0.8496842251511451, 0.042969465295034814, 0.07541477033285753], [0.037273354269214104, 0.6403701805372889, 0.21449693715667126, 0.10785952793682574], [0.007427154852700731, 0.7695295020379832, 0.1664207386679675, 0.05662260434134852]], "ideal": "C", "sampled": "B", "correct": false}}
{"type": "result", "data": {"idx": 18, "options": ["About $3k", "About $8k", "About $15k", "About $30k"], "probs": [[0.019247417338686464, 0.7336274854532583, 0.23817420483529772, 0.00895089227275746], [0.060380570626435155, 0.7471695085802772, 0.18598561342616776, 0.006464307267119898], [0.033343908715546114, 0.8599541514793255, 0.09800361470098155, 0.008698325004146759], [0.11372602835767813, 0.24075670762147383, 0.6244800148324549, 0.021037249088393183]], "ideal": "C", "sampled": "B", "correct": false}}
{"type": "result", "data": {"idx": 19, "options": ["55,000", "550,000", "5,500,000", "55,000,000"], "probs": [[0.010577949822300625, 0.15788962136545387, 0.7415687530867462, 0.08996367562549934], [0.01961164979773295, 0.8876896764251913, 0.0613591912732513, 0.03133948240382446], [0.3144534148609159, 0.6156669682760247, 0.060959235303511806, 0.008920381459547587], [0.15580872396201725, 0.356647119932591, 0.34567697397934083, 0.14186718202605086]], "ideal": "B", "sampled": "C", "correct": false}}
{"type": "result", "data": {"idx": 20, "options": ["25%", "45%", "65%", "85%"], "probs": [[0.1394789017791557, 0.41640587085769876, 0.3911730500972607, 0.05294217716588479], [0.14816306640337748, 0.5952329083326744, 0.18439033763047674, 0.07221368753347138], [0.23732390037764903, 0.625277294721004, 0.07351882174290503, 0.06387998305844192], [0.7622598976262677, 0.22532619177093813, 0.0050564259798187615, 0.0073574845229753836]], "ideal": "A", "sampled": "D", "correct": false}}
{"type": "result", "data": {"idx": 21, "options": ["24%", "44%", "64%", "84%"], "probs": [[0.011591700455110588, 0.20870094990482493, 0.6428363031853246, 0.13687104635473987], [0.01883926073682472, 0.3499641450700018, 0.41558146859630196, 0.21561512549687153], [0.01619835323684531, 0.8983562253129582, 0.01724301772977024, 0.06820240362042625], [0.8187538024908443, 0.14452131508350644, 0.009989572045024589, 0.026735310280624716]], "ideal": "A", "sampled": "D", "correct": false}}
{"type": "result", "data": {"idx": 22, "options": ["25%", "40%", "55%", "75%"], "probs": [[0.1348593641724623, 0.17865940394226057, 0.6433766887922435, 0.043104542993033595], [0.09506962484141997, 0.16172023401131547, 0.6808603494037551, 0.06234979164350956], [0.3280007340580269, 0.43453441360820405, 0.21177289518899628, 0.025691957044772777], [0.5763949133758717, 0.31338176011370855, 0.07560683757947238, 0.03461648883094744]], "ideal": "D", "sampled": "D", "correct": true}}
{"type": "result", "data": {"idx": 23, "options": ["8%", "16%", "32%", "64%"], "probs": [[0.029551233744383617, 0.5752847488772966, 0.38322423867525973, 0.011939778603059984], [0.08657327300538857, 0.7837655549884203, 0.12794667491523098, 0.0017144969909601772], [0.16557656894896228, 0.765615663585167, 0.06795236875302439, 0.0008553986128463538], [0.7958039270588858, 0.16422318386954607, 0.03780639651141657, 0.0021664924601515704]], "ideal": "B", "sampled": "D", "correct": false}}
{"type": "result", "data": {"idx": 24, "options": ["males are more likely to have depression and are more likely to have an alcohol use disorder than females.", "females are more likely to have depression and are more likely to have an alcohol use disorder than males.", "males are more likely than females to have depression while females are more likely than males to have an alcohol use disorder.", "females are more likely than males to have depression while males are more likely than females to have an alcohol use disorder."], "probs": [[0.19498535988765173, 0.30675348636420685, 0.39388355608815984, 0.10437759755998155], [0.13595385442942262, 0.23490642798856964, 0.4599275451460241, 0.16921217233598368], [0.030520664966376145, 0.0356821512915763, 0.9060068303741298, 0.027790353267917754], [0.024923387117497323, 0.8253639097121703, 0.06669885950254817, 0.08301384356778418]], "ideal": "D", "sampled": "A", "correct": false}}
{"type": "result", "data": {"idx": 25, "options": ["37%", "47%", "57%", "67%"], "probs": [[0.004014030891517041, 0.1084912381825736, 0.8533559742702176, 0.03413875655569172], [0.026643496996610477, 0.10055193678595199, 0.8288753340635575, 0.04392923205388004], [0.03882561862401966, 0.5276639875208726, 0.42399545038737557, 0.009514943367732164], [0.7644914681587242, 0.07452165620961843, 0.1577633232723897, 0.0032235522592676843]], "ideal": "D", "sampled": "D", "correct": true}}
{"type": "result", "data": {"idx": 26, "options": ["1%", "3%", "6%", "10%"], "probs": [[0.011349697205091398, 0.38778115958949494, 0.4826014173141947, 0.11826772579121891], [0.018592528165841747, 0.5875072216024345, 0.3563420612898833, 0.037558188841840395], [0.05376156158617343, 0.840978581624864, 0.0914525568807939, 0.013807299808168656], [0.06687799989980742, 0.5960790647583958, 0.25637102697545383, 0.0806719082663429]], "ideal": "D", "sampled": "D", "correct": true}}
{"type": "result", "data": {"idx": 27, "options": ["23%", "43%", "63%", "83%"], "probs": [[0.0050627644380528665, 0.8514246409782549, 0.1326259328611426, 0.010886661622549686], [0.015105108309805116, 0.8917307055537621, 0.06068261914695875, 0.032481566889474074], [0.015565417100402209, 0.948072387890082, 0.015086531896559905, 0.02127566301295595], [0.12095835214823518, 0.8528425135983413, 0.01422249352212283, 0.011976640631300647]], "ideal": "C", "sampled": "D", "correct": false}}
{"type": "result", "data": {"idx": 28, "options": ["10%", "30%", "50%", "70%"], "probs": [[0.01432213705852447, 0.306221416946945, 0.5632275781060537, 0.11622886778847685], [0.02360999331731824, 0.2205338714274617, 0.5994736384147991, 0.15638249674042096], [0.01085639885541522, 0.6309753931947919, 0.24325990249132326, 0.11490830535846965], [0.22728200508559107, 0.5895257061449891, 0.1274939938599601, 0.05569829480945969]], "ideal": "D", "sampled": "D", "correct": true}}
{"type": "result", "data": {"idx": 29, "options": ["26%", "41%", "56%", "71%"], "probs": [[0.03388422241111258, 0.5218170705796739, 0.37584947275841835, 0.06844923415079517], [0.042878353698672836, 0.4756139097488371, 0.3119113263142871, 0.16959641013820295], [0.03415757980736638, 0.6860670233986857, 0.20279782651559855, 0.07697757017834932], [0.40798306520547567, 0.5576556739887, 0.01557421055088246, 0.01878705015494187]], "ideal": "C", "sampled": "D", "correct": false}}
{"type": "result", "data": {"idx": 30, "options": ["690 million", "6.9 billion", "69 billion", "690 billion"], "probs": [[0.636117034530649, 0.2414417539892868, 0.11404931427278704, 0.00839189710727712], [0.7881431387957671, 0.19618375122375545, 0.013560733428192192, 0.0021123764522852353], [0.8997307154926235, 0.06830399282378158, 0.02716954344999238, 0.004795748133602546], [0.5424672061622617, 0.04452824460142944, 0.39687731021667794, 0.01612723891963084]], "ideal": "C", "sampled": "B", "correct": false}}
{"type": "result", "data": {"idx": 31, "options": ["9%", "29%", "59%", "79%"], "probs": [[0.40880811753904917, 0.2723238007556984, 0.14576563858925148, 0.17310244301600095], [0.05494247458240035, 0.12381520305550535, 0.05081395135034538, 0.7704283709117489], [0.06113143796577707, 0.1825024980031642, 0.4310150556472518, 0.3253510082838069], [0.020801242826312166, 0.6078955047695318, 0.07036934923364886, 0.30093390307050716]], "ideal": "A", "sampled": "A", "correct": true}}
{"type": "result", "data": {"idx": 32, "options": ["31%", "51%", "71%", "91%"], "probs": [[0.022853865876686044, 0.12947726055463898, 0.6274213100726624, 0.22024756339601248], [0.032400271576373076, 0.46148182218072553, 0.2431772111419594, 0.262940695000942], [0.19430519970469537, 0.6676877338404699, 0.0848858827335657, 0.053121183621269094], [0.49078122928371054, 0.38222490313459445, 0.051728112553545494, 0.07526575492814948]], "ideal": "B", "sampled": "D", "correct": false}}
{"type": "result", "data": {"idx": 33, "options": ["by 4 fold", "by 8 fold", "by 16 fold", "by 32 fold"], "probs": [[0.021384562966788118, 0.6057170008365917, 0.3397771963738139, 0.03312123972280628], [0.04987188129927511, 0.6075620741171359, 0.30550393914362395, 0.03706210533996501], [0.21406644754915427, 0.659369368488735, 0.11105708839214175, 0.015507095469968988], [0.4815834426280324, 0.1126119038900483, 0.3692443342939001, 0.03656031908801926]], "ideal": "C", "sampled": "D", "correct": false}}
{"type": "result", "data": {"idx": 34, "options": ["1", "7", "13", "19"], "probs": [[0.016282263461750237, 0.28860550232254006, 0.5144979730952514, 0.18061426102045836], [0.024333524177512018, 0.49644154696349835, 0.4180490454140732, 0.061175883344916464], [0.030867127756047923, 0.7715794457684375, 0.1519334765966546, 0.04561994977885996], [0.0528095301815852, 0.2810547712399964, 0.4219243322321029, 0.24421136624631545]], "ideal": "D", "sampled": "D", "correct": true}}
{"type": "result", "data": {"idx": 35, "options": ["59%", "69%", "79%", "89%"], "probs": [[0.12218619335623744, 0.4757650281416194, 0.2546601181374587, 0.14738866026468442], [0.2928070665668528, 0.3166001400228754, 0.26660620368339055, 0.12398658962688122], [0.46673475884517907, 0.4667362489613677, 0.04843115286562349, 0.0180978392278298], [0.891925877928396, 0.09548927168702809, 0.007363350184742518, 0.005221500099833446]], "ideal": "D", "sampled": "D", "correct": true}}
{"type": "result", "data": {"idx": 36, "options": ["Earthquakes", "Volcanic activity", "Wildfires", "Floods"], "probs": [[0.3993760666842191, 0.27022933141394223, 0.024172674935548123, 0.3062219268662905], [0.23253246489824547, 0.06767047751938889, 0.01632641023812318, 0.6834706472442424], [0.37498391229610795, 0.22044083802344627, 0.1468464306870246, 0.25772881889342114], [0.357804228763519, 0.45942910217474786, 0.021487919011204674, 0.16127874995052846]], "ideal": "D", "sampled": "A", "correct": false}}
{"type": "result", "data": {"idx": 37, "options": ["15%", "35%", "55%", "75%"], "probs": [[0.024343652330874453, 0.7573116918246453, 0.1855866139585713, 0.03275804178590891], [0.02757046723410106, 0.7809439838571427, 0.14673398324323136, 0.04475156556552491], [0.01276306068335065, 0.9231701013855578, 0.04742057987564838, 0.016646257955443142], [0.30963917544318054, 0.6353423401108568, 0.031141406031578618, 0.023877078314384022]], "ideal": "B", "sampled": "D", "correct": false}}
{"type": "result", "data": {"idx": 38, "options": ["by 4 fold", "by 8 fold", "by 16 fold", "by 32 fold"], "probs": [[0.0288039892883107, 0.5105623602356564, 0.41671162839537107, 0.043922021980661814], [0.05570690769087408, 0.5203391124053062, 0.37479132361917594, 0.049162656184643806], [0.19971023721162148, 0.6056134171805659, 0.17082381437676372, 0.023852531131048897], [0.3113815946541121, 0.13392252427086376, 0.5054271484256261, 0.04926873254939805]], "ideal": "D", "sampled": "D", "correct": true}}
{"type": "result", "data": {"idx": 39, "options": ["36%", "51%", "66%", "81%"], "probs": [[0.011529671263335997, 0.15187256347843373, 0.7712775030036362, 0.06532026215459412], [0.029282201468587822, 0.28664122567567596, 0.5700563501154517, 0.11402022264028447], [0.04846499823692825, 0.7348004524062367, 0.1380649943655873, 0.07866955489124774], [0.3555965158288338, 0.39669558426529017, 0.15779598370136516, 0.08991191610451088]], "ideal": "C", "sampled": "D", "correct": false}}
{"type": "result", "data": {"idx": 40, "options": ["81%", "86%", "91%", "96%"], "probs": [[0.21330576417789698, 0.6172190697061272, 0.15851790669964125, 0.010957259316334629], [0.20210713899003757, 0.6422940731260899, 0.12648065858115032, 0.02911812920272223], [0.4293025943831121, 0.4941230570069798, 0.06381116236306424, 0.012763186146843892], [0.20330342648380478, 0.5273287295767837, 0.22328878936918875, 0.04607905447022272]], "ideal": "B", "sampled": "C", "correct": false}}
{"type": "result", "data": {"idx": 41, "options": ["26%", "46%", "66%", "86%"], "probs": [[0.07100969023220258, 0.46304112198482417, 0.4022963342937613, 0.06365285338921198], [0.0660678058261195, 0.2695978822675057, 0.4731585209932299, 0.19117579081314484], [0.06935819341082482, 0.678951035058419, 0.15387782682247714, 0.09781294460827906], [0.6211809127552566, 0.2843989228902609, 0.0494210103283169, 0.04499915392616558]], "ideal": "A", "sampled": "D", "correct": false}}
{"type": "result", "data": {"idx": 42, "options": ["Brazil", "China", "Mexico", "Iran"], "probs": [[0.018501947217687765, 0.06066437979547084, 0.37161607584783835, 0.5492175970390031], [0.020932521590983775, 0.461751310251108, 0.12235296470806989, 0.39496320334983837], [0.09233602353531879, 0.17250354895542847, 0.06346101230086694, 0.6716994151083858], [0.008167002399141327, 0.013465007520783856, 0.03438414300965376, 0.943983846970421]], "ideal": "C", "sampled": "C", "correct": true}}
{"type": "result", "data": {"idx": 43, "options": ["1.2 million", "2.4 million", "3.6 million", "4.8 million"], "probs": [[0.07905117730764802, 0.8237249576561166, 0.08547398036413777, 0.011749884572097583], [0.23195479332663918, 0.30728759728994043, 0.44017042803483797, 0.020587181248582415], [0.1270164804699318, 0.7541250025762959, 0.11385600476974178, 0.005002512084030497], [0.7715224156198668, 0.1239942481914374, 0.09507003584974685, 0.00941330023894893]], "ideal": "A", "sampled": "D", "correct": false}}
{"type": "result", "data": {"idx": 44, "options": ["Diarrheal diseases", "Diabetes", "Dementia", "Road injuries"], "probs": [[0.7795100359395886, 0.18514956809389446, 0.006045382580722306, 0.029295013285794605], [0.006402081584519939, 0.006108839272746371, 0.7754835149380654, 0.21200556410466825], [0.0013338117969587619, 0.9443868108245486, 0.02439277106960209, 0.029886606208890595], [0.05083527568167005, 0.9443185612120463, 0.0011056859842870858, 0.0037404770219966335]], "ideal": "C", "sampled": "A", "correct": false}}
{"type": "result", "data": {"idx": 45, "options": ["3 million", "14 million", "42 million", "124 million"], "probs": [[0.0018294597025033943, 0.06758286882748554, 0.890231381304174, 0.04035629006583703], [0.0014086431455057145, 0.7183646846679482, 0.2684323298873077, 0.011794342199238302], [0.11588643501259313, 0.7919294927863048, 0.08747492920822675, 0.004709142892875376], [0.2541361171806243, 0.21400092699474585, 0.4601789448708484, 0.07168401085378144]], "ideal": "C", "sampled": "C", "correct": true}}
{"type": "result", "data": {"idx": 46, "options": ["26%", "46%", "66%", "86%"], "probs": [[0.5144471753211715, 0.4539973638170652, 0.026016251401024374, 0.005539209360738915], [0.323995309655498, 0.5686273881414278, 0.0781678003494993, 0.02920950175357494], [0.03664078567070968, 0.9017065451656218, 0.036072857771309155, 0.02557981129235939], [0.30181706144746445, 0.6801582097866072, 0.00985477037032219, 0.00816995829560612]], "ideal": "A", "sampled": "D", "correct": false}}
{"type": "result", "data": {"idx": 47, "options": ["25%", "45%", "65%", "85%"], "probs": [[0.07113489401918244, 0.27268850394310823, 0.45666869789759296, 0.1995079040401164], [0.10890027215658603, 0.3626948025660723, 0.35707357788295313, 0.17133134729438854], [0.22051308706873604, 0.5457779453182243, 0.16645362349555837, 0.06725534401748122], [0.4456176989774623, 0.3694314552922678, 0.10751115345310482, 0.07743969217716505]], "ideal": "B", "sampled": "D", "correct": false}}
{"type": "result", "data": {"idx": 48, "options": ["6%", "16%", "36%", "66%"], "probs": [[0.05665120074487661, 0.563284788271174, 0.32600652131197294, 0.05405748957197643], [0.057098631873579435, 0.7289881245246976, 0.1758768740097553, 0.03803636949196762], [0.18795755468672432, 0.6358508455194759, 0.1486869898500488, 0.027504609843750947], [0.645504827393825, 0.2690862694926718, 0.0724238822356169, 0.01298502077788634]], "ideal": "C", "sampled": "D", "correct": false}}
{"type": "result", "data": {"idx": 49, "options": ["43%", "58%", "73%", "88%"], "probs": [[0.1034617418778467, 0.5254244560135005, 0.24434532371035492, 0.12676847829829788], [0.1114778419634059, 0.49961772179275804, 0.14539675547927505, 0.243507680664561], [0.29686117169272597, 0.48186084623286557, 0.12183428554508662, 0.09944369642932184], [0.08937992154658111, 0.6502054333036623, 0.09078881143615733, 0.16962583361359923]], "ideal": "B", "sampled": "C", "correct": false}}
{"type": "result", "data": {"idx": 50, "options": ["0.50%", "2%", "6%", "12%"], "probs": [[0.006701978386037053, 0.6127861905612408, 0.3179105595895766, 0.06260127136314557], [0.02792253205516135, 0.48725844241523464, 0.41677943566560605, 0.06803958976399797], [0.07544984780167807, 0.7620154732004057, 0.14543368137564797, 0.017100997522268215], [0.20600108109586115, 0.5343218266098219, 0.22274126853551499, 0.036935823658801985]], "ideal": "B", "sampled": "D", "correct": false}}
{"type": "result", "data": {"idx": 51, "options": ["strongly supported by most studies", "supported mainly by cross-section, not time-series studies", "supported mainly by time-series, not cross-section studies", "generally repudiated by empirical studies"], "probs": [[0.11054146861418959, 0.7208269500997396, 0.13543984417035926, 0.03319173701571152], [0.30199834813882276, 0.33690410974569773, 0.321482152912216, 0.03961538910326351], [0.2793104476626215, 0.5383884575297616, 0.16678739057306533, 0.015513704134551581], [0.19857917945983622, 0.5314288198203632, 0.23953801658818125, 0.030453984031619353]], "ideal": "B", "sampled": "B", "correct": true}}
{"type": "result", "data": {"idx": 52, "options": ["12 years", "9 years", "6 years", "3 years"], "probs": [[0.06483390229913381, 0.4571245048268816, 0.4034161001294966, 0.07462549264448796], [0.05163001691726759, 0.35838484717475744, 0.460181631563764, 0.12980350424421097], [0.03421641322163981, 0.19084434633035907, 0.6065124529824862, 0.16842678736551484], [0.018376345648845764, 0.40537772293557367, 0.438319300910251, 0.13792663040532954]], "ideal": "B", "sampled": "A", "correct": false}}
{"type": "result", "data": {"idx": 53, "options": ["0.90%", "1.80%", "3.60%", "7.20%"], "probs": [[0.014056548265354631, 0.20981384499040423, 0.552781394772365, 0.22334821187187617], [0.011050760415558797, 0.1840142254641153, 0.6523803873488482, 0.1525546266714777], [0.003734907689354488, 0.7343470627879726, 0.22048888131863592, 0.04142914810403702], [0.10030700783925206, 0.533852167820607, 0.2521736675378509, 0.11366715670229009]], "ideal": "D", "sampled": "D", "correct": true}}
{"type": "result", "data": {"idx": 54, "options": ["14%", "24%", "34%", "44%"], "probs": [[0.012702174199543831, 0.28020601835564585, 0.5317395806137053, 0.175352226731105], [0.011733233315571294, 0.1893652429573363, 0.6926753159014571, 0.10622620772563518], [0.012778940764026811, 0.551930314969114, 0.39137882464183565, 0.0439119195250235], [0.1708964856892577, 0.49450616766916156, 0.2907066691888236, 0.04389067735275715]], "ideal": "A", "sampled": "D", "correct": false}}
{"type": "result", "data": {"idx": 55, "options": ["60%", "75%", "90%", "45%"], "probs": [[0.02591430187168531, 0.5716708663964981, 0.33085923498766706, 0.07155559664414948], [0.19140881654585148, 0.6276109930917906, 0.1637235463195399, 0.01725664394281801], [0.05518707506643043, 0.7618419867815572, 0.15001604630114732, 0.03295489175086496], [0.0046437213974151285, 0.36889593930727954, 0.6177846644903061, 0.00867567470499928]], "ideal": "B", "sampled": "B", "correct": true}}
{"type": "result", "data": {"idx": 56, "options": ["50%", "60%", "70%", "80%"], "probs": [[0.047716022236446866, 0.3812229391521836, 0.48191392345177764, 0.0891471150595919], [0.13800432403515042, 0.38704367218216673, 0.2578298564517394, 0.21712214723094345], [0.28584381828637095, 0.6750797603532623, 0.017711799524026933, 0.021364621736339764], [0.3928561298049656, 0.5369829654972377, 0.023965187904044304, 0.04619571669375242]], "ideal": "D", "sampled": "D", "correct": true}}
{"type": "result", "data": {"idx": 57, "options": ["2%", "25%", "50%", "75%"], "probs": [[0.04707127949337168, 0.3117850515466593, 0.37024549749503016, 0.2708981713649389], [0.06984579146129052, 0.28504241791244506, 0.38957852779435326, 0.2555332627319112], [0.07330250957776746, 0.4931937602620982, 0.24035174368456771, 0.1931519863755666], [0.24430102869508366, 0.5769767588701018, 0.10184099965743061, 0.07688121267738392]], "ideal": "D", "sampled": "D", "correct": true}}
{"type": "result", "data": {"idx": 58, "options": ["no nation has been able to grow in the past years.", "the Democratic Republic of Congo has become poorer than it initially was in 1980.", "some countries have had relatively significant growth rates.", "some countries have had relatively significant growth rates, but the Democratic Republic of Congo has become poorer than it initially was in 1980."], "probs": [[0.003688011871323274, 0.028116020107585543, 0.6705939332285344, 0.2976020346925567], [0.01257269459828039, 0.25253064607086123, 0.6448519362855334, 0.09004472294532494], [0.15606281857402826, 0.6368418023921792, 0.12737772436854772, 0.07971765456524472], [0.026091757673177184, 0.05788404386127728, 0.7990838735667258, 0.11694032479881973]], "ideal": "C", "sampled": "D", "correct": false}}
{"type": "result", "data": {"idx": 59, "options": ["15.50%", "34.80%", "48.10%", "65.20%"], "probs": [[0.016332929252583086, 0.34921164801229526, 0.5940302951362197, 0.04042512749890193], [0.0551775086232934, 0.16217450061003832, 0.7617045398833598, 0.020943450783308365], [0.1138635265163987, 0.5183369799210292, 0.3618583279939908, 0.005941165468581255], [0.7411676264891385, 0.13082390352211726, 0.11545310321979471, 0.012555366668949566]], "ideal": "B", "sampled": "D", "correct": false}}
{"type": "result", "data": {"idx": 60, "options": ["5 million", "30 million", "150 million", "500 million"], "probs": [[0.04326205585536207, 0.5879451386307913, 0.3456362691555254, 0.02315653625832117], [0.09430240733385595, 0.5178140939498609, 0.35037189326986334, 0.037511605346419806], [0.25691161753423064, 0.4302395782114773, 0.2866030468599671, 0.026245757294324924], [0.07093240478519482, 0.2514731939959851, 0.6032569542651928, 0.07433744685362727]], "ideal": "C", "sampled": "B", "correct": false}}
{"type": "result", "data": {"idx": 61, "options": ["Colombia, Peru, Uruguay, and Costa Rica.", "Bhutan, Niger, Cambodia, and Costa Rica.", "Uruguay, Costa Rica, Timor-Leste, and Pakistan.", "Bhutan, Cambodia, Uruguay and Costa Rica."], "probs": [[0.06447406544835294, 0.35403632507901733, 0.5398601655028433, 0.04162944386978636], [0.07252809323545102, 0.6464466379706083, 0.21994782736246413, 0.061077441331476495], [0.06805576712972713, 0.2820860283804915, 0.6065977508928162, 0.04326045349696514], [0.04070362067145954, 0.6268498861326665, 0.22351292281713436, 0.10893357027873965]], "ideal": "A", "sampled": "C", "correct": false}}
{"type": "result", "data": {"idx": 62, "options": ["10%", "20%", "40%", "80%"], "probs": [[0.04096221792380227, 0.24703630745846972, 0.4687913377482512, 0.24321013676947678], [0.0422458201604559, 0.21792253849711338, 0.5923765301112031, 0.1474551111312277], [0.03108562838593327, 0.6147033675289779, 0.21917775005770798, 0.13503325392738086], [0.04816345587195606, 0.7773238564496977, 0.08453042216741671, 0.08998226541092949]], "ideal": "B", "sampled": "D", "correct": false}}
{"type": "result", "data": {"idx": 63, "options": ["38%", "58%", "78%", "98%"], "probs": [[0.01421013474322315, 0.1412934064723819, 0.6740642785351937, 0.17043218014920128], [0.026310155508590068, 0.6785562126216735, 0.21020235393220804, 0.08493127783752835], [0.13874087253095368, 0.5933150869504519, 0.2082713919770836, 0.059672648441510864], [0.06346645158292141, 0.5397708971275719, 0.1752346293808029, 0.22152802180870385]], "ideal": "C", "sampled": "C", "correct": true}}
{"type": "result", "data": {"idx": 64, "options": ["True, True", "True, False", "False, True", "False, False"], "probs": [[0.11200965606017416, 0.44998963321746743, 0.33440407110672754, 0.10359663951563083], [0.13378613338636025, 0.520936098434413, 0.296821873434113, 0.04845589464511373], [0.15573960338060105, 0.41678311873253865, 0.4039635009142903, 0.023513776872570023], [0.07153980566478761, 0.5286179878894238, 0.34667650507418996, 0.0531657012715986]], "ideal": "B", "sampled": "A", "correct": false}}
{"type": "result", "data": {"idx": 65, "options": ["260", "2,600", "26,000", "260,000"], "probs": [[0.06271550616842674, 0.6535069747060602, 0.24804311249031402, 0.035734406535198944], [0.019936139807728327, 0.6705934129859185, 0.23539765702302332, 0.07407279008332987], [0.030978599230107064, 0.7865619697951095, 0.0855343951752426, 0.09692503569954078], [0.14847472087336902, 0.2605810424338315, 0.5022843404761684, 0.08865989611663098]], "ideal": "C", "sampled": "B", "correct": false}}
{"type": "result", "data": {"idx": 66, "options": ["90%", "70%", "50%", "30%"], "probs": [[0.427591902334284, 0.36573998617769177, 0.16229716766765165, 0.04437094372037256], [0.33920526806351353, 0.38437644386093883, 0.08312766313213035, 0.19329062484341725], [0.04103627647659062, 0.029557860283657755, 0.7274002757164509, 0.20200558742330066], [0.01910896556389799, 0.7398467493841775, 0.08836032996872856, 0.152683954983196]], "ideal": "A", "sampled": "A", "correct": true}}
{"type": "result", "data": {"idx": 67, "options": ["Japan", "Canada", "Russia", "Iran"], "probs": [[0.14982835835338146, 0.461498793455266, 0.11309500698288573, 0.2755778411084668], [0.11525407131808874, 0.11346757114932361, 0.019717510273486897, 0.7515608471591008], [0.10075125654615162, 0.0539285642240552, 0.11239531425761558, 0.7329248648721776], [0.04676677000738108, 0.2649516214342634, 0.31463546143744653, 0.373646147020909]], "ideal": "B", "sampled": "B", "correct": true}}
{"type": "result", "data": {"idx": 68, "options": ["59%", "69%", "79%", "89%"], "probs": [[0.20278847366621117, 0.5178397931969871, 0.19350347065110737, 0.08586826238569437], [0.257123553940492, 0.3982408851380069, 0.22691226986212748, 0.11772329095937364], [0.3172350014792914, 0.5149233591465546, 0.12423154622501639, 0.04361009304913758], [0.5571861121235057, 0.35974710238022134, 0.045736803407276566, 0.03732998198899648]], "ideal": "C", "sampled": "D", "correct": false}}
{"type": "result", "data": {"idx": 69, "options": ["9%", "19%", "39%", "59%"], "probs": [[0.01572422433565042, 0.6480406433025666, 0.2787181654781092, 0.05751696678367385], [0.023327573262520405, 0.5831194898231034, 0.3270984467872793, 0.06645449002709697], [0.01380478966974848, 0.8149684093495818, 0.16047556741553895, 0.010751233465130716], [0.48162905293828717, 0.4317307882886631, 0.08111985424512674, 0.005520304427922944]], "ideal": "B", "sampled": "D", "correct": false}}
{"type": "result", "data": {"idx": 70, "options": ["18%", "38%", "58%", "78%"], "probs": [[0.024593882626724777, 0.442798948881438, 0.45685256203691177, 0.07575460635492542], [0.013260882198294193, 0.06948387544484132, 0.5297061741227742, 0.3875490681340903], [0.01022604027755056, 0.8381491242958959, 0.11703033573635459, 0.03459449959019895], [0.47044942874476353, 0.4930272798490604, 0.02612958743574293, 0.01039370387043312]], "ideal": "B", "sampled": "D", "correct": false}}
{"type": "result", "data": {"idx": 71, "options": ["24%", "39%", "54%", "69%"], "probs": [[0.0263421166389827, 0.09486178357840964, 0.8454961888528173, 0.03329991082979033], [0.06356300519528713, 0.18976590353568112, 0.716172289861555, 0.03049880130747672], [0.12057827748768156, 0.5935139225252807, 0.2760098057339507, 0.00989799415308706], [0.7934597903500386, 0.14226042044148293, 0.06118551775001913, 0.0030942713584593794]], "ideal": "A", "sampled": "D", "correct": false}}
{"type": "result", "data": {"idx": 72, "options": ["1.5 children per woman", "2.5 children per woman", "3.5 children per woman", "4.5 children per woman"], "probs": [[0.6669123599517739, 0.33014371153122296, 0.002856315972422054, 8.761244458104643e-05], [0.6971403395118508, 0.29518652565851156, 0.007275314881504374, 0.0003978198481332761], [0.5837232994623062, 0.3828130317241649, 0.032931375842764704, 0.0005322928707641564], [0.08857419669394613, 0.8806931557417214, 0.02920863080940013, 0.0015240166549324234]], "ideal": "B", "sampled": "A", "correct": false}}
{"type": "result", "data": {"idx": 73, "options": ["$300 ", "$1,000 ", "$10,000 ", "$30,000 "], "probs": [[0.0024215835967359932, 0.06343713617757331, 0.8487768460896036, 0.08536443403608715], [0.008163247408707091, 0.12184719967084075, 0.7822251464803817, 0.08776440634007053], [0.01950782487344754, 0.3797716336221527, 0.4653066726961831, 0.1354138687082167], [0.05088726708366599, 0.07176268711410537, 0.7024843561229148, 0.17486568957931375]], "ideal": "C", "sampled": "D", "correct": false}}
{"type": "result", "data": {"idx": 74, "options": ["20%", "40%", "60%", "80%"], "probs": [[0.1080533694842705, 0.24733717536956462, 0.3771523135528277, 0.26745714149333716], [0.1390550860764344, 0.3550937718528991, 0.27655565323812387, 0.22929548873254263], [0.13580691003592274, 0.4814843247954773, 0.1690212238249305, 0.21368754124366943], [0.13902561779496447, 0.5413407844163283, 0.1265878416944469, 0.19304575599426035]], "ideal": "C", "sampled": "D", "correct": false}}
{"type": "result", "data": {"idx": 75, "options": ["41%", "56%", "71%", "86%"], "probs": [[0.024894065966992167, 0.18683950461933596, 0.7162324732106508, 0.07203395610302106], [0.03782112811527393, 0.5734211077693131, 0.2666660785408514, 0.12209168547456158], [0.10501759547870927, 0.8793062636155813, 0.011968437555386173, 0.003707703250323215], [0.6277940424347705, 0.27426297508791564, 0.04477274845583707, 0.053170233921476746]], "ideal": "B", "sampled": "D", "correct": false}}
{"type": "result", "data": {"idx": 76, "options": ["1%", "2%", "4%", "8%"], "probs": [[0.007589218340236938, 0.08685386333698178, 0.6939223530795569, 0.21163456514322446], [0.012664073228173627, 0.15917706591742853, 0.7360336231749546, 0.0921252375794433], [0.01652430230188629, 0.7479435413684663, 0.21766506741436237, 0.01786708881528508], [0.12808814404949895, 0.2669566819744204, 0.5740523230818241, 0.030902850794256493]], "ideal": "C", "sampled": "D", "correct": false}}
{"type": "result", "data": {"idx": 77, "options": ["US", "Chile", "Ireland", "Spain"], "probs": [[0.3238822173169888, 0.644109597080467, 0.01562903239229445, 0.01637915311024976], [0.013382993506306392, 0.03210388837332096, 0.001478249658196841, 0.9530348683621758], [0.0014142378718066603, 0.003137507195650422, 0.9857840985044685, 0.009664156328074446], [0.000796299535146587, 0.9894922986935346, 0.003249343685367494, 0.0064620579859513035]], "ideal": "A", "sampled": "A", "correct": true}}
{"type": "result", "data": {"idx": 78, "options": ["was approximately zero", "exceeded that of high income countries", "exceeded that of Britain during the industrial revolution", "was approximately 3.0% per year"], "probs": [[0.0008387454669176441, 0.934278812138042, 0.045792897572748265, 0.019089544722292125], [0.033872997102326816, 0.0045129956608933545, 0.9594486343250357, 0.0021653728117441234], [0.0001523711125046564, 0.9920621628963912, 0.005287713897983805, 0.0024977519931203996], [0.013549556417361615, 0.019713460108199073, 0.9648153465677829, 0.0019216368066564352]], "ideal": "C", "sampled": "D", "correct": false}}
