{"type": "result", "data": {"idx": 0, "options": ["True, True", "False, False", "True, False", "False, True"], "probs": [[0.5464383322464488, 0.31135317448130184, 0.13391123610952077, 0.008297257062728547], [0.31928951496536007, 0.42965174997478955, 0.2194447582575209, 0.031613976702329454], [0.49667782369486335, 0.3012518451159733, 0.19756699222545537, 0.00450333886370795], [0.418097424329849, 0.5626164706967016, 0.017257008834759325, 0.0020290960386901194]], "ideal": "D", "sampled": "A", "correct": false}}
{"type": "result", "data": {"idx": 1, "options": ["True, True", "False, False", "True, False", "False, True"], "probs": [[0.2765772486651583, 0.5587033324198762, 0.13270320689038437, 0.032016211924581], [0.23088684503744725, 0.5285066922336803, 0.19442614766183725, 0.04618031496703523], [0.2828241444166081, 0.5283868642620502, 0.16368686328021217, 0.025102127941129516], [0.2763967418518315, 0.6630458602645519, 0.04878699983436851, 0.01177039794924803]], "ideal": "C", "sampled": "A", "correct": false}}
{"type": "result", "data": {"idx": 2, "options": ["True, True", "False, False", "True, False", "False, True"], "probs": [[0.2742751316449, 0.43149573802078767, 0.2919648370282766, 0.0022642932060357147], [0.12122416269193, 0.5693621178844227, 0.2953809858909984, 0.014032733432648863], [0.1755158069084909, 0.5754948461493579, 0.2475175497858691, 0.0014717970562821768], [0.12361186781119841, 0.8580423620132627, 0.017808012719548235, 0.0005377573559906331]], "ideal": "B", "sampled": "A", "correct": false}}
{"type": "result", "data": {"idx": 3, "options": ["12", "24", "48", "72"], "probs": [[0.010354766138968857, 0.6507153207383714, 0.28875224434899466, 0.050177668673665056], [0.036571975657516353, 0.3693625018772576, 0.5374217608874736, 0.05664376147775247], [0.01895589718487736, 0.7812291237446793, 0.1336522673374078, 0.06616271163303554], [0.17406967086016514, 0.26960318976623315, 0.5116223039157664, 0.04470483535783536]], "ideal": "D", "sampled": "D", "correct": true}}
{"type": "result", "data": {"idx": 4, "options": ["convolutional networks", "graph networks", "fully connected networks", "RBF networks"], "probs": [[0.9991643597061429, 0.00076724326984748, 6.297918780270459e-05, 5.41773620686135e-06], [9.025193785791584e-05, 4.197311073209993e-05, 0.0002652662705078748, 0.999602508580902], [0.00010220599985903873, 0.00011763815169059101, 0.9989762544769208, 0.0008039012715295037], [3.4800728855785796e-05, 0.9997494751655001, 6.920936361087854e-05, 0.00014651464203325042]], "ideal": "A", "sampled": "A", "correct": true}}
{"type": "result", "data": {"idx": 5, "options": ["True, True", "False, False", "True, False", "False, True"], "probs": [[0.1232605263556469, 0.709321115918956, 0.11761656971968025, 0.04980178790571684], [0.11503496679232314, 0.6316673707951198, 0.18672045924345718, 0.06657720306909988], [0.14292640556675235, 0.7035125283636712, 0.11131215507728884, 0.04224891089228765], [0.12981595717306454, 0.8204672381638194, 0.03837363536746978, 0.011343169195646284]], "ideal": "B", "sampled": "A", "correct": false}}
{"type": "result", "data": {"idx": 6, "options": ["O(D)", "O(N)", "O(ND)", "O(ND^2)"], "probs": [[0.1463280011095704, 0.5787332014255164, 0.24125265892974512, 0.03368613843516807], [0.0550513182364008, 0.6919506526618603, 0.2317740135149678, 0.021224015486771143], [0.18173760986978343, 0.7076433632693093, 0.08857186552846343, 0.022047161232443765], [0.07484949699243883, 0.8700976472633122, 0.04611341020290795, 0.008939445441340992]], "ideal": "A", "sampled": "A", "correct": true}}
{"type": "result", "data": {"idx": 7, "options": ["True, True", "False, False", "True, False", "False, True"], "probs": [[0.44700766937457803, 0.40069566367122983, 0.1474078192386985, 0.004888847615493636], [0.26834098732780476, 0.5013261110087324, 0.20898381001194363, 0.02134909155151923], [0.3614905451800477, 0.4864395227479585, 0.1483559151259158, 0.0037140168460780645], [0.32689753179124, 0.6603555084151995, 0.011722644792564168, 0.0010243149009962508]], "ideal": "B", "sampled": "A", "correct": false}}
{"type": "result", "data": {"idx": 8, "options": ["2", "4", "8", "16"], "probs": [[0.07845857811734207, 0.7801153731694347, 0.1159543107702328, 0.025471737842990432], [0.1497141670094287, 0.7031670087506274, 0.0893986210479416, 0.05772020309200227], [0.12694585913651063, 0.41623607307799665, 0.41624358326270605, 0.040574484422786654], [0.037132843910175156, 0.5206691564024087, 0.4118911577510458, 0.030306841836370273]], "ideal": "C", "sampled": "B", "correct": false}}
{"type": "result", "data": {"idx": 9, "options": ["Lower variance", "Higher variance", "Same variance", "None of the above"], "probs": [[0.9025943363471255, 0.08936919200429823, 0.007687963659073986, 0.0003485078895023178], [0.8638482769948601, 0.12640956161396866, 0.00944780567107172, 0.000294355620099555], [0.004094806294939066, 0.01723945809439924, 0.9711343668572878, 0.0075313686533738655], [0.001839162602346719, 0.9527082123512731, 0.034702350460665596, 0.010750274485714525]], "ideal": "A", "sampled": "A", "correct": true}}
{"type": "result", "data": {"idx": 10, "options": ["True, True", "False, False", "True, False", "False, True"], "probs": [[0.4291569474730759, 0.39075558322945186, 0.1789007287612484, 0.0011867404362237495], [0.11910784931098814, 0.5422136500096196, 0.3237703033154777, 0.014908197263914602], [0.12040551170991068, 0.6821477506202034, 0.1954387751051568, 0.0020079624647291777], [0.10261813306456345, 0.8864958670913881, 0.009848025392571397, 0.0010379743514770663]], "ideal": "A", "sampled": "A", "correct": true}}
{"type": "result", "data": {"idx": 11, "options": ["good fitting", "overfitting", "underfitting", "all of the above"], "probs": [[2.3524348817555698e-05, 0.983287613186306, 0.0002910949234556633, 0.01639776744142085], [0.034200466508288105, 0.7312379538536439, 0.23371866949362122, 0.0008429100444468361], [0.7603755369360047, 0.23926550935367774, 0.00017807521565698796, 0.00018087839466061692], [6.005738780796116e-05, 0.00035656524492373856, 0.9985188894016718, 0.0010644878655964862]], "ideal": "C", "sampled": "B", "correct": false}}
{"type": "result", "data": {"idx": 12, "options": ["True, True", "False, False", "True, False", "False, True"], "probs": [[0.23315287225707382, 0.2947338219244338, 0.4564930626533437, 0.01562024306514864], [0.08519188218615019, 0.3476372918030482, 0.5058093609995924, 0.06136146491120922], [0.17769176759772698, 0.3881156633746405, 0.4262624263450109, 0.00793014258262164], [0.20639504922714746, 0.7317418012634109, 0.054689486720265086, 0.007173662689176522]], "ideal": "A", "sampled": "A", "correct": true}}
{"type": "result", "data": {"idx": 13, "options": ["True, True", "False, False", "True, False", "False, True"], "probs": [[0.057491867734037444, 0.6788508021724409, 0.2536667109558033, 0.009990619037718359], [0.041143385406166945, 0.5591641968365434, 0.3783474962896811, 0.021344921367608485], [0.03103532513359013, 0.8654590409400433, 0.0971011313904044, 0.0064045024359620836], [0.03802995014814684, 0.9359033116627479, 0.02417333798911368, 0.0018934000999916091]], "ideal": "B", "sampled": "D", "correct": false}}
{"type": "result", "data": {"idx": 14, "options": ["pure", "not pure", "useful", "useless"], "probs": [[0.004071349885536789, 0.9506084653974946, 0.03628750271805097, 0.009032681898917719], [0.5836507583352092, 0.4138712046425603, 0.002276028236311484, 0.00020200868591903622], [0.026372830382861003, 0.0763123583902378, 0.8464797437892669, 0.05083506733763422], [0.012929487783619522, 0.11523993059090587, 0.6631540081049051, 0.20867657342056947]], "ideal": "B", "sampled": "B", "correct": true}}
{"type": "result", "data": {"idx": 15, "options": ["True, True", "False, False", "True, False", "False, True"], "probs": [[0.1990950509908992, 0.3083658745196727, 0.4702012433341543, 0.022337831055273812], [0.09006612001948917, 0.3346382379197222, 0.49456092710317756, 0.08073471485761104], [0.10705180298305114, 0.42340102094392934, 0.4437198580131938, 0.025827317959825746], [0.1457138904144561, 0.7400059599438418, 0.09262174988055677, 0.02165839966114538]], "ideal": "B", "sampled": "A", "correct": false}}
{"type": "result", "data": {"idx": 16, "options": ["This feature has a strong effect on the model (should be retained)", "This feature does not have a strong effect on the model (should be ignored)", "It is not possible to comment on the importance of this feature without additional information", "Nothing can be determined."], "probs": [[0.605292695796047, 0.3908086447969651, 0.0034884777777112524, 0.00041018152927664554], [0.007009052829651093, 0.01289198491041776, 0.0028319185288583435, 0.9772670436310728], [0.002771776876285226, 0.024321489288888637, 0.9564501282995463, 0.016456605435279752], [0.0012103356450781824, 0.9863684201674561, 0.012034398533219855, 0.00038684555424590414]], "ideal": "C", "sampled": "A", "correct": false}}
{"type": "result", "data": {"idx": 17, "options": ["The number of hidden nodes", "The learning rate", "The initial choice of weights", "The use of a constant-term unit input"], "probs": [[0.39896219890493656, 0.3256237202452393, 0.25359827230272214, 0.021815808447102018], [0.023573852824184074, 0.8181303106664976, 0.004570067706899036, 0.1537257687024193], [0.04453481899258761, 0.10194170108691057, 0.6343051430807428, 0.21921833673975905], [0.014506118396793012, 0.8835538669554703, 0.0359032876702255, 0.06603672687751116]], "ideal": "A", "sampled": "A", "correct": true}}
{"type": "result", "data": {"idx": 18, "options": ["The polynomial degree", "Whether we learn the weights by matrix inversion or gradient descent", "The assumed variance of the Gaussian noise", "The use of a constant-term unit input"], "probs": [[0.6957220262802114, 0.24043573413297906, 0.058008126722000286, 0.005834112764809237], [0.011981945695700512, 0.6050378190639923, 0.004339606577517989, 0.3786406285627891], [0.09832578600142697, 0.1546882461412945, 0.7379820086824505, 0.00900395907482803], [0.004929968619158007, 0.9845838279810247, 0.0061354936277736565, 0.004350709672043587]], "ideal": "A", "sampled": "A", "correct": true}}
{"type": "result", "data": {"idx": 19, "options": ["True, True", "False, False", "True, False", "False, True"], "probs": [[0.4795182997644486, 0.36196329868979293, 0.15088778352731227, 0.0076306179184461795], [0.2797653083964168, 0.5309053072750616, 0.16968664556849125, 0.019642738660030398], [0.35290602979936175, 0.46028049274371446, 0.1802479533471171, 0.0065655240098066725], [0.2765180149657326, 0.6951749868355284, 0.025720244079340582, 0.0025867540193984444]], "ideal": "A", "sampled": "A", "correct": true}}
{"type": "result", "data": {"idx": 20, "options": ["Requires the dimension of the feature space to be no bigger than the number of samples", "Has the smallest value of the objective function when K = 1", "Minimizes the within class variance for a given number of clusters", "Converges to the global optimum if and only if the initial means are chosen as some of the samples themselves"], "probs": [[0.010571356058393174, 0.06083231492367412, 0.8939347374487352, 0.03466159146919747], [0.00022200047665187666, 0.9934375615590885, 0.005213036993341336, 0.0011274008709183131], [0.7596709584234024, 0.21427710139260317, 0.01100686816802035, 0.015045071915974048], [0.46816586935563154, 0.28842941754933143, 0.03236120697821368, 0.21104350601682337]], "ideal": "C", "sampled": "C", "correct": true}}
{"type": "result", "data": {"idx": 21, "options": ["True, True", "False, False", "True, False", "False, True"], "probs": [[0.3102340437469365, 0.5114904703520753, 0.16605693301270708, 0.012218552788281095], [0.16366796041442702, 0.6176759542496111, 0.1883806121498036, 0.030275473086158248], [0.22238072606815887, 0.6140141262160511, 0.15524778708297438, 0.008357360532815633], [0.217704097559817, 0.7598681281055712, 0.01932239303273935, 0.0031053812018723773]], "ideal": "A", "sampled": "A", "correct": true}}
{"type": "result", "data": {"idx": 22, "options": ["0", "1", "2", "3"], "probs": [[0.015381402391628548, 0.8397956433293661, 0.1392521500526427, 0.005570804126362618], [0.37792226650794947, 0.5673286315569833, 0.05195234712999825, 0.0027967547050689566], [0.4072547599412651, 0.3947227053436231, 0.19540408527087044, 0.0026184493442413886], [0.18022106208435726, 0.15657691327874282, 0.6592204431972996, 0.003981581339600404]], "ideal": "B", "sampled": "B", "correct": true}}
{"type": "result", "data": {"idx": 23, "options": ["True, True", "False, False", "True, False", "False, True"], "probs": [[0.21473341998117268, 0.5232324555839656, 0.25901859779005937, 0.0030155265448023297], [0.08332153750322858, 0.5967263823299556, 0.30477811151883716, 0.01517396854797874], [0.09308411078667304, 0.6878061173444163, 0.21642759446661003, 0.0026821773023006207], [0.09958104159130769, 0.8875660998739997, 0.012080574547601901, 0.0007722838870907438]], "ideal": "C", "sampled": "A", "correct": false}}
{"type": "result", "data": {"idx": 24, "options": ["Decision Trees", "Density-based clustering", "Model-based clustering", "K-means clustering"], "probs": [[0.0021279953279451664, 0.7939803895298043, 0.006254526553218707, 0.1976370884890318], [0.02419264408541657, 0.09274013233632958, 0.8798938403070591, 0.003173383171194806], [0.000333067514346751, 0.9928624003396628, 0.00021843076472528603, 0.006586101281265201], [0.004034729146392777, 0.010143305949444252, 0.9719577877394234, 0.013864177064739563]], "ideal": "B", "sampled": "D", "correct": false}}
{"type": "result", "data": {"idx": 25, "options": ["True, True", "False, False", "True, False", "False, True"], "probs": [[0.1766286523837002, 0.45814100724646994, 0.362419641518652, 0.0028106987511777827], [0.05188856732884675, 0.507932134986147, 0.4210904906824367, 0.019088806902569606], [0.11444501825474038, 0.5459860680955939, 0.33637268076142957, 0.0031962327882360847], [0.12341033822690581, 0.8566435087283947, 0.018343322209974904, 0.001602830734724613]], "ideal": "A", "sampled": "A", "correct": true}}
{"type": "result", "data": {"idx": 26, "options": ["they are biased", "they have high variance", "they are not consistent estimators", "None of the above"], "probs": [[0.0006346025766152144, 0.9968870192510471, 0.0011137788349196499, 0.0013645992374180663], [0.751875978514773, 0.24794510900967634, 0.00015061323576355634, 2.8299139787121492e-05], [0.9697182209136812, 0.023165054692505266, 0.0055888318633295735, 0.001527892430483892], [0.0021813206203277345, 0.16279178382388979, 0.37848692027073727, 0.4565399751850452]], "ideal": "B", "sampled": "B", "correct": true}}
{"type": "result", "data": {"idx": 27, "options": ["linear in D", "linear in N", "polynomial in D", "dependent on the number of iterations"], "probs": [[0.09596794026154279, 0.2864986338440779, 0.5787598447015299, 0.03877358109284944], [0.1745305133214311, 0.7822029388468817, 0.028939999577340236, 0.014326548154346875], [0.17771131957573072, 0.670675443964524, 0.12024521602521134, 0.03136802033453386], [0.28636300560948624, 0.3347905277871081, 0.18202330170241687, 0.19682316480098877]], "ideal": "C", "sampled": "C", "correct": true}}
{"type": "result", "data": {"idx": 28, "options": ["Increase bias", "Decrease bias", "Increase variance", "Decrease variance"], "probs": [[0.04864812205890449, 0.8489422686618322, 0.08275373916380296, 0.019655870015460333], [0.30232353240122267, 0.6920277755976676, 0.003411423552809866, 0.00223726834829985], [0.053607432031954325, 0.6633561005764907, 0.24787940649148812, 0.03515706080006678], [0.1685117434319501, 0.8165879012999074, 0.010119994809099971, 0.004780360359042456]], "ideal": "D", "sampled": "B", "correct": false}}
{"type": "result", "data": {"idx": 29, "options": ["Best-subset selection", "Forward stepwise selection", "Forward stage wise selection", "All of the above"], "probs": [[0.03851992966013476, 0.5660455759118073, 0.3126019800223511, 0.08283251430570684], [0.014706243595080982, 0.8957497943805606, 0.08331689672246588, 0.006227065201892541], [0.03230319472146667, 0.8462400842452176, 0.038965228070179624, 0.08249149286313608], [0.1699231352515791, 0.6826487524628183, 0.07659115356218996, 0.07083695862341262]], "ideal": "C", "sampled": "C", "correct": true}}
{"type": "result", "data": {"idx": 30, "options": ["Optimize a convex objective function", "Can only be trained with stochastic gradient descent", "Can use a mix of different activation functions", "None of the above"], "probs": [[0.004437414390844092, 0.8862096521967789, 0.006766285636335124, 0.10258664767604182], [0.002006200681468018, 0.9611459130999271, 0.014594167075029167, 0.022253719043575624], [0.5087182029496666, 0.16515735128496595, 0.32337007585858935, 0.0027543698067780467], [0.020655008531000843, 0.5942791247623479, 0.03568885188929558, 0.34937701471735566]], "ideal": "C", "sampled": "C", "correct": true}}
{"type": "result", "data": {"idx": 31, "options": ["0.0368", "0.473", "0.078", "None of the above"], "probs": [[0.228172600272501, 0.6399251996879695, 0.126008681176102, 0.005893518763427506], [0.10642068602372784, 0.6939500905674811, 0.16227195451102946, 0.03735726879776155], [0.005416833498405566, 0.041295373233930156, 0.9398811751837846, 0.013406617983879687], [0.005971316606098063, 0.794403417120827, 0.18004615366078341, 0.01957911251229152]], "ideal": "C", "sampled": "A", "correct": false}}
{"type": "result", "data": {"idx": 32, "options": ["True, True", "False, False", "True, False", "False, True"], "probs": [[0.23230288490457277, 0.5401234276667728, 0.2216665249670469, 0.005907162361607588], [0.10962113063588735, 0.611420498087992, 0.2548778544765534, 0.024080516699567168], [0.13119550005228142, 0.6662683464554332, 0.1969491981803724, 0.005586955211912992], [0.09359920215712143, 0.8880540313588777, 0.015520324315671486, 0.0028264420683293033]], "ideal": "B", "sampled": "A", "correct": false}}
{"type": "result", "data": {"idx": 33, "options": ["It can not be applied to non-differentiable functions.", "It can not be applied to non-continuous functions.", "It is hard to implement.", "It runs reasonably slow for multiple linear regression."], "probs": [[0.0544985268584137, 0.17319537897200601, 0.7291936926415264, 0.04311240142805383], [0.03770209532155217, 0.8188082696991167, 0.1236217785297657, 0.019867856349565467], [0.0411180630285153, 0.7758508919893705, 0.1050000861182117, 0.07803095876390254], [0.2415435778968158, 0.6168153331319732, 0.02930330506645145, 0.11233778380475946]], "ideal": "D", "sampled": "C", "correct": false}}
{"type": "result", "data": {"idx": 34, "options": ["Supervised learning", "Unsupervised learning", "Clustering", "None of the above"], "probs": [[0.27688207794140623, 0.7181764133954193, 0.0030758899626485486, 0.001865618600525869], [0.025630574861054658, 0.16713367249402217, 0.28430055865954745, 0.5229351938853757], [0.002428206853956768, 0.05791738271066357, 0.9202544115780742, 0.019399998757305498], [0.02618053158315231, 0.9374313266249661, 0.02421305492079779, 0.01217508677108385]], "ideal": "A", "sampled": "A", "correct": true}}
{"type": "result", "data": {"idx": 35, "options": ["It relates inputs to outputs.", "It is used for prediction.", "It may be used for interpretation.", "It discovers causal relationships"], "probs": [[0.04125242249602381, 0.07127912343394444, 0.429853901090294, 0.4576145528797378], [0.09678357021449076, 0.34853273366979765, 0.3710127444863886, 0.183670951529323], [0.31099272434337943, 0.393136919016795, 0.029845369615746485, 0.2660249869240791], [0.1450622388142638, 0.21776778374683842, 0.09815372320029289, 0.5390162541386049]], "ideal": "D", "sampled": "C", "correct": false}}
{"type": "result", "data": {"idx": 36, "options": ["To save computing time during testing", "To save space for storing the Decision Tree", "To make the training set error smaller", "To avoid overfitting the training set"], "probs": [[0.003261516069782079, 0.20819109462904148, 0.002833665086445791, 0.7857137241147306], [0.0025355430746176115, 0.035553040484439455, 0.9609338869327038, 0.0009775294082391382], [1.2218460602580552e-05, 0.9999380040584648, 3.480707190679476e-05, 1.4970309025789894e-05], [0.9922102987566107, 0.007694942183158669, 5.9676791430458464e-05, 3.508216880020786e-05]], "ideal": "D", "sampled": "D", "correct": true}}
{"type": "result", "data": {"idx": 37, "options": ["True, True", "False, False", "True, False", "False, True"], "probs": [[0.5170210891299777, 0.39642050116362754, 0.08573095983661166, 0.000827449769783109], [0.11376697162941793, 0.6445383620970145, 0.21929251308908132, 0.022402153084486245], [0.1923821431826969, 0.5833978094357465, 0.22143262766883917, 0.00278741961271748], [0.14994271613009058, 0.8363254952707354, 0.012117317361314772, 0.0016144711378591793]], "ideal": "B", "sampled": "A", "correct": false}}
{"type": "result", "data": {"idx": 38, "options": ["Increase the amount of training data.", "Improve the optimisation algorithm being used for error minimisation.", "Decrease the model complexity.", "Reduce the noise in the training data."], "probs": [[0.20906006625807852, 0.19035754493195936, 0.004994081174642783, 0.5955883075353193], [0.15087783661830176, 0.06800868508769158, 0.0027634658049362293, 0.7783500123890704], [0.16198985397678362, 0.13856190544889985, 0.08807326172956201, 0.6113749787447545], [0.23849180801226386, 0.5995831826747376, 0.003049491074526311, 0.15887551813847214]], "ideal": "B", "sampled": "A", "correct": false}}
{"type": "result", "data": {"idx": 39, "options": ["True, True", "False, False", "True, False", "False, True"], "probs": [[0.0995053365190033, 0.2173409046097167, 0.6800047256677023, 0.0031490331035776884], [0.020998719217070968, 0.3496617233169633, 0.5855742452404067, 0.04376531212555897], [0.05789619933501343, 0.3546587749323171, 0.5847371692158689, 0.0027078564168005366], [0.043715637498582094, 0.9059342036556639, 0.04581397042573824, 0.004536188320015748]], "ideal": "A", "sampled": "A", "correct": true}}
{"type": "result", "data": {"idx": 40, "options": ["For two dimensional data points, the separating hyperplane learnt by a linear SVM will be a straight line.", "In theory, a Gaussian kernel SVM cannot model any complex separating hyperplane.", "For every kernel function used in a SVM, one can obtain an equivalent closed form basis expansion.", "Overfitting in an SVM is not a function of number of support vectors."], "probs": [[0.14200602311704302, 0.7440721904777359, 0.03426090961805577, 0.07966087668716532], [0.6736283427106557, 0.132645788266019, 0.14568320186624437, 0.04804266705708094], [0.23194897971370007, 0.483424380867288, 0.13011189906154627, 0.15451474025746567], [0.16928869358032309, 0.1918309614479119, 0.5550735550930825, 0.0838067897786824]], "ideal": "A", "sampled": "B", "correct": false}}
{"type": "result", "data": {"idx": 41, "options": ["P(H, U, P, W) = P(H) * P(W) * P(P) * P(U)", "P(H, U, P, W) = P(H) * P(W) * P(P | W) * P(W | H, P)", "P(H, U, P, W) = P(H) * P(W) * P(P | W) * P(U | H, P)", "None of the above"], "probs": [[0.004586605843840026, 0.860505108386634, 0.12204486192962366, 0.012863423739902331], [0.5328285216639493, 0.3334357812690142, 0.10995600617224137, 0.023779690794795055], [0.1894874224354975, 0.05962470484206576, 0.6613796101568667, 0.08950826246556995], [0.0012929906695462188, 0.0026119079632382393, 0.860020182314984, 0.13607491895223153]], "ideal": "C", "sampled": "B", "correct": false}}
{"type": "result", "data": {"idx": 42, "options": ["True, True", "False, False", "True, False", "False, True"], "probs": [[0.16284191735710135, 0.5015900770292224, 0.3289509441338127, 0.006617061379863434], [0.07687739410953451, 0.533635863613474, 0.36676192894795345, 0.02272481322903799], [0.06328833441462713, 0.7130686425835656, 0.21747381657491752, 0.006169206326889759], [0.07665074861256153, 0.8910422935442669, 0.029093397744315005, 0.0032135599988566215]], "ideal": "B", "sampled": "A", "correct": false}}
{"type": "result", "data": {"idx": 43, "options": ["True, True", "False, False", "True, False", "False, True"], "probs": [[0.33186706575093206, 0.46800977755206513, 0.1920706336362763, 0.00805252296072649], [0.20936804851756885, 0.5263526995970511, 0.2486312668623899, 0.01564798492299014], [0.3054194333450953, 0.5617549204339556, 0.12731842209237998, 0.005507224028569163], [0.35136994556462714, 0.6362546652834314, 0.01165333850489809, 0.000722050547043303]], "ideal": "B", "sampled": "D", "correct": false}}
{"type": "result", "data": {"idx": 44, "options": ["Stochastic Gradient Descent", "Mini-Batch Gradient Descent", "Batch Gradient Descent", "All of the above"], "probs": [[0.32273394862646804, 0.4622965766478211, 0.006594346430213258, 0.2083751281954976], [0.6750442134728184, 0.14149758943093405, 0.1733670621333395, 0.010091134862908059], [0.07458392670675179, 0.8945358265930163, 0.013164967161821462, 0.017715279438410444], [0.11717184442240555, 0.8007265795035272, 0.0015701217088387764, 0.08053145426522845]], "ideal": "D", "sampled": "D", "correct": true}}
{"type": "result", "data": {"idx": 45, "options": ["Decreases model bias", "Decreases estimation bias", "Decreases variance", "Doesn\u2019t affect bias and variance"], "probs": [[0.5543556775312541, 0.4184513662337654, 0.01987960922405867, 0.007313346910921839], [0.8304748121033101, 0.1584993557062143, 0.007298240016024592, 0.003727592074451025], [0.3935271398527412, 0.5213394028567879, 0.04555455848535614, 0.03957889870511469], [0.028054653203088243, 0.6904020424495502, 0.2040821347865884, 0.07746116946077321]], "ideal": "A", "sampled": "B", "correct": false}}
{"type": "result", "data": {"idx": 46, "options": ["3", "4", "7", "15"], "probs": [[0.03535028467681022, 0.3921150775133959, 0.3626488663791568, 0.2098857713306371], [0.034679578818166024, 0.5865602842316746, 0.26854826617823346, 0.1102118706719259], [0.07807323557356743, 0.5252622609256931, 0.3185908282429464, 0.07807367515779313], [0.034383113014931944, 0.5815458058840982, 0.31128160866926013, 0.0727894723317097]], "ideal": "D", "sampled": "C", "correct": false}}
{"type": "result", "data": {"idx": 47, "options": ["anomaly detection", "one-class detection", "train-test mismatch robustness", "background detection"], "probs": [[0.002148641270155028, 0.9977099284458995, 0.00010207625003347783, 3.935393391208702e-05], [0.9316051303438384, 0.06643926669267024, 0.000977799801930902, 0.0009778030615604342], [0.001882342126526121, 0.5732116850933344, 0.4193734499575124, 0.005532522722627035], [0.005662596668017027, 0.9375315886637166, 0.056303225203940745, 0.0005025893643256204]], "ideal": "A", "sampled": "B", "correct": false}}
{"type": "result", "data": {"idx": 48, "options": ["True, True", "False, False", "True, False", "False, True"], "probs": [[0.39810974393662896, 0.4172180100491115, 0.18226770018794586, 0.0024045457263136396], [0.11278270078828842, 0.5638792461721799, 0.3065743715514784, 0.016763681388053297], [0.23744721708307442, 0.6158957480768381, 0.14401921628465508, 0.002637818455432324], [0.20419890390097514, 0.7827839524289179, 0.011165685404028234, 0.0018514581660788072]], "ideal": "D", "sampled": "A", "correct": false}}
{"type": "result", "data": {"idx": 49, "options": ["True, True", "False, False", "True, False", "False, True"], "probs": [[0.24237690321815133, 0.4820249866504625, 0.2461941782989584, 0.029403931732427717], [0.14124767796581417, 0.5330632447602979, 0.2557660398175216, 0.06992303735636637], [0.18506560003494688, 0.5439387044353544, 0.2529557682761283, 0.018039927153570404], [0.12762760527990208, 0.7941311563073645, 0.06123646781537341, 0.01700477049735997]], "ideal": "D", "sampled": "A", "correct": false}}
{"type": "result", "data": {"idx": 50, "options": ["O(1)", "O( N )", "O(log N )", "O( N^2 )"], "probs": [[0.04207559647389811, 0.8996173479989495, 0.0354311022741936, 0.02287595315295876], [0.20132571231804255, 0.7839173586189926, 0.013700471105168826, 0.0010564578577960556], [0.7228636389158275, 0.24981618199523603, 0.025124816861497763, 0.00219536212743875], [0.34328105122116603, 0.3711745614901641, 0.2673511201091639, 0.018193267079506]], "ideal": "B", "sampled": "C", "correct": false}}
{"type": "result", "data": {"idx": 51, "options": ["True, True", "False, False", "True, False", "False, True"], "probs": [[0.22124389281931467, 0.582903894673724, 0.1922197998170559, 0.003632412589905364], [0.10948001182929233, 0.6011639830272949, 0.26676350482580063, 0.022592500217612062], [0.18482731041862024, 0.7196801775431197, 0.09293719268428989, 0.0025553192539701387], [0.16738025778120766, 0.8111113873935054, 0.019990729089259873, 0.001517625636027046]], "ideal": "A", "sampled": "D", "correct": false}}
{"type": "result", "data": {"idx": 52, "options": ["True, True", "False, False", "True, False", "False, True"], "probs": [[0.29025575022433237, 0.542270706808827, 0.12880041807499587, 0.03867312479184473], [0.15578941205624866, 0.578830148765534, 0.17379594624372594, 0.09158449283449151], [0.1510254161395959, 0.6560273243131931, 0.16586971466674139, 0.0270775447804696], [0.10828753267231794, 0.8651672963213658, 0.014204270752659976, 0.012340900153656305]], "ideal": "D", "sampled": "A", "correct": false}}
{"type": "result", "data": {"idx": 53, "options": ["Is unbounded, encompassing all real numbers.", "Is unbounded, encompassing all integers.", "Is bounded between 0 and 1.", "Is bounded between -1 and 1."], "probs": [[0.001113167946575263, 0.0011665848833324994, 0.9963348948666376, 0.0013853522034546067], [0.0004437521345512328, 0.998511455426139, 0.00024126397841718033, 0.0008035283608926086], [0.9314854262181715, 0.06747679497215128, 0.000890173378418313, 0.00014760533125881786], [0.7173930007738416, 0.1001707044959081, 0.0010453783030222035, 0.181390916327228]], "ideal": "C", "sampled": "C", "correct": true}}
{"type": "result", "data": {"idx": 54, "options": ["Linear hard-margin SVM.", "Linear Logistic Regression.", "Linear Soft margin SVM.", "The centroid method."], "probs": [[0.27300709686683755, 0.5690035861832391, 0.09002911365643712, 0.06796020319348615], [0.24701384443596017, 0.46148906528772604, 0.20478319239902656, 0.08671389777728719], [0.2861376809093947, 0.5690599891369205, 0.04895287934025647, 0.09584945051342832], [0.17878731284198524, 0.3446279907793294, 0.3137845256409146, 0.1628001706377708]], "ideal": "A", "sampled": "B", "correct": false}}
{"type": "result", "data": {"idx": 55, "options": ["Partitioning based clustering", "K-means clustering", "Grid based clustering", "All of the above"], "probs": [[0.00018519307434540502, 0.9996408542482883, 9.91272481496937e-05, 7.482532921656967e-05], [0.011401949055907116, 0.3659638636763403, 0.622529178367009, 0.00010500880074351766], [0.09530000988916426, 0.9041879635790763, 0.0004625104413891433, 4.9515990370297317e-05], [0.053807038966613804, 0.049763303391376634, 0.8959784533192655, 0.0004512042227440194]], "ideal": "D", "sampled": "B", "correct": false}}
{"type": "result", "data": {"idx": 56, "options": ["True, True", "False, False", "True, False", "False, True"], "probs": [[0.32664658263374, 0.326650009900985, 0.3423263004773297, 0.004377106887945188], [0.11330416010191424, 0.462354121823738, 0.38330536934139336, 0.0410363486329544], [0.15837144588297403, 0.45826717449030985, 0.37991672122449144, 0.0034446583022246582], [0.13097430114335543, 0.8540704797323785, 0.013172515580284058, 0.001782703443981971]], "ideal": "D", "sampled": "A", "correct": false}}
{"type": "result", "data": {"idx": 57, "options": ["True, True", "False, False", "True, False", "False, True"], "probs": [[0.3148754526153066, 0.35680181060756194, 0.3099947258328998, 0.018328010844231683], [0.12883133942692182, 0.4224228373604061, 0.3906768938418928, 0.058068929270779286], [0.2808535822962123, 0.4488046671666565, 0.26383910784478, 0.006502642592351205], [0.26475448572545596, 0.6867271365620555, 0.04189036969500541, 0.006628007917483053]], "ideal": "D", "sampled": "A", "correct": false}}
{"type": "result", "data": {"idx": 58, "options": ["P(E, F), P(H), P(E|H), P(F|H)", "P(E, F), P(H), P(E, F|H)", "P(H), P(E|H), P(F|H)", "P(E, F), P(E|H), P(F|H)"], "probs": [[0.15228080606166358, 0.4270829518170215, 0.3949877880585479, 0.02564845396276701], [0.07972006273627702, 0.1489368178039652, 0.7446401007891185, 0.02670301857063927], [0.07699148528233986, 0.2645613908032573, 0.6248117824349497, 0.03363534137945308], [0.07466804994393017, 0.34526237906278345, 0.5517286071965618, 0.028340963696724585]], "ideal": "B", "sampled": "A", "correct": false}}
{"type": "result", "data": {"idx": 59, "options": ["The use of sampling with replacement as the sampling technique", "The use of weak classifiers", "The use of classification algorithms which are not prone to overfitting", "The practice of validation performed on every classifier trained"], "probs": [[0.4238996250757963, 0.3406142866486335, 0.2304732239909349, 0.005012864184635225], [0.10457397582408659, 0.835509565023345, 0.010517532337891673, 0.049398926714676744], [0.005487974162127136, 0.937471133359877, 0.04740916474072412, 0.009631727637271754], [0.00012076422248868966, 0.993971308943155, 0.0004417375747682986, 0.005466189159588017]], "ideal": "B", "sampled": "A", "correct": false}}
{"type": "result", "data": {"idx": 60, "options": ["True, True", "False, False", "True, False", "False, True"], "probs": [[0.3648097237103499, 0.4540149296404236, 0.17232349609531264, 0.00885185045391381], [0.1661684956865579, 0.5891200888515483, 0.21672417180918258, 0.02798724355271124], [0.25656899592218, 0.5872940371290719, 0.1461887198207943, 0.009948247027953706], [0.20209003717955648, 0.7746971172059992, 0.019393958327761827, 0.0038188871866825223]], "ideal": "B", "sampled": "A", "correct": false}}
{"type": "result", "data": {"idx": 61, "options": ["True, True", "False, False", "True, False", "False, True"], "probs": [[0.2424228019544315, 0.5132119011252888, 0.23496544139936226, 0.009399855420917407], [0.15344017085179373, 0.6359958375579695, 0.1793904525495854, 0.031173538940651318], [0.19425403834678198, 0.6077719852642204, 0.18536007178054767, 0.012613904508449913], [0.16628573670624286, 0.793313674242259, 0.03274381873446895, 0.007656770217029167]], "ideal": "A", "sampled": "A", "correct": true}}
{"type": "result", "data": {"idx": 62, "options": ["0", "1", "2", "3"], "probs": [[0.028321197622880153, 0.6150658806272598, 0.31909349973597245, 0.03751942191388764], [0.033146496982338756, 0.6254277848029103, 0.27753332357884697, 0.06389239453590399], [0.1040915983958831, 0.7339171158173801, 0.15383818959061324, 0.008153096096123583], [0.14815883778410022, 0.614100412710039, 0.2056990567080536, 0.03204169269780713]], "ideal": "C", "sampled": "D", "correct": false}}
{"type": "result", "data": {"idx": 63, "options": ["The examples farthest from the decision boundary.", "The only examples necessary to compute f(x) in an SVM.", "The data centroid.", "All the examples that have a non-zero weight \u03b1k in a SVM."], "probs": [[0.26559244280864464, 0.7333323821894463, 0.0005543807987444306, 0.0005207941031646266], [0.00015590443892630966, 0.0003352631028603451, 0.0001272468853651048, 0.9993815854728483], [0.0006173789136593006, 0.5190986978021187, 0.4726443278958081, 0.007639595288413802], [0.000450810873384653, 0.9986684749777759, 0.0004951165968115866, 0.00038559745202789027]], "ideal": "B", "sampled": "A", "correct": false}}
{"type": "result", "data": {"idx": 64, "options": ["True, True", "False, False", "True, False", "False, True"], "probs": [[0.2531758068423772, 0.5035010214159154, 0.23051973758380395, 0.012803434057903424], [0.119617432664745, 0.5980504394141554, 0.24163420545818803, 0.04069792236291157], [0.163884188776896, 0.6184937175969941, 0.2039577799505185, 0.013664313575591317], [0.15187174759203267, 0.7957552430320607, 0.04419732663475538, 0.008175682641151276]], "ideal": "A", "sampled": "A", "correct": true}}
{"type": "result", "data": {"idx": 65, "options": ["Regularization is too low and model is overfitting", "Regularization is too high and model is underfitting", "Step size is too large", "Step size is too small"], "probs": [[0.5846406888060539, 0.41457346582536503, 0.000633102732907811, 0.00015274253567325451], [0.2642742732539886, 0.23322388874975963, 0.1578063541166087, 0.34469548377964304], [0.014071020178357097, 0.0976717240274577, 0.8570398019576612, 0.031217453736524067], [0.014544566465253974, 0.9729650223508866, 0.009245088516754851, 0.0032453225671046355]], "ideal": "C", "sampled": "A", "correct": false}}
{"type": "result", "data": {"idx": 66, "options": ["0.0495", "0.078", "0.635", "0.97"], "probs": [[0.1590515895479274, 0.6696322837628911, 0.1590513809316806, 0.012264745657500862], [0.06089063912926259, 0.8538090315450131, 0.06583848386483471, 0.01946184536088962], [0.14824242308540347, 0.16028758254899717, 0.674837682009076, 0.016632312256523413], [0.009329638957209483, 0.8398279767465603, 0.13497214904692426, 0.01587023514930593]], "ideal": "C", "sampled": "A", "correct": false}}
{"type": "result", "data": {"idx": 67, "options": ["True, True", "False, False", "True, False", "False, True"], "probs": [[0.3021296689897066, 0.5220362767182435, 0.1668519300010737, 0.008982124190976158], [0.17914635742063584, 0.5518118985255442, 0.2526368313463789, 0.016404912607441043], [0.3205286120811572, 0.5538273801624952, 0.11977329313570761, 0.005870714520640056], [0.3178951332750574, 0.6625581751549855, 0.017656411367490875, 0.00189028010246619]], "ideal": "A", "sampled": "D", "correct": false}}
{"type": "result", "data": {"idx": 68, "options": ["True, True", "False, False", "True, False", "False, True"], "probs": [[0.4012529789813497, 0.4993714615296917, 0.09382812538060852, 0.0055474340083500415], [0.2095691671465657, 0.6256638648170443, 0.1486068191117673, 0.016160148824622706], [0.4348197781427768, 0.4850819634292395, 0.0755605509224481, 0.004537707405535632], [0.4796889347897674, 0.5027172485364861, 0.016159580763012174, 0.0014342358107343235]], "ideal": "A", "sampled": "C", "correct": false}}
{"type": "result", "data": {"idx": 69, "options": ["Expectation Maximization", "CART", "Gaussian Na\u00efve Bayes", "Apriori"], "probs": [[0.0920505672601202, 0.18306432662563735, 0.432342469648996, 0.29254263636524647], [0.03649563064608627, 0.07488355980133556, 0.8050817460341788, 0.0835390634183994], [0.04537697288722274, 0.2867918471396248, 0.36253915457896574, 0.30529202529418675], [0.02448137467675454, 0.0778012272719678, 0.8234788147897127, 0.07423858316156488]], "ideal": "A", "sampled": "D", "correct": false}}
{"type": "result", "data": {"idx": 70, "options": ["Your decision trees are too shallow.", "You need to increase the learning rate.", "You are overfitting.", "None of the above."], "probs": [[0.0001581109486720369, 0.0010150229472597927, 0.9977796360605439, 0.0010472299435242765], [1.721669215270886e-05, 0.9991184517602063, 0.0006877124983315201, 0.00017661894930942374], [0.9064815861944031, 0.04306441278183285, 0.05034725491044065, 0.00010674601332343046], [0.00010301858560128304, 0.008183914932915766, 0.0004011274898661233, 0.9913119388916168]], "ideal": "A", "sampled": "C", "correct": false}}
{"type": "result", "data": {"idx": 71, "options": ["linear in K", "quadratic in K", "cubic in K", "exponential in K"], "probs": [[0.08327746685184714, 0.8677721925845062, 0.021055838836227563, 0.027894501627419063], [0.27443676775278925, 0.4892328904194224, 0.11262928525529611, 0.12370105647249222], [0.07612163119021999, 0.6891486829337548, 0.15619136950651316, 0.07853831626951208], [0.1213498088294405, 0.5789224375446329, 0.2609420956199721, 0.03878565790595453]], "ideal": "A", "sampled": "B", "correct": false}}
