{"type": "result", "data": {"idx": 0, "options": ["Offerings", "Prayers", "Apparitions", "Idols"], "probs": [[0.17014115428504972, 0.2635151878605044, 0.5578728007367839, 0.00847085701766199], [0.014848805506150276, 0.08281858010040064, 0.890401335918484, 0.011931278374965026], [0.0010801080618146918, 0.9974325468817868, 0.0013868796511790676, 0.00010046530521933987], [0.948862581568375, 0.0502878038717163, 0.0006844753294598699, 0.00016513913044883518]], "ideal": "D", "sampled": "D", "correct": true}}
{"type": "result", "data": {"idx": 1, "options": ["Daoism", "Yin-Yang School", "Mengzi", "Humanistic Buddhism"], "probs": [[0.9672487910423684, 0.031092140618700675, 0.00047214966305439394, 0.0011869185758765944], [0.8737102160221436, 0.09353850153757656, 0.006365745832196235, 0.026385536508083573], [0.029525759300586207, 0.02906801610847488, 0.7266125827165855, 0.21479364177435342], [0.03941050175128396, 0.8559022552929823, 0.09602980323668446, 0.008657439619049294]], "ideal": "B", "sampled": "A", "correct": false}}
{"type": "result", "data": {"idx": 2, "options": ["325 CE", "119 CE", "451 CE", "596 CE"], "probs": [[0.16398205961017018, 0.45988914469502695, 0.32611560024815317, 0.05001319534664968], [0.04123088874541511, 0.13102627605987685, 0.7902020995168343, 0.037540735577873796], [0.030936057210228865, 0.6022276605733622, 0.35960252445253127, 0.007233757663877713], [0.22502315225525843, 0.6511147670702462, 0.12044531203896158, 0.003416768535533782]], "ideal": "D", "sampled": "D", "correct": true}}
{"type": "result", "data": {"idx": 3, "options": ["Akitu", "Wag and Thoth", "Bast", "Nehebkau"], "probs": [[0.9947947757353918, 0.004904083097621726, 0.00017045100943644803, 0.00013069005755005065], [0.516964064416939, 0.27671649327708964, 0.01610689940608791, 0.19021254279988342], [0.0015648158523660963, 0.0014930387114243744, 0.99312958346218, 0.003812561874029453], [0.0005524947610716617, 0.9989066285696487, 0.0002957191251570718, 0.00024515744412255516]], "ideal": "A", "sampled": "A", "correct": true}}
{"type": "result", "data": {"idx": 4, "options": ["Zazen", "Tariki", "Kami", "Ikebana"], "probs": [[7.4840075861644e-05, 3.9439134496882015e-05, 4.6107943008547915e-05, 0.9998396127466329], [0.0003624746843785278, 0.00014644253327835335, 0.9993000883535019, 0.0001909943288412096], [6.605067130867544e-05, 0.999895647774128, 2.6272941293434523e-05, 1.2028513269898027e-05], [0.9993071125685864, 0.0006771889860299801, 9.510099674409531e-06, 6.188245709182484e-06]], "ideal": "D", "sampled": "D", "correct": true}}
{"type": "result", "data": {"idx": 5, "options": ["Harmony and balance", "Devotion and piety", "Love and passion", "Goodwill and love"], "probs": [[0.5180635205685475, 0.4501149738168396, 0.02172045492560098, 0.010101050589011822], [0.9596433826251608, 0.027223352872549858, 0.010172768693916359, 0.0029604957083729368], [0.3683908122555137, 0.11061250084324098, 0.4307122092528651, 0.09028447754838027], [0.5832698924351132, 0.12226142698907107, 0.27986627736161535, 0.014602403114200448]], "ideal": "A", "sampled": "B", "correct": false}}
{"type": "result", "data": {"idx": 6, "options": ["Shabad", "Khalse", "Nam", "Guru"], "probs": [[0.9977406241232183, 0.0021825566466941223, 5.908002638111914e-05, 1.7739103706460487e-05], [0.004122032570072907, 0.03972526213560119, 0.008591037807615115, 0.9475616673867108], [0.0007295603834845454, 0.002710576840323365, 0.9956798712173469, 0.0008799914588451531], [0.00018813048810131122, 0.9997399394929357, 5.648721650216728e-05, 1.5442702460760898e-05]], "ideal": "A", "sampled": "A", "correct": true}}
{"type": "result", "data": {"idx": 7, "options": ["Muhammad's miraculous ascent to heaven", "Muhammad's migration to Mecca", "Muhammad's first community in Mecca", "Muhammad's revelations of the Qur'an"], "probs": [[0.9958387408769506, 0.0038232553430711364, 0.00011545639917382617, 0.00022254728080447255], [0.0020134573904669276, 0.0004934321408648313, 0.00221139954106205, 0.9952817108276062], [0.00042865048838059273, 0.0005503738302377009, 0.9951404760183751, 0.0038804995630065987], [0.0003248922641358264, 0.9992301637279317, 0.00013973645642463835, 0.000305207451507757]], "ideal": "A", "sampled": "A", "correct": true}}
{"type": "result", "data": {"idx": 8, "options": ["Laws of Dharma", "Laws of Karma", "Laws of Vishnu", "Laws of Manu"], "probs": [[0.004391730546670489, 0.0005671413122398499, 0.0011456601273583781, 0.9938954679137313], [0.003002479009991361, 0.002375065144729639, 0.9886515259242749, 0.0059709298210041265], [0.001500231264399105, 0.9978574672218229, 0.0005433516687514819, 9.894974502650933e-05], [0.9991862644628747, 0.0007672545641638696, 2.1428808658749506e-05, 2.5052064302595465e-05]], "ideal": "D", "sampled": "D", "correct": true}}
{"type": "result", "data": {"idx": 9, "options": ["The Holy Book", "The Narrative", "The Recitation", "The Pillars"], "probs": [[0.07963758748896896, 0.0060457466487902085, 0.9114158797476243, 0.002900786014616536], [0.0003858474704251047, 0.9993082105135075, 8.609442669280374e-05, 0.0002198474893745353], [0.660095769612839, 0.002574121184940665, 0.3371465306163442, 0.00018357848587614373], [0.002567964913545719, 0.9885492312252578, 0.005027845658010175, 0.003854958103186304]], "ideal": "C", "sampled": "C", "correct": true}}
{"type": "result", "data": {"idx": 10, "options": ["Mother of Light", "Father of Goodness", "Ineffable Lover", "Eternal Spirit"], "probs": [[0.428173952832112, 0.22213942969396439, 0.2679556269980394, 0.0817309903758842], [0.25070978694376894, 0.2507181315935393, 0.37637106317266766, 0.12220101819002405], [0.1535193805601127, 0.17948922665937744, 0.47289016295039166, 0.1941012297301182], [0.09371027489127809, 0.4910180343348215, 0.25078663601135665, 0.16448505466254373]], "ideal": "B", "sampled": "A", "correct": false}}
{"type": "result", "data": {"idx": 11, "options": ["Bushido", "Shinto", "Nichiren", "Soto Zen"], "probs": [[0.01110225309441263, 0.04255900721784302, 0.8548216452695602, 0.09151709431818415], [0.03008962275276321, 0.7290093993096192, 0.218886840195314, 0.022014137642303647], [0.6133922026532352, 0.36627523228402376, 0.01273069838509894, 0.007601866577642064], [0.9915455121092717, 0.007810919188152115, 0.00015959733212304267, 0.000483971270453223]], "ideal": "D", "sampled": "C", "correct": false}}
{"type": "result", "data": {"idx": 12, "options": ["Sangat", "Langar", "Gurdwara", "Panth"], "probs": [[6.8543770345773845e-06, 0.9999565218699524, 2.8856892691106338e-05, 7.766760321870913e-06], [0.9995446616383608, 0.0004373278853652677, 1.6180681696889043e-05, 1.8296945771045494e-06], [0.007007762118595663, 0.0015636308358732507, 0.014378867621830766, 0.9770497393237003], [1.9218781505155712e-05, 0.00010552183409590612, 0.9996871473512269, 0.00018811193317202815]], "ideal": "B", "sampled": "B", "correct": true}}
{"type": "result", "data": {"idx": 13, "options": ["Buddhism", "Daoism", "Confucianism", "Shamanism"], "probs": [[0.2551773924128053, 0.5402032428176926, 0.1781406796658707, 0.026478685003631378], [0.9773011425047093, 0.01935430845471588, 0.0018285920784714318, 0.001515956862103371], [0.2405358945963077, 0.2725592492421271, 0.4424097438665691, 0.04449511219499603], [0.1870076878315239, 0.17567489236545053, 0.6131676078654836, 0.0241498118375419]], "ideal": "B", "sampled": "B", "correct": true}}
{"type": "result", "data": {"idx": 14, "options": ["Worship", "Submission", "Obedience", "Faith"], "probs": [[0.00016345292840018403, 0.9997554759911284, 6.3016659819362e-05, 1.8054320652112613e-05], [0.9984110475436501, 0.0010156638334241318, 0.0005697381498737522, 3.550373052096653e-06], [0.0005018029547685766, 0.9964348215397948, 0.0022488884007104653, 0.0008144870047261424], [0.0027512041289687985, 0.0021425932723032155, 0.9949160365043443, 0.0001901659943836548]], "ideal": "B", "sampled": "B", "correct": true}}
{"type": "result", "data": {"idx": 15, "options": ["Suffering", "Soul", "Impermanence", "No-self"], "probs": [[4.1324217839686454e-05, 4.4683349358790173e-05, 0.00020660661731809315, 0.9997073857154835], [6.599092963107023e-05, 0.0001738498162677684, 0.998968754265344, 0.0007914048887571046], [1.8339653243647494e-05, 0.9997849259368218, 7.140914363068625e-05, 0.0001253251663038581], [0.9963456388392115, 0.0035934126921847638, 4.118670402230394e-05, 1.9761664581440934e-05]], "ideal": "D", "sampled": "D", "correct": true}}
{"type": "result", "data": {"idx": 16, "options": ["Spiritual narratives", "Redemption narratives", "Birth narratives", "Theological narratives"], "probs": [[0.02519045788438754, 0.012469598191869274, 0.9601730063972364, 0.002166937426506822], [0.0009685972233761529, 0.9978267900414556, 0.0006352173357065179, 0.0005693952994617267], [0.9885222110614685, 0.011154614416158089, 0.0002503215889117681, 7.285283346164283e-05], [0.005682600600618008, 0.007072153776475538, 0.0011911549431757851, 0.9860540905797307]], "ideal": "C", "sampled": "C", "correct": true}}
{"type": "result", "data": {"idx": 17, "options": ["Vajrayana", "Theravada", "Mahayana", "Mahavira"], "probs": [[0.018169716789837274, 0.04639763214076627, 0.931910316894524, 0.003522334074872462], [0.0008941544707805401, 0.9960041485012914, 0.00279748115953187, 0.0003042157683962375], [0.9952828347405851, 0.004467302959964329, 0.00020250730570045813, 4.73548937501312e-05], [0.011843098553133855, 0.019526939884044227, 0.4880767941434463, 0.48055316731937564]], "ideal": "C", "sampled": "C", "correct": true}}
{"type": "result", "data": {"idx": 18, "options": ["Svetambara", "Jina", "Agama", "Digambara"], "probs": [[0.38768655438436245, 0.12985548995105697, 0.3585423288368193, 0.12391562672776127], [0.02030573976083535, 0.04231698059758741, 0.8110381830979603, 0.12633909644361696], [0.17499721244087105, 0.4907735640523828, 0.3023600313773888, 0.031869192029357306], [0.47236209971103277, 0.5028228149167647, 0.016163391945673424, 0.00865169332652907]], "ideal": "D", "sampled": "D", "correct": true}}
{"type": "result", "data": {"idx": 19, "options": ["The Shema", "The Sefirot", "Deuteronomy", "The Decalogue"], "probs": [[0.9964967559927055, 0.002712870837445315, 0.00026445220660102837, 0.0005259208632482188], [0.005924092267876273, 0.0010621492378060523, 0.01215542876691952, 0.9808583296273982], [0.008371888256951227, 0.007387890946734537, 0.9828947806809524, 0.0013454400153619008], [0.002285939083163715, 0.9971442415272278, 0.00037317311162225866, 0.00019664617798624103]], "ideal": "A", "sampled": "A", "correct": true}}
{"type": "result", "data": {"idx": 20, "options": ["Brahminic orthodoxy", "Legalistic asceticism", "Bhakti devotionals", "Unorthodox practices"], "probs": [[0.7472185045340712, 0.2502992203035928, 0.0008219508617964454, 0.0016603242005395651], [0.5916565832397733, 0.12403584640084657, 0.11470709336764218, 0.16960047689173793], [0.006622375691542767, 0.9090014425096589, 0.06089782932589536, 0.023478352372903], [0.20799122700252481, 0.7728130202600614, 0.012297481268584601, 0.006898271368829184]], "ideal": "A", "sampled": "A", "correct": true}}
{"type": "result", "data": {"idx": 21, "options": ["The Battle of Uhud", "The Battle of Camel", "The Battle of the Trench", "The Battle of Badr"], "probs": [[0.9347164833178317, 0.057916068826167566, 0.005645639490926938, 0.0017218082650737132], [0.047028385144254205, 0.5466765333157706, 0.3585253077050464, 0.04776977373492882], [0.15408980924123933, 0.8330063056346254, 0.012069621879709263, 0.0008342631444259791], [0.7968476737432075, 0.20147586667949774, 0.0014006586963489361, 0.00027580078094576133]], "ideal": "C", "sampled": "D", "correct": false}}
{"type": "result", "data": {"idx": 22, "options": ["Remembering the Divine Name", "Meditating on the sacred hymns", "Remembering that death is inevitable", "Meditating on the goodness of the created world"], "probs": [[0.9055493817618624, 0.07790058866387822, 0.006007095701658981, 0.010542933772600365], [0.629223973166276, 0.03778886605143872, 0.04487516202841885, 0.2881119986538665], [0.002096412853034759, 0.0011944932318749817, 0.9583703367524027, 0.03833875706268755], [0.013287738115941862, 0.9029004043157458, 0.0233210777195804, 0.06049077974873197]], "ideal": "A", "sampled": "A", "correct": true}}
{"type": "result", "data": {"idx": 23, "options": ["Confucianism", "Buddhism", "Christianity", "Daoism"], "probs": [[0.8679909004111946, 0.09438954923562785, 0.025804709328122455, 0.011814840925055052], [0.1979020379363953, 0.33142840735493184, 0.038365203740466154, 0.43230435086820673], [0.2797137117191471, 0.13007929532182905, 0.3823227172015435, 0.20788427565748038], [0.18652339100253457, 0.52312017765296, 0.07897888907189142, 0.21137754217261398]], "ideal": "A", "sampled": "A", "correct": true}}
{"type": "result", "data": {"idx": 24, "options": ["Disciple", "Faithful", "Devotee", "Enlightened"], "probs": [[0.5551074560256603, 0.09204571633951177, 0.3065623571091068, 0.04628447042572114], [0.046299483881169494, 0.8600645112507402, 0.07633500588109123, 0.017300998886999035], [0.9922345634002192, 0.007006480231943038, 0.0005751323865716347, 0.00018382388126615278], [0.08057272313366179, 0.3611036186884799, 0.06474216185246946, 0.4935814962253889]], "ideal": "A", "sampled": "C", "correct": false}}
{"type": "result", "data": {"idx": 25, "options": ["The sages of the Zhuangzi", "The Songs of the South", "The Duke of Zhou", "The Confucian \"sage kings\""], "probs": [[0.48053194751714945, 0.19721013032519463, 0.2572198577963513, 0.06503806426130461], [0.13665771954945188, 0.1622858820480333, 0.38327667237884566, 0.31777972592366915], [0.26180672252828363, 0.38093166971969517, 0.21037651282864323, 0.14688509482337797], [0.5509770799386834, 0.22261765267950032, 0.1350304405644591, 0.09137482671735715]], "ideal": "A", "sampled": "D", "correct": false}}
{"type": "result", "data": {"idx": 26, "options": ["Anointed one", "God", "Prophet", "The line of David"], "probs": [[0.9984749442872991, 0.0014324164478593984, 6.912144060963595e-05, 2.351772423181365e-05], [0.0009640765636768242, 0.000612834266011444, 0.005211745617625795, 0.9932113434526859], [0.0016634004830667936, 0.0035213193185232436, 0.9917559172449727, 0.003059362853437256], [0.0003250014934607022, 0.9995798127222567, 6.399629073057005e-05, 3.118939355203219e-05]], "ideal": "A", "sampled": "A", "correct": true}}
{"type": "result", "data": {"idx": 27, "options": ["Soul", "Sound", "Non-matter", "Non-soul"], "probs": [[0.0009017808726679122, 0.0019089677962886328, 0.9888971165484007, 0.00829213468264272], [0.00010409452608308368, 0.986119260831834, 0.013213927597749385, 0.0005627169443335097], [0.8825013037660097, 0.11575933540795875, 0.0015511788653917503, 0.00018818186063986856], [0.9873944260468175, 0.01204716196167338, 0.0002423386549441937, 0.00031607323656498477]], "ideal": "D", "sampled": "C", "correct": false}}
{"type": "result", "data": {"idx": 28, "options": ["A collection of statues", "Veneration of ancestors", "Seated meditation", "Funeral rituals"], "probs": [[0.000397411974036165, 0.0002448197530620861, 0.9975768523553904, 0.0017809158175113137], [9.460936176791368e-05, 0.9998530068630503, 4.264322198290675e-05, 9.740453198778898e-06], [0.9983018949974451, 0.0016484203672961308, 2.5424477112509246e-05, 2.4260058146201397e-05], [0.00011590668224777688, 3.8824853300264384e-05, 5.828223991743503e-05, 0.9997869861245345]], "ideal": "C", "sampled": "C", "correct": true}}
{"type": "result", "data": {"idx": 29, "options": ["Asceticism", "Bodily pleasure", "Music", "Sexual union"], "probs": [[0.0002603390426221931, 0.9810340333175775, 0.004267826386035568, 0.014437801153764716], [0.10081308966448363, 0.023573480280662935, 0.8181700018179693, 0.05744342813688416], [0.0005827248296684112, 0.989756618174464, 0.005615777994674441, 0.004044878901193108], [0.4541636328843827, 0.0493874275710837, 0.49107822168929355, 0.005370717755240059]], "ideal": "D", "sampled": "D", "correct": true}}
{"type": "result", "data": {"idx": 30, "options": ["Loving and forgiving", "Wrathful and merciful", "Judging and vengeful", "Transcendent and immanent"], "probs": [[0.031106730729044497, 0.8022751526827225, 0.11202124287799321, 0.054596873610239745], [0.4210838800570654, 0.317855158948559, 0.22539559676168247, 0.03566536413269314], [0.03109380963471354, 0.9087130988646068, 0.03635247410339004, 0.02384061729728958], [0.24654304244010736, 0.11287733574938508, 0.5469927624217222, 0.09358685928878532]], "ideal": "B", "sampled": "B", "correct": true}}
{"type": "result", "data": {"idx": 31, "options": ["Palestine and Babylonia", "Babylonia and Europe", "Palestine and Spain", "Spain and France"], "probs": [[0.13793871884341347, 0.3157436157225646, 0.5125130857755901, 0.03380457955843184], [0.01651987353264612, 0.8879649804257569, 0.05588570711011304, 0.03962943883148395], [0.07943060697451879, 0.1996868625200207, 0.6861812812081264, 0.03470124919733406], [0.0010532748977873237, 0.9879653381257711, 0.008414949736323753, 0.0025664371401177234]], "ideal": "A", "sampled": "A", "correct": true}}
{"type": "result", "data": {"idx": 32, "options": ["Buddhism", "Hinduism", "Judaism", "Islam"], "probs": [[0.2087614360540685, 0.7286518046882239, 0.013769360134369893, 0.04881739902333767], [0.42574409280548947, 0.40624738340856287, 0.042154521373981645, 0.12585400231196597], [0.13544006139771528, 0.2958272585041313, 0.45818762259864954, 0.1105450573995039], [0.1713238826726504, 0.5887088932470199, 0.10230226051512596, 0.13766496346520377]], "ideal": "A", "sampled": "A", "correct": true}}
{"type": "result", "data": {"idx": 33, "options": ["Kali yuga", "Maha yuga", "Krita yuga", "Satya yuga"], "probs": [[0.9380135579843315, 0.02008554231487486, 0.0006872886183862556, 0.041213610982407375], [0.01321635346180908, 0.0003990582634086049, 0.00016123507241028783, 0.9862233531023721], [0.021427126882856588, 0.0012867553374239426, 0.7320698555525087, 0.24521626212721073], [0.01150527408754736, 0.7229717364708491, 0.0036770731629886064, 0.2618459161786149]], "ideal": "A", "sampled": "A", "correct": true}}
{"type": "result", "data": {"idx": 34, "options": ["Hymns", "Laws", "Ethics", "Myths"], "probs": [[0.9996073747978267, 0.00038596810436644413, 4.1558898233513555e-06, 2.5011079834653323e-06], [0.01750855427280512, 0.009083346947139404, 0.002369526666962519, 0.971038572013093], [0.06137054409069054, 0.019011478148586114, 0.9160457802811574, 0.003572197379565955], [0.008313921155638008, 0.9914648980362978, 0.00018083146735170088, 4.0349240712465486e-05]], "ideal": "A", "sampled": "A", "correct": true}}
{"type": "result", "data": {"idx": 35, "options": ["Pure Land", "Tendai", "Shingon", "Soto Zen"], "probs": [[0.9862285744483527, 0.01301077287902182, 0.0007003999862976715, 6.025258632782284e-05], [0.00033474049597107214, 0.00047207528830489707, 0.0013239104155829155, 0.9978692737001411], [0.00010709451376682374, 0.00048749637039636443, 0.998798712590755, 0.000606696425081766], [8.218131366802659e-05, 0.9996599022718946, 0.00017949903579051696, 7.841727864683502e-05]], "ideal": "A", "sampled": "A", "correct": true}}
{"type": "result", "data": {"idx": 36, "options": ["Sita", "Rama", "Kali", "Durga"], "probs": [[0.984836729180695, 0.014048007767671603, 0.0005532769314602262, 0.0005619860201732246], [0.004638519580615419, 0.0006084393213878971, 0.023927075668995924, 0.9708259653290008], [0.004812483515994203, 0.0026995280894486734, 0.9611070504854353, 0.03138093780912183], [0.004490413754216287, 0.9696495234040374, 0.02389837022078715, 0.0019616925209591215]], "ideal": "A", "sampled": "A", "correct": true}}
{"type": "result", "data": {"idx": 37, "options": ["Rumi", "Rabi'a", "Fatimah", "Khadija"], "probs": [[0.0004875019751163389, 0.9987807463554358, 0.0005524106700627358, 0.0001793408993851158], [0.9828047579825323, 0.014691807031403324, 0.0013880793137691302, 0.0011153555722952394], [0.0004297622491091148, 0.0002300393738597167, 0.38465766639633103, 0.6146825318807001], [0.0012400525498747954, 0.02339796227736123, 0.9643095997950701, 0.011052385277693831]], "ideal": "B", "sampled": "B", "correct": true}}
{"type": "result", "data": {"idx": 38, "options": ["Andal", "Devi", "Ganga", "Kali"], "probs": [[0.9973678413625229, 0.002511161718296457, 9.437599181010852e-05, 2.6620827370553782e-05], [0.0002452803288916873, 0.00011406860623683403, 0.00021310256669070327, 0.9994275483981808], [0.0003298991926634946, 0.00034571031414749594, 0.9988941504194876, 0.0004302399737013769], [0.000291320845584098, 0.9995284711914925, 0.00014648502162329703, 3.372284130017169e-05]], "ideal": "A", "sampled": "A", "correct": true}}
{"type": "result", "data": {"idx": 39, "options": ["Paul of Tarsus", "Clare of Assisi", "Francis of Assisi", "John of the Cross"], "probs": [[0.00677109952638236, 0.04700021561908301, 0.9440304426420829, 0.002198242112451719], [0.5201634906337884, 0.4736136678396404, 0.005428485563803352, 0.0007943558627678936], [0.9878629320839228, 0.011322520529786335, 0.0004390266784708944, 0.0003755206078199209], [0.13103781639219253, 0.0723663121389502, 0.19065952299118796, 0.6059363483776693]], "ideal": "C", "sampled": "C", "correct": true}}
{"type": "result", "data": {"idx": 40, "options": ["Epistemology", "Morality", "Religion", "Aesthetics"], "probs": [[0.01159264232740435, 0.5329870546347104, 0.44186702078160434, 0.013553282156280943], [0.2865633103542699, 0.7092570148311153, 0.0018139130179576067, 0.002365761696657165], [0.5268503152204791, 0.03585267624668822, 0.2608128649801714, 0.17648414345266122], [0.004900809016257885, 0.006195252427668866, 0.8773605414527343, 0.1115433970033389]], "ideal": "B", "sampled": "B", "correct": true}}
{"type": "result", "data": {"idx": 41, "options": ["Greek Orthodox", "Roman Catholic", "Puritans", "Quakers"], "probs": [[0.010694350597940112, 0.006486431522197513, 0.9477534721272803, 0.03506574565258204], [0.03675925803813762, 0.566094586189382, 0.3890711241750698, 0.00807503149741054], [0.8868180631865477, 0.11274691821768805, 0.0003166821885789221, 0.00011833630718535108], [0.9916217072184026, 0.006375554072162463, 0.0016373828023992529, 0.00036535580703569916]], "ideal": "D", "sampled": "C", "correct": false}}
{"type": "result", "data": {"idx": 42, "options": ["Peter", "Paul", "Jesus", "Matthew"], "probs": [[0.9916467068795166, 0.0072245989610121705, 0.0010907823303649212, 3.7911729106303595e-05], [0.02614994854484056, 0.21895171271497782, 0.002509637686450163, 0.7523887009537314], [0.0013827109570601886, 0.0026238653103654616, 0.99442664096454, 0.0015667826680343284], [0.001344876994825118, 0.9979000454205914, 0.0007312029167382587, 2.387456784525161e-05]], "ideal": "A", "sampled": "A", "correct": true}}
{"type": "result", "data": {"idx": 43, "options": ["1935", "2000", "1965", "1975"], "probs": [[0.11104992113679225, 0.05084149949371156, 0.8205378711933256, 0.017570708076170668], [0.0031211370847356963, 0.5087444670404112, 0.40244688698955416, 0.08568750878529895], [0.004651100972070519, 0.04210719585395255, 0.9288717771236341, 0.024369925950342826], [0.0008848584776838442, 0.9553110000956594, 0.04132251210979342, 0.0024816292168633514]], "ideal": "A", "sampled": "A", "correct": true}}
{"type": "result", "data": {"idx": 44, "options": ["Householders who supported renouncers", "Orthodox interpreters of the scriptures", "Women ascetics who lived in communities", "Temple-dwelling renouncers"], "probs": [[0.20106395635566904, 0.06734720968102327, 0.6490674356725843, 0.08252139819072339], [0.007753141050240518, 0.44361951266605393, 0.3854263702858066, 0.16320097589789895], [0.06913286614234693, 0.8965676047042845, 0.014491588226729326, 0.01980794082663916], [0.9840934324543076, 0.014258647339345232, 0.0004955976361636717, 0.0011523224701834509]], "ideal": "D", "sampled": "D", "correct": true}}
{"type": "result", "data": {"idx": 45, "options": ["Thoughtfulness", "Non-action", "Spontaneity", "Meditation"], "probs": [[0.0001956543164948965, 0.9921144290176567, 0.004814839653551181, 0.0028750769122972792], [0.8240829125855273, 0.17545935766082993, 0.0003494689926270739, 0.00010826066101561292], [0.9972900971656244, 0.0021144605981862153, 0.00017907588051008393, 0.00041636625567929234], [0.0002981837743452261, 0.0006512638893612597, 0.9915973629232134, 0.0074531893130800895]], "ideal": "C", "sampled": "B", "correct": false}}
{"type": "result", "data": {"idx": 46, "options": ["hand gestures", "saints", "religious clothing", "temples"], "probs": [[0.9996284373803097, 0.0003626043447248217, 6.5899086260081755e-06, 2.3682663394640705e-06], [2.5865287336842037e-05, 2.178271781525909e-05, 1.5087731698993278e-05, 0.9999372641631489], [4.7155132834527745e-05, 0.00010379515978489624, 0.9988487950201347, 0.001000254587245855], [1.3211521070348051e-05, 0.9999429013286198, 3.480700624884736e-05, 9.08004406095858e-06]], "ideal": "A", "sampled": "A", "correct": true}}
{"type": "result", "data": {"idx": 47, "options": ["Julius Caesar", "Alexander the Great", "Cyrus of Persia", "Antiochus IV Epiphanes"], "probs": [[2.710478538239418e-05, 2.8407192652295847e-05, 0.00011959050084255243, 0.9998248974211228], [3.583626828159995e-05, 0.0003295214069939996, 0.99776780669988, 0.0018668355248444525], [4.3133212516190784e-05, 0.9956529288456375, 0.0011841370900139974, 0.003119800751832314], [0.9975228789072779, 0.002359396192955288, 6.798560534004593e-05, 4.9739194426838276e-05]], "ideal": "D", "sampled": "D", "correct": true}}
{"type": "result", "data": {"idx": 48, "options": ["30", "40", "33", "52"], "probs": [[0.025330482732378094, 0.018244203670996193, 0.9505023019970463, 0.005923011499579395], [0.12072727023754315, 0.683946707888796, 0.18698121177570612, 0.00834480999795477], [0.09845294657917386, 0.1477890104654352, 0.7505435804650332, 0.003214462390357755], [0.15487915362477758, 0.4696493174577762, 0.354511262931863, 0.02096026588558313]], "ideal": "A", "sampled": "C", "correct": false}}
{"type": "result", "data": {"idx": 49, "options": ["Serpent", "Eagle", "Cheetah", "Cow"], "probs": [[0.027391207567716635, 0.2899169542559998, 0.47058348528292676, 0.21210835279335682], [0.011842086138001117, 0.10229962396253085, 0.8565490878648987, 0.029309201934569342], [0.013908945319213176, 0.9304423502724798, 0.037222365077685, 0.01842633923062204], [0.9001249132717254, 0.08242667519313863, 0.013882989152977475, 0.0035654222821585105]], "ideal": "D", "sampled": "D", "correct": true}}
{"type": "result", "data": {"idx": 50, "options": ["Community", "Scripture", "Worship", "Apprenticeship"], "probs": [[0.09757389817766816, 0.3300901632607131, 0.019516093545414427, 0.5528198449162043], [0.007673352224780193, 0.004440968040256072, 0.915082955289694, 0.07280272434526976], [0.007481928901513352, 0.9799403517007577, 0.011057675108294689, 0.0015200441894342694], [0.6359625351469855, 0.1022079346229161, 0.24138632009655944, 0.020443210033538887]], "ideal": "A", "sampled": "D", "correct": false}}
{"type": "result", "data": {"idx": 51, "options": ["Construction of the Second Temple", "Destruction of the Second Temple", "The Christianization of the Roman Empire", "The emergence of Islam"], "probs": [[0.00019683694065361315, 0.9981072223355341, 0.0003296349207798028, 0.0013663057030325265], [0.9984652284336902, 0.0009104907950706425, 3.642447875498315e-05, 0.0005878561924841466], [8.398415203734231e-05, 0.00012607493367959902, 0.05499235315800938, 0.9447975876562736], [0.0001060993885835575, 0.004511307747331517, 0.9894988572495378, 0.005883735514547168]], "ideal": "B", "sampled": "B", "correct": true}}
{"type": "result", "data": {"idx": 52, "options": ["Genshin", "Dogen", "Honen", "Shinran"], "probs": [[0.005317612563001976, 0.021361256065880407, 0.9669072649566897, 0.006413866314427911], [0.002177950720090612, 0.10493226846809207, 0.8924473275883676, 0.00044245312344965207], [0.0009686212448144918, 0.9978441164738895, 0.0011148688101815267, 7.239337111444256e-05], [0.7896515409333312, 0.20599055951552117, 0.003953977328896275, 0.0004039221222513451]], "ideal": "C", "sampled": "D", "correct": false}}
{"type": "result", "data": {"idx": 53, "options": ["Pakistan", "Iraq", "Indonesia", "Turkey"], "probs": [[0.6978128200799046, 0.00995372558145788, 0.2863819454839685, 0.005851508754668968], [0.0043613419811448905, 0.768658745849441, 0.006754936608702797, 0.22022497546071126], [0.9780205066519608, 0.003161824364704658, 0.018195068788064078, 0.0006226000952703884], [0.005098474641529839, 0.12945200411156765, 0.008020976501499704, 0.8574285446454027]], "ideal": "C", "sampled": "C", "correct": true}}
{"type": "result", "data": {"idx": 54, "options": ["Gregory", "Augustine", "Athanasius", "Francis"], "probs": [[0.9954601066109761, 0.003762508328214093, 0.0006337474419638784, 0.00014363751884594072], [0.26861920349700036, 0.04119356629152902, 0.3342997952745387, 0.3558874348369319], [0.01580306484768198, 0.004895262791888311, 0.8362321693147075, 0.1430695029457223], [0.050880633289494305, 0.6198304294920025, 0.24273170528368734, 0.0865572318348158]], "ideal": "A", "sampled": "A", "correct": true}}
{"type": "result", "data": {"idx": 55, "options": ["Enlightened being", "Worthy ones", "Saintly ones", "Sages"], "probs": [[0.9935279361922505, 0.0063878479423810945, 3.980677576358688e-05, 4.4408989604798984e-05], [0.06352155016069487, 0.0534905253139136, 0.8110047954361896, 0.07198312898920191], [0.05641888734034313, 0.043938525120469425, 0.8964595650947391, 0.003183022344448369], [0.004750225048508962, 0.9942208750301202, 0.000470344483376234, 0.0005585553379946048]], "ideal": "A", "sampled": "A", "correct": true}}
{"type": "result", "data": {"idx": 56, "options": ["Guru Ram Das", "Guru Tegh Bahadur", "Guru Gobind Singh", "Guru Har Rai"], "probs": [[4.8774428732604876e-05, 0.9935811525850673, 0.0009060270794716764, 0.005464045806728438], [0.9754766323636913, 0.022941075495463717, 0.0010079636805256603, 0.00057432836031928], [7.483362446947051e-05, 8.479804214557755e-05, 6.920939598108269e-05, 0.9997711588374039], [1.77698602982269e-05, 0.00010884977053586427, 0.938906111125819, 0.060967269143346915]], "ideal": "B", "sampled": "B", "correct": true}}
{"type": "result", "data": {"idx": 57, "options": ["Guru Nanak", "Guru Arjan", "Guru Hargobind", "Guru Ram Das"], "probs": [[0.00472445604197531, 0.0038558286978939804, 0.9888107273999017, 0.0026089877602290235], [0.0004871946135761724, 0.9981357727611959, 0.0004948570993717357, 0.0008821754258561398], [0.9409731525884887, 0.012031564360343921, 0.04684848660795777, 0.00014679634320962192], [0.00047916535376858976, 0.000450134835524875, 0.0018951138700774492, 0.997175585840629]], "ideal": "C", "sampled": "C", "correct": true}}
{"type": "result", "data": {"idx": 58, "options": ["In the community", "In faith in God", "In ascetic renunciation", "In the life of the householder"], "probs": [[0.03443022945291573, 0.7959789333433749, 0.03552326691999696, 0.13406757018371243], [0.04707360613393027, 0.015523241744557166, 0.7597410635649944, 0.17766208845651815], [0.0038999245147966232, 0.7667898053175802, 0.1021638900261861, 0.12714638004143708], [0.17634477684091057, 0.09148809040203472, 0.4503255351830549, 0.28184159747399984]], "ideal": "D", "sampled": "D", "correct": true}}
{"type": "result", "data": {"idx": 59, "options": ["God is eternal and merciful to those who offer worship", "Humans can align themselves with life energy through worship of kami", "Justice will be the final outcome in the next world", "Power and force are the most divine attributes"], "probs": [[0.0027417737242376476, 0.991497616536505, 0.0015141352229573178, 0.004246474416299997], [0.9759409756571403, 0.0063734360157451445, 0.00035957085963590735, 0.017326017367478633], [0.0420145267313298, 0.015216333308267245, 0.617404620109079, 0.3253645197513239], [0.012594511280788702, 0.05059424607915019, 0.9109697688854727, 0.02584147365458842]], "ideal": "A", "sampled": "B", "correct": false}}
{"type": "result", "data": {"idx": 60, "options": ["Durga", "Sri Lakshmi", "Kali", "Mahavira"], "probs": [[0.26507374832952346, 0.45799854723765654, 0.27348500684848387, 0.0034426974843360936], [0.020908535855534094, 0.9764258016147905, 0.0004272158730642819, 0.0022384465566110583], [0.019621815908346867, 0.0027397675692101054, 0.9603223073023359, 0.017316109120107098], [0.003877922949182734, 0.811622262974772, 0.08291206382661173, 0.10158775014943354]], "ideal": "B", "sampled": "A", "correct": false}}
{"type": "result", "data": {"idx": 61, "options": ["China", "Silla", "Goguryeo", "Joseon"], "probs": [[0.4472759390581676, 0.34293431231825017, 0.1864518533448605, 0.023337895178721736], [0.34354209896466925, 0.15244475005532743, 0.414391517597721, 0.08962163328228234], [0.26255631542022667, 0.22810922645772236, 0.47542762928703974, 0.03390682873501125], [0.33168591177563955, 0.34759641855596396, 0.3020046454293092, 0.01871302413908725]], "ideal": "B", "sampled": "A", "correct": false}}
{"type": "result", "data": {"idx": 62, "options": ["Madhva", "Patanjali", "Ramanuja", "Aryabhatta"], "probs": [[5.390864769882832e-05, 0.9998935626791616, 1.9831721475797098e-05, 3.269685166372657e-05], [0.9998151631134707, 0.0001740041287611812, 6.338230737458887e-06, 4.494427030614444e-06], [0.00011059208653580309, 2.318139503515134e-05, 0.0001511605769494313, 0.9997150658414796], [7.028791865759044e-05, 7.02851683456174e-05, 0.9995681028839795, 0.0002913239290173492]], "ideal": "B", "sampled": "B", "correct": true}}
{"type": "result", "data": {"idx": 63, "options": ["It was visited by Moses.", "It is a haram.", "It was built by Abraham.", "It is a square building."], "probs": [[0.6316054580400614, 0.023737248473052124, 0.12633823092393498, 0.21831906246295144], [0.10927247041235219, 0.007095956104083917, 0.0371798306845421, 0.8464517426990218], [0.04449578021334229, 0.002113892938768504, 0.8662669100069935, 0.08712341674089565], [0.198215633610931, 0.2505701780068644, 0.10445606707482051, 0.4467581212073841]], "ideal": "A", "sampled": "A", "correct": true}}
{"type": "result", "data": {"idx": 64, "options": ["Parvati", "Ganesha", "Vishnu", "Sita"], "probs": [[0.0001739543831041131, 0.9995144758521595, 0.00012927032564591595, 0.00018229933909053142], [0.9959726762203899, 0.003706057948282802, 0.00012484977733688397, 0.00019641595399046678], [0.003163274911240472, 0.002010703130073176, 0.000920575422930528, 0.9939054464357558], [0.0005455508072186651, 0.0003991218322600448, 0.9710746330794591, 0.027980694181062197]], "ideal": "B", "sampled": "B", "correct": true}}
{"type": "result", "data": {"idx": 65, "options": ["Sri Lakshmi", "Mahavira", "Rsabha", "Nanak"], "probs": [[0.00021606484519932556, 0.9975364797771007, 0.0009239412053260947, 0.0013235140723738379], [0.9418222226494939, 0.05745116580381497, 0.00040568396789523434, 0.0003209274787958524], [0.11585103945846895, 0.3198721471083994, 0.01147048477050713, 0.5528063285626246], [0.002880133921663073, 0.013526098804482418, 0.9783785344469752, 0.005215232726879257]], "ideal": "C", "sampled": "B", "correct": false}}
{"type": "result", "data": {"idx": 66, "options": ["Ban Zhao", "Laozi", "Menicus", "Liu Xiang"], "probs": [[0.9937147529948893, 0.005817260262873538, 0.0003837008626265505, 8.428577961062082e-05], [0.00348750304853351, 0.005154217434448558, 0.36702068508501057, 0.6243375943320073], [0.01216757739048054, 0.06786124048032716, 0.9079930701200685, 0.011978111909123778], [0.0039144800867192036, 0.9882172914713306, 0.007313056362969549, 0.0005551719789805538]], "ideal": "A", "sampled": "A", "correct": true}}
{"type": "result", "data": {"idx": 67, "options": ["36,000", "12,000", "24,000", "7,000"], "probs": [[0.0665610320740519, 0.38302471390027165, 0.5074384495539788, 0.042975804371697617], [0.015785402067681316, 0.31705204416933463, 0.6207664758649413, 0.04639607779804271], [0.03700284742200299, 0.36791164501605117, 0.5270255921334264, 0.0680599153285195], [0.020653436051370797, 0.36041027196082864, 0.5670129766444896, 0.051923315243311015]], "ideal": "A", "sampled": "D", "correct": false}}
{"type": "result", "data": {"idx": 68, "options": ["Ultimate Reality", "The gurus", "The community", "Sikh worship"], "probs": [[0.998386229068271, 0.0015010233142386123, 3.0670015668657374e-05, 8.207750182167209e-05], [0.0021142436810944955, 0.00024475065384855984, 0.0004163254557124047, 0.9972246801093445], [0.0007300654027928729, 0.0005176917062594394, 0.9963956169535813, 0.0023566258373663804], [0.001098066308333854, 0.9983128061867483, 0.00016578594975999667, 0.000423341455157842]], "ideal": "A", "sampled": "A", "correct": true}}
{"type": "result", "data": {"idx": 69, "options": ["Sansar", "Hukam", "Mantar", "Karam"], "probs": [[0.0009171246573287368, 0.9596715336175643, 0.03388053631043052, 0.005530805314676479], [0.9049607331360751, 0.08684730925242695, 0.002463699896313955, 0.005728257615183998], [0.0671989490992859, 0.015714129907099465, 0.0037323773101917484, 0.9133545435834228], [0.0009573862278474951, 0.002813682280869961, 0.9862536876138546, 0.009975243777427962]], "ideal": "B", "sampled": "B", "correct": true}}
{"type": "result", "data": {"idx": 70, "options": ["30", "29", "27", "47"], "probs": [[0.0052089455440335036, 0.3767620154762259, 0.6115464775411246, 0.006482561338616004], [0.008218884641395072, 0.9801179377291759, 0.010069887366153944, 0.0015932901632751087], [0.7173727459672613, 0.07680087117980554, 0.20234482850464927, 0.003481554248283876], [0.014051251112009638, 0.6460157632181743, 0.3051557540588399, 0.03477723151097616]], "ideal": "C", "sampled": "C", "correct": true}}
{"type": "result", "data": {"idx": 71, "options": ["Zen Buddhism", "Chan Buddhism", "Humanistic Buddhism", "Pure Land Buddhism"], "probs": [[0.0012531185211841762, 0.0010227471269559601, 0.9898044316706684, 0.00791970258119142], [0.0042197116595265646, 0.9401352185715672, 0.0370267807229932, 0.01861828894591299], [0.8723514298534213, 0.09486542134655665, 0.024363279952847, 0.008419868747175093], [0.013267605720161389, 0.0015601109662362238, 0.05499285523628814, 0.9301794279773142]], "ideal": "C", "sampled": "C", "correct": true}}
{"type": "result", "data": {"idx": 72, "options": ["They worshipped exclusively outside of the temple", "They believed that nakedness was an elemental expression of non-attachment", "They included women within the ranks of the leadership", "They believed that the omniscient Jina must eat and sleep"], "probs": [[0.0024707808035703297, 0.9967903853159543, 0.00024464236920266534, 0.0004941914112726744], [0.9012963267206062, 0.04281819655224922, 0.04417875453943633, 0.01170672208770825], [0.001402193964379855, 0.03191459775421082, 0.004387065098363972, 0.9622961430830453], [0.003327444271797576, 0.043148800109741564, 0.9371461307325297, 0.01637762478593112]], "ideal": "B", "sampled": "B", "correct": true}}
{"type": "result", "data": {"idx": 73, "options": ["Namokar Mantra", "The Liberation Mantra", "Ahimsa", "Archaryas"], "probs": [[0.9899132587319609, 0.010012965111426388, 4.288722000698162e-05, 3.088883660571663e-05], [0.972181248570877, 0.011318356115380209, 0.0019668803856374077, 0.014533514828105441], [0.001364130453345091, 0.0006148408477195941, 0.9965461210471398, 0.001474907551795531], [0.000844390614066745, 0.9856857258342311, 0.013208308521086277, 0.00026157493061583774]], "ideal": "A", "sampled": "A", "correct": true}}
{"type": "result", "data": {"idx": 74, "options": ["Second century CE", "Fifth century CE", "Fifth century BCE", "Eighteenth century CE"], "probs": [[0.3750454500577683, 0.4523874180061676, 0.17170734898627849, 0.0008597828497856329], [0.5686713874501772, 0.4292533560844745, 0.0019266855064857039, 0.00014857085886257906], [0.8506508070246936, 0.07317608019054986, 0.07549917872497262, 0.0006739339597838605], [0.023528320318054314, 0.4236105012982396, 0.5030513320966263, 0.049809846187079766]], "ideal": "B", "sampled": "B", "correct": true}}
