{"type": "result", "data": {"idx": 0, "options": ["middle ages", "chess board", "kids story", "fairy tale", "castle"], "probs": [[0.13239125013981035, 0.7982882621057938, 0.003124328936631308, 0.00512024503926011, 0.06107591367850437], [0.0014806775602758469, 0.004685724396747471, 0.004779985878344135, 0.07930736611300034, 0.9097462459516322], [0.00656662533460815, 0.2338250532890781, 0.021992417573700872, 0.2590387446342033, 0.47857715906840953], [0.020131680766109432, 0.15851437747742042, 0.7975419167574188, 0.022718682731440353, 0.0010933421676109088], [0.002744554885909872, 0.044611336606174, 0.9472641136157152, 0.0008963846847904001, 0.004483610107410552]], "ideal": "D", "sampled": "B", "correct": false}}
{"type": "result", "data": {"idx": 1, "options": ["counter", "coffee table", "school room", "backpack", "bedside table"], "probs": [[0.024942574474188788, 0.5902605523033982, 0.007154966081576458, 0.0076285589671784585, 0.370013348073658], [0.007642636767729229, 0.008813583947530563, 0.0019668158459481633, 0.21605671265991516, 0.7655202506788769], [0.0044926560804721865, 0.021439832386325863, 0.03186299848990685, 0.303859723768802, 0.6383447891744931], [0.0032903987154906714, 0.10390403764179153, 0.8435552641803855, 0.04515965189623448, 0.004090647466097797], [0.006105791511630515, 0.24346507026096734, 0.7396620190086195, 0.0017536576306888976, 0.009013461488093757]], "ideal": "B", "sampled": "A", "correct": false}}
{"type": "result", "data": {"idx": 2, "options": ["cleanness", "wetness", "exfoliation", "use water", "hygiene"], "probs": [[0.0012643533560710788, 0.0011215386398467685, 0.00028742944625909366, 0.0036324942262720237, 0.993694184231551], [0.0007716352219879994, 0.008785792740115645, 0.00510202960193212, 0.9835586675109459, 0.0017818748250183838], [0.0005140495698935782, 0.01677634450068858, 0.981745164423777, 0.00034870205839993717, 0.0006157393472409291], [0.0007438404608182583, 0.9875789315117148, 0.0017714648234256603, 0.00042840326012031683, 0.009477359843920933], [0.9755021547392644, 0.019566725033972523, 0.0006890105843683712, 0.0004781993154853852, 0.003763910226909283]], "ideal": "A", "sampled": "E", "correct": false}}
{"type": "result", "data": {"idx": 3, "options": ["table", "meeting", "drawer", "toilet", "garage"], "probs": [[0.5761106737151453, 0.018316816941888674, 0.4019892900288872, 0.0019683745191782175, 0.0016148446949004838], [0.0013719013226693715, 0.00632676508817109, 0.0007830462171585403, 0.0016059277771296933, 0.9899123594948713], [0.0037535959759979537, 0.004353228284175681, 0.0011819053446082734, 0.9901293509285563, 0.0005819193666617911], [0.0013026484404929698, 0.005720890541762153, 0.9918670565837602, 0.0002536764636829148, 0.0008557278703017567], [0.003995015645132487, 0.969754789264744, 0.005507538414042245, 0.004826985636644639, 0.015915670939436598]], "ideal": "A", "sampled": "A", "correct": true}}
{"type": "result", "data": {"idx": 4, "options": ["damage", "wonderful", "exhaustion", "orgasm", "lazy"], "probs": [[0.005613258638943558, 0.12014901776701381, 0.5136484563028935, 0.3582491319995815, 0.002340135191567633], [0.002074167599704723, 0.9574099073396088, 0.03091320558696538, 0.0011415326861419252, 0.00846118668757907], [0.02282481428044404, 0.9095058336489797, 0.00854944427902933, 0.0024847222671800827, 0.056635185424366796], [0.09325595648892615, 0.11684254185744347, 0.01598334447932438, 0.2896103766953112, 0.4843077803789948], [0.004478282223817287, 0.023251616956876487, 0.3500697556987644, 0.11329142568808159, 0.5089089193324602]], "ideal": "B", "sampled": "C", "correct": false}}
{"type": "result", "data": {"idx": 5, "options": ["enemies", "perform better", "sweat", "tension", "frostbite"], "probs": [[0.000642427810870529, 0.006024225013348018, 0.6419083331199709, 0.03825044545633802, 0.3131745684994726], [0.0006122010002574539, 0.07627336752493413, 0.009645007641262273, 0.9118037905461126, 0.0016656331874335111], [0.0005838424759045906, 0.03621196131774262, 0.9619782912388274, 0.0008510646599415558, 0.00037484020758389363], [0.00030070143628158145, 0.9954891490168412, 0.0026805567649796865, 0.0005201360164846825, 0.0010094566654129406], [0.8989584790407795, 0.09451549117324454, 0.003269526068602584, 0.0006151397482570862, 0.0026413638691163113]], "ideal": "D", "sampled": "E", "correct": false}}
{"type": "result", "data": {"idx": 6, "options": ["free will", "choice", "will", "alcohol", "freedom"], "probs": [[0.2371800058710928, 0.7260208019280863, 0.017083085813155, 0.0015743041636874133, 0.018141802123978507], [0.8178014961977303, 0.08076302911352429, 0.002420234322260613, 0.01883260394555174, 0.08018263632093305], [0.0013853053882076137, 0.0013251861893534783, 0.002678421252750405, 0.181877578292556, 0.8127335087771325], [0.0011491297835191487, 0.013962117982983864, 0.8776229030826669, 0.10235574054582042, 0.004910108505009717], [0.0033179854672132623, 0.470916097961283, 0.5199018511234321, 0.004332906891980198, 0.0015311584560914323]], "ideal": "B", "sampled": "B", "correct": true}}
{"type": "result", "data": {"idx": 7, "options": ["bathtub", "washing area", "hotel", "shower stall", "department store"], "probs": [[0.024825041774462153, 0.021051018859359352, 0.03132392285765664, 0.9098933301449388, 0.012906686263583086], [0.005641083916182886, 0.19686237736479448, 0.7868104284332597, 0.006985154272181798, 0.0037009559135812178], [0.02715733094971022, 0.8848610530419778, 0.06025033790222991, 0.0185642472281541, 0.009167030777927965], [0.3285873110770052, 0.47416220313316076, 0.18709420454629622, 0.0026799031923023463, 0.007476377951235526], [0.010877052827444604, 0.46997275152073675, 0.004037320801459752, 0.03714460679631863, 0.47796826795404024]], "ideal": "A", "sampled": "D", "correct": false}}
{"type": "result", "data": {"idx": 8, "options": ["new york city", "subdivision", "ring", "hazleton", "live in"], "probs": [[0.9682125819107672, 0.02999628080521571, 0.0014020726058280684, 7.991254145862473e-05, 0.00030915203673041654], [0.0003879916630991682, 0.002003997418961538, 8.987773692957023e-05, 0.001855575694224107, 0.9956625573867857], [0.0007106526174774709, 0.0012357553632431004, 0.0006089470533650295, 0.9967325773363832, 0.0007120675295311479], [0.0009870833868682958, 0.007114120066911219, 0.9914257210750289, 0.0002716043586517399, 0.00020147101253980106], [0.0061427135232803055, 0.9910994652132997, 0.0024020292049372087, 0.00028244524979976945, 7.334670868297638e-05]], "ideal": "A", "sampled": "A", "correct": true}}
{"type": "result", "data": {"idx": 9, "options": ["very entertaining", "fun", "slow", "competitive", "violent"], "probs": [[0.000488693565719644, 0.0023566504565796366, 0.0004488280384615403, 0.01005160313238147, 0.9866542247068577], [0.0006278316301561052, 0.003622631997597887, 0.0148528143102327, 0.9792019067260639, 0.0016948152359494229], [0.0009873227660288203, 0.03798801816110316, 0.9554843285564015, 0.002092442470665397, 0.003447887945801055], [0.0013437851481485467, 0.9914928532434276, 0.004139933458945901, 0.0015237867598262454, 0.0014996412896516832], [0.3948477321296663, 0.5761863753719847, 0.02160288827677185, 0.0013188629321878992, 0.006044141189389263]], "ideal": "E", "sampled": "E", "correct": true}}
{"type": "result", "data": {"idx": 10, "options": ["night sky", "galaxy", "outer space", "hollywood", "eat cake"], "probs": [[0.0014122775437919698, 0.44220050174004355, 0.5547667020851361, 0.0008044703100398684, 0.0008160482209885653], [0.044909494208978995, 0.46656976414725, 0.0028589154939383534, 0.0018324349565907543, 0.4838293910932419], [0.40205305773278405, 0.05333812901837261, 0.0006371261545405378, 0.2914407846306134, 0.2525309023636894], [0.0005397168933710345, 0.0019210788109031806, 0.09480984870106232, 0.22996168397434055, 0.6727676715203229], [0.0002705053656068099, 0.046001000160276515, 0.908996124641332, 0.04462023254802171, 0.00011213718476306336]], "ideal": "C", "sampled": "C", "correct": true}}
{"type": "result", "data": {"idx": 11, "options": ["new perspective", "entertained", "understanding", "hunger", "tired eyes"], "probs": [[0.00945275906357032, 0.021765820446508686, 0.9677820929154483, 0.0006990532214858964, 0.0003002742529868161], [0.0007104984800492299, 0.018472564901985858, 0.00028133167496799757, 0.0003391127655008294, 0.980196492077496], [0.0009111463478257678, 0.00298111002231816, 0.000251646678512601, 0.9949072043486623, 0.0009488925026811882], [0.000313373394356584, 0.002339307867292113, 0.9797988703740004, 0.0002997810022521611, 0.01724866726209876], [0.0004451131888584462, 0.9632730933286601, 0.0027290348770752644, 0.03273413482991009, 0.0008186236754961094]], "ideal": "A", "sampled": "A", "correct": true}}
{"type": "result", "data": {"idx": 12, "options": ["initiate", "ignore", "question", "answer", "ask"], "probs": [[0.004040328491870826, 0.08198072164943544, 0.027163682392161426, 0.770591918203131, 0.1162233491634013], [0.021527082688164445, 0.31080625847478194, 0.07334598480978217, 0.5305887697369693, 0.06373190419030211], [0.015395554898762263, 0.39454412934063915, 0.324174050408839, 0.04321867279447818, 0.22266759245728138], [0.0035877781551300844, 0.26124669548141977, 0.025862054449151066, 0.68931100556907, 0.01999246624522909], [0.012524201451787552, 0.11627685946745504, 0.5853012165427629, 0.17856782556590778, 0.10732989687208669]], "ideal": "A", "sampled": "B", "correct": false}}
{"type": "result", "data": {"idx": 13, "options": ["hair brush", "ladies bathroom", "art supplies", "shower", "hair salon"], "probs": [[0.004665290258671517, 0.014352376420310604, 0.9763215714021959, 0.001714719668880705, 0.0029460421499413266], [0.002349833162284988, 0.5664001469276628, 0.01775072627945281, 0.008751585718060506, 0.4047477078125388], [0.0074590036255951135, 0.08861582156187822, 0.018003911135508865, 0.8850767191202968, 0.0008445444567209775], [0.0011093875889180438, 0.011665122370494139, 0.9836938201564803, 0.0006995760940789709, 0.002832093690028488], [0.0022300280451538973, 0.9771667656522477, 0.0024987190463873054, 0.013307797518003909, 0.004796689638207178]], "ideal": "C", "sampled": "A", "correct": false}}
{"type": "result", "data": {"idx": 14, "options": ["plastic bag", "pantry", "supermarket", "toaster", "prison"], "probs": [[0.0003037601010068772, 0.0007800900774789771, 0.00014939101825925388, 0.996830246127994, 0.0019365125752609546], [0.0002405747622819748, 0.0018094976890212467, 0.9966171847223143, 0.0007777667384426317, 0.0005549759879398048], [0.0004615377753940787, 0.8170233395958195, 0.001600634777993136, 0.0006082181817000582, 0.18030626956909324], [0.9513122376502079, 0.04498004974303655, 0.0007097720608228101, 0.0027955877986585265, 0.0002023526472741987], [0.0003582432496206998, 0.0007199643488662944, 0.0076007095334858854, 0.0005829624289032163, 0.9907381203391239]], "ideal": "D", "sampled": "D", "correct": true}}
{"type": "result", "data": {"idx": 15, "options": ["oven", "freezer", "plate", "tupperware", "grill"], "probs": [[0.0034873556064525337, 0.9647691929606773, 0.003372744502450427, 0.025585152994732102, 0.002785553835687594], [0.17766507510045038, 0.02383714986788776, 0.7937385085129264, 0.001314227043557746, 0.0034450393751777066], [0.002402279362560252, 0.8923204798974681, 0.0019403476595738695, 0.0018973022781776376, 0.10143959070222011], [0.21239084293355287, 0.1430298805770758, 0.026737420264162974, 0.6132249153446386, 0.004616940780569734], [0.0021486666487029646, 0.011827612278041058, 0.9662411794503116, 0.0010262543785855408, 0.018756287144358855]], "ideal": "B", "sampled": "B", "correct": true}}
{"type": "result", "data": {"idx": 16, "options": ["jungle", "zoo", "kill", "india", "eat cake"], "probs": [[0.001301713691760695, 0.9841632972345955, 0.0051105988582307, 0.000882622103725554, 0.008541768011687554], [0.7906128308687045, 0.1790407792897965, 0.003340814302997663, 0.005852705927534941, 0.021152869510966385], [0.0005253278134095965, 0.012254435722609027, 0.030484671155153853, 0.0035691876411660284, 0.9531663775676615], [0.002976172632472821, 0.26447963970586463, 0.131110431032797, 0.597498839916272, 0.003934916612593565], [0.0007117136088812896, 0.022514562517298935, 0.9757842573811188, 0.0006117153610173663, 0.0003777510316835479]], "ideal": "B", "sampled": "B", "correct": true}}
{"type": "result", "data": {"idx": 17, "options": ["picture of sea side", "seaside town", "beach", "california", "see side picture"], "probs": [[0.004791359470208963, 0.01268401476633385, 0.8776479460648621, 0.10253446662743021, 0.002342212971164903], [0.0018291178229510412, 0.053473385076448686, 0.9439411435083578, 0.00034968699291397623, 0.00040666649932845713], [0.005256459457562408, 0.9808859864717073, 0.011584603047052526, 0.0002750510644522381, 0.0019978998592254924], [0.9466193276370515, 0.0505399738990204, 0.0010625019156733902, 0.00014922828929418, 0.001628968158960536], [0.0047014949526741874, 0.004465035398148247, 0.0006345741901586647, 0.9254575859406093, 0.06474130941840954]], "ideal": "D", "sampled": "D", "correct": true}}
{"type": "result", "data": {"idx": 18, "options": ["west virginia", "kentucky", "rocky hills", "scotland", "canyon"], "probs": [[0.10492775814021449, 0.8919093725396849, 0.0022462235848918904, 0.0003552112183593289, 0.0005614344168492954], [0.9318284910451321, 0.01972813142723827, 0.0020613847127965382, 0.0013735199930728689, 0.045008472721760215], [0.00027534652288793455, 0.0005864918650258453, 0.00125553535240745, 0.6589024406075231, 0.33898018555215564], [0.00022094087363523808, 0.004156452007890446, 0.9680929369511952, 0.027491785942808912, 3.7884124470088484e-05], [0.0004222771431902436, 0.14605382244700998, 0.8532216046257513, 0.00014890550100238767, 0.00015339018304612632]], "ideal": "B", "sampled": "B", "correct": true}}
{"type": "result", "data": {"idx": 19, "options": ["office building", "office supply store", "desk drawer", "with dwight", "desktop"], "probs": [[0.0020938541057918024, 0.014707850140178953, 0.9750531810985128, 0.002742972895067906, 0.005402141660448528], [0.0019741596181825608, 0.9678546783086972, 0.019470261403398432, 0.0034220940422052815, 0.007278806527516565], [0.10856227867651097, 0.7875547731203925, 0.044876589139276744, 0.003967842114516222, 0.05503851684930365], [0.006378246321771613, 0.01645664832162506, 0.0009667021577881913, 0.00714319042880721, 0.9690552126700079], [0.001236233536645757, 0.0023622788047439796, 0.001600523978136358, 0.9869621600744353, 0.007838803506038657]], "ideal": "C", "sampled": "C", "correct": true}}
{"type": "result", "data": {"idx": 20, "options": ["work", "tacos", "mass", "play sports", "wrestle"], "probs": [[0.00994814953575864, 0.013689027109770617, 0.016141080062215367, 0.957737376608436, 0.0024843665838193453], [0.0012361753174631924, 0.043314311794195315, 0.9539855525189533, 0.0004778524930954745, 0.0009861077762926484], [0.001869909962507371, 0.9911384174621561, 0.00508474319425877, 0.001102020585557723, 0.0008049086955200131], [0.4687397130145349, 0.32672275828640374, 0.12136284154278162, 0.002272836517702061, 0.08090185053857768], [0.003324047383162432, 0.04050867770529169, 0.0005750164998592178, 0.00906173719787854, 0.9465305211138081]], "ideal": "D", "sampled": "D", "correct": true}}
{"type": "result", "data": {"idx": 21, "options": ["math class", "math book", "in pythagorus' band", "orchestra", "music class"], "probs": [[0.0007174038302457938, 0.0007060453619589273, 0.000712769860169459, 0.19612057436582592, 0.8017432064817999], [0.000796212253908578, 0.0059876099242581905, 0.776569986047465, 0.21586108695504536, 0.0007851047193228642], [0.001240692267251632, 0.031804264858544706, 0.9657008436515298, 0.0006250003601701758, 0.0006291987625037667], [0.0053062324977012215, 0.9852129999172209, 0.004334745280883296, 0.0009166453579929982, 0.00422937684620164], [0.7222454644272741, 0.02095232000597695, 0.0009319277721034756, 0.0022137777709622997, 0.2536565099236832]], "ideal": "E", "sampled": "E", "correct": true}}
{"type": "result", "data": {"idx": 22, "options": ["believe in god", "smoke marijuana", "desire to travel", "use weapons", "throw away"], "probs": [[0.0015092974388750935, 0.007585140108854598, 0.9896329854928254, 0.0008108843060129623, 0.00046169255343191877], [0.0036934707243419414, 0.9902789545669196, 0.0048187264837126825, 0.0008455512030401334, 0.00036329692198563653], [0.9233216844199217, 0.07153026631938947, 0.00437708423067011, 0.000433676738935061, 0.0003372881910836361], [0.000713446316172092, 0.004137329548486861, 0.0009918038931434115, 0.0023073324700930067, 0.9918500876721046], [0.0008966671592732394, 0.0029127133088988084, 0.0011610150479648015, 0.9943245374673588, 0.0007050669165043496]], "ideal": "C", "sampled": "C", "correct": true}}
{"type": "result", "data": {"idx": 23, "options": ["mall", "grocery store", "grocery store", "shop", "supermarket"], "probs": [[0.08015721609640324, 0.015403168887674405, 0.003812136512770793, 0.8928003665724322, 0.007827111830719375], [0.0003520767993377976, 0.002608116170876004, 0.986240385297842, 0.004158874286657491, 0.0066405473452867585], [0.0005911340807510383, 0.9691376259442533, 0.02215873116242399, 0.006556303820615873, 0.0015562048919557324], [0.017615775451608445, 0.2537735518582518, 0.7265597913969736, 0.001258067145707173, 0.0007928140474589664], [0.0041149642784972205, 0.9576586539290066, 0.004216952476552189, 0.0011455384599312485, 0.032863890756012766]], "ideal": "A", "sampled": "D", "correct": false}}
{"type": "result", "data": {"idx": 24, "options": ["digestive", "feel better", "sleepiness", "indigestion", "illness"], "probs": [[0.004733822748869617, 0.005697816114256145, 0.0012939037918884859, 0.9654644676163759, 0.022809989628609834], [0.00021572436192913188, 0.005301106818062093, 0.9856474579733828, 0.00671098812643119, 0.002124722620194715], [0.0008994721667650905, 0.9534065246820614, 0.037715307473302095, 0.004703333022999733, 0.0032753625548715953], [0.3367064580774562, 0.4289926272104219, 0.23103430768059427, 0.0023854584330779503, 0.0008811484984496787], [0.07876924620812717, 0.8444677204814157, 0.011792952487427014, 0.00228044699016688, 0.0626896337328632]], "ideal": "D", "sampled": "D", "correct": true}}
{"type": "result", "data": {"idx": 25, "options": ["club", "assembly hall", "meditation center", "meeting", "church"], "probs": [[0.9894673956450825, 0.009108203967546188, 0.001125084649176589, 0.00016136875609067692, 0.00013794688210404726], [7.674781286663585e-05, 0.00030806428049823237, 0.00048106019853553784, 0.0005992967113631969, 0.9985348308967364], [0.000302833934853366, 0.0018811771984485973, 0.0008895945033379619, 0.9967161431383654, 0.0002102511249946516], [0.00033523803418741995, 0.007182064557013419, 0.9919683462670584, 0.00028759256019773253, 0.00022675848154296048], [0.0007785583257542754, 0.9948464624556435, 0.0026143198643874383, 0.00035238086320124135, 0.0014082783910135581]], "ideal": "A", "sampled": "A", "correct": true}}
{"type": "result", "data": {"idx": 26, "options": ["forest", "valley", "outdoors", "countryside", "woods"], "probs": [[0.0012640721845178734, 0.9791338484850572, 0.002347743238436534, 0.002709206272964198, 0.01454512971902415], [0.9746179239332481, 0.018995273193007013, 0.003428914929784381, 0.000570658108721531, 0.002387229735238997], [0.0006777418208832687, 0.005361334339378151, 0.0006190183827776214, 0.006232199630185115, 0.9871097057267758], [0.0007582817895352121, 0.0032351976288566716, 0.0011935908983879968, 0.9909594184701387, 0.0038535111130814266], [0.0007993620899574008, 0.011053039801896892, 0.9803616501704066, 0.001212833228435116, 0.0065731146093040696]], "ideal": "B", "sampled": "B", "correct": true}}
{"type": "result", "data": {"idx": 27, "options": ["music store", "create music", "zoo", "music room", "symphony"], "probs": [[0.0020754042807345926, 0.009992668047523403, 0.0018713821101532385, 0.0019419677506275395, 0.9841185777109612], [0.0048614130755205535, 0.004808902780025468, 0.0005860808935716451, 0.9746514638944482, 0.015092139256434038], [0.000984958120014781, 0.008986358346844565, 0.9874278700854546, 0.0018733940867878033, 0.0007274192608982302], [0.002972941400208437, 0.9274394109483092, 0.028240183909372017, 0.0028656846954510074, 0.03848177894665936], [0.8012559006414555, 0.177476337466839, 0.015584937435525926, 0.0031907561475049565, 0.0024920682086746197]], "ideal": "E", "sampled": "E", "correct": true}}
{"type": "result", "data": {"idx": 28, "options": ["boat", "necessary to live", "edible", "unhealthy", "kitchen"], "probs": [[0.0005172576790098815, 0.016913796338223368, 0.00840644283583417, 0.9735896275970478, 0.0005728754498847431], [0.0010465697293496085, 0.09673147878316293, 0.9013468739035964, 0.0004585583275369817, 0.0004165191563541405], [0.001684485219217782, 0.9845035061335772, 0.005608780640694622, 0.0016995877798100302, 0.00650364012670035], [0.026312434357056918, 0.4436809602466349, 0.014647183556394773, 0.022353592674899107, 0.49300582906501433], [0.0006289728536124923, 0.007515301242782842, 0.0019828201494970924, 0.022893907721886944, 0.9669789979322206]], "ideal": "D", "sampled": "D", "correct": true}}
{"type": "result", "data": {"idx": 29, "options": ["most offices", "fish department", "fancy restaurant", "government submarine", "chesapeake bay"], "probs": [[0.001108214691541725, 0.9769416158188621, 0.0014068680625905303, 0.0009084925714108417, 0.019634808755594767], [0.9278929567258863, 0.020939966071692868, 0.0019222252924426342, 0.0473468774582009, 0.001897974351777213], [0.0004889875725053995, 0.004569643930095722, 0.005467612174488784, 0.003649049667990925, 0.9858247065549192], [0.0012870729239048881, 0.023834657129844637, 0.016169314080052677, 0.958361857076352, 0.0003470986898457923], [0.0010457880632955547, 0.024063671170627472, 0.9740468925600949, 0.00030499813353327315, 0.0005386499724487834]], "ideal": "B", "sampled": "B", "correct": true}}
{"type": "result", "data": {"idx": 30, "options": ["case", "jewelry store", "shopping", "jewelery box", "hock"], "probs": [[0.0007230463991433938, 0.9916384649463099, 0.0041010069026987854, 0.00042349347878171934, 0.003113988173066187], [0.8178606445747683, 0.16868106642136574, 0.003611741040768481, 0.0033410493465662683, 0.006505498516531208], [0.0027411689966557722, 0.24064620234596626, 0.006831759699182752, 0.005208515182036799, 0.7445723536761584], [0.00997936444725788, 0.06696684648502545, 0.032893665085665484, 0.8829052435055756, 0.007254880376475576], [0.0009074233276638865, 0.08342352543626756, 0.9141873754707007, 0.000895656241508464, 0.0005860194238593467]], "ideal": "B", "sampled": "B", "correct": true}}
{"type": "result", "data": {"idx": 31, "options": ["dishwasher", "water fountain", "sand box", "toilet", "kitchen cabinet"], "probs": [[0.0011700419409614703, 0.004982971924409364, 0.0009550068981518439, 0.008252240506195312, 0.984639738630282], [0.02992948678778795, 0.07094041199577435, 0.2315622549028755, 0.6659668629069647, 0.001600983306597445], [0.000846204540228126, 0.00889306068391986, 0.9879592863700819, 0.0005381929335046467, 0.0017632553722654667], [0.016948178921822474, 0.9229509512864098, 0.005812465854250855, 0.02905243536558437, 0.02523596847193249], [0.9623012336753616, 0.01046509459567003, 0.021085960339190968, 0.0042178546107035945, 0.0019298566790738251]], "ideal": "E", "sampled": "E", "correct": true}}
{"type": "result", "data": {"idx": 32, "options": ["office building", "internet cafe", "house", "school", "internet cafe"], "probs": [[0.5147284211292773, 0.210988265877111, 0.2654876679048328, 0.0035899793324384623, 0.005205665656340362], [0.0029481841767979213, 0.07733780794079122, 0.0029087051843259015, 0.014525189346284152, 0.9022801132518008], [0.0025965146972041484, 0.01117453601762013, 0.00558833018217861, 0.9735715134399582, 0.007069105563038964], [0.0023433953304724552, 0.03406903251270082, 0.9481354048006508, 0.003165105221157284, 0.012287062035018548], [0.003942038284260703, 0.9764445737808952, 0.015141216600260543, 0.0035702417503691223, 0.0009019294842143661]], "ideal": "A", "sampled": "A", "correct": true}}
{"type": "result", "data": {"idx": 33, "options": ["last word", "conclusion", "ikea instructions", "afterword", "epilogue"], "probs": [[0.008115688725187439, 0.20667204363031463, 0.00823707543876592, 0.6682483701169162, 0.10872682198881578], [0.03980959584511804, 0.11924090251890752, 0.781316996634083, 0.05191056064543499, 0.007721944256456363], [0.004289499293560972, 0.23267585041900193, 0.4387272579828955, 0.005050231560993672, 0.31925716064354787], [0.569302771280553, 0.25175114314738883, 0.012013376141017901, 0.1555687117953124, 0.011363997535727845], [0.009909827643354605, 0.02880795140083289, 0.4879428771464213, 0.00485058707266044, 0.46848875663673073]], "ideal": "E", "sampled": "D", "correct": false}}
{"type": "result", "data": {"idx": 34, "options": ["fish market", "pet shop", "fishmongers", "intertidal zone", "obesity"], "probs": [[0.022052837862146554, 0.9000088109667443, 0.0685328404318232, 0.004635223256112885, 0.004770287383173026], [0.0035780285217233893, 0.9239785356354512, 0.015798390216775142, 0.0015685598682205855, 0.05507648565782965], [0.5624906570755033, 0.33086250114885235, 0.0034403198850711763, 0.03502955753667141, 0.06817696425390177], [0.008398736051351682, 0.02943565192218163, 0.8132001908278904, 0.11843945305428628, 0.030525968044290003], [0.0028042272903135426, 0.6242677907544375, 0.3534045073426366, 0.008264414624694984, 0.011259059887917403]], "ideal": "C", "sampled": "C", "correct": true}}
{"type": "result", "data": {"idx": 35, "options": ["brush hair", "theater", "house", "dwelling", "bathhouse"], "probs": [[0.00023677774584029995, 0.0024313009040525524, 0.0007302256908378311, 0.0031533313055820402, 0.9934483642536873], [0.0006246880619122616, 0.014393120320166318, 0.004543317559964487, 0.9800956417692717, 0.00034323218868523205], [0.0004595099025457907, 0.025356194050955343, 0.9735711830841994, 0.0004037921906409541, 0.0002093206716585149], [0.0008917191312839215, 0.9898733512385363, 0.0019426601969753205, 0.0008624578490579492, 0.0064298114841465255], [0.9078932051713876, 0.0841586537855162, 0.0019313482852282978, 0.0017898993580519734, 0.004226893299815883]], "ideal": "E", "sampled": "E", "correct": true}}
{"type": "result", "data": {"idx": 36, "options": ["poisonous gas", "homicide", "cinder", "nuclear weapons", "cyanide"], "probs": [[0.0032234702098131664, 0.026736123739904256, 0.08993905867656526, 0.00996561450984096, 0.8701357327638763], [0.0043033821573622635, 0.058972912585130155, 0.006162837023695255, 0.4238932643465508, 0.5066676037872615], [0.00996352027264379, 0.10550289785024387, 0.3174279163335685, 0.1979342742790406, 0.36917139116450326], [0.0026600049400693038, 0.15690242179529884, 0.01093533374674646, 0.03594458976869618, 0.7935576496491892], [0.009840941367238148, 0.2364614680542611, 0.07262651106482666, 0.5305969286554709, 0.1504741507582032]], "ideal": "B", "sampled": "E", "correct": false}}
{"type": "result", "data": {"idx": 37, "options": ["players", "play games", "casino", "table", "toy store"], "probs": [[0.0010696559000251244, 0.0020052104411261047, 0.00128237624437099, 0.9949549780964445, 0.000687779218033258], [0.0004978891130513642, 0.011110274832144468, 0.9842301411935529, 0.00034637707762787465, 0.0038153176836234425], [0.0023480422152439098, 0.5885232409272356, 0.003338973578824316, 0.4048400032211169, 0.0009497399575792214], [0.022801984999642436, 0.023797294980967283, 0.9271657670738618, 0.0006140445215722314, 0.025620908323956252], [0.0004879895565137907, 0.001335793948931319, 4.2461774296252914e-05, 0.00794548423919174, 0.9901882703810669]], "ideal": "D", "sampled": "D", "correct": true}}
{"type": "result", "data": {"idx": 38, "options": ["read book", "own house", "apartment", "more rice", "warm coat"], "probs": [[0.0007596407034230128, 0.004237259384780322, 0.0010987343514468248, 0.0008758075270577569, 0.993028557933292], [0.00044064500151612705, 0.002782974336770231, 0.000829980761573126, 0.9937588013968279, 0.0021875984033125676], [0.00020472664813907604, 0.0068995156735171944, 0.9917646036041365, 0.0007043025837758652, 0.00042685139043130443], [0.0005801595630318178, 0.9929530421760147, 0.002520919179810584, 0.0005855293945888885, 0.0033603495865540942], [0.17941065211346113, 0.8165065764113761, 0.0023531960052882803, 0.0007349334834188544, 0.0009946418864555083]], "ideal": "E", "sampled": "E", "correct": true}}
{"type": "result", "data": {"idx": 39, "options": ["gap", "shopping mall", "bedroom", "laundromat", "bathroom"], "probs": [[0.7215538806707076, 0.25231314355004375, 0.017902443646332762, 0.004869628357337149, 0.0033609036755787233], [0.08925728289100311, 0.05804169040938387, 0.004959725192034982, 0.0033326304196317153, 0.8444086709879464], [0.001990711406997115, 0.004091018065591275, 0.0006685406855725923, 0.6150298398285959, 0.37821988991324307], [0.0025020195287125168, 0.02319343055861055, 0.9595843298857287, 0.011789591272027404, 0.002930628654920808], [0.003051007287502628, 0.9492488751560979, 0.017027895273479404, 0.0017177415382063049, 0.02895448064471378]], "ideal": "B", "sampled": "A", "correct": false}}
{"type": "result", "data": {"idx": 40, "options": ["theater", "opera", "show", "television", "blockbuster feature"], "probs": [[0.2312127338340466, 0.017478054287908808, 0.7479467348554322, 0.002890758665263383, 0.0004717182573490546], [0.0009104963561496906, 0.004694539209666499, 0.00037182225024456086, 0.0004880221767852033, 0.993535119907154], [0.0016104584638689267, 0.0046103726631783574, 0.0008495129214422019, 0.9925753975404232, 0.00035425831108728964], [0.0011109610073739085, 0.008707840349302533, 0.988694052322123, 0.00020773340045431572, 0.0012794128207461474], [0.005615256260518978, 0.7633838652801069, 0.0021602516060397446, 0.1952301263613974, 0.03361050039193696]], "ideal": "A", "sampled": "A", "correct": true}}
{"type": "result", "data": {"idx": 41, "options": ["baggage compartment", "movie", "subway", "airplane", "cargo hold"], "probs": [[0.015136327775329951, 0.7508933499827497, 0.13370099155979445, 0.024020023546184162, 0.07624930703594167], [0.0173859939931006, 0.2863367338280799, 0.10967482411425059, 0.294621481829027, 0.2919809661355419], [0.015090600346996871, 0.14262571703647123, 0.20158932781902694, 0.5209772503817894, 0.11971710431571556], [0.010429729677355781, 0.4665499018041928, 0.49831300829682035, 0.010687155618137687, 0.014020204503493363], [0.005791381141128079, 0.6222307832084493, 0.15145378179991253, 0.005071988451599236, 0.21545206529891092]], "ideal": "B", "sampled": "A", "correct": false}}
{"type": "result", "data": {"idx": 42, "options": ["eat", "think", "reading", "meditate", "fall asleep"], "probs": [[0.005916742874646514, 0.12893992228835632, 0.8559758375333251, 0.003848482725249039, 0.005319014478423031], [0.011216241351743527, 0.8688824499603384, 0.05179701192892978, 0.054559694767491417, 0.013544601891496904], [0.22015942794981969, 0.18880534310840993, 0.5268554726226936, 0.017532732466589006, 0.046647023752487735], [0.010831860844512153, 0.2699434463967587, 0.03300553566074663, 0.34854111136836735, 0.3376780456296151], [0.013583332159672721, 0.12709700929772663, 0.3168230918058449, 0.5340052787853438, 0.008491287851411932]], "ideal": "E", "sampled": "C", "correct": false}}
{"type": "result", "data": {"idx": 43, "options": ["eyes", "animal", "fingertips", "brainstem", "human body"], "probs": [[0.003286476053048555, 0.9864594559796749, 0.003783146930691759, 0.0013019400560950187, 0.005168980880489722], [0.872933847027078, 0.11589377885296918, 0.008336351085336266, 0.0009034098875519676, 0.0019326130470645676], [0.007249993854991025, 0.05022315812121582, 0.0040694692078841665, 0.021531754069777868, 0.9169256246461311], [0.003894417854390117, 0.008981787772297564, 0.0022894368015788378, 0.9787904808342509, 0.006043876637482535], [0.0024651742217159708, 0.052468983640245624, 0.9427566226658951, 0.000998619096996328, 0.001310600275146976]], "ideal": "B", "sampled": "B", "correct": true}}
{"type": "result", "data": {"idx": 44, "options": ["ground", "subway", "bank", "bed", "street"], "probs": [[0.0018412728416625894, 0.0020672034081485467, 0.000338665231001536, 0.9883962388274135, 0.007356619591773847], [0.0005926401967248012, 0.0022977769959921807, 0.8426621004027878, 0.003136292581912975, 0.1513111897225822], [0.0006645421141357389, 0.014098449708673959, 0.0019375121122128095, 0.9830237206311667, 0.00027577533381076833], [0.001239438624266154, 0.009955206617803011, 0.9884267779205199, 0.00014515735865763151, 0.000233419378753324], [0.0014341261030866098, 0.05571916890368124, 0.00037776199882032056, 0.0009204439435818255, 0.94154849895083]], "ideal": "D", "sampled": "D", "correct": true}}
{"type": "result", "data": {"idx": 45, "options": ["theater", "train", "bathhouse", "dwelling", "actors and actresses"], "probs": [[0.8534241408259271, 0.1310668303415291, 0.011763782363897095, 0.0010867681235496853, 0.0026584782450969685], [0.0006217606379052495, 0.00282809941120825, 0.0011177831772020896, 0.03022956967846447, 0.9652027869952199], [0.0006493030127226505, 0.004855128392182288, 0.025116368721482252, 0.9689107380360135, 0.00046846173759931223], [0.0006793662371181149, 0.03205431647689301, 0.9648993082845136, 0.0007406498240939604, 0.0016263590773813045], [0.021066198022825427, 0.9618530822612575, 0.01329244480510145, 0.002073914035361731, 0.001714360775453805]], "ideal": "A", "sampled": "A", "correct": true}}
{"type": "result", "data": {"idx": 46, "options": ["packaging materials", "recycle bin", "box factory", "warehouse", "bowler hats"], "probs": [[0.9499730931648134, 0.047022865743643096, 0.00196722544326577, 0.0005640303763283463, 0.00047278517194942766], [0.0003821057046951943, 0.006444463527078212, 0.0008283087544719791, 0.0007314922428013736, 0.9916136296709532], [0.0006115995731030076, 0.0023187188610206814, 0.00029832234336181214, 0.9933041011691347, 0.0034672579533797615], [0.0003520667319964555, 0.0044338247063843775, 0.9945141282156836, 0.0005213981558937135, 0.00017858209004178955], [0.0004934899747458425, 0.9965063580048215, 0.001558978381951789, 0.00023950242622500508, 0.001201671112255932]], "ideal": "A", "sampled": "A", "correct": true}}
{"type": "result", "data": {"idx": 47, "options": ["sick person", "hospital", "elderly person", "graveyard", "doctor's office"], "probs": [[0.49093212620899795, 0.3636583607614135, 0.014027121174959524, 0.0901497434050554, 0.04123264834957362], [0.02061615503888739, 0.1278645391341415, 0.05782885082296586, 0.1855033778008709, 0.6081870771031344], [0.012426102324385117, 0.14966788635580575, 0.24371383673230407, 0.5723727844989224, 0.021819389988582714], [0.0014128426506773728, 0.9203897249132877, 0.04899503304920404, 0.013299547254453455, 0.015902852032377394], [0.0013762399522906457, 0.9034094178558242, 0.049242023659461086, 0.004512611926598071, 0.04145970650582603]], "ideal": "A", "sampled": "A", "correct": true}}
{"type": "result", "data": {"idx": 48, "options": ["park", "internet", "meeting", "library", "book"], "probs": [[0.0027793213256908176, 0.2927327800893766, 0.003128331672376085, 0.6930603500461853, 0.008299216766371187], [0.22200905084817762, 0.17068949571065986, 0.6058106503804565, 0.0012041942843880027, 0.00028660867631808665], [0.0023384512089725507, 0.3171599338649111, 0.0030840931682619616, 0.0012649110776970626, 0.6761526105801574], [0.3751425398411981, 0.03675750969817507, 0.0016482067089381499, 0.584806375381092, 0.0016453682705966758], [0.0011343310609255813, 0.0033403538258411137, 0.2181806181001101, 0.001330160833109813, 0.7760145360800134]], "ideal": "D", "sampled": "D", "correct": true}}
{"type": "result", "data": {"idx": 49, "options": ["stagnant", "stagnation", "tradition", "hunger", "paper money"], "probs": [[0.6699916028517189, 0.3256337894118578, 0.002871449762864105, 0.0006880737393470427, 0.000815084134212181], [0.9031524476457826, 0.04897431185636084, 0.0068540907016965535, 0.002924447354683999, 0.038094702341476], [0.00043338622327386057, 0.005140867754586663, 0.00043012988316087165, 0.9766814212850817, 0.017314194753896905], [0.00024147201101801146, 0.00612722047559204, 0.99123479416724, 0.0020369457041018667, 0.00035956754204799767], [0.0003825902027653269, 0.861943381792876, 0.12851980591722276, 0.0007477997140413202, 0.008406422273094542]], "ideal": "B", "sampled": "A", "correct": false}}
{"type": "result", "data": {"idx": 50, "options": ["cause irrational behaviour", "recur", "effectively treated", "managed", "cause suffering"], "probs": [[0.0001320113984179591, 0.0034393222848714817, 0.9884887682554506, 0.007730508957586311, 0.00020938900367364958], [0.00040235190347509146, 0.4200279747974642, 0.5791547532219186, 0.0002968558506691354, 0.00011806412647298524], [0.005089783826405315, 0.9841056355400363, 0.005094648590113741, 0.0005786195100665734, 0.0051313124333781145], [0.0008759176467858642, 0.0012435903920677285, 0.00010596336896270769, 0.0016396653938660732, 0.9961348630983176], [0.00016947377461879053, 0.0005468309331470145, 0.00026046402795267595, 0.9377239646041192, 0.0612992665601623]], "ideal": "C", "sampled": "C", "correct": true}}
{"type": "result", "data": {"idx": 51, "options": ["cast iron stomach", "physical exertion", "shin splints", "adventure", "fatigue"], "probs": [[0.0036520397503053614, 0.8308851210811339, 0.016494340689832424, 0.14265875202601933, 0.006309746352708943], [0.003129832061128888, 0.027095102315183348, 0.9609597452792069, 0.001651886770046825, 0.0071634334744340115], [0.005505140810016063, 0.5771454508943208, 0.0025223025307917176, 0.016459079277551303, 0.3983680263873201], [0.013591056030062732, 0.024151739423644056, 0.3674547493950444, 0.06811831560966879, 0.52668413944158], [0.0017975147205219423, 0.030958404661164014, 0.002326889561471787, 0.003232432480189349, 0.9616847584766529]], "ideal": "C", "sampled": "D", "correct": false}}
{"type": "result", "data": {"idx": 52, "options": ["chess game", "scheme", "chess set", "checkers", "north carolina"], "probs": [[0.08017785295566687, 0.2972695920987089, 0.62096502084979, 0.0013625367072833022, 0.00022499728855097245], [0.001185072354163875, 0.013485014450624479, 0.0009682103418044398, 0.001215451630913568, 0.9831462511224937], [0.004437264059713053, 0.008350883674343798, 0.0005203881342461063, 0.9851241876505747, 0.0015672763811222774], [0.0010226420115118124, 0.005829807829871304, 0.9878098357307247, 0.0004938590567478731, 0.004843855271144358], [0.0008816493161869731, 0.9940665906663139, 0.0031347516754963514, 0.0009709992393601514, 0.000946009002642703]], "ideal": "A", "sampled": "A", "correct": true}}
{"type": "result", "data": {"idx": 53, "options": ["isolation", "grief", "happiness", "relief", "angry"], "probs": [[0.0019453961739145566, 0.012582708245265278, 0.004741781541741379, 0.9794898574298022, 0.0012402565092766212], [0.001315837479894999, 0.01159056906906422, 0.9852992517217984, 0.00046635108943830403, 0.0013279905398040155], [0.003975094603840079, 0.9781441849893666, 0.0035935633804446976, 0.0017528356013217516, 0.012534321325026814], [0.9428542674635721, 0.04146984927846543, 0.011501474407767498, 0.0024117589390825526, 0.0017626498111123006], [0.001736764274685897, 0.03051907489542219, 0.03225655966456005, 0.00494766252639196, 0.9305399385389399]], "ideal": "C", "sampled": "D", "correct": false}}
