{"type": "result", "data": {"idx": 0, "options": ["Planetary density will decrease.", "Planetary years will become longer.", "Planetary days will become shorter.", "Planetary gravity will become stronger."], "probs": [[0.28330277549465355, 0.2887055787541177, 0.27608441480962037, 0.15190723084160843], [0.28719570374013864, 0.3086372521617154, 0.2125791843744373, 0.19158785962370867], [0.27671005288314665, 0.4431014491509314, 0.1609383761372271, 0.11925012172869476], [0.26643075345337025, 0.44708133720987553, 0.1574059356261173, 0.12908197361063695], [0.2919964448518157, 0.2952741340211677, 0.21465962803214514, 0.19806979299487149], [0.26615057582654983, 0.2633653102566081, 0.31598327973230644, 0.1545008340845356], [0.29404946282398314, 0.24294254947430702, 0.30778588924352385, 0.15522209835818596], [0.3217115699923192, 0.263157129261404, 0.22727338967434754, 0.18785791097192922], [0.32411295737713763, 0.40391916003366624, 0.13870877482779723, 0.13325910766139887], [0.334287894270962, 0.41334877953824417, 0.13755785439866036, 0.11480547169213344], [0.35258812759533636, 0.25865475111564545, 0.19686946857598078, 0.19188765261303736], [0.3232443091513097, 0.2487714701067384, 0.2843421187457624, 0.14364210189618953], [0.4184990587188387, 0.23734178000314543, 0.2049843401254522, 0.1391748210525637], [0.4167184953486985, 0.23995537278503823, 0.2025604159200411, 0.1407657158462222], [0.42308308581128706, 0.27785987901262865, 0.15725222931357302, 0.1418048057625112], [0.441678361613033, 0.2788429661875387, 0.1578284858690507, 0.12165018623037763], [0.4498752452039004, 0.24533045682850846, 0.16098725074466885, 0.14380704712292233], [0.45004207859715195, 0.2550019805622513, 0.16996829940310812, 0.12498764133748856], [0.30175911927544785, 0.24935850126993778, 0.23439539617347124, 0.2144869831811431], [0.2746756415491152, 0.22553781008756535, 0.3416226854820564, 0.15816386278126304], [0.3160309900902985, 0.29070655756030783, 0.198319855412687, 0.19494259683670662], [0.31226073296550294, 0.27857546750313206, 0.2681679009451963, 0.14099589848616864], [0.2851896711238494, 0.43242113730850046, 0.14849474198352836, 0.13389444948412177], [0.30270283509139606, 0.42430798930729235, 0.1588141870693243, 0.11417498843198728]], "ideal": "C", "sampled": "C", "correct": true}}
{"type": "result", "data": {"idx": 1, "options": ["buildings will be built faster", "buildings will be made safer", "building designs will look nicer", "building materials will be cheaper"], "probs": [[0.1253472464163143, 0.701163675609287, 0.08763584075125289, 0.08585323712314578], [0.150521193767257, 0.6455140872427022, 0.10858310029875277, 0.09538161859128805], [0.05956906696282585, 0.08066990556271186, 0.7798582038190442, 0.07990282355541804], [0.11771788315806686, 0.10875633180018231, 0.27733980072778625, 0.4961859842139646], [0.10122956853324633, 0.14561749667818147, 0.6546165200126494, 0.09853641467592286], [0.14578424796611694, 0.15724981148087466, 0.16712425892438224, 0.5298416815286262], [0.5011089220968146, 0.21255654188031356, 0.12688293507044282, 0.15945160085242902], [0.4595377581714334, 0.2226925111396694, 0.1680025210213303, 0.14976720956756692], [0.45461721578513903, 0.17843492859113813, 0.1990591346738101, 0.16788872084991274], [0.40666579540485354, 0.18382678770729352, 0.2132774251536156, 0.19622999163423735], [0.4345514605371162, 0.23132976086597284, 0.1773085795853624, 0.1568101989115486], [0.4397206037588731, 0.23042950258554706, 0.13225468487122474, 0.1975952086843551], [0.05624359200642826, 0.10238202164428466, 0.7475444311717736, 0.09382995507751352], [0.0990031063457668, 0.12589663265876655, 0.25610056516947355, 0.5189996957259931], [0.07754774564208394, 0.7441326545358478, 0.09149223769641462, 0.08682736202565364], [0.08245012040431152, 0.726104188993916, 0.10119968500913941, 0.09024600549263304], [0.09829656339363237, 0.14603798927226644, 0.2974530325180997, 0.4582124147160015], [0.060565822271651935, 0.11106425605396611, 0.7384642416876014, 0.08990567988678058], [0.08694916703579068, 0.14382928179765067, 0.6719458498298965, 0.09727570123666214], [0.12837222408519286, 0.16302411499515293, 0.18451997910859713, 0.524083681711057], [0.12199588591139719, 0.6768141832983002, 0.10282618321583674, 0.09836374747446583], [0.10690051185086052, 0.6987751744992605, 0.09588415879001705, 0.09844015475986195], [0.10999592064723356, 0.11587855618395268, 0.3145758415570443, 0.45954968151176945], [0.05668371928801827, 0.08886512550304611, 0.7697007763923157, 0.08475037871661992]], "ideal": "B", "sampled": "B", "correct": true}}
{"type": "result", "data": {"idx": 2, "options": ["Chemical energy is absorbed through the roots.", "Light energy is converted to chemical energy.", "Chlorophyll in the leaf captures light energy.", "Sunlight is converted into chlorophyll."], "probs": [[0.10039862468725701, 0.3739153527969677, 0.4138982984136019, 0.1117877240021734], [0.09481252979516788, 0.3219248484239374, 0.22879766222346942, 0.3544649594574253], [0.11188570242171653, 0.5509534395538147, 0.23473526185288215, 0.10242559607158656], [0.1130505320708105, 0.5560007897953796, 0.2091236937255536, 0.12182498430825632], [0.09844743826177606, 0.19232014536127037, 0.3412004537986424, 0.36803196247831116], [0.1106727255669916, 0.23142683158844843, 0.4858764337131814, 0.1720240090313786], [0.2458594480271894, 0.14924664126721768, 0.4835726998155817, 0.12132121079001121], [0.2012746303882396, 0.13010968072738002, 0.2258842553585747, 0.4427314334258057], [0.2605605818279514, 0.4996390528342815, 0.1492045428158352, 0.09059582242193188], [0.264244512546133, 0.4827992607348715, 0.15973434802689304, 0.09322187859210242], [0.19877165248621517, 0.12852600981654996, 0.2000722557149285, 0.4726300818823063], [0.2621472795205474, 0.1600546699606363, 0.45750305392863266, 0.12029499649018366], [0.32736890529193363, 0.15145033145074502, 0.38082485252312753, 0.1403559106341938], [0.30259574809307693, 0.14776601556400068, 0.29336122986845636, 0.25627700637446604], [0.34604524531345426, 0.3809456711344745, 0.16034587738263878, 0.11266320606943246], [0.3489760834145872, 0.37517241478325253, 0.16822794454117057, 0.10762355716098973], [0.35075818966162076, 0.15234410534253018, 0.20913205727136852, 0.2877656476244806], [0.38741538502000994, 0.1691172296998248, 0.29946664418961044, 0.14400074099055482], [0.11994869051934942, 0.11732112394535606, 0.3940375921050971, 0.36869259333019744], [0.13362958428583255, 0.14547833148522255, 0.5348049162625705, 0.18608716786637436], [0.1462479782519749, 0.3158734910937963, 0.20909789378517454, 0.3287806367690542], [0.14506076468023546, 0.3327808082264944, 0.40709447197170856, 0.11506395502156151], [0.14199676464548908, 0.4490672319122447, 0.1980537442994991, 0.2108822590427671], [0.16092689744754135, 0.43474483550683735, 0.279648970659121, 0.12467929628650036]], "ideal": "C", "sampled": "C", "correct": true}}
{"type": "result", "data": {"idx": 3, "options": ["the control", "the hypothesis statement", "the dependent (responding) variable", "the independent (manipulated) variable"], "probs": [[0.1651623721879684, 0.1752729881176177, 0.4877398246232824, 0.1718248149711315], [0.14932002125677363, 0.15726417301512685, 0.5487011670517583, 0.14471463857634123], [0.1854736738678266, 0.5995013981235178, 0.1117663880370425, 0.10325853987161314], [0.15853480107233803, 0.5588082358348223, 0.2242033505101924, 0.058453612482647264], [0.1828503066967953, 0.6189854328903097, 0.10835841619952993, 0.08980584411336498], [0.16707787040498398, 0.621456448831524, 0.14644871759774622, 0.06501696306574584], [0.15005242375862848, 0.19658527680501617, 0.47511030803011317, 0.17825199130624217], [0.13159279327875528, 0.17243264356866747, 0.5434291877288211, 0.1525453753237562], [0.19763735229240403, 0.4228730860357766, 0.1979880809286148, 0.1815014806432045], [0.16736269612770396, 0.3670814143531264, 0.37924588725111363, 0.08631000216805601], [0.18382691513427515, 0.4968287722197104, 0.17281597078431157, 0.1465283417617029], [0.1679003152046208, 0.4722593006115999, 0.26703969636272146, 0.0928006877210579], [0.4474306537487902, 0.2072892399607209, 0.16732869049213017, 0.1779514156983587], [0.3665123961464907, 0.23212352911572962, 0.3121321568802528, 0.0892319177575268], [0.45054996303881045, 0.1977376074749615, 0.1739148989792657, 0.17779753040696233], [0.35118051051634536, 0.20612081115416764, 0.35308994524040205, 0.08960873298908492], [0.23919505324048707, 0.6209710951454431, 0.08018522858162852, 0.05964862293244129], [0.2700079588691905, 0.5956797399479604, 0.08061014589795777, 0.05370215518489125], [0.4865959874260196, 0.18255629731714837, 0.1629800297443029, 0.1678676854125291], [0.4456904662070104, 0.20647399846359163, 0.23519489780715688, 0.11264063742224109], [0.4867458866534772, 0.17702828082119976, 0.17090977471982344, 0.1653160577054996], [0.41821924159382284, 0.18957083066572586, 0.28397751063232146, 0.10823241700812986], [0.28721540109130494, 0.5205844989290336, 0.10244696528202048, 0.08975313459764096], [0.32724498425664517, 0.49236103475033405, 0.1055630723947634, 0.07483090849825737]], "ideal": "D", "sampled": "D", "correct": true}}
{"type": "result", "data": {"idx": 4, "options": ["They have each lost kinetic energy.", "They have each gained the same amount of potential energy.", "They have each lost the same amount of potential energy.", "They have each gained one-half of their maximum kinetic energy."], "probs": [[0.34699708219872927, 0.33637088533852477, 0.1889750063230367, 0.12765702603970927], [0.3365037688797413, 0.34923448634776233, 0.1846714588118975, 0.12959028586059881], [0.3154744003539039, 0.41103015570792456, 0.16271229571599732, 0.11078314812217419], [0.2979723646032428, 0.4029939056378196, 0.15846122017979988, 0.1405725094791377], [0.3571718691338546, 0.31500087053153136, 0.2054354857528457, 0.12239177448176827], [0.3502298645359205, 0.2993753000701402, 0.21111007347246016, 0.13928476182147917], [0.3520498485242848, 0.23907181553070064, 0.2709360581923427, 0.13794227765267186], [0.3617461675303955, 0.2606806793649685, 0.22331826719372874, 0.15425488581090716], [0.380102217159408, 0.2920953333085743, 0.18556708095602215, 0.14223536847599558], [0.3665381694562637, 0.2877033138208492, 0.22106921513632466, 0.12468930148656245], [0.3138907142498549, 0.37800096734564226, 0.18044186712140656, 0.1276664511830963], [0.3312483750416557, 0.37437499211616904, 0.17465737661869588, 0.11971925612347935], [0.43626563166399074, 0.24960680680092082, 0.17793744434779543, 0.13619011708729303], [0.4051016802589793, 0.2537733685323111, 0.19466843948785909, 0.14645651162085052], [0.43636734318687853, 0.2534581905294135, 0.17382382567766325, 0.1363506405060447], [0.41068865700527857, 0.253167014685304, 0.2100806478981989, 0.12606368031121853], [0.37083146742262724, 0.30695117667519123, 0.1881644166421828, 0.13405293915999875], [0.35947803194918654, 0.2672359684920695, 0.25769561910578986, 0.11559038035295406], [0.45133766863703667, 0.23990515050802527, 0.19125369331752307, 0.117503487437415], [0.4395100444480818, 0.23534910115115484, 0.20137320446644105, 0.12376764983432234], [0.42297025709360764, 0.2793392288996281, 0.1669879853271164, 0.13070252857964781], [0.4165959717899597, 0.2974625869909875, 0.17236028866773245, 0.11358115245132032], [0.3959449647252677, 0.3053591938118511, 0.17443116527336452, 0.12426467608951666], [0.39145817765466556, 0.2952874258567532, 0.20647108245109488, 0.10678331393748634]], "ideal": "D", "sampled": "D", "correct": true}}
{"type": "result", "data": {"idx": 5, "options": ["a non-infectious, cell-cycle disease", "an infectious, cell-cycle disease", "a non-infectious, chronic disease", "an infectious, chronic disease"], "probs": [[0.22302203537446613, 0.5091851759496328, 0.1127304169150805, 0.15506237166082062], [0.21485903216660085, 0.513951166997084, 0.13196461998202147, 0.13922518075429371], [0.20007049140998534, 0.15552217561587364, 0.4478720523920391, 0.19653528048210192], [0.194227677650286, 0.16450839987974766, 0.41803073255962, 0.22323318981034632], [0.16464036456130077, 0.4530133537046093, 0.256566759075395, 0.12577952255869485], [0.17996784774697436, 0.4691586126043337, 0.17963577537475092, 0.171237764173941], [0.37972726282473157, 0.26861797960045003, 0.1628984611199779, 0.18875629635484048], [0.41663478062262493, 0.2681798120522484, 0.16382122526382006, 0.15136418196130658], [0.36345009095163805, 0.19254586672484247, 0.26335547156547895, 0.1806485706580405], [0.3417074825254737, 0.17945335001402585, 0.31299637345836157, 0.16584279390213885], [0.46045233422525655, 0.17562889527624226, 0.2019186108530719, 0.1620001595454293], [0.45470412613542244, 0.17487791960627097, 0.19041515245985394, 0.18000280169845262], [0.1786094025634879, 0.170079427189551, 0.4461238647458969, 0.20518730540106422], [0.1947394849242889, 0.18977644472082766, 0.37542872498367863, 0.24005534527120478], [0.1802471998116848, 0.5118423623550343, 0.1702406082841296, 0.1376698294491512], [0.16921391599953306, 0.5355509838254737, 0.16096351508459228, 0.13427158499040096], [0.20537184788831275, 0.45782701540859944, 0.1547433183856036, 0.18205781821748415], [0.1786997749254054, 0.44057959616096765, 0.23078906763190835, 0.1499315611817186], [0.3005168303315755, 0.1933764579679504, 0.36796848317422204, 0.1381382284262521], [0.33688043070406504, 0.259672265906247, 0.2121166979510576, 0.19133060533863036], [0.42829779213569424, 0.23208266601133132, 0.18646882851233057, 0.1531507132406439], [0.44172797919052204, 0.24110386491700572, 0.16058458864825237, 0.15658356714421987], [0.321487436306736, 0.2087477954640196, 0.24237798874273012, 0.2273867793865143], [0.3776180389500828, 0.20613139558561563, 0.2507688961557779, 0.16548166920852367]], "ideal": "B", "sampled": "B", "correct": true}}
{"type": "result", "data": {"idx": 6, "options": ["to repare for migration before winter", "to provide warmth during the cold winter months", "to store food that will be eaten over the winter months", "to protect the grasses and seeds from decay before winter"], "probs": [[0.14935988186296317, 0.25096720454567356, 0.3503507673390036, 0.24932214615235965], [0.134603719858665, 0.22446943148307127, 0.4122885342338102, 0.22863831432445356], [0.13082042335155725, 0.5053732990713193, 0.1883986294081163, 0.17540764806900708], [0.10309950545444481, 0.45120767717583427, 0.28645397929423605, 0.1592388379754849], [0.15423055562440685, 0.42277551153392723, 0.23124872257490792, 0.191745210166758], [0.13823118598522485, 0.37630643876147585, 0.29041054409206724, 0.19505183106123206], [0.16795088349093348, 0.16736252604241444, 0.3844537734600898, 0.28023281690656227], [0.13395783303828573, 0.16099874673663908, 0.4686499237545571, 0.23639349637051807], [0.18176925858069048, 0.44360349575001806, 0.16621128470079186, 0.2084159608684996], [0.13797456024697524, 0.39353281255601413, 0.2849531769467549, 0.18353945015025566], [0.20273728968764457, 0.36785814710541803, 0.20545733279106815, 0.22394723031586924], [0.1786262014943757, 0.3269485684776333, 0.2922543454360318, 0.20217088449195922], [0.4236090761290763, 0.165206569028772, 0.1962344947086367, 0.21494986003351502], [0.31521520954839954, 0.1629708755738746, 0.3223018145924911, 0.1995121001852348], [0.48586685908545735, 0.17935023244465687, 0.13849808687071097, 0.1962848214991748], [0.39434602852692585, 0.18116909263706496, 0.2422844916339823, 0.18220038710202685], [0.4267774053020888, 0.24922700966569014, 0.1356299112789277, 0.18836567365329335], [0.41624158616671936, 0.24493703243667267, 0.16484618185302222, 0.17397519944358575], [0.4034096956357726, 0.17424400408677268, 0.21700579249187546, 0.2053405076855792], [0.3713866471872876, 0.1734346300190106, 0.24889245626821682, 0.20628626642548495], [0.45893175333924446, 0.1891146217493267, 0.15548142094183443, 0.1964722038695944], [0.41640741869837605, 0.18990307120281047, 0.22072070002496494, 0.17296880997384856], [0.34088376093521416, 0.35229933088779114, 0.13709694410112938, 0.1697199639758653], [0.32080742713581173, 0.3584441542266983, 0.16466768084309896, 0.15608073769439101]], "ideal": "C", "sampled": "C", "correct": true}}
{"type": "result", "data": {"idx": 7, "options": ["There was once more water in the area.", "The area was once grassland.", "The climate in the area was once tropical.", "There are active faults in the area."], "probs": [[0.3216166841903083, 0.21837868119646858, 0.32099891184039003, 0.13900572267283307], [0.3696441053974533, 0.21952669320295426, 0.20430451629502974, 0.20652468500456267], [0.2529983912527283, 0.47614281158390176, 0.1599474608718643, 0.1109113361915056], [0.26578654459959783, 0.47358114700658965, 0.15288731928487834, 0.10774498900893414], [0.37166750770078344, 0.22611466579393394, 0.22602411142927178, 0.17619371497601083], [0.2667045334713863, 0.18885141890621274, 0.4243677917349325, 0.12007625578746851], [0.2391257923993152, 0.27799563354473567, 0.34475065713278125, 0.13812791682316794], [0.27655934460498915, 0.2879593882284874, 0.21736314242802585, 0.2181181246384976], [0.23475588596828506, 0.41186168697368514, 0.2230603826522999, 0.13032204430572988], [0.25834626726744775, 0.42214028301011963, 0.18493137312861818, 0.1345820764938144], [0.25122471518277995, 0.22241800026973155, 0.30675138648878436, 0.21960589795870417], [0.22096946660272726, 0.19296307519908767, 0.44019543763738345, 0.14587202046080158], [0.4940420907558622, 0.23370459228076654, 0.15196347914443356, 0.12028983771893773], [0.5291420856270198, 0.21758064787581807, 0.13692613046682134, 0.11635113593034072], [0.5100635809676862, 0.18111169066537752, 0.18355524264593331, 0.12526948562100299], [0.5624077915582917, 0.16669765113117263, 0.14329555629250942, 0.12759900091802623], [0.5166738474843646, 0.16195764653381448, 0.20124974245056437, 0.12011876343125656], [0.5543021907415028, 0.15690400493495196, 0.16400643448352914, 0.12478736974001611], [0.21801120556150877, 0.36503790173585066, 0.24785031757929551, 0.16910057502334505], [0.18057296630207095, 0.29890342653076707, 0.39844228625955475, 0.12208132080760724], [0.22318519982229812, 0.26994607252082964, 0.3039827689817961, 0.20288595857507608], [0.21408104680310955, 0.25507052270427855, 0.37567614764248536, 0.15517228275012654], [0.16042474866840842, 0.5097047989874873, 0.2200113218809488, 0.10985913036315545], [0.17010215303319234, 0.5275730608078705, 0.18863420608170936, 0.11369057997722783]], "ideal": "C", "sampled": "C", "correct": true}}
{"type": "result", "data": {"idx": 8, "options": ["The chicken population would go down.", "Populations of mice and rats would increase.", "Another bird of prey would replace the hawk.", "The chickens would have a lower rate of disease."], "probs": [[0.2989007741241539, 0.28801058861681844, 0.23838352444221356, 0.1747051127168141], [0.3267955974487856, 0.3049293341885655, 0.18611193810699547, 0.1821631301556534], [0.2938057438168311, 0.2850205855528515, 0.2340693587714408, 0.18710431175887662], [0.3161252485812272, 0.2970892532929111, 0.1976564555813373, 0.18912904244452444], [0.2937682270709955, 0.24037268755416402, 0.24542132017542428, 0.22043776509941618], [0.30382804248703826, 0.2298295211663776, 0.25380037699781755, 0.21254205924876657], [0.2943144098477137, 0.35252576537591923, 0.20374160699384072, 0.1494182176825263], [0.30159716896387456, 0.375343698960449, 0.16637569168406857, 0.15668344029160788], [0.2393501222378483, 0.25124303612260157, 0.3568808766186331, 0.15252596492091702], [0.2669091740904816, 0.2713529386441872, 0.21611578116294905, 0.24562210600238213], [0.25249190640856595, 0.24525415866629424, 0.3269295290935655, 0.17532440573157432], [0.2639883340338379, 0.23532411891890181, 0.2558455054573198, 0.2448420414899404], [0.2605585261502682, 0.3345645416517864, 0.2389873832979689, 0.16588954879997656], [0.27257046100751775, 0.3580768704056291, 0.19311173258280828, 0.1762409359040449], [0.2495803497544638, 0.3035357846979383, 0.29868819861571994, 0.14819566683187796], [0.25997320202333557, 0.3185055601055638, 0.2087846280244514, 0.21273660974664924], [0.2649724145717827, 0.2472836189129485, 0.2934255853981565, 0.1943183810171123], [0.25412180259899814, 0.22635742345103763, 0.27053778554661395, 0.2489829883033503], [0.1537436900137884, 0.34938133657172316, 0.2761773004150004, 0.22069767289948808], [0.15098724582828588, 0.3428681339188613, 0.30252362922428416, 0.2036209909285687], [0.15686099229674524, 0.28229460117378163, 0.3620384037132621, 0.19880600271621102], [0.15674376486164496, 0.2650909423563034, 0.3168767690341693, 0.26128852364788235], [0.15000989361053138, 0.3077188294347889, 0.34610323547374655, 0.19616804138093313], [0.1509023308603065, 0.27334797379621256, 0.28848385807967214, 0.2872658371638088]], "ideal": "B", "sampled": "A", "correct": false}}
{"type": "result", "data": {"idx": 9, "options": ["the atom", "the electron", "the nucleus", "the proton"], "probs": [[0.27033136500686306, 0.139909705799672, 0.3212645197158693, 0.26849440937759567], [0.2839030878870438, 0.13795073123460258, 0.3048059894613697, 0.2733401913169839], [0.2763758095542524, 0.15832862566850106, 0.3133808438627827, 0.25191472081446387], [0.266120445677272, 0.15977304396401215, 0.29473961714269054, 0.2793668931160253], [0.2877939450376259, 0.12346327018483919, 0.3263794304990512, 0.2623633541784837], [0.24822910682376956, 0.12080567598935665, 0.3239696992006961, 0.3069955178861777], [0.13913498402828445, 0.5432445244471028, 0.18890647025286153, 0.1287140211717512], [0.13067882151127863, 0.5778051190336444, 0.16281120962694007, 0.1287048497281369], [0.09385047502434242, 0.06541033589892385, 0.6869773012093681, 0.1537618877673656], [0.13831218148271718, 0.11187058680998696, 0.3053689691989175, 0.44444826240837837], [0.09717679695426612, 0.06665289351681253, 0.6679877588379879, 0.16818255059093343], [0.1378391477368942, 0.09541907800354815, 0.33420931550412, 0.43253245865543766], [0.10452669657978372, 0.6173647367452608, 0.15103641938587845, 0.12707214718907697], [0.10175622998650559, 0.6151973008494299, 0.1482146978230081, 0.1348317712410563], [0.08885027401117383, 0.0793976107205207, 0.6602706263278973, 0.17148148884040806], [0.11904044057849071, 0.11784424982812494, 0.31942621822221284, 0.4436890912711715], [0.09290201146789699, 0.07690082432379595, 0.6332291912903767, 0.19696797281793033], [0.11337869513549884, 0.10721713994733659, 0.37295189697649594, 0.4064522678406686], [0.11617691986854776, 0.5222274142313421, 0.20883940469381074, 0.15275626110629933], [0.11928572114960743, 0.46605576468980137, 0.23550761445514506, 0.17915089960544614], [0.08847713885029246, 0.08350796685620651, 0.6624659648446642, 0.16554892934883678], [0.13191517089225463, 0.12869407618827375, 0.312268266416206, 0.4271224864032656], [0.08385441451426241, 0.07110931723598828, 0.6685665249155958, 0.17646974323415357], [0.11088852086050244, 0.11527186888656359, 0.3884152260425125, 0.3854243841104215]], "ideal": "A", "sampled": "A", "correct": true}}
{"type": "result", "data": {"idx": 10, "options": ["life processes", "size differences", "plasma membranes", "energy molecules"], "probs": [[0.09720309367409152, 0.40667824164967703, 0.3322114745109307, 0.16390719006530072], [0.10518788270440316, 0.45782356516120276, 0.16409531967617175, 0.2728932323582223], [0.1151604073403415, 0.47422013388630296, 0.2365560268606026, 0.17406343181275297], [0.11610332269756815, 0.48235863906901644, 0.15750820111728125, 0.24402983701613418], [0.11042914287069963, 0.20401837841698514, 0.3254036750499498, 0.36014880356236534], [0.10836001422215606, 0.21459564455720262, 0.41066685235365924, 0.2663774887669821], [0.15359542118001182, 0.32337686987140035, 0.3289023690414567, 0.19412533980713112], [0.17663691498879, 0.31583290191310776, 0.1794768976673952, 0.32805328533070705], [0.18389823088887844, 0.40553645504044594, 0.22386453220586083, 0.18670078176481478], [0.213859462303607, 0.41943408784742725, 0.1627479891987419, 0.20395846055022385], [0.17445534725911316, 0.19245426641647112, 0.2907807273988326, 0.3423096588255831], [0.16808440528241975, 0.2080653067589965, 0.41150240246551106, 0.21234788539307267], [0.25100571662674787, 0.27217779371930706, 0.26739314992713714, 0.20942333962680793], [0.2576397772310725, 0.2606797036571759, 0.18261464754668527, 0.29906587146506636], [0.22319475146676476, 0.3519990198260068, 0.23404953230140882, 0.1907566963058196], [0.23906573359768077, 0.37696096468963375, 0.17481336183488425, 0.20915993977780123], [0.24237846964590185, 0.2099244861106088, 0.24080343183250075, 0.3068936123109886], [0.22939309133689817, 0.2179283914060759, 0.3141474378666931, 0.23853107929033288], [0.10540696820446338, 0.22235895359737903, 0.3032322182466511, 0.3690018598515065], [0.1035844668108283, 0.2473875098072335, 0.3924212694904988, 0.2566067537914393], [0.0989880293207133, 0.3572998749047808, 0.2569346206209806, 0.28677747505352524], [0.1010405777853498, 0.34234341895046916, 0.37940331877818634, 0.17721268438599466], [0.1119616263393976, 0.45413166618374295, 0.19661788786932027, 0.23728881950753913], [0.11398943107148844, 0.4478281273342808, 0.24728605885673477, 0.190896382637496]], "ideal": "B", "sampled": "C", "correct": false}}
{"type": "result", "data": {"idx": 11, "options": ["The Sun influences the formation of waves.", "The Sun creates water particles.", "The Sun's rays cause organisms to come to the surface.", "The Sun provides minerals."], "probs": [[0.3975399374930891, 0.1895936997105771, 0.23771723748277826, 0.17514912521355552], [0.3871651406844267, 0.18588127747945676, 0.2351379464372681, 0.1918156352988484], [0.3643814081242097, 0.25024447215445506, 0.2144818039691812, 0.17089231565215404], [0.3641037588335988, 0.2441038154700105, 0.22105084028043914, 0.17074158531595152], [0.3621034323807055, 0.21579185126054057, 0.23576080796745175, 0.18634390829130212], [0.37449834305025825, 0.21479237397538017, 0.23811333233886034, 0.17259595053550122], [0.15806472458529947, 0.49628179476621853, 0.20153184845105532, 0.14412163209742665], [0.15407527292877732, 0.4912581223685869, 0.20268174097827976, 0.15198486362435604], [0.13871422615324452, 0.25948298361512456, 0.4173677923465801, 0.1844349977850508], [0.15258480379568362, 0.2835507648370617, 0.30516087551103865, 0.25870355575621595], [0.1683700332362953, 0.28380497441419167, 0.3609848808587746, 0.1868401113907384], [0.1466823732713275, 0.2682223439643833, 0.29943226123284294, 0.28566302143144623], [0.20604045687045583, 0.445146977856944, 0.19543339310122235, 0.15337917207137777], [0.20960079684542124, 0.44212693975347456, 0.1971813351978769, 0.15109092810322733], [0.24107211054155847, 0.21647422658645687, 0.3586202966397097, 0.18383336613227497], [0.27428934792783816, 0.21601699934280416, 0.2650415678069662, 0.24465208482239154], [0.2652690489405082, 0.22179017129677436, 0.33174921067464486, 0.1811915689880726], [0.2557938694698125, 0.22275790569938864, 0.26691189405633187, 0.254536330674467], [0.16385977456897355, 0.49348504816976746, 0.19447868149954436, 0.14817649566171462], [0.17376466416100464, 0.4803454780458629, 0.19970198566576425, 0.14618787202736816], [0.17958072781016526, 0.27752938036737995, 0.36147694698900396, 0.18141294473345085], [0.15641578239497034, 0.2579305585035791, 0.2835100717638077, 0.30214358723764284], [0.16352791079816825, 0.2732493064502607, 0.38192100467203527, 0.18130177797953576], [0.15489813683868195, 0.2937991022769861, 0.27447503802415774, 0.27682772276017426]], "ideal": "A", "sampled": "A", "correct": true}}
{"type": "result", "data": {"idx": 12, "options": ["32\u00b0 F", "41\u00b0 F", "78\u00b0 F", "98\u00b0 F"], "probs": [[0.2381702881268001, 0.27183074566479426, 0.299161264245434, 0.1908377018629717], [0.24038981615254884, 0.28091392755423, 0.23699746239788028, 0.24169879379534087], [0.23421982277405262, 0.27387124705364296, 0.3084999368552808, 0.18340899321702356], [0.2454373015348241, 0.282437928959436, 0.26591838195997797, 0.20620638744576197], [0.20365434303278218, 0.16521958253607122, 0.40965594688383766, 0.22147012744730893], [0.20229306229236158, 0.13589048991739042, 0.429579813567647, 0.23223663412260098], [0.17832266751167122, 0.3326596220202493, 0.29671644277238673, 0.19230126759569277], [0.176827890008471, 0.33770864695347885, 0.23466387039067338, 0.25079959254737677], [0.1783841401160193, 0.40103995796007913, 0.22048503158271834, 0.20009087024118324], [0.18433012890448225, 0.38946224996109474, 0.24079154015717946, 0.1854160808772435], [0.17702710191786883, 0.20074668231069356, 0.3396147989657533, 0.2826114167056843], [0.18121808085498375, 0.161258347074581, 0.41966705405987537, 0.23785651791055987], [0.258803765538996, 0.2413256435357373, 0.3253195043089881, 0.1745510865162786], [0.2649171273170101, 0.252784900258985, 0.2633483331134324, 0.21894963921057248], [0.27122549836459503, 0.29751943332077735, 0.25116212670449894, 0.18009294151012872], [0.2773865502405918, 0.3043701097716021, 0.23400359202076823, 0.1842397478670379], [0.2653640468844045, 0.25506031130594026, 0.26361614070258677, 0.21595950100706846], [0.26125597951183827, 0.2513148486362912, 0.29673165079964203, 0.19069752095222847], [0.16023545443111042, 0.3336158791928425, 0.33731121826706495, 0.16883744800898204], [0.1613702052874456, 0.28507838075109204, 0.35325742290745304, 0.2002939909540093], [0.16911498466447059, 0.3545747259459595, 0.28808457944274596, 0.18822570984682394], [0.17250032207133958, 0.3068836835648592, 0.3359929818773154, 0.1846230123864858], [0.1634615984796738, 0.4162041830448208, 0.239940416793342, 0.18039380158216342], [0.1552271889062623, 0.4081101240736465, 0.2794156157516853, 0.15724707116840594]], "ideal": "C", "sampled": "C", "correct": true}}
{"type": "result", "data": {"idx": 13, "options": ["Repeat the investigation.", "Write a report of the results.", "Make a table for recording data.", "Make daily observations of the light bulbs."], "probs": [[0.1738725602452928, 0.21000942585752383, 0.34251800176056324, 0.2736000120366201], [0.17601561890435385, 0.22602292270427413, 0.38915864708273007, 0.20880281120864191], [0.1905101360114123, 0.41209267951759415, 0.1849586786896003, 0.2124385056813932], [0.179436603783408, 0.405590790303, 0.2828252528973145, 0.13214735291627747], [0.19447029296953364, 0.40449110808009864, 0.21719858439197734, 0.1838400144583904], [0.1831387971713153, 0.39232968110900757, 0.2842915271149441, 0.14023999450473304], [0.1625005228282667, 0.2313980265355288, 0.33818338829697153, 0.2679180622392329], [0.16219074539139963, 0.241708047910956, 0.3729119189332961, 0.22318928766434828], [0.17071008207939137, 0.3271642521986581, 0.25546593994124767, 0.24665972568070288], [0.16117736406334007, 0.31052263901426364, 0.3710521735663828, 0.15724782325601344], [0.16872490186531844, 0.39487896580566634, 0.23653635813003118, 0.19985977409898403], [0.16437679527546295, 0.3909320234861448, 0.2917797863191649, 0.1529113948192273], [0.41374747193930045, 0.19997989235248778, 0.16866398358637216, 0.21760865202183957], [0.40449796294855433, 0.20900735812746438, 0.24376748900207337, 0.14272718982190793], [0.34366268428201086, 0.18279262157627824, 0.22611800170839652, 0.2474266923333144], [0.30757439591750946, 0.1792404231136674, 0.36127067146966196, 0.15191450939916115], [0.3517178647124399, 0.3640241080758152, 0.15611562363904638, 0.12814240347269854], [0.32739617441610297, 0.37267546731454254, 0.16478269799543568, 0.1351456601739188], [0.38540847828446334, 0.22294976811637154, 0.19232515358455163, 0.1993165999146135], [0.36355252966963025, 0.22683889485597492, 0.2643689732177243, 0.14523960215667053], [0.3562771432680817, 0.22300233276942058, 0.2214833828806435, 0.19923714098185424], [0.3379089878229408, 0.2269100973595194, 0.28330130251634544, 0.15187961220119434], [0.3143804990512204, 0.40515065490985525, 0.15566179270723862, 0.12480705323168577], [0.2984172746004854, 0.4036919832376071, 0.1636083448307274, 0.13428239723118013]], "ideal": "C", "sampled": "D", "correct": false}}
{"type": "result", "data": {"idx": 14, "options": ["ozone", "methane", "water vapor", "carbon dioxide"], "probs": [[0.10811914663603263, 0.21288429515742738, 0.46970967153545473, 0.20928688657108524], [0.10161170728935044, 0.20963501147189192, 0.541438976567522, 0.14731430457123562], [0.1049228777299196, 0.20986143148059597, 0.5016032791290033, 0.18361241156048116], [0.09001015125805067, 0.17333196101839526, 0.5879707931884258, 0.14868709443512823], [0.09392600855506501, 0.41267420394593624, 0.37963975886332507, 0.11376002853567363], [0.10003140791086514, 0.4099095547581569, 0.3592830410614349, 0.13077599616954313], [0.17727467415944234, 0.12692399321717363, 0.4744116067411941, 0.22138972578218993], [0.16001539646047866, 0.1307249574556588, 0.5595463167858704, 0.14971332919799207], [0.16069332481923074, 0.37240396610964444, 0.3117475648693829, 0.15515514410174197], [0.1102795062807265, 0.23135368178924515, 0.5433493175060201, 0.11501749432400817], [0.10743986413895075, 0.5609214692403681, 0.2409474908711657, 0.09069117564951543], [0.10488963751278292, 0.5106969183588094, 0.29301359012854067, 0.09139985389986696], [0.13634095000873403, 0.13838792258273272, 0.5114764127063806, 0.21379471460215266], [0.11121965612194397, 0.13410277263662973, 0.5886795344753618, 0.16599803666606444], [0.13558837365974985, 0.2883965286801986, 0.38264645981996037, 0.19336863774009122], [0.10579602103975375, 0.23616296836866738, 0.5290851434808833, 0.1289558670106956], [0.07988901763934363, 0.6503268140478713, 0.1861895076496486, 0.08359466056313654], [0.07626394181680979, 0.6023702024811143, 0.23952354488361752, 0.08184231071845838], [0.44657300581687115, 0.11586258245824152, 0.3160020826441728, 0.12156232898071455], [0.42405411912770985, 0.12477289976997842, 0.31427103512028576, 0.13690194588202595], [0.3386771577652225, 0.3031482307861618, 0.24502313894494474, 0.11315147240367097], [0.2710114141357985, 0.3020997665676851, 0.3113932632447318, 0.11549555595178455], [0.28261359259877555, 0.3919099095708163, 0.21608984992325747, 0.10938664780715071], [0.25638976881614745, 0.38141969126686726, 0.25800916742195357, 0.1041813723950317]], "ideal": "C", "sampled": "D", "correct": false}}
{"type": "result", "data": {"idx": 15, "options": ["0 degrees Celsius", "32 degrees Celsius", "100 degrees Celsius", "212 degrees Celsius"], "probs": [[0.44601320219020624, 0.28407266098237977, 0.15123900431583145, 0.11867513241158256], [0.40250195849381293, 0.29042553033232577, 0.17380238549752325, 0.133270125576338], [0.24486938298927843, 0.10939890971728103, 0.5397287646866191, 0.10600294250682142], [0.26570239066575935, 0.10745738950509998, 0.25468846583751015, 0.37215175389163047], [0.2701282480824452, 0.11150041883441096, 0.47737916943590014, 0.1409921635472437], [0.24225831436513795, 0.09873857651832174, 0.2529846316478901, 0.4060184773686502], [0.4257408399261102, 0.3268437032703326, 0.1376782460133327, 0.10973721069022446], [0.39126473952839724, 0.3376421059154745, 0.15136407426992432, 0.11972908018620389], [0.3312413344761095, 0.104768185235988, 0.4251469011902807, 0.13884357899762179], [0.36820231530272934, 0.09811918875126689, 0.20409778670852904, 0.3295807091374747], [0.2619168680073108, 0.09524577571256854, 0.49276287870358476, 0.1500744774765359], [0.30497840952739336, 0.09287546850931139, 0.23466499846808891, 0.3674811233952064], [0.16184229906010025, 0.3059481634497442, 0.43261607832432813, 0.09959345906582744], [0.1472028195710799, 0.2810482978539752, 0.19261142609577486, 0.37913745637917], [0.15361546665155149, 0.5764217633813171, 0.19048328057187094, 0.07947948929526046], [0.14191505311500466, 0.6027757524841255, 0.13897584377329572, 0.11633335052757413], [0.12201033149960437, 0.0852931986751259, 0.4527475968369373, 0.3399488728883324], [0.13996042622627886, 0.09602367346571544, 0.5525781039172242, 0.2114377962907815], [0.16458108774296085, 0.39581474068059014, 0.3239781807936376, 0.11562599068281139], [0.14435234234223637, 0.31714748387898045, 0.19208871743877948, 0.3464114562400037], [0.16014048455544286, 0.39432498808732225, 0.3304417431024081, 0.11509278415482678], [0.1595740443371992, 0.4283297593712176, 0.2154925135234198, 0.19660368266816336], [0.15072997362089777, 0.13316335179556996, 0.39683611379577377, 0.3192705606877585], [0.15411710737594572, 0.14228898285396568, 0.49319255347088337, 0.21040135619920522]], "ideal": "A", "sampled": "B", "correct": false}}
{"type": "result", "data": {"idx": 16, "options": ["exclude research on teeth or bones", "predict what the next discovery will be", "analyze new data as it becomes available", "delete earlier reports that were missing the new findings"], "probs": [[0.0745198784428848, 0.1514372344587426, 0.6043077571613032, 0.1697351298370694], [0.1464315718160872, 0.17492330854529195, 0.19178652128685275, 0.4868585982517681], [0.12228539874353796, 0.6692253101236467, 0.08579339511604253, 0.12269589591677281], [0.12490230425234417, 0.6725170411236991, 0.0876118142036858, 0.11496884032027091], [0.1609976094502858, 0.17369985061041443, 0.1666434804438757, 0.4986590593954241], [0.07162032064230692, 0.1365845454038102, 0.6422625065893289, 0.1495326272645539], [0.07165717386227405, 0.13685342770082215, 0.6283164070537931, 0.1631729912831107], [0.14833584647387835, 0.17586070559442823, 0.1941955565347125, 0.4816078912969809], [0.11103011501170358, 0.6997859969067248, 0.0868786560377227, 0.10230523194384887], [0.11008846341726386, 0.7053637714087058, 0.08548695847988462, 0.0990608065941457], [0.14601874969817827, 0.1799167436231021, 0.2036040303739535, 0.47046047620476616], [0.06151468472449692, 0.12132895329886124, 0.682406402528376, 0.13474995934826584], [0.5624636830172507, 0.16626590237339914, 0.09670058612307882, 0.17456982838627136], [0.5556455378195558, 0.17875093619416396, 0.10240268190081135, 0.1632008439854688], [0.5125103897840106, 0.17846814859919122, 0.12723533076178226, 0.18178613075501587], [0.4996686949579456, 0.17970129694492415, 0.12900448805327275, 0.19162551994385754], [0.5355436005822871, 0.1982833967054017, 0.10757245466630096, 0.15860054794601022], [0.5375368434387291, 0.18440597698018726, 0.09609791349111901, 0.1819592659899646], [0.1963700175629879, 0.17560250793723828, 0.1510133869643983, 0.47701408743537554], [0.08783006979435615, 0.14442303328549108, 0.6133526336507522, 0.15439426316940053], [0.16625797998300734, 0.1499428339195189, 0.2110835156316439, 0.47271567036582984], [0.06733084318864176, 0.12378287037454548, 0.6647772043700956, 0.1441090819667172], [0.11007921888677667, 0.743759009633746, 0.06603052016568835, 0.08013125121378901], [0.1044523131495456, 0.7522157513963249, 0.05980556897003693, 0.08352636638409255]], "ideal": "C", "sampled": "C", "correct": true}}
