{"type": "result", "data": {"idx": 0, "options": ["paralysis of the facial muscles.", "paralysis of the facial muscles and loss of taste.", "paralysis of the facial muscles, loss of taste and lacrimation.", "paralysis of the facial muscles, loss of taste, lacrimation and decreased salivation."], "probs": [[0.43768439344684995, 0.21704972111572512, 0.17661413811786325, 0.1686517472195617], [0.37643328866224124, 0.2115151615455107, 0.2713151614292621, 0.14073638826298598], [0.40380419528364364, 0.28718316567472973, 0.13105685884533083, 0.17795578009629576], [0.3882307140754161, 0.2981794498427015, 0.1998440637973085, 0.11374577218457388], [0.3463697341554536, 0.3965349135321163, 0.13158061393260112, 0.12551473827982898], [0.36354928121658714, 0.3941148699689716, 0.1349296529477119, 0.10740619576672938], [0.31438059548514213, 0.2574660854519061, 0.21455349665384216, 0.21359982230910957], [0.30074702794086433, 0.25388406948042025, 0.2875797662572645, 0.1577891362214509], [0.32694982934825156, 0.21176566269110408, 0.2320932769612794, 0.2291912308993649], [0.32869820803996513, 0.22982824651600653, 0.3094342854478188, 0.13203925989620954], [0.31397075566664273, 0.36273790220341234, 0.19523103859671462, 0.12806030343323035], [0.328428646042029, 0.35907455205084665, 0.19335270839925134, 0.11914409340787308], [0.40281476966264823, 0.24663965034045546, 0.1412726172473925, 0.2092729626495038], [0.38473845784668165, 0.2467213609543472, 0.23346904364267118, 0.13507113745629998], [0.4099697111141537, 0.17261476555804664, 0.21096728425647227, 0.20644823897132739], [0.39637843361077285, 0.183065536347583, 0.28132012902844283, 0.13923590091320134], [0.4257502213141877, 0.24662674940901866, 0.1979618786352726, 0.12966115054152103], [0.4437689780745196, 0.24730420110136822, 0.17369541524103804, 0.13523140548307414], [0.4982153251003006, 0.21914752152080608, 0.1391292980044427, 0.14350785527445065], [0.5040768083976204, 0.22007064697504852, 0.14870991415027332, 0.12714263037705778], [0.4984136148079641, 0.16957248013585, 0.18021570949908675, 0.15179819545709916], [0.5156539678057954, 0.17669731376788325, 0.17235906420414623, 0.13528965412217508], [0.534517451038629, 0.15792674844096116, 0.17594655822107383, 0.131609242199336], [0.5431740688119108, 0.161749017352754, 0.14810949175884594, 0.14696742197648924]], "ideal": "A", "sampled": "D", "correct": false}}
{"type": "result", "data": {"idx": 1, "options": ["a protruding mandible due to reactivation of the condylar cartilage by acromegaly.", "a recessive maxilla due to failure of elongation of the cranial base.", "an enlarged frontal bone due to hydrocephaly.", "defective development of the maxillary air sinus."], "probs": [[0.22968305523977942, 0.4808566856414045, 0.11376621506067199, 0.17569404395814409], [0.2461032069441794, 0.4475856950175014, 0.20413297229854374, 0.10217812563977544], [0.23124478298697607, 0.15978237209133558, 0.3528334357758236, 0.2561394090458647], [0.2256625592482925, 0.14201927183638402, 0.32333675023660247, 0.308981418578721], [0.2277989787141711, 0.3354491741075569, 0.34786666991212245, 0.08888517716614952], [0.2217133243884464, 0.3761918674245449, 0.1366106061525852, 0.26548420193442346], [0.5352979738386233, 0.14889589996947314, 0.13071913626319895, 0.18508698982870464], [0.5010414569758572, 0.141507353127534, 0.25095670664910147, 0.10649448314750733], [0.5329082011643606, 0.12989069520128246, 0.13321726022818675, 0.20398384330617023], [0.5183098354291409, 0.1204610103282646, 0.19437408590141864, 0.16685506824117585], [0.5529120893469129, 0.22515910713561493, 0.12388164542161265, 0.09804715799585952], [0.5422796283251391, 0.21568805181682607, 0.10307570676513678, 0.13895661299289802], [0.18040372821115597, 0.17592369363136964, 0.4136525227545453, 0.2300200553029291], [0.1850854632831123, 0.1580081903479668, 0.37419954496157665, 0.28270680130734427], [0.2080754308481246, 0.5015409513576815, 0.12618207742230786, 0.16420154027188602], [0.22184898785968454, 0.4715412118100094, 0.16727525985728078, 0.13933454037302526], [0.2141465906330357, 0.32095585226651735, 0.204531020040653, 0.2603665369597939], [0.21189274750340756, 0.2752137101847775, 0.35210408707602164, 0.16078945513579324], [0.29406963329419866, 0.25245801928503586, 0.3492191913712561, 0.10425315594950936], [0.3155029509795993, 0.29079253345181927, 0.14659755367355506, 0.2471069617950263], [0.34701058782163025, 0.4533413715705134, 0.10483992999995292, 0.09480811050790346], [0.32800468066024446, 0.455824573534789, 0.08674599780587644, 0.12942474789909011], [0.2808079421239425, 0.16599731145629304, 0.24001054463370616, 0.31318420168605826], [0.2739466346840308, 0.1471253440493639, 0.40138732186752096, 0.17754069929908434]], "ideal": "B", "sampled": "B", "correct": true}}
{"type": "result", "data": {"idx": 2, "options": ["Bladder", "Kidney", "Ureter", "Urethra"], "probs": [[0.6704379669134863, 0.2166843825122892, 0.06422937995749405, 0.04864827051673046], [0.6809150055962311, 0.22189648695190614, 0.06375220488587498, 0.0334363024659878], [0.6623228614999387, 0.17337965511414516, 0.12914880772118098, 0.03514867556473522], [0.6909138066511923, 0.1768487271020102, 0.05981817185009627, 0.0724192942967012], [0.7047293127627428, 0.17340133916613737, 0.09227716136427508, 0.02959218660684476], [0.70496510927061, 0.15560626866150812, 0.06199384433905846, 0.07743477762882345], [0.0861643699174455, 0.7427250674168058, 0.10249201036036201, 0.0686185522053867], [0.091646247627134, 0.7424836837035423, 0.11163117115161172, 0.05423889741771194], [0.08935503827175716, 0.1841828708200538, 0.6731476312416363, 0.053314459566552744], [0.09904169968673578, 0.25394521059985675, 0.13548243424203105, 0.5115306553713764], [0.0876491729869272, 0.1863615928202718, 0.67609375120481, 0.04989548288799105], [0.09114286168711228, 0.23193685773252484, 0.13480539032399047, 0.5421148901563724], [0.09733006864789231, 0.6144293270465624, 0.22499484994965882, 0.06324575425588645], [0.10738529663894461, 0.6674752483399029, 0.11274259956329906, 0.1123968553578534], [0.0797533944077532, 0.21777384792228288, 0.6497996094843491, 0.05267314808561484], [0.08711537297373728, 0.30536032857524725, 0.11731788951914633, 0.4902064088318691], [0.08190728387542515, 0.15737303444993558, 0.71033236446707, 0.05038731710756919], [0.07551846146077108, 0.22636739879589646, 0.28304321653255904, 0.4150709231107734], [0.12770495388296021, 0.5672963514638244, 0.23174780150783317, 0.07325089304538221], [0.1370520452798349, 0.5898013754329472, 0.11925465701262689, 0.15389192217459097], [0.09057640960967461, 0.2116371079200681, 0.6364986848455546, 0.061287797524702634], [0.09692031432971668, 0.25451049964596345, 0.1357377211833674, 0.5128314647409525], [0.09855531995092431, 0.1711654271599616, 0.665705050100901, 0.06457420268821305], [0.10866332717149123, 0.24603754096225053, 0.22490748593266202, 0.42039164583359623]], "ideal": "A", "sampled": "A", "correct": true}}
{"type": "result", "data": {"idx": 3, "options": ["Motor neurons", "Skeletal muscles", "Melanocytes", "Sweat glands"], "probs": [[0.22608011284951235, 0.3501970365234583, 0.13823085609988325, 0.2854919944271461], [0.1992604404598824, 0.21694530221222047, 0.4362156623729608, 0.14757859485493632], [0.16014396904083078, 0.1599561697091219, 0.5178690475025116, 0.1620308136475357], [0.15609143905407083, 0.1497907362697349, 0.4146832587108071, 0.27943456586538723], [0.19485982669849194, 0.36089809649857674, 0.3396632569788999, 0.10457881972403145], [0.18749426489632334, 0.4353004784715417, 0.1200803029488917, 0.2571249535832433], [0.3802076535851143, 0.14745523205815333, 0.16576810187517013, 0.30656901238156226], [0.2948338862859748, 0.1255999431246055, 0.43563040702936295, 0.14393576346005674], [0.355542941853183, 0.2895000447266856, 0.10992317899305792, 0.24503383432707343], [0.3265732897470644, 0.21345800636342938, 0.34967417302973025, 0.11029453075977597], [0.315297273400954, 0.4913890324683164, 0.07540883811994673, 0.1179048559107829], [0.33475227893699433, 0.45997534464262124, 0.1172934577759983, 0.08797891854438614], [0.18641731974483927, 0.13842419407283713, 0.472790768969051, 0.20236771711327262], [0.1702270980042923, 0.12428897803209556, 0.4450836545541398, 0.26040026930947235], [0.2665579000850351, 0.3844163686813718, 0.09569439964757273, 0.25333133148602033], [0.2403852283857744, 0.293874989937474, 0.36052630691075793, 0.10521347466599361], [0.23488342409640997, 0.4213721986979249, 0.08498664072816109, 0.25875773637750404], [0.24480771833588577, 0.34438666441284904, 0.3213596021706401, 0.08944601498062507], [0.3001963659732985, 0.13621261105609028, 0.440208862370539, 0.12338216050007217], [0.35235737345676854, 0.13876805328388367, 0.18972175669509275, 0.31915281646425503], [0.40368864537745025, 0.39959392543006383, 0.07930468140203471, 0.11741274769045121], [0.3894174280546875, 0.39738463167196414, 0.1193719917603571, 0.09382594841299129], [0.3991758464876497, 0.25308011488053306, 0.0975831507098337, 0.25016088782198354], [0.3622057681584881, 0.20889839216619305, 0.33148201802810195, 0.09741382154721685]], "ideal": "C", "sampled": "D", "correct": false}}
{"type": "result", "data": {"idx": 4, "options": ["Afferent arteriole", "Glomerulus", "Loop of Henle", "Renal pelvis"], "probs": [[0.14043460236509547, 0.5741941717270079, 0.2254222931398084, 0.05994893266808818], [0.12959879110938657, 0.5350379149854033, 0.08467692766810031, 0.25068636613710976], [0.1612093484510804, 0.2328550122338512, 0.5480296733732036, 0.05790596584186477], [0.0980621047364304, 0.1429600257808059, 0.06407646786468858, 0.6949014015180751], [0.07889371089704926, 0.1104500731983643, 0.7462482896444972, 0.06440792616008922], [0.11974286077059808, 0.12191300637902133, 0.21081894086363973, 0.5475251918867409], [0.6960458028764769, 0.1242416371326859, 0.13631075687572264, 0.04340180301511458], [0.5337417244468735, 0.1489039096587388, 0.07820803846101779, 0.23914632733336996], [0.6908705649724626, 0.18067764762940422, 0.08469233440190635, 0.04375945289622683], [0.6900218354991678, 0.17629628493170701, 0.06383194789629004, 0.06984993157283512], [0.6296542473894798, 0.11175509874165389, 0.10295202888866005, 0.15563862488020624], [0.7086835238864316, 0.1033195665628868, 0.135497252052241, 0.0524996573984405], [0.20909005868780475, 0.12999192169480803, 0.5936008227827795, 0.06731719673460777], [0.11464480969173053, 0.0975532822395666, 0.07082640326189235, 0.7169755047068105], [0.30241561885327456, 0.535226428328294, 0.10155275527136165, 0.0608051974470698], [0.3027471989909216, 0.5315003552948515, 0.07370291869210042, 0.09204952692212641], [0.12936535906228971, 0.106649062226928, 0.08836448212567485, 0.6756210964851074], [0.12322733458220017, 0.11388186279378563, 0.710803741810143, 0.05208706071387111], [0.07788077973185346, 0.10992356716259494, 0.7366573433335284, 0.07553830967202321], [0.09856146048278742, 0.11635993679998854, 0.2108148979366957, 0.5742637046805283], [0.06952959888039524, 0.780872029415542, 0.06819482739642428, 0.08140354420763841], [0.07075550109499763, 0.7986308841231724, 0.09614951026425018, 0.03446410441757976], [0.08233616991031364, 0.14804598079905515, 0.08779985980108715, 0.6818179893895441], [0.08871951515171755, 0.15788895890069754, 0.7105600687133045, 0.04283145713428044]], "ideal": "B", "sampled": "B", "correct": true}}
{"type": "result", "data": {"idx": 5, "options": ["They will be unable to breathe without life support.", "They will only be able to breathe quietly.", "It is impossible to predict an effect on breathing.", "Breathing will be unaffected."], "probs": [[0.23387034487399827, 0.1707724608885686, 0.3990662692882606, 0.19629092484917252], [0.1764309423664403, 0.1425370467656585, 0.4019865093733336, 0.27904550139456763], [0.27180323812041335, 0.25662184523823156, 0.27659661399330226, 0.1949783025480528], [0.242625302882844, 0.17029739947082922, 0.4546850133696011, 0.1323922841767257], [0.20393547717581526, 0.2268895242417886, 0.21755357408663029, 0.3516214243957658], [0.24875780559486196, 0.21398576558413002, 0.38339166563156396, 0.15386476308944405], [0.15919787942966462, 0.5167312544554624, 0.18943053199795218, 0.13464033401692077], [0.13511974423486298, 0.4349719544793482, 0.21299449876768312, 0.21691380241810568], [0.16141538848363168, 0.1610021644072365, 0.5228605554260153, 0.15472189158311653], [0.2024175047311797, 0.18243552470714108, 0.4196471508970357, 0.19549981956464355], [0.13018457202251557, 0.14497741623330473, 0.5459911063962236, 0.17884690524795605], [0.19631138734510487, 0.17162920788641906, 0.41028845917485746, 0.22177094549361864], [0.20913239999807084, 0.3865441323945196, 0.17908508806993204, 0.22523837943747746], [0.23393308321082992, 0.3042104632612974, 0.32283706431847226, 0.13901938910940043], [0.17514573035872902, 0.13938762246168532, 0.5081470012156648, 0.17731964586392088], [0.2079625663560518, 0.13721200413488116, 0.4734057344497973, 0.1814196949592698], [0.18016289441218736, 0.14566873229579874, 0.5229590016521436, 0.15120937153987024], [0.25374448296870517, 0.23232805726589073, 0.24049273130872967, 0.2734347283566745], [0.15490720933755078, 0.5477090395780705, 0.13692676815620558, 0.16045698282817317], [0.18107506226259817, 0.5562279099512898, 0.1575590634734041, 0.10513796421270795], [0.1569747410469972, 0.12117281441825141, 0.545843152803003, 0.17600929163174842], [0.21347783821888586, 0.13136138216376053, 0.4158615829508123, 0.2392991965665413], [0.17020182056212388, 0.13119581144934517, 0.551248482541027, 0.14735388534750402], [0.24675473200662917, 0.2385283523778753, 0.25090992074320095, 0.2638069947722946]], "ideal": "B", "sampled": "A", "correct": false}}
{"type": "result", "data": {"idx": 6, "options": ["Epigastric", "Hypochondriac", "Hypogastric", "Lumbar"], "probs": [[0.2172991484186311, 0.2531617581591168, 0.35046222802472243, 0.17907686529752964], [0.2668820063038318, 0.2851992291701628, 0.16082115709397055, 0.2870976073320348], [0.20139071343315376, 0.26622399685104786, 0.2449563145392556, 0.28742897507654275], [0.21511375260843174, 0.27954240797518504, 0.22218030026776153, 0.2831635390486217], [0.1773889932248081, 0.14758620934819217, 0.4101352630125339, 0.2648895343144658], [0.19447085590379692, 0.16819355377699519, 0.38127440918004024, 0.25606118103916764], [0.24059942597579023, 0.3662914442348749, 0.268973932516369, 0.1241351971729659], [0.28373457287486786, 0.3929564122190664, 0.13530342963156514, 0.18800558517450058], [0.22738783532843768, 0.2548970763921467, 0.3729284834669809, 0.1447866047124347], [0.2430061254850732, 0.28520630087347043, 0.23031109686508805, 0.2414764766763683], [0.1920501383336022, 0.1490281775734355, 0.44078453057218914, 0.21813715342077314], [0.20187058455134962, 0.16030449390169527, 0.38382281584877753, 0.2540021055981776], [0.1827427879321114, 0.27353829677305425, 0.28117835985188017, 0.26254055534295423], [0.18734806215832536, 0.2937830598721256, 0.23908423662524014, 0.27978464124430885], [0.17714308200495263, 0.1341564059123351, 0.5517355799123252, 0.13696493207038707], [0.19973473546496537, 0.16342109683639403, 0.30962339501895825, 0.32722077257968235], [0.17532988597204868, 0.20404828170665815, 0.3690076305046788, 0.25161420171661436], [0.1843598892718902, 0.18072786512521827, 0.224280624026319, 0.4106316214765725], [0.151547046758682, 0.2959931834639133, 0.3345879365852856, 0.2178718330921191], [0.1469637365811884, 0.3629884503127668, 0.32691610887857775, 0.16313170412746705], [0.1448441743705864, 0.16744630037063787, 0.4997607469058955, 0.18794877825288023], [0.16470180695647763, 0.2158087523931337, 0.34690338886641503, 0.27258605168397365], [0.1505137085764098, 0.313078284232303, 0.34555149074913627, 0.19085651634215092], [0.16348713119106562, 0.2773465977240376, 0.1855231782920314, 0.37364309269286533]], "ideal": "A", "sampled": "A", "correct": true}}
{"type": "result", "data": {"idx": 7, "options": ["Hair in the nose", "Mucous membranes", "Osteoblasts", "Saliva"], "probs": [[0.1551953701703041, 0.49169064761267767, 0.06168270258081686, 0.29143127953620135], [0.21358908312887362, 0.43329789423152537, 0.3230154155800195, 0.030097606959581517], [0.13828277586507798, 0.11452559380578148, 0.6547105311692701, 0.09248109905987038], [0.11455266199586137, 0.0897043556432069, 0.47799968939707876, 0.31774329286385294], [0.1735584566984706, 0.1772117150555451, 0.6157582264342732, 0.033471601711711055], [0.18056734990980042, 0.32837214328703457, 0.07879831464996519, 0.4122621920531998], [0.2905112358158788, 0.18530716966586588, 0.07865619323803222, 0.44552540118022316], [0.26887307845778824, 0.1357674959611449, 0.5559587125993445, 0.0394007128817224], [0.20350568449337517, 0.08996681324163769, 0.15450527117730736, 0.5520222309876798], [0.24167852231758047, 0.10196886149310433, 0.5881168640044198, 0.0682357520848954], [0.5025014467966763, 0.357426000999903, 0.10425836235204697, 0.03581418975137367], [0.47668575347876285, 0.4151787382102066, 0.052972028902612246, 0.05516347930841826], [0.06798586943076282, 0.09947179927820796, 0.7546028437858004, 0.07793948740522881], [0.05530257065874142, 0.08143547601219507, 0.5535874058878549, 0.30967454734120853], [0.08290504474217199, 0.5266455168481255, 0.1234278239994779, 0.26702161431022453], [0.0964793746774533, 0.6272280554609536, 0.23130113426401683, 0.044991435497576296], [0.08486016093835999, 0.15915764866667853, 0.13538464902477634, 0.6205975412701851], [0.09739141692607539, 0.17311203091100183, 0.6659115403393482, 0.06358501172357456], [0.17281352956910742, 0.12421629206439576, 0.6633637945178248, 0.03960638374867199], [0.20226690924629395, 0.18936630296923132, 0.08898572209279436, 0.5193810655916804], [0.2319407473605943, 0.654158255144611, 0.0854613208410322, 0.02843967655376253], [0.17250231806338534, 0.7471303136638133, 0.047610154991090836, 0.03275721318171049], [0.12703663179833788, 0.08642604725397601, 0.15783105515253396, 0.6287062656951521], [0.15203957144856295, 0.11017671889323379, 0.6761543699709359, 0.06162933958726738]], "ideal": "B", "sampled": "B", "correct": true}}
{"type": "result", "data": {"idx": 8, "options": ["six weeks post-fertilization.", "eight weeks post-fertilization.", "ten weeks post-fertilization.", "twelve weeks post-fertilization."], "probs": [[0.3298545528596779, 0.22778164187450745, 0.26653379596390003, 0.17583000920191458], [0.2760927163114042, 0.20286547250106243, 0.2888183679535763, 0.2322234431339571], [0.2782198364060132, 0.21931967646731645, 0.3431527162825911, 0.15930777074407923], [0.2711557488044508, 0.20398061279373947, 0.25613949081928383, 0.2687241474825259], [0.2667853255941307, 0.21375025374543036, 0.34760228959449524, 0.17186213096594363], [0.2748565714510089, 0.20526986127931354, 0.2831034404218728, 0.23677012674780473], [0.32592052703698443, 0.2437043077061897, 0.2436088061626848, 0.1867663589941411], [0.2918906298551323, 0.22696324366932158, 0.2591756659241324, 0.22197046045141372], [0.30343055454711676, 0.23038544328162922, 0.29363327860577604, 0.172550723465478], [0.2865310737143508, 0.21748360471414485, 0.23513574456914163, 0.2608495769023627], [0.27073904869233223, 0.24059116837956637, 0.3041088580781096, 0.18456092474999178], [0.2740326441838698, 0.21812085155091454, 0.2823598896471461, 0.22548661451806956], [0.28318007089762876, 0.2344031939031805, 0.30830223507765053, 0.1741145000215402], [0.2699453314852579, 0.22511228097548872, 0.24531515671289014, 0.25962723072636323], [0.3111067162307935, 0.22712467947006929, 0.2917747242721417, 0.1699938799269955], [0.3089070135697559, 0.23618234774001862, 0.23617959102536235, 0.2187310475648631], [0.27063749044327085, 0.22950308706560738, 0.2923663643415375, 0.20749305804958423], [0.27729311995852346, 0.21061362637877795, 0.28564051216428893, 0.22645274139840965], [0.28634721464552837, 0.22465767298862369, 0.30706179596485406, 0.1819333163009939], [0.2675394673744605, 0.20976967794928822, 0.2589492759006164, 0.26374157867563486], [0.2818029820637234, 0.22116583583527477, 0.31665819880179974, 0.18037298319920209], [0.29435190555490015, 0.22374722359327165, 0.2614014148450757, 0.22049945590675255], [0.28892413606405826, 0.18626290660255368, 0.2908455810520092, 0.2339673761813788], [0.3200469112090174, 0.18639658945116835, 0.2820834005217816, 0.21147309871803263]], "ideal": "C", "sampled": "B", "correct": false}}
{"type": "result", "data": {"idx": 9, "options": ["bilateral contraction of antigravity limb muscles.", "bilateral contraction of limb musculature.", "contraction of ipsilateral limb musculature.", "contraction of contralateral limb musculature."], "probs": [[0.2640113155574444, 0.1671137163736088, 0.37869756281470474, 0.19017740515424209], [0.2358207938595514, 0.1540215026563013, 0.3247140653362347, 0.2854436380479126], [0.32373142239194325, 0.2097803801088361, 0.3316967785026732, 0.13479141889654742], [0.3216855967476665, 0.20842503940874937, 0.31196911534389493, 0.1579202483996892], [0.28217451042875485, 0.17589288244393841, 0.34619446152836253, 0.19573814549894422], [0.2719453694524037, 0.17069620655392254, 0.4216676840509964, 0.13569073984267732], [0.26332633274105455, 0.26675076879878257, 0.2722971303367788, 0.19762576802338402], [0.2368438243629123, 0.22363957760481804, 0.2407765090224769, 0.29874008890979276], [0.30847744529488946, 0.32972605507024244, 0.23116684991045616, 0.13062964962441187], [0.2712221145358661, 0.257798343871086, 0.3076204657247006, 0.16335907576834732], [0.29500811849552566, 0.23457198983213043, 0.2588425239834251, 0.21157736758891882], [0.2332021285778809, 0.18245014143848662, 0.4334269721925141, 0.1509207576911184], [0.4354879324520442, 0.20777197489705146, 0.2425260579719915, 0.11421403457891281], [0.462517791008626, 0.22945835842194814, 0.1649872337863677, 0.14303661668305814], [0.4807369934921985, 0.18582632858941872, 0.21320308425077997, 0.12023359356760283], [0.4512330100591464, 0.17750743126650684, 0.20017630159429384, 0.17108325698005292], [0.4433565237695549, 0.1988543300597592, 0.21966684336255343, 0.13812230270813247], [0.4219535588796186, 0.19710718093331508, 0.22090172765430144, 0.16003753243276486], [0.29977040139849587, 0.20709299113349988, 0.31241972834831777, 0.18071687901968647], [0.30666574832710625, 0.22035178539933628, 0.2978825866878173, 0.17509987948574013], [0.31471953261803814, 0.18186565012701109, 0.2915413720843922, 0.21187344507055858], [0.2623427251068081, 0.15896663305014114, 0.39776269190152513, 0.1809279498415256], [0.33242961761011336, 0.2814233302788645, 0.23263946173248862, 0.15350759027853353], [0.3166672336241918, 0.2727440337972891, 0.22693486847597263, 0.18365386400254644]], "ideal": "D", "sampled": "C", "correct": false}}
{"type": "result", "data": {"idx": 10, "options": ["hard palate.", "hard palate and upper lip.", "hard palate, upper lip and upper central incisor.", "hard palate, upper lip, upper central incisor and lower first molar."], "probs": [[0.13913130344157962, 0.2929349454069772, 0.31192012688616644, 0.2560136241652768], [0.1372757770117469, 0.2692336875387796, 0.3954826655300751, 0.1980078698193984], [0.13053533239049703, 0.36113240773147454, 0.294957245931973, 0.21337501384605542], [0.13008431119777952, 0.3773728029519838, 0.34169313742579893, 0.1508497483244378], [0.1359604766227016, 0.40978247533787, 0.30984685283552865, 0.14441019510389977], [0.14535647845835994, 0.418163544168432, 0.2902411861463399, 0.1462387911268681], [0.15953331708703572, 0.2715773501250561, 0.3102459218714555, 0.2586434108164527], [0.1451116374751599, 0.26490441356788086, 0.3951364218068824, 0.19484752705007682], [0.1580424410530107, 0.2931998582427599, 0.3246498010832326, 0.22410789952099677], [0.15555801969511718, 0.32235553715416365, 0.39919283095848057, 0.1228936120922386], [0.14763628995026126, 0.3989040136265006, 0.2786226487291589, 0.17483704759407928], [0.16582461572178647, 0.33052633958259264, 0.3873105202484802, 0.1163385243471407], [0.18868407520881503, 0.31637608378763876, 0.26236896678930677, 0.23257087411423943], [0.16759434090973366, 0.313465322322116, 0.34225269638673195, 0.1766876402814184], [0.19137596796959236, 0.29675286563121767, 0.3135410202198452, 0.1983301460793448], [0.1835408916016198, 0.3128191716846435, 0.36649423038240403, 0.13714570623133265], [0.19720185997299464, 0.3437767573284536, 0.2897050933294107, 0.16931628926914108], [0.21018726495228598, 0.311248412361956, 0.3506127491060135, 0.12795157347974456], [0.21598419544921152, 0.311759501664457, 0.29545819756414315, 0.17679810522218836], [0.21760831446843357, 0.33192601302037344, 0.26071318592931625, 0.18975248648187676], [0.21468556775433026, 0.335174937954557, 0.2825339650070074, 0.1676055291841054], [0.23297751641856948, 0.3640030730599666, 0.24256881301864644, 0.16045059740281745], [0.24064215242370043, 0.3016709774928909, 0.27283299779646164, 0.18485387218694704], [0.2531035093350323, 0.26748545360957265, 0.32316900350384764, 0.15624203345154739]], "ideal": "D", "sampled": "D", "correct": true}}
{"type": "result", "data": {"idx": 11, "options": ["Pupillary constriction and a medial strabismus", "Pupillary dilatation and a medial strabismus", "Pupillary constriction and a lateral strabismus", "Pupillary dilatation and a lateral strabismus"], "probs": [[0.4199089517810223, 0.2972619102331903, 0.14228069144790018, 0.1405484464378872], [0.40765432677121904, 0.262839961196724, 0.17604403899142848, 0.15346167294062849], [0.43302455140936713, 0.21392158946768575, 0.19877595892205643, 0.15427790010089068], [0.4159893517075039, 0.2121556166244668, 0.17388670662949204, 0.19796832493853728], [0.384286051716017, 0.22897187214248282, 0.20957804036396124, 0.17716403567753894], [0.3982357084352893, 0.24870389697448875, 0.18719421325242164, 0.16586618123780028], [0.412183195311336, 0.24954551455863308, 0.18071310220341763, 0.15755818782661327], [0.4220679981533819, 0.27193296907112363, 0.14974770322824335, 0.1562513294472511], [0.3939547064228668, 0.20552816066199903, 0.21313828765086518, 0.187378845164269], [0.3853238156245559, 0.21568746658120175, 0.21850965727228278, 0.18047906042195958], [0.4629248976244534, 0.22507852313651924, 0.17213404176898045, 0.13986253737004695], [0.42951298815874195, 0.22070380056511582, 0.16224152612964268, 0.18754168504649957], [0.43676514456828663, 0.16418912271158065, 0.19123525060729518, 0.20781048201283756], [0.4797261368911872, 0.16038512226020074, 0.20194149301765593, 0.15794724773095611], [0.4189981457321347, 0.178434101050622, 0.20636538851633246, 0.1962023646009109], [0.4027924657297408, 0.1574453460251405, 0.2733448526986736, 0.1664173354464451], [0.4641648094140801, 0.2944492609668592, 0.12236453226878882, 0.11902139725027183], [0.4521822467644505, 0.2716856679551018, 0.13296379543893466, 0.14316828974151302], [0.4285884605550529, 0.1661399379441923, 0.20777911506992985, 0.19749248633082497], [0.4497531719019253, 0.15633873872890425, 0.22486560379500026, 0.16904248547417017], [0.46671877895936886, 0.1726856180052443, 0.170764828582471, 0.18983077435291587], [0.5026930791610641, 0.17328000266011245, 0.16741208973252875, 0.15661482834629467], [0.46313975856620676, 0.24739570175928402, 0.13936556458970314, 0.15009897498480607], [0.4758983637260081, 0.2726737436674369, 0.1215781067974833, 0.12984978570907169]], "ideal": "D", "sampled": "D", "correct": true}}
{"type": "result", "data": {"idx": 12, "options": ["It has an articular disc of hyaline cartilage", "Its articular surfaces are covered by hyaline cartilage", "Proprioceptive information is carried by the chorda tympani and deep temporal nerves", "Proprioceptive information is carried by the masseteric and auriculotemporal nerves."], "probs": [[0.31899654386733034, 0.23788120985809558, 0.17645708951888572, 0.26666515665568835], [0.3769866396252812, 0.2421860951920301, 0.20352267636660057, 0.17730458871608817], [0.32461857792469145, 0.2221812307612444, 0.24733683464437947, 0.20586335656968466], [0.317311192759266, 0.23829647541201626, 0.2892231599813088, 0.15516917174740888], [0.40343979572554495, 0.23583234928679406, 0.25043936068656875, 0.11028849420109227], [0.3614768331661424, 0.25096615772470293, 0.2279805655850393, 0.15957644342411545], [0.30088317839598633, 0.2752970795847415, 0.17006482435648945, 0.25375491756278273], [0.3473825907679875, 0.26760814787490006, 0.21229223363775063, 0.17271702761936186], [0.2705419361320797, 0.20898324249085093, 0.32247424122446644, 0.1980005800526029], [0.25445124504405864, 0.20887890456018204, 0.27968093750064216, 0.25698891279511715], [0.33317827182125354, 0.22499682826543474, 0.333458056015463, 0.10836684379784874], [0.29436511237009855, 0.21008380068352747, 0.22052520839937462, 0.27502587844699933], [0.3032820522481905, 0.2991451620756458, 0.18957756457817207, 0.20799522099799167], [0.2926834821408366, 0.2936221062843432, 0.22948887941926607, 0.18420553205555407], [0.264115784501185, 0.25489604850389763, 0.23469107200378309, 0.24629709489113424], [0.24398831293562048, 0.24284935761498735, 0.23606833109675512, 0.27709399825263703], [0.26371643959951446, 0.37840512552015393, 0.2520076444487361, 0.10587079033159556], [0.24415014681758784, 0.3706406652556758, 0.22051700947463715, 0.1646921783520992], [0.3696607052910216, 0.33690109845607125, 0.192569062094505, 0.10086913405840216], [0.3407632308630156, 0.31606640466669356, 0.16442319259122296, 0.17874717177906788], [0.3441391740755445, 0.30929545947627324, 0.2266783517377651, 0.11988701461041712], [0.2825579387048144, 0.26043668774796913, 0.17383985478689126, 0.2831655186603252], [0.2873908877085351, 0.3210350572741862, 0.2577467262487157, 0.13382732866856306], [0.2671582182127769, 0.31844348661228916, 0.23570647045718343, 0.17869182461775046]], "ideal": "D", "sampled": "A", "correct": false}}
{"type": "result", "data": {"idx": 13, "options": ["cricothyroid muscle is still functional but the interarytenoid muscles are fully active.", "cricothyroid muscle is still functional but the interarytenoids are weak.", "cricothyroid muscle is paralyzed but the interarytenoids are fully active.", "cricothyroid muscle is paralyzed but the interarytenoids are weak."], "probs": [[0.22288913528876933, 0.1873378390186476, 0.3336084335831775, 0.25616459200940556], [0.2290325807238407, 0.1779773453604218, 0.35365952456963146, 0.23933054924610603], [0.21814064029238822, 0.20762052511223603, 0.32920595019130167, 0.2450328843040741], [0.2244462735561477, 0.2071260275373169, 0.32037887928795417, 0.2480488195185812], [0.20107881423192872, 0.1500785775320867, 0.4353292817138027, 0.21351332642218188], [0.20720853526929792, 0.16473679733824825, 0.41482408086753375, 0.21323058642492007], [0.2278235073484122, 0.1727871570893122, 0.32495617379044117, 0.2744331616718344], [0.25500690934492165, 0.16955116389486435, 0.32887274023581997, 0.246569186424394], [0.22109320098653237, 0.1824294423150547, 0.36344491348670627, 0.23303244311170668], [0.21592902694607918, 0.16768904019505407, 0.4323443085407128, 0.18403762421815395], [0.2569711399544954, 0.2143780897625056, 0.30614113105313745, 0.22250963912986158], [0.2633349040384247, 0.20624304123012674, 0.3263426173352088, 0.20407943729623979], [0.19502886218948526, 0.29198867949870017, 0.2872650410622698, 0.2257174171495448], [0.2091086177451622, 0.29046600621319874, 0.265589650461495, 0.234835725480144], [0.18603698352988898, 0.22502959591792018, 0.38058732802080014, 0.2083460924313907], [0.20367647125814206, 0.22131606433485398, 0.3768334556813759, 0.1981740086256281], [0.2213447341702697, 0.15891516917465695, 0.3468175089079898, 0.27292258764708355], [0.21636848149520121, 0.15055568514748868, 0.3998704850273805, 0.23320534822992958], [0.18270692227443866, 0.17650231717252005, 0.42099809642396463, 0.21979266402907663], [0.1939009696960119, 0.19490296846313865, 0.40042292471065943, 0.21077313703019004], [0.20976509464319623, 0.2524267174412714, 0.33679852388111214, 0.2010096639344202], [0.21498341647522057, 0.26316858903927, 0.28620763335987665, 0.23564036102563274], [0.2137477067830839, 0.1596397435559173, 0.38291549108199485, 0.2436970584790039], [0.22003634599685232, 0.1544301830737862, 0.36454946342264133, 0.2609840074067201]], "ideal": "B", "sampled": "B", "correct": true}}
{"type": "result", "data": {"idx": 14, "options": ["The mental symphysis closes at about 1 year postnatally", "The condylar growth cartilage ceases activity at puberty", "The ossification centre appears about 8 weeks I.U.L medial to Meckel's cartilage", "The functional matrix acting on the angle of the mandible is the lateral pterygoid muscle"], "probs": [[0.3876625837346294, 0.20325909250046104, 0.25233560422019663, 0.15674271944471296], [0.4009522795276233, 0.20847821233571956, 0.16169406472019687, 0.2288754433164603], [0.39021069970433025, 0.24134425045652488, 0.20574877277190667, 0.16269627696723815], [0.36667669064038727, 0.21633480365386878, 0.1654385353877706, 0.2515499702179734], [0.35467204448014256, 0.19964821634680305, 0.2085916101723934, 0.237088128900661], [0.325600653854235, 0.18879167733688712, 0.24814978239438973, 0.23745788631448816], [0.3688257524352274, 0.19163853847141352, 0.2678223768257785, 0.17171333216758053], [0.3861316029004083, 0.19609510312220188, 0.1696834960504514, 0.24808979782693835], [0.36786455460482625, 0.24368238809774911, 0.2145181180995481, 0.17393493909787658], [0.360346978275906, 0.25054368747565625, 0.18976713997861197, 0.1993421941698258], [0.34743306037289523, 0.21117141840730388, 0.19009763000494653, 0.25129789111485434], [0.3194892000528089, 0.20976856109002995, 0.27368290860794453, 0.19705933014921662], [0.4046390176797293, 0.23466917079334712, 0.20481932771599495, 0.15587248371092863], [0.38086065221250315, 0.2209484081391512, 0.1662690341661868, 0.23192190538215884], [0.4203951829133691, 0.22217399707676502, 0.1966289372060086, 0.16080188270385729], [0.4112152816125104, 0.22422916028982973, 0.18774962703123182, 0.17680593096642802], [0.33656261370877316, 0.17775314084162414, 0.22791715643264035, 0.2577670889169623], [0.3759906031701027, 0.20339812664723064, 0.24287160419821355, 0.1777396658844531], [0.3630701953267108, 0.20393736962331488, 0.1959139137655371, 0.23707852118443717], [0.33043994485649814, 0.19734514933908337, 0.2422793204708602, 0.22993558523355825], [0.38856285227581183, 0.2082884131418733, 0.16682371246899297, 0.23632502201332192], [0.36163784972276375, 0.21117168033479886, 0.2629317562635538, 0.16425871357888358], [0.33918154741682616, 0.2141398819193663, 0.2011080563032395, 0.245570514260568], [0.38372916551163794, 0.24431211117912174, 0.20712217995125362, 0.16483654325798666]], "ideal": "A", "sampled": "C", "correct": false}}
{"type": "result", "data": {"idx": 15, "options": ["Its efferent limb is carried in the optic nerve", "It is mediated by the inferior colliculi in the midbrain", "It is a consensual reflex", "Its afferent limb is carried in the oculomotor nerve"], "probs": [[0.2696510770751275, 0.284374526580312, 0.2746005274199863, 0.17137386882457423], [0.275040328475151, 0.3038552701169381, 0.20007933674242034, 0.22102506456549056], [0.27086217419458625, 0.27055217042328217, 0.2570175047118619, 0.2015681505702697], [0.29354733663167615, 0.3047112271587006, 0.2237653169373222, 0.17797611917230102], [0.26484375794796505, 0.21885269551990344, 0.2847087042537428, 0.2315948421783887], [0.2886770708373158, 0.24616641170552994, 0.27169675037076213, 0.19345976698639214], [0.2718932587844446, 0.21777663798275423, 0.29718684704331705, 0.21314325608948415], [0.28915306492010445, 0.23155019830012163, 0.22045281198721758, 0.2588439246925563], [0.3095479149604798, 0.29911027692740466, 0.18380496725710344, 0.20753684075501214], [0.3580284527614374, 0.31910620452443955, 0.202713493841028, 0.12015184877309507], [0.3505924992001014, 0.289318357219946, 0.1272290665861256, 0.232860076893827], [0.3094733059096807, 0.2512427270161202, 0.29825806614754236, 0.1410259008266567], [0.31716641307927845, 0.2389814519794996, 0.22204276586274996, 0.22180936897847195], [0.35601106282488776, 0.2657878398629476, 0.20646786687693622, 0.17173323033522842], [0.3350101460928013, 0.2856492144425549, 0.18257162245134123, 0.19676901691330256], [0.38240890836447977, 0.30313857709255526, 0.20026495603112296, 0.11418755841184203], [0.4214684084730389, 0.30697488088629143, 0.12876782779358317, 0.14278888274708648], [0.3649457096688582, 0.27857792374686147, 0.22887432572937086, 0.12760204075490947], [0.2909029250507963, 0.1652929386156646, 0.30102170696695224, 0.24278242926658686], [0.32849507541664474, 0.18368222760264388, 0.2997393220441019, 0.18808337483660942], [0.31856078380976555, 0.3281433332851708, 0.1508799068609978, 0.20241597594406582], [0.3167539395036173, 0.29225807072616333, 0.2653217196800455, 0.12566626999017386], [0.35434289894988596, 0.3122302479568966, 0.16760262354144054, 0.16582422945177688], [0.3258785702224107, 0.27807552448339634, 0.2562207357693017, 0.1398251694248913]], "ideal": "C", "sampled": "C", "correct": true}}
{"type": "result", "data": {"idx": 16, "options": ["External and internal intercostal muscles", "External intercostal muscles and diaphragm", "Internal intercostal muscles and diaphragm", "External and internal intercostal muscles and diaphragm"], "probs": [[0.40238047823545686, 0.19341205684044754, 0.21699160855366242, 0.18721585627043316], [0.3517898566402394, 0.1717288021313957, 0.3691382352767068, 0.10734310585165809], [0.3620785420461236, 0.2182692107597889, 0.2430590801732209, 0.1765931669208666], [0.331279230504854, 0.18052450493126784, 0.36432032150560456, 0.12387594295827359], [0.3775451087154534, 0.2424021259182451, 0.24951190131518608, 0.13054086395111542], [0.3832598993836103, 0.24229379041789223, 0.2218137996085917, 0.15263251048990575], [0.36288109958836207, 0.15503521493069516, 0.24943310391544082, 0.23265058146550194], [0.2919226071004257, 0.14128078956377407, 0.46026446961743933, 0.10653213361836086], [0.33846908804369824, 0.17435599861785644, 0.1898444145728048, 0.2973304986656405], [0.3900989715320643, 0.16939382986250115, 0.34185723918876226, 0.09864995931667228], [0.45112245598212053, 0.2715418894087646, 0.17518213128510476, 0.10215352322401011], [0.4444716605432783, 0.2785974761460588, 0.18671198326502722, 0.09021887994563567], [0.37814860968759173, 0.15658375385948167, 0.24620705473632631, 0.21906058161660028], [0.3151386661636403, 0.14013744652098764, 0.415241069922742, 0.12948281729263006], [0.34040167417099965, 0.1648759519162414, 0.200197768188398, 0.29452460562436095], [0.39290367089367045, 0.16807954875637837, 0.341915207250676, 0.09710157299927517], [0.46309648684611066, 0.26216045996013015, 0.16127695742413525, 0.11346609566962393], [0.44455510042219, 0.26825406944860136, 0.20364145780820633, 0.08354937222100234], [0.45158388917602643, 0.19277163996983904, 0.23048606396313742, 0.12515840679099713], [0.46344262356892063, 0.19938638804349215, 0.1915296464966933, 0.14564134179089394], [0.4571498895936783, 0.2525097410686398, 0.16939568391688709, 0.12094468532079475], [0.45443112669284724, 0.23826635414064753, 0.21133010559643725, 0.09597241347006798], [0.4518506487863427, 0.2327796494147121, 0.17550750257499034, 0.13986219912395484], [0.4087396148365116, 0.189216070866263, 0.30643893655032417, 0.09560537764690125]], "ideal": "B", "sampled": "D", "correct": false}}
