{"type": "result", "data": {"idx": 0, "options": ["This type occurs in binary systems.", "This type occurs in young galaxies.", "This type produces gamma-ray bursts.", "This type produces high amounts of X-rays."], "probs": [[0.413368444995889, 0.17836778556852992, 0.2285464601639937, 0.17971730917158737], [0.4299886226224064, 0.178370326739594, 0.19105726478573437, 0.20058378575226524], [0.44121229644177967, 0.21228829024099347, 0.16768404839746193, 0.17881536481976495], [0.4155368343885127, 0.19083695612218987, 0.20122059296360287, 0.19240561642569456], [0.43204421205705035, 0.19533786501493527, 0.16294879238473325, 0.20966913044328112], [0.42425178845079403, 0.18015904454338444, 0.20069727000528384, 0.19489189690053768], [0.30439903616834274, 0.37986916149849514, 0.16698495796031018, 0.14874684427285192], [0.3019871368406156, 0.3918239117495209, 0.13630489800543152, 0.16988405330443196], [0.2700789627092146, 0.15926820104303901, 0.4256512141709956, 0.14500162197675076], [0.2329097345049109, 0.1463348930779493, 0.19645924252360034, 0.4242961297935394], [0.2702383318202167, 0.16308034468807125, 0.37585752078537077, 0.19082380260634121], [0.24194845915324645, 0.15074214562372165, 0.18007321922279548, 0.4272361759002364], [0.32863291605057815, 0.23746144415356188, 0.21586210701896646, 0.2180435326768935], [0.3115111840724692, 0.243362199589679, 0.2014807879502639, 0.24364582828758793], [0.2048096748151566, 0.11627901119078246, 0.536552274317385, 0.14235903957667595], [0.22647292066064276, 0.12076458628890062, 0.20660836222905768, 0.4461541307213989], [0.25317271409605213, 0.15646923377427832, 0.3439843202492386, 0.24637373178043095], [0.1501790191894727, 0.12593207231141723, 0.11179466215873382, 0.6120942462403762], [0.30747300383354104, 0.25180035827026065, 0.2218215018288997, 0.21890513596729863], [0.2892293204422452, 0.2519490307936386, 0.2291060583463955, 0.22971559031772068], [0.18888350731495374, 0.11154619525960216, 0.5519402129618496, 0.14763008436359448], [0.18810420105339362, 0.10929928067429934, 0.2036924985626794, 0.4989040196096276], [0.22328962716149026, 0.13798023964545533, 0.41462776678569985, 0.22410236630735458], [0.1267804380517653, 0.11140516810296147, 0.1137909704386451, 0.6480234233066281]], "ideal": "A", "sampled": "A", "correct": true}}
{"type": "result", "data": {"idx": 1, "options": ["Its speed relative to you", "Its composition", "Its size", "Its distance from you"], "probs": [[0.08656856481288866, 0.08587130222260025, 0.26976114709779975, 0.5577989857667114], [0.05801841659277459, 0.07864505855433272, 0.722750609465316, 0.14058591528757663], [0.12649733298114574, 0.12321135859491734, 0.08068441899373506, 0.6696068893302018], [0.09397062378269622, 0.15848598900384367, 0.6775708591984388, 0.06997252791502127], [0.16552853325801825, 0.44793132300154265, 0.07981086371121879, 0.3067292799292203], [0.18494089841569666, 0.4693151343185405, 0.2832746046594, 0.06246936250636285], [0.06330869110380731, 0.09949752316755765, 0.28032871033693807, 0.5568650752916969], [0.04509467241799394, 0.08618269082719035, 0.7497094840935083, 0.11901315256130737], [0.08014652996672207, 0.12576259858785002, 0.10082482695800368, 0.6932660443874242], [0.04418379588599545, 0.12269099466847438, 0.7567880406632181, 0.07633716868231206], [0.10144509600828376, 0.46676764930813086, 0.09957476926883935, 0.332212485314746], [0.09241634894166025, 0.564128819513028, 0.22805942161254855, 0.1153954098327632], [0.13238839705165265, 0.10864680178385203, 0.08444192941803269, 0.6745228716464626], [0.09685539718475632, 0.12138005865880612, 0.7150734216081377, 0.06669112244829983], [0.10546636382481522, 0.0757625035184107, 0.11889947631664903, 0.699871656240125], [0.06230507976102884, 0.08632332342963428, 0.7570179925703365, 0.09435360413900036], [0.299013004370613, 0.5001080296489885, 0.13104823913856428, 0.06983072674183424], [0.25776579397352745, 0.5212395670211712, 0.08272225224020305, 0.13827238666509822], [0.37870403274003434, 0.14823080266504043, 0.07961810201463906, 0.39344706248028616], [0.3892366726247523, 0.19056799225001247, 0.36071078487671393, 0.05948455014852126], [0.29582661166938296, 0.09824832454646386, 0.1143354019830377, 0.49158966170111545], [0.3107595258187715, 0.1266150547964883, 0.4397353863434112, 0.12289003294132898], [0.5545206334918162, 0.2752159967614572, 0.10840996452618562, 0.06185340512054098], [0.5654576504478295, 0.2458801901970821, 0.06867931139794606, 0.11998284785714233]], "ideal": "D", "sampled": "D", "correct": true}}
{"type": "result", "data": {"idx": 2, "options": ["Because the molecules that compose the Earth's atmosphere have a blue-ish color.", "Because the sky reflects the color of the Earth's oceans.", "Because the atmosphere preferentially scatters short wavelengths.", "Because the Earth's atmosphere preferentially absorbs all other colors."], "probs": [[0.14416850457380695, 0.10236931133575852, 0.6854924848515136, 0.06796969913892098], [0.19840476074586966, 0.10746343457241907, 0.25584377120414514, 0.43828803337756617], [0.1674362160270017, 0.7192076008615625, 0.05881179627512418, 0.054544386736311595], [0.17869327028653567, 0.7047464479306036, 0.067912157801564, 0.04864812388129673], [0.22321109970388867, 0.16897908229134417, 0.0912001972822586, 0.5166096206225086], [0.22072715890638747, 0.16892544797664338, 0.5228814443208318, 0.08746594869613725], [0.14865057611917817, 0.16983218995518468, 0.6045531214035922, 0.07696411242204498], [0.20152748818874483, 0.25529417012620836, 0.1915501625413353, 0.35162817904371146], [0.12477386275415794, 0.786564367630601, 0.05047751702930818, 0.03818425248593284], [0.13203791717132948, 0.7820032791684216, 0.0505872739844034, 0.03537152957584547], [0.19092795745239932, 0.35170437047890507, 0.09481191884759087, 0.3625557531211047], [0.19712881741936641, 0.3320742845203204, 0.40239086743145586, 0.06840603052885734], [0.8208534762855186, 0.09415898462687103, 0.04181531770899594, 0.04317222127861437], [0.8300179118575444, 0.08663292099216126, 0.04827921020085802, 0.035069956849436354], [0.8240185668233586, 0.08681364033197317, 0.04907922635931625, 0.04008856638535193], [0.8331159283988439, 0.08237448855547265, 0.05039719810858193, 0.034112384837101564], [0.8370315151074806, 0.08749030981301763, 0.04199270017794693, 0.03348547480155475], [0.8346882684578553, 0.09068317305061097, 0.03964181811822227, 0.03498674027331154], [0.3382535005637522, 0.11689143713803997, 0.08788707916965692, 0.4569679830285509], [0.36056985372961387, 0.12078009929700582, 0.4391839074892532, 0.07946613938412715], [0.31299472733472666, 0.1065638142786577, 0.1120490580056204, 0.4683924002809952], [0.3029008525352662, 0.10817113900888038, 0.5125531492297702, 0.07637485912608312], [0.4250684126745725, 0.4444163176320836, 0.07504190801573947, 0.05547336157760439], [0.4076307077660403, 0.4607773118497633, 0.07086588145352041, 0.06072609883067599]], "ideal": "C", "sampled": "C", "correct": true}}
{"type": "result", "data": {"idx": 3, "options": ["The first time you drop a bowling ball and it falls to the ground proving your hypothesis.", "After you\u2019ve repeated your experiment many times.", "You can never prove your theory to be correct only \u201cyet to be proven wrong\u201d.", "When you and many others have tested the hypothesis."], "probs": [[0.07708716162008573, 0.328557272861608, 0.16471945746922004, 0.4296361079490862], [0.06748487749404725, 0.17562249170258898, 0.6416212271881631, 0.11527140351520068], [0.05460553344920971, 0.0883817316574461, 0.35123804862335983, 0.5057746861699843], [0.06520793991289447, 0.11394903213402165, 0.6708559639379693, 0.14998706391511454], [0.08461454068543418, 0.5714885889881066, 0.22501121775732508, 0.11888565246913416], [0.06831076333371582, 0.630226097626481, 0.1692653793365145, 0.13219775960328872], [0.11853098299705289, 0.09513212136169821, 0.16367028895872707, 0.6226666065825218], [0.10614863037001562, 0.10749804972527315, 0.6471112369843917, 0.13924208282031955], [0.12759296404646, 0.13140697580145547, 0.12592477907583347, 0.6150752809762511], [0.19902339575684633, 0.19242839513284915, 0.4502416252639663, 0.15830658374633821], [0.27953135964459325, 0.30615660545148576, 0.1970841735404341, 0.21722786126348687], [0.24860535930003222, 0.2721780578844473, 0.28913879822490246, 0.19007778449061802], [0.061830829862680146, 0.08360535897340622, 0.32454491704169436, 0.5300188940222192], [0.06432576668590084, 0.09837882512953045, 0.6773389779051008, 0.15995643017946795], [0.08371472104967284, 0.11507770536252981, 0.10937970316750317, 0.6918278703202941], [0.12405671091247007, 0.1962105649074273, 0.4924603965971376, 0.18727232748296505], [0.10689359527137601, 0.4415608806604579, 0.14984391701075186, 0.3017016069574142], [0.14439551745990656, 0.5434767088268623, 0.16925770294847836, 0.1428700706647528], [0.18044415260208096, 0.1479756572712759, 0.4957467543771763, 0.17583343564946685], [0.1925987721399772, 0.15309226283252764, 0.21702801855676668, 0.43728094637072845], [0.3253630898459307, 0.21274753768857121, 0.22064437802479453, 0.24124499434070354], [0.2855653081380276, 0.1767407453854743, 0.33742045347235655, 0.20027349290414156], [0.23303371217157354, 0.19862992457385048, 0.1935748842272996, 0.37476147892727635], [0.34892131834947754, 0.25045879926385883, 0.2312041153913764, 0.16941576689528728]], "ideal": "C", "sampled": "D", "correct": false}}
{"type": "result", "data": {"idx": 4, "options": ["Titan is the only outer solar system moon with a thick atmosphere", "Titan is the only outer solar system moon with evidence for recent geologic activity", "Titan's atmosphere is composed mostly of hydrocarbons", "A and D"], "probs": [[0.32727664949658525, 0.12151592314157608, 0.17142880088931264, 0.379778626372526], [0.40128288855341626, 0.12637476056855368, 0.3081545393685757, 0.16418781140945435], [0.33196622624603567, 0.14314086947113674, 0.14218420000717072, 0.3827087041756569], [0.3980622291166879, 0.13519455491144544, 0.33518442508206686, 0.13155879078979973], [0.37226695928030723, 0.23362376489758055, 0.1504720494141325, 0.24363722630797968], [0.3828808721946389, 0.2682635823855295, 0.15851019557485657, 0.19034534974497502], [0.33222968125514635, 0.12144079329589329, 0.16089786947171444, 0.38543165587724587], [0.39637534302887806, 0.11906949873081871, 0.32363332520293364, 0.16092183293736956], [0.3354585220397606, 0.13289877969036865, 0.15074171349004065, 0.3809009846798301], [0.40148190247085824, 0.1253081932354912, 0.3384062743798479, 0.13480362981380267], [0.3852852158735699, 0.23260999763412735, 0.15446642730180435, 0.22763835909049843], [0.3833544127269177, 0.24094722749627698, 0.16784880313903086, 0.20784955653777443], [0.3542577431520537, 0.13898562307713225, 0.14658295053515136, 0.36017368313566267], [0.4099666513810358, 0.12484032192504378, 0.32860997028871736, 0.1365830563052031], [0.34053917701000463, 0.12875265988157147, 0.16750432050030314, 0.36320384250812077], [0.4162827872708351, 0.12207012167581166, 0.31387724300027636, 0.14776984795307685], [0.4000329494086105, 0.2629016119843561, 0.14457785022535108, 0.19248758828168233], [0.3733747732247413, 0.24170127918234666, 0.14832743337783652, 0.23659651411507554], [0.44122176043086486, 0.14258460274150855, 0.15344704228753075, 0.26274659444009585], [0.4583867123505042, 0.1613614534967492, 0.16968124850362598, 0.2105705855491206], [0.4211806528987318, 0.15786817197805972, 0.162151242414256, 0.2587999326089525], [0.42474634083950397, 0.16303158047702154, 0.17830799783932258, 0.2339140807441519], [0.4596863642108929, 0.18467141800230147, 0.14767089874527609, 0.2079713189415296], [0.43101650472145525, 0.165460780246401, 0.14867179094258368, 0.25485092398956005]], "ideal": "D", "sampled": "D", "correct": true}}
{"type": "result", "data": {"idx": 5, "options": ["m*v", "0.5*m/(R^3)", "0.5*m*(2GM/R)", "0.6*G(M^2)/R"], "probs": [[0.27333078600208877, 0.20933525886037488, 0.3048564882228839, 0.2124774668146524], [0.2877275049398704, 0.20008330045129752, 0.1987779289285246, 0.3134112655803074], [0.29848477686169267, 0.28653729386053045, 0.1580918305669858, 0.25688609861079104], [0.3290643442698722, 0.315289680856076, 0.20048401056436577, 0.15516196420968606], [0.2847735285474199, 0.20779341457196357, 0.14855307339136417, 0.35887998338925237], [0.2813186263363786, 0.23667583651930127, 0.29957576690372895, 0.18242977014059117], [0.32177990671754736, 0.2280698120365955, 0.2540655135854333, 0.19608476756042387], [0.30983973931431646, 0.19804752756377322, 0.1665792986544967, 0.3255334343674136], [0.33921438452189523, 0.2982366084754254, 0.1866305917314819, 0.17591841517119752], [0.3591191225753593, 0.27613842896052143, 0.19141146823952984, 0.17333098012458945], [0.31960185406582775, 0.1991378605423553, 0.18151673131806254, 0.29974355397375446], [0.3355455546246697, 0.1992438495297931, 0.2885147799926917, 0.17669581575284551], [0.3787456098007064, 0.24334469072553888, 0.15826645256089328, 0.21964324681286146], [0.413832086901651, 0.25139225650563396, 0.17561908849595048, 0.1591565679967645], [0.37947812825534827, 0.24134334611391486, 0.18695998287119595, 0.19221854265954091], [0.4090134920966944, 0.22589088157215467, 0.19519800527522055, 0.16989762095593033], [0.44848297378355606, 0.23967436667889813, 0.17049496382245058, 0.14134769561509525], [0.44806898303422393, 0.22484782670943287, 0.14556043065463886, 0.1815227595017043], [0.3008646532205786, 0.2015419512096289, 0.14966598972674666, 0.3479274057430458], [0.3147877454442903, 0.2281384318838863, 0.2797625958639762, 0.17731122670784719], [0.32881452650076615, 0.2080569503082313, 0.1867687348307542, 0.2763597882602484], [0.3099662019007452, 0.20068883594817466, 0.3167078745539, 0.17263708749718018], [0.37283101118604783, 0.2978293254997131, 0.18248943710753168, 0.14685022610670742], [0.36314621564094673, 0.28779774901373123, 0.17767675219189571, 0.17137928305342634]], "ideal": "C", "sampled": "C", "correct": true}}
{"type": "result", "data": {"idx": 6, "options": ["it was stripped away by the magnetic field when it rapidly decreased in strength", "it was broken into hydrogen and oxygen by ultraviolet light and the hydrogen was lost through thermal escape", "it was consumed by a civilization of thirsty Martians", "it was vaporized during a period of intense volcanism and was lost to space through thermal escape"], "probs": [[0.186190604116075, 0.17585722920456512, 0.11001489384973305, 0.5279372727296269], [0.2642742097113503, 0.2850037812901642, 0.3571606278062334, 0.09356138109225214], [0.12707818026606207, 0.1113599803693984, 0.44401751618182717, 0.31754432308271235], [0.10859465597974112, 0.10497996210002142, 0.4749269484998706, 0.31149843332036686], [0.26415571370943525, 0.4043955176336823, 0.24668887071311568, 0.08475989784376677], [0.1609076285336583, 0.20557479864649786, 0.12274080696578483, 0.510776765754059], [0.2225753847162565, 0.15839499041601235, 0.11229556973087833, 0.5067340550368528], [0.31224582061395606, 0.22151565879626708, 0.3720078821407464, 0.09423063834903042], [0.2406170994262508, 0.14705247781091238, 0.2016712577194407, 0.4106591649433961], [0.22962919681073116, 0.16255960872456227, 0.49597720808859375, 0.11183398627611282], [0.4418861600455289, 0.29387673951635057, 0.16666787985288278, 0.09756922048523775], [0.35688837827319775, 0.2913572446508332, 0.13088618022554305, 0.22086819675042602], [0.10756722091552806, 0.19506606457666953, 0.3473040759216142, 0.3500626384861882], [0.0916363339765972, 0.1658947392787176, 0.42501326310914117, 0.317455663535544], [0.14111942051429993, 0.30196678635438584, 0.16450998185420024, 0.392403811177114], [0.13871652506617702, 0.4079690161521616, 0.3424671743080506, 0.11084728437361076], [0.12547710349680236, 0.2696944434716652, 0.1546719498081515, 0.45015650312338096], [0.13235475220217047, 0.42926153856143423, 0.3298414671824456, 0.10854224195394972], [0.39561097631041925, 0.20862256856791409, 0.309441139981763, 0.08632531503990368], [0.21138504775392286, 0.14901625062573656, 0.12557645515069635, 0.5140222463696442], [0.5127942790827383, 0.2503926865681664, 0.152571550856393, 0.08424148339270227], [0.42061936224338276, 0.25378226853183844, 0.12268739754690619, 0.20291097157787258], [0.22968456831317766, 0.14216311698216488, 0.17997132776282562, 0.44818098684183183], [0.24248245581513841, 0.155578620052796, 0.480090980477031, 0.12184794355503455]], "ideal": "B", "sampled": "D", "correct": false}}
{"type": "result", "data": {"idx": 7, "options": ["Lunar rocks are composed of fragments pulverized by many impacts.", "Radioactive dating of lunar samples shows that they are older.", "The Moon's surface is more heavily eroded than the Earth's surface.", "The Moon's surface has more impact craters than the Earth's surface."], "probs": [[0.1697005753094045, 0.24378740421796688, 0.14420062087225416, 0.44231139950037446], [0.15099419876904627, 0.2006897658011758, 0.48088339682901265, 0.16743263850076523], [0.10933670156093242, 0.1056304475791075, 0.5437914010981258, 0.24124144966183425], [0.09096337717961674, 0.09219572544260426, 0.4347002680827831, 0.38214062919499586], [0.14909699178463795, 0.239120396882255, 0.48225996506308666, 0.12952264617002038], [0.14442816913278672, 0.24696310782060665, 0.12465502039791651, 0.48395370254869013], [0.16883913667781153, 0.15049489882588757, 0.13680381663850386, 0.5438621477577971], [0.14205860023444683, 0.14576074913953713, 0.5630899238944205, 0.14909072663159553], [0.1486988812536314, 0.13056369124537412, 0.151125162824777, 0.5696122645762175], [0.1420318846541539, 0.12660979468690092, 0.5457387240735101, 0.1856195964854351], [0.20905593035514727, 0.511044859835065, 0.14495396612625167, 0.1349452435835361], [0.22706029018428436, 0.4822829426553572, 0.12450433703789339, 0.166152430022465], [0.10163385129301995, 0.12220676788389963, 0.5095908869110473, 0.26656849381203307], [0.06967851085317027, 0.09707057163954207, 0.5319074629567984, 0.3013434544504893], [0.13019333293501967, 0.2721814411538812, 0.11873133782110903, 0.47889388798999005], [0.12299879627182714, 0.2337460656973067, 0.4540773602316108, 0.18917777769925534], [0.098781942575367, 0.40478151731033324, 0.12207481917952538, 0.37436172083477437], [0.10687740015174534, 0.36233478791605056, 0.4134409386411351, 0.117346873191069], [0.20371424542672048, 0.14972082822849728, 0.509743258015702, 0.13682166822908026], [0.1691095033384281, 0.126315053500566, 0.11920128406282493, 0.5853741589981809], [0.3212617480997636, 0.4335402443663969, 0.11560288587261527, 0.12959512156122427], [0.31591125848842705, 0.41617330284467047, 0.10678693491960213, 0.16112850364730033], [0.15524564913218936, 0.11159640715789045, 0.1567022823639314, 0.5764556612459888], [0.15221593236044587, 0.11354035476325085, 0.6040028513066814, 0.13024086146962183]], "ideal": "B", "sampled": "D", "correct": false}}
{"type": "result", "data": {"idx": 8, "options": ["Iron", "Hydrogen", "Methane", "Helium"], "probs": [[0.11415637773274397, 0.5359523772072005, 0.050257271889996846, 0.2996339730700587], [0.11687163126865621, 0.3918032552105493, 0.4173438170239719, 0.07398129639682259], [0.07496483511525519, 0.08755874502440777, 0.5489305771497728, 0.2885458426105642], [0.0856055877001397, 0.0882975270526836, 0.25117506451590654, 0.5749218206312702], [0.14613753664624773, 0.2621828932960625, 0.493904743248788, 0.09777482670890178], [0.1422672180873172, 0.28273199164294593, 0.059732741324069784, 0.5152680488456671], [0.20812070987887302, 0.1595049994876918, 0.07654182840242972, 0.5558324621310055], [0.14543472960594966, 0.13966964945523322, 0.6316817668806712, 0.08321385395814586], [0.21691830938937887, 0.16239482525739707, 0.09698399372138294, 0.5237028715318411], [0.12126617042054402, 0.10698760965150912, 0.6983728356082273, 0.07337338421971958], [0.07158393118774589, 0.8539206034837332, 0.0368779062977176, 0.037617558930803326], [0.06458044099594397, 0.8597695890682188, 0.03596680265280652, 0.03968316718303076], [0.050864879226310125, 0.11632793438883603, 0.5772934576935949, 0.2555137285912589], [0.04917647212777903, 0.11341315898378736, 0.3491523821378707, 0.4882579866505629], [0.05752938475936256, 0.669654694751746, 0.051196350014901006, 0.22161957037399047], [0.06119093298300139, 0.48178225750873704, 0.3899790048209264, 0.06704780458733514], [0.06091398145714789, 0.49113593651151954, 0.054195346149026394, 0.39375473578230613], [0.06924691153738205, 0.2533265985790871, 0.6077505440067053, 0.06967594577682552], [0.20406939710814784, 0.09702713411135334, 0.637853727524773, 0.06104974115572584], [0.229167508636977, 0.07736867006878988, 0.04172499151548344, 0.6517388296787497], [0.17927245927502442, 0.7322466427267983, 0.04001979186745476, 0.0484611060307225], [0.15754502869884146, 0.7526871610119935, 0.037152040204031886, 0.05261576998513309], [0.21826502841215972, 0.07425833548055334, 0.05646212440508829, 0.6510145116021987], [0.14198598740273147, 0.07835910731229383, 0.7206362130730655, 0.05901869211190923]], "ideal": "D", "sampled": "B", "correct": false}}
{"type": "result", "data": {"idx": 9, "options": ["Near-Earth asteroids gradually disintegrate and spread out along their orbital path. When the Earth passes through the orbit of an asteroid we are bombarded by sand-sized particles which cause a meteor shower.", "Near-Earth asteroids disintegrate as they enter Earth's atmosphere creating hundreds of bright meteors that appear to radiate from a single location in the sky.", "The nuclei of comets disintigrate as they enter Earth's atmosphere creating hundreds of bright meteors that appear to radiate from a central location in the sky.", "The nuclei of comets gradually disintegrate and spread out along the comet's orbital path. When the Earth passes through the orbit of a comet we are bombarded by sand-sized particles which cause a meteor shower."], "probs": [[0.4354853072037738, 0.1868030019333121, 0.19017197546416337, 0.18753971529875071], [0.3961875916267342, 0.2148645157937562, 0.1662079791198468, 0.22273991335966276], [0.49934729932635635, 0.22586837552503825, 0.14267564458161505, 0.13210868046699034], [0.4746724614228031, 0.20814412425618772, 0.20985117156909128, 0.10733224265191786], [0.42021373536279394, 0.32051089880406836, 0.1164536195348518, 0.14282174619828591], [0.4829825172547801, 0.3029238400797807, 0.09783134770420304, 0.11626229486123618], [0.31312049079382764, 0.3510819709633898, 0.14094515583408407, 0.19485238230869853], [0.27230746362786745, 0.25332693017950375, 0.3020292312209543, 0.17233637487167447], [0.24674334384288557, 0.2175305122655504, 0.2777354634205285, 0.2579906803710355], [0.20813464806182064, 0.16980069620996402, 0.42854216051968846, 0.1935224951085269], [0.32348063825919443, 0.41389325565351603, 0.1500647377077535, 0.11256136827953603], [0.3088323313657113, 0.44777913898724947, 0.12441868889959316, 0.11896984064744605], [0.32729271538699106, 0.3557282440862207, 0.1669263566405495, 0.15005268378623868], [0.29319435136668726, 0.30415668853939315, 0.29793855322944063, 0.10471040676447893], [0.18829383795884094, 0.16491321464826061, 0.3640659315847544, 0.28272701570814396], [0.20823083256624764, 0.15713944241946612, 0.4527256392708231, 0.1819040856434631], [0.2593283172882293, 0.5074271786045469, 0.13683716073026037, 0.0964073432769634], [0.2536034806235304, 0.536281450448009, 0.08910346509806971, 0.12101160373039092], [0.4339724843361995, 0.18203062088502994, 0.15113264545974747, 0.23286424921902305], [0.5249636690544093, 0.216102269030325, 0.12641113806874352, 0.13252292374652222], [0.5084315462135737, 0.17253920177076618, 0.17802640528647423, 0.14100284662918597], [0.5474942489164222, 0.1756518088299757, 0.15873894566912372, 0.11811499648447836], [0.5618399851541158, 0.20929204947735952, 0.11306111260726438, 0.11580685266126028], [0.5529716445557145, 0.1763053334684099, 0.11477397039058543, 0.15594905148529023]], "ideal": "D", "sampled": "D", "correct": true}}
{"type": "result", "data": {"idx": 10, "options": ["Radiation pressure from the Sun's light pushes the ions away.", "The conservation of the angular momentum in the tail keeps it always pointing away from the Sun.", "The ions are following Keplerian orbits that lead away from the Sun.", "The solar wind electromagnetically \"blows\" the ions directly away from the Sun."], "probs": [[0.3565407288748896, 0.3529918982334035, 0.1352286149358044, 0.15523875785590252], [0.3539564337522217, 0.39396629027037744, 0.15944698570152316, 0.09263029017587772], [0.2698194344098842, 0.14200372780923995, 0.4418472879407931, 0.14632954974008275], [0.32867738111491357, 0.16003119705460744, 0.2346903199513957, 0.2766011017790833], [0.3437309069209557, 0.23566081329792937, 0.31293786501550136, 0.10767041466561356], [0.3002770289519713, 0.18481967126696358, 0.15807883675423245, 0.3568244629268327], [0.34041345116072186, 0.3790109157183245, 0.12514919041335787, 0.15542644260759578], [0.33878886191453883, 0.3982476234298912, 0.1742812368951616, 0.0886822776604084], [0.3221483086257156, 0.2279922711028629, 0.2651393294752045, 0.184720090696217], [0.31758612864397234, 0.26453784499708655, 0.29390699106357415, 0.12396903519536694], [0.3500604770700537, 0.41813213739987537, 0.13496033242662697, 0.09684705300344394], [0.34485397767117143, 0.4181184892867659, 0.1210493481350891, 0.11597818480697353], [0.26986143392399586, 0.2199519905220854, 0.346858476765912, 0.16332809868800674], [0.30930920510449783, 0.25417172148750483, 0.21918623984093347, 0.21733283346706386], [0.3074195728504138, 0.31194824442051045, 0.20977916133957145, 0.17085302128950425], [0.2931524173152487, 0.347436214241865, 0.23945732055508656, 0.11995404778779975], [0.33792895075279766, 0.27349075672275774, 0.15835113821830338, 0.2302291542061412], [0.29816016551850855, 0.28171357509656925, 0.2892293929764482, 0.13089686630847402], [0.3833944086825589, 0.15461325183117247, 0.3464429572938255, 0.11554938209244306], [0.3421135101325012, 0.12981920523325224, 0.17733184294112733, 0.3507354415931192], [0.4214292575848708, 0.3460203850212208, 0.13050391685385185, 0.10204644044005658], [0.4178153921057957, 0.33478737858837493, 0.12440489979901215, 0.12299232940681717], [0.3707807902504644, 0.1439561375242142, 0.1777666184461178, 0.3074964536792036], [0.3149305173398347, 0.14392433426874096, 0.41123422447110936, 0.12991092382031497]], "ideal": "D", "sampled": "B", "correct": false}}
{"type": "result", "data": {"idx": 11, "options": ["By observing the duration of a solar eclipse.", "By measuring the size of Earth's shadow on the Moon in a lunar eclipse.", "By comparing the maximum altitude of the Sun in two cities at different latitudes at the same time on the same day.", "By sending fleets of ships around Earth."], "probs": [[0.055157307118940235, 0.07541045489592406, 0.8216497836062477, 0.04778245427888796], [0.054649994382571364, 0.06542391402466421, 0.06158345633408893, 0.8183426351586754], [0.03439653458532551, 0.854162078653195, 0.06810308576938505, 0.04333830089209437], [0.03290887676529241, 0.8622871590074523, 0.054409280085391774, 0.05039468404186348], [0.04633271372971835, 0.055481002349234, 0.11219013606592576, 0.7859961477551218], [0.03413786891377734, 0.05755383778028601, 0.8568504238844074, 0.05145786932152927], [0.06402783834615444, 0.08362937938521002, 0.7976850595579451, 0.05465772261069042], [0.057864437227679984, 0.061650598670508296, 0.059879945886257994, 0.8206050181155538], [0.04948547614872621, 0.8389510105219351, 0.06901977621350502, 0.04254373701583368], [0.04563044587649579, 0.8429416198010441, 0.06024196640136275, 0.051185967821097376], [0.05857762846526119, 0.05687244011677959, 0.09759854778859743, 0.7869513835293618], [0.05043345783208861, 0.06793774045208474, 0.8254770789490143, 0.05615172266681232], [0.7789639407875891, 0.11703730635003053, 0.05869408454965409, 0.04530466821272623], [0.7336388284250505, 0.12685689423348195, 0.05656474125240402, 0.08293953598906353], [0.784158021723368, 0.11152015954928401, 0.05908055010292145, 0.04524126852442652], [0.742807447836028, 0.11976302413934892, 0.06097334622727058, 0.0764561816973524], [0.7369886259590298, 0.11696572204152496, 0.06959919838206953, 0.07644645351737564], [0.757081190795112, 0.11826691466926371, 0.06766893537529177, 0.05698295906033241], [0.04948105050406641, 0.08478578513677731, 0.08367102932196331, 0.782062134937193], [0.03935917416529839, 0.09580383488950377, 0.8064072792206456, 0.058429711624552294], [0.05028728898860937, 0.09244426580007496, 0.0688813644659539, 0.7883870806453618], [0.042639453118647856, 0.08955557676833714, 0.8149028449990897, 0.0529021250139253], [0.02050597327401181, 0.8989201059965465, 0.044184798812125274, 0.03638912181731646], [0.019389754701043184, 0.9051589621767199, 0.04412436235602298, 0.031326920666214]], "ideal": "C", "sampled": "C", "correct": true}}
{"type": "result", "data": {"idx": 12, "options": ["a dwarf galaxy orbiting the Milky Way.", "the closest planetary nebula to the Earth.", "a bright star cluster discovered by Magellan.", "the outer arm of the Milky Way named after Magellan."], "probs": [[0.8306134032889059, 0.06173328824717543, 0.04104452426900333, 0.06660878409491533], [0.8479613570295997, 0.0547477002236753, 0.03188615109519094, 0.06540479155153396], [0.8455208602113461, 0.0679279794321676, 0.030339692010972495, 0.05621146824551382], [0.846902320567955, 0.0654360183992828, 0.03135259706122995, 0.05630906387153219], [0.8434151065523945, 0.06265773065231699, 0.02887303467917898, 0.06505412801610955], [0.8391182781284127, 0.06382192199021167, 0.03081434538043218, 0.06624545440094345], [0.14559886400431488, 0.6461693288547836, 0.07513075601045334, 0.13310105103044811], [0.11812907591242534, 0.7110004358027985, 0.05682320570550404, 0.1140472824792721], [0.05987654186324431, 0.08036456911544883, 0.7722780021370773, 0.08748088678422959], [0.042427557567347327, 0.05515953522693722, 0.06997742227358802, 0.8324354848321274], [0.06609415213032624, 0.08391820576008754, 0.7405604664199047, 0.10942717558968154], [0.03660259309288826, 0.04944932474608878, 0.06179686000971203, 0.8521512220513109], [0.05308382466462289, 0.8556430147706472, 0.036297726561275424, 0.05497543390345447], [0.05202868522151303, 0.8523767494409864, 0.04126986069635521, 0.05432470454114533], [0.06264054587928257, 0.08085101601116934, 0.7769905096412403, 0.07951792836830776], [0.041306501695844204, 0.051630492408094704, 0.07084877439152369, 0.8362142314045374], [0.044067998579625345, 0.07360285826168397, 0.8081967944173382, 0.07413234864135253], [0.0483810322974247, 0.06746494492916244, 0.072115932422835, 0.8120380902505778], [0.10882858160635682, 0.7536601486065472, 0.04691529313977829, 0.09059597654731769], [0.1046130033304835, 0.7537100651274939, 0.055254707714815665, 0.08642222372720691], [0.10298855448246451, 0.0956487194256394, 0.6674969096187293, 0.13386581637316683], [0.05600007375514955, 0.05799311155975583, 0.06916936640873346, 0.8168374481763612], [0.062351129925111055, 0.0785830412527467, 0.7672317941889993, 0.09183403453314287], [0.0700282648093611, 0.07031540269217036, 0.07062071253834586, 0.7890356198601227]], "ideal": "A", "sampled": "A", "correct": true}}
{"type": "result", "data": {"idx": 13, "options": ["Actually water-ice is all over Mercury and not just at the poles.", "The pole is the only place fortunate enough to have had comet impacts", "Radar from the earth can only see Mercury's poles.", "These craters contain the only permanently shadowed regions on Mercury"], "probs": [[0.07227221714119111, 0.09311464219843082, 0.08076460478173332, 0.7538485357786447], [0.07773474039668224, 0.12356293928137865, 0.7190239093805252, 0.07967841084141394], [0.07464008199362787, 0.08295229261922472, 0.10467174137093382, 0.7377358839162136], [0.08426617273440597, 0.10447882348324491, 0.7330387397801693, 0.07821626390217983], [0.1381570301125261, 0.6664926061296278, 0.10880771683587277, 0.08654264682197331], [0.1632170552331466, 0.6534289218342876, 0.09639573984963952, 0.08695828298292631], [0.0804351854179058, 0.06863979147224984, 0.0914029539821096, 0.7595220690277348], [0.08287855977885679, 0.08776617088925893, 0.7723667119296939, 0.056988557302190365], [0.09445438673824838, 0.0933410241114292, 0.0732291128149283, 0.7389754762353941], [0.12154660101032873, 0.1107948770085596, 0.6977922163699399, 0.06986630551117178], [0.16934105247529546, 0.6659027734954007, 0.10144198382549385, 0.06331419010380991], [0.17145894849356683, 0.6744391472210383, 0.09881178509525304, 0.055290119090141844], [0.07242077561331985, 0.06226341775083993, 0.10817648429021118, 0.7571393222456291], [0.0714290578378974, 0.07517081386334781, 0.785518455642611, 0.06788167255614372], [0.07632223174752466, 0.10048821118266883, 0.06910822230892712, 0.7540813346608793], [0.10441170787380655, 0.13306215602411614, 0.6791642408759363, 0.08336189512614106], [0.18451296731435984, 0.6361722755936707, 0.10565825235805563, 0.0736565046339138], [0.16494494429153395, 0.6233120467142013, 0.11381134220100765, 0.09793166669325716], [0.7539072001647444, 0.1068096165855422, 0.08321202420445821, 0.05607115894525509], [0.7305923106276212, 0.11465162977299913, 0.09211947032867199, 0.06263658917070766], [0.7031879090257102, 0.1348668684998467, 0.0988620630873994, 0.06308315928704372], [0.7016097358777589, 0.13344642618041738, 0.0979109115645049, 0.06703292627731879], [0.7769322134060952, 0.10905550053556658, 0.06573395209994129, 0.048278333858396985], [0.7281057292098795, 0.11572927321624742, 0.0903468660200704, 0.0658181314538027]], "ideal": "D", "sampled": "D", "correct": true}}
{"type": "result", "data": {"idx": 14, "options": ["Virgo", "Laniakea", "Sculptor", "Bo\u00f6tes"], "probs": [[0.07479351841797245, 0.8561028336932051, 0.03391917087453232, 0.03518447691429017], [0.08430759145507667, 0.8388045114529286, 0.03564720720003533, 0.041240689791959384], [0.056071891957339075, 0.09069243750043443, 0.8080528913520396, 0.045182779090186864], [0.03742824964595229, 0.056009744817632115, 0.04057736427691694, 0.8659846411594987], [0.049063166563639925, 0.08381494446061385, 0.8263339707298502, 0.04078791814589608], [0.039370331997319284, 0.049256586579043526, 0.048367002070858, 0.8630060792527792], [0.9148255517549505, 0.03936848759728013, 0.020244171690077452, 0.025561788857691933], [0.920123060769906, 0.035241784877231196, 0.019127053318640026, 0.025508100934222757], [0.9110668729116734, 0.04076232791600159, 0.022314414372021998, 0.02585638470030303], [0.9149294630583089, 0.03641381676284968, 0.01946298307451335, 0.029193737004328098], [0.9190880991448683, 0.03465369393202448, 0.020979406218795786, 0.02527880060431142], [0.9153154797675017, 0.03559134414985097, 0.02056377315765591, 0.028529402824991366], [0.05282927205575822, 0.09833926523351631, 0.804222211082655, 0.04460925152807039], [0.036123357844180165, 0.058895580684075556, 0.03623245297096612, 0.8687486084007782], [0.06337862012574416, 0.8608233914570809, 0.04147813547701391, 0.034319852840161064], [0.06468325230054839, 0.8517960259385098, 0.038541523316727014, 0.04497919834421478], [0.030932547195553047, 0.05895704305786697, 0.08102002139358136, 0.8290903882529986], [0.04158355388931848, 0.09044422346940686, 0.8246243042298655, 0.04334791831140913], [0.05050400324194222, 0.0863346700742583, 0.8181193548068767, 0.04504197177692277], [0.0401159065887179, 0.0555578602628624, 0.03929984452033899, 0.8650263885280807], [0.06735647000042008, 0.8461860764225282, 0.045470321547064756, 0.040987131929986965], [0.06084639737118575, 0.8463475328002638, 0.041391757460799816, 0.051414312267750666], [0.0321574706157819, 0.05496682410398838, 0.09691306527560986, 0.8159626399046198], [0.04565217262082349, 0.0817162222675317, 0.8242958113212204, 0.04833579369042437]], "ideal": "B", "sampled": "B", "correct": true}}
{"type": "result", "data": {"idx": 15, "options": ["Venus", "Mars", "Jupiter", "Saturn"], "probs": [[0.01559078725585947, 0.0612111850688624, 0.8783580984917735, 0.04483992908350459], [0.018509299768748867, 0.049257183561975205, 0.06825343277216041, 0.8639800837971156], [0.01967755993150117, 0.9226020774443082, 0.026931994369473734, 0.030788368154716854], [0.01864199409603895, 0.9299540865219295, 0.028686593421160745, 0.0227173258608708], [0.019988223944467143, 0.07271411214864983, 0.05066695917638905, 0.856630704630494], [0.017987408747256864, 0.08645271247055378, 0.8594604017914648, 0.03609947689072458], [0.016271781114084373, 0.04565814119993237, 0.8954502309877899, 0.042619846598193366], [0.0180341715279173, 0.03706542436369559, 0.09017440597827156, 0.8547259980301155], [0.02081569718557153, 0.924164561064946, 0.02167807956353843, 0.033341662085943996], [0.01660247060328626, 0.9388443933091185, 0.025545552900718624, 0.019007583086876594], [0.030287150911116285, 0.08379299364467026, 0.02848902216525702, 0.8574308331789564], [0.019102002379150173, 0.08100981611549218, 0.8711680546218432, 0.028720126783514426], [0.9383407291788335, 0.031142937438652016, 0.014718263506080322, 0.015798069776434148], [0.9421717076078784, 0.03102398329828463, 0.015013610229542297, 0.011790698764294708], [0.9355965421310397, 0.03357129230559791, 0.013261140557506835, 0.01757102490585558], [0.9412772531881023, 0.03148071253353568, 0.016090526121818185, 0.011151508056543816], [0.9364913360926164, 0.038072715058062305, 0.01266685920267589, 0.012769089546645468], [0.9402474671913262, 0.036186290993280155, 0.01301961648626233, 0.01054662522913127], [0.030030336580367144, 0.043150266320679705, 0.06262725276071932, 0.8641921442382339], [0.027381379436156175, 0.05938020750139955, 0.8788116065965208, 0.03442680636592345], [0.03725579338979923, 0.05029020029224244, 0.0299887728289838, 0.8824652333889745], [0.02568132726050915, 0.05705794148893964, 0.88470378852867, 0.0325569426218812], [0.030225497805814704, 0.9291175335708103, 0.018663492712386646, 0.021993475810988386], [0.029168675806014864, 0.932771061743318, 0.01902775537135743, 0.019032506979309655]], "ideal": "C", "sampled": "C", "correct": true}}
