{"type": "result", "data": {"idx": 0, "options": ["inflation had already impacted the economy before the fiscal stimulus.", "the economy initially had some unemployed resources.", "aggregate supply decreased.", "aggregate demand is steeply sloped."], "probs": [[0.18925120296664752, 0.40745717834587225, 0.16254404706855113, 0.24074757151892906], [0.1941142827078301, 0.36002632971978044, 0.30440381166275116, 0.14145557580963833], [0.12015970408190832, 0.15960926291566202, 0.5184430633992987, 0.20178796950313097], [0.1408692833251773, 0.17448275499613286, 0.2373092217218843, 0.4473387398568055], [0.14739922738391706, 0.21650438853410314, 0.4829701636853593, 0.15312622029662054], [0.16064337373090815, 0.21998941061649468, 0.16648702817941877, 0.4528801873731784], [0.37895317732618056, 0.17620618114479092, 0.20500929040619173, 0.23983135102283681], [0.37423937201807855, 0.16723766178772856, 0.31859882106868004, 0.13992414502551287], [0.4077365519514208, 0.21149473520472875, 0.14574230150143122, 0.2350264112424193], [0.4311212984298853, 0.2132515054654766, 0.19931102088881392, 0.1563161751158242], [0.46323963304834986, 0.2614173849944513, 0.14262322867541974, 0.1327197531817791], [0.43838043322889425, 0.24750974019405947, 0.155287166081849, 0.15882266039519727], [0.1210096534815172, 0.11311939934077068, 0.5867650420859045, 0.17910590499180756], [0.1398447260005049, 0.12571501177149116, 0.31438722565511334, 0.4200530364728906], [0.229358032322836, 0.3815974592780939, 0.15815593300668349, 0.2308885752923866], [0.23029090344336864, 0.40760778826021765, 0.20069473685968084, 0.16140657133673286], [0.16245177144494702, 0.177296695433758, 0.14958058073245883, 0.5106709522888361], [0.1510148472781734, 0.16230229789925382, 0.5222524326181828, 0.16443042210439002], [0.16889300311556563, 0.11453368086959682, 0.5799549601408927, 0.13661835577394485], [0.1867856275875113, 0.12182060900201483, 0.22275011737093814, 0.4686436459395357], [0.31595886692102804, 0.34431533048033713, 0.1791144215617601, 0.16061138093687471], [0.2933854329269353, 0.3566454489181972, 0.1742057573231109, 0.17576336073175652], [0.20408547834883392, 0.15311626282813015, 0.1582634072561284, 0.4845348514669075], [0.1956414758313976, 0.15143802986177424, 0.4870809686751995, 0.16583952553162865]], "ideal": "B", "sampled": "B", "correct": true}}
{"type": "result", "data": {"idx": 1, "options": ["II III and IV only", "I and III only", "II and IV only", "III and IV only"], "probs": [[0.23873330294586098, 0.25499116991903803, 0.2702725787149914, 0.2360029483201096], [0.23767508136377086, 0.2620339510491993, 0.2777778034131121, 0.22251316407391775], [0.2089364056936424, 0.25702925065744087, 0.2766628430008101, 0.2573715005481066], [0.21732251020102297, 0.2759860712611946, 0.27241950818527216, 0.23427191025251026], [0.22426521441682826, 0.3101581884586867, 0.23666445555906468, 0.22891214146542035], [0.2227949814867937, 0.2829089375234562, 0.2522174307613753, 0.24207865012837482], [0.20444823190169792, 0.26157041601991354, 0.30471812767563483, 0.22926322430275367], [0.20282606476266374, 0.26996084642749246, 0.29777356535536215, 0.22943952335448167], [0.2163437785937178, 0.18880301993393875, 0.3151802467266486, 0.2796729546456948], [0.2290173802894424, 0.21418460030477093, 0.2515078224214909, 0.30529019688429576], [0.20758132634471274, 0.24570055303500787, 0.2885642349431437, 0.25815388557713564], [0.20877319015441115, 0.24500058194037638, 0.2403707909509431, 0.30585543685426936], [0.23362658817974494, 0.24966190750855471, 0.264636949550686, 0.2520745546610143], [0.22554316632622337, 0.2338066652394972, 0.31566001392694837, 0.22499015440733106], [0.21941643114925002, 0.19909625346744647, 0.3271700240991182, 0.2543172911841853], [0.2227601839534315, 0.21169483431218084, 0.23893234065362684, 0.3266126409807608], [0.24622800966256192, 0.22156945038192377, 0.2787902486766588, 0.2534122911788555], [0.2183105614814815, 0.21567980621565566, 0.22516280074903602, 0.34084683145382677], [0.2261548455406346, 0.2654423971887864, 0.26439231237520844, 0.24401044479537054], [0.21081100088021562, 0.240024786567158, 0.30691191093666015, 0.24225230151596622], [0.21126837396689435, 0.22230167022205619, 0.31764625553154646, 0.24878370017950296], [0.20633530614696902, 0.21868532893855017, 0.21281424162643892, 0.3621651231880419], [0.22548963799277008, 0.1952507702885752, 0.30123154223623205, 0.27802804938242265], [0.19292663610813862, 0.18620817916343713, 0.24586094156014826, 0.37500424306827596]], "ideal": "D", "sampled": "A", "correct": false}}
{"type": "result", "data": {"idx": 2, "options": ["The price level rises but real GDP falls.", "Both the price level and real GDP rise.", "The price level rises but the change in real GDP is uncertain.", "Real GDP rises but the change in the price level is uncertain."], "probs": [[0.23942720530876554, 0.3913994372781206, 0.22055436339923026, 0.14861899391388358], [0.23645650200351578, 0.3835342285180148, 0.23550734272490262, 0.14450192665356681], [0.20899569519018993, 0.15290626540205576, 0.524450707581705, 0.11364733172604931], [0.2248444921997201, 0.168438886638692, 0.18135411085920297, 0.4253625102023849], [0.19358764009960852, 0.14615597883920678, 0.5464125112221847, 0.11384386973900001], [0.2251709982629552, 0.16998764393940283, 0.18881894281519396, 0.416022414882448], [0.4418971870757003, 0.22163590955688042, 0.188882101225913, 0.14758480204150629], [0.42295191777208246, 0.2154639117741929, 0.21807286656376626, 0.14351130378995836], [0.46461828153797147, 0.21222178003389006, 0.18945262759660705, 0.13370731073153144], [0.47694080490015867, 0.21445666143711653, 0.18556740985688014, 0.12303512370584468], [0.4369624126425798, 0.23153772257820862, 0.19117645347660972, 0.14032341120260183], [0.4511137037354382, 0.22819064685264306, 0.1769007785798568, 0.14379487073206196], [0.20257524257586934, 0.1747008762989842, 0.49287743840287973, 0.12984644262226672], [0.1990666180928178, 0.18133438581398598, 0.17227911434003154, 0.44731988165316466], [0.23762881325620025, 0.4238185177536511, 0.19324620930018685, 0.14530645958996183], [0.25260044992720304, 0.42310823094600253, 0.2021550743606409, 0.12213624466615354], [0.21403770146613743, 0.20918522773081336, 0.17813661692745306, 0.39864045377559615], [0.1863752440446859, 0.15466354670569743, 0.5385091264118487, 0.12045208273776797], [0.1894894773840426, 0.15604095856958183, 0.5309263108553879, 0.12354325309098772], [0.2415701900735213, 0.1782681537528492, 0.19798808107851446, 0.38217357499511506], [0.23934338271181327, 0.437007980392148, 0.1828339492247272, 0.1408146875713115], [0.2551158482378049, 0.4309176994839498, 0.18451864350315403, 0.1294478086750912], [0.22640638866525642, 0.19386058466103456, 0.17990406809724194, 0.3998289584764671], [0.1912419803522153, 0.14680564115115746, 0.5484331103071813, 0.11351926808944582]], "ideal": "D", "sampled": "B", "correct": false}}
{"type": "result", "data": {"idx": 3, "options": ["result in lower domestic prices.", "sometimes raise and sometimes lower the amount of the product sold domestically.", "lower the amount of the product sold domestically.", "raise the amount of the product sold domestically."], "probs": [[0.15910310736965855, 0.17555375213311075, 0.4279163202153132, 0.2374268201819175], [0.18005716947474792, 0.2066234494074602, 0.3225346563035581, 0.2907847247142338], [0.21117628877294026, 0.18432896936057308, 0.3812317180986474, 0.2232630236678392], [0.19431389287215764, 0.19072907592746446, 0.23355925874880096, 0.38139777235157696], [0.16251907514560412, 0.13440942162081196, 0.4171034804864291, 0.2859680226471548], [0.15414878265064894, 0.14555245202658043, 0.3628678809378903, 0.33743088428488033], [0.1653593704523471, 0.13150675005610618, 0.4116657787895206, 0.2914681006020261], [0.1888004577686064, 0.14440274866551064, 0.377640165193454, 0.28915662827242894], [0.24038923679828444, 0.38926924721242157, 0.1158038942326991, 0.2545376216565949], [0.22061711876297865, 0.280362461186662, 0.3597993307916039, 0.13922108915875542], [0.24407692943250542, 0.39840657096752174, 0.11669802217788973, 0.24081847732208309], [0.2188724577208038, 0.3277263044983248, 0.3174358009974617, 0.13596543668340969], [0.20479111371376618, 0.12976281343592966, 0.3782365917781248, 0.2872094809721793], [0.16565698013309874, 0.12088372286950318, 0.39302699875566277, 0.3204322981417353], [0.25553467486426923, 0.29998620894552197, 0.1567284888359863, 0.2877506272542225], [0.21906877725513393, 0.23044377219691495, 0.4079807637524802, 0.14250668669547092], [0.22923965626091097, 0.34305601373198397, 0.13737393242975815, 0.2903303974773469], [0.22601728475839658, 0.2551290132614504, 0.38299400181209703, 0.135859700068056], [0.16854559276939712, 0.12490253800050659, 0.42574639901877726, 0.280805470111319], [0.17085376851913847, 0.13373244500417644, 0.34930247963139344, 0.3461113067452916], [0.22233246264618564, 0.26524800059527087, 0.17514289913810246, 0.337276637520441], [0.20070650578696428, 0.2213444212458707, 0.4203123637753192, 0.15763670909184582], [0.2093004459350351, 0.34950248300499615, 0.14322834351845737, 0.29796872744151137], [0.20807779763396095, 0.26823995713770005, 0.37520106320210184, 0.14848118192623713]], "ideal": "C", "sampled": "B", "correct": false}}
{"type": "result", "data": {"idx": 4, "options": ["expansionary monetary policy.", "contractionary monetary policy.", "a depreciating dollar.", "fiscal policy designed to reduce the budget deficit."], "probs": [[0.23200328300058498, 0.2669788558964354, 0.32595335948257453, 0.17506450152040512], [0.21509008636007154, 0.23464349351070604, 0.20767103695263314, 0.34259538307658927], [0.20802083979143254, 0.2285780812790174, 0.37537786736709006, 0.18802321146245995], [0.20561360433470247, 0.20597196237089738, 0.2112097057849468, 0.3772047274094533], [0.16090454639091015, 0.14230187659932347, 0.4831361020062854, 0.213657474903481], [0.19733772875872194, 0.1515142298857715, 0.3561903184863825, 0.2949577227691241], [0.28350873511390684, 0.21901520105428413, 0.31753908165174405, 0.17993698208006498], [0.2539583184160893, 0.20109951793774905, 0.1939621447423173, 0.35098001880384433], [0.29797255989909677, 0.24705050883206833, 0.27017945048491443, 0.18479748068392046], [0.28097538413167833, 0.21235535495938318, 0.17502742296319723, 0.33164183784574125], [0.2238946307720777, 0.14146056137485788, 0.3980827451211255, 0.2365620626319389], [0.24631518123070906, 0.15197905896574387, 0.3200733363308314, 0.28163242337271566], [0.3204863416900574, 0.1812478777770928, 0.30699879385439394, 0.1912669865784558], [0.3289478865956683, 0.17216583364221627, 0.19401056439771816, 0.3048757152643973], [0.36672241038473513, 0.2189735355601315, 0.23021355612082212, 0.18409049783431122], [0.3390893536738411, 0.19641908415919074, 0.16972246258580814, 0.29476909948116004], [0.29068264310465397, 0.15697488039914365, 0.26568201390568824, 0.2866604624905142], [0.30501034852792486, 0.15236528216268858, 0.3014571964439296, 0.24116717276545696], [0.19676325333699263, 0.21153621917920928, 0.33649556321285856, 0.2552049641709396], [0.22472859096451184, 0.21971272584722912, 0.3159699831876088, 0.23958869990065018], [0.22379586098340348, 0.23867997524735698, 0.2777156829556269, 0.2598084807136127], [0.238881089100759, 0.2448625044320784, 0.26773460898897117, 0.2485217973781914], [0.207397115099595, 0.26453601917160613, 0.24166014428016694, 0.28640672134863193], [0.22455038462644, 0.26284745724623676, 0.2457421756400619, 0.26685998238726133]], "ideal": "B", "sampled": "C", "correct": false}}
{"type": "result", "data": {"idx": 5, "options": ["nominal GDP falls.", "the nominal interest rate falls.", "bond prices fall.", "the supply of money falls."], "probs": [[0.27621706082664665, 0.3686877323905018, 0.19369897868637997, 0.16139622799647158], [0.2803589147102454, 0.35166863127512665, 0.20282145144731312, 0.1651510024673148], [0.19892728631132656, 0.19909937981167952, 0.4272121233982523, 0.17476121037874157], [0.24143645935515803, 0.2452970818841409, 0.283763221361775, 0.22950323729892605], [0.2530919871510497, 0.2378487700306632, 0.33184298375144683, 0.17721625896684026], [0.2743962961995939, 0.27017342638989494, 0.1985547661798113, 0.2568755111306999], [0.5786100790361556, 0.16396598784729396, 0.14202987088110297, 0.11539406213544745], [0.5611776583562421, 0.17335138825788463, 0.1443866905935258, 0.12108426269234751], [0.5724880184031444, 0.194165262473557, 0.11739054495994375, 0.1159561740633548], [0.5591340743807225, 0.20349781516391283, 0.1309522558759667, 0.10641585447939798], [0.5740478508682669, 0.18153227861537471, 0.1253361357526128, 0.11908373466374551], [0.5900517105466162, 0.17798614500173263, 0.1328845769034062, 0.09907756744824502], [0.2228432247258004, 0.17939464632314778, 0.43921597841019333, 0.15854615044085849], [0.30774332006903604, 0.230640835460035, 0.2623308676913569, 0.19928497667957207], [0.31175563665358896, 0.39416642167698795, 0.1466442986176086, 0.14743364295181446], [0.3139269304866544, 0.39105462441326755, 0.15974858163564448, 0.13526986336443358], [0.3131579896416128, 0.2459556719096964, 0.21276260371297576, 0.22812373463571506], [0.24103022337619842, 0.19255206560808324, 0.40647680774667555, 0.15994090316904278], [0.2852099495064622, 0.22206775510969717, 0.32992144924200306, 0.16280084604183756], [0.32117491370021106, 0.236677947369239, 0.1971177903453427, 0.24502934848520724], [0.34593195637987056, 0.3324412207008025, 0.1692165482341977, 0.15241027458512924], [0.3589490300214604, 0.3394958922002582, 0.1715238217610881, 0.13003125591719328], [0.31866867771547264, 0.21723895743875216, 0.2131529247466971, 0.25093943999907814], [0.2503555752139608, 0.18047982721431027, 0.40582389240116556, 0.1633407050705633]], "ideal": "B", "sampled": "B", "correct": true}}
{"type": "result", "data": {"idx": 6, "options": ["means that no inferior products will be produced.", "implies that the economy's output is distributed evenly.", "means that those who work hardest will get more.", "implies that resources are used to produce the goods and services society desires in just the right amounts."], "probs": [[0.12201685439420605, 0.07470556793095069, 0.08543787659970138, 0.7178397009751418], [0.12957717573522046, 0.08324507685100868, 0.7229210787506267, 0.06425666856314413], [0.12203684175201895, 0.0702174364656601, 0.10635427891842797, 0.701391442763893], [0.13352040151395447, 0.07691052956388467, 0.7273743531246321, 0.06219471569752877], [0.23486480199270632, 0.6105508021024059, 0.08741355527601206, 0.06717084052887569], [0.2213202118652276, 0.6266455053656497, 0.07799945770914189, 0.07403482495998086], [0.11863974960512218, 0.08227194660961572, 0.08504738467720419, 0.7140409190080579], [0.1355401499690837, 0.09479385828803302, 0.7094708283949377, 0.06019516324794553], [0.11404657277779817, 0.07263251339191668, 0.1266553243372197, 0.6866655893930654], [0.12050308079571366, 0.0904371108219686, 0.7264532770884735, 0.0626065311938442], [0.18391746965884306, 0.663506532524729, 0.08860244186090684, 0.06397355585552111], [0.1764902064733342, 0.6673342138010698, 0.08436405846446648, 0.07181152116112952], [0.11016353629037061, 0.10526416096767763, 0.09450498574418205, 0.6900673168977697], [0.1260389392176852, 0.09920115059814691, 0.719206991418827, 0.055552918665340845], [0.10635203438982893, 0.08109142127094637, 0.12478323651446502, 0.6877733077247596], [0.11798324957937531, 0.10121907208287469, 0.7180101282317312, 0.0627875500060188], [0.1348513761455802, 0.7310313905405351, 0.07480629999164094, 0.059310933222243754], [0.14374901941932916, 0.714752882134524, 0.07973814336575241, 0.061759954980394424], [0.7876520566865258, 0.0952418049083227, 0.06466072389302556, 0.05244541441212587], [0.7881237716906708, 0.09530556023461319, 0.05891843774850008, 0.05765223022621594], [0.7781054202857627, 0.08181059176825121, 0.08136530037829304, 0.05871868746769301], [0.7683437270529088, 0.08600610197252302, 0.06819080916360336, 0.07745936171096482], [0.767253853208215, 0.08454200288942691, 0.08607033311055562, 0.06213381069180238], [0.7648868332072088, 0.08696016409242291, 0.07514857276079864, 0.07300442983956956]], "ideal": "D", "sampled": "D", "correct": true}}
{"type": "result", "data": {"idx": 7, "options": ["production within a nation's borders.", "production by a nation's citizens wherever they may be.", "income earned by the factors of production plus depreciation and indirect business taxes.", "(A) and (C)"], "probs": [[0.2376794307321837, 0.09048016705502891, 0.10726101349938985, 0.5645793886133975], [0.4587328330996967, 0.14582611293021155, 0.3180033791193492, 0.07743767475074251], [0.2151796397871371, 0.07817049219329825, 0.1135396156267216, 0.5931102522928431], [0.4144365992481092, 0.15040908416177326, 0.313216917635093, 0.12193739885502448], [0.48163021931870503, 0.22270557783155018, 0.20566396761840014, 0.09000023513134464], [0.4481046297055324, 0.24413730600401318, 0.1769916931962542, 0.13076637099420024], [0.22611984608296357, 0.14868876336518178, 0.11293947695556396, 0.5122519134962906], [0.23215401582850706, 0.5420185771206729, 0.153651354373266, 0.07217605257755405], [0.18492276163497431, 0.08558155169158504, 0.169886073821412, 0.5596096127520286], [0.2805888527087933, 0.1448422456458396, 0.2788296216970673, 0.29573927984829973], [0.24848577747968165, 0.1972035943847922, 0.43736625365065246, 0.11694437438487372], [0.23331203607276643, 0.19103599446752612, 0.20305527162258527, 0.3725966977371222], [0.20609172761347871, 0.09767951579723938, 0.12325225666993508, 0.5729764998193468], [0.31808562505427357, 0.18166945194883932, 0.34461058723209975, 0.15563433566478732], [0.1942585245008333, 0.09279339690477513, 0.18562018731153354, 0.5273278911828579], [0.2567583658551468, 0.14556753850863355, 0.24724929400667595, 0.3504248015295437], [0.30325306179671874, 0.28128833460317004, 0.21550400437464945, 0.19995459912546176], [0.17957069932898168, 0.15898589314462658, 0.16125232989211669, 0.500191077534275], [0.2425459397355345, 0.23608603284638702, 0.3918392774619008, 0.12952874985617768], [0.23427961764377023, 0.2771112322530201, 0.2900967895694553, 0.19851236043375442], [0.1745220921616701, 0.15346850910644394, 0.5568877623980986, 0.1151216362337873], [0.17667599457666827, 0.1615491114962014, 0.22383709405585347, 0.43793779977127684], [0.23500083123771517, 0.1895377494549645, 0.335064296758621, 0.24039712244869932], [0.12047075748291121, 0.11909236278890563, 0.16629407179840097, 0.5941428078297821]], "ideal": "D", "sampled": "A", "correct": false}}
{"type": "result", "data": {"idx": 8, "options": ["accounting cost", "switching cost", "inferior cost", "opportunity cost"], "probs": [[0.03781213393404507, 0.1108396322140866, 0.12070779250765402, 0.7306404412442143], [0.05022284129428012, 0.13319575585243928, 0.7445233588577125, 0.07205804389556814], [0.04177108468846625, 0.10722047249229145, 0.10466070628104121, 0.7463477364382011], [0.04752698434701424, 0.12696139726279, 0.7609429189343556, 0.06456869935584018], [0.031166136546943026, 0.8550304762836983, 0.0595653880400983, 0.054237999029260284], [0.033509316303835, 0.8500606390769514, 0.06454847440175648, 0.05188157011745712], [0.050450485912851825, 0.08840145387948949, 0.12450645865706528, 0.7366416014505934], [0.057068246593414015, 0.10818687644493635, 0.7642255227217182, 0.07051935413993138], [0.05291790161839648, 0.09419450943047551, 0.07443214979929524, 0.7784554390518328], [0.08148275132818597, 0.13208560349025106, 0.7144651848600436, 0.07196646022151934], [0.09759147155462934, 0.7097994405721864, 0.07480261063435435, 0.11780647713882991], [0.11143478752238628, 0.7259838471122878, 0.09816677035527946, 0.06441459491004643], [0.03621903358342682, 0.0758565502867395, 0.10276643282958457, 0.7851579832002491], [0.03773336540878029, 0.09173683957936174, 0.8125387550456211, 0.057991039866236875], [0.0413990166637699, 0.0821026184916155, 0.07764854968569629, 0.7988498150589183], [0.06000784739246026, 0.11451120588147529, 0.7590861859226639, 0.06639476070340056], [0.06866850060533991, 0.7657106036033036, 0.07182848559836227, 0.09379241009299427], [0.08055272937662719, 0.7802277439120332, 0.07662760693938993, 0.06259191967194963], [0.7211360984404175, 0.11070136062216425, 0.0682090674884139, 0.0999534733490044], [0.7168270562416846, 0.12267782158452818, 0.07619983184171163, 0.08429529023207552], [0.7164394561198884, 0.12362730740301692, 0.057512269786824284, 0.1024209665902705], [0.74185303182275, 0.12796603713988283, 0.07121615429476708, 0.05896477664260006], [0.7486731465058373, 0.12802483235527956, 0.04979982263692782, 0.07350219840195528], [0.7719129976745885, 0.11927990703045546, 0.05295269602717442, 0.05585439916778158]], "ideal": "D", "sampled": "D", "correct": true}}
{"type": "result", "data": {"idx": 9, "options": ["there is no cyclical unemployment.", "the inflation rate is zero.", "there is no structural unemployment.", "the nation is experiencing a recession."], "probs": [[0.32210690739828635, 0.17773090830846258, 0.17578886971470772, 0.32437331447854334], [0.3578899662385604, 0.17148166169664547, 0.33008672279186535, 0.14054164917292875], [0.33271619178430717, 0.18360742651165135, 0.16659770656055622, 0.31707867504348525], [0.3497140213412218, 0.16486186278786297, 0.3513001009858052, 0.13412401478511005], [0.4078074748223029, 0.27769355308059185, 0.16406226668730273, 0.15043670530980252], [0.4286233282097958, 0.29631645146736696, 0.15947343763917607, 0.11558678258366115], [0.30779377540233704, 0.25482086104052737, 0.17054847389388705, 0.2668368895632486], [0.3640109300249392, 0.25358477232304544, 0.24722716209800372, 0.13517713545401158], [0.29551623047047365, 0.19067941673581731, 0.218835590844653, 0.294968761849056], [0.337759002811556, 0.18625379264337857, 0.28584443242175034, 0.1901427720233151], [0.332412799193615, 0.23336424725808835, 0.30880465180156147, 0.1254183016467352], [0.3595935785653069, 0.28394628856046966, 0.20735588921882064, 0.1491042435554028], [0.31898508551596083, 0.20415760847925377, 0.18242539866379157, 0.29443190724099383], [0.33658780139651584, 0.1798032292631816, 0.33029229949275474, 0.15331666974754782], [0.29625838109098496, 0.16476067407984973, 0.2566269559416755, 0.2823539887874898], [0.3140655896080898, 0.1640217824424001, 0.31340552774240604, 0.20850710010710408], [0.36157040706921706, 0.24989848581740243, 0.24770522867034706, 0.14082587834303345], [0.3401060452732985, 0.237232092553974, 0.1931641428450918, 0.22949771922763565], [0.3935833157627594, 0.31305410521910965, 0.1570288640989135, 0.13633371481921747], [0.4035484489731429, 0.29910442981825164, 0.1660760964230448, 0.13127102468556065], [0.3775075786185525, 0.2196516310845197, 0.2838601852329882, 0.11898060496393956], [0.402832019415389, 0.24959669630400946, 0.2001652508847783, 0.14740603329582325], [0.4224305198705649, 0.2238076344619321, 0.20980002223539304, 0.14396182333210997], [0.4074071347306063, 0.22110192475492074, 0.18141719697091774, 0.19007374344355518]], "ideal": "A", "sampled": "D", "correct": false}}
{"type": "result", "data": {"idx": 10, "options": ["pay that amount to its trading partners.", "have a positive value of equal magnitude on its capital account.", "depreciate its currency.", "appreciate its currency."], "probs": [[0.3815533688977293, 0.18306873065199908, 0.28226943082979344, 0.15310846952047819], [0.2967227354837357, 0.2011848359922325, 0.2215018090160447, 0.28059061940798713], [0.4099669517161803, 0.2998251959355638, 0.13329269189235834, 0.15691516035589756], [0.44043083963300045, 0.30702559529269297, 0.15222600781405646, 0.10031755716025012], [0.3302234011691438, 0.2557791325658564, 0.15895451061057025, 0.2550429555544296], [0.26882504613020797, 0.23032876160438012, 0.3633105944237214, 0.13753559774169055], [0.252191118805488, 0.2603590708603653, 0.32022865649154286, 0.16722115374260382], [0.18892689692901735, 0.25673587960108274, 0.24757680677783667, 0.30676041659206327], [0.28607075551060884, 0.3048019616060046, 0.18687429465349492, 0.22225298812989158], [0.2876112630253447, 0.3113292614210087, 0.23011066478675243, 0.17094881066689416], [0.22569594602426124, 0.24296534825025187, 0.20479621870865222, 0.3265424869168347], [0.18462100783716257, 0.22865690842877268, 0.38105231946344253, 0.20566976417062222], [0.3401416140412408, 0.2820061360909822, 0.16747490560898606, 0.2103773441587909], [0.3464003179144142, 0.28267529393382895, 0.2620537261249799, 0.10887066192677693], [0.35230813476818756, 0.16915587093199128, 0.21937347110025215, 0.259162523099569], [0.35492758016993525, 0.1626001793758447, 0.3117961678132401, 0.17067607254097994], [0.3399354567774264, 0.3167784260906661, 0.2397044932558516, 0.10358162377605586], [0.37894260879541874, 0.35022628303840264, 0.12812069057137068, 0.14271041749480792], [0.22145420310666927, 0.2831211685851217, 0.17455047367257792, 0.32087415453563106], [0.20669720756881937, 0.2332243437351363, 0.43330278342648404, 0.1267756651695603], [0.19774585960318072, 0.14423845706927824, 0.22700859603995935, 0.4310070871875817], [0.18807303062854366, 0.1472164177501618, 0.4766033674328248, 0.18810718408846977], [0.18272945419160203, 0.5692315739511808, 0.14853853096473874, 0.09950044079247838], [0.18628858064617265, 0.5759539479595654, 0.10826106510623291, 0.12949640618802902]], "ideal": "B", "sampled": "C", "correct": false}}
{"type": "result", "data": {"idx": 11, "options": ["The cash you receive from babysitting your neighbor\u2019s kids", "The sale of illegal drugs", "The sale of cucumbers to a pickle manufacturer", "The sale of a pound of tomatoes at a supermarket"], "probs": [[0.29259090740762117, 0.16973882406030974, 0.2787356293299523, 0.25893463910211684], [0.27656793084072423, 0.16418863809153403, 0.3989255486559294, 0.16031788231181232], [0.3362254650357369, 0.22622048373733925, 0.16468010087214638, 0.27287395025477745], [0.40008376236979076, 0.24450602363603108, 0.24178592088742917, 0.11362429300674895], [0.38129423908669796, 0.2603214305283152, 0.18235706737730037, 0.17602726290768647], [0.3949824928094716, 0.2713018397909576, 0.22417664859700537, 0.10953901870256536], [0.23698610418134505, 0.162032174482119, 0.33146203054841794, 0.269519690688118], [0.23969412266178536, 0.15505258044305023, 0.4477807082780133, 0.1574725885171511], [0.27221556683990444, 0.2108102824831711, 0.1926034184321854, 0.32437073214473905], [0.2911695496272511, 0.20813552723031786, 0.34489795048218186, 0.15579697256024913], [0.324401041105701, 0.2823146497231144, 0.19473017169882126, 0.19855413737236338], [0.34096273268385385, 0.267773624217948, 0.22641327637534275, 0.16485036662285538], [0.34986915138235336, 0.18901180655819103, 0.17955004632018456, 0.281568995639271], [0.4177945647223007, 0.1957120491900246, 0.26880628468700496, 0.11768710130066971], [0.3609550350685821, 0.1890247939192693, 0.19569403222770618, 0.2543261386844424], [0.3728283532238198, 0.19048170175788245, 0.28497444731203725, 0.15171549760626046], [0.4395008217700154, 0.224219805701597, 0.22535399271839351, 0.11092537970999407], [0.4203785845386183, 0.22144476566982577, 0.20730447203699082, 0.15087217765456507], [0.39567911620951657, 0.20223352311019352, 0.2030397951399896, 0.19904756544030033], [0.41101073744340255, 0.19857293238716736, 0.2728198935622015, 0.11759643650722862], [0.3960858043112865, 0.20090656286613817, 0.19248706331298682, 0.21052056940958852], [0.4083907962687333, 0.20370453897621485, 0.22299908431623225, 0.16490558033881958], [0.44708652965301243, 0.21084258743660939, 0.2256696159043848, 0.1164012669059934], [0.4305232804271234, 0.21286149542220725, 0.20572453999103973, 0.15089068405962963]], "ideal": "D", "sampled": "D", "correct": true}}
{"type": "result", "data": {"idx": 12, "options": ["5 percent decrease", "\u00bc percent increase", "3 percent increase", "5 percent increase"], "probs": [[0.2185440458978044, 0.2534037643449117, 0.30242048062729737, 0.22563170902998653], [0.2246109593608943, 0.246557880322214, 0.3440432096356382, 0.18478795058125344], [0.23033185987350327, 0.29571414872175145, 0.2705313047654495, 0.2034226865392957], [0.22017365363759975, 0.2655126710639224, 0.3400677689559769, 0.17424590624250097], [0.24358339242312232, 0.354391599345656, 0.22096094157630525, 0.1810640665549164], [0.24792494985626717, 0.3336863666596974, 0.22672594604874113, 0.19166273733529426], [0.2517583407471898, 0.22381133172376988, 0.3123162435028005, 0.21211408392623976], [0.2424089312310997, 0.217203393556809, 0.35155072804750176, 0.1888369470645895], [0.2669456561097935, 0.33997085180502595, 0.17855277389658955, 0.21453071808859095], [0.2375997276664802, 0.3046809803627494, 0.2945588011328763, 0.1631604907378941], [0.26630043187159336, 0.30650033630344925, 0.23977779625110754, 0.18742143547384985], [0.2379143798424155, 0.26107480730374377, 0.34503751475582983, 0.15597329799801085], [0.2733162506137909, 0.24680367090640087, 0.29921426169349336, 0.18066581668631493], [0.2501738592887561, 0.23855342611252742, 0.32532119676089266, 0.1859515177378238], [0.25035265085577835, 0.4033005237176045, 0.17150954900456994, 0.1748372763220472], [0.233883176696016, 0.40694544876266553, 0.21055599103747322, 0.14861538340384525], [0.2703322469917809, 0.2539173364385365, 0.2824704050735291, 0.19328001139615356], [0.24869876734669766, 0.2092118405183673, 0.39934587479517847, 0.14274351723975656], [0.2573631443923117, 0.30793273904720303, 0.25644803426753043, 0.1782560821929548], [0.25793326282802675, 0.29919848288879686, 0.23226327047801879, 0.2106049837051576], [0.23440716110476012, 0.43137825582877254, 0.17919555993692218, 0.15501902302954518], [0.22922975164192047, 0.3960042356453344, 0.2357411419474946, 0.13902487066525057], [0.2586895784672258, 0.30015629079683714, 0.2442162000260486, 0.19693793060988846], [0.24314988784817398, 0.24300329022654804, 0.378552043719702, 0.13529477810557594]], "ideal": "D", "sampled": "B", "correct": false}}
{"type": "result", "data": {"idx": 13, "options": ["more effective in X because the policy will increase net exports.", "more effective in X because the policy will decrease net exports.", "equally effective in X and Y.", "less effective in X because the policy will decrease net exports."], "probs": [[0.28202038580308864, 0.2443119250841219, 0.29143347899035726, 0.18223421002243215], [0.3031084627536356, 0.25272978102808474, 0.22368968197521877, 0.22047207414306083], [0.2812526821808896, 0.24575661120341352, 0.31001347300290366, 0.16297723351279317], [0.2660139242444744, 0.22878237407277585, 0.3071506068868839, 0.19805309469586585], [0.2922852591537423, 0.30071916725132974, 0.2296215112334121, 0.17737406226151586], [0.29289394177705763, 0.30345502040547917, 0.23551392201938584, 0.16813711569807732], [0.2663926779957454, 0.3285293280749809, 0.2507437765347553, 0.15433421729451835], [0.2792423325610713, 0.3314868460042564, 0.1999190270712873, 0.18935179426338505], [0.23643818847613748, 0.19560976615990774, 0.4208302560151534, 0.14712178924880134], [0.2499598078161772, 0.2101156209250808, 0.2909218798698976, 0.24900269128884442], [0.2639955697985748, 0.21323005316047663, 0.3293706325575937, 0.1934037443833548], [0.2766784090021973, 0.24725031481817986, 0.244478013424297, 0.23159326265532584], [0.3000608041573394, 0.24645213413080505, 0.2914400355011842, 0.16204702611067137], [0.28588329464840273, 0.23301046042747664, 0.2933158147049568, 0.18779043011916383], [0.2718518850597736, 0.1851321077847671, 0.38789973905232, 0.15511626800313932], [0.2864553203986834, 0.20129888347912514, 0.2739961620594972, 0.23824963396269427], [0.258845422522848, 0.19346808183446138, 0.4122259379842808, 0.13546055755840983], [0.26692072545893636, 0.21589673934977419, 0.31045726605698803, 0.2067252690343014], [0.2818140261272594, 0.40025253290767004, 0.1738973331025391, 0.14403610776253145], [0.28022025342640966, 0.3884535199937083, 0.20396001909362035, 0.12736620738626167], [0.2718992829050916, 0.22312098739300162, 0.3088739216018793, 0.19610580800002747], [0.27140431784644725, 0.24254333247670015, 0.2534622772242798, 0.2325900723525728], [0.23403506327367546, 0.1789086338536143, 0.45041379999207143, 0.1366425027806388], [0.25872017388616597, 0.19942313732160843, 0.33351231610346693, 0.20834437258875868]], "ideal": "D", "sampled": "A", "correct": false}}
{"type": "result", "data": {"idx": 14, "options": ["Unemployment falls with little inflation.", "Unemployment rises with little inflation.", "Unemployment falls with rampant inflation.", "Unemployment rises with rampant inflation."], "probs": [[0.38664779639323127, 0.29329234795755293, 0.16163504362926379, 0.15842481191995206], [0.3894751659745292, 0.26894604180641984, 0.1845316130134418, 0.1570471791056092], [0.4019051193789074, 0.2607308029867748, 0.18024009464368865, 0.15712398289062915], [0.3616671561833157, 0.2679491936892543, 0.15967008469892252, 0.2107135653285075], [0.2992296903796685, 0.2165934060772252, 0.3351435760861343, 0.14903332735697195], [0.3349843322895759, 0.2878612875650554, 0.17425848541901368, 0.202895894626355], [0.28814840717875695, 0.3750951848463963, 0.16607750955850506, 0.1706788983163417], [0.33257534842092606, 0.40975445882826605, 0.14019402519056667, 0.1174761674602412], [0.14117792773242877, 0.11063204371687278, 0.6175661912526348, 0.1306238371980636], [0.1708763241597007, 0.13703051208079464, 0.21514582631820708, 0.4769473373412976], [0.2720348996864856, 0.1557880583719426, 0.4438401724753101, 0.1283368693662617], [0.21966144767682738, 0.18028974799930816, 0.14799098889526482, 0.4520578153285996], [0.179099993456872, 0.5060688475707112, 0.1638247546520355, 0.15100640422038125], [0.18886674375830664, 0.5546759201128154, 0.1344965358094027, 0.12196080021947525], [0.14855282390473723, 0.1693525187984243, 0.5175830931754573, 0.16451156402138117], [0.16377406578628323, 0.32266379937295975, 0.23011479240821822, 0.2834473423325388], [0.20146398844683133, 0.18454316806566548, 0.40280218128712775, 0.2111906621003754], [0.16235218698618242, 0.15834313393524652, 0.3095879806329967, 0.36971669834557436], [0.17630998263056336, 0.505423173096207, 0.1990620732387896, 0.11920477093444003], [0.15882819179370325, 0.5622889743649903, 0.13427389556582595, 0.14460893817548054], [0.18678530770482416, 0.19230732033255885, 0.468496405010813, 0.15241096685180397], [0.1808947026548689, 0.31211519238211854, 0.16535896061197364, 0.3416311442510389], [0.16329833133532298, 0.14052680995280312, 0.5021183265786672, 0.19405653203320672], [0.17448772298198414, 0.1586471467043619, 0.2845253262030663, 0.38233980401058765]], "ideal": "A", "sampled": "A", "correct": true}}
{"type": "result", "data": {"idx": 15, "options": ["70%.", "30%.", "40%.", "90%."], "probs": [[0.3254506982671817, 0.318438330810363, 0.2125134829223277, 0.1435974879001276], [0.3261377811105747, 0.3265797197492176, 0.20005941388990617, 0.1472230851503015], [0.3183174681595912, 0.24631979692022768, 0.27991354045581807, 0.155449194364363], [0.3050088836691415, 0.2397552096640441, 0.2810263293547591, 0.17420957721205535], [0.32804821404730006, 0.27447329195704934, 0.250470858063276, 0.14700763583237464], [0.32225003835316623, 0.2634173035358226, 0.22583368418342553, 0.18849897382758565], [0.29171917274238884, 0.3137790905188524, 0.23541015735015788, 0.15909157928860088], [0.2911287459103581, 0.31795104387349155, 0.22065430219785287, 0.1702659079182975], [0.30256434370340163, 0.2803518688293524, 0.2681434372352607, 0.14894035013198523], [0.2484577036915769, 0.24706572659921194, 0.2325603251308149, 0.27191624447839624], [0.23725639710781884, 0.20825042387621379, 0.3934078338315544, 0.16108534508441297], [0.2681539356440373, 0.24089847502683637, 0.277933835955483, 0.21301375327364339], [0.2843784433971347, 0.287349645576198, 0.2791476589035143, 0.14912425202315294], [0.278103411169852, 0.2786703705508988, 0.2407402992007795, 0.20248591897846968], [0.29746740166945645, 0.2778980350842921, 0.2699361660825634, 0.15469839706368807], [0.25267798803619096, 0.25130135926316305, 0.24025565083487954, 0.25576500176576644], [0.2255260679723708, 0.20108589827621628, 0.3827759382159587, 0.19061209543545424], [0.26232254502534247, 0.2451620399706773, 0.3057827949218143, 0.18673261998216598], [0.2583860898721463, 0.41080809167043486, 0.18982681988803765, 0.14097899846938122], [0.263026414722555, 0.41170630907396394, 0.18727392704117013, 0.1379933490623109], [0.2469528876452124, 0.21507462536516836, 0.381633961436226, 0.15633852545339322], [0.2798597174623933, 0.2553346714817257, 0.25596487138148216, 0.20884073957439891], [0.2522032260642572, 0.21124374864373158, 0.37186557050800995, 0.16468745468400123], [0.2789158093004147, 0.24470218982050704, 0.28248925697894806, 0.19389274380013022]], "ideal": "B", "sampled": "A", "correct": false}}
{"type": "result", "data": {"idx": 16, "options": ["prevent inflation.", "prevent recessions from occurring.", "prevent inflation and recessions from occurring.", "are government policies already in place that promote deficit spending during recessions and surplus budgets during expansions."], "probs": [[0.16760537651015311, 0.09521860983084922, 0.16014062463159676, 0.5770353889274009], [0.17742435992926128, 0.10562599806000504, 0.5567810519595574, 0.1601685899511763], [0.19814377873537525, 0.1226647859490576, 0.15216794495127864, 0.5270234902642885], [0.17843459649995155, 0.12225040395084046, 0.5559938450490215, 0.14332115440018645], [0.2110095902246109, 0.4999819658198013, 0.10883948869779476, 0.180168955157793], [0.23746046850122549, 0.5245163205702762, 0.11504607877268944, 0.12297713205580887], [0.18525998540351998, 0.06746837788730155, 0.1756745756907087, 0.5715970609184697], [0.1682171722547033, 0.07387495260319321, 0.593734460823006, 0.16417341421909748], [0.23472642455405074, 0.14195553101470984, 0.16290647518077758, 0.46041156915046183], [0.20809436867329403, 0.13085820977143214, 0.5548530096411247, 0.10619441181414907], [0.28128008308936076, 0.48395775927045187, 0.08330457284084962, 0.15145758469933776], [0.30188080665430594, 0.46962714190555194, 0.1251725554341075, 0.10331949590603463], [0.1720348686124017, 0.11164432600149377, 0.1509331096299438, 0.5653876956561608], [0.1793552392349667, 0.12580845133621418, 0.5210075533169312, 0.17382875601188788], [0.2012725339181456, 0.1217702801364564, 0.1452732801143546, 0.5316839057310434], [0.20346906350219643, 0.13621204310399365, 0.5425984545864653, 0.11772043870734464], [0.26014358965583106, 0.4727506848436516, 0.1280819979814656, 0.13902372741905167], [0.2843217444053262, 0.45623564794657634, 0.15743888478604595, 0.10200372276205148], [0.6159155505856869, 0.09473567666810385, 0.10785204412123983, 0.18149672852496934], [0.6957237227418244, 0.09741333271204833, 0.11530640891987981, 0.09155653552624747], [0.7154496364731121, 0.10091681107552594, 0.06917217424693525, 0.11446137810442673], [0.6903192708838755, 0.11478734528410003, 0.1190097757612268, 0.07588360797079768], [0.6677579183542852, 0.1199931186318639, 0.12159219201791013, 0.0906567708959407], [0.7072069206247389, 0.11217691998947521, 0.11362321182597138, 0.06699294745981453]], "ideal": "D", "sampled": "D", "correct": true}}
