{"type": "result", "data": {"idx": 0, "options": ["Needle aspiration", "Mammography", "Mastectomy", "Lumpectomy"], "probs": [[0.09145870906085167, 0.8130184502051437, 0.05777802754857807, 0.03774481308542652], [0.10577406027516242, 0.7800091533328255, 0.06950379188223951, 0.04471299440977253], [0.06673398638122756, 0.0655576887123208, 0.8215112119892946, 0.046197112817157125], [0.08221289208406282, 0.07638483209200665, 0.15129829378037035, 0.6901039819435602], [0.09113803299400437, 0.08351051680543949, 0.7592287462995004, 0.06612270380105573], [0.10148641390466287, 0.09430880028326369, 0.16606768840330383, 0.6381370973087696], [0.9006388362143818, 0.05208594052709065, 0.027365308734281057, 0.019909914424246472], [0.865556320558792, 0.06951670516279529, 0.037086789459245616, 0.02784018471916717], [0.9035400285940837, 0.034055211154023865, 0.04318947408943823, 0.0192152860624542], [0.9067601835781246, 0.03695513921951566, 0.03622672578272838, 0.020057951319631322], [0.8763864920992775, 0.04479310739119162, 0.05254256508215825, 0.026277835327372562], [0.8884984866282775, 0.04470715234384768, 0.04382749203455492, 0.02296686889331997], [0.054386658300932415, 0.08870421135871386, 0.8139248802301654, 0.042984250010188296], [0.06424876855420018, 0.11766934788035807, 0.12004934637391075, 0.698032537091531], [0.060718228076558634, 0.8101996303314339, 0.09346288580947618, 0.035619255682531284], [0.06858457185765285, 0.8268484245985208, 0.07145622691346923, 0.03311077653035711], [0.056087036969450534, 0.07941562646569028, 0.16229322511956423, 0.7022041113452949], [0.059843826587147736, 0.07843895942351409, 0.8218724665574472, 0.03984474733189095], [0.06327224757903824, 0.09257373557706307, 0.7913201149253521, 0.05283390181854654], [0.06820412572080048, 0.11556116977159273, 0.13046170478212726, 0.6857729996254796], [0.077447982077155, 0.7746372962459641, 0.10281061571573197, 0.045104105861148894], [0.08204127102269873, 0.8012043236884953, 0.08154073356766685, 0.03521367162113912], [0.05435470219818666, 0.07290991530788099, 0.19728140898462873, 0.6754539734093036], [0.06020277827678269, 0.07711699719130209, 0.8203296186748814, 0.04235060575703376]], "ideal": "B", "sampled": "B", "correct": true}}
{"type": "result", "data": {"idx": 1, "options": ["vary from person to person", "vary for women depending on the phases of the menstrual cycle", "are mainly on the lower portion of the body", "all of the above"], "probs": [[0.26026779992364457, 0.10191682207869411, 0.12449021169394073, 0.5133251662037206], [0.30543087295059723, 0.1310948489964721, 0.4908966641038007, 0.07257761384913], [0.2756147620786464, 0.12033547190858773, 0.10181573549796824, 0.5022340304147976], [0.2987622342612767, 0.16080363213006676, 0.4797219073271989, 0.06071222618145764], [0.5652525592850413, 0.30777428468291657, 0.0666087960119633, 0.06036435992007884], [0.5140043515719721, 0.34852594263542547, 0.08213253349038886, 0.055337172202213576], [0.14759004774361376, 0.1907845671634878, 0.12107346001875206, 0.5405519249741464], [0.16485586146643783, 0.22490767294498515, 0.5277858775406091, 0.08245058794796785], [0.1156570690822698, 0.09737506415746086, 0.2257656606201885, 0.5612022060400809], [0.12179914789030633, 0.1162059676094845, 0.653228298665418, 0.10876658573479121], [0.13768141329316064, 0.7039177600612069, 0.09987806043202185, 0.05852276611361058], [0.13976096793145878, 0.6822246159923784, 0.07025007000794194, 0.10776434596822093], [0.20371932120544894, 0.19705704124301404, 0.09518764273057971, 0.5040359947209573], [0.22910760977407485, 0.2650076349929344, 0.44412223825922537, 0.06176251687376539], [0.1745717130299195, 0.10180324618404064, 0.18536885633310263, 0.5382561843529372], [0.174829717525574, 0.118240152624939, 0.5917492972076668, 0.1151808325418202], [0.21181331879315674, 0.4235585988881111, 0.3078300184543672, 0.05679806376436495], [0.23657165032814959, 0.5573849926652674, 0.07038331345733413, 0.13566004344924884], [0.3175126039479004, 0.4678149555737976, 0.09070814467587084, 0.12396429570243117], [0.31000339057911663, 0.4569993776520248, 0.1641345869098505, 0.06886264475900801], [0.3609385138249288, 0.15866623580856581, 0.27838080703841167, 0.2020144432280937], [0.36992944936909966, 0.15529630280802745, 0.21041693731902134, 0.2643573104038516], [0.22398133752351365, 0.18110123134092698, 0.5003471150752574, 0.0945703159603019], [0.3370128646978385, 0.25175536239063057, 0.10911352430191693, 0.30211824850961405]], "ideal": "D", "sampled": "D", "correct": true}}
{"type": "result", "data": {"idx": 2, "options": ["can be treated with antibiotics", "has a high risk of infection with a single exposure", "is asymptomatic (without symptoms) in only a small percentage of those infected", "infections are limited to genital areas"], "probs": [[0.45072236358917817, 0.16625166928605706, 0.18465067054872977, 0.198375296476035], [0.38302989522396347, 0.14838927155989395, 0.1343730450006928, 0.33420778811544977], [0.4783293163795971, 0.1936202587404865, 0.1538183792133776, 0.17423204556653882], [0.4688899341915324, 0.17854174304675263, 0.12410994155544428, 0.22845838110627067], [0.35537330371680464, 0.12940317776706733, 0.17719510723950085, 0.33802841117662713], [0.4013241112422808, 0.1436867778017531, 0.20155158047828303, 0.2534375303776831], [0.3943467496588876, 0.18538540876122278, 0.20915755939116965, 0.21111028208871999], [0.3347933788324368, 0.16030279812691553, 0.1290431729115197, 0.37586065002912794], [0.4271826978020449, 0.17432066536708904, 0.1952478707349575, 0.2032487659959086], [0.37557813339487023, 0.1206573412191419, 0.12088547801399442, 0.38287904727199346], [0.3002502649498502, 0.1269976979071132, 0.21971414506793996, 0.3530378919750966], [0.35292261835383737, 0.11255468427009371, 0.1602681130010554, 0.3742545842750135], [0.46676593318733056, 0.18607958872127014, 0.16471706083681498, 0.1824374171545843], [0.4631837398907603, 0.17782633699964906, 0.1224663053718094, 0.23652361763778126], [0.44079570644275035, 0.17172118507929487, 0.1906336041905503, 0.19684950418740446], [0.4158399216784474, 0.12843152305250677, 0.12366525274774937, 0.33206330242129645], [0.40315971375188464, 0.14437730824065817, 0.20393777195467305, 0.24852520595278413], [0.42850121212934206, 0.13229758839032915, 0.14662250656475911, 0.2925786928155697], [0.283284336300178, 0.19279789922693602, 0.19317656753515622, 0.33074119683772973], [0.3194653987565056, 0.2154874503397031, 0.21945670244883375, 0.24559044835495755], [0.27922093865463404, 0.17874032257200023, 0.20281156895516744, 0.3392271697181983], [0.3152568983009643, 0.15334910381317132, 0.16094838321012672, 0.37044561457573766], [0.34599308609513674, 0.1934251698617106, 0.19251162441332942, 0.26807011952982324], [0.3396294319069164, 0.1715766144566987, 0.15061213972326842, 0.33818181381311646]], "ideal": "A", "sampled": "A", "correct": true}}
{"type": "result", "data": {"idx": 3, "options": ["the id", "the ego", "the superego", "the Oedipus complex"], "probs": [[0.41746555510561656, 0.20686093844309306, 0.2247223041809694, 0.15095120217032104], [0.45406888960539493, 0.23006526661890533, 0.13696239009451913, 0.17890345358118057], [0.3321257531310788, 0.15847027300203628, 0.3732274174317019, 0.136176556335183], [0.3341362227063855, 0.1643122014006423, 0.12543720561224486, 0.37611437018072735], [0.42279604703126417, 0.18909968715653808, 0.2022827893633439, 0.18582147634885385], [0.3587574767337348, 0.14973353294226857, 0.13259040213064857, 0.35891858809334803], [0.33263292409680506, 0.33034112553957096, 0.1951874465272229, 0.1418385037364011], [0.32991036493022763, 0.3767967532553301, 0.12489329555742414, 0.16839958615701814], [0.2744575697735038, 0.17343727984128599, 0.418396138828934, 0.13370901145627623], [0.25678591387172167, 0.17658678132992717, 0.13913158241718968, 0.4274957222811615], [0.2484627552769233, 0.150993563920349, 0.43242640346018707, 0.1681172772425406], [0.27546139727873525, 0.1698571094743295, 0.15641462335170914, 0.39826686979522613], [0.30897683362518735, 0.2690068821192027, 0.2923185868614446, 0.12969769729416536], [0.30940337582995747, 0.2887335886338588, 0.11990282892416207, 0.2819602065120217], [0.3045290572102244, 0.20013397035382707, 0.36137159039765754, 0.133965381938291], [0.2790154772864592, 0.20911644085467163, 0.1387459018874614, 0.3731221798714077], [0.24780127772894966, 0.1461345873050972, 0.38371506901293995, 0.2223490658530132], [0.2592792781176411, 0.16905033859935242, 0.2798580520917217, 0.29181233109128474], [0.3476055419517142, 0.3043491678089656, 0.18280591886030087, 0.16523937127901928], [0.31745636459990717, 0.241693943714768, 0.1449387073371907, 0.2959109842481341], [0.26812252799158076, 0.17465497811858188, 0.3959780692058907, 0.16124442458394664], [0.2974501638547208, 0.18764426371498805, 0.15871693665338668, 0.35618863567690445], [0.2465472553831596, 0.15108325711492274, 0.3847106385375774, 0.2176588488643402], [0.2643679003341504, 0.16574748854924307, 0.2991287022789594, 0.2707559087376471]], "ideal": "A", "sampled": "A", "correct": true}}
{"type": "result", "data": {"idx": 4, "options": ["paraphilias guarantee survival of the species", "evolutionary selection has favored the development of males who respond to novel sexual stimuli", "of left brain/right brain differences between the genders", "male brains are better developed than are female brains"], "probs": [[0.42276641407280646, 0.33572402342982566, 0.11335616473199721, 0.12815339766537068], [0.41372693403332317, 0.34690643524377685, 0.16913082311909053, 0.07023580750380946], [0.27174892613928614, 0.15475319093776163, 0.45139514722787727, 0.122102735595075], [0.21097799504739284, 0.12584708254726662, 0.11626131484951308, 0.5469136074558274], [0.26378801462396606, 0.18404684959001663, 0.4738583266261219, 0.07830680905989545], [0.25013791207728775, 0.15390551776137718, 0.09120294720199155, 0.5047536228593436], [0.4283067967097656, 0.28658541598012194, 0.1332263638570163, 0.15188142335309615], [0.4411910110093386, 0.28605663347279536, 0.19959012864635056, 0.07316222677151546], [0.3701715170966956, 0.14938682316239896, 0.3157112896126702, 0.1647303700282352], [0.3952419455879525, 0.1571055320571861, 0.18466888252057315, 0.26298363973428823], [0.42669768090818827, 0.2207625259408694, 0.25578690144365723, 0.09675289160728513], [0.44829325167743556, 0.24503171865841133, 0.10212424821324524, 0.20455078135090787], [0.1792709800530367, 0.31972354170875, 0.3740161601226607, 0.12698931801555263], [0.1642494003534159, 0.2123467262667643, 0.1257878951367745, 0.4976159781430453], [0.17808066041356713, 0.49200370169720825, 0.19875025451058081, 0.1311653832786438], [0.17698339760196957, 0.5087526505487749, 0.13690187097740428, 0.1773620807718512], [0.12676724339081522, 0.10680091510248638, 0.23286973356039484, 0.5335621078463035], [0.10938236360757787, 0.13205796774030812, 0.6412438892954964, 0.11731577925661767], [0.22620976279300098, 0.27055977361239636, 0.4259024933946593, 0.07732797009994336], [0.22940249396947043, 0.20702379631380574, 0.10089534369748174, 0.4626783659192421], [0.25093300269715524, 0.4797788774388565, 0.18346121235418988, 0.08582690740979831], [0.25669696733249503, 0.49494877083903654, 0.09380073029503448, 0.15455353143343392], [0.16080730380628633, 0.09317630945002485, 0.23175517758295314, 0.5142612090607357], [0.13702268795027006, 0.11557797255270753, 0.6198229742933653, 0.12757636510365705]], "ideal": "B", "sampled": "B", "correct": true}}
{"type": "result", "data": {"idx": 5, "options": ["felt glad", "felt fear", "experienced guilt", "experienced regret"], "probs": [[0.1473785108498706, 0.1606833559419474, 0.41623644897216605, 0.2757016841360159], [0.06230381667886722, 0.09641423667615645, 0.7075864609008444, 0.1336954856441319], [0.1891278596163232, 0.345026875326897, 0.21179885844558155, 0.25404640651119825], [0.09498189280601002, 0.13829364808489894, 0.6243098200143057, 0.14241463899478535], [0.12115224359349668, 0.6050869776814556, 0.10389766018620021, 0.1698631184388475], [0.13103262493048282, 0.565016303973784, 0.15017216724866198, 0.15377890374707126], [0.20859597932094506, 0.21558523497191767, 0.2572693564823695, 0.3185494291247678], [0.07796616338803031, 0.10674920250150596, 0.6539181069053388, 0.16136652710512492], [0.20308680225109313, 0.23264289696742543, 0.28421603783459337, 0.28005426284688806], [0.11458283366726164, 0.13356275758211283, 0.5974329736533986, 0.1544214349972269], [0.15154655863041808, 0.5551561977811101, 0.11666698057277708, 0.17663026291569475], [0.1717242598361906, 0.5143465995274228, 0.14524245260693572, 0.1686866879294509], [0.21639304183335384, 0.1560451709478791, 0.2444948888250308, 0.38306689829373625], [0.08089120241530469, 0.10813323065053533, 0.6670314321384163, 0.1439441346957437], [0.17417105578654082, 0.11205425035156337, 0.40557664065934396, 0.3081980531025518], [0.0947864239861065, 0.10305362577650672, 0.6757247699018898, 0.12643518023549705], [0.16970598190202055, 0.5479298666188593, 0.12853233131874758, 0.15383182006037252], [0.18979016727582992, 0.5286492507879312, 0.1136913927645765, 0.16786918907166237], [0.3823604824404946, 0.17361858226681176, 0.2021855979629987, 0.2418353372296949], [0.3968106330470018, 0.19955208003527802, 0.2099560405123664, 0.19368124630535377], [0.3108497950377094, 0.1320014635192913, 0.3358159164991708, 0.22133282484382852], [0.31918512218316425, 0.14657544253383095, 0.26405422077164986, 0.27018521441135496], [0.39847471107170007, 0.21161260654654668, 0.20590724969416752, 0.18400543258758573], [0.41415832676794057, 0.21159442397607656, 0.14353900084070456, 0.23070824831527828]], "ideal": "C", "sampled": "D", "correct": false}}
{"type": "result", "data": {"idx": 6, "options": ["an increased risk of low birth weight babies", "poorer growth and lower intelligence", "smaller head circumference", "all of the above"], "probs": [[0.12736522770546094, 0.08436746643034945, 0.13867480638205643, 0.6495924993821331], [0.18020572035009236, 0.12926915479304857, 0.5887654510857807, 0.10175967367107833], [0.12885704059249362, 0.08471467711459783, 0.14940730558001142, 0.6370209766128971], [0.1652977094500896, 0.13107150205829574, 0.5482171528290141, 0.15541363556260065], [0.22441353388508237, 0.5260984661903085, 0.1567743052337317, 0.09271369459087737], [0.20558362932435972, 0.524714143504728, 0.13488368002518314, 0.1348185470457291], [0.1222394966289501, 0.07983319222625887, 0.14400787220921868, 0.6539194388355724], [0.18382798544329895, 0.13089147501377485, 0.5780305991048634, 0.10724994033806277], [0.12763375962141432, 0.09737342159787228, 0.1527131429439147, 0.6222796757367987], [0.15603839884513684, 0.14943670779651003, 0.5510858728606995, 0.14343902039765352], [0.19929029045496263, 0.5259262918900038, 0.15922430156069195, 0.11555911599434161], [0.18586777913287922, 0.5063704840188911, 0.17341006713443588, 0.13435166961379386], [0.10941522485849432, 0.09176139464234565, 0.14497312793941108, 0.6538502524597489], [0.1658213337600508, 0.1664806803011901, 0.5174167443344101, 0.15028124150434902], [0.1056350654175364, 0.10190382171635161, 0.12062246119302131, 0.6718386515730906], [0.13276889127542732, 0.16976975381049036, 0.5704757826666306, 0.12698557214745174], [0.17214109001822442, 0.4951018094521378, 0.18492028115330666, 0.14783681927633113], [0.15953456037746824, 0.4849729447298648, 0.24369933760553486, 0.11179315718713208], [0.24254969527233966, 0.3741800077129737, 0.2145142491092074, 0.1687560478054792], [0.20445795355182747, 0.35725548859838396, 0.18372352419446486, 0.2545630335553237], [0.2478909270613025, 0.37972905813272795, 0.19825286878872417, 0.1741271459172454], [0.2188309612477185, 0.314994786871685, 0.2175772818344406, 0.2485969699461559], [0.1844662847264973, 0.24199086064674208, 0.2935430661512464, 0.2799997883755142], [0.16927192370116423, 0.2577689703043856, 0.35165725726800917, 0.22130184862644098]], "ideal": "D", "sampled": "D", "correct": true}}
{"type": "result", "data": {"idx": 7, "options": ["a secure lover", "an avoidant lover", "an anxious-ambivalent lover", "a passionate lover"], "probs": [[0.16587895036747496, 0.44986350942951747, 0.31926485780829006, 0.06499268229471752], [0.1371623189831745, 0.6255698483066472, 0.06907560239379479, 0.16819223021638352], [0.18488468365671637, 0.2661422808659835, 0.46306449515260273, 0.0859085402246974], [0.2081744161584099, 0.5121993269348746, 0.08684210219581437, 0.19278415461090115], [0.11722266585531829, 0.08273691621536469, 0.6478148053846536, 0.15222561244466343], [0.11804126553670122, 0.08856196964576259, 0.641517598610074, 0.15187916610746216], [0.3570673108757535, 0.16412084903482235, 0.3897581361427306, 0.0890537038466936], [0.3759476216063387, 0.2047187670509036, 0.11536685290250719, 0.30396675834025044], [0.4322735634589535, 0.28351303720982163, 0.18857641375729856, 0.09563698547392634], [0.43611578123639444, 0.34198547170584176, 0.09788730958363494, 0.12401143737412884], [0.29759144780044106, 0.10366126893914254, 0.31705364581752254, 0.2816936373428939], [0.2664918044714919, 0.09823315343741436, 0.4963271053947449, 0.13894793659634885], [0.19956652223360072, 0.11990724145443489, 0.5941344321928019, 0.08639180401916245], [0.38022314365211246, 0.2187410527624182, 0.13134046996291948, 0.2696953335225498], [0.27293279357605554, 0.4829325305495644, 0.15450596577610318, 0.08962870999827685], [0.25071429083011465, 0.5740093927699285, 0.0790197590352659, 0.09625655726469101], [0.28420726308982436, 0.1279404350373488, 0.3463282688011582, 0.24152403297166863], [0.18816497078899047, 0.10310007914912506, 0.6008207528815523, 0.10791419708033217], [0.10643768547389264, 0.1430886270653112, 0.6256931563368555, 0.12478053102394057], [0.10316855075040864, 0.15450280327657076, 0.6251968507887758, 0.11713179508424482], [0.11169692872837804, 0.5873336195358406, 0.11738474665898449, 0.18358470497679685], [0.11985087005641214, 0.4595708387502663, 0.3313207128706272, 0.08925757822269438], [0.12180181591484847, 0.615824699340273, 0.11032602934926174, 0.15204745529561678], [0.1260308772199485, 0.3815733193969623, 0.40569835897203393, 0.08669744431105529]], "ideal": "C", "sampled": "B", "correct": false}}
{"type": "result", "data": {"idx": 8, "options": ["Bruce likely participated in more female-typical play than Chuck.", "Bruce likely participated in more male-typical play than Chuck.", "Bruce and Chuck likely participated in more male-typical play than female-typical play.", "Bruce's father was more likely to have homosexual tendencies than Chuck's father."], "probs": [[0.42908354310621893, 0.276530525760102, 0.20329565692014087, 0.09109027411353819], [0.38928368683736864, 0.303118795126167, 0.13092672823550353, 0.17667078970096084], [0.4332582515513611, 0.2404475450442023, 0.23434443152380616, 0.09194977178063042], [0.32971304897433307, 0.22180505259951974, 0.11798215744196346, 0.3304997408841837], [0.24002022085219, 0.09971403552445596, 0.46559778891909287, 0.19466795460426117], [0.3005621388170246, 0.11354353853604918, 0.3420799025241202, 0.24381442002280607], [0.49494795142573983, 0.20767710327228225, 0.21167353495054908, 0.08570141025142881], [0.4418764675340129, 0.23311723665750805, 0.12605235730653266, 0.19895393840194636], [0.5737657546423305, 0.19945698974522152, 0.13644416628903655, 0.09033308922341145], [0.5346339583443702, 0.19533377266959034, 0.11857317916935393, 0.15145908971668548], [0.42482438231179986, 0.13717623871243567, 0.19810498939589408, 0.2398943894798704], [0.45507231082372823, 0.13576326582047302, 0.25589044424659796, 0.1532739790092008], [0.4281153412339782, 0.12576666566788147, 0.35870367552257504, 0.08741431747556525], [0.3727234947717632, 0.13569562715976, 0.1148574051614237, 0.3767234728070531], [0.6177986767598294, 0.16085637864566046, 0.1368861028879176, 0.0844588416065926], [0.5880817814185372, 0.16706162813916328, 0.10799878170005416, 0.13685780864224534], [0.2747275849509258, 0.10814324845889042, 0.18961040815014765, 0.4275187583400361], [0.2709512629550569, 0.10170286589729416, 0.501250490458834, 0.12609538058881503], [0.19379376208073532, 0.4087682122317546, 0.2522336093987949, 0.14520441618871519], [0.19051135152197188, 0.3605744349767133, 0.2831840301225728, 0.16573018327874198], [0.2055735404071089, 0.4577566571591512, 0.1897162476245962, 0.14695355470914367], [0.2147675454401779, 0.4325629472299981, 0.2263547628891611, 0.1263147443406629], [0.19553882789030827, 0.4494711026257492, 0.16820813212476537, 0.18678193725917716], [0.21033593696732109, 0.4497968487022015, 0.20826880321403635, 0.1315984110164411]], "ideal": "A", "sampled": "B", "correct": false}}
{"type": "result", "data": {"idx": 9, "options": ["inherently evil", "God's afterthought and has become an aberration", "a gift from God", "primarily a biological function"], "probs": [[0.0981379418634658, 0.09073879229437469, 0.7351958483554979, 0.07592741738666164], [0.1119201314998894, 0.07004598698432744, 0.1310620945435604, 0.6869717868722227], [0.10115620869713536, 0.7322546515721463, 0.10131804276429375, 0.06527109686642461], [0.10159710869367045, 0.7466594035672985, 0.08974054521721653, 0.06200294242181445], [0.10637129921424096, 0.07306788170402632, 0.11506199921308206, 0.7054988197686506], [0.09419408482905403, 0.09137331012666602, 0.7387344882096349, 0.075698116734645], [0.0824052641430127, 0.08369028071789332, 0.7627805101937366, 0.0711239448453573], [0.10056894716899394, 0.05825212423659605, 0.12440728769228669, 0.7167716408021233], [0.12549506588183276, 0.6941486623514295, 0.09559974780022841, 0.08475652386650931], [0.12351536841584423, 0.7212315850820495, 0.08771426295144097, 0.06753878345066527], [0.10286606332076748, 0.06584943977493422, 0.12230243060935866, 0.7089820661949396], [0.0922980458590366, 0.09005115173275786, 0.7405744205145449, 0.07707638179366065], [0.8298937823443617, 0.06034304740508391, 0.06227803041413787, 0.04748513973641651], [0.833707587069698, 0.058744423747067, 0.06450586428935205, 0.04304212479388285], [0.8372266007579561, 0.058499517230037, 0.058573602080954974, 0.04570027983105198], [0.8631103102231461, 0.051575377962612697, 0.05165513642848903, 0.033659175285752185], [0.849642669123642, 0.05537888261557051, 0.05626056945829105, 0.038717878702496517], [0.8618242996612935, 0.05192771335701563, 0.052376994556225735, 0.03387099232546509], [0.11906827807624143, 0.06674567509899143, 0.11642410431496183, 0.6977619424098053], [0.1091664846566857, 0.08785488782894069, 0.7272246154126706, 0.07575401200170298], [0.12232870532125073, 0.07534139097419579, 0.12944608057475, 0.6728838230298034], [0.12198339764994649, 0.09724461576099148, 0.6947953311343188, 0.08597665535474316], [0.17162960382407616, 0.6489142033796594, 0.10102016997027115, 0.07843602272599326], [0.16847290599070802, 0.6568840937221038, 0.1055864574084332, 0.06905654277875506]], "ideal": "C", "sampled": "C", "correct": true}}
{"type": "result", "data": {"idx": 10, "options": ["birth", "about age 1", "between the ages of 3 and 6", "puberty"], "probs": [[0.09100319985873234, 0.19254357680518175, 0.4973512776290687, 0.21910194560701718], [0.10477163563536214, 0.2186232937756359, 0.4160483448085751, 0.2605567256804268], [0.14801042829432878, 0.2955444664795354, 0.2400242018452409, 0.3164209032808949], [0.1493286147764421, 0.30330347107883726, 0.3506848707240351, 0.19668304332068556], [0.10863416219561238, 0.33981416638713896, 0.2453305943163455, 0.3062210770009032], [0.14830555241272286, 0.30408338162366616, 0.34586802636901953, 0.20174303949459144], [0.13058916833915254, 0.18781490062340786, 0.4022045909299205, 0.2793913400075191], [0.11664956359735965, 0.18325928000101221, 0.42768041138667395, 0.2724107449149542], [0.136014042244452, 0.3825730326005751, 0.21695710393170894, 0.26445582112326393], [0.16715886689067605, 0.4218987994398338, 0.25276564795929823, 0.15817668561019185], [0.1553761283321034, 0.3232066775478576, 0.22787190500030655, 0.2935452890197324], [0.18176976522014837, 0.3079650264090032, 0.32129560461576295, 0.1889696036550855], [0.33815314858522333, 0.2156915334293393, 0.22642232138005172, 0.21973299650538564], [0.29185867306651725, 0.2159772217057735, 0.3153368234319063, 0.176827281695803], [0.29925983249354415, 0.21801977697755903, 0.2553775830198977, 0.2273428074089991], [0.35650700119980444, 0.220183188876856, 0.2540955018061665, 0.16921430801717302], [0.36792584153531804, 0.2574246150765303, 0.21565827082449496, 0.1589912724636567], [0.39325201507450536, 0.25622907278359647, 0.19093877075193275, 0.15958014128996545], [0.22786047712877955, 0.23838868379610056, 0.23340989299153864, 0.30034094598358124], [0.2473379522314689, 0.20957572756102028, 0.3689810633290382, 0.17410525677847266], [0.2375985568166384, 0.2443928605728264, 0.2376720195424114, 0.2803365629681238], [0.2421693092665693, 0.21468000431715414, 0.3470704308858705, 0.19608025543040608], [0.28186852157081566, 0.36573896353370744, 0.18174051017345294, 0.17065200462202398], [0.3066746683611166, 0.3427188796272548, 0.1855754758403536, 0.16503097607127498]], "ideal": "C", "sampled": "C", "correct": true}}
{"type": "result", "data": {"idx": 11, "options": ["intimacy", "commitment", "decision", "passion"], "probs": [[0.29256053884201616, 0.21101067329291381, 0.2155345464868021, 0.2808942412782679], [0.3155091749637101, 0.2208287748597088, 0.3064142808967526, 0.1572477691798284], [0.2672651966056409, 0.21655931743960646, 0.2755019027389472, 0.24067358311580545], [0.24152605952965117, 0.20830062650447145, 0.30760485847511015, 0.24256845539076718], [0.27666286137947704, 0.1997303932946514, 0.39426838802909525, 0.1293383571967763], [0.25390396654617753, 0.18879910655513868, 0.28982822399645547, 0.2674687028022283], [0.30194923278650126, 0.20936955509476282, 0.21042688188832773, 0.27825433013040823], [0.3253800844419952, 0.22760669715209617, 0.32865112771792554, 0.11836209058798314], [0.2795177954227685, 0.20460347524320266, 0.2562005481433886, 0.2596781810906402], [0.2590128481129079, 0.18250960109792946, 0.26089534160866085, 0.2975822090805018], [0.31518818516016384, 0.20405074039814497, 0.34968672616173496, 0.13107434817995622], [0.278404960127277, 0.17325063247359054, 0.18805614200915793, 0.3602882652899745], [0.22969057690397357, 0.22794700685607336, 0.27466354999165854, 0.2676988661482945], [0.19776296613622957, 0.2121136933353026, 0.358063310348944, 0.2320600300795238], [0.23010248972122785, 0.25279070074372967, 0.2445741255891482, 0.2725326838458943], [0.22019239779364955, 0.2291826549673982, 0.29158902538581233, 0.25903592175313994], [0.20352134106508182, 0.20349909363142163, 0.3541625439766534, 0.2388170212268431], [0.21038400184267955, 0.20399588922624795, 0.36071102195153004, 0.22490908687954247], [0.2590299027610046, 0.2328962454830043, 0.3840556854834261, 0.12401816617256493], [0.2352145462993011, 0.23010684547507435, 0.26241040227173257, 0.27226820585389194], [0.297845138483295, 0.27426857979543734, 0.26979748617979704, 0.1580887954414706], [0.2691932996597897, 0.26577056243654446, 0.1619799483250509, 0.30305618947861496], [0.2284607188863258, 0.19724187861309492, 0.33540646719231787, 0.23889093520826138], [0.2165894210122003, 0.18716977534806617, 0.3963137268623767, 0.19992707667735685]], "ideal": "B", "sampled": "B", "correct": true}}
{"type": "result", "data": {"idx": 12, "options": ["Orthodox Jews", "Fundamentalist Protestants", "Eastern Orthodox Christians", "all of the above"], "probs": [[0.1597987860281409, 0.21306143698945892, 0.11581495403085319, 0.511324822851547], [0.17259278430361877, 0.326211352685932, 0.39148568456345084, 0.10971017834699841], [0.11697315375667246, 0.07976733622750692, 0.33020307598406595, 0.4730564339317546], [0.12904330317617643, 0.0960452201243426, 0.3234430656441621, 0.45146841095531887], [0.17276025331558484, 0.32079655884862374, 0.3453980488848414, 0.16104513885095004], [0.18812000188972866, 0.3357557255958815, 0.1371377069473903, 0.3389865654669995], [0.2977940693528573, 0.10350026035018506, 0.11717179241838874, 0.48153387777856893], [0.3331174129988395, 0.14017468167279062, 0.419746889886497, 0.10696101534187284], [0.25800050071283565, 0.07443478924587452, 0.13142490777325389, 0.5361398021680359], [0.3862452592965341, 0.12666353865184313, 0.39775116136606753, 0.08934004058555528], [0.4210832306805827, 0.35752002999426147, 0.12396823422719189, 0.09742850499796396], [0.4237908079075697, 0.3744751437811183, 0.11026697516929972, 0.09146707304201226], [0.10454674419658688, 0.08664048884536837, 0.3731290260653706, 0.4356837407926742], [0.12336527564691017, 0.1115782790323808, 0.38172177181469236, 0.3833346734060167], [0.1449571463346276, 0.20223789199726636, 0.13585039162169035, 0.5169545699464156], [0.1662549922820076, 0.37012355412943715, 0.3717801161698221, 0.09184133731873316], [0.16734335816190035, 0.3253144524572484, 0.13821799639815752, 0.36912419288269377], [0.15253226684791804, 0.32593414669851717, 0.38894647935533977, 0.132587106998225], [0.17410373686003103, 0.19771385190893956, 0.41971474881743404, 0.20846766231359537], [0.19157609404375978, 0.16152729379057199, 0.1280550265143142, 0.5188415855513541], [0.21090390647615245, 0.5271580657682742, 0.1215903871655948, 0.14034764048997853], [0.2392324805020472, 0.5445786117962806, 0.10503248124264387, 0.11115642635902824], [0.1796253770410203, 0.16254672406478476, 0.12781046329650697, 0.530017435497688], [0.18560619266598208, 0.23338007825544663, 0.4172066996399607, 0.16380702933861058]], "ideal": "D", "sampled": "B", "correct": false}}
{"type": "result", "data": {"idx": 13, "options": ["legalism", "asceticism", "situationism", "hedonism"], "probs": [[0.041809934962793206, 0.8963913287205486, 0.03925508618239749, 0.022543650034260745], [0.043397136836576276, 0.893242614128572, 0.040379297736333926, 0.022980951198517775], [0.04220281191979105, 0.05120194731439828, 0.8770284700840717, 0.029566770581738944], [0.09867471281619146, 0.05917734473562931, 0.08432514179351877, 0.7578228005546604], [0.04150071878877447, 0.037621372705632684, 0.89450463662494, 0.026373271780652904], [0.08120432949023369, 0.0349209663379084, 0.11204797654491619, 0.7718267275269417], [0.9064317001920413, 0.03624862533394861, 0.0321500608334781, 0.025169613540531918], [0.9074141457813689, 0.03769429554240493, 0.03068942260008132, 0.024202135976144776], [0.899007311941494, 0.0443599480685195, 0.030883423693338113, 0.025749316196648428], [0.8838558229063823, 0.048650525686683405, 0.036020171027828986, 0.03147348027910523], [0.8934052072820472, 0.03861136025001084, 0.03878499230713157, 0.02919844006081041], [0.8986507753723463, 0.03403464369919271, 0.037235591973018796, 0.03007898885544218], [0.03527521078865555, 0.045968409923456036, 0.8854727680488504, 0.03328361113903793], [0.08533741991844945, 0.05752446681535109, 0.09081522815013358, 0.7663228850160658], [0.028954539901559672, 0.9168749589033404, 0.033316167873901445, 0.02085433322119847], [0.026623781321489466, 0.9117402280594954, 0.038701131287239614, 0.022934859231775555], [0.057885057727702055, 0.04051968681330834, 0.1696969067338792, 0.7318983486251104], [0.029039748845036538, 0.03517649570434924, 0.9043451822714691, 0.03143857307914508], [0.028800500729815687, 0.047189436463015384, 0.8956998623693497, 0.028310200337819235], [0.05884271552888588, 0.04980599505745967, 0.09118366919914518, 0.8001676201145093], [0.025744678649378988, 0.919166340445737, 0.03666035379176405, 0.018428627013120022], [0.023546601609719203, 0.9171291212996865, 0.038003741133729715, 0.021320535856864553], [0.04188885336488657, 0.04133872114675845, 0.1338334465644234, 0.7829389788239316], [0.024379866423114994, 0.03811938432167404, 0.9072023020908462, 0.030298447064364832]], "ideal": "B", "sampled": "B", "correct": true}}
{"type": "result", "data": {"idx": 14, "options": ["are homologous", "produce gametes", "produce sex hormones", "all of the above"], "probs": [[0.23708912197910606, 0.11764868084695118, 0.12949946231963858, 0.5157627347543042], [0.3769929110626883, 0.21644267437677797, 0.30658993121895955, 0.09997448324157421], [0.20254255376498295, 0.09979078694647751, 0.17003431534480223, 0.5276323438437373], [0.34925041119615186, 0.1814319369228835, 0.32219094514889657, 0.1471267066320681], [0.4489923484024288, 0.19310468721104837, 0.24148486912048298, 0.11641809516603986], [0.39369705902121965, 0.16953060281862173, 0.1770157393191428, 0.2597565987410158], [0.2995815738923076, 0.08868977775179565, 0.12059644069375647, 0.4911322075621403], [0.4886110802127085, 0.1431776668057762, 0.2771562511722935, 0.09105500170922183], [0.28653113545382164, 0.10237958815159649, 0.1447558329354819, 0.46633344335909993], [0.40565001053814165, 0.13916040644534677, 0.36259617587435833, 0.09259340704215326], [0.5344020087899668, 0.25590371892349123, 0.12449213023362282, 0.08520214195291917], [0.5496807343565427, 0.2454044034267415, 0.1087167013499218, 0.0961981607667939], [0.24806005129807215, 0.08861866724526819, 0.14876015704515344, 0.5145611243115062], [0.42850497360712814, 0.1539295315588563, 0.2956339716615682, 0.12193152307244735], [0.285455392895727, 0.12202928196338121, 0.14197705040805653, 0.4505382746328352], [0.40088889602784894, 0.17512133791376364, 0.3338581323759006, 0.09013163358248678], [0.44556378325374757, 0.2918985616227506, 0.13759172576445064, 0.12494592925905124], [0.4769696272974579, 0.2610372725662661, 0.1642601528723088, 0.09773294716396724], [0.3357343921365221, 0.20690844642673453, 0.3123111379979994, 0.1450460233387439], [0.299344807833301, 0.1748030334536272, 0.2118871658828564, 0.31396499273021544], [0.40841131485465504, 0.3304740712355244, 0.1429039058787395, 0.11821070793108104], [0.4146925199591286, 0.2760633918319704, 0.14514066686216956, 0.1641034212467315], [0.34835174676272646, 0.21982137856669431, 0.18898461757200577, 0.24284225699857342], [0.3425547676174584, 0.21953521012449717, 0.2662193993594443, 0.17169062279860017]], "ideal": "D", "sampled": "D", "correct": true}}
{"type": "result", "data": {"idx": 15, "options": ["the cortical activity of these two groups", "the overall brain weights of these two groups", "the cell structure in the hypothalamus of these two groups", "blood volume and metabolism of sugars in the brains of these two groups"], "probs": [[0.03895800241037524, 0.07626675933630774, 0.799923652336772, 0.08485158581654502], [0.052623643681191094, 0.06432372690412859, 0.10476362544537393, 0.7782890038693063], [0.03553794855438701, 0.8081437113733257, 0.0539891930163691, 0.10232914695591809], [0.03459391344295274, 0.8376623924903176, 0.05377037410071442, 0.07397331986601521], [0.06372539190777876, 0.07980495987798032, 0.11025540940312463, 0.7462142387111163], [0.04197564551441601, 0.08617447733117259, 0.8028294832081813, 0.06902039384623009], [0.035346859516649544, 0.07251091570840294, 0.7970290480140425, 0.095113176660905], [0.04263412388878339, 0.05546907459528043, 0.11067182074847566, 0.7912249806674605], [0.02974320638337631, 0.8279556729151956, 0.04837255212323342, 0.09392856847819468], [0.027186372880525955, 0.8717779993917137, 0.046048764086108945, 0.054986863541651367], [0.04740412638765672, 0.061201327910889336, 0.12133512170893575, 0.7700594238925182], [0.03325728376260546, 0.07094340876441174, 0.8245018842662684, 0.0712974231067144], [0.6645970393395197, 0.08339640559462516, 0.08838424896596354, 0.1636223059998915], [0.6846764750153169, 0.08007691085282763, 0.11773053205696318, 0.11751608197489226], [0.6488434929355005, 0.08267601892469979, 0.08303198529527833, 0.18544850274452146], [0.6984350628569029, 0.07623854967011656, 0.09456959295392868, 0.13075679441905183], [0.7305600639733216, 0.06452888465908302, 0.12087425342769076, 0.08403679783990459], [0.7238089495457273, 0.06972937337155254, 0.10431294964934054, 0.10214872733337961], [0.04095609470436163, 0.05323776954909094, 0.08534873989358618, 0.8204573957529613], [0.034614433502301055, 0.07265207360168649, 0.8168190929882502, 0.07591439980776231], [0.04044762908007379, 0.054666108155756885, 0.09489498074383586, 0.8099912819203334], [0.029024820290377288, 0.06742899127699326, 0.8336424566317192, 0.0699037317009102], [0.03373819823553475, 0.8308120028628634, 0.059880947097026425, 0.07556885170457547], [0.03135135223020392, 0.8353987864380863, 0.05844359096874376, 0.07480627026296605]], "ideal": "C", "sampled": "C", "correct": true}}
{"type": "result", "data": {"idx": 16, "options": ["sociobiology", "psychoanalytic theory", "script theory", "social learning theory"], "probs": [[0.0770729035062011, 0.10316582023065785, 0.5383435487208849, 0.2814177274422562], [0.05962887667214485, 0.10389619126070329, 0.7542375780961129, 0.08223735387103888], [0.0933300026164751, 0.37494331315177887, 0.10629931012000117, 0.42542737401174485], [0.07155492475903895, 0.18690577983056061, 0.6726839246382932, 0.06885537067210722], [0.05510548378485393, 0.7971946418115221, 0.06335579461665652, 0.08434407968696739], [0.05100107078486877, 0.8154808695808962, 0.09149441662645887, 0.04202364290777623], [0.10025698242420315, 0.07352060495234723, 0.4690897254583659, 0.3571326870650837], [0.0765929875143011, 0.08224924520692618, 0.7596094577453976, 0.08154830943337509], [0.13798253956456338, 0.37412144701055255, 0.06700157722914041, 0.4208944360957437], [0.11970514134023177, 0.2232430601319725, 0.5973123573671306, 0.05973944106066512], [0.07445202933517701, 0.8058055222526284, 0.053939753480965594, 0.06580269483122897], [0.07034687319013426, 0.7910003477810756, 0.10537504208245109, 0.03327773684633904], [0.10940534713334447, 0.07483325451858021, 0.1620126269886232, 0.6537487712594521], [0.07272175373653637, 0.07224805329398798, 0.797558808356095, 0.05747138451338057], [0.15202929417824282, 0.11755664163151462, 0.08615370286483148, 0.6442603612254111], [0.09468793934315757, 0.1001476209637037, 0.754454200462231, 0.05071023913090772], [0.10912873053071741, 0.7853749539918919, 0.05102042203296923, 0.05447589334442146], [0.11648838488571646, 0.7588461921823091, 0.07564855056194689, 0.049016872270027614], [0.5249503137029953, 0.07865034612263243, 0.12181907618722128, 0.274580263887151], [0.4192552676710579, 0.07286187679954471, 0.40397594549299964, 0.10390690993639771], [0.5834837046201231, 0.11995963929823941, 0.06858362358992348, 0.22797303239171401], [0.3340959300377049, 0.10417126273322376, 0.5029164031079618, 0.05881640402110955], [0.5567597399136851, 0.31446356983900636, 0.04719542177423153, 0.08158126837307696], [0.5237765370207638, 0.3334222472880651, 0.082964182818925, 0.059837032772246224]], "ideal": "D", "sampled": "D", "correct": true}}
