{"type": "result", "data": {"idx": 0, "options": ["It demonstrates the difference between the internal and the external aspect of a rule.", "It refutes the natural lawyer' view of the role of morality in law.", "It explains the nature of power-conferring rules.", "It illuminates the concept of a rule."], "probs": [[0.43363315581342415, 0.11069530415272075, 0.15352270695031064, 0.30214883298354445], [0.41526502676078253, 0.11359806442315412, 0.3556428577815704, 0.11549405093449291], [0.40828632757671696, 0.11274478510353748, 0.16638044512875705, 0.3125884420909885], [0.4573609002574027, 0.11933694211447367, 0.3000677272387446, 0.12323443028937903], [0.5557262896935729, 0.18022654948816477, 0.14479818938714675, 0.11924897133111557], [0.5649480861229113, 0.183113695536971, 0.12392974735994927, 0.12800847088016845], [0.29676261983470736, 0.2391977047561478, 0.1530897192964308, 0.310949956012714], [0.2686741471919328, 0.27807800221991325, 0.32775394590291856, 0.1254939045852354], [0.23412499796213682, 0.12488396930450148, 0.41593002339174906, 0.22506100924161265], [0.25165991847710883, 0.13204927150854495, 0.3422046150429496, 0.2740861948713966], [0.25215730632161737, 0.19402786030977504, 0.4447806576518135, 0.10903417561679404], [0.31192028984169706, 0.1989078700180802, 0.18226209552644126, 0.3069097445137815], [0.2803967296796782, 0.2314376532800026, 0.1626043617562768, 0.3255612551840424], [0.2896236988724615, 0.28132413976585546, 0.2948859841860694, 0.13416617707561362], [0.23032330543390153, 0.10920398912565528, 0.43560481981494464, 0.22486788552549855], [0.23311089223608494, 0.11045547651553345, 0.3945063944143725, 0.2619272367340091], [0.26895907117778023, 0.16608339298966587, 0.44510214853153857, 0.11985538720101531], [0.3074278235128058, 0.15990263222049045, 0.20026007292652245, 0.3324094712401813], [0.4029303668653257, 0.3674602994712206, 0.11739738679554143, 0.11221194676791228], [0.4007182478611033, 0.3710009510593296, 0.11227812784201864, 0.11600267313754845], [0.32414375283410324, 0.12336267723268413, 0.45167885187167345, 0.10081471796153918], [0.40283388474525644, 0.12123658529281696, 0.18172295796705254, 0.29420657189487404], [0.35068730145027815, 0.129311463493565, 0.4110502026604947, 0.10895103229566211], [0.39027328821566254, 0.12407808287400185, 0.17737446062823398, 0.3082741681821016]], "ideal": "D", "sampled": "A", "correct": false}}
{"type": "result", "data": {"idx": 1, "options": ["It is misinterpreted as a prediction.", "His concept of status is misrepresented.", "It is taken literally.", "His idea is considered inapplicable to Western legal systems."], "probs": [[0.3252012729319574, 0.14763648806526106, 0.3058260976962393, 0.22133614120654221], [0.33600922414253104, 0.1368460316269037, 0.2329293717828109, 0.29421537234775436], [0.3007970570742064, 0.19093104057005825, 0.25549124145985336, 0.25278066079588196], [0.27863256385963886, 0.16783302280862272, 0.2795688336615316, 0.2739655795702068], [0.29388359538802816, 0.1345223664039826, 0.3018330959525087, 0.2697609421554806], [0.2533720750359548, 0.12453021945699158, 0.35864940549310814, 0.26344829991394547], [0.20733563290943147, 0.15906631707945773, 0.41350164389198113, 0.22009640601912964], [0.2310905112582551, 0.17749638157036882, 0.2729998948748054, 0.31841321219657065], [0.2055941464811969, 0.17447631839302277, 0.3820592633428251, 0.23787027168295524], [0.22512980474157318, 0.20217095915951092, 0.2722660085961948, 0.30043322740272105], [0.1636064885539686, 0.11264059271875917, 0.44308538569976447, 0.28066753292750773], [0.14407729993752336, 0.09992406441818757, 0.47814446326671534, 0.27785417227757375], [0.24187025785814364, 0.1899080751632694, 0.2835150105001386, 0.28470665637844833], [0.20912073550517282, 0.15092383323590708, 0.303020566671587, 0.3369348644873331], [0.25152533869127486, 0.1812422993412823, 0.31385033851926697, 0.2533820233481759], [0.23615367708228827, 0.15513749419091477, 0.2878907620618939, 0.3208180665649031], [0.19555265113383383, 0.12079115635651201, 0.3876229005597168, 0.2960332918499373], [0.18590035650661393, 0.10889279000223269, 0.3958079454388553, 0.3093989079522981], [0.16775774954071934, 0.25607368347468257, 0.3121005594418277, 0.2640680074427704], [0.15648094284402966, 0.235559261881377, 0.3459666176082416, 0.2619931775663517], [0.17041403561360302, 0.18771899304059483, 0.3799322062330653, 0.2619347650127368], [0.15999068854694912, 0.1680428285405184, 0.3707182186043155, 0.301248264208217], [0.128054061755217, 0.13766016939424977, 0.48952017021409233, 0.2447655985364409], [0.13459089196482127, 0.14236812079960798, 0.42637669400516065, 0.2966642931304101]], "ideal": "A", "sampled": "A", "correct": true}}
{"type": "result", "data": {"idx": 2, "options": ["Depression of the 1930", "The rise of Fascism", "The international recognition of human rights after World War II", "The Bolshevik Revolution"], "probs": [[0.23051632251471857, 0.26747053061819037, 0.3146138097146309, 0.18739933705246017], [0.13150599597569523, 0.17703303692954706, 0.17247265575591558, 0.5189883112388421], [0.2816388182817921, 0.3369018284534455, 0.20068003828247105, 0.18077931488229135], [0.25885633788752344, 0.3456017827166029, 0.20420017259165874, 0.19134170670421494], [0.13855509665050014, 0.1725780095371583, 0.17893377211292041, 0.5099331215994212], [0.2093288867066254, 0.2776170033293954, 0.2746525663659613, 0.23840154349801795], [0.2768861055097259, 0.26805546877087816, 0.27598887679201173, 0.17906954882738418], [0.1368399221509969, 0.19142722511084234, 0.1879776361999397, 0.48375521643822106], [0.3160284412182976, 0.3156059038978234, 0.21302787640009102, 0.15533777838378798], [0.3073907494237592, 0.3170427977721745, 0.22074569759545626, 0.15482075510861001], [0.16010004757532004, 0.20562454178734363, 0.22002070305593122, 0.41425470748140514], [0.2605226480388801, 0.2884971625220072, 0.26408274385179276, 0.18689744548731999], [0.35366645106611905, 0.26251583264496103, 0.22051851602066613, 0.16329920016825375], [0.3116823798343008, 0.26851309322763345, 0.22901691277889205, 0.1907876140591737], [0.36202135678485803, 0.29494491216571117, 0.19448672233067188, 0.14854700861875889], [0.3605233919104008, 0.2939399094901619, 0.19389800147567346, 0.1516386970237639], [0.3097804738304112, 0.3218775939339745, 0.1916578234293458, 0.17668410870626844], [0.3554318633062733, 0.30134649265694213, 0.18530588235755122, 0.1579157615792334], [0.14759232542208098, 0.16858587169707392, 0.18177359346043057, 0.5020482093204145], [0.2592983284228773, 0.25909251358142155, 0.26262873799899616, 0.21898041989670497], [0.1602542596970956, 0.17457955104094025, 0.22718159039078042, 0.4379845987711837], [0.25725440635168506, 0.25135721255666493, 0.2933022204760134, 0.19808616051563657], [0.284428362287873, 0.3098266468606507, 0.21739732050803887, 0.18834767024343743], [0.30685096976072723, 0.31152272221311045, 0.217034205772631, 0.16459210215353132]], "ideal": "C", "sampled": "C", "correct": true}}
{"type": "result", "data": {"idx": 3, "options": ["There is no distinction between the two forms of legal reasoning.", "Judges are appointed to interpret the law, not to make it.", "It is misleading to pigeon-hole judges in this way.", "Judicial reasoning is always formal."], "probs": [[0.2847126339176902, 0.16949401289037644, 0.40882851451038377, 0.13696483858154965], [0.2305028839403655, 0.13728164748733732, 0.19904933267551958, 0.4331661357967776], [0.3688679180811035, 0.27320152794985175, 0.18866194051547996, 0.1692686133535648], [0.34054719383448717, 0.2502716108825391, 0.20523282271857649, 0.20394837246439726], [0.24025162635956074, 0.1487978167145682, 0.16283208858078, 0.44811846824509105], [0.24489495885590398, 0.15649812388339648, 0.42430282899377064, 0.1743040881669289], [0.2852835889184491, 0.16200941437331812, 0.43255676848086727, 0.12015022812736546], [0.2330314710638186, 0.14421282062521193, 0.19494350871236965, 0.4278121994985998], [0.35091351570634727, 0.298942404892496, 0.21979340728668303, 0.13035067201447367], [0.2721693379707762, 0.23374320467418722, 0.21216772269080664, 0.28191973456423], [0.229469474688032, 0.1548081166170982, 0.23519473915140174, 0.38052766944346805], [0.23740472754803954, 0.15885703333901954, 0.40776046441049546, 0.19597777460244548], [0.4978592620397003, 0.19251073950759148, 0.1775817291572634, 0.13204826919544477], [0.45856449003402333, 0.18733692167316085, 0.181091397982608, 0.17300719021020783], [0.46256082332995946, 0.18602665598439522, 0.2238343755901009, 0.12757814499554443], [0.35118751667839565, 0.15520965588896116, 0.22344797181493822, 0.27015485551770496], [0.4109591902524425, 0.2156227113928749, 0.20039230881702152, 0.17302578943766106], [0.35734617174052774, 0.2043609141449279, 0.16763367997469528, 0.2706592340398491], [0.20248178852451326, 0.12839882839819258, 0.16422199690022934, 0.5048973860770648], [0.1911915873579768, 0.12613456688248004, 0.5422387991459057, 0.14043504651363745], [0.18865946636174014, 0.12348097276499517, 0.24270299978746096, 0.4451565609858037], [0.19346932151377635, 0.12961802271554163, 0.48411761172095485, 0.19279504394972716], [0.27921442926649653, 0.2872592678113942, 0.24678865459528365, 0.1867376482268256], [0.26830985339849733, 0.26539360683309676, 0.1748186893640374, 0.2914778503043685]], "ideal": "C", "sampled": "C", "correct": true}}
{"type": "result", "data": {"idx": 4, "options": ["The POP will choose wealth over a compassionate society.", "The POP will choose equality over power.", "The POP will be unselfish.", "The POP will choose to protect the disabled."], "probs": [[0.20627288518273423, 0.5657346844107422, 0.12149278073288017, 0.1064996495736434], [0.2179069567531062, 0.5612905150379094, 0.10473643476369646, 0.11606609334528795], [0.18790724081556615, 0.16082215906644073, 0.5368712147858017, 0.11439938523219141], [0.23557568031090553, 0.1938355329214423, 0.1583013612632986, 0.4122874254043536], [0.19120698595498292, 0.13571044396859966, 0.5421719985010854, 0.13091057147533194], [0.22541746977321564, 0.1514191112626569, 0.19302362828901046, 0.430139790575117], [0.4667250235373939, 0.14116886905397708, 0.22406488809342345, 0.16804121921520557], [0.4956511113459926, 0.1354047534862577, 0.19873040625876046, 0.17021372880898925], [0.4170344036513642, 0.15217126807242512, 0.263175102412822, 0.16761922576338867], [0.4335074036724323, 0.16187895875632607, 0.16454084234909314, 0.24007279512214852], [0.4423552719541646, 0.1469348261406989, 0.2462986821957485, 0.16441121960938807], [0.4292105137872639, 0.15537987647886967, 0.1681263148616511, 0.24728329477221533], [0.15290284734014417, 0.12891814833078163, 0.6022776601738862, 0.11590134405518804], [0.20138037802888922, 0.15824401848653077, 0.20811767004189918, 0.4322579333426808], [0.22501707745379346, 0.4587309496757896, 0.17150114986079, 0.14475082290962696], [0.20646310465843468, 0.49960570031193796, 0.12738503894083517, 0.16654615598879216], [0.1745349932633899, 0.13712314238345727, 0.31658137462986385, 0.37176048962328895], [0.1690820058737594, 0.13075839371441725, 0.5431328577193739, 0.15702674259244942], [0.19161789973926205, 0.11818847587365326, 0.5831435582863876, 0.10705006600069697], [0.2395195478032986, 0.14883605912573813, 0.20198283786567567, 0.4096615551052876], [0.26376961086916073, 0.4455732735204207, 0.16661736864466034, 0.12403974686575824], [0.2490161676223918, 0.4548175395292995, 0.12442551648133526, 0.17174077626697345], [0.19397595522848143, 0.10638236998447895, 0.3490690588602042, 0.3505726158268354], [0.17326062270530626, 0.1035302019190746, 0.5696701790690655, 0.15353899620655367]], "ideal": "A", "sampled": "B", "correct": false}}
{"type": "result", "data": {"idx": 5, "options": ["Law and Economics", "Critical Legal Studies", "Historical", "Natural Law"], "probs": [[0.8885762442134247, 0.05283047837503949, 0.039291133774452626, 0.019302143537083153], [0.8917267439819421, 0.04904421066170189, 0.03762080448805325, 0.021608240768302735], [0.8846526309829799, 0.0591566722623832, 0.03318783702346796, 0.023002859631168916], [0.8765576823812937, 0.06487939014841618, 0.03612608230990958, 0.022436845060380507], [0.8932078546376483, 0.050676968321180293, 0.03430553550902824, 0.02180964143214313], [0.8849650969319275, 0.0596234558195754, 0.0361883257613187, 0.01922312138717835], [0.09974549301014116, 0.7974201113245383, 0.07486013015556729, 0.027974265409753292], [0.10226604396418384, 0.7869483251303074, 0.071563793349708, 0.03922183745580067], [0.10446478581076464, 0.14702823975744173, 0.6982808216451815, 0.050226152686612166], [0.09270185162167195, 0.1082167766267863, 0.10996597177206047, 0.6891153998794812], [0.08446078180312626, 0.11618000233784792, 0.7364564639479464, 0.06290275181107943], [0.10093047393645987, 0.10156939847072483, 0.13567668097095412, 0.6618234465218612], [0.1672169428942299, 0.7328795189297851, 0.06664084841352871, 0.03326268966245628], [0.16271797063389404, 0.7356557954954936, 0.06849503618531486, 0.03313119758529749], [0.08225262939946605, 0.11140227358196617, 0.7639122036971379, 0.0424328932214299], [0.07940564338912454, 0.09716912234325968, 0.11102319260114105, 0.7124020415664748], [0.09392473810745026, 0.12231677723824906, 0.7460258574558354, 0.037732627098465324], [0.06971072994122035, 0.0770745632629233, 0.09900168852259335, 0.754213018173263], [0.11720466746385569, 0.783350665167208, 0.06188941796081818, 0.0375552493081182], [0.11601185074933099, 0.7933651050421668, 0.06468085297231968, 0.025942191136182506], [0.0874880539167646, 0.10295906508490425, 0.7511586434215369, 0.0583942374767942], [0.09898184091380094, 0.09578820919348251, 0.12498920968431237, 0.6802407401084042], [0.11085358510457455, 0.1377659825351465, 0.7071955483208217, 0.04418488393945736], [0.09450888814524128, 0.09296477776046116, 0.08733776435349626, 0.7251885696408013]], "ideal": "A", "sampled": "A", "correct": true}}
{"type": "result", "data": {"idx": 6, "options": ["All commands include some sanction.", "The concept of a command contains the likelihood that a sanction will follow failure to obey the command.", "Without a sanction the mere expression of a wish is not a command.", "A command confers power to change one's legal status."], "probs": [[0.28574731517337365, 0.22470079025315148, 0.32619130122094847, 0.16336059325252641], [0.2804568707662506, 0.21399945018535665, 0.21651598808984437, 0.2890276908585484], [0.2952923266381469, 0.25514940185228774, 0.26841703854550064, 0.1811412328640647], [0.28613177365379894, 0.2324921672185054, 0.20895135711951715, 0.27242470190817847], [0.29032289978938813, 0.18959587810527748, 0.25396811959588006, 0.26611310240945435], [0.2919210493272685, 0.19660544393480722, 0.271843850585456, 0.2396296560524683], [0.31094818377519984, 0.22968766896550735, 0.2987638324568773, 0.16060031470241545], [0.2946533008318531, 0.20473565464260723, 0.21533257087897506, 0.2852784735465646], [0.3223177146243937, 0.25753774852654254, 0.23564120773639427, 0.18450332901266947], [0.3107886910127749, 0.2561546861869242, 0.21494825182195762, 0.21810837087834328], [0.29700668315569717, 0.19535102565044082, 0.23111558415148045, 0.2765267069423816], [0.31092299618042174, 0.20917384879402387, 0.29186947826196047, 0.1880336766635939], [0.3094052970099988, 0.2285634428034147, 0.27940243479795696, 0.1826288252886295], [0.29714448585270875, 0.2130301838764687, 0.20887018181694808, 0.2809551483538745], [0.30852848748055084, 0.2582044937680917, 0.24393003049929504, 0.18933698815206243], [0.2987656384039863, 0.25602433845893335, 0.21323830522664775, 0.2319717178104326], [0.2983913852747036, 0.19023723258726355, 0.23582452097372666, 0.2755468610643062], [0.2971997558773387, 0.19682058690010248, 0.2991592883764561, 0.20682036874610263], [0.3048613621755354, 0.1840398731041708, 0.25259583809538216, 0.2585029265249117], [0.3091149627853269, 0.195576757173054, 0.26421928403119527, 0.2310889959104238], [0.2996094956519878, 0.19250322246876062, 0.23324182179808922, 0.27464545998116235], [0.3043956620211936, 0.2047963348662351, 0.30669553693913204, 0.18411246607343917], [0.3128207418850389, 0.19631305920047587, 0.23593796000320563, 0.2549282388112796], [0.31053543550448814, 0.20729455658649543, 0.29140067531831737, 0.19076933249069902]], "ideal": "D", "sampled": "C", "correct": false}}
{"type": "result", "data": {"idx": 7, "options": ["By denying its existence.", "By explaining the difference between the common law and civil law.", "By distinguishing certain features of the English legal system that facilitated the development of capitalism.", "By recognizing the importance of legitimate domination."], "probs": [[0.11487273236502356, 0.14961479227349034, 0.6244828569624342, 0.11102961829905189], [0.14874519184614116, 0.1878067822893391, 0.328449780782253, 0.3349982449822667], [0.09973647370133464, 0.7664252461737988, 0.06218018335838056, 0.071658096666486], [0.09813450618790892, 0.7834499156513078, 0.07667287869207622, 0.04174269936870703], [0.16744984435180454, 0.3173558366375331, 0.13483184373771123, 0.38036247517295113], [0.15427046667872382, 0.22546414524749991, 0.5447847720856496, 0.07548061588812671], [0.10142449882469852, 0.1202603560527055, 0.6756166714407406, 0.10269847358185542], [0.11979396818563408, 0.11506548694213176, 0.42949766556345453, 0.3356428792087796], [0.1427171666575023, 0.6059505297684412, 0.10078336967426493, 0.1505489337997916], [0.14418199549528082, 0.6454901646513209, 0.1391267318949546, 0.07120110785844361], [0.17469598351162127, 0.2576632499437161, 0.13520883022386773, 0.4324319362207949], [0.15605718244669572, 0.22095147266901177, 0.5256710765507653, 0.0973202682335272], [0.5863081593855464, 0.1452347134938622, 0.11180729001360311, 0.15664983700698834], [0.5761845197128923, 0.14476351654219666, 0.19420613635931672, 0.0848458272855943], [0.5637566530700526, 0.125215025609355, 0.13068628504588103, 0.1803420361747113], [0.578212946241712, 0.14190606031382788, 0.1919794429359376, 0.08790155040852243], [0.6721083516305603, 0.16224534847496597, 0.09662040203257172, 0.06902589776190204], [0.6783093809403172, 0.1689448803494309, 0.08026771246584255, 0.0724780261444093], [0.2779130513130993, 0.13943839938564667, 0.18828724971226865, 0.39436129948898535], [0.1816871938179122, 0.1443394890929884, 0.5979833691413756, 0.07598994784772378], [0.2670205195425084, 0.15180627773962865, 0.15839868546334385, 0.42277451715451914], [0.20736043925597558, 0.15965653058990673, 0.5354520281409727, 0.09753100191314497], [0.2726154787634674, 0.5667755941048087, 0.09514009028556775, 0.06546883674615611], [0.285208944727405, 0.5788711395112633, 0.07005743786077634, 0.06586247780055526]], "ideal": "C", "sampled": "C", "correct": true}}
{"type": "result", "data": {"idx": 8, "options": ["It is a sin for humans not to apply reason.", "The principles of natural law are discoverable by reason.", "Natural law does not apply without good reason.", "The law of nature is the basis of all positive law."], "probs": [[0.1255662236658999, 0.6929009476282412, 0.08691625943776983, 0.09461656916808911], [0.11231773915139859, 0.6965158010198005, 0.09749812577822818, 0.0936683339505727], [0.10736684525204702, 0.09377510215912352, 0.6791503569374336, 0.11970769555139579], [0.09186856584626506, 0.08030070483329618, 0.1452774874017022, 0.6825532418187366], [0.1040701549482445, 0.09590875989055347, 0.6578862078229748, 0.1421348772382272], [0.0943413856080581, 0.08568558458042473, 0.13576454806022725, 0.6842084816512899], [0.6045586646357209, 0.1393787604245866, 0.12302185960439047, 0.133040715235302], [0.550953184715555, 0.138425418493074, 0.1407165911332651, 0.1699048055581059], [0.6015859514582258, 0.1387182983044382, 0.13138054897278498, 0.128315201164551], [0.6131034310114185, 0.1422724383249931, 0.11999015151283825, 0.12463397905075009], [0.5517717167711341, 0.1429404658812534, 0.14428034853327942, 0.1610074687143331], [0.5835433688704263, 0.1453159771016356, 0.12451505845307487, 0.14662559547486317], [0.08904901758362926, 0.08883074537773611, 0.7068604720889906, 0.11525976484964401], [0.0874787128441378, 0.07301739656953046, 0.16303432107602142, 0.6764695694103103], [0.11336676859740306, 0.7041696361803892, 0.09697102826587486, 0.0854925668563329], [0.11383788371317072, 0.7115355782358759, 0.09656671505623027, 0.07805982289472313], [0.09720933870934927, 0.08497697493971369, 0.13892473900082572, 0.6788889472501113], [0.11302400871672474, 0.11084197212745538, 0.6559847446027494, 0.12014927445307047], [0.13235532348622117, 0.09289118768820574, 0.5937140781328425, 0.1810394105927306], [0.14575082496588726, 0.08965160218926613, 0.1523387626358151, 0.6122588101090315], [0.17771280240947276, 0.5893738513968791, 0.11369267172316215, 0.11922067437048593], [0.19691809129602061, 0.5941715570315408, 0.10122225725135113, 0.10768809432108752], [0.15087165752608395, 0.10198092003722277, 0.16030765351654935, 0.5868397688201439], [0.15122933684267278, 0.11372978984172302, 0.5985572337505691, 0.1364836394650351]], "ideal": "B", "sampled": "B", "correct": true}}
{"type": "result", "data": {"idx": 9, "options": ["Women can achieve equality through political pressure.", "Equality is impossible because men define women as different.", "The idea of 'woman' needs to be redefined.", "The world is phallocentric and oppressive."], "probs": [[0.2609034815304367, 0.2537647523293162, 0.2724013368870807, 0.21293042915316637], [0.26736651653209603, 0.24251036749543903, 0.24831106146276635, 0.2418120544096986], [0.23137299258360652, 0.22676074026168072, 0.31752718911246475, 0.22433907794224797], [0.24643900599573842, 0.22338942689700633, 0.2592532452347862, 0.27091832177246905], [0.2693874956124225, 0.2224910656508816, 0.2425063509626928, 0.2656150876740031], [0.25722257450135844, 0.21569637426199925, 0.23521062290748054, 0.2918704282291617], [0.26354769262342237, 0.21584084949482032, 0.2861042661098279, 0.23450719167192938], [0.281115574262443, 0.21136392105629032, 0.2610789653880123, 0.24644153919325434], [0.2754515666171895, 0.2873043672854836, 0.2053444652747734, 0.23189960072255353], [0.2733881269577844, 0.27623487438219557, 0.2535974790202192, 0.19677951953980083], [0.29076187500004624, 0.24004900870087792, 0.22028133776303685, 0.24890777843603898], [0.2768156138393341, 0.2411201328632613, 0.2889119303617, 0.19315232283570455], [0.24045118630217172, 0.20158454485215796, 0.317313511179754, 0.24065075756591633], [0.25741488122474254, 0.19960095283778687, 0.27074844045834956, 0.27223572537912105], [0.28048640904730704, 0.23694762938257308, 0.23694762938257308, 0.24561833208754683], [0.27955238342157634, 0.23058429473810488, 0.27389807853951437, 0.21596524320080443], [0.26805672046841833, 0.21777458486763446, 0.21944375333975757, 0.29472494122418963], [0.28156256253343676, 0.24720295892861618, 0.2396187746341999, 0.23161570380374713], [0.26072864556408437, 0.19012764734538098, 0.2459926495011333, 0.3031510574894013], [0.24622942871715145, 0.18951052707789456, 0.2571898438850622, 0.3070702002198918], [0.27349780764685816, 0.20408367196290794, 0.23302346914061603, 0.2893950511496179], [0.261053361301941, 0.2103642138736948, 0.3236630059056572, 0.20491941881870696], [0.24995603409759165, 0.23376116850903023, 0.20474355530907362, 0.3115392419843045], [0.2693475879945531, 0.2743444834118558, 0.22401611325764786, 0.2322918152359432]], "ideal": "A", "sampled": "C", "correct": false}}
{"type": "result", "data": {"idx": 10, "options": ["John Rawls", "Stammler", "Jerome Hall", "John Finns"], "probs": [[0.1300390680010079, 0.2544790842051998, 0.4259315494160827, 0.1895502982777096], [0.11036226147248668, 0.22655738916975038, 0.1774751364804372, 0.48560521277732577], [0.15352175670752255, 0.34327428506534924, 0.27570225964107026, 0.2275016984860579], [0.13039740011568543, 0.27631719152774276, 0.16995058221684736, 0.42333482603972444], [0.12360790286861238, 0.16758545107753312, 0.31756339324762817, 0.3912432527062263], [0.11669292038943628, 0.16560873017423636, 0.43929295745659647, 0.2784053918797309], [0.16383338974764575, 0.13357244032559887, 0.4885418268984228, 0.21405234292833258], [0.18784566312299777, 0.1271751428137843, 0.1876620659296258, 0.4973171280335921], [0.33833715820411764, 0.3257391799025712, 0.1099056468780053, 0.22601801491530588], [0.33701901653132393, 0.3243885531332683, 0.20934866124376253, 0.12924376899164522], [0.17263192912306827, 0.17018210379024923, 0.09686071881098361, 0.5603252481756988], [0.29834317268895366, 0.28911169498915096, 0.27355783359778696, 0.13898729862410836], [0.23653786667193305, 0.15993515668893427, 0.411652969925575, 0.19187400661355766], [0.21511166116100655, 0.13065064146777777, 0.1740674104228506, 0.48017028684836505], [0.3261388685737241, 0.37251962892799007, 0.11360766500324886, 0.187733837395037], [0.3221304262314662, 0.37063752277829143, 0.19996158180449644, 0.10727046908574592], [0.21129782422516066, 0.18829233715015514, 0.10219517289388862, 0.49821466563079553], [0.3096749782252581, 0.2688899039953278, 0.299968332022234, 0.1214667856571801], [0.1504597239114345, 0.11717814380514285, 0.34666711605102823, 0.3856950161323944], [0.1377727507414862, 0.12241951101346597, 0.5191501262454815, 0.22065761189956626], [0.13641470974246564, 0.16095918775139156, 0.09231702443742763, 0.6103090779687151], [0.2541794852413714, 0.2925320056542883, 0.3339324394706472, 0.1193560695336931], [0.170490385355071, 0.18764890868313855, 0.09643695574360044, 0.54542375011819], [0.2599933030944363, 0.2809859090321751, 0.3259799334387866, 0.13304085433460197]], "ideal": "B", "sampled": "C", "correct": false}}
{"type": "result", "data": {"idx": 11, "options": ["Historical", "Analytical", "Command", "Sociological"], "probs": [[0.03515632463325785, 0.05654216950768373, 0.1672358220917978, 0.7410656836672606], [0.04329469038375887, 0.08599909362082327, 0.8167421190490336, 0.05396409684638424], [0.056071721429520396, 0.09603153239743872, 0.10133402124027863, 0.7465627248327622], [0.04577815802433417, 0.10461392763818884, 0.7920974315187064, 0.05751048271877065], [0.05653354714544253, 0.8216885006917248, 0.066728251422804, 0.05504970064002863], [0.051550463028873006, 0.816487494090833, 0.08442486853211599, 0.04753717424817796], [0.03429267631782413, 0.05514709774182082, 0.15928645786435505, 0.751273767976], [0.04159722151362051, 0.09005445281579759, 0.8160666780199618, 0.05228164755062005], [0.04834423778675456, 0.09456354026431656, 0.1045029049819921, 0.7525893168669368], [0.04735490198825432, 0.11884038068136428, 0.7761343554451359, 0.0576703617852455], [0.08258364348777816, 0.7805840968305109, 0.06910204141641056, 0.06773021816530034], [0.06795251419425362, 0.7869485078482796, 0.09743069183918088, 0.04766828601828585], [0.057806930504509635, 0.08601560859342645, 0.09886619926470024, 0.7573112615373637], [0.04591539822899279, 0.10173035298316976, 0.7942029744240338, 0.05815127426380363], [0.05693145980024971, 0.08881409846492422, 0.09587781482476866, 0.7583766268100575], [0.05250937333775151, 0.1059221370603896, 0.7837709508852708, 0.057797538616588096], [0.15869876622536194, 0.6648382494318369, 0.085636220225799, 0.09082676401700214], [0.13582459568925973, 0.6916907509700118, 0.08978327438952181, 0.0827013788512067], [0.3729370943214215, 0.11212495302405132, 0.2404947054293078, 0.27444324712521934], [0.367913690411659, 0.10469923089366794, 0.33710923536394655, 0.1902778432307265], [0.3557677182657027, 0.1363508484436327, 0.2224758697809349, 0.2854055634097297], [0.33534052464975483, 0.1216115784283325, 0.37372812068110456, 0.16931977614080815], [0.5168576759051345, 0.2105562804345891, 0.1080971194979169, 0.16448892406235946], [0.5143421483398032, 0.2230738335279757, 0.113623109210957, 0.1489609088212641]], "ideal": "D", "sampled": "D", "correct": true}}
{"type": "result", "data": {"idx": 12, "options": ["Conflict.", "Love.", "War.", "Reciprocity."], "probs": [[0.11549688072819168, 0.1770135865638618, 0.20307613627525753, 0.504413396332689], [0.1101524241914897, 0.13448186317590533, 0.6898024132888321, 0.06556329924377295], [0.08937371175768015, 0.08906777600356347, 0.4344349399267044, 0.38712357221205196], [0.11104089102833378, 0.10651679384513418, 0.6955584805179326, 0.08688383450859942], [0.10761496607401114, 0.7565797172023903, 0.0889172507553236, 0.046888065868275], [0.10635412990681939, 0.7422317099820286, 0.08128257658378268, 0.07013158342736929], [0.13812868089891006, 0.14570995946693716, 0.1920999855788179, 0.5240613739553348], [0.14573427490422586, 0.13751989089365887, 0.6470575686993263, 0.06968826540278891], [0.1362816135830977, 0.12673581022949681, 0.3407965999738299, 0.3961859761135756], [0.0687640679232406, 0.0935799103375825, 0.7859425514674185, 0.05171347017175837], [0.15002969017636794, 0.6870929649313611, 0.09279566326402262, 0.07008168152824834], [0.14214693590924354, 0.7138018303836106, 0.08262540737785966, 0.0614258262292862], [0.1104583707204757, 0.15292244692338797, 0.3520933582402829, 0.38452582401585345], [0.11897332574648015, 0.1398442727141092, 0.6627778607771977, 0.07840454066221293], [0.10634155728858577, 0.3169336365879585, 0.2422570622061387, 0.33446774381731703], [0.0734706139613782, 0.135630455804952, 0.7297299559933335, 0.06116897414033631], [0.12159348841891454, 0.709060300680716, 0.0853050710875162, 0.08404113971285328], [0.13110240608843812, 0.7067910063488526, 0.10178103511159622, 0.060325552351113094], [0.7614539860917623, 0.08929637073577557, 0.09234830736190469, 0.05690133571055742], [0.7362754289347115, 0.08405712183426829, 0.08527418161616689, 0.09439326751485323], [0.7798126834018627, 0.08787737000206179, 0.07965253325626644, 0.05265741323980901], [0.7915548062179272, 0.08553291187253909, 0.07424092456306403, 0.048671357246469656], [0.7363057417497735, 0.08289069924606865, 0.09215635413873766, 0.0886472047654202], [0.7407139986039648, 0.0838936557345811, 0.1200247509632626, 0.055367594598191544]], "ideal": "D", "sampled": "D", "correct": true}}
{"type": "result", "data": {"idx": 13, "options": ["That there is no distinction between law and morality.", "That there is a distinction between right and wrong.", "That facts about the world or human nature cannot normally ordain what ought to be", "That human rights are fundamentally unsound."], "probs": [[0.32763865047685065, 0.2059396658586903, 0.32407619980284813, 0.1423454837616109], [0.23039564604865398, 0.1669502605658557, 0.1371084965861722, 0.4655455966993181], [0.32372958515449085, 0.2653887113431716, 0.3055793758575885, 0.10530232754474905], [0.32565608860019746, 0.24710262003381597, 0.1221103006636453, 0.3051309906023412], [0.13845222464931126, 0.06799640151197134, 0.4865739985365519, 0.3069773752021655], [0.19236135194223722, 0.0846329169690478, 0.3314331124177974, 0.3915726185709176], [0.34362209863868637, 0.1967050342573226, 0.3269007899106709, 0.13277207709332012], [0.2352166429768714, 0.16523847720930776, 0.13150901188916703, 0.4680358678246538], [0.4205582910189196, 0.3365279633504997, 0.1539994730199513, 0.08891427251062932], [0.4001882016230551, 0.35191067525338665, 0.11149032246711073, 0.13641080055644753], [0.175792088859498, 0.08112158202424742, 0.3435322164793586, 0.39955411253689593], [0.24327587716417798, 0.11474780566218697, 0.4228331979264202, 0.21914311914721482], [0.5398020743783928, 0.15633806584702184, 0.20863007006943088, 0.09522978960515445], [0.48291859487509886, 0.1586710131702815, 0.09912263084062325, 0.25928776101399637], [0.6076295329944417, 0.19023234998594518, 0.1180425724414966, 0.08409554447811651], [0.6094694500235873, 0.1938595440110148, 0.08660054722161624, 0.11007045864378161], [0.442669782316151, 0.12164352178581692, 0.14409284399568187, 0.29159385180235015], [0.5236008038832396, 0.13820366305551693, 0.1993263392838892, 0.13886919367735426], [0.10737315484274705, 0.08038100539550289, 0.47337850570878326, 0.3388673339529668], [0.1595777487815465, 0.1078476476938945, 0.3343435947232496, 0.39823100870130934], [0.14002933232707196, 0.1421767238613373, 0.2890285382441577, 0.428765405467433], [0.1921968998658119, 0.22266056467867823, 0.3728316314791844, 0.21231090387632545], [0.2372409814770061, 0.294681187023837, 0.16628840316229543, 0.3017894282368615], [0.23606960390052467, 0.314587552193389, 0.31213944027517776, 0.13720340353090849]], "ideal": "C", "sampled": "C", "correct": true}}
{"type": "result", "data": {"idx": 14, "options": ["Individual stories are suspect.", "The law is static.", "Universal values are meaningless.", "Literature reproduces repression."], "probs": [[0.22346072229685043, 0.1116621659832122, 0.5055150464493422, 0.15936206517059512], [0.26786350003796666, 0.1023557438290994, 0.12572146388876299, 0.504059292144171], [0.23014504347880058, 0.5401543773113063, 0.10398848711447309, 0.12571209199542002], [0.2533388643214647, 0.5322726208556801, 0.08241049874878967, 0.13197801597406564], [0.2867077396495805, 0.07951188298557596, 0.17560215605216997, 0.45817822121267354], [0.20064184067627067, 0.08425007759682249, 0.5516861676618113, 0.16342191396509548], [0.1650841285148322, 0.20579879597152023, 0.45762087273852087, 0.1714962026751267], [0.17428678142558024, 0.2436769884307119, 0.11191052858969147, 0.4701257014540164], [0.1354277351108226, 0.13882665997388527, 0.5817309866722244, 0.14401461814306768], [0.18700176614889405, 0.21171006715944812, 0.11627157863014197, 0.4850165879615158], [0.1465519368501977, 0.0867564976128606, 0.29681819674384724, 0.46987336869309443], [0.11748217307679132, 0.08000724940708212, 0.38595340514689713, 0.41655717226922945], [0.3178661323229736, 0.3606566327156093, 0.13070555935809272, 0.19077167550332436], [0.37095759144346313, 0.35373980594032706, 0.09244380351968594, 0.18285879899652382], [0.175770691607105, 0.0927271355866724, 0.5742036913582058, 0.15729848134801672], [0.31328405526348085, 0.101601618446608, 0.11537046958676507, 0.4697438566031461], [0.3520554899817317, 0.0778740644377082, 0.278858005972633, 0.2912124395079271], [0.2875856926338817, 0.07093919495800659, 0.16024138805568924, 0.4812337242524225], [0.20455237035721008, 0.12986031366868073, 0.1896246997766517, 0.4759626160974575], [0.1804537962298049, 0.1110683182754682, 0.5240500685953835, 0.1844278167993434], [0.16070246096201823, 0.09889641779803146, 0.3577034339806573, 0.38269768715929303], [0.14653788942236273, 0.09825368517410757, 0.3810262495204132, 0.37418217578311647], [0.21048752961438064, 0.28989335891685725, 0.2928397655194221, 0.20677934584934007], [0.18377648960705442, 0.28439767874625926, 0.13364301023146669, 0.39818282131521965]], "ideal": "C", "sampled": "C", "correct": true}}
{"type": "result", "data": {"idx": 15, "options": ["Law as medium' describes law as a body of formal, general rules that control the state and the economy; 'law as institution' inhabits the 'lifeworld' and expresses its shared values and norms in institutional form.", "Law as medium' consists of the manner in which law is presented by the media; 'law as institution' describes the courts.", "Law as medium' concerns the manner in which the law expresses its rules in simplified terms; 'law as institution' refers to the formal declaration of laws by legislative bodies.", "Law as medium' is defined as the intermediate stage of legal development; 'law as institution' is the advanced stage."], "probs": [[0.6560873544693586, 0.10407593147396843, 0.17013423492393182, 0.06970247903274117], [0.6897502098977041, 0.10356371335164555, 0.09135832095778564, 0.11532775569286469], [0.7064952622054846, 0.13402014178292607, 0.08790167878666487, 0.07158291712492444], [0.7152772598391546, 0.12946072315963456, 0.09328414568328937, 0.06197787121792151], [0.6195927488427011, 0.14183448898360446, 0.08408505712591836, 0.15448770494777606], [0.6786771567681612, 0.12579396646986546, 0.12781173275202318, 0.06771714390995016], [0.1550762492630061, 0.607410664740479, 0.15728646398039514, 0.08022662191611972], [0.14323176655576458, 0.6506253577211363, 0.08674943575512276, 0.11939343986797636], [0.12038182662720562, 0.4566924630786571, 0.36164414727993044, 0.06128156291420686], [0.10235599122347114, 0.3398467200700326, 0.10938387037065918, 0.4484134182358371], [0.10169357653891994, 0.13325333395380404, 0.6776885884666968, 0.08736450094057926], [0.07657751554345507, 0.09070454672121761, 0.4529888398937715, 0.37972909774155583], [0.3160912143285567, 0.4878316593849342, 0.10727664987082375, 0.0888004763156853], [0.30756349973746355, 0.5014044417801768, 0.10858724524840038, 0.08244481313395921], [0.15849655983127098, 0.12693059537728849, 0.6455878662833789, 0.06898497840806155], [0.11742818924462443, 0.10825914727172758, 0.148885307462745, 0.6254273559209029], [0.15421524186333518, 0.14102327277747298, 0.6381707618755957, 0.06659072338359613], [0.11649169684905393, 0.11885343402289854, 0.12438493873138423, 0.6402699302966632], [0.12036815446608842, 0.7587039102482902, 0.057230525666724506, 0.06369740951889684], [0.12897667047252676, 0.7457730630454253, 0.07688395535020674, 0.04836631103184119], [0.10814117478032562, 0.12210234816488977, 0.6927544370680536, 0.07700203988673103], [0.09044180742162691, 0.08540924574020811, 0.44354641102627224, 0.38060253571189273], [0.13149511518887994, 0.21262618421962579, 0.5972989663488142, 0.05857973414268012], [0.10715453804648686, 0.18301861804466898, 0.12564354205261835, 0.5841833017562258]], "ideal": "A", "sampled": "A", "correct": true}}
{"type": "result", "data": {"idx": 16, "options": ["One is under a duty to obey the law without exception, regardless of its content.", "There is no duty to obey a law to which one hasn't agreed.", "The duty applies only to those who are directly affected by the law in question.", "The obligation arises independently of the precise legal provisions involved - unless there are grounds to justify a specific exception."], "probs": [[0.17323627092406113, 0.07446088117989993, 0.17527884765537707, 0.5770240001406619], [0.14038994697731602, 0.08772169667019863, 0.6797892349310037, 0.09209912132148164], [0.16805788008893852, 0.09486913288438582, 0.12246706046679301, 0.6146059264598827], [0.19055136540012077, 0.12090076390417401, 0.5816673939217981, 0.10688047667390713], [0.21248591577330028, 0.5993684708284535, 0.092529016501264, 0.09561659679698231], [0.23973970230251243, 0.5692470454840594, 0.09804837317108643, 0.09296487894234177], [0.1606336694842404, 0.10938943257869208, 0.15149194113506861, 0.5784849567019988], [0.13171469673260056, 0.10404842703313641, 0.6583024613533326, 0.10593441478093042], [0.1339441428629965, 0.07691030432737578, 0.3960226593820401, 0.3931228933275876], [0.1328860729599958, 0.0905683379038754, 0.5635351193967989, 0.2130104696393299], [0.16381298370093322, 0.641942932584977, 0.10459678107788017, 0.08964730253620953], [0.17099674858719255, 0.6004119946430437, 0.09338348665257808, 0.13520777001718567], [0.15082112319592, 0.19185842632383598, 0.11886917657936215, 0.5384512738008819], [0.15549014275470943, 0.16519880046982421, 0.5681901488899707, 0.1111209077854957], [0.13033006598502703, 0.07667340796890756, 0.46865354217918315, 0.3243429837668823], [0.1185706564558985, 0.08737342868894876, 0.6354965614301493, 0.15855935332500343], [0.19583104111163674, 0.4405270119943195, 0.2669148683225581, 0.09672707847148564], [0.16717722013844866, 0.494709432390963, 0.10758892549458565, 0.2305244218760027], [0.6921477729670132, 0.1242765336673279, 0.08384961388760433, 0.09972607937805454], [0.6770338557482385, 0.13243765239628838, 0.0989195712536289, 0.0916089205018443], [0.6702261663134598, 0.09985232353312201, 0.1370472954786392, 0.09287421457477896], [0.6214347799349618, 0.10015471575951168, 0.09981325566605326, 0.17859724853947323], [0.6376649045654506, 0.10929038211667809, 0.16743473457458063, 0.08560997864329073], [0.5893911630906686, 0.10765382486021105, 0.09844931812420486, 0.20450569382491546]], "ideal": "D", "sampled": "D", "correct": true}}
