{"type": "result", "data": {"idx": 0, "options": ["Wrong, Wrong", "Wrong, Not wrong", "Not wrong, Wrong", "Not wrong, Not wrong"], "probs": [[0.29501067709921097, 0.20843390497168024, 0.2799504315587941, 0.2166049862703147], [0.31097365549234257, 0.20319171526833688, 0.2951201024284821, 0.19071452671083852], [0.2694531896603905, 0.14142114991260527, 0.37196223815648743, 0.2171634221705168], [0.24502065350860758, 0.12567409692518852, 0.48485141084650296, 0.14445383861970093], [0.31954773304999, 0.16120479518932973, 0.35435699356955236, 0.16489047809112792], [0.3069923313248824, 0.16490152968013919, 0.3485710426390598, 0.17953509625591862], [0.35500599537246796, 0.2014526963681901, 0.20257479855962007, 0.24096650959972188], [0.39634190186893936, 0.20475865018581135, 0.22262220745906863, 0.17627724038618064], [0.3307170645826132, 0.12110903790886075, 0.4121764025455731, 0.13599749486295296], [0.32979100479557777, 0.1369555449544205, 0.346271359529744, 0.1869820906202577], [0.3430872703855599, 0.12564846310334502, 0.4048124668426208, 0.12645179956847424], [0.3256728399319542, 0.14277407738292122, 0.3526869766461869, 0.1788661059389376], [0.31970660922588806, 0.14029737887477461, 0.2719122686140342, 0.26808374318530315], [0.2816514053536082, 0.10654366680999344, 0.48044317597976643, 0.1313617517566319], [0.3240401889375742, 0.15484876131276953, 0.3097215432984549, 0.21138950635120135], [0.2839778961278347, 0.11890268574481096, 0.4410113231831962, 0.1561080948441582], [0.3391308885214613, 0.15948407825675423, 0.36726335781905134, 0.1341216753027331], [0.3101781950607393, 0.18157318503193062, 0.28064826546259025, 0.22760035434473982], [0.31991317865033597, 0.27885964510036415, 0.23997837302669187, 0.16124880312260803], [0.3265419553409019, 0.28455650379559205, 0.223010491959645, 0.16589104880386107], [0.2772840385137691, 0.18829646056332805, 0.4010514497825941, 0.1333680510403087], [0.28148735405632375, 0.18670267421234263, 0.3220338917062677, 0.2097760799250659], [0.3183500170389353, 0.2228872179762159, 0.2880112528512953, 0.17075151203355352], [0.29164913293783035, 0.2387834787129991, 0.26385512945397643, 0.20571225879519414]], "ideal": "D", "sampled": "A", "correct": false}}
{"type": "result", "data": {"idx": 1, "options": ["Wrong, Wrong", "Wrong, Not wrong", "Not wrong, Wrong", "Not wrong, Not wrong"], "probs": [[0.2886298980611985, 0.22393702635722215, 0.28033817647092096, 0.2070948990106584], [0.3000597148851419, 0.21536489470726997, 0.29606414720626834, 0.1885112431013198], [0.2643934825453038, 0.15119023844861415, 0.3794408794774785, 0.20497539942860354], [0.23582036354956815, 0.13388041258965108, 0.48900829946612145, 0.14129092429465928], [0.31522147904994524, 0.1732918121256446, 0.355005134457459, 0.1564815742669511], [0.29842483549673066, 0.17603082690816893, 0.34681587891067084, 0.17872845858442954], [0.35970496055746287, 0.22416145429272605, 0.19888369144347207, 0.217249893606339], [0.40098641513708017, 0.22575019970514498, 0.20823908470691294, 0.16502430035086188], [0.3361664762185589, 0.13205842869240342, 0.4028591275238333, 0.1289159674652044], [0.3348833620213365, 0.15152874587451082, 0.32509157058325927, 0.1884963214208934], [0.3360260554249054, 0.13303986385384242, 0.41543462169775885, 0.11549945892349328], [0.3240645132913621, 0.15240716478471283, 0.3536062134864116, 0.16992210833751342], [0.3225444852983272, 0.1566309630714188, 0.27641770240880537, 0.24440684912144858], [0.2769325755835576, 0.11684538771072983, 0.47598339540917456, 0.130238641196538], [0.3079060384393258, 0.15538685354624612, 0.34942779318267203, 0.1872793147317561], [0.28133010861444513, 0.12733921407379867, 0.4266369938423766, 0.16469368336937962], [0.3257193960138101, 0.15802473299188882, 0.39037684765657665, 0.1258790232377244], [0.30058771816746155, 0.18435992573384505, 0.2783510130119775, 0.23670134298671583], [0.3226084708844872, 0.304040640562171, 0.2363491207124872, 0.13700176774085457], [0.3277861372969272, 0.30644883548824187, 0.21525928168881753, 0.1505057454260134], [0.2661428073931982, 0.18501503212345125, 0.42274247335907933, 0.12609968702427127], [0.2766099746274021, 0.18925153361224165, 0.32138188233520976, 0.21275660932514648], [0.31074680485835965, 0.23342368451002934, 0.2877732982449068, 0.16805621228670414], [0.2881727132457596, 0.24532043200303344, 0.2647786359290157, 0.20172821872219127]], "ideal": "A", "sampled": "A", "correct": true}}
{"type": "result", "data": {"idx": 2, "options": ["Wrong, Wrong", "Wrong, Not wrong", "Not wrong, Wrong", "Not wrong, Not wrong"], "probs": [[0.2820201771868351, 0.20284102552827793, 0.28936475081284874, 0.22577404637203827], [0.30150426614224274, 0.19906799796807892, 0.3070049698638893, 0.19242276592578902], [0.2612508975452659, 0.1395633733393239, 0.38689116313813576, 0.21229456587727444], [0.24234147006321258, 0.12755296933041568, 0.487153075778152, 0.14295248472821978], [0.313942978170203, 0.15750174692193444, 0.3677441885027362, 0.16081108630512636], [0.2971673442349997, 0.15999766407786706, 0.36202342932881104, 0.18081156225832226], [0.3706337732083769, 0.19493882027934595, 0.19249094677972797, 0.24193645963254914], [0.41929754610637043, 0.20081830022711056, 0.21268692610521142, 0.1671972274613076], [0.35257627768471067, 0.12156337971745629, 0.3938215584550019, 0.13203878404283115], [0.35105693336790944, 0.13733397422847698, 0.3303503095773318, 0.18125878272628176], [0.359810194921883, 0.12215852719268674, 0.40187802321933414, 0.11615325456609617], [0.3411205810301295, 0.1397422593615461, 0.3524516627570698, 0.16668549675125457], [0.33084904136025717, 0.14215994727143302, 0.2683911483252563, 0.2585998629430535], [0.29183251903521223, 0.11066318387694085, 0.4602904640994845, 0.13721383288836245], [0.33548896020971913, 0.1569671402848964, 0.30827306095883844, 0.19927083844654606], [0.2896873440955673, 0.11881052310502115, 0.4359192679660489, 0.15558286473336266], [0.3428688696111428, 0.15543978146309617, 0.37125623775668115, 0.13043511106907987], [0.3224308144361584, 0.1763586673506768, 0.2718684930549119, 0.2293420250582529], [0.33061932036166325, 0.3074140410973855, 0.22052363063319325, 0.14144300780775798], [0.336285193639589, 0.3149659241431125, 0.2026235400645902, 0.14612534205270836], [0.2802774947642771, 0.18349235031397573, 0.4085444272429158, 0.12768572757883137], [0.2865973880631404, 0.1860853201224691, 0.32024569864740626, 0.20707159306698422], [0.3175928843062488, 0.233552258683449, 0.27845769702901846, 0.1703971598812837], [0.2970410717894108, 0.24563935004576434, 0.26043705313747223, 0.19688252492735264]], "ideal": "D", "sampled": "A", "correct": false}}
{"type": "result", "data": {"idx": 3, "options": ["Wrong, Wrong", "Wrong, Not wrong", "Not wrong, Wrong", "Not wrong, Not wrong"], "probs": [[0.31106544001367564, 0.2147329183413367, 0.26459348593380794, 0.20960815561117976], [0.31951557634509525, 0.21717982834850064, 0.27181561968542095, 0.19148897552098315], [0.2998189419154202, 0.15862927311947947, 0.3299427130471351, 0.2116090718179652], [0.25716073382601967, 0.14048032904648194, 0.44215175190976275, 0.1602071851177356], [0.33425993720109304, 0.16481450689618232, 0.32971675183208005, 0.17120880397064456], [0.30954263285114664, 0.16635734091843501, 0.3328117181913249, 0.1912883079390935], [0.3577195788431327, 0.2195867764976512, 0.1963017614703714, 0.22639188308884467], [0.3900387468532473, 0.2232084654582313, 0.209049009986208, 0.17770377760231337], [0.3340834429315046, 0.13339500029191081, 0.37917606013548094, 0.1533454965411036], [0.3285699486403913, 0.15231308339503175, 0.31912109252599496, 0.19999587533858196], [0.3437919811920656, 0.13410898642066177, 0.3871337655653724, 0.13496526672190026], [0.32694077488490847, 0.1538726091231015, 0.32491827007859214, 0.19426834581339786], [0.3303744494584634, 0.15933680532769426, 0.2499346434820103, 0.26035410163183204], [0.2933123939940784, 0.12389107515412522, 0.43820499389993794, 0.14459153685185847], [0.30459854911495704, 0.1587698953818426, 0.31988699194233505, 0.2167445634608653], [0.2882979511926363, 0.12863913177157518, 0.4142193793836269, 0.16884353755216167], [0.32976600524465705, 0.1652143448426018, 0.36283904310412746, 0.14218060670861365], [0.3059017521179001, 0.18933007762937537, 0.2580667022476798, 0.2467014679050447], [0.31752484560525834, 0.32133274788425603, 0.21187579313967128, 0.14926661327081436], [0.3222550249449526, 0.323462913107203, 0.20041525959201983, 0.15386680225582453], [0.26610662136436514, 0.188065897688292, 0.39725452045130955, 0.1485729603960333], [0.27899871105142077, 0.192522769924306, 0.30703012067079244, 0.2214483982534808], [0.30259641551036975, 0.22573080320290242, 0.2847550766666824, 0.18691770452004539], [0.2879724800298728, 0.2396825551747012, 0.26264309880491243, 0.20970186589051357]], "ideal": "B", "sampled": "A", "correct": false}}
{"type": "result", "data": {"idx": 4, "options": ["Wrong, Wrong", "Wrong, Not wrong", "Not wrong, Wrong", "Not wrong, Not wrong"], "probs": [[0.27189150855044836, 0.20936203312809806, 0.2833704990367417, 0.23537595918471185], [0.2841106737600969, 0.20395433018416087, 0.31278980707348164, 0.19914518888226057], [0.2539682019070515, 0.1510740504477987, 0.34788674242773393, 0.24707100511741587], [0.23032856671678162, 0.13392091195200526, 0.4853434706841388, 0.15040705054707432], [0.30250232507236735, 0.17846379640511806, 0.3461487189736902, 0.17288515944882435], [0.2829438492721036, 0.18052661293191952, 0.34742811192720796, 0.1891014257687689], [0.33169105151419354, 0.20514812757782858, 0.20784984217219504, 0.2553109786357829], [0.36933221859021836, 0.21286302485627645, 0.23871804415702738, 0.17908671229647782], [0.3209429728804404, 0.13634617828475198, 0.38465172621712646, 0.1580591225176812], [0.30199585542067764, 0.14324388542865463, 0.3621355973039174, 0.19262466174675033], [0.3368830181689135, 0.1476609022671797, 0.3852633901888278, 0.130192689275079], [0.31035614678467066, 0.16414143410610102, 0.3467543760523363, 0.17874804295689206], [0.30806647810041377, 0.15561629366462065, 0.24802116308053182, 0.2882960650544338], [0.26912157521887464, 0.11814355320895452, 0.47371900939440575, 0.1390158620777651], [0.28497060705895705, 0.15319457420374982, 0.3338174173823352, 0.22801740125495792], [0.2643886028437544, 0.11883017950792733, 0.4545388722504118, 0.1622423452979065], [0.3061307233505461, 0.16575720163607624, 0.3876109545613218, 0.1405011203520559], [0.2843329862369566, 0.18869675890973556, 0.2847832695661257, 0.24218698518718215], [0.31159303247844833, 0.3176581622597191, 0.21958708614991523, 0.15116171901191736], [0.3167238282352437, 0.3177884864159799, 0.20320846441156798, 0.1622792208372084], [0.26702176726109556, 0.2055351225666766, 0.38627468384591324, 0.14116842622631465], [0.27818408605654743, 0.19797568021225045, 0.3013084828552299, 0.22253175077597223], [0.29264117592513034, 0.23594960132636686, 0.28631000007701823, 0.18509922257148456], [0.2729781743769877, 0.24365656476311615, 0.27338759866360623, 0.20997766209628996]], "ideal": "D", "sampled": "D", "correct": true}}
{"type": "result", "data": {"idx": 5, "options": ["Wrong, Wrong", "Wrong, Not wrong", "Not wrong, Wrong", "Not wrong, Not wrong"], "probs": [[0.33054856940250743, 0.1853120558663094, 0.2560272927040414, 0.22811208192714172], [0.34054452620434783, 0.17661263221132176, 0.30129123466494523, 0.1815516068193852], [0.3197552120475251, 0.12607688636963446, 0.30814211180069684, 0.24602578968214361], [0.2820821018296106, 0.11043680535916832, 0.4629329489403673, 0.14454814377085376], [0.37645665929298044, 0.15425394933630104, 0.29374755301361977, 0.1755418382570987], [0.3509398698455823, 0.15078772602957607, 0.31280344721527115, 0.18546895680957048], [0.41745526216408263, 0.1635289961461957, 0.1783902671514915, 0.24062547443823015], [0.4788272963776563, 0.1654989966882071, 0.1998219161919755, 0.15585179064216106], [0.4177859834408512, 0.1072570782528665, 0.31092675127287434, 0.16403018693340796], [0.3730941732529602, 0.11037198375760596, 0.32229468802159544, 0.19423915486783846], [0.422917309531875, 0.1061106257489803, 0.3456736828463832, 0.12529838177276145], [0.4001414328466099, 0.1239891470840691, 0.29783267889295484, 0.17803674107636613], [0.35672024477072045, 0.12052994902143428, 0.2437739208546492, 0.27897588525319605], [0.33694917211254477, 0.09890831334576598, 0.41408759659923466, 0.15005491784245456], [0.34807315465307415, 0.1271687149874357, 0.3078278004815311, 0.21693032977795906], [0.32488331997163306, 0.10477058630927291, 0.3930084441427077, 0.1773376494763864], [0.36667851702714405, 0.13922986801751525, 0.3533982739511867, 0.14069334090415395], [0.35941523309928186, 0.154642969354424, 0.2493883669126985, 0.23655343053359562], [0.3921824693287627, 0.24516369399956964, 0.20863436160385426, 0.15401947496781337], [0.4044935702873094, 0.24501080808573603, 0.19288441536881887, 0.15761120615813567], [0.3337029665540078, 0.15881226175086222, 0.37014530759978176, 0.13733946399534824], [0.35149282737275955, 0.1620270186802696, 0.27428526092238076, 0.21219489292459007], [0.3575879090307381, 0.20200224519739496, 0.26004809526060435, 0.18036175041126257], [0.3572911917806008, 0.20983037350463646, 0.23654155430812532, 0.19633688030663737]], "ideal": "C", "sampled": "D", "correct": false}}
{"type": "result", "data": {"idx": 6, "options": ["Wrong, Wrong", "Wrong, Not wrong", "Not wrong, Wrong", "Not wrong, Not wrong"], "probs": [[0.30940213335337496, 0.20703845905620052, 0.2781889396897579, 0.20537046780066662], [0.32162343868551874, 0.20062822106174696, 0.28032951652655486, 0.19741882362617943], [0.290683951111927, 0.13786352911972982, 0.37716639430027077, 0.19428612536807238], [0.26821727756935143, 0.125303348527389, 0.4543059372882398, 0.1521734365150197], [0.33919998494570974, 0.15588636462491004, 0.34544568735712866, 0.15946796297225155], [0.3192551576438991, 0.15866868905635564, 0.3381336482186879, 0.1839425049810573], [0.39386527552643813, 0.20838620635612504, 0.18941687971197196, 0.2083316383054649], [0.42814423991713724, 0.21113274674788662, 0.19645043912874466, 0.1642725741062315], [0.37388250228004033, 0.12568987904722256, 0.3718754946813641, 0.128552123891373], [0.37437148205001936, 0.14051678147176896, 0.2946977483321588, 0.1904139880460529], [0.3743553161246738, 0.12010392545452708, 0.3901789187994831, 0.11536183952131598], [0.34253467146710503, 0.13157427701749763, 0.35711694824453183, 0.16877410317086552], [0.33720564838852063, 0.1435040235375905, 0.26760953662103565, 0.25168079135285315], [0.3040951286186453, 0.11330562814122874, 0.43727940364641177, 0.14531983949371424], [0.33807236414208136, 0.15543271931697894, 0.3086746104740421, 0.19782030596689762], [0.2976488911543994, 0.12181671072280428, 0.41154614920655846, 0.16898824881623786], [0.34346215468766583, 0.15184476158790694, 0.3666066392862746, 0.13808644433815256], [0.3114359126887605, 0.17006978644324044, 0.28430107656707115, 0.23419322420092792], [0.31391729965893533, 0.33027820791642554, 0.22141564720396414, 0.13438884512067498], [0.32513387050155673, 0.3366622723801674, 0.1945981118127946, 0.1436057452054813], [0.2773389219960393, 0.18413186071461904, 0.41113573308648044, 0.12739348410286125], [0.27835710927721147, 0.19056855069941087, 0.3314535268402589, 0.1996208130831187], [0.31315105217093786, 0.23909480154821067, 0.2770341849933935, 0.17071996118745797], [0.285249863316649, 0.2566821017110279, 0.2644270399608091, 0.1936409949115141]], "ideal": "D", "sampled": "A", "correct": false}}
{"type": "result", "data": {"idx": 7, "options": ["Wrong, Wrong", "Wrong, Not wrong", "Not wrong, Wrong", "Not wrong, Not wrong"], "probs": [[0.31215981111027213, 0.21891689624559535, 0.26345280202753546, 0.20547049051659705], [0.32388658293485045, 0.21011648206148886, 0.27340341426390485, 0.19259352063975585], [0.2758783697806092, 0.13400202988238227, 0.3606248497602327, 0.22949475047677587], [0.2536678668677727, 0.12136579574993583, 0.4753670500198072, 0.14959928726248423], [0.3351096758640027, 0.1601499295052189, 0.3384103426235709, 0.16633005190720745], [0.31656874316335576, 0.1623531632050546, 0.34299979546217596, 0.17807829806941367], [0.39925605060220337, 0.19236399288310263, 0.18019573536235167, 0.2281842210523423], [0.4401852589322655, 0.19764891871402926, 0.19860295061556021, 0.16356287163814504], [0.39051743685378176, 0.12237711978982717, 0.3560376379156295, 0.13106780534076154], [0.3766316473107408, 0.13596595822405141, 0.31037741896386584, 0.177024975401342], [0.385790187505344, 0.12969952433899867, 0.3657040784677512, 0.1188062095879061], [0.35945154070528745, 0.14356126524197332, 0.3408137952455529, 0.15617339870718633], [0.3424739335150415, 0.13692294733806457, 0.2611025117909569, 0.25950060725593704], [0.29649713078190676, 0.1070974639430876, 0.45697838576296246, 0.1394270194120432], [0.353848511632932, 0.1516488916774602, 0.3031571163953607, 0.1913454801942471], [0.3044828036970863, 0.11983798323018435, 0.41084559910301055, 0.16483361386971873], [0.36109104748929677, 0.15962269900633083, 0.34511131044751403, 0.1341749429568584], [0.33227285739436974, 0.1800014823495154, 0.2674181759090034, 0.2203074842471114], [0.3429960165424085, 0.2681340098768862, 0.2398095833930286, 0.1490603900876767], [0.35182178541214393, 0.27712062411399035, 0.21204956189731541, 0.15900802847655032], [0.3005391999858963, 0.17607108019127676, 0.39275864347998624, 0.13063107624284068], [0.2991889208014312, 0.17798053256819632, 0.3165811096286428, 0.20624943690172967], [0.3561836288865946, 0.2325567374162795, 0.24133405806196556, 0.1699255755351603], [0.3253976605388667, 0.24459060295190474, 0.24983301011707454, 0.180178726292154]], "ideal": "D", "sampled": "D", "correct": true}}
{"type": "result", "data": {"idx": 8, "options": ["Wrong, Wrong", "Wrong, Not wrong", "Not wrong, Wrong", "Not wrong, Not wrong"], "probs": [[0.3105914936737291, 0.2030217230567227, 0.2600523867950917, 0.22633439637445646], [0.3214588915328093, 0.1989672988915869, 0.2629311562991445, 0.2166426531764593], [0.29857938588913524, 0.1449996338639804, 0.32854353399139813, 0.22787744615548622], [0.26243266851710545, 0.12752679179118534, 0.43045968454436834, 0.1795808550473408], [0.3375609168436192, 0.15037047637433415, 0.31766709208788096, 0.19440151459416566], [0.31539003158097456, 0.14959614575820407, 0.32095650902420375, 0.21405731353661764], [0.35413431062333023, 0.21920571565803146, 0.19894267023771373, 0.22771730338092458], [0.37788477934558296, 0.21972264821620816, 0.19784997680443692, 0.20454259553377196], [0.31570662868938976, 0.11132961840821555, 0.42223168822507906, 0.15073206457731564], [0.3228803526603108, 0.12711806404633613, 0.2854485170935969, 0.2645530660997562], [0.3186677944540033, 0.11326196619835414, 0.422887497756996, 0.1451827414906465], [0.3116729967477383, 0.12953790248899275, 0.31711108579378666, 0.24167801486948232], [0.3373322784563333, 0.1516814678755713, 0.24924786386381576, 0.26173838970427965], [0.3007633938970896, 0.12029404757765938, 0.41220914699173816, 0.16673341143351286], [0.2955890595617344, 0.12983189521921742, 0.36584687229312723, 0.2087321728259209], [0.29352418241376377, 0.12019025801835662, 0.3549080868062434, 0.2313774726616362], [0.30813327428597437, 0.12905152140757367, 0.41221761699369036, 0.1505975872127616], [0.2926517383066462, 0.15377817817315212, 0.2527348361249132, 0.3008352472952885], [0.3104520347269255, 0.33182536563459675, 0.2023432790332368, 0.15537932050524095], [0.31407688173032905, 0.33039880806487054, 0.19080026798722877, 0.16472404211757163], [0.2467273398011762, 0.1575882332640724, 0.44434256681357626, 0.15134186002117517], [0.2588504734890381, 0.16652671246681094, 0.2915393877539836, 0.28308342619016735], [0.28485606824636694, 0.18759167844006505, 0.3233676407892554, 0.20418461242431257], [0.2725811641030297, 0.20985867393687868, 0.25449541587811003, 0.2630647459819816]], "ideal": "A", "sampled": "A", "correct": true}}
{"type": "result", "data": {"idx": 9, "options": ["Wrong, Wrong", "Wrong, Not wrong", "Not wrong, Wrong", "Not wrong, Not wrong"], "probs": [[0.2904457449622579, 0.21847279367646358, 0.28434306380289504, 0.20673839745838346], [0.2999974280295015, 0.21371871867780678, 0.2824929440481977, 0.20379090914449394], [0.27053274895428103, 0.15001071540969407, 0.3793459123188619, 0.200110623217163], [0.23869638853953648, 0.1366514455137527, 0.46877814731613365, 0.1558740185305772], [0.30850698399480553, 0.16447486962073604, 0.3613993442531238, 0.1656188020313346], [0.2900766984816883, 0.16595822323751525, 0.3589866703540714, 0.18497840782672498], [0.35880472945594416, 0.2343768651829876, 0.1968625185339372, 0.20995588672713106], [0.38933694938904273, 0.2408016061661484, 0.2006377905501624, 0.16922365379464646], [0.31850339877420897, 0.13427754545523315, 0.4192469965543518, 0.12797205911620602], [0.3286361048990258, 0.1559214270566732, 0.32159724349147906, 0.19384522445282193], [0.3271676301629009, 0.13477280734621816, 0.4174271523535057, 0.12063241003737524], [0.3116799294636898, 0.154914408906704, 0.362147390806223, 0.1712582707233832], [0.30330997702426493, 0.15446725486164373, 0.28778204318983447, 0.25444072482425684], [0.277125251733005, 0.1197886222386655, 0.4654262273483762, 0.13765989857995325], [0.28985879686135624, 0.1522096440702353, 0.36426941642305644, 0.193662142545352], [0.27214354679461156, 0.12330188039652132, 0.446436590603599, 0.1581179821052681], [0.31069893567730195, 0.16185260299770582, 0.3934615371269375, 0.1339869240980547], [0.2994535996966243, 0.19267239535934005, 0.27742270872602426, 0.2304512961180114], [0.299844835666308, 0.3106267200193128, 0.23945322987208198, 0.15007521434229726], [0.30692494605951803, 0.31784892691109057, 0.2179785953260093, 0.15724753160338212], [0.24815789971960098, 0.18522555462172086, 0.43645917335820933, 0.13015737220046886], [0.2675522129001221, 0.1919932181639139, 0.3362277350225233, 0.20422683381344067], [0.2788493674543208, 0.23386744010892485, 0.3189970302113336, 0.16828616212542075], [0.270835977952039, 0.25743926719710464, 0.264999818700866, 0.20672493604999037]], "ideal": "C", "sampled": "A", "correct": false}}
{"type": "result", "data": {"idx": 10, "options": ["Wrong, Wrong", "Wrong, Not wrong", "Not wrong, Wrong", "Not wrong, Not wrong"], "probs": [[0.27653371872917554, 0.21470662629384552, 0.2729996401841684, 0.23576001469281058], [0.2923517401135716, 0.20835193741335756, 0.3097194319486504, 0.1895768904244204], [0.2526368388755437, 0.14122847773424715, 0.3892325750522432, 0.21690210823796593], [0.23058702508645476, 0.12795601211895444, 0.5053983700336996, 0.13605859266089124], [0.3091775408955343, 0.1741173396917912, 0.3595060377585528, 0.1571990815541217], [0.2973223505511002, 0.1810838389861602, 0.3377673230886843, 0.18382648727405534], [0.3651378561232286, 0.2009225398376094, 0.18393283138619826, 0.2500067725529638], [0.4160268840369762, 0.2067964343997207, 0.21118253152668842, 0.16599414993661465], [0.3663658717722423, 0.13955345090146773, 0.3502194791812842, 0.14386119804500574], [0.3422910178730934, 0.14446882273116377, 0.3431650902384135, 0.17007506905732933], [0.37793877153880784, 0.14063374487195132, 0.36405288627004617, 0.1173745972191947], [0.365266710483264, 0.1614504307347018, 0.30815640088814494, 0.16512645779388926], [0.31570915795875765, 0.14192765094087262, 0.26244119980279185, 0.2799219911975778], [0.2747798099970332, 0.10732510045140016, 0.4916062955599383, 0.1262887938916283], [0.3313618947437132, 0.16604025907704206, 0.28624976104987815, 0.2163480850293666], [0.28359707130646905, 0.12069993015289561, 0.4547307023424148, 0.1409722960982205], [0.3474962969891649, 0.17959447051237695, 0.3375052464792322, 0.13540398591922595], [0.32333191262433425, 0.19849822821723587, 0.2686157742286593, 0.2095540848297706], [0.3280740477732782, 0.3046204240202393, 0.22240994041155746, 0.14489558769492503], [0.3376329792424899, 0.3133828873159194, 0.1927178496464482, 0.15626628369514248], [0.2858142852497389, 0.20038136837862824, 0.38251432772625965, 0.1312900185453732], [0.2975886375133044, 0.20213975897973693, 0.2982088238236473, 0.2020627795833114], [0.3240778147850208, 0.2342457324032188, 0.26498609778615395, 0.17669035492560642], [0.307283520667819, 0.24209368226491418, 0.25923156735688935, 0.19139122961037747]], "ideal": "D", "sampled": "D", "correct": true}}
{"type": "result", "data": {"idx": 11, "options": ["Wrong, Wrong", "Wrong, Not wrong", "Not wrong, Wrong", "Not wrong, Not wrong"], "probs": [[0.28791439530354496, 0.20206610856419738, 0.28652495142932477, 0.22349454460293283], [0.30790735205633, 0.19834049635156917, 0.30172939004650573, 0.19202276144559502], [0.2657430986572866, 0.1364092637042112, 0.35301648514863815, 0.24483115238986405], [0.2430968459716776, 0.12008156774315816, 0.4853026920105964, 0.15151889417456788], [0.3179698538764758, 0.15568306808579208, 0.3501472420618379, 0.17619983587589425], [0.29691328710587134, 0.15599758456584734, 0.3591606807599716, 0.18792844746830967], [0.3549677589911391, 0.19702562078467972, 0.2010821789785787, 0.2469244411456025], [0.40812089366519133, 0.2030369904699251, 0.21547342398335692, 0.17336869178152667], [0.3450278757525532, 0.12167652060561807, 0.37973685068447366, 0.153558752857355], [0.3296493442183692, 0.13085471997496023, 0.34644360778248656, 0.19305232792418398], [0.35575872326502445, 0.12547078172135187, 0.385452716420246, 0.13331777849337775], [0.3306305309611576, 0.14178959601326696, 0.35000394728248224, 0.17757592564309324], [0.3292447773445369, 0.13918255890330133, 0.2551512533983807, 0.27642141025378103], [0.2883017895180744, 0.10840572559094418, 0.45884326876042386, 0.14444921603055755], [0.3241337835464593, 0.15038819609568657, 0.30528381463812704, 0.2201942056197271], [0.2860910934831376, 0.11363786627166354, 0.43780235104060633, 0.1624686891045925], [0.34131355615928993, 0.1607596796929866, 0.35297580147621965, 0.14495096257150378], [0.3155959499222952, 0.17798733444241005, 0.2727127928354898, 0.23370392269980486], [0.33472717303754174, 0.2921360178317953, 0.2217424544729943, 0.15139435455766864], [0.3378134818549963, 0.2947344613406875, 0.2085744384575426, 0.15887761824677354], [0.29151239988272926, 0.18911388514534946, 0.381201922855404, 0.1381717920165173], [0.29233917591032604, 0.18520282207067496, 0.31439661976531325, 0.20806138215368575], [0.33263238765501013, 0.242462229071716, 0.24772390351613832, 0.17718147965713554], [0.30926581077259474, 0.24959081406426847, 0.2529415042708599, 0.18820187079227688]], "ideal": "B", "sampled": "D", "correct": false}}
{"type": "result", "data": {"idx": 12, "options": ["Wrong, Wrong", "Wrong, Not wrong", "Not wrong, Wrong", "Not wrong, Not wrong"], "probs": [[0.3108604066740308, 0.2016647039650058, 0.26445220322037455, 0.22302268604058886], [0.32430245985867356, 0.19922253190637393, 0.2759190160368282, 0.2005559920981243], [0.29041450347337205, 0.1421965616144629, 0.3350308437301212, 0.23235809108204378], [0.2541104289818062, 0.1235335787301649, 0.4688994394921838, 0.1534565526958451], [0.338116675581499, 0.159129485472025, 0.3335691392088153, 0.1691846996376607], [0.3204825329172484, 0.16313562313262706, 0.32885230604386156, 0.18752953780626297], [0.3732183034824383, 0.20224620701207155, 0.18648425020624362, 0.23805123919924653], [0.41689363739037383, 0.2056495428721525, 0.20185192228104645, 0.1756048973564272], [0.3516012272661442, 0.11464905225162873, 0.3868029838352689, 0.1469467365469582], [0.3447421336689602, 0.12846367975692236, 0.3169945038391527, 0.20979968263496473], [0.35836000848822464, 0.12437721151556005, 0.3911583598084757, 0.12610442008773964], [0.3454675674093009, 0.14464533327563556, 0.3200369476951997, 0.18985015151986387], [0.34965208169301637, 0.14883120356501953, 0.24273578820185404, 0.2587809264401101], [0.2959858488158234, 0.1120910312333117, 0.45270688912819557, 0.1392162307226693], [0.3274409917015665, 0.14044379324300404, 0.3281699863420076, 0.2039452286134218], [0.29452828886521343, 0.11419418963516093, 0.4133394246882856, 0.17793809671134006], [0.340795650710553, 0.14157813153140977, 0.38386292525880283, 0.13376329239923437], [0.31564571509644845, 0.16973855583941627, 0.2560753447730961, 0.25854038419103914], [0.3278897306624071, 0.3266832432812628, 0.2039778022568751, 0.141449223699455], [0.33527879904497243, 0.3340030510686702, 0.18262816419479364, 0.14808998559156378], [0.28074124870981615, 0.18211527438302516, 0.4030724525506419, 0.13407102425651682], [0.28371433287150205, 0.1854275773706694, 0.30028412485963407, 0.23057396479819448], [0.3208692121314391, 0.2179819228726487, 0.2749432664081179, 0.1862055984877943], [0.2989941492527624, 0.22843153432064484, 0.25821286052546355, 0.21436145580112917]], "ideal": "C", "sampled": "A", "correct": false}}
{"type": "result", "data": {"idx": 13, "options": ["Wrong, Wrong", "Wrong, Not wrong", "Not wrong, Wrong", "Not wrong, Not wrong"], "probs": [[0.314441144434956, 0.21858237681587217, 0.26325285432090373, 0.20372362432826807], [0.333008259501535, 0.21578150985467306, 0.25784754750534317, 0.19336268303844875], [0.2918580385196998, 0.14721948958297146, 0.35820626141404505, 0.2027162103832837], [0.2678025742442601, 0.1320072302688446, 0.44955043339854456, 0.15063976198835072], [0.3387600627757077, 0.16684000936687482, 0.3340284972738159, 0.1603714304836016], [0.3273470103413345, 0.1677069216798922, 0.32791221138536064, 0.17703385649341263], [0.400535505946063, 0.2184356502179377, 0.18215326148745128, 0.19887558224854798], [0.442671533937982, 0.2180873285365962, 0.18470204975558346, 0.15453908766983832], [0.3697570429263969, 0.12713403076751395, 0.37900035283651395, 0.12410857336957516], [0.37745558086865805, 0.14598518173471015, 0.2920958610452422, 0.18446337625138962], [0.37516579772262443, 0.1279992682806244, 0.378551490355337, 0.11828344354141412], [0.3570861869259152, 0.1469707957801892, 0.32553500418887105, 0.17040801300502456], [0.3414691635405909, 0.152097729547047, 0.27276554294532473, 0.2336675638670373], [0.31421169338240484, 0.11877525102758639, 0.4271637649385184, 0.1398492905514904], [0.34043976661138753, 0.16006468234845733, 0.32789894935189945, 0.17159660158825568], [0.3149221820744825, 0.13279787891948344, 0.37777623927775356, 0.17450369962828044], [0.3559509409324731, 0.15597819815571384, 0.3537222041216761, 0.1343486566901369], [0.3233134496382435, 0.17769837642469796, 0.2561303117038526, 0.24285786213320598], [0.33231292161935166, 0.310605237172932, 0.21824154906002438, 0.138840292047692], [0.3381954481590667, 0.3210644471482906, 0.19146226629879154, 0.1492778382938512], [0.28433886803090774, 0.17990674478788352, 0.41122482141967936, 0.12452956566152937], [0.2853293376081563, 0.18622478563376488, 0.30903136266611164, 0.21941451399196715], [0.33081276700225853, 0.21250050717704674, 0.2833347446933807, 0.17335198102731403], [0.30324971672840306, 0.22600255904321853, 0.2517493664966604, 0.21899835763171802]], "ideal": "A", "sampled": "A", "correct": true}}
{"type": "result", "data": {"idx": 14, "options": ["Wrong, Wrong", "Wrong, Not wrong", "Not wrong, Wrong", "Not wrong, Not wrong"], "probs": [[0.2910149010422413, 0.20564525704576705, 0.289533099815112, 0.21380674199687963], [0.30560893272694983, 0.2013316333291012, 0.3112913714230408, 0.18176806242090818], [0.27020946142355584, 0.14636263249841, 0.34780797358849497, 0.2356199323895392], [0.24967488273903796, 0.13014792425017016, 0.4717418795544624, 0.1484353133563295], [0.3199826776661371, 0.16531653700605897, 0.3360892831943116, 0.1786115020334923], [0.3043300897869148, 0.16481726361108506, 0.3456989331406045, 0.1851537133613956], [0.348744048944525, 0.207535138368634, 0.20862977762089038, 0.23509103496595063], [0.38973869127286126, 0.2161179982154915, 0.22067925835372912, 0.1734640520579181], [0.3414457567233292, 0.12410503341897917, 0.3906230773618261, 0.14382613239586547], [0.32938565292874705, 0.13682816042849782, 0.33015160245059727, 0.20363458409215784], [0.34914310722605474, 0.12992076187262822, 0.3901563170115511, 0.1307798137897659], [0.3252166162818803, 0.14601354081938533, 0.34146257722744205, 0.1873072655712923], [0.3139278058447575, 0.1422215147009193, 0.28657505758407026, 0.2572756217702529], [0.2892895085714477, 0.11931945560155387, 0.4322913353054267, 0.15909970042157173], [0.2969942004087345, 0.15121657694208696, 0.35633095033387546, 0.19545827221530315], [0.2830309635613905, 0.12428371333488111, 0.4003861515997234, 0.192299171404005], [0.3030158624199384, 0.14038735835917643, 0.424907005161874, 0.13168977395901113], [0.2877768618739489, 0.1659991318715383, 0.29522884329032295, 0.25099516286418977], [0.3116704755464314, 0.3056439090694249, 0.2303055100140273, 0.15238010527011633], [0.3221691452488254, 0.3061226812854451, 0.2117172565332752, 0.15999091683245428], [0.2662854353093316, 0.18379263183380837, 0.41347944216643207, 0.136442490590428], [0.2683235784597168, 0.19246632432402713, 0.3070986362119968, 0.23211146090425921], [0.2912084118550617, 0.22237686479286536, 0.31064721475941043, 0.17576750849266254], [0.2795255821593064, 0.2362975960181926, 0.27577215841295544, 0.20840466330954557]], "ideal": "D", "sampled": "A", "correct": false}}
{"type": "result", "data": {"idx": 15, "options": ["Wrong, Wrong", "Wrong, Not wrong", "Not wrong, Wrong", "Not wrong, Not wrong"], "probs": [[0.2959224658966328, 0.19539283248371747, 0.30406663533488315, 0.2046180661847666], [0.313575490394564, 0.19456280145619387, 0.2865982183496852, 0.20526348969955696], [0.2703712461452459, 0.13260428013350467, 0.3886369590681944, 0.20838751455305504], [0.2490594964856037, 0.12033556338671456, 0.4822774801629011, 0.14832745986478063], [0.3216290233984063, 0.15641834164945165, 0.35433867910398065, 0.16761395574816143], [0.2992151245526467, 0.1490594826910083, 0.3707620931450364, 0.18096329951130863], [0.3626433556515423, 0.19846041202854728, 0.20883889183043858, 0.23005734038947181], [0.40133963825293734, 0.2079355809451835, 0.21037722572266845, 0.18034755497921068], [0.34365220830424686, 0.11667904653934966, 0.42225952673922795, 0.11740921831717556], [0.3556564098888162, 0.14245123947550037, 0.3028382613529179, 0.19905408918276551], [0.3434871239165834, 0.11757522425594054, 0.4188086812914429, 0.12012897043603314], [0.31661757823638936, 0.13285595177275566, 0.3802026211835221, 0.17032384870733286], [0.3229474473115829, 0.13991020826952585, 0.28602999872133855, 0.25111234559755263], [0.29133713242478476, 0.11401376127056578, 0.442692697003918, 0.15195640920073147], [0.316303452331877, 0.15153011226539126, 0.35394849314879934, 0.17821794215393238], [0.29699369819481986, 0.1286461781038417, 0.3859379233639254, 0.18842220023741305], [0.30892591066218267, 0.13685300066531594, 0.42690916773472076, 0.12731192083778065], [0.28945127557976247, 0.16337560359059586, 0.2903083307796732, 0.2568647899499685], [0.32112601396210433, 0.32041823860778973, 0.22301295397435703, 0.13544279335574894], [0.3249203610828498, 0.3241412389571363, 0.20386949483307226, 0.14706890502694164], [0.2670173743832291, 0.16298835253662528, 0.4452480639632295, 0.12474620901691612], [0.2584217046492186, 0.16789662346928952, 0.34620093379140526, 0.22748073799008658], [0.3022529870640872, 0.21894239539527138, 0.3031330198680125, 0.1756715975726289], [0.28151875268255583, 0.2384350959809194, 0.2631619807661449, 0.21688417047037986]], "ideal": "A", "sampled": "A", "correct": true}}
{"type": "result", "data": {"idx": 16, "options": ["Wrong, Wrong", "Wrong, Not wrong", "Not wrong, Wrong", "Not wrong, Not wrong"], "probs": [[0.2917543518957349, 0.21944666415732095, 0.2622551204483908, 0.22654386339855342], [0.3040667247418436, 0.21653982871543886, 0.2955780702848145, 0.183815376157903], [0.2736468910897313, 0.1517169475403703, 0.3414354025976161, 0.23320075867228235], [0.24308008356583813, 0.1337962686674789, 0.4739415433257044, 0.14918210434097862], [0.32945177446664664, 0.18687700011764302, 0.3200362670106968, 0.1636349583050135], [0.31008976694820856, 0.18729226289306733, 0.3182294070402443, 0.18438856301847978], [0.3459926946411054, 0.21405707935508558, 0.19908050293959675, 0.24086972296421225], [0.3868683403253369, 0.21956858545274652, 0.22256289915468855, 0.17100017496722805], [0.33396988611829576, 0.13332107165024662, 0.3792574389836496, 0.153451603147808], [0.32174756640334756, 0.14677467722058796, 0.3354510912641545, 0.19602666501190993], [0.3488755161702418, 0.14035079822893015, 0.38695817796461235, 0.12381550753621566], [0.3365837780831738, 0.16464490450859626, 0.3193514800042276, 0.17941983730400238], [0.32629406448916015, 0.15482699869514963, 0.24499672648840926, 0.273882210227281], [0.28572344777111025, 0.1206151246903921, 0.4581452905673599, 0.13551613687113773], [0.30707827664937837, 0.1563015752323367, 0.31272846923216857, 0.22389167878611635], [0.28068805574614475, 0.1261167712716339, 0.4261176116671502, 0.16707756121507114], [0.3271278191347793, 0.16381205860842368, 0.374397939024648, 0.13466218313214898], [0.3065466491110549, 0.1941144259343813, 0.2669094125090536, 0.23242951234551024], [0.3290339858932783, 0.34066455030024334, 0.19688605380088922, 0.13341540990558914], [0.3340077449644544, 0.3457278362424328, 0.1805455413361478, 0.13971887735696495], [0.28501861859960337, 0.20130456682062894, 0.37855153708022904, 0.13512527739953864], [0.2953249513807611, 0.2036746740137512, 0.28912639615028657, 0.21187397835520114], [0.31254233323826736, 0.22587541753218215, 0.28291769097528524, 0.17866455815426524], [0.2949219057332598, 0.23781337832060023, 0.2669656554902794, 0.20029906035586056]], "ideal": "D", "sampled": "D", "correct": true}}
{"type": "result", "data": {"idx": 17, "options": ["Wrong, Wrong", "Wrong, Not wrong", "Not wrong, Wrong", "Not wrong, Not wrong"], "probs": [[0.2861064884940832, 0.22723168945329927, 0.27152319930689695, 0.2151386226457206], [0.30145916175488846, 0.21466643357119505, 0.304597047951468, 0.17927735662244848], [0.27397188949783585, 0.15069146677375128, 0.36945638607408116, 0.2058802575543317], [0.24496984874377384, 0.13480288676450689, 0.48866958216893447, 0.13155768222278483], [0.3311092357835326, 0.18490696339504803, 0.33434001595372287, 0.14964378476769655], [0.31220661006159556, 0.18710164070202864, 0.3330749719886435, 0.1676167771477323], [0.37455154577776073, 0.21088256568238023, 0.1901140865527442, 0.22445180188711483], [0.42151467263997505, 0.21438378732396468, 0.21224196885615, 0.15185957107991024], [0.38160035716053387, 0.14873031383872976, 0.34254644256108163, 0.12712288633965474], [0.34903822905976073, 0.15430080088774722, 0.3363507838069668, 0.1603101861455252], [0.3860010235072688, 0.15045814326732404, 0.34919995326186026, 0.11434087986354696], [0.352710315388318, 0.1658930828469154, 0.3292884034013237, 0.1521081982634429], [0.33271410066394497, 0.15542813670785227, 0.2597065788335201, 0.25215118369468265], [0.2923211687737184, 0.11590335257898504, 0.4685396446890565, 0.12323583385824007], [0.3421700349431302, 0.17135781303357855, 0.2909309907105354, 0.19554116121275583], [0.2886371102234305, 0.12373413513061261, 0.45185519606885377, 0.13577355847710304], [0.3513008742397869, 0.17317352155065188, 0.35190893098715925, 0.12361667312240199], [0.32759397730540596, 0.2010112076646064, 0.2657366057109843, 0.20565820921900335], [0.33125136305051384, 0.31966121076360265, 0.2159102281169614, 0.13317719796892213], [0.3398403328269725, 0.322808096460251, 0.19856361144475168, 0.13878795916802478], [0.29022754918589694, 0.20821038445787982, 0.37635962468974915, 0.1252024415664741], [0.2965291130886411, 0.20451427350979468, 0.3113530549174422, 0.18760355838412204], [0.3242973282190113, 0.2533559055883196, 0.265129105131882, 0.15721766096078715], [0.3018446817417394, 0.2714941162866938, 0.24870040639684488, 0.17796079547472193]], "ideal": "C", "sampled": "D", "correct": false}}
