{"type": "result", "data": {"idx": 0, "options": ["jus in bello.", "jus ad bellum.", "moral nihilism.", "all of the above"], "probs": [[0.4521577891635579, 0.2827924041133467, 0.09506700682783932, 0.16998279979525602], [0.4623988642409531, 0.2817022365715691, 0.20703039058688094, 0.048868508500596826], [0.3381927311082248, 0.0948791205788147, 0.3450374304903223, 0.2218907177226382], [0.3882661883919809, 0.10278510586850201, 0.30301611257967587, 0.20593259305984124], [0.4491362403950884, 0.29810361940771957, 0.19182258127862584, 0.06093755881856617], [0.42119239815152926, 0.3027271262389085, 0.1049957028299843, 0.17108477267957792], [0.3573383959968797, 0.3439694021002495, 0.10442004273964804, 0.19427215906322273], [0.3685053412119153, 0.3244557191110847, 0.2537553097195405, 0.05328362985745947], [0.2416088467834508, 0.0927231325522196, 0.4436121648644676, 0.222055855699862], [0.29628862051268207, 0.10236791901637343, 0.355674786669017, 0.2456686737019275], [0.3755615055185504, 0.34898886081066693, 0.21098336575305632, 0.06446626781772635], [0.33925395947838316, 0.33880835515740687, 0.11477758648754578, 0.20716009877666416], [0.18949150190135597, 0.14483528680387386, 0.42692522281943684, 0.23874798837533331], [0.22206049824430463, 0.1915881605018096, 0.36200865560117285, 0.22434268555271292], [0.1890127090773622, 0.13362410862337606, 0.442932999729522, 0.23443018246973973], [0.22336448726804595, 0.17140854893400814, 0.4093534051962625, 0.1958735585016834], [0.22262971269569576, 0.33416506154213493, 0.14766606297104573, 0.2955391626911235], [0.2260239306763874, 0.36692798680760824, 0.15837753053478415, 0.24867055188122023], [0.29251787134501406, 0.18745041356824244, 0.42678104318087134, 0.09325067180587214], [0.27968437373192906, 0.20649127611753165, 0.13658234948175646, 0.3772420005687828], [0.3241757798492949, 0.19202803359537357, 0.3889827487822224, 0.09481343767310911], [0.30393774220102715, 0.2058863104938111, 0.14501345588346934, 0.3451624913216924], [0.2873787581633245, 0.14478723703367039, 0.2060516625436725, 0.36178234215933264], [0.31417651556971743, 0.15576934116552213, 0.20995182348393748, 0.3201023196808229]], "ideal": "A", "sampled": "A", "correct": true}}
{"type": "result", "data": {"idx": 1, "options": ["violates human dignity.", "fails a prima facie duty of honesty.", "is tantamount to asserting that you are infallible.", "is a risk worth taking of the speech is dangerous enough."], "probs": [[0.3833554088686011, 0.20920358596140234, 0.26796150204839914, 0.1394795030215974], [0.43742638821995977, 0.2190054505844456, 0.18686914442101035, 0.1566990166745843], [0.3723193053183273, 0.26503678758717447, 0.22613665122308987, 0.13650725577140838], [0.38607924493739076, 0.2790230082604221, 0.17557359786504712, 0.15932414883714005], [0.4237378365491631, 0.15405340950299776, 0.25540003939101275, 0.16680871445682638], [0.36566171046415097, 0.1541996002043066, 0.2965291142167155, 0.18360957501482691], [0.49252014201872213, 0.1667483510934092, 0.21865920044750875, 0.12207230634035993], [0.5562936481495949, 0.16488314901753118, 0.145187627151069, 0.1336355755818049], [0.5185907195640009, 0.20518627493632016, 0.16197171280979927, 0.11425129258987968], [0.5058812053258345, 0.20643230395733214, 0.1531319663708848, 0.1345545242459486], [0.5494972794398889, 0.1392920398150889, 0.17709552805414266, 0.13411515259087947], [0.48547980097921495, 0.1484171836476434, 0.21383715948333742, 0.15226585578980423], [0.5326936085676839, 0.17078791048047007, 0.1744439102700577, 0.12207457058178828], [0.5569036685402148, 0.17432342727711145, 0.14308263573232927, 0.12569026835034453], [0.5690343718576247, 0.1795359211703962, 0.14508687823077815, 0.10634282864120095], [0.5645701548148783, 0.18229960306850368, 0.13628505846776326, 0.11684518354885476], [0.5483229861614458, 0.1316668720411534, 0.18521413039374748, 0.1347960113036533], [0.5319524406854828, 0.13278681038482312, 0.20845618841947725, 0.12680456041021687], [0.3949822904527552, 0.22410649547243952, 0.21670842689902206, 0.1642027870757832], [0.3478255919440295, 0.2134848268635892, 0.2734306197106191, 0.16525896138176213], [0.41465357559726956, 0.25044513119406137, 0.18282656642198022, 0.1520747266866888], [0.37089735818517666, 0.2596638837146954, 0.21998665062353528, 0.14945210737659262], [0.3653458141530887, 0.2900352780267679, 0.20199482757759435, 0.14262408014254907], [0.3539349243863617, 0.27443183283540584, 0.23240075205626917, 0.13923249062196325]], "ideal": "C", "sampled": "C", "correct": true}}
{"type": "result", "data": {"idx": 2, "options": ["obscures the harms of noncoerced, consensual sex by implying that because what is coerced is bad what is noncoerced is good.", "obscures the harms of rape by equating all sex with nonconsensual sex.", "by not acknowledging a distinction between what is good and what noncoerced, has led to the acknowledgement of the harms of consensual sex.", "All of the above"], "probs": [[0.300098430338981, 0.09620784580519758, 0.0892745662121073, 0.5144191575437141], [0.2935319135218912, 0.0974147208900669, 0.5503905209948136, 0.05866284449322833], [0.26834318438980526, 0.08276593062595275, 0.11880406168113322, 0.5300868232031087], [0.3196249329696223, 0.0975290842072671, 0.49322539930496695, 0.08962058341814366], [0.5058179798704003, 0.33088307561444913, 0.10536991686780069, 0.057929027547349854], [0.47079819786905686, 0.3526513900452717, 0.08732649748142378, 0.08922391450424769], [0.26773748198063263, 0.12104918241853767, 0.09973365216053055, 0.5114796833402991], [0.2825903040274065, 0.13756558502677677, 0.5056118443938902, 0.07423226645192656], [0.23173258505731373, 0.09247566483062619, 0.1492322936733653, 0.5265594563386948], [0.2773724959437336, 0.10709769170987675, 0.452927646170125, 0.16260216607626468], [0.36511559650806696, 0.3883476401606641, 0.17006658649482084, 0.0764701767364481], [0.3560574001305273, 0.37101607958218563, 0.10904671088191105, 0.163879809305376], [0.23228534467114645, 0.13486524209236328, 0.11653304547100793, 0.5163163676654824], [0.24251386295513863, 0.2090982754594196, 0.43423315162810594, 0.11415470985733576], [0.22518140726589136, 0.12095776493540189, 0.13737795733858912, 0.5164828703601176], [0.24529018236598746, 0.1662629147084066, 0.45005138065043865, 0.13839552217516732], [0.259359232776478, 0.318794896606666, 0.2891332122652715, 0.13271265825158451], [0.2930827518197804, 0.2764606269574399, 0.19946372511003607, 0.23099289601274361], [0.2861118252413302, 0.4281987153713157, 0.19933090656498004, 0.08635855272237403], [0.25273098974239033, 0.4506838816545857, 0.12222569161416917, 0.17435943688885477], [0.3065265600625654, 0.3830902731374419, 0.21496588678870604, 0.09541727991128662], [0.2651682973312675, 0.3620425896561534, 0.13013164116042522, 0.2426574717521539], [0.22689630289314447, 0.29345067538744307, 0.2761514690355081, 0.20350155258390437], [0.23867642877099318, 0.26847016808686147, 0.24642939863124846, 0.24642400441089685]], "ideal": "A", "sampled": "D", "correct": false}}
{"type": "result", "data": {"idx": 3, "options": ["its quantity alone.", "its quality alone.", "both its quantity and its quality.", "neither its quantity nor its quality."], "probs": [[0.12531017322254467, 0.15763962582862331, 0.6386391640084735, 0.0784110368403585], [0.17174528537463302, 0.1906301379013166, 0.18618412313983648, 0.45144045348421385], [0.13373512626153078, 0.6441313315640584, 0.17068905399623047, 0.05144448807818035], [0.15711658137918996, 0.6332159213167267, 0.10090954669162404, 0.10875795051245929], [0.1270806976155724, 0.13029955714530778, 0.5008956938748051, 0.24172405126431465], [0.13417891666284387, 0.1303524918986511, 0.5501075200266524, 0.18536107131185262], [0.14338992956411956, 0.1519610619422033, 0.620322538826233, 0.08432646956744412], [0.1837690770442299, 0.16520978508727693, 0.19009585676676463, 0.4609252810017285], [0.19081670257198777, 0.5442417920310646, 0.20502837229364151, 0.059913133003306085], [0.22477147298740488, 0.5364718752912914, 0.10977994076957534, 0.12897671085172838], [0.15637402933944283, 0.14716476858417243, 0.391488867578497, 0.30497233439788773], [0.15935161708191944, 0.14539627729392443, 0.5084960460154345, 0.18675605950872154], [0.7191366499007588, 0.14341100942093254, 0.0837500312561236, 0.05370230932218515], [0.7302161075999114, 0.13781966678372684, 0.06621107655730572, 0.06575314895905608], [0.6996846146205393, 0.16185147938114544, 0.08538325066470172, 0.053080655233613466], [0.7150837831607915, 0.15043351164768953, 0.06698776085740825, 0.06749494423411073], [0.7317252590880035, 0.12195623392235062, 0.0788258892481353, 0.06749261764151064], [0.7203336524044173, 0.12194344418358616, 0.08862505324043385, 0.0690978500715627], [0.16229515017876037, 0.14168241829770212, 0.2519407309629021, 0.4440817004606354], [0.18454210183351422, 0.16991245491724136, 0.5070431156390037, 0.13850232751024066], [0.17513768297431725, 0.17179559123625684, 0.2555713126787098, 0.39749541301071606], [0.19205537091095182, 0.18082119110332867, 0.4699664395557622, 0.15715699832995728], [0.2529358082579076, 0.444823880962826, 0.18096672805675473, 0.1212735826225116], [0.23947010637882965, 0.4048405285638648, 0.23057539530956236, 0.12511396964774318]], "ideal": "C", "sampled": "C", "correct": true}}
{"type": "result", "data": {"idx": 4, "options": ["the animal.", "the wider effects on human beings.", "both A and B", "neither A nor B"], "probs": [[0.36520336694331085, 0.12125932717379816, 0.41312716848268555, 0.10041013730020547], [0.36028461275154366, 0.14010362952009842, 0.2892207930344559, 0.210390964593902], [0.5708446417052222, 0.19336841710409386, 0.14375178300266736, 0.09203515808801657], [0.6046190666664879, 0.1984535737590385, 0.09308697161475832, 0.10384038785971529], [0.5254205260213701, 0.14436024011421822, 0.14890396212817034, 0.18131527163624125], [0.470583512455359, 0.1283520945287173, 0.2850628281863426, 0.11600156472958112], [0.211512620468611, 0.4575206236637934, 0.24495641337218144, 0.08601034239541412], [0.22629711366859762, 0.44264454304686196, 0.16798593352524338, 0.163072409659297], [0.2598893642165648, 0.13138282297727918, 0.5124769806349401, 0.09625083207121599], [0.3678355459823601, 0.2462048046610198, 0.13081857365822072, 0.2551410755983994], [0.265545513222701, 0.12814497755460524, 0.4514070681566535, 0.15490244096604028], [0.31504708055911473, 0.16449777535197585, 0.31505956773200783, 0.20539557625690158], [0.33760215860818366, 0.358868054048179, 0.1803555595906361, 0.12317422765300129], [0.3529065093235993, 0.41817189369615937, 0.11258844526825988, 0.11633315161198149], [0.22528996074830063, 0.10544882204332319, 0.5754211673031772, 0.09384004980519897], [0.36610027052972616, 0.22334300803862742, 0.18093585426977354, 0.22962086706187287], [0.34433010315403134, 0.12746004408456227, 0.3901583304752659, 0.1380515221861405], [0.3396968295785362, 0.13592298530058297, 0.24420938257233085, 0.28017080244854997], [0.36016030486080186, 0.22521204237420112, 0.16066347832875505, 0.25396417433624197], [0.32000376221334603, 0.21954969550931028, 0.3351413161035605, 0.12530522607378317], [0.25996560243101424, 0.10181026311408022, 0.4633945593280311, 0.17482957502687443], [0.2988378658765058, 0.12841629789355272, 0.40867035967986437, 0.16407547645007717], [0.3342893917736089, 0.34157567194933264, 0.20404168353300292, 0.12009325264405553], [0.3285173177390599, 0.3305195271638322, 0.15493132172465732, 0.1860318332724506]], "ideal": "B", "sampled": "A", "correct": false}}
{"type": "result", "data": {"idx": 5, "options": ["skin cell nuclear transfer", "stem cell nuclear transmission", "somatic cell nuclear transfer", "none of the above"], "probs": [[0.11775917383919726, 0.09136667544139242, 0.739903187747597, 0.05097096287181331], [0.16402426458980102, 0.10063274433370685, 0.07066572396238112, 0.664677267014111], [0.1711475452951571, 0.7530530318774642, 0.04109432670344225, 0.03470509602393642], [0.18345770784742016, 0.7458914143856948, 0.04508787154962366, 0.025563006117261377], [0.19719790654884864, 0.09718909475684928, 0.06880213575875187, 0.6368108628355502], [0.23175752310891354, 0.13449277934339846, 0.5748473812143106, 0.05890231623337739], [0.08691154160104733, 0.10365054589500963, 0.7584036415655031, 0.05103427083843992], [0.14864628398077237, 0.1256193424919288, 0.07428378802660927, 0.6514505854006896], [0.09202224083831265, 0.8376230659066192, 0.03758868230196964, 0.032766010853098576], [0.09794983537503638, 0.8366208862568089, 0.040317112486046865, 0.025112165782107954], [0.12257547766663356, 0.07816928682565775, 0.0824012538887209, 0.7168539815189878], [0.1347192177518885, 0.11830970948087816, 0.6858818870886029, 0.06108918557863047], [0.8788388665242443, 0.06839481224759426, 0.023997905535016063, 0.028768415593145392], [0.8764352046264284, 0.07201817248132864, 0.029549991332484992, 0.021996631459757898], [0.8733294969043766, 0.07290844674722127, 0.024035167725355397, 0.029726888523046807], [0.8727087372223353, 0.07455446801610677, 0.030833832654157303, 0.021902962007400578], [0.8779981526191408, 0.08236259959602879, 0.020041935177276253, 0.019597312507554077], [0.8710606547327514, 0.08497602349268957, 0.02342720290254324, 0.02053611877201573], [0.11200806080144904, 0.12058641311116107, 0.06440667567478246, 0.7029988503126074], [0.11437371179725284, 0.27102229755459073, 0.5510733271449583, 0.06353066340319818], [0.09377439994340377, 0.09631331937308599, 0.0719827035594818, 0.7379295770240284], [0.0801035606773295, 0.1673935490128378, 0.6774003454559128, 0.07510254475391988], [0.15198111249511959, 0.7627365446308356, 0.049840415825918416, 0.035441926948126326], [0.14109737959438162, 0.7718413356390436, 0.04888062850820033, 0.038180656158374515]], "ideal": "C", "sampled": "C", "correct": true}}
{"type": "result", "data": {"idx": 6, "options": ["we allow the patient to harm him- or herself.", "we force doctors to harm the patient.", "we harm the patient's family.", "we harm the patient."], "probs": [[0.4316695501471164, 0.1819033270325156, 0.15421054796195052, 0.23221657475841748], [0.4585364494650221, 0.15512055272637726, 0.313042285359209, 0.07330071234939163], [0.42289597421970915, 0.14434130703468098, 0.19240473495592963, 0.24035798368968023], [0.40481716957710145, 0.12971683562192532, 0.369022079131532, 0.09644391556944122], [0.5348656057434107, 0.25499683046033234, 0.14304975844123022, 0.06708780525502672], [0.539781869124496, 0.26140606341944944, 0.12446033109154171, 0.07435173626451277], [0.33561825728473305, 0.30177811067262494, 0.14471472994596446, 0.21788890199667751], [0.35154662842314516, 0.23842846742974375, 0.3361017828881579, 0.0739231211589532], [0.3195168911731275, 0.13369026284745536, 0.2696613870039175, 0.2771314588754996], [0.2746028189937749, 0.12322248598447821, 0.47188335836393175, 0.13029133655781514], [0.4046120613065163, 0.24210426028554344, 0.27644672781111945, 0.07683695049682082], [0.46686392124680715, 0.2882830927210248, 0.13618904959638714, 0.10866393633578088], [0.34519847709663115, 0.21161290685783302, 0.2065347253095991, 0.23665389063593673], [0.30781625094090453, 0.1717377977678311, 0.42477350341483805, 0.09567244777642632], [0.3180910050550897, 0.1655120551420639, 0.2769070565423624, 0.239489883160484], [0.26869454799679904, 0.13764856700027325, 0.4837983158728703, 0.10985856903005742], [0.3801662255282444, 0.26183250988023815, 0.26382869904254275, 0.09417256544897472], [0.3964343280000699, 0.2952380412096028, 0.20292059621598316, 0.10540703447434416], [0.5191784616601995, 0.2676637232258815, 0.1421871514965076, 0.07097066351741134], [0.5183453636596621, 0.29347747998696544, 0.11677070134858886, 0.07140645490478358], [0.5101484871779981, 0.1865544925030409, 0.2266995588687189, 0.07659746135024215], [0.5649874420266903, 0.21481540107126387, 0.13130140792388276, 0.08889574887816314], [0.5184582029795213, 0.16866526508627291, 0.2232842809717376, 0.08959225086246815], [0.5459626709137771, 0.186120637259623, 0.17206060243686758, 0.09585608928973224]], "ideal": "D", "sampled": "D", "correct": true}}
{"type": "result", "data": {"idx": 7, "options": ["preventive", "proportional", "equality", "retaliatory"], "probs": [[0.2584805113271526, 0.2740028418623733, 0.25027783956773186, 0.2172388071427423], [0.22994503719213458, 0.23253761576081936, 0.3940731345329963, 0.14344421241404973], [0.23732323588556223, 0.17695103320272965, 0.3701269273070871, 0.21559880350462104], [0.2215535226474211, 0.15518813064912976, 0.4369761710471462, 0.18628217555630291], [0.23277874982350094, 0.3373473386828717, 0.2965467660293496, 0.13332714536427778], [0.24782028040256301, 0.35653258428979695, 0.2102768483630203, 0.18537028684461973], [0.33110561470199185, 0.1605707531921815, 0.25532590959907514, 0.2529977224067515], [0.2702781340292463, 0.15330194392167174, 0.4181892400022158, 0.15823068194686615], [0.4305034747139214, 0.22724465346315026, 0.14611169258946294, 0.1961401791334654], [0.3526182533927482, 0.20127174396703304, 0.34638843594383395, 0.0997215665963848], [0.36979312477031145, 0.34305639006901123, 0.1336805889663179, 0.1534698960943594], [0.38325141018526054, 0.3184289132762087, 0.21780823818079814, 0.08051143825773259], [0.2526516876466989, 0.17149619500864913, 0.3585977202504243, 0.21725439699422766], [0.22539062795769318, 0.15425468979723475, 0.44096896047950845, 0.17938572166556363], [0.34165579586271916, 0.2689132432208746, 0.16621119029962667, 0.22321977051677955], [0.2721231538958946, 0.205960047135618, 0.42756035282567645, 0.09435644604281096], [0.2902497057586924, 0.20650262302357772, 0.1871996717027042, 0.3160479994150256], [0.29488392438824124, 0.228479577785507, 0.3694420974744723, 0.10719440025177943], [0.2659711737643326, 0.16572127979240212, 0.4023074509030195, 0.16600009544024572], [0.30076408831396245, 0.16283777597166582, 0.22855191271034073, 0.307846222904031], [0.35455520880982583, 0.32119717233553735, 0.15345267492629358, 0.17079494382834326], [0.3668485176787962, 0.29310496187061624, 0.2477472255446417, 0.09229929480594577], [0.3201156961528801, 0.18008134183982205, 0.16453937203792193, 0.3352635898693759], [0.3538732098481383, 0.21849021989566367, 0.32671024175035773, 0.1009263284058403]], "ideal": "B", "sampled": "D", "correct": false}}
{"type": "result", "data": {"idx": 8, "options": ["consequentialism", "Kantianism", "virtue ethics", "contractualism"], "probs": [[0.4289171855064414, 0.1786843604670729, 0.2928460349164878, 0.09955241900999788], [0.4372447235186626, 0.19383802141525017, 0.2067076322211312, 0.16220962274495604], [0.44369885651576246, 0.221154900030692, 0.23219981960269276, 0.10294642375085279], [0.43221330638378064, 0.21718369422171271, 0.20116733012571913, 0.1494356691687875], [0.41038980464422875, 0.16186031456371336, 0.2551520130505516, 0.1725978676415063], [0.4120139777248356, 0.16002899406740165, 0.2971897124946951, 0.13076731561306768], [0.3825977244725882, 0.248856218566495, 0.2803734394432814, 0.08817261741763537], [0.3872138126956218, 0.28757730571461537, 0.1803154713111176, 0.14489341017864524], [0.31180053946238073, 0.16305780409136023, 0.41723012920022035, 0.10791152714603867], [0.3140966483098079, 0.15913903170061355, 0.22646313763160678, 0.3003011822579718], [0.3116577313775753, 0.16039499877868005, 0.39471826541527144, 0.1332290043284732], [0.3150449739833287, 0.1698818380943206, 0.2574652471503232, 0.2576079406720275], [0.43873218389590196, 0.3108476535968058, 0.16799082474268595, 0.08242933766460633], [0.42641853843349975, 0.31421064219972394, 0.14635322368786835, 0.11301759557890793], [0.35029914710670124, 0.16161891696014904, 0.38842498962850613, 0.09965694620464355], [0.3559717972531277, 0.15542066891036901, 0.20452307738450523, 0.284084456351998], [0.3181221938654562, 0.15630469515974776, 0.40930618002019303, 0.11626693085460295], [0.35018864270523076, 0.16791063545455293, 0.21933302281093717, 0.2625676989292791], [0.3421090942907681, 0.31371177174625187, 0.20139591994047604, 0.14278321392250398], [0.34116948340010306, 0.2893986507619016, 0.25592885682884803, 0.11350300890914729], [0.2948423535873985, 0.16276143004573682, 0.4133806999096937, 0.12901551635717093], [0.2904806050224514, 0.16413685188628424, 0.28861876459159824, 0.25676377839966613], [0.28075247581844665, 0.16375614457048338, 0.42576813059113305, 0.12972324891993692], [0.2945187941715825, 0.17438320553968145, 0.2582491299512653, 0.27284887023747073]], "ideal": "D", "sampled": "A", "correct": false}}
{"type": "result", "data": {"idx": 9, "options": ["institutional adequacy", "dispersion of causes and effects", "fragmentation of agency", "all of the above"], "probs": [[0.2734824439124154, 0.11933636008005331, 0.1637229335421732, 0.44345826236535807], [0.2935181710920309, 0.1459953711927539, 0.47062599128533383, 0.08986046632988139], [0.20739394324840527, 0.11174392703321234, 0.24888873276604762, 0.43197339685233477], [0.2491639405239804, 0.14503556488494102, 0.4322156309649266, 0.17358486352615196], [0.3177862715733215, 0.34508439380824246, 0.2242658998702329, 0.11286343464820313], [0.28837055394702155, 0.3109068320515807, 0.17822300161461482, 0.2224996122867829], [0.2701656797990815, 0.11336641673082117, 0.16816542915685095, 0.4483024742132463], [0.2914400035274651, 0.1372604488311438, 0.4710000945678209, 0.10029945297357026], [0.2744658507291435, 0.11162775421135679, 0.1655735323986678, 0.44833286256083194], [0.3065614080028407, 0.13349269032568167, 0.4913293562036586, 0.06861654536781898], [0.3544855521111517, 0.41946883255426076, 0.12881726409152225, 0.0972283511430653], [0.3630137551365996, 0.40353797084641224, 0.14827357672977606, 0.08517469718721206], [0.22585808099364843, 0.11881883669951888, 0.2372238532176496, 0.41809922898918306], [0.2686762053294796, 0.15755345476759758, 0.3952749135531142, 0.17849542624980855], [0.2862091915588094, 0.12677837718085688, 0.1647334968173652, 0.4222789343429685], [0.312176680387942, 0.14464026957496512, 0.48103086051434923, 0.06215218942274363], [0.3008127330948464, 0.3617337130105137, 0.14820644864707602, 0.18924710514756388], [0.30505971506601237, 0.33372698470526857, 0.2699982084809891, 0.09121509164772995], [0.40662769993901876, 0.2476721945035217, 0.23234278826859212, 0.1133573171888674], [0.33443025249519837, 0.20083844958976874, 0.18098901480100182, 0.28374228301403104], [0.46038551742046135, 0.2535061760438442, 0.15474874808585648, 0.131359558349838], [0.477045208168009, 0.2487103640784462, 0.1541235446775808, 0.12012088297596399], [0.3223462700521465, 0.20604303477134212, 0.1828213333900736, 0.2887893616864378], [0.3503604504833899, 0.22367448935898693, 0.31260594489573185, 0.11335911516189132]], "ideal": "D", "sampled": "D", "correct": true}}
{"type": "result", "data": {"idx": 10, "options": ["the problem of massive world overpopulation over generations.", "the problem that the bad effects of current carbon dioxide emissions will fall largely on future generations.", "the problem that the compounding effects of greenhouse gas emissions require the current generation to, in effect, cooperate with future generations.", "the problem that countries are possibly biased toward the interests of the current generation, which largely benefits from carbon dioxide emissions."], "probs": [[0.09963377709886478, 0.2559017469539218, 0.5289785142290767, 0.1154859616181367], [0.10954587823885546, 0.3672305913853684, 0.18007732791830386, 0.34314620235747223], [0.06591971365268813, 0.6961153900549044, 0.15279399198540455, 0.08517090420700288], [0.05804037912520081, 0.7003170538123272, 0.09921897608319427, 0.14242359087927767], [0.06868530012959853, 0.27123954687356905, 0.388132569243446, 0.2719425836533864], [0.07090091329332275, 0.25893492854438077, 0.5269347703566476, 0.14322938770564886], [0.39853810666184647, 0.09738243970221337, 0.3937545955718005, 0.11032485796413964], [0.5046351959560135, 0.09756353878135107, 0.16181048146468258, 0.23599078369795282], [0.5680248824959808, 0.27344844277909786, 0.07770792444394475, 0.08081875018097659], [0.6173352299558764, 0.2561011190109357, 0.08310262455580798, 0.043461026377379926], [0.5961856974702717, 0.1367419094472409, 0.08157342108805032, 0.185498971894437], [0.6316037130349803, 0.12003580390179978, 0.19913379697645808, 0.04922668598676178], [0.5378722192348101, 0.09755361515292785, 0.23014431728256463, 0.13442984822969736], [0.510380062613557, 0.10094988563653733, 0.1573584593562689, 0.23131159229363682], [0.6956728229642468, 0.13956410245634526, 0.07949106606478612, 0.08527200841462182], [0.7285800684048332, 0.13513097367024607, 0.09210352735944735, 0.04418543046547334], [0.6392817496614136, 0.12437964974590096, 0.08743745087702896, 0.14890114961565645], [0.6469960098063667, 0.11913149200168226, 0.18144394317272403, 0.052428554919226954], [0.209957498439379, 0.07595989220515093, 0.40357414485314197, 0.3105084644023281], [0.19971698518461956, 0.08783518431464538, 0.5291852152701434, 0.1832626151305917], [0.39889839295791196, 0.2356393906507149, 0.08732672874302144, 0.27813548754835166], [0.3561230506657773, 0.21201626401467205, 0.3747669658309637, 0.0570937193885869], [0.38712072656992735, 0.3625582781262107, 0.08022836654746204, 0.17009262865639987], [0.4139690162418919, 0.35832584434630216, 0.17726072931395698, 0.05044440999784892]], "ideal": "D", "sampled": "C", "correct": false}}
{"type": "result", "data": {"idx": 11, "options": ["it fails to reconcile prima facie duties.", "it can run counter to a person's being able to integrate her commitments at various levels.", "it can run counter to the idea that persons are atomistic and individually rational actors.", "it fails to recognize that possibility that the persons are best understood in relation to one another."], "probs": [[0.28139594194459294, 0.434353798584418, 0.15318480132478468, 0.13106545804620437], [0.26241730467955815, 0.4549262021805113, 0.14963793084147578, 0.13301856219845476], [0.30779387398227936, 0.19787743374976222, 0.33314036325105706, 0.16118832891690132], [0.3453944663809205, 0.22185785903367164, 0.28413806225959765, 0.14860961222581023], [0.29410697692193616, 0.20588458152062575, 0.33875127109099723, 0.16125717036644086], [0.29870061283101146, 0.2011066555116143, 0.35219896717131977, 0.14799376438605447], [0.5599632691788019, 0.1764833129323872, 0.13595030795316454, 0.1276031098356463], [0.5620024464759034, 0.18247247142919246, 0.13637029310470317, 0.11915478889020101], [0.5361047822861775, 0.15384429233191882, 0.1850081328860248, 0.12504279239587884], [0.5655782222182224, 0.15476731954457423, 0.18911731241242372, 0.0905371457247796], [0.5212013565614755, 0.19487901939353572, 0.1689654240151531, 0.11495419992983573], [0.5240342293769579, 0.19587157196158214, 0.18796809996108588, 0.09212609860037412], [0.2988014011919138, 0.18621811823824863, 0.34440661499652203, 0.17057386547331554], [0.3399916442884995, 0.20999326748506073, 0.3048753278341889, 0.14513976029225087], [0.3205614781226472, 0.2793811642659818, 0.231050423689936, 0.169006933821435], [0.326993162495083, 0.2802651184477516, 0.2954621568702911, 0.09727956208687433], [0.3522111527599022, 0.34498179469505935, 0.16387091819601057, 0.13893613424902782], [0.35017119791072077, 0.3482141688650077, 0.18894908757260157, 0.11266554555166994], [0.2996015503762343, 0.20166715677051958, 0.32932194573384543, 0.1694093470194007], [0.32354045875235904, 0.2061949135513019, 0.2970445542349767, 0.1732200733613623], [0.28649881052342846, 0.3384555825482768, 0.21305490710609115, 0.1619906997222036], [0.3133724629565625, 0.35594555732028615, 0.2154647856735295, 0.11521719394962178], [0.35479804869918513, 0.30655232068811, 0.18847519157432266, 0.15017443893838223], [0.35430112741549147, 0.306004675491881, 0.21830456119309757, 0.12138963579952994]], "ideal": "B", "sampled": "B", "correct": true}}
{"type": "result", "data": {"idx": 12, "options": ["often have to be made quickly and without immediate authorization.", "should be made with visibility and accountability by the highest-level officials.", "have no objective answer.", "none of the above"], "probs": [[0.42634160714275915, 0.1238371013041763, 0.18372593133825374, 0.26609536011481083], [0.49362688110403014, 0.12426878228542211, 0.2263083989061753, 0.15579593760437244], [0.465615772176676, 0.13837288112489154, 0.145626721581757, 0.25038462501667547], [0.4219863116319194, 0.1303455233443568, 0.2929527461235825, 0.15471541880014125], [0.53883850970571, 0.18253813818162792, 0.11495073969221038, 0.16367261232045172], [0.55441300638841, 0.1834418327763531, 0.10273438787981412, 0.15941077285542285], [0.3227614471504882, 0.2802744852970868, 0.1459712851523264, 0.2509927823000986], [0.34471250090597827, 0.31791493767174256, 0.17248897509770722, 0.16488358622457194], [0.31737554070159985, 0.14302548764705914, 0.2640768289301963, 0.27552214262114466], [0.41711352386862377, 0.15186212276510153, 0.21696408611017048, 0.2140602671561042], [0.3817505353829143, 0.17837133043327377, 0.27361778237520673, 0.16626035170860512], [0.48552406466546694, 0.18502925222969877, 0.1164793160798386, 0.2129673669249957], [0.32381978145252316, 0.23110887061566388, 0.16843877480076033, 0.2766325730310526], [0.2829161370386728, 0.24726573367226265, 0.2816293323243958, 0.18818879686466872], [0.2369273787042109, 0.153119715334358, 0.3303996075418939, 0.2795532983195372], [0.2830404000738285, 0.20678102659927738, 0.2486169747965721, 0.261561598430322], [0.33741547648466663, 0.2106363561349173, 0.23441939845067325, 0.21752876882974284], [0.2999401434947145, 0.17328669387286583, 0.228990289977991, 0.29778287255442865], [0.2356139912351336, 0.4795457219225659, 0.11520110268641953, 0.16963918405588094], [0.2123208461143716, 0.4788211214239234, 0.10465797624945157, 0.20420005611225336], [0.19398321209398212, 0.20507937667703235, 0.41263037915871864, 0.18830703197026688], [0.19660513101042218, 0.30711412426738427, 0.14216206966409037, 0.3541186749581031], [0.22015740303218292, 0.1624945575208079, 0.3732183332847611, 0.24412970606224804], [0.20845443940109618, 0.15875994377157704, 0.27953909094246204, 0.3532465257848647]], "ideal": "B", "sampled": "A", "correct": false}}
{"type": "result", "data": {"idx": 13, "options": ["to minimize damage incurred by all individual living beings.", "to minimize the suffering of all sentient creatures.", "to promote the functional integrity of ecosystems.", "to promote human welfare."], "probs": [[0.2531721591696291, 0.18475651739180265, 0.37519350644174393, 0.1868778168968243], [0.29506246913719864, 0.20229773807151896, 0.26514377002104134, 0.23749602267024103], [0.2834957455263436, 0.30340324925120765, 0.24113237136776813, 0.1719686337546806], [0.26367098483296514, 0.2509110309068441, 0.31389564740343584, 0.17152233675675496], [0.2932829733366326, 0.27500076738234713, 0.2134424426009861, 0.21827381658003414], [0.27139667482632457, 0.2370707761131316, 0.3282393910627962, 0.16329315789774768], [0.2364609013696751, 0.15836406224467398, 0.45711292194065767, 0.14806211434499325], [0.2947183163253299, 0.18403070614790287, 0.26480983895962257, 0.2564411384671446], [0.29448991572162203, 0.3277109812213449, 0.19052654218964063, 0.18727256076739243], [0.2863853530838005, 0.285560395010162, 0.26748248533491, 0.16057176647112748], [0.28725258781108154, 0.20645946521724184, 0.24622675796509635, 0.26006118890658025], [0.2783822375498648, 0.19390286214345512, 0.364080065987656, 0.16363483421902406], [0.29333385385122324, 0.21750975818977591, 0.28726446197640504, 0.20189192588259577], [0.2560638670636711, 0.17013726366231496, 0.40715576374233264, 0.1666431054316813], [0.336750547159332, 0.2636945922020012, 0.1749744318243061, 0.22458042871436065], [0.3114543603265915, 0.2184787722976891, 0.3047587320612897, 0.16530813521442966], [0.31431335207657035, 0.30397409197628594, 0.19552659986448054, 0.18618595598266313], [0.3273869400432355, 0.3369394493466032, 0.18829117626238287, 0.14738243424777842], [0.32658835208656956, 0.22766533358594027, 0.19086759928151228, 0.2548787149459779], [0.2764009874246432, 0.16741164276433232, 0.391053891009533, 0.16513347870149145], [0.32896504783216785, 0.17999747930149756, 0.1834139878391788, 0.30762348492715574], [0.3094902084382363, 0.16665230938097722, 0.35426474141906666, 0.16959274066171978], [0.3536330759171666, 0.23503427205119598, 0.20346608755938056, 0.20786656437225687], [0.37351457753196365, 0.27045777681242233, 0.1851914745612293, 0.17083617099438467]], "ideal": "D", "sampled": "C", "correct": false}}
{"type": "result", "data": {"idx": 14, "options": ["consequentialism", "virtue ethics", "both A and B", "neither A nor B"], "probs": [[0.334480427146475, 0.18673364398846604, 0.3820763144541004, 0.09670961431095855], [0.37173162779274727, 0.2210160576773386, 0.2326792259973297, 0.17457308843258446], [0.38284533228560436, 0.2784682657237375, 0.2511542868219992, 0.08753211506865896], [0.3862053521362962, 0.3132949582445276, 0.12060410554370608, 0.17989558397547015], [0.38218700312447823, 0.14550214787604515, 0.32708799348349804, 0.1452228554159786], [0.40600687866333446, 0.16971375299356614, 0.1979455679150995, 0.22633380032799988], [0.4152117382477559, 0.13840430514652596, 0.3606527418023856, 0.0857312147033325], [0.46728137325851077, 0.16456921906201122, 0.19472882479098286, 0.17342058278849518], [0.4819565486717551, 0.2707601825735441, 0.17044361187964355, 0.07683965677505723], [0.48532809717581976, 0.2622066081304915, 0.12077484008710435, 0.13169045450658437], [0.4844678928646499, 0.1481498269975944, 0.22528357654247363, 0.14209870349528203], [0.5033801497540247, 0.15154463954510627, 0.18662248172219878, 0.1584527288786703], [0.3209274351966898, 0.22835467964769804, 0.3557001914994999, 0.09501769355611227], [0.31827768680250756, 0.28386968371413623, 0.12470588086788524, 0.273146748515471], [0.29238593793259265, 0.4105623692650489, 0.21247376657740766, 0.0845779261249508], [0.2877898769122183, 0.38551023024175546, 0.1154769045673034, 0.21122298817872284], [0.25567396139242254, 0.11035831440993096, 0.4564089238570013, 0.17755880024064513], [0.24449472341876763, 0.09843646220582405, 0.50245085713342, 0.15461795714198837], [0.2981020256296023, 0.26212194949929235, 0.3030699536358727, 0.13670607113523264], [0.2779229961928857, 0.28563923492076365, 0.20346488662905013, 0.23297288215730055], [0.2860875214674345, 0.3958076654219495, 0.18484561694340043, 0.13325919606721556], [0.2644157668025757, 0.389393502592941, 0.17767235370181958, 0.16851837680266374], [0.2421935092180094, 0.1658122018195785, 0.39058674612072974, 0.20140754274168235], [0.2347438712259668, 0.14193777315574774, 0.4496955439089396, 0.17362281160934587]], "ideal": "C", "sampled": "B", "correct": false}}
{"type": "result", "data": {"idx": 15, "options": ["will be seen as curiosities.", "will be scrutinized in relation to the person they are clones of.", "both of the above", "none of the above"], "probs": [[0.20441873217253093, 0.20603363060355956, 0.4989581666465471, 0.0905894704773624], [0.24964493138610913, 0.2968075528919787, 0.2173683312710067, 0.23617918435090549], [0.25904476254011416, 0.4263815815859589, 0.22019126680986664, 0.09438238896406027], [0.2953843198077361, 0.44596776694046025, 0.12148235082515957, 0.13716556232664404], [0.22738031024237193, 0.20101200633667426, 0.28371282140847404, 0.28789486191247976], [0.25775283188398806, 0.2808121996716157, 0.2772280532257482, 0.184206915118648], [0.2637220322822063, 0.1536940187062111, 0.49715751404559066, 0.08542643486599197], [0.34379905458827026, 0.1812207102594353, 0.2619275450444554, 0.21305269000783902], [0.3832388760773726, 0.4227824147698334, 0.11518131768771579, 0.07879739136507821], [0.4098635231222478, 0.38964273573658953, 0.1121670587633843, 0.08832668227777835], [0.3954560160241446, 0.21485964951750786, 0.16640284655814305, 0.22328148780020451], [0.376505000411843, 0.20595236689985955, 0.30295197798477097, 0.11459065460352647], [0.3188138305822086, 0.16427679358270103, 0.322016924587473, 0.19489245114761738], [0.3469142667142475, 0.20552435821511011, 0.21085204496140839, 0.23670933000923397], [0.390870148720682, 0.24247563695190774, 0.17642746776716722, 0.19022674646024304], [0.35520137411384334, 0.26560784175147445, 0.19647189068235876, 0.1827188933523235], [0.32423631319845786, 0.1762219123730245, 0.21307832635531884, 0.2864634479731988], [0.34338521020466717, 0.1765053079252947, 0.2919270271919522, 0.18818245457808594], [0.21057828396176398, 0.1647834677764936, 0.2734089574960336, 0.3512292906657088], [0.21047235082343954, 0.19501828273589025, 0.3734932970555669, 0.22101606928510337], [0.2618187562724463, 0.2370284525089203, 0.16688908388205537, 0.334263707236578], [0.23254312919054268, 0.2515258826291251, 0.37257913306472895, 0.14335185501560327], [0.23120515735236888, 0.1963394789600573, 0.22467807602656428, 0.34777728756100956], [0.25319121039931897, 0.20329027481699424, 0.3233351207450088, 0.22018339393867795]], "ideal": "C", "sampled": "C", "correct": true}}
{"type": "result", "data": {"idx": 16, "options": ["because dead people no longer exist, and thus cannot benefit from choosing to die.", "because some things (e.g., long-term torture) are worse than death.", "because there has yet to be a satisfactory philosophical explanation of why death is bad.", "because death is, by definition, undesirable."], "probs": [[0.3151757418794169, 0.3019112646277831, 0.23331952092698544, 0.1495934724658146], [0.2974085642431649, 0.276203018825583, 0.2895123789697029, 0.13687603786154917], [0.2932772548716864, 0.24988263098236627, 0.2723306336032026, 0.18450948044274473], [0.29728236348513676, 0.2417541855070506, 0.2739186841881734, 0.18704476671963927], [0.2838354110433938, 0.33580106493452905, 0.24765013155844878, 0.1327133923636284], [0.29677969214332617, 0.35937550660354306, 0.19848349688452482, 0.14536130426860597], [0.3088871308191335, 0.4012225268959225, 0.15954298080823454, 0.13034736137670944], [0.29803445932268985, 0.37527132030549043, 0.22402635214472688, 0.10266786812709283], [0.2849084947745654, 0.23908992886864597, 0.31662791020600983, 0.15937366605077877], [0.3153563282482723, 0.2485634050372561, 0.26244015672146176, 0.17364010989300982], [0.2740177409815303, 0.2929671595337396, 0.32173152556288365, 0.11128357382184645], [0.3133284951931283, 0.3195471668058816, 0.21958216368201497, 0.1475421742189752], [0.24449883398948902, 0.3599999248621476, 0.23425640163463252, 0.16124483941373086], [0.24109466371509494, 0.3468492328773787, 0.2638689875338853, 0.14818711577364108], [0.2359743827945295, 0.24271422260488495, 0.36442848493346386, 0.15688290956712167], [0.26422807177899366, 0.2494037709969656, 0.3008383467367703, 0.18552981038727046], [0.23002219316911063, 0.2311616699964109, 0.3694681602663979, 0.16934797646808056], [0.2457871773986372, 0.24316431982629289, 0.3122917273793975, 0.19875677529567243], [0.29079174559200976, 0.32575308787913354, 0.25571068737765057, 0.12774447905120614], [0.30667660094229177, 0.3434819927986998, 0.1911429195085195, 0.15869848665048897], [0.2765682020762545, 0.2735460379927046, 0.3274238680912668, 0.12246189173977413], [0.30867491089222343, 0.2912724104611594, 0.24525261653750197, 0.1548000620091152], [0.27579661790061805, 0.2561866602613643, 0.29029750388494646, 0.1777192178530712], [0.27913778601570355, 0.24747438357569043, 0.2848690407457834, 0.18851878956282261]], "ideal": "A", "sampled": "A", "correct": true}}
