{"type": "result", "data": {"idx": 0, "options": ["Cerebral infarction during the hospitalization", "Complication of the IVC filter placement", "Compression of the lateral femoral cutaneous nerve", "Hematoma of the left thigh"], "probs": [[0.07577652088215424, 0.12932585994141696, 0.7378223152856597, 0.057075303790769145], [0.06838998484292791, 0.0874406785656533, 0.1843951965717101, 0.6597741399197087], [0.07777491840277825, 0.5678022418675914, 0.29854779987705765, 0.05587503975257262], [0.06697258748332409, 0.5041436885612285, 0.3625977445911548, 0.06628597926429264], [0.08404105594127932, 0.12366769361506413, 0.13529246259653102, 0.6569987877471255], [0.07362492189798203, 0.13480338101371278, 0.7339163230467022, 0.05765537394160296], [0.0630463542918609, 0.12482190038954888, 0.7521017880811495, 0.06002995713744072], [0.06413293772591677, 0.08864504296142872, 0.17290702846944606, 0.6743149907432084], [0.08813093470450682, 0.5948517233305617, 0.25518369291877446, 0.061833648946156984], [0.08237148320958287, 0.5062296540895411, 0.35539619190107824, 0.05600267069979778], [0.07467578761982167, 0.11970976203780405, 0.10692293462922645, 0.6986915156131478], [0.07270461590995829, 0.1310597408826623, 0.7419141806633256, 0.05432146244405375], [0.6716299302099349, 0.11581965675732417, 0.16687288008369586, 0.04567753284904507], [0.6262748287459396, 0.11679709043524762, 0.1968142702741375, 0.06011381044467521], [0.7069251711302283, 0.13075008207741712, 0.11426495078464415, 0.04805979590771038], [0.6550518977693398, 0.1320906331935583, 0.16932456422211023, 0.04353290471499163], [0.6667726461486386, 0.13976314057492334, 0.1352256920010106, 0.05823852117542748], [0.6542168757526986, 0.14827428535715734, 0.15636001292751242, 0.04114882586263163], [0.10645321914164459, 0.12011336712997109, 0.1355752517978165, 0.6378581618305679], [0.06869052247477328, 0.12283699030188716, 0.7460635788579236, 0.06240890826541592], [0.09386979927479996, 0.11903283921232855, 0.11406262387778107, 0.6730347375350904], [0.08919588361802494, 0.12425693257729047, 0.7313029686925026, 0.05524421501218205], [0.10506062483956033, 0.5968675942032293, 0.22436663993290634, 0.07370514092430398], [0.13396002008573898, 0.62132494998647, 0.19364531505347832, 0.05106971477431263]], "ideal": "C", "sampled": "C", "correct": true}}
{"type": "result", "data": {"idx": 1, "options": ["Braxton Hicks contractions", "lower uterine retraction ring", "hypotonic uterine dysfunction", "primary dysfunctional labor"], "probs": [[0.18686377345528155, 0.28975532751264377, 0.19204843900883944, 0.33133245992323523], [0.18694825468578058, 0.2662848233910351, 0.3173264264743098, 0.22944049534887448], [0.17567274757980292, 0.2366542474683312, 0.22648714002879694, 0.3611858648230689], [0.2212355019943502, 0.28855436422098496, 0.38780337766283857, 0.10240675602182624], [0.20824530469750924, 0.32341646092378246, 0.1981363563420736, 0.2702018779366347], [0.2518379352461101, 0.3818358423650518, 0.23607189599191922, 0.13025432629691885], [0.1800005924521337, 0.3559347178618981, 0.15952154041593233, 0.30454314917003583], [0.1874446365811349, 0.31012319591153276, 0.27220456978327223, 0.23022759762406012], [0.14888302155807506, 0.2619181988238825, 0.3452963088985038, 0.24390247061953857], [0.16810398540735122, 0.29111750609716514, 0.38428644604327916, 0.1564920623522045], [0.18874344227810746, 0.37969523664492233, 0.20180475709804463, 0.2297565638789256], [0.18328844952871015, 0.36612220503834764, 0.2538331373129827, 0.19675620801995955], [0.16534595436209942, 0.5032984688866271, 0.15135824904356154, 0.17999732760771195], [0.18987285447633787, 0.5771820802639848, 0.15958737548725535, 0.07335768967242202], [0.15451261169389593, 0.2550653180960263, 0.42241256795455023, 0.16800950215552754], [0.16582095366704408, 0.30526082998895016, 0.34735512337751023, 0.18156309286649547], [0.26819155399719846, 0.4708723933553974, 0.16732941684969185, 0.0936066356977123], [0.21169208531831357, 0.45596946223127327, 0.15319282620241437, 0.1791456261479988], [0.30277253820971417, 0.23795232600787505, 0.19620957091531974, 0.26306556476709103], [0.34777445634029863, 0.31678939806599704, 0.2102362874010459, 0.12519985809265843], [0.27526405450929303, 0.2910777628130706, 0.20211160180931764, 0.23154658076831872], [0.2556314246289035, 0.2904307928519329, 0.23199034426247817, 0.2219474381566854], [0.3342004541763012, 0.3534718865227146, 0.20528923392459764, 0.10703842527638657], [0.2940903393359046, 0.3315717080372315, 0.19076647431034946, 0.18357147821651443]], "ideal": "C", "sampled": "D", "correct": false}}
{"type": "result", "data": {"idx": 2, "options": ["The findings are clinically and statistically significant", "The findings are clinically insignificant but statistically significant", "The findings are clinically significant but statistically insignificant", "The findings are neither clinically nor statistically significant"], "probs": [[0.25263917820071796, 0.14739854851975104, 0.39571741809042993, 0.20424485508910106], [0.2535845637067888, 0.14565633235905345, 0.4227299093777404, 0.17802919445641735], [0.29868511697725814, 0.31527863359034214, 0.21903347455904654, 0.16700277477335315], [0.2860101248030364, 0.2768464179919664, 0.3174339892074435, 0.1197094678975538], [0.3170449326344144, 0.2667959789245349, 0.19886819711533496, 0.21729089122571574], [0.2765136196030657, 0.21348543680646384, 0.3319709698839232, 0.1780299736065472], [0.1765813923724323, 0.2001136481527949, 0.4782466745420872, 0.1450582848326856], [0.2081958856286878, 0.23591553107902713, 0.3636932806146063, 0.19219530257767872], [0.2063850102699541, 0.2755293465717474, 0.3551405860086608, 0.16294505704963774], [0.21330271023456945, 0.2216999911533626, 0.2620434682690281, 0.3029538302430399], [0.1904908893885095, 0.15672663086168254, 0.5200328307828747, 0.1327496488669333], [0.19525994649454323, 0.15334862697600607, 0.40851501235028376, 0.2428764140791669], [0.2145183139295198, 0.279809641222556, 0.3012418910004605, 0.20443015374746368], [0.20887434725613713, 0.24027624781850787, 0.38852593963278664, 0.16232346519256838], [0.18291939793188047, 0.1772302985014115, 0.4544042944453738, 0.18544600902133423], [0.18394007180639077, 0.1511796920637292, 0.287728381859594, 0.37715185417028607], [0.17751153905006395, 0.14941775463328721, 0.5577897304232737, 0.11528097579337505], [0.19193840943031168, 0.15662125774780536, 0.3326156635960419, 0.31882466912584106], [0.21499765766504197, 0.4050463614939013, 0.19638803014019135, 0.18356795060086542], [0.20262603459716141, 0.33928644653742146, 0.28911358115166114, 0.16897393761375598], [0.18021361796564198, 0.16042739390359498, 0.5077691749388217, 0.15158981309194133], [0.1871494920789386, 0.15533424680863803, 0.3915686250597775, 0.2659476359526458], [0.19346178440879364, 0.1748411584399661, 0.5040790067442388, 0.1276180503070015], [0.19802425799773754, 0.16307003794469915, 0.3200111090816921, 0.3188945948758712]], "ideal": "B", "sampled": "A", "correct": false}}
{"type": "result", "data": {"idx": 3, "options": ["Atrial fibrillation", "Cor pulmonale", "Systemic hypertension", "Tricuspid valve regurgitation"], "probs": [[0.08009249537175545, 0.6090164047835521, 0.1747867425776558, 0.1361043571670366], [0.09598477183812644, 0.5550188421648045, 0.2411988526341519, 0.10779753326291715], [0.07135101992628934, 0.10915454232000803, 0.715873523375177, 0.10362091427852571], [0.12083180067475603, 0.15335115560322585, 0.2897667245311839, 0.4360503190908342], [0.08759634168732211, 0.14150108065167585, 0.663753146621405, 0.10714943093959693], [0.12627987201261195, 0.21563080388810857, 0.22324690726374474, 0.4348424167355347], [0.4759414422640885, 0.15834080935413514, 0.17173985879283568, 0.19397788948894065], [0.4483016266464405, 0.15753013363485188, 0.23916111106749235, 0.15500712855121526], [0.4315945610749712, 0.1978740156449384, 0.16457936920460192, 0.2059520539754885], [0.4371138214627889, 0.18518425522382928, 0.23682117459789992, 0.14088074861548194], [0.45137702741613733, 0.2417230122783007, 0.1579225635680204, 0.14897739663754156], [0.4591541563501253, 0.2555251571593557, 0.14849514652764875, 0.13682553986287024], [0.07014689280224701, 0.1073496815149567, 0.7206252490474018, 0.10187817653539445], [0.12325092781589957, 0.16020780322714534, 0.2820286368437121, 0.434512632013243], [0.09012509747251993, 0.6149806884064115, 0.14855901674097807, 0.1463351972800905], [0.09882998383152024, 0.5991262598640844, 0.1994088574648149, 0.10263489873958041], [0.12857453906962615, 0.19068098634604116, 0.23798450044351688, 0.4427599740408158], [0.0848122891945561, 0.1317159025644903, 0.678126797780689, 0.1053450103602646], [0.0858651322757151, 0.12331206737905834, 0.6866893153675767, 0.10413348487764988], [0.14327844762444536, 0.18746477084274848, 0.23772431553423917, 0.431532465898567], [0.09410323341893728, 0.6511079169323802, 0.15394263197346836, 0.10084621757521406], [0.09079189867272892, 0.6684953124706245, 0.14273712142661985, 0.09797566733002665], [0.13600581680359636, 0.1711321596461444, 0.2497803233346854, 0.44308170011557385], [0.08103004117721274, 0.11823641940635461, 0.7008632986264943, 0.09987024068993834]], "ideal": "C", "sampled": "B", "correct": false}}
{"type": "result", "data": {"idx": 4, "options": ["Median nerve at the wrist", "Musculocutaneous nerve at the forearm", "Radial nerve at the forearm", "Ulnar nerve at the elbow"], "probs": [[0.163818545750454, 0.144377940385003, 0.35029156426749436, 0.3415119494970486], [0.1020626880280139, 0.1317667821794617, 0.6892650774122321, 0.07690545228029225], [0.20874397078358112, 0.1661524325902816, 0.1652758271580322, 0.4598277693681051], [0.11772450759186864, 0.14168090166874436, 0.6585618411310342, 0.08203274950835279], [0.21313722588327935, 0.5439032356187932, 0.11082930199311507, 0.13213023640481245], [0.23450816199464328, 0.5277121184472258, 0.14254880268672965, 0.09523091677140133], [0.13549644561225893, 0.30505167272924666, 0.22916965060145664, 0.33028223095703774], [0.09771034210395421, 0.180766346832191, 0.6247347769811895, 0.09678853398266524], [0.13487080223472248, 0.20208422822092018, 0.3821655226738411, 0.2808794467705163], [0.0793064826699278, 0.15138037388464684, 0.6722597429060738, 0.09705340043935158], [0.09751714673895737, 0.645909948680701, 0.1599261420755743, 0.09664676240476736], [0.09468665788632478, 0.6682840038784925, 0.12286984265760117, 0.11415949547758157], [0.1904495989817905, 0.2702109354338483, 0.16065046722173726, 0.378688998262624], [0.11839231582905366, 0.18426271859361762, 0.6174245934146589, 0.07992037206266978], [0.13695089109508926, 0.1512805923286615, 0.4034110783110648, 0.30835743816518446], [0.08378931875082533, 0.13783794897865193, 0.6878893355734295, 0.0904833965970933], [0.14206641911039664, 0.5188741087394639, 0.24238739905317672, 0.09667207299696273], [0.13671953707038928, 0.5455384741659433, 0.13091574288332308, 0.18682624578034437], [0.6060911642187908, 0.17563594040142266, 0.0879601496355248, 0.13031274564426168], [0.6290495837238707, 0.18800266824240966, 0.11006688503513147, 0.07288086289858821], [0.5381423119491705, 0.1376933578436986, 0.1888491680000374, 0.13531516210709346], [0.4633170892830736, 0.13660013470773633, 0.21220734397126073, 0.18787543193792935], [0.5418413321269219, 0.13644394378820526, 0.2404105829982746, 0.08130414098659824], [0.5248123172229692, 0.13759862760127647, 0.11806591816261289, 0.21952313691314151]], "ideal": "D", "sampled": "D", "correct": true}}
{"type": "result", "data": {"idx": 5, "options": ["Fatty acid oxidation", "Fatty acid synthesis", "Gluconeogenesis", "Glycogenolysis"], "probs": [[0.2843395726941862, 0.383042925810613, 0.18702316003623232, 0.14559434135896848], [0.2695636611647253, 0.3661090949472705, 0.14697411040827804, 0.21735313337972614], [0.2844759373926624, 0.18813345815546156, 0.4057555707904923, 0.12163503356138376], [0.3220226610289056, 0.20787736210580238, 0.2149527466806131, 0.25514723008467893], [0.2772905312883883, 0.1473422839298214, 0.36555458200955343, 0.2098126026722368], [0.32096561308026944, 0.1601175492824304, 0.25242176273292694, 0.2664950748043732], [0.37365677392237867, 0.3296714077609212, 0.17139202099230566, 0.12527979722439445], [0.35775266160226593, 0.3108537587467047, 0.14257155782261988, 0.18882202172840953], [0.41598116417581815, 0.20100113298221536, 0.2753743765516643, 0.1076433261903022], [0.3968661904872104, 0.18166446142572087, 0.17092823471123653, 0.25054111327583223], [0.3981438993456349, 0.1546221719414993, 0.267709948623528, 0.17952397998933783], [0.4027341901853278, 0.15044403074667434, 0.19655087588252082, 0.25027090308547706], [0.20565825127951212, 0.2603723224903589, 0.4173131771257369, 0.11665624900439203], [0.22439882978344597, 0.35887222409020664, 0.1753025002512122, 0.2414264457751352], [0.1997256114899644, 0.3297734831705717, 0.3632298382512851, 0.10727106698817883], [0.21364582856222333, 0.3814242113104038, 0.16564961763451716, 0.23928034239285567], [0.20956511481148776, 0.1698251490151163, 0.38979580413681747, 0.23081393193657848], [0.1946079730792941, 0.15296903251071933, 0.385393530091847, 0.26702946421813956], [0.20428184554078277, 0.22111379439068649, 0.41753836217703255, 0.15706599779149819], [0.22827537355524405, 0.32711789008684083, 0.208456322529928, 0.23615041372798712], [0.19721267233846354, 0.3718130421946299, 0.30424945183411034, 0.12672483353279626], [0.19678820374445874, 0.4440636270188736, 0.16627128172834055, 0.19287688740832712], [0.21613303348646246, 0.18069975758624182, 0.36884777085455345, 0.23431943797274224], [0.19797809715046716, 0.1568235480155218, 0.3920455931039843, 0.2531527616300267]], "ideal": "A", "sampled": "B", "correct": false}}
{"type": "result", "data": {"idx": 6, "options": ["Reassurance", "Assess for suicidal ideation", "Begin dextroamphetamine therapy", "Increase oxycodone dosage"], "probs": [[0.19073780873868332, 0.5770428481068834, 0.12729238636298637, 0.10492695669144683], [0.18610875826135861, 0.5456645799653541, 0.1203317504827878, 0.14789491119049944], [0.17401650286936302, 0.18330608033334872, 0.5206471603491729, 0.12203025634811539], [0.16203533835736833, 0.1844778739243092, 0.1881783390532758, 0.46530844856504666], [0.13993783293755194, 0.1417264789201154, 0.5952324270606855, 0.12310326098164719], [0.1810250377168519, 0.1763393826207197, 0.21514592421448725, 0.42748965534794114], [0.4578723634099635, 0.2362775363520417, 0.18354107833808606, 0.12230902179990874], [0.4420948523777382, 0.24089368762171942, 0.15037416592409245, 0.16663729397644994], [0.3414361084022089, 0.17091150108723396, 0.3235490812662992, 0.16410330914425786], [0.353414451346438, 0.17976875869277642, 0.18192217023225593, 0.28489461962852963], [0.377368211708479, 0.16660542784455315, 0.2614473104215481, 0.19457904992541972], [0.39998605247229263, 0.17955252106495392, 0.14044784845186567, 0.28001357791088777], [0.1454391893873392, 0.18327501004722038, 0.5592384808866574, 0.11204731957878297], [0.1331669618453708, 0.17306103842083753, 0.22154135830221613, 0.4722306413315755], [0.1951575460740944, 0.4024390636018369, 0.2509538381472308, 0.15144955207683788], [0.20363029532139248, 0.38255801223031705, 0.15502784913676645, 0.258783843211524], [0.1327091534427705, 0.12521458417204076, 0.32386534353029656, 0.4182109187548922], [0.15267877506694444, 0.13868104126677466, 0.5599186503315136, 0.1487215332347673], [0.14739724552953754, 0.17585855196569455, 0.5667356083203179, 0.11000859408444996], [0.17766453755124753, 0.24797444055137202, 0.22138331998856428, 0.35297770180881616], [0.22146102783849536, 0.4221752583558385, 0.20825657246414445, 0.1481071412415217], [0.2355588595500128, 0.4156062726441541, 0.12135310831504806, 0.22748175939078502], [0.13826143074211278, 0.13257475986196615, 0.3536383720067182, 0.3755254372892028], [0.18322327458183668, 0.1527213580348156, 0.49510469289977427, 0.16895067438357347]], "ideal": "B", "sampled": "B", "correct": true}}
{"type": "result", "data": {"idx": 7, "options": ["Defect in thyroxine (T4) biosynthesis", "Graves' disease", "Multinodular goiter", "Riedel's thyroiditis"], "probs": [[0.0920713578099089, 0.7570837421361901, 0.08876991601778664, 0.06207498393611434], [0.08978024711282294, 0.7560094429830129, 0.10281818069945692, 0.051392129104707265], [0.09458443269745662, 0.14384437356129265, 0.7016049988703297, 0.0599661947709211], [0.14227303007042874, 0.22375986978080842, 0.3939384397740907, 0.24002866027467215], [0.12209507804454782, 0.17457484747659918, 0.627712823549491, 0.07561725082936205], [0.16682443516824721, 0.3113568835330454, 0.24704718604912385, 0.2747714951495835], [0.6261772606071093, 0.1109569387169528, 0.13746428693148166, 0.12540151364445623], [0.5523807364717523, 0.11367401394844263, 0.2510221879602123, 0.08292306151959274], [0.6419765591715748, 0.1495597567095714, 0.0828726247940274, 0.1255910592248264], [0.6286710546928136, 0.14413315163700752, 0.17594486604320536, 0.05125092752697356], [0.6329560858240387, 0.2300959453408749, 0.07271504442191465, 0.06423292431317168], [0.652571490729168, 0.2193030141274498, 0.0773588553907699, 0.05076663965261234], [0.10692679721646949, 0.11625000660076518, 0.7111079586166125, 0.06571523746615283], [0.14968924222879787, 0.12024645506133198, 0.47353801126513095, 0.2565262913447392], [0.1302657031619025, 0.7429241245695303, 0.06780296841268457, 0.05900720375588268], [0.13530112448804144, 0.7132963947496482, 0.10993434200997866, 0.04146813865233167], [0.20413015203208568, 0.42849184993803485, 0.11562835195823143, 0.251749645971648], [0.18677097696262732, 0.23960033235240333, 0.5223004260308313, 0.051328264554138095], [0.18629626927897017, 0.12489876149835913, 0.5946276187302101, 0.09417735039246063], [0.23271158335265962, 0.13646915553635613, 0.2682174145907167, 0.36260184642026755], [0.255944478965535, 0.5855143999982995, 0.07827937252277968, 0.08026174841338586], [0.26371457580713, 0.584591792809802, 0.09071860258748075, 0.06097502869558723], [0.2942374181857357, 0.18234957077838457, 0.1402573499058306, 0.38315566103004917], [0.22362417720772154, 0.14535954105802687, 0.5691073941542081, 0.061908887480043466]], "ideal": "C", "sampled": "B", "correct": false}}
{"type": "result", "data": {"idx": 8, "options": ["Inferior deep cervical", "Parotid", "Retropharyngeal", "Submental"], "probs": [[0.2010904490421654, 0.2653836230553954, 0.2831405316564264, 0.25038539614601285], [0.18319743050900536, 0.2614731075439745, 0.3290124388151574, 0.2263170230318627], [0.20310583708639413, 0.2943403422538149, 0.2686791717737455, 0.23387464878604552], [0.19549346293083153, 0.28558562481017363, 0.3595316791454033, 0.15938923301359154], [0.19703084522051503, 0.3112355218700596, 0.27531710674568244, 0.21641652606374293], [0.19375201722544164, 0.29434432350698087, 0.35633402202941133, 0.1555696371381661], [0.2217762403929115, 0.3042390851598995, 0.2487981841077503, 0.22518649023943868], [0.17916325266844274, 0.274312593739991, 0.35885934107468154, 0.1876648124168847], [0.20011728106277582, 0.28787461778249357, 0.2647094209140898, 0.24729868014064083], [0.16264421024452838, 0.27120981577233766, 0.35222441310456687, 0.21392156077856708], [0.20552632516841682, 0.31213340625224584, 0.27192837402378756, 0.21041189445554978], [0.1714790688944821, 0.2814403599863107, 0.3302026836334482, 0.21687788738575906], [0.2004880875075826, 0.2728300649723262, 0.30996220838960514, 0.21671963903048605], [0.17900934546871994, 0.2534283957611155, 0.4226896699439542, 0.14487258872621042], [0.19608720842893232, 0.2862644748660093, 0.2696318883979118, 0.24801642820714656], [0.1628885764581565, 0.2672800203079932, 0.3555196629263978, 0.21431174020745244], [0.22363860236439081, 0.3188232982190522, 0.2779427385665369, 0.17959536075002006], [0.16356486567902664, 0.2559908406475746, 0.3653079081798237, 0.21513638539357505], [0.20987647456996245, 0.2993856623560964, 0.2841991739555239, 0.2065386890184172], [0.20873640721520134, 0.29084558538594585, 0.3548882391760562, 0.1455297681227966], [0.20610645104215133, 0.30093845273616887, 0.2769454080044634, 0.21600968811721646], [0.1765377871973939, 0.26996872630902713, 0.3319793740172814, 0.22151411237629753], [0.2093365497183489, 0.40195998560044793, 0.24833158016191983, 0.1403718844192833], [0.16736089689017009, 0.3554574164665376, 0.26713283459452747, 0.21004885194876483]], "ideal": "D", "sampled": "D", "correct": true}}
{"type": "result", "data": {"idx": 9, "options": ["Carbonic anhydrase inhibitor", "Na+ \u2013Cl\u2212 symport inhibitor", "Na+ \u2013K + \u20132Cl\u2212 symport inhibitor", "Osmotic diuretic"], "probs": [[0.22817426577649239, 0.24089108046132812, 0.2554075977635144, 0.2755270558986651], [0.204514962347039, 0.2427213751621507, 0.23801335335358031, 0.31475030903722995], [0.22643623569023522, 0.21931938171221926, 0.2871731433827657, 0.26707123911477976], [0.19530146113024377, 0.21766001308261337, 0.24377605679840003, 0.34326246888874284], [0.23788568020638667, 0.30314659617571565, 0.19940648673855244, 0.25956123677934523], [0.2341654221230654, 0.29360387601312116, 0.20246230667182671, 0.26976839509198675], [0.2188136744987498, 0.3750385716159474, 0.2128601990212608, 0.19328755476404205], [0.21678720412470648, 0.3602166771528516, 0.18459007142128403, 0.23840604720115788], [0.22624249275340425, 0.2602111515236975, 0.3008151188556346, 0.21273123676726363], [0.22214145459135767, 0.3010063007622791, 0.2228130052528343, 0.25403923929352895], [0.23078839707960472, 0.23227089881592616, 0.2813684255622908, 0.2555722784421783], [0.21857428035521528, 0.22333071631928386, 0.2858522065824017, 0.2722427966430992], [0.21033878699365818, 0.3384088529612607, 0.2565717888047862, 0.1946805711402949], [0.20132199517910132, 0.32388822773339954, 0.1971323699843877, 0.2776574070031114], [0.22330141398016906, 0.26910478274969535, 0.2875889284261905, 0.22000487474394512], [0.2176038655064039, 0.3064822301928023, 0.22328235539472002, 0.25263154880607375], [0.20773023674392974, 0.2122291804970046, 0.2891055984372712, 0.2909349842217945], [0.2066150394884251, 0.21272502203468058, 0.323347260819905, 0.25731267755698933], [0.2313772027168342, 0.32123908876006735, 0.19689387374479386, 0.2504898346783046], [0.22845115234126795, 0.3195145881073476, 0.19893852475061077, 0.2530957347007736], [0.21720883895397208, 0.2420769554753506, 0.30014801916899947, 0.24056618630167784], [0.21936674740753476, 0.2502594925251608, 0.26128411679760616, 0.2690896431696983], [0.20914066390953195, 0.22931327388467315, 0.30514802161616267, 0.2563980404896322], [0.2205763557590366, 0.24199929422697206, 0.2731602611787265, 0.26426408873526486]], "ideal": "B", "sampled": "A", "correct": false}}
{"type": "result", "data": {"idx": 10, "options": ["Chest x-ray", "Complete blood count", "Determination of serum albumin concentration", "Determination of serum digoxin level"], "probs": [[0.09543855805760396, 0.1404994067185954, 0.6647398174005681, 0.0993222177232326], [0.11124541858019787, 0.15256770294647948, 0.19224197100211446, 0.5439449073712082], [0.12202843277426184, 0.6623647212319813, 0.08264494686492352, 0.13296189902883332], [0.11346082303685197, 0.7090108341088368, 0.11187662844823143, 0.06565171430607977], [0.12672156660727094, 0.17113051581745015, 0.17597716341541003, 0.5261707540598689], [0.11413701877652954, 0.19198969433748903, 0.6102077500703422, 0.08366553671563916], [0.09752569491969364, 0.1391429474682983, 0.6687623957436444, 0.09456896176836371], [0.12427702818348477, 0.15765669742306798, 0.21821709273352594, 0.4998491815599213], [0.11322182401630242, 0.6652125865530848, 0.10735728615778312, 0.11420830317282969], [0.1150996303808356, 0.6978163070441615, 0.10915254719095253, 0.0779315152840503], [0.13173539230313164, 0.1738359733548358, 0.1963152108184009, 0.49811342342363163], [0.11057921078835108, 0.1803022201471693, 0.6194289329965583, 0.08968963596792127], [0.3938445389794173, 0.24106876190473814, 0.14823977426835008, 0.21684692474749445], [0.4515507783173666, 0.255563644625293, 0.16999719908625735, 0.12288837787108303], [0.3569929546208874, 0.22916683210872493, 0.19264687308758938, 0.22119334008279826], [0.43202283568966515, 0.2503631263937406, 0.1677788893876912, 0.14983514842890303], [0.4405133491390513, 0.253286752873465, 0.15336676168944738, 0.15283313619803623], [0.4401026105379474, 0.24917544426956825, 0.1417088274987593, 0.16901311759372506], [0.14687401096720132, 0.16314590187261194, 0.18425679636837614, 0.5057232906918105], [0.14282385790672403, 0.19606615308848127, 0.5808533342964742, 0.08025665460832047], [0.14013907103121984, 0.16573460151483374, 0.20399427107925336, 0.49013205627469303], [0.14000380246436972, 0.1892910031679376, 0.5829272356482637, 0.08777795861942903], [0.1587150335631862, 0.5924573319387548, 0.1494240406965782, 0.09940359370148077], [0.173872005660194, 0.581770995468874, 0.12846065427677122, 0.11589634449416075]], "ideal": "D", "sampled": "C", "correct": false}}
{"type": "result", "data": {"idx": 11, "options": ["Amoxicillin", "Cefaclor", "Ciprofloxacin", "Erythromycin"], "probs": [[0.1971360505710377, 0.2242633748904596, 0.4080764170442849, 0.17052415739421783], [0.20661601730032922, 0.21401715595395732, 0.38615766739198876, 0.19320915925372473], [0.2171856547023532, 0.2843404625268414, 0.30157642654811295, 0.19689745612269238], [0.21891934841292365, 0.2588642200737979, 0.3472102828392331, 0.17500614857404537], [0.21004434165974034, 0.26045064563229026, 0.3492096454026984, 0.18029536720527098], [0.22152498522606934, 0.26205023092765456, 0.37414273423258726, 0.1422820495136888], [0.14202902248679722, 0.5216174915513875, 0.21821025824638102, 0.11814322761543428], [0.14838097103655856, 0.5199885057889878, 0.20915442946521448, 0.1224760936092392], [0.1661168137692282, 0.17199529240767553, 0.5159452864575191, 0.1459426072655771], [0.17380243215287636, 0.2784808583373597, 0.26672679381255016, 0.2809899155972138], [0.16104811428366936, 0.1693956404754997, 0.5324038266603216, 0.1371524184805093], [0.16851775848723372, 0.2578950898954194, 0.3349523047753689, 0.23863484674197796], [0.1600437015134985, 0.5147104262790954, 0.19002136586196405, 0.13522450624544208], [0.16423738001134724, 0.5198157429175314, 0.20275616643785427, 0.11319071053326711], [0.1652338232505622, 0.13965946884103742, 0.5253732408524763, 0.1697334669559241], [0.20198068336440073, 0.18441611685244896, 0.2844624177346455, 0.3291407819485048], [0.1657925322876839, 0.16905268269341378, 0.5315261841096645, 0.13362860080923783], [0.19307994840598497, 0.2586769461373098, 0.23088434336260796, 0.31735876199409724], [0.16570266338855025, 0.5165926582627778, 0.20779376291072713, 0.10991091533794484], [0.17253333199881735, 0.5252938826952558, 0.21979847384431542, 0.08237431136161148], [0.17615700291293615, 0.1610340076832076, 0.5344901243655882, 0.12831886493826802], [0.1942270489073167, 0.1904232147019455, 0.38010900076078075, 0.23524073552995703], [0.1910027534919299, 0.18880286529556065, 0.5075874252469273, 0.1126069558655821], [0.20740198777923227, 0.29588540944649183, 0.22059230175506067, 0.2761203009192152]], "ideal": "D", "sampled": "A", "correct": false}}
{"type": "result", "data": {"idx": 12, "options": ["Facial nerve", "Frontal sinus", "Mastoid sinus", "Olfactory nerve"], "probs": [[0.2806907593923258, 0.2946913838091844, 0.24649843571105268, 0.17811942098743708], [0.2816655421471724, 0.2821110868801021, 0.2893139805896045, 0.146909390283121], [0.3024382112654675, 0.2890816456337783, 0.2324555675479434, 0.17602457545281078], [0.29911277586546897, 0.2705770513316734, 0.2668965538144409, 0.1634136188884167], [0.2586739294276781, 0.424343236434634, 0.20060214701692258, 0.11638068702076532], [0.26076714239141807, 0.4245371203789916, 0.19918543104434214, 0.11551030608524819], [0.30343775581792587, 0.2767863447633905, 0.22425240763631232, 0.19552349168237132], [0.26534203483020347, 0.2364994953783135, 0.37881706290084016, 0.11934140679064284], [0.3192011713662427, 0.29587298628709363, 0.17258118091287952, 0.21234466133378416], [0.304201135134113, 0.2728598794920538, 0.27981899019718387, 0.1431199950766493], [0.3159782697851423, 0.40977263984321805, 0.1555860545726368, 0.11866303569900279], [0.3054941205227617, 0.4215324991063199, 0.17178602002971058, 0.10118736024120782], [0.30838807954702324, 0.285618628747234, 0.19781957269985798, 0.2081737189058848], [0.27087214586410235, 0.23391434547946197, 0.35724267359975853, 0.13797083495667717], [0.3041055843541736, 0.2885448677332472, 0.17627808712564566, 0.2310714606869335], [0.282787838036983, 0.25368822374454103, 0.3185376917561548, 0.14498624636232119], [0.323870062795677, 0.35077619549104544, 0.17636050282145238, 0.14899323879182522], [0.318016072538997, 0.36078705304868064, 0.19315915722229207, 0.1280377170900303], [0.2845861826675804, 0.27407073155074235, 0.27439623250612755, 0.1669468531755497], [0.2824846379555816, 0.26364948164347163, 0.30651368317607003, 0.14735219712487674], [0.31826521520418694, 0.3816772230328163, 0.14036404457637516, 0.15969351708662158], [0.30706959273420126, 0.3567348340526781, 0.23608953720750397, 0.10010603590561667], [0.3330220033345689, 0.3607283287988234, 0.1576443188873885, 0.14860534887921922], [0.3264132914211787, 0.3533816503610368, 0.21125496134824884, 0.10895009676953564]], "ideal": "D", "sampled": "D", "correct": true}}
{"type": "result", "data": {"idx": 13, "options": ["anterior scalene", "latissimus dorsi", "pectoralis minor", "supraspinatus"], "probs": [[0.1754049373645387, 0.10987915924492767, 0.38821015047281743, 0.3265057528177162], [0.12589764875175935, 0.11032765604184698, 0.654199912800038, 0.10957478230635567], [0.2043387591634498, 0.304592430561124, 0.11595997213157722, 0.375108838043849], [0.15892799197038193, 0.18161337075801512, 0.5590347647107896, 0.10042387246081333], [0.2023301660117783, 0.5731442995349332, 0.09458732322142406, 0.12993821113186443], [0.1957662479470762, 0.452349616081868, 0.2509659733012447, 0.10091816256981109], [0.14502515113431072, 0.22305679651439023, 0.27028230232698425, 0.3616357499243148], [0.11298877828920087, 0.16196663796747296, 0.6107711836887415, 0.1142733999545846], [0.14998554287927288, 0.17550217057486686, 0.3171039928414819, 0.35740829360437837], [0.13504083654485036, 0.14626838483343713, 0.5880603877322969, 0.1306303907894156], [0.16184910604820063, 0.4511818260207694, 0.262508974198613, 0.12446009363241697], [0.16950866830901973, 0.49576381582672596, 0.18323053690792468, 0.15149697885632962], [0.22637629197236653, 0.2262655465366091, 0.11511765274612967, 0.4322405086448947], [0.14034609181492053, 0.1459180381915525, 0.6193112591933755, 0.09442461070015148], [0.17360107469610045, 0.10364245545094072, 0.3499675664703194, 0.37278890328263947], [0.1461295972521805, 0.10621025365942667, 0.6260519752731735, 0.12160817371521938], [0.2085375558921194, 0.4118134821609059, 0.2870152187427256, 0.09263374310424906], [0.21390697836019043, 0.5470612170833432, 0.09619916444500036, 0.14283264001146595], [0.29966543315838645, 0.39055908374700943, 0.1293483895322442, 0.1804270934623599], [0.2590599059799534, 0.2568421959620172, 0.38192009922023085, 0.10217779873779857], [0.24891504649325272, 0.12610623977674182, 0.442852291846557, 0.1821264217834485], [0.28358869051548996, 0.14261635286476473, 0.39623091239358915, 0.17756404412615615], [0.25336524841635966, 0.3127755224391967, 0.3377199172635913, 0.09613931178085237], [0.2786096396452895, 0.4315901494695078, 0.12326703494896474, 0.16653317583623795]], "ideal": "D", "sampled": "D", "correct": true}}
{"type": "result", "data": {"idx": 14, "options": ["anteriorly deviated distal femur", "plantar flexed cuboid", "posteriorly deviated fibular head", "unilateral sacral shear"], "probs": [[0.26614846586836144, 0.28357179682525385, 0.23733048567795523, 0.2129492515284295], [0.26240753342842976, 0.2666917661551644, 0.19681721337206298, 0.27408348694434287], [0.2806412660986063, 0.3635323751661945, 0.16669194895424316, 0.189134409680956], [0.2805484449419436, 0.35466643107365087, 0.19934480786282724, 0.16544031602157827], [0.2586946785191287, 0.309710681407475, 0.17385452984025004, 0.2577401101331463], [0.2781071662624725, 0.33282932635793716, 0.22385507819798192, 0.16520842908160843], [0.27465673869103296, 0.2664058764548049, 0.2507576904827282, 0.20817969427143387], [0.2620499133801671, 0.24615980682295635, 0.1933557838008167, 0.29843449589605986], [0.3504346504327502, 0.40342550263466914, 0.09611166726248967, 0.15002817957009104], [0.3466165013768881, 0.3306277344696739, 0.1720226977292132, 0.15073306632422478], [0.2990077555472012, 0.31816221364164343, 0.1358776160415661, 0.24695241466958928], [0.33168702820073154, 0.26852315261475473, 0.22846848919985122, 0.1713213298846625], [0.43044732299455946, 0.23396804133602903, 0.15990642188101603, 0.17567821368839548], [0.4210786944528159, 0.23783934822801625, 0.19302243567629931, 0.1480595215428685], [0.4134115309109003, 0.3370940114004136, 0.09836030823767289, 0.15113414935101316], [0.43468981976930565, 0.28029295799313464, 0.16787531970252703, 0.11714190243503264], [0.4096467013405383, 0.3312749714248171, 0.13001775159052328, 0.12906057554412131], [0.4216810997648395, 0.30081110741451655, 0.15653149548795878, 0.12097629723268516], [0.28629618027040865, 0.25841530384771816, 0.16563802462238628, 0.2896504911594869], [0.3044287218679233, 0.28360497526067174, 0.24872451647529484, 0.1632417862961101], [0.2998710274396479, 0.32375267144780356, 0.1191993951678286, 0.2571769058447199], [0.33944686232251353, 0.27231874247692545, 0.22633235969865903, 0.16190203540190196], [0.3644207688472275, 0.38140976140999083, 0.11565174820122123, 0.13851772144156044], [0.3538360191874714, 0.3266535899713737, 0.15464244320507833, 0.16486794753607653]], "ideal": "C", "sampled": "C", "correct": true}}
{"type": "result", "data": {"idx": 15, "options": ["Administer amobarbital and then interview the patient", "Ask the patient to provide a narrative with detailed description of the incident and of his symptoms", "Interview the patient under hypnosis", "Interview the patient while paying close attention to his willingness to make eye contact"], "probs": [[0.17644299170600508, 0.41181557445992517, 0.11854142429519214, 0.2932000094388776], [0.19210925709134902, 0.6322137611341406, 0.1291867744529785, 0.046490207221531826], [0.10942262165444709, 0.11423162114450294, 0.6932619654454983, 0.08308379165555159], [0.11102015027083727, 0.09982908739259376, 0.18884101930252073, 0.6003097429340483], [0.19373508203317685, 0.19292235784599898, 0.5535230326738059, 0.05981952734701828], [0.11664161345630365, 0.11601197977720837, 0.09083581917947739, 0.6765105874870105], [0.29647084184093375, 0.19044558134422868, 0.13261822959592276, 0.38046534711891483], [0.581604659499182, 0.19171024857034466, 0.1625323742465565, 0.06415271758391676], [0.28587315759940307, 0.15114777377835764, 0.1694339412618754, 0.3935451272603639], [0.4827063237331504, 0.16709917284071849, 0.254329167151971, 0.09586533617416004], [0.6015872932309805, 0.25458475849994006, 0.09214856440342159, 0.05167938376565784], [0.6078393571931132, 0.2655025173738061, 0.060622674604825844, 0.06603545072825487], [0.10159256459639651, 0.11557887665634214, 0.6905026538054462, 0.09232590484181517], [0.10726826371379086, 0.10762018445340285, 0.2004093915206678, 0.5847021602121385], [0.1487245383409692, 0.5863410714408908, 0.1399515385746101, 0.1249828515435299], [0.15981521782422034, 0.6446494891732414, 0.1276054616774355, 0.06792983122510271], [0.10013724713311707, 0.10940635040192956, 0.13264983693450638, 0.657806565430447], [0.17040560409535824, 0.17379368126712344, 0.5736326235092921, 0.0821680910282262], [0.2364851455596576, 0.15326679208137137, 0.5427447718657142, 0.06750329039325675], [0.12806069658815716, 0.10983552618961602, 0.0753104600933811, 0.6867933170288457], [0.37266171733814835, 0.46832969968823035, 0.10607756040957397, 0.052931022464047316], [0.4063257453534261, 0.45418276024738713, 0.07409474032093999, 0.06539675397824678], [0.10111398550196597, 0.0853872771591176, 0.11731247207280507, 0.6961862651661114], [0.18613199749119416, 0.119702405323766, 0.6215194416801532, 0.07264615540488664]], "ideal": "B", "sampled": "B", "correct": true}}
{"type": "result", "data": {"idx": 16, "options": ["Failure of leukocytes to migrate between endothelial cells", "Failure of leukocytes to roll along the endothelial surface", "Inability of leukocytes to ingest microorganisms", "Inability of leukocytes to kill intracellular microorganisms"], "probs": [[0.15932297942420515, 0.19352682221275697, 0.23432556141544922, 0.4128246368475887], [0.1340615729248338, 0.1747636023769316, 0.5544024026673595, 0.13677242193087508], [0.14956239908742167, 0.1747708119345532, 0.320356806473978, 0.3553099824040471], [0.10623580374602776, 0.1594413095469969, 0.6341837142397132, 0.1001391723672621], [0.12273388903406283, 0.5512092955399869, 0.20182714766453214, 0.1242296676614182], [0.1143954040650682, 0.6551333762815126, 0.13449669083348065, 0.09597452871993861], [0.1448542624567136, 0.20257724819541761, 0.2433874904866018, 0.40918099876126696], [0.12542535830619456, 0.17823781735298647, 0.5789224720511004, 0.11741435218971857], [0.13189491235204107, 0.17201503596925072, 0.3489835157944408, 0.3471065357842674], [0.10968998063905233, 0.16991345231935778, 0.6153258497243664, 0.1050707172172235], [0.144368403799903, 0.4669333080142691, 0.23185180017130477, 0.15684648791452308], [0.139648788536459, 0.5623393989441365, 0.16417116903637263, 0.13384064338303184], [0.13689284433226312, 0.18706231374843826, 0.2775338970602348, 0.39851094475906385], [0.11297866448422993, 0.16439479220367337, 0.6047559840799507, 0.11787055913214602], [0.1217396473633229, 0.1717755036497039, 0.3376546476618456, 0.3688302012251276], [0.11633518372070215, 0.16414133813283574, 0.5671238086857086, 0.15239966936075353], [0.12338063201881723, 0.5903475679844961, 0.16051159383691843, 0.12576020605976826], [0.11232845149322261, 0.5595775079293508, 0.17493202759268875, 0.15316201288473788], [0.4728210427043567, 0.2074651656102746, 0.18369641350767624, 0.13601737807769249], [0.5254680592111006, 0.22152896553341014, 0.15165508017893642, 0.10134789497655274], [0.44879375851490566, 0.209752481282912, 0.19616245957775144, 0.14529130052443093], [0.4800004577156923, 0.22072553129040196, 0.16856006539686036, 0.13071394549704538], [0.5152245912997658, 0.1947770772613142, 0.16333255656911444, 0.1266657747698055], [0.4538092938321436, 0.19927487077658185, 0.17637826939379078, 0.17053756589748378]], "ideal": "D", "sampled": "D", "correct": true}}
