{"type": "result", "data": {"idx": 0, "options": ["164%", "1.64%", "0.45%", "183%"], "probs": [[0.232735085951883, 0.3801538106441891, 0.20895549964239035, 0.1781556036615375], [0.22573506348863703, 0.3802994957319847, 0.22784225168820815, 0.16612318899117012], [0.2066123783381797, 0.23942096528996934, 0.39319002624394517, 0.1607766300279058], [0.22078220544037752, 0.28526207801827247, 0.3023774325545248, 0.19157828388682513], [0.24223273629161218, 0.35194846459760737, 0.23698833229275443, 0.16883046671802596], [0.23213772819310244, 0.3591936283824313, 0.1838910010852952, 0.22477764223917104], [0.35779695851783005, 0.2269131229241148, 0.2330023785001913, 0.18228753995786381], [0.38872977508100126, 0.2140742359234264, 0.21980020074136175, 0.1773957881542106], [0.30174284438325855, 0.3231500627634181, 0.20760749335056897, 0.16749959940275438], [0.2774523115639899, 0.28570347170048555, 0.251012019757799, 0.18583219687772554], [0.2682051142247071, 0.2477208002474781, 0.32917968416437926, 0.15489440126343554], [0.3005438744721276, 0.29766669866446244, 0.20042197404287743, 0.2013674527205325], [0.23502051917226205, 0.30380157802633806, 0.2754252984590897, 0.1857526042423102], [0.23347793517162138, 0.30411770936785787, 0.2779074012955277, 0.184496954064993], [0.2098908133513557, 0.4578826768151013, 0.17030137554353483, 0.1619251341900082], [0.18531552064685175, 0.4336349342601784, 0.2071910196938286, 0.17385852529914123], [0.2087668571606213, 0.3082025784632478, 0.29748864308699247, 0.18554192118913848], [0.21882066128449915, 0.3154765367192458, 0.2666020095081756, 0.19910079238807943], [0.23062146510495835, 0.33239909012572655, 0.2658932129506647, 0.1710862317186504], [0.22135862376028095, 0.3505602426392911, 0.20345444672078183, 0.22462668677964612], [0.2011217206682565, 0.4089325428931153, 0.224757540572423, 0.16518819576620514], [0.20146955547702253, 0.4227200150067087, 0.19259415564995291, 0.18321627376631583], [0.21338029621317695, 0.3075670278569776, 0.2788283477887348, 0.2002243280411107], [0.2029074968004346, 0.27910811953919074, 0.3459936534711575, 0.17199073008921711]], "ideal": "A", "sampled": "B", "correct": false}}
{"type": "result", "data": {"idx": 1, "options": ["No effect No effect", "No effect Understated", "Understated No effect", "Understated Understated"], "probs": [[0.22336041592271086, 0.20550562133066735, 0.2665875812116769, 0.3045463814349449], [0.22502088060308326, 0.22189300751969104, 0.3732369708598578, 0.17984914091736787], [0.25680486130545044, 0.2362918476909096, 0.2365909140049531, 0.27031237689868687], [0.22431427238128562, 0.21798260507787978, 0.40558305378672743, 0.15212006865410715], [0.28148534052283025, 0.3270917735043373, 0.2066550789073557, 0.18476780696547673], [0.2822947926072766, 0.33144967246241414, 0.23136780697927978, 0.15488772785102947], [0.27742298194571285, 0.15227005693566742, 0.30854298282117326, 0.2617639781974464], [0.3070501386812243, 0.1696611940691087, 0.35217764970118665, 0.17111101744848034], [0.3567722333082747, 0.20205917350241032, 0.21554737638620636, 0.22562121670310867], [0.2724239229883521, 0.17886911330818578, 0.40159896012104923, 0.14710800348241293], [0.3604830341954788, 0.23479494890629457, 0.23168513630911378, 0.17303688048911284], [0.31309618609706275, 0.23304482597628848, 0.28615086415079155, 0.16770812367585722], [0.31233922109370155, 0.18390001628795094, 0.25779834771258076, 0.24596241480576678], [0.30569225091124, 0.1744699600988506, 0.38834493769778194, 0.1314928511921274], [0.35054117806168894, 0.21463617571262603, 0.218420489228245, 0.21640215689744002], [0.3321433811515744, 0.2031716794990238, 0.32302568803592435, 0.14165925121347747], [0.3572655266573564, 0.31427162414221965, 0.1949040413467285, 0.13355880775369547], [0.3350947299208089, 0.31814442165624024, 0.2037673172885667, 0.1429935310343841], [0.36090010692294694, 0.25781885846220726, 0.22264672644841985, 0.15863430806642595], [0.3647480199941423, 0.24899738282463313, 0.24356143938366484, 0.1426931576975597], [0.3752208072152421, 0.2204070075822746, 0.2407368539974119, 0.1636353311050714], [0.37189248200512337, 0.21858595309455833, 0.23675014076249595, 0.17277142403782234], [0.40800220926486425, 0.23477055570651315, 0.22068286443457646, 0.13654437049404614], [0.38881377623899854, 0.2549317662938518, 0.21010090959500236, 0.1461535477721473]], "ideal": "B", "sampled": "D", "correct": false}}
{"type": "result", "data": {"idx": 2, "options": ["Nonsampling risk arises from the possibility that, when a substantive test is restricted to a sample, conclusions might be different than if the auditor had tested each item in the population.", "Nonsampling risk can arise because an auditor failed to recognize misstatements.", "Sampling risk is derived from the uncertainty in applying audit procedures to specific risks.", "Sampling risk includes the possibility of selecting audit procedures that are not appropriate to achieve the specific objective."], "probs": [[0.33536605524497076, 0.19504362960994534, 0.2845914534377423, 0.1849988616073416], [0.33026947091482856, 0.20296420737721485, 0.23787530190911502, 0.22889101969884157], [0.34217414256488843, 0.30102336403697527, 0.16044718025510396, 0.1963553130430323], [0.32627967482939435, 0.27852973754198185, 0.2644982973146927, 0.13069229021393103], [0.32212669614093953, 0.23870343678899053, 0.1879705842536646, 0.25119928271640535], [0.3076097575234793, 0.20145262175415204, 0.349033524089912, 0.14190409653245664], [0.19222922334791345, 0.4603021671862721, 0.1955037534711397, 0.15196485589467473], [0.18741589968260633, 0.4559650828351165, 0.17767979301342918, 0.178939224368848], [0.19030878301691603, 0.21347436524435784, 0.42959675608173015, 0.166620095556996], [0.1959489256551278, 0.2307400817828096, 0.26851784780144927, 0.3047931446606133], [0.19709547471092478, 0.21102469214066508, 0.4051118013552716, 0.18676803169313858], [0.19930180603071648, 0.20873403301142665, 0.27954761857262944, 0.3124165422852274], [0.34371342832238255, 0.2840030702666855, 0.18117852366979048, 0.19110497764114148], [0.3452964270382147, 0.2787706131013835, 0.2430471072975936, 0.1328858524628082], [0.26700974896802204, 0.13922073605928958, 0.41048107080639934, 0.183288444066289], [0.27016460892836686, 0.1410609781601035, 0.2792288958747108, 0.30954551693681887], [0.29882643822861993, 0.3125573210071501, 0.251901671151859, 0.1367145695123709], [0.302626953871373, 0.3341801612856518, 0.12530640696346554, 0.2378864777795097], [0.3061923773635914, 0.26100418746854076, 0.19616677449669087, 0.236636660571177], [0.3173099443574285, 0.24450614251786473, 0.30298065864817325, 0.13520325437653352], [0.26286011539959697, 0.16018354652436792, 0.3707159403979216, 0.20624039757811347], [0.26268248573228287, 0.1566317756332984, 0.2651637077738254, 0.3155220307605933], [0.28287734284417354, 0.280251370655369, 0.2968708453400599, 0.14000044106039758], [0.2941671995276254, 0.3076749833417713, 0.13803518228447476, 0.26012263474612857]], "ideal": "B", "sampled": "A", "correct": false}}
{"type": "result", "data": {"idx": 3, "options": ["Inspect inventory items that were ordered before the year end but arrived after the year end.", "Test internal control activities that were previously reported to management as inadequate.", "Review the client's cutoff bank statements for several months after the year end.", "Compare the latest available interim financial statements with the statements being audited."], "probs": [[0.1739661395375808, 0.12595455347232123, 0.4584420322913445, 0.24163727459875345], [0.1986260980373762, 0.13304929235663754, 0.410942816530159, 0.25738179297582725], [0.234281226969179, 0.2645807862017219, 0.20004720983888963, 0.3010907768902095], [0.2648907224601642, 0.26624967851808473, 0.30724315916675043, 0.16161643975500065], [0.24763720118144947, 0.23542659419984066, 0.19092277327106028, 0.3260134312476496], [0.24928019566903878, 0.21264671960363138, 0.37732657224150346, 0.16074651238582635], [0.13831539244586807, 0.13579866086378709, 0.48677512273130097, 0.23911082385904386], [0.16303860653681537, 0.15040361431514368, 0.42975188996810026, 0.25680588907994073], [0.17333301900083992, 0.20502939818239319, 0.26801636812390944, 0.3536212145928575], [0.19613046357665753, 0.20814601454602372, 0.40262173402390755, 0.19310178775341125], [0.17524459618496568, 0.2260083469215759, 0.2409605579325413, 0.3577864988609171], [0.1923915451280945, 0.2312332070213882, 0.3650109793617659, 0.2113642683887514], [0.25790318844123544, 0.16325582562244548, 0.22009648380462762, 0.35874450203169145], [0.2852111415468578, 0.15825679821489372, 0.383842174715953, 0.1726898854222955], [0.24420949086460703, 0.12621646742105544, 0.2534277959383083, 0.3761462456760292], [0.26729046499170833, 0.1309022566276344, 0.41092203818855094, 0.19088524009210633], [0.3411589816735004, 0.254405457829237, 0.21647672475771418, 0.1879588356395484], [0.3606405340882785, 0.2752604320214842, 0.16221668347782864, 0.20188235031240864], [0.264269381735124, 0.17674218116423343, 0.1913823932217904, 0.3676060437788522], [0.24608325565752878, 0.1622518224368485, 0.4187513776636711, 0.17291354414195165], [0.23767893795739245, 0.13190133475232357, 0.23725799506741463, 0.39316173212286937], [0.2620839735292973, 0.13754272254607444, 0.39001362930788147, 0.21035967451674678], [0.3451461688785467, 0.25140228115779617, 0.22069884176732946, 0.18275270809632765], [0.3547618335911244, 0.2728504795628555, 0.16594709207027042, 0.20644059467574963]], "ideal": "D", "sampled": "C", "correct": false}}
{"type": "result", "data": {"idx": 4, "options": ["Accounting Standards Updates.", "Emerging Issues Task Force Releases.", "Statements of Financial Accounting Standards.", "Staff Technical Bulletins."], "probs": [[0.6514163272927891, 0.1089221927231753, 0.15546443246053432, 0.08419704742350127], [0.6101302963601059, 0.10863377655029753, 0.1265793563318477, 0.1546565706577489], [0.6649187753063205, 0.1289698620833392, 0.12848307095313413, 0.0776282915572062], [0.6448993634167682, 0.12816651068712226, 0.11898206829593316, 0.10795205750017639], [0.6227568612216905, 0.10174078631928687, 0.12133479884038181, 0.15416755351864078], [0.6141341144980548, 0.10601289253328404, 0.16606208185496052, 0.11379091101370066], [0.29568373493090416, 0.47744752884841873, 0.13967109903031638, 0.08719763709036069], [0.26955056790287685, 0.4744070277873702, 0.11962234495029964, 0.13642005925945325], [0.2305136414177498, 0.11004484101497215, 0.5664516085588912, 0.09298990890838679], [0.2422211540165065, 0.09898592825692255, 0.14804237030582496, 0.510750547320746], [0.19675477286892773, 0.09025936774586635, 0.579040182600534, 0.13394567668467194], [0.2077183810348699, 0.08616344373069523, 0.18185355715561638, 0.5242646179788185], [0.16855775680354887, 0.6738187419016841, 0.10712440656826025, 0.05049909462650671], [0.16383370877530254, 0.6554933238528329, 0.10337906406813513, 0.0772939032037294], [0.19155044217952868, 0.1068268540466377, 0.618749765337958, 0.08287293833587563], [0.20332171323831744, 0.09192155437625467, 0.1498468987471058, 0.5549098335383221], [0.15735989690220395, 0.09561837392373575, 0.6479374121380308, 0.09908431693602947], [0.17511924316684999, 0.07793074497110815, 0.1568729956198969, 0.5900770161421449], [0.16159379601050108, 0.6073842689337737, 0.1138230198047706, 0.11719891515095456], [0.1766074623975496, 0.5858561483312329, 0.1409080645436413, 0.09662832462757621], [0.13001577264225214, 0.08879343220910384, 0.6719608752064292, 0.10922991984221474], [0.14597327135692992, 0.08144960811220063, 0.19792025099680982, 0.5746568694340596], [0.14225043566965773, 0.10676688858941775, 0.653386364117288, 0.09759631152363649], [0.16299580764611923, 0.09386194170945776, 0.1448899274125314, 0.5982523231318916]], "ideal": "A", "sampled": "A", "correct": true}}
{"type": "result", "data": {"idx": 5, "options": ["\u2212$3", "\u2212$27", "$3", "$500"], "probs": [[0.2920655483946528, 0.22823041545435835, 0.2884032897901195, 0.19130074626086932], [0.29255458273711976, 0.2381438130178754, 0.2532331309477605, 0.21606847319724434], [0.290179354974489, 0.3198424124327423, 0.2129054015470657, 0.17707283094570306], [0.2609022414961171, 0.3015094876887583, 0.20374901315016622, 0.23383925756495835], [0.2791750257559354, 0.23083044128033886, 0.28048108279050843, 0.20951345007321728], [0.2862903816158938, 0.22203272909734684, 0.2634336391339565, 0.2282432500528028], [0.30380079599860343, 0.21959115889843564, 0.2954334362365427, 0.1811746087664182], [0.3288988123669324, 0.22889563097906523, 0.23781691134850869, 0.20438864520549366], [0.3262227724729178, 0.23763461054519788, 0.25484570478564583, 0.1812969120962385], [0.32832337935010375, 0.24509269391115202, 0.20942268327365127, 0.21716124336509296], [0.3006012871829653, 0.1995636462770654, 0.25019009037153833, 0.24964497606843097], [0.31412807571917767, 0.19889663454237375, 0.2552486099829624, 0.23172667965548616], [0.27518648316472377, 0.3203689503404348, 0.20664079793176138, 0.19780376846308007], [0.2599791624879013, 0.3248237717545616, 0.19987969396320468, 0.21531737169433238], [0.2741517044582485, 0.2906519087664135, 0.23334182101116221, 0.20185456566417584], [0.28037473138784924, 0.30222817802047136, 0.23505338673843737, 0.18234370375324202], [0.2535659481654854, 0.1861502091288525, 0.3165329160572768, 0.24375092654838534], [0.23819209917429113, 0.1764223557848905, 0.40690842318253817, 0.17847712175828023], [0.2082576782533539, 0.2486607916204938, 0.31394047009697035, 0.22914105992918193], [0.20477183735833, 0.22569415452186656, 0.33587516829550973, 0.2336588397242937], [0.22176513734522513, 0.27753899325751447, 0.2623802203386968, 0.23831564895856364], [0.23620457944892134, 0.2796092927176293, 0.26232799885033886, 0.22185812888311052], [0.19054754360420706, 0.20518338983962575, 0.39842343920096257, 0.20584562725520464], [0.194821957042884, 0.22190262542516492, 0.4015469013321051, 0.181728516099846]], "ideal": "C", "sampled": "B", "correct": false}}
{"type": "result", "data": {"idx": 6, "options": ["Overstated Understated", "Understated Overstated", "Overstated No effect", "No effect No effect"], "probs": [[0.35426498775608894, 0.3316848103252966, 0.191168404767485, 0.12288179705112945], [0.3905074327086369, 0.3199661695634697, 0.1692056668321388, 0.12032073079575459], [0.37028383874613097, 0.21338299987122433, 0.2976015241800798, 0.11873163710256492], [0.446392105582656, 0.21482103420669274, 0.18881759973015885, 0.1499692603804924], [0.3398942452297732, 0.19577693030595814, 0.3349281946958411, 0.1294006296684275], [0.3936146619396584, 0.20649245946313252, 0.22593905509511505, 0.17395382340209403], [0.337214005600989, 0.3415906556201616, 0.20317792157204895, 0.1180174171068004], [0.37415414380957873, 0.32900579457502255, 0.17681096015151684, 0.12002910136388184], [0.3282971108249633, 0.2030694052602638, 0.35013044137828847, 0.11850304243648441], [0.41864886390843914, 0.22679567196459602, 0.1872313432048095, 0.16732412082215534], [0.34033057850915116, 0.18711886226270438, 0.3488725501443085, 0.12367800898383594], [0.3634786767959113, 0.20482436736074908, 0.24806686852180745, 0.18363008722153218], [0.2653700093259532, 0.33736255510232926, 0.274177817420231, 0.12308961805148647], [0.3022515475447718, 0.36344563957394593, 0.179203242045602, 0.15509957073568023], [0.2752772034863897, 0.2617193518701592, 0.3431958632542289, 0.1198075812892222], [0.3182116807521301, 0.32453793846268014, 0.19012709033621292, 0.16712329034897688], [0.22703465140472492, 0.1845649127607283, 0.41874601184871524, 0.16965442388583155], [0.2416875619208924, 0.2026323617478794, 0.36640872205447017, 0.189271354176758], [0.2163613140366677, 0.302288591831496, 0.32815769311484355, 0.15319240091699277], [0.2519944793332436, 0.3304821402778588, 0.22614989161540058, 0.19137348867349696], [0.22877365007536227, 0.2909165577162971, 0.3233940254812794, 0.15691576662706122], [0.23661653342538416, 0.30088981534676174, 0.2522574029274244, 0.2102362482004297], [0.17964937326450856, 0.17363793173597156, 0.44967411304012705, 0.19703858185939283], [0.21445460827264765, 0.2104295515547637, 0.3626722774934327, 0.21244356257915595]], "ideal": "D", "sampled": "A", "correct": false}}
{"type": "result", "data": {"idx": 7, "options": ["$100", "$104.29", "$96.71", "$97.33"], "probs": [[0.16394704700817606, 0.5804236573922138, 0.14054113729785997, 0.11508815820175015], [0.16764324286023252, 0.5796677175901372, 0.1350112180655184, 0.11767782138411183], [0.1418296960935541, 0.6398561453211573, 0.12256341152388414, 0.0957507469614045], [0.1468494192557882, 0.6127668435924367, 0.1404717671590116, 0.09991196989276353], [0.16099183209047607, 0.578843943315433, 0.14804656635650806, 0.11211765813758284], [0.16483574350775831, 0.5356213689337613, 0.19168043991558215, 0.10786244754289821], [0.44223014833767027, 0.2064413638636071, 0.2138835702289908, 0.13744491746973184], [0.45106646794535643, 0.20407596258834426, 0.20020818709876181, 0.1446493822675375], [0.37550092116721845, 0.32252421875269544, 0.17069593106255032, 0.1312789289175358], [0.3824474684115625, 0.28135676446828456, 0.20342128886131539, 0.13277447815883756], [0.3835427760694338, 0.3118204474137337, 0.1716231107540169, 0.13301366566281558], [0.3776220139129137, 0.260921184110197, 0.22409351501747443, 0.13736328685941485], [0.4607874876996724, 0.1974634454401766, 0.22116186388747613, 0.12058720287267485], [0.4607744422440398, 0.20211745209985926, 0.21268326992724115, 0.12442483562885978], [0.4399769269966345, 0.278633700499906, 0.16068718793497083, 0.12070218446848868], [0.43784829317351215, 0.24313428633263806, 0.19004651619014298, 0.12897090420370677], [0.4259240924886118, 0.3105855583834007, 0.14386595784179168, 0.11962439118619582], [0.44548487651837554, 0.29371587449770375, 0.14595515045854948, 0.11484409842537122], [0.43778940052357235, 0.20762016903126881, 0.23260311260125574, 0.1219873177439031], [0.42528085817379596, 0.21471966270682258, 0.2277869087730657, 0.1322125702463157], [0.40457926402156713, 0.2972200899190541, 0.1714289388314998, 0.12677170712787902], [0.404354727292674, 0.2564272024438731, 0.2020786732542894, 0.13713939690916344], [0.37552553411543205, 0.3435074984683806, 0.15667559204918993, 0.12429137526699743], [0.3827484135618, 0.3344055910251239, 0.1489718660869678, 0.1338741292261083]], "ideal": "D", "sampled": "C", "correct": false}}
{"type": "result", "data": {"idx": 8, "options": ["It will be reclassified as an asset held for sale.", "It will be classified as a current asset.", "It will no longer be depreciated.", "It will be valued at historical cost."], "probs": [[0.28818715045233306, 0.274168406014569, 0.2376851325644561, 0.19995931086864183], [0.29433570186341035, 0.2778595470466377, 0.2298993089535205, 0.19790544203643148], [0.28253918041326925, 0.26882445008377803, 0.2330481638362961, 0.2155882055666566], [0.28602559650178705, 0.28074873745981066, 0.2199700572853383, 0.21325560865306395], [0.2956267087052688, 0.24814053616845352, 0.24779223641636322, 0.20844051860991442], [0.2823144155113549, 0.2602046391077214, 0.24040709075301236, 0.21707385452791136], [0.2767278418698054, 0.3600691771188427, 0.19374344905724533, 0.16945953185410653], [0.28396876374167246, 0.3609931903272546, 0.1824848868149624, 0.17255315901611057], [0.2678538222662902, 0.24126180644510856, 0.29746061117266365, 0.1934237600159376], [0.2779014110287284, 0.2602888345458095, 0.20554459092945776, 0.25626516339600436], [0.2752865552626935, 0.2348789870504104, 0.2941408455077716, 0.19569361207912447], [0.2775314706654258, 0.2598802110310757, 0.21854546338301753, 0.24404285482048096], [0.2801114189411086, 0.3216517162985846, 0.20221273314198712, 0.1960241315183197], [0.2810489278907007, 0.33824804925885954, 0.20300057830867566, 0.1777024444417641], [0.26606494185648066, 0.23784060773855267, 0.30243682858303755, 0.1936576217219291], [0.2788152437946818, 0.26322785409482363, 0.21271650807990122, 0.24524039393059333], [0.2622282607421117, 0.23625388469018196, 0.3077229925888768, 0.19379486187882952], [0.2709330022064119, 0.2441205978149434, 0.227099746442973, 0.25784665343567165], [0.26952982347787974, 0.34268188983771486, 0.19624361686299216, 0.19154466972141318], [0.25612243244106064, 0.349308659121968, 0.2081081059930801, 0.18646080234389123], [0.249675575613976, 0.2630387583564749, 0.2953110380966848, 0.19197462783286434], [0.2525020912782799, 0.2875207449959512, 0.2235798306116349, 0.23639733301413401], [0.2462698482286552, 0.2614340444924161, 0.3029433443400806, 0.1893527628388481], [0.25042098384944306, 0.2637720068463363, 0.2360689008585642, 0.24973810834565652]], "ideal": "D", "sampled": "A", "correct": false}}
{"type": "result", "data": {"idx": 9, "options": ["$28,000", "$132,000", "$160,000", "$188,000"], "probs": [[0.21253592407175217, 0.3013212174269602, 0.31259168122836345, 0.17355117717292415], [0.20984058705379005, 0.29285187398997625, 0.3134662006024832, 0.18384133825375049], [0.19744791382734272, 0.2301568423004789, 0.39395180927676027, 0.17844343449541808], [0.20560352237573723, 0.23786257132670308, 0.37353222804698616, 0.1830016781505735], [0.2148227255444523, 0.2685903808645818, 0.3284927851000346, 0.18809410839093124], [0.21397762850834076, 0.2718597271212358, 0.32223882307648427, 0.19192382119393914], [0.23442492678131086, 0.24689223624108228, 0.3316556712159955, 0.18702716566161143], [0.23225327074092222, 0.23148741060321879, 0.3636729391801972, 0.17258637937566174], [0.23060320315439176, 0.2564504742365925, 0.29446822401916767, 0.21847809848984806], [0.23685547707096472, 0.25725042817404303, 0.30490064617922674, 0.20099344847576553], [0.2261660247814987, 0.2784829437454214, 0.295713514060013, 0.19963751731306695], [0.21362180050762009, 0.25094856687590794, 0.34240336672204835, 0.19302626579442358], [0.2112008183983364, 0.21554759142627544, 0.38674056526131373, 0.18651102481407442], [0.2105998451529019, 0.20833051761404223, 0.3979751587421262, 0.18309447839092968], [0.2055825082578561, 0.3570901942763212, 0.2409965621887084, 0.19633073517711425], [0.20138609107229755, 0.33110874394579565, 0.2826286809962188, 0.18487648388568806], [0.2130991039495291, 0.3266612242333083, 0.2517831287760613, 0.20845654294110133], [0.21160503589167998, 0.3022419719917736, 0.30645795740228116, 0.17969503461426523], [0.21289459407161931, 0.2600020649768257, 0.34923286661442726, 0.17787047423712773], [0.21122640054458502, 0.2580634614855752, 0.34126370633313224, 0.1894464315367075], [0.2139679161399032, 0.30087875868532177, 0.2977963939339687, 0.18735693114080634], [0.20701740423858683, 0.29569481582633983, 0.2997275173201953, 0.197560262514878], [0.21872799748164617, 0.288981714487435, 0.28830377123762324, 0.2039865166932956], [0.21738732830737714, 0.2827088064883529, 0.30505113174179543, 0.19485273336247452]], "ideal": "C", "sampled": "B", "correct": false}}
{"type": "result", "data": {"idx": 10, "options": ["$100", "$2", "$500", "$200"], "probs": [[0.3384291185419922, 0.28195082258972487, 0.20728766970406867, 0.17233238906421428], [0.3154790903169613, 0.24696663773669839, 0.3064699677378443, 0.131084304108496], [0.29582056841008886, 0.27931353863237945, 0.24584330982258146, 0.17902258303495025], [0.2787128984649418, 0.21858729419906564, 0.32978302237073875, 0.1729167848652538], [0.3087364412895851, 0.3152720911728858, 0.2317178903334187, 0.1442735771041104], [0.2939201417915071, 0.2846553155700631, 0.23333422936643963, 0.18809031317199013], [0.3059736237514059, 0.26311037333823245, 0.22095859377795107, 0.2099574090324105], [0.30594251468527145, 0.2630395073341397, 0.2727180204332748, 0.15829995744731398], [0.29002625998778087, 0.25331355609068, 0.2796827983765585, 0.1769773854449806], [0.2760493631660845, 0.22658448396214792, 0.3315268904446734, 0.16583926232709414], [0.27912646113336614, 0.280663486085132, 0.28880342407909704, 0.15140662860240486], [0.2895371192128275, 0.29346533375817424, 0.23325453596491813, 0.18374301096408016], [0.3254758320281521, 0.29317097979322976, 0.21560935031375839, 0.16574383776485974], [0.3078616857220825, 0.2778355776985806, 0.2522669732318381, 0.16203576324749883], [0.3603545426962033, 0.27111726996571667, 0.2040679454599399, 0.16446024177814014], [0.3188229798951807, 0.2307893782623291, 0.29786378142239256, 0.15252386032009765], [0.3139829524431334, 0.2923376734165676, 0.2271103547054128, 0.16656901933488624], [0.3295212289504135, 0.3159954155368888, 0.21321158963659378, 0.14127176577610387], [0.33083044493375635, 0.30991484788195045, 0.2140516425737774, 0.14520306451051576], [0.3179393112341515, 0.3102865516829148, 0.21091572938240422, 0.16085840760052944], [0.3398048281329812, 0.24210946259461688, 0.27356562015658814, 0.14452008901581379], [0.35878784837169453, 0.24978880955215196, 0.23022649150752278, 0.16119685046863072], [0.28866180774663125, 0.2143093198323517, 0.33903077241368296, 0.15799809990733404], [0.32984382925050165, 0.2948172214441393, 0.2236157820230158, 0.15172316718234322]], "ideal": "D", "sampled": "D", "correct": true}}
{"type": "result", "data": {"idx": 11, "options": ["$0", "$15,000", "$20,000", "$40,000"], "probs": [[0.24725239344825015, 0.3071408913296417, 0.2661640385445631, 0.17944267657754506], [0.24036171972504017, 0.2871266178277075, 0.3098762815807101, 0.1626353807665422], [0.24547216686511283, 0.3268522473759918, 0.24246915088542348, 0.1852064347734719], [0.22550628068995193, 0.2714393613317656, 0.3480193161011716, 0.1550350417771109], [0.22221450836544115, 0.3078783796103633, 0.3073401794623979, 0.16256693246179765], [0.2400805127404611, 0.33009169486117634, 0.27957964773897925, 0.15024814455938326], [0.23983212527714318, 0.30237797800789373, 0.30183065834098705, 0.15595923827397604], [0.2309611852092871, 0.2799670654260234, 0.3479830868494755, 0.141088662415214], [0.19852385229725122, 0.1844465175416489, 0.4526130882875653, 0.1644165417735346], [0.20047211641511428, 0.18644611636576353, 0.3532580469748242, 0.25982372014429794], [0.20458076316668647, 0.2767282251764474, 0.3748271930510723, 0.14386381850579383], [0.21758020894647345, 0.2878465184808947, 0.2514121644578769, 0.2431611080147549], [0.24640435345099512, 0.294107560696212, 0.300519411243538, 0.1589686745092549], [0.23129745058618548, 0.25927253506515513, 0.36809623000041986, 0.1413337842482395], [0.23690393995789208, 0.21499121715998004, 0.3680778874948056, 0.1800269552873223], [0.22250648008345342, 0.18986391943760875, 0.3597029715195437, 0.2279266288593941], [0.21087827647966545, 0.28971855966178495, 0.3545138133852671, 0.1448893503732825], [0.2283718768781319, 0.3164582299341934, 0.24211259544622607, 0.2130572976414486], [0.24098995325539624, 0.3061351477793688, 0.317826479641603, 0.135048419223632], [0.2532784678277186, 0.3093284414299216, 0.30408791157673615, 0.1333051790656236], [0.23483980839824986, 0.330234671645599, 0.2798571246603844, 0.15506839519576665], [0.2307901382215499, 0.29114428159663325, 0.26452580091692207, 0.2135397791648948], [0.2361908790658366, 0.2647362710506582, 0.3368312414996641, 0.1622416082838411], [0.26009145764032027, 0.27411467242650867, 0.24139453827998886, 0.2243993315531822]], "ideal": "B", "sampled": "A", "correct": false}}
{"type": "result", "data": {"idx": 12, "options": ["Engagement performance.", "Risk analysis.", "Safeguarding of assets.", "Information processing."], "probs": [[0.28179395615909797, 0.2745484154329591, 0.1994336873009102, 0.2442239410070327], [0.24730765801028876, 0.25226934265173107, 0.30244399916747705, 0.19797900007050315], [0.23982910391506324, 0.14847826129851285, 0.379886048095059, 0.2318065865913649], [0.20955918486163633, 0.14244157923475514, 0.3730563743371063, 0.27494286146650215], [0.22375416086599365, 0.2429839150965442, 0.33804770293289416, 0.195214221004568], [0.23310472763545984, 0.2533267513655641, 0.24576034381794062, 0.26780817708103544], [0.31172611841830494, 0.22035182681932178, 0.22587930817313256, 0.2420427464892407], [0.27285833383714975, 0.2084251288157205, 0.30868588274696607, 0.21003065450016367], [0.21797323740448793, 0.10509097105297198, 0.4267282890819223, 0.2502075023606178], [0.2618661879158307, 0.11394421264755207, 0.3331500067932796, 0.29103959254333756], [0.22613360659405077, 0.16222844009650028, 0.3933357415204026, 0.21830221168904634], [0.29776362469090506, 0.1798750811598158, 0.2522333637293282, 0.2701279303199509], [0.16896839438179242, 0.24132804570168964, 0.36296385523027463, 0.22673970458624326], [0.15194665120433204, 0.23280775891610103, 0.3063676998661712, 0.3088778899133957], [0.1607528852919124, 0.264411676004388, 0.3321620971155853, 0.24267334148811434], [0.17294060666796865, 0.2954077036261878, 0.2452956364715483, 0.2863560531342952], [0.12267480058189542, 0.16069490248176432, 0.441135111935424, 0.2754951849009163], [0.1496192231965152, 0.1854006631128761, 0.4155626819109189, 0.24941743167968985], [0.20734360248803121, 0.26322032195172496, 0.33852593620577454, 0.19091013925446929], [0.21035973412139067, 0.26724248723632216, 0.2653152306810658, 0.2570825478612214], [0.1948682458543147, 0.2612800818038943, 0.34671383059390753, 0.19713784164788345], [0.22995230210579207, 0.29660373481222674, 0.22765095190437598, 0.24579301107760518], [0.15944102880078653, 0.13697430898292956, 0.4394427668442798, 0.26414189527200405], [0.19826089447568074, 0.15739814231916208, 0.40617231694992295, 0.23816864615523425]], "ideal": "A", "sampled": "B", "correct": false}}
{"type": "result", "data": {"idx": 13, "options": ["$18,000", "$22,500", "$25,000", "$40,500"], "probs": [[0.3019994108971133, 0.34714295422113617, 0.20015552041449752, 0.15070211436725298], [0.2928032620376094, 0.3186449753717569, 0.22156754464031203, 0.1669842178503216], [0.2624086478449055, 0.22404702339386148, 0.3627794140628702, 0.15076491459836286], [0.2673760532748328, 0.24496479725035544, 0.2992074653561362, 0.18845168401867554], [0.2737104933243044, 0.25658071420876427, 0.3160812901550547, 0.1536275022118766], [0.2900938857759767, 0.28516699586190714, 0.24867619950030093, 0.1760629187618152], [0.3223631679689386, 0.3068864941290098, 0.22208537159129396, 0.1486649662107576], [0.3254143345837372, 0.3026297435253684, 0.21220965997555175, 0.15974626181534266], [0.3339613675737206, 0.2695814370839427, 0.2448523342364553, 0.1516048610058814], [0.3365973732490931, 0.2719294888659279, 0.21271012499053815, 0.17876301279444087], [0.3083805211786611, 0.2610683842436385, 0.2729871665422943, 0.15756392793540608], [0.32066921465353915, 0.2843651899789407, 0.22980637966442521, 0.16515921560309488], [0.2638289810231705, 0.3543363054784115, 0.24278837844737677, 0.1390463349510412], [0.2627367894763235, 0.3671893069618526, 0.2117517378192467, 0.1583221656425772], [0.2706982493129875, 0.39655324812738263, 0.19116640089030718, 0.14158210156932263], [0.2691573041910604, 0.39437381058719995, 0.18413404021007027, 0.15233484491166946], [0.2557041980920463, 0.28261223853700845, 0.3001631542764424, 0.1615204089945028], [0.2685115337103315, 0.2876352965544121, 0.28459516164794735, 0.15925800798730907], [0.2856560476876965, 0.34929521449717227, 0.2301379693876129, 0.1349107683275183], [0.2769825673725615, 0.36067484730824617, 0.2162908996040627, 0.14605168561512966], [0.29812145989227357, 0.3214800714022253, 0.22925838607802304, 0.1511400825274781], [0.3060580628532211, 0.335474863710601, 0.20926942864662262, 0.14919764468955526], [0.2838135828576936, 0.24775190635539576, 0.3128464408112509, 0.15558806987565973], [0.3122189296139152, 0.2684978504434271, 0.2658885379482376, 0.15339468189442015]], "ideal": "B", "sampled": "B", "correct": true}}
{"type": "result", "data": {"idx": 14, "options": ["$100 billion", "$80 billion", "$20 billion", "$10 billion"], "probs": [[0.31937681197712214, 0.25448055915311774, 0.2741062220311439, 0.15203640673861624], [0.3198218142613372, 0.2798784756344366, 0.21369375923206574, 0.18660595077216044], [0.3093046797606291, 0.2315491105153708, 0.2961008206294787, 0.16304538899452137], [0.32828910133801537, 0.23461952012277448, 0.22818880460927277, 0.20890257382993738], [0.3171466087127459, 0.2161130671318743, 0.2874148871436859, 0.17932543691169384], [0.3199264204160251, 0.2097966137258009, 0.2745650492204357, 0.19571191653773834], [0.37369437135578576, 0.231830171676048, 0.24000246045580942, 0.15447299641235682], [0.38227491997420304, 0.2427672558367783, 0.2067116169914777, 0.16824620709754096], [0.35445672270091294, 0.2511915266262633, 0.2442991882318338, 0.15005256234098993], [0.37703084380088664, 0.26523422797003116, 0.1930690974836832, 0.16466583064539903], [0.3717087264241909, 0.22175065011177222, 0.25409472364767677, 0.15244589971636016], [0.36517685648127407, 0.21793392298426434, 0.2536427676424061, 0.1632464527920555], [0.3010950892536224, 0.2237838737805257, 0.2951574237302599, 0.179963613135592], [0.28892924948233034, 0.2098062752006313, 0.29920756368017926, 0.2020569115368591], [0.2972109615505554, 0.2950607537928206, 0.23412692544503214, 0.17360135911159189], [0.3026861295201605, 0.30518940542848877, 0.22744293847555808, 0.16468152647579265], [0.30463938283732156, 0.19987794158298472, 0.3105218548995508, 0.1849608205801429], [0.30719367582091406, 0.2078468265279951, 0.3230454421627963, 0.1619140553882945], [0.2503111660230188, 0.23887380955214715, 0.30781316754124016, 0.20300185678359386], [0.2536753567010021, 0.22745752197956512, 0.31939398162711424, 0.1994731395923185], [0.2585882025277771, 0.31458310227178143, 0.2515968457088657, 0.1752318493915757], [0.250922460042666, 0.2866867354216556, 0.30146660050119595, 0.1609242039344824], [0.2636257347462363, 0.2256332092327633, 0.2952036525195962, 0.21553740340140423], [0.2633588949083019, 0.23072029991704168, 0.3316475202057044, 0.174273284868952]], "ideal": "C", "sampled": "B", "correct": false}}
{"type": "result", "data": {"idx": 15, "options": ["Receivable confirmations received from the client\u2019s customers.", "Prenumbered receiving reports completed by the client\u2019s employees.", "Prior months\u2019 bank statements obtained from the client.", "Municipal property tax bills prepared in the client\u2019s name."], "probs": [[0.33349179721281197, 0.23747798444223892, 0.24203335875782941, 0.1869968594871197], [0.33218325171079127, 0.23463680547027274, 0.24091384530381776, 0.1922660974151182], [0.35616280236986636, 0.2458472212536903, 0.22457776475289729, 0.17341221152354605], [0.35219559069926226, 0.2339337467913344, 0.2117296308067308, 0.20214103160267255], [0.3369069296706497, 0.24952932446102483, 0.23881872774302748, 0.17474501802529796], [0.337334548459511, 0.2460330016073868, 0.2244950268117855, 0.19213742302131667], [0.3263035464899802, 0.27189234301548754, 0.2172385486331684, 0.1845655617613638], [0.321444396962035, 0.26570544040087346, 0.22066723136881528, 0.19218293116827626], [0.3140310440354744, 0.23645690785835655, 0.2838963950557648, 0.16561565295040426], [0.28480981070575273, 0.2412442523556023, 0.22178469097414166, 0.2521612458645033], [0.29896921807426347, 0.2452538086304329, 0.2877539183732383, 0.1680230548220653], [0.2761584437762178, 0.24312069285105256, 0.24370894597391196, 0.2370119172988177], [0.3448389079725959, 0.27181895204561446, 0.21256360186380024, 0.17077853801798934], [0.3435327657187257, 0.2585353216488611, 0.1957171380962346, 0.20221477443617858], [0.3100241607131974, 0.22960285718546197, 0.28492562678143984, 0.17544735521990082], [0.2826691269591904, 0.24098627266858172, 0.21184687314299225, 0.26449772712923564], [0.31375592476335906, 0.22195133233903613, 0.27521055523965565, 0.18908218755794917], [0.28809147641025745, 0.22913041367131348, 0.23550118152675623, 0.24727692829167283], [0.31058714716270536, 0.28621796623639995, 0.2287814834122008, 0.17441340308869388], [0.3129502646043713, 0.27956883430255214, 0.21308295646664796, 0.19439794452642856], [0.2858521767656948, 0.2574257398928625, 0.2883123881342354, 0.16840969510720732], [0.2603187483193805, 0.2515763863199789, 0.24839789422656955, 0.23970697103407101], [0.30143513823363133, 0.24708237873404443, 0.2699614722762532, 0.18152101065607104], [0.2667861401821382, 0.25583953806462445, 0.24281923065823555, 0.2345550909950018]], "ideal": "B", "sampled": "A", "correct": false}}
{"type": "result", "data": {"idx": 16, "options": ["$10,000", "$25,000", "$44,000", "59000"], "probs": [[0.16794969390068357, 0.23162347421153, 0.40015835162211855, 0.20026848016566784], [0.16016011654444834, 0.2922660540765047, 0.2672481656067226, 0.28032566367232437], [0.15877739066614574, 0.3822897190155675, 0.24219573263475475, 0.216737157583532], [0.17105552042634822, 0.4409424232714778, 0.19957912861559376, 0.18842292758658022], [0.17697988185036817, 0.25508868311642774, 0.28641676473112593, 0.28151467020207815], [0.17178378741537617, 0.1911105186880672, 0.44219275645672884, 0.19491293733982779], [0.23154015601792008, 0.16908821692204748, 0.4025978443668632, 0.19677378259316922], [0.258595854018101, 0.20062154529472667, 0.2630986571048852, 0.27768394348228714], [0.20085138379787643, 0.37584472258869517, 0.2084474147416435, 0.21485647877178493], [0.21265591139406897, 0.4194967039775091, 0.17694114937835956, 0.19090623515006236], [0.2477779351258167, 0.23355568595047219, 0.2463530265091915, 0.27231335231451964], [0.20861389298376942, 0.1749804835600298, 0.4173986426741325, 0.19900698068206824], [0.3154798494780466, 0.21445380468688352, 0.24817790458369868, 0.22188844115137119], [0.35781652264915786, 0.24274999262572713, 0.2054767490043911, 0.19395673562072388], [0.2912215633581163, 0.254336480090464, 0.22753817179815752, 0.2269037846532622], [0.3185262178616947, 0.2843381548936389, 0.19033803611097835, 0.206797591033688], [0.3565586017180142, 0.23076298028196895, 0.21474052113354122, 0.19793789676647566], [0.339428484405907, 0.21289883551852792, 0.23734468219290983, 0.21032799778265523], [0.2616641262159963, 0.18463115667391, 0.3020380184056025, 0.25166669860449126], [0.2336849868063892, 0.16880580781202262, 0.41272258754417696, 0.18478661773741123], [0.2783589619364292, 0.22423664889124817, 0.24038821098206298, 0.2570161780902597], [0.22900209977419814, 0.179045957621224, 0.3948253333944833, 0.19712660911009455], [0.23231615123809804, 0.3999644517498595, 0.19009001551157723, 0.17762938140046522], [0.2286611633466204, 0.4063792172490016, 0.18290666834114802, 0.18205295096322993]], "ideal": "C", "sampled": "C", "correct": true}}
