{"type": "result", "data": {"idx": 0, "options": ["Aging is related to an increase in vaginal lubrication", "Aging is associated with an increase in the frequency and number of orgasmic contractions in both sexes", "There is no significant relationship between aging and sexual responses in either sex", "Aging is related to some loss of erectile rigidity in the male"], "probs": [[0.2342307243835104, 0.1674423986921358, 0.31553662449418524, 0.2827902523301686], [0.21612011538132836, 0.19059029787632176, 0.35985724206715114, 0.23343234457519876], [0.2412379157670872, 0.17517293019846522, 0.27358401634293855, 0.310005137591509], [0.22364593882982273, 0.17437423313150893, 0.3163152525296547, 0.28566457540901363], [0.245707377766834, 0.2890335321137358, 0.2806363701539737, 0.18462271986545647], [0.2765729848722056, 0.3137020012587426, 0.27461315426225313, 0.13511185950679866], [0.22378525135663455, 0.1552156805836911, 0.3285633027224995, 0.2924357652371749], [0.18918046353355691, 0.16316761074818673, 0.4047455191207498, 0.24290640649750653], [0.20729268830686265, 0.12187401185450203, 0.19479421940251643, 0.4760390803361189], [0.2515846267563238, 0.14954415407903096, 0.30660814957557153, 0.29226306948907366], [0.25619784376738264, 0.2122532756750117, 0.24845575163943162, 0.28309312881817406], [0.2887439727494459, 0.22733201084247828, 0.3008044361767372, 0.1831195801313386], [0.22124225241805984, 0.15468059124823252, 0.25285848938577143, 0.3712186668479362], [0.20247938642024016, 0.16572729492291371, 0.28870858049673215, 0.34308473806011397], [0.17447536601860666, 0.12090819958399679, 0.19029782212920948, 0.5143186121681871], [0.24002418277283621, 0.15916438636327165, 0.29720491610780964, 0.30360651465608246], [0.26319235560646276, 0.22022615370932352, 0.1883531957676408, 0.3282282948165729], [0.2829707734165891, 0.2583384994156781, 0.22069417441541586, 0.2379965526523169], [0.3489945530542424, 0.19058839974881683, 0.28219532963791816, 0.17822171745902263], [0.36773921699449114, 0.1803139826615435, 0.30694414554197447, 0.1450026547019909], [0.352141513544504, 0.17507331779010815, 0.23786402173059668, 0.23492114683479115], [0.3796848412921551, 0.17930139866617512, 0.26688298978048514, 0.17413077016118464], [0.3715754317079886, 0.1712103264403642, 0.1925145324506112, 0.264699709301036], [0.45036084797530435, 0.19191834900600843, 0.17591710911175099, 0.1818036938069362]], "ideal": "D", "sampled": "D", "correct": true}}
{"type": "result", "data": {"idx": 1, "options": ["\u201cBlank slates\u201d", "Less intelligent than adults", "\u201cLittle scientists\u201d", "Shaped by culture"], "probs": [[0.07509484532964238, 0.10237736042788205, 0.6841548441343109, 0.13837295000816463], [0.08506425104471887, 0.08952215713211445, 0.3567340533108735, 0.4686795384122932], [0.1196553829269697, 0.42648824091859944, 0.1028479389106913, 0.3510084371437396], [0.17681366071710874, 0.5017176828648774, 0.24841257742236023, 0.07305607889565363], [0.13083128755246093, 0.19239337223701572, 0.12912660979102816, 0.5476487303194952], [0.1616413033213794, 0.23978950616829184, 0.5328074216192293, 0.06576176879109939], [0.06409666371352735, 0.11758868438541822, 0.6025145457278497, 0.21580010607320468], [0.07463893293588023, 0.11601731179984541, 0.43501222129286354, 0.3743315338714108], [0.04995322301414598, 0.7915571449137493, 0.06593809374415265, 0.09255153822795205], [0.06267072119673106, 0.8032163201240484, 0.08267092519162322, 0.05144203338759733], [0.10974159662960656, 0.31597443079635557, 0.14245959367830377, 0.43182437879573404], [0.07638139504567092, 0.16741879781654578, 0.6792435847808248, 0.07695622225695849], [0.4324089916542567, 0.16583404066866825, 0.09746687930940613, 0.3042900882676689], [0.6071113799733318, 0.1387377782576954, 0.20497681235534676, 0.04917402931362607], [0.49053756128617554, 0.1187155711340738, 0.12621388026128522, 0.26453298721846547], [0.590839800782407, 0.12014517605509406, 0.20430972168806333, 0.08470530137443559], [0.6785494330603379, 0.16758989412055453, 0.11337196234520235, 0.04048871037390528], [0.6912904329555573, 0.16289141651185074, 0.07938693403860593, 0.06643121639398604], [0.12448108102268102, 0.28114700105100504, 0.12384048755837496, 0.470531430267939], [0.1401343606982297, 0.22124912755681944, 0.5841944064757127, 0.05442210516923808], [0.10410025202411075, 0.13399480581422127, 0.3618588528090698, 0.40004608925259816], [0.05565077418300993, 0.09208793775373315, 0.7911552691027602, 0.06110601886049665], [0.1553067398440495, 0.6880569976469841, 0.11953456565062542, 0.03710169675834093], [0.13194532510011295, 0.7272180589104625, 0.07666429650543621, 0.06417231938398826]], "ideal": "C", "sampled": "C", "correct": true}}
{"type": "result", "data": {"idx": 2, "options": ["about 68% of the observed scores for the test population lie within 15 points of the mean score", "about 68% of the individuals with a given cure score will have observed scores within 15 points of the true score", "about 15% of the scores are in error (i.e., they are not measuring the trait reliably)", "differences of up to 30 points represent the same true score"], "probs": [[0.3579139273068288, 0.2662418901464187, 0.24584436023061346, 0.12999982221613904], [0.3845592794117115, 0.29243374303685504, 0.16366768125547954, 0.1593392961959539], [0.37442718068274294, 0.2943962899866241, 0.1940801052280927, 0.13709642400254024], [0.33794006198334786, 0.2887111262880469, 0.17840906710019186, 0.19493974452841337], [0.32744190581507204, 0.21849814380752783, 0.21171877101507708, 0.24234117926232301], [0.3518377348976482, 0.23188240024758375, 0.20712015647963217, 0.20915970827513589], [0.42327899998005364, 0.26282540744374727, 0.19167042347870125, 0.12222516899749784], [0.43722976926872525, 0.26711373722523385, 0.14820588681986382, 0.1474506065861771], [0.41575710722350606, 0.28352101789497264, 0.1779883003656408, 0.12273357441588044], [0.3456972693617921, 0.26479886163204236, 0.16335434450159642, 0.22614952440456912], [0.3840371782406736, 0.21411936621072591, 0.21518959744177882, 0.18665385800682163], [0.3153125392376857, 0.21286344843260863, 0.16766141603196053, 0.30416259619774516], [0.36324247714224933, 0.30781018730900167, 0.18517652152117045, 0.14377081392757848], [0.3490678227672117, 0.29941971445455806, 0.15987762031793507, 0.19163484236029515], [0.35047960277867274, 0.33932286497537556, 0.17593388257651518, 0.13426364956943648], [0.2716431102374681, 0.3117938134297015, 0.15055609196576206, 0.2660069842670683], [0.2887164224969326, 0.22370756160283148, 0.2596287611033228, 0.22794725469691318], [0.24287321437334533, 0.20722108459721794, 0.2905077251350132, 0.2593979757944235], [0.24364179370351058, 0.2880359887788746, 0.2091884016781473, 0.2591338157394675], [0.26086355030501596, 0.3023755938220319, 0.2188823884173614, 0.21787846735559072], [0.2400340628368701, 0.3790878781704955, 0.1816036768849231, 0.19927438200771133], [0.2312582582004078, 0.3390431999821174, 0.20010432598973993, 0.22959421572773486], [0.19265966402540724, 0.3569792561916055, 0.23206103191530253, 0.21830004776768477], [0.1807704242768354, 0.33257525660384996, 0.26125830019993224, 0.2253960188193824]], "ideal": "B", "sampled": "B", "correct": true}}
{"type": "result", "data": {"idx": 3, "options": ["An Apgar", "A teratogen", "Only a problem in the first 6 weeks", "A controlled substance"], "probs": [[0.16561504333072788, 0.7334556196329474, 0.06406345628720493, 0.03686588064911984], [0.15883948154787372, 0.7548674945813391, 0.05255734508814263, 0.03373567868264452], [0.16054736913499798, 0.04579148679916415, 0.7502164039123475, 0.04344474005349036], [0.0950185074736727, 0.03292941465719047, 0.0753217887785572, 0.7967302889905796], [0.09008193525302535, 0.05487940689314527, 0.8175743604266378, 0.037464297327191545], [0.09293238436896033, 0.045069159951170626, 0.0510518455395821, 0.8109466100402869], [0.9086736274154907, 0.03931119335607774, 0.03159220624091965, 0.020422972887511867], [0.9184108392691315, 0.036188367818008216, 0.02689464395018434, 0.018506148862675965], [0.9107176694507553, 0.036721158905831844, 0.03318161156881936, 0.01937955997459346], [0.9109139613402013, 0.03820638180298594, 0.0283943699460781, 0.022485286810734608], [0.9213673973792194, 0.029877414760273904, 0.03033340338563417, 0.018421784374872574], [0.9154586416702979, 0.03209132406015754, 0.030376565443844573, 0.022073468725699992], [0.1315117209611091, 0.05680437884964586, 0.77100523041686, 0.04067866967238507], [0.10945427702084853, 0.04539607955721753, 0.06011371470683194, 0.785035928615102], [0.1532776675902885, 0.7692398095747276, 0.04915609387071167, 0.02832642886427225], [0.16229691698025123, 0.7653940236439799, 0.04184673634215422, 0.030462322933614613], [0.07166413801942562, 0.04568870635569586, 0.06046779690522719, 0.8221793586196513], [0.07539233311804087, 0.0520718862487198, 0.8388628677566206, 0.03367291277661877], [0.1002382036366877, 0.05269617587258216, 0.8099462366373713, 0.03711938375335885], [0.1085635961269593, 0.040379964412882614, 0.04610809752045082, 0.8049483418397073], [0.14356640167023454, 0.7737480502104314, 0.054246549265111806, 0.02843899875422229], [0.14300106678975924, 0.7703405344121844, 0.05195772894193454, 0.034700669756121724], [0.09846898314070954, 0.040523402992657644, 0.06625840165933593, 0.7947492121072969], [0.1398102667007533, 0.05164947083913125, 0.7700919651604735, 0.038448297199641907]], "ideal": "B", "sampled": "B", "correct": true}}
{"type": "result", "data": {"idx": 4, "options": ["needs analysis.", "job evaluation.", "summative evaluation.", "formative evaluation."], "probs": [[0.904133723524194, 0.03792715760794755, 0.03126664412801756, 0.026672474639840862], [0.9125964299588498, 0.03542194986609285, 0.03132752043796875, 0.02065409963708862], [0.9259708402091478, 0.026706186703635223, 0.028695502872748118, 0.018627470114468886], [0.9143448045372209, 0.028519256568814533, 0.0372459336565057, 0.019890005137458845], [0.9183357166261491, 0.03322460589908882, 0.0289210633711487, 0.01951861400361333], [0.9109459656394141, 0.03453525726812697, 0.032755060333488226, 0.02176371665897075], [0.05859936861930487, 0.8099795782883568, 0.0628681450375412, 0.06855290795479713], [0.06322922462741212, 0.8149255987943043, 0.07057744903786352, 0.0512677274404201], [0.057189125781034564, 0.05715025237156067, 0.8279958284855764, 0.057664793261828384], [0.061494048449602844, 0.05425734052168652, 0.21442055620187386, 0.6698280547268368], [0.05900289995775689, 0.06477240282307023, 0.8220074284229624, 0.05421726869621052], [0.0724600851463337, 0.06746773421089697, 0.14063249527001725, 0.719439685272752], [0.06273127811230993, 0.7649977460484646, 0.08376006406780635, 0.08851091167141911], [0.06347183137497377, 0.7273555993306458, 0.14416743813503546, 0.06500513105934498], [0.058405630693358065, 0.0661291750322252, 0.7943414415089952, 0.08112375266542156], [0.05763143551696073, 0.05808041864108773, 0.261977322278504, 0.6223108234634475], [0.07515154722213585, 0.09345488179691723, 0.7650885524201587, 0.0663050184607882], [0.09833226938052744, 0.25913919560339643, 0.11681857655183002, 0.525709958364246], [0.08601480657481195, 0.7613965215413584, 0.0834260502118932, 0.06916262157193641], [0.08522795694449707, 0.7542801926064167, 0.08867811957579422, 0.07181373077329203], [0.09408791432399367, 0.07733783182725176, 0.7523283417689112, 0.07624591197984336], [0.08627857562074034, 0.06659513363942683, 0.1597725963551357, 0.6873536942846972], [0.11571113850294121, 0.08330894322835497, 0.7149792366130869, 0.08600068155561685], [0.14173296421047363, 0.1036586303887053, 0.140619102502633, 0.6139893027981881]], "ideal": "A", "sampled": "A", "correct": true}}
{"type": "result", "data": {"idx": 5, "options": ["a useful strategy for helping the client understand the present.", "a way for the client to avoid coming to terms with the present.", "\"the \"\"second layer\"\" of therapy.\"", "\"a way for achieving \"\"closure\"\" near the end of therapy.\""], "probs": [[0.21061227351145673, 0.5890160377931484, 0.11841792219938568, 0.08195376639600918], [0.19997876284570157, 0.6190875583539941, 0.10245826534026688, 0.07847541336003741], [0.17444128446180457, 0.18956886936202644, 0.5185063077924569, 0.11748353828371208], [0.3347285687588703, 0.2704998552528725, 0.13049882649070377, 0.2642727493975534], [0.20594764323197273, 0.1599697398992962, 0.49631831806472404, 0.13776429870400703], [0.34069193421449545, 0.1862551476249152, 0.19323616303765087, 0.2798167550229384], [0.34853566728133484, 0.3903354522295506, 0.15727270116642061, 0.10385617922269391], [0.36364206668078364, 0.4072108566353806, 0.13196691869369723, 0.09718015789013855], [0.2996989160207249, 0.1717350785323676, 0.3982707021676222, 0.13029530317928525], [0.421129054103835, 0.18497170781687475, 0.13495439490748543, 0.2589448430718048], [0.24842240469107735, 0.1402746023158809, 0.48871562972357463, 0.12258736316946707], [0.42302895218417125, 0.1654070938273827, 0.15732802683520639, 0.2542359270532396], [0.16757621368807318, 0.1767164521254149, 0.5184017573792424, 0.13730557670726942], [0.2518686651931664, 0.33835932609035535, 0.15828612445202112, 0.2514858841644571], [0.18447245655599276, 0.3493539094575573, 0.3275273441940844, 0.13864628969236553], [0.16588031996796243, 0.4681176473012696, 0.12284625882401069, 0.24315577380675726], [0.1153928551414808, 0.0892312907165993, 0.652986060540193, 0.14238979350172684], [0.0969885385756482, 0.08300721830060744, 0.5888220202815758, 0.23118222274216854], [0.14572665745320942, 0.2494332007560981, 0.4766420636583492, 0.12819807803234326], [0.17972460655150554, 0.43399432943883304, 0.1923027663083709, 0.1939782976012905], [0.13238870701691718, 0.38533781806734807, 0.35336031453174366, 0.12891316028399105], [0.12539577856585443, 0.5525205895503353, 0.13839860671562607, 0.18368502506818415], [0.13483701343595392, 0.1199246990577601, 0.5580979460344874, 0.18714034137179866], [0.10163333050958226, 0.108971057544163, 0.6024290040799779, 0.18696660776627683]], "ideal": "B", "sampled": "B", "correct": true}}
{"type": "result", "data": {"idx": 6, "options": ["the efficiency of controlled memory processes", "metamemory skills, or knowledge about memory", "recognition memory", "the amount of factual memory knowledge available"], "probs": [[0.27394949978906, 0.2828548806197481, 0.2929933921253735, 0.15020222736581837], [0.2822284270378903, 0.28043361186761395, 0.2562219056959174, 0.18111605529857833], [0.2963345988742401, 0.32809547075470774, 0.24093810080470432, 0.13463182946634786], [0.25796924865783827, 0.297177629269254, 0.21659009678328334, 0.22826302518962438], [0.2873143553446511, 0.29450976845657195, 0.27128207680850414, 0.14689379929027277], [0.24277852068403816, 0.2733201506454681, 0.2479322663267397, 0.23596906224375405], [0.17439793828164712, 0.23863659373385188, 0.35159052986520684, 0.23537493801929413], [0.1805531084356953, 0.23950770494927004, 0.3264072239072549, 0.2535319626077797], [0.18625132737681402, 0.31949082013749974, 0.2347579151157225, 0.2594999372699637], [0.198961243013513, 0.33368164297581765, 0.2548452019436622, 0.21251191196700717], [0.19224788819559846, 0.2891387727310831, 0.27270642732952166, 0.24590691164379672], [0.1910762482002221, 0.2872763787873688, 0.3094785145717218, 0.2121688583406873], [0.21486616132494893, 0.32041314241066193, 0.28614482280730774, 0.1785758733570814], [0.17464096771154103, 0.2505974843313301, 0.28529116938022414, 0.2894703784769047], [0.2110493182924937, 0.27546405789481687, 0.2619574069714849, 0.2515292167412045], [0.21919436423979174, 0.2711787481159181, 0.30609523790852117, 0.20353164963576903], [0.17798826791108752, 0.26761894219141025, 0.25244613350879347, 0.30194665628870876], [0.2392688024022682, 0.3301545282822149, 0.27689855462826274, 0.15367811458725414], [0.22872769148662167, 0.3281848332498658, 0.2818410610322129, 0.16124641413129964], [0.20383872089731786, 0.3041013776951911, 0.2492493241776126, 0.2428105771298785], [0.2326755970483801, 0.2900744974323115, 0.28226473924675216, 0.19498516617255623], [0.24391618404833035, 0.30399937602821575, 0.28670553641399454, 0.1653789034094594], [0.20033901629323558, 0.2918940738759497, 0.239209633457438, 0.2685572762733767], [0.24868722628084294, 0.33777979516257334, 0.25004342568465193, 0.16348955277193178]], "ideal": "A", "sampled": "C", "correct": false}}
{"type": "result", "data": {"idx": 7, "options": ["Parkinson's disease", "Vascular Dementia", "a right frontal lobe tumor", "Alzheimer's disease"], "probs": [[0.29530958998336554, 0.26612223982583527, 0.14670730469962284, 0.29186086539117634], [0.29663344993729296, 0.2289608401653625, 0.371640113170235, 0.10276559662710955], [0.3049828455289623, 0.26858640114641114, 0.1785762783494275, 0.24785447487519907], [0.28945152654801226, 0.27208568426843005, 0.20989206983022732, 0.2285707192533304], [0.3429643511429191, 0.26897543666057194, 0.2544862329705383, 0.1335739791259706], [0.31466517787007503, 0.2569173650758056, 0.1721957377081497, 0.2562217192459697], [0.1138072352353004, 0.5643751452485063, 0.0993256017667388, 0.22249201764945456], [0.15735750919921657, 0.47731374266995963, 0.2826541577696029, 0.08267459026122093], [0.11727159248333843, 0.16248389313163264, 0.5166197649596977, 0.20362474932533123], [0.15157374738131174, 0.17835368214254213, 0.42471870775743964, 0.24535386261870648], [0.17187956229934243, 0.2993473156890039, 0.42237392693071696, 0.10639919498093668], [0.15492766170575695, 0.3982429564648213, 0.11660438079833922, 0.3302250009310826], [0.16820283845307343, 0.5872620037293723, 0.10754978839835504, 0.13698536931919925], [0.15622582587551775, 0.6051761913185059, 0.11983233002485788, 0.11876565268111847], [0.1658992767168085, 0.1737730651920114, 0.46530205006714775, 0.19502560792403228], [0.20815801928581437, 0.2113370777654472, 0.24295455576962405, 0.3375503470791144], [0.12677457192909, 0.1776454256384007, 0.548520538067834, 0.14705946426467534], [0.17266825300705776, 0.21999976215548153, 0.24157960760683353, 0.36575237713062714], [0.13409972880335386, 0.6313804607129251, 0.1460748376655632, 0.08844497271815784], [0.14046554475311782, 0.5984100191949927, 0.1259598601626539, 0.13516457578923555], [0.14735079861148517, 0.22644718804338518, 0.5152693236768758, 0.11093268956825382], [0.16157490781234154, 0.2990333005919057, 0.14906653093993721, 0.39032526055581557], [0.12233289892742244, 0.1925902486759022, 0.5498501575955728, 0.1352266947011026], [0.153448522075567, 0.243123114084727, 0.271223425838051, 0.332204937901655]], "ideal": "A", "sampled": "A", "correct": true}}
{"type": "result", "data": {"idx": 8, "options": ["unethical, because the client's needs were not addressed more directly", "unethical, because the psychologist should have delayed the trip and given the client an appointment for that afternoon", "unethical, because the psychologist should have called a physician directly", "ethical, because it was not possible to determine whether or not the client was being manipulative"], "probs": [[0.3490868754471904, 0.1981359392484187, 0.25055199485669405, 0.20222519034769684], [0.30669699725286365, 0.1785089144598738, 0.2556373064424474, 0.25915678174481516], [0.3837742507073959, 0.23360419271040422, 0.19984890518574172, 0.18277265129645814], [0.3459378480565317, 0.22801704702481335, 0.26869133112127846, 0.1573537736973765], [0.3053857158276739, 0.2075655305501729, 0.2467333937388246, 0.24031535978332866], [0.2869357040117278, 0.19347559538893136, 0.3621788458680052, 0.1574098546313357], [0.18302445384556348, 0.38035068478879624, 0.26167789488914317, 0.1749469663764971], [0.1792299518154167, 0.3396362808169707, 0.24465138114100737, 0.2364823861266052], [0.1766074948315292, 0.2227712190754331, 0.3766167275712792, 0.22400455842175854], [0.1492355592513522, 0.17852508753950672, 0.24982246381790946, 0.4224168892912316], [0.1525688320245762, 0.17413279412435612, 0.47035381193225845, 0.20294456181880924], [0.1401491016009372, 0.19129325447553772, 0.37240946289153104, 0.2961481809319941], [0.24593646821900528, 0.3595151304839154, 0.21992228923028895, 0.17462611196679031], [0.2365809984816363, 0.31545449400045045, 0.2784589958830969, 0.16950551153481636], [0.21031370130123506, 0.1880550924335092, 0.3956833959516558, 0.2059478102135999], [0.1695197325489119, 0.1460142520528603, 0.24075914861889014, 0.4437068666793376], [0.20004324911088917, 0.2079029114023998, 0.4344684545927165, 0.15758538479399453], [0.19069750674415703, 0.21074041642075275, 0.2507132998816817, 0.34784877685340854], [0.1551182511364225, 0.4080237691008579, 0.21856090236867773, 0.21829707729404185], [0.1458575064159728, 0.4449731806232675, 0.26608835458679864, 0.14308095827396103], [0.14237859207255746, 0.16391032199813502, 0.4752877141676434, 0.21842337166166412], [0.14572700205208416, 0.17835760807589052, 0.32876570539916417, 0.34714968437286114], [0.15243556185416543, 0.25714869752048725, 0.42861366693182223, 0.16180207359352514], [0.15538127950338324, 0.24045905826755412, 0.22790754178729772, 0.3762521203417649]], "ideal": "A", "sampled": "A", "correct": true}}
{"type": "result", "data": {"idx": 9, "options": ["clarify boundaries between family members in order to reduce enmeshment.", "work initially with the most differentiated family member.", "\"use a multiple-therapist team to prevent any one therapist from becoming \"\"triangulated\"\" into the family system.\"", "\"issue specific \"\"directives\"\" designed to counteract dysfunctional processes.\""], "probs": [[0.592799590629673, 0.18863664143948433, 0.13544897431012326, 0.08311479352071935], [0.6069675276364809, 0.19158429110921904, 0.11768393918324277, 0.08376424197105733], [0.5502536646358119, 0.19235908123302245, 0.1746328990895951, 0.08275435494157046], [0.5080166080073673, 0.19370931431879798, 0.14809111145959228, 0.1501829661142425], [0.5705057211989158, 0.16668644049031295, 0.17692586250545003, 0.0858819757053212], [0.5387317377168113, 0.166384900601411, 0.14872169049916512, 0.14616167108261263], [0.30047889575568665, 0.4649244858181496, 0.13912452198753805, 0.09547209633862572], [0.30136207641216733, 0.4737717649990931, 0.12127399804792016, 0.10359216044081934], [0.2638132352509506, 0.1638326842571185, 0.46957839930065737, 0.10277568109127352], [0.2715648669989808, 0.17542332147657025, 0.19213650832435616, 0.36087530310009275], [0.23833635091877284, 0.1368795761794126, 0.5203305404808757, 0.10445353232093889], [0.2571938595336697, 0.1366983780620136, 0.23365151531667228, 0.37245624698764446], [0.20214513845859233, 0.5546005019557423, 0.15106496888669024, 0.09218939059897512], [0.187608685780831, 0.5566045698275415, 0.12187927524695982, 0.1339074690446677], [0.22120677262130795, 0.24302401008297658, 0.4292343918435849, 0.10653482535213056], [0.21870085920740936, 0.2515088058981442, 0.1510470978920674, 0.378743236902379], [0.184992841538489, 0.143388086093567, 0.5081273089678301, 0.16349176330011392], [0.17694685124992401, 0.13059751882733545, 0.4178072275966908, 0.2746484022260497], [0.2083882093221177, 0.5209891795591072, 0.16453808544420903, 0.1060845255745661], [0.19079597292422637, 0.5320799350206445, 0.13099020718218296, 0.14613388477294612], [0.19741062817983626, 0.21359995005378954, 0.4733581244472168, 0.1156312972191574], [0.22358179423334243, 0.22006427077334292, 0.17503285667088972, 0.3813210782224249], [0.1855846532645218, 0.1553506907456323, 0.505304485192761, 0.1537601706970848], [0.18070596041695988, 0.15580590996411509, 0.3675496796925684, 0.29593844982635664]], "ideal": "A", "sampled": "A", "correct": true}}
{"type": "result", "data": {"idx": 10, "options": ["A true experiment", "A cross-sequential cohort design", "A natural experiment", "A cross-sectional cohort design"], "probs": [[0.22855763135054968, 0.21863642332751684, 0.33726233240569636, 0.21554361281623707], [0.23104023699832454, 0.25442240724236614, 0.3381595955332022, 0.17637776012610715], [0.2852185793778549, 0.33696623159404626, 0.15833786836193528, 0.21947732056616356], [0.31245939802737105, 0.37783294184202215, 0.14712860565672903, 0.16257905437387776], [0.28569091640644534, 0.2469253650176377, 0.24754926176349087, 0.21983445671242605], [0.2768768379092819, 0.2062719248937407, 0.3573412820132516, 0.15950995508372576], [0.2803404414474897, 0.17719501783253103, 0.3268116511617617, 0.21565288945821756], [0.27335079558073805, 0.17417032822493916, 0.3874629130171887, 0.16501596307713406], [0.307411397852385, 0.230715286250955, 0.2902875499094183, 0.17158576588724167], [0.2784286778652694, 0.2041327387506191, 0.3886167464555619, 0.1288218368285496], [0.2528998591185015, 0.4554536410033277, 0.15903990206081575, 0.13260659771735503], [0.2693700555342851, 0.43464419109941826, 0.19350793570686595, 0.10247781755943061], [0.4253013418764158, 0.26456110460683, 0.11950321550611402, 0.19063433791064016], [0.4602318875117772, 0.2774216039730946, 0.11954210397680143, 0.14280440443832676], [0.3592500281198182, 0.16105903203489016, 0.25417684748680225, 0.22551409225848937], [0.3499049014894089, 0.17776982848638007, 0.34628263744197185, 0.12604263248223915], [0.4341550106246982, 0.19910987912943837, 0.22105793323306103, 0.14567717691280246], [0.44242607540352874, 0.22287411491761597, 0.19416622193449196, 0.1405335876443633], [0.3524835073955664, 0.24654686795293973, 0.18655539947040448, 0.21441422508108937], [0.31034097997247123, 0.21201430890866838, 0.3586722420891743, 0.11897246892968606], [0.2957083162791848, 0.32805799409792447, 0.1977772830394189, 0.17845640648347177], [0.30423042175111686, 0.2930865883534123, 0.24933932719121443, 0.1533436626042564], [0.35054918858964607, 0.2799459674678494, 0.2807128706240614, 0.08879197321844311], [0.3640148314480676, 0.29998543110361675, 0.16227930501561594, 0.17372043233269965]], "ideal": "B", "sampled": "C", "correct": false}}
{"type": "result", "data": {"idx": 11, "options": ["recall of words", "verbal comprehension", "verbal learning", "production of speech"], "probs": [[0.11041046929400623, 0.12003742365661518, 0.12525292669833693, 0.6442991802510416], [0.07346769059663838, 0.12971196253778616, 0.7269739887048352, 0.06984635806074027], [0.10510155752158196, 0.10988432405246083, 0.13720050189319663, 0.6478136164327606], [0.058573249503427884, 0.10663777549005929, 0.7493061990685007, 0.08548277583801211], [0.07908646045984141, 0.7920599012479119, 0.07560008046616132, 0.053253557726085345], [0.07598396106854345, 0.7787522382720304, 0.07317025686179579, 0.0720935436976303], [0.09385020610421245, 0.11117806532561333, 0.13993805019925148, 0.6550336782709227], [0.058074536313343694, 0.11528780037563693, 0.7673864678317747, 0.05925119537924468], [0.08006707578096806, 0.09939616172511821, 0.15212485192684988, 0.6684119104670638], [0.052478372458950345, 0.10832901176849391, 0.779483786376657, 0.05970882929589866], [0.07668529507261546, 0.8057297527411239, 0.06830991854811518, 0.049275033538145385], [0.07987714587797583, 0.7881956725084696, 0.07514667538229179, 0.056780506131262766], [0.05968099659505084, 0.10857010250619246, 0.17148087001861884, 0.6602680307801378], [0.038838288119181115, 0.10769090657112297, 0.7877350292909139, 0.06573577591878198], [0.052712195396058585, 0.098159903753424, 0.16247784181859676, 0.6866500589319207], [0.04269627131348815, 0.11049527513287165, 0.7829648805922086, 0.06384357286143157], [0.05564831279627775, 0.7925577877050493, 0.07731558496947183, 0.07447831442920116], [0.05541712872751401, 0.7953864453740224, 0.08867012095563212, 0.06052630484283149], [0.8225541265714351, 0.08624767790397062, 0.062218621731399804, 0.02897957369319449], [0.8161732705643675, 0.08556762496211076, 0.05445595559037472, 0.043803148783147006], [0.8229422522466479, 0.09326855785248243, 0.053646292232314145, 0.03014289756855559], [0.7861638195822964, 0.10918452683879686, 0.06529944000190531, 0.039352213477001456], [0.7813829953496265, 0.09810337642575359, 0.06538222130588531, 0.05513140681873455], [0.741973551215035, 0.11676049541406625, 0.09614579020426126, 0.04512016306663746]], "ideal": "D", "sampled": "D", "correct": true}}
{"type": "result", "data": {"idx": 12, "options": ["the child\u2019s intelligence.", "the child\u2019s \u201cbasic personality.\u201d", "the strength of the parent-child attachment.", "the parents\u2019 childrearing behaviors"], "probs": [[0.03337581964670901, 0.0769200654478964, 0.7251985369537659, 0.16450557785162867], [0.03613595026775295, 0.07927841928638235, 0.7586900817198855, 0.1258955486259792], [0.06391233712122214, 0.2311963650652402, 0.10488181914525631, 0.6000094785682814], [0.06865369527845491, 0.27050343153155865, 0.5693309306529057, 0.09151194243708065], [0.06306996571803998, 0.4323337037329893, 0.10265354677923456, 0.4019427836697361], [0.07155210790634292, 0.6399173974320156, 0.22303975457105923, 0.0654907399905823], [0.034270136779022395, 0.06862010652734843, 0.7042840561098984, 0.1928257004837307], [0.03974418726668505, 0.07344813610494111, 0.7711777241152513, 0.11562995241312252], [0.06869480473794964, 0.3420707812461692, 0.08776715240423665, 0.5014672615116446], [0.055982291455692425, 0.3991187528000397, 0.4785178262565888, 0.0663811293876791], [0.06218068183332067, 0.6101969729952025, 0.08004042088350677, 0.24758192418797012], [0.06640893715022539, 0.688727906927728, 0.19284467343880546, 0.05201848238324108], [0.15422755478270347, 0.08433788268914845, 0.1149131730083947, 0.6465213894197533], [0.13818655494897866, 0.09328325558911972, 0.6781169569375414, 0.09041323242436025], [0.15288961510979407, 0.0882971979114213, 0.10287495833351887, 0.6559382285452657], [0.0902063961905039, 0.09065910835182407, 0.7414954027725071, 0.07763909258516492], [0.5785527781671436, 0.2821935393960694, 0.07424371633499713, 0.0650099660017899], [0.6297808476587431, 0.23369804718833823, 0.07831767434045327, 0.05820343071246542], [0.1281303772807914, 0.10106504782817197, 0.1337053636603862, 0.6370992111306504], [0.3224070441938479, 0.12300046807043642, 0.45662988248289277, 0.0979626051528229], [0.1387907893546637, 0.11029514170739851, 0.1181643780537483, 0.6327496907841895], [0.16243408293506953, 0.12234588088966673, 0.6263431802127187, 0.08887685586254505], [0.4315215260978781, 0.41567062591294535, 0.07819252506375475, 0.07461532282542181], [0.41886704531791785, 0.42292683682195764, 0.09014447643236181, 0.06806164132776267]], "ideal": "D", "sampled": "D", "correct": true}}
{"type": "result", "data": {"idx": 13, "options": ["is nonresponsive to visual or auditory stimuli and seems to be in a state of deep sleep.", "is confused and incoherent, may exhibit bizarre behavior, and is unable to care for him/herself.", "is alert and oriented and can remember and integrate remote and recent events but may have some impairment in judgment, planning, and abstract reasoning.", "is functioning at an intellectual level that is superior for his/her age, education, and demographic background."], "probs": [[0.3344444084992042, 0.42648270524627563, 0.18045950079696554, 0.058613385357554636], [0.29156504320775223, 0.4557180728624677, 0.08482856542045568, 0.1678883184093244], [0.4192637800751085, 0.2792899310309547, 0.22971002755252184, 0.07173626124141494], [0.3565651939242206, 0.2915096770118105, 0.10963431336251606, 0.2422908156014528], [0.18494443756975956, 0.12742939239324913, 0.49265749681947846, 0.19496867311751284], [0.25356140352393647, 0.1615621870361803, 0.3238247882426092, 0.261051621097274], [0.3684507145311717, 0.19885646405959284, 0.3464536809670023, 0.08623914034223315], [0.36840875874397616, 0.2253711638940369, 0.11588944352917867, 0.29033063373280826], [0.44516582614329425, 0.32074462169387885, 0.14909605124979175, 0.08499350081303517], [0.3923822191107618, 0.3307140890444195, 0.1142272321105229, 0.16267645963429578], [0.27699311739437127, 0.1462991640928369, 0.22986174432536863, 0.3468459740874232], [0.267538211690309, 0.1468908146803469, 0.39352898613067117, 0.1920419873986729], [0.6391963314430752, 0.15177483742079195, 0.15051743274526563, 0.05851139829086717], [0.6146678832353227, 0.1495065666659193, 0.08850540087969079, 0.1473201491190672], [0.6741785406392167, 0.16001613436529263, 0.10740839688895933, 0.05839692800653137], [0.6740719129519512, 0.15264110379362397, 0.0862773514175367, 0.08700963173688805], [0.5634961043703904, 0.16024391112745867, 0.12079529283037876, 0.15546469157177215], [0.6510118633460787, 0.14749515934274812, 0.11476445135902813, 0.08672852585214492], [0.12216971631363654, 0.16998162610646556, 0.4411868982889108, 0.2666617591909871], [0.13908065686257765, 0.20284995996712174, 0.4799205386253446, 0.178148844444956], [0.1406597515898317, 0.38054854241005664, 0.13871182706625682, 0.3400798788338548], [0.12283851022030613, 0.40745043143354676, 0.3712516073324824, 0.09845945091366468], [0.18287285615544094, 0.49107317648169563, 0.13190909825707342, 0.19414486900579003], [0.1809984716443251, 0.563895336275107, 0.14571587522784235, 0.1093903167527255]], "ideal": "B", "sampled": "C", "correct": false}}
{"type": "result", "data": {"idx": 14, "options": ["decline the request to testify.", "agree to testify only if she obtains consent from both parents.", "agree to testify only if she can evaluate all of the involved parties.", "agree to testify only if her familiarity with the child won''t bias her testimony."], "probs": [[0.36307325139427876, 0.17496907262060185, 0.16205292414313818, 0.2999047517419812], [0.34344896158942867, 0.18021657792589083, 0.33755903929733694, 0.1387754210873436], [0.34139954531653766, 0.13129855495423548, 0.17279249170493957, 0.3545094079242873], [0.34617219919254594, 0.139276629938114, 0.33760978297239075, 0.1769413877969493], [0.38917618986052693, 0.32838591929966565, 0.1449418067787187, 0.13749608396108864], [0.393293959162813, 0.3448672736150595, 0.12824974379524737, 0.13358902332688016], [0.2620621919369896, 0.3355855345390428, 0.15879519282183563, 0.24355708060213202], [0.26029638229080954, 0.3009206742021725, 0.31372029521070793, 0.12506264819631002], [0.1675738393281757, 0.09094981035129404, 0.5004961638698614, 0.24098018635066884], [0.20651904467219803, 0.10570298485507335, 0.25592373845686284, 0.43185423191586575], [0.22196474502041041, 0.16554858775561113, 0.4622162259483788, 0.15027044117559965], [0.22724350133118773, 0.2054379612812294, 0.1483442805312389, 0.418974256756344], [0.2195948329408689, 0.3066056622763983, 0.1833840432075454, 0.29041546147518743], [0.2213018255428607, 0.29205895706719454, 0.32942200720461096, 0.15721721008533376], [0.1521162528234875, 0.10196121705077799, 0.48379921547850474, 0.26212331454722976], [0.1779839750507721, 0.11882478122883805, 0.2746181344537973, 0.4285731091665925], [0.1997178822514057, 0.15980877218747605, 0.46404261083794346, 0.1764307346231748], [0.19887265857365796, 0.1870760349306552, 0.1949923216355406, 0.41905898476014625], [0.32626025893226246, 0.34039937431986433, 0.17557085525512775, 0.15776951139274542], [0.3348260719791185, 0.3742972798480626, 0.14586241107130515, 0.14501423700151372], [0.2324320535169834, 0.12496692686220487, 0.4993774294724914, 0.14322359004832033], [0.2426748943883363, 0.13842039221393854, 0.14996706394743495, 0.46893764935029014], [0.22294678944791088, 0.10823137915136048, 0.5056831421755126, 0.16313868912521606], [0.235523494691956, 0.10890934047231719, 0.17837493679658573, 0.47719222793914107]], "ideal": "A", "sampled": "A", "correct": true}}
{"type": "result", "data": {"idx": 15, "options": ["goals serve 2 purposes: they are a basis for motivation and they direct behaviors", "goal attainment is maximized when goals are specific and highly difficult", "goal attainment is maximized when frequent feedback is given", "worker participation in goal-setting is also good"], "probs": [[0.4124801527278544, 0.21818836491802263, 0.20208028273471532, 0.16725119951940765], [0.3930440842712272, 0.2128146290566299, 0.2396164089201683, 0.15452487765197456], [0.3692849654016183, 0.19395931397171476, 0.26550327146359015, 0.1712524490630768], [0.3240534308268498, 0.17305883562762736, 0.21883987028495583, 0.284047863160567], [0.37294437567720684, 0.21650130276438542, 0.2617552901201898, 0.14879903133821795], [0.34230544649656686, 0.21027715188729318, 0.18294471227865766, 0.2644726892374823], [0.39479582282510456, 0.19600289444168403, 0.22066509217790392, 0.18853619045530745], [0.38092246080221553, 0.19346137054622667, 0.25477197384116473, 0.17084419471039308], [0.36906339384188414, 0.18611311252549817, 0.2713097454921679, 0.1735137480404498], [0.3385906320051703, 0.17795050672749887, 0.24346115418208342, 0.2399977069852474], [0.36583536859668675, 0.21071046588697948, 0.2605925798155545, 0.16286158560077926], [0.3375491104711769, 0.2010042786995798, 0.21255618108508414, 0.2488904296441591], [0.3280053387551524, 0.19342322357414268, 0.28644254373960454, 0.19212889383110032], [0.2955702288983269, 0.17854538824181543, 0.23501216222994062, 0.290872220529917], [0.3257908474210323, 0.22464774212009717, 0.275816227828455, 0.17374518253041554], [0.3022199272807216, 0.21211183069015357, 0.24832695720096687, 0.23734128472815796], [0.28745305945504573, 0.1999143481131242, 0.259154773404184, 0.25347781892764604], [0.2823570626340519, 0.20282220536197243, 0.2844244795093951, 0.23039625239458061], [0.38358433316160456, 0.19474161288839983, 0.26519476179236207, 0.15647929205763353], [0.34575699725993975, 0.19168880008661743, 0.19363840835427787, 0.26891579419916495], [0.3654186154969728, 0.23116077248222894, 0.2506326846056373, 0.15278792731516094], [0.34388859519401815, 0.21967466681453268, 0.19273980588446749, 0.2436969320069817], [0.3109410265846585, 0.1698533369496483, 0.2635497630772301, 0.2556558732884631], [0.3060843165756559, 0.1726437256971971, 0.2809686791038474, 0.24030327852329966]], "ideal": "B", "sampled": "B", "correct": true}}
