{"type": "result", "data": {"idx": 0, "options": ["Media release", "Media tour", "Press room", "Promotional days/weeks"], "probs": [[0.08929020661088297, 0.825216866242594, 0.0601386820798574, 0.025354244966665523], [0.09907164522851547, 0.8074783155599754, 0.0662004084874533, 0.027249630624055814], [0.05051466284060962, 0.08272595296712527, 0.8310183626372163, 0.035741021455048844], [0.06044737498661551, 0.06599480862298114, 0.09224970626842287, 0.7813081100219804], [0.06115964426978774, 0.07989452033436055, 0.8275564312107319, 0.0313894040851198], [0.05213443992660882, 0.051818956263608724, 0.0833234349181265, 0.812723168791656], [0.9001736656797044, 0.05430896589792012, 0.029816392861708323, 0.01570097546066723], [0.9003624848094065, 0.051043439271088446, 0.03301241596448793, 0.015581659855017116], [0.8988625774657715, 0.05423385126559636, 0.030724856395828188, 0.016178714772803963], [0.8920772355099013, 0.05598886112348318, 0.03483602280960478, 0.017097880457010745], [0.8987207932537546, 0.05423433660163321, 0.033739171636034494, 0.013305698408577616], [0.8915250992616267, 0.05727626796195529, 0.03647286741218088, 0.01472576526423713], [0.040415487013676706, 0.06724712677820029, 0.8606899328851136, 0.03164745322300931], [0.04792962914304626, 0.05398518903775244, 0.10317470016966136, 0.7949104815495399], [0.06321086616161788, 0.8491204221978951, 0.056421137289627527, 0.031247574250859517], [0.06789228672477263, 0.8366809003389871, 0.06867894878101613, 0.026747864055224134], [0.043621940621332525, 0.0560947309122644, 0.061092331005141276, 0.8391909973612618], [0.04445499024063924, 0.08915429993202047, 0.8352332518831329, 0.031157457844207342], [0.061404989536038075, 0.07772758776053429, 0.8305778092189551, 0.03028961338447258], [0.06301824894920673, 0.053994946369374346, 0.07544603520976044, 0.8075407693716585], [0.15617637240901816, 0.7345205009310503, 0.0824839173905546, 0.026819209169377006], [0.14086433304583354, 0.745377390855752, 0.08633478322698807, 0.02742349277142633], [0.05129020603281472, 0.04903075416233978, 0.05548958417788785, 0.8441894555269577], [0.05280902352953372, 0.08444010801617773, 0.8285402253521089, 0.03421064300217966]], "ideal": "B", "sampled": "B", "correct": true}}
{"type": "result", "data": {"idx": 1, "options": ["Quickly investigate to make certain your product is definitely the cause of the illness.", "Stop all sales of the product throughout the nation and issue a recall for that product.", "Stop sales of the product in the Albany, New York, market and issue a recall for that product.", "Issue a press release to the Albany, New York, market explaining how to treat the symptoms."], "probs": [[0.1774046175721093, 0.1938718465930617, 0.44246642115657775, 0.18625711457825123], [0.15833682720505224, 0.24217503358330142, 0.12129278773000908, 0.47819535138163727], [0.2410464512748936, 0.4276455512916895, 0.17904436052903133, 0.1522636368043855], [0.24373696742004616, 0.4291169642972983, 0.11155067383127505, 0.21559539435138053], [0.1487637747022476, 0.0831067034287591, 0.34294905999636616, 0.4251804617726271], [0.18531496544840048, 0.10109190491184114, 0.4769010472282547, 0.23669208231150365], [0.22808371481998796, 0.13236682115661652, 0.4395006596602583, 0.2000488042631372], [0.2602889653909225, 0.14089477690665128, 0.12576039696391264, 0.4730558606385135], [0.34525447051486513, 0.31022646095551826, 0.17076380040237937, 0.17375526802723723], [0.3145845830125937, 0.320336222616587, 0.14168964324964786, 0.22338955102117147], [0.21276075882297774, 0.09261147663020154, 0.1861373033373905, 0.5084904611094302], [0.21666529449642732, 0.10351550423785769, 0.43762412010787477, 0.2421950810578402], [0.45169802822575983, 0.16265314573429984, 0.18511089404891204, 0.2005379318910283], [0.48780323596477415, 0.16503281397859537, 0.12709682799806313, 0.22006712195856737], [0.40119822604835065, 0.15626190461394207, 0.2374526312386701, 0.20508723799903716], [0.3941441715242084, 0.16865448400696656, 0.16162103172085207, 0.275580312647973], [0.38723294192109253, 0.1070379119838468, 0.23281668573599362, 0.272912460259067], [0.34786537545320695, 0.10479750561260386, 0.2445866185523855, 0.30275050028180367], [0.12303488321966072, 0.1442972613517368, 0.3613637197062726, 0.3713041356223299], [0.1482469008792002, 0.16980029612867106, 0.46739204514788263, 0.21456075774424613], [0.13297338782411264, 0.2149159312033314, 0.19337360558960276, 0.4587370752829532], [0.14298548866911923, 0.23646711596070027, 0.43367307081436407, 0.18687432445581642], [0.17806945045312267, 0.39941789501269515, 0.19860082260474085, 0.22391183182944133], [0.16885794465477075, 0.41284889074376036, 0.22195956272346182, 0.1963336017780071]], "ideal": "B", "sampled": "C", "correct": false}}
{"type": "result", "data": {"idx": 2, "options": ["community relations", "consumer relations", "employee relations", "public issues"], "probs": [[0.1192872090438736, 0.7367495379987048, 0.09210708839389974, 0.05185616446352188], [0.12281058452963763, 0.7230470614221263, 0.09555320227189287, 0.058589151676343196], [0.09793911274197481, 0.10707843462168937, 0.7464346400115699, 0.048547812524765935], [0.11559341273930189, 0.07495012245248468, 0.23647551588548057, 0.5729809488227329], [0.12005614935360387, 0.13874170699601154, 0.6538575534560669, 0.08734459009431773], [0.1335812687795677, 0.10693747788203614, 0.1568680291511017, 0.6026132240872945], [0.41841820638926747, 0.19568702836049998, 0.2590796582808986, 0.12681510686933398], [0.4624864665322856, 0.15567897954571538, 0.20461803097249454, 0.17721652284950448], [0.14820306719893364, 0.0920161816409872, 0.6860847302711467, 0.07369602078893248], [0.23660489305741197, 0.06516144666770586, 0.21675206036009717, 0.481481599814785], [0.25995581296137765, 0.13581373808022232, 0.45564499907444733, 0.14858544978395266], [0.2680259088609698, 0.10907344681533378, 0.14539122796677834, 0.47750941625691806], [0.09740278687466468, 0.1169618420751807, 0.7416956285819862, 0.04393974236816835], [0.11651614394003369, 0.08767481957747093, 0.18555158513084913, 0.6102574512516462], [0.0992327648904177, 0.699028802947624, 0.1646137417057525, 0.037124690356205754], [0.09118294241657803, 0.7569813953173574, 0.08757142237656061, 0.06426423978950395], [0.0927077964942165, 0.08818915354041784, 0.41427331541398976, 0.4048297344513759], [0.09018173409774301, 0.10588616403387364, 0.7142941631723041, 0.08963793859607926], [0.13886886833709577, 0.13097232578875212, 0.6410086154296736, 0.08915019034447853], [0.15165827375916063, 0.10385956072501164, 0.17242667668088518, 0.5720554887349425], [0.20580231571236002, 0.3257163312280647, 0.32552842757702916, 0.14295292538254611], [0.1940025956138294, 0.28645896481899386, 0.13406573034874453, 0.38547270911843223], [0.10908190173505851, 0.0685947118828217, 0.4334337122237618, 0.38888967405835795], [0.10096077913701722, 0.09013758940968407, 0.7108899036431251, 0.0980117277101736]], "ideal": "B", "sampled": "B", "correct": true}}
{"type": "result", "data": {"idx": 3, "options": ["1917", "1922", "1925", "1927"], "probs": [[0.21777794279463125, 0.4029616831006217, 0.26433803446906734, 0.11492233953567968], [0.20581206370602181, 0.36946924966650135, 0.27021145415269116, 0.15450723237478564], [0.232182624724547, 0.34824172822858307, 0.297919049192727, 0.12165659775414295], [0.22844534769686434, 0.35079362462240815, 0.27968531427439675, 0.14107571330633079], [0.23013572221082038, 0.3820427031280816, 0.2709403911637001, 0.11688118339739788], [0.24601523759002444, 0.39881733353037013, 0.2516261357683604, 0.10354129301124503], [0.49314614758070524, 0.2142328156746313, 0.21288704711389267, 0.07973398953077077], [0.4676310717591909, 0.2113496213940033, 0.2200292199630053, 0.10099008678380053], [0.4653068815101805, 0.2700652201953565, 0.1787088973545306, 0.08591900083993238], [0.46198729020198137, 0.25579366275936705, 0.19956465212170885, 0.08265439481694271], [0.4457367425699549, 0.2754937862444362, 0.1794426943472974, 0.09932677673831151], [0.4428164396548651, 0.25311474480990165, 0.22723829879644267, 0.07683051663879055], [0.40553514936876595, 0.2014997541255988, 0.2981656700621203, 0.0947994263435149], [0.4409544268022842, 0.21397902547616585, 0.23708005777044697, 0.10798648985110297], [0.4568127129277697, 0.30288961752373206, 0.15119366458925887, 0.08910400485923939], [0.44531458611803565, 0.2862633466434318, 0.19696478543696094, 0.07145728170157162], [0.42955973640287054, 0.2850135159589071, 0.1743036029219103, 0.11112314461631202], [0.43794532257205704, 0.24459054484717463, 0.2449515701939923, 0.07251256228677604], [0.4137116526291186, 0.19459576137637338, 0.27681199744600565, 0.11488058844850244], [0.48450635591208707, 0.20408422239389806, 0.22260434099188958, 0.08880508060212527], [0.4498888022731192, 0.28687972254983346, 0.1597915166425582, 0.10343995843448914], [0.4435066149501535, 0.2698510687472929, 0.21548230256527184, 0.07116001363728176], [0.460212674242336, 0.2779440262788942, 0.1584389346795867, 0.10340436469918314], [0.48371302355886747, 0.24958528203874497, 0.19932940303285301, 0.06737229126953455]], "ideal": "B", "sampled": "B", "correct": true}}
{"type": "result", "data": {"idx": 4, "options": ["Product-oriented", "Person-oriented", "Idea-oriented", "Message-oriented"], "probs": [[0.11495676464247366, 0.16873655960159106, 0.49176304794753767, 0.2245436277083976], [0.12958412643472675, 0.14246169580356388, 0.6233984006853409, 0.10455577697636852], [0.12931893379232717, 0.41515831897999766, 0.20676789559538086, 0.24875485153229432], [0.1375695338345516, 0.18391996894308482, 0.6122716159844805, 0.06623888113788307], [0.12821659444480468, 0.6908475755954355, 0.08965596555766954, 0.09127986430209027], [0.13681995459559423, 0.6454378769515869, 0.1528541698048394, 0.0648879985479794], [0.09610456442105621, 0.073256233474504, 0.6274824878128286, 0.20315671419161124], [0.11018718689693949, 0.06962769147818539, 0.7541000099679732, 0.06608511155690187], [0.17881503857262135, 0.25246123576163626, 0.14374383211607025, 0.4249798934496722], [0.16550896926505296, 0.13213060387718092, 0.6352358384360987, 0.06712458832166747], [0.18646017270787107, 0.5765947274762391, 0.09104207428504787, 0.14590302543084194], [0.21519302310564217, 0.509935986421732, 0.19477145807221677, 0.08009953230040907], [0.11476365536712427, 0.09021599052146984, 0.44745180319532735, 0.3475685508160785], [0.11166727711887117, 0.07742720731094532, 0.76419544514934, 0.04671007032084347], [0.18671646335144074, 0.15868958284994042, 0.1783110605485382, 0.4762828931500806], [0.15376372633826896, 0.11009234188886259, 0.6692190765665315, 0.066924855106337], [0.16788620608807478, 0.6672337401514572, 0.08334956751718113, 0.08153048614328691], [0.19304060502564338, 0.6409969185919011, 0.09003419971979396, 0.07592827656266152], [0.36768705711704186, 0.0863340079374849, 0.3511038835164933, 0.19487505132897998], [0.3463644528177713, 0.08390111845334759, 0.48897967531948516, 0.08075475330939597], [0.5216704839693096, 0.12620755102896225, 0.1319317727522543, 0.2201901921494738], [0.46555963500820846, 0.11708579298491995, 0.3302986646135559, 0.08705590729331569], [0.5748436025653704, 0.16637328761264775, 0.11413292925804742, 0.14465018046393438], [0.5846571660355468, 0.16653368620993722, 0.13782053568383298, 0.11098861197068292]], "ideal": "C", "sampled": "D", "correct": false}}
{"type": "result", "data": {"idx": 5, "options": ["to develop a vision statement", "to interpret trends for management", "to interpret the organization's business plan", "to consider the role public relations might play"], "probs": [[0.20294629035350756, 0.25406405327163645, 0.21576364336240342, 0.32722601291245257], [0.187356389115356, 0.27448089681141524, 0.24984960628709896, 0.28831310768612983], [0.1603589784564227, 0.175895747058829, 0.3818294901345842, 0.2819157842501641], [0.14059551058793782, 0.1509715765563674, 0.25856277344025397, 0.44987013931544084], [0.12398071401100257, 0.14927851929842964, 0.4360969895269932, 0.2906437770635746], [0.114042056876311, 0.12913328215480027, 0.25472849225345334, 0.5020961686154354], [0.30111914421409486, 0.13339325585531528, 0.23973159132390615, 0.3257560085066837], [0.2892852041049038, 0.13238030276225515, 0.26517894071135717, 0.31315555232148384], [0.3795289340305938, 0.19482561653654173, 0.15906868636405203, 0.26657676296881244], [0.4021808178292914, 0.1983841939478746, 0.3030182922117232, 0.0964166959111108], [0.3175814544116207, 0.19382341781774326, 0.15814568572089185, 0.3304494419497441], [0.4329342076623893, 0.22382336029625932, 0.24423610399414847, 0.09900632794720285], [0.27418688345472286, 0.1454658082796574, 0.3205399262665036, 0.2598073818991161], [0.26081360549763627, 0.13755505400511692, 0.3026628629260876, 0.29896847747115923], [0.3803930508944307, 0.22469699229717333, 0.14978607890217183, 0.2451238778062241], [0.3925907909477557, 0.2228755056635187, 0.29814577099679673, 0.08638793229192883], [0.3084066303781208, 0.20075396299601628, 0.15866065496588583, 0.33217875155997706], [0.4217624852427401, 0.23022193743468553, 0.25525734967081315, 0.09275822755176116], [0.19719911501219814, 0.161987356616184, 0.3351082653265584, 0.30570526294505945], [0.18487030816823202, 0.1474594517637688, 0.27100107878720014, 0.39666916118079903], [0.22953930836914324, 0.2102339596871004, 0.15014906449826704, 0.4100776673454893], [0.31006212633450075, 0.26651145813878024, 0.31933288335589083, 0.10409353207082814], [0.19997718034106995, 0.18805821798524855, 0.1473283811460146, 0.4646362204276669], [0.3315213496829841, 0.2827004982732472, 0.28522514231537327, 0.10055300962839538]], "ideal": "B", "sampled": "B", "correct": true}}
{"type": "result", "data": {"idx": 6, "options": ["When victims of abuse remain silent about the abuse", "When people hide their opinions if they do not agree with the majority", "When people hide their opinions if they are in disagreement with their close peers or family members", "When public relations uses opinion poll results to generate support for a particular issue"], "probs": [[0.08080986946616514, 0.7914359627724699, 0.10174606070205904, 0.026008106959305943], [0.06681999241615155, 0.5902492777198305, 0.05220121847845408, 0.29072951128556385], [0.08896914091128216, 0.7868313226690594, 0.10120711540146256, 0.022992420918195887], [0.08161577931346004, 0.5661489688786341, 0.050852605467852446, 0.3013826462400534], [0.06587292440758223, 0.1051784679068566, 0.7115137987525195, 0.11743480883304167], [0.04941196605946558, 0.09010904717817443, 0.7764288562265523, 0.0840501304358076], [0.43649048584411276, 0.1505826745161931, 0.38017521154450634, 0.032751627995187785], [0.4631493531883629, 0.16609626449896026, 0.062298806151890845, 0.308455576060786], [0.7836498004284436, 0.13258509789464581, 0.05814866638674248, 0.025616435190168117], [0.7366830850789998, 0.16917929263152007, 0.04065156018920575, 0.05348606200027435], [0.4172020256102116, 0.11220914124320414, 0.12159499524807915, 0.3489938377985052], [0.42519221785023703, 0.12955046609758145, 0.3674668803085883, 0.07779043564359323], [0.212614633295994, 0.15195704900146859, 0.5945916151086756, 0.040836702493861794], [0.27862055352318094, 0.14889591106308267, 0.07061478810564394, 0.5018687472080925], [0.5664913558795387, 0.3319931570333202, 0.07617039104993849, 0.025345095937202557], [0.507933637401593, 0.39176978282239705, 0.04698044998766418, 0.05331612968834576], [0.28774201223933665, 0.10252263166797213, 0.1450187531336943, 0.4647166028589969], [0.18985123789012895, 0.10996399736821719, 0.611248846207165, 0.0889359184344888], [0.05403200647284651, 0.09934043402190397, 0.7266780381414253, 0.11994952126382423], [0.043548658161363316, 0.08657324248749607, 0.8002850948942726, 0.06959300435686808], [0.05799776666032287, 0.7121903869088437, 0.0644237694660085, 0.1653880768648249], [0.05886286605669855, 0.7942986225486478, 0.10209202407520558, 0.04474648721944807], [0.046078646697016876, 0.8299421954091618, 0.05322101885959942, 0.0707581389342219], [0.04921384698646743, 0.8456900964480177, 0.07184942516583066, 0.03324663129968419]], "ideal": "A", "sampled": "B", "correct": false}}
{"type": "result", "data": {"idx": 7, "options": ["Research and evaluation", "Strategy and evaluation", "Strategy and implementation", "Objectives and implementation"], "probs": [[0.3915698884269909, 0.2043522030559304, 0.1864854572003182, 0.21759245121676046], [0.3205142521384442, 0.18944021492970375, 0.13792785589722797, 0.3521176769346241], [0.2861704570688307, 0.14459693645874505, 0.4334295754212272, 0.13580303095119703], [0.35395002545900395, 0.209159348212964, 0.18224609035631284, 0.2546445358717192], [0.2715603885575596, 0.14621634126260483, 0.23066373626084377, 0.3515595338189918], [0.28781581779867615, 0.15489812655384466, 0.3317011991318522, 0.22558485641562698], [0.35602943697123285, 0.22065834195158202, 0.21602288852064253, 0.20728933245654257], [0.30340784785097635, 0.17947892842882182, 0.16760103402845933, 0.3495121895917425], [0.35720551542652174, 0.2145465793178496, 0.2235535118289779, 0.20469439332665074], [0.3580999649911678, 0.21666509953968804, 0.2970114084473005, 0.12822352692184366], [0.2811941969825286, 0.15134739286264623, 0.1947775450021483, 0.37268086505267684], [0.1891231834699335, 0.1083256304155743, 0.6113857626303593, 0.09116542338413297], [0.25954122395146084, 0.11045182417332604, 0.5008440836134326, 0.12916286816178058], [0.41993409868248516, 0.1369786925787625, 0.2061893667855683, 0.23689784185318408], [0.48587438543501216, 0.1942671421412785, 0.14583224677581116, 0.17402622554789823], [0.5008630156016166, 0.1908624470043055, 0.2256540059817681, 0.08262053131230984], [0.4651584610889152, 0.2259536084784927, 0.09981031790649524, 0.2090776124260969], [0.5299800914007872, 0.2512865512545025, 0.14037907775553496, 0.07835427948917531], [0.33469905947230477, 0.1360286900856858, 0.189238366626079, 0.3400338837159304], [0.3084158897091486, 0.13540743290023946, 0.37244135137648265, 0.18373532591412922], [0.3546629600567051, 0.1509754978114712, 0.14784552375753743, 0.34651601827428624], [0.1776818444175248, 0.10097604763296678, 0.6408743118403509, 0.08046779600915753], [0.4120335135954421, 0.2800701960667367, 0.10754455280512068, 0.2003517374327005], [0.4779751407169562, 0.2800757053231299, 0.15041543878039326, 0.09153371507952064]], "ideal": "A", "sampled": "C", "correct": false}}
{"type": "result", "data": {"idx": 8, "options": ["Defining the program", "Planning the program", "Taking action and implementing ideas", "Evaluation of the program"], "probs": [[0.4153816688106071, 0.36074716141586394, 0.12189856752290003, 0.10197260215062891], [0.43068056424001405, 0.37661298718742536, 0.09105211426431349, 0.10165433420824713], [0.1816874918411405, 0.08310838911757853, 0.659855137101217, 0.07534898184006399], [0.24257109739656219, 0.09798390432332336, 0.15424721282316448, 0.50519778535695], [0.18480691838168453, 0.07452476380263566, 0.6709175951374466, 0.06975072257823321], [0.23921288483211708, 0.08861950567190807, 0.1581389104052542, 0.5140286989907206], [0.47190149207458104, 0.2623157720805419, 0.13953680872902224, 0.12624592701585477], [0.5059233608886339, 0.2744415863741129, 0.09738132192003388, 0.12225373071721929], [0.2881559090302931, 0.1369538137633667, 0.3968894124097691, 0.17800086469657111], [0.3153876300874594, 0.1409366533717134, 0.15495738049964608, 0.3887183359411811], [0.3227944195988746, 0.09892156342625703, 0.4078824671651261, 0.1704015497097422], [0.299816512290585, 0.10927521192064656, 0.16560679302332465, 0.4253014826654438], [0.12435458788427274, 0.17247023405778214, 0.6220602114445685, 0.08111496651337664], [0.1602855574839298, 0.12075362738493653, 0.11459679558928851, 0.6043640194418451], [0.17750208906909198, 0.3906783911687467, 0.31421850938119056, 0.11760101028097074], [0.18388228647676086, 0.20160940726122403, 0.11160665912371447, 0.5029016470383006], [0.10855113794724784, 0.07216912561059362, 0.28148389069516866, 0.5377958456469899], [0.11045504771763634, 0.07760720243300785, 0.5437180005855288, 0.268219749163827], [0.15066967790803365, 0.16643111282091652, 0.6052094056208999, 0.07768980355014996], [0.18403591488005028, 0.14093841820944245, 0.13895793464817707, 0.5360677321623302], [0.19757879606070786, 0.5759253904268578, 0.16519905071248864, 0.06129676269994569], [0.18895487708501515, 0.46463090041343663, 0.11206780366514339, 0.23434641873640483], [0.12557846306498732, 0.07980114220774864, 0.2942490577403505, 0.5003713368869136], [0.13259875377882477, 0.08364665258147347, 0.6086490568312602, 0.17510553670844156]], "ideal": "B", "sampled": "B", "correct": true}}
{"type": "result", "data": {"idx": 9, "options": ["ingratiation", "downplaying", "distancing", "nonexistence"], "probs": [[0.2364879924869086, 0.17419327274627183, 0.17246499141920543, 0.41685374324761415], [0.21908098783509075, 0.1565235876362499, 0.44889000722583466, 0.17550541720282464], [0.24603803796379353, 0.16763156409610605, 0.14881799732284673, 0.43751240051725365], [0.23131782959595057, 0.17064879578658937, 0.4183995660959572, 0.17963380842150284], [0.2883274681084632, 0.37897492172654057, 0.14262478692149688, 0.19007282314349935], [0.2940674380057917, 0.3866873921560882, 0.1572569883121204, 0.1619881814259996], [0.22856219791755886, 0.16950704660827742, 0.1665881921657686, 0.4353425632083951], [0.21134928726975746, 0.14972252696082258, 0.46441243690339484, 0.1745157487660251], [0.2322292237254512, 0.15939994089797035, 0.14473156433430476, 0.46363927094227364], [0.22869348523714042, 0.16336610911643012, 0.4292760192918655, 0.178664386254564], [0.25065302472807277, 0.3166889500794677, 0.17869533330359255, 0.253962691788867], [0.2865247428130681, 0.34047117825918105, 0.15421605108626296, 0.2187880277414879], [0.2382916318368278, 0.1562487999751841, 0.15819901933573785, 0.44726054875225024], [0.22444494248507155, 0.14869494352455204, 0.45269963533371926, 0.17416047855665714], [0.23413074711993737, 0.14992474464838745, 0.14824299954609807, 0.4677015085855771], [0.2376764083017196, 0.15368516512637542, 0.4394514196753423, 0.16918700679656265], [0.2643306811734352, 0.35910367427001033, 0.16126319524131097, 0.21530244921524347], [0.2851528099570862, 0.36682168986012387, 0.14312670483677653, 0.20489879524601343], [0.39592644598649074, 0.23835262368079013, 0.15809898389047528, 0.20762194634224387], [0.4062977190626041, 0.24845381087835747, 0.16598658762782414, 0.17926188233121432], [0.383772747944933, 0.21884223304775466, 0.17106901872246014, 0.22631600018485218], [0.43744418393504064, 0.22027169342987252, 0.15536660518483716, 0.18691751735024972], [0.40093232385087635, 0.23978001295105852, 0.16013451693239517, 0.19915314616566995], [0.4464888274223158, 0.23015382883631383, 0.14108505843659033, 0.18227228520477998]], "ideal": "B", "sampled": "D", "correct": false}}
{"type": "result", "data": {"idx": 10, "options": ["It hasn't", "Doubled", "Tripled", "Quadrupled"], "probs": [[0.25322827316928415, 0.23185215542602405, 0.3318025420005734, 0.18311702930411836], [0.20974316013359423, 0.21415752489448098, 0.3238199699170418, 0.25227934495488297], [0.22517943715554897, 0.22277428539513458, 0.3396533181872061, 0.2123929591621103], [0.2333273932107089, 0.24566921981191162, 0.22697583314104813, 0.2940275537363314], [0.19788498569022078, 0.22709989070557998, 0.3515834369121622, 0.223431686592037], [0.21143888250023038, 0.24273597063283617, 0.3162092911316044, 0.22961585563532902], [0.3419644985139163, 0.2001355975726799, 0.2868022450578516, 0.17109765875555216], [0.2983412697860091, 0.1873636813667259, 0.27926283655856643, 0.23503221218869855], [0.3045232800976905, 0.2827542637675098, 0.2554221076882135, 0.1573003483465862], [0.2927954029503657, 0.26585195654290567, 0.20691337614285285, 0.23443926426387574], [0.28299910248964916, 0.2862578374793648, 0.21292592900241922, 0.21781713092856683], [0.2653736252928728, 0.23349911668049167, 0.30471892069865625, 0.19640833722797932], [0.28375666907934954, 0.16357420139503584, 0.3688487355213756, 0.18382039390423907], [0.32546591270491365, 0.186003369282907, 0.1934129268719122, 0.29511779104026714], [0.2786509650868034, 0.3537471539360119, 0.19391105778198878, 0.17369082309519585], [0.2789261299252812, 0.3226846110098047, 0.18530219515344892, 0.2130870638114651], [0.2984541147188148, 0.21074382096638328, 0.1934073922860153, 0.29739467192878666], [0.24148286516810313, 0.1507212199012534, 0.4098828075433748, 0.19791310728726863], [0.27985543426837556, 0.15276074635588507, 0.33631304404223095, 0.23107077523350844], [0.31627678867992015, 0.1659800261093099, 0.2800860106664952, 0.23765717444427475], [0.28195596158599534, 0.3442093482896596, 0.173079329310623, 0.20075536071372202], [0.28881546852084683, 0.2972815632522848, 0.2296172827252606, 0.18428568540160775], [0.3061864421387264, 0.27132356568429983, 0.18493502115747248, 0.23755497091950128], [0.2804796737223477, 0.21621831081460854, 0.3097184346264593, 0.1935835807365844]], "ideal": "C", "sampled": "B", "correct": false}}
{"type": "result", "data": {"idx": 11, "options": ["They both require research monitoring.", "They both deal with acute risks.", "New organizational practices are developed as a result of each.", "Both have the potential to damage an organisation's reputation."], "probs": [[0.17582151291996362, 0.2862116098117719, 0.24168378112283478, 0.2962830960454297], [0.18909697232739614, 0.2823779284671693, 0.299200177162768, 0.22932492194266657], [0.16265641151232169, 0.16836975513205066, 0.40549185868023024, 0.2634819745753974], [0.17646750543040396, 0.16614420462758572, 0.30665355460775684, 0.35073473523425347], [0.19095949542163307, 0.21696801158153922, 0.36765884801557414, 0.22441364488125354], [0.1857862825740244, 0.21775693348128386, 0.22694993693198023, 0.36950684691271146], [0.22888257630335873, 0.1857908749003083, 0.27541620767713093, 0.309910341019202], [0.24561529617192016, 0.18868241639985056, 0.33753587786351263, 0.22816640946471664], [0.2468403205970353, 0.23436506881858504, 0.21218975743944204, 0.3066048530449376], [0.25474446250202526, 0.19888856412303677, 0.31870829106039705, 0.2276586822145409], [0.2798615056017097, 0.2593643924429274, 0.22596734423214518, 0.2348067576232177], [0.2567235269397599, 0.2325504009573129, 0.2662288287943929, 0.24449724320853428], [0.1888966475731491, 0.16751570249093642, 0.3392233696587891, 0.3043642801771254], [0.19336359777196577, 0.15829982333685927, 0.3035201818496506, 0.3448163969415243], [0.19738422939960196, 0.27974696694138274, 0.2048891243928319, 0.3179796791661834], [0.21163970545261226, 0.24457453553279077, 0.30037764159384134, 0.24340811732075562], [0.21469024991793914, 0.20238850707193146, 0.21757189603102212, 0.3653493468791073], [0.21118814926437424, 0.1871318789066717, 0.3588085716781542, 0.2428714000507998], [0.23207646951852784, 0.17295851069387505, 0.3616162890075076, 0.2333487306800895], [0.22883906491073194, 0.1759648997592005, 0.23530400848884772, 0.35989202674121984], [0.2537495233423507, 0.30461568091171143, 0.21134211435800523, 0.2302926812879326], [0.252131607326513, 0.271565790870961, 0.23992609617805163, 0.23637650552447437], [0.23896751583309894, 0.19118341231867916, 0.21696070677969737, 0.3528883649685245], [0.22827345600199275, 0.1676087602384227, 0.3816109724731167, 0.22250681118646784]], "ideal": "B", "sampled": "B", "correct": true}}
{"type": "result", "data": {"idx": 12, "options": ["1917", "1922", "1925", "1927"], "probs": [[0.21777794279463125, 0.4029616831006217, 0.26433803446906734, 0.11492233953567968], [0.20581206370602181, 0.36946924966650135, 0.27021145415269116, 0.15450723237478564], [0.232182624724547, 0.34824172822858307, 0.297919049192727, 0.12165659775414295], [0.22844534769686434, 0.35079362462240815, 0.27968531427439675, 0.14107571330633079], [0.23013572221082038, 0.3820427031280816, 0.2709403911637001, 0.11688118339739788], [0.24601523759002444, 0.39881733353037013, 0.2516261357683604, 0.10354129301124503], [0.49314614758070524, 0.2142328156746313, 0.21288704711389267, 0.07973398953077077], [0.4676310717591909, 0.2113496213940033, 0.2200292199630053, 0.10099008678380053], [0.4653068815101805, 0.2700652201953565, 0.1787088973545306, 0.08591900083993238], [0.46198729020198137, 0.25579366275936705, 0.19956465212170885, 0.08265439481694271], [0.4457367425699549, 0.2754937862444362, 0.1794426943472974, 0.09932677673831151], [0.4428164396548651, 0.25311474480990165, 0.22723829879644267, 0.07683051663879055], [0.40553514936876595, 0.2014997541255988, 0.2981656700621203, 0.0947994263435149], [0.4409544268022842, 0.21397902547616585, 0.23708005777044697, 0.10798648985110297], [0.4568127129277697, 0.30288961752373206, 0.15119366458925887, 0.08910400485923939], [0.44531458611803565, 0.2862633466434318, 0.19696478543696094, 0.07145728170157162], [0.42955973640287054, 0.2850135159589071, 0.1743036029219103, 0.11112314461631202], [0.43794532257205704, 0.24459054484717463, 0.2449515701939923, 0.07251256228677604], [0.4137116526291186, 0.19459576137637338, 0.27681199744600565, 0.11488058844850244], [0.48450635591208707, 0.20408422239389806, 0.22260434099188958, 0.08880508060212527], [0.4498888022731192, 0.28687972254983346, 0.1597915166425582, 0.10343995843448914], [0.4435066149501535, 0.2698510687472929, 0.21548230256527184, 0.07116001363728176], [0.460212674242336, 0.2779440262788942, 0.1584389346795867, 0.10340436469918314], [0.48371302355886747, 0.24958528203874497, 0.19932940303285301, 0.06737229126953455]], "ideal": "B", "sampled": "B", "correct": true}}
{"type": "result", "data": {"idx": 13, "options": ["270", "600", "2,800", "5,200"], "probs": [[0.1991181760433058, 0.22618166621069788, 0.44426878288127347, 0.1304313747647228], [0.2349115907910993, 0.26861646768744807, 0.3542271852139059, 0.14224475620754676], [0.23789753371925698, 0.3108047292935692, 0.324108217983442, 0.12718951890373176], [0.22722360150890836, 0.27217936107507457, 0.3792071285582789, 0.12138990875773813], [0.24380204042154602, 0.29219053934218436, 0.3347135087342234, 0.1292939114020462], [0.2484597488530295, 0.27317933059521593, 0.360294173928655, 0.11806674652309955], [0.21163416450734815, 0.33902113110812715, 0.3241682801443294, 0.12517642414019528], [0.21476349552455906, 0.371757274408079, 0.28342327895047154, 0.1300559510168904], [0.19817552720354867, 0.49594364697952065, 0.19909549505897098, 0.10678533065795971], [0.1868242793982772, 0.3845204154711613, 0.3376838338100402, 0.09097147122052134], [0.20720437321382257, 0.42959329801669266, 0.25499436446705376, 0.108207964202431], [0.20439828321086972, 0.36842729539681873, 0.3283942839653435, 0.09878013732696805], [0.3643823157070583, 0.22095751101675865, 0.27790167096751467, 0.13675850220866836], [0.32739476638914955, 0.1953572826823367, 0.3808479706119936, 0.09639998021652013], [0.30314367554816546, 0.26142534221440944, 0.29478165065109885, 0.14064933148632625], [0.3176934993121214, 0.24354640955615614, 0.3501405689504737, 0.0886195220812488], [0.3014554409570146, 0.4352043477572993, 0.18186801534252484, 0.08147219584316126], [0.29238857360776993, 0.4156463064547288, 0.20306644900694215, 0.08889867083055912], [0.3217836511876457, 0.2506617754841587, 0.27597762796369874, 0.1515769452644969], [0.3105915553116482, 0.227180165984848, 0.35857597298493643, 0.10365230561856736], [0.2872930425678233, 0.2401714986475889, 0.3166016026956579, 0.1559338559889299], [0.2940273793037542, 0.22380503342878824, 0.39411281360878836, 0.0880547735586692], [0.3177709995552149, 0.42116721049087674, 0.1745367562051206, 0.0865250336487878], [0.300334197232838, 0.37998533960444636, 0.21697005824243584, 0.10271040482027982]], "ideal": "C", "sampled": "C", "correct": true}}
{"type": "result", "data": {"idx": 14, "options": ["Enabling", "Functional", "Normative", "Diffused"], "probs": [[0.2786858206121211, 0.20181442207230496, 0.21532701916301283, 0.30417273805256106], [0.30433348984455605, 0.21708335176422852, 0.23352503872413463, 0.2450581195670808], [0.21003379626314433, 0.1212703115951769, 0.5125732359971528, 0.15612265604452596], [0.29055764402351997, 0.14123349959530232, 0.20273511995627325, 0.3654737363249045], [0.2272008264315164, 0.1148597849665269, 0.4523671673412207, 0.205572221160736], [0.3141580538890272, 0.1456329394165432, 0.15427713205370114, 0.38593187454072847], [0.34671040849332296, 0.13121057849986675, 0.19120531987416034, 0.3308736930326499], [0.3519890956525048, 0.13009259297280842, 0.2760857384537601, 0.24183257282092663], [0.3735551516006719, 0.14351881618247841, 0.1804118141658358, 0.3025142179510139], [0.36562730512661085, 0.13830219826070167, 0.2959914339480987, 0.2000790625645888], [0.4135818419403234, 0.17175879816842896, 0.15805573524361208, 0.2566036245476356], [0.4331076974270607, 0.1785052242919333, 0.1531423903380318, 0.23524468784297425], [0.22857771854200623, 0.12207916451300652, 0.4444195627705095, 0.20492355407447777], [0.2836989546640819, 0.1358120034741251, 0.22082026958701967, 0.35966877217477333], [0.30628893689099557, 0.2764416717146065, 0.15897489066247522, 0.2582945006319227], [0.32254168868626876, 0.28666383452326155, 0.20689076491448796, 0.1839037117759817], [0.3258986923115977, 0.1523312858042697, 0.1514478108978304, 0.37032221088630224], [0.2479687146897196, 0.12161768790433033, 0.47874235388703434, 0.1516712434189157], [0.1988580301630558, 0.11300745929364818, 0.5165562436750955, 0.17157826676820057], [0.27962507481312404, 0.12459560480037737, 0.16175570556427982, 0.43402361472221873], [0.3019006639983551, 0.2987067788155223, 0.14712030132492326, 0.2522722557611993], [0.310679506587938, 0.30275223831771775, 0.13683097737666716, 0.24973727761767703], [0.31444241187814737, 0.1305834294464198, 0.14722059007510915, 0.4077535685003237], [0.21625720646836916, 0.11367154441860769, 0.5448570047944935, 0.1252142442185296]], "ideal": "C", "sampled": "B", "correct": false}}
{"type": "result", "data": {"idx": 15, "options": ["Audiences are more vulnerable and passive than ever before.", "Television viewing, in particular, creates increased activity in the right hemisphere of the brain.", "Active receivers are not uniformly affected by mass communication messages.", "Technology has led to increasingly passive recipients at the ends of message transmission systems."], "probs": [[0.0927856576717178, 0.12672304256105252, 0.621222454314381, 0.15926884535284877], [0.11932032376347379, 0.10769981729354593, 0.1633601909211802, 0.6096196679218001], [0.13564634928150088, 0.6557502443023036, 0.08120261494909083, 0.12740079136710467], [0.13339227734794074, 0.6202235955919794, 0.1636720634163873, 0.0827120635436926], [0.15000513082728933, 0.15449644508533134, 0.1125294781175269, 0.5829689458698525], [0.12573482844375852, 0.15627376174995766, 0.5872853747785135, 0.1307060349277703], [0.10779207118422664, 0.11306998048284962, 0.5895459607432878, 0.18959198748963588], [0.12874384990500531, 0.10757059498966465, 0.1876569352949917, 0.5760286197103384], [0.13732779126975395, 0.6146375582098069, 0.1106517248538627, 0.13738292556657644], [0.1588589286390291, 0.5797578821442445, 0.12018048285639595, 0.14120270626033044], [0.13675687288755645, 0.10570074653085015, 0.3065363260884494, 0.451006054393144], [0.1381853736390346, 0.12476638704683123, 0.5791512381957237, 0.15789700101841042], [0.6757429485077387, 0.13889902104320065, 0.06589937610790045, 0.1194586542411601], [0.6524028521631924, 0.13844341760311848, 0.12741649814103045, 0.08173723199265871], [0.5933996990221427, 0.12414090986693575, 0.13767981425279585, 0.1447795767581256], [0.558284461442432, 0.12722967563787366, 0.14227738975055804, 0.17220847306913628], [0.6368485092479912, 0.1427568644142445, 0.14541514216399395, 0.07497948407377036], [0.6204191769257718, 0.15390507187895347, 0.08801072548995777, 0.137665025605317], [0.19216751132973148, 0.1721793464303496, 0.11782782129742077, 0.5178253208424982], [0.1623959170538549, 0.15144509888661462, 0.5471122615783156, 0.13904672238121488], [0.15442347070380003, 0.10447817995325727, 0.24342551967175657, 0.49767282957118614], [0.14127245754486908, 0.134688900914565, 0.5782425489181583, 0.14579609252240763], [0.1832470472776672, 0.5721352908246466, 0.16338831579172758, 0.08122934600595864], [0.20657295399320683, 0.5600650613906049, 0.09480570506369772, 0.1385562794524906]], "ideal": "C", "sampled": "C", "correct": true}}
{"type": "result", "data": {"idx": 16, "options": ["A politician", "A house of worship", "A government institution", "A publicly-traded company"], "probs": [[0.2807078063207299, 0.18072617052178333, 0.3503665923721899, 0.18819943068529688], [0.3014313533387449, 0.19100583803225074, 0.3070117785174832, 0.2005510300115212], [0.3065772056273013, 0.26571363208020965, 0.22842164335350823, 0.19928751883898085], [0.30975578616840577, 0.25228942565881, 0.26161266540113604, 0.1763421226716482], [0.32869471585569254, 0.21661872637871615, 0.25074399636014216, 0.20394256130544913], [0.2978851332017232, 0.18031930237632698, 0.3467570995978154, 0.17503846472413437], [0.3277414890315547, 0.1846733308544857, 0.30409784742691653, 0.18348733258704303], [0.33529160405074776, 0.17604111574074843, 0.3110020571038823, 0.1776652230046215], [0.3322774916083008, 0.30414675042627987, 0.1928904738631391, 0.17068528400228028], [0.32581321858246864, 0.28014589605566353, 0.26067144841350626, 0.13336943684836156], [0.35598517521592044, 0.2102104785890916, 0.2552050427898382, 0.17859930330514978], [0.3114857011338794, 0.16759985442272615, 0.38925656592355035, 0.13165787841984408], [0.40101068610397245, 0.18163568999089857, 0.22539978881310788, 0.1919538349920211], [0.3990387022096231, 0.1794419288455812, 0.25424087045034494, 0.16727849839445075], [0.4047057865944248, 0.21272083797829772, 0.19919654428164169, 0.18337683104563576], [0.38569108222578097, 0.2028402418118567, 0.2764426808742807, 0.13502599498808163], [0.4111031415976199, 0.17102900655433917, 0.2559801714158429, 0.161887680332198], [0.40462011129238007, 0.17364816169553213, 0.28333758435825224, 0.1383941425538356], [0.3621736818513747, 0.21736175143574268, 0.24007024226276813, 0.18039432435011443], [0.3308409651532446, 0.19876798393026177, 0.29754402343802405, 0.17284702737846952], [0.3550024839882188, 0.21815620170773245, 0.24863202859252054, 0.17820928561152816], [0.3087546527076957, 0.17292851207911217, 0.3887828290073711, 0.12953400610582103], [0.3468023343574601, 0.27612636313437927, 0.21600822255860028, 0.1610630798495603], [0.3457953786114684, 0.2689264536645208, 0.24795811984256416, 0.13732004778144663]], "ideal": "C", "sampled": "C", "correct": true}}
