{"type": "result", "data": {"idx": 0, "options": ["Offerings", "Prayers", "Apparitions", "Idols"], "probs": [[0.050479634874757776, 0.05328351948822287, 0.06301291661901465, 0.8332239289180047], [0.05359269997494139, 0.0841594313990018, 0.8039423705693233, 0.05830549795673356], [0.077416223135461, 0.0884107624135471, 0.04643220340921225, 0.7877408109417796], [0.05353738592820035, 0.09021464252478478, 0.8159283118544033, 0.040319659592611586], [0.21356762965042908, 0.690001298083002, 0.0403551413329855, 0.05607593083358336], [0.20885794185669862, 0.6966005173783489, 0.058295824095598504, 0.036245716569353964], [0.026882359304680546, 0.07764343786433453, 0.05356307982477664, 0.8419111229062083], [0.0330731182141664, 0.12458481035028833, 0.7920052620868063, 0.05033680924873896], [0.02083892766909176, 0.06362147864114635, 0.15795508250491935, 0.7575845110848425], [0.022103310050810662, 0.07064243689872719, 0.8725734975432635, 0.034680755407198616], [0.04260116379131294, 0.8721890914731882, 0.04962838739214185, 0.03558135724335701], [0.040460509217072095, 0.8561846208353515, 0.04715458036088081, 0.05620028948669553], [0.04288615158110697, 0.10115102376072316, 0.04106674220548453, 0.8148960823526853], [0.044589552857777125, 0.12009458197907229, 0.7941352694651013, 0.041180595598049353], [0.02100196272312645, 0.048448521703922845, 0.35938998884537243, 0.5711595266275783], [0.022961173227870526, 0.05499676919018162, 0.8859986548395663, 0.0360434026423816], [0.0553404848099384, 0.8817948266316341, 0.040352311732911914, 0.022512376725515617], [0.054844091550660626, 0.8417154988975372, 0.03192020892926344, 0.0715202005225388], [0.7237514145973973, 0.1570201174249766, 0.0428500204166402, 0.07637844746098588], [0.7428173645639881, 0.14440695547267857, 0.07019827343961618, 0.042577406423717164], [0.5215960416508582, 0.11684809488332537, 0.22291022209360975, 0.13864564127220674], [0.5665555632913803, 0.09011058770454952, 0.06364531035591231, 0.27968853854815784], [0.7098800207664986, 0.1457219923038342, 0.0960718205501858, 0.048326166279481414], [0.5164900056422339, 0.15719973252034558, 0.045976789856282244, 0.2803334718811382]], "ideal": "D", "sampled": "D", "correct": true}}
{"type": "result", "data": {"idx": 1, "options": ["Daoism", "Yin-Yang School", "Mengzi", "Humanistic Buddhism"], "probs": [[0.37398986696391995, 0.28047232090733565, 0.07267104413398273, 0.27286676789476166], [0.40804857923588905, 0.3236917031312778, 0.12107271970505377, 0.1471869978277794], [0.26512232815240505, 0.11252756583351502, 0.3314666499084564, 0.2908834560056235], [0.22822118313312842, 0.11414856717671175, 0.16623053324565656, 0.49139971634450325], [0.38546419031521895, 0.20834638238450473, 0.28737049452847185, 0.11881893267180448], [0.306065488192558, 0.21917326562437736, 0.10595605407823856, 0.36880519200482603], [0.2724660634722041, 0.29757016894225835, 0.07473078369346992, 0.35523298379206764], [0.3052966548898002, 0.3641415481778195, 0.1542353606928823, 0.176326436139498], [0.1932557018427801, 0.12037495908800154, 0.27364423052780545, 0.4127251084414129], [0.14711068963198823, 0.09023755115578577, 0.11496908104990497, 0.647682678062321], [0.20538790562095036, 0.1123640471855726, 0.4802883922788322, 0.20195965481464484], [0.2139213984596447, 0.12325739777854895, 0.11933959219114423, 0.5434816114706621], [0.14695128359066337, 0.24515413504908276, 0.305792560970228, 0.30210202029002586], [0.1404458367949848, 0.3205099892599739, 0.1468357233160361, 0.39220845052900516], [0.15193358873098528, 0.2739083942239977, 0.287627356278713, 0.286530660666304], [0.1048171183057694, 0.1706157560991589, 0.09282461207085153, 0.6317425134242202], [0.12605019288144226, 0.2187839662447527, 0.2684294363119822, 0.3867364044618229], [0.13408167858692813, 0.2004364609582924, 0.13671879672708054, 0.528763063627699], [0.2541046454386397, 0.3775569374231879, 0.24753840478957834, 0.12080001224859406], [0.2027224511516758, 0.35713882314981416, 0.0808678740440764, 0.35927085155443367], [0.22380482147758612, 0.21138172394687338, 0.41016243050635093, 0.15465102396918956], [0.20833981345507008, 0.21393512506037102, 0.09253612297646885, 0.48518893840809], [0.1658425479961492, 0.1433854698991441, 0.21007879076287425, 0.4806931912418324], [0.1696156126807561, 0.12352045716242935, 0.15340338760125966, 0.5534605424555549]], "ideal": "B", "sampled": "A", "correct": false}}
{"type": "result", "data": {"idx": 2, "options": ["325 CE", "119 CE", "451 CE", "596 CE"], "probs": [[0.14852361600886121, 0.19550554743697543, 0.1529199056609523, 0.5030509307932111], [0.1696582160975093, 0.1837938737839045, 0.5561369838652448, 0.09041092615334141], [0.13158672850624037, 0.10187621261835259, 0.28471064140466895, 0.4818264173707381], [0.1827746818613215, 0.1269205732862049, 0.5416999731893065, 0.14860477156316704], [0.20267014505431127, 0.5147581176654046, 0.18424816702323701, 0.0983235701570471], [0.207994757512313, 0.5332316119939944, 0.117445117838521, 0.14132851255517162], [0.1914692045337836, 0.13160143595211807, 0.16460700086188823, 0.5123223585522101], [0.19281696696686884, 0.11612987916113297, 0.5983226716419963, 0.09273048213000196], [0.16538896169266473, 0.12299262743002326, 0.23644162792931134, 0.4751767828480007], [0.205135422618414, 0.12741964294711247, 0.4994489848442721, 0.16799594949020147], [0.21522607227834634, 0.5501687012087789, 0.14878626387995147, 0.08581896253292325], [0.2332149165130016, 0.5182325878089442, 0.10996284416680745, 0.13858965141124674], [0.1341778377809409, 0.11050024956850625, 0.24824295185238082, 0.507078960698172], [0.16317894566874255, 0.12843638274468946, 0.556718332809616, 0.15166633867695192], [0.1350277899803292, 0.15067856828798515, 0.19599199907047632, 0.5183016425612094], [0.1735542338814228, 0.16585675628955193, 0.5019038690763737, 0.1586851406526515], [0.2217681722557403, 0.4598876559341419, 0.17110296062290528, 0.1472412110872125], [0.22210179762721488, 0.41888061926473164, 0.19715173813085804, 0.16186584487719544], [0.5302371938723779, 0.14930006748956487, 0.22172280978635905, 0.09873992875169818], [0.5957678511458329, 0.15035389250239797, 0.11582384171054957, 0.13805441454121956], [0.501516632662978, 0.2438204251906771, 0.15828789533152957, 0.09637504671481537], [0.4725180495427688, 0.22286906504087575, 0.13064358932494635, 0.17396929599140906], [0.5468177117334702, 0.13595315610072728, 0.1712595943747625, 0.14596953769103999], [0.434663282748408, 0.1304312458375424, 0.24479464454603078, 0.19011082676801883]], "ideal": "D", "sampled": "D", "correct": true}}
{"type": "result", "data": {"idx": 3, "options": ["Akitu", "Wag and Thoth", "Bast", "Nehebkau"], "probs": [[0.9312859592975397, 0.03378701360723823, 0.021530975616699977, 0.01339605137852214], [0.9273419241075931, 0.03479019872808945, 0.02096764525609677, 0.016900231808220634], [0.9358299830241467, 0.032410956432991286, 0.018810782299384186, 0.012948278143477848], [0.9318585875328055, 0.03365880738605159, 0.01937354021639515, 0.015109064764747738], [0.9280860310395183, 0.034273316325534126, 0.02018534424028768, 0.017455308294659917], [0.9336124791979812, 0.03269293042150864, 0.019568659031452787, 0.014125931249057375], [0.05625760203133318, 0.8828800352632269, 0.04227721333929279, 0.018585149266147086], [0.05251906262256514, 0.8866805167608094, 0.036630482842480896, 0.024169937674144545], [0.03420297285443314, 0.046369496112339974, 0.8980774288672437, 0.021350102065983135], [0.033424824721933935, 0.026463234991640237, 0.03053343132230355, 0.9095785088641223], [0.03186497198764003, 0.03155031905735265, 0.9100439256651942, 0.02654078318981305], [0.025691320881481503, 0.023234048464727177, 0.04805568164459095, 0.9030189489092003], [0.05832894164456127, 0.8872737286504714, 0.03447449810659717, 0.019922831498370198], [0.056524013495545, 0.8873785335587367, 0.031685863395275994, 0.024411589450442205], [0.03732564320782763, 0.033004604461122106, 0.9091823746985491, 0.020487377532501194], [0.031832886347501595, 0.02265584858609313, 0.027161113754095974, 0.9183501512123093], [0.02918254995812555, 0.027749674859026408, 0.9212975633805692, 0.021770211702278823], [0.03022704905146516, 0.021793196503336616, 0.028057439929322147, 0.919922314415876], [0.04919474406513103, 0.8811621965687227, 0.04113259400689046, 0.028510465259255807], [0.048283468169648666, 0.8903822849221776, 0.040062944069367445, 0.021271302738806227], [0.02853290230491898, 0.02913622243249001, 0.9166182450924264, 0.025712630070164645], [0.022019844664069258, 0.021041222071340765, 0.050477151198682624, 0.9064617819659073], [0.025136401499732, 0.03821903409845356, 0.9147187334171338, 0.02192583088468056], [0.028473158234745624, 0.023671220103846414, 0.030269329236798627, 0.9175862923246093]], "ideal": "A", "sampled": "A", "correct": true}}
{"type": "result", "data": {"idx": 4, "options": ["Zazen", "Tariki", "Kami", "Ikebana"], "probs": [[0.024430891724010622, 0.041563988114872, 0.05508729866236265, 0.8789178213987547], [0.027666448822588445, 0.054130280836056865, 0.8822616107779954, 0.03594165946335935], [0.030493548875263007, 0.03979561573864239, 0.054841527175150014, 0.8748693081109445], [0.028619423292550843, 0.054277278073089005, 0.8835322194144816, 0.03357107911987854], [0.036038869535329636, 0.8962170831345831, 0.0390962452048849, 0.028647802025202337], [0.03663820602386789, 0.9033081109985732, 0.03703056475566294, 0.023023118121895943], [0.026690025377026468, 0.041947641255751934, 0.059206054711494496, 0.8721562785557271], [0.030324113410364523, 0.0565366426906893, 0.880016236067649, 0.03312300773129719], [0.03406992863392755, 0.04237285177036488, 0.04245944241644079, 0.8810977770792667], [0.027755751632905872, 0.05386211228307543, 0.8910105046395712, 0.027371631344447433], [0.03623867257299022, 0.9084578713967228, 0.03086112629018784, 0.024442329640099108], [0.031582316243100324, 0.9178034677084682, 0.03268680886718191, 0.01792740708124952], [0.03265180616339524, 0.03791562241439615, 0.04909765054702623, 0.8803349207751824], [0.032840734616625636, 0.054581449512302864, 0.8813842703340389, 0.031193545437032594], [0.038447362151759666, 0.0402971811607636, 0.0361719436194328, 0.8850835129680439], [0.028154907063533838, 0.04901058852715625, 0.8969402095146909, 0.025894294794619042], [0.038055462597474485, 0.918091457309025, 0.02447382283594053, 0.019379257157559983], [0.03347192908536811, 0.922280861155879, 0.027207041650915906, 0.017040168007836913], [0.9547999099856961, 0.020356897679777764, 0.012379474258999525, 0.012463717975526596], [0.9581472126808765, 0.020584742563801686, 0.011674752070087974, 0.009593292585233745], [0.9544714226531006, 0.022167266681524994, 0.011096095366751046, 0.01226521519862341], [0.9551339744510311, 0.0227002552882579, 0.012680392571002948, 0.00948537758970802], [0.9600853105506025, 0.021122182067530106, 0.009405110985177784, 0.009387396296689504], [0.9579205877817125, 0.02206769483388028, 0.011220769452719695, 0.008790947831687462]], "ideal": "D", "sampled": "D", "correct": true}}
{"type": "result", "data": {"idx": 5, "options": ["Harmony and balance", "Devotion and piety", "Love and passion", "Goodwill and love"], "probs": [[0.20188545877873468, 0.4120919642618676, 0.0813518303349946, 0.3046707465244031], [0.2192452370029668, 0.3936431680965555, 0.2723115459152914, 0.11480004888518633], [0.10391202519695121, 0.05880079067064751, 0.5323388932936274, 0.3049482907387739], [0.17263057750924932, 0.06641468204312101, 0.3969613340589907, 0.36399340628863897], [0.24457364907540446, 0.34992780756538905, 0.26590010124915053, 0.13959844201005592], [0.29778416166998384, 0.4398074483546422, 0.06876380331044377, 0.1936445865649302], [0.19932018520506686, 0.45013699228214044, 0.08096223586213183, 0.26958058655066086], [0.20693878108200744, 0.38937981383258774, 0.2960305323912159, 0.10765087259418887], [0.09127347139378188, 0.059452407981845194, 0.6303254262354738, 0.21894869428889907], [0.12837901184106143, 0.05875406545448345, 0.35379095412344674, 0.4590759684810084], [0.15955155428289933, 0.15567899560677617, 0.570231884598506, 0.11453756541181848], [0.19261434528827986, 0.2734601775025539, 0.07335559223338847, 0.4605698848757777], [0.08135562528186895, 0.3403747721886921, 0.3676778697839857, 0.2105917326454532], [0.08146355967973003, 0.40734279509859894, 0.2837068074715661, 0.22748683765010488], [0.06814868053223196, 0.1549839984841931, 0.5331897178741796, 0.24367760300939542], [0.07231600474117235, 0.24863421543981476, 0.2722729105636462, 0.4067768691553667], [0.07334768279557227, 0.11157572265208476, 0.6229220210413716, 0.19215457341097134], [0.07685867180230549, 0.12855339432126406, 0.40788827557920304, 0.3866996581972274], [0.22659764645834937, 0.4006454884028194, 0.24834015232760465, 0.1244167127112266], [0.19514659808313695, 0.5563968212198321, 0.07612036629301681, 0.17233621430401408], [0.13630668919143984, 0.11197725765760484, 0.6459580707348002, 0.10575798231615516], [0.16947705031863536, 0.1816807429799108, 0.0889058358040455, 0.5599363707974083], [0.08544493402099791, 0.05416960973369582, 0.7091005390985464, 0.1512849170467598], [0.09900264772909227, 0.05012406203810517, 0.39039008134242625, 0.4604832087903763]], "ideal": "A", "sampled": "A", "correct": true}}
{"type": "result", "data": {"idx": 6, "options": ["Shabad", "Khalse", "Nam", "Guru"], "probs": [[0.9415253102169243, 0.024042690591675114, 0.020362120191333717, 0.014069878900066862], [0.9365560059649928, 0.02547012335660739, 0.022235058825643896, 0.01573881175275593], [0.9464600528117922, 0.022879302550854755, 0.017785106307227447, 0.01287553823012556], [0.9518744474728104, 0.021490990052623626, 0.018723889259270772, 0.007910673115295285], [0.9341620245141216, 0.02560918066488828, 0.020995913682512104, 0.01923288103847811], [0.9547237686538758, 0.02040816701706522, 0.017642118673555415, 0.007225945555503644], [0.1185153455526607, 0.7150247282757584, 0.1053630513500908, 0.06109687472149009], [0.11980499205758384, 0.6900155903462164, 0.10895723671643628, 0.08122218077976345], [0.06809057430922398, 0.07833834781414559, 0.7864446532138338, 0.06712642456279658], [0.09200589700635227, 0.06826947883092684, 0.11878412658219292, 0.7209404974805279], [0.09298209966654418, 0.09097790107114469, 0.6875177756183767, 0.12852222354393447], [0.09440568580905132, 0.06889306367432162, 0.10341989787333612, 0.733281352543291], [0.22500410608585886, 0.6450264265691282, 0.06848344639830384, 0.06148602084670905], [0.21118688423915663, 0.6618208239175108, 0.08853573285248846, 0.03845655889084403], [0.12786689256491857, 0.060802187085007474, 0.7479933415947153, 0.06333757865535862], [0.22213628140562627, 0.05305888308624051, 0.09592431359270168, 0.6288805218154315], [0.1622335880416525, 0.08248337203774227, 0.7000153529686195, 0.055267686851985694], [0.24251100057157182, 0.06255616153812454, 0.06556299230451915, 0.6293698454857845], [0.15691097867807824, 0.681552021961959, 0.09072824906120279, 0.07080875019876003], [0.1426970532795702, 0.7258781302125281, 0.09880492982479723, 0.032619886583104406], [0.094946478094656, 0.06039210578370806, 0.7717718818535505, 0.07288953416808537], [0.12848369440870427, 0.055513481087667696, 0.1087978453766352, 0.7072049790269929], [0.07349239015245178, 0.0629088557110084, 0.8233112981348724, 0.040287455901667414], [0.13266795123539116, 0.051321237416717846, 0.0630195697531174, 0.7529912414947736]], "ideal": "A", "sampled": "A", "correct": true}}
{"type": "result", "data": {"idx": 7, "options": ["Muhammad's miraculous ascent to heaven", "Muhammad's migration to Mecca", "Muhammad's first community in Mecca", "Muhammad's revelations of the Qur'an"], "probs": [[0.8461502786741817, 0.09281549689923994, 0.035374951835447276, 0.025659272491131115], [0.8469077663359927, 0.09368794759498744, 0.03922378790074949, 0.02018049806827033], [0.8316556733047077, 0.09192854079496474, 0.049773793199022906, 0.026641992601304697], [0.8064975046698307, 0.09725231588105164, 0.049053921812933, 0.047196257536184644], [0.8454254909692693, 0.08715542581841532, 0.043677185604262356, 0.02374189750805302], [0.8383907544716458, 0.08511028025845016, 0.03676173928719878, 0.03973722588270527], [0.08235237601984466, 0.8498995577175115, 0.0435013537753113, 0.024246712387332593], [0.09251655374746129, 0.8362948733779755, 0.045188883809117016, 0.02599968896544621], [0.06569560812339693, 0.09820530855285484, 0.8026972651482779, 0.03340181807547033], [0.05347588671743332, 0.06021086094747569, 0.0747081512706274, 0.8116051009644636], [0.061895825618353426, 0.0953649647883117, 0.8105401969645395, 0.03219901252879539], [0.06052989761053553, 0.05563527634192434, 0.06642031124595625, 0.8174145147015839], [0.09589534573437251, 0.8088040026185097, 0.06067497858571289, 0.03462567296140485], [0.09948758294337422, 0.7948022691245399, 0.057328888773036414, 0.04838125905904952], [0.061961810273040915, 0.09784397793877453, 0.8056015645743168, 0.03459264711386777], [0.05019355806446716, 0.056517040740190434, 0.06957433190611025, 0.8237150691892321], [0.05823427940846407, 0.08638373954588023, 0.8119681062177291, 0.04341387472792665], [0.050107371235694316, 0.047167703891349874, 0.07394308072737073, 0.8287818440455851], [0.10583123957913931, 0.8114430013770163, 0.05251760603400432, 0.030208152909840028], [0.09892418558204884, 0.8075340665758061, 0.04946830285062223, 0.04407344489152288], [0.05706565262704075, 0.08867504149505598, 0.8206299267422484, 0.033629379035654876], [0.05707866953094244, 0.05544818440038631, 0.06714898647362486, 0.8203241594950463], [0.06650086489782046, 0.0806052849292562, 0.8059431618327665, 0.04695068824015679], [0.05616422934430296, 0.04929952818812388, 0.08156355544934624, 0.8129726869182269]], "ideal": "A", "sampled": "A", "correct": true}}
{"type": "result", "data": {"idx": 8, "options": ["Laws of Dharma", "Laws of Karma", "Laws of Vishnu", "Laws of Manu"], "probs": [[0.07327379149073404, 0.05137601026051057, 0.0526360636033369, 0.8227141345454185], [0.03824284128866841, 0.05244972321836421, 0.8824700913826758, 0.026837344010291482], [0.06441305529119377, 0.0469551827938452, 0.0627028415833084, 0.8259289202316527], [0.030523270606477384, 0.041836819696642887, 0.9037818934608411, 0.023858016136038544], [0.061175724901687635, 0.8894346090796237, 0.03147898358831118, 0.01791068233037754], [0.061273926100526156, 0.8908624266504056, 0.02655606044043767, 0.021307586708630553], [0.08010192213692414, 0.14135705106809437, 0.05001223738622501, 0.7285287893087565], [0.03767170018637407, 0.11637724211463572, 0.815321625716145, 0.03062943188284529], [0.030707601022052437, 0.0463047756909084, 0.36388959191311826, 0.5590980312739209], [0.02268335891977276, 0.033059022208978904, 0.882829696054885, 0.06142792271636334], [0.057830707956452974, 0.8761056325783106, 0.04940330383889478, 0.016660355526341576], [0.06645124080735186, 0.6174058112476969, 0.04455996959031871, 0.27158297825463257], [0.08373852350441481, 0.10068031581898275, 0.0539095408838606, 0.7616716196927419], [0.03562944701509845, 0.08113510039926188, 0.8535846939785331, 0.02965075850710658], [0.03229296459736451, 0.04611967491833552, 0.48822344183767824, 0.43336391854662176], [0.02475145957786998, 0.034989657892391, 0.8573727399262125, 0.0828861425035265], [0.04150171314685353, 0.9130083935497288, 0.029635990021350363, 0.015853903182067242], [0.0528684866103921, 0.7260667925389166, 0.036308361318024465, 0.1847563594326668], [0.9424514113692912, 0.02918837383591211, 0.015027417742575828, 0.013332796952220805], [0.9417477275831339, 0.02827168070176028, 0.012743027790809703, 0.01723756382429615], [0.9207155574955098, 0.029882905584338832, 0.03512207741793025, 0.014279459402221127], [0.5209865550139111, 0.037852980051677344, 0.039076801239975686, 0.40208366359443587], [0.9372777898051113, 0.024641021387622704, 0.022228316340363593, 0.015852872366902384], [0.42051415374266954, 0.03601148126706339, 0.043821690532797074, 0.49965267435747]], "ideal": "D", "sampled": "D", "correct": true}}
{"type": "result", "data": {"idx": 9, "options": ["The Holy Book", "The Narrative", "The Recitation", "The Pillars"], "probs": [[0.17473281397464513, 0.09598377805036765, 0.706293740610371, 0.022989667264616258], [0.25839961535133343, 0.08076413275850315, 0.06861949966979401, 0.5922167521203694], [0.4699713605189418, 0.45604342479654914, 0.058976974542384056, 0.015008240042125006], [0.5103964370663049, 0.42014922037716984, 0.04538211742240854, 0.024072225034116688], [0.2253155974610526, 0.06513113867524113, 0.0715975053624926, 0.6379557584012137], [0.2891345630637302, 0.09853671526868507, 0.5730861446175817, 0.039242576950003084], [0.12626008594069837, 0.10998488134547268, 0.7371809426913022, 0.026574089922526765], [0.1663720669569621, 0.12387129379580838, 0.08068627418837263, 0.6290703649588569], [0.21072517843565736, 0.4920210658942511, 0.27406964366918685, 0.023184111900904712], [0.19533980434886714, 0.4143162466688718, 0.06116581038833617, 0.3291781384939249], [0.0781582217202707, 0.060620998448154925, 0.4347437480473844, 0.42647703168419], [0.07116304817221779, 0.05732922041851608, 0.7450260837738961, 0.12648164753536995], [0.6821976969306583, 0.2526268090603587, 0.04987000724600193, 0.015305486662981043], [0.7119039230090758, 0.22195435851497972, 0.044149614454957964, 0.02199210392098648], [0.38791134588349135, 0.0997034674438273, 0.4848847939624339, 0.027500392610247473], [0.37000160854332675, 0.08062346903734618, 0.060043594830534744, 0.4893313274887923], [0.3736076922817367, 0.0945829890977408, 0.4932363294075695, 0.038572989112953045], [0.31730851527855664, 0.06598173826273089, 0.06021491437548257, 0.5564948319832299], [0.10252830996252871, 0.15770363255971967, 0.07465522435486159, 0.66511283302289], [0.1374797332900453, 0.294253042482126, 0.5182015144842771, 0.050065709643551635], [0.06199782644339755, 0.06519369707505732, 0.5475203929198587, 0.3252880834616865], [0.0580407129373875, 0.0609545193834417, 0.6997496146130235, 0.18125515296614722], [0.14567122054061854, 0.22985891669786046, 0.5844534117816648, 0.040016450879856176], [0.1293387470714489, 0.12635595169991098, 0.06573112602162755, 0.6785741751070126]], "ideal": "C", "sampled": "C", "correct": true}}
{"type": "result", "data": {"idx": 10, "options": ["Mother of Light", "Father of Goodness", "Ineffable Lover", "Eternal Spirit"], "probs": [[0.482799484764918, 0.14116552891408968, 0.22066866516853045, 0.15536632105246181], [0.3890810368429118, 0.1293654162957856, 0.19728659385387043, 0.28426695290743215], [0.51999245519229, 0.2300977787116212, 0.09993971585407681, 0.14997005014201206], [0.4766008484393468, 0.2372916305231442, 0.13023066325329802, 0.155876857684211], [0.40776405645772257, 0.19861166621125698, 0.10730179638017125, 0.2863224808508492], [0.4587405279758394, 0.206277802098195, 0.17533406797279438, 0.1596476018531712], [0.37116258779684574, 0.17968931524611725, 0.24366685382571707, 0.2054812430313199], [0.2855226865636681, 0.14991479440405303, 0.2110735232437095, 0.3534889956885694], [0.4475857781761996, 0.24931576284194407, 0.10895266788677127, 0.19414579099508505], [0.38513578812992305, 0.237478651455775, 0.1486370966095972, 0.22874846370470475], [0.36438773164644983, 0.23389819959143898, 0.10464987469609761, 0.2970641939660135], [0.3909311294164733, 0.2265808880102551, 0.1695169508287667, 0.2129710316445049], [0.414306292216168, 0.24588236759861504, 0.10996584093884815, 0.22984549914636881], [0.35460020164878253, 0.2404100817323744, 0.14814810894879718, 0.25684160757004587], [0.4301068154284387, 0.22865871912443844, 0.11232831244292887, 0.228906152904194], [0.3787712325717778, 0.22644373294430317, 0.16961080592415004, 0.22517422845976898], [0.33571230861596413, 0.14112628784666403, 0.2683479149617438, 0.254813488475628], [0.3816744386768136, 0.16164903341107356, 0.20138610897434533, 0.2552904188377675], [0.28313945455374595, 0.2673666655437013, 0.12222878087302139, 0.3272650989295313], [0.32411443217986885, 0.3008356898473165, 0.16976482658581546, 0.20528505128699917], [0.3428120859695575, 0.25583001587470083, 0.13042206866596168, 0.27093582938978], [0.34576878867453975, 0.25175832198973286, 0.17126052549196166, 0.23121236374376572], [0.30220058107035436, 0.17255885640208604, 0.2715313095844757, 0.25370925284308393], [0.33789863212893795, 0.20537830621205203, 0.18830631303729936, 0.2684167485217106]], "ideal": "B", "sampled": "C", "correct": false}}
{"type": "result", "data": {"idx": 11, "options": ["Bushido", "Shinto", "Nichiren", "Soto Zen"], "probs": [[0.10702978392453943, 0.12010841428355566, 0.4809967422301407, 0.29186505946176416], [0.10922384965361727, 0.1013429608044648, 0.7321991296416002, 0.05723405980031779], [0.13712911672695874, 0.2878333391992005, 0.09074290097214399, 0.4842946430016967], [0.15492240275043134, 0.2956505561357584, 0.4500065210753267, 0.09942051993848354], [0.1845571180785993, 0.5736744785601487, 0.10220477348271283, 0.1395636297785391], [0.1997224047642362, 0.5608160965891522, 0.1740264108448105, 0.06543508770180108], [0.09493650881729963, 0.10241646049386827, 0.42304228814690287, 0.3796047424419292], [0.09579668331475877, 0.0975028810643915, 0.7503033996548556, 0.05639703586599415], [0.12915661977860926, 0.15888543484591092, 0.05778027719344664, 0.6541776680820331], [0.2077376282964895, 0.2355050803937023, 0.5085618354075866, 0.04819545580222161], [0.23641194224666798, 0.3722852738404125, 0.07184069549437667, 0.3194620883185429], [0.3074564520909721, 0.46844802537167424, 0.17029268403538278, 0.05380283840197085], [0.17104785397499755, 0.09545329354424353, 0.13847759570998383, 0.5950212566707751], [0.19638676061513705, 0.11292801291433147, 0.5926868650013499, 0.09799836136918157], [0.1915020317914012, 0.0980597943258604, 0.059765866992370055, 0.6506723067903684], [0.28174455125490966, 0.1268567047715875, 0.5401489359406336, 0.0512498079328692], [0.37536188580557217, 0.2442441215052631, 0.08530200254344243, 0.2950919900457223], [0.49733444688703765, 0.31958458661622796, 0.1154664826337389, 0.06761448376299545], [0.4049976199832695, 0.12152987062855604, 0.18826055665115837, 0.28521195263701604], [0.38929023674947716, 0.13630136168436324, 0.35483433927530206, 0.11957406219085755], [0.5099434852090154, 0.14376950262539356, 0.06689602135942978, 0.27939099070616125], [0.5635611800449349, 0.18811971736607339, 0.19445047546280736, 0.05386862702618429], [0.4805665575935199, 0.19745454043071917, 0.08226887074579996, 0.23971003112996098], [0.6191999523199276, 0.23790980180651647, 0.0877498492128891, 0.05514039656066673]], "ideal": "D", "sampled": "D", "correct": true}}
{"type": "result", "data": {"idx": 12, "options": ["Sangat", "Langar", "Gurdwara", "Panth"], "probs": [[0.028287572293496762, 0.9176016273770602, 0.035747370008921676, 0.018363430220521434], [0.03041380553581168, 0.8709337986244199, 0.0449555604938995, 0.053696835245868886], [0.03254834722552527, 0.03539446137713944, 0.9076434973324627, 0.02441369396487253], [0.06331437188689551, 0.029225800969149358, 0.04379415443682015, 0.863665672607135], [0.03141876095276282, 0.03396123445617044, 0.9040974236318694, 0.030522580859197332], [0.04479846546804283, 0.027809246232181013, 0.0803314637921658, 0.8470608244076103], [0.9709569033948763, 0.01317952734883345, 0.010965656283786004, 0.0048979128725042875], [0.961001589217073, 0.014676574834854633, 0.013405748841401702, 0.01091608700667069], [0.9712073852653107, 0.013500301133675452, 0.0103907936642189, 0.004901519836794931], [0.9672795455062047, 0.014303576184119957, 0.011904102117049889, 0.006512776092625472], [0.9628900777607317, 0.015522333678357002, 0.011856375665728364, 0.009731212795182938], [0.9667799036071679, 0.0153320760338084, 0.01152901162132533, 0.006359008637698304], [0.03408666462656698, 0.03564402246774765, 0.9064579763784502, 0.023811336427235142], [0.06741329482755343, 0.027038299350368198, 0.043119655340164, 0.8624287503819144], [0.038812590559210346, 0.9052760391919823, 0.0370317005547527, 0.01887966959405468], [0.034507178216609466, 0.8842780108423377, 0.050590653627027776, 0.030624157214024995], [0.05401211875859473, 0.028201247968661556, 0.06550764169805993, 0.8522789914746838], [0.038591293823585636, 0.03849690987263673, 0.8985511274730479, 0.024360668730729753], [0.02512865299922436, 0.06054272140413926, 0.8780386407043309, 0.03628998479230549], [0.033028531939320004, 0.049896083953070255, 0.05694995841168322, 0.8601254255959265], [0.02389375612856565, 0.9061661817465676, 0.030929900395584804, 0.039010161629281975], [0.023124942908781556, 0.9264656892492652, 0.03285604500821695, 0.017553322733736255], [0.031904735856469434, 0.0320751976962796, 0.0585433415467363, 0.8774767248005146], [0.026955637274799188, 0.04354636985980012, 0.9058948484380684, 0.02360314432733228]], "ideal": "B", "sampled": "B", "correct": true}}
{"type": "result", "data": {"idx": 13, "options": ["Buddhism", "Daoism", "Confucianism", "Shamanism"], "probs": [[0.18690280238325785, 0.4169197926652621, 0.09083304349664753, 0.30534436135483256], [0.19751540284410993, 0.4009654312421405, 0.0839740664590482, 0.3175450993547014], [0.17655562826549856, 0.09706228681242544, 0.3944358707738108, 0.3319462140482652], [0.1541988860974406, 0.08159416228904592, 0.15109533182581786, 0.6131116196876956], [0.15632060959918978, 0.09661122723695593, 0.4114697391216376, 0.33559842394221673], [0.17433873336773364, 0.13529494806650202, 0.14274844951240614, 0.5476178689533582], [0.5683119127089128, 0.08692013957465305, 0.07644381890594, 0.26832412871049416], [0.55392003053848, 0.09093755482717944, 0.07218226789706339, 0.2829601466372771], [0.561787109556927, 0.0599892901572811, 0.08227733991032588, 0.29594626027546606], [0.556176726137935, 0.06322211818675373, 0.06852029314339629, 0.31208086243191496], [0.5326167304831342, 0.06818271376864726, 0.10501292268617167, 0.2941876329620469], [0.5663492104081302, 0.06146785266629546, 0.0737378599932733, 0.298445076832301], [0.15282291751627256, 0.10388086115985248, 0.41236579936399254, 0.3309304218598824], [0.13124043749299893, 0.08997933975529386, 0.17326738783223558, 0.6055128348194716], [0.1910307080699102, 0.33258088924269674, 0.13834933729055846, 0.3380390652968346], [0.18301194232415638, 0.3313919155590506, 0.11583161870714312, 0.3697645233096499], [0.12966994167044807, 0.14907889668172541, 0.14627862593388313, 0.5749725356139433], [0.15800976751654766, 0.14590924976797132, 0.36688494678643163, 0.3291960358290494], [0.17951933082690727, 0.10934856858794854, 0.39877094022729653, 0.3123611602578476], [0.1990599185729703, 0.1353954124765741, 0.12608309639600498, 0.5394615724544506], [0.22912308354447727, 0.38591370087626087, 0.10895698449736654, 0.2760062309818953], [0.2140555051640867, 0.41116335371251966, 0.08042783914554744, 0.2943533018778462], [0.15459687775918304, 0.07332882175116355, 0.1379016319092054, 0.634172668480448], [0.190250454896659, 0.08682314240941061, 0.38407855935965796, 0.3388478432342724]], "ideal": "B", "sampled": "B", "correct": true}}
{"type": "result", "data": {"idx": 14, "options": ["Worship", "Submission", "Obedience", "Faith"], "probs": [[0.02380142298620613, 0.9145493267983383, 0.03912411155209314, 0.022525138563362416], [0.022157568405204844, 0.8989220665812536, 0.037876993823326724, 0.04104337109021481], [0.02765817806013391, 0.054576800350236, 0.8864285515719427, 0.03133646991768743], [0.04080164401718025, 0.05801554725472466, 0.07785604835375387, 0.8233267602743413], [0.017868347297793186, 0.03383202446442756, 0.9202425393264408, 0.028057088811338417], [0.03018011807556791, 0.03842056427748554, 0.15142797970962263, 0.7799713378373239], [0.9421763612206229, 0.02285054745176666, 0.021432239999257037, 0.01354085122835337], [0.9389033370531901, 0.022766190195504302, 0.019602549059816777, 0.018727923591488824], [0.9477711548472605, 0.023350915503331012, 0.016282510405030984, 0.012595419144377555], [0.9502035369610127, 0.022335872031064546, 0.01657779326815361, 0.010882797639769196], [0.9405684925310559, 0.024082223779783626, 0.01759840185746421, 0.01775088173169626], [0.944642073899234, 0.023265924475741794, 0.020024283004965795, 0.012067718520058307], [0.028062444562424953, 0.04283142804997398, 0.9003504638871788, 0.028755663400422255], [0.04165139576567667, 0.03404330216169051, 0.06964374592366805, 0.8546615560489648], [0.0379716680597632, 0.9017562604733147, 0.035118051259022204, 0.025154020107899844], [0.032138190741291754, 0.905517148995335, 0.03668303739512215, 0.025661622768251117], [0.05281741936281179, 0.04120801031627447, 0.06169688723996551, 0.8442776829809482], [0.024888125667151897, 0.04300282434497073, 0.9041125588234936, 0.027996491064383736], [0.020514622051417446, 0.030275762645400828, 0.9182272190786502, 0.030982396124531443], [0.037505696803772984, 0.0325930145240255, 0.11245493021231061, 0.8174463583598909], [0.027438483135739565, 0.8950239106404693, 0.03857670473630151, 0.03896090138748964], [0.02574991363401616, 0.9081083345149575, 0.0410121138805317, 0.025129637870494596], [0.05112118063976891, 0.05935872474856909, 0.06656493718176652, 0.8229551573298954], [0.0261952968516393, 0.05206782333209316, 0.8862343442580248, 0.03550253545824263]], "ideal": "B", "sampled": "B", "correct": true}}
{"type": "result", "data": {"idx": 15, "options": ["Suffering", "Soul", "Impermanence", "No-self"], "probs": [[0.02528328990347879, 0.043911717046917084, 0.07858273168049652, 0.8522222612691076], [0.02582946045559707, 0.061805035148347724, 0.859564539847589, 0.052800964448466256], [0.029948482565832445, 0.048094027187466824, 0.0510315788023512, 0.8709259113443495], [0.03550180713100792, 0.07152585524665139, 0.8512811469639157, 0.04169119055842503], [0.032410606497186314, 0.8447706039539805, 0.04590024019393099, 0.07691854925490221], [0.03405365385579631, 0.886854718017421, 0.04323158833583547, 0.03586003969094719], [0.03197404321747098, 0.04095509214356635, 0.08769210296451159, 0.839378761574451], [0.030414383048594923, 0.0558131551965161, 0.8657133480467918, 0.048059113608097205], [0.03593894560116489, 0.05686230732690455, 0.040495869824230805, 0.8667028771476998], [0.03182221806525872, 0.08113533639981599, 0.8511019563821328, 0.03594048905279249], [0.028488048797771014, 0.8880934548429226, 0.03473720122371296, 0.048681295035593423], [0.026711936888154788, 0.9144871778924806, 0.03258405234757531, 0.026216832771789274], [0.029359305496596953, 0.041948733365695726, 0.06127741589841939, 0.867414545139288], [0.036334473706759005, 0.0631053086163949, 0.8572291464798226, 0.04333107109702349], [0.03363664585761792, 0.049609659404957866, 0.05301571854110723, 0.863737976096317], [0.030529418345555975, 0.07309801430298368, 0.8554249755543176, 0.04094759169714276], [0.03768769040069577, 0.8804534711266179, 0.04458627194477813, 0.03727256642790825], [0.03496287520486945, 0.8838534087494326, 0.04686918656317044, 0.034314529382527506], [0.8971135799215845, 0.04805205115302054, 0.030189548303306554, 0.0246448205220884], [0.9049337297024066, 0.04769685695779883, 0.028602452308537103, 0.018766960931257452], [0.8916223426584836, 0.05622573428213675, 0.025458849503005972, 0.026693073456373676], [0.9056703048159955, 0.054520220606631295, 0.023738460828425755, 0.016071013648947394], [0.9104773028206424, 0.04613870192779508, 0.024803914973479176, 0.018580080178083342], [0.9134545853308234, 0.04351131212640322, 0.027333190458267553, 0.015700911984505905]], "ideal": "D", "sampled": "D", "correct": true}}
{"type": "result", "data": {"idx": 16, "options": ["Spiritual narratives", "Redemption narratives", "Birth narratives", "Theological narratives"], "probs": [[0.044608907236433765, 0.09387786220201434, 0.8302358039453624, 0.031277426516189484], [0.0694390771736629, 0.17726786763064875, 0.06175613890261553, 0.6915369161930728], [0.055682289726062255, 0.869415331698551, 0.0465575147312617, 0.028344863744125065], [0.058569228169712204, 0.8590683648188572, 0.049357148090231215, 0.03300525882119943], [0.07102022852723203, 0.12749455487959518, 0.06618487637022269, 0.7353003401229501], [0.039841375647354925, 0.07442953325913815, 0.8530887833414411, 0.03264030765206586], [0.04082069499955379, 0.10290810349774834, 0.8214599993585389, 0.03481120204415894], [0.0527794800336488, 0.17303357493452276, 0.06619071584598699, 0.7079962290858415], [0.04959720015603989, 0.8776393622415798, 0.044827881977640774, 0.027935555524739537], [0.05264529134335238, 0.8675927985695733, 0.047951123889194154, 0.03181078609788023], [0.053985372984753296, 0.16506335383587528, 0.078542233675944, 0.7024090394034275], [0.04396870392097954, 0.10567879754498899, 0.8180531919529548, 0.03229930648107672], [0.917392053385677, 0.06023531283624815, 0.015223727259618442, 0.007148906418456442], [0.9127528708041266, 0.06280370494679956, 0.016507850248661127, 0.007935573900412737], [0.9086596216508748, 0.0676135334891234, 0.01630532527785131, 0.007421519482150459], [0.9028299870384473, 0.07149374072161545, 0.017384658444082605, 0.008291613695854674], [0.9071275565598302, 0.06798571328515461, 0.017060914958813556, 0.007825815096201621], [0.9074238842072206, 0.06801536906627025, 0.016671145892116428, 0.007889600734392635], [0.08264328101357211, 0.14498337151833568, 0.06287169690068539, 0.7095016504674069], [0.047421101460494774, 0.08200214698852545, 0.8357307371791881, 0.03484601427179169], [0.0812142962498005, 0.18456394028498668, 0.07339327255329506, 0.6608284908119177], [0.05312353253302269, 0.10182260493312437, 0.8134479936118283, 0.031605868822024666], [0.06788147038828371, 0.8575063437721426, 0.04705961797579579, 0.027552567763777815], [0.06780363062955452, 0.8562108171745326, 0.04736999406139758, 0.028615558034515307]], "ideal": "C", "sampled": "C", "correct": true}}
{"type": "result", "data": {"idx": 17, "options": ["Vajrayana", "Theravada", "Mahayana", "Mahavira"], "probs": [[0.1058167787508743, 0.08360931803468764, 0.7796843443858628, 0.030889558728575347], [0.09435922539209247, 0.06918579803216149, 0.06593584710760152, 0.7705191293681445], [0.18051730094535007, 0.7074247597940646, 0.08012126385364406, 0.03193667530694122], [0.17077824562152588, 0.7353103749581926, 0.05418604912777384, 0.03972533019250768], [0.061510592234610216, 0.043080404075543435, 0.0867247798451127, 0.8086842237447336], [0.09932459583774522, 0.06313645101588825, 0.7838235835034925, 0.05371536954287408], [0.08693308285201773, 0.08020897864259768, 0.8036504297236945, 0.0292075086816901], [0.07061504256249938, 0.07299955607222676, 0.0679630904742276, 0.7884223107910462], [0.11837970905236661, 0.7541122716698038, 0.09452350788823416, 0.03298451128959541], [0.10941816201768499, 0.7897169051998668, 0.05684633594813464, 0.04401859673431358], [0.05208552372125902, 0.045683738860771504, 0.07640288195150483, 0.8258278553664646], [0.05450075248080483, 0.05931368576975011, 0.8293667660107302, 0.05681879563871486], [0.886290565000908, 0.05414581389055661, 0.04502877668075548, 0.014534844327779982], [0.8990689106427077, 0.05407629674769751, 0.026859749829346292, 0.01999504268024855], [0.8930918290642861, 0.04970548144045896, 0.04397177929080843, 0.013230910104446485], [0.9049275870526142, 0.0515462254727322, 0.024616495735244496, 0.018909691639409063], [0.9088872775313881, 0.03676203439371168, 0.03249259117240165, 0.02185809680249858], [0.9050416473490089, 0.03386236550293079, 0.03524868006099865, 0.025847306987061607], [0.05192140765115323, 0.05495756761631707, 0.10735926576078597, 0.7857617588717437], [0.07709177295495888, 0.0664644663541436, 0.8184854678555364, 0.037958292735361075], [0.05708259417564488, 0.055442367355530875, 0.09490456428545815, 0.7925704740833661], [0.05187039943148353, 0.06209630217805947, 0.8401325533379789, 0.04590074495247817], [0.1371950126433833, 0.7133751856339272, 0.0878998381657092, 0.061529963456980294], [0.11961616906065003, 0.7213144795092229, 0.08684103093967614, 0.07222832039045098]], "ideal": "C", "sampled": "C", "correct": true}}
