{"type": "result", "data": {"idx": 0, "options": ["Planetary density will decrease.", "Planetary years will become longer.", "Planetary days will become shorter.", "Planetary gravity will become stronger."], "probs": [[0.02835557748242742, 0.41037046217291473, 0.48770012629128184, 0.07357383395337598], [0.02311972598456995, 0.7424575312319888, 0.018304686070961414, 0.2161180566124799], [0.018266327132951655, 0.8944052786407946, 0.03993154197735995, 0.04739685214889378], [0.01991890022233774, 0.9162173977237642, 0.011359474758108572, 0.052504227195789434], [0.024676065591909234, 0.0275413518847485, 0.26962477585889427, 0.678157806564448], [0.022767196151048323, 0.022418851724022158, 0.9102287412895406, 0.04458521073538894], [0.09468447416073952, 0.07375907152153569, 0.6278721093503598, 0.20368434486736503], [0.12679042560744597, 0.16544922075224214, 0.06281328524527972, 0.6449470682950321], [0.1063366449031085, 0.7384563106022577, 0.043708652559462935, 0.11149839183517084], [0.11108627707357208, 0.7594298578145539, 0.04157347526780011, 0.08791038974407399], [0.10895894710283294, 0.15134953299177603, 0.04991275928220421, 0.6897787605231869], [0.10610294261927133, 0.08137141851735437, 0.6506822060092128, 0.16184343275416152], [0.6623673590258033, 0.11686330248908523, 0.0883173212703968, 0.13245201711471458], [0.7091043975507093, 0.11213614456318584, 0.025441623463422318, 0.1533178343226825], [0.5497080580767378, 0.333228611666381, 0.03409003775058207, 0.08297329240629911], [0.6455175340043972, 0.2731423403155943, 0.028378641494306998, 0.05296148408570154], [0.7602632653908881, 0.10445466728125294, 0.02406670531924117, 0.11121536190861786], [0.6753928409067603, 0.09726234907197075, 0.1269821924223357, 0.10036261749893328], [0.01788214986460816, 0.026859186887206753, 0.16973535904530354, 0.7855233041028815], [0.017990646627890267, 0.0238381459246412, 0.9092582084156173, 0.04891299893185115], [0.032587189041988776, 0.2335292981693048, 0.024999992779750086, 0.7088835199089564], [0.021858012993657455, 0.07873516778325809, 0.8341326380809261, 0.06527418104215842], [0.024324487308360215, 0.8446885689002804, 0.020185779610433028, 0.1108011640809263], [0.024004855004306647, 0.7954085694105971, 0.09806550581585151, 0.0825210696692447]], "ideal": "C", "sampled": "C", "correct": true}}
{"type": "result", "data": {"idx": 1, "options": ["buildings will be built faster", "buildings will be made safer", "building designs will look nicer", "building materials will be cheaper"], "probs": [[0.033077442811698735, 0.9238844683491798, 0.010421643070515326, 0.03261644566860614], [0.03183270795880302, 0.9317468328445818, 0.009569909957393105, 0.02685054913922203], [0.013733496071888918, 0.007248062700456297, 0.965057202225451, 0.013961238902203807], [0.013306205719136712, 0.011408346385252333, 0.007949177884190462, 0.9673362699114205], [0.016793728406289475, 0.008195881082182827, 0.9632752966304952, 0.011735093781032583], [0.009811405826361181, 0.008151714525989121, 0.00740868909276806, 0.9746281904548816], [0.7741153547095748, 0.11329877698410634, 0.04167163216384152, 0.07091423604247737], [0.7968520279149508, 0.11661732840770515, 0.035564419392894, 0.05096622418444999], [0.7685068530060171, 0.12162679679259784, 0.04268087643893306, 0.067185473662452], [0.7822594133234755, 0.11997877194253974, 0.040179696379082364, 0.057582118254902386], [0.7998927681778355, 0.11347514278844396, 0.033012298845866005, 0.05361979008785451], [0.7831587327940224, 0.11282775855684753, 0.0366240140595184, 0.06738949448961165], [0.013284589586691377, 0.010857085281697784, 0.9635593522252563, 0.01229897280635454], [0.011904291585643262, 0.013519059739791067, 0.008990763290266948, 0.9655858852842987], [0.008967053989996077, 0.9747124816333299, 0.003460210947470088, 0.01286025332920397], [0.009695685734023957, 0.9747621683877145, 0.0034601870940103984, 0.01208195868425117], [0.01303749709632301, 0.013908906628453621, 0.010319815341123811, 0.9627337808340996], [0.01309216429030042, 0.009151150710181914, 0.9640259397115696, 0.013730745187948028], [0.015235638306344642, 0.01032507486794758, 0.9601096539800845, 0.014329632745623272], [0.009330517951886098, 0.009803396027829906, 0.009189559495191306, 0.9716765264250927], [0.024047027487095453, 0.9324618273076729, 0.008994671222028053, 0.034496473883203586], [0.023986788629021965, 0.9301276739783818, 0.009257606505814826, 0.03662793078678135], [0.010553073517880174, 0.010917679767531954, 0.00822355648372121, 0.9703056901308666], [0.009943023745032092, 0.006632132115327393, 0.9698259332733595, 0.013598910766280942]], "ideal": "B", "sampled": "B", "correct": true}}
{"type": "result", "data": {"idx": 2, "options": ["Chemical energy is absorbed through the roots.", "Light energy is converted to chemical energy.", "Chlorophyll in the leaf captures light energy.", "Sunlight is converted into chlorophyll."], "probs": [[0.04787102127173065, 0.6928528236864786, 0.0998135909421651, 0.15946256399962563], [0.06477153493625515, 0.4160347704481718, 0.0832030499852856, 0.43599064453028746], [0.04545019702010427, 0.6893180813492868, 0.10407205235132111, 0.16115966917928776], [0.06023322485045642, 0.6478309703100578, 0.07155312677002937, 0.2203826779694564], [0.06658251533302538, 0.38938438598356684, 0.08160667804850649, 0.4624264205349013], [0.07195170962594707, 0.47677702694179436, 0.23975562036188966, 0.2115156429703689], [0.09533717517069469, 0.04101543567549544, 0.7740815300404664, 0.08956585901334344], [0.10354800919178248, 0.048935989134991476, 0.20281603250358776, 0.6446999690696382], [0.09512361440212043, 0.8614462808102266, 0.01003090431669515, 0.03339920037095786], [0.1125396045045884, 0.8318276419996642, 0.03276544442587786, 0.02286730896986952], [0.10084894442450161, 0.2919557814332484, 0.035413136454072604, 0.5717821375881774], [0.14691941438636244, 0.2832978367522183, 0.5131370424711167, 0.05664570629030253], [0.23882542726114367, 0.04488136652319863, 0.5469302575259617, 0.16936294858969597], [0.46745137072077925, 0.07513724378694603, 0.1360708793276209, 0.3213405060646538], [0.7460929321368405, 0.1469018790031519, 0.016486525902437415, 0.09051866285757025], [0.6946541588656252, 0.2185761009842319, 0.04305202092859249, 0.04371771912155041], [0.5004159509387308, 0.23274076085500509, 0.03406208550219344, 0.23278120260407062], [0.6777643778001544, 0.21326436398666265, 0.058318201913168666, 0.050653056200014236], [0.11456781709961678, 0.07061749003581463, 0.21412033000026984, 0.6006943627642988], [0.12031710443496413, 0.07300078596186839, 0.6113659511131393, 0.19531615839002817], [0.1485539210973327, 0.1878831812415533, 0.0375713217492308, 0.6259915758118832], [0.20572394701015306, 0.24439122177938002, 0.48615077940054474, 0.06373405170992215], [0.11308664898417134, 0.7731728092151894, 0.02564339931688179, 0.08809714238375754], [0.1449530210918087, 0.7717962128222795, 0.04423053453304338, 0.03902023145286836]], "ideal": "C", "sampled": "C", "correct": true}}
{"type": "result", "data": {"idx": 3, "options": ["the control", "the hypothesis statement", "the dependent (responding) variable", "the independent (manipulated) variable"], "probs": [[0.10444638132004547, 0.10138618945061577, 0.20156511662374912, 0.5926023125055896], [0.08242967355486457, 0.055837911845915654, 0.6699623165371569, 0.19177009796206293], [0.10875097580097164, 0.15842087447235612, 0.08609272474610626, 0.646735424880566], [0.08991265346279519, 0.06688799000731287, 0.815332834426734, 0.027866522003157982], [0.09406553882861089, 0.49339022859921755, 0.06271295202110208, 0.3498312804510695], [0.10594802546089928, 0.5219872094538959, 0.3371141317357172, 0.034950633249487606], [0.09391089482492579, 0.13259483370310574, 0.21521227172936638, 0.5582819996426021], [0.055491729527350105, 0.0649199368142206, 0.7790660638620925, 0.10052226969633674], [0.09574022317523666, 0.14169614661134045, 0.13725282922487847, 0.6253108008885444], [0.08596094152464158, 0.09015615457641057, 0.7792682749462165, 0.04461462885273134], [0.1019694117829088, 0.41666644062407543, 0.1250619776366481, 0.35630216985636765], [0.09908222184645739, 0.4444085557819127, 0.37433823102683594, 0.08217099124479403], [0.09458866543380769, 0.10895917998305138, 0.06304884090661139, 0.7334033135765295], [0.0825081499819486, 0.05586592325975207, 0.8344084349978346, 0.027217491660464735], [0.0957803382116244, 0.08073526860667365, 0.10363150695812039, 0.7198528861235816], [0.10542923014619855, 0.05825463945851863, 0.8046504704473465, 0.03166565984793634], [0.09641772785775864, 0.8469420260452432, 0.02943406483742238, 0.027206181159575786], [0.08868578737938736, 0.8553614535876939, 0.026237647733470683, 0.02971511119944812], [0.21736390724568577, 0.18609242000736215, 0.06634194353794776, 0.5302017291090043], [0.3042119477110718, 0.11735793333099595, 0.5345946609580277, 0.04383545789990453], [0.3089611116874787, 0.14381424545495608, 0.09729223334962873, 0.4499324094079365], [0.288072765917852, 0.10438205339603152, 0.5558874627238716, 0.05165771786224485], [0.5193955117903658, 0.4241088180228384, 0.03220203404581644, 0.024293636040979363], [0.47669116634504993, 0.4694046473843048, 0.028640032398519585, 0.02526415377212564]], "ideal": "D", "sampled": "D", "correct": true}}
{"type": "result", "data": {"idx": 4, "options": ["They have each lost kinetic energy.", "They have each gained the same amount of potential energy.", "They have each lost the same amount of potential energy.", "They have each gained one-half of their maximum kinetic energy."], "probs": [[0.3088169785672653, 0.22258325582255095, 0.12887700284852277, 0.33972276266166096], [0.3166376759309229, 0.22115568986375764, 0.26699300006384014, 0.19521363404147934], [0.3376602181803254, 0.271494503716879, 0.09241123358858533, 0.2984340444142103], [0.30882640070329165, 0.29948834920607825, 0.13936104502004235, 0.2523242049705877], [0.30583487570945844, 0.24203589964312353, 0.238475058719135, 0.21365416582828303], [0.37815630150413637, 0.30874505405955793, 0.11367326143980802, 0.19942538289649767], [0.1826085299070855, 0.21364374456653387, 0.17169630525779375, 0.43205142016858683], [0.1639028164508067, 0.1639750870879742, 0.4975636375617846, 0.1745584587994345], [0.1662509142814546, 0.1587501310025965, 0.2007012099453863, 0.47429774467056257], [0.17009931071335696, 0.1624088359793514, 0.3494365967208856, 0.318055256486406], [0.2414386236211823, 0.26951601697020666, 0.18821201936192677, 0.30083333994668426], [0.2186809014269123, 0.2810078728518736, 0.13912332885801307, 0.361187896763201], [0.24731750030778768, 0.31284875606891543, 0.14108747662943796, 0.2987462668938589], [0.25138921292262345, 0.3280643322158912, 0.18415456067134858, 0.23639189409013672], [0.2333028718582235, 0.18180175936498086, 0.19974268373679518, 0.38515268494000043], [0.22279359730032763, 0.17633685730626406, 0.28639728254788077, 0.31447226274552753], [0.28710828497469587, 0.2202510404216909, 0.20064659708838306, 0.29199407741523015], [0.25982845601310184, 0.20243234043577582, 0.2856908823469956, 0.2520483211041268], [0.2194630089102718, 0.20629243858021548, 0.35116291565904467, 0.22308163675046802], [0.23143003533805703, 0.26244994604272814, 0.21772923738970765, 0.2883907811295071], [0.23747432937256985, 0.20326185830175353, 0.2491842284306319, 0.3100795837950447], [0.22164460023609947, 0.21500145425726155, 0.1548830052362618, 0.40847094017037716], [0.2123744135454002, 0.17346540867138086, 0.2999026015057443, 0.3142575761774746], [0.2159280309418299, 0.17910925619654422, 0.30015231964878725, 0.30481039311283864]], "ideal": "D", "sampled": "D", "correct": true}}
{"type": "result", "data": {"idx": 5, "options": ["a non-infectious, cell-cycle disease", "an infectious, cell-cycle disease", "a non-infectious, chronic disease", "an infectious, chronic disease"], "probs": [[0.014152706348876417, 0.9041338402073611, 0.00513192443358004, 0.07658152891018248], [0.017120780732498404, 0.9501875214526719, 0.005310061017960334, 0.027381636696869355], [0.010506391817763111, 0.014147581926461657, 0.4011033587064898, 0.5742426674492854], [0.005049723385832504, 0.008200488529345405, 0.8114201572103193, 0.17532963077450273], [0.005715876692163172, 0.9469575253348824, 0.0057194874299998115, 0.04160711044295462], [0.005469957506131846, 0.9349841714014034, 0.004262818597974064, 0.05528305239449066], [0.06108758148736787, 0.10401542242396007, 0.05315170321444184, 0.7817452927742302], [0.28922872439582414, 0.2676578938250258, 0.13488353184527482, 0.30822984983387525], [0.07603261165856283, 0.10567181671565147, 0.08362247295601558, 0.7346730985697701], [0.02523198842279239, 0.027730491945640492, 0.8373487344723447, 0.10968878505922246], [0.35829152808728304, 0.29711769799108606, 0.0696047883920676, 0.27498598542956326], [0.27224554594694267, 0.27238117631106284, 0.08857295331318994, 0.3668003243288045], [0.014654430242139709, 0.014894323114906693, 0.38442079840009946, 0.5860304481428541], [0.010612282713155395, 0.01241434995345247, 0.7569095357669948, 0.2200638314663973], [0.04825242361602075, 0.2001726530337156, 0.02975615936329348, 0.7218187638869702], [0.07535961494167895, 0.3542739854182374, 0.29866970472537085, 0.27169669481471276], [0.010501244275499333, 0.9760631480964842, 0.0020700185894994613, 0.01136558893851697], [0.012980400256464493, 0.9693611714653431, 0.003389445291001653, 0.014268982887190789], [0.4488506678642403, 0.07800796220375046, 0.37292594749117675, 0.10021542234083246], [0.2264459433777197, 0.09745908436047797, 0.08745317001569833, 0.588641802146104], [0.6903961480194344, 0.1446692385107325, 0.03719795219371893, 0.12773666117611424], [0.7333310464283942, 0.13559060201453077, 0.034869679354210974, 0.09620867210286407], [0.2526181747796213, 0.16320866618843963, 0.06497764102631416, 0.5191955179056249], [0.7562261363894898, 0.15600200286441432, 0.03710071811269103, 0.05067114253340482]], "ideal": "B", "sampled": "D", "correct": false}}
{"type": "result", "data": {"idx": 6, "options": ["to repare for migration before winter", "to provide warmth during the cold winter months", "to store food that will be eaten over the winter months", "to protect the grasses and seeds from decay before winter"], "probs": [[0.06304197200627441, 0.14231147294741733, 0.08230957633356425, 0.712336978612744], [0.055356413725758814, 0.07693017875205231, 0.8019142777423323, 0.0657991296798566], [0.04678649559417016, 0.49582747728249094, 0.04611116750325716, 0.41127485952008175], [0.047955294454096895, 0.7054752294696464, 0.17564152637413086, 0.07092794960212592], [0.012711310268516768, 0.9642230716965567, 0.007716604410016488, 0.015349013524909952], [0.013245293079799316, 0.9587792934019588, 0.00985191749041805, 0.01812349592782385], [0.028647349237384406, 0.07327271020120034, 0.058821713546054255, 0.839258226915361], [0.017456463873134747, 0.02748745879258061, 0.9104433720156783, 0.0446127052186064], [0.029741555414860305, 0.08622110419099681, 0.0650133828482614, 0.8190239574458815], [0.033596528926280414, 0.04819110174559823, 0.8543937387687953, 0.06381863045932608], [0.01836443543624665, 0.9281162212778825, 0.01753789967293914, 0.03598144351293173], [0.017417021448115695, 0.9370770833931987, 0.014912565808305661, 0.03059332925037988], [0.08189357829226482, 0.14621681156334113, 0.07349042681700368, 0.6983991832273904], [0.1243425309533708, 0.10984559356067834, 0.6524679064098203, 0.11334396897613051], [0.08418527746463049, 0.19002590714139322, 0.061658684107973455, 0.6641301311860028], [0.24226422063973338, 0.19480767408730323, 0.49014236422623936, 0.07278574094672399], [0.07680564702005388, 0.8526518709309708, 0.027414853925015435, 0.04312762802395979], [0.07961629178445284, 0.8700741580803963, 0.023196395349894587, 0.027113154685256186], [0.7128309314687731, 0.18591765295682522, 0.03388609225430847, 0.06736532322009325], [0.578571532076637, 0.18491081064979215, 0.09018073571998775, 0.146336921453583], [0.7128198888204053, 0.20100140981417955, 0.027656818372644835, 0.0585218828927704], [0.7264267828573544, 0.19541446935448367, 0.03244178753931424, 0.04571696014884768], [0.5537910933136483, 0.33582197865863694, 0.03771238689390326, 0.07267454103381153], [0.6682293440691977, 0.26563667742083336, 0.03126966499128281, 0.03486431341868622]], "ideal": "C", "sampled": "D", "correct": false}}
{"type": "result", "data": {"idx": 7, "options": ["There was once more water in the area.", "The area was once grassland.", "The climate in the area was once tropical.", "There are active faults in the area."], "probs": [[0.14967980492941496, 0.08950181159611814, 0.6512272197924879, 0.10959116358197901], [0.1394383203676475, 0.12715024133692968, 0.1070210220414972, 0.6263904161539257], [0.24317576029397597, 0.6215966568804071, 0.06658592422618646, 0.06864165849943041], [0.21185825289474225, 0.6431642030319198, 0.06574308724618218, 0.07923445672715576], [0.16838936866995394, 0.17953898297056126, 0.10718855287033591, 0.5448830953891489], [0.07773411931362369, 0.050241048812598756, 0.8369589353600749, 0.035065896413702585], [0.08794595390081458, 0.10458154941186931, 0.7260755354873794, 0.0813969610999368], [0.08223638560193383, 0.1885059894655491, 0.08103757230071118, 0.6482200525318059], [0.07857158779312245, 0.5376309751926663, 0.2746357321464561, 0.1091617047677551], [0.0709267259096643, 0.5854504689263973, 0.06267041058669316, 0.2809523944772452], [0.06161812950020769, 0.08979753236696815, 0.20543074223150237, 0.6431535958013218], [0.059124851473753216, 0.06605136917443806, 0.44426815207921305, 0.4305556271725957], [0.49289677276594934, 0.39016417246380186, 0.05803513612815244, 0.05890391854209633], [0.44660302977694966, 0.4264374983037931, 0.060533325779345656, 0.06642614603991158], [0.33703878518548863, 0.13420698045342194, 0.3946006893717033, 0.13415354488938616], [0.23122485841081175, 0.169397315716095, 0.10111790526086349, 0.4982599205122297], [0.25984573942459843, 0.14592725363241998, 0.49396405723141357, 0.10026294961156802], [0.2588351089906773, 0.20190671234724497, 0.09099345721134665, 0.44826472135073103], [0.11930659446079983, 0.3680840212880633, 0.088782655362391, 0.4238267287887459], [0.05594786451362562, 0.0665061825249798, 0.8493888704381659, 0.028157082423228633], [0.060516205569636584, 0.07196170337740823, 0.32749535183808537, 0.5400267391148698], [0.06570408383958955, 0.06580263267868039, 0.3089155257624063, 0.5595777576193237], [0.07630359494375483, 0.15431466927050175, 0.6918152673121181, 0.07756646837362541], [0.1177528163003237, 0.3206110691885733, 0.08760876468762155, 0.4740273497234815]], "ideal": "C", "sampled": "C", "correct": true}}
{"type": "result", "data": {"idx": 8, "options": ["The chicken population would go down.", "Populations of mice and rats would increase.", "Another bird of prey would replace the hawk.", "The chickens would have a lower rate of disease."], "probs": [[0.4423265390799203, 0.2948048070552467, 0.14376701198917902, 0.11910164177565397], [0.34254162051269565, 0.35362567094719216, 0.07893632704435659, 0.22489638139575555], [0.5365222612005055, 0.2535206935521656, 0.10911750629768101, 0.10083953884964791], [0.5423365982399754, 0.28585583606175413, 0.05810463696769719, 0.11370292863057323], [0.3286135743436387, 0.1579071557675771, 0.16293819004250096, 0.3505410797462833], [0.43711602683464534, 0.1584645658572996, 0.1912285685348017, 0.21319083867325336], [0.08153702544792023, 0.7163976092096151, 0.10814781285012863, 0.09391755239233597], [0.10441955333529122, 0.6817439895446432, 0.0664424384533845, 0.14739401856668105], [0.06917212542047135, 0.08225021826583541, 0.7446599809630623, 0.10391767525063093], [0.06953901382352823, 0.13428076299988934, 0.092193501153697, 0.7039867219228855], [0.04124962553434945, 0.0353249349980678, 0.8426061303168073, 0.08081930905077545], [0.06890520298748881, 0.07467447798679994, 0.12487095314049088, 0.7315493657852203], [0.33700384682015644, 0.3943919123496034, 0.13016357628702124, 0.13844066444321887], [0.4023979603841834, 0.41542476411479906, 0.06681125610398705, 0.11536601929703044], [0.12755805537821435, 0.12573851924782933, 0.6488189245592689, 0.09788450071468739], [0.10595689318175171, 0.15686188052285635, 0.08656537954517633, 0.6506158466502155], [0.08606291457618795, 0.07970856723201157, 0.721883291074216, 0.11234522701758443], [0.09889890850242067, 0.10716283160623924, 0.09447454519408117, 0.6994637145972589], [0.055261126184422464, 0.5012202467768199, 0.13482493713295135, 0.30869368980580625], [0.027883071196970057, 0.7314886872412223, 0.11751458726198075, 0.12311365419982684], [0.029940808445482116, 0.04715723877669003, 0.862387420096291, 0.06051453258153682], [0.06405149304149545, 0.11093123835808508, 0.12356907688977815, 0.7014481916106413], [0.03591174219288221, 0.08104771284267773, 0.768842271241675, 0.114198273622765], [0.05372055651734951, 0.11221493068834369, 0.10202260413347587, 0.732041908560831]], "ideal": "B", "sampled": "A", "correct": false}}
{"type": "result", "data": {"idx": 9, "options": ["the atom", "the electron", "the nucleus", "the proton"], "probs": [[0.9069686725390091, 0.06672841452768875, 0.01295102880940126, 0.013351884023900782], [0.9289847382178115, 0.047718411991687824, 0.007800135102550393, 0.015496714587950256], [0.9121570790129041, 0.06504184152374079, 0.011315659871660944, 0.01148541949169415], [0.8780618366339725, 0.08166302792995488, 0.015360177593186457, 0.024914957742886133], [0.8970500817584153, 0.07248534254704751, 0.012413396487248806, 0.01805117910728845], [0.9088172720581388, 0.06480533812767372, 0.011452163507900319, 0.014925226206287162], [0.05288151619773131, 0.9089968701495359, 0.017727930605789803, 0.02039368294694297], [0.04213797363423095, 0.9301144618373002, 0.010175191016598141, 0.017572373411870706], [0.03358138731080759, 0.019139442626595313, 0.922704877095609, 0.024574292866988052], [0.0378195400849767, 0.02946569994621756, 0.029459521552568903, 0.9032552383162369], [0.0465068285156437, 0.023030310352146338, 0.8648613497153519, 0.06560151131685807], [0.02596886990361187, 0.02120257335314309, 0.02187148647283828, 0.9309570701704067], [0.04370247464251549, 0.9204192717824349, 0.013550378269813607, 0.022327875205235975], [0.03903195028916388, 0.9170625258325874, 0.015782703634549224, 0.028122820143699503], [0.05955902064882156, 0.03786784142067472, 0.8491728896011422, 0.053400248229361444], [0.03833395571995196, 0.03229145669288491, 0.02805032549461742, 0.9013242619925457], [0.08405565845374595, 0.052617455385614284, 0.7157649717106148, 0.14756191435002494], [0.05274932948068804, 0.05114278321627887, 0.043739871793268374, 0.8523680154097647], [0.04050542752361103, 0.9224638860661315, 0.013579708408866556, 0.02345097790139091], [0.03999410491048308, 0.9251972851078163, 0.014052902072090784, 0.020755707809609836], [0.05149388945816485, 0.032747052907100685, 0.8321530649018034, 0.083605992632931], [0.027490463431571077, 0.023158167123816333, 0.023517242247648836, 0.9258341270969638], [0.03534767255172721, 0.021116068059229578, 0.9128183703624048, 0.03071788892663842], [0.042012284372303914, 0.035949724205509924, 0.03650871522600999, 0.8855292760961762]], "ideal": "A", "sampled": "A", "correct": true}}
{"type": "result", "data": {"idx": 10, "options": ["life processes", "size differences", "plasma membranes", "energy molecules"], "probs": [[0.07439429724690104, 0.6435374925295833, 0.07328608303740526, 0.2087821270861105], [0.08204488730505709, 0.28686098223197637, 0.05136509038845819, 0.5797290399745083], [0.1127303473401381, 0.3215772615601552, 0.3114929907312638, 0.25419940026844284], [0.07771493717672298, 0.13450265517585605, 0.04864260227653168, 0.7391398052708893], [0.0644993587295, 0.04303617222338477, 0.2984115912501837, 0.5940528776969315], [0.07403272610259991, 0.06343116799647594, 0.11292685158693587, 0.7496092542139883], [0.12351329255319433, 0.0661869476315667, 0.5043985096785131, 0.30590125003672586], [0.0728532586493765, 0.06337864601904195, 0.06634927441485916, 0.7974188208167224], [0.12414791901327638, 0.6213552216261227, 0.055981314415519595, 0.19851554484508138], [0.11530901934855269, 0.47849829732502747, 0.0562184475547141, 0.34997423567170577], [0.08566453349992902, 0.07110805226010851, 0.07802006707140874, 0.7652073470685538], [0.09382940746933233, 0.053529873548562326, 0.4694613848148447, 0.3831793340672607], [0.11205626194506693, 0.061950683125986374, 0.6352832865431166, 0.19070976828583008], [0.08497780497283967, 0.07277823184613105, 0.059333323984372, 0.7829106390966573], [0.0964524022345442, 0.7713949255930729, 0.029431075512604484, 0.10272159655977849], [0.08878176211063803, 0.7325976139817871, 0.032169816228243685, 0.14645080757933113], [0.087329396407952, 0.07478503248517451, 0.07018429144789715, 0.7677012795589764], [0.09756672399596188, 0.05741583632004007, 0.6568654096742756, 0.18815202990972235], [0.05977876194295071, 0.03687676980946991, 0.5008362288612306, 0.40250823928634877], [0.07707707324712469, 0.05919715935601482, 0.1533470251253262, 0.7103787421715343], [0.060057462005082836, 0.6464444283825744, 0.03644584763027212, 0.2570522618820706], [0.05065525435869306, 0.7809783990118883, 0.03483374494339305, 0.13353260158602565], [0.0847814040092312, 0.1422203534036347, 0.07254177601438196, 0.7004564664727522], [0.08931423988981697, 0.10134628716129736, 0.5738907626856895, 0.23544871016319618]], "ideal": "B", "sampled": "B", "correct": true}}
{"type": "result", "data": {"idx": 11, "options": ["The Sun influences the formation of waves.", "The Sun creates water particles.", "The Sun's rays cause organisms to come to the surface.", "The Sun provides minerals."], "probs": [[0.13650378380090228, 0.07661519829736123, 0.26332950197016186, 0.5235515158315747], [0.1304121916253547, 0.09108804199339046, 0.061629098132158645, 0.7168706681490962], [0.15497324781904925, 0.20542459912687422, 0.0897309076051497, 0.5498712453489268], [0.14491552976801406, 0.16176256009883688, 0.0826094050688034, 0.6107125049643457], [0.07764661882831148, 0.04029958232164652, 0.05955215782332592, 0.8225016409267161], [0.05932079067148603, 0.030782208731490828, 0.5290167163653569, 0.3808802841316663], [0.17923951568959776, 0.1558206435393055, 0.24141030062345745, 0.4235295400476393], [0.15822630824380035, 0.133315545804216, 0.06199637311828856, 0.6464617727336951], [0.1905796825695193, 0.12902817128798524, 0.222979098536128, 0.45741304750636747], [0.14180452475348806, 0.11580122206252455, 0.08604562794573709, 0.6563486251382503], [0.13336715497949175, 0.05828938154901904, 0.10890119374264197, 0.6994422696288473], [0.09160378608534044, 0.03819980858703848, 0.2340193399330133, 0.6361770652946078], [0.28096769981401204, 0.22234091656632937, 0.10023808030207564, 0.39645330321758293], [0.21922053394509608, 0.1762257814231123, 0.07820920645408551, 0.5263444780777061], [0.24246560079619942, 0.16671395796575203, 0.22094267777720938, 0.36987776336083916], [0.19734608831002629, 0.15375527508874073, 0.07731483760723935, 0.5715837988939936], [0.1821553734083913, 0.08743302653500845, 0.15109795555597474, 0.5793136444006255], [0.11572238284433263, 0.07358643827955208, 0.11220667008499777, 0.6984845086911176], [0.09776648295339894, 0.08109841011557158, 0.06315563987126366, 0.7579794669597658], [0.05028584301394791, 0.04169841544953856, 0.6526132918631088, 0.2554024495734047], [0.0890883748685524, 0.09790598818960705, 0.08914619137527104, 0.7238594454665696], [0.054682136536468855, 0.06496712376363538, 0.20328763376980505, 0.6770631058300907], [0.08149117214083902, 0.13236039568892297, 0.0923922069927038, 0.6937562250775342], [0.06962416650408647, 0.1322001586900977, 0.060514178239363184, 0.7376614964664526]], "ideal": "A", "sampled": "C", "correct": false}}
{"type": "result", "data": {"idx": 12, "options": ["32\u00b0 F", "41\u00b0 F", "78\u00b0 F", "98\u00b0 F"], "probs": [[0.07563065048020745, 0.8392657699287037, 0.040593337566021855, 0.04451024192506697], [0.05290240429299113, 0.8952468611817862, 0.019214887708458236, 0.03263584671676447], [0.16516394911544924, 0.20237171647909144, 0.46452298755768895, 0.16794134674777036], [0.1920646102226744, 0.22113620903163808, 0.17254639903151484, 0.41425278161417267], [0.13695566150732702, 0.12867316410635896, 0.5348532119625427, 0.19951796232377134], [0.11209080123186373, 0.10699169814969726, 0.5279967424340084, 0.2529207580844306], [0.1464426153851955, 0.3980923712708255, 0.18575794162570797, 0.26970707161827107], [0.1296452086421392, 0.43193338688117083, 0.062391420358460355, 0.3760299840182296], [0.16266191246465306, 0.40257835984046314, 0.15329607057969746, 0.28146365701518633], [0.15963023962299974, 0.3653359086145881, 0.2155690149238594, 0.25946483673855275], [0.13504736124118735, 0.1996549218693396, 0.2001880407133186, 0.46510967607615444], [0.11572715811357687, 0.15822184320032648, 0.5626566493344415, 0.16339434925165516], [0.1022509422757525, 0.15351618256157826, 0.6580509256292219, 0.08618194943344738], [0.12854572118076157, 0.19610486163118654, 0.07928965535301022, 0.5960597617350416], [0.1100918179558259, 0.6960532042236572, 0.08871179025074725, 0.10514318746976958], [0.10890845370557281, 0.6994016870067727, 0.062218480733050995, 0.1294713784546034], [0.12938401820653148, 0.16362454510336746, 0.12554667140499928, 0.5814447651851018], [0.1637937624229241, 0.20387851307375462, 0.37023304012390207, 0.2620946842794192], [0.08382449485621163, 0.1360892385724273, 0.6819813403248088, 0.09810492614655224], [0.10195183007889708, 0.16047994790856596, 0.091492913654238, 0.646075308258299], [0.08673121034231718, 0.6825823783191929, 0.08297970890169043, 0.14770670233679944], [0.08620186894270046, 0.6890433429982649, 0.08246373384366326, 0.1422910541153714], [0.11076824943640112, 0.1914876203078273, 0.08772387812204463, 0.6100202520337269], [0.12469120974566947, 0.19931000320624487, 0.5181952079746849, 0.15780357897340072]], "ideal": "C", "sampled": "B", "correct": false}}
{"type": "result", "data": {"idx": 13, "options": ["Repeat the investigation.", "Write a report of the results.", "Make a table for recording data.", "Make daily observations of the light bulbs."], "probs": [[0.0585746226238537, 0.06639929241774714, 0.6606881598571718, 0.21433792500122742], [0.06165381078937486, 0.10171321664799007, 0.11893285676840264, 0.7177001156942324], [0.06107856409378015, 0.8049819078804055, 0.04911450058293747, 0.08482502734287695], [0.06685953038668478, 0.6970226788773779, 0.06797150709778908, 0.16814628353814826], [0.08104346893370921, 0.21364551837982856, 0.09632384130204165, 0.6089871712844206], [0.08751737912358175, 0.1420996731295424, 0.6680345982562391, 0.10234834939063674], [0.06519396197410461, 0.05159180134870228, 0.6590831026787732, 0.22413113389841988], [0.06487225740499272, 0.05728701501511862, 0.17927232382888977, 0.6985684036509988], [0.1484734261316844, 0.20951805928669026, 0.053810510578546765, 0.5881980039030785], [0.16180495916179038, 0.1892460435439645, 0.5229014753772447, 0.12604752181700035], [0.07379199066067889, 0.10914069033912006, 0.03433492521976179, 0.7827323936804392], [0.17584837054238625, 0.2640856962491246, 0.45665929315429754, 0.1034066399541916], [0.7014933667041705, 0.07627805151151164, 0.07516687939681477, 0.14706170228750307], [0.46135360857242225, 0.0952097269650283, 0.04227892015226068, 0.40115774421028877], [0.5173844799131428, 0.10350057988597784, 0.028755533568419492, 0.3503594065324599], [0.7215111635943605, 0.10394353853785052, 0.10083561834174494, 0.07370967942604398], [0.3876740424644941, 0.15665130959581933, 0.02945544597545767, 0.4262192018642289], [0.7169203704108096, 0.15747800350493463, 0.04516006972069891, 0.0804415562635569], [0.14481664673541578, 0.06951892841411597, 0.10439616395655493, 0.6812682607939133], [0.12390922463802129, 0.04778288767141259, 0.7598529001168096, 0.06845498747375645], [0.13166969473696827, 0.08244860578645812, 0.0500033812546005, 0.7358783181219731], [0.3617219842144916, 0.13733088297250748, 0.36783569259754223, 0.13311144011545872], [0.2170340282278307, 0.35239603757285026, 0.03715788104444806, 0.393412053054871], [0.3336493099419113, 0.4561413560064072, 0.07109286688371505, 0.13911646706796643]], "ideal": "C", "sampled": "C", "correct": true}}
{"type": "result", "data": {"idx": 14, "options": ["ozone", "methane", "water vapor", "carbon dioxide"], "probs": [[0.006309832435412798, 0.03576258455194563, 0.03519987196122344, 0.9227277109514181], [0.005375224885954729, 0.01394424494958857, 0.9627774455925214, 0.01790308447193525], [0.009107477877239988, 0.39348440991985223, 0.024763168533993317, 0.5726449435689145], [0.009103715079719101, 0.1256882352372398, 0.83293035495407, 0.03227769462897109], [0.005464891309690181, 0.9785043010166566, 0.005819198569610597, 0.01021160900404261], [0.004912094283485813, 0.9811800262918109, 0.005149543824852445, 0.00875833549985083], [0.009122576079362663, 0.005282164270383742, 0.03963288081499771, 0.9459623787352559], [0.009827265798734268, 0.0036160168180042348, 0.9720312311541469, 0.014525486129114584], [0.01976653462897171, 0.21595107982164646, 0.010258144225263468, 0.7540242412241184], [0.03600577546341256, 0.16396629601303778, 0.7827494159963949, 0.01727851242715472], [0.013695420581386404, 0.9756215660779504, 0.0035752823636335815, 0.007107730877029599], [0.01370387951638119, 0.9761893543147712, 0.005990814191253625, 0.004115951877593979], [0.016828021424723453, 0.00915280843883514, 0.06868813346124068, 0.9053310365752008], [0.012791391420838816, 0.005949548361489616, 0.9701444099917321, 0.011114650125939438], [0.021014753730354788, 0.015869526649537488, 0.010735742728180904, 0.9523799767919269], [0.02313680376074911, 0.014942071594952984, 0.954290342698853, 0.0076307818454447954], [0.01920755451301228, 0.9701477579615045, 0.003237025210677171, 0.007407662214806037], [0.02491602369222637, 0.9648761415099952, 0.006503195678368395, 0.003704639019410041], [0.9011262108664956, 0.02327089210704589, 0.03899287081302181, 0.03661002611343673], [0.9083254484786734, 0.018846654944570728, 0.022391634032185664, 0.05043626244457024], [0.9315588807361121, 0.03088675363531669, 0.0061803234156955445, 0.031374042112875596], [0.9473087005361922, 0.03092417060143497, 0.015079101251177273, 0.00668802751119556], [0.6119025446407728, 0.2981649393947353, 0.007126106764842289, 0.08280640909964958], [0.48878795040201456, 0.4964311136267981, 0.00881675074389536, 0.005964185127291973]], "ideal": "C", "sampled": "D", "correct": false}}
{"type": "result", "data": {"idx": 15, "options": ["0 degrees Celsius", "32 degrees Celsius", "100 degrees Celsius", "212 degrees Celsius"], "probs": [[0.06434054118766339, 0.9166940722947764, 0.0060883725007755555, 0.012877013916784698], [0.051929861084315646, 0.9352462847633012, 0.008353877776777893, 0.0044699762756052865], [0.017740514437190043, 0.008646338420282859, 0.9394105445542749, 0.03420260248825223], [0.07517284955206437, 0.01842261864375587, 0.3760999170769154, 0.5303046146272643], [0.571132474658159, 0.09923396892709398, 0.2919518318634759, 0.03768172445127113], [0.22196786434170995, 0.1455733946650694, 0.056152806517123746, 0.5763059343760969], [0.04404317409482009, 0.9273243955786694, 0.004297147228990766, 0.024335282997519674], [0.03466506107044986, 0.951900948074034, 0.0059337642283364194, 0.007500226527179711], [0.0302184466471814, 0.007405178151421073, 0.9259224514825122, 0.03645392361888538], [0.07472598740262665, 0.017474959232031278, 0.03817438421952568, 0.8696246690458164], [0.07479159616815714, 0.020446598756279563, 0.8699739075696786, 0.034787897405884644], [0.13356986541030846, 0.09324730117247369, 0.03888508648122107, 0.7342977468359968], [0.014919490760369592, 0.6149556722103662, 0.17352138700353828, 0.19660344992572593], [0.010193458053794204, 0.9322045056827492, 0.017897589530442293, 0.03970444663301435], [0.009805482135620568, 0.7204927989248522, 0.14641850076988008, 0.12328321806964714], [0.004875745819074606, 0.9293498768119668, 0.01082131030424909, 0.054953066964709515], [0.01567803139767856, 0.04536471896419156, 0.8976470247832219, 0.041310224754907934], [0.013814153011834264, 0.054638009014705696, 0.43674051361497745, 0.4948073242584826], [0.011413927017590236, 0.9805979188601116, 0.003375092745718298, 0.0046130612765797946], [0.01427508998574874, 0.970198939377967, 0.0027255683954525633, 0.01280040214083166], [0.01500538368993405, 0.06831384048694084, 0.8863604143859088, 0.03032036133721621], [0.024333934045774105, 0.6578785364196793, 0.01647054449873774, 0.30131698493580883], [0.015488774781002886, 0.007548738865965166, 0.9147280611323667, 0.06223442512066522], [0.014717400744159117, 0.00950287232605776, 0.6560567320104095, 0.3197229948193736]], "ideal": "A", "sampled": "A", "correct": true}}
{"type": "result", "data": {"idx": 16, "options": ["exclude research on teeth or bones", "predict what the next discovery will be", "analyze new data as it becomes available", "delete earlier reports that were missing the new findings"], "probs": [[0.020637456538741827, 0.026089978231970463, 0.8649756585475943, 0.08829690658169342], [0.009833089612537368, 0.014765547926999628, 0.031750916159992454, 0.9436504462004706], [0.026282081820831856, 0.9123232466981669, 0.015954793498766464, 0.04543987788223476], [0.02362238468850636, 0.9146744761298673, 0.020224340597043335, 0.04147879848458303], [0.011563264623690363, 0.020943447691841418, 0.032948854908465434, 0.9345444326760027], [0.020857478488796835, 0.034388361820640236, 0.8880362112809994, 0.05671794830956351], [0.015269685997125498, 0.028528082236191358, 0.8888054216038308, 0.06739681006285231], [0.00647754313828405, 0.015301902575283978, 0.030430836209544013, 0.9477897179768879], [0.01797002074121419, 0.921851043498656, 0.016375309741331164, 0.043803625918798675], [0.020075141858067806, 0.9376225226054833, 0.016918297414175314, 0.025384038022273542], [0.006260883571844892, 0.014114329688569491, 0.019288571684242407, 0.9603362149553432], [0.013984944012185746, 0.02572615867246595, 0.9222600043457311, 0.038028892869617255], [0.6194283504036905, 0.2041696355474635, 0.06531813141016446, 0.11108388253868151], [0.6377919959219671, 0.18263831868907054, 0.09050885654459943, 0.08906082874436284], [0.5303361932352898, 0.15187886129471506, 0.09664323780995906, 0.22114170756003612], [0.6457465212857846, 0.16066406479885204, 0.09455244746056701, 0.09903696635479643], [0.683955594442437, 0.1928144203049602, 0.05113430951469212, 0.07209567563791067], [0.6809023275626653, 0.20435141786198566, 0.05334901262841392, 0.061397241846935076], [0.010071764352045275, 0.017959387352293632, 0.0351599368223055, 0.9368089113733556], [0.015727078540540597, 0.025529744100997936, 0.901196122079375, 0.05754705517908645], [0.009668687218619796, 0.015455436295288501, 0.032207420869539295, 0.9426684555165524], [0.027940965810862185, 0.030691252422758233, 0.8840080982822774, 0.0573596833841021], [0.02945309367420414, 0.9164433051640469, 0.021229092903682866, 0.03287450815806605], [0.04428454867510447, 0.9036680041257532, 0.022990312532186682, 0.029057134566955634]], "ideal": "C", "sampled": "C", "correct": true}}
