{"type": "result", "data": {"idx": 0, "options": ["the matrix, if stored directly, is large and can be clumsy to manage", "it is not capable of expressing complex protection requirements", "deciding whether a process has access to a resource is undecidable", "there is no way to express who has rights to change the access matrix itself"], "probs": [[0.9903651834588522, 0.0014103299449815317, 0.0015493824472668305, 0.006675104048899492], [0.9939252294806146, 0.0009807164457623229, 0.0015077534656474892, 0.0035863005079755953], [0.9926766261897525, 0.0006678779097899243, 0.001565139873636171, 0.005090355926821356], [0.9927032054154188, 0.0006274890486922763, 0.0017737711620099447, 0.00489553427387896], [0.9918557944183096, 0.001401759009668843, 0.0013278919794364344, 0.005414554492585087], [0.9915943963207134, 0.0011986066644059646, 0.0010256049835906534, 0.006181391931289935], [0.00410481138504269, 0.966048216948472, 0.006408924940665107, 0.0234380466258202], [0.0063352016287731745, 0.962652568450472, 0.011035297799705423, 0.01997693202104944], [0.23043525848337157, 0.055594337890164075, 0.5980757847547072, 0.11589461877175715], [0.6758527612209596, 0.06588940018505043, 0.12510129156881974, 0.13315654692517015], [0.03464721144675865, 0.043114283118981384, 0.8804359194226847, 0.04180258591157519], [0.7080967847650526, 0.14614964401152405, 0.03366166553528253, 0.11209190558814087], [0.19439371507589334, 0.3632758665697847, 0.3107633981025412, 0.13156702015178068], [0.41154156271537395, 0.3576606053802068, 0.08629896850174594, 0.1444988633026733], [0.2680384834441612, 0.34426337733598616, 0.27238276801054856, 0.1153153711093041], [0.39754713780717094, 0.37946580140376157, 0.08338009937554818, 0.13960696131351932], [0.4159187047071675, 0.07227878963016794, 0.38491108722927214, 0.1268914183333924], [0.42706323736823076, 0.07081800381944682, 0.3655567005407317, 0.13656205817159076], [0.04256206758294228, 0.828767049745138, 0.045325446711100746, 0.08334543586081895], [0.019310833208674105, 0.8880383917271918, 0.016267216831342905, 0.07638355813279116], [0.018555893804699512, 0.015870365386345217, 0.9377116557803997, 0.027862084928555512], [0.314414185046039, 0.3676746028172833, 0.06910152245000115, 0.2488096895866765], [0.02545537350950278, 0.009511381103298187, 0.9119717802097842, 0.05306146507741481], [0.13141760791754267, 0.017785179257587134, 0.7108588522515998, 0.13993836047327035]], "ideal": "A", "sampled": "A", "correct": true}}
{"type": "result", "data": {"idx": 1, "options": ["{-6,-2, -1, 1, 2, 6}", "{-6, -2, -1, 0, 1, 2, 6}", "{-6, -3, -2, -1, 1, 2, 3, 6}", "{-6, -3, -2, -1, 0, 1, 2, 3, 6}"], "probs": [[0.07468716465588345, 0.32967378212163223, 0.13744672517087214, 0.4581923279516122], [0.07682931651388168, 0.3783486597859601, 0.240566916458598, 0.30425510714156023], [0.039842970368432006, 0.5252118071000197, 0.09562399911204396, 0.3393212233195043], [0.04735430719734412, 0.5093399304735192, 0.2406041183849627, 0.20270164384417388], [0.06585616863069636, 0.4100489768739142, 0.20944219115674398, 0.3146526632386455], [0.05458653284153009, 0.19971932245597562, 0.6451536940307196, 0.10054045057177464], [0.0808866694488701, 0.06203179805850553, 0.32019180056231067, 0.5368897318303137], [0.11788115210095097, 0.09326511273102948, 0.4524361918251704, 0.3364175432428491], [0.07700575887386833, 0.4037389754845284, 0.17365129290274747, 0.3456039726388557], [0.0944229254619632, 0.21959625854396325, 0.5525812896317015, 0.13339952626237206], [0.09811577199908429, 0.4684596061238083, 0.11126324533303567, 0.3221613764440717], [0.12323773273301766, 0.43041498747380835, 0.24914892757871515, 0.1971983521144588], [0.1397323098758659, 0.2694326518460201, 0.17954828530773842, 0.4112867528703755], [0.1196133631146559, 0.16608636945765773, 0.5041424298452625, 0.21015783748242386], [0.17284298401278458, 0.1898943519465362, 0.27643324274438497, 0.3608294211962943], [0.0894731988158816, 0.08020227043114543, 0.7271605404263509, 0.10316399022662204], [0.10510192810438086, 0.4094833135195375, 0.17611415682462034, 0.3093006014514613], [0.10642975567707065, 0.42118310924132896, 0.20855823157132253, 0.26382890341027787], [0.10739752809221738, 0.19757952088495473, 0.33111688984773757, 0.3639060610750903], [0.08602315739375312, 0.12323465666653217, 0.6990539274622177, 0.09168825837749695], [0.12871580879499242, 0.48624304936935975, 0.10350570184866704, 0.28153543988698077], [0.10980852102056075, 0.5163284366777745, 0.23267849204197866, 0.1411845501596861], [0.1896643255611391, 0.3177804506499478, 0.12643367975727438, 0.3661215439316387], [0.21454486568428693, 0.3172020363073547, 0.2322319333355643, 0.23602116457279404]], "ideal": "C", "sampled": "D", "correct": false}}
{"type": "result", "data": {"idx": 2, "options": ["1:4", "1:3.5", "1:1", "1.1:1"], "probs": [[0.3442375258984388, 0.19049450185496522, 0.33433895303425765, 0.1309290191123383], [0.3599040996697027, 0.2557431084930527, 0.2557616753393451, 0.1285911163978995], [0.19457648402627908, 0.14932030215379039, 0.5821609409739411, 0.0739422727459894], [0.3645152747266558, 0.2049388736281496, 0.20169226823220351, 0.2288535833129911], [0.20054278369286402, 0.1275572570632727, 0.5380402562360243, 0.13385970290783902], [0.30865329960855786, 0.18183663756573726, 0.2645916977944382, 0.24491836493126667], [0.4745976873920401, 0.2507333289963604, 0.17496844546817789, 0.09970053804342156], [0.5541802419735796, 0.24649864595517043, 0.11283917735545407, 0.08648193461579584], [0.33000451077197673, 0.14433182666995364, 0.45193546669184237, 0.07372819576622726], [0.4996213241968419, 0.21530276213962385, 0.15027595831029947, 0.13479995525323477], [0.35024387162765, 0.09146395461037979, 0.4800211262226069, 0.07827104743936329], [0.42760170776149375, 0.14805189214811065, 0.26409707257780163, 0.16024932741259396], [0.10655659515504849, 0.24420014203282106, 0.5338444152972048, 0.11539884741492562], [0.1273837349471103, 0.2831920300679724, 0.28760086630088405, 0.30182336858403325], [0.05515628554074033, 0.4774011586457445, 0.38956187912928064, 0.07788067658423456], [0.06791198542625183, 0.578782161945047, 0.1849171842132764, 0.16838866831542484], [0.09154650972067367, 0.09307592759557902, 0.5986847653876302, 0.21669279719611714], [0.05194530872623787, 0.06672623578878187, 0.7420133754089031, 0.13931507997607712], [0.2349012143324581, 0.18029924822362006, 0.46824430368082537, 0.11655523366309643], [0.34134722189565225, 0.1951198134286926, 0.2351910743484838, 0.22834189022717136], [0.2559570505340692, 0.2092491795266849, 0.45023294646730794, 0.08456082337193793], [0.35411708488150523, 0.19004073170785896, 0.3387409943378681, 0.11710118897276772], [0.17929903071739212, 0.08217326734525629, 0.589569402939045, 0.14895829889830658], [0.08331524548846586, 0.049003224632447044, 0.792849358863636, 0.07483217091545115]], "ideal": "B", "sampled": "B", "correct": true}}
{"type": "result", "data": {"idx": 3, "options": ["C1: (3,3), C2: (4,4), C3: (6,6)", "C1: (3,3), C2: (6,6), C3: (12,12)", "C1: (6,6), C2: (12,12), C3: (12,12)", "C1: (0,0), C2: (48,48), C3: (35,35)"], "probs": [[0.2399276649755122, 0.15255363864841573, 0.3956830861361663, 0.21183561013990573], [0.2850948018309707, 0.21194501534883195, 0.20862376998698293, 0.2943364127332144], [0.16311602232048425, 0.052143011042689105, 0.5969156600052901, 0.18782530653153656], [0.2567793302801813, 0.09157074855944287, 0.09902428753591706, 0.5526256335244587], [0.1542155450212801, 0.04350410045063606, 0.5914124867898854, 0.21086786763819837], [0.1131415194074106, 0.047913292697345275, 0.3769334722797701, 0.46201171551547404], [0.17116875179626123, 0.27795540041131483, 0.3568250973095014, 0.19405075038292252], [0.16402792660949916, 0.33147856079292726, 0.19788892549450124, 0.3066045870030723], [0.1665122459211657, 0.1516533001612972, 0.4745130099026796, 0.20732144391485752], [0.2306416103204401, 0.22014052329664988, 0.1377641301543078, 0.4114537361286022], [0.08704665722371516, 0.03985826553258039, 0.7178622197034835, 0.15523285744022094], [0.058596854921636576, 0.0349947612140617, 0.7142027972377952, 0.19220558652650654], [0.045528631985952, 0.15406123144417935, 0.6487217657571684, 0.15168837071270022], [0.01997078291752385, 0.3888966004081936, 0.051003648190464865, 0.5401289683838176], [0.07261448773248835, 0.16114624612748366, 0.5624991403330521, 0.20374012570697583], [0.05295149983710457, 0.36198791439851125, 0.09009446095442884, 0.4949661247099553], [0.010871470469384878, 0.01764799024839092, 0.6728609530206128, 0.2986195861616114], [0.030469807248840436, 0.03095313756457835, 0.7861851668301554, 0.15239188825642583], [0.044015471661612314, 0.28712753513454214, 0.45878764886225326, 0.21006934424159227], [0.03404258191245115, 0.349354118073814, 0.1389401703934012, 0.4776631295203337], [0.04376955816601208, 0.12668098838391287, 0.7067416493900869, 0.12280780395998817], [0.07383778195432521, 0.10415281400998502, 0.5720672223248843, 0.24994218161080553], [0.03510526194817443, 0.05188932641821767, 0.694475114276103, 0.2185302972575049], [0.041279262713853564, 0.054694878368331666, 0.6261451676494474, 0.27788069116836733]], "ideal": "A", "sampled": "A", "correct": true}}
{"type": "result", "data": {"idx": 4, "options": ["{AND, NOT}", "{NOT, OR}", "{AND, OR}", "{NAND}"], "probs": [[0.5347325761473951, 0.15813925742907997, 0.11936680137389216, 0.18776136494963278], [0.5735627198553694, 0.09664585080350628, 0.1520531716770926, 0.1777382575640317], [0.6665900398683752, 0.03168026097932401, 0.07840488207708272, 0.22332481697521805], [0.5344146708556108, 0.033123103393111364, 0.3094129688860361, 0.12304925676524171], [0.607339198771933, 0.12938019535603593, 0.15605205179641732, 0.10722855397561377], [0.5576281380802623, 0.2084962216259295, 0.11877967062061343, 0.11509596957319475], [0.4921888259213362, 0.05610955673221601, 0.11334493347896966, 0.3383566837674781], [0.4069900219473071, 0.04426998229403527, 0.3375485790592081, 0.21119141659944954], [0.4532289223412523, 0.04853709432197432, 0.10437161513257738, 0.393862368104196], [0.18153358928805008, 0.03865953575742587, 0.6339138202479692, 0.14589305460655486], [0.29041736016867997, 0.44305745762369514, 0.14159508905208862, 0.12493009305553629], [0.21727013262021233, 0.47479885104320685, 0.12777495192539043, 0.18015606431119038], [0.2894082025982382, 0.36601635264646043, 0.0969720915314129, 0.2476033531238885], [0.2893486234450484, 0.33318938808717175, 0.21511585367209723, 0.1623461346956826], [0.23388505328171666, 0.4171397747746169, 0.09601991020702617, 0.2529552616366402], [0.23781601727885046, 0.3152133179108995, 0.22350151501593876, 0.22346914969431123], [0.1692212966611474, 0.5296859267105128, 0.16927772735353755, 0.13181504917480213], [0.1675932084214999, 0.5246031801682154, 0.18127380039557356, 0.12652981091471108], [0.13741858506942367, 0.2733729820182682, 0.4234173658575991, 0.16579106695470902], [0.17153364418221798, 0.3807129263497156, 0.23088014123515174, 0.21687328813291473], [0.15258192332432077, 0.3898044053907819, 0.27637999011584036, 0.18123368106905696], [0.195769411053715, 0.2894475036240751, 0.22538952380486624, 0.28939356141734357], [0.25998091620373975, 0.10671800821526184, 0.3965411927014262, 0.2367598827795722], [0.16160848253516105, 0.09210037909718106, 0.5218630277033416, 0.22442811056431633]], "ideal": "C", "sampled": "A", "correct": false}}
{"type": "result", "data": {"idx": 5, "options": ["M = 10, m = 10", "M = 10, m = 1", "M = 7, m = 4", "M = 6, m = 4"], "probs": [[0.2931769279299137, 0.21128990383687415, 0.2670452972098959, 0.22848787092331627], [0.23896611156311617, 0.15435566806639928, 0.4261962282441729, 0.1804819920263116], [0.2809115862293789, 0.22238054206589677, 0.3390147882654568, 0.15769308333926757], [0.23003445563400185, 0.16068236528220295, 0.4299921989010926, 0.1792909800827026], [0.18089152062105382, 0.40161938656041946, 0.28917105690458766, 0.12831803581393905], [0.19937251204478862, 0.33414112529638584, 0.23685921647917227, 0.22962714607965323], [0.3636849034567052, 0.17734796335556752, 0.25799498728303016, 0.20097214580469713], [0.2752735686920292, 0.11126267742080395, 0.4540766701032379, 0.159387083683929], [0.5805509979154988, 0.08499613705192686, 0.20072506809406307, 0.13372779683851121], [0.4698041132966841, 0.07096485576552215, 0.3493074140577452, 0.1099236167800486], [0.4516828953768135, 0.23819006977083584, 0.16110999880610122, 0.14901703594624943], [0.4585861699893299, 0.16620488958499427, 0.25736794640136845, 0.11784099392430739], [0.3576884540730024, 0.09483722525753, 0.3013718403472246, 0.246102480222243], [0.27806519343595665, 0.06404057573903832, 0.5363452793650986, 0.1215489513599065], [0.26493790348297547, 0.2735371548626895, 0.21631271812670874, 0.24521222342762627], [0.32569350507470335, 0.21707816061849558, 0.35785247758153327, 0.09937585662526784], [0.31530015952786533, 0.35201420589709825, 0.1124637474201567, 0.22022188705487974], [0.2519307974042464, 0.07334068252886526, 0.5593181126902895, 0.11541040727659885], [0.4020442843949017, 0.08699658901104246, 0.2852305301096654, 0.22572859638439044], [0.3584854464687494, 0.08518660448473894, 0.37592686899390526, 0.1804010799526064], [0.32386634233136347, 0.1965427576783863, 0.26031938580531494, 0.2192715140849353], [0.3595745318705062, 0.2359570746775507, 0.2801425796488311, 0.12432581370311196], [0.40128417014889967, 0.19267149841859937, 0.1547626153899228, 0.25128171594257814], [0.21909005611299956, 0.05370652595062637, 0.5425810136463909, 0.18462240418998324]], "ideal": "C", "sampled": "D", "correct": false}}
{"type": "result", "data": {"idx": 6, "options": ["I only", "III only", "I and II only", "I and III only"], "probs": [[0.08559841406686203, 0.13683978804055016, 0.6528959079060953, 0.12466588988649252], [0.07065165463287358, 0.09967891720006965, 0.7719665629071842, 0.05770286515987252], [0.09041563761452315, 0.27006556373821095, 0.27008454781672137, 0.3694342507305446], [0.12114899694564166, 0.14620404052914474, 0.5024848021249515, 0.2301621603002621], [0.07792852934309184, 0.4702813992966025, 0.3231967735443687, 0.12859329771593694], [0.08480680922629066, 0.5799993405656025, 0.16103802979702259, 0.17415582031108426], [0.44725400852575153, 0.06650084654689964, 0.2146922088732793, 0.27155293595406954], [0.36351138485131207, 0.06029396153493023, 0.4669689553023646, 0.10922569821139311], [0.6645228515522253, 0.10356743837623203, 0.09883968015607919, 0.1330700298154634], [0.4442074066424327, 0.08887869102114954, 0.33549880747485084, 0.13141509476156696], [0.41302607382487266, 0.4006083994839216, 0.08663571073669439, 0.09972981585451138], [0.3545268913215419, 0.36031873399951664, 0.1525745025463787, 0.13257987203256272], [0.5189946734685859, 0.07597754668496594, 0.273652247352288, 0.13137553239416017], [0.35023215801006186, 0.059013162461874505, 0.3909597440152782, 0.19979493541278542], [0.6300506717788941, 0.20467689596477087, 0.06542644906682797, 0.09984598308950707], [0.3984847843700088, 0.2167688841373849, 0.32545663933310837, 0.059289692059497974], [0.30377038366985554, 0.24813953213338044, 0.11906166426805377, 0.32902841982871023], [0.19526848448512726, 0.18935954859779996, 0.5566770081279713, 0.05869495868910149], [0.7299320126020676, 0.054586350367297795, 0.13724418399553007, 0.0782374529351045], [0.7453461538557248, 0.05236214201842879, 0.11987262619896169, 0.08241907782688469], [0.7443489639689735, 0.14216634675490783, 0.0523074586522288, 0.06117723052388978], [0.6314894336718303, 0.1500756978883691, 0.15486169782888193, 0.06357317051091864], [0.7246205344932202, 0.06045394130292128, 0.09076946396906206, 0.12415606013479646], [0.6168043200592598, 0.07255359209508129, 0.22706756670193834, 0.08357452104372058]], "ideal": "C", "sampled": "D", "correct": false}}
{"type": "result", "data": {"idx": 7, "options": ["I only", "II only", "III only", "I and III"], "probs": [[0.25718698669445544, 0.08615760761107535, 0.09463586194271793, 0.5620195436517512], [0.06387188839655498, 0.040600008048527265, 0.8417342053485335, 0.05379389810638426], [0.16930787263607672, 0.12196257709237222, 0.21076558528223002, 0.49796396488932104], [0.05132886384444264, 0.039975319800602364, 0.8417361942778563, 0.06695962197709876], [0.09378902357268594, 0.693316972582886, 0.1453253106424708, 0.06756869310195714], [0.10536391836504086, 0.645678315394238, 0.17652381385339375, 0.0724339522873273], [0.25469366472479865, 0.08666674305128866, 0.07530798986718948, 0.5833316022567232], [0.09117818013677438, 0.05706071193036115, 0.7880958435357663, 0.06366526429709812], [0.22173276706603706, 0.07664131429502853, 0.15244034044738353, 0.5491855780915509], [0.06803411989723787, 0.04603329300420099, 0.7788721918280881, 0.107060395170473], [0.13064973815063693, 0.5251751844148139, 0.29457117458255977, 0.049603902751989344], [0.06988939209579165, 0.6844294376476882, 0.17577271947471154, 0.06990845068180866], [0.3484683307965756, 0.06151559002868441, 0.09831157155175388, 0.49170450752298617], [0.06358296376141638, 0.037966418724685945, 0.8377698000593918, 0.0606808173545058], [0.4778252981967325, 0.04958851782745499, 0.0884112294946483, 0.3841749543811642], [0.07606413242974244, 0.0337517896028078, 0.8053136497128612, 0.0848704281545885], [0.22128445237576122, 0.440227038223635, 0.28424221697948426, 0.05424629232111948], [0.09420879043875613, 0.6855137841386468, 0.13711730930153299, 0.08316011602106402], [0.8115954601298009, 0.06561091968900269, 0.07552455744204449, 0.04726906263915195], [0.7679588312328629, 0.09032859786931295, 0.09767937804794107, 0.0440331927498831], [0.7857256804999927, 0.04575055649696205, 0.10976270135366867, 0.058761061549376575], [0.7206770503102954, 0.0736433449452493, 0.14648643789405016, 0.05919316675040516], [0.7411045221819335, 0.09725159912896085, 0.1119561030133819, 0.04968777557572373], [0.6825114804284748, 0.11499224130808765, 0.1409247459696415, 0.061571532193796144]], "ideal": "B", "sampled": "D", "correct": false}}
{"type": "result", "data": {"idx": 8, "options": ["It is inherently nonassociative because some numbers have no exact representation.", "It is inherently nonassociative because there have to be upper and lower bounds on the size of numbers.", "Associativity can be achieved with appropriate roundoff conventions.", "Some rational numbers have no exact representation."], "probs": [[0.13228181200316674, 0.6515016652215945, 0.09383396198159832, 0.1223825606936405], [0.14411932335931799, 0.5977372571059656, 0.15589545781763692, 0.10224796161707947], [0.13542024487198656, 0.11058062811772472, 0.5980425342756928, 0.155956592634596], [0.18297818164949065, 0.05497059929588138, 0.16154098388769367, 0.6005102350669344], [0.10968111300495, 0.10633454344341772, 0.6725220724435953, 0.11146227100803702], [0.23830672848931403, 0.14688480664955222, 0.07739388600527077, 0.537414578755863], [0.7873893174049946, 0.10017225629130463, 0.038014869141859794, 0.07442355706184099], [0.7588376201814293, 0.10768693501027819, 0.059470373507547504, 0.07400507120074495], [0.6515696679179405, 0.059699414486371845, 0.17545907406965636, 0.11327184342603129], [0.38371530028426803, 0.046571042210529844, 0.07677591562704424, 0.49293774177815786], [0.5258756083515568, 0.133022228875037, 0.26877330729757287, 0.07232885537583338], [0.6270681619017097, 0.08490546791896536, 0.04990928619600928, 0.23811708388331568], [0.12697897093343696, 0.16828150042511048, 0.5695083993396833, 0.13523112920176927], [0.16156914181124754, 0.2665111263245406, 0.0892630191418757, 0.4826567126223361], [0.08749898429077455, 0.7802249773724211, 0.06304593108306171, 0.06923010715374261], [0.03998238056406401, 0.6979892021161032, 0.07709677173676063, 0.18493164548307217], [0.09210767125483182, 0.07174666439014442, 0.5736253431946211, 0.2625203210604027], [0.06473278084819345, 0.06177184196538825, 0.7298404383343661, 0.14365493875205226], [0.0690075099922443, 0.10692169755198072, 0.7311660810089461, 0.09290471134682884], [0.05694501092084198, 0.3773842796569788, 0.041674331757215195, 0.523996377564964], [0.0502249827583385, 0.5842669074875002, 0.3175669645673643, 0.047941145086797046], [0.028885634795023755, 0.7452970077866194, 0.06213115967372139, 0.16368619764463543], [0.15404898730125502, 0.105923993438827, 0.3815726538441121, 0.3584543653158058], [0.08298008640830155, 0.08974260568488443, 0.6431002424580416, 0.18417706534877237]], "ideal": "C", "sampled": "B", "correct": false}}
{"type": "result", "data": {"idx": 9, "options": ["If the owner modifies the file, another user who does not share will see the changes.", "If the owner renames the file, other users will not be able to access it.", "If the owner is allowed to delete a file, dangling links may result.", "If any user who shares the file appends to it, others who share it will not be able to access the new disk blocks."], "probs": [[0.03863496755877616, 0.009615531315640526, 0.7890295488403107, 0.16271995218527263], [0.07606189201353163, 0.010619950718677735, 0.48876586345388434, 0.4245522937139063], [0.026005248573997664, 0.7602094694289863, 0.021569593679595486, 0.19221568821742063], [0.02392744663064404, 0.8842191165115784, 0.03707538944913277, 0.05477804730864487], [0.05895432300257648, 0.12097675030974003, 0.00535994055370444, 0.814708986033979], [0.11756507042817739, 0.030664817752278757, 0.7917138661727313, 0.060056245546812485], [0.04375834646828222, 0.011592721314259511, 0.8011189572368513, 0.14352997488060687], [0.07222506663952032, 0.01400047446644171, 0.4569294145815258, 0.45684504421251215], [0.01570330539575554, 0.793234099456621, 0.014082310536257527, 0.17698028451136583], [0.019848628226434406, 0.884879660134485, 0.046895798902498356, 0.04837591263658223], [0.01891146174690271, 0.3406019711358184, 0.0038443076277691795, 0.6366422593895097], [0.07774656430997595, 0.04292887128990222, 0.8370408983406159, 0.042283665959505876], [0.8294452452398752, 0.009659401405758342, 0.018921793063874915, 0.14197356019049162], [0.9105319395016828, 0.007638026006496597, 0.05558659526179513, 0.026243439130025498], [0.8395382258894983, 0.010087072029674215, 0.015388344584971502, 0.13498635739585593], [0.8163292886140686, 0.01495584653747497, 0.1333919990708801, 0.0353228656775763], [0.9721432805583367, 0.008283633298651217, 0.004575975559443374, 0.014997110483568703], [0.9570247850847733, 0.014311902703430288, 0.009996896943836363, 0.018666415167960016], [0.5235277350413856, 0.013314659544713586, 0.021963434025754267, 0.44119417128814653], [0.25133515930756295, 0.017924097261187977, 0.6226173279163173, 0.1081234154149318], [0.499695911497232, 0.01290882990939779, 0.010217653272413025, 0.47717760522095715], [0.1990520014665453, 0.020979472596755075, 0.6956540708261846, 0.08431445501051497], [0.2528835895326807, 0.646096348130136, 0.021429533003592603, 0.0795905292335908], [0.3645478295776709, 0.49858003123750994, 0.05421806144227975, 0.08265407764253943]], "ideal": "C", "sampled": "C", "correct": true}}
{"type": "result", "data": {"idx": 10, "options": ["None", "III only", "I and II only", "I, II, and III"], "probs": [[0.002703247811196083, 0.08151205588440356, 0.009741588447066643, 0.9060431077573337], [0.0030364984797036742, 0.19687336177084916, 0.7791567244469456, 0.02093341520250158], [0.002428753210780291, 0.011233115149167597, 0.5806181809985352, 0.4057199505415169], [0.002518086548529804, 0.01192256646186179, 0.7264390763666262, 0.25912027052298225], [0.0029271286732138746, 0.021629592270669705, 0.9493274034256475, 0.026115875530468895], [0.009520957440546488, 0.06507507099273073, 0.21348405319613079, 0.711919918270592], [0.010812465659135758, 0.007094349466960244, 0.05201304151670318, 0.9300801432572008], [0.016623315304400504, 0.01702305573729535, 0.8869730679330488, 0.0793805609252554], [0.024844151357970017, 0.017762014905256272, 0.03070699655265995, 0.9266868370841137], [0.027934424826005683, 0.04465593511847512, 0.791845573876566, 0.13556406607895327], [0.18503674475707438, 0.30754931611021363, 0.30065812469444897, 0.206755814338263], [0.11927979472399276, 0.1892230397736726, 0.49887096883607296, 0.19262619656626168], [0.003102813284071554, 0.006078314785752335, 0.753567794173924, 0.23725107765625206], [0.0029212501560999383, 0.007881828207710927, 0.8427323696636495, 0.1464645518725396], [0.005011787244253388, 0.05782198988835537, 0.009671266329350121, 0.9274949564380411], [0.005052609001615996, 0.052656810625563176, 0.8911955900406955, 0.05109499023212537], [0.0060387188056513, 0.8423721122818086, 0.028187580167581477, 0.12340158864495862], [0.009217184787103377, 0.5931302192440057, 0.3226915534481673, 0.07496104242072368], [0.0063071189547902595, 0.012547016899750303, 0.943955548387226, 0.03719031565823344], [0.024165759175760533, 0.03893569907259112, 0.3364868207598901, 0.6004117208917582], [0.04781661570960327, 0.23724141437114518, 0.13116691028006677, 0.5837750595391847], [0.051209813977675725, 0.24822579218716778, 0.4293665529376737, 0.2711978407974828], [0.057153934127735014, 0.07114832556046004, 0.11117254485978835, 0.7605251953520166], [0.05488973421550304, 0.09941957778883163, 0.5505969462298944, 0.2950937416657709]], "ideal": "D", "sampled": "D", "correct": true}}
{"type": "result", "data": {"idx": 11, "options": ["n", "n + 1", "n + 2", "2n"], "probs": [[0.07908227779989964, 0.8505753204660875, 0.04169276240025237, 0.028649639233760495], [0.08347026226777247, 0.8303542105382536, 0.04611645248772807, 0.04005907460624575], [0.025503510454217282, 0.03028972277194979, 0.9279919291993385, 0.016214837474494467], [0.29488070917516457, 0.2858733151306943, 0.22270575989922772, 0.1965402156949134], [0.1368985931207327, 0.19008533796320898, 0.5502638857281087, 0.12275218308794969], [0.23854809286151746, 0.38132258109444117, 0.13387445705164477, 0.2462548688923966], [0.4577548946788143, 0.21291147742414143, 0.25688543421076826, 0.07244819358627598], [0.41443153285341705, 0.20518564717239962, 0.28495272354272944, 0.09543009633145384], [0.6023982031995069, 0.14997660777015406, 0.16733970862429498, 0.08028548030604411], [0.5275985119917559, 0.20664071006438617, 0.1740488299713317, 0.09171194787252625], [0.5677303413616328, 0.19932676547720138, 0.14585722360685563, 0.08708566945431018], [0.6105875417768387, 0.19519288981387806, 0.11657014574859714, 0.07764942256068609], [0.020261386129801055, 0.022962497478708817, 0.9467432046539834, 0.010032911637506728], [0.174855910590206, 0.1861646854466904, 0.44682653751195983, 0.19215286635114376], [0.06760953655725267, 0.8502409225514052, 0.05607468874511747, 0.026074852046224686], [0.08572421924632669, 0.8011587321906767, 0.06575853915856283, 0.04735850930443382], [0.2532052695497985, 0.16351035235677214, 0.2961859404744555, 0.28709843751897385], [0.07557950196247801, 0.040458779928731634, 0.8519520194421806, 0.03200969856660979], [0.075455027360729, 0.06659748627837622, 0.7991644411199822, 0.05878304514091261], [0.2676671266735359, 0.17285693462805124, 0.199016117985737, 0.3604598206126758], [0.13076147338363137, 0.7072693652155834, 0.09721623287706788, 0.06475292842371741], [0.10900426898561251, 0.7452526258360986, 0.08361120708071747, 0.06213189799757133], [0.3190316367407511, 0.20602484307464985, 0.2263316973023761, 0.24861182278222296], [0.13260662653168148, 0.10656427670370039, 0.6951649836140471, 0.06566411305057096]], "ideal": "A", "sampled": "B", "correct": false}}
{"type": "result", "data": {"idx": 12, "options": ["3", "8", "10", "13"], "probs": [[0.2643054245582603, 0.21277370507856033, 0.2817117399460775, 0.24120913031710184], [0.25201984861923565, 0.19967853723438744, 0.299666966472894, 0.2486346475734829], [0.23537065875052118, 0.20485355837521158, 0.3483637169142773, 0.2114120658599899], [0.2666231016064364, 0.22145395808824794, 0.2797729289319607, 0.23215001127335497], [0.24335344495952618, 0.13668081366663523, 0.34363201769182, 0.2763337235820186], [0.24662113902079744, 0.14295348311605385, 0.29788964666931, 0.31253573109383875], [0.32265543934456553, 0.21535634992353272, 0.22907876966093002, 0.23290944097097174], [0.2999459728258395, 0.19700534617460744, 0.28658106075200573, 0.21646762014754728], [0.29154578282817084, 0.22048914758875177, 0.2742195169982204, 0.213745552484857], [0.2881808323598934, 0.2079047591464152, 0.30235687345754786, 0.20155753493614353], [0.3163567341686303, 0.19827016299752806, 0.27090122082052154, 0.2144718819133201], [0.27958093821079955, 0.18363768529675265, 0.29335828301245653, 0.24342309337999127], [0.2764290272913116, 0.18445961175504494, 0.2946381866637277, 0.24447317418991577], [0.2963996827305987, 0.1917066573904973, 0.25785174963279944, 0.2540419101461046], [0.2532203419783709, 0.22391101048402992, 0.30585302988054447, 0.21701561755705473], [0.2726036431786644, 0.2194080301635216, 0.28157557312901466, 0.22641275342879935], [0.30322919196521414, 0.17306146539690398, 0.2596820371988621, 0.2640273053390198], [0.24257594344574362, 0.1362309753758575, 0.37041416760555196, 0.2507789134728469], [0.23630866405984996, 0.1843173801714639, 0.3233916163121127, 0.2559823393565734], [0.257059007857366, 0.220309078671359, 0.21671310065009688, 0.30591881272117816], [0.2538893671908028, 0.21083456042294732, 0.29254444194159707, 0.24273163034465278], [0.2422744441806891, 0.207638049446355, 0.2706013144550915, 0.2794861918178644], [0.24359148012373336, 0.2329189707726086, 0.25957440553768296, 0.26391514346597506], [0.2140188216949067, 0.21106851098810944, 0.3318982123996715, 0.24301445481731232]], "ideal": "A", "sampled": "B", "correct": false}}
{"type": "result", "data": {"idx": 13, "options": ["Routing packets through the network", "Reliable delivery of packets between directly connected machines", "Reliable delivery of large (multi-packet) messages between machines that are not necessarily directly connected", "Dealing with differences among operating system architectures"], "probs": [[0.0033079738799487815, 0.9921008192620129, 0.00287421665800291, 0.0017169901000353665], [0.0030378244792792935, 0.992781238820903, 0.0014351651411069213, 0.002745771458710771], [0.003804230125071155, 0.991365907976947, 0.003279720893426143, 0.0015501409045556335], [0.0031104392588392695, 0.9931067744753868, 0.0013590729686449752, 0.0024237131971290276], [0.0036256777364031337, 0.0026948547384213362, 0.9899673098612213, 0.003712157563954211], [0.006739762218707413, 0.0032340933545696618, 0.9851708433786783, 0.0048553009480446175], [0.06359100353005713, 0.025298686742671717, 0.9063561574699293, 0.0047541521573419045], [0.6984729469332449, 0.048286548085507454, 0.003965778445824968, 0.24927472643542267], [0.06902477178254032, 0.9242349907318081, 0.0029635143142568367, 0.003776723071394743], [0.05005192289615805, 0.9450597691962925, 0.0016867596196036532, 0.003201548187945728], [0.7567833245438755, 0.012234142308004174, 0.007083672640195778, 0.22389886040792453], [0.7692049258097028, 0.014537902956541067, 0.20715769053098557, 0.009099480602770606], [0.9714913120647232, 0.0134367620597583, 0.012048417011057855, 0.0030235087644607007], [0.9756132763086152, 0.007809113564679865, 0.001040895046375335, 0.015536714980329588], [0.9896105809718521, 0.0072695573068260935, 0.0008484340165231554, 0.0022714276047987323], [0.9899609257896508, 0.006621387434537397, 0.0006558865537145017, 0.0027618001220972685], [0.9829494793822323, 0.0033578347975257144, 0.0007152219504301931, 0.01297746376981171], [0.9920618330986477, 0.0035242642485800242, 0.0025991568741056707, 0.0018147456786665893], [0.004246776895426742, 0.005583157725928732, 0.9842267567335927, 0.005943308545051778], [0.005667174803001248, 0.0058021462639038, 0.9838313638037756, 0.00469931502931943], [0.005738231010862698, 0.9581763768324894, 0.010151891363029276, 0.02593350069361866], [0.00436818079308053, 0.988998082796229, 0.003510383964846246, 0.003123352345844199], [0.008708320350388793, 0.9687265522717095, 0.007627378501633988, 0.014937748776267728], [0.009163282802191393, 0.9650331725658357, 0.019251080210024352, 0.00655246432194856]], "ideal": "C", "sampled": "C", "correct": true}}
{"type": "result", "data": {"idx": 14, "options": ["I only", "II only", "III only", "I and II only"], "probs": [[0.17732420128743057, 0.21059860052140203, 0.24240773868567025, 0.3696694594054971], [0.08467322334774317, 0.11044346955972742, 0.6873001250741982, 0.11758318191833121], [0.10768751638516492, 0.2583633622512637, 0.22099995281572551, 0.41294916844784585], [0.1334201007986804, 0.14885530539701827, 0.5980953244905505, 0.11962926921375079], [0.09288977069382204, 0.6551052986461597, 0.1416727784253503, 0.11033215213466788], [0.10953140573530025, 0.630499125927882, 0.1521104721381854, 0.1078589960986323], [0.27432477062693633, 0.17992660133340851, 0.1587907201073118, 0.3869579078323433], [0.12255548958496419, 0.12645656151825496, 0.6225233812571673, 0.12846456753961355], [0.26533690092294443, 0.20031566915893115, 0.18818308411146886, 0.34616434570665555], [0.14137024965407, 0.1328155676468182, 0.5680643234867373, 0.15774985911237446], [0.2138579940230228, 0.4389013353287961, 0.24620051518746403, 0.10104015536071706], [0.1573264493193504, 0.5755856842696925, 0.15015313511048603, 0.11693473120047113], [0.2880053350639825, 0.2010794818682823, 0.20425940471004625, 0.3066557782576889], [0.165695322054516, 0.12905344173432134, 0.5519710100341555, 0.15328022607700717], [0.36542671370686514, 0.19561947588723516, 0.1837786110488783, 0.25517519925702137], [0.1830035678711919, 0.1447764103614934, 0.4975604040822706, 0.17465961758504409], [0.31183597210033714, 0.38816311662366276, 0.22819647020653433, 0.0718044409694658], [0.1560859279502091, 0.5281372823227986, 0.2133914444647855, 0.10238534516220679], [0.47682675852616185, 0.21162735152349452, 0.205126556428033, 0.10641933342231062], [0.5202722587681509, 0.16373859466270307, 0.21026034807740362, 0.10572879839174248], [0.5757026500214819, 0.13891765059877095, 0.18989265887350343, 0.09548704040624374], [0.5071565139005493, 0.20494427701022436, 0.1895559961705789, 0.09834321281864745], [0.5014689564203426, 0.17607107756761323, 0.22966359553424648, 0.0927963703777977], [0.40373092284142503, 0.1968004673999373, 0.2819340186741047, 0.11753459098453295]], "ideal": "A", "sampled": "D", "correct": false}}
{"type": "result", "data": {"idx": 15, "options": ["a^M = a", "(ax)^M = (xa)^M", "(xy)^M = y^Mx^M", "None of the above"], "probs": [[0.34681262132690016, 0.19160125514146611, 0.3752259779447292, 0.08636014548690443], [0.38063406512586623, 0.296639641119356, 0.10574099384434307, 0.21698529981043466], [0.2960399962960677, 0.23064246599571334, 0.3517730507515783, 0.12154448685664065], [0.28785287902080076, 0.3163820457681231, 0.06426016889972372, 0.33150490621135237], [0.32815863211932583, 0.17299524664660257, 0.3388371911825914, 0.16000892995148017], [0.254903674100181, 0.1546652465904066, 0.4995080828167179, 0.09092299639269451], [0.4306276568526837, 0.21665439653180316, 0.245489604612168, 0.10722834190334508], [0.4600543310770139, 0.262322034476959, 0.15179021428810266, 0.12583342005792447], [0.3888587711192546, 0.11679110103856517, 0.3599000328404424, 0.13445009490173782], [0.43874492218033073, 0.22424095379140982, 0.13599436591670594, 0.20101975801155347], [0.42613444803263123, 0.12405727247887326, 0.3024454577361636, 0.14736282165233194], [0.30861660375166394, 0.13072052401903608, 0.4029390751474626, 0.1577237969818374], [0.3423878848210316, 0.19516801832154765, 0.32185730334878043, 0.1405867934086403], [0.4109677939378939, 0.2614634911345482, 0.10396685372768139, 0.2236018610998765], [0.34057051701203356, 0.33553341777694823, 0.2199922849016202, 0.10390378020939803], [0.31321871044171856, 0.4561127985847396, 0.11173724298747663, 0.11893124788606527], [0.3802180957283976, 0.13145039190823263, 0.30577011070948196, 0.1825614015538878], [0.2961355491600665, 0.15611195795333846, 0.3866252956394955, 0.16112719714709953], [0.2191560286567383, 0.19652691800256755, 0.3615760587344955, 0.22274099450619864], [0.1625650573378676, 0.14577109054571283, 0.5503582521829473, 0.14130559983347227], [0.21829726586663564, 0.3774375712801525, 0.26760119008142486, 0.13666397267178704], [0.14807205508229263, 0.41560906670651776, 0.29929934145203335, 0.13701953665915625], [0.1507100611774415, 0.4573490321178851, 0.25250458714821145, 0.13943631945646195], [0.17130074882878246, 0.35727690582049704, 0.3103991654085907, 0.16102317984212983]], "ideal": "D", "sampled": "B", "correct": false}}
{"type": "result", "data": {"idx": 16, "options": ["The wait is expected to be short.", "A busy-wait loop is easier to code than an interrupt handler.", "There is no other work for the processor to do.", "The program executes on a time-sharing system."], "probs": [[0.0015795188902896684, 0.9494518605759106, 0.01939387612979769, 0.029574744304002105], [0.0015995912192667652, 0.9392138087584613, 0.02705579240701323, 0.032130807515258666], [0.0042271636782700555, 0.010964426994173333, 0.9132818455429286, 0.07152656368462808], [0.0394255769363144, 0.053899554987461344, 0.07600393692378785, 0.8306709310524364], [0.007741660339731816, 0.01276439580959668, 0.9093831076827692, 0.07011083606790224], [0.046815019575821695, 0.014505603497851743, 0.18233308381036487, 0.7563462930159617], [0.9827262156459703, 0.0024759044492896542, 0.00642126324910857, 0.008376616555631473], [0.9841220812398744, 0.001946055414613166, 0.005674630775465932, 0.008257232470046416], [0.9871964989626496, 0.0019070074051576885, 0.005023199709078392, 0.0058732938231142815], [0.9696611347901835, 0.0039034828810267106, 0.011471607937541144, 0.014963774291248719], [0.9843554399207055, 0.0021047515341004472, 0.006137078379021867, 0.007402730066172202], [0.9662714943668298, 0.0043396604042719505, 0.01275379456721649, 0.016635050561681772], [0.005181299695717591, 0.0024478529466873686, 0.9137753553668008, 0.0785954918907942], [0.05686796933136531, 0.0022406580802168774, 0.0644498181212355, 0.8764415543671823], [0.0015527835892995565, 0.9705403059769337, 0.01362650787085635, 0.014280402462910347], [0.003435480824095351, 0.9308235509994333, 0.03184400825109207, 0.033896959825379276], [0.042102370858128485, 0.005524417420959068, 0.008292455511809857, 0.9440807561091026], [0.013942736624494365, 0.013943935236604239, 0.8905824694518542, 0.08153085858704727], [0.007383287383108724, 0.00836646354162463, 0.9233630878555968, 0.06088716111966982], [0.09245209274417138, 0.007831713081817229, 0.04873055900683605, 0.8509856350671754], [0.0019619096789764054, 0.9624378577141312, 0.01531351620540981, 0.02028671630148263], [0.007092926386298004, 0.9149195806169678, 0.03384558357535164, 0.04414190932138257], [0.03945039293139492, 0.011305078163275351, 0.007649551301699843, 0.9415949775036299], [0.014750271825253628, 0.022846333776881163, 0.885086706320539, 0.07731668797732617]], "ideal": "D", "sampled": "B", "correct": false}}
