{"type": "result", "data": {"idx": 0, "options": ["r = k ln[A]", "r = k [A]^2", "r = k [A]", "r = k"], "probs": [[0.1654009677147038, 0.01152860646893301, 0.37297636051301547, 0.4500940652033477], [0.03185201548687788, 0.009417938400870577, 0.9171727623362879, 0.04155728367596362], [0.031076410945516043, 0.6496008461362764, 0.022045988161910328, 0.2972767546562971], [0.04528126359115013, 0.7665376401815348, 0.1352283356320855, 0.05295276049522961], [0.01036365351349822, 0.9263033459700761, 0.008594403218621437, 0.05473859719780425], [0.01577619991319555, 0.9465976694950022, 0.018593328044653246, 0.019032802447148996], [0.11728908819510399, 0.015879259458340317, 0.542744251598935, 0.3240874006476207], [0.019802708969814876, 0.009503622918981446, 0.9328075423935102, 0.03788612561769356], [0.04748616633492822, 0.7205432491652615, 0.02562628256363572, 0.20634430183617464], [0.053890861866584684, 0.42423138255238235, 0.49580872330965037, 0.026069032171382615], [0.005291809696999866, 0.9332850630359435, 0.008795336502330234, 0.05262779066472634], [0.005481671914061028, 0.9592011030006102, 0.020529625468382898, 0.014787599516945853], [0.9198671998220708, 0.01940242475702939, 0.011955724642189938, 0.04877465067870984], [0.25541011526151197, 0.02630406230710681, 0.6948912804427572, 0.023394541888624054], [0.8274994445463189, 0.025794045852931317, 0.017730254579069744, 0.12897625492168008], [0.1302436296893188, 0.014846745932281786, 0.8367202908331891, 0.01818933344521026], [0.25319010771335787, 0.6888044681100018, 0.023194269034756482, 0.03481115504188383], [0.6288320269275894, 0.3368845798120165, 0.015874262513187423, 0.01840913064720662], [0.9033913007002397, 0.013725661658496183, 0.005128905171826838, 0.07775413236943733], [0.07828018126807751, 0.018027736006571142, 0.8827825253526421, 0.020909557272709264], [0.8751251491830138, 0.01506624438014068, 0.008451857049746091, 0.10135674928709945], [0.8539148202428872, 0.01564714804156785, 0.11035098406673026, 0.02008704754881466], [0.09067135590416411, 0.8608823094308022, 0.0238467685954921, 0.024599565969541562], [0.1642662338609006, 0.7841515788593851, 0.021894170662435642, 0.029688016517278586]], "ideal": "D", "sampled": "D", "correct": true}}
{"type": "result", "data": {"idx": 1, "options": ["all molecular bonds absorb IR radiation", "IR peak intensities are related to molecular mass", "most organic functional groups absorb in a characteristic region of the IR spectrum", "each element absorbs at a characteristic wavelength"], "probs": [[0.00046420049940307023, 0.0003673171734863844, 0.9972291378148791, 0.0019393444122314796], [0.0008866740745373037, 0.0007352633113817573, 0.0018932065752548413, 0.9964848559388261], [0.0009020425508441059, 0.9972969307690147, 0.000446616265157048, 0.0013544103149841428], [0.0009237674509802049, 0.9976454289554865, 0.0003589911624372889, 0.0010718123310960298], [0.0022440157815423896, 0.0022797485310057457, 0.0003390835559331323, 0.9951371520315188], [0.0020923172827716223, 0.0044993447372191, 0.9877192207298422, 0.005689117150167127], [0.0005209359740619979, 0.0015192323872047853, 0.995354937929895, 0.0026048936088381796], [0.0010430045324984034, 0.0020908179489569603, 0.0019197294572770006, 0.9949464479612676], [0.0006060467011069601, 0.9979701680790902, 0.00037636363573725597, 0.0010474214840655422], [0.0008474378986801063, 0.9973077431984589, 0.00043629678192440947, 0.001408522020936563], [0.0012090150983322704, 0.002172599651722643, 0.0022430015957176697, 0.9943753835542274], [0.0009198374229359614, 0.0021056919816944204, 0.9937122773772167, 0.003262193118152982], [0.9996427686418713, 0.00018397298116754862, 2.3212465781692988e-05, 0.00015004581117943712], [0.9996396171409458, 0.00016621827979668635, 2.1469752486093422e-05, 0.0001726947267713546], [0.999635954045596, 0.0001649292661208416, 2.2322943136563948e-05, 0.0001767936451465506], [0.9995741079056155, 0.00017552325902546177, 2.338860676761255e-05, 0.00022698012859142163], [0.9995757122691771, 0.00017970406721284706, 2.6300534129117162e-05, 0.0002182830294809743], [0.9996013774217216, 0.00018108828091403017, 2.4897239196581964e-05, 0.00019263695816777742], [0.0017494758611261193, 0.0017226558678497565, 0.00034208087564528033, 0.9961857872953789], [0.0010937405159158464, 0.0013613161412980661, 0.995040826488831, 0.0025041167539550965], [0.0011744498858773276, 0.00083305305895692, 0.0016065348860997944, 0.9963859620690659], [0.000680485613759816, 0.0005300887781455394, 0.9968352765480109, 0.001954148960083779], [0.0013327408416928626, 0.9970070100869979, 0.00044646911212558384, 0.0012137798591837004], [0.0016070208548991367, 0.9966311477561061, 0.0004292247477488599, 0.0013326065412459119]], "ideal": "C", "sampled": "C", "correct": true}}
{"type": "result", "data": {"idx": 2, "options": ["2", "3", "4", "5"], "probs": [[0.04347325083571122, 0.35843321410384754, 0.3938217431373333, 0.2042717918231079], [0.058887972544384555, 0.36080184037650914, 0.29923009423556635, 0.28108009274353996], [0.040005912478385496, 0.11044903930220949, 0.7674276370575924, 0.08211741106181257], [0.1112871318826239, 0.2628429653561524, 0.3826942782894899, 0.24317562437173376], [0.05197557457925547, 0.10831908154245043, 0.7526249976178516, 0.08708034616044247], [0.07644340509072545, 0.22118889122761068, 0.49119643103927474, 0.21117127254238913], [0.30073048765243376, 0.12932529658796668, 0.4114085908893034, 0.15853562477029615], [0.37996441122070107, 0.15837635098304084, 0.20036865768813117, 0.26129058000812694], [0.4537620003053375, 0.20135208052146591, 0.22832300025051458, 0.11656291882268204], [0.4273978077774505, 0.1547913069542386, 0.30802192592471855, 0.10978895924359232], [0.35068964954684023, 0.2525851726279397, 0.19994495807078766, 0.19678021965443238], [0.23598051420445554, 0.14766054073973905, 0.5239281731905363, 0.09243077176526904], [0.135246120990468, 0.15086496774028887, 0.5698694329806179, 0.1440194781886252], [0.182812678539542, 0.15881124373891173, 0.4122678996548238, 0.24610817796672246], [0.12092012820733271, 0.5013686380677081, 0.24064579424354668, 0.1370654393814124], [0.12126682336110689, 0.17643697032246008, 0.6162860209240337, 0.0860101852923993], [0.2256595261365872, 0.37209568532845794, 0.15041920989496965, 0.25182557853998516], [0.11722003975753859, 0.10183403260605815, 0.6964950301362325, 0.08445089740017081], [0.16734016432637486, 0.18666904050217753, 0.42764640281415733, 0.21834439225729027], [0.11320462653094038, 0.1808869364544623, 0.38324751875073537, 0.32266091816386194], [0.13008036105763565, 0.41349629795875653, 0.26708332497439213, 0.1893400159092157], [0.12284996633902963, 0.2993815011838546, 0.4567924839574582, 0.12097604841965759], [0.23034755657190653, 0.37398940514837464, 0.14651766816419953, 0.2491453700155193], [0.16900625571399275, 0.22741965608379477, 0.48181697003468293, 0.12175711806752955]], "ideal": "D", "sampled": "B", "correct": false}}
{"type": "result", "data": {"idx": 3, "options": ["The I\u2212 : IO3\u2212 ratio is 3:1.", "The MnO4- : I- ratio is 6:5.", "The MnO4- : Mn2+ ratio is 3:1.", "The H+ : I\u2212 ratio is 2:1."], "probs": [[0.29903411946105124, 0.18452933131636665, 0.40971781811244207, 0.10671873101014005], [0.3720365894048443, 0.2483166493979637, 0.16405076543609468, 0.21559599566109736], [0.3304868564315417, 0.23844308615826376, 0.31588577514963545, 0.11518428216055912], [0.3521496881930373, 0.2747891258393532, 0.1873018546049305, 0.18575933126267896], [0.2771203148708047, 0.07407675544805875, 0.379666538322241, 0.2691363912588955], [0.27344352207909095, 0.07717754748569196, 0.4884537494323986, 0.16092518090281843], [0.3054980109700528, 0.08556784051040651, 0.4667459676137251, 0.14218818080581558], [0.4086990088463839, 0.08711046789542802, 0.19035242637841074, 0.31383809677977736], [0.42153024041117604, 0.21896788149420396, 0.19939000605451926, 0.1601118719401007], [0.4181747720587226, 0.1887449332327945, 0.2073399865911697, 0.18574030801731314], [0.34248181408612316, 0.07413401288243347, 0.142941978344735, 0.4404421945867084], [0.2527294026874163, 0.07359260681170232, 0.5444950176866858, 0.1291829727141956], [0.47638936265679793, 0.13145469519536515, 0.2555070297315624, 0.1366489123162745], [0.49548985045633503, 0.15867165202317352, 0.16888700927258488, 0.1769514881479066], [0.35914388599798674, 0.3223386166415176, 0.19239848906869278, 0.12611900819180294], [0.3838592996129567, 0.2856594792115821, 0.16268963589767743, 0.1677915851777838], [0.5020177810280838, 0.14982239454015747, 0.19241116365621125, 0.15574866067554752], [0.4826448071111476, 0.1231755269160371, 0.2671379506426184, 0.12704171523019686], [0.21605458329191554, 0.06293216628393782, 0.4109017734221787, 0.31011147690196794], [0.29609038207492977, 0.08423658216567377, 0.44540893701682477, 0.1742640986425717], [0.24242564265764346, 0.30695513802543783, 0.1579066114835967, 0.292712607733322], [0.2094872304186466, 0.20650540395587455, 0.48802858293945, 0.09597878258602881], [0.3922551636151517, 0.24205842659088772, 0.19145097185539167, 0.1742354378385689], [0.3319808020553487, 0.21131471269658147, 0.3325669243427898, 0.12413756080528003]], "ideal": "B", "sampled": "C", "correct": false}}
{"type": "result", "data": {"idx": 4, "options": ["always", "only for constant pressure processes", "only for constant temperature processes", "only for constant volume processes"], "probs": [[0.027516646607341225, 0.9628327536991039, 0.00505168474400864, 0.0045989148495461695], [0.029906688791208832, 0.9602800774805451, 0.005117708736539669, 0.00469552489170639], [0.5038339213615898, 0.43795109323776304, 0.02650567368307482, 0.031709311617572365], [0.5147845225234309, 0.4336982731638517, 0.020602776042588252, 0.030914428170129134], [0.5830058259416283, 0.3649750229173436, 0.028143850140086815, 0.02387530090094132], [0.5842649307396965, 0.36576604635094284, 0.024696854734017577, 0.02527216807534305], [0.8979842289754018, 0.08622476100338607, 0.007773891234050621, 0.008017118687161604], [0.8691061551040917, 0.11230015541915762, 0.010203990637611484, 0.008389698739139176], [0.6640747271575901, 0.010242913988175163, 0.3188585690227352, 0.00682378973149951], [0.8338517646775943, 0.013480170791777595, 0.01652010177540359, 0.13614796265522458], [0.5442563484899458, 0.011838271694876314, 0.43766640160744635, 0.006238978107731579], [0.8266809715986042, 0.017160001181585144, 0.01689798290311044, 0.13926104421670019], [0.6754957814302445, 0.24099208268676758, 0.04599267873412212, 0.03751945704886578], [0.6858166949388514, 0.24087838467218142, 0.03752017709952636, 0.03578474318944081], [0.25523169628807524, 0.016063709932429174, 0.7163876198717858, 0.012316973807709767], [0.695588389100957, 0.03305124765151295, 0.0346446511220664, 0.23671571202546363], [0.18755859588867477, 0.011804603324879126, 0.7902999114831349, 0.010336889203311134], [0.6434564781575619, 0.03105545508716256, 0.03988453491779281, 0.2856035317374827], [0.24381474276733336, 0.6229676596303216, 0.07439345145141064, 0.05882414605093432], [0.31188626256022783, 0.583028874600821, 0.052553964868668146, 0.05253089787028306], [0.047530242655956075, 0.00674139215134886, 0.940559175411298, 0.00516918968139705], [0.34645927013430533, 0.026306178467150547, 0.028448553806024107, 0.5987859974925199], [0.07265952720070815, 0.006811615772389822, 0.9139778889973569, 0.006550967929545136], [0.4458313401188238, 0.027200459316614235, 0.037184784524028, 0.48978341594053393]], "ideal": "B", "sampled": "A", "correct": false}}
{"type": "result", "data": {"idx": 5, "options": ["3 lines", "9 lines", "5 lines", "7 lines"], "probs": [[0.44641776218771434, 0.15924013133960396, 0.21103123457202708, 0.1833108718006546], [0.4720868082805321, 0.16069822730148217, 0.17932029868301, 0.1878946656349757], [0.46524860757036746, 0.18514282723687142, 0.13977676420338764, 0.20983180088937345], [0.48865845862160373, 0.18554769838696744, 0.15146726955643955, 0.17432657333498927], [0.45502329136212505, 0.16230844482298176, 0.1868586279647276, 0.19580963575016558], [0.4442841376983376, 0.14428836965836847, 0.2613739824852627, 0.1500535100580312], [0.2904660083773391, 0.3674554201037636, 0.11927968918621068, 0.2227988822326866], [0.29609673991746543, 0.36876916606933846, 0.10080373956146312, 0.234330354351733], [0.3141597649510354, 0.23359293787496085, 0.2731518271211146, 0.17909546995288908], [0.35802012678380857, 0.23128925261568792, 0.18298499284344924, 0.22770562765705427], [0.32900682578681256, 0.21254813985707988, 0.25244021789351284, 0.20600481636259468], [0.36757144875980496, 0.22658463157808853, 0.17925714221677433, 0.2265867773453322], [0.3964375227558731, 0.2726233580985483, 0.10844529338254913, 0.2224938256630295], [0.417103186845166, 0.2780027194789224, 0.11680322574413138, 0.18809086783178022], [0.35096037384338297, 0.16845597325070963, 0.2866618036937154, 0.19392184911219199], [0.3518827907669745, 0.1662805552060107, 0.28740781971035984, 0.19442883421665497], [0.4008269905027023, 0.1835907560708249, 0.25100417052648494, 0.1645780827999878], [0.404540145627346, 0.20995497462765744, 0.18823307382567353, 0.197271805819323], [0.304598374839887, 0.3453926896134045, 0.12705413073762872, 0.22295480470907972], [0.30949185430937437, 0.334867427621529, 0.15572782421177075, 0.19991289375732588], [0.2575546128028982, 0.17164393746197584, 0.3361633617493111, 0.23463808788581483], [0.2977936178805575, 0.21126432085117083, 0.2588977736304256, 0.232044287537846], [0.3375979611297914, 0.2549712023633378, 0.23219187209382525, 0.17523896431304553], [0.343870685883291, 0.2679455341355749, 0.16253673228233792, 0.22564704759879614]], "ideal": "B", "sampled": "A", "correct": false}}
{"type": "result", "data": {"idx": 6, "options": ["Neutrons", "Alpha particles", "Beta particles", "X-rays"], "probs": [[0.9753393667197188, 0.013594707764692173, 0.005945875029167978, 0.0051200503864210975], [0.9776459237757515, 0.010863411793117733, 0.0026238331509503845, 0.008866831180180366], [0.9814974561427321, 0.009403161033660661, 0.0045879838508801575, 0.004511398872727136], [0.9832305334066066, 0.007054604605658938, 0.0020875311503137286, 0.0076273307374206826], [0.98557104965062, 0.00559418382053629, 0.004160944468878986, 0.004673821959964653], [0.9888042399327409, 0.004580830776519299, 0.002847182618511403, 0.0037677465722283777], [0.018787497697230388, 0.942242598722941, 0.024333809176247917, 0.01463609430358069], [0.005790611773459724, 0.9746080524063894, 0.004340386168084884, 0.015260949552065976], [0.019096723619984546, 0.12074147979034734, 0.825575961150971, 0.03458583533869707], [0.009611478125894418, 0.16005750084588732, 0.003887582823574706, 0.8264434381046436], [0.004989476289816773, 0.01714560534893169, 0.9517193209649689, 0.02614559729628256], [0.006259375367793639, 0.011601540474952295, 0.07996936290599463, 0.9021697211512594], [0.011310811947793658, 0.9575081946790048, 0.014197739599184054, 0.016983253674017394], [0.003567210310218763, 0.9745320436267753, 0.004339422457422468, 0.017561323505583492], [0.018976708448046248, 0.19027740826170084, 0.764803153986674, 0.02594272920357894], [0.016598311463829892, 0.49302676732748973, 0.0049505181292135115, 0.4854244029794669], [0.0038168674014641617, 0.01301418604316314, 0.9568810278271938, 0.02628791862817898], [0.005951617206257453, 0.00973604574330619, 0.10639977234207405, 0.8779125646083623], [0.002789886292593432, 0.9787024133581798, 0.005298095507413447, 0.013209604741813376], [0.0026021898985544353, 0.979366736588484, 0.0044995660792683705, 0.013531507333693186], [0.0037880763196058574, 0.02865449136588378, 0.9350782579641111, 0.032479174250399256], [0.006426548536771505, 0.02350380626455494, 0.01449233841384313, 0.9555773066848304], [0.003504300136605355, 0.019546278447143586, 0.9426395598983854, 0.03430986141786559], [0.006392670983499281, 0.017239882793737886, 0.018366887368231645, 0.9580005587545312]], "ideal": "A", "sampled": "A", "correct": true}}
{"type": "result", "data": {"idx": 7, "options": ["Strong oxidizing conditions", "Low-spin electron configuration", "Metallic physical properties", "Unpaired electrons"], "probs": [[0.00018613144542143793, 0.0012136103393038885, 0.001375349179462164, 0.9972249089358125], [0.0006734136590112324, 0.002520930393645223, 0.9939258920013557, 0.002879763845987822], [0.0002059262174141685, 0.001407053295360571, 0.0015455258370885522, 0.9968414945501367], [0.0008987415899598045, 0.0021724571873222957, 0.9935632360580332, 0.0033655650646846965], [0.000848483396355243, 0.9983765314538242, 0.00047233312874779787, 0.0003026519210727591], [0.0007146829458114154, 0.9986164773125716, 0.0003708243748072593, 0.00029801526680971283], [0.0002372334575906129, 0.0007718570082254914, 0.0013867170305143781, 0.9976041924036695], [0.000624245836868961, 0.001300826884139538, 0.9962402148153, 0.001834712363691446], [0.0002507734085663228, 0.0009464808651794339, 0.00043338372766018137, 0.998369361898594], [0.0007828556711825269, 0.0010699679063267478, 0.9961635937262486, 0.0019835825962420534], [0.0016210097373722562, 0.9974453295195236, 0.0005603294951473808, 0.00037333114795679506], [0.0015713326182274139, 0.99754051874969, 0.0004907006445817034, 0.0003974478875009452], [0.00022443800424915065, 0.0007773073846052342, 0.0019847911589300524, 0.9970134633522155], [0.0008526728701955011, 0.0013102874524673646, 0.9956424401909143, 0.002194599386422869], [0.0002669096458051715, 0.001023295285754584, 0.00045769571515961023, 0.9982520992532806], [0.0008990584071368265, 0.0024434365799086283, 0.9939941602725282, 0.002663344640426394], [0.0012340503466508872, 0.9980558277389675, 0.0003591951648116191, 0.00035092664956997175], [0.0013867064928990175, 0.9975320757381066, 0.0005827060121091639, 0.00049851165688514], [0.9995041645111895, 0.0003306584497250088, 5.362655964287662e-05, 0.00011155037944255644], [0.9994912007113341, 0.00034101758022430577, 5.3602837553674533e-05, 0.00011417877088788398], [0.9996556438555587, 0.0002345729100756121, 3.774529399341366e-05, 7.20378403722709e-05], [0.9996606254562344, 0.0002327175938304431, 3.573619525869624e-05, 7.092065467651166e-05], [0.9996196435195412, 0.00027199841170902713, 3.228281020732773e-05, 7.607515854243458e-05], [0.9996409820606945, 0.0002536105548894749, 3.280365959468158e-05, 7.260362482135924e-05]], "ideal": "D", "sampled": "D", "correct": true}}
{"type": "result", "data": {"idx": 8, "options": ["1:1", "1:3", "1:6", "2:3"], "probs": [[0.10298933602608511, 0.2511171344166857, 0.5072561388568827, 0.13863739060034655], [0.15391821126347027, 0.41554440302103957, 0.24039526997770777, 0.19014211563778236], [0.09400357515177898, 0.12172984602716347, 0.6279974719551472, 0.15626910676591033], [0.19555976369033623, 0.23244641267924482, 0.31272269690140253, 0.2592711266290164], [0.08792616778062931, 0.11746610919853107, 0.6302591875939494, 0.1643485353268902], [0.13041943310387089, 0.16242620347306097, 0.45558378095839364, 0.2515705823646745], [0.11991434453782582, 0.14930409080305684, 0.5815008834801193, 0.14928068107899806], [0.29003876444777227, 0.27700617906661396, 0.2948194145861492, 0.13813564179946464], [0.18951082651308856, 0.14313601275896207, 0.5487266901047169, 0.11862647052323247], [0.22355614267205592, 0.22371174059490792, 0.3865072073176352, 0.16622490931540093], [0.1438944339608303, 0.10783317684048926, 0.5876719951041967, 0.16060039399448378], [0.14207537373127407, 0.10728923521355882, 0.5623220768393687, 0.1883133141157984], [0.13062319742132716, 0.2599588450511095, 0.50109925120972, 0.10831870621784336], [0.2157214134715843, 0.3971530794700198, 0.18754002450021268, 0.19958548245818322], [0.12420215729293761, 0.21474756568179226, 0.5658008919374329, 0.09524938498783722], [0.1880471194219499, 0.3571636836095775, 0.21319792625550973, 0.24159127061296284], [0.12844439861218673, 0.10326137008001804, 0.6132865319053526, 0.15500769930244257], [0.1277510793136963, 0.12196654552566526, 0.5553700203182987, 0.19491235474233976], [0.10620241532006978, 0.13966858281535519, 0.5882700041222153, 0.16585899764235973], [0.18003253905213418, 0.2173177781084088, 0.3639783019056273, 0.23867138083382972], [0.1602488607007949, 0.1964633464616769, 0.5018163918947036, 0.1414714008428246], [0.1564760082278537, 0.20740787991905196, 0.45309982374398594, 0.1830162880091084], [0.12272699843205363, 0.08843091281454925, 0.6336260012452424, 0.15521608740815473], [0.05922357080617738, 0.06819526207056062, 0.76274866994664, 0.109832497076622]], "ideal": "C", "sampled": "B", "correct": false}}
{"type": "result", "data": {"idx": 9, "options": ["T1, unlike T2, is sensitive to very low-frequency molecular motions.", "T2, unlike T1, is sensitive to very low-frequency molecular motions.", "T1, unlike T2, is sensitive to molecular motions at the Larmor frequency.", "T2, unlike T1, is sensitive to molecular motions at the Larmor frequency."], "probs": [[0.22616727505849774, 0.40366520899462527, 0.14387305937002184, 0.22629445647685512], [0.26412609835670725, 0.3729253375522094, 0.16032654102094204, 0.2026220229701413], [0.2537417198600775, 0.05661675150704, 0.5380662263488487, 0.15157530218403376], [0.12070027647673869, 0.10009004845147257, 0.6639810154371498, 0.11522865953463887], [0.3091721030513851, 0.12495349718732306, 0.35645119414493864, 0.20942320551635318], [0.076895012584518, 0.03575116355637767, 0.8292733933401077, 0.058080430418996604], [0.25620638367183013, 0.5346210995295565, 0.0900021981357114, 0.11917031856290199], [0.26461742705680696, 0.5521830011745522, 0.06389237527839152, 0.11930719639024928], [0.34413020614007567, 0.0744296053052564, 0.4713931031035244, 0.11004708535114356], [0.02492854618045084, 0.033533726696182264, 0.8807625982959348, 0.06077512872743203], [0.25265990367523977, 0.052132849651354084, 0.5977791831457798, 0.09742806342762633], [0.23906586106113267, 0.0852502081886412, 0.4544179540660587, 0.22126597658416738], [0.4097014069147488, 0.21609430012926184, 0.24110613760921307, 0.13309815524677623], [0.5444626454969362, 0.09919973905285447, 0.2616513786196444, 0.09468623673056485], [0.5991385250299398, 0.054884510700184234, 0.2582424398212773, 0.08773452434859867], [0.6019235467580778, 0.0624848825338471, 0.247437923352842, 0.08815364725523307], [0.2812480712027657, 0.5261840976601397, 0.08063751698633857, 0.11193031405075604], [0.40984137846878294, 0.43010436586965334, 0.05637927253327192, 0.10367498302829181], [0.22122814349250977, 0.05254413736913184, 0.6618284463480459, 0.06439927269031252], [0.4762718396763765, 0.047910835767629514, 0.43482583918852197, 0.040991485267472], [0.7450613795068882, 0.11259266617099795, 0.06122394620148735, 0.08112200802062644], [0.571160273827427, 0.05928697613144046, 0.32615614906137436, 0.04339660087975818], [0.4678430758949537, 0.4687341653159991, 0.02122301378363268, 0.04219974490541448], [0.31504946487064084, 0.6082192549868942, 0.025279600332799603, 0.05145167970966536]], "ideal": "D", "sampled": "C", "correct": false}}
{"type": "result", "data": {"idx": 10, "options": ["3.02 ppm", "5.03 ppm", "10.56 ppm", "11.30 ppm"], "probs": [[0.14832030014223366, 0.1996450692268481, 0.37892028120960036, 0.27311434932131784], [0.12971540897635633, 0.15896602989734915, 0.35833247424558284, 0.35298608678071164], [0.13255936498624837, 0.24391273752005907, 0.45585059172649106, 0.1676773056672015], [0.07239650772391847, 0.15571412094509363, 0.6561145039115122, 0.11577486731947581], [0.13578090879637636, 0.23838891017371178, 0.41205754347838314, 0.2137726374515287], [0.03107974048690168, 0.07573893947659542, 0.8214473433510321, 0.07173397658547077], [0.15329437641582472, 0.16067827464575365, 0.4369580940595553, 0.2490692547788663], [0.12655502179325612, 0.13900988878380274, 0.4489633306720912, 0.28547175865084995], [0.20497238023101827, 0.3226268195000477, 0.3126871790368443, 0.15971362113208976], [0.05868659211619879, 0.12523184808754187, 0.7326218539684174, 0.08345970572784192], [0.20319490132684084, 0.345831513370263, 0.25698173043542244, 0.1939918547674737], [0.023293588568476898, 0.062340271418345646, 0.8614387607618876, 0.05292737915128983], [0.3644204789694383, 0.24669656522633154, 0.2667532006645657, 0.12212975503966444], [0.2541395647826101, 0.17745537525263974, 0.446387963059968, 0.1220170968047822], [0.2901796741520213, 0.28582975691425183, 0.31885913486360473, 0.10513143397012217], [0.26475443841653473, 0.20624260141330997, 0.41683827894844455, 0.11216468112171074], [0.25455001752662326, 0.4199138110430483, 0.18923123742926964, 0.13630493390105874], [0.25122694301597587, 0.38328977148677557, 0.22883542902723847, 0.1366478563700101], [0.2629898668716178, 0.2395406705106863, 0.3378673044462606, 0.1596021580714353], [0.19843173616426915, 0.17242622887634224, 0.48387978918123714, 0.14526224567815144], [0.24452598357890468, 0.2815641630346642, 0.34500571158092547, 0.12890414170550563], [0.19968203008073324, 0.21595220468553827, 0.45737910520157454, 0.12698665993215394], [0.21121385145521346, 0.44046660242146085, 0.1984928934893998, 0.14982665253392588], [0.22452105396819108, 0.40679231231374297, 0.22814044144402099, 0.140546192174045]], "ideal": "D", "sampled": "C", "correct": false}}
{"type": "result", "data": {"idx": 11, "options": ["[The polarization relaxes exponentially: p(t) = [p(0) - peq]exp(-t/T1) + peq.]", "72.0 s", "56.6 s", "12.7 s"], "probs": [[0.10684382675613825, 0.27304875237635484, 0.5516393656855667, 0.06846805508194023], [0.17930389805353825, 0.3889806837275513, 0.3326528345263181, 0.09906258359259233], [0.06383111089458852, 0.6303992035950937, 0.22117821046069522, 0.08459147494962259], [0.09282959113340736, 0.6012450366425526, 0.2193673071140132, 0.0865580650100269], [0.09512386257463457, 0.6018253429714323, 0.15449152540007138, 0.14855926895386176], [0.09580135058990698, 0.5064237562381317, 0.26469992799794334, 0.13307496507401792], [0.14800716935108216, 0.2899383306213357, 0.5169130563219049, 0.0451414436056772], [0.21353102682769445, 0.3929774340435129, 0.325766846166765, 0.06772469286202767], [0.08096658739258514, 0.1294427711179592, 0.7279843362432036, 0.061606305146252066], [0.110438014821797, 0.11225718600926345, 0.05644073138365129, 0.7208640676852882], [0.1198508980728178, 0.0971006243891864, 0.7178768621840964, 0.06517161525389933], [0.11012967052844443, 0.07456764661409437, 0.05006111096158443, 0.7652415717958767], [0.22671499508266965, 0.4441554479727726, 0.2651741762913208, 0.06395538055323693], [0.27207188437076946, 0.3960905012742264, 0.2597344970285138, 0.07210311722649028], [0.08777767386237555, 0.06178884184566336, 0.795493540105047, 0.054939944086914036], [0.10220190500929016, 0.04100225340156562, 0.03942688779783534, 0.8173689536913089], [0.1604440522480105, 0.08008179128191875, 0.6976068720842127, 0.06186728428585805], [0.11962985946669746, 0.05480511093036728, 0.04473011923607128, 0.7808349102668639], [0.2748778666935065, 0.41286519261531934, 0.1707371749362361, 0.141519765654938], [0.22697078027498133, 0.4275947872508354, 0.2200690391449955, 0.12536539322918774], [0.10102655067794468, 0.10674673397327962, 0.6750071694399966, 0.1172195458087791], [0.132334590930927, 0.07031927309465008, 0.09243817695377389, 0.7049079589206491], [0.08983294597984356, 0.11721347928951165, 0.6748443790979536, 0.11810919553269125], [0.1187438136314037, 0.0816545331273192, 0.09398583996856737, 0.7056158131727097]], "ideal": "B", "sampled": "A", "correct": false}}
{"type": "result", "data": {"idx": 12, "options": ["4.6 mT", "27 G", "5.4 mT", "3.8 mT"], "probs": [[0.09447258527958909, 0.0887500473023146, 0.6876001767186269, 0.1291771905994694], [0.10131027473010094, 0.10131515486035508, 0.6609834382693841, 0.13639113204015982], [0.30024837997163367, 0.3003679766895814, 0.14639983851637972, 0.2529838047224052], [0.3034151358562471, 0.23636094166831648, 0.3719054591922135, 0.08831846318322294], [0.3489902719205396, 0.28945169712544855, 0.13253608739648373, 0.22902194345752816], [0.21725672190830178, 0.18014130008241447, 0.5213964153650504, 0.08120556254423328], [0.03948602197627809, 0.07207015370811004, 0.6327828952866682, 0.25566092892894365], [0.023481907189439242, 0.054616946416379764, 0.7722328857366786, 0.14966826055750243], [0.03226434487175677, 0.06725785980830341, 0.6849633556659019, 0.21551443955403785], [0.021212318791494177, 0.04744073349075549, 0.6450591646697207, 0.2862877829480296], [0.02578090284691153, 0.06482693938721286, 0.675842981023139, 0.23354917664273656], [0.0290120712360419, 0.04821637689786644, 0.4576920015064773, 0.46507955025961434], [0.31571528154869316, 0.2967010703416958, 0.13374732139090248, 0.2538363266187086], [0.35194564744614876, 0.2657488723877236, 0.2918983821637567, 0.09040709790237093], [0.10143420466383957, 0.09092546659821485, 0.6120353112489644, 0.19560501738898117], [0.0747910577760194, 0.0821439462498545, 0.6265389229246444, 0.21652607294948167], [0.10786533274268302, 0.14070105446435874, 0.6927757210875004, 0.05865789160545778], [0.2903270656252064, 0.29965817255529414, 0.11025853952575114, 0.2997562221937483], [0.28460676747426894, 0.3277226534630157, 0.12835421240629652, 0.25931636655641876], [0.31204507449229824, 0.30255082922869714, 0.288712478147912, 0.0966916180310926], [0.06809301876618076, 0.08881044651605034, 0.6988841502827133, 0.1442123843350556], [0.0783019908678309, 0.07953546432461106, 0.6357692072879052, 0.20639333741965282], [0.0741468764513159, 0.11307517774986507, 0.7610023247733362, 0.05177562092548283], [0.2573220152696095, 0.2697674055855471, 0.1040239565270228, 0.3688866225178205]], "ideal": "A", "sampled": "A", "correct": true}}
{"type": "result", "data": {"idx": 13, "options": ["1:19:36:84:126:126:84:36:19:1", "1:9:36:84:126:126:84:36:9:1", "1:9:35:82:120:120:82:35:9:1", "1:8:28:56:70:56:28:8:1"], "probs": [[0.04934921450904333, 0.8226282534474926, 0.055074300201136656, 0.07294823174232747], [0.044126547813061204, 0.8466390241107927, 0.04699075936507857, 0.06224366861106746], [0.052950810810417005, 0.32475239837817593, 0.5521103965013932, 0.07018639421001394], [0.09265770086209528, 0.62402773362139, 0.1018160663578623, 0.18149849905865242], [0.1165453957880031, 0.14974588377387757, 0.6607378222987605, 0.07297089803935883], [0.15390797416542604, 0.2105070266068185, 0.3932668087466724, 0.24231819038108304], [0.1405475651750943, 0.5147258332020402, 0.17774863970000432, 0.16697796182286118], [0.1534949391926812, 0.3104468583750222, 0.3983915745813614, 0.1376666277509352], [0.10279063823622549, 0.5739782836891766, 0.18047910647012003, 0.14275197150447785], [0.10318278189045309, 0.4929686866091331, 0.2850525975632498, 0.118795933837164], [0.07863236728619892, 0.5550989342641373, 0.2500130757435566, 0.11625562260610724], [0.07875268512561254, 0.5736328023232344, 0.2583487447099758, 0.08926576774117724], [0.12237281608923165, 0.18104024223247753, 0.5934541115166994, 0.10313283006159145], [0.22466493136432028, 0.12034338173511988, 0.5228203300838236, 0.1321713567167363], [0.23414545551147709, 0.2963761002608963, 0.27823495032881046, 0.1912434937988162], [0.21759733748660057, 0.11299562524645326, 0.5649426242178416, 0.1044644129491046], [0.08716072336071967, 0.5689572222473863, 0.10683570294881749, 0.23704635134307647], [0.07803224258930712, 0.6964030472655983, 0.10838812166525219, 0.11717658837984231], [0.04027900814399404, 0.034463993944774854, 0.8618602687610093, 0.06339672905022185], [0.0618399102375683, 0.04970502332234961, 0.6757975018601089, 0.21265756447997317], [0.14381663178369278, 0.11563788839827678, 0.6155015688034458, 0.12504391091458467], [0.07443193265932935, 0.08052340869009597, 0.7761744357919365, 0.0688702227586382], [0.14123012334529078, 0.15766674513531717, 0.37234688356292406, 0.328756247856468], [0.22705883663725987, 0.19439352094307683, 0.3987891195542754, 0.1797585227653879]], "ideal": "D", "sampled": "B", "correct": false}}
{"type": "result", "data": {"idx": 14, "options": ["spin trapping provides more structural information than direct detection by EPR", "spin trapping makes it easy to quantify free radical intermediates", "steady state concentration of free radical intermediates is often too low to enable direct detection by EPR", "detection of spin adducts requires lower power than direct detection of radical intermediates"], "probs": [[0.0030415046101927128, 0.004426990578559726, 0.9872346393014493, 0.005296865409798318], [0.032113667484569196, 0.01666107955223675, 0.011639391038410418, 0.9395858618247837], [0.002728894244627079, 0.9872183408003475, 0.004227543081972273, 0.005825221773053143], [0.0024946260928852782, 0.9911188869655955, 0.0026980946681224075, 0.003688392173396842], [0.01835795189319631, 0.012617020416951827, 0.011494909850933634, 0.9575301177389183], [0.006338791855450822, 0.007298250535851166, 0.972077168904877, 0.014285788603820931], [0.003204476693194383, 0.012190315516426894, 0.9774381828961011, 0.007167024794277662], [0.014970852489994678, 0.01805766424907852, 0.010295509014517258, 0.9566759741464096], [0.0008774983859046726, 0.9933161392255186, 0.0025194670599970903, 0.003286895228579593], [0.0013566335915873944, 0.9914999448563107, 0.0029636821244285456, 0.0041797393276734], [0.01727925221509638, 0.01988729625867406, 0.018405196980723546, 0.944428254445506], [0.006291032065206865, 0.010786041209480901, 0.9648571841602058, 0.018065742465106432], [0.9962361614671925, 0.0009400907569334012, 0.0010983779462692457, 0.0017253697296047662], [0.996521634417648, 0.0008103442237442129, 0.0009692543366962517, 0.0016987669219116078], [0.9959434343486674, 0.001366399704198429, 0.000868475594837473, 0.001821690252296686], [0.9931777215167323, 0.002127170943695606, 0.0015807792015290892, 0.003114328238042936], [0.9955085696711381, 0.0016597500542660292, 0.0009384355698366618, 0.0018932446047592406], [0.9934764434783566, 0.002335822799141605, 0.0013736252003807058, 0.002814108422121049], [0.02573515525554966, 0.024943016904108634, 0.012259895179805557, 0.9370619325605362], [0.007313679249120403, 0.01796428325911975, 0.9521845918968684, 0.022537445494891416], [0.019886078654980564, 0.02019765632378261, 0.015739782441079424, 0.9441764824801574], [0.003001881635746646, 0.005609085514341208, 0.981846545784997, 0.009542486964915196], [0.0014991931136799721, 0.9821050171441884, 0.005571422507728266, 0.010824367134403327], [0.002509857892308698, 0.9741853697861688, 0.0074369405949154845, 0.015867831626607046]], "ideal": "D", "sampled": "C", "correct": false}}
{"type": "result", "data": {"idx": 15, "options": ["6.1445 x 10^-27 J T-1", "3.1445 x 10^-27 J T-1", "9.1445 x 10^-27 J T-1", "1.1445 x 10^-28 J T-1"], "probs": [[0.32833990084441933, 0.27662759707380663, 0.33884390806545506, 0.056188593916319], [0.2983884911145516, 0.2939359941986712, 0.3656733754323587, 0.04200213915441843], [0.318495001637714, 0.2812518707662499, 0.34445622402724063, 0.055796903468795456], [0.2373745266976632, 0.23747172697719035, 0.45765119193059095, 0.06750255429455546], [0.2996292389657289, 0.2772849479242667, 0.3729976983517111, 0.050088114658293235], [0.2737741902927454, 0.2870220668611759, 0.34077755562369316, 0.09842618712238557], [0.24452377521604526, 0.38491025675632995, 0.26860163592084146, 0.10196433200678331], [0.16246901594960014, 0.12856815557140475, 0.6685067490925533, 0.040456079286441786], [0.18399337960392856, 0.28072370664522045, 0.4773719875058735, 0.057910926144977504], [0.169396594149816, 0.18904933331506418, 0.5914638041858488, 0.05009026824927106], [0.21941746096419046, 0.37347139315563677, 0.3294568780277855, 0.07765426775238723], [0.20246532557370184, 0.38442024584740697, 0.3136361241027001, 0.09947830437619108], [0.3920089298101354, 0.34619927002002365, 0.20661294507500783, 0.05517885499483311], [0.3151797914728525, 0.3008989061758894, 0.3355759344408816, 0.048345367810376495], [0.32430257906796134, 0.33480423186643327, 0.28181534582813716, 0.05907784313746828], [0.28614900472633464, 0.3144487843722036, 0.356190067515333, 0.043212143286128796], [0.3382450043816876, 0.31301468607633404, 0.27613791820625766, 0.07260239123572072], [0.271133308665411, 0.3708174297367524, 0.30252075755776114, 0.055528503940075406], [0.04354553571347351, 0.10783503528643139, 0.8029638256598065, 0.0456556032402886], [0.04555570723240387, 0.26845094658898105, 0.5014290827809608, 0.18456426329765432], [0.07111018683466933, 0.3816423302017775, 0.4530064030132758, 0.09424107985027728], [0.06858103546962799, 0.28217201618191945, 0.40403965653377216, 0.24520729171468045], [0.06830727410091268, 0.19774200314901738, 0.6185942979819027, 0.11535642466816724], [0.06642765724364834, 0.13426317623346348, 0.742908497081761, 0.05640066934112717]], "ideal": "C", "sampled": "B", "correct": false}}
{"type": "result", "data": {"idx": 16, "options": ["I only", "II only", "III only", "I and III only"], "probs": [[0.268681611560513, 0.1655451928577401, 0.10859407321627683, 0.45717912226547003], [0.35610034527644374, 0.14615945298760663, 0.3294941435500183, 0.16824605808593127], [0.21439231131345718, 0.14508678967221625, 0.10131304332669812, 0.5392078555876284], [0.21807687307318127, 0.13228437500293, 0.5234000164253643, 0.12623873539852443], [0.3930465900766634, 0.39312374829564106, 0.0994263745274815, 0.11440328700021403], [0.34607709997756503, 0.3571413914714372, 0.17141365279392332, 0.12536785565707442], [0.25752138705179717, 0.20694572913148226, 0.09043270213843009, 0.4451001815782905], [0.3495339698809437, 0.1960941970734274, 0.3086275114014942, 0.1457443215441347], [0.22337498101407197, 0.1535374991969336, 0.12732722053636225, 0.4957602991526322], [0.20471048963140234, 0.1321775654475108, 0.4615280169242437, 0.2015839278968431], [0.4011529950941568, 0.35411986783093613, 0.15235670150839825, 0.09237043546650883], [0.26560598609175606, 0.4449084102662544, 0.15380230544459597, 0.13568329809739357], [0.20120514927282535, 0.14721986649948393, 0.11291183530155213, 0.5386631488261385], [0.22857951306738042, 0.12428716194242606, 0.49951492243524875, 0.14761840245494476], [0.27042096850552017, 0.14935359357294, 0.12004780768147666, 0.4601776301400632], [0.2599791423705564, 0.10838390705907826, 0.4091975007868584, 0.2224394496835069], [0.39296883581118924, 0.3061288845785628, 0.18287228054658036, 0.11802999896366757], [0.31872918248776616, 0.3845518116401984, 0.1437493370702362, 0.15296966870179923], [0.8105178504763568, 0.08954194965637596, 0.04647148417392382, 0.053468715593343326], [0.7053477710871787, 0.13255473871280357, 0.08169532505577935, 0.08040216504423839], [0.8223010467950697, 0.07414385288952208, 0.052596085750471554, 0.05095901446493669], [0.7603473719220024, 0.10132037922710538, 0.0718804826655665, 0.06645176608532567], [0.719040036129573, 0.1351293325289065, 0.07349941878775886, 0.0723312124537616], [0.7440742849559575, 0.1196014508485402, 0.0681750476292146, 0.06814921646628765]], "ideal": "D", "sampled": "D", "correct": true}}
