{"type": "result", "data": {"idx": 0, "options": ["k = 0 and n = 1", "k = 1 and n = 0", "k = n = 1", "k > 1"], "probs": [[0.25278199469845886, 0.3918291744743113, 0.23022452680623595, 0.12516430392099387], [0.2918908915517717, 0.3693987456294951, 0.216987209126911, 0.12172315359182219], [0.21301618533710626, 0.12430313413543924, 0.46553633306044595, 0.19714434736700853], [0.27085706185289093, 0.1485282905470573, 0.3943342209312237, 0.186280426568828], [0.14166655172729, 0.08596884033598265, 0.6976849695970169, 0.07467963823971047], [0.22367065319180904, 0.13786510042555636, 0.4181147937986801, 0.2203494524839545], [0.5011477916589568, 0.16281434406755393, 0.1732393302374892, 0.16279853393600002], [0.439436097671975, 0.11294049528335862, 0.321644797366498, 0.1259786095781684], [0.4826791440159456, 0.14961058944128158, 0.21091543997457163, 0.1567948264682012], [0.40766684431728545, 0.12250197297605647, 0.34347132868524877, 0.12635985392140928], [0.3952766001533083, 0.30819394722190196, 0.21494538759607282, 0.08158406492871692], [0.40861763023903575, 0.3288000401227677, 0.16005586979964687, 0.1025264597385497], [0.3022867142851858, 0.21447697279692693, 0.2753481864653851, 0.2078881263525022], [0.34311798211481237, 0.19414685664619658, 0.2845994829846931, 0.17813567815429796], [0.27208528325348125, 0.3664028698793647, 0.1729914720629237, 0.18852037470423036], [0.2945069096278705, 0.33935904752317253, 0.24617025437106352, 0.11996378837789343], [0.295879533980121, 0.3628948222365232, 0.16994723169453502, 0.17127841198882082], [0.17941185028196033, 0.10550236229277997, 0.6120486581287777, 0.10303712919648203], [0.05947340408040612, 0.11115665277202792, 0.7598079726908965, 0.06956197035666942], [0.13717871903001383, 0.35056126114200686, 0.2860015630436044, 0.2262584566843749], [0.06097306628520114, 0.709306575027301, 0.13959709536512216, 0.09012326322237572], [0.06025158137605194, 0.7119862754818912, 0.13370299935656388, 0.09405914368549304], [0.180268966251569, 0.3879694813684348, 0.2209404805502107, 0.21082107172978548], [0.09233248358792351, 0.09909457047893733, 0.7154957171599219, 0.0930772286732173]], "ideal": "B", "sampled": "B", "correct": true}}
{"type": "result", "data": {"idx": 1, "options": ["0", "1", "2", "3"], "probs": [[0.17169194388508827, 0.2618980549372764, 0.35252786558155363, 0.2138821354960817], [0.10973816781919038, 0.16737645363992226, 0.5077853050980226, 0.21510007334286482], [0.13919838393719505, 0.24824708317332403, 0.4496855042284537, 0.1628690285610272], [0.11879487157475814, 0.32309448234345417, 0.3494073696173399, 0.20870327636444777], [0.16607053829033416, 0.216676278638311, 0.3864413509547693, 0.2308118320165856], [0.1111461735343755, 0.23537817507882572, 0.4756985589802545, 0.1777770923065443], [0.16711033384978588, 0.14522675543922814, 0.5150971719165434, 0.17256573869444258], [0.1359004815092347, 0.10260874700556741, 0.5726115660347266, 0.18887920535047129], [0.32875102265242884, 0.27268385478088547, 0.24066540237843273, 0.15789972008825293], [0.3242080662429344, 0.26887302386129724, 0.2606542887730585, 0.1462646210227098], [0.2903994408078498, 0.33970067914011576, 0.17623852716824914, 0.19366135278378527], [0.21253915287320688, 0.23719212587184152, 0.44330558506664364, 0.10696313608830796], [0.39785481088138896, 0.17116618409778933, 0.2867755932338696, 0.1442034116869521], [0.36530968543214276, 0.15964715181184747, 0.3226285278474521, 0.15241463480855766], [0.4287763195071788, 0.2769856319737987, 0.16539947182667122, 0.1288385765923513], [0.3782883825774933, 0.26836341216915294, 0.25613247964007624, 0.0972157255132775], [0.4607276251342965, 0.23544421438836674, 0.16961306079102584, 0.13421509958631095], [0.37545050305696426, 0.1859247590691119, 0.3421293598705937, 0.09649537790333013], [0.3185706781809447, 0.15774411196538074, 0.35566714932442167, 0.16801806042925282], [0.18811388680759134, 0.14884542530207953, 0.5117492966289598, 0.15129139116136933], [0.3505813672614776, 0.30473714155674964, 0.17096350575872765, 0.17371798532304508], [0.22889907655811137, 0.2594694494941641, 0.4083678125926776, 0.10326366125504687], [0.35735569250850463, 0.3465721996334999, 0.15380190884709682, 0.14227019891089865], [0.2967778510328402, 0.29229030663481254, 0.3016730912102035, 0.10925875102214372]], "ideal": "D", "sampled": "C", "correct": false}}
{"type": "result", "data": {"idx": 2, "options": ["n = 1 and r = 6", "n = 1 and r = 7", "n = 2 and r = 5", "n = 2 and r = 6"], "probs": [[0.3034726290556516, 0.26794143710015716, 0.2896354111848096, 0.13895052255938162], [0.2859246262070937, 0.2564283456290626, 0.2997200012074204, 0.15792702685642335], [0.32443646881424043, 0.12124822400238414, 0.450633800324165, 0.1036815067592104], [0.24440937072644606, 0.14597841693330466, 0.47877044067739294, 0.13084177156285634], [0.3126225378015183, 0.13239885470738674, 0.4550631804290378, 0.09991542696205713], [0.19583369789549385, 0.18118117747879198, 0.4774312078475358, 0.14555391667817838], [0.25377533215392045, 0.20719637283393594, 0.3751595373845381, 0.1638687575276055], [0.237401913264581, 0.22662645099101197, 0.32966820875990777, 0.2063034268844992], [0.31208380588623635, 0.1222239043855051, 0.4472500614784434, 0.1184422281498152], [0.2300761857421451, 0.17924064930198244, 0.4300505944671507, 0.16063257038872172], [0.28978764618607084, 0.1503672734080932, 0.4352103860429178, 0.12463469426291818], [0.21361037869763375, 0.2384035878183611, 0.41842230664016666, 0.12956372674383848], [0.23637261279923474, 0.31330945150969197, 0.3494603529383854, 0.10085758265268789], [0.24736495697863536, 0.2939236926474636, 0.31775130397995854, 0.14096004629394254], [0.22207078004537414, 0.2722287435225302, 0.37205841579205906, 0.1336420605400366], [0.2543345537924018, 0.2625367782725548, 0.33707974328724927, 0.14604892454779422], [0.26430147095953466, 0.136075298889521, 0.4031779347499974, 0.19644529530094693], [0.28989130255661266, 0.17314672468361306, 0.34977957602817816, 0.18718239663159608], [0.20151534813387076, 0.42029827990885327, 0.2887611791288383, 0.08942519272843764], [0.22922068195810066, 0.44213347289512417, 0.22928454833735032, 0.09936129670942484], [0.26712131696593816, 0.24332709789321733, 0.3710195747467863, 0.11853201029405817], [0.31173703535862274, 0.30231196135704486, 0.2667080799478029, 0.11924292323652949], [0.3195805609219153, 0.14406918404530358, 0.36793947455038767, 0.1684107803823935], [0.3458022228402135, 0.16337682548583182, 0.3249177384784408, 0.1659032130955138]], "ideal": "D", "sampled": "A", "correct": false}}
{"type": "result", "data": {"idx": 3, "options": ["4", "8", "16", "2sqrt(2)"], "probs": [[0.15532872542165305, 0.18888426388056498, 0.37880982093628485, 0.27697718966149715], [0.09739441733305372, 0.13842062031938454, 0.6712472734116541, 0.09293768883590757], [0.16232540679294288, 0.14104449098157035, 0.5453197684529348, 0.15131033367255192], [0.16050872738492392, 0.17490452973854714, 0.3914211456729268, 0.2731655971036021], [0.13265888193921535, 0.5768048676747718, 0.14927224590966112, 0.14126400437635167], [0.14969720654271806, 0.579036741994106, 0.0759294961949767, 0.19533655516819917], [0.14092275078905794, 0.3152873421804526, 0.2783173239454269, 0.26547258298506254], [0.0874100084349273, 0.2549634220576858, 0.5660122505900738, 0.09161431881731315], [0.11199033092346958, 0.1542955911855243, 0.578200689225183, 0.1555133885658231], [0.09179380671944899, 0.17015379919129486, 0.580663212787605, 0.1573891812016511], [0.11440932579074631, 0.6960546269904707, 0.0811830821375863, 0.10835296498119668], [0.10189156688736256, 0.7247175897551964, 0.06233047971983472, 0.11106036353760626], [0.1126777266211667, 0.387489117921574, 0.3065692482984478, 0.19326390705881155], [0.08749451003077409, 0.44121931313690027, 0.2916678276863442, 0.17961834904598145], [0.1135503534427089, 0.4188899224246848, 0.32623181716016425, 0.14132790687244204], [0.08468828968321349, 0.4616703917865662, 0.34318369112183517, 0.11045762730838514], [0.11987349747035708, 0.6141609135896007, 0.11904301102887299, 0.14692257781116924], [0.10021447835711413, 0.542236907957305, 0.22782521758706353, 0.1297233959985174], [0.48178153866344764, 0.2970030583367544, 0.10028704180096781, 0.12092836109883015], [0.5140082797340514, 0.2710361460248088, 0.06643741527699587, 0.14851815886414396], [0.49114133073167027, 0.23944602012303554, 0.16722812623988742, 0.10218452280540681], [0.4992285817592229, 0.2570819479839631, 0.10391156064688474, 0.13977790950992922], [0.5031835027721815, 0.19250760197605354, 0.1838127889975671, 0.1204961061541979], [0.4833807276692295, 0.19077393126406977, 0.2016648917940521, 0.12418044917264863]], "ideal": "A", "sampled": "D", "correct": false}}
{"type": "result", "data": {"idx": 4, "options": ["2/69", "1/30", "2/23", "12/125"], "probs": [[0.061806473372994074, 0.290311709257107, 0.5685028729728594, 0.07937894429703954], [0.08282427370062857, 0.26738903114918416, 0.5573706044951874, 0.09241609055499989], [0.06735276580716897, 0.17199331904703008, 0.6911484752906039, 0.06950543975519712], [0.0733545715038544, 0.2501051109026226, 0.5637723760952115, 0.1127679413983115], [0.05929822215053854, 0.1357480100647072, 0.7692640457420022, 0.035689721942752016], [0.08792076193466175, 0.49823736768272076, 0.3216778313666931, 0.0921640389159244], [0.031238634893277335, 0.27413864950956396, 0.6083410762415444, 0.08628163925561429], [0.06062589630344651, 0.3227073275921942, 0.5490177910152748, 0.06764898498908442], [0.0687503431854886, 0.4773038852139262, 0.33323591447662976, 0.12070985702395548], [0.07205123346247135, 0.41146516182681236, 0.44496955800122473, 0.07151404660949157], [0.03441280203901899, 0.41281073724579714, 0.4752064237650336, 0.07757003685015029], [0.06590896647780775, 0.6403610514846519, 0.20148214095359435, 0.09224784098394592], [0.07613269927237529, 0.08104498623212611, 0.8060036836801344, 0.0368186307153642], [0.17564759441858577, 0.18991381777028685, 0.5327520608109376, 0.10168652690018973], [0.2473989724865516, 0.3544050156715755, 0.32272395488372796, 0.07547205685814493], [0.2264320136005937, 0.27313871744545526, 0.436548806267225, 0.06388046258672604], [0.11698428976052487, 0.43471889322817153, 0.3836760663481855, 0.06462075056311807], [0.10093212841079036, 0.17170929632286483, 0.7008203167348114, 0.02653825843153346], [0.07614911885853538, 0.22385302278100858, 0.6378355477070572, 0.06216231055339889], [0.04409854020361387, 0.28536798374204125, 0.5949083346779356, 0.0756251412764093], [0.08048164364000145, 0.23657105940771342, 0.5676263231886243, 0.11532097366366087], [0.1211024364625823, 0.3344459806462017, 0.45719831836719266, 0.08725326442402334], [0.10255270832320379, 0.3363174325009673, 0.42521001488225907, 0.13591984419356984], [0.12516239144337557, 0.2609137863302782, 0.5524309811289528, 0.0614928409973934]], "ideal": "C", "sampled": "B", "correct": false}}
{"type": "result", "data": {"idx": 5, "options": ["(S, +, x) is closed under addition modulo 10.", "(S, +, x) is closed under multiplication modulo 10.", "(S, +, x) has an identity under addition modulo 10.", "(S, +, x) has no identity under multiplication modulo 10."], "probs": [[0.16771690795706776, 0.29018608165142945, 0.2899943633086718, 0.25210264698283097], [0.08034967603622137, 0.3207040417503125, 0.4521640942983351, 0.14678218781513108], [0.17600855491798195, 0.26039904741423636, 0.3189303326128427, 0.24466206495493897], [0.12514053283870513, 0.2340131103758449, 0.5032820701095839, 0.13756428657586606], [0.0429062224365929, 0.7267980222466304, 0.1281509442251864, 0.10214481099159035], [0.03790876184228742, 0.7566348740454018, 0.1159060794914223, 0.08955028452088849], [0.2417738771461153, 0.26177049070617225, 0.28285590232845675, 0.21359972971925567], [0.1987149939220989, 0.07087821993721716, 0.6422034858194222, 0.08820330022126179], [0.27613581969945766, 0.2021843402399144, 0.31308050541069266, 0.20859933454993532], [0.2390874773024844, 0.12216743825644476, 0.5066243409603849, 0.13212074338068594], [0.06717512555716848, 0.7461849823984872, 0.09479208752184638, 0.09184780442249792], [0.05278926460191062, 0.7589067985604295, 0.0934280699419248, 0.09487586679573505], [0.2266379262781312, 0.2530790231410055, 0.3004176571602564, 0.21986539332060687], [0.2011543467181706, 0.09356779395074227, 0.5647787324941417, 0.14049912673694545], [0.26822668311297837, 0.24827355143925345, 0.2901734113403064, 0.1933263540074618], [0.3298479367440099, 0.2065856934368509, 0.3100675092337531, 0.15349886048538605], [0.0808778831870513, 0.5937371651505342, 0.13872503673034456, 0.18665991483206992], [0.11986142694267714, 0.5816572091274491, 0.14925471880825716, 0.1492266450216166], [0.8199358765784878, 0.04348132969420004, 0.0824887427525863, 0.054094050874725894], [0.857732522647691, 0.034883102485202815, 0.046194947107449806, 0.06118942765965638], [0.8055455147827689, 0.07618085350959279, 0.05315450617999642, 0.0651191254276418], [0.783851552171828, 0.07768306764655725, 0.07409466691923279, 0.06437071316238198], [0.8746753620620991, 0.027704571321840895, 0.04425251326863926, 0.05336755324742075], [0.8585777229546533, 0.028949266267420448, 0.06623914511608844, 0.046233865561837825]], "ideal": "D", "sampled": "D", "correct": true}}
{"type": "result", "data": {"idx": 6, "options": ["12*sqrt(2)", "6*sqrt(2)", "4*sqrt(2)", "1/(2*sqrt(2))"], "probs": [[0.20648259845468572, 0.3487656868093689, 0.31744645461751547, 0.1273052600184299], [0.22316890792813854, 0.4045718851025776, 0.21136739617662315, 0.16089181069266076], [0.19656683209708378, 0.30224841379706907, 0.3790560605883619, 0.12212869341748528], [0.22892998031055328, 0.3898278408750187, 0.20689643660481702, 0.17434574210961093], [0.1832514675783925, 0.2028450488417399, 0.33187424638716256, 0.282029237092705], [0.21232343575251475, 0.19487542821379536, 0.2684407451945101, 0.3243603907391797], [0.22752422939663655, 0.2833048210495833, 0.3782048961963378, 0.1109660532574423], [0.2348105276169432, 0.32888352377577684, 0.23675766232093398, 0.19954828618634593], [0.26539759638944505, 0.32040841932035263, 0.29161523466106204, 0.12257874952914029], [0.2421940641699215, 0.36399300798134904, 0.2660977462830954, 0.12771518146563404], [0.2371697950969456, 0.2606015425480611, 0.23720117694148146, 0.2650274853135118], [0.26548257282909443, 0.2635644061821103, 0.3383916510730368, 0.13256136981575842], [0.1741387461748457, 0.17828199929756772, 0.5451620423681525, 0.10241721205943405], [0.22735486718565093, 0.28989852292182905, 0.24594950331154383, 0.23679710648097618], [0.23328981943643987, 0.34780409410390006, 0.2750383574234827, 0.14386772893617736], [0.21680444763555395, 0.3550839118745713, 0.30352586012118016, 0.12458578026869462], [0.21613243542137733, 0.23747897499628784, 0.17502938470028018, 0.37135920478205464], [0.24780272683415527, 0.27447173814626824, 0.29901874953554297, 0.17870678538403348], [0.19242588313566153, 0.11671570910617123, 0.4511067665167507, 0.2397516411414166], [0.2260148030002065, 0.13604230295440473, 0.40629120493154286, 0.2316516890138459], [0.26209943702879857, 0.21914022505654282, 0.2994713097668836, 0.21928902804777503], [0.24073601180577892, 0.21422040992827954, 0.4571376536118871, 0.08790592455405444], [0.2777664876372064, 0.22865220220627094, 0.18801101480001584, 0.3055702952565068], [0.2798547509000309, 0.20168056042741814, 0.41383598175610253, 0.1046287068164484]], "ideal": "C", "sampled": "B", "correct": false}}
{"type": "result", "data": {"idx": 7, "options": ["0", "10%", "25%", "50%"], "probs": [[0.11447096381552055, 0.20732975930866468, 0.4674888461728286, 0.2107104306029862], [0.10352291987935795, 0.1393103013742008, 0.5344014803113704, 0.22276529833507086], [0.16872894529271731, 0.3925946646979252, 0.2005030661995676, 0.23817332370978989], [0.11665783113505486, 0.34575741817933386, 0.4171660225756101, 0.12041872801000118], [0.1406699204703519, 0.4652053096547618, 0.20322324054731658, 0.19090152922756967], [0.1469517604278073, 0.3965862572813934, 0.33925803481351147, 0.11720394737728779], [0.12109166449457195, 0.1762119649614588, 0.5263594145340477, 0.1763369559099216], [0.10731802719774505, 0.14670182544460408, 0.5716497216301263, 0.1743304256275246], [0.2048550664450254, 0.259110625671603, 0.37125962415708447, 0.16477468362628717], [0.12704680858772105, 0.19377686081379034, 0.5107302069153271, 0.1684461235831615], [0.187117171460794, 0.33910235253903226, 0.3185128223799121, 0.1552676535202617], [0.10842679098754134, 0.24250567860360098, 0.529874880926777, 0.11919264938208066], [0.27859137289692687, 0.2007428467294355, 0.24604359999948783, 0.2746221802741498], [0.07908456439175081, 0.09842838859317926, 0.7335293078784636, 0.08895773903660627], [0.2919665872758723, 0.17995846269715307, 0.2619021236634613, 0.26617282626351335], [0.07465542440809711, 0.06092900309530082, 0.7784472455101857, 0.08596832688641633], [0.24727393684298654, 0.3227216899072267, 0.3227569162522855, 0.10724745689750127], [0.24155838835456037, 0.305482846141138, 0.3152404239315206, 0.13771834147278103], [0.2241914089665423, 0.18590292055680613, 0.33158564070148955, 0.25832002967516204], [0.13559703729580433, 0.17142538980059285, 0.6080951184632519, 0.0848824543403509], [0.2641131540255906, 0.18734784143261446, 0.3188250911092059, 0.229713913332589], [0.09686214692358955, 0.11867267157454205, 0.6996013081775161, 0.08486387322435227], [0.2562708854419022, 0.3344481587075525, 0.31421864029603175, 0.09506231545451355], [0.2642847001288297, 0.3189114629903409, 0.2859169840526766, 0.13088685272815276]], "ideal": "C", "sampled": "D", "correct": false}}
{"type": "result", "data": {"idx": 8, "options": ["None", "I only", "II only", "III only"], "probs": [[0.059089481841530726, 0.04158807063803386, 0.18362052409581797, 0.7157019233246175], [0.03294931744595499, 0.04757138163226555, 0.5620516015982769, 0.35742769922350254], [0.05518658024429848, 0.035639017418497315, 0.33308252316643044, 0.5760918790707737], [0.028962210223945652, 0.03748211448261626, 0.5425637687028377, 0.3909919064906003], [0.04083539484278207, 0.2191341486483107, 0.4159294602465523, 0.32410099616235494], [0.044111232324322285, 0.2519741689337767, 0.2946401526859646, 0.4092744459559364], [0.04077884486094322, 0.021838651601746084, 0.3993987969755535, 0.5379837064617572], [0.03159405049485664, 0.019167125622031878, 0.7137994816450391, 0.23543934213807233], [0.04715019038797822, 0.018911406184576943, 0.1476097388312534, 0.7863286644961914], [0.04012137151469045, 0.024531577865865354, 0.5716694411838953, 0.3636776093355489], [0.09982064887283953, 0.1571012253060024, 0.24336483528196146, 0.4997132904391966], [0.051863223309098955, 0.10478785632992954, 0.5755437015911578, 0.2678052186698137], [0.08676392406400057, 0.030950111631093825, 0.43410345018199886, 0.4481825140229067], [0.048219368306003665, 0.02521870122242642, 0.6355397163770689, 0.291022213994501], [0.11450864822852735, 0.05805353680230926, 0.20750158207295172, 0.6199362327962117], [0.06942656195865866, 0.042446465333069394, 0.6000763393290119, 0.28805063327926], [0.11989221988668661, 0.17724177635719202, 0.296902573754808, 0.40596342990131334], [0.11782776563181387, 0.12255344538655218, 0.4699470996386742, 0.2896716892429597], [0.2814265483285323, 0.04317502583103359, 0.31913586980288117, 0.3562625559375529], [0.2124614496488544, 0.04420178547811256, 0.40344713637099194, 0.33988962840204107], [0.29640341685440696, 0.06412372183527226, 0.2274091013266457, 0.41206375988367505], [0.2277258055259982, 0.058956556455532126, 0.3815755872164232, 0.3317420507020465], [0.28848062252262097, 0.06747810843559336, 0.24307469617713753, 0.40096657276464814], [0.28504143967499196, 0.058837264771215994, 0.3662150733762448, 0.28990622207754724]], "ideal": "C", "sampled": "D", "correct": false}}
{"type": "result", "data": {"idx": 9, "options": ["Every compact space is complete", "Every complete space is compact", "Neither (a) nor (b).", " Both (a) and (b)."], "probs": [[0.010619357464578314, 0.0312147631736497, 0.9141407216351686, 0.044025157626603376], [0.05103029359547486, 0.1911445287816674, 0.41136747969579057, 0.34645769782706715], [0.16327498851573885, 0.2673619687289858, 0.43801233168036563, 0.13135071097490966], [0.11290187375521506, 0.3427507945198009, 0.440654456825521, 0.10369287479946304], [0.1104805883934312, 0.3741847211910516, 0.3054744901115568, 0.2098602002039604], [0.08941660953784801, 0.5234119373544958, 0.27582502773365375, 0.11134642527400243], [0.019025520181537435, 0.06641040333526453, 0.8433016615468464, 0.07126241483635165], [0.05132757126771728, 0.3195143639721837, 0.45812058444210296, 0.17103748021799603], [0.15345505911201332, 0.1987340390860772, 0.5371620494435887, 0.1106488522583208], [0.1215570056432895, 0.31814360852445334, 0.44233969179095856, 0.11795969394129861], [0.13466198139057092, 0.30854015160067333, 0.4220175554024461, 0.13478031150630965], [0.12142424465133816, 0.5242378193247277, 0.24957462024539342, 0.10476331567854077], [0.3573689157237228, 0.10913263409580455, 0.34751379354288786, 0.1859846565375848], [0.4278722734907975, 0.08171356529456991, 0.4159581691799706, 0.07445599193466201], [0.2713896677641706, 0.1115066028692993, 0.4285462146962717, 0.18855751457025835], [0.30008421015907055, 0.10378038369080599, 0.5120532626605565, 0.08408214338956697], [0.7220177923008985, 0.06932209121537974, 0.09053930979631054, 0.11812080658741124], [0.6773501684386948, 0.08684723143042317, 0.10825134148298514, 0.12755125854789684], [0.5051690785031275, 0.1182193124706748, 0.20294224609067418, 0.17366936283552348], [0.506979089751582, 0.08408593329650674, 0.33860948473334007, 0.0703254921185711], [0.5093319453484998, 0.12102937042269812, 0.23010283877711335, 0.13953584535168875], [0.5940040482136574, 0.09402349055415772, 0.23693502476532002, 0.07503743636686484], [0.6816834552767376, 0.12137083255884666, 0.09617095081399725, 0.10077476125041855], [0.6926508235543851, 0.11860861842897796, 0.0925594377771099, 0.09618112013952701]], "ideal": "A", "sampled": "D", "correct": false}}
{"type": "result", "data": {"idx": 10, "options": ["10", "20", "25", "45"], "probs": [[0.021717849469461366, 0.5472632482916248, 0.04286941385229648, 0.38814948828661733], [0.02475005061583919, 0.6690747861840337, 0.19171224889686334, 0.11446291420326375], [0.031028225365890037, 0.700911906885952, 0.06726294273307667, 0.2007969249150813], [0.02403776484410105, 0.5690142395166581, 0.3506175207428329, 0.056330474796407966], [0.010598174857867878, 0.9470286275064064, 0.011462268095573904, 0.030910929440151846], [0.013513314548937914, 0.9258465774603509, 0.019976004974759275, 0.04066410291595182], [0.4242975223699215, 0.14208468158233822, 0.053123278025890314, 0.38049451792184996], [0.6340157218101016, 0.1034684474008329, 0.1210329762672805, 0.14148285442178501], [0.4704074876787245, 0.1813134144772525, 0.11896900122352849, 0.22931009652049453], [0.46426708193349003, 0.15067851766448218, 0.27304143117679774, 0.11201296912523005], [0.5863163442480793, 0.18734941209128347, 0.09134641428498443, 0.1349878292756528], [0.7066618045458938, 0.11714477574075298, 0.08055181620466265, 0.09564160340869061], [0.3533214786290129, 0.19507735347632943, 0.0981463237670112, 0.35345484402764643], [0.1442379355286365, 0.08346438407063306, 0.6367741822559637, 0.13552349804476674], [0.3966471490849069, 0.15771674558235055, 0.1553793194960735, 0.290256785736669], [0.40156340008316566, 0.12631446874752927, 0.2939131434810185, 0.17820898758828654], [0.28820561715599086, 0.3939170152914665, 0.08259596490192056, 0.23528140255062208], [0.5681678440536183, 0.276844938189235, 0.0678671647589898, 0.08712005289815687], [0.1744876179746004, 0.21710662218088508, 0.3160850656299848, 0.2923206941145297], [0.23933107728342873, 0.18928264925744673, 0.3429651413350377, 0.22842113202408681], [0.5020821393275133, 0.1003758967046436, 0.31429838024205414, 0.08324358362578893], [0.6792526396262731, 0.08631644590043142, 0.12181627276401094, 0.11261464160928455], [0.4840785264484794, 0.11139523981887757, 0.25917950269968326, 0.14534673093295983], [0.5618571168037522, 0.10069643930150414, 0.1687494702933989, 0.16869697350134483]], "ideal": "D", "sampled": "D", "correct": true}}
{"type": "result", "data": {"idx": 11, "options": ["1/64", "15/64", "1/4", "3/8"], "probs": [[0.08410977076970176, 0.08284362651603369, 0.7621785628682708, 0.07086803974599379], [0.10359184906006387, 0.17220667772687037, 0.5063808190188437, 0.21782065409422208], [0.08823635625485167, 0.5849554072843126, 0.21517794313017846, 0.1116302932306573], [0.06485392704392848, 0.587722760746037, 0.2607595246543143, 0.08666378745572022], [0.15328836211089697, 0.20637182581787164, 0.33511173222421664, 0.30522807974701477], [0.04980049972702445, 0.06600827157511509, 0.8298911336445313, 0.05430009495332915], [0.2621665577166878, 0.26236659090304365, 0.37589218928711615, 0.09957466199315242], [0.2735771618085858, 0.4444649947575813, 0.14428702425369255, 0.13767081908014037], [0.19552207428173699, 0.4622033639282473, 0.2512788530473705, 0.0909957086426452], [0.12985353983404008, 0.40987343434531043, 0.3850463725589766, 0.0752266531616729], [0.2622892973588064, 0.35320337202012253, 0.21762944238525392, 0.16687788813581714], [0.13516789874823096, 0.15810270841481833, 0.6354523991225355, 0.07127699361441525], [0.05256816391781693, 0.6769011758178786, 0.1738041224586229, 0.09672653770568161], [0.060457206355587725, 0.5434958257206803, 0.3296122203495471, 0.06643474747418487], [0.06885678474341463, 0.4635844929853928, 0.4090950580074965, 0.05846366416369607], [0.06508409806588376, 0.30353637735209377, 0.5761086193910795, 0.05527090509094297], [0.15294582570506682, 0.13931327537867272, 0.5866788406575585, 0.12106205815870197], [0.07999082355925637, 0.11462392974899631, 0.6754649625242446, 0.12992028406750275], [0.07357783943771937, 0.5111248125127604, 0.2569798345746836, 0.15831751337483657], [0.06380410254093351, 0.12304678844745869, 0.7778978057210908, 0.035251303190517044], [0.05661816711740073, 0.5904402334172748, 0.23851224087256065, 0.11442935849276385], [0.06912598014920145, 0.30053311849904457, 0.5793378382371583, 0.05100306301459567], [0.09086847236686879, 0.35133701297601627, 0.4654239380980227, 0.09237057645909225], [0.08062407613854249, 0.23710387159312615, 0.5778588824248287, 0.10441316974350265]], "ideal": "B", "sampled": "C", "correct": false}}
{"type": "result", "data": {"idx": 12, "options": ["0", "1", "2", "3"], "probs": [[0.567989247385294, 0.13921538446826964, 0.15782286539415333, 0.13497250265228303], [0.45347543870629875, 0.16685488569774284, 0.23911851285810456, 0.14055116263785383], [0.5197208770777026, 0.21005497952316607, 0.16622761265725208, 0.10399653064187919], [0.4575334165552737, 0.1999451040988953, 0.16323798376107906, 0.17928349548475192], [0.4558530423097758, 0.259849057162589, 0.18720090013067897, 0.09709700029695621], [0.4761872170459092, 0.2510492298891889, 0.1522994694072993, 0.12046408355760259], [0.40820553894729283, 0.2987778782545766, 0.19293925164200673, 0.10007733105612386], [0.3835783204428847, 0.2807304409246533, 0.24017494677007983, 0.09551629176238212], [0.30566652695261914, 0.2068604020013061, 0.39274402278477394, 0.09472904816130083], [0.3048291549501342, 0.22307004364688762, 0.2489113099461927, 0.22318949135678548], [0.30444926020438784, 0.2408903985974701, 0.36177155371862935, 0.0928887873795127], [0.34554762159628705, 0.27777702027429474, 0.2232393953463623, 0.15343596268305587], [0.32543544917639844, 0.4591666733262729, 0.12357390662232542, 0.09182397077500318], [0.2951734363737572, 0.43645605440543583, 0.13733011482772817, 0.13104039429307882], [0.3724097490970445, 0.28564247274047944, 0.21906693809520947, 0.12288083996726663], [0.3613550935602848, 0.3044171060838469, 0.20926577959956175, 0.1249620206563066], [0.2697894117601576, 0.2237080452066195, 0.3867193363744385, 0.11978320655878441], [0.29338605957590574, 0.2589803790179421, 0.3379380009991548, 0.1096955603069974], [0.33966904425718997, 0.42960053898572464, 0.14615106179974235, 0.08457935485734301], [0.3359734813823146, 0.44535852801394915, 0.11615993427545328, 0.10250805622828293], [0.37951307354013597, 0.31971286771340235, 0.20325596022790748, 0.09751809841855422], [0.40448812248965577, 0.3355233122895904, 0.1560389422624079, 0.10394962285834594], [0.3549577348318048, 0.19607536784946217, 0.33894214535754236, 0.11002475186119062], [0.39894542391293397, 0.23097275367284334, 0.26594433383922944, 0.10413748847499325]], "ideal": "A", "sampled": "A", "correct": true}}
{"type": "result", "data": {"idx": 13, "options": ["4", "7", "10", "13"], "probs": [[0.23153465873874474, 0.1890113019164916, 0.34778889102967964, 0.231665148215084], [0.23034114103661155, 0.1633781121487804, 0.4239701438731604, 0.18231060284144768], [0.26025656638691697, 0.21581805393379594, 0.2905034807183955, 0.2334218988608916], [0.26316681501617906, 0.17810714243061457, 0.40152496095456797, 0.1572010814986384], [0.2581125718659564, 0.22432392164836443, 0.3164353872091422, 0.201128119176537], [0.278010529759018, 0.2234575699101852, 0.31032492114442894, 0.1882069790863678], [0.2939260172285057, 0.16751071060216013, 0.31307335285364, 0.22548991921569414], [0.3014494702998453, 0.15161203976039211, 0.35820951742892987, 0.1887289724108327], [0.3292877428435009, 0.23726448136695233, 0.23361290738534501, 0.1998348683042018], [0.2766511357551985, 0.15766544168607952, 0.4221032731676216, 0.14358014929110038], [0.3372145991350143, 0.23922320420803142, 0.22828065536959982, 0.19528154118735447], [0.31603728154288163, 0.24622833336938307, 0.30174152408837707, 0.13599286089935825], [0.18847427331929978, 0.24976376440899659, 0.28307867890980315, 0.27868328326190045], [0.2132578162150239, 0.22707128184146982, 0.3253542136022802, 0.23431668824122606], [0.17781747345882268, 0.22837663504055322, 0.3825618510292317, 0.21124404037139244], [0.22895609989028276, 0.2151483861119714, 0.37184801139915824, 0.1840475024985876], [0.22378651462065696, 0.3413744219591417, 0.20383105866314552, 0.23100800465705584], [0.21943121165385526, 0.33473156382976416, 0.27751235910654914, 0.16832486530983143], [0.29415302238819097, 0.18412418269010028, 0.28525509147504047, 0.23646770334666825], [0.3168622647463993, 0.17502531929129456, 0.2797767007004597, 0.2283357151618465], [0.2339462469518183, 0.2097641926512992, 0.3682414135852468, 0.18804814671163564], [0.2846513559921855, 0.2115982449795748, 0.3227398885606778, 0.18101051036756188], [0.31050338875372496, 0.161122647491039, 0.3011023059021984, 0.22727165775303762], [0.2679786681860928, 0.15035046635554752, 0.3337034880781256, 0.24796737728023407]], "ideal": "B", "sampled": "D", "correct": false}}
{"type": "result", "data": {"idx": 14, "options": ["0.64", "0.72", "0.81", "0.95"], "probs": [[0.16992779804879785, 0.18092466080206412, 0.4408310156248299, 0.20831652542430812], [0.13817764974376415, 0.1628470316780121, 0.4426476290555369, 0.25632768942268686], [0.07097289816285084, 0.1116613389687537, 0.7003121479691927, 0.1170536147992027], [0.13826728277812406, 0.14951566305798208, 0.4193322485067011, 0.29288480555719276], [0.05482572127863681, 0.07853976899664714, 0.7688689488887093, 0.09776556073600677], [0.08247755843421559, 0.08849028101467056, 0.6488267488653294, 0.18020541158578438], [0.10853700922034101, 0.11025751216713432, 0.551293603256445, 0.22991187525607962], [0.13422156869022928, 0.14290210603238643, 0.48344177002840755, 0.23943455514897677], [0.08619861175452052, 0.09467559910847312, 0.6834667222491891, 0.1356590667878172], [0.12234276060302723, 0.12722449287746773, 0.4304055965352057, 0.3200271498842993], [0.051536330045380566, 0.05660690844623376, 0.8126393111101629, 0.0792174502982228], [0.06822107731613779, 0.08229396491419873, 0.7278374432789618, 0.12164751439070161], [0.09065409003781721, 0.14715905486065795, 0.5775276421923082, 0.18465921280921657], [0.07260882270970888, 0.11878516044289748, 0.6032790079842504, 0.20532700876314322], [0.15072817058033974, 0.16818631194895423, 0.47169358939262773, 0.2093919279780783], [0.07165924939491936, 0.09201585372468582, 0.5593153612787369, 0.27700953550165786], [0.03567396476508075, 0.04876198991645521, 0.7688132523721544, 0.14675079284630974], [0.04957082395869561, 0.06828872259062595, 0.6581503414273071, 0.22399011192337137], [0.07907585563238888, 0.1700747558282187, 0.5753325647931379, 0.17551682364625454], [0.0678959021531426, 0.12886301787807314, 0.4939673097245458, 0.30927377014423846], [0.07784828832892016, 0.11688443707565507, 0.6269899243603222, 0.1782773501351025], [0.10019483789525477, 0.1402184270263475, 0.5209679797131388, 0.23861875526525891], [0.09484380412014741, 0.12469173128630731, 0.39316066802712096, 0.3873037964664243], [0.09658248145910979, 0.15436430843929716, 0.5061294134272004, 0.24292379657439261]], "ideal": "D", "sampled": "B", "correct": false}}
{"type": "result", "data": {"idx": 15, "options": ["I only", "II only", "III only", "I and II only"], "probs": [[0.12487320413104323, 0.1628959199663738, 0.2333634440895622, 0.47886743171302076], [0.07774446895926025, 0.10627578658601913, 0.7494677770648875, 0.06651196728983311], [0.08154554466020626, 0.2148878569238375, 0.21157653556279157, 0.49199006275316465], [0.08270927893097864, 0.08669215797397115, 0.7728436839026582, 0.05775487909239197], [0.18427654000605911, 0.4856773026888291, 0.1993367254930045, 0.1307094317121073], [0.1912418468942869, 0.47352570643402747, 0.23442521863638474, 0.10080722793530089], [0.1698758950622644, 0.19556809052562335, 0.1726046255834538, 0.4619513887286585], [0.10343278429590241, 0.12477849701539236, 0.707049325940446, 0.06473939264825926], [0.19486032424408667, 0.18597979841756687, 0.2314738929040224, 0.38768598433432405], [0.10451702772525844, 0.1045289933576959, 0.7144726514101811, 0.0764813274068645], [0.2889717669704844, 0.36542635078042585, 0.2758644664835086, 0.06973741566558116], [0.18910963045813117, 0.5062152335366745, 0.21104089209714472, 0.09363424380804956], [0.11724061954490483, 0.24439489259343036, 0.2225453638266017, 0.4158191239350631], [0.10135546184691284, 0.12038043857684574, 0.6928932483035782, 0.08537085117266313], [0.21045164839693792, 0.19467127281501811, 0.24229632630729092, 0.35258075238075304], [0.09067359905497287, 0.11827144241917083, 0.6914522338062978, 0.0996027246195585], [0.2807942926602903, 0.37798330184017714, 0.2765615582189564, 0.06466084718057614], [0.1276329131080821, 0.4894091079026754, 0.2702954946867054, 0.11266248420253706], [0.6066332639633936, 0.19700654436187445, 0.14415632616497928, 0.05220386540975268], [0.6667009268514489, 0.13978766716647123, 0.14882890157859469, 0.04468250430348518], [0.7134538770579478, 0.07065806265901184, 0.1695439780028181, 0.04634408218022227], [0.6441351674726921, 0.12296245062667671, 0.16810111449317303, 0.06480126730745821], [0.6236058411232924, 0.1153877029225966, 0.2089908450885839, 0.052015610765527055], [0.4179792844093856, 0.18844687234786411, 0.3059325997995648, 0.0876412433431855]], "ideal": "D", "sampled": "D", "correct": true}}
{"type": "result", "data": {"idx": 16, "options": ["I only", "II only", "III only", "I and II only"], "probs": [[0.03804652392483762, 0.24246877429444819, 0.2139923125291455, 0.5054923891515687], [0.0543726281722026, 0.16754978019671682, 0.5759377178602358, 0.2021398736708448], [0.02746068425972158, 0.2014222227418332, 0.23184523934153498, 0.5392718535569102], [0.057075566687306845, 0.10834937380140283, 0.6744161743083282, 0.16015888510296206], [0.06597720978443397, 0.4547248881911594, 0.23591770756681776, 0.2433801943575888], [0.09233376933210248, 0.37705402829774837, 0.26737429302488047, 0.2632379092452687], [0.08440664661298468, 0.2812390112964907, 0.14823145114582983, 0.4861228908446948], [0.09262974559334475, 0.20241069791677066, 0.5679820179371288, 0.1369775384527558], [0.08712869461233952, 0.22258954577118295, 0.22613387649978894, 0.4641478830166886], [0.0967489701970753, 0.14302037230345707, 0.5316008128886901, 0.2286298445107775], [0.14766225047383544, 0.42760542873685004, 0.24369258374750777, 0.18103973694180675], [0.1161012254286488, 0.4523198806334164, 0.18565911882715552, 0.24591977501077927], [0.027999168519848305, 0.23451855994761395, 0.21692331335129325, 0.5205589580812445], [0.052144676441700205, 0.1521193682995311, 0.5743461250684504, 0.2213898300903183], [0.07351349983736738, 0.22831468111739256, 0.2145211680427162, 0.48365065090252385], [0.08441952678029586, 0.13705606859338682, 0.5015520490320051, 0.27697235549431215], [0.12228505494392534, 0.3326502789619252, 0.3432919135836977, 0.20177275241045176], [0.10030847338440152, 0.37292666552539666, 0.28596900612374954, 0.24079585486645225], [0.11278269186718896, 0.400214424684533, 0.2794194158762056, 0.20758346747207237], [0.22398353443339172, 0.278978816273364, 0.2621139209570459, 0.2349237282361984], [0.24293222658988062, 0.27122082899449823, 0.2712935764623553, 0.21455336785326584], [0.1816958608788967, 0.3092886163091031, 0.2485569976236666, 0.2604585250883336], [0.17126741238010534, 0.2306714848643174, 0.37447713127815024, 0.22358397137742697], [0.12064929549040587, 0.2382531212090444, 0.39905914950590254, 0.24203843369464714]], "ideal": "B", "sampled": "D", "correct": false}}
{"type": "result", "data": {"idx": 17, "options": ["-1/4", "-1/(4sqrt(2))", "0", "sqrt(2)"], "probs": [[0.1270586978210304, 0.3946730137270448, 0.29327421940502, 0.1849940689469048], [0.14522789200838657, 0.37984603073604206, 0.26514342029507804, 0.20978265686049336], [0.070253962351523, 0.08343398011611483, 0.7267728013587282, 0.11953925607363387], [0.0968592479260152, 0.13989140300382089, 0.455148256601301, 0.30810109236886296], [0.08011141418609591, 0.07949602603117394, 0.6871047615317839, 0.15328779815094623], [0.06984758965313251, 0.10907730215269389, 0.6788236942471407, 0.14225141384703288], [0.06270175052839835, 0.6906677072151628, 0.12186923640527135, 0.1247613057511675], [0.09228688340028807, 0.579281381023394, 0.1865248354110631, 0.14190690006525486], [0.10401048587720454, 0.09547241847359396, 0.6788496424983314, 0.12166745305087015], [0.20688783863429655, 0.14786533401115282, 0.4382322691379212, 0.20701455811662944], [0.19844047575366572, 0.17514388130981756, 0.5150638183804088, 0.11135182445610789], [0.20121471291048112, 0.30217077145956833, 0.3216951084825631, 0.17491940704738743], [0.06691896715332538, 0.19672865577373602, 0.5968263566842981, 0.1395260202886405], [0.10296442128512838, 0.3949159295108299, 0.2735173938853795, 0.22860225521866223], [0.07591994162575126, 0.14869460572823032, 0.6879515102410166, 0.08743394230500179], [0.12261801225997619, 0.3577420497928714, 0.31573982141795487, 0.20390011642919753], [0.07535489479395686, 0.12922703929680904, 0.6214685300532967, 0.1739495357559374], [0.11302375947920013, 0.16971418864818524, 0.45426622639625786, 0.2629958253763568], [0.03198182832732755, 0.05791255911666588, 0.7513895025812447, 0.15871610987476187], [0.1304648032515475, 0.16499293847243302, 0.5495528414429177, 0.15498941673310176], [0.08802616267418652, 0.11393465421197954, 0.6308997633832201, 0.16713941963061388], [0.17554027101937295, 0.18115894764577165, 0.4212863209614026, 0.22201446027345278], [0.07098581270982739, 0.12657558256590407, 0.6280360489734881, 0.1744025556507805], [0.10444369399494874, 0.1383767605816798, 0.5604320889247527, 0.19674745639861874]], "ideal": "C", "sampled": "A", "correct": false}}
