{"type": "result", "data": {"idx": 0, "options": ["Loop gain should be unity", "Loop gain should be less than unity", "The phase of a feedback signal with respect to input should be 0\u00b0 or 360\u00b0", "Both A and C"], "probs": [[0.27126696375562265, 0.5482773124335771, 0.013301469753706911, 0.16715425395709332], [0.12993928740386917, 0.7721325129536566, 0.0740748044995098, 0.023853395042964427], [0.24612635486385886, 0.060325749566757673, 0.41886470357248795, 0.2746831918968955], [0.387334428924808, 0.07628966725060261, 0.4901057688009552, 0.046270134923634194], [0.11212649592083632, 0.2690352892451487, 0.5970988484338329, 0.02173936630018211], [0.23153914681398483, 0.5734432977866133, 0.08390151025932582, 0.11111604504007601], [0.28401779490809587, 0.20146530414298225, 0.06748168764002035, 0.44703521320890155], [0.27438164470086296, 0.20084035918299573, 0.4820247119711106, 0.04275328404503069], [0.31352434960706566, 0.19323400524862475, 0.18439950871409538, 0.30884213633021423], [0.29396874499594394, 0.08692028470062113, 0.576082007821261, 0.04302896238217392], [0.13569546476351277, 0.745588797316528, 0.0672017372778431, 0.051514000542116065], [0.09704448882198716, 0.8004328488438657, 0.036848432762984655, 0.06567422947116253], [0.08209921613339437, 0.09160379450273785, 0.6261699375217129, 0.20012705174215492], [0.20671042720876906, 0.28269347440346343, 0.4735224824911598, 0.03707361579660772], [0.11812349517694817, 0.7828218412996861, 0.028509428987310372, 0.07054523443605527], [0.11152806194237726, 0.4923418787319087, 0.3774861714098461, 0.018643887815867975], [0.14989950693019144, 0.7045386766482179, 0.07902659925674145, 0.06653521706484924], [0.07704967173480502, 0.6764498276728846, 0.21283201633315826, 0.033668484159152086], [0.8593260061149551, 0.03036199724697666, 0.09355194782829189, 0.016760048709776352], [0.9074399373424141, 0.02830090529870892, 0.039296672468495934, 0.02496248479038097], [0.8991250887417409, 0.03278175765472332, 0.04411965397262732, 0.02397349953090847], [0.9292373992717843, 0.023290911036331043, 0.029903196822566227, 0.01756849276931846], [0.9145351340794355, 0.02439763501199471, 0.040854568150685, 0.020212662657884718], [0.8638440160521316, 0.026111337652710766, 0.08972235550879025, 0.020322290686367407]], "ideal": "D", "sampled": "D", "correct": true}}
{"type": "result", "data": {"idx": 1, "options": ["It loads the circuit moderately.", "It loads the circuit to maximum extent.", "It uses centre zero galvanometer instead of voltmeter.", "It does not load the circuit at all."], "probs": [[0.9558120172751144, 0.005774657694097064, 0.031225140409180643, 0.007188184521607824], [0.8972170689049483, 0.006959955006366665, 0.08615670848627671, 0.009666267502408288], [0.9454578620879218, 0.020892819859921034, 0.01787515929257477, 0.01577415865958231], [0.8699601842685428, 0.022473172774317405, 0.08892959918609261, 0.018637043671047158], [0.9760245298055652, 0.013499085262034988, 0.00711489487477621, 0.003361489957623635], [0.9818940806875477, 0.009480055468098618, 0.006938225623730548, 0.001687638120623162], [0.02629673057854637, 0.9423481712109778, 0.007025883429853368, 0.02432921468062241], [0.03322541710287987, 0.9273555269214049, 0.015099360591992139, 0.02431969528372306], [0.03358408667623069, 0.010243477800808488, 0.9376209580398915, 0.018551477383069292], [0.03846501053559078, 0.008064814564525995, 0.03449753552664727, 0.9189726392732359], [0.012791740867602638, 0.009506940960253498, 0.9705797554912152, 0.0071215625809286], [0.019594137655909016, 0.012851879386100478, 0.007098665625088383, 0.9604553172329021], [0.07583387378932732, 0.8159280616105721, 0.026218875012244583, 0.08201918948785605], [0.05432142166822202, 0.8505117644846389, 0.03454479716370055, 0.060622016583438486], [0.09097625060094891, 0.017366794382344394, 0.750703909805302, 0.14095304511140466], [0.019365678257847914, 0.003785450006855677, 0.012706251949202486, 0.9641426196860939], [0.08532162391233873, 0.029490241233599456, 0.8496094128955395, 0.03557872185852231], [0.020301145636636823, 0.006749964054465981, 0.008336205639861776, 0.9646126845690354], [0.09793282834536349, 0.8469754275201092, 0.015503956602648155, 0.039587787431879136], [0.0620291127893629, 0.8983561435515123, 0.009370571664680995, 0.0302441718944438], [0.010995420618516216, 0.0036275468272062342, 0.9754409782250245, 0.00993605422925305], [0.013831427977045082, 0.003064141780657673, 0.0116514980338091, 0.9714529321084882], [0.05037458870153301, 0.008033170517243176, 0.9224663674500293, 0.019125873231194503], [0.03449135769551041, 0.007579878709289662, 0.009434772061394224, 0.9484939914338056]], "ideal": "D", "sampled": "A", "correct": false}}
{"type": "result", "data": {"idx": 2, "options": ["NOR, NAND.", "XOR, NOR, NAND.", "OR, NOT, AND.", "NOR, NAND, XNOR."], "probs": [[0.03587681027979895, 0.8829402856916866, 0.0151937900826505, 0.06598911384586391], [0.038880841058124456, 0.8577142377872751, 0.07264866192033119, 0.03075625913426924], [0.0189943108282746, 0.015024588020443277, 0.9444572638512476, 0.021523837200034528], [0.07652950517987678, 0.039700207428375524, 0.8358792697330385, 0.04789101755870923], [0.07076356578709134, 0.8756597391166785, 0.02950187345878182, 0.024074821537448356], [0.04076236968648796, 0.9133937604635434, 0.012051060188735623, 0.03379280956123304], [0.35445413914197743, 0.3381888358229535, 0.03977606176348292, 0.2675809631715861], [0.34181266510327857, 0.18581376691072074, 0.4321850771444228, 0.040188490741577876], [0.4905029127143908, 0.07176407265472845, 0.06744080630520288, 0.3702922082256779], [0.36920595165375325, 0.08498489855870121, 0.4524597525144159, 0.09334939717312966], [0.5689076952881165, 0.35598907199003754, 0.04971472548086558, 0.025388507140980437], [0.532604154895234, 0.39577144159271915, 0.026519698871331546, 0.04510470454071527], [0.012199154463284425, 0.07242238723197517, 0.8964836847020791, 0.01889477350266128], [0.023055882649770914, 0.40865879409539246, 0.5331296811009781, 0.03515564205385844], [0.015498652836173821, 0.9150269498828291, 0.011886182073905132, 0.057588215107091965], [0.027122534505666537, 0.857121338716253, 0.05833712526940796, 0.05741900140867258], [0.013466087886719588, 0.9589954461847489, 0.007322798366403345, 0.020215667462128224], [0.020010141058397497, 0.9201093897862755, 0.03857939189230671, 0.021301077163020207], [0.5843621535339876, 0.20192845314158658, 0.1868026568315583, 0.026906736392867565], [0.5169546526607294, 0.25588982913483566, 0.027833684861354922, 0.1993218332430801], [0.4055294861723241, 0.5543032112477095, 0.02149529686835768, 0.018672005611608658], [0.4798458489304426, 0.46509253714187615, 0.019199615235199002, 0.03586199859248228], [0.5203669899345762, 0.05747245881008633, 0.04140725544011424, 0.38075329571522315], [0.18002952901752847, 0.04551325060736859, 0.746414255222755, 0.028042965052347955]], "ideal": "A", "sampled": "B", "correct": false}}
{"type": "result", "data": {"idx": 3, "options": ["30\u00b0 to 150\u00b0.", "30\u00b0 to 180\u00b0.", "60\u00b0 to 120\u00b0.", "60\u00b0 to 180\u00b0."], "probs": [[0.2500048652042743, 0.27908439273083036, 0.30168048443401496, 0.16923025753088042], [0.22546758091381927, 0.28078389583378416, 0.2851313394787588, 0.20861718367363777], [0.2587850689629215, 0.19241285322172552, 0.3708543777094966, 0.17794770000585636], [0.19517211323258443, 0.16964618607186285, 0.3882976414128622, 0.24688405918269052], [0.2368032590869161, 0.16282036136639735, 0.45668925891821066, 0.14368712052847585], [0.19208314726692147, 0.22120920981923164, 0.41974016394381236, 0.16696747887003455], [0.21590339610369927, 0.18766262474251527, 0.4228808770448674, 0.17355310200891808], [0.27979559537341464, 0.2180356150062087, 0.3323950270199685, 0.16977376250040818], [0.30279543992829283, 0.20499518511629553, 0.32751050588193703, 0.16469886897347458], [0.22143359810035798, 0.15224611984527728, 0.46169272748521506, 0.16462755446914967], [0.2764633132858788, 0.18424941989430552, 0.36071140400668517, 0.1785758627131305], [0.1580947433608475, 0.13526260167572907, 0.5434710706805752, 0.1631715841828482], [0.16944605843014554, 0.16951511040802408, 0.432903657829521, 0.2281351732323094], [0.22994272870762192, 0.16569430383749503, 0.41659320514536907, 0.18776976220951397], [0.2018252073700719, 0.2633799792541943, 0.33287371693767565, 0.20192109633805813], [0.20706048605755628, 0.16131444273766035, 0.4892550408350924, 0.14237003026969092], [0.24146669381031627, 0.2960506887124756, 0.2653095642864765, 0.1971730530907316], [0.22016932902013972, 0.241944529332031, 0.346520771155253, 0.19136537039257628], [0.17838568717862943, 0.17296129205641128, 0.47019981632597335, 0.17845320433898593], [0.19980933961117953, 0.14395786188342216, 0.5350002368749771, 0.1212325615304212], [0.1923110513541173, 0.19238594459138608, 0.41368771211671085, 0.20161529183778576], [0.2453841308087239, 0.16351700586604534, 0.44452546035409657, 0.14657340287113418], [0.2885250915957759, 0.2754911358904511, 0.2111610973641221, 0.2248226750496509], [0.29101039277133706, 0.25298572715013357, 0.28216366238292184, 0.1738402175956075]], "ideal": "A", "sampled": "B", "correct": false}}
{"type": "result", "data": {"idx": 4, "options": ["Data Box.", "Logical box.", "Decision box.", "State box."], "probs": [[0.15595823757218746, 0.09915559140578165, 0.5282021839120609, 0.21668398700997002], [0.274865780368763, 0.25427741188661734, 0.15915577349197413, 0.31170103415264555], [0.15985026059378557, 0.5855381706344477, 0.08167217230248955, 0.17293939636927716], [0.1543909236898184, 0.6116124687140593, 0.053383289622328314, 0.18061331787379395], [0.27274063226833445, 0.3190371095815149, 0.13092750309588552, 0.27729475495426514], [0.2641879876559835, 0.2727390784834415, 0.20269073241873134, 0.26038220134184364], [0.10018006042119913, 0.06269804156450136, 0.6438957383797385, 0.19322615953456102], [0.22491307051660162, 0.10964943222388635, 0.10797314848476174, 0.5574643486747503], [0.1935307729444434, 0.6066485326388327, 0.048975472573297874, 0.15084522174342602], [0.19337501831840373, 0.6253634001380184, 0.05632283454089149, 0.1249387469026864], [0.22897822299626164, 0.15502201931781495, 0.07439430525176205, 0.5416054523341614], [0.20605978674705241, 0.14389784847098835, 0.443781471860458, 0.20626089282150117], [0.42701005730158237, 0.17803298098803066, 0.2082614147260086, 0.1866955468843784], [0.511464141770602, 0.16612263764818136, 0.10561845177630427, 0.21679476870491238], [0.4659657061260748, 0.33590382311229183, 0.07262370830432148, 0.1255067623573119], [0.49943967156898467, 0.31274921630918395, 0.09389780740686472, 0.09391330461496662], [0.44001293535523683, 0.26708422496722234, 0.08807300995464493, 0.2048298296228959], [0.4772113774483147, 0.23634129326697917, 0.1729928928288481, 0.11345443635585799], [0.3546184161525286, 0.21183442524197219, 0.13466290240116416, 0.29888425610433506], [0.29956214422342553, 0.17344539899554287, 0.2860569528089183, 0.2409355038721133], [0.30959950739622627, 0.26502125052074305, 0.07956421848718714, 0.34581502349584353], [0.2673990348489202, 0.1988428622630218, 0.3835933987831913, 0.15016470400486667], [0.3544025481165972, 0.33848080746181103, 0.10816365499105571, 0.1989529893305361], [0.33503012847440533, 0.34061085159320376, 0.19709900922297346, 0.12726001060941744]], "ideal": "C", "sampled": "C", "correct": true}}
{"type": "result", "data": {"idx": 5, "options": ["same as that produced by one plate.", "double the field produced by one plate.", "dependent on coordinates of field points.", "zero."], "probs": [[0.45877975562678364, 0.34150183451859856, 0.048379533348457474, 0.15133887640616028], [0.40819420798221895, 0.25980898348163767, 0.22209189499046908, 0.10990491344567428], [0.3603289682766072, 0.050322304843672575, 0.42169492961315597, 0.16765379716656426], [0.33125482116789123, 0.04211534327979224, 0.41922239870484235, 0.20740743674747414], [0.32777655659493127, 0.15986822842934728, 0.4213040752806112, 0.09105113959511024], [0.46458514000592843, 0.25694594276140686, 0.08466519339543677, 0.19380372373722793], [0.03913667983540185, 0.9055043292078124, 0.014978984149470772, 0.04038000670731493], [0.08655787097248109, 0.8029414861043497, 0.05547539040868689, 0.05502525241448233], [0.0923662119673047, 0.01543702758169988, 0.8505580503626284, 0.041638709988366975], [0.314029785318784, 0.030385785028174177, 0.3046939097389905, 0.3508905198140513], [0.14136426702339233, 0.050408369034285604, 0.7771698539682532, 0.031057509874068797], [0.4230226168964653, 0.15338904349711172, 0.05553959557780723, 0.3680487439286157], [0.41436212122895755, 0.15020013525474712, 0.29872526070730493, 0.13671248270899036], [0.4673198054448144, 0.1748026642567749, 0.21750206531665958, 0.1403754648817511], [0.12318438108059822, 0.025417772023842482, 0.8046337027492423, 0.046764144046317], [0.37063695101121963, 0.05340445200280119, 0.3711153379043961, 0.2048432589815831], [0.4272756341756617, 0.2555668689884512, 0.1623136872235599, 0.15484380951232718], [0.3869364828457694, 0.2705440798835809, 0.07624775858766482, 0.26627167858298484], [0.5448981888351604, 0.10405080717102229, 0.2420025778917603, 0.10904842600205697], [0.6700609079110097, 0.10945615742149954, 0.06848661212986017, 0.15199632243763056], [0.34161218180595715, 0.04411557595722591, 0.5728135471137388, 0.04145869502307816], [0.5612694536889186, 0.1253404151472217, 0.06400447987863411, 0.24938565118522568], [0.59631577702256, 0.11036791564123326, 0.15810076343032803, 0.13521554380587875], [0.5577894101981069, 0.14335972710128292, 0.0869262108235848, 0.21192465177702535]], "ideal": "D", "sampled": "A", "correct": false}}
{"type": "result", "data": {"idx": 6, "options": ["Low.", "Very low.", "High.", "Almost zero."], "probs": [[0.37263452243860634, 0.29503657189259425, 0.150638708495258, 0.18169019707354137], [0.3144072685644714, 0.08334724107586068, 0.5189122115722606, 0.08333327868740734], [0.2011906922372073, 0.04024236888735613, 0.67066208538633, 0.0879048533891066], [0.3420183973998363, 0.07754221667345511, 0.4464628330090382, 0.13397655281767037], [0.22598322045120867, 0.1602914398596326, 0.5343721825795061, 0.07935315700965256], [0.4074068811349382, 0.2360006184639734, 0.23229566838893173, 0.12429683191215661], [0.4664344891387454, 0.07738088988590301, 0.210323934466756, 0.24586068640859554], [0.18696435204533396, 0.028233479937997363, 0.6950833395404731, 0.08971882837619553], [0.4894098602534934, 0.08247318056538613, 0.2834147789536513, 0.14470218012746916], [0.4327415090642824, 0.07761488398188868, 0.42631356511895313, 0.06333004173487579], [0.5575816153014279, 0.28058484769991265, 0.050287253566247525, 0.11154628333241189], [0.4352861680974688, 0.24822099514976495, 0.2443032565883917, 0.07218958006437456], [0.08272280574032005, 0.05176507327845512, 0.7979844837507746, 0.06752763713045029], [0.3011196389993748, 0.1885744119354745, 0.3634993596085709, 0.14680658935657986], [0.30220107592009293, 0.3220260286914856, 0.19523332393750226, 0.18053957135091922], [0.2380277760770769, 0.1399997529992431, 0.5805993317477677, 0.041373139075912266], [0.25092983804212204, 0.12429800161142428, 0.45488295971262116, 0.16988920053383252], [0.10883226001294329, 0.14646802513770807, 0.6993267379152297, 0.04537297683411899], [0.07370369880654488, 0.0640338808234077, 0.7566753029066627, 0.10558711736338462], [0.332460736188734, 0.13234245973012335, 0.3486489407168209, 0.1865478632643217], [0.3438276503857309, 0.3387704642718724, 0.13898179554958187, 0.17842008969281484], [0.21631750462276217, 0.31509175893493674, 0.3352873921059061, 0.133303344236395], [0.1512475753305597, 0.030733493279215256, 0.35186672569496985, 0.4661522055952551], [0.06210776140183088, 0.05567416299289298, 0.8315285667752327, 0.050689508730043506]], "ideal": "C", "sampled": "B", "correct": false}}
{"type": "result", "data": {"idx": 7, "options": ["Amplitude stability", "Frequency stability", "Power stability", "Both A and B"], "probs": [[0.013391902125799106, 0.6558708141963514, 0.0009934715049482205, 0.3297438120729012], [0.004403406358975289, 0.05710449674870878, 0.9362777227375071, 0.00221437405480885], [0.002167671365514012, 0.0020052901414833717, 0.9911658235429913, 0.004661214850011259], [0.028961935309233498, 0.015504942764868593, 0.6391589671478317, 0.3163741546780662], [0.06603201416562286, 0.6884744698566673, 0.2416184521819203, 0.0038750636957895768], [0.03407962828196582, 0.9361758376028195, 0.003195535004407117, 0.026548999010807484], [0.24146225248024705, 0.04685464429437086, 0.001577691723872408, 0.7101054114015096], [0.008388053156520695, 0.019503723041621405, 0.9697420535172255, 0.002366170184632314], [0.9451233387488212, 0.005801055727019799, 0.002005086098260527, 0.04707051932589849], [0.5261680372377288, 0.01829007063876196, 0.45021928523049437, 0.005322606793014856], [0.25577912431367184, 0.7406668597847407, 0.001984177445808388, 0.0015698383557791052], [0.18890455314910878, 0.8084546902123303, 0.001080582730390477, 0.0015601738081704821], [0.009097245275232082, 0.05840946948142137, 0.8997297639131817, 0.03276352123016485], [0.007858109301057539, 0.0689530415589895, 0.8807028129240474, 0.042486036115905575], [0.011871088272876269, 0.6186672436969696, 0.005741549644526472, 0.36372011828562767], [0.004013030714642713, 0.36692693142412497, 0.624219227068676, 0.0048408106925562095], [0.017698265857597487, 0.8268490548375561, 0.011791953049239837, 0.14366072615560652], [0.026972122365894004, 0.3964013165251657, 0.5680054603764596, 0.008621100632480687], [0.16814438754292915, 0.16049712663056448, 0.6653289102166544, 0.006029575509851946], [0.7902282917209411, 0.1374352352985713, 0.0054105635025099436, 0.06692590937797767], [0.7483825071116745, 0.24322673624998292, 0.005539542983231343, 0.0028512135551111983], [0.7147602048523907, 0.2802505871818182, 0.0016265751796301253, 0.0033626326861610203], [0.7130533456089315, 0.1259240358941993, 0.08930140732825857, 0.07172121106861065], [0.04693490771198854, 0.03434123840436868, 0.914003470418286, 0.004720383365356765]], "ideal": "D", "sampled": "D", "correct": true}}
{"type": "result", "data": {"idx": 8, "options": ["1.5 KV.", "15 KV.", "33 KV.", "66 KV."], "probs": [[0.14248899052439362, 0.41916373225105374, 0.21400052202584233, 0.22434675509871033], [0.16057435100551265, 0.4724065628064012, 0.1331783989747382, 0.23384068711334793], [0.18363683197504976, 0.1499280355710072, 0.540116079695395, 0.12631905265854806], [0.2644447762834265, 0.23720983375352292, 0.23354203202600465, 0.26480335783704595], [0.12660267806348763, 0.043076667448929205, 0.7522676502280068, 0.07805300415957632], [0.2172084981817803, 0.13810854737246148, 0.3697590121328915, 0.2749239422128667], [0.24844698596180445, 0.1681675712993999, 0.3673617760387328, 0.21602366660006278], [0.2740388430667411, 0.19439410582046557, 0.2657336513213722, 0.2658333996914211], [0.35756133601493323, 0.32076604604937903, 0.17709016099694447, 0.1445824568387433], [0.28790201469773025, 0.2836183776344386, 0.2835927774379842, 0.14488683012984696], [0.2459867653754696, 0.10749383614277885, 0.4972277693985959, 0.14929162898315562], [0.26891376764130315, 0.19682266719689684, 0.37357034162211905, 0.16069322343968093], [0.18223585050790175, 0.15838298081972627, 0.5359817106785213, 0.12339945789385068], [0.2870938606515214, 0.20052080149309517, 0.23815859922420007, 0.27422673853118334], [0.26879079925751354, 0.31946496724279533, 0.30475898211714403, 0.10698525128254711], [0.3649949485442863, 0.2590104975889967, 0.2113593550017617, 0.16463519876495525], [0.24012027320665577, 0.1326710561877281, 0.3233696769842539, 0.30383899352136223], [0.24223845426516644, 0.12771831832199593, 0.4321692416286207, 0.19787398568421694], [0.1392290314777893, 0.16282844784462042, 0.5424932917781574, 0.1554492287994329], [0.17563967143269824, 0.20542567660206162, 0.35501068297932864, 0.2639239688859115], [0.15330362084718216, 0.2692340534773543, 0.47996161336552956, 0.097500712209934], [0.21555442463524027, 0.27696757680484874, 0.34466086787529715, 0.16281713058461386], [0.19353313742132813, 0.18475688992083247, 0.33988097306667414, 0.28182899949116524], [0.24924041328321958, 0.21330088374865894, 0.34623232480401506, 0.19122637806410642]], "ideal": "A", "sampled": "B", "correct": false}}
{"type": "result", "data": {"idx": 9, "options": ["1MHz to 500 MHz", "100 KHz to 500 MHz", "1 KHz to 1 MHz", "1MHz to 100 GHz"], "probs": [[0.07524232565604236, 0.4762287735462797, 0.394684642513861, 0.053844258183816926], [0.06574218268372654, 0.741640004812821, 0.10679115086282476, 0.08582666154062765], [0.08910372254901057, 0.23127831455611442, 0.6100917048825781, 0.0695262579122969], [0.12855999362017576, 0.5506036959127881, 0.2189715835079862, 0.10186472685904986], [0.07200415673145862, 0.04795793231701117, 0.8123228225450955, 0.06771508830643476], [0.16847734402636755, 0.13541442356267083, 0.5707277740075839, 0.12538045830337768], [0.11828048173554644, 0.3070942667685537, 0.5145659292849145, 0.06005932211098529], [0.09781587649315229, 0.5635565392804627, 0.2276180931485495, 0.11100949097783552], [0.07482022923211201, 0.3178249634776982, 0.5243276523452879, 0.08302715484490189], [0.1390858292440565, 0.3188030421415053, 0.2643791138861445, 0.27773201462829367], [0.021416622185802592, 0.036986598950505115, 0.9120623656763458, 0.02953441308734653], [0.11772479422238434, 0.17406428700195486, 0.5805551192867184, 0.1276557993889424], [0.1419899431774349, 0.08479944426166645, 0.6895602786694768, 0.08365033379142182], [0.32060282941528623, 0.18567159493390298, 0.29246523537594177, 0.20126034017486907], [0.12529348952430772, 0.23061782922173577, 0.512359603819883, 0.13172907733407357], [0.153658246742404, 0.363505227958018, 0.12368675780872772, 0.35914976739085025], [0.06937001799925406, 0.0631474345072713, 0.6392991685071362, 0.2281833788863384], [0.07018410361464247, 0.06907040573658457, 0.7447034064330261, 0.1160420841157468], [0.10218678201687297, 0.4107381021205625, 0.3405503509885197, 0.14652476477404483], [0.12548465096372127, 0.3867671960250443, 0.3868223303239207, 0.10092582258731374], [0.023411457801399457, 0.3809953544464076, 0.5544627022074788, 0.04113048544471411], [0.034096696749522135, 0.6805209174265772, 0.19182830271547166, 0.09355408300842906], [0.0849326303476177, 0.48929217389054763, 0.2787840532252986, 0.14699114243653608], [0.07009296014065525, 0.385284060420548, 0.2954694286368446, 0.2491535507019521]], "ideal": "A", "sampled": "B", "correct": false}}
{"type": "result", "data": {"idx": 10, "options": ["High resistance when forward or reverse biased", "Low resistance when forward biased, while high resistance when reverse bias", "High resistance when forward biased, while low resistance when reverse bias", "Low resistance when forward or reverse biased"], "probs": [[0.00975807911926852, 0.9215014572112402, 0.05705458664394942, 0.011685876925541783], [0.004277591773954113, 0.9841886102453228, 0.006372161250287914, 0.0051616366304352455], [0.015585645332650123, 0.039803721599826265, 0.935079886448453, 0.009530746519070666], [0.00737629773057901, 0.9745436143443879, 0.008968775389399242, 0.009111312435633909], [0.01128916693290726, 0.023898070074791156, 0.940529441931021, 0.024283320961280663], [0.024367628752802795, 0.059380393801169884, 0.8595699119056797, 0.05668206544034761], [0.42576103922459463, 0.02989703010583806, 0.498033726560063, 0.046308204009504285], [0.957900705366862, 0.01410424625111167, 0.013668055761397662, 0.014326992520628617], [0.9847780994648291, 0.008263299185041166, 0.002703355373917523, 0.004255245876212198], [0.9786779265269259, 0.014413387486362457, 0.002997236320454349, 0.003911449566257291], [0.8631599560693268, 0.03976394988154832, 0.021615883373572287, 0.0754602105755526], [0.08774675084763647, 0.018108875711898127, 0.8729704872160265, 0.021173886124438844], [0.013839273428590973, 0.005336142966553467, 0.9706975021776064, 0.010127081327249132], [0.2824113954231429, 0.030242401990837546, 0.08890263702240177, 0.5984435654636178], [0.02145997107685767, 0.957410379272702, 0.00860635284093472, 0.012523296709505598], [0.02318642073877799, 0.949227142667514, 0.01139284190784186, 0.016193594585866198], [0.567757781033381, 0.08576486194941417, 0.1732361750635407, 0.17324118185366402], [0.013236338832870679, 0.005649245185699371, 0.9729583586629281, 0.008156057218501841], [0.01273525622984179, 0.008617730970894263, 0.9661050021819447, 0.01254201051731922], [0.009063960305364405, 0.011914351355425313, 0.903690959339678, 0.07533072889953227], [0.004418129742189739, 0.9850448914324555, 0.005206243258342924, 0.005330735467011823], [0.009361816726166273, 0.8367719789706617, 0.1430861228706189, 0.010780081332553142], [0.006001469429149169, 0.9715685755266295, 0.009819559936348298, 0.012610395007873103], [0.026024674751757525, 0.31231280867321193, 0.6509752808328245, 0.010687235642206026]], "ideal": "B", "sampled": "B", "correct": true}}
{"type": "result", "data": {"idx": 11, "options": ["Zinc silicate.", "Calcium silicate.", "Zinc sulphide.", "Magnesium silicate."], "probs": [[0.17733273172591138, 0.11631300472516479, 0.6390304660013617, 0.06732379744756214], [0.3578487825676941, 0.2275713167090738, 0.21048661437055796, 0.20409328625267417], [0.10140713527850374, 0.8365842251180543, 0.032941475121588695, 0.029067164381853222], [0.10991098763554678, 0.8127428867679013, 0.04584235649471805, 0.03150376900183387], [0.34019167748528784, 0.286625934510742, 0.1821850321491431, 0.19099735575482704], [0.22297012139206276, 0.193775141405304, 0.5268642744829614, 0.05639046261967189], [0.056209613469725805, 0.1932232259500999, 0.6960602505712072, 0.05450690990896702], [0.1437276750659266, 0.403414666612338, 0.21929155287933885, 0.23356610534239655], [0.06418860484073406, 0.6095310352493852, 0.262058011286861, 0.06422234852301967], [0.07862320775864697, 0.638593752278417, 0.17182642731815198, 0.11095661254478406], [0.14291845260621444, 0.2016472369230802, 0.2146745621943376, 0.44075974817636776], [0.07259515035313327, 0.09470027825332814, 0.7110721574172412, 0.12163241387629736], [0.5251549218354249, 0.3905188092154892, 0.040521300166004776, 0.04380496868308107], [0.4816117530399433, 0.3872308687415449, 0.0762453964695972, 0.0549119816489146], [0.3713019523817293, 0.14317053344938754, 0.4209850806457594, 0.06454243342312371], [0.49935748052019846, 0.2050158931478906, 0.1987554088314334, 0.09687121740047756], [0.3064103745095268, 0.26218420459825714, 0.364070954614762, 0.06733446617745398], [0.42739923077717773, 0.3278776504629098, 0.14779669485392485, 0.09692642380598762], [0.18897509291405554, 0.38199448012474174, 0.18614823836986039, 0.24288218849134233], [0.07797738908941601, 0.2765909433088277, 0.5856190919290479, 0.05981257557270832], [0.17479784712254806, 0.15921159153673053, 0.30695465439874137, 0.35903590684198006], [0.09114437277763478, 0.08698384948743228, 0.6952751667020284, 0.12659661093290453], [0.09355446926136987, 0.6010623604566285, 0.23901150631124624, 0.06637166387075535], [0.11205866771121806, 0.6658529389801148, 0.12313897803664284, 0.0989494151720243]], "ideal": "D", "sampled": "C", "correct": false}}
{"type": "result", "data": {"idx": 12, "options": ["1", "2", "3", "4"], "probs": [[0.052525496199149604, 0.10284768427057582, 0.0222542927486656, 0.822372526681609], [0.09881058269558383, 0.2859571639495577, 0.5429235251289176, 0.07230872812594086], [0.08017696379681616, 0.09978287591694192, 0.5569899636174309, 0.26305019656881096], [0.022524243663296365, 0.040788107069499965, 0.914508257524775, 0.02217939164242855], [0.12062292402777737, 0.4018803985626402, 0.4019941242375701, 0.07550255307201235], [0.15826907988201014, 0.5527244292052859, 0.18517221784486693, 0.10383427296783705], [0.12502232448856063, 0.09005637650524317, 0.030187780653023893, 0.7547335182531723], [0.13088427948920703, 0.11371981206845978, 0.7079843324174143, 0.04741157592491884], [0.2676230450488642, 0.11876953000935929, 0.16501939786868347, 0.448588026973093], [0.06011579661442607, 0.06106184149391497, 0.8567041370889298, 0.02211822470272918], [0.28697273559938213, 0.5533816896329523, 0.1089838759340718, 0.05066169873359373], [0.24023938803086742, 0.6533264687498945, 0.06781565574142775, 0.03861848737781031], [0.10400772713620848, 0.13356394370435837, 0.2169363031728473, 0.5454920258865859], [0.03431283373625238, 0.06213655437907132, 0.8718077105866229, 0.03174290119805341], [0.1657666986155638, 0.1440462448446017, 0.07361057290279023, 0.6165764835370442], [0.041397010245583364, 0.06312433422271156, 0.8718868965848392, 0.023591758846865894], [0.06702522300114598, 0.8564239883084539, 0.03118877723631367, 0.04536201135408645], [0.06443947576995825, 0.8494997651379413, 0.04572335647231333, 0.04033740251978712], [0.6703266397597646, 0.17490939459890784, 0.11122313470679002, 0.043540830834537546], [0.7755198976647286, 0.14350398090501243, 0.040495749663617304, 0.040480371666641694], [0.8536404386308248, 0.09730923938021993, 0.028329938700066854, 0.02072038318888837], [0.8871927030249201, 0.07753906421155472, 0.019012637526443957, 0.01625559513708116], [0.8841358471753836, 0.07259391288065237, 0.02180899319100402, 0.021461246652959936], [0.8816055840114682, 0.08074684809333409, 0.02174482765647004, 0.01590274013872766]], "ideal": "D", "sampled": "D", "correct": true}}
{"type": "result", "data": {"idx": 13, "options": ["collecting of current", "reduce losses", "increase efficiency", "convert AC armature current in to DC"], "probs": [[0.9596674745209987, 0.009125897948910151, 0.02262778465348765, 0.008578842776603538], [0.9164586372133366, 0.011546071252034816, 0.059696143459455384, 0.01229914797517318], [0.9244563664731578, 0.020432772303124676, 0.037066031588875115, 0.018044829534842398], [0.939094725411783, 0.01164624153564061, 0.04073330918167679, 0.008525723770899591], [0.9485538402414626, 0.013972856688572306, 0.028723989882967742, 0.008749313086997381], [0.9563805494879697, 0.012238580945558188, 0.025551202136586165, 0.005829667329885999], [0.005610478704349792, 0.9902336001616039, 0.0019552841537392, 0.0022006368803071134], [0.0062523480375111, 0.9892543085102766, 0.0016707793325210591, 0.002822564019691204], [0.008259118668406978, 0.002443976507063181, 0.9861858646873028, 0.0031110400372270077], [0.2543411273578362, 0.07764404324145557, 0.2670450528223875, 0.4009697764783207], [0.031544586549417976, 0.004622837707479409, 0.9544271234684768, 0.00940545217462585], [0.24168631841717833, 0.057461780715421414, 0.17990446774779675, 0.5209474330196036], [0.004113041548075627, 0.9920739002933001, 0.001574275625700981, 0.0022387824329233095], [0.003183457048026826, 0.9939330750477926, 0.0011094928412832498, 0.0017739749628973157], [0.009205614808378526, 0.0020727062764629225, 0.9851997131284571, 0.0035219656867014125], [0.28489539024365096, 0.11341406403837935, 0.19917424021159655, 0.4025163054063731], [0.018233498110820416, 0.0020020429019177387, 0.9748927115503587, 0.004871747336903151], [0.36030647182310266, 0.10172605424857184, 0.09560320486934172, 0.4423642689589838], [0.03131073908364172, 0.9384541500133111, 0.014463508471382837, 0.015771602331664313], [0.01778026213111027, 0.9571691513477425, 0.012620714674377082, 0.01242987174677014], [0.1599584439257799, 0.017827368374362502, 0.8024844122861285, 0.019729775313729107], [0.6050043814211392, 0.04817928835601784, 0.06488277883333046, 0.2819335512895124], [0.04709341323917957, 0.008453104549697693, 0.9338568343719895, 0.010596647739133259], [0.5849629349029757, 0.08303374484272118, 0.06782485152679407, 0.264178468627509]], "ideal": "D", "sampled": "A", "correct": false}}
{"type": "result", "data": {"idx": 14, "options": ["1 ohm of resistance", "ratio of 1 V to 1 C", "ratio of 1 C to 1 V", "none of these"], "probs": [[0.23975417194169943, 0.37168675934298384, 0.28047019449402233, 0.10808887412129439], [0.24182330069507885, 0.3577467202782512, 0.04839782416336548, 0.35203215476330446], [0.23700518804618922, 0.19662749936963184, 0.47915291548663885, 0.0872143969975401], [0.3162553251170887, 0.24651224449582962, 0.0372095138317108, 0.40002291645537086], [0.09881612739956801, 0.03311679289865775, 0.8151677299480843, 0.052899349653689934], [0.20153528900370676, 0.06545930501445632, 0.5313863276468727, 0.20161907823496422], [0.347058316920979, 0.05756886525255662, 0.4974600840524801, 0.09791273367398433], [0.581739361662065, 0.07877463787919332, 0.13194459577116724, 0.20754140458757447], [0.61227008481243, 0.19279976671795487, 0.0816255988741312, 0.11330454949548398], [0.6389396928864969, 0.21084395520167026, 0.10936475788523559, 0.04085159392659724], [0.5298962868911167, 0.1642611708314979, 0.10773229414731339, 0.19811024803007204], [0.24341442583104259, 0.06352276555177278, 0.662114146178965, 0.030948662338219562], [0.2684613385986642, 0.05045805720605354, 0.6053454694933691, 0.07573513460191311], [0.6165398358682166, 0.0874890312464963, 0.07602373509838899, 0.21994739768689808], [0.6740997990631111, 0.18155073783971512, 0.054505185513879346, 0.0898442774832944], [0.6951259762355313, 0.20242005225594012, 0.06993926706616427, 0.03251470434236435], [0.5622468892985987, 0.14675755031948837, 0.09042127703009134, 0.20057428325182167], [0.26386193944136765, 0.06367867828574204, 0.6433134910949648, 0.02914589107792547], [0.21565627406895468, 0.17337876039861075, 0.5340559322879336, 0.07690903314450094], [0.3370106568150076, 0.23177530214518136, 0.2391137814150619, 0.19210025952474916], [0.29748639350581174, 0.5306482294764642, 0.04188859819243462, 0.12997677872528948], [0.26656801598181035, 0.6010612495077369, 0.10943873674008392, 0.022931997670368843], [0.28741410211162133, 0.5809060898164186, 0.030786668706661365, 0.10089313926529869], [0.23639774709449116, 0.6951251897673141, 0.05276254690830346, 0.01571451612989126]], "ideal": "C", "sampled": "B", "correct": false}}
{"type": "result", "data": {"idx": 15, "options": ["3", "6", "8", "9"], "probs": [[0.027029778100795963, 0.655212564006164, 0.1907128492738703, 0.12704480851916972], [0.03361451575398298, 0.7191145908245372, 0.09886242300978486, 0.148408470311695], [0.0288815164325117, 0.8185115423816881, 0.04690919021725956, 0.10569775086854058], [0.03526173023046775, 0.7905463509582477, 0.07828777062549572, 0.09590414808578886], [0.028766135220483158, 0.7658580169949213, 0.0658939523309834, 0.1394818953536122], [0.025583339809054344, 0.7963223459280169, 0.0752557161929665, 0.10283859796996224], [0.16033818838369268, 0.15541837644756215, 0.5262659630765969, 0.15797747199214826], [0.20083098410790012, 0.2578929104829165, 0.262170229262275, 0.27910587604690834], [0.24873676515431778, 0.4435368676131081, 0.1765472520657922, 0.1311791150667819], [0.18334407556178342, 0.46103237680854364, 0.2754749871373377, 0.08014856039233523], [0.25615390369256097, 0.3138900007324445, 0.2815886949737802, 0.1483674005012143], [0.1706345579046608, 0.21911331171924142, 0.534480170389615, 0.07577195988648269], [0.24567612977409087, 0.32550494819634207, 0.27007274446604473, 0.1587461774635223], [0.23608671912911847, 0.33822151007186196, 0.1701978096136779, 0.25549396108534167], [0.3401485852501666, 0.2733404534282462, 0.3004574365443002, 0.08605352467728694], [0.3338054194818139, 0.2946040695895113, 0.25614759895954164, 0.11544291186913316], [0.2786119836497051, 0.3577868884773857, 0.20720942007601292, 0.15639170769689628], [0.32636122371097653, 0.3584780554924676, 0.19502573585165162, 0.12013498484490427], [0.20310774164003034, 0.2450178560380211, 0.28669692791795315, 0.2651774743039954], [0.2021800964218825, 0.25962930141387963, 0.1992355376510602, 0.3389550644131777], [0.2769695776875572, 0.30422594686943927, 0.27723618925963806, 0.14156828608336547], [0.2477838955902048, 0.24779663608283442, 0.36088910157515125, 0.14353036665180946], [0.2664393861754347, 0.32140851975470935, 0.20770098885905922, 0.20445110511079673], [0.2704483826121192, 0.31619521501187736, 0.22440842947491393, 0.18894797280108958]], "ideal": "C", "sampled": "C", "correct": true}}
{"type": "result", "data": {"idx": 16, "options": ["First digit from left to right", "First digit from right to left", "Middle digit", "Mean of all digits"], "probs": [[0.8399197962105946, 0.04451275251628669, 0.08194717837483556, 0.033620272798283064], [0.891738603264032, 0.037391470514700646, 0.035715849933413826, 0.0351540761878535], [0.7341052211000709, 0.1316732600385161, 0.09342296316185335, 0.04079855559955968], [0.857256056389273, 0.09040999428472694, 0.019574994255833457, 0.0327589549701665], [0.8770710939400089, 0.02732993511453696, 0.06362217001978215, 0.03197680082567197], [0.8722184077169681, 0.023606884370913645, 0.07286619706453859, 0.03130851074757964], [0.9648629905219932, 0.018814746060770084, 0.008100006630486047, 0.008222256686750617], [0.963883080207822, 0.018506745177463084, 0.00655451687622111, 0.011055657638493824], [0.8542222355296316, 0.036377509272329765, 0.09299551019106515, 0.016404744906973513], [0.937298431837402, 0.02071589822875887, 0.009353642499081402, 0.032632027334757736], [0.9022380792773363, 0.016019214092262174, 0.06545799285876698, 0.01628471367163451], [0.9375517474454206, 0.013377382652303376, 0.01591382837585814, 0.03315704142641786], [0.6593038733823167, 0.09500570273964905, 0.1668896451525235, 0.07880077862551083], [0.794965931637429, 0.07396857522398288, 0.07066471207923161, 0.06040078095935647], [0.5394348863338962, 0.19857981640512537, 0.1866140639560065, 0.07537123320497187], [0.5341279903217487, 0.2689264614266025, 0.06589693329953313, 0.13104861485211566], [0.8262360814316765, 0.036295973301714586, 0.08858104926327753, 0.04888689590333136], [0.701208070146441, 0.03601468498551694, 0.16165374684165024, 0.10112349792639175], [0.4201081755353343, 0.11134801969827378, 0.08542207009865063, 0.3831217345677413], [0.46568904710192843, 0.08350065598548873, 0.3576245414145158, 0.09318575539806712], [0.4429137772312974, 0.11924509880609599, 0.2410675471939112, 0.19677357666869538], [0.43214443321674956, 0.10428251325041311, 0.3116960227177775, 0.15187703071505979], [0.5494019779981387, 0.1574992925702752, 0.17593016563346892, 0.11716856369811722], [0.5012758708323605, 0.10844329177917135, 0.19664782748241608, 0.1936330098060521]], "ideal": "A", "sampled": "B", "correct": false}}
