{"type": "result", "data": {"idx": 0, "options": ["It is hard not to verify in our peers the same weakened intelligence due to emotions that we observe in our everyday patients.", "The arrogance of our consciousness, which in general, belongs to the strongest defense mechanisms, blocks the unconscious complexes.", "Because of this, it is difficult to convince people of the unconscious, and in turn to teach them what their conscious knowledge contradicts.", "It is difficult to convince people of the unconscious, and in turn to teach them what their conscious knowledge contradicts."], "probs": [[0.00864286682029662, 0.018725245352068556, 0.5394605752527418, 0.433171312474893], [0.012358185409040384, 0.029174053371442302, 0.7651793673501645, 0.19328839376935283], [0.00411845420181744, 0.9689831099713168, 0.009425918763042895, 0.017472516963822834], [0.00999361418116229, 0.8719583359103408, 0.09045690637860052, 0.027591143429896364], [0.0037283700234819355, 0.9787202091064763, 0.006593969262073057, 0.010957451507968745], [0.007564597938491689, 0.9454632620653726, 0.028540621241974647, 0.018431518654161035], [0.015804623086138992, 0.09378130442142313, 0.46979229932535066, 0.4206217730670872], [0.01839355959765919, 0.09334755598438113, 0.5466291415178297, 0.34162974280013003], [0.007142283776702776, 0.8450382097330195, 0.02983785913767578, 0.117981647252602], [0.03086285089283159, 0.6704065761580842, 0.18041829662222225, 0.11831227622686201], [0.011010205433591288, 0.8477321313650983, 0.038429085376158564, 0.10282857772515186], [0.01777598248411292, 0.817350142983195, 0.07600735815593965, 0.08886651627675249], [0.9545369503321216, 0.01920420441722911, 0.007645795860088012, 0.018613049290561217], [0.4910033491061871, 0.05338649610302927, 0.4140292231035224, 0.041580931587261234], [0.8298065181430411, 0.021437716036349426, 0.00675212321854834, 0.14200364250206118], [0.7269401563106344, 0.04574362196640629, 0.20204864477962486, 0.025267576843334427], [0.07536053572556171, 0.8763111134899533, 0.022281983616038864, 0.026046367068446135], [0.0815416216379557, 0.890717738808746, 0.011300217459042994, 0.016440421994255282], [0.9772504071283384, 0.012303714584478237, 0.004899109130963507, 0.005546769056219843], [0.5780563885357743, 0.054607804248894457, 0.3297945521837603, 0.03754125493157094], [0.9710215244055292, 0.013426507597003149, 0.007657941367338805, 0.007894026530128795], [0.9319352211562327, 0.018456829125514274, 0.039726758976489834, 0.009881190641763186], [0.12359635038846047, 0.8189923334213837, 0.029825144124171435, 0.027586171965984386], [0.14090611655959653, 0.8239674928020679, 0.014175265715192474, 0.020951124823143014]], "ideal": "D", "sampled": "D", "correct": true}}
{"type": "result", "data": {"idx": 1, "options": ["Tdc", "Tcd", "Tcc", "dTc"], "probs": [[0.5002159401499433, 0.34388831861183694, 0.0767310043663099, 0.07916473677190977], [0.4600421957227319, 0.2747851116227914, 0.10108531642012178, 0.1640873761343549], [0.19276969851002979, 0.09694657834940923, 0.5756826018593186, 0.13460112118124232], [0.4235592326262513, 0.10381721317410858, 0.11582384570931055, 0.3567997083903296], [0.2745248067353866, 0.12184075790744492, 0.4058448499171491, 0.19778958534001936], [0.4460262902881018, 0.20747376843348717, 0.04927895949713524, 0.2972209816812758], [0.9440144710935031, 0.027632580526870475, 0.015502543815208606, 0.012850404464417793], [0.8883239874948583, 0.0442326953194321, 0.029012086512061757, 0.038431230573647834], [0.9606033550350255, 0.014361146857868877, 0.014363263753946703, 0.01067223425315893], [0.8235666965799757, 0.029536071069388256, 0.01657018294761508, 0.13032704930302091], [0.7397630975347784, 0.0626592724556984, 0.12079963356835809, 0.0767779963411651], [0.9392659348301342, 0.024262678924890584, 0.011826132957813694, 0.024645253187161518], [0.167944443572489, 0.17062562412732216, 0.5595361602230652, 0.1018937719771236], [0.3459209696328137, 0.273725710074777, 0.10228004745771758, 0.27807327273469173], [0.2025685638369493, 0.35010678094263753, 0.3500998668037412, 0.0972247883166719], [0.23678436441367953, 0.3844389192869787, 0.07933071609526528, 0.29944600010407646], [0.18405798350010502, 0.3282389689391284, 0.18410779808271335, 0.3035952493780532], [0.16063680949965167, 0.2567755472981117, 0.3049174774071741, 0.27767016569506253], [0.195826138629714, 0.08423473496858191, 0.42123459823908277, 0.29870452806262127], [0.4301832945973387, 0.17386019357686253, 0.06598930854427527, 0.3299672031815235], [0.2612659574500879, 0.07256247685356924, 0.3252610491205102, 0.34091051647583265], [0.5264737723198168, 0.09441229911125985, 0.05464331182238851, 0.3244706166465348], [0.2302208635858612, 0.02881867554748436, 0.26094286999429284, 0.4800175907723616], [0.13103314548183048, 0.02621068034981429, 0.38523044566050696, 0.4575257284078483]], "ideal": "A", "sampled": "B", "correct": false}}
{"type": "result", "data": {"idx": 2, "options": ["Some large houses are bigger than some apartments.", "Some houses are bigger than all large apartments.", "Some large apartments are bigger than some houses.", "Some houses are bigger thatn some large apartments."], "probs": [[0.3094023763824051, 0.20964580772210792, 0.15589699147572805, 0.3250548243197589], [0.01187273654546451, 0.013573315840172337, 0.9606521728081129, 0.013901774706250255], [0.1501363923587466, 0.08833177901546065, 0.05283828313914556, 0.7086935453866472], [0.11497530913730121, 0.12061338690783367, 0.6232571508371866, 0.14115415301767853], [0.28546285839104235, 0.34504109874673217, 0.252191307014275, 0.11730473574795051], [0.27438711912877944, 0.375914690040349, 0.2501754145806043, 0.09952277615026721], [0.029961926468942215, 0.6522181544442796, 0.18954987574922758, 0.12827004323755065], [0.020376068406507658, 0.07819654383938504, 0.8819530741459959, 0.019474313508111428], [0.12673913129998146, 0.2953566654529357, 0.2730121056911342, 0.3048920974559486], [0.015533937342285345, 0.03757676158290346, 0.9267498374683677, 0.020139463506443453], [0.025595952108877787, 0.583980328352246, 0.3218633866196506, 0.06856033281922562], [0.038442208786305936, 0.7616076355171397, 0.12223430539586237, 0.07771585020069192], [0.14715348072999312, 0.07518774959298295, 0.07300145868970999, 0.7046573108873139], [0.11519343662287451, 0.10497702891768596, 0.6244972487174711, 0.1553322856419684], [0.3068391554673487, 0.055044630143908695, 0.2671617159770785, 0.3709544983116641], [0.005541824010273359, 0.008196962370535688, 0.9715270760997814, 0.014734137419409519], [0.5930891499874907, 0.10812241341308926, 0.21187157453255046, 0.0869168619668695], [0.5781313309567753, 0.13746914573432772, 0.18220448899394243, 0.10219503421495456], [0.048534814154332265, 0.7726011851105256, 0.1279433911868683, 0.05092060944827385], [0.027095485985340857, 0.8182626486093073, 0.08751764168707764, 0.06712422361827419], [0.21865432311955846, 0.29934887513920727, 0.39629001334794606, 0.08570678829328823], [0.32226270094934384, 0.3773703586012793, 0.20501397738160268, 0.09535296296777418], [0.11531232697667923, 0.5598734449818114, 0.20572830121461716, 0.11908592672689221], [0.19264828008583246, 0.47777244576370625, 0.23260803622017576, 0.09697123783028551]], "ideal": "C", "sampled": "D", "correct": false}}
{"type": "result", "data": {"idx": 3, "options": ["Valid", "Invalid. Counterexample when G and H are true", "Invalid. Counterexample when G is true and H is false", "Invalid. Counterexample when H is true and G is false"], "probs": [[0.11283484490033956, 0.7958352173350298, 0.02701184797508568, 0.06431808968954494], [0.11007852242787679, 0.7886392508990094, 0.026767146120872783, 0.07451508045224094], [0.09038554480501852, 0.8713523363255704, 0.01430161327709309, 0.023960505492317957], [0.08743921939203195, 0.8833302377462381, 0.014727607503735833, 0.014502935257994117], [0.09301179265186414, 0.8556316918032093, 0.01603797269159783, 0.03531854275332873], [0.10428736986345964, 0.8465449714572758, 0.026783683966584426, 0.02238397461268012], [0.31276150884790177, 0.2634423273122863, 0.37151130817924993, 0.05228485556056202], [0.33089618370634233, 0.2921223472715414, 0.3013623789260496, 0.07561908999606667], [0.4725006888706951, 0.2490562535432706, 0.17936073509092726, 0.09908232239510703], [0.4289986362922753, 0.2445143388111951, 0.10032379327236342, 0.22616323152416618], [0.4565073277191389, 0.2123528741175447, 0.1732920006762304, 0.15784779738708604], [0.3805513977623904, 0.14674828945122942, 0.2657094299527534, 0.20699088273362679], [0.6035992986179917, 0.29893347061167735, 0.03950502649476533, 0.05796220417556564], [0.5554100849840072, 0.3643851862320059, 0.04119069858530014, 0.039014030098686724], [0.7452758383316515, 0.10247074582586008, 0.09476092990074568, 0.05749248584174284], [0.6782760594171159, 0.11075029479815354, 0.05230706537622522, 0.1586665803085053], [0.7047642880966202, 0.09391035638789318, 0.15482799303549497, 0.04649736237999167], [0.6771068127619658, 0.08883308816929882, 0.06010040774564869, 0.1739596912230866], [0.5178791631308318, 0.345136129122919, 0.049702930798078145, 0.08728177684817102], [0.46596364426559, 0.39870284498583136, 0.08620048737407178, 0.04913302327450686], [0.6695834497375779, 0.12584050185972454, 0.11103987858138535, 0.0935361697213122], [0.6107683781669548, 0.1384611442547048, 0.07295113839697888, 0.17781933908136144], [0.6237701680070725, 0.1787411394724153, 0.14587102611586525, 0.05161766630464693], [0.5704758124192609, 0.19719645232079044, 0.0582806538115227, 0.1740470813484259]], "ideal": "A", "sampled": "C", "correct": false}}
{"type": "result", "data": {"idx": 4, "options": ["If it's not the case that both Izzy plays Minecraft and Ashleigh stops by then Russell makes dinner.", "If it's both not the case that Izzy plays Minecraft and Ashleigh stops by then Russell makes dinner.", "Izzy playing Minecraft and Ashleigh stopping by entails that Russell makes dinner.", "Russell's making dinner is a sufficient condition for Izzy not playing Minecraft and Ashleigh stopping by."], "probs": [[0.3955069003754794, 0.26005820212321257, 0.2856180454689166, 0.05881685193239138], [0.3897644368116705, 0.38450536987450246, 0.05537376676036482, 0.1703564264534622], [0.23677278806865443, 0.625020814533783, 0.08856776633569331, 0.04963863096186922], [0.12763753698507374, 0.7589035132370541, 0.02574824761386101, 0.08771070206401121], [0.19876010269710406, 0.10978083066034358, 0.5670324436671442, 0.12442662287540812], [0.3547797394999807, 0.14562359016799264, 0.31835230233012096, 0.18124436790190568], [0.1368995354638284, 0.754005874566036, 0.0673425890664592, 0.04175200080367638], [0.09141074507584195, 0.8171624816874355, 0.026635930760233566, 0.06479084237648897], [0.10005149392966316, 0.10990640609915266, 0.764331175946384, 0.025710923924800174], [0.19643122933696391, 0.49421076672992953, 0.027883927539229407, 0.28147407629387716], [0.03476425192163229, 0.044634831999307706, 0.8847166966493554, 0.035884219329704654], [0.2280142625948956, 0.09652701738457836, 0.14503778106295426, 0.5304209388575718], [0.03339431297691962, 0.8559245711634073, 0.06433690075042495, 0.04634421500924823], [0.017311586057764665, 0.9237865402750396, 0.020225343901373843, 0.038676529665821885], [0.023396635872806614, 0.26994213143818185, 0.6797139718911586, 0.026947260697853002], [0.019764021758463705, 0.7594384707820329, 0.03779766862512198, 0.18299983873438141], [0.09573385649557048, 0.0927923896936878, 0.6654229014724503, 0.14605085223829137], [0.04164107593554104, 0.06347867219034348, 0.35440481365662285, 0.5404754381174927], [0.021109108272861308, 0.6421642422437044, 0.22527824759611476, 0.11144840178731955], [0.01989734414479124, 0.7075908381042519, 0.1553315265507132, 0.11718029110024367], [0.016562322615730866, 0.3571717838540696, 0.5622522391445895, 0.06401365428560993], [0.014475540782317324, 0.6207456217542544, 0.1061770134880234, 0.25860182387540487], [0.045372607185257076, 0.24535912757539483, 0.6175737127293321, 0.0916945524100159], [0.015327780523687823, 0.4143798997953466, 0.2985306799989026, 0.27176163958206295]], "ideal": "B", "sampled": "A", "correct": false}}
{"type": "result", "data": {"idx": 5, "options": ["Some houses are smaller than all apartments.", "Every house is bigger than every apartment.", "Some apartment is smaller than every house.", "Some houses are bigger than every apartment."], "probs": [[0.011013039478971472, 0.8824205471640786, 0.02705824956355513, 0.07950816369339483], [0.01216679604695297, 0.7899970279030765, 0.16034167734592525, 0.03749449860404533], [0.015029839532461774, 0.039605867888285386, 0.8214119832603757, 0.12395230921887719], [0.022522413077278248, 0.054037729423220195, 0.8329124760134757, 0.09052738138602576], [0.005041672612889692, 0.9618092922552134, 0.02295782309923672, 0.010191211932660201], [0.004226538149527706, 0.9797921901899369, 0.0047542436557318725, 0.011227027904803464], [0.14877688058215702, 0.02885199466887655, 0.06606050875392856, 0.7563106158950378], [0.010214569868951582, 0.005914092074086837, 0.9722044058062987, 0.011666932150662787], [0.1780537181427092, 0.056045420286311536, 0.07198306628234627, 0.693917795188633], [0.0627116509729367, 0.03358010699935131, 0.8533048946788282, 0.0504033472488838], [0.17898073123912592, 0.6871056896094186, 0.06487322356375433, 0.06904035548770114], [0.1515298842320377, 0.7126527599186663, 0.07162558604802169, 0.0641917697012743], [0.007159145828257703, 0.01564031527863245, 0.88139483791212, 0.09580570088098979], [0.005796708788303539, 0.021203978876538826, 0.9308255858035589, 0.04217372643159878], [0.01152547857529679, 0.460784859516589, 0.037224372870392444, 0.49046528893772173], [0.022257713474392718, 0.14077249089279187, 0.7978888108646446, 0.03908098466817085], [0.05227769910766438, 0.48877456779360606, 0.11247687040634723, 0.34647086259238236], [0.038987524803554406, 0.12208104132385146, 0.7839229106119153, 0.05500852316067881], [0.09566977765104295, 0.030591956391847554, 0.7892974753351858, 0.08444079052192373], [0.5893612679059416, 0.06313631126059475, 0.1236443854340763, 0.22385803529938736], [0.05722062097295525, 0.8420883730001748, 0.04254486268741705, 0.05814614323945292], [0.05950975049312526, 0.8225684090017613, 0.052539348199064195, 0.06538249220604922], [0.5219021037407642, 0.09362722536086651, 0.18623333371182596, 0.19823733708654337], [0.04703502351966838, 0.01992101377921752, 0.8744953957979708, 0.05854856680314337]], "ideal": "D", "sampled": "D", "correct": true}}
{"type": "result", "data": {"idx": 6, "options": ["Valid", "Invalid. Counterexample when K and L are true", "Invalid. Counterexample when K is true and L is false", "Invalid. Counterexample when L is true and K is false"], "probs": [[0.15027131026768523, 0.6843464322870108, 0.040762014379284436, 0.1246202429660196], [0.14203353118941284, 0.6570453594188088, 0.03480703357402827, 0.16611407571775003], [0.15353890505389958, 0.7560381658680789, 0.034798497153246205, 0.05562443182477525], [0.16222583520760855, 0.7503655812720602, 0.039445662966345184, 0.047962920453986], [0.1497201023755156, 0.7258323892319261, 0.03640487051044129, 0.08804263778211699], [0.16704095587250312, 0.69259427680983, 0.08941098880225773, 0.050953778415409205], [0.34866476178175154, 0.32258418535623185, 0.2632147453807666, 0.06553630738125], [0.3690518548433042, 0.3692193140977746, 0.14911941136774567, 0.11260941959117547], [0.4703693389422209, 0.18138794599149713, 0.2638818919394779, 0.08436082302680409], [0.43548101242502, 0.20901095953655294, 0.08710120778471289, 0.26840682015371414], [0.4545677168341579, 0.15961227833784078, 0.23584980557438176, 0.14997019915361953], [0.39482062424172315, 0.1475757150249555, 0.19854195107274372, 0.2590617095605776], [0.42727580343924015, 0.43417408734558915, 0.07196734791298749, 0.06658276120218322], [0.36780581833708104, 0.5188678637822971, 0.05135922267338595, 0.06196709510723594], [0.5972120254219204, 0.16331547740428873, 0.16585317499548424, 0.07361932207830654], [0.4811346566280497, 0.2238143549919901, 0.06410593586597979, 0.23094505241398036], [0.5356245000450796, 0.14194738757720163, 0.2452413570245137, 0.07718675525320516], [0.5152284136746467, 0.15717460916145215, 0.08411041277299498, 0.24348656429090623], [0.4290256137862093, 0.4032074748588599, 0.06895296917236292, 0.09881394208256794], [0.3802747924388914, 0.4378463853824736, 0.11780958490882724, 0.06406923716980768], [0.5976334631550673, 0.17397109643951517, 0.12925651282995265, 0.09913892747546486], [0.5185662700673287, 0.20313095311022095, 0.07829285703907501, 0.20000991968337528], [0.5380896965478925, 0.2208732233785742, 0.1693233264017903, 0.07171375357174298], [0.4926283061011736, 0.23642985520382742, 0.07794608174975086, 0.19299575684524814]], "ideal": "D", "sampled": "C", "correct": false}}
{"type": "result", "data": {"idx": 7, "options": ["The university increases financial aid.", "The university does not increase financial aid.", "The board of trustees prevents it.", "The president fails to approve it."], "probs": [[0.003055170912654702, 0.9906200445324436, 0.0026965520852567926, 0.0036282323696449218], [0.0036769314777934194, 0.9883920770310872, 0.004366998131212587, 0.0035639932599067967], [0.0013144630607279544, 0.005118202742308378, 0.9910336764601597, 0.002533657636803926], [0.0152403349751283, 0.019266912801438753, 0.11991521025700518, 0.8455775418664278], [0.0029393886185670242, 0.024228868981049933, 0.9682790627030216, 0.00455267959736146], [0.023560446743227815, 0.06608320081953004, 0.02588244468154265, 0.8844739076556994], [0.9769620839816769, 0.0071194232036536735, 0.002619628313929727, 0.01329886440073965], [0.9575452262630388, 0.010474770947678, 0.025527742451496253, 0.006452260237786931], [0.9821655242894635, 0.006937282133234454, 0.0011152336664054265, 0.009781959810896579], [0.981155102850133, 0.008230129733198425, 0.009184634736575372, 0.0014301325800931877], [0.9453264050229109, 0.04286615357963707, 0.0014671190215622693, 0.010340322275889765], [0.9460400145509665, 0.03905843981486729, 0.010849027172452924, 0.004052518361713215], [0.0006856600949445361, 0.0017238434416776778, 0.9963489893715274, 0.0012415069918504], [0.006441670856966273, 0.005424970229056557, 0.5364555651028419, 0.4516777937111353], [0.0025873774848162267, 0.9962281001975393, 0.00046035926694383593, 0.0007241629507006963], [0.005617409215375261, 0.9903157709803448, 0.002960578877855597, 0.001106240826424258], [0.014751428503209532, 0.49632584257905193, 0.007897338704110376, 0.48102539011362816], [0.0034126486242983924, 0.01788090634788321, 0.9765707936204756, 0.0021356513073427725], [0.0017156570466742038, 0.0046638440681037755, 0.9918225281908174, 0.0017979705944045831], [0.02360437210216565, 0.007664865353198819, 0.17447050986468793, 0.7942602525799476], [0.01981078889416707, 0.969852057729243, 0.0025789426438331967, 0.007758210632756718], [0.02285836924166496, 0.9572401285242401, 0.0136519516375438, 0.006249550496551152], [0.026102914671397536, 0.03148969771423355, 0.007480360425108636, 0.9349270270892602], [0.003919267293707776, 0.004511249479665233, 0.9897889995141878, 0.0017804836124392398]], "ideal": "B", "sampled": "B", "correct": true}}
{"type": "result", "data": {"idx": 8, "options": ["E \u2283 F", "F \u2283 G", "H \u2283 ~E", "~H"], "probs": [[0.17667371954280706, 0.11233106095202076, 0.4805010211248545, 0.2304941982803177], [0.21970407989963397, 0.14413267587371792, 0.34042540696473195, 0.2957378371619161], [0.2551356591794412, 0.35996226009050897, 0.17000830425124464, 0.21489377637880516], [0.26507556830788664, 0.33002353203011725, 0.21981253055240801, 0.18508836900958808], [0.26141408083208917, 0.24954031405337695, 0.16363184152397342, 0.32541376349056045], [0.2772036749264008, 0.24472143878990804, 0.2371810937110664, 0.24089379247262474], [0.26577058035799656, 0.24209321672144715, 0.3257720421558878, 0.1663641606646685], [0.3039678127452095, 0.25608552262861256, 0.24054423689058735, 0.19940242763559055], [0.2275565730370757, 0.42532015159436765, 0.24612750293928412, 0.10099577232927255], [0.20835320959918163, 0.43444154309520205, 0.16745743403335878, 0.1897478131722575], [0.23036470663680644, 0.2131326017593904, 0.31500672821520714, 0.24149596328859604], [0.1884953435618537, 0.20387632260299407, 0.357843201060369, 0.24978513267478325], [0.46773622132237697, 0.1495470724782866, 0.16170683742495837, 0.22100986867437805], [0.4453751212714055, 0.1588484668401249, 0.22403021488378605, 0.1717461969046835], [0.4503077998398786, 0.15567520723202372, 0.2062483938204151, 0.18776859900768256], [0.41706535837451336, 0.16084932028904375, 0.23404884684798377, 0.18803647438845908], [0.43849782171195484, 0.24224992501176168, 0.12764650011366424, 0.1916057530626192], [0.4190868263745488, 0.2315333554374116, 0.1319086590846195, 0.21747115900342007], [0.2568967640143036, 0.19398923216310382, 0.1510695963946907, 0.39804440732790186], [0.23169644756054575, 0.19824011904165667, 0.4005096912439223, 0.16955374205387527], [0.21907927093699253, 0.1392964273551881, 0.35577246543187574, 0.2858518361759436], [0.13081391572424153, 0.09723937458590981, 0.5958647239021247, 0.17608198568772393], [0.238291819148144, 0.35785420125776346, 0.2659138023923945, 0.13794017710169804], [0.20273634789346842, 0.3672628402342698, 0.16551485656036807, 0.26448595521189366]], "ideal": "D", "sampled": "C", "correct": false}}
{"type": "result", "data": {"idx": 9, "options": ["L", "~L", "L \u2022 ~L", "L \u2228 ~L"], "probs": [[0.039984559859002046, 0.03164144397575724, 0.09904630997773105, 0.8293276860875096], [0.010761732029010505, 0.0066891595368776344, 0.9778825453002085, 0.00466656303390338], [0.07568778519811127, 0.1154722039736188, 0.01945238296413263, 0.7893876277641373], [0.014275488656299736, 0.015446143302153529, 0.9635853249691012, 0.006693042972445499], [0.027489861918516264, 0.9475422746945631, 0.008928420445298638, 0.01603944284162201], [0.02572156408361065, 0.9438279150479127, 0.011330466141086322, 0.019120054627390266], [0.051650180514936125, 0.0500786967455111, 0.2584879763027647, 0.6397831463367881], [0.013799288411960965, 0.018009481437345504, 0.9614624504879965, 0.006728779562697055], [0.056534450916764574, 0.22027750475198768, 0.03378396878637767, 0.68940407544487], [0.04035284102479619, 0.09535058090423985, 0.8116384359437294, 0.05265814202723452], [0.026172575055789564, 0.952845760278995, 0.011348796394235678, 0.009632868170979735], [0.016860867641658218, 0.9581214733732079, 0.006922535595831338, 0.018095123289302562], [0.0716695932459978, 0.04148772346887935, 0.012857097163841303, 0.8739855860212815], [0.007843819007850772, 0.014102699188904772, 0.9740139261273258, 0.004039555575918646], [0.11132633809369288, 0.045699701219321646, 0.03241950681950251, 0.8105544537674829], [0.010263105304373632, 0.016930169123587108, 0.9617929219905708, 0.011013803481468503], [0.01178898528180501, 0.9822681800509244, 0.0034317882934561004, 0.0025110462738144254], [0.01381715453723245, 0.9768832859330403, 0.0033085650398712156, 0.0059909943898560246], [0.8214845396404336, 0.12218769251601645, 0.017882367027997427, 0.03844540071555258], [0.7500557759016266, 0.15012968795493822, 0.07205040617962882, 0.027764129863806303], [0.7706751851364506, 0.10935846755811161, 0.05765492862502957, 0.06231141858040824], [0.7658113753946411, 0.0973949572089866, 0.08466310620927532, 0.05213056108709697], [0.8780900271777771, 0.08300988406234087, 0.023058001035597332, 0.015842087624284736], [0.8469940032166418, 0.1011971259678335, 0.02189295232935438, 0.029915918386170342]], "ideal": "D", "sampled": "D", "correct": true}}
{"type": "result", "data": {"idx": 10, "options": ["(\u2200x)[Kx \u2283 (\u2200y)(Py \u2283 Lxy)]", "(\u2200x)[Kx \u2283 (\u2200y)(Lxy \u2283 Py)]", "(\u2200x)(\u2200y)[(Kx \u2022 Py) \u2283 Lyx]", "(\u2200x)[(Kx \u2022 (\u2200y)(Py)) \u2283 Lxy]"], "probs": [[0.22151510745329475, 0.2182053210845734, 0.4078943491750511, 0.15238522218708073], [0.2109085077920421, 0.40679050649551385, 0.17771714129531288, 0.20458384431713117], [0.23664466249497576, 0.25604835913149127, 0.3785514943981554, 0.12875548387537755], [0.23800395072100805, 0.35751956164957827, 0.23818838239033763, 0.16628810513907602], [0.2669771690988941, 0.16713673372792948, 0.40125362276754495, 0.1646324743056315], [0.15599345482781884, 0.1072630565568934, 0.5989409996908021, 0.13780248882448576], [0.1978878796217459, 0.21076379400226167, 0.44644307420493506, 0.14490525207105734], [0.2251865003060594, 0.3893244920181003, 0.19272959517592503, 0.19275941239991523], [0.172392933259109, 0.1429946262768368, 0.5749415711860485, 0.1096708691780057], [0.19446085391484194, 0.28757742044434104, 0.28317004439383264, 0.2347916811469844], [0.15180677985490712, 0.13613978908459864, 0.5647917732869748, 0.14726165767351942], [0.13907755248810166, 0.12868843248322778, 0.4638245977787035, 0.268409417149967], [0.13752915578580685, 0.4443159897620412, 0.28682483521922914, 0.13133001913292283], [0.14392150400922296, 0.5105975079548309, 0.24495648422784974, 0.10052450370809633], [0.16909396668417795, 0.23864305660511304, 0.42560837493529974, 0.16665460167540921], [0.20496627991781793, 0.23604892543650907, 0.40171248315299507, 0.15727231139267794], [0.15649341978018685, 0.2664012173386973, 0.46776592534668116, 0.10933943743443467], [0.1292844505798673, 0.3984939277446861, 0.3008093103103842, 0.17141231126506234], [0.15257536555382878, 0.40860526596119545, 0.25172130396179315, 0.1870980644231826], [0.1366603764005688, 0.147837604049997, 0.6038716243709593, 0.11163039507847486], [0.16979582859063666, 0.2757801752377964, 0.332733010210098, 0.22169098586146896], [0.1599381339362424, 0.18417169975160277, 0.4932877045356142, 0.16260246167654066], [0.1305984355824552, 0.32856925786497143, 0.4421843917363064, 0.09864791471626697], [0.10691141603213968, 0.48701704346657626, 0.20619401902011333, 0.19987752138117076]], "ideal": "A", "sampled": "A", "correct": true}}
{"type": "result", "data": {"idx": 11, "options": ["Logically equivalent", "Contradictory", "Neither logically equivalent nor contradictory, but consistent", "Inconsistent"], "probs": [[0.10399991195354033, 0.07148586159612738, 0.7688310684327025, 0.05568315791762975], [0.14564452007877285, 0.05839003795963864, 0.1624938744887303, 0.6334715673728583], [0.09245101314464578, 0.8373525020421108, 0.038241260198594945, 0.03195522451464848], [0.10072633942019206, 0.817810740059012, 0.0514491663721831, 0.03001375404861284], [0.10228613839233873, 0.045395236796036006, 0.033998582762049596, 0.8183200419495756], [0.09945162833376728, 0.07164244884601709, 0.7826449040987782, 0.0462610186214374], [0.08684131761044045, 0.09102341803067905, 0.7624332535229609, 0.059702010735919596], [0.11616113780767405, 0.09481671451574111, 0.33623132106279713, 0.45279082651378766], [0.057641465136250875, 0.8743343906112552, 0.049307427692795856, 0.01871671645969807], [0.07378669799950945, 0.8061457245506886, 0.07495566428837278, 0.045111913061429275], [0.1079278886210279, 0.27570450303181676, 0.2509917020546738, 0.36537590619248156], [0.07352953847200157, 0.13316834916015508, 0.7313723859759834, 0.06192972629185989], [0.8264764669676137, 0.0757054399728386, 0.06574822314541033, 0.032069869814137404], [0.7948974336747578, 0.08646535739496632, 0.08779306585234245, 0.030844142977933402], [0.7162628448963867, 0.07550838996422443, 0.15983029483909178, 0.048398470200297125], [0.7392092667075408, 0.08103990252102009, 0.10649177034282566, 0.07325906032861346], [0.6744430391105081, 0.11013816084280457, 0.17054908801823854, 0.0448697119284488], [0.7307559574873163, 0.09739978992710838, 0.10693321722670407, 0.06491103525887133], [0.027875468339780943, 0.01976981214809765, 0.013377470993980182, 0.9389772484181412], [0.05608363058955222, 0.05187874326494806, 0.8642663375700962, 0.027771288475403527], [0.06619165215336323, 0.03543512961352037, 0.06517680110087405, 0.8331964170322423], [0.04684946842636023, 0.04987814816670279, 0.857138543170833, 0.04613384013610395], [0.058204731134024634, 0.8693550610646118, 0.054684443888891404, 0.017755763812472212], [0.05067340718257469, 0.8710771948523547, 0.04368758202955744, 0.03456181583551318]], "ideal": "B", "sampled": "C", "correct": false}}
{"type": "result", "data": {"idx": 12, "options": ["E \u2283 F", "F \u2283 G", "G \u2283 E", "~~F"], "probs": [[0.21418568382015493, 0.23168927555752752, 0.12794381604545904, 0.42618122447685847], [0.20403912083429215, 0.22071653098863944, 0.33658631157130214, 0.23865803650576625], [0.1832733099493899, 0.12599950652056066, 0.3372550803903723, 0.3534721030396772], [0.2026722236667805, 0.11734074835779394, 0.3240536676607253, 0.3559333602147003], [0.15050605755257307, 0.2857485583549246, 0.29947792141968715, 0.2642674625728152], [0.19837466471520154, 0.2887989070364791, 0.12420216571645178, 0.3886242624318676], [0.41717160859235497, 0.22339529288284393, 0.1253111604336734, 0.23412193799112768], [0.4117095470016757, 0.21039685604852512, 0.22397360203410593, 0.1539199948156932], [0.2924983123023605, 0.1566089657246149, 0.2582462920173764, 0.29264642985564815], [0.29904297882436387, 0.14578855470715074, 0.3184940015502367, 0.23667446481824866], [0.4574576726805581, 0.2196398424560588, 0.12911151012484146, 0.1937909746385416], [0.4094137433989897, 0.2192615219401289, 0.14155626928387344, 0.2297684652770079], [0.25081299611744035, 0.1385558334499995, 0.3172186768981092, 0.29341249343445097], [0.25189105049074645, 0.14357261572195762, 0.344487284752361, 0.26004904893493486], [0.29731124636538, 0.17759519813668995, 0.2584317326287284, 0.26666182276920175], [0.2915859389794675, 0.17418134922216894, 0.310549245272103, 0.22368346642626055], [0.31348151610029756, 0.252014707598615, 0.15770471409586206, 0.27679906210522537], [0.2811654549729613, 0.226033661134791, 0.24061657844486575, 0.2521843053473819], [0.28224307295837847, 0.16859227417213613, 0.3150717615766166, 0.23409289119286877], [0.31536907424409194, 0.17978360024954518, 0.1688987339700054, 0.33594859143635747], [0.27943157730539425, 0.28846287294628153, 0.2177546140668401, 0.21435093558148413], [0.2743448316776589, 0.2967711090744794, 0.18284189699251904, 0.2460421621553427], [0.32069873806607463, 0.16132663188751573, 0.23476441202200238, 0.28321021792440726], [0.286175706541999, 0.16569197670030614, 0.29543734474319283, 0.252694971914502]], "ideal": "D", "sampled": "B", "correct": false}}
{"type": "result", "data": {"idx": 13, "options": ["Valid", "Invalid. Counterexample when E, F, and G are true", "Invalid. Counterexample when E and F are true and G is false", "Invalid. Counterexample when E, F, and G are false"], "probs": [[0.29943011403486286, 0.4095623844713261, 0.20909980181153934, 0.0819076995822717], [0.24069878512009318, 0.45702332509815197, 0.13933787408044074, 0.1629400156013141], [0.29062625979427653, 0.5605366867260135, 0.0929086513196055, 0.055928402060104486], [0.2763328551969761, 0.5413318871910451, 0.08973183481988042, 0.09260342269209845], [0.23083333096331687, 0.4117192458997923, 0.2237914735829603, 0.1336559494539305], [0.2943863811664209, 0.39638024832950985, 0.2120984966325516, 0.09713487377151764], [0.1999526738892322, 0.47247665951752515, 0.25282590105543906, 0.07474476543780353], [0.2052082564321397, 0.4848685796916962, 0.15252951139701657, 0.15739365237914751], [0.3150378838398437, 0.14428046813159476, 0.4805352645253044, 0.06014638340325718], [0.3549612567952336, 0.21537057204985346, 0.13060093313940493, 0.299067237915508], [0.3434423131127913, 0.1031404039948766, 0.4079471436938881, 0.14547013909844395], [0.33273494240294477, 0.13447417317476212, 0.2050231247935312, 0.3277677595287619], [0.24191344010352353, 0.6084914485543432, 0.09475088369453019, 0.054844227547603104], [0.24404443217029162, 0.5677075000920733, 0.09264667676381694, 0.0956013908738182], [0.4065218552297564, 0.1340912426349121, 0.41304218611072857, 0.04634471592460285], [0.38068369027145615, 0.22739072141757619, 0.06615997850233328, 0.3257656097086344], [0.42459565213579425, 0.13156414540553632, 0.3807071163342824, 0.06313308602438704], [0.39106251037401096, 0.20938762084293308, 0.090038817067136, 0.30951105161591996], [0.19655043909858927, 0.5262350713952071, 0.15796386527737158, 0.11925062412883203], [0.19541005026122557, 0.539796134022889, 0.1894331644819922, 0.0753606511338933], [0.37346708770831977, 0.11571886389290428, 0.4102684557027628, 0.1005455925960131], [0.35157542893387655, 0.14659994620705005, 0.17136792581501667, 0.33045669894405666], [0.3395352357701958, 0.1372241105993754, 0.46421857493479896, 0.0590220785956299], [0.3673088033243987, 0.18766545128939738, 0.11559390331579222, 0.3294318419704117]], "ideal": "C", "sampled": "A", "correct": false}}
{"type": "result", "data": {"idx": 14, "options": ["Valid", "Invalid. Counterexample when H, I, and J are false", "Invalid. Counterexample when H and I are true and J is false", "Invalid. Counterexample when I is true and H and J are false"], "probs": [[0.23832731903954796, 0.418486466548769, 0.24981887077682, 0.0933673435348631], [0.21628038220897175, 0.3918828870201144, 0.09599606447431455, 0.29584066619659927], [0.21441824971697854, 0.6712391450840942, 0.05093797725232905, 0.06340462784659817], [0.26558717587938463, 0.5989071614644952, 0.0992639120706016, 0.03624175048551854], [0.2121564000632799, 0.509250521608926, 0.0941651165391217, 0.18442796168867237], [0.229531172335011, 0.4496889776985521, 0.2726437489809702, 0.04813610088546671], [0.1747396031161658, 0.38785363106694226, 0.3586233040024083, 0.07878346171448358], [0.18838534124485257, 0.4181875336832323, 0.15140385021818498, 0.24202327475373014], [0.3737323339465895, 0.16331996265387447, 0.3623224550469361, 0.10062524825259989], [0.3560320979591997, 0.24862785264408044, 0.08590346445918154, 0.30943658483753833], [0.3367282101662762, 0.10272075081750605, 0.3529847807384488, 0.207566258177769], [0.3446279414453998, 0.13083667856879966, 0.26017731037850184, 0.2643580695072987], [0.29373471394117595, 0.5078285667179828, 0.0778452787849175, 0.12059144045592372], [0.26859098870296794, 0.5099828876788766, 0.17617590854921428, 0.04525021496894119], [0.5299152016873806, 0.09804609942842833, 0.231559226678419, 0.14047947210577205], [0.499651852921847, 0.16740598905389767, 0.08548900312374244, 0.2474531548005129], [0.5284246742745533, 0.12554402507840798, 0.3059012557345806, 0.04013004481245813], [0.48636872739813053, 0.19657469551628934, 0.08721073391121482, 0.2298458430743653], [0.22437016830860618, 0.4260458679521648, 0.07877690402954503, 0.270807059609684], [0.2094891212317625, 0.44373038241400686, 0.30486774327959315, 0.04191275297463745], [0.4640883643189413, 0.18179563227849088, 0.21251784896268716, 0.14159815433988063], [0.3836887902968934, 0.18129021607209345, 0.23275283426313875, 0.20226815926787442], [0.38823580737999963, 0.2587171196678844, 0.3169242143314057, 0.036122858520710226], [0.32312254890837055, 0.3232357083222498, 0.11343597197009346, 0.24020577069928614]], "ideal": "D", "sampled": "C", "correct": false}}
{"type": "result", "data": {"idx": 15, "options": ["(\u2203x){Fx \u2022 (\u2200y)[Dy \u2283 (\u2203z)(Vz \u2022 Rxyz)]}", "(\u2203x){Fx \u2022 (\u2203y)[Vy \u2022 (\u2203z)(Dz \u2022 Rxyz)]}", "(\u2203x){Fx \u2022 (\u2203y)(\u2203z)[(Vy \u2022 Dz) \u2022 Rxzy]}", "(\u2200x){Fx \u2283 (\u2203y)[Vy . (\u2203z)(Dz \u2022 Rxyz)]}"], "probs": [[0.12232057475594071, 0.30778887176887926, 0.4920705744414316, 0.07781997893374847], [0.2068960841153146, 0.4053679164619439, 0.2238929287035132, 0.16384307061922826], [0.07583236817140986, 0.09894403003370512, 0.732202827453177, 0.09302077424170807], [0.08923938869537598, 0.12583944200211028, 0.07066506146677994, 0.7142561077357338], [0.09241344446867938, 0.09687377199487697, 0.7167494616722816, 0.093963321764162], [0.03896613592858479, 0.0683719620802559, 0.057644898780403256, 0.835017003110756], [0.13638478617783084, 0.2285719232671267, 0.5236231127127644, 0.11142017774227798], [0.20847380780501026, 0.27210418198082303, 0.3233119643398258, 0.1961100457743409], [0.16768739616125639, 0.27237819810831104, 0.3783999866345618, 0.18153441899587072], [0.2158880829595208, 0.2688485681741802, 0.3245108127269483, 0.19075253603935066], [0.24442373544690574, 0.18457662942475786, 0.17357562283744318, 0.3974240121908932], [0.16188328974168062, 0.13638396153326063, 0.47663645511162933, 0.2250962935134294], [0.11633311419265613, 0.19190536520170648, 0.6010701552309414, 0.0906913652746959], [0.07798442970036479, 0.13685858032774456, 0.04380001162672245, 0.7413569782451682], [0.1003251395849696, 0.6247157724097728, 0.16810334340498112, 0.1068557445002764], [0.13454962577366167, 0.5940785165477883, 0.1346160551542167, 0.13675580242433336], [0.03821624584919437, 0.08215905286142636, 0.03483063484494154, 0.8447940663444378], [0.10990619494551773, 0.13057152731049393, 0.6639361877979072, 0.09558608984608118], [0.059660206754484676, 0.09536377374144131, 0.7280079179268305, 0.1169681014772435], [0.04559291271449042, 0.09210156133772525, 0.11297385507210923, 0.7493316707756751], [0.18941321481520482, 0.16987095489745335, 0.37730695838211814, 0.26340887180522365], [0.13075556054529658, 0.14145119697603484, 0.4943091048448064, 0.23348413753386218], [0.047608066345460824, 0.09767419098830997, 0.04765332862258261, 0.8070644139436466], [0.07777697136879677, 0.10801930381839506, 0.6837615624787697, 0.13044216223403846]], "ideal": "B", "sampled": "B", "correct": true}}
{"type": "result", "data": {"idx": 16, "options": ["The university raises tuition.", "The governor approves of it.", "The board of trustees recommends it.", "None of the above"], "probs": [[0.04929515658577682, 0.6006566665881856, 0.3116526204710032, 0.0383955562550343], [0.08475337381892595, 0.28683257794645484, 0.021106957035618407, 0.6073070910990008], [0.04894850401297851, 0.13100561987932077, 0.7903545490522527, 0.029691326955448006], [0.12497350875221488, 0.08864312521077995, 0.020410824488759326, 0.7659725414482459], [0.045819306927180774, 0.08972701085476406, 0.4558995867466818, 0.4085540953713734], [0.12533302884039949, 0.12536964099426745, 0.1124132822135915, 0.6368840478517416], [0.08473610176193687, 0.11582871859002378, 0.7554729091619817, 0.04396227038605756], [0.10006682871970714, 0.0677236785738598, 0.019711316217338324, 0.8124981763890947], [0.09304999940275108, 0.8426434067250218, 0.040030325124438965, 0.02427626864778816], [0.11311133515032495, 0.8493001170337144, 0.015312303121553645, 0.022276244594407], [0.12524262559296792, 0.16340855401532112, 0.02317842000257678, 0.6881704002891342], [0.11841678490734198, 0.2753963613813983, 0.5652560289889981, 0.04093082462226159], [0.03665920257068299, 0.06139587963131867, 0.8747012986324066, 0.027243619065591692], [0.0409497120738823, 0.018752067499435223, 0.007817890945700741, 0.9324803293809817], [0.059344384216080966, 0.9000680293066349, 0.02436147538778107, 0.016226110989503092], [0.04294633404962742, 0.9331501318025762, 0.011206665737582494, 0.01269686831021386], [0.10264078765641779, 0.08920179514257881, 0.012853040657887171, 0.7953043764431162], [0.05523331059391564, 0.16752149069391523, 0.751153882045692, 0.026091316566477125], [0.04280848085309762, 0.0196038114949756, 0.09067366290123106, 0.8469140446506958], [0.07824778235395978, 0.021396740392079543, 0.018305833630801873, 0.8820496435231588], [0.06530540983236839, 0.12395343477139224, 0.01480736521172611, 0.7959337900845133], [0.06329055709863886, 0.44635354304143593, 0.4327166861272139, 0.05763921363271126], [0.12990549630892262, 0.1383176183450947, 0.018147221208639434, 0.7136296640373433], [0.11721129146630631, 0.2482141880935155, 0.5864600254605599, 0.048114494879618296]], "ideal": "D", "sampled": "B", "correct": false}}
