{"type": "result", "data": {"idx": 0, "options": ["10%", "20%", "40%", "80%"], "probs": [[0.017931440409139892, 0.16487122671273088, 0.4625671691480892, 0.35463016363004], [0.008686731463428363, 0.11895703379137967, 0.020042726525377932, 0.852313508119814], [0.011033867169960661, 0.45472242984410405, 0.37707545476410453, 0.1571682481218307], [0.011505652346492203, 0.6088889904704773, 0.09194183451442964, 0.28766352256860084], [0.016729659870148687, 0.04075771911425367, 0.5370986911293227, 0.40541392978627483], [0.01172979545994992, 0.02387785537103017, 0.7548038946163624, 0.20958845445265745], [0.04870962759894027, 0.02449094894649265, 0.6832289745961042, 0.24357044875846282], [0.031185231983578376, 0.03216981130453436, 0.05306028181878996, 0.8835846747930973], [0.062155404137323345, 0.5716022592985223, 0.06025534970804429, 0.30598698675611014], [0.09600808184354807, 0.6260917595567532, 0.08086663987821391, 0.19703351862148483], [0.06168701103574444, 0.03859749421613817, 0.14800484421857513, 0.7517106504295422], [0.022350457853943597, 0.031027477160442653, 0.8929995217081953, 0.05362254317741841], [0.36334844607917877, 0.07266525016001577, 0.3868814321917524, 0.17710487146905307], [0.3922856274323245, 0.04134310596724202, 0.3008635207323786, 0.26550774576805486], [0.8078327131318372, 0.028076501606563036, 0.01226983209548544, 0.15182095306611426], [0.8058393206538902, 0.03888416846641161, 0.10908763326306815, 0.04618887751662999], [0.27388618617982474, 0.1196405568438586, 0.09467217003377044, 0.5118010868425462], [0.6819084641650828, 0.0801736679683596, 0.14983347838240355, 0.08808438938415405], [0.04287398895971635, 0.030397473398059725, 0.2014046991413819, 0.725323838400842], [0.03475377122174896, 0.024641748863271147, 0.62589826306655, 0.3147062167484298], [0.10017268471897676, 0.047311123784206245, 0.05197668892915773, 0.8005395024676593], [0.12489608720519928, 0.06182061530709688, 0.5687164088839667, 0.24456688850373717], [0.19316583243312216, 0.32856737052644985, 0.049620809384128876, 0.42864598755629907], [0.48589600937782573, 0.29470617673974786, 0.10029629245501241, 0.11910152132741401]], "ideal": "C", "sampled": "C", "correct": true}}
{"type": "result", "data": {"idx": 1, "options": ["About $300", "About $3k", "About $8k", "About $15k"], "probs": [[0.07738230319007552, 0.25986698073629394, 0.46339735038863894, 0.19935336558499156], [0.07764654207853301, 0.2195348539520992, 0.33484338227336186, 0.36797522159600593], [0.07546174933177735, 0.33576975748594723, 0.4661801546563365, 0.12258833842593891], [0.08796940898220698, 0.49880990016472326, 0.258682710441825, 0.15453798031124474], [0.08556088294360457, 0.2636459908432772, 0.4485601216964316, 0.2022330044166866], [0.06056158729337993, 0.1685666324135223, 0.6669777159280499, 0.1038940642650479], [0.19230874224714142, 0.10295073073366562, 0.46892151417087113, 0.23581901274832182], [0.1973054003888519, 0.09321367897485744, 0.39881072326888634, 0.31067019726740436], [0.22386512992025154, 0.5291540819307284, 0.08303650777092607, 0.16394428027809396], [0.2464124365200223, 0.460719636395702, 0.23520274019864434, 0.05766518678563136], [0.22971032899869634, 0.378946041709229, 0.08193764211815249, 0.30940598707392214], [0.12137784740853869, 0.1272153329283561, 0.72094653097855, 0.030460288584555188], [0.2383879018312171, 0.0863496920521772, 0.48948276830117154, 0.18577963771543415], [0.16585270062971685, 0.07133782121832523, 0.6667667825379814, 0.09604269551397651], [0.2508828770578865, 0.5570212296521097, 0.0753509068969265, 0.11674498629307731], [0.27743727689464964, 0.4102938579806807, 0.27752143865525875, 0.0347474263694109], [0.34608045102946144, 0.44470839692302394, 0.07144414739095661, 0.13776700455655805], [0.35181777127292546, 0.2741639726178503, 0.3204518091543311, 0.053566446854893125], [0.20251820677701707, 0.07450814433383703, 0.48607688413055405, 0.23689676465859186], [0.14523622500365152, 0.0664972742319462, 0.7041769079471052, 0.08408959271729709], [0.26778681467556437, 0.3837997386191101, 0.08043169495066184, 0.26798175165466365], [0.22225962866570484, 0.2640294587779245, 0.4856612121495439, 0.0280497003068268], [0.22010858696911964, 0.6373041535192517, 0.03855860031822527, 0.10402865909340335], [0.19302434158684534, 0.5949371589483795, 0.15756644659179836, 0.05447205277297681]], "ideal": "B", "sampled": "C", "correct": false}}
{"type": "result", "data": {"idx": 2, "options": ["52%", "62%", "72%", "82%"], "probs": [[0.8481528087398184, 0.09819653487804116, 0.029951408480831377, 0.02369924780130914], [0.5788285753253504, 0.21296857374627792, 0.03701452551789926, 0.17118832531047248], [0.6241608741225337, 0.07691582148282304, 0.2522528124301306, 0.04667049186451264], [0.6836632285726898, 0.09253147712820883, 0.06877543571572876, 0.15502985848337256], [0.5040764920820584, 0.069295698456146, 0.30109212472465025, 0.12553568463714526], [0.4778366911255807, 0.07923611134636617, 0.34427275737251145, 0.0986544400555417], [0.9513465413223515, 0.020374540768842625, 0.017703984392630507, 0.01057493341617534], [0.9102477159112096, 0.038167546293270134, 0.013400166826095274, 0.038184570869425026], [0.7991784288603563, 0.08293873148083858, 0.08829803846171075, 0.029584801097094424], [0.8282473209901012, 0.0886882035150085, 0.029249277398779822, 0.053815197996110474], [0.4723146960929393, 0.08207883868466968, 0.3510973233623774, 0.09450914176001358], [0.5400194887289954, 0.07423790296274962, 0.31262489266267457, 0.07311771554558032], [0.9250212079832709, 0.02707851249496943, 0.02928224130138818, 0.018618038120371515], [0.9222298974693772, 0.0335979965654245, 0.01716235004092157, 0.027009755824276734], [0.9388010643823718, 0.04125616983029039, 0.009424906101077121, 0.01051785958626075], [0.8798688010086848, 0.07337604674397936, 0.01975067374978842, 0.02700447839754736], [0.6239922092528427, 0.13081261611772238, 0.13498719135802556, 0.11020798317140934], [0.7903443014705279, 0.1020803379183016, 0.06695249947199698, 0.04062286103917352], [0.7592566638979523, 0.07757662402981925, 0.09359150426707263, 0.06957520770515577], [0.619661881407117, 0.11827809626792958, 0.15430286870030752, 0.10775715352464593], [0.7231767985071663, 0.14022483007230152, 0.060316815256645305, 0.07628155606388679], [0.5447241148511847, 0.18535638129878754, 0.20682421632761125, 0.06309528742241655], [0.6221795492092598, 0.23993814764191965, 0.03622933368829193, 0.10165296936052859], [0.823023397929234, 0.14083658485281506, 0.015197121890537691, 0.020942895227413303]], "ideal": "C", "sampled": "C", "correct": true}}
{"type": "result", "data": {"idx": 3, "options": ["China", "United States", "Germany", "Japan"], "probs": [[0.88034775135091, 0.05454557159877614, 0.060866409218382184, 0.004240267731931672], [0.5561718929819183, 0.3882589630613039, 0.023690128652449727, 0.0318790152043281], [0.7773688637491863, 0.17618321339992102, 0.04186000411173835, 0.004587918639154265], [0.6508343469654764, 0.3171874116046911, 0.013510843951656649, 0.018467397378175918], [0.7482945656755862, 0.04636265171731741, 0.1644166036270027, 0.040926178880093776], [0.7880883268982577, 0.021331610548468636, 0.17316535410207726, 0.017414708351196434], [0.012072751664655762, 0.9666400398529437, 0.015627227540376428, 0.0056599808420241355], [0.008411600488652313, 0.9647253424284734, 0.00486946026381194, 0.02199359671906229], [0.030464265615891217, 0.22160524082237126, 0.7269875880433913, 0.02094290541834631], [0.03569464634681624, 0.07438950728587873, 0.011234216935120252, 0.8786816293321847], [0.007967437204779226, 0.01465335211172817, 0.921196222663692, 0.056182987919800496], [0.01676166112555256, 0.01624451636682859, 0.2314460394286377, 0.7355477829789812], [0.047337251143016276, 0.9072931834691073, 0.0380506309843354, 0.007318934303541033], [0.05238233945219409, 0.9285631957193686, 0.006113444035457016, 0.012941020692980225], [0.05780313186029891, 0.0379065587483379, 0.890558069588712, 0.013732239702651214], [0.1570585705960717, 0.12041455797650767, 0.01847166426319619, 0.7040552070642244], [0.0340598688277153, 0.016341426304567943, 0.9209137570848522, 0.02868494768286453], [0.07200416605969448, 0.026904375961973544, 0.08962990131852193, 0.81146155655981], [0.012200726819476423, 0.8420685913169119, 0.09017776470213903, 0.055552917061472584], [0.013318297217274103, 0.8635101753634632, 0.09540908692525826, 0.027762440394004464], [0.007582641382470592, 0.022112031048560993, 0.9405454019202336, 0.029759925548734786], [0.021584920743817185, 0.05018317736319922, 0.1429964910527857, 0.7852354107401979], [0.017987589678275743, 0.09424366485058211, 0.8403708652187276, 0.04739788015241456], [0.025131977811192852, 0.12178003650676787, 0.04623601160962443, 0.8068519739724148]], "ideal": "A", "sampled": "A", "correct": true}}
{"type": "result", "data": {"idx": 4, "options": ["by 5 fold", "by 10 fold", "by 15 fold", "by 20 fold"], "probs": [[0.20624502522730398, 0.4648198824870823, 0.16318508525824846, 0.1657500069273653], [0.137163285514803, 0.3846848721323634, 0.22973727372188577, 0.2484145685309478], [0.12566264346960157, 0.3810817712486706, 0.34165937723258016, 0.1515962079491477], [0.12580498864279313, 0.3419636436662298, 0.23506836240521253, 0.29716300518576455], [0.08602384629234117, 0.5107846196303445, 0.22666099049308652, 0.17653054348422778], [0.08642596594152217, 0.4599838670645063, 0.2462374459905238, 0.20735272090344775], [0.22690678930198116, 0.3514486885130111, 0.23053622015970643, 0.19110830192530132], [0.12191660955135798, 0.25407459431447393, 0.38151642822891535, 0.24249236780525274], [0.19554270801972948, 0.4012431501940981, 0.2359281629088031, 0.1672859787773693], [0.22363836394581885, 0.41135634741972, 0.2272064170846702, 0.13779887144979097], [0.16327276550632897, 0.36794683094717423, 0.28661053525104024, 0.18216986819545655], [0.17372630275946616, 0.3509386129186493, 0.3146453452593551, 0.16068973896252944], [0.3588781814906918, 0.3118208189810792, 0.19517185664483597, 0.134129142783393], [0.25219687441156297, 0.2642881830623479, 0.26436847051765594, 0.21914647190843314], [0.3426036630166497, 0.3822332690432936, 0.13006804106913453, 0.1450950267709222], [0.28492522669638004, 0.3331210017061003, 0.28500295114621027, 0.09695082035130936], [0.25812132702399915, 0.4255989149144219, 0.13605103706257232, 0.18022872089900657], [0.27675190771398994, 0.39032215166899065, 0.22949594427954928, 0.10342999623747008], [0.3245673130937599, 0.3509697265427553, 0.2031576155942532, 0.12130534466923161], [0.26766643324300876, 0.3228673386678191, 0.18401661787601864, 0.2254496101131535], [0.29372561850369094, 0.39528582674144114, 0.1700312694746476, 0.14095728518022033], [0.2939673959914925, 0.3774890303234266, 0.20209075508480953, 0.1264528185002713], [0.2531790955654197, 0.37419100476960593, 0.1420574890811993, 0.23057241048377505], [0.3194471359345398, 0.41022863903796386, 0.15817125451687364, 0.1121529704106227]], "ideal": "C", "sampled": "D", "correct": false}}
{"type": "result", "data": {"idx": 5, "options": ["Lower respiratory infections", "Preterm birth complications", "Diarrheal diseases", "Malaria"], "probs": [[0.4513875018587406, 0.4957759428535267, 0.044695915264656196, 0.008140639923076471], [0.13375887354376767, 0.8453921726013308, 0.0048722862556080365, 0.01597666749929344], [0.3662177327339495, 0.5944963102514509, 0.030535947556846937, 0.00875000935775273], [0.09660386876273677, 0.8746391983354285, 0.005080191332857194, 0.02367674146897754], [0.5999955839810945, 0.0905816362053424, 0.27045728443859246, 0.03896549527497064], [0.303726359979397, 0.024163310652503406, 0.623289496027053, 0.04882083324104662], [0.06907974697552843, 0.6977494878182549, 0.21956578040652605, 0.013604984699690669], [0.018020928474565524, 0.8958784890558218, 0.005327197340534815, 0.08077338502907788], [0.08439128775949525, 0.10179533133606268, 0.7884711061826476, 0.025342274621794475], [0.06467181181519488, 0.09263429414523922, 0.003735306986712916, 0.838958586952853], [0.09555153049421918, 0.041742046976427874, 0.7400000304733788, 0.12270639195597409], [0.09051782825598871, 0.015976489469256467, 0.0863805807098808, 0.807125101464874], [0.024191217892778408, 0.9515010733625512, 0.013571401235090291, 0.010736307409580067], [0.015169067207898724, 0.953376227267085, 0.005242739769386022, 0.026211965655630224], [0.10054119253982866, 0.5608154299697732, 0.32460226245042334, 0.014041114939974784], [0.07065000555414162, 0.747784274967479, 0.006675196972525099, 0.1748905224058543], [0.06137248048018241, 0.025186491799247205, 0.8212943565227959, 0.09214667109777445], [0.22454584547188683, 0.0567692317109238, 0.20446928800354267, 0.5142156347136467], [0.007599135709317017, 0.935092666662502, 0.031996031683299564, 0.025312165844881447], [0.0087053838457897, 0.6103372397031739, 0.35328720976613703, 0.027670166584899437], [0.012179052375369903, 0.718949546892214, 0.21254819623966936, 0.05632320439274672], [0.01977589464227693, 0.46435632911652314, 0.07945222850758824, 0.4364155476336117], [0.013120102178933763, 0.507960931599261, 0.4278222159482709, 0.0510967501735343], [0.01303683221567074, 0.7229772131811979, 0.04342163292579667, 0.22056432157733463]], "ideal": "A", "sampled": "A", "correct": true}}
{"type": "result", "data": {"idx": 6, "options": ["10%", "20%", "30%", "40%"], "probs": [[0.059104745862506185, 0.4435933364635669, 0.29097582803082056, 0.20632608954310633], [0.04112577019452575, 0.19616736250457198, 0.37239828285876164, 0.3903085843421406], [0.032718246955671416, 0.392391750574046, 0.24948367662925833, 0.32540632574102424], [0.03587463444299422, 0.3767254296056391, 0.3949262440565743, 0.1924736917947924], [0.027268572013716633, 0.5226218984425836, 0.25476975708024563, 0.1953397723634542], [0.03438754995331304, 0.4637173443964933, 0.3669108113700756, 0.13498429418011804], [0.09536691896210495, 0.05783762868418525, 0.3772641774227083, 0.4695312748310015], [0.06300499172241898, 0.05304884438712805, 0.41093658631401536, 0.4730095774764376], [0.0687575692239916, 0.2719242193449543, 0.07436283455454246, 0.5849553767765117], [0.07556877453395766, 0.5084059947609475, 0.2989567584757339, 0.11706847212936096], [0.03801325321557498, 0.6135218119994145, 0.09265461528620945, 0.2558103193988011], [0.04690226091474076, 0.4887382995167063, 0.39282547931182504, 0.07153396015672794], [0.24864643330417255, 0.05998359105716194, 0.0758483635107792, 0.6155216120278862], [0.16399196179115236, 0.04923531827495478, 0.6094293781143126, 0.17734334171958016], [0.21232201829194158, 0.07932922494474401, 0.02273617570343306, 0.6856125809598813], [0.16955484296017376, 0.1221180737825185, 0.6203500623041615, 0.08797702085314632], [0.1697957968906979, 0.6211279057132253, 0.06151650495776975, 0.14755979233830707], [0.18668181914188534, 0.5750567230743786, 0.15005422903506122, 0.08820722864867482], [0.7089842119621993, 0.08873322058475543, 0.11759151780006488, 0.0846910495529804], [0.5470460881981468, 0.0717499654985018, 0.2751347237832449, 0.10606922242010654], [0.41332771600136997, 0.1982904337466695, 0.050945925503607103, 0.3374359246483535], [0.6163686674015043, 0.1510374138251227, 0.2033064716223174, 0.029287447051055543], [0.811253138748626, 0.10476066304111023, 0.016324758033710873, 0.06766144007655281], [0.8120694961325929, 0.1305109540188197, 0.02736462177495626, 0.030054927973631063]], "ideal": "C", "sampled": "D", "correct": false}}
{"type": "result", "data": {"idx": 7, "options": ["29%", "49%", "69%", "89%"], "probs": [[0.12997857703299245, 0.5304924644366241, 0.24290314633973892, 0.09662581209064447], [0.18347062988848448, 0.4333774938765784, 0.1751274395615914, 0.20802443657334568], [0.15573979912630986, 0.10213942079714766, 0.6661990880299987, 0.07592169194654373], [0.22445682327890296, 0.10939495613427713, 0.18325045281674054, 0.48289776767007936], [0.09492790839509455, 0.06323638651984952, 0.7468831053654977, 0.09495259961955821], [0.12077307719700163, 0.05113918285069373, 0.45592063567940994, 0.37216710417289467], [0.1875563412717183, 0.20600278673496156, 0.40979531403258307, 0.19664555786073706], [0.18039349403394636, 0.2624937774353788, 0.32170473087917095, 0.23540799755150393], [0.1645357806677726, 0.37086315064486086, 0.3123433682708537, 0.15225770031651284], [0.18854492534569497, 0.4453915324595147, 0.1915828103578918, 0.17448073173689851], [0.10596114746311364, 0.08923101836925201, 0.7020712232606175, 0.10273661080701678], [0.17316184478231236, 0.1100762849981551, 0.585995828212064, 0.1307660419074686], [0.06421492993189486, 0.09639992563952611, 0.7351267337063946, 0.10425841062218448], [0.08531609667532533, 0.05863832507028929, 0.46135945728696814, 0.3946861208674172], [0.08544184457643891, 0.5749225744385364, 0.23970571693703438, 0.09992986394799021], [0.11592847625922331, 0.43757467433493596, 0.26963613639919326, 0.17686071290664743], [0.10053347050138312, 0.0944470465088811, 0.625728487905872, 0.1792909949838638], [0.07327876656758688, 0.06366717530148046, 0.7402958538255751, 0.1227582042053576], [0.011432235159975643, 0.36413174965725925, 0.521706940149053, 0.10272907493371215], [0.0070847764680414035, 0.35223559968585855, 0.4891386229777795, 0.15154100076832058], [0.017862515256631645, 0.48286489984317044, 0.3424739547453139, 0.15679863005488398], [0.012774748813008104, 0.3675979728447957, 0.5266677388456091, 0.09295953939658706], [0.022457325954299997, 0.2530506267129748, 0.3199603575145888, 0.40453168971813647], [0.033174802126603634, 0.3623332029939086, 0.45102585949458374, 0.15346613528490405]], "ideal": "C", "sampled": "B", "correct": false}}
{"type": "result", "data": {"idx": 8, "options": ["18%", "38%", "58%", "78%"], "probs": [[0.06791866620635299, 0.33966979634099326, 0.41617402740261134, 0.17623750995004245], [0.06915347408265544, 0.2164051061569323, 0.4043464576338435, 0.3100949620265687], [0.06698912281634392, 0.17929403214905779, 0.6162138488836707, 0.13750299605092758], [0.1437583842169772, 0.25634067866115345, 0.3970647394697458, 0.20283619755212354], [0.04896622723830518, 0.09587779288024463, 0.6868225020789012, 0.16833347770254906], [0.07885022108137879, 0.1341411858301794, 0.6301438526114764, 0.15686474037696535], [0.1659535529281227, 0.08088571878778163, 0.5529004540822011, 0.2002602741018945], [0.16546842700776437, 0.07695563251434552, 0.47152800065820855, 0.2860479397196815], [0.2808401328169621, 0.289831553219058, 0.24791679153223412, 0.18141152233174576], [0.31672482115103245, 0.3218103790770695, 0.2585869248811219, 0.10287787479077612], [0.25379229723921004, 0.19769054042912934, 0.3062212603778953, 0.24229590185376532], [0.12352691304666262, 0.1378197572175339, 0.6576176530067762, 0.08103567662902728], [0.334067528424049, 0.09571798287444756, 0.3968315183247391, 0.17338297027676428], [0.32019607422264496, 0.07725578088493641, 0.4112668190212113, 0.19128132577120732], [0.528009831852564, 0.16617754100091459, 0.1421544104672375, 0.1636582165792839], [0.4893531725907748, 0.1359060684320611, 0.2922888056300532, 0.08245195324711085], [0.3301566989319661, 0.20664893654981842, 0.20991850448900085, 0.25327585992921464], [0.27033189943456026, 0.1237796069475762, 0.48206945064572265, 0.12381904287214088], [0.13673376360561623, 0.06260486319660125, 0.5243122889657401, 0.27634908413204234], [0.15582363654210776, 0.0713440419217539, 0.6069015995603733, 0.16593072187576502], [0.3559937795039064, 0.1818558289097929, 0.18474117081176114, 0.27740922067453955], [0.2622735837178453, 0.14485696172542636, 0.4978469683901366, 0.09502248606659175], [0.24558670763739282, 0.38047792078956993, 0.14669077355476862, 0.2272445979182686], [0.3528098682823409, 0.3584648588284417, 0.20746701489995703, 0.08125825788926032]], "ideal": "C", "sampled": "C", "correct": true}}
{"type": "result", "data": {"idx": 9, "options": ["11%", "26%", "41%", "56%"], "probs": [[0.03838368834487565, 0.3214231395240964, 0.4192629111221312, 0.22093026090889673], [0.048353968662409486, 0.29623682738515256, 0.4517784038968083, 0.20363079995562966], [0.05662681709809554, 0.17996610379250447, 0.5995163909977834, 0.16389068801161652], [0.1050492591674685, 0.30880379443654055, 0.4155928461166409, 0.17055410017935008], [0.07473395408790273, 0.16071087958528946, 0.5880094476653189, 0.17654571856148893], [0.08565528136354833, 0.2328522108154844, 0.485383312773967, 0.19610919494700024], [0.121616293537983, 0.05835242041184686, 0.5625019878518593, 0.25752929809831077], [0.15885000816913702, 0.05753210880397732, 0.6091090780507233, 0.17450880487616224], [0.26753622689456974, 0.33825895690901486, 0.1388302912995013, 0.2553745247969141], [0.2616275172679009, 0.28738196824949197, 0.3633368204666383, 0.0876536939159688], [0.30672502971688853, 0.30202812403442336, 0.1803619888298452, 0.2108848573188429], [0.1802163842107982, 0.17197078208439262, 0.5639912997517559, 0.08382153385305328], [0.13300570546982968, 0.07697678184536465, 0.5601355903750301, 0.22988192220977552], [0.1937095109203755, 0.0782651258470754, 0.5185188937551484, 0.2095064693774007], [0.3932253717982934, 0.1718024760312893, 0.12376476823045952, 0.3112073838399578], [0.32915382065255266, 0.12690565556087072, 0.4716196568562684, 0.0723208668303082], [0.25211859122554436, 0.36688349193962483, 0.1288000811328846, 0.2521978356019462], [0.30027803328196456, 0.20004731116608074, 0.38567137139648844, 0.11400328405546625], [0.20226706127192562, 0.07211951541802761, 0.48534291528825646, 0.24027050792179033], [0.2785352932255261, 0.08105762785206054, 0.4889433972908906, 0.15146368153152273], [0.43289176670342105, 0.12210802931869713, 0.11295230925656947, 0.33204789462131235], [0.3363591161977796, 0.10419950897391941, 0.4972127561054554, 0.06222861862284559], [0.33195382105999266, 0.2246271056857556, 0.10612333485821114, 0.33729573829604054], [0.5149265834130454, 0.18361685772590636, 0.21470506276755616, 0.08675149599349208]], "ideal": "B", "sampled": "D", "correct": false}}
{"type": "result", "data": {"idx": 10, "options": ["23%", "38%", "53%", "68%"], "probs": [[0.09426853734602192, 0.18174305420978093, 0.4941569827438187, 0.22983142560037842], [0.08509795620478436, 0.15900062496862136, 0.4190670972365421, 0.33683432149005216], [0.10932335757138292, 0.1802717853841564, 0.5300513386929911, 0.18035351825146959], [0.10141130827494733, 0.18950308010308484, 0.565973196898136, 0.14311241462383187], [0.10155254083346282, 0.16229692462617504, 0.4923661758787192, 0.2437843585616429], [0.07808426930091737, 0.13283288977956959, 0.6541074622433342, 0.1349753785761789], [0.17652873868005933, 0.07474962809309696, 0.48765628871986194, 0.26106534440698176], [0.25842455797068564, 0.08656502027137745, 0.34791437824806487, 0.30709604340987207], [0.2299098704511966, 0.2774153392844444, 0.2731356065169368, 0.2195391836474222], [0.21216948869925273, 0.25600509688655565, 0.39040349164857824, 0.14142192266561338], [0.2771180395706655, 0.20598565960786688, 0.2905537615673454, 0.22634253915412214], [0.14360168681796118, 0.1267371634024093, 0.6048420116061267, 0.12481913807350281], [0.6143259864209346, 0.0678635373376201, 0.20585654213776747, 0.1119539340036778], [0.47129759007689387, 0.07694088150932925, 0.3672055951522372, 0.08455593316153967], [0.6790321851251365, 0.10415587076625311, 0.08910826275551174, 0.1277036812530986], [0.5575521240966723, 0.09539738722968043, 0.27611849943552164, 0.07093198913812564], [0.5864714848452364, 0.19651226258148005, 0.13506717676658653, 0.08194907570669704], [0.48040019029342695, 0.22001195786147726, 0.19722820228666096, 0.10235964945843484], [0.5842418335200059, 0.06658990978185612, 0.18681562780131675, 0.1623526287968212], [0.4997023231848042, 0.06869596088670266, 0.3128463257645225, 0.11875539006397069], [0.46702607069631963, 0.12376786398341774, 0.1470213041450195, 0.26218476107524313], [0.4638501163335405, 0.10679298081260757, 0.3448413132241549, 0.08451558952969704], [0.4870953261365169, 0.22658120093464015, 0.13531765340405552, 0.1510058194247874], [0.6267063710466119, 0.1824271556914286, 0.11597074739921809, 0.07489572576274141]], "ideal": "D", "sampled": "C", "correct": false}}
{"type": "result", "data": {"idx": 11, "options": ["5%", "10%", "15%", "25%"], "probs": [[0.34459147266641443, 0.3555209967495375, 0.13709047904055724, 0.16279705144349083], [0.22104247900313206, 0.2316284581025085, 0.2544427329543332, 0.2928863298400262], [0.16159247101110283, 0.22433781955886356, 0.4393211966212535, 0.17474851270878008], [0.20269953920599615, 0.4030902327545857, 0.22614587698975008, 0.16806435094966804], [0.14678327519046783, 0.2273306067458362, 0.4813557791026517, 0.14453033886104427], [0.15310542861447948, 0.14608376346058538, 0.43621915954643403, 0.26459164827850107], [0.15038921979386086, 0.41521586726280746, 0.21210476121853392, 0.22229015162479776], [0.1632234727692776, 0.450657927190032, 0.20960686786452656, 0.17651173207616386], [0.178656030955567, 0.12087725871324198, 0.501123934867103, 0.19934277536408798], [0.30071755344490425, 0.24928788095342064, 0.15847779336543213, 0.291516772136243], [0.17644011446737798, 0.10701173223940122, 0.5608116220625223, 0.15573653113069844], [0.14576034137817692, 0.10831045277592412, 0.4420757856368331, 0.30385342010906585], [0.2349856609618273, 0.33658176155625996, 0.2242468710876738, 0.20418570629423896], [0.20345172006549744, 0.20663879551244457, 0.4046442153433165, 0.1852652689787415], [0.3214997220500034, 0.3265437653766838, 0.0935733441543392, 0.2583831683189736], [0.31038790938134525, 0.35169762369453605, 0.16103893516837486, 0.17687553165574385], [0.26788330075446165, 0.12653014062569842, 0.33342510458473, 0.2721614539351099], [0.2797386091628867, 0.2144711496387699, 0.35366774128816003, 0.1521224998101834], [0.22442872303607383, 0.5300266864341935, 0.16166974647189042, 0.08387484395784231], [0.22280018029369136, 0.3560177683474243, 0.27730801698772634, 0.14387403427115794], [0.3332265043910892, 0.4346019955632751, 0.11699064161941722, 0.11518085832621848], [0.3084853337170947, 0.4559009142643424, 0.13063842251541796, 0.1049753294031449], [0.2895552558841122, 0.3603385144162226, 0.12455021029285145, 0.22555601930681377], [0.31681685220335903, 0.490696199605143, 0.10449098327496384, 0.08799596481653414]], "ideal": "B", "sampled": "A", "correct": false}}
{"type": "result", "data": {"idx": 12, "options": ["2%", "4%", "9%", "18%"], "probs": [[0.09335504213148582, 0.0672398617101949, 0.09336578586926585, 0.7460393101890535], [0.07643083709998065, 0.08525984987538353, 0.6400351714458338, 0.19827414147880207], [0.12055861383303342, 0.10311500135694457, 0.1244015861089042, 0.6519247986011178], [0.1073496022533835, 0.24191072484347764, 0.4737221268802571, 0.1770175459228817], [0.06335245355415657, 0.53045495730348, 0.2110228483625113, 0.19516974067985207], [0.06205839709360498, 0.48813492418515153, 0.30549788699595304, 0.14430879162529045], [0.12692169915490598, 0.06381867857175515, 0.09001081175081223, 0.7192488104225266], [0.08431721186365423, 0.049565297972465526, 0.7060874427860994, 0.16003004727778086], [0.13412279089127047, 0.06536375827975734, 0.07524453959971043, 0.7252689111292617], [0.17392779949902873, 0.18227327007675775, 0.48786605781201026, 0.15593287251220325], [0.09107179465193177, 0.6522666409634947, 0.15017217843736064, 0.10648938584721288], [0.10720705319768298, 0.5617551844881135, 0.23788152809954238, 0.09315623411466116], [0.1383777748916583, 0.066391656284597, 0.05859879578358444, 0.7366317729401602], [0.12243873518279047, 0.10309855431546357, 0.6122365316557766, 0.16222617874596928], [0.21107883749281575, 0.12603743373087312, 0.13210472463240416, 0.530779004043907], [0.16207138467875426, 0.1282035650987766, 0.5398528334024341, 0.16987221672003502], [0.10412863610175288, 0.5992307215902958, 0.12759864868447865, 0.1690419935234727], [0.13759053982227867, 0.5884209204700097, 0.1634151485472058, 0.11057339106050582], [0.2894581383500237, 0.17556010628612953, 0.221963571170809, 0.3130181840930378], [0.38366160364578505, 0.17564957103834758, 0.19294163870285197, 0.2477471865130154], [0.5978319777956006, 0.1823264400998665, 0.13764790006798672, 0.08219368193654612], [0.47986124511148354, 0.19387798921678853, 0.18215876273006243, 0.14410200284166547], [0.5026807225937684, 0.26078731013303313, 0.1053823314902776, 0.13114963568292093], [0.6124907640129161, 0.18974220468080724, 0.08963939413069257, 0.1081276370755841]], "ideal": "C", "sampled": "D", "correct": false}}
{"type": "result", "data": {"idx": 13, "options": ["minimum wage legislation", "land reform", "progressive taxation", "increased access to education"], "probs": [[0.30153944411377964, 0.4321914218189192, 0.0455552403831694, 0.2207138935841318], [0.34499864995757906, 0.31921502231113985, 0.0832752492208522, 0.2525110784104289], [0.022871726482540714, 0.008030790610438196, 0.7230725085643915, 0.2460249742426295], [0.039431973277951365, 0.004223096541512193, 0.043998113633438585, 0.9123468164470978], [0.05602532314722259, 0.06348546664697016, 0.6722655370784947, 0.2082236730273126], [0.21154208171163755, 0.10806462771471059, 0.03853521338475413, 0.6418580770888977], [0.013167989071750636, 0.8153264871029867, 0.02539462518452297, 0.14611089854073972], [0.02159844751437179, 0.7270516291847136, 0.06760446107464865, 0.18374546212626594], [0.01032478517712863, 0.012265001988227471, 0.7649492988730656, 0.21246091386157828], [0.12087305838718503, 0.013150520033541146, 0.12476676888558862, 0.7412096525936852], [0.004941497350486671, 0.03483994597818741, 0.8577891987674499, 0.102429357803876], [0.1819999597039628, 0.17102841394068619, 0.08600497669593078, 0.5609666495594202], [0.010934283080024268, 0.07650131863790781, 0.726095200961315, 0.186469197220753], [0.009922727462973633, 0.27249715972980637, 0.06371182493403406, 0.6538682877731858], [0.004243276053891936, 0.18334993598690572, 0.660383100906769, 0.15202368695243335], [0.015524778232861367, 0.3944603965695603, 0.06746332629453937, 0.522551498803039], [0.0015032723194441588, 0.024638229786427053, 0.5436218934029301, 0.4302366043911987], [0.0026215036225383267, 0.01568415480722578, 0.6073875659239768, 0.374306775546259], [0.0042759005002358874, 0.867810312280434, 0.059969600127705934, 0.06794418699162412], [0.0013068630084910047, 0.9184502169827486, 0.00832584203386174, 0.07191707787489864], [0.009222819713115813, 0.13554269554282591, 0.7445744316597445, 0.11066005298431379], [0.051102738631984154, 0.5163819770133364, 0.04878046344932204, 0.3837348208053573], [0.004023261977791406, 0.010935620795793084, 0.5269589016505851, 0.45808221547583033], [0.00889674452412016, 0.007975441050928128, 0.6046482763231191, 0.3784795380018326]], "ideal": "A", "sampled": "A", "correct": true}}
{"type": "result", "data": {"idx": 14, "options": ["36%", "56%", "76%", "96%"], "probs": [[0.37367430186381545, 0.42352226214523947, 0.14636444989482542, 0.05643898599611965], [0.33770370189338395, 0.38275288804676555, 0.10966093520027398, 0.1698824747595765], [0.13577866249413506, 0.2497630510282411, 0.5541875834017923, 0.060270702975831564], [0.2737642701993881, 0.3571258623335627, 0.14205864925489892, 0.2270512181121503], [0.1439335239961911, 0.09149173918917011, 0.6452112985565164, 0.11936343815812232], [0.14707391356890553, 0.08512180408566798, 0.581821696266338, 0.18598258597908857], [0.2520035225795298, 0.43553978524874204, 0.23312488369640658, 0.07933180837532158], [0.2605488416537346, 0.5182956688315985, 0.10366526708454066, 0.11749022233012622], [0.2660383562027733, 0.23481188537207634, 0.42524069226571787, 0.0739090660594325], [0.36987748962834993, 0.34754509121093463, 0.09651013488772, 0.18606728417299542], [0.16609785335429006, 0.06304505044034399, 0.6886049642660694, 0.08225213183929656], [0.21308164137645383, 0.06810671784713246, 0.5528070884926115, 0.16600455218380222], [0.22976161587812555, 0.355959558478433, 0.3504470523396123, 0.0638317732038291], [0.27303369477841977, 0.4364191255382857, 0.15319518166411894, 0.1373519979191756], [0.22658238263917166, 0.560962605800784, 0.1792834852587713, 0.033171526201272984], [0.23767417416370817, 0.5976776791790266, 0.07717921241535697, 0.08746893414190822], [0.19673703022607653, 0.0690629536123666, 0.6352387476751132, 0.09896126838644363], [0.16690456243781024, 0.0717852833875276, 0.6812069161595584, 0.08010323791510375], [0.03311731281129159, 0.45019870824261143, 0.3561364994730932, 0.16054747937300376], [0.029421738127065875, 0.3066259398491594, 0.4749828393557602, 0.18896948256801452], [0.04332545755621617, 0.44455799290354736, 0.3743683979495698, 0.13774815149066671], [0.03473627851629884, 0.4505803357834824, 0.39147842154658063, 0.1232049640536381], [0.04524416374907085, 0.43613152716868936, 0.35044642496077055, 0.16817788402146922], [0.036332394717883215, 0.5257499726689842, 0.3090662659236285, 0.1288513665895041]], "ideal": "B", "sampled": "B", "correct": true}}
{"type": "result", "data": {"idx": 15, "options": ["6%", "13%", "27%", "46%"], "probs": [[0.0059152581122297815, 0.02821718730616693, 0.5243197708293984, 0.4415477836522049], [0.01171340363592338, 0.03183631323946634, 0.4261026214953829, 0.5303476615292273], [0.0061201007763908065, 0.5095661414909528, 0.061821629967882846, 0.42249212766477356], [0.005239950873100695, 0.3478252544002816, 0.5825891917379591, 0.0643456028886586], [0.005003021759248844, 0.5783605858618254, 0.04898238662049373, 0.36765400565843204], [0.004199647136933885, 0.25580086038921773, 0.706441188680719, 0.033558303693129315], [0.0069156306316114835, 0.010627028099749098, 0.7689317229655465, 0.2135256182030929], [0.005047229673113135, 0.006135508060376959, 0.7318831810980989, 0.256934081068411], [0.006624408590014502, 0.4944490585244064, 0.012092325861146017, 0.486834206924433], [0.010162740401533563, 0.5593474720355001, 0.37846489201898054, 0.05202489544398578], [0.01652357231484727, 0.32169229372411506, 0.021894822126313385, 0.6398893117347243], [0.013466536530122062, 0.06324571588384037, 0.901082427467496, 0.022205320018541592], [0.09995467810890879, 0.020625095505066093, 0.05520983330040663, 0.8242103929856185], [0.01995601162049307, 0.012293990883402337, 0.932168676345244, 0.035581321050860565], [0.029656850875758384, 0.013366696908945163, 0.00476736220104176, 0.9522090899142547], [0.0453535389373203, 0.018039633930878457, 0.9111627422228307, 0.025444084808970566], [0.16445093365151664, 0.5146091869191791, 0.02770626379533129, 0.293233615533973], [0.2611511174301418, 0.5276197436775321, 0.07141107586280893, 0.13981806292951723], [0.08372533304948303, 0.025934794866801874, 0.05755349237351982, 0.8327863796101953], [0.04085214960360855, 0.03083533163191969, 0.8874515028696235, 0.04086101579484829], [0.083755972763196, 0.027617844138260846, 0.01549674483810678, 0.8731294381604363], [0.03825618340532948, 0.03766148178521735, 0.8985925349387196, 0.025489799770733578], [0.8906029719049711, 0.043655419115564344, 0.011391503132799121, 0.05435010574666548], [0.9606906940694617, 0.01732435294175755, 0.00805866359942529, 0.013926289289355439]], "ideal": "B", "sampled": "D", "correct": false}}
{"type": "result", "data": {"idx": 16, "options": ["34%", "49%", "64%", "79%"], "probs": [[0.15899363632381386, 0.34735495883790934, 0.3017849713794097, 0.19186643335886705], [0.1629262937260494, 0.24082901657925357, 0.15309781518974935, 0.44314687440494765], [0.08511868498898793, 0.1318423806822652, 0.6490918091374553, 0.13394712509129153], [0.11565631768743294, 0.15809888311613984, 0.33476514855139566, 0.39147965054503153], [0.10340927771359605, 0.08180474671957103, 0.5335849046229799, 0.28120107084385304], [0.09789777692021126, 0.0672864104335734, 0.5998695581532106, 0.23494625439300473], [0.36717415399417414, 0.15307626354767362, 0.3141547786004323, 0.16559480375771993], [0.36573991465546263, 0.14778764375648015, 0.1783003668279297, 0.30817207466012747], [0.30798883160815815, 0.25940374310413983, 0.2676560660230506, 0.16495135916465145], [0.34721542829310287, 0.3017493649233416, 0.21065597782460418, 0.1403792288589514], [0.2399313801271754, 0.08163448604798151, 0.4698981151237151, 0.20853601860112794], [0.13900353686256198, 0.060728549166921414, 0.7172397125693523, 0.08302820130116435], [0.2733752910547587, 0.07020915769741004, 0.5189122309032481, 0.13750332024458306], [0.32736975195240875, 0.06346558826128965, 0.3540654208459946, 0.25509923884030694], [0.45591578902027136, 0.33889810004938903, 0.10498318309739596, 0.1002029277329436], [0.45132925093140164, 0.25322615531774456, 0.18819009835201397, 0.10725449529883987], [0.43334697629709223, 0.13218209737031508, 0.25087333844507387, 0.1835975877875188], [0.2871525137579315, 0.11602385480907389, 0.45899689779327185, 0.13782673353972275], [0.32229522206207206, 0.12044156844560956, 0.29816479024429177, 0.2590984191480266], [0.21299615279667405, 0.09451865222216106, 0.3624220408090352, 0.3300631540721297], [0.379245132169946, 0.19373121855705816, 0.18201787767974284, 0.24500577149325303], [0.2852114183201998, 0.13264543014400096, 0.4703997443205557, 0.11174340711524353], [0.1683634991531615, 0.41034451734409844, 0.07020473584135771, 0.3510872475613824], [0.2567507162228895, 0.4950481910906204, 0.17107805010117724, 0.07712304248531289]], "ideal": "A", "sampled": "C", "correct": false}}
{"type": "result", "data": {"idx": 17, "options": ["62%", "72%", "82%", "92%"], "probs": [[0.9044994374019119, 0.044339662624199465, 0.03295541804120384, 0.018205481832684882], [0.7980747489677726, 0.08282425531445071, 0.04365193617230524, 0.07544905944547137], [0.5703881552360729, 0.06300610491021548, 0.33540291590325505, 0.031202823850456612], [0.7575374043926174, 0.06724126987000102, 0.0693867913244385, 0.10583453431294301], [0.6405260037794114, 0.04862884485938088, 0.2548497347448324, 0.055995416516375296], [0.6326644106767698, 0.05112938065893976, 0.22919065782478304, 0.08701555073950738], [0.9336817446230569, 0.032967646316420934, 0.019384244834061502, 0.013966364126460644], [0.9082822752565348, 0.04522746702183885, 0.01539072207989578, 0.031099535541730488], [0.8898056984961248, 0.03397106098152059, 0.062491426063274395, 0.013731814359080208], [0.7951629849556248, 0.07169460050488731, 0.039598622641565086, 0.0935437917979229], [0.7754573359037437, 0.03570956151071356, 0.14574149870955871, 0.04309160377598408], [0.5941672213867841, 0.06165654469304605, 0.2637224446025063, 0.08045378921766351], [0.426506452112054, 0.1670454231431776, 0.33228524268818527, 0.07416288195658309], [0.5612301062609767, 0.19399159566633334, 0.1071491060403395, 0.13762919193235043], [0.6826733273776421, 0.18093886767449363, 0.09535758834841661, 0.04103021649944765], [0.5312858144216058, 0.2510229609503217, 0.1079732833996731, 0.10971794112839929], [0.4075853288896392, 0.09681578123816939, 0.30297503323766295, 0.19262385653452843], [0.44673404093089725, 0.09076598285721063, 0.32185807820916246, 0.14064189790272963], [0.12470287830161482, 0.23667846697118594, 0.44229850512501245, 0.19632014950218676], [0.10723588534686579, 0.22005161476876514, 0.3153006112610362, 0.35741188852333283], [0.142554076635799, 0.2925559921650988, 0.36990044068423034, 0.19498949041487185], [0.10678887525308471, 0.2995374843109745, 0.40315604806617666, 0.19051759226976409], [0.16079962731182793, 0.2912350681500985, 0.26109699190321256, 0.28686831253486106], [0.23417182962256905, 0.34618694618419815, 0.24549116923413986, 0.17415005485909296]], "ideal": "C", "sampled": "B", "correct": false}}
