{"type": "result", "data": {"idx": 0, "options": ["a currency.", "a well-connected transportation infrastructure.", "government activity.", "a banking service."], "probs": [[0.19074553817825027, 0.6065815271301919, 0.1021482155265052, 0.10052471906505268], [0.1841674121409157, 0.5766247424409627, 0.06885547832671464, 0.17035236699140693], [0.0254608652511823, 0.02885215345909205, 0.8981115783668306, 0.04757540282289499], [0.032756327328713045, 0.012433168933638439, 0.011685172579859605, 0.943125331057789], [0.024499006604262543, 0.030969719885938857, 0.8641854475926356, 0.08034582581716297], [0.08258547441781183, 0.02023959295365725, 0.0360974470108191, 0.8610774855177118], [0.7741655475865836, 0.06256918422045911, 0.08165523910733376, 0.08161002898562351], [0.6979867375239134, 0.07711342893768316, 0.05644916123591241, 0.16845067220249108], [0.7003448548636544, 0.051536238604078514, 0.1337641650896712, 0.11435474134259589], [0.7542685843476798, 0.04530271143512526, 0.05641967712809368, 0.14400902698910123], [0.6917051826851937, 0.04089782478022987, 0.11300879968337432, 0.1543881927512021], [0.6937508194711617, 0.03914088164208865, 0.10482792714523949, 0.16228037164151016], [0.027786581980988517, 0.03739216453303065, 0.8649495613654508, 0.06987169202053008], [0.022492581599129743, 0.012039765512562787, 0.008408762372787476, 0.95705889041552], [0.31547528972265376, 0.3059238538722818, 0.20702757247743359, 0.1715732838276308], [0.31265276667329406, 0.32785817977487713, 0.07910498975916408, 0.2803840636926647], [0.06002284987888328, 0.018595160560517392, 0.038775051974346775, 0.8826069374862525], [0.05008996090947017, 0.03336796039873616, 0.6919702033017688, 0.2245718752900248], [0.018017766492005774, 0.03935386130135373, 0.8552931903389914, 0.08733518176764903], [0.024410535898020877, 0.01503900608562914, 0.014812392008575696, 0.9457380659077743], [0.09665505731115365, 0.5228627997540523, 0.22839703003859943, 0.15208511279619466], [0.11900622964196106, 0.5092928333176577, 0.10345324718732371, 0.2682476897530575], [0.021203354953200537, 0.012271508047536935, 0.02088491156422679, 0.9456402253350358], [0.02869385300472047, 0.03251510703712369, 0.7883890799054514, 0.15040195995270444]], "ideal": "B", "sampled": "B", "correct": true}}
{"type": "result", "data": {"idx": 1, "options": ["zero population growth.", "rapid growth rate.", "homeostatic plateau.", "demographic momentum."], "probs": [[0.0031032283574897786, 0.0013350987882048144, 0.003687610701968299, 0.9918740620523371], [0.0017282612869323765, 0.0017286621048695683, 0.9917283857884105, 0.004814690719787504], [0.0017192261882236835, 0.0030176233136568636, 0.0005718040243013542, 0.9946913463738181], [0.005406911461696341, 0.0046259672182485815, 0.9839278417329083, 0.006039279487146791], [0.0015091606976902283, 0.9967233466927796, 0.0004826832409156737, 0.0012848092686144814], [0.0022785918793050493, 0.9948831392598885, 0.0009141033144093628, 0.001924165446397101], [0.004651145164412805, 0.0018798607264741676, 0.003100410549325098, 0.990368583459788], [0.0015859011611608752, 0.0023810736444503555, 0.9915800140188253, 0.004453011075563452], [0.004050012322640275, 0.002134760899915717, 0.0014564554836852422, 0.9923587711937587], [0.0034974622666330635, 0.003286106537873825, 0.9858037208694955, 0.00741271022599761], [0.0011387934952536885, 0.9964645732269591, 0.0006699081029584264, 0.0017267250748287078], [0.0012998628927172818, 0.9959609114955663, 0.0007527765854571085, 0.0019864489262592325], [0.0017482158796457545, 0.0022449895631586722, 0.0003526978088052496, 0.9956540966483903], [0.002416106171839398, 0.0023240693826297324, 0.9906706802087133, 0.0045891441368175545], [0.0021747811865807636, 0.0008003175944585817, 0.0015676144447513956, 0.9954572866742092], [0.0012808941050116253, 0.0012811329892429245, 0.9888799410285076, 0.008558031777237815], [0.0019345701430615162, 0.9952184553443755, 0.0007347941860980859, 0.002112180226464885], [0.0012510820875248933, 0.99664190223358, 0.00040644938100692677, 0.0017005661978882227], [0.9996471514496673, 0.00015270738896644342, 4.114327302954129e-05, 0.00015899778833670017], [0.9995708973784178, 0.0001730152959425227, 5.534040164424535e-05, 0.00020074682399550398], [0.9995083846331818, 0.00018561548216422085, 4.626327356518663e-05, 0.00025973651108871415], [0.9994968039269273, 0.00020059538640673313, 5.117811440427325e-05, 0.0002514224722616417], [0.9995144704814736, 0.0001785019430348847, 4.553124426524673e-05, 0.0002614962312263166], [0.9996289512549877, 0.00016379822362985803, 3.2805595305496415e-05, 0.00017444482607694169]], "ideal": "D", "sampled": "D", "correct": true}}
{"type": "result", "data": {"idx": 2, "options": ["push factors.", "pull factors.", "distance decay.", "migration selectivity."], "probs": [[0.0016664329583096398, 0.0030893372026395407, 0.9938732864190338, 0.0013709433200170139], [0.004421376683865673, 0.007289510018213592, 0.00259998067680069, 0.98568913252112], [0.0011842966542111991, 0.9959922021305181, 0.0011660478525928485, 0.0016574532626778536], [0.000958393868010194, 0.9953035880994303, 0.0005951734593465996, 0.003142844473212845], [0.0052490751950641104, 0.0037224075739134997, 0.02076808951381109, 0.9702604276172113], [0.0018687865194508503, 0.0019895185211741737, 0.991331813773972, 0.004809881085403059], [0.0011556575206661242, 0.0025841948981102235, 0.9949908174942508, 0.0012693299869729088], [0.003507659842140154, 0.0057830752009177516, 0.002300923584431832, 0.9884083412725102], [0.0010214909392643478, 0.9964985654136999, 0.0007955923532348511, 0.0016843511938009607], [0.0007957654350406431, 0.9968117993259451, 0.0004226738242875365, 0.0019697613147266657], [0.003033861420555898, 0.0025951454385538756, 0.010266168788375774, 0.9841048242525144], [0.0012291399120584535, 0.0014597638694084985, 0.9941476315173635, 0.0031634646011695433], [0.9990635196930482, 0.0004480043551139783, 0.00014769740349081746, 0.00034077844834705937], [0.9989196642983148, 0.00041754318780574083, 0.00011412519123447745, 0.0005486672226449362], [0.9992062601673517, 0.0003355259028826313, 0.00010391420636291781, 0.00035429962340271875], [0.999384560317375, 0.00023069817187739642, 6.207242997001941e-05, 0.0003226689807775818], [0.999494840202687, 0.00021183423785171694, 6.259043873584242e-05, 0.0002307350207254793], [0.9996145830963934, 0.00014906072833727868, 4.508188829852606e-05, 0.00019127418697085255], [0.0020989324496455586, 0.0011324477576043145, 0.006267479549629941, 0.9905011401431202], [0.000603549065798807, 0.0011015612395539232, 0.9937649961978701, 0.004529893396777225], [0.001772875084370775, 0.0009945973808812094, 0.003753757094200742, 0.9934787703405473], [0.0005169934169516822, 0.001004417693828183, 0.9951596636730154, 0.003318925116204739], [0.0008888223615573557, 0.9980589681655269, 0.0002797222386772285, 0.000772487134238505], [0.0006556839710330865, 0.9985002144896885, 0.00023750008811974593, 0.0006066013511586269]], "ideal": "C", "sampled": "C", "correct": true}}
{"type": "result", "data": {"idx": 3, "options": ["First", "Second", "Third", "Fourth"], "probs": [[0.056495153397494835, 0.12337660190758225, 0.7325972559175274, 0.08753098867739553], [0.1377078813471413, 0.1159450993691348, 0.16610560685776038, 0.5802414123259635], [0.10425403868488076, 0.3365344454985261, 0.48973644504621444, 0.06947507067037867], [0.12814290629323039, 0.5311679760406526, 0.19541182820911385, 0.14527728935700315], [0.14110899811221697, 0.4848708202873076, 0.18989304838028315, 0.18412713312019224], [0.17744224829343258, 0.17468185272149953, 0.5640222169802156, 0.08385368190485232], [0.36510559776832785, 0.1620094918967843, 0.42026716309953993, 0.05261774713534789], [0.5563554763237589, 0.23929168281546445, 0.10454876719859817, 0.09980407356217841], [0.03296748622104508, 0.8503720949568062, 0.05877509843957744, 0.0578853202825713], [0.04041445491904407, 0.8118170226806951, 0.06983354452857196, 0.07793497777168881], [0.511936887691776, 0.1399459648008482, 0.2456709371061542, 0.10244621030122153], [0.1904482649699288, 0.05371400641004824, 0.6968192250787589, 0.05901850344126405], [0.5268705984633563, 0.1737343040356965, 0.25680329914797095, 0.04259179825297629], [0.6847800082933094, 0.14809627773809356, 0.10340108232815745, 0.06372263154043957], [0.3602760745234973, 0.5580277463162254, 0.04370991156450131, 0.0379862674957759], [0.35321715207429266, 0.4260612097995005, 0.1543276894360852, 0.06639394859012161], [0.2438287305873343, 0.532605294327861, 0.10652727712018409, 0.11703869786462062], [0.25680161285221365, 0.39774383295801957, 0.21627310560784976, 0.129181448481917], [0.41630064007577083, 0.31916738742257017, 0.16560625155127442, 0.09892572085038458], [0.3206433224692915, 0.14910138429484132, 0.43834801809901536, 0.09190727503685181], [0.22233642222138192, 0.5766745488393648, 0.05281370760932748, 0.14817532122992585], [0.10025962665254785, 0.1504970971455526, 0.6747075469424342, 0.07453572915946532], [0.09851478101566694, 0.8250382621910229, 0.026109481504960813, 0.05033747518834925], [0.14014784492197255, 0.7697054691752132, 0.029845452182972555, 0.06030123361984171]], "ideal": "A", "sampled": "C", "correct": false}}
{"type": "result", "data": {"idx": 4, "options": ["Most women work in agriculture", "The percentage of women economically active in the labor force declined worldwide", "The percentage of women in the total labor force declined", "Women spend more hours per day working than men in all regions except Anglo America and Australia"], "probs": [[0.24596443769856335, 0.1564303487382861, 0.20409215984687745, 0.3935130536162731], [0.1095689513588516, 0.03290344933741389, 0.8103861604380103, 0.04714143876572423], [0.20824410268107185, 0.07427462491993683, 0.32791308590988916, 0.3895681863891021], [0.08894355163479696, 0.03122559410791498, 0.8186788161665169, 0.06115203799077112], [0.16371860122720747, 0.38095099439679836, 0.2577234948780606, 0.19760690939793354], [0.15153349934493118, 0.35815995928043765, 0.22411252555990227, 0.26619401571472884], [0.3374640819260419, 0.10790483470175839, 0.21138952282733797, 0.34324156044486176], [0.14648909428773432, 0.04682797798558752, 0.7105558302122337, 0.09612709741444449], [0.3157939267469468, 0.13588365708596176, 0.10925529733317349, 0.43906711873391796], [0.25186530575281757, 0.0956214509835087, 0.5954002823301063, 0.05711296083356733], [0.16910482081215394, 0.5462338531303245, 0.1181171505823762, 0.16654417537514538], [0.20834882648337, 0.4847637387411294, 0.23256748843022537, 0.07431994624527527], [0.2759561620661678, 0.04039090991781296, 0.3895323094196694, 0.29412061849634985], [0.12637458928713954, 0.028645411557751528, 0.7165392147262484, 0.12844078432886052], [0.37945554222031025, 0.17112647250261995, 0.15348309505660962, 0.29593489012046015], [0.2384349632491166, 0.04587014999913976, 0.6590320866929462, 0.05666279995879743], [0.20295995320615146, 0.4948669634647, 0.0959189154415852, 0.2062541677875633], [0.30378897126665316, 0.4708345409322774, 0.14357546505294955, 0.08180102264811992], [0.25542196819181556, 0.06163858667620486, 0.4149580330356103, 0.26798141199636927], [0.22799420354470545, 0.05249714850854423, 0.382121056280071, 0.3373875915666793], [0.3452945700731477, 0.2449811882277898, 0.1684144015205531, 0.24130984007850942], [0.3091285962657818, 0.20602307642529355, 0.36742483228160067, 0.11742349492732389], [0.2830899845362476, 0.2745263760317322, 0.10585558378159615, 0.336528055550424], [0.2832262579044504, 0.287846780267931, 0.31617904412965064, 0.11274791759796796]], "ideal": "D", "sampled": "D", "correct": true}}
{"type": "result", "data": {"idx": 5, "options": ["safety.", "better climate.", "better schools.", "overcrowding."], "probs": [[0.10443704407922018, 0.006782838052930834, 0.05418158994800122, 0.8345985278198478], [0.04389548870528186, 0.013180355012258053, 0.8682534942141471, 0.074670661968313], [0.09363632600833845, 0.010673130725235156, 0.007108843482978803, 0.8885816996834476], [0.043597266144645236, 0.0244559904526313, 0.9037979082773846, 0.02814883502533882], [0.05308237461933744, 0.9123517554343165, 0.00807801193157865, 0.026487857914767415], [0.08436099508395067, 0.8794900069659808, 0.016875459390597886, 0.019273538459470694], [0.146962267816764, 0.02986255916221903, 0.21386163276835066, 0.6093135401526663], [0.0376713894372098, 0.020805144057884147, 0.8988351760701645, 0.04268829033474155], [0.1764955739576941, 0.0475129948130572, 0.05554034684607736, 0.7204510842831713], [0.054844477244195854, 0.020817165145313232, 0.8854475767265602, 0.03889078078393077], [0.10865778653276796, 0.8287550373941017, 0.02561188355366184, 0.03697529241946845], [0.0996337184767063, 0.8477738668482584, 0.028550489298261695, 0.024041925276773565], [0.19425456296294957, 0.022491585544823972, 0.026705682374495294, 0.7565481690177311], [0.05735096971714376, 0.024284891608871692, 0.8835777494899268, 0.03478638908405772], [0.14575622420900408, 0.015127737114382473, 0.08704252354482934, 0.7520735150317841], [0.05284980831650975, 0.010571113150565262, 0.8803199774726067, 0.056259100960318234], [0.07216728336805305, 0.8934643688996445, 0.014324341619062016, 0.020044006013240353], [0.04770659969625226, 0.9291630869927925, 0.007147730240888917, 0.01598258297006628], [0.9855132615966015, 0.0025405987557030616, 0.003418630166981571, 0.008527509380713935], [0.9905917753222462, 0.0020044787350365838, 0.0036296490833893644, 0.003774096759327838], [0.9738133453751215, 0.0036525139132600353, 0.01065157594844314, 0.011882564663175324], [0.9869079706045875, 0.002093010839504332, 0.005778731846304931, 0.005220286609603214], [0.991110697157077, 0.0025353513567646876, 0.0028064982449660324, 0.003547453141192296], [0.9926029081276794, 0.0020565274655479624, 0.001731744891737664, 0.0036088194150350043]], "ideal": "D", "sampled": "D", "correct": true}}
{"type": "result", "data": {"idx": 6, "options": ["Vietnam", "United Kingdom", "Germany", "Bolivia"], "probs": [[0.4830847526032862, 0.2014339328038106, 0.0568211095520988, 0.2586602049408044], [0.20202648502235718, 0.1501755814966903, 0.575748482152885, 0.0720494512280675], [0.502394860586891, 0.05818026204771929, 0.14855417773751473, 0.290870699527875], [0.24400185227935697, 0.04958874768706544, 0.6331325815963359, 0.07327681833724166], [0.18795706749967103, 0.14869840774014165, 0.5702740676937111, 0.09307045696647614], [0.30517785122224, 0.137583157596382, 0.385993885329236, 0.17124510575214194], [0.6880018607881819, 0.10390527390535816, 0.07255357395052206, 0.1355392912559378], [0.5398983640375894, 0.14310645311940037, 0.1926384519478948, 0.12435673079511544], [0.3611298826059914, 0.04314016582489869, 0.42238125515514724, 0.1733486963139627], [0.24860132293751314, 0.03996475874899237, 0.6155606049181513, 0.09587331329534314], [0.6732281947377774, 0.12853110792924438, 0.08301195374880262, 0.11522874348417565], [0.5736939096736198, 0.169625693184099, 0.0922491292470411, 0.16443126779524014], [0.4618350335767226, 0.11145013735744667, 0.22169211834973646, 0.20502271061609426], [0.43494926582548876, 0.13063726928604796, 0.25582896898128427, 0.17858449580717903], [0.18696604249322754, 0.05274437994553847, 0.5163730863031007, 0.24391649115813327], [0.09732673751305139, 0.048948081530865425, 0.7306689349875356, 0.12305624586854758], [0.6693355739640428, 0.08782598022950516, 0.07873576485632222, 0.16410268085012986], [0.4407987197614278, 0.12435046304225629, 0.2674787580517954, 0.16737205904452052], [0.26279985510463305, 0.1521220333405896, 0.49133934833650783, 0.09373876311826954], [0.4330554991279067, 0.11843859717006616, 0.312172828181714, 0.13633307542031314], [0.4641365395228685, 0.29057468012666593, 0.14167939665156484, 0.10360938359890078], [0.4907000216142375, 0.2841007922573663, 0.05016350596154252, 0.1750356800668537], [0.5611283611353876, 0.09757723367498372, 0.21988507447770578, 0.12140933061192295], [0.5191996809142118, 0.12337429350962474, 0.14425674401845076, 0.21316928145771274]], "ideal": "D", "sampled": "D", "correct": true}}
{"type": "result", "data": {"idx": 7, "options": ["Chain migration", "Cluster migration", "Circular migration", "International migration"], "probs": [[0.013871343584204533, 0.07616094889182082, 0.5990882822177642, 0.3108794252062104], [0.004579497455236297, 0.07332055942546797, 0.4286137914028358, 0.49348615161646], [0.00967305155313338, 0.25737065122193314, 0.01078934038097056, 0.7221669567439629], [0.007898652557487843, 0.5758028357737063, 0.36597607812089816, 0.050322433447907676], [0.0014088708251471017, 0.9820995307341843, 0.005234056753558022, 0.01125754158711059], [0.002908877068858821, 0.9729926309035951, 0.015480345588507641, 0.008618146339038431], [0.018905658202569363, 0.3299129294649923, 0.10709448117774249, 0.5440869310546959], [0.007741524035591811, 0.5822336770758865, 0.18899973051780972, 0.221025068270712], [0.006121311632591238, 0.860189956275295, 0.07514812415431578, 0.058540607837797944], [0.005107450906322273, 0.7233362931157131, 0.1588665742240984, 0.11268968165386625], [0.0012662761789135363, 0.9925416019847725, 0.0024985222948840854, 0.0036935994414298537], [0.0015133498516907006, 0.983412224392082, 0.007506833085166869, 0.007567592571060441], [0.2652374525493197, 0.14648865271003927, 0.03533894594657894, 0.5529349486940621], [0.417157609271626, 0.18225715577344404, 0.34047724905431137, 0.06010798580061863], [0.3996344833866918, 0.16661031417904235, 0.3261747925247615, 0.10758040980950435], [0.04665312629943079, 0.05806017774620036, 0.5339251855585482, 0.3613615102958207], [0.014509455737515282, 0.9708749916952252, 0.006907512198327218, 0.007708040268932363], [0.007968561418758112, 0.9654304015577689, 0.009462539675664008, 0.017138497247808967], [0.3510195481791418, 0.07832465773318302, 0.035303583912612825, 0.5353522100750623], [0.49257210075613006, 0.06771216566076327, 0.41480371506388825, 0.024912018419218404], [0.8024339822752404, 0.12499689356122627, 0.05050258800799218, 0.022066536055541094], [0.2869250603075957, 0.12534681704299963, 0.519569425556593, 0.06815869699281166], [0.03632900142148343, 0.951871758849263, 0.005484717001956051, 0.006314522627297455], [0.028680546332788596, 0.9499116560013465, 0.008477386504467227, 0.01293041106139765]], "ideal": "C", "sampled": "D", "correct": false}}
{"type": "result", "data": {"idx": 8, "options": ["Religious differences", "A national holiday", "An attack by another country", "A charismatic national leader"], "probs": [[0.845201056100821, 0.03434195664907396, 0.03544245208201515, 0.08501453506808988], [0.8235293012384606, 0.0314339897426829, 0.11503643429347622, 0.030000274625380314], [0.9331156788660948, 0.02565428849603823, 0.007238143726815243, 0.033991888811051724], [0.9706933787313511, 0.010451613946944414, 0.014068385006106597, 0.004786622215597907], [0.9682927826791324, 0.017459687812107102, 0.004450862067495173, 0.009796667341265256], [0.9755011751525323, 0.01286889900580126, 0.004179471828880225, 0.00745045391278622], [0.6406730842400997, 0.12418981727988651, 0.04865239141299219, 0.18648470696702157], [0.6502337551991658, 0.09970872996806496, 0.17238804953144748, 0.07766946520132176], [0.5567862328689366, 0.1595023554459636, 0.058703850292834, 0.2250075612922658], [0.41885359510861536, 0.11272491093622504, 0.40615893873389014, 0.06226255512126945], [0.7171017561913042, 0.21532521945383512, 0.02099881901763796, 0.046574205237222735], [0.627138082822567, 0.2739802619092387, 0.03172818594651176, 0.06715346922168247], [0.1728607676975816, 0.7165593946745563, 0.015106378729391148, 0.09547345879847097], [0.2985167884486268, 0.6420275151654037, 0.03456121406809002, 0.024894482217879446], [0.5818529561960701, 0.1318589100004682, 0.0851665500590385, 0.2011215836444231], [0.1624448597268738, 0.10325285046260181, 0.6951063870688561, 0.03919590264166833], [0.6377148968258736, 0.33087136013154356, 0.01303339045323875, 0.018380352489344092], [0.36181270518495273, 0.5874038135912293, 0.013814953149476328, 0.036968527974341574], [0.9929459696412399, 0.004972469529960917, 0.0009275231864657999, 0.0011540375423333487], [0.9896997677073908, 0.006774124598821028, 0.0015847598921945405, 0.0019413477015936232], [0.9783582344711905, 0.011570483040869715, 0.005467900814829961, 0.0046033815731098], [0.9704394302936641, 0.014735761067750383, 0.007529009107650203, 0.007295799430935326], [0.9898065542562171, 0.006669850360862624, 0.002034950334650244, 0.0014886449482699796], [0.9897250920766169, 0.006989276355123906, 0.0017135066085142221, 0.0015721248597450415]], "ideal": "A", "sampled": "D", "correct": false}}
{"type": "result", "data": {"idx": 9, "options": ["Mediterranean climate", "Limited forest cover", "Growth of manufacturing", "Access to trade routes"], "probs": [[0.017812943420649093, 0.020500391825812626, 0.018383160519204432, 0.9433035041343338], [0.012483542329151952, 0.036120248471434975, 0.9320604560099537, 0.019335753089459347], [0.009505013390280067, 0.017209783895947187, 0.0031595475858924474, 0.9701256550278803], [0.005518313074224135, 0.03770636741899111, 0.9431159768879557, 0.01365934251882904], [0.004661514010841977, 0.9911467545061597, 0.0023079191129880008, 0.0018838122700102883], [0.012905618132160786, 0.9784244045751862, 0.005380769862393123, 0.003289207330259925], [0.0195195045492823, 0.02045436253225867, 0.018923459895399525, 0.9411026729230595], [0.040724329427161254, 0.08226233668242035, 0.8442888633378813, 0.03272447045253712], [0.004540409301938864, 0.012340739960431208, 0.0021117785363232557, 0.9810070721013067], [0.0061540883071116185, 0.03596755219693301, 0.9428802020818952, 0.014998157314060182], [0.01888165669225239, 0.9686390039410371, 0.005850521879508454, 0.00662881738720206], [0.030423456219711292, 0.9466565036934106, 0.011460709637876773, 0.01145933034900132], [0.0019168126534071027, 0.0032857999707011656, 0.0011447270625082986, 0.9936526602133834], [0.0049536425756604024, 0.02185513893233876, 0.9592962942435028, 0.013894924148498015], [0.0011732887550792927, 0.0030667108640374404, 0.0008719867320302237, 0.994888013548853], [0.002474821736024871, 0.013694826122894547, 0.9758396533954937, 0.007990698645586797], [0.0018169734354286581, 0.9942718126402509, 0.0018029567978808249, 0.0021082570264395785], [0.002259448412735864, 0.993511084806288, 0.0021227460907068374, 0.0021067205902692257], [0.9888873385944752, 0.007433015136564599, 0.002249653981792671, 0.001429992187167483], [0.9844384092837875, 0.009353922949420964, 0.004704121633032029, 0.001503546033759604], [0.9835222611430322, 0.013386587829771781, 0.0018841366270643623, 0.001207014300131674], [0.9798408444066973, 0.013976221553598083, 0.004433203081980008, 0.0017497308577246508], [0.9800462934407875, 0.01739756030138234, 0.0016829685254169, 0.0008731776324132165], [0.9779438927717838, 0.01936635061859565, 0.0017327434644929317, 0.0009570130451275735]], "ideal": "D", "sampled": "D", "correct": true}}
{"type": "result", "data": {"idx": 10, "options": ["high birth rates with high but fluctuating death rates.", "declining birth rates with continuing high death rates.", "low birth rates with continuing high death rates.", "high birth rates with declining death rates."], "probs": [[0.9555158124533232, 0.005596179810040796, 0.007187340522532092, 0.031700667114103936], [0.37445871030506334, 0.010961420251077108, 0.6082353268426635, 0.006344542501196114], [0.9041249420951835, 0.009890993042782627, 0.041657030035978, 0.0443270347260559], [0.1838726270970476, 0.009299971257616866, 0.7993537864713572, 0.007473615073978242], [0.974656508865607, 0.0165193088731831, 0.004447139544716672, 0.004377042616493247], [0.9573740326498696, 0.024356491770556918, 0.005027485060831753, 0.013241990418741656], [0.6166056257320964, 0.1584202765083051, 0.02467978184272775, 0.20029431581687074], [0.4269769215174161, 0.06248744238933093, 0.49177199872008376, 0.01876363727316921], [0.12789171969841973, 0.02292909398692524, 0.7598754495509007, 0.0893037366637543], [0.04183418519994307, 0.011260232467559765, 0.9379965908633728, 0.008908991369124269], [0.10819414865948421, 0.8790990598851537, 0.005223926090557205, 0.007482865264804896], [0.1193866154716538, 0.8695465586229962, 0.004930646095840516, 0.006136179709509449], [0.6619985300236115, 0.17276937282650634, 0.06981365590034128, 0.09541844114954084], [0.33823721167675447, 0.132487011549615, 0.49248501192705535, 0.0367907647465752], [0.45587196941585384, 0.16517931221263857, 0.2441307604068766, 0.134817957864631], [0.09615602791074358, 0.042010920211705494, 0.8443184291247869, 0.01751462265276398], [0.16640580940958052, 0.8073025820743993, 0.010316176185229318, 0.015975432230790832], [0.21433588807393777, 0.7608574542217331, 0.013081697691676763, 0.011724959912652294], [0.9956717691783791, 0.0023388762492012657, 0.0009675626261609847, 0.0010217918462587002], [0.9892496144340371, 0.0034605156434168545, 0.001673580442046917, 0.005616289380499034], [0.9965100967547608, 0.0019106948907585005, 0.0008817458948084577, 0.0006974623596722848], [0.9961721876414222, 0.0020014992873481517, 0.0007717523242134228, 0.0010545606470162292], [0.99521171886094, 0.002031043401436389, 0.0015818530202467355, 0.0011753846173768808], [0.9872095099735366, 0.00286330861986365, 0.007783186713670998, 0.002143994592928676]], "ideal": "A", "sampled": "D", "correct": false}}
{"type": "result", "data": {"idx": 11, "options": ["Crude birth rate", "Replacement level", "Mortality rate", "Total fertility rate"], "probs": [[0.005923215375103253, 0.9507936360047402, 0.0027986972482703432, 0.04048445127188621], [0.006483564267392786, 0.955104248639594, 0.029753704147530344, 0.00865848284548286], [0.006506132260321427, 0.004008450442307823, 0.8794173372179237, 0.11006807997944702], [0.002467089117369651, 0.004608973427884895, 0.787477856519072, 0.2054460808356735], [0.0028428462454936853, 0.8134518629893422, 0.17591565345943325, 0.007789637205730806], [0.0026095827037724926, 0.9006353524622368, 0.0032990904829012127, 0.0934559742510895], [0.6450636459819661, 0.04254751328065855, 0.002764552630082637, 0.3096242880072928], [0.6306473829469066, 0.049395488409632135, 0.307465504243234, 0.012491624300227334], [0.5116046900517405, 0.01321539189127388, 0.05742380733566806, 0.4177561106213176], [0.40783350726516787, 0.01848779711532959, 0.5576142352552109, 0.016064460264291563], [0.6520117684026735, 0.343693948793134, 0.0017901664807073964, 0.0025041162234850614], [0.482378328945953, 0.5136860874655023, 0.0011328507102031091, 0.0028027327783415744], [0.003193077342386307, 0.037117048446154155, 0.9426939917944992, 0.016995882316960288], [0.0015363423120212944, 0.017039164292061988, 0.5059609785488204, 0.4754635147470963], [0.002357503924411035, 0.8729569802319487, 0.004689295891993836, 0.11999621985164638], [0.003134017923744569, 0.9621309390475961, 0.022625016868064472, 0.012110026060594909], [0.00130035823000623, 0.6378155431723956, 0.0030473706234005627, 0.3578367278741976], [0.0011368398172331036, 0.7802952265605221, 0.21331035373539034, 0.005257579786854423], [0.18308669899947178, 0.022212207955580338, 0.7831763910877056, 0.011524701857242239], [0.7422224848989114, 0.017457329126295863, 0.002964258409492978, 0.23735592746529977], [0.07309378869688225, 0.9191733491877931, 0.002948115820007353, 0.004784746195317296], [0.05616601806889223, 0.9357036744658083, 0.0023009760270409677, 0.005829331338258578], [0.7364101305670061, 0.009271334906414465, 0.011361680775777074, 0.2429568536508024], [0.49573162239278, 0.010451514282570492, 0.4806037251176306, 0.013213138107018907]], "ideal": "B", "sampled": "B", "correct": true}}
{"type": "result", "data": {"idx": 12, "options": ["Islam", "Christianity", "Hinduism", "Buddhism"], "probs": [[0.2331862738749168, 0.05122556145265461, 0.5096170286711419, 0.2059711359012867], [0.36718232256635075, 0.10357829413819818, 0.32934094208182757, 0.19989844111362345], [0.7096165855350042, 0.23769930961513314, 0.01618248560454954, 0.0365016191453131], [0.40475854388893584, 0.4732198081766097, 0.05480869843499165, 0.06721294939946282], [0.7983037225119575, 0.15237060173532807, 0.012512174422055801, 0.036813501230658664], [0.6718858284210318, 0.23957391018700433, 0.03243695392504536, 0.056103307366918424], [0.0027859354749066503, 0.889130082488287, 0.03502589844362342, 0.073058083493183], [0.002410799300590466, 0.9208723442955684, 0.016868334513234093, 0.059848521790607054], [0.011122524488591719, 0.4655825689211737, 0.41763242141527956, 0.10566248507495497], [0.00782783949986323, 0.22874194955409988, 0.023744109064763232, 0.7396861017812737], [0.008180693714824423, 0.43973585917898256, 0.3822970684400332, 0.16978637856615983], [0.0039359212181165944, 0.04610453049569608, 0.007890026510482982, 0.9420695216757043], [0.01003848909153051, 0.9545511833959327, 0.013300599952458646, 0.022109727460078114], [0.011594747829106772, 0.9140237475086549, 0.03227194203117807, 0.04210956253106027], [0.012098300416002851, 0.020417355246127884, 0.8552926881489983, 0.112191656088871], [0.006452551988171595, 0.02199801225183147, 0.06368219053374832, 0.9078672451262486], [0.02688592611011998, 0.2758064100152869, 0.4920637836217454, 0.20524388015284772], [0.019521713327607815, 0.3301773083258948, 0.012908335821933412, 0.637392642424564], [0.004153346279279994, 0.9698662400220677, 0.00928773940087094, 0.01669267419778137], [0.0049790140252041265, 0.9489080794020234, 0.0219724199174411, 0.024140486555331395], [0.007916981871983907, 0.015499558421187547, 0.7590571841330217, 0.21752627547380687], [0.0027252522355470455, 0.008659782054611147, 0.09027996832841598, 0.8983349972814259], [0.014444300123192042, 0.29930682350701315, 0.5016216364242918, 0.18462723984550303], [0.008229265034656952, 0.28557908691727624, 0.009474918298266966, 0.6967167296497998]], "ideal": "A", "sampled": "A", "correct": true}}
{"type": "result", "data": {"idx": 13, "options": ["redline area.", "threshold.", "range.", "hinterland."], "probs": [[0.004733319254997523, 0.017052575629050434, 0.0014341729024285894, 0.9767799321135234], [0.0021327985200202196, 0.01199378711058743, 0.9830692295041665, 0.002804184765225829], [0.002631630660014904, 0.002613044954510227, 0.003832310542115317, 0.9909230137433596], [0.0009515682249008293, 0.001710840345068701, 0.9961056479848385, 0.0012319433451919968], [0.0006157529546076158, 0.9986883351931394, 0.00027552226915380444, 0.0004203894830992035], [0.0006816147888941167, 0.9986652313385698, 0.00028207169818784706, 0.0003710820743481949], [0.0028969595672447782, 0.002854128738467661, 0.0009344783479509135, 0.9933144332463366], [0.0012591161133995137, 0.0020775764418599616, 0.9950204868751477, 0.001642820469592796], [0.003060040672718058, 0.0022939023236020336, 0.001172361484528783, 0.9934736954191511], [0.0013001276088525848, 0.001751070471541406, 0.9955858400934791, 0.0013629617261269665], [0.001644802605835672, 0.9971617539161161, 0.00038478106391771303, 0.0008086623141305865], [0.0020949289033533876, 0.9969585763086616, 0.0003728790836584617, 0.0005736156043265575], [0.00141384264487419, 0.002581930432840554, 0.001248889689393616, 0.9947553371328917], [0.000928784768099207, 0.002373439297123298, 0.9953873098282436, 0.0013104660065338604], [0.0018708690732502082, 0.0035249015849870935, 0.0008510981606278712, 0.9937531310811348], [0.0012773703563876107, 0.003727537050010884, 0.993547064845349, 0.0014480276482524454], [0.0011055918626257353, 0.9981060257467377, 0.00030477591982461423, 0.0004836063708120045], [0.0014527548731227342, 0.9978175433798149, 0.0003192919916892696, 0.0004104096553731614], [0.9999040896422653, 5.6301439407145545e-05, 1.841520231725526e-05, 2.1193616010316448e-05], [0.9998968433609602, 6.23349417787079e-05, 1.961150920557323e-05, 2.1210088055490466e-05], [0.9998586811181724, 8.783284112486036e-05, 2.4970791618367835e-05, 2.8515149084364107e-05], [0.9998427379100165, 0.00010274606154323964, 2.640131830469056e-05, 2.8114610135481267e-05], [0.9997892927143445, 0.0001277416083119493, 3.808288810661503e-05, 4.488268923692005e-05], [0.999772536223794, 0.00014363553603567378, 3.9610265464561014e-05, 4.421787470572106e-05]], "ideal": "D", "sampled": "D", "correct": true}}
{"type": "result", "data": {"idx": 14, "options": ["the central city and its developed areas.", "the central city and its surrounding suburbs.", "the central city and its hinterlands.", "the central city and the adjacent counties."], "probs": [[0.0690876214544996, 0.7089901248853158, 0.13320113121722205, 0.08872112234296256], [0.07087995111233492, 0.5845028757464509, 0.18976372478494818, 0.15485344825626607], [0.015642816317960048, 0.019164518084671987, 0.9385817642755252, 0.02661090122184273], [0.10212653950419888, 0.07707577255398988, 0.13327354290697557, 0.6875241449348357], [0.01665152995667963, 0.015399606094642481, 0.9387219625969446, 0.029226901251733207], [0.17508122844975452, 0.08802765869296451, 0.38861007652598967, 0.34828103623129125], [0.48251341585882673, 0.42599727305970136, 0.04931276474820047, 0.04217654623327141], [0.34235790623547774, 0.4131301969854925, 0.1384112845104453, 0.10610061216858442], [0.6727997208816733, 0.06660830527269282, 0.22547550475369524, 0.03511646899193863], [0.6362376185231804, 0.10384812388407931, 0.15601140163870805, 0.10390285585403226], [0.2221618890540167, 0.0626583248314188, 0.6534732579531464, 0.06170652806141815], [0.46575772553541145, 0.11235394997390814, 0.3357143303842005, 0.08617399400647986], [0.0315573675053126, 0.10186154342507296, 0.801814552919458, 0.06476653605015642], [0.08759268372375034, 0.43129307027318536, 0.11791629343045766, 0.3631979524726066], [0.037623460911660155, 0.6776495499493957, 0.2098922109778565, 0.07483477806108756], [0.04141739058912921, 0.6899635251322571, 0.12176503777379394, 0.14685404640481972], [0.08274466106752101, 0.09825226284520772, 0.491596508408967, 0.3274065675783043], [0.015016882966841531, 0.020204671722292566, 0.9298576909366096, 0.03492075427425626], [0.0228483676362723, 0.16110032935037497, 0.7691542456797609, 0.04689705723359186], [0.032550936726529534, 0.6439200303250345, 0.1706135183827239, 0.15291551446571203], [0.020854365855395247, 0.590935311814734, 0.3473688791109777, 0.04084144311889299], [0.022300765746865518, 0.7049546503671371, 0.20511532591896964, 0.06762925786702771], [0.07458304668651529, 0.36151874331136435, 0.3849348156136893, 0.17896339428843103], [0.01960113111103564, 0.06131712264027665, 0.8742062796969537, 0.04487546645173397]], "ideal": "B", "sampled": "B", "correct": true}}
{"type": "result", "data": {"idx": 15, "options": ["Buddhism", "Christianity", "Islam", "Hinduism"], "probs": [[0.03937434434030854, 0.14402449236878326, 0.06194514081711864, 0.7546560223737896], [0.04474944810030921, 0.13570418396447298, 0.28282659084094847, 0.5367197769942693], [0.04174816576906666, 0.07327140067327892, 0.16771829001628333, 0.7172621434413711], [0.05823937542574161, 0.09753623912836205, 0.26512284879166254, 0.5791015365542338], [0.03742652413937594, 0.717307096031901, 0.06671668638155781, 0.17854969334716528], [0.0343791490388793, 0.4389230274073265, 0.08778519705759989, 0.43891262639619427], [0.0458309178038916, 0.24391769506363664, 0.09702531500374043, 0.6132260720287314], [0.04038500785423787, 0.232401207066184, 0.2116026729133719, 0.5156111120662062], [0.06180544822737892, 0.2482958388499509, 0.09424318758452402, 0.5956555252381461], [0.036157573288721004, 0.20807335571108151, 0.08406873509706811, 0.6717003358031294], [0.04165169363374697, 0.36549837618944836, 0.3126126036238737, 0.2802373264529309], [0.03108613461028906, 0.28810821994875435, 0.15910158516397657, 0.52170406017698], [0.08091105399349274, 0.20341062240636815, 0.17129569988779358, 0.5443826236123456], [0.10025544911762393, 0.2856039234235155, 0.1577289472837499, 0.4564116800751107], [0.07076249270923615, 0.3650172948472263, 0.07300939410194818, 0.49121081824158935], [0.05620157308025852, 0.39012181100054355, 0.08306313800357468, 0.47061347781562324], [0.07912181552816411, 0.40815786739552967, 0.15251382148272008, 0.36020649549358613], [0.028198833770495677, 0.1988188125302319, 0.056962324677909376, 0.7160200289213631], [0.06664279077786311, 0.7747236460614205, 0.048756185732539835, 0.10987737732817651], [0.061442490432069355, 0.5064823608097503, 0.08398006079258627, 0.34809508786559407], [0.06048809590619087, 0.13846840266700744, 0.4986115266328692, 0.3024319746939325], [0.0399048009524554, 0.16800639645531984, 0.09572431689981364, 0.6963644855924112], [0.08954365950867625, 0.17808393438244913, 0.26318175774483515, 0.46919064826403944], [0.0488384187865045, 0.13697316424828965, 0.15043047662479536, 0.6637579402404105]], "ideal": "D", "sampled": "A", "correct": false}}
{"type": "result", "data": {"idx": 16, "options": ["World cities contain the headquarters of many transnational corporations.", "World cities are well connected to secondary-level world cities.", "World cities contain many offices of multinational organizations.", "World cities are found only in the northern and western hemispheres."], "probs": [[0.012080776771471843, 0.004444330686058181, 0.00804839145790852, 0.9754265009845614], [0.004009496524776692, 0.008421525577919987, 0.9147985815220834, 0.07277039627521992], [0.0067231396175268495, 0.001023122835733449, 0.009334256194554955, 0.9829194812521848], [0.005065707067319997, 0.0021788713242119227, 0.9070637303338799, 0.08569169117458823], [0.0004273535931327438, 0.9544393193153363, 0.012988047365305911, 0.03214527962622501], [0.0008844689050161267, 0.9331047605480236, 0.023721741344387787, 0.04228902910257252], [0.021380579689309488, 0.002307041844713295, 0.008115780763861772, 0.9681965976021154], [0.006151529220320018, 0.003069084698785839, 0.9276638915549341, 0.06311549442595997], [0.026817903465103397, 0.0024751765832013127, 0.010022190837425468, 0.9606847290142698], [0.004510022560772482, 0.002692938699241607, 0.9295484137023733, 0.06324862493761266], [0.0009163040957003383, 0.9442351162457908, 0.021519311451675342, 0.03332926810683348], [0.0013845032612413736, 0.9283832298805479, 0.024736736484573557, 0.04549553027363714], [0.011163904798629278, 0.0014875968222658586, 0.012849990534703492, 0.9744985077444014], [0.0067090545241508814, 0.0033473951933613594, 0.9211106865614669, 0.06883286362102081], [0.018794397161617057, 0.004605885195449616, 0.012135635304077802, 0.9644640822388555], [0.004583253689075954, 0.007795694097221984, 0.9300045703587285, 0.05761648175497355], [0.0009152934061877454, 0.9359262574841701, 0.02572626036343041, 0.03743218864621169], [0.00043761487689405353, 0.9547110551381143, 0.013196129121234298, 0.031655200763757364], [0.9923828683461741, 0.0009267537191628957, 0.003110446826019202, 0.003579931008643817], [0.9873490528616127, 0.0015440736270202356, 0.0039120920276306, 0.0071947813837365026], [0.9804271641470476, 0.002587692935605574, 0.007371583642106804, 0.009613559175240061], [0.9837785923901925, 0.0014795472326621718, 0.00622876638171572, 0.00851309389542957], [0.9866011289854156, 0.001519010565974873, 0.004226845031126822, 0.0076530153174826565], [0.9918278418118851, 0.0008433561199206862, 0.003013058036709952, 0.004315743931484262]], "ideal": "D", "sampled": "D", "correct": true}}
