{"type": "result", "data": {"idx": 0, "options": ["essential to our existence", "unimportant to most people", "not essential to our existence", "rarely viewed"], "probs": [[0.034248196694972456, 0.020136842826955683, 0.9264033920461778, 0.019211568331894066], [0.259341165954236, 0.09106806462498175, 0.2720053357809178, 0.37758543353986446], [0.019815498508878624, 0.9552907128751315, 0.007406233174495445, 0.01748755534149444], [0.026734657632744595, 0.928351880756228, 0.024731133176765202, 0.020182328334262218], [0.29164365195140224, 0.09926314471571449, 0.03769422343608948, 0.5713989797967938], [0.016606370456184787, 0.03516214790905936, 0.9362702776073886, 0.011961203927367294], [0.01820666899889559, 0.015334310925583523, 0.9493552436574442, 0.017103776318076736], [0.30323997136898323, 0.11878444253210502, 0.4346876143974492, 0.14328797160146253], [0.09432236061958695, 0.0333868550764057, 0.8290973922598807, 0.04319339194412669], [0.2870549794566034, 0.08103738643470097, 0.20701770688903504, 0.42488992711966056], [0.18694551523760872, 0.10168515207967785, 0.048051517955149725, 0.6633178146275637], [0.21553061820076322, 0.037472974365655776, 0.016768105263940167, 0.7302283020696408], [0.8194999771062363, 0.15896635239312346, 0.012846240890283384, 0.008687429510356847], [0.8231558568933407, 0.14541200885737895, 0.01791578853558996, 0.013516345613690396], [0.08105661777327246, 0.007424449849480642, 0.8999323677360314, 0.01158656454121557], [0.811495590814002, 0.008881338469173793, 0.05703309517725763, 0.12258997543956658], [0.3854778372718312, 0.06006082463352268, 0.5273941109603554, 0.0270672270342907], [0.8894488479633437, 0.02816433915703998, 0.00819991180814497, 0.0741869009714714], [0.2682321787312099, 0.18154677068325836, 0.29014663202304775, 0.26007441846248397], [0.01251180748096178, 0.015095588735568835, 0.9639266123367218, 0.008465991346747595], [0.17681006558527523, 0.03650025914243657, 0.3057505098945964, 0.4809391652776918], [0.15148475426072286, 0.017139270516873518, 0.03658250637174754, 0.794793468750656], [0.041454981911467015, 0.01840111443429614, 0.9297439193870141, 0.01039998416722275], [0.2803424878864023, 0.17558294434812782, 0.019704377166608344, 0.5243701904988615]], "ideal": "C", "sampled": "C", "correct": true}}
{"type": "result", "data": {"idx": 1, "options": ["the state", "the justice system", "the body", "the soul"], "probs": [[0.0017630317504763549, 0.0016564025375150526, 0.0009968906725015883, 0.995583674939507], [0.0011969894936097285, 0.0038639932727197045, 0.9910144650735037, 0.003924552060166871], [0.0006556903462964169, 0.0005436718528269528, 0.00023201003976533902, 0.9985686276611113], [0.0022464352103213387, 0.006919521666960509, 0.9877395385120479, 0.0030945045106703047], [0.001863467122300533, 0.9961052916907589, 0.0005683584723091955, 0.0014628826146313228], [0.002178548377972547, 0.9961091445972986, 0.0005818259070122281, 0.0011304810177166602], [0.001268637491078073, 0.0032145381178294305, 0.0008452347882772422, 0.9946715895028152], [0.0011551265738493084, 0.007955557438090803, 0.9867297723443342, 0.004159543543725655], [0.001021516175584535, 0.001440702610124658, 0.0007711987826466311, 0.9967665823316442], [0.001370691668740205, 0.00873092378381511, 0.985932248022794, 0.003966136424650652], [0.0009078141466117828, 0.9957054395157494, 0.0008799042147726234, 0.0025068420228661807], [0.0008877353368576759, 0.99674928483884, 0.000664903591209649, 0.0016980761330926879], [0.0005310036294151114, 0.0005878471411304631, 0.0002842642993330296, 0.9985968848301213], [0.001225479744684914, 0.004846814019765253, 0.991078481919618, 0.002849224215931772], [0.0005648617330154418, 0.0006867870587788814, 0.0007661367954363093, 0.9979822143127693], [0.0006183325516937107, 0.002124756444680981, 0.9944641577952205, 0.002792753108404814], [0.004758526792205308, 0.9883428079178723, 0.0023929100664226025, 0.004505755123499738], [0.0029203167369153227, 0.9922172331467596, 0.0015270223228112407, 0.0033354276935138993], [0.996325266606356, 0.0021797209312945046, 0.0004327135737272634, 0.0010622987886222067], [0.9973658632709722, 0.001739757551174285, 0.0002931378464722408, 0.0006012412313812173], [0.9961202356419995, 0.002162370643920446, 0.0005867674023806803, 0.0011306262116994137], [0.9970972191086654, 0.0018227269704525419, 0.0003882206375683624, 0.0006918331833136537], [0.9978828047753397, 0.0012057622919940437, 0.000295611483086866, 0.0006158213495793761], [0.997731537010259, 0.0012245351021496894, 0.0003296985905751025, 0.0007142291970162066]], "ideal": "D", "sampled": "D", "correct": true}}
{"type": "result", "data": {"idx": 2, "options": ["right action", "good consequences", "happiness", "a good will"], "probs": [[0.005293686419267037, 0.00044503176558524724, 0.0009492188711310587, 0.9933120628440166], [0.004600352349874916, 0.0008850140816055369, 0.993480149863683, 0.001034483604836512], [0.004823693120417945, 0.000623098349651116, 0.0004851956260626821, 0.9940680128038683], [0.0196339648173689, 0.00296455959650251, 0.9761265739761437, 0.0012749015099848707], [0.0383451577344877, 0.9588509781555863, 0.00115804628445566, 0.001645817725470383], [0.04194601410469939, 0.9550785185565512, 0.0015400564877380853, 0.0014354107510112313], [0.0008466800784984814, 0.9656249209840412, 0.0015093335065921678, 0.03201906533086823], [0.002255787041867036, 0.9465156971078249, 0.04937296514925956, 0.0018555506010484435], [0.0004874034785567743, 0.0006508959148562286, 0.5344996176359472, 0.4643620828706398], [0.0025415081040945317, 0.0018887498611742859, 0.99385016066766, 0.001719581267071252], [0.0059044779628082255, 0.9931967756672088, 0.0004178251215080075, 0.0004809211484749971], [0.0062777741849519425, 0.9920582195856635, 0.0008904105165046738, 0.0007735956128798813], [0.0012556691597953664, 0.5145798302559689, 0.0007857942802200236, 0.4833787062040157], [0.006060499487059993, 0.7938972449289693, 0.19759357806285188, 0.0024486774211188115], [0.0006163151073659049, 0.0011426253391501706, 0.5264000257152859, 0.47184103373819797], [0.0036314892162785484, 0.0028728240476953147, 0.9914266137824563, 0.002069072853569824], [0.012802987059563203, 0.9859992751979415, 0.0005942007703389754, 0.0006035368721563098], [0.010612014393426595, 0.985807451704269, 0.0012675309210135632, 0.0023130028812909124], [0.9995622867823222, 0.0003328665504383575, 3.5092691722028956e-05, 6.975387551746654e-05], [0.9996031490240508, 0.00029611886052883905, 3.621356358483874e-05, 6.451845183550531e-05], [0.9995480738703241, 0.0003354871374843581, 3.677730404748451e-05, 7.966158814413055e-05], [0.9991812981176319, 0.0005073549226007597, 5.025208422891197e-05, 0.00026109477553843324], [0.9996936125377485, 0.00023425333616001586, 2.2662946786795676e-05, 4.947107930474657e-05], [0.9970959896980001, 0.0012048294152195032, 0.00012801471007062087, 0.0015711660767098394]], "ideal": "D", "sampled": "D", "correct": true}}
{"type": "result", "data": {"idx": 3, "options": ["found in everyday objects", "nonexistent", "everywhere in the natural world", "not of this world"], "probs": [[0.004022169012648995, 0.008514853375896208, 0.9691541997589957, 0.018308777752459048], [0.008449856091441173, 0.009879429549662333, 0.932278161655607, 0.0493925526032896], [0.10011718494893301, 0.33878166188611086, 0.04443608671038455, 0.5166650663545715], [0.04943711756326781, 0.05022219270296629, 0.8630221017782458, 0.03731858785552006], [0.003394151884445819, 0.9712721336822322, 0.0048623812592150945, 0.0204713330741069], [0.0036623661023747938, 0.9768274821220985, 0.010515213437641712, 0.008994938237885003], [0.05043864500073662, 0.027426411662221335, 0.5773795106691654, 0.34475543256787666], [0.006103930273270249, 0.009235287402490156, 0.9570910663433397, 0.027569715880899886], [0.16501106443104388, 0.28519866080113343, 0.06463349658076466, 0.48515677808705804], [0.050533645374966886, 0.07827990750648178, 0.8031835046571498, 0.06800294236140154], [0.0017269527496154686, 0.9827031534546449, 0.004307980406009238, 0.011261913289730443], [0.0013572770761018623, 0.9839560648557747, 0.005625897700927007, 0.009060760267196391], [0.2485069670202046, 0.10858074089183069, 0.06484507478817712, 0.5780672171997876], [0.03130986092852591, 0.018407756015119913, 0.9153546468377987, 0.034927736118555555], [0.48916165193636957, 0.04078923758496603, 0.13375602162945754, 0.3362930887492069], [0.031965005722881946, 0.02129522124266284, 0.9056963205551758, 0.04104345237927945], [0.04730542552390847, 0.8928716514436479, 0.02781276135661088, 0.03201016157583277], [0.03193422868344742, 0.9048089040882085, 0.016059959754417062, 0.04719690737392706], [0.9845376254369919, 0.006041176664278567, 0.0029910770455511436, 0.006430120753178456], [0.9888640516848832, 0.004725742559596014, 0.003738784882356371, 0.0026714207731643484], [0.9851519762322128, 0.0053346588518943475, 0.00509122184849216, 0.004422142967400634], [0.9827773613507557, 0.005321778845700461, 0.008243614843368548, 0.00365724486017527], [0.989801514531346, 0.005114606364340527, 0.002532301360779295, 0.00255157764353413], [0.9909554813531141, 0.004735555544524424, 0.002037033690755135, 0.002271929311606408]], "ideal": "D", "sampled": "D", "correct": true}}
{"type": "result", "data": {"idx": 4, "options": ["one does not know that one\u2019s actions are wrong.", "one knows that one\u2019s actions are wrong, but does them anyway.", "one knows that one\u2019s feelings are inappropriate, and does not act on them.", "one does the right action, but for the wrong reason."], "probs": [[0.0021078462133131376, 0.9950185520879925, 0.0011110164372790208, 0.0017625851614153079], [0.0019362003815390797, 0.9959200407258404, 0.0008729162785299618, 0.0012708425140905053], [0.004363489668030181, 0.003943508324187712, 0.9889176045456907, 0.002775397362091466], [0.010488200322710396, 0.007735902680507071, 0.005981372852570432, 0.9757945240442121], [0.0030877129419706606, 0.0010595580181339, 0.9943702895843182, 0.0014824393555772154], [0.009812273668199792, 0.0045652136449065945, 0.013635359220572062, 0.9719871533663216], [0.9954650156165941, 0.0018067722611478517, 0.0009905996615184446, 0.0017376123607396087], [0.9963988771719411, 0.0015228660692086836, 0.0008156297258596981, 0.0012626269329905659], [0.9942457553364314, 0.0023169569393499344, 0.0016184066183862389, 0.0018188810058323863], [0.9958976576913017, 0.001607542985198001, 0.0008745512520657377, 0.0016202479714345355], [0.9954590455722003, 0.0017374912844604195, 0.001158148592630107, 0.0016453144507091767], [0.9954022511545645, 0.0015817967538965813, 0.0010625804736563828, 0.0019533715178825747], [0.0027455167396889706, 0.0014588470318093263, 0.9941031005963087, 0.001692535532192967], [0.013274689999998202, 0.005711482844102512, 0.003866743683887803, 0.9771470833720115], [0.005150339018452189, 0.9825676523063774, 0.003981005802653212, 0.008301002772517167], [0.004115667091183354, 0.984774505301884, 0.00291928711495885, 0.00819054039197377], [0.012861118429050182, 0.0040174270283861386, 0.006224887337695054, 0.9768965671048686], [0.00883400065336186, 0.002492910011556766, 0.9833535525856455, 0.005319536649435845], [0.0032106745046413176, 0.0010431429425831551, 0.9943316104619072, 0.0014145719908683209], [0.009900874217508796, 0.0025644108579079275, 0.021983926786514, 0.9655507880380693], [0.012072406336957893, 0.9675645529911652, 0.00656594408919926, 0.013797096482677724], [0.012359863859586817, 0.9600245313890642, 0.008905426181089329, 0.018710178470259603], [0.016610455507373847, 0.011068729866602074, 0.005150879850618671, 0.9671699346754054], [0.021850314303894964, 0.012949784644168322, 0.9528368467942183, 0.012363054157718385]], "ideal": "B", "sampled": "B", "correct": true}}
{"type": "result", "data": {"idx": 5, "options": ["are the result of applying arbitrarily stringent standards.", "are based on linguistic confusions.", "are logically self-refuting.", "grow from the consistent application of ordinary standards."], "probs": [[0.03352588280549946, 0.014198894042449967, 0.016349538504345645, 0.935925684547705], [0.012650018084183194, 0.013678349193722478, 0.9447134578365368, 0.02895817478555745], [0.029967586238101168, 0.011738242110233013, 0.010362979539930041, 0.9479311920117358], [0.00511992942579582, 0.007391406242084218, 0.9761298342722861, 0.011358829959833871], [0.008118594442548225, 0.9317964152337702, 0.01653414296445605, 0.04355084725922544], [0.006480853362367567, 0.940146249743246, 0.015190699815305417, 0.03818219697908095], [0.05679700353778652, 0.03965690985947918, 0.028130310677745927, 0.8754157758249884], [0.020141265284582554, 0.021441080592561036, 0.9123111757155092, 0.04610647830734715], [0.07163508024356761, 0.04018909783178247, 0.30648522869302863, 0.5816905931316213], [0.01953015159045537, 0.02283424171943477, 0.8984108559954467, 0.0592247505946632], [0.05816756014934963, 0.6559567255330756, 0.1396082895971317, 0.1462674246204431], [0.03300136139293964, 0.7755549982656029, 0.05885046303710785, 0.1325931772043496], [0.06783080933834244, 0.03926622173330833, 0.026165174658878687, 0.8667377941694705], [0.014294022439324478, 0.019846419088111918, 0.9419214539861795, 0.023938104386384017], [0.09190474989304115, 0.06417254959509552, 0.23480747112949232, 0.6091152292823709], [0.028867062716038595, 0.03945996685415726, 0.8441291607841342, 0.08754380954566993], [0.014369729889072279, 0.882851654420358, 0.03368348688325328, 0.06909512870731645], [0.011630095312680146, 0.903210609461631, 0.022776245661541943, 0.06238304946414696], [0.9860268404107753, 0.006648623032761398, 0.0026456076173667527, 0.004678928839096602], [0.9886067359046915, 0.005701470567601652, 0.0022863391438513016, 0.0034054542838555853], [0.8364117024096794, 0.05434009711712258, 0.06557110134551118, 0.04367709902768684], [0.9177558726610215, 0.034508268184041214, 0.016304889175931963, 0.03143096987900525], [0.9289245750719491, 0.028065939003189665, 0.024013242450294077, 0.01899624337456714], [0.9494990424219981, 0.021317528740890795, 0.009461428945428941, 0.01972199979168209]], "ideal": "D", "sampled": "D", "correct": true}}
{"type": "result", "data": {"idx": 6, "options": ["enter a particular society.", "set up a particular form of government.", "establish the principles of justice for the basic structure of society.", "establish the content of morality."], "probs": [[0.00023884662711546638, 0.0012223612459697282, 0.9962555909068845, 0.0022832011200302612], [0.00012719812184832865, 0.00048743505039283556, 0.000766656539552514, 0.9986187101882064], [0.0008142125315167366, 0.9972919781395276, 0.0005821331612105484, 0.0013116760677450749], [0.0007239940870096086, 0.9970592023735534, 0.0007074862783509958, 0.0015093171610860298], [0.00017118581110790482, 0.00040737412733330797, 0.000518909380527734, 0.9989025305810311], [0.0002026191335042846, 0.0011841822585644576, 0.9957283495426331, 0.0028848489652980895], [0.00038651867066534577, 0.0029691861528743715, 0.9933320429974198, 0.0033122520790403857], [0.00017382495566638337, 0.0007146142288804899, 0.00048737936868395557, 0.9986241813467692], [0.0007241738877721452, 0.9970603907520813, 0.0005958722158635709, 0.001619563044283014], [0.0009889855132870534, 0.9963728038840963, 0.00098152724939164, 0.0016566832532250299], [0.00015710156094038882, 0.00037970202029698153, 0.0005788106970326503, 0.99888438562173], [0.0002970365033614839, 0.001156460325405964, 0.9955706148875448, 0.0029758881836876748], [0.9977820530766879, 0.0014667916421830082, 0.00017679507862580838, 0.0005743601025032517], [0.9980015122684595, 0.0012745483902592766, 0.00022874539724622914, 0.0004951938440350903], [0.9966596559772958, 0.0024535423624245096, 0.00016719845333964525, 0.0007196031069400359], [0.9961914709592035, 0.00291194455118399, 0.0003001956991665726, 0.0005963886904459546], [0.9973508872845387, 0.0020355744427781905, 0.00011865019937700313, 0.0004948879733060596], [0.9963076194413119, 0.0029352545041877, 0.00018356529618881787, 0.0005735606583116431], [0.000193970025628817, 0.00032996344711697947, 0.0005030200573357817, 0.9989730463699185], [0.0002704355899133144, 0.0014847374006164635, 0.9954056266757374, 0.002839200233732766], [0.00019394539835830096, 0.0005270541806688708, 0.0004472738506769743, 0.9988317264702958], [0.00033391386334246184, 0.001921148902307653, 0.9953910964253373, 0.0023538407090125638], [0.0010286025759328808, 0.9966437049600746, 0.0005638413616587529, 0.0017638510023337663], [0.0013505140580530098, 0.9955957299980154, 0.0009285328318004309, 0.002125223012131138]], "ideal": "C", "sampled": "C", "correct": true}}
{"type": "result", "data": {"idx": 7, "options": ["modest changes to our personal habits, but not to our society as a whole.", "modest changes to our personal habits, as well as to society.", "drastic changes to our personal habits, but not to our society.", "drastic changes to both our personal habits and to our society."], "probs": [[0.010240830715112162, 0.9593237581349527, 0.015989239170280015, 0.014446171879655035], [0.01310417436644381, 0.9561702751177036, 0.016441085713770953, 0.014284464702081669], [0.022574805057396116, 0.017856639142882904, 0.9167145626330763, 0.04285399306664474], [0.015318233717987769, 0.012307761396269429, 0.7505801417189921, 0.22179386306675072], [0.012265772374747894, 0.01305517348434351, 0.9603317235890567, 0.014347330451851877], [0.15964325068120236, 0.3490358357720443, 0.0569809946543552, 0.43433991879239814], [0.9832422633884202, 0.005494526997528844, 0.0022038065139878987, 0.009059403000062957], [0.9915553809105226, 0.0037204278280934993, 0.002023471839231934, 0.0027007193221519187], [0.9921616791979946, 0.0024414128259136695, 0.001731858114536406, 0.003665049761555384], [0.9844031821261748, 0.002639639860671761, 0.009965602198461187, 0.0029915757146922566], [0.9961995377652827, 0.0019092266247007301, 0.0009235737864564641, 0.0009676617235600786], [0.9957307104349922, 0.0018351649925475303, 0.0008146225786475529, 0.0016195018938127425], [0.046052005186333934, 0.056422245650644715, 0.7920495920025915, 0.10547615706042983], [0.04691271751099971, 0.04205343405362417, 0.6187713603331216, 0.29226248800225446], [0.014866397036193198, 0.8123754487432305, 0.0645938560627078, 0.10816429805786847], [0.017061357330869786, 0.5654508144420894, 0.3649128166364721, 0.0525750114905686], [0.007771685876761443, 0.9276154865294135, 0.01698037728342294, 0.04763245021040213], [0.013091464798576398, 0.8832970412514326, 0.053017933975289394, 0.05059355987470161], [0.07116526000040527, 0.015151621927538795, 0.8820856952951974, 0.0315974226768585], [0.915291506898161, 0.020867749971889275, 0.016785360446619657, 0.04705538258333007], [0.06577887664897593, 0.8409236073489416, 0.03523095819974717, 0.05806655770233531], [0.04442172315034497, 0.8795064922489952, 0.02572180970150839, 0.05034997479915137], [0.6340786052660229, 0.044531776335396525, 0.035261313439250985, 0.28612830485932966], [0.055839215839512145, 0.020864520261513697, 0.8609656284397339, 0.06233063535924029]], "ideal": "D", "sampled": "B", "correct": false}}
{"type": "result", "data": {"idx": 8, "options": ["knowledge", "wealth", "community", "courage"], "probs": [[0.9995032839681682, 0.0003330513709242703, 8.821536107775615e-05, 7.544919982975946e-05], [0.9995802137103169, 0.00028714798107725727, 7.785666428875918e-05, 5.478154431704666e-05], [0.9995082621263011, 0.0003228181549199288, 9.46371236215872e-05, 7.42824951574652e-05], [0.9996524362616548, 0.00022189755622344017, 7.088519728030873e-05, 5.478088484147503e-05], [0.9994499338452921, 0.0003862972177301943, 9.612967065157407e-05, 6.763916632608281e-05], [0.9996453416560822, 0.00023616636162979447, 6.0635356258984476e-05, 5.785652602902929e-05], [0.0028999220380496447, 0.9933108140602764, 0.0019018704887343845, 0.0018873933129395705], [0.0032609511958137786, 0.9934537708992509, 0.001469879395327355, 0.001815398409607938], [0.001323711055407884, 0.013794250971127579, 0.9823302095005018, 0.00255182837296273], [0.001796549764870262, 0.003129355370808809, 0.0038635763268367817, 0.9912105184374841], [0.0017832315628269761, 0.01902394057207488, 0.9757818889950923, 0.0034109387700058578], [0.001181036471151712, 0.0018155895008653022, 0.003417664453136639, 0.9935857094748464], [0.011264433492798898, 0.9831828771604924, 0.0029387866102112596, 0.00261390263649744], [0.0102461560902543, 0.9821821149158405, 0.003889334271674432, 0.0036823946222307464], [0.0009201442045013794, 0.010951004035230005, 0.9857420365031688, 0.0023868151570998223], [0.004790711819537247, 0.003790828139490536, 0.00379018692394187, 0.9876282730170304], [0.005555475091310386, 0.03738072428842636, 0.9491054547944019, 0.00795834572586138], [0.010691243100803632, 0.0074655175281183855, 0.0037535007145410282, 0.9780897385565369], [0.027079312749583914, 0.9624173927072197, 0.005128552675816942, 0.005374741767379414], [0.02301092285962353, 0.9636101053166951, 0.007185074001495257, 0.006193897722186106], [0.0030758999056143513, 0.01899229663309893, 0.9740734328007657, 0.003858370560520983], [0.0062391049541868715, 0.0023690062616991974, 0.005173000762333551, 0.9862188879217804], [0.006238042556410204, 0.02448301460253504, 0.9627918878040924, 0.006487054936962352], [0.016924150562244857, 0.0077505136232839745, 0.006424639478084957, 0.9689006962363862]], "ideal": "A", "sampled": "A", "correct": true}}
{"type": "result", "data": {"idx": 9, "options": ["perform the action that leads to the greatest total happiness.", "act only on maxims that we can will to become universal laws.", "behave only in such a way as a perfectly virtuous person would behave.", "place the interests of others above the interests of ourselves."], "probs": [[0.001493759819104128, 0.9943356981987133, 0.0019790521867386873, 0.002191489695443916], [0.0009966607329487088, 0.9958607547494683, 0.001279864885186757, 0.0018627195323961995], [0.0014012948795927027, 0.0022219341463513443, 0.9929074713007189, 0.0034692995733371108], [0.0004296582063258516, 0.0008813873585289399, 0.000596698548063465, 0.9980922557870817], [0.000619658795969177, 0.0005555990529210659, 0.9969888379577433, 0.0018359040933664365], [0.00039737030541342624, 0.00048299220131220466, 0.0010389863540184836, 0.9980806510392559], [0.9994359244673182, 0.0003986426889879467, 7.436738541487146e-05, 9.10653582789727e-05], [0.999479658385279, 0.0003490467313672992, 5.975406069204212e-05, 0.00011154072266173252], [0.9995095061001984, 0.00032287290613132973, 6.117265322356911e-05, 0.0001064482404466424], [0.9994998735248296, 0.00033315524879089546, 5.8831607968305114e-05, 0.00010813951841114991], [0.9994104289410892, 0.0003657436531055773, 7.376361152616822e-05, 0.00015006369427905707], [0.9994482600831527, 0.00036014114486496634, 7.915266594473109e-05, 0.00011244600603764991], [0.0006648289079567106, 0.00042278557021341003, 0.9970617004872414, 0.0018506849345885062], [0.00036763403203945934, 0.00051835591526479, 0.0008031142213569282, 0.9983108957313388], [0.002117226157559074, 0.9915210123057933, 0.001913155683976619, 0.00444860575267105], [0.002437740798919716, 0.9918285615382281, 0.0016497623885668815, 0.004083935174285373], [0.00033999553244787377, 0.0004985116342807441, 0.0008958482879420654, 0.9982656444453293], [0.0007830210925523515, 0.0003370207835379058, 0.9966831757653916, 0.0021967822585181405], [0.0004361228410576971, 0.0004571926474337413, 0.9971518992357417, 0.0019547851757668964], [0.0003398560276076624, 0.0005472172609968444, 0.0012530487843510562, 0.9978598778270444], [0.0007533117176308625, 0.9970151003926544, 0.0008671458768635488, 0.0013644419128511817], [0.0011841807432056727, 0.9962812788708999, 0.0009895168603394257, 0.001545023425555021], [0.00023741868156309823, 0.0004832614084193075, 0.0008483791380907193, 0.9984309406719268], [0.000929262162243051, 0.0004976586325892143, 0.9960464479310978, 0.002526631174069937]], "ideal": "B", "sampled": "B", "correct": true}}
{"type": "result", "data": {"idx": 10, "options": ["maximizing the utility of all sentient beings.", "God\u2019s commands.", "the agreement of rational persons choosing the terms of their interaction.", "the purposive order of nature."], "probs": [[0.0008707555089517153, 0.0035807140403329575, 0.9934749955288719, 0.002073534821843418], [0.0006744041318462032, 0.0017624169117787466, 0.0012219444255543526, 0.9963412344308207], [0.0016820382054366903, 0.9955998084418104, 0.0011123146918193387, 0.001605838560933539], [0.0018758993704668112, 0.9953406365692352, 0.001165418922035858, 0.0016180450382621008], [0.0008266965133334821, 0.0013520648891959378, 0.0012514294317383825, 0.9965698090657322], [0.0016009058053039016, 0.001992765603770881, 0.9932212345863821, 0.0031850939045431122], [0.0010924826299834219, 0.0033390541819647663, 0.9939276334226604, 0.0016408296653913853], [0.00046347208022952055, 0.0016043057230671336, 0.0017501685463649499, 0.9961820535503384], [0.001320828492689365, 0.9963050204254048, 0.0009446420307592295, 0.0014295089511466219], [0.0012031959879205173, 0.9967426273358772, 0.0007418455225915053, 0.0013123310536108284], [0.0008237482727358217, 0.0020539693890405013, 0.003498628177013261, 0.9936236540612104], [0.0007460146208683996, 0.0025428551378712076, 0.9951435609786325, 0.001567569162627891], [0.9991425761006647, 0.0005322759594439768, 8.706206538358509e-05, 0.00023808577450774393], [0.9992220020919185, 0.0005040170597760287, 8.70747886801718e-05, 0.00018690595962538272], [0.9990490491404661, 0.0006220929836205133, 6.127826673175416e-05, 0.00026757950918157174], [0.9991274018716396, 0.0005490324514482315, 4.963689936043268e-05, 0.00027392867755164695], [0.9991259462920596, 0.0005621400715184222, 5.452307534885161e-05, 0.00025739046107305265], [0.9990795382119741, 0.0005664103154615378, 4.8484722974403806e-05, 0.000305566649589919], [0.0006239092635077171, 0.0018474863962920076, 0.0012032146969062417, 0.9963253895432941], [0.0014256053797419288, 0.002174385817269951, 0.994419929603364, 0.001980079099624104], [0.0008494645861272303, 0.002784451177114762, 0.003663287113021161, 0.9927027970237369], [0.0006483916847448754, 0.00219345498555602, 0.9953392735997818, 0.001818879629917297], [0.0017628057758270663, 0.9956959630151947, 0.0010207518471929608, 0.00152047926178522], [0.0015328002926902836, 0.9964087639099743, 0.0007771643138473031, 0.0012812713834880905]], "ideal": "C", "sampled": "C", "correct": true}}
{"type": "result", "data": {"idx": 11, "options": ["religion.", "physics.", "psychology.", "art."], "probs": [[0.26629856027757554, 0.3235485529311661, 0.3964695900545201, 0.01368329663673825], [0.2573743226603577, 0.49969128979213495, 0.031206778071844417, 0.21172760937566287], [0.04947573023684402, 0.9257432861747488, 0.014495269461298674, 0.010285714027108515], [0.019257027400287854, 0.9489115028889422, 0.009518816020114007, 0.022312653590655953], [0.25567942474193484, 0.10245179976315287, 0.47017332206176815, 0.17169545333314415], [0.029526191654256916, 0.05340106561435207, 0.8825802452700595, 0.034492497361331545], [0.09663513211838208, 0.5643255657480567, 0.3265632360235817, 0.012476066009979445], [0.04349037372792207, 0.5251293318786062, 0.015732925793931457, 0.41564736849954026], [0.006524271193528647, 0.9757284415742082, 0.01091378423215122, 0.006833502900111876], [0.00432320056584611, 0.9705782482547396, 0.00633342460029958, 0.01876512647911465], [0.0682250135101144, 0.05065773224294095, 0.5983237824173753, 0.28279347172956937], [0.02485104581687283, 0.044258675656089035, 0.8892981094137955, 0.04159216901324269], [0.4866782020667827, 0.5020703273201774, 0.005579296717170058, 0.005672173795869811], [0.42394797331529116, 0.5616010803286481, 0.00415743964253099, 0.010293506613529721], [0.8699052210283315, 0.06299666344075963, 0.05829099164172257, 0.008807123789186294], [0.9005155242578335, 0.06421709682017826, 0.01305409833437256, 0.02221328048761565], [0.47710447473578915, 0.04686979023482479, 0.43462603080726947, 0.04139970412211653], [0.886392905352175, 0.03410363996038216, 0.06423775952788482, 0.015265695059558073], [0.28248708805998607, 0.5037500149159785, 0.11685718333616867, 0.09690571358786682], [0.09680729574801446, 0.3300271405700734, 0.544097197241998, 0.029068366339914126], [0.429060650694995, 0.23695700574403733, 0.23515248997102525, 0.09882985348994242], [0.14266766500039013, 0.11459735694426702, 0.6967775173028595, 0.04595746065248332], [0.005867290745582343, 0.9712639400304851, 0.011566149941779924, 0.01130261918215266], [0.008033772211614892, 0.9729239005817699, 0.007719450368709364, 0.011322876737905855]], "ideal": "C", "sampled": "C", "correct": true}}
{"type": "result", "data": {"idx": 12, "options": ["duty.", "justice.", "virtue.", "supererogation."], "probs": [[0.8917496467328287, 0.02199832081581011, 0.028242369058795957, 0.05800966329256513], [0.7966555623282305, 0.035027985700635596, 0.016036980390184873, 0.15227947148094892], [0.890308925600538, 0.03795674481750337, 0.012909752447736546, 0.05882457703422206], [0.6371177558890198, 0.039504059427737756, 0.012431088145559722, 0.3109470964376827], [0.5909597763021949, 0.03961593211016397, 0.18320741906406346, 0.18621687242357773], [0.6908403089759351, 0.02055279739407407, 0.025982687440767538, 0.2626242060892234], [0.8195827801653123, 0.03776638399073193, 0.06628206795660359, 0.07636876778735224], [0.7793053198209224, 0.03590539284688112, 0.018629574255324736, 0.16615971297687168], [0.8448434347285811, 0.06420089662555631, 0.019272898467541204, 0.07168277007832129], [0.8080663975240464, 0.051698146319503986, 0.010180703915356377, 0.13005475214109327], [0.7966829191300177, 0.022972182013431684, 0.03502972795593338, 0.14531517080061732], [0.8769629025412885, 0.013963597882291404, 0.02865478040155631, 0.08041871907486371], [0.5467635718492422, 0.14960382278876477, 0.12018281936533368, 0.1834497858966594], [0.26011793324666277, 0.09427007086074186, 0.020709174947575865, 0.6249028208450195], [0.4056400429625457, 0.4124943085071167, 0.04146403959738599, 0.1404016088329516], [0.20491764136659874, 0.5935598501651863, 0.017641687347157136, 0.18388082102105785], [0.22929748676941217, 0.02783296417322179, 0.20890801948354437, 0.5339615294738217], [0.11349761400356179, 0.026548616387658226, 0.7291914169566448, 0.13076235255213517], [0.20353903177638508, 0.12162530602230269, 0.3688057417620827, 0.30602992033922954], [0.1709024671630451, 0.12317445586784974, 0.4102023992352661, 0.295720677633839], [0.09692408058101074, 0.6133734057692682, 0.0379852955241447, 0.25171721802557634], [0.07751995035528983, 0.71372524218108, 0.07878971550609115, 0.12996509185753896], [0.1740310638968959, 0.09619233011237478, 0.13993977008850694, 0.5898368358022223], [0.08979978511850838, 0.05710507620044919, 0.685117907959829, 0.16797723062121342]], "ideal": "B", "sampled": "B", "correct": true}}
{"type": "result", "data": {"idx": 13, "options": ["one and the same thing", "both nonexistent", "two distinct things", "imaginary"], "probs": [[0.9883211862787804, 0.0056089032507594585, 0.004798417450937068, 0.0012714929195230616], [0.9943733812409911, 0.0025045049845044886, 0.0004562151444152103, 0.002665898530089219], [0.9981511772270606, 0.0012841564924546205, 0.00021633019822734799, 0.00034833598225740315], [0.9987611441880238, 0.0008902912615647021, 0.00014199875675191138, 0.00020656569365966077], [0.991370451144469, 0.003156521627408861, 0.0005074171990932638, 0.0049656099290288965], [0.9966012061529609, 0.0021306250329652674, 0.0007963268875465857, 0.0004718418265272412], [0.007962520753243127, 0.9723010751725084, 0.006810841263520532, 0.012925562710727935], [0.006017015225330074, 0.965808794315305, 0.005106984561066971, 0.02306720579829801], [0.012853312316791338, 0.03231488170926002, 0.9445042021973886, 0.010327603676560042], [0.012007570746035968, 0.06804242685101648, 0.009067833363592173, 0.9108821689393554], [0.0030152716446421976, 0.005049863328710449, 0.9851416591877891, 0.006793205738858236], [0.014303897439450625, 0.022861696670983696, 0.034863583577739665, 0.927970822211826], [0.005798860579544958, 0.9908714710192289, 0.0013561753078313748, 0.001973492993394801], [0.004815975643180778, 0.9926552485429019, 0.00118038173816229, 0.0013483939757550386], [0.004171690225782758, 0.010086583391947826, 0.9818229175966499, 0.003918808685619521], [0.023999892865698515, 0.018695479796782564, 0.012851956670201094, 0.9444526705673179], [0.0053977340463678015, 0.009040448654714216, 0.9817044742068842, 0.0038573429920337196], [0.013690967711214705, 0.015517518478332402, 0.010338980453160004, 0.9604525332572929], [0.003471794712454205, 0.9933617017556639, 0.0010103441816289918, 0.002156159250252958], [0.004854597529987398, 0.9926766575392998, 0.0010664154351598576, 0.001402329395552982], [0.0027284932384849707, 0.004606108197656083, 0.9867992241950295, 0.005866174268829384], [0.016184634554371344, 0.02885760950431681, 0.04265316709524963, 0.9123045887460622], [0.013739692977186956, 0.030483722683719204, 0.9484225510602481, 0.007354033178845762], [0.010352576984452373, 0.035579769940888274, 0.0068452843384650425, 0.9472223686361942]], "ideal": "A", "sampled": "A", "correct": true}}
{"type": "result", "data": {"idx": 14, "options": ["rational", "artificial", "constitutional", "fair"], "probs": [[0.7603018617138214, 0.189339333189758, 0.013083879383738704, 0.037274925612681906], [0.6437636053128708, 0.2026489537154645, 0.1436569996611373, 0.009930441210527321], [0.1676631237318819, 0.017131171767855786, 0.8000906541124885, 0.015115050287773765], [0.39761424171752224, 0.02791913792561704, 0.5608603373378134, 0.013606282919047294], [0.44554532433799315, 0.5052137134409078, 0.039548544193411014, 0.00969241792768796], [0.48551748464103556, 0.48578746388655897, 0.010728685464012632, 0.017966365908392817], [0.036333985933034205, 0.9527058466410974, 0.0029143682655184415, 0.008045799060349936], [0.05520795981122124, 0.9201311361514484, 0.012811955947469863, 0.011848947989860543], [0.4519507754868857, 0.10906117814661634, 0.3866571033604137, 0.05233094290608421], [0.335354229969972, 0.08219321602002207, 0.5706116407752084, 0.011840913134797498], [0.05308605429162058, 0.92712248614405, 0.012319206425273538, 0.007472253039055823], [0.03740117564428488, 0.9504121200247515, 0.005102800953196598, 0.0070839032777669795], [0.08352191634813426, 0.75660048117182, 0.14209362897504457, 0.017783973405001114], [0.0932279482108913, 0.7688744906887183, 0.10901384399716316, 0.028883717003227224], [0.00141768044153375, 0.9964511985285859, 0.0008599768688696502, 0.0012711440610106853], [0.001362762735296712, 0.99599838767987, 0.0008331279346024226, 0.0018057215502307801], [0.15814612568605801, 0.4436729781828759, 0.26906886293180954, 0.12911203309925662], [0.06305516216947828, 0.20043704468442686, 0.7217632195300798, 0.014744573516015092], [0.29656384662733754, 0.6380799089401611, 0.04548496947383944, 0.01987127485866191], [0.34284678183168, 0.5655312447159327, 0.01629122492131622, 0.07533074843107096], [0.39718664502302053, 0.46457661145441415, 0.12896688545441606, 0.00926985796814927], [0.44864270295485936, 0.5166981839835745, 0.02131854193685916, 0.01334057102470698], [0.7628234879137622, 0.0626308591915237, 0.12652260988329486, 0.048023042911419185], [0.13950047268344146, 0.03472678084836163, 0.8156678618537097, 0.01010488451448728]], "ideal": "D", "sampled": "A", "correct": false}}
{"type": "result", "data": {"idx": 15, "options": ["a mind", "absolute existence", "material substance", "a material universe"], "probs": [[0.9994071949677847, 0.0004958795433613216, 5.3932935601643066e-05, 4.299245325229819e-05], [0.9994470207152255, 0.0004658303970843841, 4.102952041785766e-05, 4.6119267272253866e-05], [0.9995207147962367, 0.00040798409062630536, 3.593229898232011e-05, 3.5368714154644395e-05], [0.9994532890782435, 0.0004731448626570161, 3.592436558304576e-05, 3.7641593516395584e-05], [0.9993058151597427, 0.0005487986913067769, 6.81663203194234e-05, 7.721972863106847e-05], [0.9993586244844593, 0.0005319610197260379, 5.8765190342684686e-05, 5.064920547193159e-05], [0.0031143093621534405, 0.9941523567152291, 0.0012388485354229712, 0.001494485287194496], [0.002446953250308868, 0.9951450403788153, 0.0007521688371994015, 0.0016558374336763445], [0.008054720648499323, 0.006224879169450123, 0.983569249467259, 0.002151150614791533], [0.0014395296220892065, 0.0017367738941487447, 0.0006339203322328748, 0.9961897760515291], [0.009830362991050187, 0.012044672005576575, 0.9721625073592381, 0.00596245754413511], [0.002811743126910522, 0.0016025275554529682, 0.001679286701316452, 0.9939064425163201], [0.0026052500120425804, 0.9953743459264216, 0.0008458467479820124, 0.0011745572135538418], [0.0027297824890483327, 0.9951980894949529, 0.0006334102683733997, 0.0014387176476253782], [0.004577228680176916, 0.00547848906991898, 0.988580558763043, 0.0013637233868611807], [0.0011119704942570228, 0.0026887903863106327, 0.00037253722986818106, 0.9958267017895641], [0.0038490092424177174, 0.005733185265843309, 0.9871767651859349, 0.00324104020580406], [0.0015074528711393911, 0.001519572286873809, 0.001472699408969507, 0.9955002753330173], [0.001288359595934713, 0.9942875199076132, 0.0012102922984228344, 0.0032138280980291956], [0.0013942558502565946, 0.9951771726679479, 0.0011116159902623012, 0.0023169553915331894], [0.0051504777707473935, 0.017835663046157885, 0.9741470319262922, 0.0028668271568025165], [0.0019763885382600255, 0.004217307616546106, 0.0008979888660367685, 0.9929083148791571], [0.0077807772624321, 0.01571688144391751, 0.9726505826608489, 0.0038517585328014677], [0.0020220130138564984, 0.004021567184429737, 0.0016376969430040257, 0.9923187227587097]], "ideal": "A", "sampled": "A", "correct": true}}
{"type": "result", "data": {"idx": 16, "options": ["duty and charity.", "egoism and altruism.", "rights and privileges.", "positive and negative rights."], "probs": [[0.9059422696877437, 0.065641637911678, 0.006763761946993087, 0.021652330353585176], [0.9330106185503165, 0.049460126931375324, 0.0048244780798847395, 0.012704776338423375], [0.9321977003349722, 0.019049953880304445, 0.0319318476875811, 0.016820497997142272], [0.9537281207456436, 0.016933417420872537, 0.008258213542765461, 0.02108024819071841], [0.9574336200445507, 0.019874299748240086, 0.006209798873830101, 0.016482281233379116], [0.9367634481757313, 0.024199922409646656, 0.008909449019887383, 0.030127180294734626], [0.8188811752139384, 0.11437625075839601, 0.020524185312315705, 0.046218388615349805], [0.8436095981918964, 0.11244472521994832, 0.015958042585916075, 0.027987633902239222], [0.9266207399058243, 0.028874492841701925, 0.0243393749269625, 0.02016539222551131], [0.9431226075663637, 0.02513851019098598, 0.01929065054315276, 0.01244823159949761], [0.9209727562586559, 0.0357176234379618, 0.02418798715684755, 0.01912163304653467], [0.9290649984166701, 0.03229815338108606, 0.02022966446774762, 0.018407183634496196], [0.4632229506506229, 0.2682614624232013, 0.21229241786264375, 0.05622316896353204], [0.4750046047840433, 0.26659945842637506, 0.19508720314431788, 0.06330873354526376], [0.7486434299255514, 0.07770431496527415, 0.09830453624693973, 0.07534771876223464], [0.5607942980026264, 0.05553090613175618, 0.34041792404539073, 0.04325687172022676], [0.2930369092465564, 0.6305962233666995, 0.012982885412425175, 0.06338398187431889], [0.22053677693809967, 0.7350513622404132, 0.007261126116436977, 0.03715073460505014], [0.9798980593840669, 0.01007040055772915, 0.0033225043088747066, 0.006709035649329245], [0.9662163081160144, 0.014905457112698932, 0.0072681003785614266, 0.011610134292725243], [0.9859258924075113, 0.005423859442852073, 0.003140612397272102, 0.0055096356523645406], [0.9815712394629433, 0.006118656863273336, 0.007156824998972464, 0.005153278574810815], [0.9858675624141123, 0.008141088267050355, 0.0017342621270217886, 0.004257087091815507], [0.9905787533710338, 0.005800647909014452, 0.0009851775087531495, 0.00263542111119851]], "ideal": "A", "sampled": "D", "correct": false}}
