{"type": "result", "data": {"idx": 0, "options": ["Aging is related to an increase in vaginal lubrication", "Aging is associated with an increase in the frequency and number of orgasmic contractions in both sexes", "There is no significant relationship between aging and sexual responses in either sex", "Aging is related to some loss of erectile rigidity in the male"], "probs": [[0.010221262878695786, 0.00542636002078085, 0.0030009912677335018, 0.9813513857327899], [0.019369045022634788, 0.005637143123754273, 0.9358257226719585, 0.0391680890816524], [0.00797439004182035, 0.002979766382511554, 0.005662533060882073, 0.983383310414786], [0.018391306075614993, 0.0032996955284260846, 0.9610155483393582, 0.01729344995660072], [0.005521548926524774, 0.9588682889484124, 0.01008363807735726, 0.025526523947705607], [0.0050604452688444435, 0.965252589302121, 0.008548385685866744, 0.021138579643167843], [0.009473421522232343, 0.0038270135946283186, 0.0026963652933764165, 0.9840031994897629], [0.019565355668483893, 0.008156144325238925, 0.9164720475469867, 0.05580645235929048], [0.014040752848010483, 0.003086022274976019, 0.010699387558608619, 0.9721738372184049], [0.047765021844085036, 0.006220445220955174, 0.9047802873151433, 0.0412342455198165], [0.019664518747554954, 0.9124384352774997, 0.018061520878713374, 0.049835524996231964], [0.014246617710347655, 0.9180258084089843, 0.01720247337411086, 0.050525100406557215], [0.007695234831220713, 0.0027437021436337314, 0.0027910310254602257, 0.9867700318996854], [0.013545528981998949, 0.009681820201227188, 0.9454920831435029, 0.031280567573271016], [0.014793934759310377, 0.0029371290433543376, 0.005081091553573188, 0.9771878445437621], [0.03527454481589329, 0.009132464887449803, 0.9061706205545805, 0.049422369642076414], [0.07429340591720986, 0.8653289803791323, 0.01634480828397155, 0.04403280531968633], [0.05007123764245432, 0.9103744212237123, 0.010107923109151255, 0.02944641792468213], [0.9786851239742587, 0.004432909850942912, 0.002691357747537709, 0.014190608327260741], [0.9877825109682806, 0.002981412195998362, 0.002781614184593403, 0.0064544625511276325], [0.986879180367637, 0.0025682500060914765, 0.0019399777710338356, 0.008612591755237667], [0.988637661954516, 0.0022710164023834905, 0.0024768270324740617, 0.00661449451062644], [0.9894839683197005, 0.00259507754304115, 0.0027654753508116205, 0.005155478686446736], [0.9921316993273386, 0.0017472569409002876, 0.0016303654816707017, 0.004490678150090406]], "ideal": "D", "sampled": "D", "correct": true}}
{"type": "result", "data": {"idx": 1, "options": ["\u201cBlank slates\u201d", "Less intelligent than adults", "\u201cLittle scientists\u201d", "Shaped by culture"], "probs": [[0.00013858050266223404, 0.0008034055040884346, 0.9984839169365215, 0.0005740969567278483], [0.00012506675064957314, 0.00031936633074881643, 0.0018669550037902923, 0.9976886118148113], [0.0005764875563754057, 0.9946397942896938, 0.0020123079488051066, 0.002771410105125603], [0.0005251837116599389, 0.9952315007726478, 0.0022459590099644378, 0.0019973564057278554], [0.00016197689940127777, 0.0005436866664761072, 0.0005880757695645412, 0.998706260564558], [0.00030199150547673056, 0.0024688886809244473, 0.9962623000241708, 0.000966819689428031], [0.00022812315859485044, 0.0017250013805791603, 0.9970328905030448, 0.0010139848577811717], [8.537297981916136e-05, 0.00024703110104946734, 0.0008292306448201442, 0.9988383651743112], [0.0002821640287012294, 0.9988278955780151, 0.0005190008777849831, 0.00037093941549871403], [0.0002713461993640932, 0.9988028378905395, 0.0005880675958807839, 0.0003377482142156029], [0.0001668752826405922, 0.0005100083837064486, 0.0018950750500678164, 0.9974280411835852], [0.0002842991754096125, 0.0006018396409922458, 0.9986071282231188, 0.0005067328604793545], [0.9992406956194153, 0.00031783301789902195, 0.00023801992954479168, 0.00020345133314092183], [0.9996476803941843, 0.00014795090879609504, 0.0001294688122390753, 7.489978478058533e-05], [0.9992821696453595, 0.0002635253871163353, 0.0002676191898242611, 0.0001866856776998241], [0.999457877373981, 0.00020050324014431067, 0.00022012544973098002, 0.00012149383614374308], [0.999448230020613, 0.00020849580635300783, 0.00024174694885929245, 0.00010152712417466922], [0.9994869164767906, 0.00018985213959301346, 0.0002201151044578951, 0.00010311617915851759], [0.00015213200801522545, 0.0007429400436546846, 0.0005270723556975867, 0.9985778554926326], [0.0002603795332088534, 0.0022309330784939384, 0.9964952661086615, 0.0010134211796357963], [0.0001449745362332833, 0.0003093866210877083, 0.002215740087706463, 0.9973298986549726], [0.00011952219660418073, 0.0002934987871459768, 0.9991858940810273, 0.00040108483522258723], [0.0011044795674368221, 0.9965436854995264, 0.001175964622927607, 0.0011758702101091437], [0.0009980168882239608, 0.9967659469480239, 0.001104993485986741, 0.0011310425777653682]], "ideal": "C", "sampled": "C", "correct": true}}
{"type": "result", "data": {"idx": 2, "options": ["about 68% of the observed scores for the test population lie within 15 points of the mean score", "about 68% of the individuals with a given cure score will have observed scores within 15 points of the true score", "about 15% of the scores are in error (i.e., they are not measuring the trait reliably)", "differences of up to 30 points represent the same true score"], "probs": [[0.9909645815210536, 0.004423968715468696, 0.001350476823385742, 0.0032609728400919283], [0.9880315561058541, 0.005537350808238461, 0.001914480214136615, 0.0045166127717707295], [0.9927297448211391, 0.0021439249732837944, 0.003048745099373076, 0.002077585006204005], [0.979124063435768, 0.0035145235594183336, 0.002915638836737695, 0.014445774068075947], [0.9547894302386054, 0.019549858442131463, 0.014773269650251511, 0.010887441569011643], [0.9309456642225051, 0.01630565366764929, 0.004064536726925543, 0.048684145282920026], [0.9896389091353919, 0.0044192245338561635, 0.0016271146740082598, 0.0043147515567436645], [0.9868302795199996, 0.005322010465968429, 0.002361936174411956, 0.0054857737396200095], [0.9939496494202362, 0.002215065755416991, 0.0013654512554504342, 0.0024698334688962897], [0.9933807463113263, 0.0020811872360394696, 0.001464890986104638, 0.0030731753665295286], [0.980153318055964, 0.008983509961921333, 0.0031804442664818047, 0.007682727615632883], [0.97558606147411, 0.008203513459169743, 0.0027941996989300877, 0.013416225267790138], [0.06149323519092013, 0.8056666670157502, 0.07723229205061889, 0.05560780564271083], [0.06055731608027653, 0.763231325621109, 0.04168883276032505, 0.1345225254382895], [0.05568860366963633, 0.8596647816844271, 0.027600556095154296, 0.057046058450782255], [0.05925382366840127, 0.8464149330426902, 0.03407253362723803, 0.06025870956167046], [0.16865406174817676, 0.04874664326657261, 0.7121874967017486, 0.07041179818350196], [0.09064280071986028, 0.02767905168556324, 0.8493030508260668, 0.032375096668509594], [0.12523592263614008, 0.5411075079560089, 0.20524768262525403, 0.12840888668259695], [0.09557614937396473, 0.5644582186743795, 0.05205533532545719, 0.28791029652619854], [0.025412409666773886, 0.9188050923339705, 0.013195353128710575, 0.042587144770545114], [0.023710665559521057, 0.9270006754346599, 0.013106148322493107, 0.03618251058332586], [0.07143323016345501, 0.01940116459543688, 0.8460095684286942, 0.06315603671241383], [0.05530774489781491, 0.014790255299403149, 0.8952287267887042, 0.034673272914077645]], "ideal": "B", "sampled": "B", "correct": true}}
{"type": "result", "data": {"idx": 3, "options": ["An Apgar", "A teratogen", "Only a problem in the first 6 weeks", "A controlled substance"], "probs": [[0.0022456749871783608, 0.9953704687856787, 0.0005504777442336792, 0.001833378382909216], [0.0024100756650013164, 0.9956355481031196, 0.000653908826096288, 0.001300467305782759], [0.001907194991464351, 0.00048622562305218766, 0.9959621546017644, 0.0016444246837190439], [0.001080557188183914, 0.0003794672199045758, 7.35897158360663e-05, 0.9984663857760755], [0.003106755044415574, 0.0027419564490578927, 0.9916932219022621, 0.0024580665042644796], [0.0018778289489858166, 0.0014513478243673413, 0.00018172498503346077, 0.9964890981416133], [0.9998132657425157, 9.644201122905113e-05, 3.460110771808061e-05, 5.5691038537137686e-05], [0.9998232939308298, 0.0001002272992643417, 3.541674883922943e-05, 4.106192106656874e-05], [0.9997664763178999, 0.00010186117362498405, 4.338705580184466e-05, 8.827535267325202e-05], [0.9998159209336173, 9.128861529449832e-05, 4.441559124357497e-05, 4.8374759844692904e-05], [0.9997328701303817, 0.00014693551320363383, 4.0445289556318535e-05, 7.974896685839621e-05], [0.999742172751924, 0.00014466086309213464, 4.441675992719115e-05, 6.874952505661258e-05], [0.0018463980230066714, 0.0010689791202056942, 0.9948570915339137, 0.0022275312228739732], [0.0009167354105900909, 0.0005694718941866565, 0.0002283563143622515, 0.998285436280861], [0.0026856329181774528, 0.9947046581479533, 0.001182763921696142, 0.0014269449121731559], [0.0036986086885680337, 0.9943772778557866, 0.0007228648336576617, 0.0012012485219876949], [0.0007134202409061956, 0.00042955875082115825, 0.0012045381012837188, 0.9976524828069889], [0.0024273353106441485, 0.0005503911406564582, 0.9949938440772751, 0.0020284293714243205], [0.002350812525927858, 0.0013930502932848069, 0.99418138649169, 0.0020747505890973857], [0.00244863133413714, 0.0007018820778604078, 0.0003876411094210798, 0.9964618453785814], [0.004191066170716813, 0.9943568783076207, 0.0006134467595925073, 0.000838608662070057], [0.004672005032068147, 0.9936053764392374, 0.0005409545528962919, 0.0011816638757981748], [0.0015209206606833308, 0.0006006280889248585, 0.0008875324270942696, 0.9969909187232975], [0.0031880226079436555, 0.0006790779800909126, 0.9941837671474458, 0.001949132164519636]], "ideal": "B", "sampled": "B", "correct": true}}
{"type": "result", "data": {"idx": 4, "options": ["needs analysis.", "job evaluation.", "summative evaluation.", "formative evaluation."], "probs": [[0.999698389177687, 0.00014500788365208694, 4.1430419045530746e-05, 0.00011517241961529089], [0.9997900357852931, 0.00010528458711248537, 3.031383746746548e-05, 7.436569012695502e-05], [0.9997975801821603, 9.978721184941319e-05, 2.826063603064248e-05, 7.437186995966116e-05], [0.9995613911083496, 0.0002501573526099185, 7.85773316917601e-05, 0.00010987410734867974], [0.9998071425784336, 0.00010450154651804947, 2.4744575288004096e-05, 6.361119976027321e-05], [0.99977616316936, 0.00012893580834786745, 3.079023122826806e-05, 6.411069106380404e-05], [0.006272314064415843, 0.9917510525542715, 0.0006613919431304527, 0.001315241338182165], [0.0055391113722870694, 0.9924175223699951, 0.0005979102036961201, 0.0014454559540216588], [0.006454157699478313, 0.0027770395633612698, 0.989247271131379, 0.0015215315057813899], [0.013367317055385027, 0.004549619550610528, 0.1004154863492782, 0.8816675769447262], [0.011940216952989762, 0.005912973697716481, 0.9796431316807014, 0.002503677568592338], [0.03903618029186076, 0.016278121707692658, 0.012103480829478373, 0.9325822170709682], [0.0033443498556727067, 0.9956202088761127, 0.0003610007471142183, 0.0006744404211003677], [0.0043210212085228305, 0.9940439878266721, 0.0006628958203449231, 0.0009720950444600537], [0.005879115150068208, 0.0028001770175798057, 0.9897501602022867, 0.0015705475300653228], [0.010725623814561476, 0.00317204391022577, 0.1459106787506843, 0.8401916534245284], [0.02725176007147549, 0.0624000027005558, 0.903454617105075, 0.006893620022893652], [0.011188931474196832, 0.13847916623225381, 0.0013905869198212672, 0.8489413152737281], [0.004322467692076751, 0.994355001544587, 0.0003577433602850806, 0.0009647873030511967], [0.005761980720280022, 0.9928399030779991, 0.0005278616023843923, 0.0008702544993365024], [0.0052012422925642844, 0.0014007948143721605, 0.9919073671722833, 0.0014905956207802498], [0.03699907180765274, 0.0041214608324618785, 0.01804723724592276, 0.9408322300139627], [0.017275358329135626, 0.005880274585979768, 0.9740450782672571, 0.0027992887176274826], [0.028525266484354238, 0.00856765666853089, 0.0023799683481287586, 0.9605271083989861]], "ideal": "A", "sampled": "A", "correct": true}}
{"type": "result", "data": {"idx": 5, "options": ["a useful strategy for helping the client understand the present.", "a way for the client to avoid coming to terms with the present.", "\"the \"\"second layer\"\" of therapy.\"", "\"a way for achieving \"\"closure\"\" near the end of therapy.\""], "probs": [[0.9977793496077659, 0.0011518301203893668, 0.00043746929733474445, 0.0006313508745099388], [0.9958518467179681, 0.0017938911417045064, 0.0005873822793355388, 0.001766879760991819], [0.9972883296341393, 0.0014548556697979765, 0.00046546474265112746, 0.0007913498534116349], [0.9978910145721489, 0.0011696429524396775, 0.0002674397402379745, 0.0006719026351733971], [0.9963381883471724, 0.0011771172037286105, 0.0007031901943801971, 0.0017815041547188503], [0.9980162397414221, 0.0008626681599751536, 0.0003830031268941754, 0.0007380888717085634], [0.0029472031831762604, 0.986157403005985, 0.004254160338664822, 0.0066412333721739755], [0.003521907356041457, 0.9843990095849868, 0.004850984202654423, 0.007228098756317314], [0.02315543999581868, 0.05342111760264795, 0.89101147794493, 0.032411964356603366], [0.01744786243927234, 0.04056539308657289, 0.0025983084425848777, 0.9393884359315698], [0.00651866815022512, 0.005363319634171678, 0.9764008106879666, 0.011717201427636579], [0.025741095840243717, 0.012945967351351817, 0.10691643941598973, 0.8543964972924147], [0.006590585729229402, 0.971088892042458, 0.007468783341110812, 0.0148517387872018], [0.005938350788719228, 0.975973665230855, 0.005711624047178339, 0.012376359833247353], [0.0072658660342427486, 0.004409126795280445, 0.9757689519144583, 0.012556055156018493], [0.0130598203869061, 0.007738533716505258, 0.002852256687129443, 0.9763493891094592], [0.0014158692266725557, 0.0004461869050563808, 0.9957856201824932, 0.0023523235857779096], [0.004896153465705199, 0.0025411465961779306, 0.004571855753755789, 0.9879908440843611], [0.00272751442828506, 0.9866726624911699, 0.004256831114086784, 0.006342991866458184], [0.002908151670787319, 0.9883790473203187, 0.004100719380197803, 0.004612081528696232], [0.0035924499984398843, 0.0050294561679823145, 0.9822718108476259, 0.009106282885951895], [0.008246332959132763, 0.01059158962355665, 0.28227200013890424, 0.6988900771784063], [0.007547668315950051, 0.026970371886222505, 0.9522333902434535, 0.013248569454373917], [0.0056470109954974024, 0.3991450592635581, 0.004615139129759437, 0.5905927905111851]], "ideal": "B", "sampled": "A", "correct": false}}
{"type": "result", "data": {"idx": 6, "options": ["the efficiency of controlled memory processes", "metamemory skills, or knowledge about memory", "recognition memory", "the amount of factual memory knowledge available"], "probs": [[0.9371451527644142, 0.027009706489934452, 0.016389465416231545, 0.019455675229419808], [0.95784010796408, 0.024745781889898594, 0.006259727052114026, 0.0111543829939073], [0.8058957662497533, 0.10574183099909765, 0.05661276080650993, 0.03174964184463912], [0.7490706658453457, 0.1364516288806876, 0.03910704564379018, 0.0753706595301766], [0.9396824800785374, 0.02504612682119588, 0.020773183474947478, 0.014498209525319215], [0.8739428313965136, 0.044203898047134975, 0.02682403222161656, 0.05502923823473483], [0.6926387859969604, 0.2047833567182942, 0.0350421764463015, 0.06753568073844393], [0.6986430520900838, 0.2570827689276781, 0.008937318176761098, 0.035336860705476925], [0.6508863494912864, 0.04941109139636292, 0.2510433764760605, 0.04865918253629009], [0.7403505940230081, 0.07216709590356986, 0.06273269328290415, 0.12474961669051789], [0.6753195981219942, 0.029209246257562434, 0.24087893466912141, 0.054592220851322024], [0.8135171850029109, 0.03057134829528076, 0.03866484167033037, 0.11724662493147793], [0.6710713412952612, 0.22135827591203935, 0.07415067129075181, 0.03341971140194758], [0.6324700853893264, 0.2439024055632473, 0.04442706802997674, 0.07920044091744953], [0.5375708816950933, 0.3418399912855918, 0.08778748464181485, 0.03280164227750016], [0.46569907747338907, 0.4242270894375659, 0.018350562113086458, 0.09172327087595857], [0.6162039912414059, 0.1534008601184655, 0.1633508576297215, 0.0670442909104071], [0.6122736975852839, 0.17004236703932357, 0.14101193948924026, 0.07667199578615219], [0.6705720611337197, 0.246766589001288, 0.061434874158771434, 0.02122647560622086], [0.634397399779493, 0.1996647119572239, 0.05903988636142549, 0.1068980018018575], [0.778586163640137, 0.1396180566189529, 0.055559572861740174, 0.02623620677916989], [0.7848494194960812, 0.13856425079902468, 0.016047389249632872, 0.06053894035526121], [0.7596434354022461, 0.08007392286453595, 0.07764347641883707, 0.08263916521438089], [0.7136024342300523, 0.09508659831357721, 0.11838493671403033, 0.07292603064234007]], "ideal": "A", "sampled": "A", "correct": true}}
{"type": "result", "data": {"idx": 7, "options": ["Parkinson's disease", "Vascular Dementia", "a right frontal lobe tumor", "Alzheimer's disease"], "probs": [[0.04250700462194897, 0.6863288384932721, 0.04743193532695807, 0.22373222145782082], [0.08739990935494502, 0.4653088255947918, 0.3197588097675495, 0.12753245518271367], [0.05354169522730491, 0.20678934992095266, 0.4178840328528387, 0.32178492189890373], [0.12176820777500715, 0.4252737734408676, 0.2833015106292425, 0.1696565080548827], [0.09567608897197338, 0.4356696702626463, 0.2947970694335886, 0.1738571712317917], [0.054296765268764334, 0.4405736310318105, 0.09530302845738343, 0.4098265751420417], [0.03507989775419318, 0.8439047946226146, 0.023195673042004535, 0.09781963448118768], [0.047139499933623194, 0.823059558416096, 0.08405242383368017, 0.04574851771660059], [0.020451109705869063, 0.04536083347872312, 0.792009956385805, 0.14217810032960285], [0.09121285106185345, 0.23295415241313527, 0.14814945612411012, 0.5276835403009011], [0.03498470808949434, 0.13408972421504559, 0.7481942827861919, 0.08273128480926815], [0.05306679283544993, 0.32513957606842453, 0.030017867122236187, 0.5917757638738894], [0.030755356867675752, 0.745786271789188, 0.07857194776261758, 0.1448864234805186], [0.02873559657667964, 0.8470636573813787, 0.05671984680651721, 0.06748089913542447], [0.022882430946142007, 0.3110315050167763, 0.5633319878076316, 0.10275407612945016], [0.04376435700848058, 0.6535752488046194, 0.08309070858002333, 0.21956968550687667], [0.03151703986390282, 0.26600423353484, 0.5996761299082132, 0.10280259659304401], [0.05320874208719636, 0.48966109565345445, 0.05580443122497789, 0.4013257309343713], [0.02877454822513325, 0.8284042985976995, 0.08725356846057505, 0.05556758461659221], [0.016341109441848856, 0.8194212286914462, 0.02802167246044991, 0.13621598930625506], [0.03129276563004925, 0.26823490255843924, 0.5951979622722976, 0.1052743694392139], [0.02087770782529293, 0.48663580594052663, 0.025393612774878584, 0.46709287335930183], [0.021968428964813637, 0.11331186702054678, 0.7510806595623893, 0.11363904435225022], [0.030337725618499376, 0.2768688231482299, 0.11189593779929702, 0.5808975133339737]], "ideal": "A", "sampled": "A", "correct": true}}
{"type": "result", "data": {"idx": 8, "options": ["unethical, because the client's needs were not addressed more directly", "unethical, because the psychologist should have delayed the trip and given the client an appointment for that afternoon", "unethical, because the psychologist should have called a physician directly", "ethical, because it was not possible to determine whether or not the client was being manipulative"], "probs": [[0.9957748947672566, 0.002063425304980855, 0.001114791857360756, 0.0010468879704018143], [0.9925792680977784, 0.0035812190366539677, 0.0011553397704392532, 0.0026841729951283338], [0.9964310625804017, 0.0018221782627214815, 0.0007549374658048611, 0.0009918215910718993], [0.9959488536948208, 0.0019539932294933052, 0.0006554420502760586, 0.0014417109254098147], [0.9934946632672856, 0.002994951533406073, 0.001450388916304328, 0.0020599961830039164], [0.993470867168701, 0.0031142540423604735, 0.0018476276090961872, 0.001567251079842265], [0.013532684282762721, 0.9640215637824179, 0.012617466194454991, 0.009828285640364367], [0.010182400623811257, 0.9609137262448112, 0.007001208700406695, 0.021902664330970822], [0.15368866573887977, 0.36879133941951064, 0.4452736112979036, 0.032246383443705964], [0.018444172434949817, 0.6817753688103119, 0.01102520023745873, 0.28875525841727956], [0.0043174081122868005, 0.002008134569124714, 0.9857900485967085, 0.007884408621879986], [0.03380638998649344, 0.011411929140583671, 0.053244350649393174, 0.9015373301235297], [0.03428089003169115, 0.9342056446709311, 0.013858384401793362, 0.017655080795584394], [0.026925784436195813, 0.9275740029941019, 0.012237390966110854, 0.03326282150359149], [0.3300244770983887, 0.07597412828370258, 0.5623006757274412, 0.031700718790467396], [0.22894019118318934, 0.05438336803162649, 0.010553961970082503, 0.7061224787151017], [0.015398060414648166, 0.003490981746321165, 0.9687290470363423, 0.012381910702688372], [0.05198340901200249, 0.008486734765565601, 0.016376329706285376, 0.9231535264161466], [0.0015872800431004721, 0.9766175091617244, 0.009879652022452659, 0.011915558672722414], [0.002621841262106094, 0.970935922184336, 0.015571001644068072, 0.010871234809489821], [0.004086812936778842, 0.00455928917455893, 0.9781532832562257, 0.013200614532436445], [0.02914302276740555, 0.02802610442375865, 0.12188141923892912, 0.8209494534699067], [0.013214194559099697, 0.012710220510625677, 0.9570958266928007, 0.016979758137473874], [0.028274990878732788, 0.09716015398611226, 0.020229837112246275, 0.8543350179229087]], "ideal": "A", "sampled": "A", "correct": true}}
{"type": "result", "data": {"idx": 9, "options": ["clarify boundaries between family members in order to reduce enmeshment.", "work initially with the most differentiated family member.", "\"use a multiple-therapist team to prevent any one therapist from becoming \"\"triangulated\"\" into the family system.\"", "\"issue specific \"\"directives\"\" designed to counteract dysfunctional processes.\""], "probs": [[0.9953864713359065, 0.002047677736751322, 0.0004197055199142204, 0.0021461453074279853], [0.9964059137328976, 0.0018669608129826486, 0.00042366927189207873, 0.0013034560822277259], [0.9925717604538474, 0.0015657129080995447, 0.0037874611510150223, 0.0020750653870379313], [0.9905429410103439, 0.001574568417281388, 0.00119886576948386, 0.006683624702890875], [0.9950352521479179, 0.0015221057761926492, 0.0019556231984623595, 0.0014870187774271178], [0.9841936239158867, 0.0020729623611294603, 0.0009351854670609116, 0.01279822815592284], [0.02768183556658766, 0.9395334282167693, 0.009277851819164313, 0.023506884297478714], [0.02644548546099425, 0.9337647551631006, 0.01643136620108839, 0.02335839307481669], [0.07016546173935631, 0.015662673625830053, 0.8695182669855132, 0.04465359754930045], [0.11304979328044695, 0.025232876592790544, 0.01112045862874639, 0.8505968713980161], [0.08640128292768254, 0.029643637780454625, 0.847322098385355, 0.03663298080650788], [0.09202943119353069, 0.027211330511487077, 0.005621025900210083, 0.8751382122947722], [0.027903082981442666, 0.8901121383358586, 0.04496623457979152, 0.037018544002907286], [0.02517064416739189, 0.9025311787052535, 0.03233896627395892, 0.03995921075339568], [0.05164610851085553, 0.03693212858369887, 0.8755715292806453, 0.03585023352480028], [0.09908988221836383, 0.060119757859527105, 0.021461406744314522, 0.8193289530777945], [0.06992877378254368, 0.03280367750798964, 0.8271660331132266, 0.07010151549624014], [0.13732789142003332, 0.09743179469673284, 0.0432735085268657, 0.7219668052563681], [0.008267459689766242, 0.9721495779790948, 0.011305260786734456, 0.008277701444404416], [0.006875523595504382, 0.9747311669981817, 0.005233313819756931, 0.013159995486556973], [0.038046030485728174, 0.0787505025151373, 0.8611474843439234, 0.022055982555211143], [0.049553234253427315, 0.04879626265656992, 0.006929283102835634, 0.8947212198871671], [0.03412277043864146, 0.01690604246901249, 0.8951765135424768, 0.053794673449869136], [0.0685848822270658, 0.03396676133208623, 0.045743216165373184, 0.8517051401754748]], "ideal": "A", "sampled": "A", "correct": true}}
{"type": "result", "data": {"idx": 10, "options": ["A true experiment", "A cross-sequential cohort design", "A natural experiment", "A cross-sectional cohort design"], "probs": [[0.12167054073588876, 0.7940855399632543, 0.029383582170435688, 0.05486033703042129], [0.2109412542857093, 0.7142087193825073, 0.0339401437533974, 0.04090988247838598], [0.261685474984377, 0.2659231563586413, 0.35800073393575194, 0.11439063462122975], [0.3507185008079651, 0.40390482841792485, 0.11217958562578213, 0.13319708504832792], [0.3126623010869415, 0.3490083489291917, 0.25543466017497296, 0.08289468970889387], [0.3566686808706289, 0.4654807745944889, 0.07719629257145441, 0.10065425186342777], [0.34178050330497833, 0.1948025466365756, 0.3163271451774668, 0.14708980478097927], [0.6102597576456514, 0.17488991821544553, 0.13842381226175032, 0.07642651177715276], [0.2555662615172923, 0.0842931617922782, 0.5675084421213661, 0.09263213446906339], [0.48703666713597704, 0.09591317604625024, 0.12133654003136372, 0.29571361668640894], [0.6393798255604476, 0.1642666373247563, 0.10124965973119014, 0.0951038772836059], [0.373886528379234, 0.12923404669388752, 0.03823398826808348, 0.45864543655879497], [0.04058368261743958, 0.828567216994922, 0.06391215687874653, 0.06693694340889186], [0.02549271366001573, 0.927673667148963, 0.014089422745190126, 0.032744196345831075], [0.027598684291034035, 0.872713137127747, 0.05758876277839185, 0.042099415702827075], [0.034883813495880156, 0.7698898630146753, 0.033845072133046654, 0.1613812512563978], [0.1336668749566354, 0.29671386323455945, 0.4818786155975578, 0.08774064611124736], [0.09656403382265322, 0.31673197047332774, 0.19223070487062843, 0.3944732907333906], [0.22758557917519565, 0.20407837049462743, 0.39366369215174385, 0.1746723580784331], [0.17951233263082272, 0.18820282446665004, 0.46609392555427254, 0.16619091724825472], [0.18129112639360964, 0.5765430711921037, 0.09866232056442033, 0.1435034817498663], [0.19272840721463413, 0.30810861513962784, 0.03625246360991059, 0.46291051393582744], [0.14394209430903648, 0.08076166721795527, 0.7093223053694775, 0.06597393300353073], [0.19107952503227515, 0.06107838115755953, 0.18539534260384552, 0.5624467511063198]], "ideal": "B", "sampled": "B", "correct": true}}
{"type": "result", "data": {"idx": 11, "options": ["recall of words", "verbal comprehension", "verbal learning", "production of speech"], "probs": [[0.0015544053993726498, 0.009672639888370502, 0.001330437359391315, 0.9874425172528656], [0.003969927597142073, 0.01954155925036358, 0.9717731562112737, 0.004715356841220645], [0.0016766213633493657, 0.010933897513782171, 0.0023659421564738046, 0.9850235388663947], [0.004706958115462621, 0.015924408377722056, 0.9703642327336424, 0.00900440067317293], [0.002605211281576304, 0.9954613076706407, 0.0009968338061618544, 0.0009366471416212086], [0.0018472613883535644, 0.9954607141933248, 0.001086239251090085, 0.001605785067231505], [0.0010236561837794094, 0.0049609060362634985, 0.002344509496934126, 0.9916709281830229], [0.0016011012616789833, 0.003209693384262441, 0.9929660766212547, 0.0022231286328038987], [0.0008953512897017548, 0.007438749573432059, 0.0011414810615921517, 0.990524417975274], [0.0033168621322446096, 0.006101327646787629, 0.9870779779919188, 0.0035038321290490316], [0.0021623417122531583, 0.9966322115899002, 0.000718861929845058, 0.0004865846680015568], [0.0020317203833313067, 0.996823737137229, 0.0006345069705741879, 0.0005100354088654116], [0.0011333280456356572, 0.005200043273386911, 0.0018407297637550884, 0.9918258988172223], [0.003060511924100563, 0.006790683460976661, 0.9848183264210733, 0.005330478093849521], [0.001381805699105766, 0.017920598097665896, 0.0012788995728311098, 0.9794186965303973], [0.006568559963178736, 0.02722775392160104, 0.9601746789041079, 0.006029007111112271], [0.002140897410447384, 0.9945355449213239, 0.0016939939899380356, 0.0016295635782906633], [0.0024437046378000386, 0.9939990166568387, 0.0020743917152129918, 0.0014828868901483202], [0.9990762854460485, 0.0005487118242731668, 0.00011785383408877167, 0.00025714879558953816], [0.998432366556845, 0.000823197327619957, 0.0002003565953130697, 0.0005440794202219762], [0.9990529480669611, 0.0005236351895401287, 0.00012744069761455845, 0.00029597594588418047], [0.9993009633715534, 0.0003922912666359544, 9.18282263675553e-05, 0.00021491703544306332], [0.9987839919240689, 0.0006464423981818542, 0.0001489884699167903, 0.00042057710783249385], [0.9990556251421543, 0.0005402256185666445, 0.00014898379450905858, 0.00025516534477003236]], "ideal": "D", "sampled": "D", "correct": true}}
{"type": "result", "data": {"idx": 12, "options": ["the child\u2019s intelligence.", "the child\u2019s \u201cbasic personality.\u201d", "the strength of the parent-child attachment.", "the parents\u2019 childrearing behaviors"], "probs": [[0.000258768340524689, 0.0029336464772650897, 0.005194262880888054, 0.9916133222013221], [0.00033377725586664986, 0.002142123679682921, 0.9956475656699236, 0.0018765332945267822], [0.0002779170579118672, 0.005932712708979906, 0.0011076466641874029, 0.9926817234689208], [0.0004568098031868659, 0.012144598584854288, 0.9813330345290191, 0.006065556982939698], [0.00038733947397527076, 0.9957310990356532, 0.0015807503327763906, 0.0023008110575952084], [0.0004527371172501275, 0.9954867210040287, 0.0015927605740059811, 0.002467781204715248], [0.0003005744280445429, 0.0021661637903997713, 0.004847994872104444, 0.9926852668094512], [0.00027072031799275665, 0.0016838569964788873, 0.9968602379701896, 0.0011851846153386868], [0.00037667677050485696, 0.006361886067143888, 0.001016039190745522, 0.9922453978716057], [0.0005721145000457274, 0.008140877112077321, 0.9878099235094409, 0.0034770847784361355], [0.000446200699622029, 0.9966005985058085, 0.0012418815865423676, 0.0017113191080270903], [0.0004975383253992069, 0.9961186479425838, 0.0013527324316953391, 0.0020310812003216574], [0.0007692144149490691, 0.0026832800107961016, 0.0014603412676757273, 0.9950871642065791], [0.0004896516890104721, 0.0019817661872334226, 0.9958323792436612, 0.0016962027800948673], [0.0007003830399538971, 0.00281201116859896, 0.0011921402770491074, 0.9952954654143981], [0.0005632767520240318, 0.00201177970284224, 0.9954588488347405, 0.0019660946103932835], [0.0009269054321597964, 0.9933508622997698, 0.0023306561138149843, 0.003391576054255427], [0.0007566617179472557, 0.9935297622841721, 0.0022949590931846953, 0.0034186168046959], [0.998312507726602, 0.001225649042277206, 6.985828211059577e-05, 0.000391984849010283], [0.9983937071800667, 0.001124874447688223, 7.378341925783785e-05, 0.0004076348529872835], [0.9986605424439968, 0.000985373952814924, 5.573412575936873e-05, 0.000298349377428892], [0.9988668932162476, 0.0008171954263061804, 4.84499559930288e-05, 0.0002674613014532469], [0.9986502272212721, 0.0009185780933641714, 6.566176195292279e-05, 0.0003655328234108527], [0.9988602354276405, 0.0007983217328703666, 4.9988891759638263e-05, 0.0002914538477295215]], "ideal": "D", "sampled": "D", "correct": true}}
{"type": "result", "data": {"idx": 13, "options": ["is nonresponsive to visual or auditory stimuli and seems to be in a state of deep sleep.", "is confused and incoherent, may exhibit bizarre behavior, and is unable to care for him/herself.", "is alert and oriented and can remember and integrate remote and recent events but may have some impairment in judgment, planning, and abstract reasoning.", "is functioning at an intellectual level that is superior for his/her age, education, and demographic background."], "probs": [[0.20888283691043844, 0.2857587613940675, 0.4564957286222077, 0.048862672973286385], [0.1413785830897862, 0.6342500518475646, 0.031072948472144965, 0.19329841649050428], [0.1729471307992634, 0.25183724228737087, 0.5085175405596908, 0.06669808625367489], [0.42769998706046114, 0.2941643920820749, 0.0226764587912054, 0.25545916196625856], [0.038925227472152504, 0.007431025503865881, 0.846137100138421, 0.10750664678556059], [0.31084527462208905, 0.017268126217608388, 0.47426913485568817, 0.19761746420461437], [0.5772417832231458, 0.02038268972536008, 0.3849365544980897, 0.017438972453404405], [0.8463774757989526, 0.02638420971509338, 0.017861200760497613, 0.1093771136254564], [0.7104030635122424, 0.2069113341687437, 0.06019491522321416, 0.022490686995799744], [0.9042017357912764, 0.07311464763691053, 0.008732589794575486, 0.013951026677237544], [0.5849171102782389, 0.017394136198018658, 0.05360307580102947, 0.344085677622713], [0.4167136712532769, 0.022788624236989123, 0.5354667514861638, 0.02503095292357015], [0.9858067544958217, 0.006444454915695683, 0.0024089871812838057, 0.005339803307198865], [0.9855622114117453, 0.007299567617930748, 0.0024645778037340085, 0.004673643066589964], [0.9902708627460933, 0.004590935773771741, 0.0019598718676310774, 0.0031783295125038698], [0.9911680715072205, 0.004086708607717788, 0.002087548586365596, 0.0026576711986961324], [0.9869718124097312, 0.005919314307012318, 0.002354977641027303, 0.0047538955422292235], [0.9896887530610378, 0.004551531742289431, 0.0018685590456526781, 0.0038911560510201696], [0.04007242173095327, 0.06305452160312915, 0.780877886699871, 0.11599516986604659], [0.05828307329610612, 0.0556283458567967, 0.8179359100041862, 0.06815267074291095], [0.017408043110174853, 0.9364218882639813, 0.015608475703869383, 0.030561592821974414], [0.01300667613108593, 0.9270979795968951, 0.0370592191695902, 0.022836125002428764], [0.0056306232969514074, 0.9852780854337462, 0.0043858674252475, 0.004705423744054901], [0.007467311180615841, 0.9787105707307985, 0.006695084129734138, 0.007127033858851494]], "ideal": "B", "sampled": "C", "correct": false}}
{"type": "result", "data": {"idx": 14, "options": ["decline the request to testify.", "agree to testify only if she obtains consent from both parents.", "agree to testify only if she can evaluate all of the involved parties.", "agree to testify only if her familiarity with the child won''t bias her testimony."], "probs": [[0.9899002035791099, 0.004622019044627551, 0.0011977669003830009, 0.004280010375879516], [0.9964665089750974, 0.0019549253458080906, 0.000514610053272506, 0.0010639555258220215], [0.9873213835320968, 0.008546730146355512, 0.0009831251305762944, 0.00314876109097143], [0.9880500316144939, 0.007909118579175594, 0.0011499288347820618, 0.002890920871548457], [0.9954904886622084, 0.0021958419609519947, 0.000615326067088328, 0.0016983432097512799], [0.9922767642071293, 0.003110477207332734, 0.0010846031619280879, 0.003528155323609903], [0.015035754033060563, 0.9451968636280945, 0.015161734045225195, 0.024605648193619656], [0.012458742562881486, 0.9670232039321819, 0.006724208612371386, 0.01379384479256521], [0.08385662877376708, 0.00933750744909916, 0.8749594656137499, 0.03184639806338387], [0.09471418756130913, 0.013860364514164402, 0.005564940655612985, 0.8858605071689135], [0.05487122337597573, 0.005350244649311712, 0.9146484054742665, 0.025130126400446026], [0.06765667368939265, 0.006699228019674197, 0.005063964626498486, 0.9205801335644347], [0.0047468740950270556, 0.9861770978879818, 0.002685648955445409, 0.006390378961545739], [0.00525447057433882, 0.9861127099026591, 0.0028142700164250317, 0.005818549406577008], [0.11235908187556615, 0.011570432916477425, 0.8313531704442244, 0.04471731466373204], [0.07697933854153352, 0.0091235404145271, 0.003692300031022301, 0.9102048209129171], [0.07646393065723535, 0.008252852633947618, 0.8900540511633283, 0.02522916544548875], [0.10294011595783965, 0.013933092766609262, 0.006489663142447036, 0.876637128033104], [0.002478333593177501, 0.9922324168525493, 0.0019010318894572716, 0.003388217564815952], [0.002593359818516492, 0.9907514103620808, 0.002574253969402522, 0.004080975750000192], [0.04144342787477502, 0.0060192214772700516, 0.92964124957062, 0.022896100977334927], [0.03806528860203078, 0.005192400940283091, 0.00404961318160493, 0.9526926971760812], [0.03184548164203626, 0.003956981650448903, 0.9466003095825536, 0.017597227024961293], [0.05263214984284929, 0.008199422703416313, 0.005019689029713715, 0.9341487383240207]], "ideal": "A", "sampled": "A", "correct": true}}
{"type": "result", "data": {"idx": 15, "options": ["goals serve 2 purposes: they are a basis for motivation and they direct behaviors", "goal attainment is maximized when goals are specific and highly difficult", "goal attainment is maximized when frequent feedback is given", "worker participation in goal-setting is also good"], "probs": [[0.028041585093429564, 0.8201769788158458, 0.04590982309423934, 0.1058716128964853], [0.027200723013540637, 0.777047990227555, 0.07284359619625964, 0.12290769046264469], [0.044382089545709984, 0.04911782324149344, 0.7574230040232202, 0.14907708308957643], [0.1743782039464708, 0.25787327075217237, 0.26607013142532954, 0.30167839377602734], [0.0575504066540029, 0.06471270177508395, 0.7529486844766738, 0.12478820699423925], [0.13521968632893713, 0.37940397136017306, 0.16064261855918793, 0.32473372365170183], [0.8000897913320955, 0.03685993867409031, 0.05799996528194694, 0.10505030461186732], [0.8055714603942561, 0.032245627091031105, 0.07981307446994126, 0.08236983794477153], [0.7900907720245035, 0.03262857108577496, 0.07353592219546877, 0.10374473459425272], [0.7461326884357903, 0.03080917218337955, 0.08916530211492739, 0.1338928371659028], [0.7843920850696895, 0.06544070909622952, 0.05341571375469698, 0.09675149197938396], [0.7774345874008942, 0.06384560465174227, 0.04123184829538014, 0.11748795955198335], [0.09330730328179318, 0.09931077215210271, 0.5902595763653595, 0.21712234810074454], [0.4457528658009971, 0.06524984327608725, 0.25015320441371014, 0.23884408640920549], [0.013034350735143597, 0.8723736141562907, 0.04411045629884339, 0.07048157870972234], [0.012245568137666958, 0.8455934907106504, 0.04275712262929108, 0.09940381842239154], [0.31590560075461854, 0.287761479587389, 0.07507675885403407, 0.32125616070395835], [0.055488869542295045, 0.13309560714821234, 0.6456690429995505, 0.16574648020994207], [0.07776564909316534, 0.055152826184120776, 0.7502649956751434, 0.11681652894757047], [0.25534746238529865, 0.08295091302571866, 0.3229628825085472, 0.33873874198043546], [0.025682271669408528, 0.8445349098865608, 0.04617513959276284, 0.0836076787512678], [0.028410238285119207, 0.8708746740591975, 0.029795057260443417, 0.07092003029523992], [0.1529182780163682, 0.37283056692902283, 0.08319131222137893, 0.39105984273323], [0.03204374244293169, 0.04050648403478732, 0.8403021912791468, 0.08714758214313412]], "ideal": "B", "sampled": "B", "correct": true}}
