{"type": "result", "data": {"idx": 0, "options": ["Cerebral infarction during the hospitalization", "Complication of the IVC filter placement", "Compression of the lateral femoral cutaneous nerve", "Hematoma of the left thigh"], "probs": [[0.004431292173480259, 0.06985327210231022, 0.9081804616361111, 0.017534973988098352], [0.0026395473612389714, 0.01191077536782455, 0.006189658164515777, 0.9792600190064207], [0.0038887863639760238, 0.9674253594276693, 0.014116754884284159, 0.014569099224070476], [0.003100683208425252, 0.9674841017263743, 0.013159621425828178, 0.01625559353937218], [0.0028632897312470514, 0.0032945559053560156, 0.01107075692106154, 0.9827713973423354], [0.002282567273132376, 0.011772286824857222, 0.967268028900936, 0.018677116901074417], [0.017218136818962372, 0.01202496899392538, 0.9494863991618693, 0.021270494925242956], [0.08341271596440768, 0.006537760272491592, 0.011218138262615944, 0.8988313854004848], [0.019587069143917994, 0.967588248345717, 0.004585661288274682, 0.008239021122090332], [0.02392052023300335, 0.9642628816513037, 0.006595280750551177, 0.005221317265141762], [0.05378023071790229, 0.012978802216228071, 0.007122727922188212, 0.9261182390436814], [0.05213559560549922, 0.03756371883463191, 0.8975176504259005, 0.012783035033968413], [0.9817461863076338, 0.005321209404949211, 0.008380355646836533, 0.004552248540580452], [0.9524902798003705, 0.009059229026249416, 0.008264081636460079, 0.03018640943691997], [0.9904009282605859, 0.006426084981609992, 0.0014824822386203414, 0.0016905044191837977], [0.9899402592846173, 0.006678556316109134, 0.0016917394808795671, 0.0016894448183940643], [0.9687852777886033, 0.009433305162460747, 0.005343881993214651, 0.016437534955721266], [0.9911083248338624, 0.0037222323824773027, 0.003555408968937451, 0.0016140337147228618], [0.0027416444325256907, 0.0019445144373081273, 0.009208706493682365, 0.9861051345364839], [0.0020788686479593617, 0.004613057635658824, 0.9747751793642179, 0.018532894252163937], [0.002024087511248759, 0.007876121110250493, 0.002879368827230219, 0.9872204224512705], [0.004270324035322234, 0.0637300538643657, 0.9236363210316643, 0.008363300968647796], [0.006395449920806841, 0.9648925750938442, 0.009457692591064996, 0.019254282294284004], [0.00785918612948767, 0.9676989740783475, 0.016003938107012554, 0.00843790158515224]], "ideal": "C", "sampled": "C", "correct": true}}
{"type": "result", "data": {"idx": 1, "options": ["Braxton Hicks contractions", "lower uterine retraction ring", "hypotonic uterine dysfunction", "primary dysfunctional labor"], "probs": [[0.38504374421714493, 0.17102705283806502, 0.08737060585984498, 0.3565585969849451], [0.2921517127724265, 0.12576913551244548, 0.467560757629888, 0.11451839398524], [0.34809309113287906, 0.15222199017106594, 0.10464768223255834, 0.39503723636349664], [0.32604489764023364, 0.12783543002307998, 0.4533290294355399, 0.09279064280114653], [0.15944662742813007, 0.6221227651778307, 0.07541963442745046, 0.14301097286658873], [0.15964072227487716, 0.6682949362789145, 0.05700075370990058, 0.11506358763630775], [0.05541128768833661, 0.3701439916275148, 0.08388570289028463, 0.4905590176938639], [0.08991347043291453, 0.2905670279311858, 0.5021441281617683, 0.11737537337413133], [0.06815119239344349, 0.2827020946466321, 0.11244376999007251, 0.5367029428698519], [0.0708695489874735, 0.08964384402724318, 0.7279189283047406, 0.1115676785805427], [0.027547175610881904, 0.8647419970416433, 0.026097190054444316, 0.0816136371930304], [0.02914618201375609, 0.8461467200185857, 0.03278884358502355, 0.09191825428263466], [0.09447790610979521, 0.33002304781636194, 0.07193755304140537, 0.5035614929324375], [0.13834921086579718, 0.3073372038441908, 0.4760241188808817, 0.07828946630913033], [0.14234674823927462, 0.1380243383522494, 0.14699126164583273, 0.5726376516626432], [0.08569012836821675, 0.07106936189028301, 0.7296456911324681, 0.11359481850903205], [0.10091375596152571, 0.76442176380717, 0.04696225019433207, 0.08770222993697223], [0.10704450001797097, 0.6988866018838883, 0.05870175229066429, 0.1353671457074764], [0.7354575799109587, 0.10946930658361431, 0.04219062888448332, 0.11288248452094361], [0.8124784215239844, 0.08779995871239588, 0.026977034232718213, 0.07274458543090144], [0.7965727150920406, 0.08405857964291338, 0.04225820145116607, 0.0771105037138799], [0.8001528500619361, 0.07165997792600373, 0.026360994493650144, 0.10182617741840998], [0.82508472615463, 0.06032391184043715, 0.04733084743481312, 0.06726051447011969], [0.7910499277273794, 0.06400891899389247, 0.029072633789827114, 0.11586851938890101]], "ideal": "C", "sampled": "D", "correct": false}}
{"type": "result", "data": {"idx": 2, "options": ["The findings are clinically and statistically significant", "The findings are clinically insignificant but statistically significant", "The findings are clinically significant but statistically insignificant", "The findings are neither clinically nor statistically significant"], "probs": [[0.7565391687163374, 0.17448657814339824, 0.04140581950654961, 0.027568433533714708], [0.8081369724313691, 0.1429560285417672, 0.025610151770789798, 0.02329684715607392], [0.9589110957901245, 0.016522893249601923, 0.011904322230630331, 0.012661688629643227], [0.9592119353622891, 0.014586476479367002, 0.016025502931596755, 0.010176085126747109], [0.8254421156219754, 0.05281892674128786, 0.07930857326419104, 0.042430384272545627], [0.9125923378570658, 0.032758020962861206, 0.03598897243019574, 0.018660668649877254], [0.5105663775219557, 0.4373420084082905, 0.025445570488969168, 0.026646043480784705], [0.36547640628028816, 0.584949873537384, 0.019094471539860294, 0.03047924854246752], [0.8286309158350396, 0.031657607490877926, 0.10384841901267738, 0.03586305756140516], [0.8854895200235426, 0.026769630508541233, 0.03282051893434846, 0.054920330433567664], [0.6497134662472205, 0.05507286347006672, 0.23930216189766276, 0.05591150828504998], [0.8385327426305341, 0.04885712247279055, 0.03205988916411813, 0.0805502456325572], [0.21682069825866707, 0.7009991402112039, 0.04078457527182983, 0.04139558615829913], [0.19500889608582195, 0.7370914494660807, 0.03555331138737029, 0.032346342960726984], [0.26391962167961697, 0.11534574626722824, 0.5173197984178115, 0.10341483353534334], [0.46937258095903645, 0.22908390078080437, 0.08969574621232869, 0.2118477719478305], [0.3076902077442256, 0.12249181159545493, 0.5000488347765153, 0.06976914578380414], [0.4654447595177134, 0.1882637533874672, 0.14896378965784224, 0.19732769733697714], [0.35570362736756417, 0.5347829540251804, 0.059048649797624066, 0.05046476870963135], [0.3397960535367034, 0.597276777204884, 0.03368319740078966, 0.029243971757622833], [0.4226165052435899, 0.19065336597065896, 0.3047680511055393, 0.08196207758021182], [0.6712126510224194, 0.16986947709129102, 0.05264717261602861, 0.1062706991702609], [0.5232247670721458, 0.08816704087443353, 0.3177639818040361, 0.07084421014938455], [0.5933949483351442, 0.1388603628778259, 0.0687733680411953, 0.19897132064583462]], "ideal": "B", "sampled": "A", "correct": false}}
{"type": "result", "data": {"idx": 3, "options": ["Atrial fibrillation", "Cor pulmonale", "Systemic hypertension", "Tricuspid valve regurgitation"], "probs": [[0.035723079391607286, 0.4254480349455907, 0.3471717276878501, 0.19165715787495194], [0.02780890366296914, 0.47069223220739115, 0.16257149494250756, 0.33892736908713217], [0.035175965805230074, 0.5776574273272707, 0.22951590548466833, 0.15765070128283096], [0.02412018980685538, 0.6950671296673586, 0.10810911070375093, 0.17270356972203502], [0.023835743729647186, 0.10189146875015913, 0.5600343116543787, 0.314238475765815], [0.028969243247918223, 0.1219602301135002, 0.5469138285563913, 0.30215669798219025], [0.08573621084936203, 0.27249975024790557, 0.415822670411559, 0.2259413683911734], [0.08951436115672648, 0.34320587427769095, 0.23968157526959627, 0.3275981891959863], [0.09005480735430177, 0.5354914505097788, 0.16834480557114848, 0.20610893646477094], [0.08690424359283416, 0.5857531995097529, 0.16758722198296017, 0.15975533481445278], [0.08323771815800214, 0.43645791840874815, 0.170872202903536, 0.30943216042971367], [0.08180423886110098, 0.3340170706028787, 0.3785101203130919, 0.2056685701229284], [0.4170918277788976, 0.1940668734386119, 0.2035721300232032, 0.1852691686592873], [0.51394007453697, 0.20778814014116315, 0.1112866633487714, 0.1669851218730955], [0.49240317156769414, 0.24786245438343266, 0.11177230379830033, 0.14796207015057286], [0.5451363405805527, 0.2347042148281506, 0.10583629615792693, 0.11432314833336978], [0.4197893488112904, 0.1983936012550324, 0.13857973284648473, 0.24323731698719253], [0.4165385650770639, 0.16063012474434682, 0.24906222154226101, 0.17376908853632828], [0.01980278640787461, 0.09153317659177976, 0.5881848334677928, 0.3004792034325528], [0.024279731983352638, 0.10712581007088323, 0.60731946737222, 0.26127499047354413], [0.021091746691145483, 0.45134091494638046, 0.15346086541952883, 0.37410647284294524], [0.028867418016637194, 0.3631580715145798, 0.43112951423510243, 0.17684499613368057], [0.019353777456639656, 0.7805514451163001, 0.08609194435945437, 0.11400283296760579], [0.01995885159674381, 0.7275314235467855, 0.16719151813664165, 0.08531820661982907]], "ideal": "C", "sampled": "C", "correct": true}}
{"type": "result", "data": {"idx": 4, "options": ["Median nerve at the wrist", "Musculocutaneous nerve at the forearm", "Radial nerve at the forearm", "Ulnar nerve at the elbow"], "probs": [[0.9602479237976055, 0.007993121112473278, 0.005767010915512105, 0.025991944074409114], [0.9653386670910861, 0.006209314078624483, 0.02459909479026566, 0.00385292394002379], [0.9506790852348516, 0.01107278980564429, 0.006220702763499541, 0.03202742209600465], [0.9447624539526396, 0.00897934144499892, 0.042274991211130104, 0.003983213291231347], [0.9728867197713806, 0.02255263502485259, 0.0025924143277107786, 0.001968230776055939], [0.9719195955557698, 0.023616706522604707, 0.002714588471535054, 0.0017491093500904514], [0.0018344091420098162, 0.9888503924887004, 0.00362058671296627, 0.005694611556323467], [0.0015452348264550489, 0.9891086137580439, 0.00552150243230771, 0.003824648883193319], [0.006908954756656156, 0.06154537724735598, 0.8127598962288981, 0.1187857716670897], [0.005267980819095819, 0.06830138512064941, 0.8740345578399139, 0.05239607612034084], [0.002426269880378534, 0.9873337299701305, 0.005776651640173683, 0.004463348409317257], [0.002403927300675201, 0.9857358705911757, 0.005170550231524343, 0.0066896517766247224], [0.0030281438990123898, 0.9824925671542263, 0.005152314906834781, 0.009326973939926589], [0.0038224174898773837, 0.9811512299565613, 0.009242612562521962, 0.005783739891039257], [0.04293725639152308, 0.05776121466774301, 0.7627530097198673, 0.13654851912086663], [0.03746556848857076, 0.08182699201992333, 0.8025996058279864, 0.07810783356351955], [0.012777485478849635, 0.9326169194568747, 0.03907156611547943, 0.015534028848796212], [0.011716310126261705, 0.9388832753562979, 0.021730190362666123, 0.02767022405477428], [0.996911731723666, 0.0019323037076035493, 0.0005496927591085415, 0.0006062717096219474], [0.9971710622958136, 0.001760694241169728, 0.0005371845102899832, 0.0005310588527266814], [0.9964523204025569, 0.0017440057052767878, 0.0010257781686284532, 0.0007778956235378699], [0.9953742376235314, 0.002251933640584997, 0.0011420835908418755, 0.0012317450450417752], [0.9954760269070404, 0.002381636522448014, 0.0012266205092953406, 0.0009157159612162131], [0.9960129714606852, 0.0020518433009172553, 0.0008559008006524398, 0.0010792843377450728]], "ideal": "D", "sampled": "D", "correct": true}}
{"type": "result", "data": {"idx": 5, "options": ["Fatty acid oxidation", "Fatty acid synthesis", "Gluconeogenesis", "Glycogenolysis"], "probs": [[0.9908158861486281, 0.007236154374819431, 0.0005983198333453482, 0.0013496395432071168], [0.9881519585529107, 0.008980614593338309, 0.0009240148829641799, 0.0019434118707868336], [0.9887084442346653, 0.005666018383975571, 0.0025922171209022096, 0.0030333201604569346], [0.9927034706117588, 0.0039750136410100275, 0.0008724036390904481, 0.0024491120081407006], [0.9914429675006229, 0.005174597979570972, 0.000956479157759933, 0.0024259552620462138], [0.9916764523785666, 0.0049790015040837065, 0.0007810630863685732, 0.0025634829309810836], [0.993118759575653, 0.0051016849291300945, 0.0006043791633863044, 0.0011751762318306146], [0.9907295528498511, 0.006482738031070023, 0.000986121168875134, 0.00180158785020371], [0.9928116933790688, 0.004194656444174037, 0.001011715982867571, 0.001981934093889519], [0.9920522244278142, 0.004224374327664755, 0.0008648992688818786, 0.0028585018756392207], [0.9893180560513652, 0.0067298098588872484, 0.001056406343487571, 0.0028957276462599404], [0.9907286145970249, 0.0054586296784441286, 0.0007741983846978397, 0.003038557239833189], [0.07808718055418389, 0.7774753540815951, 0.10195359548669163, 0.04248386977752936], [0.048324356273218814, 0.9058978882748611, 0.01821809766354479, 0.027559657688375337], [0.012319108100036167, 0.9796285930106333, 0.0033701361538388238, 0.004682162635491706], [0.009484285900164242, 0.9835931715632683, 0.0027403902157282713, 0.0041821522208391705], [0.25263044800237267, 0.12318391626997592, 0.4801308917548393, 0.1440547438728121], [0.15284514311778102, 0.07450687829027405, 0.6969105548689937, 0.07573742362295126], [0.10140735957226434, 0.7986911176446424, 0.04298631974584107, 0.05691520293725214], [0.06988655892243055, 0.8660050178832409, 0.020683316858558776, 0.04342510623576974], [0.05450996122636477, 0.9087950772567751, 0.012860536837532112, 0.023834424579328054], [0.03824935307526661, 0.9350839147943029, 0.00815270138501738, 0.018514030645413126], [0.20191076696747193, 0.08962485326861427, 0.5583132588053715, 0.15015112085854224], [0.09688353189497498, 0.05106054082622864, 0.7874572598967392, 0.06459866728205711]], "ideal": "A", "sampled": "B", "correct": false}}
{"type": "result", "data": {"idx": 6, "options": ["Reassurance", "Assess for suicidal ideation", "Begin dextroamphetamine therapy", "Increase oxycodone dosage"], "probs": [[0.16832898258457127, 0.7207426258902545, 0.019352547630417726, 0.0915758437947565], [0.1755080889507818, 0.73976561092941, 0.031994300392305684, 0.0527319996275026], [0.29650421988872777, 0.0282572517508821, 0.6001851368036689, 0.07505339145672126], [0.39431285413532213, 0.06964410017877148, 0.052213403738879394, 0.483829641847027], [0.275131254335803, 0.04822547342807049, 0.6117354608023293, 0.06490781133379725], [0.3200817089948256, 0.08224849356122098, 0.01726104868071183, 0.5804087486632415], [0.871633000094737, 0.048442710160371605, 0.015740706854544408, 0.06418358279034693], [0.8992192004446722, 0.039533170061694774, 0.015739354163627255, 0.0455082752300058], [0.8735199071359312, 0.03134194423699567, 0.025594085738417587, 0.06954406278865553], [0.8530067451075766, 0.043161673560973175, 0.02922738595945458, 0.0746041952719957], [0.9051004293268523, 0.03298895304177125, 0.014651474899672777, 0.04725914263170361], [0.8613537065372474, 0.051757593377538845, 0.01721806660220414, 0.06967063338300962], [0.17870588199409695, 0.03308159038656365, 0.6968661986295002, 0.09134632888983923], [0.2480823546399943, 0.0647549256617641, 0.042831562455185684, 0.6443311571430559], [0.04660103061655478, 0.8800400320270503, 0.021347433320292368, 0.05201150393610256], [0.05642256428597555, 0.8696660268976948, 0.024857863410939547, 0.049053545305390085], [0.2579654454926971, 0.06475059687443772, 0.038085237141615366, 0.6391987203912498], [0.17347779258085408, 0.021905667288146122, 0.7436161332298605, 0.06100040680113923], [0.18943467514492218, 0.039120870467743, 0.68328492448027, 0.08815952980706476], [0.22053298803795704, 0.04961947825392771, 0.017030148182841633, 0.7128173854252736], [0.0943828287241106, 0.8421107419953017, 0.020270881908043367, 0.04323554727254431], [0.08766497874838441, 0.8325557901752179, 0.013562015572184864, 0.06621721540421281], [0.28017091122066135, 0.05065131446246971, 0.05653895683306662, 0.6126388173838023], [0.21255301397705503, 0.020740325487475935, 0.6877717638034554, 0.07893489663201365]], "ideal": "B", "sampled": "B", "correct": true}}
{"type": "result", "data": {"idx": 7, "options": ["Defect in thyroxine (T4) biosynthesis", "Graves' disease", "Multinodular goiter", "Riedel's thyroiditis"], "probs": [[0.015154615113647525, 0.9754733487708737, 0.004411537685975435, 0.004960498329503333], [0.014320838554820102, 0.9735819857227869, 0.004723794546677403, 0.007373381075715644], [0.01847930662758699, 0.028394593504846292, 0.9408159447805318, 0.012310154987034963], [0.004822447061577378, 0.01173807404583093, 0.004285503316790402, 0.9791539754758013], [0.018135230812780397, 0.02440195943934452, 0.9450949713662438, 0.012367838281631321], [0.003231365117473041, 0.007743360661947333, 0.0041129736613565, 0.9849123004592231], [0.9985404014462554, 0.0006783245303361874, 0.00028938470039871337, 0.000491889223009649], [0.9972256796604368, 0.001197516846746211, 0.000592642660626539, 0.0009841607321904285], [0.9963674671032858, 0.0022166858565141096, 0.0005064263329109787, 0.0009094206072890717], [0.9853122936806858, 0.007768638511640809, 0.003163518226894526, 0.0037555494807788555], [0.9934015470576858, 0.0038173620765017805, 0.0008321019620639619, 0.0019489888037484613], [0.9944789946438319, 0.0029310573395272153, 0.0008268652141880357, 0.0017630827024528064], [0.014283528417005234, 0.007950290962721625, 0.9709651378785186, 0.006801042641754558], [0.005612289190099056, 0.005970107958015887, 0.005923248931198559, 0.9824943538206865], [0.04772977606047061, 0.944507792550341, 0.0032502441247041877, 0.0045121871644842335], [0.07047983182772456, 0.914763857966283, 0.007147991486853536, 0.007608318619138933], [0.011135184617755131, 0.012415305131954756, 0.0036710564196603393, 0.9727784537306298], [0.03141021476625361, 0.023340499019446705, 0.9329469051830394, 0.012302380931260327], [0.015555219139582506, 0.010362631871914944, 0.9627011036513906, 0.011381045237111911], [0.0042316927255057575, 0.006104095327213234, 0.008213184711907653, 0.9814510271353734], [0.01782947801355356, 0.973935556865333, 0.0030041064983083875, 0.005230858522805055], [0.029245058047493225, 0.961600721631942, 0.004451726842684263, 0.004702493377880544], [0.007397791798381942, 0.01136070971325817, 0.0036320497602879806, 0.9776094486280719], [0.024351365045398615, 0.02287340459795801, 0.943311540353575, 0.009463689903068364]], "ideal": "C", "sampled": "B", "correct": false}}
{"type": "result", "data": {"idx": 8, "options": ["Inferior deep cervical", "Parotid", "Retropharyngeal", "Submental"], "probs": [[0.23390846997731443, 0.16851639009145314, 0.4236501346246501, 0.17392500520658233], [0.29131673461340074, 0.21322578726547514, 0.23412605071143291, 0.2613314273096912], [0.3179472921431475, 0.44866350651244225, 0.10487347131466214, 0.1285157299297481], [0.188123997319244, 0.404702598096348, 0.20992979166374134, 0.1972436128206666], [0.23875764009949155, 0.4258786439469751, 0.09649385510910213, 0.2388698607444312], [0.16585515684995236, 0.3458111337347393, 0.3197940039284215, 0.1685397053868868], [0.0704447228225387, 0.49709139397644386, 0.2966045328452913, 0.1358593502557261], [0.0624383499393552, 0.4876921768973275, 0.2266074438239314, 0.2232620292393859], [0.04555720767583047, 0.31146907339156704, 0.5551189696960999, 0.08785474913650256], [0.035724300754505146, 0.2922884512687679, 0.17447279326932036, 0.4975144546074066], [0.04493389378636024, 0.1764134803926398, 0.6554476764615309, 0.12320494925946905], [0.0332372928640195, 0.1335518638126833, 0.3518103308354126, 0.4814005123878846], [0.25589322087987776, 0.568131008384523, 0.08179975740539518, 0.09417601323020403], [0.1778504848302374, 0.47620478267676003, 0.19844616947573795, 0.1474985629172646], [0.1546103908083088, 0.12232117734159174, 0.611654203721685, 0.11141422802841448], [0.10836182291403505, 0.10668728261073097, 0.1704688033931374, 0.6144820909820965], [0.11600594912834904, 0.2615038312116325, 0.5200665306564571, 0.10242368890356127], [0.07769427042526984, 0.3025593599529832, 0.09669680388141073, 0.5230495656403362], [0.12617681919266643, 0.548453330938807, 0.09675392507539235, 0.2286159246931342], [0.11670367070748618, 0.42050113016628926, 0.33254956204696257, 0.13024563697926198], [0.08909998567703499, 0.09941668511181259, 0.6284991910872434, 0.182984138023909], [0.05234275131724465, 0.06313866815530676, 0.45934803044850037, 0.42517054997894826], [0.09576656985368746, 0.3849050230190438, 0.43609822822777494, 0.08323017879949383], [0.05132750335534937, 0.42988362325994206, 0.08202794651768087, 0.4367609267670277]], "ideal": "D", "sampled": "A", "correct": false}}
{"type": "result", "data": {"idx": 9, "options": ["Carbonic anhydrase inhibitor", "Na+ \u2013Cl\u2212 symport inhibitor", "Na+ \u2013K + \u20132Cl\u2212 symport inhibitor", "Osmotic diuretic"], "probs": [[0.5092177428482707, 0.09433483401737133, 0.20592263492315105, 0.19052478811120693], [0.4207402498654512, 0.08298344226084395, 0.3033899985202995, 0.19288630925340527], [0.5246990644936573, 0.08849041446581037, 0.21891190457849563, 0.16789861636203668], [0.43746450864965436, 0.07378540242310666, 0.26148390962164353, 0.22726617920559544], [0.3235482452654554, 0.39123903243656244, 0.12486113886548912, 0.16035158333249303], [0.2973206131554535, 0.3886793371252759, 0.136251721852855, 0.17774832776641558], [0.36741672057461366, 0.17394274989840672, 0.2820574725005342, 0.17658305692644544], [0.28362965158323855, 0.12616903890645884, 0.3822881224028227, 0.20791318700747982], [0.41143444789459344, 0.1424481144769812, 0.2421324735955529, 0.20398496393287247], [0.4253651860730441, 0.15924743053583412, 0.20116430818757888, 0.21422307510354294], [0.29315865473734287, 0.35470843840134186, 0.19251421378884126, 0.15961869297247394], [0.3056396200106929, 0.32109632606430105, 0.2658623715095737, 0.10740168231543239], [0.4733617587427848, 0.13375177285238354, 0.22383478125686937, 0.16905168704796228], [0.3467348839497647, 0.0920443020076223, 0.32616031409638124, 0.23506049984623173], [0.5484972081306027, 0.13677540623929385, 0.15486642947535423, 0.1598609560547493], [0.5342947084877638, 0.14182401769459546, 0.15811259571781355, 0.1657686779998271], [0.32964582721479635, 0.3203871989102887, 0.15589233438120526, 0.19407463939370967], [0.34189827189017047, 0.3270521564721549, 0.21089013151860556, 0.12015944001906907], [0.3876302539914646, 0.21796789763178293, 0.18331858513906255, 0.21108326313768988], [0.33696348475911686, 0.1807328069247713, 0.24297564453364473, 0.2393280636824671], [0.4404600363323691, 0.17842825447794533, 0.208341753089079, 0.1727699560006066], [0.2491381092839944, 0.13568821271089745, 0.4178324714927495, 0.19734120641235864], [0.3441040813578778, 0.3141232132597559, 0.16019710896797382, 0.1815755963143925], [0.34914139808850525, 0.31865028624624653, 0.18419422599653884, 0.14801408956870937]], "ideal": "B", "sampled": "D", "correct": false}}
{"type": "result", "data": {"idx": 10, "options": ["Chest x-ray", "Complete blood count", "Determination of serum albumin concentration", "Determination of serum digoxin level"], "probs": [[0.1559230209000385, 0.06109638025193682, 0.7218667729619468, 0.061113825786077824], [0.16653652487519968, 0.14709931610543778, 0.09497444330696221, 0.5913897156124003], [0.09691191878872218, 0.8511757618400182, 0.024135572004732465, 0.02777674726652714], [0.09622997925246954, 0.8584513715776906, 0.016861571792143044, 0.028457077277696866], [0.11593795868923339, 0.48107819018748954, 0.05653729809166277, 0.3464465529316143], [0.12281621795333099, 0.38471220659546346, 0.3905695254964755, 0.10190204985473002], [0.149431100635718, 0.050080234369405535, 0.747988135396655, 0.05250052949822144], [0.2001077234544918, 0.14202716945181595, 0.12147736548162667, 0.5363877415120656], [0.17271838887486032, 0.7166068473120898, 0.0587974966393008, 0.051877267073749116], [0.1520359361316371, 0.7728020519258574, 0.030903868258992443, 0.04425814358351309], [0.1430062710092596, 0.16994904676406636, 0.03507343450511353, 0.6519712476215604], [0.1976437373522925, 0.2969646608439597, 0.3995248883315316, 0.10586671337221619], [0.7947205989168162, 0.10273987913676252, 0.05006140525952127, 0.05247811658689995], [0.7881766107668191, 0.10847304962371829, 0.04964652749486249, 0.05370381201460011], [0.8402432077246609, 0.08459559701139766, 0.03581633737598811, 0.039344857787953366], [0.8924576325786604, 0.06369988076291627, 0.017693188599933518, 0.026149297958489852], [0.9287803854682267, 0.030349187832542843, 0.018997987907323974, 0.02187243869190649], [0.9098715066575466, 0.04001104779126977, 0.024272855052327506, 0.025844590398856154], [0.22551155004067316, 0.08976672555440522, 0.031034011275071376, 0.6536877130298502], [0.26606686711331984, 0.11631948724777894, 0.5133054622506928, 0.10430818328820839], [0.15777497227066997, 0.04890486670399713, 0.027441591430566223, 0.7658785694947666], [0.30398496267027864, 0.1628438653517738, 0.41584166998293526, 0.11732950189501233], [0.30353582507967836, 0.576711967116474, 0.057073525339081554, 0.06267868236476612], [0.3077387270720036, 0.5667439208124063, 0.05786943170351437, 0.06764792031207566]], "ideal": "D", "sampled": "C", "correct": false}}
{"type": "result", "data": {"idx": 11, "options": ["Amoxicillin", "Cefaclor", "Ciprofloxacin", "Erythromycin"], "probs": [[0.15972976265941843, 0.29405259864032784, 0.4484570588583041, 0.09776057974194959], [0.162890861190413, 0.26885335257067033, 0.33453937375415027, 0.23371641238476643], [0.22153635320832274, 0.2891546487519073, 0.22176195678877503, 0.2675470411509949], [0.18724142013107903, 0.26426765320042567, 0.4939347505075523, 0.054556176060943005], [0.1927889642757795, 0.541565732352392, 0.12658189613095397, 0.1390634071408745], [0.16805993194218763, 0.5347952423801426, 0.27309618241209277, 0.024048643165576988], [0.22074189862167987, 0.600938560757068, 0.1361431484389625, 0.04217639208228971], [0.20171254733730545, 0.5578055755254883, 0.19880647798322115, 0.04167539905398513], [0.24061260812464708, 0.13724677730865875, 0.5100686169599579, 0.11207199750673637], [0.17894344986844407, 0.2229378752802035, 0.34528212706921396, 0.2528365476821385], [0.21723076618067172, 0.5302620509844416, 0.22092538987526367, 0.03158179285962298], [0.1743273721883658, 0.6094168974638257, 0.1338133354812164, 0.0824423947665921], [0.22928539722994712, 0.42878793387929476, 0.12284080316862499, 0.21908586562213314], [0.19000632209637647, 0.4026644943550867, 0.37241445303346826, 0.03491473041506857], [0.2973726017008331, 0.1892099521276354, 0.3269667272663027, 0.18645071880522884], [0.21405971048121855, 0.17217028139300025, 0.18041998146160276, 0.4333500265641784], [0.19520130461298538, 0.43361451902612974, 0.3483819281270728, 0.022802248133812104], [0.22579407665746476, 0.4030256894779166, 0.057144898808963035, 0.3140353349556556], [0.3944498896204366, 0.30758741494917596, 0.140808090553508, 0.15715460477687945], [0.33557367508989766, 0.3359960634074165, 0.30592283774417717, 0.022507423658508646], [0.3445759738978084, 0.12893474196794785, 0.4227952392184777, 0.10369404481576597], [0.3002568483052404, 0.17950925229184828, 0.16861760614616314, 0.35161629315674814], [0.3069706433083219, 0.16709218232892695, 0.4911863304069831, 0.034750843855768], [0.36765457565589477, 0.16851692527773104, 0.05301822173878185, 0.41081027722759234]], "ideal": "D", "sampled": "D", "correct": true}}
{"type": "result", "data": {"idx": 12, "options": ["Facial nerve", "Frontal sinus", "Mastoid sinus", "Olfactory nerve"], "probs": [[0.025664905320881577, 0.39785677651224627, 0.48036026887961053, 0.09611804918726166], [0.06493337064729268, 0.46468076315758416, 0.29098511985103415, 0.17940074624408897], [0.041537599318701685, 0.8874199124067188, 0.03549469394234619, 0.03554779423223329], [0.035979022141204506, 0.8914638956071933, 0.03978043883150363, 0.03277664332009859], [0.08105875590947177, 0.6033025371643572, 0.14790315867033557, 0.1677355481558354], [0.055516183370760634, 0.46815270180789054, 0.3481914400706191, 0.12813967465072973], [0.05629517866487382, 0.1932600560793026, 0.6348439856443788, 0.1156007795114447], [0.1747794125087211, 0.3366766521493189, 0.32675170408272003, 0.16179223115924], [0.3145598318512674, 0.5430365537328563, 0.04257252978315322, 0.09983108453272313], [0.1988284646916779, 0.6215465253430892, 0.08419046055996311, 0.09543454930526984], [0.16150322962033206, 0.5997827246331076, 0.08921389427689867, 0.1495001513696617], [0.13045725419494167, 0.5575579487355984, 0.22903049331148706, 0.08295430365797292], [0.6461287471474685, 0.24509367830079182, 0.047184908686948544, 0.06159266576479119], [0.5377737603707031, 0.3310474950368458, 0.06324778128514702, 0.06793096320730412], [0.7557863451569538, 0.12922370191817234, 0.03648104822864934, 0.0785089045962245], [0.6291440349698327, 0.22068654173274085, 0.0695105302556068, 0.08065889294181966], [0.606425727361457, 0.2862683949666764, 0.034229075072709454, 0.07307680249915714], [0.6464743300470711, 0.25299589598276484, 0.044007489184742135, 0.056522284685421885], [0.2208741953357332, 0.43222243637490415, 0.15181126510422552, 0.19509210308513716], [0.12421651465632186, 0.3427541723968742, 0.37090961739773787, 0.16211969544906607], [0.1529048761764056, 0.5858369207167291, 0.08510657763643752, 0.17615162537042783], [0.08354819440679435, 0.5750019464066517, 0.23984844622823534, 0.10160141285831856], [0.08012069374061227, 0.8342081680450771, 0.03185657181376114, 0.05381456630054944], [0.08156135023569559, 0.836090097151051, 0.04035471796982322, 0.04199383454343021]], "ideal": "D", "sampled": "C", "correct": false}}
{"type": "result", "data": {"idx": 13, "options": ["anterior scalene", "latissimus dorsi", "pectoralis minor", "supraspinatus"], "probs": [[0.9600537245562669, 0.011631132405903386, 0.013385640945775244, 0.014929501992054455], [0.989361725814602, 0.004697010675855896, 0.0022001011867166433, 0.0037411622228254717], [0.9298738494237312, 0.0525155569612949, 0.002218534622462158, 0.01539205889251173], [0.9139225013653802, 0.07164921710923777, 0.0045079803719517446, 0.009920301053430263], [0.9857055949914447, 0.009230773158952502, 0.0008066455422382452, 0.00425698620736456], [0.9722386706270936, 0.017136460359951027, 0.003648684866160568, 0.006976184046794797], [0.05156470796274545, 0.7410042229969068, 0.08843623034936784, 0.11899483859097987], [0.04807200712128635, 0.8203861253978496, 0.06834246083492229, 0.06319940654594176], [0.06520968885584319, 0.3418467360369691, 0.4459154537986594, 0.14702812120852835], [0.041267399083858194, 0.4041353132507752, 0.45080956097725156, 0.10378772658811504], [0.026579751503407342, 0.8812731727167402, 0.04247975627223731, 0.04966731940761518], [0.025188653077519708, 0.8960024217663534, 0.030624704774662996, 0.048184220281463956], [0.04872980179330656, 0.9205440680556526, 0.0065982675236751845, 0.0241278625273657], [0.0776551327429884, 0.8897564228552247, 0.012486329882383147, 0.020102114419403738], [0.12191897538635624, 0.051628917065844916, 0.735835427450302, 0.09061667999749692], [0.14662728367593664, 0.16615603115190625, 0.5536934980357396, 0.13352318703641747], [0.08070402477911912, 0.345300373591627, 0.543358785643983, 0.030636815885270882], [0.07822224055938758, 0.8288562216482108, 0.02704034363004011, 0.0658811940623615], [0.22672966565241723, 0.7564971097485765, 0.004564273425916564, 0.01220895107308961], [0.3838885705006204, 0.568206649514947, 0.025729915131042388, 0.022174864753390144], [0.9033306861417346, 0.05097296475194927, 0.03240123399880216, 0.01329511500751394], [0.9124823908559783, 0.05481231258131955, 0.017246558714998868, 0.01545873774770333], [0.22097821243347382, 0.3267671720964585, 0.4262646678709656, 0.02598994749910206], [0.5725984359482119, 0.3700370948377846, 0.01715725223707749, 0.040207216876926]], "ideal": "D", "sampled": "A", "correct": false}}
{"type": "result", "data": {"idx": 14, "options": ["anteriorly deviated distal femur", "plantar flexed cuboid", "posteriorly deviated fibular head", "unilateral sacral shear"], "probs": [[0.09123019669268234, 0.08057032344644988, 0.7073961337530396, 0.12080334600782816], [0.1177275163156156, 0.2341621781031249, 0.5039341374141576, 0.14417616806710187], [0.050483753881630664, 0.7085831496683792, 0.11207671044850483, 0.1288563859014853], [0.06503324839889532, 0.6785761774508849, 0.19434039684993598, 0.062050177200283704], [0.13385565378138506, 0.27907117782616625, 0.45323636447969107, 0.13383680381275762], [0.11777216237963728, 0.18836734064320512, 0.6178317297179532, 0.07602876715920434], [0.08417283005225816, 0.06764784314383689, 0.6525830017196923, 0.1955963249842126], [0.12663475055127843, 0.16004735706777357, 0.5172839318379228, 0.1960339604430252], [0.03291090486968818, 0.7497760699120274, 0.06758258325079552, 0.14973044186748888], [0.06108151802129709, 0.6575584664066518, 0.20047651673833752, 0.08088349873371355], [0.08528014161927108, 0.43985942298688396, 0.1428727613896877, 0.33198767390415723], [0.08364853757830812, 0.135883982886674, 0.6587987345156283, 0.12166874491938956], [0.7154001273065604, 0.1168038569212641, 0.07543105294109333, 0.09236496273108216], [0.7531632969839674, 0.09139046280264748, 0.08860865413644815, 0.06683758597693686], [0.4774808723101574, 0.36622317393929027, 0.0593213679809693, 0.09697458566958303], [0.5218318622509567, 0.2751303571913134, 0.1361935714318223, 0.06684420902590762], [0.5490165702889249, 0.3492352806024325, 0.03917928609548828, 0.06256886291315435], [0.5358076967771868, 0.2738416925489233, 0.12536082413368554, 0.06498978644020431], [0.11221386825553599, 0.2777999424000919, 0.4441760612334506, 0.16581012801092151], [0.07662311883530366, 0.19581217915981766, 0.6322256874985153, 0.09533901440636341], [0.047625627541345306, 0.451850058286342, 0.23084735954050198, 0.2696769545318107], [0.06406617068505122, 0.18846130088379914, 0.6278062368628476, 0.11966629146830203], [0.03865882268108826, 0.7834137606636363, 0.07999755977767951, 0.09792985677759587], [0.04708619415289178, 0.6405875086143775, 0.2078900784046184, 0.10443621872811229]], "ideal": "C", "sampled": "C", "correct": true}}
{"type": "result", "data": {"idx": 15, "options": ["Administer amobarbital and then interview the patient", "Ask the patient to provide a narrative with detailed description of the incident and of his symptoms", "Interview the patient under hypnosis", "Interview the patient while paying close attention to his willingness to make eye contact"], "probs": [[0.017308014379229096, 0.9753918085850998, 0.0031530443159499743, 0.004147132619721131], [0.01629807081775811, 0.9777015608262483, 0.0025002719313943406, 0.0035000963245992453], [0.04974801518213497, 0.005163575655928668, 0.9396739593349398, 0.005414449726996568], [0.012960283446513957, 0.0022885539274764117, 0.001410335341616186, 0.9833408271843934], [0.08038103223888467, 0.013331268627005196, 0.8925261332798048, 0.013761565754305368], [0.01654938974413722, 0.0036366185961370073, 0.0018873239094504518, 0.9779266676502754], [0.9974968287227737, 0.0011510879098350687, 0.00038285907961122477, 0.0009692241877799876], [0.9973137484659554, 0.0013142814213910597, 0.0003485254830313217, 0.0010234445296221947], [0.9976733879923367, 0.0009179113475902976, 0.00047644946338342586, 0.0009322510966894887], [0.9986143181273016, 0.0006025094590988439, 0.00024739002594048837, 0.0005357822876590092], [0.9955079969410701, 0.001908697500088502, 0.0006448459148291637, 0.0019384595440122524], [0.9971493004283561, 0.0012151699917387565, 0.000457922640672479, 0.0011776068392325954], [0.03631992553183999, 0.006772820679426432, 0.9523575083248351, 0.004549745363898427], [0.01606104624684363, 0.0035569185781601413, 0.0012787058595330797, 0.9791033292154632], [0.01810687811471807, 0.9737111902834774, 0.004041631259896295, 0.004140300241908217], [0.01630467449472464, 0.9779981895213803, 0.0027255419695234157, 0.0029715939143716164], [0.01577725103680261, 0.004850430967344523, 0.002383448226583488, 0.9769888696692693], [0.04908816161666237, 0.010785048866627886, 0.9271123442881753, 0.013014445128534328], [0.03839434960710553, 0.00566355544077946, 0.9456026915833311, 0.010339403268783938], [0.016055322053003366, 0.003237287984450493, 0.0018452923842540833, 0.978862097478292], [0.028504860237283856, 0.9592157201839153, 0.004108214834648753, 0.00817120464415208], [0.04280781223684645, 0.9446552887552088, 0.005035213456890827, 0.007501685451053919], [0.012361218246418927, 0.0032505814396534168, 0.0015603108351612681, 0.9828278893787664], [0.04457432638263638, 0.006273985704226911, 0.939044226850541, 0.010107460962595663]], "ideal": "B", "sampled": "B", "correct": true}}
{"type": "result", "data": {"idx": 16, "options": ["Failure of leukocytes to migrate between endothelial cells", "Failure of leukocytes to roll along the endothelial surface", "Inability of leukocytes to ingest microorganisms", "Inability of leukocytes to kill intracellular microorganisms"], "probs": [[0.08298170878003744, 0.2120106556496013, 0.27649532303826274, 0.42851231243209853], [0.0891947690213443, 0.25825705835321955, 0.47500135484072276, 0.17754681768471342], [0.15407294033417157, 0.11633914707927795, 0.4323572217985764, 0.2972306906879741], [0.05082326015495109, 0.07751809637353221, 0.69130992072687, 0.18034872264464666], [0.19089117644308434, 0.14415560661304874, 0.5273896455237381, 0.13756357132012884], [0.1222828811965158, 0.32750407834068407, 0.2471778913244158, 0.3030351490383843], [0.10697041132064627, 0.23374902503093015, 0.24881697447145384, 0.4104635890769697], [0.1010631799913665, 0.262287088078469, 0.4824139619110599, 0.1542357699191046], [0.15594184745648895, 0.17956081432307078, 0.11962593613022728, 0.544871401990213], [0.05781962571185282, 0.09685880437265461, 0.7865503820517418, 0.058771187763750773], [0.27078084768811184, 0.24285581662943198, 0.33196504899311685, 0.15439828658933932], [0.18779481106035853, 0.3351105301442671, 0.37958176223497664, 0.09751289646039774], [0.13106864591816203, 0.11569792689941229, 0.3794899554209159, 0.3737434716615098], [0.06488673098242818, 0.050548543751465426, 0.7669908656758102, 0.1175738594902962], [0.06035246214500671, 0.204233970393791, 0.2748823114417852, 0.46053125591941707], [0.06770265644997868, 0.08169387036657365, 0.7879559162080331, 0.06264755687541464], [0.06531054428594059, 0.725373376455288, 0.12798155652224383, 0.08133452263652757], [0.08668964290728293, 0.5748788671002182, 0.26306986610143834, 0.07536162379106053], [0.3982142329616089, 0.19418304288607435, 0.27822382991703426, 0.1293788941352825], [0.5480426696253935, 0.15959875466131868, 0.20823482950495179, 0.08412374610833602], [0.21530969117947504, 0.3234321724533634, 0.32852547867998216, 0.13273265758717936], [0.497343594188313, 0.25035491303434537, 0.19192625365804605, 0.06037523901929556], [0.5630664606395424, 0.1745182839656041, 0.15652359579959169, 0.10589165949526191], [0.5017232969158335, 0.13093237772663988, 0.27733612471036545, 0.09000820054716119]], "ideal": "D", "sampled": "D", "correct": true}}
