{"type": "result", "data": {"idx": 0, "options": ["Media release", "Media tour", "Press room", "Promotional days/weeks"], "probs": [[0.00048757039692042377, 0.9990841313788847, 0.00031239665042565376, 0.00011590147376913299], [0.0005029881266926074, 0.9989851964837188, 0.00032227693821045467, 0.00018953835137821673], [0.00023921688256837385, 0.0016994758170173238, 0.9977658974021298, 0.0002954097982844356], [7.53864267730269e-05, 0.0005149885845476512, 0.00013543222362145943, 0.9992741926650579], [0.0003480960365444558, 0.0014538789087950028, 0.9979226374445745, 0.00027538751008596065], [9.162663591998874e-05, 0.0005788959074593654, 0.00019547712796680425, 0.9991340002286538], [0.9996656041723248, 0.0002674931724731131, 2.8658530431798896e-05, 3.8244024770355866e-05], [0.9996330746014138, 0.0002760089703235693, 3.3510110396754925e-05, 5.740621786587857e-05], [0.9995404659450314, 0.00034608294669709224, 6.660313095744161e-05, 4.684787731403694e-05], [0.9996160694718689, 0.0002653930100074608, 4.009258725849547e-05, 7.844483086514097e-05], [0.9995212361368071, 0.000338086833959233, 7.035590508897873e-05, 7.03210241446917e-05], [0.9993646565953441, 0.0004442877413734874, 7.605202018629014e-05, 0.00011500354309609258], [0.00015447832201395757, 0.0015720627312237373, 0.9979170897415105, 0.0003563691052517978], [7.838027549997951e-05, 0.0006114941810160403, 0.00012044710498394132, 0.9991896783385], [0.0003273593616854109, 0.9990710633721833, 0.00034852241576614095, 0.0002530547503651473], [0.00035111828109912085, 0.9987990255771602, 0.00036230660776138826, 0.00048754943397937635], [4.7906923157130016e-05, 0.0007911439010575456, 0.00013969138817812148, 0.9990212576876072], [0.00018184180905073797, 0.001894390473474375, 0.9969484981252154, 0.0009752694922595038], [0.00011665158778752832, 0.0011596319629170488, 0.9983291147715928, 0.0003946015777026388], [0.00015221693841429, 0.0006161529665388928, 0.00023760298149296783, 0.9989940270135539], [0.0004914028923170839, 0.9990477455827541, 0.00027570595074758695, 0.00018514547418120591], [0.0007375109278378291, 0.9988082257832049, 0.000250979855724647, 0.00020328333323256297], [8.086699917741277e-05, 0.0005611310929641326, 0.000172522889913597, 0.9991854789179448], [0.0001579955224327631, 0.0016459877158145236, 0.996972737776978, 0.0012232788847746777]], "ideal": "B", "sampled": "B", "correct": true}}
{"type": "result", "data": {"idx": 1, "options": ["Quickly investigate to make certain your product is definitely the cause of the illness.", "Stop all sales of the product throughout the nation and issue a recall for that product.", "Stop sales of the product in the Albany, New York, market and issue a recall for that product.", "Issue a press release to the Albany, New York, market explaining how to treat the symptoms."], "probs": [[0.0435717573877901, 0.8899016047905975, 0.04790656089651737, 0.018620076825094978], [0.008707838205094959, 0.79074204622933, 0.00674033636221596, 0.19380977910335906], [0.014594449143189376, 0.8968817821657233, 0.07713861728873142, 0.011385151302355814], [0.004864787571402594, 0.8852898275622557, 0.004101032762866795, 0.10574435200347487], [0.023615653693654138, 0.004268520226477964, 0.8339217657725314, 0.13819406020733646], [0.0189947509889995, 0.006827688298365344, 0.6812570214574915, 0.29292053915514377], [0.981350148803637, 0.015860902548291866, 0.001454628109619259, 0.0013343204384518325], [0.977081365330517, 0.0184647926501608, 0.0008718528031453061, 0.003581989116176896], [0.9933924371689047, 0.0042219540417135805, 0.0014497453075589131, 0.0009358633818227563], [0.9809228880821467, 0.012735711544287607, 0.0018664772119659622, 0.00447492306159973], [0.9677953518494707, 0.018003649989579217, 0.004557203036549508, 0.009643795024400537], [0.9478374864129122, 0.030464226897548873, 0.013744712018482371, 0.00795357457105653], [0.9838145109216337, 0.013182092900190213, 0.0019616657594726822, 0.0010417303187033654], [0.981735166020755, 0.015142951112965344, 0.0008162367211998901, 0.002305646045079773], [0.9898127380967222, 0.007440368692654816, 0.002020513651824225, 0.0007263794587987119], [0.9707001295281059, 0.02318071165050759, 0.0025042905079054067, 0.0036148682134810963], [0.971098322324207, 0.0172398737532999, 0.006104117284855545, 0.0055576865376375], [0.9647628154890454, 0.01880865700963477, 0.011779117910101753, 0.004649409491218073], [0.009038380321035506, 0.6593525986663482, 0.29260945235449165, 0.03899956855812459], [0.016659385243342623, 0.1696314132831109, 0.6212074998989826, 0.1925017014745639], [0.0033141514067026655, 0.9414041576060358, 0.01053985201296334, 0.044741838874298154], [0.00517916462156561, 0.9497911282079969, 0.03249310719605713, 0.012536599874380302], [0.00342404138588874, 0.9651245921587709, 0.008748564733852923, 0.022702801621487436], [0.0038451178613136978, 0.9563297301775675, 0.03073296595958275, 0.009092185901536008]], "ideal": "B", "sampled": "C", "correct": false}}
{"type": "result", "data": {"idx": 2, "options": ["community relations", "consumer relations", "employee relations", "public issues"], "probs": [[0.0003825900731329514, 0.9987995484012752, 0.0002865582023941521, 0.0005313032231977241], [0.00027558161101020776, 0.9988557752612555, 0.00038863078444337413, 0.00048001224329092954], [0.0001969315181763203, 0.0007036782149871452, 0.9985640245490603, 0.0005353656177761499], [0.00023744304862461526, 0.0003322576708138367, 0.0010893941956058438, 0.9983409049849558], [0.0003243737577199724, 0.0009169307192449208, 0.9976697963635692, 0.0010888990594659107], [0.00020013596815275512, 0.00024333500514301087, 0.00028226148309390485, 0.9992742674436104], [0.9989617411850692, 0.0005838324982149388, 0.00018085865204160988, 0.0002735675646742009], [0.9987647638806425, 0.0006771291444748253, 0.0002358338121995579, 0.00032227306268307784], [0.9991029698469286, 0.0004803272708398093, 0.00018809146005209777, 0.00022861132217948351], [0.9988065880121103, 0.0006070129629422244, 0.000259029719729913, 0.0003273692052175599], [0.9987180480048305, 0.0006511312062109283, 0.0003738905677017037, 0.000256930121256803], [0.9987994389882029, 0.0006262559882683445, 0.00031735093081161636, 0.0002569539927171046], [0.00031449426975781555, 0.0011237292727782516, 0.9979459752277582, 0.0006158011297057707], [0.000279817434372307, 0.0004988164851880268, 0.0007488559024767299, 0.9984725100779629], [0.0002693388114297356, 0.9992542367343068, 0.00020489981604059009, 0.00027152453822284914], [0.00021142112277349907, 0.9993167469999892, 0.0002321878116469261, 0.00023964396559039735], [0.0005266898845564483, 0.0006254912806163861, 0.0006158363173545302, 0.9982319824174726], [0.0003647341832611761, 0.0010070804362683962, 0.9977111904552796, 0.0009169948251908249], [0.00031158494724021503, 0.002016002362501432, 0.9965502271839803, 0.0011221854062780465], [0.0003197479896753901, 0.00030996130168499863, 0.00023581346426627224, 0.9991344771443733], [0.0008943965385335835, 0.996502076229474, 0.0010457532841494897, 0.0015577738478430084], [0.0009446091544463239, 0.9964368197168569, 0.0008944225621465662, 0.001724148466550158], [0.00044373321493040125, 0.00041689863893865027, 0.0004234793643243451, 0.9987158886818066], [0.00022122721806603038, 0.0011501187030597678, 0.9977536042042316, 0.0008750497746424914]], "ideal": "B", "sampled": "B", "correct": true}}
{"type": "result", "data": {"idx": 3, "options": ["1917", "1922", "1925", "1927"], "probs": [[0.10983994666848138, 0.7053373857732375, 0.07320516847011192, 0.11161749898816925], [0.1288210917704789, 0.6244450899996535, 0.11375142802280269, 0.13298239010706484], [0.0841788755339723, 0.7388910329679991, 0.13458434247311465, 0.042345748924913926], [0.0610919168990726, 0.7329630063831196, 0.15366535976610168, 0.05227971685170609], [0.07304898866426578, 0.6411720704740481, 0.21818851582576027, 0.06759042493592587], [0.07024959957457429, 0.6987484432524393, 0.16599864637686887, 0.06500331069611748], [0.8651342825633915, 0.11001016712419658, 0.00875447925953891, 0.01610107095287297], [0.8387391980393962, 0.11713493447338627, 0.013562386592244952, 0.03056348079497251], [0.9147705894257003, 0.0500269231314892, 0.02152298218264479, 0.0136795051601657], [0.9012300396284593, 0.06328445363440965, 0.01871300803753855, 0.016772498599592563], [0.8345508232621053, 0.09968640990843458, 0.03288252889144979, 0.03288023783801035], [0.7842409753174077, 0.10614667218877832, 0.08399722239296238, 0.025615130000851617], [0.8509954032591316, 0.08694514582868669, 0.04107945782114031, 0.02097999299104137], [0.8581986126128587, 0.09046902073327427, 0.014772027307170327, 0.036560339246696716], [0.8710463767738847, 0.10243747574056244, 0.016211862729835533, 0.010304284655717273], [0.846291689552023, 0.13393278867676806, 0.008430887295498218, 0.011344634375710708], [0.9221778425194356, 0.04180991982800094, 0.017163330527510304, 0.018848907025053208], [0.8478874622402818, 0.05770478776644769, 0.07072118221164307, 0.023686567681627416], [0.8493436806267063, 0.0895332953630526, 0.03294494234118165, 0.028178081569059425], [0.8823264979893768, 0.07955874423658887, 0.015669846356477248, 0.02244491131755711], [0.8426670885633798, 0.1140600044896011, 0.02281940528426849, 0.020453501562750595], [0.8310371729388965, 0.13358396439688663, 0.01865644587378402, 0.01672241669043288], [0.8642670914202834, 0.10651995002486157, 0.013128470334696633, 0.016084488120158412], [0.8331175948615498, 0.1258010403037814, 0.02054158202493133, 0.020539782709737463]], "ideal": "B", "sampled": "C", "correct": false}}
{"type": "result", "data": {"idx": 4, "options": ["Product-oriented", "Person-oriented", "Idea-oriented", "Message-oriented"], "probs": [[0.0012684335590276985, 0.003090666410261914, 0.7216423886552651, 0.27399851127544533], [0.0010337219225486304, 0.0027237953440189962, 0.9927180001049749, 0.003524482528457433], [0.0006860134152207884, 0.9439324521918672, 0.0013023456262395564, 0.05407918866667246], [0.001398438108634067, 0.605391615750019, 0.39081167797764504, 0.002398268063701913], [0.0008264167296988797, 0.9958315006092913, 0.0012803663806648722, 0.002061716180345001], [0.0010595500225060424, 0.9943930237535228, 0.00264351901932034, 0.0019039071046508132], [0.000937915098443215, 0.0020808656563093423, 0.8797474237922107, 0.11723379535303668], [0.0010171545372989694, 0.0023104461846399464, 0.9921494716872574, 0.00452292749080364], [0.0024950145128426067, 0.439827103495909, 0.001526088299775085, 0.5561517935914734], [0.0022206318956769044, 0.03875358891145703, 0.9537806475340972, 0.005245131558768886], [0.0012251909754705896, 0.9911980355023426, 0.0020850974347018866, 0.005491675987484861], [0.0015125857709038563, 0.9910576219094827, 0.00427676638806149, 0.0031530258315519673], [0.0023313817310276685, 0.0017062254975764677, 0.0020261232860810437, 0.9939362693853148], [0.0006244365326115403, 0.0014521594781961278, 0.9963163085405544, 0.0016070953486379375], [0.003927918185837991, 0.0020706099641577256, 0.0017990021893030308, 0.9922024695607012], [0.000879624421019949, 0.0014393822306676156, 0.9953084969524134, 0.0023724962958990552], [0.0013941863389078156, 0.9954343820728488, 0.0013947610813737645, 0.0017766704068695842], [0.0014041610887422604, 0.9947896524657198, 0.0015793724331962286, 0.002226813912341731], [0.9904705590596294, 0.003204864315518188, 0.0012849477747696684, 0.005039628750082642], [0.7781606997023816, 0.014037149323136367, 0.1999292101449133, 0.007872940729568786], [0.9687172374824115, 0.004631972216864918, 0.0027664444676330406, 0.023884345733090593], [0.9941643225496113, 0.0025447929229944857, 0.001981563236422983, 0.001309321190971222], [0.9969899751466286, 0.0015362097332824636, 0.0008030746908823465, 0.0006707403292066181], [0.9967530903888702, 0.0017267892728396997, 0.0007720581440725078, 0.0007480620942176506]], "ideal": "C", "sampled": "D", "correct": false}}
{"type": "result", "data": {"idx": 5, "options": ["to develop a vision statement", "to interpret trends for management", "to interpret the organization's business plan", "to consider the role public relations might play"], "probs": [[0.006057167927474909, 0.9723655043318578, 0.006348876320371396, 0.015228451320295959], [0.005161448932896674, 0.9764669414183723, 0.00818535438969555, 0.01018625515903542], [0.005421917746136979, 0.016439619982750397, 0.9709562409617452, 0.007182221209367487], [0.009797677917454835, 0.012193407351139385, 0.008922487122500348, 0.9690864275089054], [0.025859368962443778, 0.0547507665996637, 0.8979514836367063, 0.021438380701186203], [0.00508969290009479, 0.005678107639885276, 0.0036096492297717914, 0.9856225501302481], [0.9829379220752745, 0.007990402088728933, 0.0022368759156329568, 0.006834799820363541], [0.9866965637245403, 0.006445707899730411, 0.003241937914005833, 0.00361579036172351], [0.9908788628194478, 0.004245048991101323, 0.0012165187147876798, 0.003659569374663152], [0.991404796635246, 0.004052914314897273, 0.002103071712476314, 0.0024392172373802925], [0.9850836147809446, 0.010776769750155605, 0.001328257192234651, 0.0028113581766651416], [0.9833487021719679, 0.011450904129755992, 0.0020696285119097663, 0.0031307650863663184], [0.011593515889133463, 0.013983774622939447, 0.9656717517948666, 0.008750957593060472], [0.019861618924293167, 0.00998790140110899, 0.01262798587992733, 0.9575224936946705], [0.012272838884578969, 0.9753504554540391, 0.0022011789438380496, 0.010175526617543897], [0.015939918482213117, 0.971351217411842, 0.005957986396372313, 0.006750877609572539], [0.01086923152318762, 0.009011504771057034, 0.0012784195728395122, 0.9788408440329158], [0.05891641502564626, 0.05985257301128196, 0.8663322779471029, 0.014898733915968845], [0.04192688073593334, 0.03643167180691336, 0.8969950157124502, 0.02464643164470312], [0.009629529245207461, 0.004620716592475346, 0.003126899498887908, 0.9826228545634292], [0.06769576923401083, 0.9062681539045185, 0.00538785170542959, 0.02064822505604106], [0.06553427550460056, 0.9051495179143986, 0.009011551384655234, 0.020304655096345586], [0.01329997957862024, 0.008194786113087495, 0.0009054207052277106, 0.9775998135030646], [0.025388214710993454, 0.028325062215918264, 0.9384210100032545, 0.007865712969833717]], "ideal": "B", "sampled": "B", "correct": true}}
{"type": "result", "data": {"idx": 6, "options": ["When victims of abuse remain silent about the abuse", "When people hide their opinions if they do not agree with the majority", "When people hide their opinions if they are in disagreement with their close peers or family members", "When public relations uses opinion poll results to generate support for a particular issue"], "probs": [[0.0018448865677564113, 0.8372443818515661, 0.1548582258941729, 0.006052505586504565], [0.0007857567617388256, 0.8291318630061728, 0.004250136473614279, 0.16583224365847404], [0.0017397419600689132, 0.7832638958839335, 0.21082107141072903, 0.004175290645268546], [0.0015050251421030922, 0.7985459297430664, 0.007296111268138043, 0.19265293374669248], [0.0073439585906251385, 0.011463150575581718, 0.8836422589922359, 0.09755063174155726], [0.003192315288258778, 0.008952599516097962, 0.9580231245039168, 0.029831960591726436], [0.9238030083623888, 0.009201197061405621, 0.06294290903091644, 0.0040528854452891476], [0.9111363500916592, 0.017767414158206978, 0.003999422657783812, 0.06709681299234999], [0.6510095062519629, 0.3432861003323768, 0.0013495019067602052, 0.004354891408900168], [0.6189127408181324, 0.37565534358561975, 0.0013873064540268526, 0.0040446090422209995], [0.9599734938680381, 0.008843035250978725, 0.002169550816483938, 0.029013919964499264], [0.7927385215163048, 0.02249165168721949, 0.17711434627118428, 0.007655480425291475], [0.02284828798939922, 0.01203989905114676, 0.9574565271220109, 0.007655285737443067], [0.024296965349981964, 0.010950612698655554, 0.00820843003632144, 0.956543991815041], [0.013903476634107377, 0.9752400214493335, 0.0038628563081334784, 0.006993645508425611], [0.011365133754509213, 0.9767306004871523, 0.003779267255495994, 0.008124998402842473], [0.35037378647908124, 0.033624620369519964, 0.010104086587822251, 0.6058975064635765], [0.012266774797704222, 0.010492074419537853, 0.9604683624789965, 0.016772788203761442], [0.00587460640261078, 0.010071070216609893, 0.7702499728370895, 0.21380435044368984], [0.0038861755731496605, 0.013146504610744025, 0.9446071352375953, 0.03836018447851102], [0.002418545812131251, 0.9538487623134514, 0.006178833048750563, 0.03755385872566685], [0.002764856854119461, 0.8102485974298601, 0.1807520354025058, 0.0062345102135146595], [0.0015584081846451918, 0.9819926756175016, 0.004839473177587402, 0.01160944292026583], [0.0015011957443447463, 0.748209370400329, 0.24671434774543957, 0.0035750860098866894]], "ideal": "A", "sampled": "B", "correct": false}}
{"type": "result", "data": {"idx": 7, "options": ["Research and evaluation", "Strategy and evaluation", "Strategy and implementation", "Objectives and implementation"], "probs": [[0.65647756924532, 0.3200297051347584, 0.011654755077733723, 0.01183797044218794], [0.6371653616055206, 0.3306657938825312, 0.01322516227730395, 0.018943682134644237], [0.12492860211653062, 0.0618380610901291, 0.802317256557766, 0.010916080135574326], [0.4465004041702603, 0.5304284738986614, 0.011355114857072947, 0.011716006974005353], [0.03482577145974778, 0.8309364774766586, 0.11244161237401669, 0.02179613858957697], [0.04212470591541748, 0.929599635867181, 0.016757831927787875, 0.011517826189613603], [0.392681457471986, 0.5989585779590277, 0.004098329463657157, 0.004261635005329093], [0.47938626374781, 0.49476637786267846, 0.01403183285337657, 0.011815525436134972], [0.3268954394636593, 0.060465461373513885, 0.5920662769070844, 0.020572822155742503], [0.7423062240822434, 0.13519522395277472, 0.09587714712990401, 0.026621404735077816], [0.06181206223768311, 0.8945453341765498, 0.031083958413842563, 0.012558645071924503], [0.04366596629129603, 0.8113586011062335, 0.13452110694649885, 0.010454325555971618], [0.02722237810143705, 0.8339562962803743, 0.13193736345266685, 0.006883962065521782], [0.059201196574475125, 0.9263531681208884, 0.008397264510822875, 0.006048370693813605], [0.2274429883363553, 0.40553249771751587, 0.3415060543624213, 0.0255184594837075], [0.4848465124283206, 0.4213432833617529, 0.06770824691729874, 0.026101957192627742], [0.6396605073924099, 0.30698619840455027, 0.02855006285890128, 0.02480323124413864], [0.6057530011054498, 0.34523534578412635, 0.03261376153753656, 0.016397891472887192], [0.7982686339623609, 0.10149874018977528, 0.05519119027877455, 0.04504143546908923], [0.6174394602724278, 0.2201892923378788, 0.11246989130724358, 0.04990135598244984], [0.4191777359530015, 0.5057687464308862, 0.03606321132199212, 0.038990306194120125], [0.19834485414079667, 0.3374121402462909, 0.44018104475461595, 0.024061960758296492], [0.7608955473403607, 0.17248283260646133, 0.020923212090563532, 0.045698407862614414], [0.7651477101565013, 0.18754141624669643, 0.02659798870000586, 0.020712884796796418]], "ideal": "A", "sampled": "D", "correct": false}}
{"type": "result", "data": {"idx": 8, "options": ["Defining the program", "Planning the program", "Taking action and implementing ideas", "Evaluation of the program"], "probs": [[0.007698922822403232, 0.9775205767945871, 0.006584611601497548, 0.008195888681512031], [0.008841564803828077, 0.975354961228629, 0.008240356971465038, 0.007563116896077865], [0.005814949632140538, 0.005462008609044782, 0.9858667644437594, 0.0028562772150552925], [0.0017753131606168737, 0.0023702597917065276, 0.0009804196965245596, 0.994874007251152], [0.004168069922958028, 0.00483437301767813, 0.9888519052306645, 0.0021456517286993918], [0.0024018548626002878, 0.002988846588338483, 0.002136009038556059, 0.9924732894105052], [0.7191188415067375, 0.24098195402501915, 0.010667370750441262, 0.02923183361780202], [0.6865412119051754, 0.2607191621128353, 0.01746019041731128, 0.03527943546467803], [0.08998055780332544, 0.014236231372859414, 0.8810945773019241, 0.014688633421891108], [0.25197170730928947, 0.04809726128438735, 0.014669045902428332, 0.6852619854038948], [0.07689487510548239, 0.014674378241199415, 0.8942076341652578, 0.0142231123880603], [0.151376841224415, 0.032232510761790935, 0.022856839052086027, 0.793533808861708], [0.0278922213600261, 0.04818813232998632, 0.9096729353301247, 0.014246710879862887], [0.0017749673142662908, 0.0026026666390553182, 0.0008995141330105997, 0.9947228518136678], [0.011651208004569731, 0.9627472842298733, 0.015556048705833877, 0.010045458959723093], [0.03606973261275213, 0.4194110223759323, 0.005889054604391535, 0.538630190306924], [0.005191652810229636, 0.0062609177159099515, 0.028952506045438087, 0.9595949233284223], [0.004167907951295013, 0.004134880461887582, 0.9887647309889389, 0.0029324804978784528], [0.008339494256245167, 0.022664887258423885, 0.9642067308192024, 0.00478888756612859], [0.0017581257891838235, 0.004183937112163542, 0.001126137145351197, 0.9929317998533015], [0.0044450873748087625, 0.99062822972596, 0.0033288555396703, 0.0015978272595609504], [0.004040492274808487, 0.9889267837997076, 0.002629009265409941, 0.004403714560074049], [0.02487020799399702, 0.01877031323815772, 0.16996415274313958, 0.7863953259247056], [0.006002482424520292, 0.005014640611367953, 0.9863399324666827, 0.0026429443974290085]], "ideal": "B", "sampled": "B", "correct": true}}
{"type": "result", "data": {"idx": 9, "options": ["ingratiation", "downplaying", "distancing", "nonexistence"], "probs": [[0.050891372562099295, 0.0355304947445226, 0.010922776243614107, 0.902655356349764], [0.003263822029772397, 0.009518389507134321, 0.978616944367732, 0.008600843995361295], [0.06907625880494016, 0.04673903936296257, 0.10534426019472086, 0.7788404415373764], [0.0020288175374162387, 0.007081105351658612, 0.9796604483490002, 0.011229628661924913], [0.00553475919200221, 0.9833540800982036, 0.006997018039027206, 0.004114142570767054], [0.004600871802403124, 0.9860125742387748, 0.004601275530737675, 0.004785278328084453], [0.058397693431429365, 0.02511869259281183, 0.016603893162255877, 0.899879720713503], [0.005780273547222752, 0.010304612145353687, 0.9722369066230716, 0.011678207584352005], [0.09052236748231984, 0.04209706731862465, 0.25794402819298273, 0.6094365369060728], [0.0019958153190414323, 0.007130973576513482, 0.9713353571493644, 0.019537853855080747], [0.027111396235477557, 0.9264668200117632, 0.03120950213592942, 0.015212281516829807], [0.02438768362610662, 0.9369927012840475, 0.012654589440694886, 0.025965025549150932], [0.053818966101482964, 0.0795398432348245, 0.12321058302983119, 0.7434306075338614], [0.00272471059025679, 0.007178735377703249, 0.9777881399680807, 0.012308413963959307], [0.04853969739578006, 0.27502271120446387, 0.15429030127337984, 0.5221472900263763], [0.0021061787672676685, 0.00820067520582431, 0.9704747238757729, 0.019218422051135102], [0.00771303099657334, 0.9492085565601414, 0.026095904605117168, 0.016982507738168107], [0.008263147404325192, 0.9627011870338299, 0.009364543570807285, 0.019671121891037646], [0.9878735101667955, 0.0017371606355022682, 0.0041345353888749695, 0.006254793708827244], [0.9840268368706944, 0.002421245353567705, 0.0037500059338952366, 0.009801911741842695], [0.9885995283573165, 0.0023389718261396953, 0.003272933815373602, 0.005788565901170236], [0.9748136533236447, 0.004844349112750997, 0.0027608073865085687, 0.017581190077095795], [0.9647082005485731, 0.00702982898796483, 0.010309989179076958, 0.01795198118438511], [0.9543278714082116, 0.008859845339506884, 0.007759599419035377, 0.029052683733246085]], "ideal": "B", "sampled": "D", "correct": false}}
{"type": "result", "data": {"idx": 10, "options": ["It hasn't", "Doubled", "Tripled", "Quadrupled"], "probs": [[0.06375137478401861, 0.20909147673648773, 0.32387720328768327, 0.40327994509181037], [0.08877434232424605, 0.2163929439742363, 0.3148770472782558, 0.37995566632326183], [0.058507254024434525, 0.5136329339812805, 0.12585176057407294, 0.302008051320212], [0.0868807405754856, 0.46260505342503183, 0.186887348485761, 0.26362685741372155], [0.11795979385508296, 0.3207972847856968, 0.19763630037607377, 0.36360662088314644], [0.13079131163903648, 0.3669853830726488, 0.20265741624463957, 0.2995658889436752], [0.07689879174765996, 0.030591409992251725, 0.5016623194944879, 0.3908474786656004], [0.07433621254953646, 0.03247976111741567, 0.6035521963129992, 0.28963182992004866], [0.05800267416408797, 0.5591434939977082, 0.048857201795930075, 0.3339966299422737], [0.10120340728328546, 0.5559025157773771, 0.20449951864971327, 0.13839455818962418], [0.050905728741328406, 0.6921829242380284, 0.039046333690789324, 0.21786501322985388], [0.07818668276640708, 0.7306504194404405, 0.105246572891927, 0.08591632480122541], [0.07913141726332623, 0.041054759323420766, 0.6838876629826788, 0.19592616033057425], [0.14564170213155064, 0.04172935786666954, 0.6039145700758757, 0.20871436982590413], [0.19180943212833262, 0.5054627098044642, 0.04850963538779728, 0.2542182225794059], [0.18809133485922822, 0.4443235330685178, 0.23415670937704877, 0.1334284225952052], [0.18313981317924197, 0.3818359615743396, 0.04705193568218208, 0.3879722894642364], [0.19810319978046045, 0.2044152574849366, 0.4753948995574091, 0.12208664307719382], [0.08658709279415912, 0.04286803629340664, 0.5224893630240353, 0.348055507788399], [0.14660376145040002, 0.046861748614001345, 0.5282041966960153, 0.2783302931395834], [0.1532841542187898, 0.45071377380366073, 0.060998174288647934, 0.33500389758890153], [0.22364919375705025, 0.42455319648223044, 0.2202689847009606, 0.1315286249597587], [0.22386646018323023, 0.3060905898865747, 0.05155922041810418, 0.4184837294120909], [0.21769022746831201, 0.3372394643231434, 0.29304944232450647, 0.15202086578403812]], "ideal": "C", "sampled": "D", "correct": false}}
{"type": "result", "data": {"idx": 11, "options": ["They both require research monitoring.", "They both deal with acute risks.", "New organizational practices are developed as a result of each.", "Both have the potential to damage an organisation's reputation."], "probs": [[0.1348880142533604, 0.13703719392704874, 0.37256123297189897, 0.35551355874769186], [0.13059358783971622, 0.3606928124921242, 0.06671957174466821, 0.44199402782349134], [0.10256438624902828, 0.37526899292837257, 0.18576516070769386, 0.3364014600149053], [0.07778787496224193, 0.46925070177913025, 0.1499821074159649, 0.3029793157426629], [0.16826424000964757, 0.18775191901236798, 0.17916861174699097, 0.46481522913099343], [0.10419460974791872, 0.07051060988033118, 0.4671288062592796, 0.35816597401247047], [0.38040166806051634, 0.044041938747219296, 0.23443546714200075, 0.3411209259502636], [0.5154421925029297, 0.04947895556193519, 0.09688287227377042, 0.3381959795613647], [0.48670330457475725, 0.19978710932601204, 0.06093305698570342, 0.2525765290135273], [0.48217549556011596, 0.20105898228468336, 0.10932131774135974, 0.20744420431384092], [0.43491020632317384, 0.043749335985914906, 0.11893317057890535, 0.4024072870120059], [0.30187823690707644, 0.038990042228300555, 0.3475814383669982, 0.31155028239762483], [0.6515138720385626, 0.05874467246114616, 0.09099160099985398, 0.1987498544004373], [0.7106075286154627, 0.04836591332667205, 0.0848899856124865, 0.15613657234537878], [0.5578832050521212, 0.2185207762295563, 0.04800229909536893, 0.17559371952295363], [0.5649114292661049, 0.2046548143171369, 0.06339936750045744, 0.1670343888163007], [0.664837712990038, 0.08859612725835112, 0.07578286471366878, 0.17078329493794212], [0.655998478108587, 0.08879556638299926, 0.108803534628054, 0.14640242078035967], [0.3159930693936518, 0.04345068691441023, 0.19473776146782482, 0.4458184821241132], [0.11429096799765175, 0.02396018096809774, 0.5204484738358464, 0.3413003770984041], [0.31001430538304686, 0.12528456376294214, 0.09911180427678969, 0.4655893264772213], [0.20283720629730473, 0.06689657766088278, 0.45725889286077254, 0.27300732308104], [0.21149316900700996, 0.39522803709193655, 0.0854685400073117, 0.3078102537937418], [0.2994724169152656, 0.2602659424839533, 0.19956178663818502, 0.2406998538625961]], "ideal": "B", "sampled": "C", "correct": false}}
{"type": "result", "data": {"idx": 12, "options": ["1917", "1922", "1925", "1927"], "probs": [[0.10983994666848138, 0.7053373857732375, 0.07320516847011192, 0.11161749898816925], [0.1288210917704789, 0.6244450899996535, 0.11375142802280269, 0.13298239010706484], [0.0841788755339723, 0.7388910329679991, 0.13458434247311465, 0.042345748924913926], [0.0610919168990726, 0.7329630063831196, 0.15366535976610168, 0.05227971685170609], [0.07304898866426578, 0.6411720704740481, 0.21818851582576027, 0.06759042493592587], [0.07024959957457429, 0.6987484432524393, 0.16599864637686887, 0.06500331069611748], [0.8651342825633915, 0.11001016712419658, 0.00875447925953891, 0.01610107095287297], [0.8387391980393962, 0.11713493447338627, 0.013562386592244952, 0.03056348079497251], [0.9147705894257003, 0.0500269231314892, 0.02152298218264479, 0.0136795051601657], [0.9012300396284593, 0.06328445363440965, 0.01871300803753855, 0.016772498599592563], [0.8345508232621053, 0.09968640990843458, 0.03288252889144979, 0.03288023783801035], [0.7842409753174077, 0.10614667218877832, 0.08399722239296238, 0.025615130000851617], [0.8509954032591316, 0.08694514582868669, 0.04107945782114031, 0.02097999299104137], [0.8581986126128587, 0.09046902073327427, 0.014772027307170327, 0.036560339246696716], [0.8710463767738847, 0.10243747574056244, 0.016211862729835533, 0.010304284655717273], [0.846291689552023, 0.13393278867676806, 0.008430887295498218, 0.011344634375710708], [0.9221778425194356, 0.04180991982800094, 0.017163330527510304, 0.018848907025053208], [0.8478874622402818, 0.05770478776644769, 0.07072118221164307, 0.023686567681627416], [0.8493436806267063, 0.0895332953630526, 0.03294494234118165, 0.028178081569059425], [0.8823264979893768, 0.07955874423658887, 0.015669846356477248, 0.02244491131755711], [0.8426670885633798, 0.1140600044896011, 0.02281940528426849, 0.020453501562750595], [0.8310371729388965, 0.13358396439688663, 0.01865644587378402, 0.01672241669043288], [0.8642670914202834, 0.10651995002486157, 0.013128470334696633, 0.016084488120158412], [0.8331175948615498, 0.1258010403037814, 0.02054158202493133, 0.020539782709737463]], "ideal": "B", "sampled": "C", "correct": false}}
{"type": "result", "data": {"idx": 13, "options": ["270", "600", "2,800", "5,200"], "probs": [[0.33182311288451266, 0.07760015135825005, 0.21429326223534503, 0.3762834734218922], [0.36073807708362965, 0.10664121914982, 0.09711527989636587, 0.4355054237701845], [0.23179077149957206, 0.049355024307108926, 0.47577313614533867, 0.24308106794798037], [0.3629529204261569, 0.059255560564036754, 0.2418547935710207, 0.3359367253387856], [0.12844329616554384, 0.030987833458124694, 0.37762765736282017, 0.4629412129135113], [0.07649031936088233, 0.025620809154923475, 0.6507852038390574, 0.24710366754513685], [0.09462753007827297, 0.5798561615651359, 0.06816639801302168, 0.25734991024356946], [0.0689707814553822, 0.559872901077607, 0.05206941769936075, 0.31908689966764997], [0.21953143995039687, 0.10533989612225914, 0.33485389999877785, 0.34027476382856614], [0.3096267328791151, 0.1251123864095326, 0.34553644572522624, 0.21972443488612606], [0.11768248369420253, 0.06105089414443865, 0.34062312318789845, 0.48064349887346036], [0.09557338589427679, 0.04514506357877614, 0.7064519365963515, 0.15282961383059557], [0.19632200602234154, 0.24059822794477856, 0.2726597149001136, 0.2904200510327663], [0.26609295002776356, 0.19777681209644102, 0.18875099914132518, 0.34737923863447023], [0.07016510136584915, 0.09442190572385513, 0.6979505186996303, 0.1374624741106654], [0.3615768117055883, 0.18184409356582085, 0.26881535060170386, 0.18776374402688698], [0.3003608889227887, 0.10710291271079052, 0.20649972045967013, 0.38603647780675066], [0.30835506316916145, 0.08299581705693937, 0.1306048482525874, 0.4780442714213118], [0.10739832155241567, 0.1716373707208624, 0.22389564894323896, 0.49706865868348293], [0.03966875580809165, 0.09368476014238525, 0.5393308085804945, 0.3273156753690285], [0.04482728287383448, 0.07507093949153393, 0.6487251527634067, 0.2313766247712249], [0.06008381933122427, 0.10711424264262057, 0.66675949090842, 0.1660424470177351], [0.08145378407835348, 0.43360325043628944, 0.1724754546041352, 0.3124675107812219], [0.09189552607446924, 0.3061063816962567, 0.12761152994224903, 0.47438656218702496]], "ideal": "C", "sampled": "C", "correct": true}}
{"type": "result", "data": {"idx": 14, "options": ["Enabling", "Functional", "Normative", "Diffused"], "probs": [[0.02295207335975088, 0.9461188572205932, 0.005326349562372667, 0.02560271975728331], [0.023485161762436584, 0.9531544884836055, 0.007219902148283685, 0.016140447505674244], [0.008444879119939946, 0.038439425674440975, 0.9315548611147311, 0.021560833990888054], [0.031858848500310614, 0.18050275360588022, 0.027684137061406378, 0.7599542607324028], [0.00801258102031965, 0.05828620737103829, 0.9119241618911458, 0.021777049617496262], [0.032250877887056564, 0.22389495662459066, 0.02115451385629526, 0.7226996515320575], [0.9201054778289098, 0.05701179932788157, 0.006549253315949583, 0.01633346942725903], [0.9421197420714362, 0.03596375603519714, 0.009680883279093779, 0.012235618514272876], [0.9241228057487241, 0.03366124085216324, 0.016407958276893515, 0.025807995022219206], [0.9259932168610416, 0.029305406341801853, 0.023922126746634048, 0.020779249950522407], [0.9583597597575856, 0.03331166815186097, 0.002629968055021722, 0.005698603935531702], [0.9386717435771021, 0.05053556953076797, 0.003281920598256206, 0.007510766193873684], [0.00352262119125504, 0.02926291130898311, 0.9542300652290333, 0.01298440217072851], [0.020663785969473793, 0.11707188096991028, 0.023786793858421543, 0.8384775391021944], [0.006101661142363106, 0.987119519980538, 0.0018758479762621552, 0.004902970800836731], [0.008922502824105236, 0.9844730534474878, 0.0021870817215181417, 0.004417361906888851], [0.024888130304753266, 0.1988638075536371, 0.013963231927544902, 0.7622848301140647], [0.0043693611021226545, 0.040812781475464126, 0.9436613843278284, 0.0111564729945848], [0.004446042249988538, 0.03607970487550361, 0.9453468352623359, 0.01412741751217194], [0.0150094403403755, 0.10257590465548164, 0.010000253002088238, 0.8724144019020547], [0.0071055526800099834, 0.9756172421072392, 0.0022362633887207497, 0.015040941724030026], [0.009360642050890829, 0.9702087884072605, 0.0021055258769428612, 0.0183250435649058], [0.01816683987159959, 0.1363591238381798, 0.010192554329144704, 0.8352814818610759], [0.0050028113901121295, 0.023313525621344016, 0.961011468286685, 0.010672194601858805]], "ideal": "C", "sampled": "B", "correct": false}}
{"type": "result", "data": {"idx": 15, "options": ["Audiences are more vulnerable and passive than ever before.", "Television viewing, in particular, creates increased activity in the right hemisphere of the brain.", "Active receivers are not uniformly affected by mass communication messages.", "Technology has led to increasingly passive recipients at the ends of message transmission systems."], "probs": [[0.023419454189797777, 0.009028809882111764, 0.9509382043278917, 0.016613531500198796], [0.028161589670275024, 0.006688808260078917, 0.002462211887147797, 0.9626873900824983], [0.006675948296499381, 0.9834570748623556, 0.0021190249533549446, 0.00774795178779008], [0.008476727041520507, 0.9800838018379024, 0.0032196921621275684, 0.008219778858449421], [0.007207222553172838, 0.002529830766720957, 0.0005144911312659609, 0.9897484554488403], [0.0202361293631979, 0.007328204497785998, 0.9605348310516189, 0.011900834987397255], [0.02013371001436033, 0.008796165210491919, 0.9561013230046356, 0.01496880167051223], [0.023750069634945185, 0.009156124126351046, 0.002997874410432138, 0.9640959317282716], [0.00250570374963528, 0.9801697419667466, 0.006605267314903136, 0.01071928686871498], [0.004343161741736197, 0.9755744746848678, 0.007992808553659546, 0.012089554919736477], [0.02338893142737303, 0.007133319012014317, 0.0050613689019162016, 0.9644163805586965], [0.027853925193354497, 0.010246966185840964, 0.9376917620211693, 0.024207346499635185], [0.9960586804534892, 0.0019386517386801461, 0.00046842974972263903, 0.001534237958107973], [0.9954690153279344, 0.0019526009790628424, 0.0006704046086435404, 0.0019079789843591357], [0.9952598462911283, 0.002110952457783511, 0.000765637792444079, 0.0018635633586440775], [0.994442299662291, 0.0024657407533699694, 0.0009152576886717925, 0.002176701795667232], [0.9956004558333151, 0.0020625342022367425, 0.0006397712237879561, 0.0016972386406601493], [0.9963225530227675, 0.001954282596282804, 0.0003794664152847776, 0.0013436978656649063], [0.012174396180437011, 0.004014539643192195, 0.0009396237114937176, 0.9828714403648771], [0.021466729997067783, 0.008808934826230266, 0.9572953742624428, 0.012428960814259126], [0.020770092136859958, 0.005418126620918047, 0.003340312604806979, 0.9704714685374151], [0.04404663548447371, 0.013018968334214887, 0.9135832121074795, 0.029351183973831914], [0.003897972673206996, 0.9842932305596874, 0.004054846521116101, 0.0077539501459894114], [0.0046681498277304145, 0.9849698361606568, 0.0024808713812316287, 0.007881142530381184]], "ideal": "C", "sampled": "C", "correct": true}}
{"type": "result", "data": {"idx": 16, "options": ["A politician", "A house of worship", "A government institution", "A publicly-traded company"], "probs": [[0.3337735309961495, 0.5334456681696863, 0.017419018238956186, 0.115361782495208], [0.3288261714556622, 0.5594498722980957, 0.02458201440110905, 0.08714194174513303], [0.6052519498085129, 0.12296754499136937, 0.12108847881869124, 0.15069202628142642], [0.6568960473376454, 0.13987041852114396, 0.044712926688272384, 0.15852060735293821], [0.4879274342425682, 0.03168363673390467, 0.36265455719114625, 0.11773437173238087], [0.6127531756128494, 0.07550769579801732, 0.1032195427619839, 0.20851958572714943], [0.9863589756584207, 0.0023331344465424117, 0.0019344762645547363, 0.009373413530482164], [0.9946998066703391, 0.000921469911511551, 0.0014957505771924788, 0.0028829727409569166], [0.9692665238514575, 0.006844297956911992, 0.005855302371562467, 0.018033875720068065], [0.9418660318460602, 0.006446284126877279, 0.004791108220597161, 0.046896575706465354], [0.9929407382043127, 0.0007685250252073814, 0.004598926077348815, 0.001691810593131092], [0.973164853377557, 0.0018209364391984474, 0.00543667221368128, 0.01957753786956332], [0.9472630050031697, 0.011201780546719555, 0.006484623142560503, 0.03505059120755022], [0.9642765316660152, 0.009453693897403326, 0.003941710001454555, 0.02232806433512693], [0.9567216511637244, 0.014526945404443641, 0.006249466517504917, 0.022501936814326974], [0.941991397863579, 0.011139633467677018, 0.004163330663145942, 0.042705637905598004], [0.9749513004177508, 0.0015849656927080923, 0.018426613382668856, 0.0050371204068722685], [0.9739215040817399, 0.0012922464660673583, 0.006666447273572501, 0.018119802078620205], [0.6177834315471878, 0.06511517776358057, 0.18553785809170795, 0.13156353249752367], [0.6617358005779655, 0.14312296411230988, 0.03792974541297235, 0.15721148979675217], [0.4468064935471946, 0.36471033899055594, 0.04565374280629533, 0.14282942455595418], [0.41789192602188663, 0.2202288832167351, 0.03123853553303858, 0.3306406551283397], [0.5552237836172196, 0.15179642108786648, 0.17474713080667137, 0.11823266438824259], [0.4872549553955379, 0.15574201243711702, 0.11575211065958245, 0.24125092140776258]], "ideal": "C", "sampled": "B", "correct": false}}
