{"type": "result", "data": {"idx": 0, "options": ["5 permanent members with veto power, 10 rotating members with no veto power", "5 permanent members and 10 rotating members, all with veto power", "10 permanent members with veto power, and 5 rotating members without veto power", "15 permanent members with veto power"], "probs": [[0.8604881813697605, 0.07286892369118421, 0.05766190967783215, 0.008980985161223153], [0.8475328734206897, 0.06433417393685731, 0.027679953972607956, 0.060452998569845026], [0.955109154900361, 0.030700336419713713, 0.00893707606617681, 0.005253432513748498], [0.9710458638191725, 0.021452304243392017, 0.0050178082354381945, 0.00248402360199727], [0.6302655711604599, 0.21109331395084793, 0.015782376191183074, 0.14285873859750908], [0.24677790449886514, 0.14734011137908837, 0.5829273158828576, 0.022954668139188866], [0.003945805533346464, 0.9729673702908674, 0.013244897841282308, 0.009841926234503763], [0.008806680402080075, 0.9413676935911464, 0.025886874860341, 0.023938751046432512], [0.007141263452819775, 0.0200249534942745, 0.9652317508711266, 0.007602032081779177], [0.013325467083878662, 0.018495076404195544, 0.004064656604389409, 0.9641147998075363], [0.0020156632116060456, 0.016225082012168074, 0.9734699775047697, 0.008289277171456203], [0.012367005883272593, 0.0278621025114095, 0.022050214025585872, 0.937720677479732], [0.7224210807803972, 0.2657393032024052, 0.008544728523123867, 0.00329488739407371], [0.8395806003941009, 0.15529672892144117, 0.0038890072837237666, 0.0012336633007341436], [0.006258512992217039, 0.011690995926986995, 0.9736286031419155, 0.00842188783888044], [0.056130455872788934, 0.010710486578883578, 0.012724610482756322, 0.9204344469655712], [0.03182516657776196, 0.05852580885826736, 0.9016016233936067, 0.008047401070363941], [0.012808860595953252, 0.01451075299157828, 0.0013611041112740053, 0.9713192822011945], [0.02956037616655548, 0.9486928051119359, 0.008211005950773129, 0.013535812670735496], [0.03914370964764276, 0.9048056809993329, 0.04797123539091302, 0.008079373862111276], [0.009497557259037118, 0.012580210904124504, 0.9689996674730801, 0.008922564263758278], [0.09138400460269629, 0.010743537456396687, 0.01690875293722544, 0.8809637049036816], [0.23838610278705172, 0.3207363694379759, 0.4317748127508854, 0.009102714924086961], [0.09928931193832946, 0.11426421770132618, 0.005182649032428051, 0.7812638212279163]], "ideal": "A", "sampled": "A", "correct": true}}
{"type": "result", "data": {"idx": 1, "options": ["It allowed the US to intensify its involvement in Vietnam", "It illustrated the influence of public opinion on US foreign policy", "It enhanced Congressional control over the Vietnam War", "It curtailed US involvement in Vietnam"], "probs": [[0.996358028485926, 0.0026307853179760553, 0.0004134841111566897, 0.0005977019849411659], [0.9949655295550315, 0.00353447362733205, 0.0005686677041816649, 0.0009313290134548298], [0.9967631991105677, 0.0022512186050080854, 0.0004105097444046082, 0.0005750724400196513], [0.996524397958408, 0.002490821156501811, 0.00040092253000678126, 0.0005838582550834164], [0.995283494605018, 0.003373767081633813, 0.0005643320338695538, 0.0007784061794786623], [0.9956068207808392, 0.003145685825461612, 0.0005916887782092859, 0.000655804515489882], [0.010267052345210873, 0.9769496179582381, 0.004523191811213192, 0.008260137785337832], [0.01056141621162483, 0.9739603401171225, 0.005149755777919708, 0.010328487793332931], [0.05538011725754048, 0.03058120222392698, 0.8950225722531953, 0.01901610816533732], [0.012386312591663472, 0.012979786720879785, 0.0044205560864133625, 0.9702133445010434], [0.004332860135180482, 0.007845160795348248, 0.9815582342229847, 0.006263744746486549], [0.02152682341589045, 0.013260850617553508, 0.019013046316731036, 0.946199279549825], [0.021875994062330283, 0.9605615417655401, 0.007051959894544345, 0.01051050417758526], [0.030558995586419294, 0.9514372846409959, 0.007263813092669574, 0.010739906579915285], [0.03253286670767262, 0.01868067289936056, 0.9371698997826345, 0.011616560510332245], [0.015639185354059105, 0.011804217987808681, 0.003547946564558949, 0.9690086499935733], [0.004521636170098788, 0.006577705109216144, 0.9851469308754651, 0.003753727745219996], [0.02169579383839438, 0.01770488860763637, 0.0069953056591663875, 0.9536040117948028], [0.0017599438994593214, 0.9938530436738705, 0.002277976433434835, 0.002109035893235333], [0.0021554887561817866, 0.9934956602318809, 0.0021393442781044774, 0.0022095066338328707], [0.009128796467526228, 0.013596583492588861, 0.9693317584109736, 0.007942861528911301], [0.03446328337722623, 0.028567998321194665, 0.017895952231985875, 0.9190727659695932], [0.013130584224822436, 0.013335604622619745, 0.9661557212220157, 0.007378089830542196], [0.03225919952472914, 0.035425133735682054, 0.016492988789719686, 0.9158226778498691]], "ideal": "A", "sampled": "A", "correct": true}}
{"type": "result", "data": {"idx": 2, "options": ["Terrorists", "Organized crime", "Drug traffickers", "China"], "probs": [[0.0011489707908091474, 0.0011856567546748634, 0.0005427510995172991, 0.9971226212549986], [0.004968058058298479, 0.008258223102104651, 0.9546200134221257, 0.0321537053174712], [0.0007835631236591874, 0.0002466784276550758, 0.0017794951828818322, 0.9971902631658038], [0.0037370588048396733, 0.0017523307342124164, 0.9437078451414987, 0.05080276521944921], [0.004144064772305691, 0.8283191634882111, 0.07463766170182372, 0.09289910993765946], [0.00281000075629987, 0.8767554418225462, 0.003665985180221875, 0.11676857214093203], [0.0031898078843236857, 0.00043188625341500397, 0.001437853136063218, 0.9949404526261981], [0.01916753580838536, 0.004244870683703004, 0.938456216947887, 0.03813137646002473], [0.003069881727776596, 0.000695982637027558, 0.000546202397204974, 0.9956879331379909], [0.014160734499437526, 0.003933168246752842, 0.9625453320676493, 0.019360765086160373], [0.06553385989397398, 0.7504378371246342, 0.0029956795464203072, 0.1810326233349715], [0.11852163958270569, 0.8105471737279948, 0.01036153438297118, 0.06056965220632829], [0.001084191578899372, 0.00021358213566075685, 0.004973496175806707, 0.9937287300096331], [0.004510118447091147, 0.0017806099952504817, 0.9079221722817237, 0.08578709917593465], [0.0019832309109534857, 0.0014511545721897243, 0.0004092908883405856, 0.9961563235285162], [0.009527478561346907, 0.007081654067184778, 0.9570777611368758, 0.02631310613459254], [0.004834785282045188, 0.1551961501345973, 0.000741561070535704, 0.8392275034128218], [0.016450315589673012, 0.5710546927249487, 0.3463842246604464, 0.06611076692493192], [0.8656821690333875, 0.0038269282250926176, 0.06677144185304038, 0.0637194607884795], [0.885999619447062, 0.003350193152123805, 0.02288947657899264, 0.08776071072182158], [0.3793636293475745, 0.4874065047114358, 0.0020552901005699456, 0.1311745757404197], [0.7791309573596997, 0.18515900292889104, 0.005952105091813998, 0.029757934519595283], [0.6636236749700557, 0.02004578842419202, 0.0026917689866381824, 0.31363876751911407], [0.9163509840529501, 0.003688368793190054, 0.055911263188307435, 0.024049383865552373]], "ideal": "D", "sampled": "D", "correct": true}}
{"type": "result", "data": {"idx": 3, "options": ["Richard Nixon", "George H. W. Bush", "Jimmy Carter", "Ronald Reagan"], "probs": [[0.9998386654431435, 9.031933535104992e-05, 2.1125367982855377e-05, 4.988975352255816e-05], [0.9998540834982264, 8.159491909075488e-05, 8.670575967095778e-06, 5.5650906715773506e-05], [0.9998973211084016, 5.9704032065282995e-05, 5.019286574626526e-06, 3.7955472958515e-05], [0.9999114964395086, 5.565112275814753e-05, 4.86476442342498e-06, 2.7987573309792227e-05], [0.9997905285852683, 0.00011065096394479171, 9.90205332951469e-06, 8.891829745743111e-05], [0.9997514456546521, 0.00014318251318884661, 3.824880820274247e-05, 6.712292395623163e-05], [0.0001646833576241277, 0.9994473601339394, 0.0001387061949548209, 0.0002492502134815677], [0.0001114405246336665, 0.999508820304478, 7.196702055111342e-05, 0.00030777205033724565], [0.00035481694923173953, 0.005053097142059356, 0.9940160956579297, 0.0005759901507791881], [0.0008668441095904402, 0.002508217665997855, 0.00043592734135655876, 0.9961890107830551], [0.00022461101006985873, 0.0014419030936749053, 0.9976196291225765, 0.0007138566736787289], [0.0027534262985429753, 0.0014398626507647657, 0.023240963014020698, 0.9725657479366715], [0.0005191531059723544, 0.9992626810284603, 4.005056162654783e-05, 0.00017811520394084258], [0.0007670402239610291, 0.999053949037515, 3.703361852161253e-05, 0.00014197702000233426], [0.0004542465288419827, 0.000420156919255469, 0.9987983674282839, 0.0003272290236186799], [0.0015951567791194408, 0.0010793309505523572, 0.0005915198297095585, 0.9967339923406187], [0.00039457676969013985, 0.0006305344786693427, 0.9986183784076116, 0.0003565102440289634], [0.0007257869941606019, 0.0006208052233648661, 0.0002393784206873315, 0.9984140292617872], [0.00012049407145357266, 0.9994931865433969, 5.3485695647990255e-05, 0.00033283358950153037], [0.00021145302091307358, 0.9994861450140331, 8.749193482636559e-05, 0.00021490993022741511], [0.0002095071776628191, 0.0009763316905580696, 0.998330755409215, 0.00048340562256406666], [0.0006796643142790793, 0.0010945677066596397, 0.01080139354643545, 0.9874243743326259], [0.0003853773971937036, 0.01587864635136264, 0.9831663175414348, 0.0005696586100088512], [0.00036646504652136554, 0.0047517400685864125, 0.00018719477698432406, 0.9946946000079079]], "ideal": "A", "sampled": "A", "correct": true}}
{"type": "result", "data": {"idx": 4, "options": ["on nuclear weapons signed between the United States and the Soviet Union.", "cutting conventional arms in Europe.", "to be rejected by the U.S. Senate.", "mandating the elimination of many long-range nuclear missiles."], "probs": [[0.9714131877495281, 0.0024857582207232203, 0.0005952149102719378, 0.02550583901947677], [0.6645869311840966, 0.012173529163260676, 0.3190635298296433, 0.00417600972299942], [0.9925817297589068, 0.0015284731124241893, 0.000837739444527275, 0.005052057584141693], [0.9612436800916407, 0.0022918915210566855, 0.03558718076189876, 0.0008772475254038011], [0.9699563378409997, 0.028848508445989903, 0.0003232434773534543, 0.0008719101356569262], [0.9868832029037662, 0.012234429386583276, 0.0002726638740429564, 0.0006097037356075342], [0.0005523591536274583, 0.9988286636739842, 0.00018508985030631103, 0.00043388722208210264], [0.0007257470116057855, 0.9984202756832435, 0.0005187730886915168, 0.00033520411645910606], [0.0004214228999644708, 0.0015171111825123518, 0.9940008055401857, 0.004060660277337484], [0.000595766478485868, 0.0013847605082313774, 0.2744896456038435, 0.7235298273094393], [0.001128839429023569, 0.2805516679365133, 0.7165970698980392, 0.0017224226364240126], [0.0007351969663254421, 0.632759854367254, 0.00020750345237350917, 0.36629744511404705], [0.0010208535424148888, 0.9958739459404038, 0.0005380497410585555, 0.002567150676122772], [0.0016191572165040401, 0.9963601053841774, 0.0009745856341295345, 0.0010461516651889763], [0.0005487140320543425, 0.0029191521592112457, 0.992216810371684, 0.004315323337050422], [0.0013338900565377692, 0.0023041964575466075, 0.299558681838812, 0.6968032315471036], [0.002400675860134482, 0.7428646184820523, 0.2526953646715738, 0.0020393408862394127], [0.0010296078890727155, 0.8657464202603494, 0.00044649803699445663, 0.13277747371358345], [0.007112452399344719, 0.9922441336556151, 0.00022885136716352625, 0.0004145624778765947], [0.005296006318736053, 0.994151676974136, 0.00018861596042638436, 0.0003637006467015826], [0.0032069336700467615, 0.0018132938298721147, 0.9925388390433884, 0.0024409333566927744], [0.027921023863920376, 0.0014804022460034464, 0.0001434879866286838, 0.9704550858034475], [0.006158988432179189, 0.002230827221907164, 0.9888976176185562, 0.0027125666273574646], [0.04661045142407352, 0.001006431707716051, 0.00040705597710870875, 0.9519760607911018]], "ideal": "D", "sampled": "A", "correct": false}}
{"type": "result", "data": {"idx": 5, "options": ["It ended the influence of American exceptionalism entirely", "Exceptionalism was enhanced by America's status as the 'leader of the free world'", "The extension of American power globally challenged core assumptions of exceptionalism", "Both b and c"], "probs": [[0.005906798462830808, 0.6310878451239057, 0.0033390652680421163, 0.3596662910452214], [0.004365990140320122, 0.9879123567851247, 0.004398842542155295, 0.003322810432399847], [0.004530573262726132, 0.07718222538295827, 0.020147578578003904, 0.8981396226763116], [0.013150451630060813, 0.6641139946356484, 0.29017612173015794, 0.03255943190413282], [0.026390138819530437, 0.1747232935041405, 0.783966829279034, 0.01491973829729502], [0.031939768405510924, 0.18956106835815312, 0.7393580068434658, 0.03914115629287017], [0.6161896072966851, 0.041922867860067776, 0.0066923662985868045, 0.33519515844466025], [0.9863422247923476, 0.0063931791256271655, 0.004572893835639852, 0.0026917021463853715], [0.9952560853691713, 0.0030028734465182513, 0.00035337542743558786, 0.001387665656874859], [0.23054913980914532, 0.028840843343488545, 0.7335818943744481, 0.007028122372918073], [0.8883682650707674, 0.10947893024184124, 0.0004618849262877504, 0.001690919661103598], [0.844271074335097, 0.15378643764146066, 0.0008796542061314728, 0.0010628337173109262], [0.003868581309738068, 0.0035774605794917707, 0.9778335812462114, 0.014720376764558719], [0.07105799512208104, 0.02715672269941178, 0.3502527947097884, 0.5515324873687188], [0.011024954631419158, 0.9848671468544017, 0.0008707790325795741, 0.003237119381599522], [0.018503858586100666, 0.11779835894857682, 0.8580923188144636, 0.005605463550858983], [0.028976795837812305, 0.9303771738790917, 0.0016353606277706998, 0.03901066955532527], [0.07438907452869704, 0.8386113283539505, 0.07796655260507668, 0.009033044412275815], [0.5880723966526686, 0.02504710198415388, 0.3799250874503304, 0.0069554138128470645], [0.4327740842130192, 0.026815119339312316, 0.5306979629798132, 0.00971283336785522], [0.4133779342472513, 0.5744393196956381, 0.0009861133852263626, 0.011196632571884224], [0.6153439179600565, 0.37967207387568025, 0.0033322541878201316, 0.0016517538764430904], [0.3569623103055631, 0.6370933953890165, 0.0008855462494006137, 0.005058747956019795], [0.7296663450637423, 0.26043763499468614, 0.008631206032303692, 0.0012648138092678474]], "ideal": "D", "sampled": "B", "correct": false}}
{"type": "result", "data": {"idx": 6, "options": ["He believed that internal reform rather than international negotiation was the key to economic regeneration of the US", "He believed that German domination of Europe would be in US interests", "He always favoured isolationism", "All of the above"], "probs": [[0.605497841517411, 0.06793184628352583, 0.11387600833436541, 0.21269430376469767], [0.531006018354318, 0.050157157693363826, 0.3434424570067086, 0.07539436684560955], [0.5524997114582693, 0.07361049949386728, 0.053899660701130114, 0.3199901282467333], [0.5159182894200577, 0.03915050435808489, 0.4218811784096803, 0.023050027712177096], [0.0683897562634294, 0.9155296388230503, 0.006217766818422281, 0.009862837995098041], [0.09756721700597487, 0.8840379845813707, 0.011479698291460564, 0.006915100021193826], [0.19954771994222906, 0.22262693607626916, 0.14842216447862672, 0.4294031794028751], [0.17467410658964647, 0.3164059212988339, 0.4196217845327015, 0.08929818747881817], [0.12027011183273031, 0.07643205273113979, 0.37662760435455855, 0.4266702309815713], [0.2708441776269541, 0.10119103497393517, 0.5233828736844529, 0.10458191361465778], [0.040811016087336, 0.9293669218923302, 0.013572264107427835, 0.016249797812905958], [0.058521377798478595, 0.901930257369216, 0.017310820227997844, 0.02223754450430764], [0.17783952552564614, 0.4471931656983261, 0.06754853132653658, 0.30741877734949113], [0.11641015726195524, 0.3818901436182793, 0.47549962461269285, 0.02620007440707264], [0.1299035145552626, 0.04216344422973387, 0.32179034831924413, 0.5061426927957593], [0.3269268486750729, 0.04782966026629679, 0.5155804618339865, 0.10966302912464385], [0.05039918151209667, 0.6437838086421033, 0.2903125260867114, 0.015504483659088675], [0.06985826012045865, 0.892478342579472, 0.012732150903877002, 0.02493124629619233], [0.258240164262459, 0.6702371860006662, 0.025200750770137732, 0.04632189886673709], [0.2245243903095849, 0.6708900827856011, 0.0801506328480167, 0.024434893956797217], [0.24251750470533961, 0.06734582881471333, 0.5736768330607854, 0.1164598333191616], [0.3877603969323571, 0.07062732901199174, 0.22474856689364148, 0.31686370706200967], [0.09286268331262731, 0.03524274483694106, 0.8553666726498764, 0.0165278991005552], [0.5188360693792111, 0.230353126718468, 0.08220124805191882, 0.168609555750402]], "ideal": "A", "sampled": "D", "correct": false}}
{"type": "result", "data": {"idx": 7, "options": ["A strand of neo-isolationist sentiment", "A strand of internationalist sentiment", "An expression of American cultural superiority", "Increased incorporation of public opinion in foreign policy making"], "probs": [[0.005332206310086504, 0.007287169421786052, 0.0013921121015116212, 0.9859885120666158], [0.010262044642609025, 0.014245034883927801, 0.9688138833961415, 0.006679036977321623], [0.0022354515915332645, 0.003627645497852488, 0.0026560857815811356, 0.9914808170290331], [0.005208422555457555, 0.00872193391046838, 0.9778738853705327, 0.008195758063541442], [0.010061025463894742, 0.9799866524757771, 0.004261644025543037, 0.005690677934785171], [0.005236570388761029, 0.9830582109791762, 0.002654658926530575, 0.009050559605532206], [0.0034518610487860187, 0.022504558091456107, 0.000880265450168507, 0.9731633153095893], [0.007962878384801262, 0.021983933438102857, 0.9651845794275516, 0.004868608649544195], [0.002933795233171294, 0.0040724959235184524, 0.010571311714262555, 0.9824223970290477], [0.0022444200535990015, 0.0041602956232349025, 0.9873488435373854, 0.0062464406857806595], [0.007122581713174787, 0.9783929476877381, 0.007524660231323324, 0.00695981026776372], [0.0037389172514878393, 0.9821077732851063, 0.0038283682087007264, 0.01032494115470505], [0.0015774093150192148, 0.008524835311743443, 0.003393404128300778, 0.9865043511449366], [0.0035965014588412083, 0.022729527028500302, 0.967260849694902, 0.0064131217177564774], [0.0017929155479386985, 0.006764846487360636, 0.017018867214783975, 0.9744233706499167], [0.0023646042977164133, 0.007170440718560507, 0.9849230173888667, 0.005541937494856394], [0.0016697170114004837, 0.988376075137894, 0.002977171662331564, 0.0069770360883738575], [0.0015473002141234498, 0.9902795876193994, 0.002511915215876686, 0.0056611968506004905], [0.9778978913408958, 0.014175564044796442, 0.004500088871367569, 0.0034264556429402146], [0.9852425154554826, 0.008937301772035408, 0.001591750139090484, 0.004228432533391575], [0.5693565052875483, 0.07706977483656527, 0.32475257158572834, 0.028821148190157988], [0.9684028831160396, 0.01615614950299501, 0.003038608720628459, 0.012402358560336958], [0.9612316568827941, 0.014150926960482167, 0.012498947895270276, 0.012118468161453495], [0.9872148772951794, 0.0069736881685011475, 0.0015095872107086167, 0.004301847225610777]], "ideal": "A", "sampled": "D", "correct": false}}
{"type": "result", "data": {"idx": 8, "options": ["The war reduced European population levels below that of the United States", "The United States seized German resources after the war", "European countries paid the United States for assistance", "The United States became a creditor country and financial centre, with European war spending boosting the US economy"], "probs": [[0.00045301072704451227, 0.0016559616259825712, 0.008956626091659219, 0.9889344014553136], [0.0011178502335459223, 0.002766901917017729, 0.9936721885571139, 0.002443059192322447], [0.00047158068125124187, 0.0015697280010439918, 0.0006446659612635616, 0.9973140252564412], [0.0011608337795052921, 0.004591247642162857, 0.9923177598469267, 0.0019301586314051742], [0.0012044554018901667, 0.9973871228725235, 0.0005602489174790698, 0.0008481727081072698], [0.000778076689522707, 0.9979455277769345, 0.0005562021289335999, 0.0007201933046092008], [0.0004153585618622804, 0.002279086499736675, 0.009233262360149189, 0.9880722924782519], [0.0013049332842574746, 0.003895946041216871, 0.9923016327485698, 0.0024974878259558407], [0.0004887541140520091, 0.004153708363339212, 0.0011725382519313294, 0.9941849991706775], [0.0009830749068156504, 0.006931085261466355, 0.9902474458407373, 0.001838393890980713], [0.0008086658329835913, 0.9974025052833473, 0.000708183052272444, 0.0010806457313967184], [0.0009673807961609195, 0.9970194414917324, 0.0009160312215187079, 0.0010971463905879715], [0.0003590269569612466, 0.0010878891024628668, 0.000573715966095097, 0.9979793678744808], [0.0010439408237135018, 0.0015073017129290666, 0.9955425185302942, 0.0019062388330632857], [0.000559717440021983, 0.0014969868582065259, 0.0010789197894408911, 0.9968643758123306], [0.0010767091217178072, 0.0019498522013349632, 0.995126061078292, 0.0018473774986552255], [0.0013120100806103185, 0.9969914357822321, 0.0005733266475527372, 0.0011232273896047977], [0.0017769504338745348, 0.9957062118695749, 0.0008461436317830776, 0.0016706939647674602], [0.99915963421128, 0.0006081419558931767, 7.101529747487973e-05, 0.00016120843535196705], [0.9993448112004745, 0.0004889449266337826, 5.535898082066368e-05, 0.00011088479207103499], [0.999095833265354, 0.0006225098474185112, 8.108125427438678e-05, 0.00020057553295308564], [0.9991025498177843, 0.0006175386474952268, 8.698120802628148e-05, 0.00019293022669417185], [0.9993145377818002, 0.0004966022053758346, 6.99449950138989e-05, 0.0001189149178100669], [0.9991489153771373, 0.0006081216475054351, 8.172885612098686e-05, 0.0001612340192362229]], "ideal": "D", "sampled": "D", "correct": true}}
{"type": "result", "data": {"idx": 9, "options": ["the president of the United States.", "the secretary of defense.", "the chairman of the Joint Chiefs of Staff.", "Congress."], "probs": [[0.0003883288795585621, 0.0006105362999969807, 0.0008121845131248867, 0.9981889502073196], [0.0032104331179009238, 0.0016523521888628387, 0.9938293749040644, 0.0013078396891718265], [0.00032934939341262306, 0.0006101177417501527, 0.0015526039045548469, 0.9975079288602824], [0.0019062624973089858, 0.000958397936075339, 0.9957619411020515, 0.0013733983645641728], [0.0023940655914850397, 0.996741238628774, 0.0004669479704127663, 0.00039774770932829505], [0.0019700820003794766, 0.9970770780206325, 0.0004217229232031557, 0.0005311169557848313], [0.00044364059231222604, 0.09643868155297189, 0.0012274187500058386, 0.9018902590047101], [0.007402591337919537, 0.30029363249894203, 0.6884606579042749, 0.0038431181588635694], [0.0014318273257818328, 0.002868888452060027, 0.27090620383256564, 0.7247930802895924], [0.0022168799658523353, 0.002233717579425442, 0.9906687091035927, 0.004880693251129519], [0.002874842137526111, 0.9921479401978281, 0.003934233290208134, 0.0010429842744375984], [0.0010773961051877634, 0.9947851261759941, 0.001297234475173575, 0.002840243143644494], [0.0005871743968507149, 0.5375313995793429, 0.0017423310782932258, 0.46013909484551313], [0.006277428885814457, 0.2689558741939349, 0.7206798668303975, 0.00408682998985303], [0.0020822282267112173, 0.004993543105067018, 0.39707482467321586, 0.5958494038950058], [0.0022162056262772277, 0.0031737952918078297, 0.9903707026014004, 0.004239296380514538], [0.0012413069270974636, 0.9958431416418136, 0.002223694529334634, 0.0006918568017542761], [0.0006655537984453482, 0.9973696957734914, 0.0008920825154790309, 0.0010726678125841881], [0.9980332880257251, 0.0017822554852174061, 0.00010509749730227212, 7.935889175515188e-05], [0.9981087741806026, 0.0016875853410397478, 0.0001123426744973291, 9.129770386027832e-05], [0.9954682379179896, 0.0026888690070618134, 0.0016231552629674734, 0.00021973771198111487], [0.9887366168696403, 0.002956248549275167, 0.00026039112376267915, 0.008046743357321778], [0.9909426580853257, 0.003153727350209989, 0.005559822419338226, 0.00034379204512609784], [0.9906282095730373, 0.002417470393630316, 0.00037290107415592703, 0.00658141885917647]], "ideal": "D", "sampled": "D", "correct": true}}
{"type": "result", "data": {"idx": 10, "options": ["The US ignored the Third World", "Local developments were viewed through a geopolitical lens", "The US unreservedly supported decolonization", "None of the above"], "probs": [[0.0006548716102717311, 0.9970858931818675, 0.0007364072689426131, 0.0015228278389181657], [0.0008887415273347253, 0.9978892919525548, 0.0006157019596613262, 0.0006062644604490992], [0.0005414513466524544, 0.002011242854228297, 0.9946543304407325, 0.002792975258386736], [0.0013314743032611853, 0.007539439596732745, 0.0023377242392056195, 0.9887913617608004], [0.0010562390191267215, 0.005037596963675562, 0.991123685893023, 0.002782478024174695], [0.0009847257274096161, 0.004309087782599731, 0.0029642792377054623, 0.9917419071522852], [0.9994295292307616, 0.0003225772053891296, 9.177681619798093e-05, 0.00015611664765133892], [0.9996586711916209, 0.00017827687552673268, 7.611100342719694e-05, 8.694082942514496e-05], [0.9993424719251205, 0.0003920889113030259, 0.00010562761192797887, 0.0001598114516485188], [0.999545645692798, 0.00023796031302018684, 0.00010649554441809585, 0.00010989834976369344], [0.9995591304825501, 0.0002514171994637483, 0.00010902782089595355, 8.042439709027273e-05], [0.999489396733072, 0.00027823313471752996, 0.00013150879720097897, 0.00010086123500941187], [0.000567283141896815, 0.00258185998332679, 0.9944437913733889, 0.002407065401387528], [0.0018386874617160036, 0.011434844925004187, 0.0031046921345713814, 0.9836217753787084], [0.0007956224231169192, 0.996420692338822, 0.0012617122985129257, 0.001521972839548144], [0.0009165936984559118, 0.9973847723803393, 0.0009384845503671279, 0.00076014927083769], [0.0017861910374668845, 0.009804128784639697, 0.0026823582909182198, 0.9857273217869752], [0.0011948166803980138, 0.006258798523396525, 0.989471425668791, 0.003074959027414409], [0.00037802102547660545, 0.003557894949465076, 0.9947134494751, 0.0013506344499583825], [0.00037574116983699426, 0.002282913881479107, 0.0007245593189223145, 0.9966167855297616], [0.006038323007268035, 0.9923385320056479, 0.0007924199404331471, 0.0008307249466508339], [0.006574765077484376, 0.991484438253699, 0.0008833398186981797, 0.001057456750118422], [0.0004636104874534373, 0.0027089050454912823, 0.000915113782916258, 0.9959123705841391], [0.00047370491979522043, 0.00341840812406464, 0.9939514464404082, 0.0021564404157318716]], "ideal": "B", "sampled": "B", "correct": true}}
{"type": "result", "data": {"idx": 11, "options": ["It was the first time the US became involved in the Balkans", "It was the first time NATO used military force", "It was the first war won by airpower alone", "It was the first war to employ 'smart weapons'"], "probs": [[0.008103642140936151, 0.9080789008134126, 0.030123108843597764, 0.05369434810205349], [0.005427110126473464, 0.9418880759616739, 0.016724638575594836, 0.03596017523625777], [0.009319703310720517, 0.020036526488849668, 0.9512143951637894, 0.01942937493664041], [0.0023025605573196734, 0.006455254186555997, 0.0020008732382279164, 0.9892413119178964], [0.0055537073350510275, 0.004749668637755593, 0.9793184143248301, 0.010378209602363202], [0.0026406896589868953, 0.005009033129762204, 0.0065366237697619175, 0.985813653341489], [0.9359012576413864, 0.0315300051074053, 0.015141785679163428, 0.01742695147204488], [0.9712748914550875, 0.016975804798057048, 0.0060581484437101495, 0.005691155203145321], [0.9255430299677981, 0.029751733579761633, 0.031697892328396426, 0.013007344024043773], [0.8749764232463678, 0.035555422087253076, 0.014153118709764354, 0.07531503585661474], [0.8973388158502403, 0.018334567715764992, 0.0737079761262661, 0.01061864020772859], [0.7792409817312204, 0.026664268769091795, 0.025460033265302873, 0.16863471613438497], [0.015585776516158714, 0.01765765925105459, 0.9352608940592972, 0.031495670073489426], [0.0035606680865586503, 0.00486523206609284, 0.0037912102224949688, 0.9877828895248535], [0.1526829806071939, 0.5674228282980496, 0.15520750562812663, 0.12468668536662988], [0.1231717494715904, 0.450649509920925, 0.06394333534666727, 0.3622354051608173], [0.008293449000607842, 0.008036006293622017, 0.009255593702006475, 0.9744149509037636], [0.11243061887735292, 0.03537523798849938, 0.5367224295902333, 0.31547171344391434], [0.006495810337036383, 0.01194547902857893, 0.9647050235332003, 0.016853687001184343], [0.0034058011719842415, 0.00816672946264879, 0.013472098514479948, 0.974955370750887], [0.03769119962393433, 0.3928010512584372, 0.49681666322343204, 0.07269108579419649], [0.056991680485613594, 0.36026449752512457, 0.07437846424029564, 0.5083653576489662], [0.004373697962019929, 0.14033990881342684, 0.008302377408481493, 0.8469840157160717], [0.015731917428911, 0.6587504633439322, 0.15895852178491518, 0.16655909734224164]], "ideal": "C", "sampled": "B", "correct": false}}
{"type": "result", "data": {"idx": 12, "options": ["The character of a state's leader", "The distribution of power in the international system", "The distribution of power within a state's governmental system", "A state's political ideology"], "probs": [[0.0014852016434860175, 0.9959785321509496, 0.0008530068426353573, 0.0016832592629290517], [0.0018626002986552586, 0.9958866048175102, 0.0008663226515429837, 0.0013844721322915142], [0.0013524063128197122, 0.03225108171925096, 0.9578498411391326, 0.008546670728796679], [0.0023901760937494396, 0.04508784853651772, 0.0028834154797214057, 0.9496385597900114], [0.003250343641514468, 0.009933015076234505, 0.9824768052216575, 0.004339835960593563], [0.002090530308524631, 0.005506509637248676, 0.005956128442891115, 0.9864468315113356], [0.9988645098952238, 0.0008427133754902456, 9.102028325793297e-05, 0.0002017563460280532], [0.9989664260350116, 0.0007554828680170164, 7.314226316593086e-05, 0.00020494873380547105], [0.9987837881399576, 0.0009253857618277632, 8.751171300450458e-05, 0.00020331428521014883], [0.9990181219593338, 0.0007495706452777448, 7.14367377830707e-05, 0.0001608705576053386], [0.9990721789821211, 0.0006987103902631897, 5.7853939545058856e-05, 0.00017125658807062255], [0.9988911044841746, 0.0008559161634098793, 7.906022461202111e-05, 0.00017391902780343487], [0.001983612821788836, 0.008092728631058024, 0.9807527292645636, 0.009170929182589528], [0.02607598913407998, 0.01683421002570322, 0.008207744613433031, 0.9488820561267838], [0.002427174350500773, 0.995011933482306, 0.0008792422137529459, 0.0016816498534403292], [0.0027926632203962446, 0.9946059387880436, 0.0007696004074043675, 0.0018317974841557715], [0.02501894057166833, 0.013815355844547276, 0.007059293040170776, 0.9541064104436137], [0.004061785827275538, 0.007017218222839329, 0.9788688023705984, 0.010052193479286728], [0.0017464764491996571, 0.008663035042864939, 0.9862241332009494, 0.0033663552069860105], [0.0018069803364416464, 0.006207726389780018, 0.010563590495140347, 0.9814217026786379], [0.0026646270170732522, 0.9946943752635186, 0.0011918719404975828, 0.0014491256789106435], [0.002060632558635183, 0.9953944062705445, 0.0009145319939587582, 0.0016304290768614888], [0.0020240993804505943, 0.009806012331957504, 0.0027669869623663562, 0.9854029012252256], [0.0012728113288231228, 0.010908138069328489, 0.9824186023647243, 0.005400448137124006]], "ideal": "B", "sampled": "B", "correct": true}}
{"type": "result", "data": {"idx": 13, "options": ["Leaders have incentives to lie", "If leaders revealed their programs, they would be more likely to be attacked", "Leaders will not always grant foreign monitors access to their nuclear programs", "ALL of the above"], "probs": [[0.002406295903100224, 0.008137353859947719, 0.0026650771570198867, 0.9867912729799322], [0.01990602325571541, 0.6388683831200419, 0.3164489823726339, 0.02477661115160871], [0.0025213331067753973, 0.008660172300957301, 0.002388364454610381, 0.9864301300376569], [0.020752508152524662, 0.04257201395024065, 0.925475178332699, 0.011200299464535693], [0.0017728702370192013, 0.9852607493538185, 0.002189811838854673, 0.010776568470307635], [0.0036878211169065023, 0.9383793526926201, 0.04390381301723858, 0.014029013073234798], [0.002673458559218681, 0.004801841020116782, 0.0020832519656053764, 0.9904414483550592], [0.06473446024321701, 0.018543364858220283, 0.8943408313947443, 0.022381343403818435], [0.002531976048897823, 0.004878697131019364, 0.001796605468283446, 0.9907927212517994], [0.021603137131837716, 0.01580123035562781, 0.9486355727597396, 0.013960059652794798], [0.01072958357327103, 0.9811146545987893, 0.0016460853575429619, 0.006509676370396699], [0.010714988233115966, 0.9798099406758357, 0.0030238050992592485, 0.006451265891789055], [0.0030235001155732625, 0.006348610889045268, 0.002230715553200099, 0.9883971733421814], [0.025017978623686633, 0.011274630020121298, 0.9544256558694171, 0.009281735386774915], [0.002473642544374213, 0.004692366713336636, 0.002020181081703208, 0.990813809560586], [0.03306817626440351, 0.015862956522149592, 0.937696381050617, 0.013372486062829845], [0.04580594392101066, 0.949400280421595, 0.0014733967204765348, 0.003320378836917881], [0.011789496992959099, 0.9816538875021937, 0.0017533127912327823, 0.004803302613614322], [0.3708201022759291, 0.10959368116360439, 0.028174206401762707, 0.4914120100587038], [0.1671215159064416, 0.07414571250342239, 0.6932862451969171, 0.06544652629321901], [0.18926858776695776, 0.7143777561584953, 0.011027089247132046, 0.08532656672741488], [0.21111827304362243, 0.6923257343931016, 0.021260064805931924, 0.07529592765734397], [0.13346829922068013, 0.8306672518105591, 0.008742666745430413, 0.02712178212333037], [0.17408665137423987, 0.7330533492717968, 0.015589577291616153, 0.07727042196234722]], "ideal": "D", "sampled": "D", "correct": true}}
{"type": "result", "data": {"idx": 14, "options": ["the Senate.", "the president.", "the Secretary of State.", "the chairman of the Joint Chiefs."], "probs": [[0.0022392697702775985, 0.9922211178461277, 0.004455864165513013, 0.0010837481180817148], [0.00035856759318428827, 0.9955099993796783, 0.00021759164592307585, 0.0039138412812142614], [0.006848941880162473, 0.5526285652487318, 0.43766575140407593, 0.002856741367029738], [0.0006186398880885275, 0.7681697136781932, 0.0005091559412255614, 0.2307024903924927], [0.0007752275313374517, 0.0014367744482546465, 0.9943682981594506, 0.003419699760957232], [0.0009701442808930917, 0.0019283499378201278, 0.5606421176838309, 0.43645938799745587], [0.007241563291532912, 0.0032131584726743908, 0.987062267563599, 0.0024830105721935824], [0.005049273548898034, 0.0015639857426866693, 0.00024031821604209047, 0.9931464223923732], [0.2192112427892504, 0.7775267087553531, 0.0007276826979228142, 0.002534365657473705], [0.0766140443359123, 0.9192783800060434, 0.0004939312912762099, 0.0036136442667680556], [0.005371052695778569, 0.0010575410745801881, 0.0010754396987788584, 0.9924959664308624], [0.0032826907978998404, 0.0016504596700188871, 0.9923666340251909, 0.002700215406890445], [0.010575649670296703, 0.0032007992811580745, 0.9833090353214211, 0.0029145156271241117], [0.01994656460377552, 0.0026171792523976404, 0.0006321799196643329, 0.9768040761241625], [0.043860884541255564, 0.9531766997852114, 0.0005802713341861028, 0.00238214423934693], [0.05402837543927109, 0.9434687233706485, 0.0003223399600535581, 0.002180561130026912], [0.05238666272673922, 0.002734269887970949, 0.0011235205214828168, 0.943755546763807], [0.011423417107905778, 0.002509737097536581, 0.9819932953279669, 0.00407355036659074], [0.0006277455773152929, 0.002207543009926572, 0.9943737564695101, 0.002790954843248025], [0.0007951902063483006, 0.0026056490817607, 0.4595459048250768, 0.5370532557868142], [0.0007652855197261382, 0.9963355153287012, 0.0008024466295610552, 0.0020967524220115987], [0.0015132191664033452, 0.9908157329992162, 0.006034073728981009, 0.0016369740053994604], [0.0007570746269700014, 0.6878064966548613, 0.001298523646384224, 0.31013790497178456], [0.004320137478867236, 0.05601092182236961, 0.9335755296253675, 0.006093410973395602]], "ideal": "B", "sampled": "B", "correct": true}}
{"type": "result", "data": {"idx": 15, "options": ["Required the United States and Russia to demobilize their armies", "Required the United States and Russia to dismantle a significant number of their nuclear weapons", "Prohibited the acquisition of new military bases", "Prohibited short-range nuclear weapons"], "probs": [[0.002872105099080999, 0.9916332146846132, 0.0016884579735403297, 0.0038062221427654806], [0.0032323262687702385, 0.9925567350945803, 0.0013794528232406109, 0.0028314857134087742], [0.002950443623509102, 0.0055117020132398635, 0.9871076062556671, 0.00443024800758401], [0.0008143642309735292, 0.0009301199432250478, 0.001342860628377194, 0.9969126550974242], [0.0031163801350203887, 0.0066489077852636864, 0.9872128787794654, 0.003021833200250475], [0.0009023774901477049, 0.0007482366749974122, 0.0004538913850187504, 0.9978954943498362], [0.9981994877806726, 0.0012547161459426437, 0.0001476084092753416, 0.0003981875641094333], [0.9988007825338979, 0.0009043050527223408, 8.819216321206829e-05, 0.00020672015016762866], [0.9983909673771536, 0.0011787969329628552, 0.00012726656097580805, 0.0003029690289076665], [0.9986742808090322, 0.0010085825978785427, 0.00010389772980400118, 0.00021323876328525125], [0.9987803150029949, 0.0009185896566389579, 0.00010072381876723246, 0.0002003714215989214], [0.9987670383551195, 0.0009113031738721201, 9.992626492401399e-05, 0.00022173210608432566], [0.002526087028922422, 0.00468232626559981, 0.9879971025470431, 0.004794484058434692], [0.0006394816126479789, 0.0007190362889407322, 0.0013751796690693872, 0.9972663023293419], [0.002924078508741338, 0.9938402428489161, 0.0011451674695181122, 0.0020905110728243583], [0.003868901661261098, 0.9926357927664918, 0.001423434161415106, 0.0020718713108319325], [0.0007366885792711563, 0.0009240846573593435, 0.0002840930050261825, 0.9980551336583433], [0.004352760113630476, 0.007881792491714019, 0.9853608326914144, 0.0024046146032410784], [0.0023029983542883175, 0.005611244370348793, 0.9892854900947837, 0.002800267080579114], [0.0007966643157618871, 0.0005266987229274833, 0.00042654316750961147, 0.998250093693801], [0.0053235507780085315, 0.9916383836652722, 0.0012257120369123119, 0.0018123534198068762], [0.005201324181117813, 0.991819943406922, 0.0013152703928748057, 0.0016634619190852879], [0.0006977760182482253, 0.0006016124666859551, 0.0002488781820904768, 0.9984517332329753], [0.0035091897036250617, 0.00552055892062168, 0.9885766514413329, 0.0023935998344203355]], "ideal": "B", "sampled": "B", "correct": true}}
