{"type": "result", "data": {"idx": 0, "options": ["middle ages", "chess board", "kids story", "fairy tale", "castle"], "probs": [[0.3036590955758214, 0.2508752570932418, 0.15598277302684282, 0.19710740243742503, 0.09237547176668684], [0.3059520658841377, 0.24133736715344004, 0.18769009965914424, 0.17997716060386365, 0.0850433065994193], [0.26348402597833104, 0.25100616738418413, 0.2224568078487721, 0.1702386145926093, 0.09281438409611117], [0.3475857372129334, 0.2879971310349905, 0.16775932790058026, 0.14258221901919596, 0.054075584732290016], [0.34287121977779894, 0.28831746623918975, 0.1619768977656525, 0.1413677178828649, 0.06546669823446943]], "ideal": "D", "sampled": "E", "correct": false}}
{"type": "result", "data": {"idx": 1, "options": ["counter", "coffee table", "school room", "backpack", "bedside table"], "probs": [[0.31456804836381336, 0.317007837379274, 0.16549417407529557, 0.14972041599361152, 0.05320952408801319], [0.2805580214320898, 0.2996369109994711, 0.16357325606525527, 0.19322570080056362, 0.06300611060262311], [0.3392182673991949, 0.2884386258984517, 0.14544104577349293, 0.16792770124902534, 0.058974359579828904], [0.28621914781111635, 0.2695982145461835, 0.17323066348222188, 0.18665093439016864, 0.08430103967029066], [0.3025885811988942, 0.2738369529514386, 0.17785035903778879, 0.18482474266252613, 0.0608993640493431]], "ideal": "B", "sampled": "C", "correct": false}}
{"type": "result", "data": {"idx": 2, "options": ["cleanness", "wetness", "exfoliation", "use water", "hygiene"], "probs": [[0.2511436751353846, 0.20576998717789216, 0.3771870477665964, 0.13323106408731714, 0.032668225732821736], [0.17930334389030522, 0.23505890893944537, 0.3563017773059192, 0.16979380013622128, 0.059542169628114136], [0.2411742543951709, 0.21036084610140013, 0.3719485573418273, 0.14534954930852478, 0.031166792753080153], [0.3344450085763534, 0.3228269241369618, 0.21794374422252302, 0.10365824110934983, 0.021126081854816518], [0.3897985729831429, 0.21126746034899083, 0.26046760740700514, 0.1174054420918842, 0.021060917068956388]], "ideal": "A", "sampled": "E", "correct": false}}
{"type": "result", "data": {"idx": 3, "options": ["table", "meeting", "drawer", "toilet", "garage"], "probs": [[0.3668747862846354, 0.29845111863316703, 0.15203288587835653, 0.09097693056136553, 0.09166427854247734], [0.29832365099510844, 0.2751144807134064, 0.17587932269127268, 0.09666995025009671, 0.15401259525012265], [0.2707554628655011, 0.29035282400339757, 0.190560552703304, 0.12055751021939186, 0.12777365010839656], [0.2643289881012319, 0.3129358564374745, 0.2090409041887088, 0.09992836786210565, 0.11376588331049682], [0.3389744602915083, 0.3206824184329598, 0.16547279352736063, 0.08416441952893818, 0.09070590811924042]], "ideal": "A", "sampled": "A", "correct": true}}
{"type": "result", "data": {"idx": 4, "options": ["damage", "wonderful", "exhaustion", "orgasm", "lazy"], "probs": [[0.3363488551393068, 0.34554466300198067, 0.1578173426122194, 0.13274582072425983, 0.02754331842223842], [0.3636362985822456, 0.28227138644289, 0.18788610488618349, 0.12557971795373987, 0.04062649203494945], [0.28896291387017603, 0.3222367347161508, 0.1651967369063502, 0.15524603975769766, 0.06835757464961996], [0.31593036170026106, 0.28335899988107965, 0.1995151162424889, 0.14572818379307745, 0.05546733828310519], [0.2773338094854058, 0.27436897034181507, 0.231027628100815, 0.14548441360006223, 0.07178517837190639]], "ideal": "B", "sampled": "B", "correct": true}}
{"type": "result", "data": {"idx": 5, "options": ["enemies", "perform better", "sweat", "tension", "frostbite"], "probs": [[0.30914373490919383, 0.2598860143781177, 0.1780479036827725, 0.19663325795260883, 0.05628908897732175], [0.3555188409367699, 0.29131940698794645, 0.13610066323363684, 0.1667952842791517, 0.05026580446247139], [0.33478728554512244, 0.28396126012288775, 0.19602989023783732, 0.1494665450969901, 0.035755018897168145], [0.37451339042700466, 0.2742694419427768, 0.16827296289880553, 0.14888201398115605, 0.03406219065025751], [0.35066240541562627, 0.254639127054715, 0.1865855623941349, 0.16460520328302455, 0.04350770175249458]], "ideal": "D", "sampled": "E", "correct": false}}
{"type": "result", "data": {"idx": 6, "options": ["free will", "choice", "will", "alcohol", "freedom"], "probs": [[0.3617476303577202, 0.292404769980005, 0.1489097571082326, 0.10682749762233548, 0.0901103448317284], [0.3520352926797057, 0.2829054488807299, 0.1320915702741378, 0.13678359364316892, 0.09618409442223858], [0.35027925698037204, 0.2743077584894602, 0.134627273830079, 0.13711859212560504, 0.10366711847448035], [0.3211938555689205, 0.2723698294754407, 0.143666900099207, 0.13942312620500494, 0.1233462885514118], [0.3632438571400477, 0.28351684398217003, 0.1494771232954546, 0.12473989672820146, 0.07902227875413058]], "ideal": "B", "sampled": "B", "correct": true}}
{"type": "result", "data": {"idx": 7, "options": ["bathtub", "washing area", "hotel", "shower stall", "department store"], "probs": [[0.40333051970958833, 0.1996895520480131, 0.19527794863972647, 0.16093697094677037, 0.040765008555893004], [0.41087589088531407, 0.2340062373107038, 0.16976095700840574, 0.15419229644903157, 0.03116461824655138], [0.3941752998216309, 0.2597373181667249, 0.18255355630469514, 0.13578982402279813, 0.027744001584150236], [0.4360725073652044, 0.23590418491178677, 0.1831501097727602, 0.12282152332994421, 0.022051674520304997], [0.30490754400439396, 0.20730827631974688, 0.18109879210674729, 0.23473540928815817, 0.07194997818096958]], "ideal": "A", "sampled": "D", "correct": false}}
{"type": "result", "data": {"idx": 8, "options": ["new york city", "subdivision", "ring", "hazleton", "live in"], "probs": [[0.4396929228235068, 0.2547706693794153, 0.14145493616876978, 0.12846412808088192, 0.035617343447453036], [0.3361960825961046, 0.2978492779961104, 0.17640684149140415, 0.14280683272029754, 0.04674096509607574], [0.3280131592140648, 0.32076117246463903, 0.1620071332340483, 0.1397309259089941, 0.04948760907825031], [0.3691814821854849, 0.3019419121344191, 0.16396059187303214, 0.12868223078623964, 0.03623378292081598], [0.37123248638176687, 0.2959369326007124, 0.1521389427504088, 0.14256677898887718, 0.038124859178233335]], "ideal": "A", "sampled": "A", "correct": true}}
{"type": "result", "data": {"idx": 9, "options": ["very entertaining", "fun", "slow", "competitive", "violent"], "probs": [[0.3431104639971904, 0.29742013697685665, 0.17603246438801598, 0.13754548137814188, 0.04589145315978506], [0.3530684980276866, 0.27413769422146383, 0.16752374283750127, 0.13076785886691222, 0.07450220594643135], [0.34335346924444604, 0.3083336114232972, 0.16169656860894616, 0.12733800257140726, 0.05927834805191566], [0.3558920502525188, 0.30853427597299704, 0.16703500409975386, 0.11286681122499931, 0.05567185834974163], [0.3273906927764567, 0.3299398208961775, 0.1534918000229426, 0.12611686789076226, 0.06306081831365325]], "ideal": "E", "sampled": "A", "correct": false}}
{"type": "result", "data": {"idx": 10, "options": ["night sky", "galaxy", "outer space", "hollywood", "eat cake"], "probs": [[0.37370481142590356, 0.235132990469534, 0.14351080021759913, 0.147631226046184, 0.10002017174077166], [0.3392067238749182, 0.20969942731093136, 0.14187954060199684, 0.16209828412530153, 0.14711602398685028], [0.3003665204218513, 0.19090094647273814, 0.16258439535612976, 0.22356305085359052, 0.12258508679568714], [0.28404820492371086, 0.17342766394053527, 0.20176786461680507, 0.2208516939232021, 0.11990457249573375], [0.3437423121835075, 0.24023401368001818, 0.1732737889603267, 0.1746988296279557, 0.06805105544820779]], "ideal": "C", "sampled": "A", "correct": false}}
{"type": "result", "data": {"idx": 11, "options": ["new perspective", "entertained", "understanding", "hunger", "tired eyes"], "probs": [[0.3073807280093146, 0.2530694066762789, 0.27747658337287445, 0.13054041037936837, 0.03153287146215083], [0.22348742925227477, 0.20926749793961943, 0.27830815021535726, 0.20460642906964613, 0.08433049342311291], [0.3232437045791285, 0.23369540855104284, 0.23263445498038451, 0.16302254941936595, 0.04740388237007905], [0.21677853770899866, 0.23913006159139866, 0.291895979669515, 0.1856069456033768, 0.06658847532671344], [0.18771464028059068, 0.28665402295998377, 0.2967006340571856, 0.17234843584903717, 0.05658226675322521]], "ideal": "A", "sampled": "A", "correct": true}}
{"type": "result", "data": {"idx": 12, "options": ["initiate", "ignore", "question", "answer", "ask"], "probs": [[0.32462928692930276, 0.22199061015422844, 0.23966697448753285, 0.14714283601333566, 0.06657029231561097], [0.2585725156658676, 0.25390362008519235, 0.22650437420611544, 0.1840725910088463, 0.07694689893398465], [0.3284371384961383, 0.22594777384650122, 0.20947059717715305, 0.16771968911487534, 0.06842480126532006], [0.4007304940350981, 0.24511313430377962, 0.2001368782262888, 0.1164509201262648, 0.03756857320858452], [0.3159229381499137, 0.2533970547836329, 0.20552154770081693, 0.15672765028074173, 0.0684308089848945]], "ideal": "A", "sampled": "D", "correct": false}}
{"type": "result", "data": {"idx": 13, "options": ["hair brush", "ladies bathroom", "art supplies", "shower", "hair salon"], "probs": [[0.32628795930576426, 0.26121555704460436, 0.24773066449311124, 0.11229908786800671, 0.05246673118852098], [0.11764141443487029, 0.26427107248518855, 0.24474214545170692, 0.2001611318653254, 0.1731842356629183], [0.1645343656071013, 0.25869540649562217, 0.277325168053981, 0.18837691305642162, 0.11106814668688303], [0.23322174969767995, 0.28502671256855794, 0.27703379428637315, 0.12995656415266799, 0.07476117919472478], [0.2345012230183726, 0.2802754108711119, 0.26889182395045336, 0.13768542313962956, 0.07864611892043634]], "ideal": "C", "sampled": "A", "correct": false}}
{"type": "result", "data": {"idx": 14, "options": ["plastic bag", "pantry", "supermarket", "toaster", "prison"], "probs": [[0.41448821581926065, 0.2794069399870123, 0.0943012489796284, 0.1612102871674346, 0.05059330794665942], [0.40996052126560906, 0.2785959496932477, 0.10985188992925607, 0.1581383773219262, 0.04345326168997566], [0.4615074290432798, 0.2651125229550611, 0.0659461183815012, 0.14721559057028955, 0.06021833894986401], [0.4096010582653117, 0.25105683982523525, 0.06237888575348083, 0.21129119133883184, 0.0656720247171301], [0.38594832864192247, 0.2592415468237101, 0.07260232822982661, 0.21137369800417763, 0.07083409820037001]], "ideal": "D", "sampled": "C", "correct": false}}
{"type": "result", "data": {"idx": 15, "options": ["oven", "freezer", "plate", "tupperware", "grill"], "probs": [[0.22567111851468571, 0.2294630288512677, 0.19505830918522246, 0.2280019607839529, 0.12180558256486852], [0.2027459803467834, 0.2149535160815932, 0.2078580408900044, 0.2652283095940425, 0.10921415298758799], [0.18188085990811828, 0.28373295898170636, 0.19371991362181304, 0.2569594372688031, 0.08370683011956605], [0.19987984893298344, 0.31195216840913287, 0.20308864475216903, 0.21608021510598308, 0.0689991226997415], [0.2189125477931247, 0.31570097136263336, 0.20885285443021875, 0.17257901369022857, 0.08395461262378179]], "ideal": "B", "sampled": "E", "correct": false}}
{"type": "result", "data": {"idx": 16, "options": ["jungle", "zoo", "kill", "india", "eat cake"], "probs": [[0.4095458484646188, 0.265570070654833, 0.12298732539381425, 0.14201304166903497, 0.059883713717719486], [0.3757982495708367, 0.24649003809679235, 0.12216407714615142, 0.17687680741301384, 0.07867082767321011], [0.36724875730894463, 0.24126923578815976, 0.11561584398019077, 0.18096384678676367, 0.09490231603594938], [0.4020243366333264, 0.24164243455874587, 0.133824046924219, 0.15772583044769947, 0.0647833513360059], [0.3591777100950782, 0.2814519389676818, 0.11674410441868129, 0.16901459490348655, 0.07361165151507296]], "ideal": "B", "sampled": "A", "correct": false}}
{"type": "result", "data": {"idx": 17, "options": ["picture of sea side", "seaside town", "beach", "california", "see side picture"], "probs": [[0.2583028082478608, 0.2698788837215324, 0.14086768583428572, 0.20968748790770106, 0.12126313418860851], [0.23177100839521078, 0.2562870882041263, 0.15313215984583498, 0.274555298836027, 0.084254444618803], [0.2498155926128389, 0.31643349721404895, 0.13075590567143996, 0.20499327930265637, 0.09800172509902093], [0.24731410433659592, 0.3016642730281036, 0.15866572065098777, 0.21952726708758022, 0.07282863479673722], [0.2766512495395292, 0.2845918983159705, 0.16641692172051198, 0.1832844812355375, 0.08905544908843437]], "ideal": "D", "sampled": "E", "correct": false}}
{"type": "result", "data": {"idx": 18, "options": ["west virginia", "kentucky", "rocky hills", "scotland", "canyon"], "probs": [[0.29905443682976685, 0.34488060014118727, 0.1587295361919128, 0.13163630289295192, 0.06569912384418358], [0.3421619071313384, 0.2804477666642239, 0.15213728992500836, 0.1554253090767354, 0.06982772710268696], [0.2918623275183911, 0.2997596628733366, 0.14825834889149395, 0.1647445342162388, 0.09537512640052496], [0.3339228341292352, 0.3213469753875279, 0.12885236406425724, 0.14401201268925198, 0.07186581362972584], [0.32969173914929484, 0.32075265225067745, 0.15363595182633458, 0.13038192870313836, 0.06553772797055941]], "ideal": "B", "sampled": "B", "correct": true}}
{"type": "result", "data": {"idx": 19, "options": ["office building", "office supply store", "desk drawer", "with dwight", "desktop"], "probs": [[0.42123674201455424, 0.2225193465732764, 0.1788770319766533, 0.09474956117841, 0.08261731815710542], [0.4111231886152026, 0.23875868370860792, 0.2187901224164536, 0.07548341241529419, 0.05584459274443906], [0.403659093388594, 0.2530716379471437, 0.19831208636204944, 0.09305866685129081, 0.05189851535091321], [0.4034651222488331, 0.22780585166243364, 0.22722032076047896, 0.08668479840753755, 0.05482390682072102], [0.40045995675377005, 0.22544940079623157, 0.15458286671318128, 0.10409586135596155, 0.11541191428085563]], "ideal": "C", "sampled": "D", "correct": false}}
{"type": "result", "data": {"idx": 20, "options": ["work", "tacos", "mass", "play sports", "wrestle"], "probs": [[0.40029068332217466, 0.19182240846842838, 0.22494295467899053, 0.1481128529367679, 0.03483110049363737], [0.3049509699487955, 0.2754893286625301, 0.23845867569473794, 0.14940620639344854, 0.031694819200491844], [0.38212421834528953, 0.2768948699789976, 0.20139360522104102, 0.11631444093972466, 0.023272865414953086], [0.4115040634343476, 0.21525566629678913, 0.21705659587094098, 0.11770674480802427, 0.038476929489902695], [0.3022668883832254, 0.2252497363144114, 0.23698025412520268, 0.18266882212697458, 0.05283429895018522]], "ideal": "D", "sampled": "D", "correct": true}}
{"type": "result", "data": {"idx": 21, "options": ["math class", "math book", "in pythagorus' band", "orchestra", "music class"], "probs": [[0.38323964444880354, 0.23452250163446975, 0.22734852653902038, 0.11877669463227211, 0.036112632645414824], [0.3384343776166651, 0.2819875669510221, 0.24853836436401877, 0.10853577078828365, 0.022503920180025918], [0.34139705238128293, 0.309946199319799, 0.2480159020865559, 0.08110358153163873, 0.019537264580714024], [0.3989011363218555, 0.27822542673657663, 0.1563067730760387, 0.11062726718782581, 0.0559393965777171], [0.41014785341045834, 0.23585942632228477, 0.1896237261416588, 0.13423976797134607, 0.030129226054266146]], "ideal": "E", "sampled": "D", "correct": false}}
{"type": "result", "data": {"idx": 22, "options": ["believe in god", "smoke marijuana", "desire to travel", "use weapons", "throw away"], "probs": [[0.28053114811324464, 0.22732335588600353, 0.24222369289437592, 0.14949448519151998, 0.10042731781486146], [0.2741077809548926, 0.2540914081723334, 0.24731963592159054, 0.1492922370252315, 0.07518893782596299], [0.36494283636078034, 0.2322674796157013, 0.24210040618372133, 0.11995426433672873, 0.04073501340305306], [0.21442104199493328, 0.20835249494945993, 0.28831975744861876, 0.18628806369408352, 0.10261864181291105], [0.29308918530592937, 0.23024913961374385, 0.24587617562434458, 0.1678621205987042, 0.06292337875727105]], "ideal": "C", "sampled": "C", "correct": true}}
{"type": "result", "data": {"idx": 23, "options": ["mall", "grocery store", "grocery store", "shop", "supermarket"], "probs": [[0.2763985285046954, 0.18009550994548817, 0.22950908792079772, 0.23616445565828947, 0.07783241787071979], [0.24375561161646286, 0.1738429708347463, 0.2593244430537319, 0.2445333141087046, 0.07854366028635673], [0.43936354785422876, 0.20909927016275506, 0.17166298665618993, 0.13192597228458838, 0.04794822294224859], [0.35308175395364333, 0.2428936058779703, 0.21777953880823253, 0.13738162366052617, 0.04886347759963141], [0.3473895854876186, 0.2446395860343465, 0.2016108362284941, 0.16083328026804075, 0.04552671188149801]], "ideal": "A", "sampled": "D", "correct": false}}
{"type": "result", "data": {"idx": 24, "options": ["digestive", "feel better", "sleepiness", "indigestion", "illness"], "probs": [[0.44010327194426213, 0.19188572464781103, 0.1436123404589554, 0.1782345391646649, 0.046164123684307896], [0.4128576960155399, 0.20427279991394925, 0.13810916345288, 0.18179953949076721, 0.06296080102685124], [0.3653932947158351, 0.21826399034413954, 0.15204073529753126, 0.19614252398381227, 0.06815945555868166], [0.42912392670493194, 0.2257321077520051, 0.1662730981389515, 0.14301571482700867, 0.03585515247708784], [0.4352401884473272, 0.2219214935968859, 0.14621610154590275, 0.1504822083641169, 0.04614000794574854]], "ideal": "D", "sampled": "A", "correct": false}}
{"type": "result", "data": {"idx": 25, "options": ["club", "assembly hall", "meditation center", "meeting", "church"], "probs": [[0.44781407745916535, 0.2728458689418151, 0.18266920519748925, 0.07653518087827381, 0.020135667423261693], [0.33829710842909044, 0.27335529104783685, 0.1831915520361206, 0.13089776584707302, 0.07425828253988911], [0.3067965757628617, 0.26645709271696594, 0.21744454928384116, 0.15007894786794276, 0.05922283426837896], [0.352736223902864, 0.2486040281695704, 0.24189048998828958, 0.10663037287904986, 0.0501388849602346], [0.34577816342242446, 0.28295864700051937, 0.22054774923771298, 0.10965689381970395, 0.041058546419646784]], "ideal": "A", "sampled": "A", "correct": true}}
{"type": "result", "data": {"idx": 26, "options": ["forest", "valley", "outdoors", "countryside", "woods"], "probs": [[0.1541207728009881, 0.2806595420447628, 0.2868048127234526, 0.18887929315635132, 0.08953557917443107], [0.13703132808238097, 0.2889951048368511, 0.2602162796337943, 0.2149231725062321, 0.09883411484072356], [0.1367750785559445, 0.22447720445898536, 0.2589605674148584, 0.2692345132729952, 0.11055263619720479], [0.135395244288582, 0.25419411974970113, 0.27766108155169955, 0.22933765071214096, 0.10341190359788466], [0.09236805057122545, 0.2530126319777611, 0.2835730318311841, 0.24831189851862148, 0.12273438700121266]], "ideal": "B", "sampled": "C", "correct": false}}
{"type": "result", "data": {"idx": 27, "options": ["music store", "create music", "zoo", "music room", "symphony"], "probs": [[0.2451551528633664, 0.3186591166159253, 0.1798309590330985, 0.1822495082371244, 0.07410526315048412], [0.25089500112882845, 0.3218628230408203, 0.15581507567567257, 0.19207287415040186, 0.07935422590427932], [0.2504461487878762, 0.33084354790632786, 0.16151779299941113, 0.18586116018770302, 0.07133135001866658], [0.29569368817509795, 0.3598905198040787, 0.1546147431919707, 0.14614581112019362, 0.043655237608677955], [0.2839273580100738, 0.30269963542476724, 0.16498890150867698, 0.15798601423697947, 0.09039809071950168]], "ideal": "E", "sampled": "E", "correct": true}}
{"type": "result", "data": {"idx": 28, "options": ["boat", "necessary to live", "edible", "unhealthy", "kitchen"], "probs": [[0.10100571567493914, 0.14269093875643177, 0.1693241962161609, 0.4646637397580295, 0.122315409494428], [0.13355229789289427, 0.21501343644092977, 0.20393266092363582, 0.3545991201727568, 0.09290248446979377], [0.2454764780189265, 0.20647538850302027, 0.1718446575148727, 0.2703806905203656, 0.10582278534280883], [0.3494241735632095, 0.21259798774549812, 0.12473528578825874, 0.2349808518591012, 0.07826170094392867], [0.11775469088191623, 0.15041112199405762, 0.1535677170358662, 0.44990001985508016, 0.12836645013308948]], "ideal": "D", "sampled": "D", "correct": true}}
{"type": "result", "data": {"idx": 29, "options": ["most offices", "fish department", "fancy restaurant", "government submarine", "chesapeake bay"], "probs": [[0.2592368772541113, 0.3629332491937779, 0.1477328233590712, 0.18017170128284432, 0.0499253488102081], [0.2735522297393865, 0.3272981532186148, 0.16602461733786225, 0.1671037799733575, 0.06602121963077157], [0.21188249257994035, 0.30837192410000797, 0.14994155051369729, 0.23178320834853078, 0.09802082435782165], [0.2677584294520622, 0.3287952083785318, 0.16977774724598801, 0.16416063759061375, 0.06950797723281331], [0.3215631850685875, 0.30056953173132006, 0.1747029767178783, 0.1630159947224112, 0.04014831165980549]], "ideal": "B", "sampled": "B", "correct": true}}
{"type": "result", "data": {"idx": 30, "options": ["case", "jewelry store", "shopping", "jewelery box", "hock"], "probs": [[0.3356138777821514, 0.24631787748590636, 0.18452001752908856, 0.13062236547168862, 0.10292586163116542], [0.3404263636881441, 0.23041414891343648, 0.21129004726468384, 0.15694044885146077, 0.06092899118228935], [0.30854225155605985, 0.21670436856963815, 0.2088928222447357, 0.16818428037868938, 0.0976762771508769], [0.22774913800281246, 0.27529006687980406, 0.21061647263181438, 0.18476153231688835, 0.10158279006867017], [0.24248793604166902, 0.2302828587001975, 0.2256632779342897, 0.18488813441093008, 0.11667779281291409]], "ideal": "B", "sampled": "B", "correct": true}}
{"type": "result", "data": {"idx": 31, "options": ["dishwasher", "water fountain", "sand box", "toilet", "kitchen cabinet"], "probs": [[0.3743510172272403, 0.31269221801762825, 0.1463599801235017, 0.0995444051386302, 0.06705237939299152], [0.39122419472893566, 0.31421925611420504, 0.1460159649239459, 0.08749915368358396, 0.06104143044933868], [0.3354947229129396, 0.35077678276558916, 0.15264843451430007, 0.08645447173100025, 0.07462558797615594], [0.3896794959286526, 0.3135498637678417, 0.1525079425479465, 0.07949286807695394, 0.06476982957860213], [0.4051054865194076, 0.30995468313740754, 0.14413460775944542, 0.08498956243422355, 0.0558156600495198]], "ideal": "E", "sampled": "D", "correct": false}}
{"type": "result", "data": {"idx": 32, "options": ["office building", "internet cafe", "house", "school", "internet cafe"], "probs": [[0.2670890620010028, 0.26256840342130966, 0.20505062735079385, 0.16118946430348205, 0.1041024428234274], [0.3217022635959731, 0.23366994854245804, 0.21889639481704462, 0.1583094682115836, 0.0674219247329265], [0.22184262587216824, 0.22145524213798512, 0.2322462034373903, 0.1923273227872777, 0.1321286056651906], [0.29752191038117054, 0.23373203098392, 0.25897188974957774, 0.13402526654866012, 0.07574890223667001], [0.39266217810378107, 0.2623115042124707, 0.22299689111703788, 0.0887912824506796, 0.03323814401603837]], "ideal": "A", "sampled": "E", "correct": false}}
{"type": "result", "data": {"idx": 33, "options": ["last word", "conclusion", "ikea instructions", "afterword", "epilogue"], "probs": [[0.20831660934426485, 0.2145880527292849, 0.34137041447430844, 0.17401970921145105, 0.06170521414069137], [0.18413557883228343, 0.20485408732552607, 0.3232822124436948, 0.203162761047184, 0.08456536025131256], [0.1984618635631922, 0.224381666062769, 0.3592664059400278, 0.16793394519715596, 0.049956119136868794], [0.18972725700653284, 0.24701004023240397, 0.3641703321010746, 0.13616944480597465, 0.06292292575402252], [0.19486184783880112, 0.24071382627731938, 0.318380168863497, 0.1735407637014418, 0.07250339321893384]], "ideal": "E", "sampled": "E", "correct": true}}
{"type": "result", "data": {"idx": 34, "options": ["fish market", "pet shop", "fishmongers", "intertidal zone", "obesity"], "probs": [[0.24827230691035906, 0.37571530208696874, 0.22813321402991535, 0.13058126403070608, 0.017297912842044297], [0.23048863767213287, 0.3824026870679697, 0.231506625420179, 0.12489863332107863, 0.030703416418645685], [0.23066964866314782, 0.36371071562150836, 0.22332965654105688, 0.1577079839583699, 0.024581995115934358], [0.20941241580170092, 0.34759664095864307, 0.22426578721263712, 0.17562781412672018, 0.043097341800305826], [0.18160720142227982, 0.35524686998148874, 0.21310348969037246, 0.19309429620182247, 0.056948142604035745]], "ideal": "C", "sampled": "C", "correct": true}}
{"type": "result", "data": {"idx": 35, "options": ["brush hair", "theater", "house", "dwelling", "bathhouse"], "probs": [[0.343328649658526, 0.2439753067866378, 0.19268694006295645, 0.13562989876400836, 0.08437920462786488], [0.40987801967704346, 0.23764451768268213, 0.18440899842805872, 0.10933006872047696, 0.05873839539173335], [0.3896025321751164, 0.22801011510254715, 0.1907832976281184, 0.11954070006571327, 0.07206335492851912], [0.3985336032556712, 0.23355074369370432, 0.1867873875965723, 0.11283678772794992, 0.06829147762611663], [0.35382687369252125, 0.2691326398036258, 0.20217670166734708, 0.12219770491632662, 0.052666079820163386]], "ideal": "E", "sampled": "B", "correct": false}}
{"type": "result", "data": {"idx": 36, "options": ["poisonous gas", "homicide", "cinder", "nuclear weapons", "cyanide"], "probs": [[0.30539687108314784, 0.2033518604501036, 0.176691284725481, 0.24271090034118473, 0.07184908330008057], [0.34626858552031553, 0.2371737321535815, 0.1627533201737718, 0.18427430215164758, 0.06953005990069515], [0.23248644400971655, 0.19676001537339718, 0.099826565632084, 0.3180624945140941, 0.1528644803707032], [0.31220435506647004, 0.20088807327289998, 0.12266875990416062, 0.26014128479504467, 0.10409752686141258], [0.27966746610593474, 0.21305960717485356, 0.1266308416213022, 0.2704195533838868, 0.11022253161402644]], "ideal": "B", "sampled": "B", "correct": true}}
{"type": "result", "data": {"idx": 37, "options": ["players", "play games", "casino", "table", "toy store"], "probs": [[0.2951712711167734, 0.2808657275651209, 0.2775191534353699, 0.1203507966707145, 0.02609305111203163], [0.2680488409301838, 0.337171381949867, 0.24204975634314466, 0.12343736589434319, 0.02929265478247413], [0.3663247203901931, 0.2326803144537924, 0.20630446540198522, 0.13634364272585564, 0.058346856928178786], [0.29183825868743624, 0.2219584096890704, 0.27579221638536167, 0.1447019305272289, 0.06570918461089684], [0.2650152575231783, 0.3021731547408695, 0.23634646592064193, 0.12928827266650866, 0.06717684904880199]], "ideal": "D", "sampled": "C", "correct": false}}
{"type": "result", "data": {"idx": 38, "options": ["read book", "own house", "apartment", "more rice", "warm coat"], "probs": [[0.31390025787112713, 0.20520614257299763, 0.24357404510864145, 0.20662721132385173, 0.030692343023375437], [0.34614019816703073, 0.22246328966823606, 0.231827811213602, 0.16521245449676303, 0.034356246354379255], [0.3971755485286981, 0.18458496287944404, 0.21020548485251986, 0.17902584699805146, 0.029008156641288158], [0.3654647536218725, 0.2528092231586678, 0.21360468272067132, 0.15078614374952598, 0.017335196649254078], [0.39875557846604626, 0.22573478809999475, 0.20314028205221474, 0.14452244626387656, 0.027846905017873787]], "ideal": "E", "sampled": "E", "correct": true}}
{"type": "result", "data": {"idx": 39, "options": ["gap", "shopping mall", "bedroom", "laundromat", "bathroom"], "probs": [[0.3239508414259194, 0.32906830417097505, 0.21005248592051567, 0.11406620370576334, 0.022862164676825673], [0.30408440840661566, 0.25278369667815725, 0.24680997988806086, 0.15808078012508658, 0.03824113480206531], [0.23897414328363187, 0.26877552146505695, 0.2535413006862449, 0.1868034933145013, 0.05190554115056971], [0.26844384795413745, 0.30462463456213973, 0.27053751099865303, 0.12821897711116495, 0.028175029273888215], [0.2697600633705881, 0.2957999829480612, 0.2952430609150558, 0.11114981273100413, 0.028047079935295052]], "ideal": "B", "sampled": "A", "correct": false}}
{"type": "result", "data": {"idx": 40, "options": ["theater", "opera", "show", "television", "blockbuster feature"], "probs": [[0.1350407433736082, 0.3675945415724212, 0.2228864375163198, 0.17713759435462353, 0.0973406830830301], [0.10916977375032842, 0.3205599098724376, 0.1735149084944442, 0.26272486480722235, 0.13403054297558653], [0.11756978740455289, 0.34583284520189855, 0.19782030105325263, 0.2295840639652673, 0.10919300227501147], [0.14221567967539844, 0.32373591006693225, 0.22067766949634565, 0.2183631055305053, 0.09500763513081331], [0.09354986118591986, 0.3684845415505412, 0.1920597033272293, 0.25052189227282873, 0.09538400156348485]], "ideal": "A", "sampled": "A", "correct": true}}
{"type": "result", "data": {"idx": 41, "options": ["baggage compartment", "movie", "subway", "airplane", "cargo hold"], "probs": [[0.34753532252371494, 0.33645119208146185, 0.1507049727616364, 0.1322677459755283, 0.033040766557645145], [0.38752682446878045, 0.29279131734070485, 0.15073501890571198, 0.12378488138289326, 0.04516195780192266], [0.33255603495827935, 0.28021179966126136, 0.15054947018764492, 0.15596393060700664, 0.08071876448579059], [0.32062350677158624, 0.28534722759265074, 0.16582426821286922, 0.16864455808286713, 0.05956043923999998], [0.3033899088761998, 0.3232890351342375, 0.17385436966002685, 0.14909037673329759, 0.05037630949623467]], "ideal": "B", "sampled": "B", "correct": true}}
{"type": "result", "data": {"idx": 42, "options": ["eat", "think", "reading", "meditate", "fall asleep"], "probs": [[0.2875046378274069, 0.20005589270411347, 0.33451795383501653, 0.13301013793490013, 0.04491137759854975], [0.34194147616619774, 0.21438356497023978, 0.27884121667526307, 0.12309875974893815, 0.0417349823393557], [0.365367138232282, 0.1891693304560683, 0.30277105994927844, 0.11004516393717952, 0.032647307325196336], [0.3021450680014944, 0.2062671247450698, 0.32210761795058107, 0.11874188245276981, 0.05073830675007417], [0.2620793789029045, 0.22677595560993427, 0.33694182774818554, 0.12619436936249434, 0.048008468276462914]], "ideal": "E", "sampled": "C", "correct": false}}
{"type": "result", "data": {"idx": 43, "options": ["eyes", "animal", "fingertips", "brainstem", "human body"], "probs": [[0.14472533741464344, 0.28999272867686426, 0.1898324550349235, 0.2035691748185927, 0.17188030395497442], [0.20055038503789083, 0.2602212685954435, 0.23435185958248, 0.16965425695873615, 0.13522222972545028], [0.20693036684827, 0.2988531038654258, 0.21727302914618213, 0.1425242918741332, 0.1344192081659986], [0.17576946091552378, 0.31151513262552055, 0.20306082502080963, 0.17572636279362264, 0.13392821854451417], [0.18869916746858761, 0.29783272559571927, 0.21574636304449182, 0.15558921829882325, 0.1421325254923799]], "ideal": "B", "sampled": "E", "correct": false}}
{"type": "result", "data": {"idx": 44, "options": ["ground", "subway", "bank", "bed", "street"], "probs": [[0.30969089552348084, 0.3947843139010381, 0.1174957345180701, 0.11415010877982926, 0.06387894717759189], [0.2572853082300298, 0.4007100754978469, 0.11538036012885462, 0.14553877993356015, 0.08108547610969935], [0.2557669266526047, 0.4093408630160883, 0.1336561720114926, 0.12001802554566314, 0.08121801267414505], [0.31403206133032724, 0.3996023026939685, 0.1293727326894366, 0.10909351010855439, 0.047899393077709414], [0.31484489920248915, 0.3754098946546303, 0.12915312667834009, 0.118190097666736, 0.06240198169780604]], "ideal": "D", "sampled": "E", "correct": false}}
{"type": "result", "data": {"idx": 45, "options": ["theater", "train", "bathhouse", "dwelling", "actors and actresses"], "probs": [[0.3454642797914139, 0.24346829040165296, 0.2082636576507001, 0.14354650676874703, 0.05925726528748194], [0.2719895693273042, 0.267559405312044, 0.2425106010488528, 0.14220073270525957, 0.07573969150656384], [0.29433889470709856, 0.27598503619859477, 0.23836267823845386, 0.14619805861467425, 0.04511533214117117], [0.34045689561218223, 0.2843539988963917, 0.22197367824277375, 0.11511893208722333, 0.03809649506141595], [0.3652483807830724, 0.28163225016411736, 0.19697282521467488, 0.11824558708680186, 0.037900956651335894]], "ideal": "A", "sampled": "E", "correct": false}}
{"type": "result", "data": {"idx": 46, "options": ["packaging materials", "recycle bin", "box factory", "warehouse", "bowler hats"], "probs": [[0.32313883872227855, 0.25273979622152815, 0.2322242858511448, 0.13258310702035161, 0.059313972084696555], [0.17689008002770876, 0.2911220423804015, 0.2243331338133771, 0.20322613717515345, 0.10442860650334881], [0.20052614122221582, 0.2934784759348809, 0.19794144972010358, 0.19712701321321163, 0.11092691980958824], [0.24316820049972918, 0.3017366977458977, 0.2105986811031541, 0.16808801148617114, 0.07640840906506657], [0.21308463167246794, 0.3065012660287129, 0.23002946905211194, 0.17057259445824452, 0.07981203868847703]], "ideal": "A", "sampled": "A", "correct": true}}
{"type": "result", "data": {"idx": 47, "options": ["sick person", "hospital", "elderly person", "graveyard", "doctor's office"], "probs": [[0.36993628237336695, 0.21011571859750053, 0.23682089535994874, 0.1261998747405653, 0.056927228828633075], [0.30143491273954903, 0.22554834683691893, 0.2593986225894041, 0.1593206866689926, 0.054297431065139325], [0.31473491934053466, 0.1847025098411212, 0.2560315716509664, 0.18321138138796916, 0.061319617679404685], [0.2993026502328982, 0.21472839841094785, 0.2565216924513368, 0.171111908579877, 0.05833535022492656], [0.35793719226299786, 0.2193651714491877, 0.23808060479003468, 0.14420829762829482, 0.040408733769492285]], "ideal": "A", "sampled": "A", "correct": true}}
{"type": "result", "data": {"idx": 48, "options": ["park", "internet", "meeting", "library", "book"], "probs": [[0.1485541951534573, 0.30144266596610303, 0.1923030031815432, 0.22192144777443915, 0.13577868782443656], [0.16072676344313322, 0.3086299510265842, 0.19297164011509307, 0.21811628511142434, 0.11955536020378098], [0.07964648607444712, 0.3053612685131716, 0.2180791235686529, 0.30233702095002274, 0.09457610079370868], [0.19105779685956562, 0.29093404661548256, 0.21541385993315243, 0.24951652052997314, 0.05307777596182699], [0.11137391764273849, 0.28912992310643376, 0.24648898873152308, 0.24683538001906816, 0.10617179040024544]], "ideal": "D", "sampled": "A", "correct": false}}
{"type": "result", "data": {"idx": 49, "options": ["stagnant", "stagnation", "tradition", "hunger", "paper money"], "probs": [[0.29577286491737614, 0.24963018674710913, 0.2074053236209651, 0.17757900770272808, 0.06961261691183065], [0.24934539523425264, 0.28279497028025025, 0.18160316287553763, 0.2139712274119649, 0.07228524409799052], [0.19909551019195812, 0.23020767026017644, 0.207879121618071, 0.23877147684059188, 0.12404622098921031], [0.26244383800415205, 0.24215007815615786, 0.23239511324473125, 0.19200259749052057, 0.07100837300444979], [0.19344698139908503, 0.27428499496373576, 0.21185404230861923, 0.23584401414134312, 0.08456996708722357]], "ideal": "B", "sampled": "A", "correct": false}}
{"type": "result", "data": {"idx": 50, "options": ["cause irrational behaviour", "recur", "effectively treated", "managed", "cause suffering"], "probs": [[0.3622086259612306, 0.2337103525398991, 0.2586394758869209, 0.09787660361951041, 0.0475649418924253], [0.4266981450035316, 0.24913490682207454, 0.21708494451421753, 0.07551043982229481, 0.03157156373787905], [0.5128564357008673, 0.16653735999120425, 0.21766816936788913, 0.08143601441570794, 0.02150202042432804], [0.39864691063264446, 0.17811099097232314, 0.2920513153352519, 0.09908971605826646, 0.032101066901526955], [0.35774684065078954, 0.235629575411798, 0.2720437006422834, 0.1078411171814542, 0.0267387660136782]], "ideal": "C", "sampled": "C", "correct": true}}
{"type": "result", "data": {"idx": 51, "options": ["cast iron stomach", "physical exertion", "shin splints", "adventure", "fatigue"], "probs": [[0.2359131727297512, 0.32949429600474706, 0.20699714013094345, 0.17635866635278022, 0.05123672468178579], [0.29949150963566157, 0.29434271721132355, 0.18670010511224508, 0.13564986875158933, 0.08381579918919156], [0.2854109485549637, 0.3030010280325738, 0.1720841828826155, 0.1526668599297634, 0.08683698050008343], [0.36690183168009816, 0.2842101836583266, 0.15517387948288935, 0.13685575769878658, 0.056858347379882004], [0.2751320114584638, 0.2758422556641447, 0.2010904239139049, 0.1632686682722112, 0.0846666405912761]], "ideal": "C", "sampled": "D", "correct": false}}
{"type": "result", "data": {"idx": 52, "options": ["chess game", "scheme", "chess set", "checkers", "north carolina"], "probs": [[0.36185816910807284, 0.2327183408821552, 0.1661058814697578, 0.12141064706363743, 0.11790696137639359], [0.3350428670620465, 0.23516794676682662, 0.1753676451128186, 0.1328605768983274, 0.12156096405997666], [0.361856303905386, 0.24036421187092571, 0.18989768279559166, 0.12516458263592617, 0.08271721869217993], [0.3243115706541608, 0.28067190259440616, 0.18041395174242705, 0.12398571039686392, 0.0906168645121306], [0.35133218672359107, 0.2301356186403696, 0.18829442594313753, 0.12844885712943488, 0.10178891146347904]], "ideal": "A", "sampled": "E", "correct": false}}
{"type": "result", "data": {"idx": 53, "options": ["isolation", "grief", "happiness", "relief", "angry"], "probs": [[0.2612816834712945, 0.32672416739063215, 0.2237096272359309, 0.150580508732775, 0.03770401306937336], [0.23719330743518985, 0.37323734579870294, 0.23157448639992242, 0.13410688382914093, 0.023887976437043677], [0.23550977201777992, 0.32501728401230096, 0.25277998958045694, 0.1573501294358017, 0.029342824853667966], [0.22608058645098297, 0.35410101454506704, 0.2332065815321941, 0.1553194171468313, 0.03129240022492257], [0.20246783160729281, 0.33783181827809855, 0.27104941860526943, 0.1600322875868898, 0.02861864382243165]], "ideal": "C", "sampled": "C", "correct": true}}
{"type": "result", "data": {"idx": 54, "options": ["continue to grow", "plant themselves", "many colors", "smell good", "make pretty"], "probs": [[0.36442239404238447, 0.2435381936759588, 0.19932102311300923, 0.14136888619633153, 0.05134950287232876], [0.37528822976868853, 0.2503631591011819, 0.1872734166378794, 0.14151471116364192, 0.045560483228619754], [0.3413066466986528, 0.2816094461509573, 0.1881157357046778, 0.1383945358140887, 0.05057363553161293], [0.3265240625829114, 0.265359604573994, 0.21246641360361987, 0.13704123257437184, 0.058608686565096525], [0.3380543944959713, 0.27339436657107025, 0.19111376350303266, 0.1436750187672554, 0.053762456562685176]], "ideal": "D", "sampled": "A", "correct": false}}
{"type": "result", "data": {"idx": 55, "options": ["controversy", "responsibility", "resentment", "judge feelings", "hurt feelings"], "probs": [[0.4362921247270109, 0.2332822276386627, 0.1734252813966955, 0.1115376209604276, 0.0454627451771865], [0.4308672908446563, 0.2207753577621318, 0.20760932321411243, 0.09484203940731155, 0.04590598867178003], [0.42657502378756307, 0.2312153722457012, 0.16601712722461906, 0.12299684281123922, 0.05319563383087628], [0.45053154357430575, 0.21644205829645383, 0.20216718393410943, 0.09219502628035833, 0.03866418781476903], [0.4530695840762519, 0.233538152234296, 0.17595841178012903, 0.09378752746333985, 0.04364632434599608]], "ideal": "C", "sampled": "D", "correct": false}}
