{"type": "result", "data": {"idx": 0, "options": ["k = 0 and n = 1", "k = 1 and n = 0", "k = n = 1", "k > 1"], "probs": [[0.260399658151004, 0.29578367487237417, 0.2566037447668786, 0.18721292210973556], [0.2586520390869338, 0.2947006915994261, 0.2625518721416355, 0.18409539707197348], [0.2589844084993501, 0.2990549754147159, 0.26234110520430226, 0.1796195107816388], [0.27358645342928584, 0.29045095365462115, 0.25101969175898137, 0.18494290105709066]], "ideal": "B", "sampled": "D", "correct": false}}
{"type": "result", "data": {"idx": 1, "options": ["0", "1", "2", "3"], "probs": [[0.28448615792267895, 0.27378176091983614, 0.26356180344282354, 0.17817027761466697], [0.29647311033358975, 0.27677066870142075, 0.25461257425207673, 0.17214364661291515], [0.3117563532401803, 0.28037549835891157, 0.24993777610831638, 0.15793037219259723], [0.30899157428738866, 0.28885749012032774, 0.23735444369004857, 0.16479649180222974]], "ideal": "D", "sampled": "D", "correct": true}}
{"type": "result", "data": {"idx": 2, "options": ["n = 1 and r = 6", "n = 1 and r = 7", "n = 2 and r = 5", "n = 2 and r = 6"], "probs": [[0.24198405294694508, 0.27957266079159654, 0.267727767675253, 0.2107155184862193], [0.24448386694360735, 0.2776417064588278, 0.27094337460450896, 0.20693105189304578], [0.24942720601872018, 0.27531119735506693, 0.27040071727695986, 0.20486087924923335], [0.2476076041463774, 0.28062767308984926, 0.2643856060233324, 0.20737911664044661]], "ideal": "D", "sampled": "D", "correct": true}}
{"type": "result", "data": {"idx": 3, "options": ["4", "8", "16", "2sqrt(2)"], "probs": [[0.30951847316791076, 0.2515662567617958, 0.24695785195509531, 0.19195741801519267], [0.31981900345707964, 0.24759399397381376, 0.25575486110805246, 0.17683214136103903], [0.30843649261607387, 0.255480954444476, 0.2431323554413811, 0.1929501973980656], [0.3060769054397512, 0.25791180282764553, 0.23849851222151486, 0.19751277941108691]], "ideal": "A", "sampled": "D", "correct": false}}
{"type": "result", "data": {"idx": 4, "options": ["2/69", "1/30", "2/23", "12/125"], "probs": [[0.31863926993196756, 0.26393615232897816, 0.251972348939413, 0.16545222869963364], [0.3075480892253472, 0.2637420693350657, 0.2605855488318258, 0.16812429250776578], [0.3158851427007585, 0.26185732770841674, 0.25506331948266225, 0.16719421000816198], [0.3159845238449094, 0.26838791013382585, 0.2526857673388792, 0.16294179858238625]], "ideal": "C", "sampled": "A", "correct": false}}
{"type": "result", "data": {"idx": 5, "options": ["(S, +, x) is closed under addition modulo 10.", "(S, +, x) is closed under multiplication modulo 10.", "(S, +, x) has an identity under addition modulo 10.", "(S, +, x) has no identity under multiplication modulo 10."], "probs": [[0.30153377857323677, 0.2713388235292052, 0.2262294831615046, 0.2008979146360607], [0.2961178198448557, 0.28087716283270175, 0.22774852627493736, 0.19525649094748648], [0.29360697712513106, 0.27598861298160865, 0.23061040562656462, 0.19979400416669454], [0.29110361485157327, 0.28065276332471306, 0.23060159631160634, 0.19764202541210263]], "ideal": "D", "sampled": "A", "correct": false}}
{"type": "result", "data": {"idx": 6, "options": ["12*sqrt(2)", "6*sqrt(2)", "4*sqrt(2)", "1/(2*sqrt(2))"], "probs": [[0.270792003635363, 0.26096062869357195, 0.27931481761284116, 0.18893254995821473], [0.2713795099386325, 0.25964604079845777, 0.28096808985697086, 0.18800635930593532], [0.264792890917256, 0.2593626797174877, 0.28223937558331863, 0.19360505368193787], [0.2665011119363943, 0.24975872497492924, 0.2855055712305431, 0.19823459175813526]], "ideal": "C", "sampled": "B", "correct": false}}
{"type": "result", "data": {"idx": 7, "options": ["0", "10%", "25%", "50%"], "probs": [[0.2790474527849136, 0.26102051539169485, 0.2744939819322561, 0.1854380497911216], [0.28708332893413374, 0.2646698432746168, 0.2646955894610795, 0.18355123823018163], [0.3111518922557056, 0.2701738053590187, 0.2526711775820482, 0.166003124703212], [0.3029177693233548, 0.27264907133148386, 0.25021195429393545, 0.17422120495122578]], "ideal": "C", "sampled": "C", "correct": true}}
{"type": "result", "data": {"idx": 8, "options": ["None", "I only", "II only", "III only"], "probs": [[0.31240152144994937, 0.2100353664049248, 0.2797095145706912, 0.1978535974744228], [0.3130067267639279, 0.21423326547814794, 0.2817205490247954, 0.1910394586331351], [0.31614177880225847, 0.2206149902709814, 0.2782483989911851, 0.18499483183558993], [0.3177272068098007, 0.2308095757354211, 0.270954600563381, 0.18050861679140406]], "ideal": "C", "sampled": "D", "correct": false}}
{"type": "result", "data": {"idx": 9, "options": ["Every compact space is complete", "Every complete space is compact", "Neither (a) nor (b).", " Both (a) and (b)."], "probs": [[0.3370414878060645, 0.2675631854763414, 0.2060925130933616, 0.18930281352422523], [0.36758587284050337, 0.25909640412482676, 0.21278015702303074, 0.16053756591166773], [0.32610615499026774, 0.2864644429788812, 0.2338790434484036, 0.15355035848244428], [0.33977084367089966, 0.29045283829311924, 0.21198006372445957, 0.15779625421151833]], "ideal": "A", "sampled": "D", "correct": false}}
{"type": "result", "data": {"idx": 10, "options": ["10", "20", "25", "45"], "probs": [[0.3051404493808969, 0.2549738823828705, 0.2515824580326684, 0.18830321010355955], [0.3005701075636845, 0.2611260626075212, 0.24589680840285555, 0.1924070213259385], [0.31525647734165513, 0.2614368988065922, 0.24578974316906832, 0.17751688058269516], [0.3164440850445561, 0.25837517661234893, 0.24159335742668642, 0.18358738081642545]], "ideal": "D", "sampled": "D", "correct": true}}
{"type": "result", "data": {"idx": 11, "options": ["1/64", "15/64", "1/4", "3/8"], "probs": [[0.3030955051161464, 0.27128016722323406, 0.2665361930437465, 0.15908813451686465], [0.3004301505703526, 0.2791400802795789, 0.2598262229465366, 0.1606035461035218], [0.30207820833984067, 0.2740668275869499, 0.26550647029920216, 0.1583484936740275], [0.30463859037199903, 0.2759565602645511, 0.258468168660575, 0.16093668060289715]], "ideal": "B", "sampled": "C", "correct": false}}
{"type": "result", "data": {"idx": 12, "options": ["0", "1", "2", "3"], "probs": [[0.27103006028423127, 0.26258361340910735, 0.27003265867761805, 0.1963536675290575], [0.27128776135195004, 0.2602617963069164, 0.27096349631299915, 0.19748694592812951], [0.2759924349299147, 0.26656855888615744, 0.26859906512005677, 0.18883994096386453], [0.2721285146418383, 0.2709125311831498, 0.26480209508917546, 0.19215685898583248]], "ideal": "A", "sampled": "A", "correct": true}}
{"type": "result", "data": {"idx": 13, "options": ["4", "7", "10", "13"], "probs": [[0.29072382978210576, 0.259189828539956, 0.2624537421274459, 0.1876325994505081], [0.28737791489839953, 0.26067797383375824, 0.2602593419494989, 0.19168476921835076], [0.2847506307609158, 0.2639064505222034, 0.2647503637621165, 0.18659255485477477], [0.2968720487354365, 0.26352726819140426, 0.2530482976785679, 0.18655238529456405]], "ideal": "B", "sampled": "A", "correct": false}}
{"type": "result", "data": {"idx": 14, "options": ["0.64", "0.72", "0.81", "0.95"], "probs": [[0.31215829009357826, 0.26485400663506437, 0.24455458008015668, 0.17843312309118425], [0.3147242686188387, 0.2638046872873548, 0.24317383112748384, 0.17829721286632255], [0.3157730120120234, 0.2645214505452163, 0.24428572788372616, 0.175419809459045], [0.3177201682894727, 0.2655503099259709, 0.24325337150200202, 0.17347615018256704]], "ideal": "D", "sampled": "D", "correct": true}}
{"type": "result", "data": {"idx": 15, "options": ["I only", "II only", "III only", "I and II only"], "probs": [[0.3215971037723386, 0.25049878496142597, 0.2449101042339686, 0.1829940069322641], [0.317334599923626, 0.2631216510078703, 0.24091952178793785, 0.17862422718055457], [0.3057182694771396, 0.27550084210060105, 0.2521577745438482, 0.16662311377840708], [0.30921958753894047, 0.28096182824682764, 0.24286640847611987, 0.16695217563809714]], "ideal": "D", "sampled": "A", "correct": false}}
{"type": "result", "data": {"idx": 16, "options": ["I only", "II only", "III only", "I and II only"], "probs": [[0.3149082432872749, 0.23134013773110096, 0.2573974711101499, 0.19635414777147023], [0.3126939531128935, 0.24150420853258073, 0.2555079354833003, 0.19029390277122563], [0.3077093237371869, 0.2529009841639935, 0.2586505107571245, 0.18073918124171479], [0.3039220921589926, 0.2613920718699849, 0.25628633330261985, 0.17839950256840723]], "ideal": "B", "sampled": "A", "correct": false}}
{"type": "result", "data": {"idx": 17, "options": ["-1/4", "-1/(4sqrt(2))", "0", "sqrt(2)"], "probs": [[0.3332258993131142, 0.2378130762816876, 0.24189048215098982, 0.18707054215422075], [0.3347881155148851, 0.2345988921039284, 0.25079351754675494, 0.17981947473442395], [0.3463131794427679, 0.23417890518352524, 0.244932290648786, 0.17457562462492315], [0.35138512369214464, 0.23212960505293007, 0.2424944245689649, 0.17399084658593922]], "ideal": "C", "sampled": "D", "correct": false}}
{"type": "result", "data": {"idx": 18, "options": ["I and II only", "III only", "I and III only", "I, II, and III"], "probs": [[0.29652459576210205, 0.2614901945564373, 0.24973513688850324, 0.1922500726929649], [0.3092618534841467, 0.27351463311185337, 0.24921110073389163, 0.16801241257011176], [0.30841524299015205, 0.27840902586668526, 0.23549750359039653, 0.17767822745277947], [0.3112164191245659, 0.2713823269734152, 0.2383618983814507, 0.17903935542058722]], "ideal": "D", "sampled": "D", "correct": true}}
{"type": "result", "data": {"idx": 19, "options": ["3", "e", "sqrt(5)", "0"], "probs": [[0.30780968072329457, 0.3078669000909004, 0.2142140538181893, 0.1701093652676176], [0.3082941380356906, 0.300504674792284, 0.2204242625156751, 0.17077692455635224], [0.3024616710679111, 0.3057976874558295, 0.2182201045791717, 0.17352053679708576], [0.30617028699806764, 0.3112646694443495, 0.2222798648650611, 0.16028517859252464]], "ideal": "A", "sampled": "B", "correct": false}}
{"type": "result", "data": {"idx": 20, "options": ["I only", "II only", "III only", "I, II, and III"], "probs": [[0.32516417468791453, 0.22409587076641113, 0.27750343796160293, 0.1732365164840716], [0.3234317388600727, 0.2501683328028398, 0.27363574108532923, 0.15276418715175277], [0.31324083534876884, 0.262208051719754, 0.2695992433102951, 0.154951869521205], [0.33056038269898025, 0.24959035231971072, 0.2635517548298027, 0.15629751005149545]], "ideal": "D", "sampled": "D", "correct": true}}
{"type": "result", "data": {"idx": 21, "options": ["None", "One", "Four", "Five"], "probs": [[0.30258351138256606, 0.2717936394598402, 0.2296448231801039, 0.1959780258775006], [0.3300754037592124, 0.27480567332828976, 0.21275179495517577, 0.18236712785732637], [0.34370893635983546, 0.27955006205020705, 0.20608232458237008, 0.17065867690759712], [0.3255309715202502, 0.2888494781768541, 0.20225880421515527, 0.18336074598776034]], "ideal": "D", "sampled": "C", "correct": false}}
{"type": "result", "data": {"idx": 22, "options": ["I only", "II only", "III only", "I and II only"], "probs": [[0.2887933295087828, 0.2570069704662961, 0.26554532247671864, 0.18865437744820115], [0.2931354961229506, 0.26236792334141956, 0.2550510758047683, 0.189445504630858], [0.282702535088938, 0.27631394430948597, 0.26366554575121287, 0.17731797475033448], [0.2791554649498591, 0.2859885349097033, 0.25888036832092864, 0.17597563171950903]], "ideal": "B", "sampled": "A", "correct": false}}
{"type": "result", "data": {"idx": 23, "options": ["2/81", "1/18", "2/27", "1/9"], "probs": [[0.3048452098459345, 0.2640613150815431, 0.25910879422793853, 0.17198468074456277], [0.29542686616592667, 0.2662471614946177, 0.26279091722318276, 0.17553505501626915], [0.29907853917389826, 0.2673876495568753, 0.26172614407568895, 0.17180766709354564], [0.2991344277751929, 0.26390512456528553, 0.26337689478347626, 0.17358355277606533]], "ideal": "A", "sampled": "A", "correct": true}}
{"type": "result", "data": {"idx": 24, "options": ["True, True", "True, False", "False, True", "False, False"], "probs": [[0.3844468136258102, 0.2622573748061767, 0.21003324322688033, 0.1432625682411383], [0.3835925758845055, 0.2544073782805727, 0.20702281688715518, 0.15497722884777806], [0.37504076401918734, 0.2639889846196201, 0.21422727556648846, 0.14674297569471764], [0.35618079101103883, 0.2792847088701083, 0.21450722650901483, 0.15002727350984374]], "ideal": "B", "sampled": "A", "correct": false}}
{"type": "result", "data": {"idx": 25, "options": ["I and II only", "I and III only", "II and III only", "III only"], "probs": [[0.31874507676532193, 0.2479749305020169, 0.23292447303904049, 0.20035551959362352], [0.3260980497123845, 0.25732359045791237, 0.2303260026457241, 0.18625235708396487], [0.31640711045051517, 0.2547792445072512, 0.23871476535520364, 0.19009887958703692], [0.3188073787918622, 0.2491173222044514, 0.23941025105520386, 0.1926650478484766]], "ideal": "D", "sampled": "D", "correct": true}}
{"type": "result", "data": {"idx": 26, "options": ["9/2 days", "5 days", "41/8 days", "36/7 days"], "probs": [[0.30650974135926473, 0.27245278553629027, 0.2753224161843071, 0.14571505682013708], [0.31255262560037467, 0.2619481043067747, 0.27668852584435794, 0.1488107441485028], [0.3114315087647455, 0.2674892566476549, 0.2770776628197451, 0.14400157166785274], [0.3052385065879369, 0.26624291762456676, 0.2769415313806557, 0.1515770443068557]], "ideal": "D", "sampled": "B", "correct": false}}
{"type": "result", "data": {"idx": 27, "options": ["1/2", "1", "sqrt(2)", "pi"], "probs": [[0.35809752697819874, 0.20351539772697, 0.22155207764848747, 0.21683499754633936], [0.37167277349875666, 0.19898983924323244, 0.23879352930149053, 0.19054385785651753], [0.36878610177344584, 0.20699086491597385, 0.22270614924193716, 0.20151688396864517], [0.3749774721352764, 0.20302793067123007, 0.23681824117521147, 0.18517635591829418]], "ideal": "A", "sampled": "D", "correct": false}}
{"type": "result", "data": {"idx": 28, "options": ["f has all of its relative extrema on the line x = y.", "f has all of its relative extrema on the parabola x = y^2.", "f has a relative minimum at (0, 0).", "f has an absolute minimum at (2/3, 2/3)."], "probs": [[0.2868549606676202, 0.22952173670239343, 0.2558774327308573, 0.2277458697991221], [0.2877839169527439, 0.24032598597298963, 0.24844130552122956, 0.22344879145304242], [0.2788204468811747, 0.22466924227638502, 0.2593639993485949, 0.2371463113938671], [0.2925480172894048, 0.23482996049455102, 0.2459573899694916, 0.22666463214655294]], "ideal": "A", "sampled": "A", "correct": true}}
{"type": "result", "data": {"idx": 29, "options": ["5", "6", "12", "15"], "probs": [[0.29729211627393626, 0.26221923812696457, 0.278048050053689, 0.16244059544540587], [0.2902471539525426, 0.2692708203930785, 0.278046798833218, 0.1624352267211688], [0.2927948634998295, 0.2730094935168201, 0.28352830988426336, 0.15066733299908], [0.3027933663920955, 0.2760681135535231, 0.26134113631929184, 0.15979738363508078]], "ideal": "B", "sampled": "A", "correct": false}}
{"type": "result", "data": {"idx": 30, "options": ["S(n0 + 1) is not true.", "S(n0 - 1) is not true.", "S(n) is not true for any n <= n0", "S(n) is not true for any n >= n0"], "probs": [[0.277688762714096, 0.26540850268968774, 0.2661657663165424, 0.19073696817966773], [0.2848757827649375, 0.2709723800462873, 0.26368791997424723, 0.18046391711455004], [0.2892484292330509, 0.2746326999258275, 0.2601809566225729, 0.17593791411857673], [0.28738380368477356, 0.2742694904780232, 0.25823304392348123, 0.18011366181371943]], "ideal": "C", "sampled": "D", "correct": false}}
{"type": "result", "data": {"idx": 31, "options": ["(0, 0, 1)", "(3/7, 3/14, 9/14)", "(7/15, 8/15, 1/15)", "(5/6, 1/3, 1/3)"], "probs": [[0.3017173136890701, 0.2512775417536816, 0.265049623339489, 0.18195552111775185], [0.3034568400187895, 0.25509694104682923, 0.26665662027411224, 0.1747895985602591], [0.2956597197093427, 0.26185769523398056, 0.26499597104147954, 0.1774866139152057], [0.29896632913690163, 0.25589909523825455, 0.26550816186276227, 0.1796264136620832]], "ideal": "B", "sampled": "D", "correct": false}}
{"type": "result", "data": {"idx": 32, "options": ["For no such integer n", "For 3, 5, 7, and 11 only", "For 3, 5, 7, 9, and 11 only", "For 4, 6, 8, and 10 only"], "probs": [[0.3278518727306927, 0.2611082074771492, 0.2565617298294499, 0.15447818986270132], [0.3431878285720415, 0.268419361057009, 0.23588607960775193, 0.15250673066319573], [0.3374365820757364, 0.2777818042827317, 0.24249666219203928, 0.1422849513494949], [0.3231231242363496, 0.274893642965823, 0.2418903080177457, 0.16009292468008313]], "ideal": "B", "sampled": "C", "correct": false}}
{"type": "result", "data": {"idx": 33, "options": ["1", "2", "3", "4"], "probs": [[0.2953600420860062, 0.25547330390828776, 0.25126270330444234, 0.19790395060126068], [0.31249976159837073, 0.26032906552392143, 0.24114310992756813, 0.18602806285015994], [0.3168026368429805, 0.2660670243526561, 0.23707170335841127, 0.18005863534594624], [0.3191178069225468, 0.2611843071314924, 0.23838363797333245, 0.181314247872619]], "ideal": "C", "sampled": "D", "correct": false}}
{"type": "result", "data": {"idx": 34, "options": ["I only", "II only", "III only", "I, II, and III"], "probs": [[0.31218179699414705, 0.18809956639535885, 0.2862219661581658, 0.2134966703523178], [0.3066174310465063, 0.225308135675433, 0.2848715004235593, 0.18320293275450023], [0.2955479719599964, 0.2414689651115822, 0.28402447000686515, 0.1789585928215458], [0.3129141156636232, 0.23192767635147205, 0.2740096507517194, 0.18114855713318953]], "ideal": "D", "sampled": "D", "correct": true}}
{"type": "result", "data": {"idx": 35, "options": ["x^2 + y^2 + z^2 + 8 = 6y", "(x^2 + y^2 + z^2)^2 = 8 + 36(x^2 + z^2)", "(x^2 + y^2 + z^2 + 8)^2 = 36(x^2 + z^2)", "(x^2 + y^2 + z^2 + 8)^2 = 36(x^2 + y^2)"], "probs": [[0.28637467124293337, 0.24455488403620024, 0.2836285134802585, 0.1854419311406233], [0.278439701538996, 0.2468577826318187, 0.29123841365538794, 0.1834641020737942], [0.2898458943994455, 0.247446356777625, 0.2832421873971627, 0.17946556132575966], [0.28961105973469625, 0.244908256549966, 0.27385963353304826, 0.19162105008227395]], "ideal": "D", "sampled": "D", "correct": true}}
{"type": "result", "data": {"idx": 36, "options": ["y = 2x + 1", "y = 2x", "y = x + 2", "y = x + 1"], "probs": [[0.31695963550916717, 0.27305627517901304, 0.2506419623767282, 0.15934212683506982], [0.30502487929191274, 0.26858034330588626, 0.2668028401639648, 0.15959193713824432], [0.3072043998823238, 0.2726870515809391, 0.268262728483745, 0.15184581995300855], [0.3155161348147401, 0.27209952783340213, 0.26472229027393035, 0.14766204697793267]], "ideal": "A", "sampled": "A", "correct": true}}
{"type": "result", "data": {"idx": 37, "options": ["2", "3", "4", "5"], "probs": [[0.2909449501970281, 0.27535186952084634, 0.2664862256085659, 0.16721695457355645], [0.29114335775152583, 0.2758740414670224, 0.26207938553833116, 0.17090321514310167], [0.29206465445681973, 0.2724510900231345, 0.2671159792736343, 0.16836827614642452], [0.29911327001688737, 0.27056947383887087, 0.25907164702943497, 0.1712456090147956]], "ideal": "A", "sampled": "C", "correct": false}}
{"type": "result", "data": {"idx": 38, "options": ["True, True", "True, False", "False, True", "False, False"], "probs": [[0.3622962826958685, 0.25340291763320666, 0.21959500699751056, 0.16470579257340817], [0.3735609822710248, 0.24104547636799617, 0.20965219445717503, 0.17574134680380932], [0.35999084455086233, 0.2521171892629545, 0.2208285648669074, 0.16706340121927418], [0.3379815393666184, 0.26802959795931713, 0.22514303148256165, 0.16884583109151655]], "ideal": "A", "sampled": "A", "correct": true}}
{"type": "result", "data": {"idx": 39, "options": ["1", "2", "3", "4"], "probs": [[0.2890853993833356, 0.25648247856321077, 0.26060684676853596, 0.19382527518490117], [0.30558379892139, 0.26067552690668316, 0.2507806940820847, 0.18295997998982785], [0.30634299882475924, 0.26599580310197285, 0.2477270125658374, 0.1799341854074137], [0.30666990931731386, 0.26627372996292775, 0.24732979497104532, 0.17972656564870726]], "ideal": "C", "sampled": "D", "correct": false}}
{"type": "result", "data": {"idx": 40, "options": ["the entire real axis", "a point", "a ray", "an open finite interval"], "probs": [[0.38713910006446617, 0.23799606748086133, 0.23382136704321171, 0.14104346531147244], [0.3685996668911464, 0.22010316454339998, 0.26011663239871424, 0.15118053606672463], [0.38377787482353914, 0.22002087094998135, 0.25327706689722856, 0.142924187229229], [0.4000003813631701, 0.23394507220006605, 0.23330050085437803, 0.13275404548240322]], "ideal": "B", "sampled": "A", "correct": false}}
{"type": "result", "data": {"idx": 41, "options": ["finite", "cyclic", "of order two", "abelian"], "probs": [[0.300074279085933, 0.30292434683316005, 0.23764549502890694, 0.1593558789520164], [0.2851095327473755, 0.29498684611715076, 0.263277379352164, 0.1566262416832893], [0.31146504646578593, 0.31295058345674803, 0.21394974534917818, 0.1616346246283072], [0.28889391166448486, 0.30651251104415506, 0.23356422336682622, 0.17102935382453144]], "ideal": "D", "sampled": "D", "correct": true}}
{"type": "result", "data": {"idx": 42, "options": ["3", "4", "5", "8"], "probs": [[0.3103319699218299, 0.2523633464332973, 0.2503597588578386, 0.1869449246870383], [0.31362251600696117, 0.2509752714771318, 0.24815103781666945, 0.1872511745992233], [0.31884088378371117, 0.24502934794879586, 0.2506643114277936, 0.1854654567396877], [0.31445703623988397, 0.25286081557417106, 0.24903399790768233, 0.1836481501782699]], "ideal": "D", "sampled": "C", "correct": false}}
{"type": "result", "data": {"idx": 43, "options": ["II only", "III only", "I and II only", "II and III only"], "probs": [[0.35005579023173844, 0.23568669709727197, 0.24539134247047775, 0.16886617010051128], [0.33431128100815216, 0.2533259597666244, 0.24891613706577476, 0.16344662205946955], [0.34383016377873193, 0.24512460970586192, 0.2530892570462732, 0.15795596936913844], [0.3473869117319316, 0.25404489386229095, 0.2383774267694485, 0.16019076753633182]], "ideal": "A", "sampled": "A", "correct": true}}
{"type": "result", "data": {"idx": 44, "options": ["1", "3", "5", "7"], "probs": [[0.2926287887885467, 0.28014607028024574, 0.2762216225732364, 0.15100351825799346], [0.2937404271177574, 0.27967226745303864, 0.2740902093879855, 0.15249709594121483], [0.30600786500508514, 0.2790371243136601, 0.26239162687661033, 0.1525633837046555], [0.3110592816395529, 0.27615641257838497, 0.26308547691314377, 0.14969882876893387]], "ideal": "D", "sampled": "D", "correct": true}}
{"type": "result", "data": {"idx": 45, "options": ["True, True", "True, False", "False, True", "False, False"], "probs": [[0.36657669597379244, 0.2807160773784822, 0.19691556426799675, 0.1557916622797204], [0.3635954378526587, 0.2710198366479486, 0.19504378792893606, 0.1703409374704457], [0.349940780743269, 0.28052173943407516, 0.20595701502547462, 0.16358046469718793], [0.3338699647549405, 0.29347191646977944, 0.20687142588029936, 0.165786692794975]], "ideal": "A", "sampled": "A", "correct": true}}
{"type": "result", "data": {"idx": 46, "options": ["\u03c0/12", "\u03c0/6", "\u03c0/3", "2\u03c0/3"], "probs": [[0.3187190436183716, 0.26679152510935433, 0.24661709198090154, 0.16787233919137992], [0.32556715599006775, 0.2616914682419901, 0.2445406434152087, 0.16820073225272825], [0.3288780480964022, 0.26176652039830745, 0.23991029035940448, 0.1694451410458993], [0.33474083309960817, 0.2690594162993312, 0.23177974342279553, 0.16442000707827387]], "ideal": "B", "sampled": "D", "correct": false}}
{"type": "result", "data": {"idx": 47, "options": ["3", "pi", "3pi", "3/2"], "probs": [[0.3434825600843538, 0.2708128121996718, 0.22231164363378197, 0.1633929839822059], [0.32993020857843364, 0.2624613858858157, 0.23236146597730362, 0.17524693945847225], [0.3330974457045939, 0.27903277181665365, 0.23229269388304905, 0.1555770884956983], [0.3385392330225002, 0.2705186128603657, 0.22584920879381737, 0.16509294522332676]], "ideal": "B", "sampled": "A", "correct": false}}
{"type": "result", "data": {"idx": 48, "options": ["Only (II)", "Only (IV )", "(I) and (IV )", "(II) and (III)"], "probs": [[0.3194900366474137, 0.25564734401084305, 0.24967144977313352, 0.17519116946860688], [0.336256618365142, 0.25524131404133926, 0.2458630239160888, 0.1626390435774315], [0.33918528068402715, 0.257335602352178, 0.23946496842055637, 0.16401414844321335], [0.3204388695278638, 0.25345632665474804, 0.2452160776169345, 0.18088872610044754]], "ideal": "C", "sampled": "C", "correct": true}}
{"type": "result", "data": {"idx": 49, "options": ["f is Riemann integrable.", "There does not exist a countably infinite E of R such that f is nondifferentiable at every x \\in E.", "There does not exist an uncountable subset E of R such that f is nondifferentiable at every x \\in E.", "None of the above."], "probs": [[0.3364632327080394, 0.22696157526464086, 0.25711713564903865, 0.179458056278283], [0.3074512690565846, 0.23091982485935603, 0.26760830651859857, 0.19402059946546946], [0.31554905811422435, 0.23020952236967984, 0.2504026709062679, 0.20383874850983238], [0.31106876959593643, 0.22664232982703392, 0.2510830932301041, 0.2112058072469295]], "ideal": "D", "sampled": "C", "correct": false}}
{"type": "result", "data": {"idx": 50, "options": ["the open first quadrant", "a closed curve", "a ray in the open first quadrant", "a single point"], "probs": [[0.41582983816204533, 0.2367437788361796, 0.21562232379624524, 0.13180405910553225], [0.40177009714349743, 0.23215930872331392, 0.21742248669775935, 0.14864810733542494], [0.4017551371502509, 0.2382471897444236, 0.21453796039926804, 0.14545971260605775], [0.3774170723747861, 0.23875402167566348, 0.23175478644293787, 0.15207411940662302]], "ideal": "A", "sampled": "A", "correct": true}}
{"type": "result", "data": {"idx": 51, "options": ["1", "2", "p >= 1", "infinity"], "probs": [[0.3513219702470016, 0.2609124770160846, 0.21930135732676934, 0.1684641953101526], [0.37138063865095705, 0.25365453081079453, 0.20750353123792117, 0.16746129920031932], [0.3580326154914289, 0.2700847576168668, 0.22300501943848058, 0.14887760735321826], [0.3226874504391546, 0.26480087959153986, 0.23150718501800405, 0.18100448485130727]], "ideal": "B", "sampled": "B", "correct": true}}
{"type": "result", "data": {"idx": 52, "options": ["f is a homeomorphism.", "f is continuous and one-to-one", "f is continuous.", "f is one-to-one"], "probs": [[0.33531847051455227, 0.26292293812934714, 0.207970297292121, 0.19378829396400038], [0.34019080893957243, 0.257145799849928, 0.20919178931865007, 0.1934716017918506], [0.3239607192869651, 0.2619042623739459, 0.21016956908540452, 0.2039654491536923], [0.34541837301531525, 0.2552011703928037, 0.20950983961876646, 0.18987061687310863]], "ideal": "C", "sampled": "B", "correct": false}}
{"type": "result", "data": {"idx": 53, "options": ["12", "16", "12*sqrt(3)", "16*sqrt(3)"], "probs": [[0.29922232856009146, 0.22440053698656132, 0.29815441294078815, 0.17822272141257775], [0.31672264592933186, 0.2451092025137263, 0.2655898043033972, 0.17257834715354714], [0.31137550946450737, 0.23685420172991442, 0.2832462000926004, 0.16852408861297877], [0.30302244127206723, 0.2370663013963261, 0.26998237351652604, 0.18992888371506614]], "ideal": "C", "sampled": "C", "correct": true}}
{"type": "result", "data": {"idx": 54, "options": ["4", "7", "8", "12"], "probs": [[0.3092029289929861, 0.2754556455144114, 0.2358009186577702, 0.17954050673484193], [0.31052648641625574, 0.2748914239444956, 0.23620936622044, 0.17837272331880846], [0.3087074272276026, 0.2826204831491323, 0.2376877225357458, 0.1709843669875078], [0.31291314311792545, 0.28694496253333907, 0.22490149406334262, 0.17524040018540157]], "ideal": "A", "sampled": "A", "correct": true}}
{"type": "result", "data": {"idx": 55, "options": ["|x| \u2265 0", "|x \u00b7 y| \u2264 |x||y|", "|x| = 0 if and only if x = 0", "|x + y| = |x| + |y|"], "probs": [[0.3092982909284821, 0.23906634630693305, 0.25355299034263123, 0.1980823723219447], [0.3121428407625654, 0.24089029440098422, 0.26462206926528425, 0.1823447954711638], [0.31495857260537463, 0.2328295046124461, 0.25484622431067466, 0.1973656983715167], [0.30471329899277133, 0.23431848499236646, 0.2548292076097072, 0.2061390083051641]], "ideal": "D", "sampled": "C", "correct": false}}
{"type": "result", "data": {"idx": 56, "options": ["4", "5", "6", "7"], "probs": [[0.29129422667058513, 0.30577635193484765, 0.24126003833166798, 0.16166938296290181], [0.295554260760574, 0.2981079789568482, 0.2416134006073091, 0.16472435957527737], [0.29759117380686023, 0.3030789141333823, 0.23799473350034137, 0.16133517845941064], [0.29739510371507, 0.30375167231168865, 0.2366176875623416, 0.1622355363109096]], "ideal": "B", "sampled": "D", "correct": false}}
{"type": "result", "data": {"idx": 57, "options": ["1 only", "2 only", "0 and 1 only", "0, 1, and 2 only"], "probs": [[0.2859055921425566, 0.2623942466092023, 0.2687103573646535, 0.18298980378357366], [0.30834139183510245, 0.26617380869338253, 0.2522692636823848, 0.17321553568913045], [0.3235789445253583, 0.2505955434596291, 0.2495007733709935, 0.1763247385440235], [0.31738339934363674, 0.2561312268302513, 0.2491219300690796, 0.17736344365700815]], "ideal": "D", "sampled": "C", "correct": false}}
{"type": "result", "data": {"idx": 58, "options": ["2", "\u03c0", "4", "3\u03c0/2"], "probs": [[0.3085979151058561, 0.24884550454827006, 0.24173732246201943, 0.2008192577838481], [0.30295198902193193, 0.24266961656523534, 0.24966265023275555, 0.20471574408008086], [0.30351165941134883, 0.26002452609164534, 0.23233061051689685, 0.20413320388011866], [0.2985077188628406, 0.2568520192457983, 0.23738217576178877, 0.2072580860295742]], "ideal": "C", "sampled": "D", "correct": false}}
{"type": "result", "data": {"idx": 59, "options": ["9", "8", "0", "-5"], "probs": [[0.3234388572162215, 0.27832683519868123, 0.23513516345894206, 0.16309914402617343], [0.3252532188515925, 0.27787505958117564, 0.22755937050657002, 0.16931235096065456], [0.32512193118245003, 0.27424557144229156, 0.22392236074141048, 0.1767101365338447], [0.3230178139831142, 0.2706936744522216, 0.23186644636879383, 0.17442206509585242]], "ideal": "A", "sampled": "C", "correct": false}}
{"type": "result", "data": {"idx": 60, "options": ["None", "One", "Two", "Three"], "probs": [[0.31886987846136333, 0.26191466107658323, 0.2582118615201833, 0.16100359884187868], [0.35931352122324023, 0.26936406042179406, 0.23309044138660878, 0.13823197686838676], [0.36834025865833275, 0.27762818908706177, 0.22207432859273135, 0.13195722356189565], [0.36046459504544054, 0.280307733654731, 0.21999887463479412, 0.13922879656503367]], "ideal": "B", "sampled": "C", "correct": false}}
{"type": "result", "data": {"idx": 61, "options": ["20!/2^(10)", "10!/2^9", "10^(20) - 2^(10)", "10^(20) - 100"], "probs": [[0.32424172470873797, 0.25037629985496107, 0.2594227588197228, 0.16595921651655807], [0.3260994763073442, 0.2517630142429439, 0.24118302164313132, 0.18095448770659928], [0.31262604540087935, 0.25642277459011065, 0.24792296196062413, 0.1830282179484005], [0.3242296865020655, 0.2554812599395143, 0.2383775927990322, 0.18191146065939634]], "ideal": "A", "sampled": "A", "correct": true}}
{"type": "result", "data": {"idx": 62, "options": ["It is possible to place an linear order relation \u2264 on the complex numbers C such that (C, +, \u00d7, \u2264) is not an ordered field.", "It is possible to place a linear order relation on the complex numbers C which make (C, +, \u00d7, \u2264) an ordered field.", "Neither (a) nor (b)", "Both (a) and (b)."], "probs": [[0.28501598687301727, 0.22106933440213297, 0.2673307452689817, 0.22658393335587707], [0.34826744638347407, 0.19526693807242723, 0.26980398437417114, 0.18666163106992406], [0.36018084006927653, 0.22309145013220325, 0.22256686121920394, 0.19416084847930332], [0.3522587596613534, 0.22148956558081723, 0.24536972139113003, 0.18088195326671067]], "ideal": "A", "sampled": "D", "correct": false}}
{"type": "result", "data": {"idx": 63, "options": ["1/4", "1/3", "1/2", "2/3"], "probs": [[0.34321852014461585, 0.28733176261231347, 0.2329482911334487, 0.13650142600960233], [0.34508487503701624, 0.29065229827343403, 0.23124165551759732, 0.1330211710719547], [0.33993447171601177, 0.2819049725666631, 0.23733584560727441, 0.1408247100100633], [0.34443975037872204, 0.2893860747193251, 0.22948408991299635, 0.13669008488896]], "ideal": "D", "sampled": "A", "correct": false}}
{"type": "result", "data": {"idx": 64, "options": ["The integers under addition", "The nonzero integers under multiplication", "The nonzero real numbers under multiplication", "The complex numbers under addition"], "probs": [[0.2673037534584347, 0.23364882541535886, 0.30288767766048896, 0.1961597433657323], [0.2784849001923764, 0.23086358167156962, 0.2990922868406279, 0.19155923119541493], [0.2719943229723745, 0.2360857692280678, 0.2989429066286549, 0.19297700107088991], [0.2671337595145588, 0.2292719588581459, 0.3035887496823149, 0.20000553184497033]], "ideal": "B", "sampled": "B", "correct": true}}
{"type": "result", "data": {"idx": 65, "options": ["4x + 6y", "x + y + 5", "9x + 4y", "4x - 9y"], "probs": [[0.29175353494672257, 0.274388138704985, 0.23945515685402052, 0.19440316939426674], [0.2894811632669924, 0.2776446823776409, 0.2395907444221164, 0.19328340983324663], [0.28613247817600207, 0.2796598936912092, 0.2414499046701987, 0.1927577233626048], [0.2927443302569452, 0.2763307210382806, 0.24056637057716054, 0.19035857802761996]], "ideal": "D", "sampled": "D", "correct": true}}
{"type": "result", "data": {"idx": 66, "options": ["0", "-2", "-sqrt(34)", "-sqrt(35)"], "probs": [[0.36127422836452944, 0.24217243619475254, 0.23704592308241512, 0.15950741225831144], [0.36877579508217345, 0.2398097359408058, 0.2296347296480049, 0.16177973922902267], [0.3628470831110864, 0.24644953821505888, 0.230481520028526, 0.16022185854533064], [0.3520264908394824, 0.24525613438309055, 0.23497489773637412, 0.16774247694104685]], "ideal": "C", "sampled": "C", "correct": true}}
{"type": "result", "data": {"idx": 67, "options": ["II only", "III only", "I and II only", "I and III only"], "probs": [[0.2929124726225834, 0.27239398844029133, 0.2579755425972175, 0.1767179962399022], [0.29137294391178337, 0.2746288412554578, 0.2568967621580823, 0.17710145257467955], [0.29071089104493586, 0.27283944492996237, 0.2570677173266297, 0.17938194659848503], [0.2924705711530186, 0.2766633098846781, 0.25387552542110026, 0.17699059344120835]], "ideal": "D", "sampled": "A", "correct": false}}
{"type": "result", "data": {"idx": 68, "options": ["\u03c0/3", "\u03c0/4", "\u03c0", "2\u03c0"], "probs": [[0.34691791074045963, 0.23374075618858425, 0.2480110476967009, 0.17133028527425198], [0.3400706608281867, 0.23792622576283937, 0.23488250530850294, 0.18712060800045305], [0.3378527883199049, 0.2199991606869706, 0.25578157066942936, 0.1863664802236883], [0.34172945953355244, 0.23587684322625144, 0.2383911027784694, 0.18400259436171185]], "ideal": "A", "sampled": "A", "correct": true}}
{"type": "result", "data": {"idx": 69, "options": ["Sunday", "Monday", "Tuesday", "Wednesday"], "probs": [[0.31651706863592827, 0.24970150333001798, 0.23648182124457182, 0.19729960668948304], [0.3260805922655729, 0.24994731373989412, 0.23513223050666002, 0.18883986338788103], [0.31940293380136464, 0.2604821312850221, 0.23574805880567695, 0.184366876007938], [0.3239801951170937, 0.2548129372108432, 0.23142723088341105, 0.18977963668865738]], "ideal": "A", "sampled": "D", "correct": false}}
{"type": "result", "data": {"idx": 70, "options": ["\u221248/\u03c0 cm/min", "\u22124/(3\u03c0) cm/min", "\u22128/(3\u03c0) cm/min", "\u221216/(3\u03c0) cm/min"], "probs": [[0.29560217551331847, 0.28755739794258905, 0.2623833678682838, 0.15445705857579012], [0.29118215757919064, 0.2889558630868939, 0.26729644896205285, 0.15256553027188666], [0.29124873186461236, 0.2928991769411439, 0.2592161768148405, 0.15663591427942533], [0.2935471472163143, 0.28919526984374605, 0.2626061860677586, 0.1546513967721751]], "ideal": "D", "sampled": "D", "correct": true}}
{"type": "result", "data": {"idx": 71, "options": ["The system is consistent.", "The system has infinitely many solutions.", "The sum of any two solutions is a solution.", "Every solution is a scalar multiple of (-5, 1, 1, 0)."], "probs": [[0.3355509862752346, 0.2567378375337884, 0.22397087039367944, 0.18374030569729555], [0.3298978509469265, 0.26297651103921266, 0.22171639340794702, 0.18540924450592222], [0.33077649434422474, 0.2551777419315001, 0.21657526012923176, 0.19747050349502943], [0.32474032138533565, 0.2623259113759752, 0.20942700960328206, 0.20350675753540973]], "ideal": "D", "sampled": "C", "correct": false}}
{"type": "result", "data": {"idx": 72, "options": ["f(c)", "f(e^c)", "f(1/c)", "f(log c)"], "probs": [[0.32004378985283943, 0.27154115216558417, 0.20964216643400183, 0.198772891447581], [0.32242893511542103, 0.2729958328689835, 0.2109126624435097, 0.19366256947209662], [0.31960298520777397, 0.27822312242002983, 0.2008513998116957, 0.20132249246050526], [0.31502632178126866, 0.2817120622286377, 0.20251010908175524, 0.20075150680833684]], "ideal": "D", "sampled": "C", "correct": false}}
{"type": "result", "data": {"idx": 73, "options": ["I only", "II only", "III only", "I and II only"], "probs": [[0.361892973312048, 0.2097410349997588, 0.24689024597106304, 0.18147574561713586], [0.3594385494771901, 0.21917891821606958, 0.24322146470955874, 0.17816106749718774], [0.3498384641734944, 0.2341382151109856, 0.24821967339443748, 0.16780364722109284], [0.35077227602203587, 0.23779466293319534, 0.24296541798877674, 0.16846764295601177]], "ideal": "D", "sampled": "A", "correct": false}}
{"type": "result", "data": {"idx": 74, "options": ["1/(2e)", "1/e", "e^2/2", "2e"], "probs": [[0.2910321359613741, 0.2820692312105385, 0.23723754079478193, 0.18966109193330236], [0.29333602882289245, 0.27623601299478623, 0.24483766807195406, 0.18559029001037466], [0.2930899310130641, 0.2766202180043246, 0.24614342801815026, 0.1841464228644509], [0.2859537880113022, 0.274488056939774, 0.25762276092380654, 0.1819353940251198]], "ideal": "C", "sampled": "B", "correct": false}}
{"type": "result", "data": {"idx": 75, "options": ["H = 50", "T >= 60", "51 <= H <= 55", "H >= 48 and T >= 48"], "probs": [[0.2812662109510954, 0.24609220039649707, 0.26795604342625984, 0.20468554512615686], [0.2910451320169884, 0.2593876448928133, 0.26400825678956824, 0.18555896620060813], [0.3013528797747052, 0.26668306980695405, 0.25894687850865405, 0.17301717180968687], [0.2997247343854706, 0.2600468122916977, 0.24961800459522382, 0.19061044862759507]], "ideal": "D", "sampled": "D", "correct": true}}
{"type": "result", "data": {"idx": 76, "options": ["True, True", "True, False", "False, True", "False, False"], "probs": [[0.3623726343294993, 0.23302904182090908, 0.23542471739736737, 0.16917360635222234], [0.36599806205283314, 0.2233537296925471, 0.22771975064290742, 0.18292845751171002], [0.3548130560048013, 0.23250469622261646, 0.23846439909507414, 0.1742178485775209], [0.33514105365825686, 0.2528665688477118, 0.23619268528996973, 0.17579969210405114]], "ideal": "D", "sampled": "A", "correct": false}}
{"type": "result", "data": {"idx": 77, "options": ["2", "1", "0", "-1"], "probs": [[0.3447664137577027, 0.25685803609905644, 0.2408176423108052, 0.15755790773242628], [0.35242687333399964, 0.2561568274153722, 0.23268535328860146, 0.15873094586202818], [0.3592529801672552, 0.25442000695427347, 0.23123821217916968, 0.1550888005993186], [0.35202371569649477, 0.2589158140864147, 0.23036994784126555, 0.15869052227580993]], "ideal": "C", "sampled": "C", "correct": true}}
