{"type": "result", "data": {"idx": 0, "options": ["p = 4", "p = 8", "p = 12", "p = 24"], "probs": [[0.2994474389503541, 0.27006813295009335, 0.24347213966398995, 0.18701228833554498], [0.2994219619803436, 0.27448650367720095, 0.24587548290559993, 0.18021605133685278], [0.306889669327359, 0.2742526869808169, 0.23723677043601857, 0.18162087315581327], [0.31195253809384743, 0.26984929268922736, 0.23621457022268125, 0.18198359889424515]], "ideal": "C", "sampled": "D", "correct": false}}
{"type": "result", "data": {"idx": 1, "options": ["5", "7", "8", "9"], "probs": [[0.2979376103224972, 0.2506278932202026, 0.27290391442087775, 0.17853058193640056], [0.29075293179021205, 0.25394890807040327, 0.2752348173113375, 0.1800633427280477], [0.28821249759852685, 0.25598646324677143, 0.28268983321396923, 0.1731112058407164], [0.29636234118575466, 0.2622905797467998, 0.2682409797294217, 0.1731060992380327]], "ideal": "C", "sampled": "A", "correct": false}}
{"type": "result", "data": {"idx": 2, "options": ["1 over 5", "\u22125", "\u22121 over 5", "5"], "probs": [[0.3106546879114751, 0.27442480092846666, 0.2596875753695223, 0.15523293569054178], [0.3349177072527846, 0.24845838250228142, 0.2568745743963371, 0.15974933574859673], [0.3146671600422366, 0.27463347357080703, 0.24893084541789323, 0.16176852086905513], [0.31090528384268823, 0.2550935566539008, 0.2722259090324865, 0.1617752503709435]], "ideal": "D", "sampled": "B", "correct": false}}
{"type": "result", "data": {"idx": 3, "options": ["4", "5", "6", "7"], "probs": [[0.28097813126046683, 0.26096821261445596, 0.2799624235554956, 0.1780912324695772], [0.29498767614774496, 0.2517770341686563, 0.27049932464271986, 0.18273596494085972], [0.2922968194891415, 0.25836704054397164, 0.27371197978357353, 0.1756241600833051], [0.2902811615534972, 0.26553047138699365, 0.2681690441535299, 0.17601932280595237]], "ideal": "B", "sampled": "A", "correct": false}}
{"type": "result", "data": {"idx": 4, "options": ["4t = 112; $448", "4t = 112; $28", "t over 4 = 112; $448", "t over 4 = 112; $28"], "probs": [[0.2757371975204942, 0.2668966430988602, 0.2748676347904974, 0.18249852449016987], [0.2749847190174854, 0.2745250984047865, 0.26666386950211096, 0.1838263129756281], [0.2746606455373793, 0.27237794107632196, 0.2639431859959071, 0.18901822729040882], [0.2648426478276783, 0.2785485429159743, 0.27092059086495457, 0.1856882182913742]], "ideal": "B", "sampled": "C", "correct": false}}
{"type": "result", "data": {"idx": 5, "options": ["9", "11", "26", "32"], "probs": [[0.2753276426900412, 0.2697164959244023, 0.2639985428301176, 0.1909573184554438], [0.2685634889411424, 0.2753313605750063, 0.25806217818559646, 0.19804297219826011], [0.27933236879241946, 0.27564153303307243, 0.25836994760625737, 0.18665615046824754], [0.2777860431481172, 0.2711273112643105, 0.2572509794239513, 0.19383566606361832]], "ideal": "C", "sampled": "C", "correct": true}}
{"type": "result", "data": {"idx": 6, "options": ["1.1 over 11", "11 over 11", "12 over 11", "11 over 12"], "probs": [[0.3313261399566816, 0.2516226984895652, 0.2482294799677761, 0.16882168148597582], [0.3202867202707129, 0.2382427890521163, 0.2639593036964658, 0.17751118688070228], [0.32314466281268706, 0.23925049326082223, 0.2613412576520851, 0.17626358617440624], [0.31652346082780886, 0.24289192751729002, 0.2706556374557528, 0.16992897409914023]], "ideal": "C", "sampled": "B", "correct": false}}
{"type": "result", "data": {"idx": 7, "options": ["3.6", "36", "0.01272", "12.72"], "probs": [[0.278576326048134, 0.27698187838804045, 0.27235492859930016, 0.17208686686453145], [0.2731145367664604, 0.2781945709062231, 0.26782947027452025, 0.18086142195279994], [0.2759542304833573, 0.2761602618611525, 0.2709465233841695, 0.1769389841713023], [0.2793252719452178, 0.2857322698588217, 0.2606860389557157, 0.17425641914024143]], "ideal": "B", "sampled": "A", "correct": false}}
{"type": "result", "data": {"idx": 8, "options": ["159.26", "2.224", "14,111", "126.26"], "probs": [[0.2661099501988942, 0.3039658416392173, 0.2534712916604325, 0.17645291640145153], [0.2667443659025146, 0.3029737135207503, 0.2590532834196669, 0.1712286370570597], [0.2580720227794741, 0.31006963085187617, 0.2594568199570961, 0.1724015263115492], [0.26271239764815885, 0.31017735476821034, 0.25917712404617527, 0.16793312343748243]], "ideal": "D", "sampled": "D", "correct": true}}
{"type": "result", "data": {"idx": 9, "options": ["0.72", "0.702", "10.0571", "7.2"], "probs": [[0.28685015754355325, 0.2630426322313622, 0.27848700121593745, 0.1716202089091311], [0.28655082302053614, 0.2731016460710733, 0.2726324221979251, 0.16771510861046196], [0.29700221031333573, 0.27765455711217996, 0.25284112036499046, 0.17250211210950622], [0.28393317197494566, 0.2745928133503501, 0.2651399432600846, 0.1763340713146393]], "ideal": "D", "sampled": "C", "correct": false}}
{"type": "result", "data": {"idx": 10, "options": ["150 + 400 + 200", "200 + 400 + 200", "200 + 450 + 200", "200 + 500 + 200"], "probs": [[0.2873785074248407, 0.25719037517073007, 0.280130914389358, 0.17530020291507578], [0.28125596120951907, 0.25410514666872225, 0.2892373430712976, 0.1754015489504481], [0.2841548395671351, 0.25372929385938964, 0.2863098393571409, 0.17580602711634843], [0.2863409990996887, 0.2570282503076128, 0.2862799626628494, 0.17035078782984703]], "ideal": "C", "sampled": "A", "correct": false}}
{"type": "result", "data": {"idx": 11, "options": ["21", "7", "1", "None of these"], "probs": [[0.38641297501314525, 0.28060533451598835, 0.2165675325895652, 0.1164141577812855], [0.36803477802699414, 0.2839499578629056, 0.22939368243265834, 0.11862158157743244], [0.3755518571305054, 0.27414556914011257, 0.2201420116994353, 0.13016056192993994], [0.34949900560689456, 0.26595575222799417, 0.23486501049238384, 0.14968023157271204]], "ideal": "D", "sampled": "C", "correct": false}}
{"type": "result", "data": {"idx": 12, "options": ["8", "9", "49", "63"], "probs": [[0.29686498608439077, 0.26883373513349057, 0.25444998013752307, 0.17985129854459253], [0.3092540604786974, 0.27482975284589284, 0.24088239472030407, 0.1750337918550821], [0.3101536665708186, 0.280605550887117, 0.24201822333205808, 0.16722255911002423], [0.31889624497746405, 0.2759234908102111, 0.23289161644683765, 0.17228864766550006]], "ideal": "A", "sampled": "D", "correct": false}}
{"type": "result", "data": {"idx": 13, "options": ["6", "11", "8", "5"], "probs": [[0.29230518279027823, 0.2742116262845412, 0.2547520863901383, 0.17873110443501866], [0.3009038790101565, 0.26895670972749897, 0.25163832246231815, 0.17850108870001727], [0.2891452745005988, 0.2748680613957146, 0.2551321102097165, 0.18085455379397175], [0.2873752552312114, 0.26923117273339087, 0.26098178149522394, 0.1824117904401609]], "ideal": "A", "sampled": "B", "correct": false}}
{"type": "result", "data": {"idx": 14, "options": ["10 bars of soap for $23.20", "16 bars of soap for $36.48", "13 bars of soap for $29.51", "12 bars of soap for $27.60"], "probs": [[0.2885157721272711, 0.21570015018943964, 0.30539853600817973, 0.19038554157510468], [0.2977395908438979, 0.22067529017074478, 0.30371368593098064, 0.17787143295437202], [0.2969024341330864, 0.21506523874541744, 0.3092110596114542, 0.17882126741003787], [0.29422115318397707, 0.21651148127932995, 0.3052766203078301, 0.18399074512885855]], "ideal": "C", "sampled": "C", "correct": true}}
{"type": "result", "data": {"idx": 15, "options": ["5 minutes", "14 minutes", "34 minutes", "70 minutes"], "probs": [[0.26970852267538037, 0.28728718034847944, 0.250146377535641, 0.192857919340507], [0.280680374830334, 0.2975591103490351, 0.24097658467567173, 0.18078393004497254], [0.28649112079509587, 0.29447336721015455, 0.23907257166133858, 0.1799629402334111], [0.2858110253808463, 0.29432725237383034, 0.2321594629651962, 0.1877022591801169]], "ideal": "B", "sampled": "C", "correct": false}}
{"type": "result", "data": {"idx": 16, "options": ["18", "24", "25", "29"], "probs": [[0.30720371713082295, 0.25942594571585803, 0.26951137863026914, 0.16385895842304662], [0.2978554165550162, 0.2614663586455565, 0.27061846326628236, 0.1700597614331379], [0.3050986465355525, 0.2586248988862028, 0.2714745105546617, 0.16480194392358444], [0.30516693433647923, 0.2587206085758894, 0.26316150911682307, 0.17295094787079496]], "ideal": "B", "sampled": "C", "correct": false}}
{"type": "result", "data": {"idx": 17, "options": ["(60/6)\u201412=a", "(60\u201412)/6=a", "(60-6)-12=a", "(60+12)/6=a"], "probs": [[0.25173499167662167, 0.2782224680670211, 0.27499666161573083, 0.19504587854061153], [0.24634986735595238, 0.2779992868210521, 0.28273964450211236, 0.19291120122091077], [0.24414481599911456, 0.2779207253874921, 0.2807703531617317, 0.19716410535165993], [0.2478696053277117, 0.2781967362915007, 0.28129219780676573, 0.1926414604740272]], "ideal": "B", "sampled": "A", "correct": false}}
{"type": "result", "data": {"idx": 18, "options": ["5", "25", "50", "125"], "probs": [[0.29532471047103187, 0.26824690469920126, 0.2596940108501671, 0.17673437387959576], [0.2912786533513927, 0.26534434597021833, 0.2625206105719592, 0.1808563900064331], [0.29759701251872134, 0.27388754904747403, 0.26230793214961956, 0.16620750618419236], [0.3015618547403336, 0.2768451239088338, 0.24447218614307153, 0.1771208351077596]], "ideal": "D", "sampled": "A", "correct": false}}
{"type": "result", "data": {"idx": 19, "options": ["7", "16", "30", "33"], "probs": [[0.2835098531747564, 0.24200321127714458, 0.3078253539942202, 0.16666158145389978], [0.29036955654313074, 0.2431981887660551, 0.30056428637223404, 0.16586796821858063], [0.29607688115912495, 0.24632192707861902, 0.3029356872188313, 0.154665504443425], [0.29699963756161646, 0.24163885018660455, 0.29693860030982483, 0.1644229118419507]], "ideal": "A", "sampled": "C", "correct": false}}
{"type": "result", "data": {"idx": 20, "options": ["\u221212", "12", "8", "16"], "probs": [[0.2909091602354875, 0.26577889329566884, 0.26400894128290686, 0.17930300508594063], [0.28853496681042345, 0.2723566572503277, 0.2517028669723516, 0.1874055088668784], [0.2858619482647231, 0.25733487295788926, 0.2694524674024941, 0.18735071127490754], [0.2933580004093333, 0.26372695800458335, 0.2602014056175352, 0.18271363586855333]], "ideal": "C", "sampled": "A", "correct": false}}
{"type": "result", "data": {"idx": 21, "options": ["382", "397", "406", "447"], "probs": [[0.31986430215690087, 0.27235767316339443, 0.23652151359047038, 0.1712565109892558], [0.3291678389042657, 0.2722856175248788, 0.2350994482543244, 0.16344709521652717], [0.3271440831178568, 0.26801945262887017, 0.23743491940030814, 0.16740154475297672], [0.32584479690333257, 0.27102741343318754, 0.23534432768671973, 0.16778346187675638]], "ideal": "B", "sampled": "B", "correct": true}}
{"type": "result", "data": {"idx": 22, "options": ["\u22127", "\u22121", "1", "7"], "probs": [[0.31910952563980327, 0.28723519926927044, 0.24108810313966605, 0.15256717185124632], [0.3153797956343979, 0.2799412918370764, 0.24542975859118102, 0.1592491538373448], [0.31431727007906807, 0.27576439077741344, 0.2510982544036716, 0.15882008463983788], [0.33080125640598257, 0.2698998166946374, 0.24671443472079144, 0.15258449207859834]], "ideal": "A", "sampled": "B", "correct": false}}
{"type": "result", "data": {"idx": 23, "options": ["53", "63", "73", "83"], "probs": [[0.30946800290605414, 0.23855953615938477, 0.2778743002897546, 0.17409816054481733], [0.3102845164511679, 0.24303395236491432, 0.2747223403432749, 0.17195919074064384], [0.30001401717779375, 0.2478986107459595, 0.2772145996093604, 0.17487277236689924], [0.3064018443018191, 0.24469740106537632, 0.2721897441641689, 0.17671101036861897]], "ideal": "C", "sampled": "A", "correct": false}}
{"type": "result", "data": {"idx": 24, "options": ["11.1", "5.7", "3.7", "22.68"], "probs": [[0.3045084488399269, 0.25345561896231106, 0.27181754443490375, 0.17021838766283814], [0.3123918802364695, 0.24722822487576482, 0.26998319671229254, 0.17039669807547603], [0.3100663114105532, 0.24487929369619055, 0.2791241510511615, 0.1659302437420911], [0.3088915314669662, 0.2567976982979389, 0.27271088763822043, 0.1615998824968793]], "ideal": "B", "sampled": "A", "correct": false}}
{"type": "result", "data": {"idx": 25, "options": ["32", "3.2", "3,200", "320"], "probs": [[0.29543881060910043, 0.2633865138059963, 0.2593145341758379, 0.1818601413090705], [0.28074762538112313, 0.27681039601239843, 0.26295333202927734, 0.1794886464772136], [0.2806000102735233, 0.27954886670191514, 0.25363083301068207, 0.18622028991386097], [0.2919040274994222, 0.27075113324884165, 0.25867207622717237, 0.17867276292455744]], "ideal": "A", "sampled": "D", "correct": false}}
{"type": "result", "data": {"idx": 26, "options": ["46.4", "456", "4.56", "45.6"], "probs": [[0.3243469006781684, 0.26722431368979593, 0.2518127343143607, 0.15661605121768604], [0.3028471661054251, 0.27083025417635037, 0.26250110846051905, 0.16382147115771986], [0.32154698974415824, 0.2684488429063572, 0.25192367657399506, 0.1580804906754959], [0.32408432739975535, 0.2678940174487444, 0.2606737457497841, 0.14734790930170286]], "ideal": "D", "sampled": "D", "correct": true}}
{"type": "result", "data": {"idx": 27, "options": ["508", "508 r2", "578", "578 r2"], "probs": [[0.3158622689174917, 0.24046703330985403, 0.25973280219310224, 0.1839378954795316], [0.3117108799300651, 0.2743605492640105, 0.23994017993209246, 0.1739883907738226], [0.32946064539171777, 0.23655238093780603, 0.2504324403215537, 0.18355453324890672], [0.3143445631855349, 0.26817267254563315, 0.24277145769917094, 0.17471130646967187]], "ideal": "D", "sampled": "C", "correct": false}}
{"type": "result", "data": {"idx": 28, "options": ["100 \u2014 5d", "5d+ 100", "100 / 5d", "5d"], "probs": [[0.3009684481642215, 0.2763662785986117, 0.26322986433753254, 0.15943540879964488], [0.304007126462946, 0.2714085696955606, 0.26682384625775313, 0.15776045748373135], [0.31301567860201596, 0.27324064825302186, 0.25205985326955593, 0.16168381977539872], [0.29897204156149965, 0.26355907467754824, 0.2746779641990431, 0.16279091946190044]], "ideal": "A", "sampled": "B", "correct": false}}
{"type": "result", "data": {"idx": 29, "options": ["4t", "t over 4", "t \u2212 4", "t + 4"], "probs": [[0.3092950612407349, 0.2685788712626171, 0.25426498797959746, 0.16786107941706918], [0.31574771231816, 0.27016541651845244, 0.2509563069277396, 0.16313056413564683], [0.30523881056631935, 0.26159620380339044, 0.26208455537832315, 0.17108043015195262], [0.31116353982463807, 0.26868099850548843, 0.25612734460575587, 0.16402811696412176]], "ideal": "A", "sampled": "B", "correct": false}}
{"type": "result", "data": {"idx": 30, "options": ["681,452", "462,017", "246,412", "125,655"], "probs": [[0.2967142167477167, 0.28125423189358195, 0.26273868035801806, 0.15929287090068353], [0.29590370358228996, 0.28320582367941355, 0.26289646304773273, 0.15799400959057358], [0.2952539615188776, 0.28538883106078505, 0.25976047136419367, 0.15959673595615007], [0.2944548007085842, 0.284207314428387, 0.25853567833256946, 0.16280220643047544]], "ideal": "B", "sampled": "C", "correct": false}}
{"type": "result", "data": {"idx": 31, "options": ["15 remainder 7", "15 remainder 3", "16 remainder 5", "16 remainder 1"], "probs": [[0.32320320783014284, 0.25545676174259024, 0.26811099323545295, 0.15322903709179947], [0.3135127400069885, 0.2594054966495267, 0.27506272236270957, 0.15201904088074603], [0.3182856406832501, 0.2549146205714247, 0.2685657881292243, 0.1582339505160988], [0.3095332778003884, 0.2605322659906116, 0.2759211947720056, 0.15401326133699775]], "ideal": "B", "sampled": "A", "correct": false}}
{"type": "result", "data": {"idx": 32, "options": ["17 over 2", "34 over 4", "17 over 4", "19 over 2"], "probs": [[0.2891474819306001, 0.272658359623066, 0.27959136189555084, 0.1586027964507999], [0.2953795095976761, 0.27961166897517675, 0.26653887598780396, 0.15846994533934447], [0.28378802398653585, 0.2746942103557853, 0.28195114039421015, 0.15956662516346282], [0.28572491348768586, 0.2746258093716263, 0.2809865488534516, 0.1586627281872255]], "ideal": "A", "sampled": "B", "correct": false}}
{"type": "result", "data": {"idx": 33, "options": ["200,000 + 7,000 + 200 + 4", "200,000 + 7,000 + 200 + 40", "200,000 + 70,000 + 200 + 40", "200,000 + 70,000 + 2,000 + 40"], "probs": [[0.2896941246196929, 0.23694729320214353, 0.2747623030362347, 0.1985962790419215], [0.29546213290341705, 0.24643019976970132, 0.2619646730211155, 0.19614299420574727], [0.29593878704334825, 0.2412424194202474, 0.2701815899295401, 0.19263720350684804], [0.29423772528001224, 0.23718349839663, 0.27590963199877594, 0.19266914422455889]], "ideal": "C", "sampled": "C", "correct": true}}
{"type": "result", "data": {"idx": 34, "options": ["220 parts", "770 parts", "4 parts", "110 parts"], "probs": [[0.32953510394226043, 0.2520393982986385, 0.23844245570454262, 0.17998304195454848], [0.33580634051658304, 0.2527989424851692, 0.2317264031676063, 0.17966831373063621], [0.32764994575876455, 0.24596535422803095, 0.24310951635218261, 0.18327518356103645], [0.32736933851122596, 0.24929574507389618, 0.24092288382582294, 0.18241203248905968]], "ideal": "D", "sampled": "B", "correct": false}}
{"type": "result", "data": {"idx": 35, "options": ["the mean would increase.", "the mean would decrease.", "the median would increase.", "the median would decrease."], "probs": [[0.27215794741901106, 0.2410682435735821, 0.3072115980426215, 0.17956221086477328], [0.27621190736778395, 0.24207254278826124, 0.3102139669395016, 0.17150158280447075], [0.26714304241981474, 0.24479814432272015, 0.3074912825213808, 0.18056753063607434], [0.27108370538750953, 0.24827246837607905, 0.3093783556145581, 0.17126547052185617]], "ideal": "A", "sampled": "B", "correct": false}}
{"type": "result", "data": {"idx": 36, "options": ["\u20137", "5", "7", "27"], "probs": [[0.300489059084303, 0.27184553053710186, 0.24907681506344265, 0.17858859521514941], [0.28577191093292514, 0.2746056229297314, 0.25317468450881037, 0.18644778152853989], [0.2996337114804226, 0.26640645336431856, 0.2560967817662012, 0.17786305328906246], [0.30545828371323736, 0.2729923860693173, 0.24390811435200224, 0.17764121576544617]], "ideal": "A", "sampled": "A", "correct": true}}
{"type": "result", "data": {"idx": 37, "options": ["3-p", "p+3", "3/p", "p-3"], "probs": [[0.33265122804226793, 0.2644906046570048, 0.24159875807385667, 0.16125940912688372], [0.3320731683723841, 0.2608007324209406, 0.23988402919759508, 0.1672420699090768], [0.32278360303595144, 0.2664663520870529, 0.24183071351774435, 0.16891933125926162], [0.3451833374941884, 0.25629972460575473, 0.2398433983756785, 0.15867353942439746]], "ideal": "D", "sampled": "D", "correct": true}}
{"type": "result", "data": {"idx": 38, "options": ["30 \u00d7 10^1", "30 \u00d7 10^3", "(6 \u00d7 5) \u00d7 10^2", "(6 \u00d7 5) \u00d7 10^3"], "probs": [[0.2595279038876409, 0.2724524141026343, 0.3151497463138814, 0.1528699355958336], [0.2720836393542654, 0.28714120820166844, 0.2949852619636067, 0.14578989038043405], [0.27083027351360967, 0.28494505722221186, 0.29266431798825415, 0.15156035117592145], [0.26810619884910564, 0.2972687412568912, 0.2864798783701707, 0.14814518142384178]], "ideal": "C", "sampled": "C", "correct": true}}
{"type": "result", "data": {"idx": 39, "options": ["0", "3", "9", "12"], "probs": [[0.3036921327780787, 0.28719693152244236, 0.20942811801744776, 0.1996828175820342], [0.3039882808954911, 0.2869237144066159, 0.21237483868413232, 0.19671316591375793], [0.3160602635140941, 0.2880937051109469, 0.2025181348430357, 0.193327896431906], [0.31634692776676354, 0.2867540750683141, 0.19803083071632724, 0.19886816634859403]], "ideal": "C", "sampled": "D", "correct": false}}
{"type": "result", "data": {"idx": 40, "options": ["1850x", "2000 \u2212150x", "150x", "2000 +150x"], "probs": [[0.29285928229319075, 0.28792570247214017, 0.2519845925538215, 0.16723042258082374], [0.2980434342789507, 0.29287449976662533, 0.25049495883328343, 0.15858710702114012], [0.29102860497161953, 0.2825554512501544, 0.25505108305794244, 0.1713648606202752], [0.2961888016912048, 0.2901743318766643, 0.2589425669360986, 0.1546942993960541]], "ideal": "B", "sampled": "B", "correct": true}}
{"type": "result", "data": {"idx": 41, "options": ["w > 2.3", "w < 2.4", "w > 3.2", "w < 3.3"], "probs": [[0.3091979465077503, 0.2732728637081755, 0.258816999490603, 0.15871219019347074], [0.3123132975671476, 0.2750205062388284, 0.25246552083391555, 0.16020067526009743], [0.31246888070542267, 0.27161942259007527, 0.25617663720532124, 0.1597350593991627], [0.31133235341780413, 0.2721210808723826, 0.2537334644255173, 0.16281310118428136]], "ideal": "D", "sampled": "C", "correct": false}}
{"type": "result", "data": {"idx": 42, "options": ["-6", "-5", "0", "5"], "probs": [[0.3348252220093395, 0.23291774709441893, 0.2602657551675291, 0.17199127562871083], [0.3384412019350374, 0.2353199244790717, 0.2558137094849334, 0.17042516400095148], [0.32631093103644687, 0.23450093642400166, 0.2556139166134522, 0.18357421582610575], [0.3525549936990922, 0.22958322443234952, 0.246956342589178, 0.17090543917938006]], "ideal": "A", "sampled": "D", "correct": false}}
{"type": "result", "data": {"idx": 43, "options": ["156", "110", "94", "48"], "probs": [[0.3252513824399004, 0.2664859300908773, 0.23577343571016907, 0.1724892516590272], [0.32691929872156744, 0.27021250619595183, 0.23726269245930146, 0.1656055025231752], [0.32617984006502654, 0.267554695257703, 0.23671079791486088, 0.16955466666242763], [0.32117123858648217, 0.27211117265151635, 0.23574314920138797, 0.1709744394606092]], "ideal": "C", "sampled": "C", "correct": true}}
{"type": "result", "data": {"idx": 44, "options": ["15, 17", "15, 19", "17, 19", "17, 21"], "probs": [[0.28438656566829634, 0.25770029245136095, 0.3155052930702058, 0.14240784871014195], [0.2890231496243997, 0.2559351912419766, 0.30899891403957125, 0.1460427449940806], [0.2888483015843777, 0.25526015858276296, 0.31010352931342855, 0.1457880104194231], [0.28730059562097254, 0.25385169321262807, 0.31026243874676696, 0.14858527231961896]], "ideal": "D", "sampled": "C", "correct": false}}
{"type": "result", "data": {"idx": 45, "options": ["3 cans", "12 cans", "36 cans", "13 cans"], "probs": [[0.29437091552523875, 0.233241436766891, 0.29040388384755245, 0.18198376376032416], [0.28957725951577123, 0.23474126015831723, 0.2874543541683792, 0.18822712605753109], [0.29846994240703034, 0.2422181066106055, 0.2836099592692853, 0.17570199161307998], [0.29905784444719674, 0.24034741207625915, 0.28268861943111884, 0.17790612394542307]], "ideal": "B", "sampled": "D", "correct": false}}
{"type": "result", "data": {"idx": 46, "options": ["3.18, 3 and 1 over 8, 3.8,3", "3,3 and 1 over 8, 3.18, 3", "3.8, 3 and 1 over 8, 3.18, 3", "3.8, 3.18, 3 and 1 over 8, 3"], "probs": [[0.30365204054659484, 0.24909743158873038, 0.27897707006252387, 0.1682734577021603], [0.31326022691632716, 0.2473557737904671, 0.2744960426921112, 0.16488795650110635], [0.30606152510763857, 0.24861466384156414, 0.26631644603538707, 0.17900736491540123], [0.3030075288060751, 0.2498040060713343, 0.2773785838948469, 0.16980988112773665]], "ideal": "D", "sampled": "B", "correct": false}}
{"type": "result", "data": {"idx": 47, "options": ["10", "11", "20", "2"], "probs": [[0.31027174480161923, 0.2704924599838201, 0.2642048434985322, 0.15503095161601266], [0.30492500285456015, 0.275316235343332, 0.2674984525348431, 0.15226030916725816], [0.31543483999962263, 0.27383655340729296, 0.2426714523731936, 0.16805715411990002], [0.3254470428707964, 0.26958849448913147, 0.2537876222909581, 0.1511768402491176]], "ideal": "C", "sampled": "D", "correct": false}}
{"type": "result", "data": {"idx": 48, "options": ["800,000", "830,000", "836,000", "840,000"], "probs": [[0.2899645268047403, 0.2897833466544742, 0.27294884995554336, 0.14730327648525207], [0.2901937001847666, 0.29782957353224965, 0.26759502406896374, 0.1443817021140351], [0.28917905640624136, 0.29165685114959716, 0.27167235882770463, 0.14749173351645078], [0.2880617070437984, 0.30285332264723525, 0.261219359347194, 0.1478656108617715]], "ideal": "D", "sampled": "A", "correct": false}}
{"type": "result", "data": {"idx": 49, "options": ["14", "\u22124", "45", "\u221245"], "probs": [[0.3013956752455461, 0.27941636435049133, 0.24653369796174676, 0.1726542623422245], [0.3007848077544812, 0.26844069400684184, 0.26860473209036473, 0.16216976604830852], [0.3166709905523626, 0.2675433408861481, 0.2534642208301753, 0.16232144763130024], [0.29200814490095967, 0.2702400083658764, 0.27288186510449286, 0.16486998152866428]], "ideal": "D", "sampled": "B", "correct": false}}
{"type": "result", "data": {"idx": 50, "options": ["21 birds", "40 birds", "42 birds", "84 birds"], "probs": [[0.26092230461022653, 0.2458665272861828, 0.29909959048499013, 0.19411157751860603], [0.2654985918558641, 0.2431699382626526, 0.30291360649597326, 0.1884178632855088], [0.26134400964818627, 0.25231915721014697, 0.2961444815349087, 0.19019235150675542], [0.2631775180222388, 0.2566608721597781, 0.2884145021305041, 0.19174710758749064]], "ideal": "A", "sampled": "D", "correct": false}}
{"type": "result", "data": {"idx": 51, "options": ["78", "83", "131", "153"], "probs": [[0.2947913706092554, 0.24625169031474037, 0.27972946938189197, 0.1792274695941151], [0.2922642660678153, 0.24960901736899851, 0.28409940491513774, 0.17402731154805454], [0.2941101303479912, 0.24829590098294593, 0.289549972888556, 0.16804399568051367], [0.31041698056479633, 0.24877972946513482, 0.27646494449510706, 0.16433834537495814]], "ideal": "B", "sampled": "D", "correct": false}}
{"type": "result", "data": {"idx": 52, "options": ["Leslie spent 20 dollars and 8 cents at a store. How is the amount of money Leslie spent written as a fraction?", "Mr. Kramer\u2019s 8 grandchildren shared 20 crackers equally. How many crackers did each grandchild get?", "Mitch bought 20 containers of flowers at a plant store. Each container had 8 flowers in it. How many flowers did Mitch buy?", "Stamps are sold in booklets of 20 stamps. Donna used 8 stamps to send invitations for a party. How many booklets of stamps did Donna use to send her invitations?"], "probs": [[0.3236774401165458, 0.17579523325529905, 0.2503647421380159, 0.2501625843901497], [0.3126088374273262, 0.16683673759658843, 0.22154872005886897, 0.29900570481721694], [0.3228909824351243, 0.17798226041747517, 0.25463400579869505, 0.24449275124868783], [0.32441401087824484, 0.16405405944977214, 0.25249237861224383, 0.25903955095975073]], "ideal": "B", "sampled": "A", "correct": false}}
{"type": "result", "data": {"idx": 53, "options": ["120 miles", "80 miles", "26 miles", "12 miles"], "probs": [[0.29691988963115906, 0.2636655334893349, 0.26111689765836443, 0.17829767912112518], [0.2986960348595178, 0.2649253126132809, 0.25459220212394207, 0.18178645030325874], [0.30032891565444897, 0.2639460154590593, 0.2550512732472589, 0.1806737955392348], [0.30231548988104484, 0.25625079273807483, 0.2613082675098015, 0.18012544977107606]], "ideal": "A", "sampled": "C", "correct": false}}
{"type": "result", "data": {"idx": 54, "options": ["add 6 to both sides", "divide both sides by 6", "multiply both sides by 6", "subtract 6 from both sides"], "probs": [[0.30027867689357585, 0.27471135667708235, 0.27352683669391, 0.1514831296354271], [0.29549093215469263, 0.26358789709286445, 0.2751897809317401, 0.16573138972071547], [0.2971112015871801, 0.2688250706264436, 0.28363198649623295, 0.1504317411901293], [0.2993472839754277, 0.2696408393019192, 0.2778481827136255, 0.15316369390903897]], "ideal": "B", "sampled": "A", "correct": false}}
{"type": "result", "data": {"idx": 55, "options": ["7", "10", "21", "39"], "probs": [[0.27825795079872767, 0.27115198300705606, 0.2673339079885572, 0.18325615810567047], [0.2785137034490873, 0.2732112236820112, 0.26144658511966373, 0.1868284876492368], [0.28374442858637694, 0.28364525459133416, 0.2575624938950707, 0.17504782282722642], [0.29212578747786816, 0.2747152767038993, 0.25311998715713374, 0.18003894856109753]], "ideal": "A", "sampled": "D", "correct": false}}
{"type": "result", "data": {"idx": 56, "options": ["84 \u2212 11 = t; 73\u00b0F", "t \u2212 84 = 11; 95\u00b0F", "84 \u2212 t = 11; 73\u00b0F", "t \u2212 11 = 84; 95\u00b0F"], "probs": [[0.2691887334527737, 0.2802820635297335, 0.28994867233819843, 0.1605805305792926], [0.26961057392429855, 0.27525393200796855, 0.2911690412486633, 0.1639664527190444], [0.2690142134266705, 0.27962662025233936, 0.29000633232014855, 0.1613528339008424], [0.2651181157675956, 0.2781649366648597, 0.2901701485242665, 0.1665467989432593]], "ideal": "D", "sampled": "B", "correct": false}}
{"type": "result", "data": {"idx": 57, "options": ["72 \u00f7 9 = 8", "72 \u2013 9 = 63", "9 + 72 = 81", "9 \u00f7 72 = 0.125"], "probs": [[0.28507128638831203, 0.2440855303253645, 0.2990224639406834, 0.17182071924564782], [0.285125484060562, 0.24489256820095873, 0.2941888330930033, 0.17579311454548005], [0.27813821744082157, 0.2458550494954726, 0.29520725941553005, 0.1807994735481747], [0.28754317140020264, 0.24515841122876067, 0.2910006998677313, 0.17629771740331968]], "ideal": "A", "sampled": "A", "correct": true}}
{"type": "result", "data": {"idx": 58, "options": ["2 boxes", "4 boxes", "5 boxes", "6 boxes"], "probs": [[0.2831863975963051, 0.2730553664156727, 0.26506782305565785, 0.17869041283238168], [0.2935336291435223, 0.27105090447115016, 0.2601372105097343, 0.17527825577556838], [0.2982358438089826, 0.26268857396339623, 0.26109701902677895, 0.17797856310085022], [0.2966719432121867, 0.27542673504388404, 0.25404420877439926, 0.17385711286953803]], "ideal": "D", "sampled": "C", "correct": false}}
{"type": "result", "data": {"idx": 59, "options": ["14", "20", "40", "60"], "probs": [[0.2813756302688399, 0.23758190997632117, 0.27963635389952435, 0.20140610575532752], [0.2904822487230324, 0.23599441509981842, 0.26837353818703136, 0.20514979789011495], [0.2874070004586083, 0.2325109415166414, 0.2736238551523313, 0.20645820277241433], [0.28493442803025004, 0.23757442467794693, 0.27369597619868796, 0.2037951709931119]], "ideal": "B", "sampled": "B", "correct": true}}
{"type": "result", "data": {"idx": 60, "options": ["6 over 14", "8 over 49", "14 over 28", "6 over 7"], "probs": [[0.28019245346794874, 0.27772431844556944, 0.27078340395836814, 0.1712998240281126], [0.28475965919466173, 0.27521298550891604, 0.2721636583260477, 0.1678636968703604], [0.28963487889333717, 0.292497339655789, 0.24674182928036786, 0.1711259520705223], [0.2812821921289989, 0.2734330288397169, 0.2736209356531801, 0.17166384327808656]], "ideal": "D", "sampled": "D", "correct": true}}
{"type": "result", "data": {"idx": 61, "options": ["5", "10", "15", "20"], "probs": [[0.2655643609607471, 0.2603014490392233, 0.30702481424611133, 0.16710937565390804], [0.2724570830938599, 0.2680971974757187, 0.29839320423332516, 0.16105251509708154], [0.27724576199699585, 0.2665925161826178, 0.2987334961673646, 0.15742822555299718], [0.27742155795743634, 0.2694681376441013, 0.2861972196128312, 0.16691308468560992]], "ideal": "B", "sampled": "C", "correct": false}}
{"type": "result", "data": {"idx": 62, "options": ["125 push-ups", "279 push-ups", "1,395 push-ups", "1,406 push-ups"], "probs": [[0.2701518114783884, 0.32994469781738445, 0.25042651983042286, 0.14947697077380687], [0.27651640146705025, 0.33062693248590014, 0.24204817918765956, 0.150808486759383], [0.2737383813698902, 0.3252073847542374, 0.2494835646472501, 0.1515706691286183], [0.26834393942200846, 0.32804267106828616, 0.2451071068038997, 0.1585062826058238]], "ideal": "C", "sampled": "C", "correct": true}}
{"type": "result", "data": {"idx": 63, "options": ["6 and 10", "5 and 12", "10 and 12", "12 and 15"], "probs": [[0.35854842828001904, 0.2785634185043259, 0.23715437631844535, 0.12573377679722], [0.3583567067782206, 0.2770646786294519, 0.23492183988350293, 0.12965677460882236], [0.3562947180129591, 0.27442170535751054, 0.23723288384811678, 0.13205069268140768], [0.3605283160303964, 0.27668880220095493, 0.2339903427297071, 0.12879253893893802]], "ideal": "C", "sampled": "B", "correct": false}}
{"type": "result", "data": {"idx": 64, "options": ["\u22124", "\u22122", "10", "2"], "probs": [[0.32276963739971276, 0.2637405285970679, 0.24244435414850382, 0.171045479754726], [0.3279704799535434, 0.2573625977202042, 0.25487811737741317, 0.1597888048488329], [0.30961068584169077, 0.2687614084544532, 0.2561298234850613, 0.1654980821187934], [0.31467160104443287, 0.2624148718762364, 0.25409664063386433, 0.1688168863454515]], "ideal": "D", "sampled": "B", "correct": false}}
{"type": "result", "data": {"idx": 65, "options": ["232", "236", "345", "460"], "probs": [[0.32075518475895193, 0.2617942790618636, 0.2771350429420664, 0.14031549313712458], [0.3186579490127696, 0.26442870709273725, 0.27220952806918225, 0.14470381572531357], [0.3263901736258242, 0.26378253113392053, 0.27211832804518965, 0.13770896709506886], [0.3254865608915168, 0.26425827589615186, 0.26939568024283395, 0.14085948286949812]], "ideal": "C", "sampled": "C", "correct": true}}
{"type": "result", "data": {"idx": 66, "options": ["50 and 400", "450 and 700", "750 and 1,000", "1,050 and 1,300"], "probs": [[0.3176277619052424, 0.27737524195465996, 0.23494273478287334, 0.17005426125722944], [0.3125111460266922, 0.27662346205475985, 0.24116779213611564, 0.1696975996824324], [0.31512832273503083, 0.28225571838754393, 0.23033142534354178, 0.17228453343386768], [0.3167019551423857, 0.27726561752115075, 0.23478683831700603, 0.17124558891945027]], "ideal": "D", "sampled": "D", "correct": true}}
{"type": "result", "data": {"idx": 67, "options": ["7", "12", "48", "56"], "probs": [[0.2749577100822232, 0.2602692440195409, 0.268008246263421, 0.1967647995348281], [0.2849616401175399, 0.26230052301066276, 0.25613929335955055, 0.19659854341223887], [0.2879262102969561, 0.263430739186438, 0.25771455707024843, 0.19092849334635992], [0.2843466083334136, 0.27019013928636565, 0.24684150475836394, 0.198621747521829]], "ideal": "A", "sampled": "C", "correct": false}}
{"type": "result", "data": {"idx": 68, "options": ["18 and 28", "180 and 280", "1,800 and 2,800", "18,000 and 28,000"], "probs": [[0.28043156228207466, 0.2961549137084712, 0.25821817912156014, 0.16519534478787498], [0.2813750220258121, 0.28055294614123294, 0.2655133444013093, 0.1725586873316446], [0.2810906177597565, 0.28779682996988526, 0.2627114764466733, 0.16840107572368523], [0.2953241862857992, 0.29250111107973953, 0.24628088451350172, 0.16589381802095254]], "ideal": "C", "sampled": "D", "correct": false}}
{"type": "result", "data": {"idx": 69, "options": ["7 \u2022 11^2 \u2022 13", "7^2 \u2022 11", "7 \u2022 11 \u2022 13", "7 \u2022 11"], "probs": [[0.3095458563363367, 0.24467378003013837, 0.2836912437146769, 0.16208911981885343], [0.3127085914332494, 0.24389618092163745, 0.28155448151086926, 0.16184074603422713], [0.32074055777013366, 0.2426455794090115, 0.25990466498088344, 0.1767091977399854], [0.3175737208725305, 0.22710797012179076, 0.2910253267955533, 0.16429298211013257]], "ideal": "D", "sampled": "B", "correct": false}}
{"type": "result", "data": {"idx": 70, "options": ["$20.93 ", "$28.93 ", "$32.93 ", "$48.93 "], "probs": [[0.272590055552192, 0.26201193968598047, 0.2759673483589453, 0.1894306563029006], [0.2748875185922576, 0.266483123474952, 0.2738080025054778, 0.18482135532731658], [0.2721559001550175, 0.2686915152338776, 0.2782645843842557, 0.1808880001268582], [0.27787913610023723, 0.26874067148146746, 0.2721892926525666, 0.1811908996657248]], "ideal": "C", "sampled": "D", "correct": false}}
{"type": "result", "data": {"idx": 71, "options": ["160", "240", "320", "640"], "probs": [[0.2829196648406446, 0.2781635504158929, 0.2729286773303781, 0.16598810731308136], [0.2856873080881569, 0.2789509474784665, 0.27102239505763176, 0.16433934927573657], [0.2876658640377963, 0.27550003573186327, 0.2681250148729445, 0.16870908525740536], [0.2858418050792761, 0.27424326228923257, 0.27243128800037525, 0.16748364453111642]], "ideal": "A", "sampled": "C", "correct": false}}
{"type": "result", "data": {"idx": 72, "options": ["0.021 repeating", "0.21 Repeating", "0.22 Repeating", "0.2121"], "probs": [[0.303712250491712, 0.2710734344482887, 0.2666488666546261, 0.15856544830538405], [0.30294768830323926, 0.25118642998194357, 0.2812824032235653, 0.16458347839122683], [0.306806511349744, 0.25774516130453934, 0.2792215408131516, 0.15622678643257562], [0.302273009059896, 0.25751676377397476, 0.2793655032675878, 0.16084472379852366]], "ideal": "B", "sampled": "B", "correct": true}}
{"type": "result", "data": {"idx": 73, "options": ["(40 \u00d7 10) + (6 \u00d7 2) = 400 + 12", "(40 \u00d7 6) + (10 \u00d7 2) = 240 + 20", "(40 \u00d7 12) + (6 \u00d7 12) = 480 + 72", "(40 \u00d7 12) + (60 \u00d7 12) = 480 + 720"], "probs": [[0.29275205312971114, 0.2560755577508407, 0.2661210648314704, 0.18505132418798273], [0.29845592363533263, 0.2643072928176988, 0.2579590948766571, 0.17927768857028792], [0.2998936864739235, 0.26447079236666066, 0.25713754484764484, 0.17849797621179092], [0.2954361230496109, 0.2686381989115578, 0.2547123569063627, 0.18121332103247337]], "ideal": "C", "sampled": "C", "correct": true}}
{"type": "result", "data": {"idx": 74, "options": ["$649 ", "$6,049 ", "$6,409 ", "$6,490 "], "probs": [[0.322543981981156, 0.27588314430855587, 0.2585306179010595, 0.1430422557092481], [0.3273028652740986, 0.2750448493729281, 0.26774209851505826, 0.12991018673790872], [0.31727882176234207, 0.2800517934350779, 0.27007163551940866, 0.1325977491831909], [0.3275951361226483, 0.27497279368830135, 0.25886457515072525, 0.13856749493831508]], "ideal": "B", "sampled": "D", "correct": false}}
{"type": "result", "data": {"idx": 75, "options": ["SSSSS; AAA", "SSSSS; AAAA", "SSSSSSSS; AAAA", "SSSSSSSS; A"], "probs": [[0.28671128596545037, 0.272214455032698, 0.28440338971801526, 0.15667086918383621], [0.3025448427624723, 0.272923040508608, 0.28104853166131, 0.14348358496760738], [0.28889781222997263, 0.27020038473766794, 0.27115705054263567, 0.16974475238971015], [0.27812657061299345, 0.25239548053481603, 0.3003651754477948, 0.16911277330439198]], "ideal": "D", "sampled": "B", "correct": false}}
{"type": "result", "data": {"idx": 76, "options": ["$2.82 ", "$2.97 ", "$6.47 ", "$12.77 "], "probs": [[0.30715346510332653, 0.27733853742119563, 0.26881031205789885, 0.1466976853175623], [0.31189972012629386, 0.27754045650320136, 0.2609167905726505, 0.14964303269785906], [0.3154761478741829, 0.2743750127862747, 0.2678449080792542, 0.1423039311602983], [0.3165482306762555, 0.27830733842437966, 0.2590333642037693, 0.14611106659560427]], "ideal": "A", "sampled": "C", "correct": false}}
{"type": "result", "data": {"idx": 77, "options": ["4 over 6", "10 over 12", "15 over 17", "5 over 6"], "probs": [[0.29041192040981095, 0.244806170771054, 0.29730905092816085, 0.16747285779097193], [0.2872216245621549, 0.24622824683018346, 0.2953354237419528, 0.1712147047657096], [0.2959560277914914, 0.25276089410112657, 0.2844252486975443, 0.1668578293098634], [0.2962320029080847, 0.24785895165080343, 0.2897327921803634, 0.16617625316073495]], "ideal": "D", "sampled": "D", "correct": true}}
{"type": "result", "data": {"idx": 78, "options": ["3 over 2", "2 over 3", "2 over 12", "1 over 6"], "probs": [[0.3086949431373499, 0.28419991586111615, 0.24769673692785774, 0.1594084039736805], [0.3182816126824964, 0.2784472941530834, 0.2501759626193991, 0.15309513044501555], [0.30599888035895595, 0.2979594288735104, 0.24560858073091876, 0.15043310993661513], [0.3003549541654242, 0.2965965595276874, 0.2515616267751256, 0.15148685943176377]], "ideal": "D", "sampled": "D", "correct": true}}
