{"type": "result", "data": {"idx": 0, "options": ["(0, \u2013 3)", "(4, 1)", "(2, 2)", "(\u2013 4, \u20132)"], "probs": [[0.3189172331984126, 0.27987560233827585, 0.249205348577418, 0.15200181578589325], [0.31820622086642647, 0.27760703579118234, 0.2546717765035608, 0.1495149667388413], [0.32111946472428027, 0.27782736559868526, 0.24833403898173287, 0.15271913059530806], [0.3220228269554831, 0.27339365727795717, 0.2520084945360127, 0.15257502113055604]], "ideal": "D", "sampled": "D", "correct": true}}
{"type": "result", "data": {"idx": 1, "options": ["2500", "2", "50", "25"], "probs": [[0.29906690025346255, 0.263257541409002, 0.2185101498101348, 0.21916540842738774], [0.2972270429759068, 0.26231906166920366, 0.24326594829264014, 0.19718794696226122], [0.3087418277755197, 0.2624064315151675, 0.22901878374684354, 0.19983295686249358], [0.31385336707730893, 0.27053417463837004, 0.23217732826415594, 0.18343512992015748]], "ideal": "C", "sampled": "D", "correct": false}}
{"type": "result", "data": {"idx": 2, "options": ["392", "336", "300", "297"], "probs": [[0.34338877222412856, 0.3148057888643877, 0.20617671715692532, 0.13562872165454365], [0.340855706024026, 0.31470653587821845, 0.20819198880958711, 0.13624576918816703], [0.3432363565279173, 0.3182200496326964, 0.20585026642077425, 0.1326933273186178], [0.34112950205549775, 0.31571575271714847, 0.20531140017188967, 0.13784334495548192]], "ideal": "A", "sampled": "D", "correct": false}}
{"type": "result", "data": {"idx": 3, "options": ["\\frac{7}{9}", "\\frac{8}{9}", "\\frac{5}{9}", "\\frac{9}{11}"], "probs": [[0.28704792585970346, 0.25785594857756167, 0.2814321398552845, 0.17366398560744054], [0.2874049575770838, 0.2624443191731545, 0.28084771184981944, 0.16930301129994563], [0.2897253212782483, 0.25659565497187603, 0.2804253642886184, 0.17325365936126025], [0.28576906125710816, 0.2610092766665629, 0.2858434579287081, 0.1673782040476073]], "ideal": "B", "sampled": "B", "correct": true}}
{"type": "result", "data": {"idx": 4, "options": ["(-inf, 10)", "(-inf, 9)", "(-inf, 8)", "(-inf, 7)"], "probs": [[0.2804223314953272, 0.25609858469825325, 0.2631730574509044, 0.20030602625548652], [0.2833969565460578, 0.25261080979067924, 0.2644158375354623, 0.199576396027805], [0.2818360060140216, 0.2547891331623951, 0.2640794030770889, 0.19929545764649897], [0.2829167902169044, 0.2552940087920176, 0.2628784721330196, 0.19891072875805982]], "ideal": "C", "sampled": "D", "correct": false}}
{"type": "result", "data": {"idx": 5, "options": ["396", "72", "66", "36"], "probs": [[0.28885175729855656, 0.2776350374153456, 0.28039033915351386, 0.15312286603257905], [0.29109122967740897, 0.29003071855311574, 0.26799077963007917, 0.15088727203939373], [0.28648813608182605, 0.27511348894784493, 0.27553406573883055, 0.16286430913149694], [0.28537396441320323, 0.28205617259996457, 0.2741760594200879, 0.1583938034667455]], "ideal": "B", "sampled": "C", "correct": false}}
{"type": "result", "data": {"idx": 6, "options": ["0.16", "0.24", "0.3", "0.5"], "probs": [[0.316721896111485, 0.2880737706584084, 0.2600550228366157, 0.13514931029349841], [0.32392565018489594, 0.2845497519768177, 0.25652601391087954, 0.13499858382741015], [0.31698756869042904, 0.2786777493107786, 0.2630229822402058, 0.14131169965855472], [0.31311208350390074, 0.2813323820760387, 0.2644448852728657, 0.14111064904718454]], "ideal": "C", "sampled": "B", "correct": false}}
{"type": "result", "data": {"idx": 7, "options": ["42", "12", "36", "39"], "probs": [[0.29871077315337297, 0.27438721432142116, 0.25649310086095134, 0.17040891156425805], [0.29067030364863516, 0.2621385243137807, 0.26995841596567677, 0.17723275597189816], [0.29934922419917853, 0.2678290909759501, 0.2606918271725967, 0.17212985755226176], [0.29968355574261, 0.27006960244350753, 0.2593908019188851, 0.17085603979499264]], "ideal": "A", "sampled": "D", "correct": false}}
{"type": "result", "data": {"idx": 8, "options": ["\\frac{125}{648}", "\\frac{25}{648}", "\\frac{625}{648}", "\\frac{1}{648}"], "probs": [[0.28946068565679084, 0.27001664912595447, 0.25269714368190654, 0.18782552143536016], [0.2845945159606155, 0.27095171569307147, 0.25827774782028695, 0.18617602042603645], [0.2836683951179005, 0.2702064733309618, 0.257341587536841, 0.18878354391429064], [0.2787162548446279, 0.2633302311835756, 0.26704324408244384, 0.19091026978936862]], "ideal": "C", "sampled": "B", "correct": false}}
{"type": "result", "data": {"idx": 9, "options": ["8", "12", "10", "4"], "probs": [[0.3035591335406232, 0.26507067340711116, 0.2601394586561104, 0.17123073429616006], [0.30858642595062796, 0.26979806627715824, 0.2578636265408827, 0.16375188113132974], [0.3040364645110752, 0.27140146275023264, 0.2478892713518837, 0.17667280128681928], [0.307640507708555, 0.26291381629782135, 0.25283190193691857, 0.17661377395668945]], "ideal": "B", "sampled": "C", "correct": false}}
{"type": "result", "data": {"idx": 10, "options": ["13", "14", "1", "2"], "probs": [[0.29709188555292665, 0.2913316333439994, 0.24356793290286963, 0.16800854810021154], [0.29345044134327347, 0.2962783162736648, 0.23631210771601735, 0.17395913456703618], [0.27933938769377514, 0.2842848700578592, 0.2511946375438474, 0.18518110460449483], [0.29339939577562746, 0.28773465010319843, 0.2423236949598027, 0.17654225906136436]], "ideal": "D", "sampled": "B", "correct": false}}
{"type": "result", "data": {"idx": 11, "options": ["30", "64", "2048", "60"], "probs": [[0.3096207809933957, 0.26724932228555487, 0.24459900533408616, 0.1785308912869482], [0.3133060596584539, 0.26823968627221917, 0.24030916061988727, 0.17814509334942166], [0.31212317406462453, 0.2665555477946593, 0.23934541589460634, 0.18197586214612424], [0.3072322017491945, 0.2682645614596681, 0.24899483874876596, 0.1755083979423726]], "ideal": "D", "sampled": "B", "correct": false}}
{"type": "result", "data": {"idx": 12, "options": ["0", "1", "2", "4"], "probs": [[0.31938639044302775, 0.28331842103935495, 0.2420508721048607, 0.15524431631273544], [0.3209695679180593, 0.28224064273878424, 0.24248068844758494, 0.15430910079556107], [0.3287516316917663, 0.2859611131961729, 0.23527919771623312, 0.15000805729584302], [0.3267578554937301, 0.29028707989616676, 0.23467541741685524, 0.14827964709324948]], "ideal": "D", "sampled": "D", "correct": true}}
{"type": "result", "data": {"idx": 13, "options": ["92", "93", "94.5", "95"], "probs": [[0.32178834459689, 0.2369520390271935, 0.2858562601886027, 0.15540335608730443], [0.32542058620825937, 0.237071485569203, 0.291390273672618, 0.14611765444991015], [0.3216183938599357, 0.2534520979421181, 0.26666526761346243, 0.15826424048446203], [0.3184608165578252, 0.23468369831977656, 0.2859933088647735, 0.16086217615762285]], "ideal": "B", "sampled": "D", "correct": false}}
{"type": "result", "data": {"idx": 14, "options": ["R <= T <= M <= L", "L <= T <= M <= R", "R <= M <= T <= L", "L <= M <= T <= R"], "probs": [[0.2673979959377289, 0.27753450989134804, 0.27070499785599333, 0.18436249621494005], [0.26344281829849453, 0.27626638696766115, 0.2749201506136936, 0.18537064402017683], [0.26469634729285574, 0.2765350450349203, 0.2719296237966655, 0.1868389837755763], [0.2635115417875734, 0.2775642700333345, 0.27524312857363153, 0.18368105950546493]], "ideal": "D", "sampled": "B", "correct": false}}
{"type": "result", "data": {"idx": 15, "options": ["16", "2\\sqrt{2}", "5", "5+2\\sqrt{13}"], "probs": [[0.3218968677024078, 0.26171476413367983, 0.2419757512865566, 0.1744126167773613], [0.3192182347971029, 0.2618838930438078, 0.25596018687014543, 0.1629376851889365], [0.3230434794727159, 0.25605339287905504, 0.24733040243467821, 0.173572725113532], [0.31267664185627353, 0.26731233525054093, 0.25584420039931344, 0.16416682239388697]], "ideal": "D", "sampled": "B", "correct": false}}
{"type": "result", "data": {"idx": 16, "options": ["8", "3", "6", "9"], "probs": [[0.3052133008430537, 0.27223574709559895, 0.2444523273232877, 0.17809862463806986], [0.29853515649949447, 0.271435123225476, 0.25100092390468615, 0.1790287962703629], [0.3025511756049614, 0.27029643382065693, 0.250133286002508, 0.1770191044718661], [0.3069108734010939, 0.27296638736881107, 0.2502429510557382, 0.16987978807435572]], "ideal": "A", "sampled": "A", "correct": true}}
{"type": "result", "data": {"idx": 17, "options": ["-2", "-4", "-1", "1"], "probs": [[0.3192042685369747, 0.2622604532469638, 0.250235791677207, 0.16829948643885628], [0.3257093437487515, 0.2688073717896941, 0.24859094291584308, 0.15689234144572797], [0.317447480522613, 0.2653714985181389, 0.2552977214297173, 0.16188329942952961], [0.3270459205242542, 0.26842592148381433, 0.24435553857648892, 0.16017261931544008]], "ideal": "B", "sampled": "D", "correct": false}}
{"type": "result", "data": {"idx": 18, "options": ["1", "3", "0", "5"], "probs": [[0.3153149543645081, 0.2653318376573417, 0.2513740325243105, 0.1679791753538204], [0.3216514000924028, 0.2639399601594511, 0.24742004497840567, 0.1669885946697209], [0.3175295729967602, 0.26450082365905725, 0.24615557780960579, 0.17181402543455396], [0.3228331961077304, 0.2633377177700351, 0.24648058608807777, 0.1673484999341398]], "ideal": "A", "sampled": "B", "correct": false}}
{"type": "result", "data": {"idx": 19, "options": ["(-\\infty,-1)\\cup (1,\\infty)", "(-\\infty,0)\\cup (0,\\infty)", "[-1,1]", "(-1,1)"], "probs": [[0.3166946896472459, 0.26574780430762907, 0.24094386207788826, 0.1766136438672336], [0.3048568098231449, 0.2731018459076052, 0.2348383256828313, 0.18720301848640808], [0.3132082885546075, 0.2614513608989267, 0.24718687466411368, 0.17815347578234283], [0.31730784816755936, 0.2561286489106888, 0.2522166134414498, 0.1743468893803004]], "ideal": "B", "sampled": "A", "correct": false}}
{"type": "result", "data": {"idx": 20, "options": ["\\frac{5}{x-4}", "\\frac{x-4}{5}", "\\frac{x+4}{5}", "-\\frac{x-4}{5}"], "probs": [[0.27655987149775185, 0.2628646248301914, 0.278776134519506, 0.1817993690525542], [0.27561278013457313, 0.2608831664021406, 0.2815927515216718, 0.18191130184160725], [0.27357937173624214, 0.2618007738951288, 0.278680346815542, 0.18593950745307286], [0.27717676411316133, 0.265116642826403, 0.2833594362248955, 0.17434715673552467]], "ideal": "D", "sampled": "B", "correct": false}}
{"type": "result", "data": {"idx": 21, "options": ["\u221216", "32", "\u221232", "64"], "probs": [[0.29515056383401567, 0.27572001545888997, 0.2591674311098798, 0.16996198949722235], [0.31189988715785516, 0.2723397640710386, 0.24164812705647448, 0.1741122216146395], [0.29203709439948283, 0.2735070445765568, 0.2621307840584677, 0.17232507686550208], [0.3059363865631368, 0.2775123404237531, 0.2511558444279756, 0.16539542848513522]], "ideal": "B", "sampled": "B", "correct": true}}
{"type": "result", "data": {"idx": 22, "options": ["7", "11", "16", "8"], "probs": [[0.284974473734268, 0.2578469455522573, 0.27326855048486565, 0.18391003012860457], [0.2866184206725943, 0.2595420575106007, 0.2747788302431125, 0.17906069147368675], [0.3060992298766451, 0.2611286746037419, 0.25308251672361287, 0.17968957869599997], [0.2931310871202167, 0.2568902264904194, 0.26502756469408917, 0.1849511215952792]], "ideal": "D", "sampled": "C", "correct": false}}
{"type": "result", "data": {"idx": 23, "options": ["4", "8", "2", "1"], "probs": [[0.3140619306823406, 0.2657492593647974, 0.24813107196444084, 0.1720577378884103], [0.3148347565505404, 0.2674903163817959, 0.24122896958069912, 0.17644595738695001], [0.30285600400517904, 0.2737858096823328, 0.24456590662404457, 0.1787922795884557], [0.2998664784348956, 0.26617994885370716, 0.24751268452108344, 0.18644088809030848]], "ideal": "B", "sampled": "B", "correct": true}}
{"type": "result", "data": {"idx": 24, "options": ["Friday", "Thursday", "Wednesday", "Tuesday"], "probs": [[0.29438104727124037, 0.28396431106215436, 0.2193237037276906, 0.20233093783890785], [0.2952776405264212, 0.28688252558199157, 0.2187650798094394, 0.19907475398214883], [0.30039739037289187, 0.2814214502799383, 0.22224871277428046, 0.19593244647289076], [0.29736590647339195, 0.2871230572057486, 0.21677153323015452, 0.19873950299071044]], "ideal": "A", "sampled": "C", "correct": false}}
{"type": "result", "data": {"idx": 25, "options": ["5", "3", "15", "31"], "probs": [[0.2785770551683783, 0.27986641054777944, 0.2691777307457611, 0.17237880343808212], [0.2711322577266816, 0.2868520462713987, 0.2701804680665695, 0.1718352278353478], [0.2818532413127004, 0.2886773176913083, 0.2711411393093783, 0.15832830158659114], [0.2856249183181375, 0.2825571382106667, 0.26339233347960006, 0.16842560989160188]], "ideal": "C", "sampled": "D", "correct": false}}
{"type": "result", "data": {"idx": 26, "options": ["145", "90", "60", "70"], "probs": [[0.2677604956677497, 0.29105459064810585, 0.2586526714277333, 0.18253224215640862], [0.26303354826356284, 0.2928734325064358, 0.26376225759907684, 0.1803307615309105], [0.2645800849435743, 0.29198601949197556, 0.26204719601043513, 0.1813866994540177], [0.26449764085751, 0.29360739651008516, 0.2615289513739506, 0.18036601115842543]], "ideal": "D", "sampled": "A", "correct": false}}
{"type": "result", "data": {"idx": 27, "options": ["2 min", "5 min", "18 min", "20 min"], "probs": [[0.2750884340620311, 0.28593132609649013, 0.24654918687765667, 0.19243105286381687], [0.2817952471735984, 0.2882534443907104, 0.2442917300303635, 0.1856595783053143], [0.289190951812641, 0.28538179305071715, 0.24836668609285847, 0.17706056894380356], [0.2849663703465373, 0.28700999111211384, 0.23855529455602092, 0.18946834388533296]], "ideal": "C", "sampled": "C", "correct": true}}
{"type": "result", "data": {"idx": 28, "options": ["(-4,4)", "[0,4]", "(-inf, -1) U (4, inf)", "(-inf, -1) U (-1, 4) U (4, inf)"], "probs": [[0.28159778445060407, 0.26118393820783564, 0.24035811487561212, 0.21686016236595063], [0.2987159364325398, 0.26750783346646595, 0.2580141927572802, 0.17576203724372608], [0.3072624952255727, 0.2641448265208012, 0.23912666218033687, 0.18946601597330656], [0.28805774275334467, 0.2848245894850359, 0.243575657669592, 0.18354200999202128]], "ideal": "C", "sampled": "D", "correct": false}}
{"type": "result", "data": {"idx": 29, "options": ["1", "e", "2/e", "1/e"], "probs": [[0.3249301536437209, 0.2724536018873351, 0.23202428904184913, 0.17059195532707552], [0.336098934052136, 0.2568251081131367, 0.2299319098342212, 0.17714404790050237], [0.32923011490106, 0.2826214444610032, 0.21704718937381906, 0.17110125116412847], [0.32097816464075374, 0.27959537503307563, 0.22334671018274346, 0.17607975004342719]], "ideal": "D", "sampled": "D", "correct": true}}
{"type": "result", "data": {"idx": 30, "options": ["1", "2", "0", "5"], "probs": [[0.31712493736841824, 0.27336656091511263, 0.25011327591517296, 0.1593952257012722], [0.32675515773575825, 0.27381786929992846, 0.2411291914525834, 0.15829778141171946], [0.31501589825759346, 0.2722473554222965, 0.24693594440995836, 0.16580080181017826], [0.32372946657630686, 0.2728232506765551, 0.24123539866509555, 0.16221188398203862]], "ideal": "C", "sampled": "B", "correct": false}}
{"type": "result", "data": {"idx": 31, "options": ["10", "16", "24", "12"], "probs": [[0.3071678668108953, 0.26562738379548995, 0.23870259052323006, 0.1885021587703999], [0.312213319671787, 0.2668794497760109, 0.23262467074140417, 0.1882825597108042], [0.3161427471623373, 0.26191491205623846, 0.23513479229226983, 0.1868075483891508], [0.30835427342249777, 0.26771248060262565, 0.2331929907979954, 0.19074025507688586]], "ideal": "A", "sampled": "C", "correct": false}}
{"type": "result", "data": {"idx": 32, "options": ["12", "22", "840", "240"], "probs": [[0.34037026615140537, 0.2631493126974762, 0.24754053806746748, 0.1489398829836632], [0.3354298133431761, 0.27115640819235787, 0.24478748937788633, 0.14862628898658037], [0.3384632110464603, 0.27745686236392714, 0.2405358571442803, 0.143544069345331], [0.33993472364802985, 0.2764276571400641, 0.23217824896148692, 0.15145937015040864]], "ideal": "D", "sampled": "D", "correct": true}}
{"type": "result", "data": {"idx": 33, "options": ["8788", "2", "2197", "21"], "probs": [[0.32328015734992627, 0.27761603648370237, 0.21632430811725545, 0.18277949794912368], [0.32326120877522824, 0.27695608044755016, 0.23268458140393034, 0.16709812927327178], [0.3261682652643593, 0.27207931288917897, 0.2196363552916629, 0.18211606645480166], [0.33381975080640053, 0.28339542306905013, 0.22371199503333591, 0.15907283099120442]], "ideal": "A", "sampled": "D", "correct": false}}
{"type": "result", "data": {"idx": 34, "options": ["-9", "-5", "-6", "-57"], "probs": [[0.2936139574288107, 0.2748339476082085, 0.2564163205495943, 0.17513577431339022], [0.2954604859939774, 0.2717564883316425, 0.2579565032147987, 0.17482652235955143], [0.2976284697754259, 0.2714281627282979, 0.254918040577549, 0.17602532681873806], [0.29180486071505735, 0.26914516430881164, 0.2630077261272361, 0.17604224874890156]], "ideal": "A", "sampled": "B", "correct": false}}
{"type": "result", "data": {"idx": 35, "options": ["15", "5", "9", "17"], "probs": [[0.26414331457186474, 0.30710870461847173, 0.2690276524584663, 0.15972032825120497], [0.2586919203220361, 0.3009975585263963, 0.2755931944486743, 0.1647173266028917], [0.25476546753729823, 0.3067743218075467, 0.276439558860821, 0.16202065169433], [0.2611675262190004, 0.3040466308289703, 0.2776222228726284, 0.15716361997940081]], "ideal": "D", "sampled": "A", "correct": false}}
{"type": "result", "data": {"idx": 36, "options": ["252", "4680", "98770", "101170"], "probs": [[0.30594076304746737, 0.29739483044875054, 0.24651596602050121, 0.15014844038328026], [0.3095423829041052, 0.29436318309177495, 0.24213098148838622, 0.15396345241573647], [0.3167081746855808, 0.30087820285413613, 0.24896913458232062, 0.1334444877779448], [0.30821525851290743, 0.2999595607851944, 0.2394867656805686, 0.15233841492132114]], "ideal": "C", "sampled": "C", "correct": true}}
{"type": "result", "data": {"idx": 37, "options": ["4.5", "1", "5.5", "5"], "probs": [[0.28689377569515023, 0.28882148423992376, 0.254203806745878, 0.17008093321903073], [0.28020353746583093, 0.27800738469086866, 0.27242402624649004, 0.1693650514968176], [0.2858036528828508, 0.28652267737443143, 0.2542466787775633, 0.17342699086516083], [0.2853567555269744, 0.2803198586603498, 0.2661934660279739, 0.16812991968469113]], "ideal": "C", "sampled": "D", "correct": false}}
{"type": "result", "data": {"idx": 38, "options": ["240", "120", "60", "111"], "probs": [[0.3211944840890431, 0.2709882393503003, 0.2543666102568646, 0.15345066620380904], [0.3140950271882939, 0.26959851774141863, 0.25551140516703014, 0.1607950498032681], [0.31785314814832855, 0.2666219771130273, 0.2657323186065792, 0.14979255603207836], [0.3118581994223252, 0.26679828135222117, 0.27066470195621306, 0.15067881716923476]], "ideal": "A", "sampled": "A", "correct": true}}
{"type": "result", "data": {"idx": 39, "options": ["24", "5", "3", "21"], "probs": [[0.33305676511070975, 0.2639242546223371, 0.23012571452428324, 0.17289326564266896], [0.3109215529364509, 0.26723581787984724, 0.2424918048177496, 0.17935082426595816], [0.3122415063075759, 0.27314050273734125, 0.2443379963084297, 0.17027999454664614], [0.32114941012945364, 0.2812276801822784, 0.2335666749394797, 0.16405623464879793]], "ideal": "A", "sampled": "A", "correct": true}}
{"type": "result", "data": {"idx": 40, "options": ["1", "-3", "-1", "3"], "probs": [[0.32534979051747415, 0.2660877906549913, 0.24105200822612005, 0.1675104105014263], [0.3351667163859577, 0.26818544665644783, 0.24187686034145117, 0.15477097651613764], [0.3214199210494515, 0.27245255452239037, 0.24600687720559056, 0.16012064712257731], [0.32379268445290793, 0.2716653028722215, 0.24764201774045014, 0.15689999483441944]], "ideal": "B", "sampled": "B", "correct": true}}
{"type": "result", "data": {"idx": 41, "options": ["4", "6", "10", "15"], "probs": [[0.3086253381816952, 0.24569038276957816, 0.27158194302247113, 0.17410233592625088], [0.3058581611656507, 0.2437409750577899, 0.2725930531942406, 0.1778078104823102], [0.30262996029003747, 0.2474941519634809, 0.27995312051686105, 0.1699227671296273], [0.31279378593947255, 0.24815014373898367, 0.26329231016015886, 0.17576376006138675]], "ideal": "C", "sampled": "A", "correct": false}}
{"type": "result", "data": {"idx": 42, "options": ["Alice", "Devon", "Bob", "Gerald"], "probs": [[0.3144916091258027, 0.2992168037819114, 0.23271951808027053, 0.15357206891201042], [0.3349526692004578, 0.28365653291434345, 0.22531084952800312, 0.15607994825719576], [0.319229199453908, 0.294249129348956, 0.23214415126851184, 0.15437751982863376], [0.3298009505823261, 0.28993385362507745, 0.23024192623181108, 0.1500232694607861]], "ideal": "B", "sampled": "B", "correct": true}}
{"type": "result", "data": {"idx": 43, "options": ["(6-3x)(6+3x)", "(-3x+6)(3x+6)", "9(2-x)(2+x)", "3(2+x)^2"], "probs": [[0.3119246285130541, 0.24576960443928528, 0.28094765433951335, 0.16135811260816663], [0.3175808883454727, 0.24512352029260015, 0.28061969512220875, 0.15667589613970642], [0.3121920888341045, 0.2402169372579496, 0.2882076829917463, 0.15938329081620167], [0.30461709776110474, 0.23933151804670894, 0.2907452110714942, 0.16530617302072145]], "ideal": "C", "sampled": "B", "correct": false}}
{"type": "result", "data": {"idx": 44, "options": ["100", "90950", "5200", "50"], "probs": [[0.3112455304275583, 0.285576213786576, 0.23365634344720718, 0.16952191223866322], [0.3173669052152077, 0.2945545439211743, 0.2309087710318648, 0.15716977973177199], [0.301597065039729, 0.29427499803944746, 0.23178852784845402, 0.17233940897237288], [0.3038095660193092, 0.2781105780623038, 0.24760820140852638, 0.17047165440984632]], "ideal": "C", "sampled": "B", "correct": false}}
{"type": "result", "data": {"idx": 45, "options": ["\\frac{1}{8}", "\\frac{1}{7}", "\\frac{1}{40}", "\\frac{1}{35}"], "probs": [[0.3059583868979353, 0.248195721195639, 0.2685445722620598, 0.1773013195443831], [0.30437377941543475, 0.24835320545545575, 0.26541521723209716, 0.18185779779702455], [0.30455037792819317, 0.25151793680122125, 0.2695634596485616, 0.17436822552204456], [0.3095940807790695, 0.24840438768248618, 0.26499894624478054, 0.17700258519367146]], "ideal": "D", "sampled": "A", "correct": false}}
{"type": "result", "data": {"idx": 46, "options": ["5", "11", "17", "199"], "probs": [[0.3127412574693434, 0.2632674337044604, 0.23889345131637074, 0.18509785740980994], [0.3069626803079171, 0.2630594968140372, 0.24477596277508848, 0.18520186000293803], [0.3214983855912246, 0.2621659918380149, 0.23790552509202215, 0.17843009737875035], [0.3143533828319482, 0.2621694087894161, 0.2310196520710156, 0.1924575562076021]], "ideal": "D", "sampled": "C", "correct": false}}
{"type": "result", "data": {"idx": 47, "options": ["7", "5", "2", "25"], "probs": [[0.2932939690819648, 0.29085373060825903, 0.2483493345596115, 0.1675029656501734], [0.295336001824505, 0.28838525882625204, 0.2492196150328581, 0.1670591242163796], [0.29882857296553966, 0.2805230291348274, 0.24783513706293242, 0.17281326073669404], [0.29849820917165454, 0.2762236327895307, 0.256800980502065, 0.1684771774367344]], "ideal": "A", "sampled": "B", "correct": false}}
{"type": "result", "data": {"idx": 48, "options": ["792", "66", "396", "72"], "probs": [[0.29316154132998246, 0.28262322908227494, 0.25881904141686496, 0.16539618807087558], [0.2890113872333864, 0.276867835248029, 0.27134873249618235, 0.16277204492239888], [0.28670822380771444, 0.2818882916287344, 0.2671480557368329, 0.16425542872669713], [0.2934947309306379, 0.28703704583783696, 0.2669602440150621, 0.15250797911647232]], "ideal": "D", "sampled": "D", "correct": true}}
{"type": "result", "data": {"idx": 49, "options": ["5", "-75", "-64", "-24"], "probs": [[0.2976894101642922, 0.26359605204058545, 0.25053354310182585, 0.18818099459330356], [0.29161874569133145, 0.26511488626971974, 0.2462001788802463, 0.19706618905870493], [0.30210792263446146, 0.2668022924500905, 0.24629914167954126, 0.18479064313589696], [0.29728917756761986, 0.26103170142196225, 0.25142942159677073, 0.19024969931364002]], "ideal": "B", "sampled": "C", "correct": false}}
{"type": "result", "data": {"idx": 50, "options": ["\\frac{1}{27}", "\\frac{1}{68}", "\\frac{1}{3}", "\\frac{1}{243}"], "probs": [[0.27959673947876945, 0.24909661216350565, 0.3051901048091975, 0.16611654344852517], [0.2855791420820267, 0.25207987638378776, 0.2856029829395323, 0.17673799849465743], [0.2845885982727715, 0.24618786445482585, 0.2956989041960129, 0.17352463297640694], [0.2756969725017297, 0.24694730273858698, 0.2981500220493646, 0.17920570261031143]], "ideal": "D", "sampled": "C", "correct": false}}
{"type": "result", "data": {"idx": 51, "options": ["100", "4", "5", "20"], "probs": [[0.29264617236374074, 0.2791524556988051, 0.2408325130804996, 0.18736885875694614], [0.2971065422687872, 0.2774957633993502, 0.2426047127041504, 0.18279298152771511], [0.29675642842802563, 0.2789391435563357, 0.2382445678829479, 0.18605986003271338], [0.29137126320083573, 0.27994041383245893, 0.24492783475176333, 0.18376048811494108]], "ideal": "A", "sampled": "B", "correct": false}}
{"type": "result", "data": {"idx": 52, "options": ["1", "9", "2", "10"], "probs": [[0.32035689725795247, 0.2632518050114735, 0.2506797203240097, 0.1657115773065659], [0.3396694632277002, 0.2601691690161809, 0.2411607792330766, 0.15900058842303855], [0.31974874986907403, 0.26269674213432326, 0.2526310970384931, 0.16492341085810389], [0.33058204365312, 0.2646149942795682, 0.2385629455028955, 0.16624001646440695]], "ideal": "B", "sampled": "B", "correct": true}}
{"type": "result", "data": {"idx": 53, "options": ["43", "16", "42", "44"], "probs": [[0.2992856256913575, 0.27456293453433095, 0.28119640997884005, 0.14495502969546134], [0.300031762383325, 0.2718252132245117, 0.2825347740913843, 0.14560825020076312], [0.3046084693466936, 0.2810316731272883, 0.27388406880549493, 0.1404757886205391], [0.31111412047811665, 0.2746777268130677, 0.2724518318537884, 0.1417563207550264]], "ideal": "C", "sampled": "D", "correct": false}}
{"type": "result", "data": {"idx": 54, "options": ["\\frac{1}{6}", "\\frac{1}{64}", "\\frac{1}{32}", "\\frac{1}{2}"], "probs": [[0.2902491216938877, 0.2870163754047171, 0.24086916052992535, 0.18186534227147633], [0.28604778458777874, 0.29349565426743357, 0.2413796391594774, 0.17907692188531465], [0.2922585714647398, 0.2888578207441131, 0.23842257043254153, 0.18046103725860704], [0.2882888381634889, 0.2862955219722383, 0.23998763950813298, 0.18542800025613299]], "ideal": "C", "sampled": "C", "correct": true}}
{"type": "result", "data": {"idx": 55, "options": ["5", "\\frac{25}{6}", "\\frac{\\sqrt{2465}{9}", "2"], "probs": [[0.3085787524939045, 0.2762599011371506, 0.24610009018971188, 0.16906125607923664], [0.29204976072174865, 0.2734571821166112, 0.23857392688360587, 0.1959191301780459], [0.28911355358776875, 0.2633985674737052, 0.24949040275954074, 0.1979974760789663], [0.31123547708991606, 0.2732714173446192, 0.21872776621580625, 0.196765339249653]], "ideal": "A", "sampled": "A", "correct": true}}
{"type": "result", "data": {"idx": 56, "options": ["3", "\\frac{1}{49}", "\\frac{1}{7}", "7"], "probs": [[0.3180760397353251, 0.2713704477727741, 0.26202856638842037, 0.14852494600347355], [0.31449708285575056, 0.26095168717017386, 0.25855373367831636, 0.1659974961957816], [0.31670063913459456, 0.25843168186564963, 0.2563494553810434, 0.16851822351869528], [0.30722998996510903, 0.27336840988222477, 0.2699542135014236, 0.14944738655124137]], "ideal": "B", "sampled": "B", "correct": true}}
{"type": "result", "data": {"idx": 57, "options": ["4, 7", "5, 5", "3, 9", "9, 8"], "probs": [[0.2933598849896559, 0.24677808071953108, 0.2873361620509943, 0.17252587213981346], [0.292832537936636, 0.24982833794322526, 0.28582968071818493, 0.17150944330195345], [0.2968596450192772, 0.25039063112141263, 0.28358605349800364, 0.16916367026131104], [0.29087096929755735, 0.2514626967360003, 0.2885796852868376, 0.16908664857958036]], "ideal": "B", "sampled": "C", "correct": false}}
{"type": "result", "data": {"idx": 58, "options": ["1", "120", "20", "12"], "probs": [[0.3138400629776851, 0.27319025340109154, 0.23998939675575337, 0.17298028676548546], [0.3311205218851622, 0.27444965851285896, 0.22681507761647468, 0.16761474188549114], [0.3267599401583495, 0.27592707726635873, 0.23467490309209416, 0.16263807938320674], [0.32268316832705257, 0.2731575888171669, 0.23272898217898874, 0.1714302605768036]], "ideal": "B", "sampled": "C", "correct": false}}
{"type": "result", "data": {"idx": 59, "options": ["1", "2", "-2", "0"], "probs": [[0.32434221062798974, 0.25567865395702544, 0.24281371342445163, 0.17716542189054155], [0.33523813153488313, 0.2615241564521326, 0.23606687136436572, 0.16717084054861894], [0.3137216755947667, 0.2585477359792042, 0.25170630479139233, 0.1760242835346401], [0.3184983480957843, 0.25795671324168096, 0.24506643485396143, 0.17847850370858118]], "ideal": "C", "sampled": "B", "correct": false}}
{"type": "result", "data": {"idx": 60, "options": ["1160", "1440", "2408", "2793"], "probs": [[0.22879045230695902, 0.3552986078502237, 0.28356137860058656, 0.13234956114222812], [0.23455772812236397, 0.3542504753975174, 0.2787915896253251, 0.13240020675478803], [0.23281794804907727, 0.3551179930519917, 0.28131222959488494, 0.13075182920404227], [0.23976975692579974, 0.35337311214616596, 0.2752255082780697, 0.13163162254996985]], "ideal": "D", "sampled": "D", "correct": true}}
{"type": "result", "data": {"idx": 61, "options": ["0.615", "4.875", "15", "34.667"], "probs": [[0.28744943514198074, 0.2706089516280608, 0.2628694223500942, 0.17907219077989525], [0.2867808779397032, 0.2715195342257442, 0.25813903357183937, 0.18356055416270273], [0.2849842680784365, 0.27049223321507326, 0.26945552101392317, 0.17506797759256046], [0.2872937027507012, 0.2705181520304635, 0.25626579976439523, 0.18592234535444896]], "ideal": "B", "sampled": "A", "correct": false}}
{"type": "result", "data": {"idx": 62, "options": ["f (x) = 0 has three real solutions.", "f (x) \u2265 \u201318 for all x \u2265 0.", "f (x) \u2264 \u201318 for all x \u2264 0.", "The function f (x) is decreasing for x \u2264 \u20133."], "probs": [[0.2936164287110131, 0.25007153046033026, 0.25029565931437037, 0.20601638141427941], [0.2919553929994195, 0.24790243295271408, 0.24311562242793083, 0.21702655151994882], [0.295924147806595, 0.25390294933592766, 0.23350461485067728, 0.21666828790679907], [0.292896479207993, 0.248056684693628, 0.2452668946577971, 0.2137799413405714]], "ideal": "A", "sampled": "C", "correct": false}}
{"type": "result", "data": {"idx": 63, "options": ["211", "2321", "11", "608"], "probs": [[0.29508237354993744, 0.26944645714642906, 0.25337884216824735, 0.18209232703541514], [0.286974609955439, 0.26205098220240286, 0.25787733322615586, 0.1930970745159934], [0.282274118580542, 0.2660680236024277, 0.2711730865996536, 0.1804847711173571], [0.290372484171808, 0.26640717840601214, 0.263224457614017, 0.17999587970815306]], "ideal": "D", "sampled": "A", "correct": false}}
{"type": "result", "data": {"idx": 64, "options": ["-8", "128", "-128", "16"], "probs": [[0.30644264379497155, 0.27233750313232324, 0.252997648784078, 0.16822220418861092], [0.3083970164232948, 0.2761076952585501, 0.2443543518382774, 0.17114093637987524], [0.2914890085384964, 0.2762204276490718, 0.2616252782651094, 0.17066528544730203], [0.29913627407308835, 0.28222708691191173, 0.2494570116074483, 0.16917962730753147]], "ideal": "C", "sampled": "A", "correct": false}}
{"type": "result", "data": {"idx": 65, "options": ["\u201312", "\u20139", "0", "8"], "probs": [[0.30782814988035206, 0.2585064954620203, 0.26472831846984274, 0.1689370360877994], [0.3063222217040369, 0.255467246100205, 0.2628837755643093, 0.17532675653142574], [0.30524075264821576, 0.24704280257068825, 0.2672234576722914, 0.18049298700880956], [0.3241442772698987, 0.2414141654704135, 0.2509891052744481, 0.1834524518852491]], "ideal": "B", "sampled": "C", "correct": false}}
{"type": "result", "data": {"idx": 66, "options": ["3", "4", "5", "6"], "probs": [[0.2877795536008912, 0.29910950984768414, 0.245974771011302, 0.1671361654401284], [0.28639476997134655, 0.2981668483400482, 0.24519154185830375, 0.17024683973028598], [0.2894882407630085, 0.2972590458817309, 0.24443511928430878, 0.16881759397094837], [0.2884110118892608, 0.3058566260698383, 0.23810073306773427, 0.16763162887316624]], "ideal": "C", "sampled": "A", "correct": false}}
{"type": "result", "data": {"idx": 67, "options": ["72", "6", "18", "12"], "probs": [[0.2894633450147501, 0.2667902548167205, 0.26267637060094406, 0.1810700294675919], [0.2814130170121869, 0.26071375767021226, 0.2731222487434231, 0.18475097647416047], [0.28706625505293, 0.26539033344697865, 0.26798991823790796, 0.17955349316218838], [0.2894852567035533, 0.26667995788649773, 0.26585481949704054, 0.1779799658128829]], "ideal": "B", "sampled": "D", "correct": false}}
{"type": "result", "data": {"idx": 68, "options": ["\\frac{1}{12}", "\\frac{1}{6}", "\\frac{2}{3}", "\\frac{1}{3}"], "probs": [[0.3030305919927682, 0.27726035546459016, 0.2603402334720309, 0.15936881897061053], [0.3099722359942594, 0.27360343198523446, 0.25814964693964987, 0.15827468498084724], [0.3106990035725863, 0.2750763560196381, 0.25569594170536614, 0.1585286986023906], [0.3050684203545627, 0.27159874533685757, 0.2620278068117354, 0.1613050273968458]], "ideal": "D", "sampled": "B", "correct": false}}
{"type": "result", "data": {"idx": 69, "options": ["5", "2", "13", "139"], "probs": [[0.2749408548096344, 0.27972777488380124, 0.2675411536591296, 0.17779021654744567], [0.26518674206683995, 0.27275293432785414, 0.2762194214552535, 0.18584090205005585], [0.2726198660724787, 0.27231281661752216, 0.28244544863108717, 0.17262186857892295], [0.27445625221353703, 0.2766485989302333, 0.2657469427034948, 0.18314820605274174]], "ideal": "A", "sampled": "A", "correct": true}}
{"type": "result", "data": {"idx": 70, "options": ["100", "999", "625", "500"], "probs": [[0.3095040332922447, 0.2788147303035307, 0.22779431241458123, 0.1838869238896494], [0.30764770891783644, 0.2820580794193238, 0.22643413016358543, 0.18386008139926294], [0.321699423168, 0.28812238682381297, 0.21753975033683784, 0.17263843957134611], [0.308814987383906, 0.28376951562945085, 0.2197294489852761, 0.18768604790135532]], "ideal": "C", "sampled": "C", "correct": true}}
{"type": "result", "data": {"idx": 71, "options": ["\\frac{7}{15}", "\\frac{15}{7}", "\\frac{15}{8}", "\\frac{15}{11}"], "probs": [[0.2900384058641586, 0.2759006119679799, 0.2786301293810171, 0.1554308526868407], [0.29175267169159463, 0.27064025911363093, 0.284850646869414, 0.15275642222534247], [0.2949982114030164, 0.27360599048130146, 0.2839291250043907, 0.1474666730112675], [0.2993220248151629, 0.2785354286569391, 0.2739027256082311, 0.14823982081965167]], "ideal": "B", "sampled": "D", "correct": false}}
{"type": "result", "data": {"idx": 72, "options": ["29", "14", "27", "11"], "probs": [[0.26297589731472404, 0.3130446557853199, 0.2608549701340718, 0.16312447666588642], [0.264888387126884, 0.3090529784093057, 0.26481401670114935, 0.16124461766268272], [0.263560968187154, 0.31158638745831824, 0.26190932555624863, 0.16294331869828643], [0.26382437389900987, 0.3056462817618973, 0.267289824764883, 0.16323951947421567]], "ideal": "A", "sampled": "B", "correct": false}}
{"type": "result", "data": {"idx": 73, "options": ["-5", "13", "64", "25"], "probs": [[0.31494029467547247, 0.25299098672137493, 0.2520144158394975, 0.18005430266365424], [0.31681799367876257, 0.2654917127438551, 0.2436031664964179, 0.17408712698097842], [0.32288455355438395, 0.26488243093824, 0.2418835456508055, 0.17034946975658272], [0.3240511592141488, 0.2686032106345266, 0.22970925134722964, 0.17763637870409432]], "ideal": "C", "sampled": "C", "correct": true}}
{"type": "result", "data": {"idx": 74, "options": ["2", "1", "9", "16"], "probs": [[0.29507158758009516, 0.2687937141852791, 0.27283675733768564, 0.1632979407969534], [0.29444331584119476, 0.27420623904647345, 0.2609714063644268, 0.17037903864789972], [0.3066296524511543, 0.27358199971134356, 0.2653749211784524, 0.1544134265590527], [0.3040697640846378, 0.2766979920796158, 0.25539929920521576, 0.1638329445305293]], "ideal": "B", "sampled": "C", "correct": false}}
{"type": "result", "data": {"idx": 75, "options": ["10240", "5001", "5002", "8192"], "probs": [[0.3098023957838797, 0.2711779390991234, 0.24992037470013592, 0.16909929031686916], [0.3034835646948065, 0.2639793798040624, 0.25807359383239725, 0.17446346156870704], [0.304164207296022, 0.27234550970222116, 0.250834586419577, 0.1726556964821938], [0.31108953254669397, 0.26608525446918774, 0.2548325156870436, 0.16799269719705473]], "ideal": "D", "sampled": "D", "correct": true}}
{"type": "result", "data": {"idx": 76, "options": ["If f(x) is continuous at x = c, then f\u2032(c) exists.", "If f\u2032(c) = 0, then f has a local maximum or minimum at (c, f (c)).", "If f\u2032\u2032(c) = 0, then the graph of f has an inflection point at (c, f (c)).", "If f is differentiable at x = c, then f is continuous at x = c."], "probs": [[0.31237187906267977, 0.19582881233418495, 0.2607001813216296, 0.23109912718152836], [0.31358692279980166, 0.19729339225241863, 0.28079863045511266, 0.20832105439266407], [0.30962650320126917, 0.20593292180227316, 0.24745555503282046, 0.23698501986364495], [0.3204682623535931, 0.20408556449633378, 0.24192348481850967, 0.2335226882315535]], "ideal": "D", "sampled": "D", "correct": true}}
{"type": "result", "data": {"idx": 77, "options": ["5", "22", "11", "6"], "probs": [[0.3044894992958278, 0.28072268358233426, 0.2437922389273383, 0.17099557809450636], [0.3079034719264727, 0.2803109499910409, 0.24794734831552923, 0.1638382296669404], [0.3042381220897462, 0.278360631323056, 0.25091353633327657, 0.1664877101539304], [0.3045888882226751, 0.28000324232862195, 0.25196925480496185, 0.1634386145437453]], "ideal": "A", "sampled": "B", "correct": false}}
{"type": "result", "data": {"idx": 78, "options": ["Wednesday", "Thursday", "Friday", "Saturday"], "probs": [[0.28222778887975125, 0.27871581833373976, 0.2566151011616221, 0.1824412915248986], [0.29536900621155654, 0.28192658491786254, 0.24259865830824184, 0.1801057504623504], [0.29398572804115036, 0.27966803077377606, 0.24588375736024343, 0.1804624837248488], [0.28350397482554934, 0.28123044994670077, 0.2551840944554622, 0.1800814806722892]], "ideal": "C", "sampled": "C", "correct": true}}
{"type": "result", "data": {"idx": 79, "options": ["January 10th", "January 21st", "January 31st", "February 10th"], "probs": [[0.2971347272887883, 0.2730839060808519, 0.2641165790394026, 0.16566478749096858], [0.29798861781140334, 0.2698183947395499, 0.26292081032542325, 0.1692721770236146], [0.2950527894829799, 0.26887789018580166, 0.2704211810196634, 0.16564813921153915], [0.29442711962353996, 0.2723651186012045, 0.26478789396677677, 0.16841986770844988]], "ideal": "B", "sampled": "A", "correct": false}}
{"type": "result", "data": {"idx": 80, "options": ["75", "76", "22", "23"], "probs": [[0.3325457231674043, 0.259448698318732, 0.2509331605872714, 0.15707241782656783], [0.33111051764895333, 0.26614656846993145, 0.24383225877849954, 0.15891065500261037], [0.3197952309244619, 0.2620351402947595, 0.2587393047206638, 0.1594303239601167], [0.33267676913688965, 0.2673669169609739, 0.2456506995739566, 0.1543056142281618]], "ideal": "B", "sampled": "A", "correct": false}}
{"type": "result", "data": {"idx": 81, "options": ["89", "66", "86", "2012"], "probs": [[0.3072434361773093, 0.26335832733182896, 0.2630169796377716, 0.16638125675310994], [0.30585404081937206, 0.26489920993829535, 0.25801905769082484, 0.17122769145153047], [0.2968472566010727, 0.2703719172704286, 0.26289962368899483, 0.1698812023395132], [0.29021718603155133, 0.2725153872437041, 0.2590859760525359, 0.17818145057221033]], "ideal": "A", "sampled": "A", "correct": true}}
