{"type": "result", "data": {"idx": 0, "options": ["Wrong, Wrong", "Wrong, Not wrong", "Not wrong, Wrong", "Not wrong, Not wrong"], "probs": [[0.3921036846345746, 0.24489696662091287, 0.2297564180457452, 0.1332429305987735], [0.3784980773547283, 0.23541450498134137, 0.2398071288822693, 0.14628028868166104], [0.3919397743149239, 0.21969808964694115, 0.2438688472435479, 0.14449328869457573], [0.3691282463664639, 0.24453520904039647, 0.23973748402652406, 0.14659906046661997]], "ideal": "D", "sampled": "A", "correct": false}}
{"type": "result", "data": {"idx": 1, "options": ["Wrong, Wrong", "Wrong, Not wrong", "Not wrong, Wrong", "Not wrong, Not wrong"], "probs": [[0.38648369492416057, 0.2597256568629799, 0.22131132685969726, 0.13247932125315895], [0.3723636890385302, 0.25379538171578014, 0.2281091421765698, 0.14573178696911998], [0.38898537948403605, 0.23691200719450506, 0.23255991398403406, 0.14154269923741386], [0.3677863614319836, 0.2606266094159955, 0.22821936096906958, 0.14336766808294402]], "ideal": "A", "sampled": "A", "correct": true}}
{"type": "result", "data": {"idx": 2, "options": ["Wrong, Wrong", "Wrong, Not wrong", "Not wrong, Wrong", "Not wrong, Not wrong"], "probs": [[0.40122340604142936, 0.2540913720433939, 0.21905911792023824, 0.1256261038949358], [0.3885707308681599, 0.24145265717790018, 0.2289879014952259, 0.14098871035869678], [0.4015335755370816, 0.23036727606825197, 0.23147072565947424, 0.13662842263518782], [0.3799736600551373, 0.2532417062894831, 0.22979041556963598, 0.13699421798574585]], "ideal": "D", "sampled": "A", "correct": false}}
{"type": "result", "data": {"idx": 3, "options": ["Wrong, Wrong", "Wrong, Not wrong", "Not wrong, Wrong", "Not wrong, Not wrong"], "probs": [[0.40488721441894654, 0.24299489720494075, 0.21412179882450064, 0.13799608945160005], [0.38381570799816705, 0.23699190439716078, 0.2231495989179838, 0.15604278858669032], [0.40028034571974724, 0.22115084792845524, 0.22567833659259365, 0.15289046965921615], [0.38214052713899127, 0.24352760066694926, 0.21916120144462434, 0.1551706706494233]], "ideal": "B", "sampled": "A", "correct": false}}
{"type": "result", "data": {"idx": 4, "options": ["Wrong, Wrong", "Wrong, Not wrong", "Not wrong, Wrong", "Not wrong, Not wrong"], "probs": [[0.38970133092904224, 0.2343743591710173, 0.2428961787479368, 0.133028131051995], [0.3721436737778008, 0.22691457171075502, 0.25198701985978317, 0.14895473455167108], [0.3859944233632814, 0.2111793246078418, 0.25641098991588696, 0.14641526201299862], [0.3671883269280444, 0.23518484433188072, 0.24773444433596611, 0.1498923843041148]], "ideal": "D", "sampled": "A", "correct": false}}
{"type": "result", "data": {"idx": 5, "options": ["Wrong, Wrong", "Wrong, Not wrong", "Not wrong, Wrong", "Not wrong, Not wrong"], "probs": [[0.4275522933112269, 0.22300163658895933, 0.21701121973055496, 0.1324348502692523], [0.41590259555908016, 0.22118248160441797, 0.22020694999700535, 0.14270797273950445], [0.4286312296048543, 0.20561067590188006, 0.22579919232234041, 0.13995890207093847], [0.40937445763231245, 0.22798510947238068, 0.2191162195291259, 0.14352421326619486]], "ideal": "C", "sampled": "A", "correct": false}}
{"type": "result", "data": {"idx": 6, "options": ["Wrong, Wrong", "Wrong, Not wrong", "Not wrong, Wrong", "Not wrong, Not wrong"], "probs": [[0.39950409120726027, 0.2634915790615603, 0.21335806517159184, 0.12364626445958797], [0.37942302515963294, 0.25656836765413643, 0.22506519244549508, 0.138943414640722], [0.39540973472521757, 0.2405722001487375, 0.22720554155724937, 0.13681252346880302], [0.3696135847204316, 0.262868984616857, 0.2263827417050393, 0.1411346888576732]], "ideal": "D", "sampled": "A", "correct": false}}
{"type": "result", "data": {"idx": 7, "options": ["Wrong, Wrong", "Wrong, Not wrong", "Not wrong, Wrong", "Not wrong, Not wrong"], "probs": [[0.39857412323477803, 0.2597037243045304, 0.2197663972742751, 0.12195575508642043], [0.37515255060930863, 0.2561477910410256, 0.2288355046146617, 0.13986415363502847], [0.39734738090901517, 0.23779257386352556, 0.22967431603312236, 0.13518572909434148], [0.3761100815201758, 0.25965440706100407, 0.225941119277252, 0.13829439204155697]], "ideal": "D", "sampled": "A", "correct": false}}
{"type": "result", "data": {"idx": 8, "options": ["Wrong, Wrong", "Wrong, Not wrong", "Not wrong, Wrong", "Not wrong, Not wrong"], "probs": [[0.3913663740592253, 0.23742471227137543, 0.23119571558675525, 0.1400131979826505], [0.377291686699025, 0.23186466348122461, 0.23472709598581, 0.15611655373392444], [0.39126951727802084, 0.2151396777830092, 0.23880460364058717, 0.1547862011983809], [0.3753457967612556, 0.23730838730682954, 0.23231251159869, 0.15503330423323328]], "ideal": "A", "sampled": "A", "correct": true}}
{"type": "result", "data": {"idx": 9, "options": ["Wrong, Wrong", "Wrong, Not wrong", "Not wrong, Wrong", "Not wrong, Not wrong"], "probs": [[0.3951906781084312, 0.24842091005358002, 0.22034014686694603, 0.13604826487103994], [0.37490321124988896, 0.24407729362968794, 0.22815245125861228, 0.15286704376182036], [0.3883705138771786, 0.22664451596854648, 0.23082733151988602, 0.15415763853438894], [0.3733045440039905, 0.24971245674817294, 0.22647915476239483, 0.15050384438543812]], "ideal": "C", "sampled": "A", "correct": false}}
{"type": "result", "data": {"idx": 10, "options": ["Wrong, Wrong", "Wrong, Not wrong", "Not wrong, Wrong", "Not wrong, Not wrong"], "probs": [[0.3778011317634706, 0.24543817719180536, 0.24071661670270766, 0.13604407424201811], [0.3633904951181628, 0.23442736135866468, 0.24874070426521944, 0.15344143915795555], [0.3748849268928892, 0.22028491374351794, 0.25443239997187767, 0.15039775929168378], [0.35859827536911165, 0.24456462651355582, 0.24846031922168832, 0.14837677879564595]], "ideal": "D", "sampled": "A", "correct": false}}
{"type": "result", "data": {"idx": 11, "options": ["Wrong, Wrong", "Wrong, Not wrong", "Not wrong, Wrong", "Not wrong, Not wrong"], "probs": [[0.4040437561402869, 0.2590649314226815, 0.21489583062977138, 0.12199548170726525], [0.38782187287225967, 0.25282286938893817, 0.2227570811102497, 0.13659817652856115], [0.41157204194812147, 0.23634613878211364, 0.220741317226683, 0.13134050194307062], [0.38658923101964077, 0.2585104931730953, 0.2196270462305179, 0.13527322947673315]], "ideal": "B", "sampled": "A", "correct": false}}
{"type": "result", "data": {"idx": 12, "options": ["Wrong, Wrong", "Wrong, Not wrong", "Not wrong, Wrong", "Not wrong, Not wrong"], "probs": [[0.40188582782793986, 0.25525441314741604, 0.22049459582019917, 0.12236516310443309], [0.37944935501184957, 0.25196175130886433, 0.22756220080181244, 0.14102669277744714], [0.3974556308550756, 0.23547525722666499, 0.23065449792179415, 0.13641461389646659], [0.38111285774570264, 0.2589427178508658, 0.22068438734639054, 0.13926003695704903]], "ideal": "C", "sampled": "A", "correct": false}}
{"type": "result", "data": {"idx": 13, "options": ["Wrong, Wrong", "Wrong, Not wrong", "Not wrong, Wrong", "Not wrong, Not wrong"], "probs": [[0.3872727359034455, 0.2640740404937082, 0.21763755046149355, 0.13101567304135647], [0.3698202815806268, 0.25885359791801066, 0.22366522501899894, 0.14766089538236446], [0.38337208877051404, 0.2415690149254709, 0.22779444780230132, 0.14726444840170214], [0.3652247707587745, 0.26417159718355887, 0.22297720584954173, 0.14762642610814003]], "ideal": "A", "sampled": "A", "correct": true}}
{"type": "result", "data": {"idx": 14, "options": ["Wrong, Wrong", "Wrong, Not wrong", "Not wrong, Wrong", "Not wrong, Not wrong"], "probs": [[0.41575673065520613, 0.23644347204213867, 0.21901027830453404, 0.12878951889811557], [0.4029998778893875, 0.23477363584078045, 0.22084522245106, 0.14138126371877202], [0.4171050259164658, 0.22074994966397216, 0.22295040997677637, 0.13919461434277047], [0.39644189466668517, 0.24209839715005813, 0.22005954331379557, 0.14140016476946804]], "ideal": "D", "sampled": "A", "correct": false}}
{"type": "result", "data": {"idx": 15, "options": ["Wrong, Wrong", "Wrong, Not wrong", "Not wrong, Wrong", "Not wrong, Not wrong"], "probs": [[0.3776674568452238, 0.26613824523542795, 0.22262930333498207, 0.13356499448437403], [0.3558085586604629, 0.2593171967263985, 0.23478229348729215, 0.15009195102582806], [0.3695610094343523, 0.2394648089337946, 0.2407158256231094, 0.15025835590875994], [0.35258088479321276, 0.26294781956689234, 0.23321001392998372, 0.1512612816099036]], "ideal": "A", "sampled": "A", "correct": true}}
{"type": "result", "data": {"idx": 16, "options": ["Wrong, Wrong", "Wrong, Not wrong", "Not wrong, Wrong", "Not wrong, Not wrong"], "probs": [[0.39228081750814425, 0.2487426713204287, 0.22685613945137495, 0.13212037162004037], [0.37514612128752967, 0.24158217212536043, 0.23367016719854947, 0.14960153928858044], [0.39016639226378613, 0.22504258519083953, 0.23559494354268543, 0.1491960789026803], [0.3679157645389286, 0.24689791984101983, 0.23361405447405678, 0.15157226104598662]], "ideal": "D", "sampled": "A", "correct": false}}
{"type": "result", "data": {"idx": 17, "options": ["Wrong, Wrong", "Wrong, Not wrong", "Not wrong, Wrong", "Not wrong, Not wrong"], "probs": [[0.3764950875317722, 0.2789720891281462, 0.22643902176292197, 0.11809380147717795], [0.3564175881254799, 0.2755565686367342, 0.23610986589632027, 0.1319159772414563], [0.36893422389090325, 0.2606323932494657, 0.2399359900884245, 0.13049739267120772], [0.34881831493872606, 0.2818164306574881, 0.23589644805550683, 0.1334688062482881]], "ideal": "C", "sampled": "A", "correct": false}}
{"type": "result", "data": {"idx": 18, "options": ["Wrong, Wrong", "Wrong, Not wrong", "Not wrong, Wrong", "Not wrong, Not wrong"], "probs": [[0.3867320086566571, 0.26157469201457983, 0.21868159106924753, 0.13301170815954075], [0.3736005905329679, 0.2540625554120922, 0.22577488509661223, 0.14656196885831832], [0.3869765312013111, 0.23681938924487697, 0.22921457626604455, 0.14698950318775203], [0.3651018128848119, 0.2566173868920493, 0.22761693964856602, 0.15066386047457872]], "ideal": "C", "sampled": "A", "correct": false}}
{"type": "result", "data": {"idx": 19, "options": ["Wrong, Wrong", "Wrong, Not wrong", "Not wrong, Wrong", "Not wrong, Not wrong"], "probs": [[0.3840570793184899, 0.25244642846101223, 0.22403838355583014, 0.13945810856464758], [0.3632788098124223, 0.2412060972216653, 0.23476856843224975, 0.1607465244336591], [0.3775577355924735, 0.2245008516818149, 0.24209002311391378, 0.15585138951178917], [0.35932467142509167, 0.2547233139893341, 0.22900754621857097, 0.1569444682670183]], "ideal": "A", "sampled": "A", "correct": true}}
{"type": "result", "data": {"idx": 20, "options": ["Wrong, Wrong", "Wrong, Not wrong", "Not wrong, Wrong", "Not wrong, Not wrong"], "probs": [[0.4113612608970926, 0.2549284008381226, 0.20848337234806538, 0.12522696581672318], [0.39821080701359496, 0.24695325154075703, 0.21698684420390477, 0.137849097141759], [0.4145145521848941, 0.2324007000478137, 0.21969736708136473, 0.13338738058591687], [0.39255833464497353, 0.2542228875772085, 0.2169096682310839, 0.13630910944674493]], "ideal": "D", "sampled": "A", "correct": false}}
{"type": "result", "data": {"idx": 21, "options": ["Wrong, Wrong", "Wrong, Not wrong", "Not wrong, Wrong", "Not wrong, Not wrong"], "probs": [[0.406754378813023, 0.25990433996284906, 0.21132088066136204, 0.1220204004627591], [0.38808876121105723, 0.25549799719220423, 0.21661703807268184, 0.13979620342407714], [0.4103738855692678, 0.23666547134839133, 0.21798168145253374, 0.1349789615298052], [0.3895730592150805, 0.260295855309847, 0.21416561678574483, 0.13596546858932546]], "ideal": "A", "sampled": "A", "correct": true}}
{"type": "result", "data": {"idx": 22, "options": ["Wrong, Wrong", "Wrong, Not wrong", "Not wrong, Wrong", "Not wrong, Not wrong"], "probs": [[0.4054704329765943, 0.2526599269834961, 0.21729722613953661, 0.1245724138003771], [0.3847530869111198, 0.2486793377508868, 0.22560220192359748, 0.14096537331439124], [0.39841204295286714, 0.23488832708116125, 0.227556947384514, 0.13914268248146397], [0.3828244492799256, 0.2556994373731172, 0.22280728518798223, 0.13866882805898686]], "ideal": "A", "sampled": "A", "correct": true}}
{"type": "result", "data": {"idx": 23, "options": ["Wrong, Wrong", "Wrong, Not wrong", "Not wrong, Wrong", "Not wrong, Not wrong"], "probs": [[0.4154760121776594, 0.24008858256867094, 0.2074976657211139, 0.13693773943254975], [0.40290368659653414, 0.2360933360308181, 0.21205552554722054, 0.1489474517254293], [0.4241771718109627, 0.21853808233296168, 0.21329494594995313, 0.1439897998061256], [0.40596700612726505, 0.23875368500586538, 0.2080812666279902, 0.147198042138872]], "ideal": "B", "sampled": "A", "correct": false}}
{"type": "result", "data": {"idx": 24, "options": ["Wrong, Wrong", "Wrong, Not wrong", "Not wrong, Wrong", "Not wrong, Not wrong"], "probs": [[0.4039257202949491, 0.2521998721694993, 0.20698446305406554, 0.13688994438147592], [0.38560224000294374, 0.24138144791549615, 0.22027901332208805, 0.15273729865946975], [0.39818569533553494, 0.2229256234064986, 0.22739271910718756, 0.15149596205077698], [0.3783019281413567, 0.24650900189608896, 0.22146594259978752, 0.15372312726276469]], "ideal": "A", "sampled": "A", "correct": true}}
{"type": "result", "data": {"idx": 25, "options": ["Wrong, Wrong", "Wrong, Not wrong", "Not wrong, Wrong", "Not wrong, Not wrong"], "probs": [[0.4115458670957342, 0.24346284459548845, 0.20635085632550074, 0.13864043188327724], [0.39297973938035224, 0.23692807339040167, 0.21806822687228614, 0.15202396025697518], [0.4096293844410412, 0.22390102420366856, 0.21687669704716822, 0.1495928942081147], [0.39674179483456085, 0.24091832547212297, 0.2124548133663883, 0.14988506622691397]], "ideal": "A", "sampled": "A", "correct": true}}
{"type": "result", "data": {"idx": 26, "options": ["Wrong, Wrong", "Wrong, Not wrong", "Not wrong, Wrong", "Not wrong, Not wrong"], "probs": [[0.4154651948758739, 0.2538929592150243, 0.2023938181751023, 0.12824802763397952], [0.39544976437161916, 0.24678324203248456, 0.21338026353682257, 0.14438672995908064], [0.4076815820538499, 0.23570432620714693, 0.21564489084511135, 0.14096920079388775], [0.39180841544458106, 0.25415710705907174, 0.2104681477371976, 0.1435663296591601]], "ideal": "A", "sampled": "A", "correct": true}}
{"type": "result", "data": {"idx": 27, "options": ["Wrong, Wrong", "Wrong, Not wrong", "Not wrong, Wrong", "Not wrong, Not wrong"], "probs": [[0.3813042938904894, 0.25804289158182325, 0.2269240671468263, 0.13372874728087186], [0.3553127839657065, 0.25448608707287423, 0.23546700409897237, 0.15473412476245213], [0.3742219008942453, 0.2384027832509512, 0.23896928038169152, 0.1484060353731094], [0.3582536004609269, 0.25919189006914534, 0.23415271121097, 0.1484017981589407]], "ideal": "C", "sampled": "A", "correct": false}}
{"type": "result", "data": {"idx": 28, "options": ["Wrong, Wrong", "Wrong, Not wrong", "Not wrong, Wrong", "Not wrong, Not wrong"], "probs": [[0.40930298205580556, 0.24657900055138873, 0.21590159116754704, 0.12821642612525372], [0.39052535504078467, 0.2422391701957046, 0.22176932897635135, 0.14546614568715854], [0.40652748233876573, 0.22679567757081015, 0.22518860454213893, 0.14148823544827693], [0.3875182515475016, 0.24521262439860375, 0.2216913247640326, 0.14557779918985853]], "ideal": "C", "sampled": "A", "correct": false}}
{"type": "result", "data": {"idx": 29, "options": ["Wrong, Wrong", "Wrong, Not wrong", "Not wrong, Wrong", "Not wrong, Not wrong"], "probs": [[0.3965741673668715, 0.25281488733631163, 0.22023209527265522, 0.1303788499241659], [0.379528960414979, 0.24384255949459654, 0.2312467868912325, 0.14538169309917967], [0.3931379215562773, 0.2272398226932448, 0.23581026753338238, 0.143811988117087], [0.371334057385918, 0.2507387908086774, 0.2314105540771383, 0.14651659762827557]], "ideal": "B", "sampled": "A", "correct": false}}
{"type": "result", "data": {"idx": 30, "options": ["Wrong, Wrong", "Wrong, Not wrong", "Not wrong, Wrong", "Not wrong, Not wrong"], "probs": [[0.38506939175692656, 0.24936606613305798, 0.23353750816605187, 0.13202703384396688], [0.3745063462911769, 0.24409975974113454, 0.23424146850624333, 0.1471524253614436], [0.39524886420705685, 0.2315840075768241, 0.23246723886792262, 0.14069988924818183], [0.37019857946725865, 0.25436276040513894, 0.22963282243033054, 0.14580583759727872]], "ideal": "D", "sampled": "A", "correct": false}}
{"type": "result", "data": {"idx": 31, "options": ["Wrong, Wrong", "Wrong, Not wrong", "Not wrong, Wrong", "Not wrong, Not wrong"], "probs": [[0.3868151066661067, 0.25200506580580795, 0.22113611176185655, 0.14004371566623056], [0.36885554648058855, 0.24404734088757038, 0.22930265510762501, 0.15779445742422302], [0.3827494032210795, 0.22515265400714185, 0.23585440956317427, 0.15624353310860792], [0.36577325877191, 0.2490852902213631, 0.22722382249115225, 0.15791762841555973]], "ideal": "B", "sampled": "A", "correct": false}}
{"type": "result", "data": {"idx": 32, "options": ["Wrong, Wrong", "Wrong, Not wrong", "Not wrong, Wrong", "Not wrong, Not wrong"], "probs": [[0.37759032578848883, 0.2552021095241975, 0.2284608011673517, 0.13874676341996095], [0.3579154150216658, 0.24813236062936292, 0.2365651074955365, 0.15738711675344183], [0.3743492470012165, 0.23141104315567126, 0.24114885372562445, 0.1530908560174894], [0.3532837219772386, 0.25601711311434033, 0.2353781551639537, 0.155321009644465]], "ideal": "B", "sampled": "A", "correct": false}}
{"type": "result", "data": {"idx": 33, "options": ["Wrong, Wrong", "Wrong, Not wrong", "Not wrong, Wrong", "Not wrong, Not wrong"], "probs": [[0.39879078013578334, 0.25054214624477045, 0.22057771714638497, 0.13008935637306449], [0.3746846742507398, 0.24724683098167444, 0.23113744240758963, 0.14693105225999067], [0.3990959977477679, 0.2309182106628267, 0.2308142694801962, 0.13917152200921815], [0.3792520428403494, 0.25369358301480893, 0.22615132125641071, 0.1409030527884373]], "ideal": "B", "sampled": "A", "correct": false}}
{"type": "result", "data": {"idx": 34, "options": ["Wrong, Wrong", "Wrong, Not wrong", "Not wrong, Wrong", "Not wrong, Not wrong"], "probs": [[0.37813293094256634, 0.2692506144228721, 0.22215948701591978, 0.13045696751863434], [0.3591330560396472, 0.2650640900056609, 0.22962932585155832, 0.14617352800313616], [0.37409846881410186, 0.24935097384806557, 0.23349299087597686, 0.14305756636184788], [0.3538652571874715, 0.27284353759528934, 0.23026934438341715, 0.1430218607338191]], "ideal": "A", "sampled": "A", "correct": true}}
{"type": "result", "data": {"idx": 35, "options": ["Wrong, Wrong", "Wrong, Not wrong", "Not wrong, Wrong", "Not wrong, Not wrong"], "probs": [[0.38369342055378786, 0.2618336748473032, 0.22209804504583502, 0.13237485945308392], [0.36849448978923577, 0.25521237175742745, 0.2298488814903922, 0.14644425686293874], [0.3822288001540317, 0.2405928564785003, 0.2336179619036707, 0.1435603813638013], [0.3646077214609182, 0.2629921064339676, 0.2273572138829405, 0.14504295812217405]], "ideal": "B", "sampled": "A", "correct": false}}
{"type": "result", "data": {"idx": 36, "options": ["Wrong, Wrong", "Wrong, Not wrong", "Not wrong, Wrong", "Not wrong, Not wrong"], "probs": [[0.4072729769169901, 0.26539442336325725, 0.20575647007175787, 0.12157612954799647], [0.3851130123895631, 0.255985381176159, 0.21689955201056776, 0.14200205432370414], [0.4024656086473657, 0.2405704008471471, 0.22057261318367458, 0.13639137722182118], [0.3841975779152417, 0.26467817294960094, 0.21543816151178571, 0.13568608752338351]], "ideal": "D", "sampled": "A", "correct": false}}
{"type": "result", "data": {"idx": 37, "options": ["Wrong, Wrong", "Wrong, Not wrong", "Not wrong, Wrong", "Not wrong, Not wrong"], "probs": [[0.3820177579406909, 0.25600895524382467, 0.22614725084698117, 0.13582603586852154], [0.36463468822462564, 0.24951128383473561, 0.2340630858399688, 0.15179094200067855], [0.37767058249780017, 0.23561590530892437, 0.23624725095248092, 0.15046626114079242], [0.35849027815511564, 0.254002761288746, 0.23458202702522016, 0.15292493343093727]], "ideal": "B", "sampled": "A", "correct": false}}
{"type": "result", "data": {"idx": 38, "options": ["Wrong, Wrong", "Wrong, Not wrong", "Not wrong, Wrong", "Not wrong, Not wrong"], "probs": [[0.41227353301944475, 0.24120904425416687, 0.21875378455906425, 0.1277636380673324], [0.3942332636067869, 0.2331854389292365, 0.22763081592693837, 0.1449504814370306], [0.4031130155457508, 0.21900285859753715, 0.23254363730776406, 0.1453404884489653], [0.38883421444246197, 0.24044946175091647, 0.2274372706308328, 0.14327905307579408]], "ideal": "A", "sampled": "A", "correct": true}}
{"type": "result", "data": {"idx": 39, "options": ["Wrong, Wrong", "Wrong, Not wrong", "Not wrong, Wrong", "Not wrong, Not wrong"], "probs": [[0.3917292551455384, 0.24274521582862077, 0.23159229956244382, 0.13393322936339117], [0.37213463082656423, 0.23631355881347368, 0.2379977797800443, 0.1535540304799159], [0.3873523591153548, 0.2167045752352258, 0.24893593684180643, 0.1470071287076129], [0.3712708362167871, 0.24241531268526578, 0.2389106163925836, 0.14740323460536514]], "ideal": "C", "sampled": "A", "correct": false}}
{"type": "result", "data": {"idx": 40, "options": ["Wrong, Wrong", "Wrong, Not wrong", "Not wrong, Wrong", "Not wrong, Not wrong"], "probs": [[0.37996097032350934, 0.251484595094808, 0.22984374789056738, 0.1387106865911017], [0.364601341206135, 0.24417366161744028, 0.23811299198842795, 0.15311200508801134], [0.3750157333680518, 0.22826692244676813, 0.24611623265434265, 0.15060111143085153], [0.3597926583309237, 0.2505263639441925, 0.23736345048279653, 0.15231752714209953]], "ideal": "C", "sampled": "A", "correct": false}}
{"type": "result", "data": {"idx": 41, "options": ["Wrong, Wrong", "Wrong, Not wrong", "Not wrong, Wrong", "Not wrong, Not wrong"], "probs": [[0.38664362919599504, 0.25654888586277746, 0.22149308493410566, 0.1353143999071363], [0.3707438224252388, 0.24818689218825774, 0.2301206703595219, 0.150948614926972], [0.38047502156164764, 0.2332099337376206, 0.23478914310286086, 0.15152590149787565], [0.36337865881663095, 0.2539297377886007, 0.23060884226854503, 0.15208276102620807]], "ideal": "B", "sampled": "A", "correct": false}}
{"type": "result", "data": {"idx": 42, "options": ["Wrong, Wrong", "Wrong, Not wrong", "Not wrong, Wrong", "Not wrong, Not wrong"], "probs": [[0.39375072113762605, 0.26641923339439433, 0.21987101300163628, 0.11995903236634875], [0.37828517582958754, 0.25633288635148455, 0.23117300254990086, 0.13420893516902685], [0.39191278361088827, 0.2437180441884642, 0.23126714916539412, 0.13310202293524795], [0.3722720604833986, 0.2654081727761797, 0.22897238152716018, 0.13334738511325445]], "ideal": "D", "sampled": "A", "correct": false}}
{"type": "result", "data": {"idx": 43, "options": ["Wrong, Wrong", "Wrong, Not wrong", "Not wrong, Wrong", "Not wrong, Not wrong"], "probs": [[0.39174315685552696, 0.25546003349247853, 0.22649374133910954, 0.1263030682128673], [0.37237127243475304, 0.24621428895990005, 0.23634511489257834, 0.14506932361275332], [0.3902136600524809, 0.23252429080474538, 0.23845309366478074, 0.1388089553779801], [0.36987175265712524, 0.2547409736012981, 0.23228506010491615, 0.14310221353667016]], "ideal": "B", "sampled": "A", "correct": false}}
{"type": "result", "data": {"idx": 44, "options": ["Wrong, Wrong", "Wrong, Not wrong", "Not wrong, Wrong", "Not wrong, Not wrong"], "probs": [[0.41107414385639784, 0.259890318918741, 0.2086495650978533, 0.12038597202701748], [0.39283442599481067, 0.2556719513393166, 0.2171834545020638, 0.13431016806381363], [0.4138671610091027, 0.23851158423597504, 0.21898895454323603, 0.12863230011168642], [0.39363451489952767, 0.25937711032464805, 0.2149915490378294, 0.13199682563797843]], "ideal": "D", "sampled": "A", "correct": false}}
{"type": "result", "data": {"idx": 45, "options": ["Wrong, Wrong", "Wrong, Not wrong", "Not wrong, Wrong", "Not wrong, Not wrong"], "probs": [[0.3957404971821404, 0.25300977333459523, 0.21733114513683674, 0.1339185842464363], [0.3774743623353546, 0.2501492389041285, 0.221953094134697, 0.15042330452582736], [0.39354656570815116, 0.23412583355153488, 0.22453304540642596, 0.14779455523388035], [0.3738775509830213, 0.2588527560298086, 0.21973488458607585, 0.14753480830109655]], "ideal": "A", "sampled": "A", "correct": true}}
{"type": "result", "data": {"idx": 46, "options": ["Wrong, Wrong", "Wrong, Not wrong", "Not wrong, Wrong", "Not wrong, Not wrong"], "probs": [[0.39903402280476563, 0.24622975146134654, 0.2153018869148856, 0.13943433871899225], [0.3837700454051135, 0.23984244982366276, 0.22409887891097893, 0.1522886257602428], [0.396719088354405, 0.22242661957263168, 0.22862052751308864, 0.152233764459878], [0.3769443368516329, 0.24864432866272324, 0.2232628047056903, 0.15114852967995182]], "ideal": "B", "sampled": "A", "correct": false}}
{"type": "result", "data": {"idx": 47, "options": ["Wrong, Wrong", "Wrong, Not wrong", "Not wrong, Wrong", "Not wrong, Not wrong"], "probs": [[0.42713173485695816, 0.24115243600596273, 0.20931407836875077, 0.12240175066834352], [0.4092879356946573, 0.23471998761651913, 0.21655954975360295, 0.13943252683521748], [0.4243068674362972, 0.22059413945223533, 0.21844271790256867, 0.13665627510890194], [0.40633911757219754, 0.2414118041789173, 0.21430383583906573, 0.13794524230980967]], "ideal": "C", "sampled": "A", "correct": false}}
{"type": "result", "data": {"idx": 48, "options": ["Wrong, Wrong", "Wrong, Not wrong", "Not wrong, Wrong", "Not wrong, Not wrong"], "probs": [[0.38066111458558965, 0.26197308276905057, 0.23184500051561838, 0.12552080202974586], [0.3639120690113405, 0.25595727430562293, 0.24076868053478953, 0.13936197604824457], [0.37858232146956394, 0.2437166016139409, 0.241194944836096, 0.13650613198039355], [0.35561840767936376, 0.2649510951236452, 0.23936818955733452, 0.14006230753966542]], "ideal": "B", "sampled": "A", "correct": false}}
{"type": "result", "data": {"idx": 49, "options": ["Wrong, Wrong", "Wrong, Not wrong", "Not wrong, Wrong", "Not wrong, Not wrong"], "probs": [[0.402810116761748, 0.2520806405974765, 0.2137710985091734, 0.1313381440315811], [0.38223571071169865, 0.24331902983175005, 0.22434744952990757, 0.15009780982663298], [0.39645718619266573, 0.23091989950564082, 0.22748789402850705, 0.1451350201731942], [0.3793004805479322, 0.25325921120360423, 0.22157296511630023, 0.14586734303217702]], "ideal": "A", "sampled": "A", "correct": true}}
{"type": "result", "data": {"idx": 50, "options": ["Wrong, Wrong", "Wrong, Not wrong", "Not wrong, Wrong", "Not wrong, Not wrong"], "probs": [[0.3950562646132393, 0.24218885615992997, 0.2177229363845741, 0.1450319427422435], [0.3789203432594819, 0.24070395224466123, 0.22552947580900962, 0.15484622858684358], [0.39176624415617195, 0.22518461857543748, 0.23063328730861357, 0.15241584985977097], [0.37861518622386053, 0.24226229981022604, 0.22230486956023623, 0.1568176443056825]], "ideal": "B", "sampled": "A", "correct": false}}
{"type": "result", "data": {"idx": 51, "options": ["Wrong, Wrong", "Wrong, Not wrong", "Not wrong, Wrong", "Not wrong, Not wrong"], "probs": [[0.4047519147622504, 0.25896371789543887, 0.214368267654254, 0.12191609958806583], [0.38741559229068806, 0.25138490085992155, 0.22435155929633496, 0.13684794745306067], [0.4018878486267503, 0.23386397683721222, 0.22888210098598033, 0.1353660734500595], [0.38267864750705727, 0.26026561235383566, 0.2212076046508435, 0.13584813538827267]], "ideal": "B", "sampled": "A", "correct": false}}
{"type": "result", "data": {"idx": 52, "options": ["Wrong, Wrong", "Wrong, Not wrong", "Not wrong, Wrong", "Not wrong, Not wrong"], "probs": [[0.3653453854613842, 0.2558344689998253, 0.23845909551066635, 0.14036104992812198], [0.35162114263340055, 0.24963040958610105, 0.2438495390129414, 0.15489890866754574], [0.35865662543034665, 0.23623300490765342, 0.2511279184729422, 0.15398245108906122], [0.34270913892060556, 0.25955993630947993, 0.24239739617515077, 0.15533352849476798]], "ideal": "B", "sampled": "A", "correct": false}}
{"type": "result", "data": {"idx": 53, "options": ["Wrong, Wrong", "Wrong, Not wrong", "Not wrong, Wrong", "Not wrong, Not wrong"], "probs": [[0.40632218655390284, 0.258358146580069, 0.20968661836075297, 0.12563304840526773], [0.3913736556698207, 0.2524063762999898, 0.2188810921907641, 0.13733887573945444], [0.4067874843309983, 0.23576141759286978, 0.22137048588400052, 0.13608061209213143], [0.38731210415589085, 0.2587776890667029, 0.21737600519638667, 0.13653420148102693]], "ideal": "B", "sampled": "A", "correct": false}}
{"type": "result", "data": {"idx": 54, "options": ["Wrong, Wrong", "Wrong, Not wrong", "Not wrong, Wrong", "Not wrong, Not wrong"], "probs": [[0.3993976839615915, 0.2483056286162689, 0.2185226473839271, 0.13377403993821663], [0.3841975807490288, 0.23861088404830397, 0.22705272080459063, 0.1501388142980715], [0.3955058322684752, 0.22355909084337952, 0.22911099027723822, 0.1518240865108969], [0.3742519167246919, 0.24607706339758967, 0.22719222363115876, 0.15247879614655369]], "ideal": "D", "sampled": "A", "correct": false}}
{"type": "result", "data": {"idx": 55, "options": ["Wrong, Wrong", "Wrong, Not wrong", "Not wrong, Wrong", "Not wrong, Not wrong"], "probs": [[0.38683233529636946, 0.24333992305398341, 0.2282979480011532, 0.14152979354849615], [0.3653779031145157, 0.23486604066688077, 0.23782140409331912, 0.16193465202528692], [0.37501549560369757, 0.2232402196057447, 0.24243765028347827, 0.15930663440708956], [0.36040517160499846, 0.2423276961771416, 0.23780088912618869, 0.15946624299167758]], "ideal": "D", "sampled": "A", "correct": false}}
{"type": "result", "data": {"idx": 56, "options": ["Wrong, Wrong", "Wrong, Not wrong", "Not wrong, Wrong", "Not wrong, Not wrong"], "probs": [[0.3854289429839171, 0.2443857721797986, 0.23426814800606732, 0.13591713673023487], [0.3669577091572752, 0.24116573400955132, 0.24184184525410057, 0.15003471147907937], [0.37930995018236013, 0.2256785107821097, 0.24690354940217646, 0.14810798953335788], [0.3627832008068244, 0.24909752454578685, 0.23947429909718054, 0.14864497545020142]], "ideal": "A", "sampled": "A", "correct": true}}
{"type": "result", "data": {"idx": 57, "options": ["Wrong, Wrong", "Wrong, Not wrong", "Not wrong, Wrong", "Not wrong, Not wrong"], "probs": [[0.4020682262516737, 0.26212918210510666, 0.20835796867731177, 0.12744462286591285], [0.3840388536555346, 0.25556776407483245, 0.21899458815908188, 0.1413987940105387], [0.3975674394299409, 0.23583477887833185, 0.2246504171500321, 0.14194736444169812], [0.3762931679533184, 0.2588911111042949, 0.22151263098755516, 0.14330308985482335]], "ideal": "D", "sampled": "A", "correct": false}}
{"type": "result", "data": {"idx": 58, "options": ["Wrong, Wrong", "Wrong, Not wrong", "Not wrong, Wrong", "Not wrong, Not wrong"], "probs": [[0.40133419426883715, 0.24940601262453024, 0.2221345773382571, 0.1271252156683609], [0.38526703635715387, 0.24251069897717822, 0.22894718772265094, 0.1432750768430284], [0.39833573801151734, 0.22879215128267888, 0.23026549801108195, 0.14260661259472723], [0.3804019189486699, 0.24522780811495418, 0.22751819315397007, 0.14685207968239572]], "ideal": "C", "sampled": "A", "correct": false}}
{"type": "result", "data": {"idx": 59, "options": ["Wrong, Wrong", "Wrong, Not wrong", "Not wrong, Wrong", "Not wrong, Not wrong"], "probs": [[0.38757696676346454, 0.2580295353884617, 0.22448364524738215, 0.12990985250068476], [0.3688850616763216, 0.2514339988362416, 0.23470377371797357, 0.1449771656694694], [0.38509544223074355, 0.23693772217903178, 0.23744793015310223, 0.140518905337124], [0.36606743434177613, 0.25497592989417545, 0.2326065412010998, 0.14635009446293157]], "ideal": "D", "sampled": "A", "correct": false}}
{"type": "result", "data": {"idx": 60, "options": ["Wrong, Wrong", "Wrong, Not wrong", "Not wrong, Wrong", "Not wrong, Not wrong"], "probs": [[0.38117761488399854, 0.260885237590075, 0.2197330841008724, 0.1382040633250607], [0.3668059131726634, 0.25385026225405993, 0.22712827847037087, 0.15221554600289847], [0.3751764714484969, 0.23687433701585947, 0.2331064323146544, 0.15484275912096554], [0.35752267747441485, 0.2545545747664617, 0.23258275667700276, 0.15533999098212445]], "ideal": "A", "sampled": "A", "correct": true}}
{"type": "result", "data": {"idx": 61, "options": ["Wrong, Wrong", "Wrong, Not wrong", "Not wrong, Wrong", "Not wrong, Not wrong"], "probs": [[0.3775036213505188, 0.2504465345519432, 0.23918518523190677, 0.13286465876563647], [0.36360966377469994, 0.24146559152955718, 0.2459730941800177, 0.14895165041573658], [0.3793978187431262, 0.2260620949088638, 0.24928284509632076, 0.14525724115169034], [0.35874383868817195, 0.252930569343835, 0.24025376492204784, 0.1480718269459558]], "ideal": "B", "sampled": "A", "correct": false}}
{"type": "result", "data": {"idx": 62, "options": ["Wrong, Wrong", "Wrong, Not wrong", "Not wrong, Wrong", "Not wrong, Not wrong"], "probs": [[0.4089282001875814, 0.26122652139709895, 0.20517544208902436, 0.12466983622630919], [0.3969502038489296, 0.2525472966987096, 0.21119561577779863, 0.13930688357458892], [0.40299385829605605, 0.24087358700697395, 0.21618198169741473, 0.13995057289953972], [0.38788331983007834, 0.2580216874543435, 0.21278109644689705, 0.14131389616866805]], "ideal": "D", "sampled": "A", "correct": false}}
{"type": "result", "data": {"idx": 63, "options": ["Wrong, Wrong", "Wrong, Not wrong", "Not wrong, Wrong", "Not wrong, Not wrong"], "probs": [[0.4028336161014408, 0.2587491761098615, 0.21210915925094284, 0.12630804843773935], [0.3806684216169586, 0.25300446374944735, 0.22313532484129045, 0.14319178969229068], [0.3991610064089578, 0.23498400892728832, 0.22418373155305626, 0.14167125301068076], [0.3780259606111159, 0.2548979027126799, 0.221960687048026, 0.14511544952817193]], "ideal": "B", "sampled": "A", "correct": false}}
{"type": "result", "data": {"idx": 64, "options": ["Wrong, Wrong", "Wrong, Not wrong", "Not wrong, Wrong", "Not wrong, Not wrong"], "probs": [[0.42147843769893684, 0.251436832278148, 0.2092744938336183, 0.11781023608930503], [0.39788159149420577, 0.25110846397615444, 0.21929514181091425, 0.1317148026187205], [0.4183912254486413, 0.23759147263600197, 0.22020380020569782, 0.12381350160966823], [0.3996837684930942, 0.25571262224471564, 0.21620657656294645, 0.12839703259924584]], "ideal": "D", "sampled": "A", "correct": false}}
{"type": "result", "data": {"idx": 65, "options": ["Wrong, Wrong", "Wrong, Not wrong", "Not wrong, Wrong", "Not wrong, Not wrong"], "probs": [[0.3842430958020585, 0.25460158092908314, 0.22243795814511602, 0.13871736502374524], [0.36993902173686305, 0.2427410165337733, 0.2326879526053778, 0.15463200902400098], [0.379385833087917, 0.2257649423104438, 0.2412922438607624, 0.15355698064085496], [0.35699887672663555, 0.2535542176462859, 0.23503891281974074, 0.15440799270735478]], "ideal": "B", "sampled": "A", "correct": false}}
{"type": "result", "data": {"idx": 66, "options": ["Wrong, Wrong", "Wrong, Not wrong", "Not wrong, Wrong", "Not wrong, Not wrong"], "probs": [[0.3804190575354072, 0.25327797012700076, 0.22826631162776004, 0.13803666060983338], [0.3720309377059367, 0.24917049317885365, 0.2317851748788115, 0.147013394136421], [0.38181343064826795, 0.23271858194770864, 0.23852467300204747, 0.14694331430197383], [0.36227261624993606, 0.25619582466000784, 0.23280696799039, 0.14872459099965388]], "ideal": "D", "sampled": "A", "correct": false}}
{"type": "result", "data": {"idx": 67, "options": ["Wrong, Wrong", "Wrong, Not wrong", "Not wrong, Wrong", "Not wrong, Not wrong"], "probs": [[0.3986293230238826, 0.2563085758608686, 0.2198090093272709, 0.12525309168797383], [0.37595644254437627, 0.2508089765873163, 0.23112936279991678, 0.14210521796838785], [0.39326888591627956, 0.23256277513067572, 0.23330001599949712, 0.14086832285354076], [0.36985415697452373, 0.25515180293864503, 0.23230745461897237, 0.14268658536786707]], "ideal": "D", "sampled": "A", "correct": false}}
{"type": "result", "data": {"idx": 68, "options": ["Wrong, Wrong", "Wrong, Not wrong", "Not wrong, Wrong", "Not wrong, Not wrong"], "probs": [[0.37982068506622074, 0.26425202494263256, 0.2209128237965434, 0.13501446609461112], [0.3618801519550073, 0.258285855925813, 0.23062994338549095, 0.14920404863370487], [0.37873745910508566, 0.24011204864104504, 0.23352437304109233, 0.14762611911276713], [0.35702563189402325, 0.2636458389689962, 0.23027064241064907, 0.14905788662633887]], "ideal": "D", "sampled": "A", "correct": false}}
{"type": "result", "data": {"idx": 69, "options": ["Wrong, Wrong", "Wrong, Not wrong", "Not wrong, Wrong", "Not wrong, Not wrong"], "probs": [[0.39347120162766164, 0.2501170624925717, 0.22119332240763143, 0.13521841337213608], [0.37862218641439166, 0.24028489254527072, 0.2320907505994831, 0.14900217034086408], [0.3925172688287317, 0.22432841169942203, 0.23581397297939286, 0.14734034639246602], [0.3714268818289148, 0.2503686379886451, 0.23028191983229898, 0.14792256025012943]], "ideal": "B", "sampled": "A", "correct": false}}
{"type": "result", "data": {"idx": 70, "options": ["Wrong, Wrong", "Wrong, Not wrong", "Not wrong, Wrong", "Not wrong, Not wrong"], "probs": [[0.4351500021972529, 0.23405078991625086, 0.20862149354625115, 0.12217771424026173], [0.41218231892541557, 0.22818100663789653, 0.22014408659017545, 0.1394925877465086], [0.4296548356148597, 0.21600333412555925, 0.22179803611173474, 0.13254379404784328], [0.4107011228044293, 0.23295587286392141, 0.22001668770298669, 0.13632631652867203]], "ideal": "A", "sampled": "A", "correct": true}}
{"type": "result", "data": {"idx": 71, "options": ["Wrong, Wrong", "Wrong, Not wrong", "Not wrong, Wrong", "Not wrong, Not wrong"], "probs": [[0.3938373736151383, 0.26005756715955247, 0.21872478572252257, 0.1273802734027807], [0.3807238795982265, 0.25055046700175737, 0.22874825369260052, 0.13997739960742314], [0.389679250318174, 0.2374962569116491, 0.23106867591428115, 0.14175581675589863], [0.3689043145481141, 0.25554070845644605, 0.23130341725180295, 0.1442515596436265]], "ideal": "A", "sampled": "A", "correct": true}}
{"type": "result", "data": {"idx": 72, "options": ["Wrong, Wrong", "Wrong, Not wrong", "Not wrong, Wrong", "Not wrong, Not wrong"], "probs": [[0.4283394036764559, 0.2509982995038601, 0.19764280187583572, 0.12301949484384418], [0.40868535058379857, 0.247719828359044, 0.2065842160982101, 0.13701060485892924], [0.42651336402495316, 0.23284072028021804, 0.20700047110249928, 0.1336454444923278], [0.40332348895559605, 0.254624724741551, 0.20580418571412756, 0.1362476004887331]], "ideal": "C", "sampled": "A", "correct": false}}
{"type": "result", "data": {"idx": 73, "options": ["Wrong, Wrong", "Wrong, Not wrong", "Not wrong, Wrong", "Not wrong, Not wrong"], "probs": [[0.3964032351032979, 0.2512471283134656, 0.22057029834463707, 0.1317793381386026], [0.37387445817639, 0.24493315423958864, 0.2325140406336029, 0.14867834685040018], [0.38810126964742614, 0.22812099405605216, 0.23760072027900836, 0.14617701591750112], [0.3697258806793355, 0.2543905901572262, 0.23094327962549124, 0.14494024943796624]], "ideal": "B", "sampled": "A", "correct": false}}
{"type": "result", "data": {"idx": 74, "options": ["Wrong, Wrong", "Wrong, Not wrong", "Not wrong, Wrong", "Not wrong, Not wrong"], "probs": [[0.4050295392044951, 0.24796849144720712, 0.2221675463846768, 0.12483442286362373], [0.3969286531461074, 0.23905093473381694, 0.22691720715013927, 0.1371032048699196], [0.414487374336521, 0.2209631673792134, 0.2285219467586109, 0.1360275114256553], [0.39270564715239276, 0.24666886641719077, 0.2241043227265714, 0.1365211636038466]], "ideal": "D", "sampled": "A", "correct": false}}
