{"type": "result", "data": {"idx": 0, "options": ["0", "4", "2", "6"], "probs": [[0.016604713994222208, 0.6237700051095372, 0.29885482977829997, 0.06077045101794064], [0.18961938677270584, 0.20833859893299095, 0.5839819605204475, 0.018060053673855693], [0.052743507048718975, 0.8458900668718387, 0.041071658976516066, 0.06029476700292628], [0.3582061079541283, 0.06892952604731349, 0.5376688461747928, 0.03519551972376535]], "ideal": "B", "sampled": "D", "correct": false}}
{"type": "result", "data": {"idx": 1, "options": ["8", "2", "24", "120"], "probs": [[0.1516749204051764, 0.6004236101756255, 0.2155865112081061, 0.03231495811109201], [0.32213954334239686, 0.3595923020924266, 0.22664149947587822, 0.0916266549892983], [0.16807829468053254, 0.32668508312881533, 0.40636499245741087, 0.09887162963324127], [0.09140548211247772, 0.4196353005157463, 0.43261731150090305, 0.05634190577087291]], "ideal": "C", "sampled": "B", "correct": false}}
{"type": "result", "data": {"idx": 2, "options": ["0", "1", "0,1", "0,4"], "probs": [[0.035953158521574394, 0.13469431505391277, 0.5983237935620247, 0.2310287327624881], [0.05216181462309148, 0.36806733715072076, 0.5605666239199614, 0.019204224206226396], [0.1499656051267859, 0.49222090881784447, 0.2016964434364537, 0.15611704251891592], [0.32545482139149706, 0.27000426438718295, 0.22884578318555168, 0.1756951309357683]], "ideal": "D", "sampled": "D", "correct": true}}
{"type": "result", "data": {"idx": 3, "options": ["True, True", "False, False", "True, False", "False, True"], "probs": [[0.19064244840406344, 0.14738136356024625, 0.2999490469348633, 0.362027141000827], [0.1934285250155255, 0.15917339140850276, 0.3786873390305145, 0.26871074444545723], [0.25792190814302896, 0.16274777295672285, 0.36370704116323954, 0.21562327763700864], [0.35990127917505416, 0.2417381405588645, 0.1243551969403843, 0.274005383225697]], "ideal": "B", "sampled": "D", "correct": false}}
{"type": "result", "data": {"idx": 4, "options": ["2x^2 + 5", "6x^2 + 4x + 6", "0", "x^2 + 1"], "probs": [[0.0567326307079558, 0.8813267694051308, 0.04055334413320392, 0.021387255653709452], [0.5161796019388284, 0.11887501481197336, 0.09698010618834066, 0.26796527696085753], [0.01574445000909544, 0.5341713577208896, 0.18154144792514906, 0.26854274424486585], [0.15202428144145705, 0.1878287164484292, 0.6301960838854347, 0.029950918124679028]], "ideal": "B", "sampled": "B", "correct": true}}
{"type": "result", "data": {"idx": 5, "options": ["True, True", "False, False", "True, False", "False, True"], "probs": [[0.17999813644286458, 0.19173996781547892, 0.37813351844343296, 0.25012837719822356], [0.07017534173192666, 0.21459179954624175, 0.4757963681058407, 0.23943649051599092], [0.12374490774850433, 0.16663162781043642, 0.613965048146655, 0.09565841619440424], [0.2782879132009227, 0.3988830983406312, 0.12063467321627976, 0.20219431514216635]], "ideal": "A", "sampled": "A", "correct": true}}
{"type": "result", "data": {"idx": 6, "options": ["True, True", "False, False", "True, False", "False, True"], "probs": [[0.35979529407460265, 0.09764287401557592, 0.08029438374965754, 0.4622674480601639], [0.07615492030793777, 0.11171739963507318, 0.38368965620769924, 0.4284380237492898], [0.07824076141172763, 0.08532055657220272, 0.7251930398184488, 0.11124564209762076], [0.23331314670663192, 0.5181242304242724, 0.05498160503227457, 0.19358101773682113]], "ideal": "A", "sampled": "A", "correct": true}}
{"type": "result", "data": {"idx": 7, "options": ["True, True", "False, False", "True, False", "False, True"], "probs": [[0.28364356059835466, 0.21935616248775386, 0.19957165117483291, 0.29742862563905853], [0.08088237046386611, 0.17674160001894693, 0.3739186226947706, 0.36845740672241634], [0.12555033521958842, 0.17994871883167013, 0.5453498552678666, 0.14915109058087483], [0.2751793624598137, 0.35364220333233554, 0.09143812412833505, 0.27974030997951566]], "ideal": "D", "sampled": "A", "correct": false}}
{"type": "result", "data": {"idx": 8, "options": ["0", "4", "2", "6"], "probs": [[0.020201981291412006, 0.564202434113108, 0.369323525943073, 0.046272058552406986], [0.23526748881035803, 0.2688905879461994, 0.47892495717390077, 0.016916965969541817], [0.08145681039560572, 0.8307076545086397, 0.03265519892945381, 0.05518033606630079], [0.4048433080812883, 0.07494472851124354, 0.48073948320296656, 0.03947248010450162]], "ideal": "B", "sampled": "D", "correct": false}}
{"type": "result", "data": {"idx": 9, "options": ["1", "2", "2,3", "6"], "probs": [[0.0428147613959413, 0.21919235584928132, 0.664004266195654, 0.07398861645912336], [0.03489978141082378, 0.729540208387617, 0.2152016996600124, 0.02035831044154682], [0.354553040420798, 0.3659926627204892, 0.09686464792003023, 0.18258964883868256], [0.06318899008040832, 0.14242080812144592, 0.3414578906307189, 0.4529323110674269]], "ideal": "C", "sampled": "C", "correct": true}}
{"type": "result", "data": {"idx": 10, "options": ["True, True", "False, False", "True, False", "False, True"], "probs": [[0.444991399787763, 0.2170148294124215, 0.24965494310620695, 0.0883388275936086], [0.09930120634703903, 0.13684775710276484, 0.43807382082643753, 0.3257772156237586], [0.1463047596585051, 0.1223132935561107, 0.6405159377526563, 0.0908660089327279], [0.30757584935647203, 0.41753023547579177, 0.0967709191287327, 0.17812299593900352]], "ideal": "C", "sampled": "A", "correct": false}}
{"type": "result", "data": {"idx": 11, "options": ["symmetric only", "anti-symmetric only", "both symmetric and anti-symmetric", "an equivalence relation"], "probs": [[0.10110764053782578, 0.09804917724866906, 0.6749618548230611, 0.12588132729044405], [0.033728784471532346, 0.6836203223855619, 0.19712862275597529, 0.08552227028693041], [0.24659631245537236, 0.26269719437815703, 0.41947834596895694, 0.07122814709751367], [0.38500207371883477, 0.29095878977429884, 0.10280398201805507, 0.22123515438881128]], "ideal": "C", "sampled": "C", "correct": true}}
{"type": "result", "data": {"idx": 12, "options": ["1", "2", "5", "11"], "probs": [[0.11016451648388738, 0.15416987353638292, 0.5952823801882017, 0.14038322969152806], [0.10943276882478183, 0.41311584611678426, 0.4193191997753649, 0.05813218518306897], [0.4156392920699634, 0.3668503558565115, 0.17050984944772668, 0.047000502525798446], [0.5219701968514431, 0.2159404541055849, 0.1437702284976053, 0.11831912044536669]], "ideal": "A", "sampled": "C", "correct": false}}
{"type": "result", "data": {"idx": 13, "options": ["(x \u2212 2)(x + 2)(x \u2212 1)", "(x + 1)(x + 4)(x \u2212 2)", "(x + 1)(x \u2212 4)(x \u2212 2)", "(x - 1)(x \u2212 4)(x \u2212 2)"], "probs": [[0.45005593705272123, 0.24484822698875058, 0.22984590147773, 0.07524993438079816], [0.46498814704746383, 0.19851894663665437, 0.14403479872952987, 0.19245810748635192], [0.3792940534534971, 0.2230639970428206, 0.3347306722540703, 0.06291127714961196], [0.40772952714069904, 0.30317052518143756, 0.21653876712528888, 0.07256118045257448]], "ideal": "C", "sampled": "A", "correct": false}}
{"type": "result", "data": {"idx": 14, "options": ["6", "12", "30", "105"], "probs": [[0.09492421965040392, 0.5338619986675428, 0.27246907553681776, 0.09874470604523553], [0.14758818069991073, 0.2017494171916768, 0.5836093512131694, 0.06705305079524317], [0.09982869735915789, 0.6614539001911518, 0.19543047174559341, 0.04328693060409686], [0.5687585602404333, 0.20927321683753874, 0.14377272439427932, 0.07819549842774864]], "ideal": "C", "sampled": "D", "correct": false}}
{"type": "result", "data": {"idx": 15, "options": ["True, True", "False, False", "True, False", "False, True"], "probs": [[0.26860222417859064, 0.2564776260631922, 0.08063232212923536, 0.3942878275289818], [0.06669318079044438, 0.17445792186381967, 0.34661343571533715, 0.4122354615303988], [0.12105872571046578, 0.14613621044289174, 0.5299212971538962, 0.2028837665927463], [0.27724994258976376, 0.3454659709535024, 0.07941919115208096, 0.29786489520465287]], "ideal": "B", "sampled": "A", "correct": false}}
{"type": "result", "data": {"idx": 16, "options": ["1", "-1", "i", "-i"], "probs": [[0.029058873293969983, 0.23595311923558726, 0.48368420478511603, 0.25130380258532675], [0.03483907362757245, 0.31070442711528723, 0.5197760845292748, 0.13468041462786548], [0.006462882909456469, 0.874237918129107, 0.04412427661270283, 0.07517492224873364], [0.3469969435284321, 0.10920796122674704, 0.30131916106665435, 0.24247593407816648]], "ideal": "C", "sampled": "D", "correct": false}}
{"type": "result", "data": {"idx": 17, "options": ["(1,1)", "(3,1)", "(1,6)", "(3,6)"], "probs": [[0.11199306028002778, 0.20292823295183837, 0.6004709838939662, 0.0846077227741676], [0.13240887776269392, 0.2288440601744498, 0.6025342514204796, 0.03621281054237679], [0.4300370441872238, 0.5272996336705873, 0.021071925403962622, 0.02159139663822623], [0.6082410351675707, 0.09476789297932182, 0.15132391789511382, 0.1456671538579937]], "ideal": "C", "sampled": "D", "correct": false}}
{"type": "result", "data": {"idx": 18, "options": ["multiplication is not a binary operation", "multiplication is not associative", "identity element does not exist", "zero has no inverse"], "probs": [[0.0421931474950226, 0.1439759257296307, 0.5386114019620596, 0.27521952471328714], [0.0929007325734738, 0.5702128665942237, 0.2281790388487661, 0.10870736188353643], [0.4707350905601741, 0.3241172440815184, 0.06371053483052905, 0.1414371304277785], [0.4695890668463107, 0.06718121963137545, 0.07371626518986577, 0.3895134482324481]], "ideal": "D", "sampled": "C", "correct": false}}
{"type": "result", "data": {"idx": 19, "options": ["True, True", "False, False", "True, False", "False, True"], "probs": [[0.2671109735698618, 0.1910022049951286, 0.18217249212827474, 0.35971432920673485], [0.08334034680486786, 0.1557943820797575, 0.42315980787813995, 0.3377054631372347], [0.12733524846747843, 0.13355575301569655, 0.5842307122327176, 0.1548782861841074], [0.28321329178381976, 0.378589516521228, 0.07802479084582888, 0.2601724007491233]], "ideal": "A", "sampled": "A", "correct": true}}
{"type": "result", "data": {"idx": 20, "options": ["True, True", "False, False", "True, False", "False, True"], "probs": [[0.3849129779906234, 0.27312037214651297, 0.21095340662089232, 0.13101324314197133], [0.08545017922969854, 0.1867274627891654, 0.407620814345093, 0.320201543536043], [0.14294051590099116, 0.14641214360277482, 0.6018631233469122, 0.10878421704932181], [0.3028812818999678, 0.4016077965695314, 0.07717690903580705, 0.21833401239469374]], "ideal": "A", "sampled": "A", "correct": true}}
{"type": "result", "data": {"idx": 21, "options": ["2x^2 + 5", "6x^2 + 4x + 6", "0", "x^2 + 1"], "probs": [[0.060331354746061376, 0.8734978827034191, 0.05041888581094596, 0.015751876639573587], [0.5482906143436699, 0.1464785944261595, 0.07655317392591905, 0.22867761720425156], [0.015195620728591881, 0.5530689873243807, 0.23765029733955137, 0.19408509450747605], [0.13873642629958463, 0.1853307329479394, 0.6466120456756301, 0.029320794976845872]], "ideal": "A", "sampled": "B", "correct": false}}
{"type": "result", "data": {"idx": 22, "options": ["True, True", "False, False", "True, False", "False, True"], "probs": [[0.3231044089239758, 0.3336003099525137, 0.24773137084352698, 0.09556391017998347], [0.07051279237505209, 0.17874306039044088, 0.3722833609443397, 0.37846078619016726], [0.0708091237829113, 0.14311720002897316, 0.6877289208758903, 0.09834475521222516], [0.17307039706756097, 0.5859587060977465, 0.0677688628121006, 0.17320203392259195]], "ideal": "D", "sampled": "A", "correct": false}}
{"type": "result", "data": {"idx": 23, "options": ["semi group with identity", "commutative semigroups with identity", "group", "abelian group"], "probs": [[0.30851836158671186, 0.03234499813087928, 0.6136048664136876, 0.04553177376872116], [0.17662758743706802, 0.33625932658221475, 0.48030763898900986, 0.006805446891707308], [0.6195542866543322, 0.3654632302305283, 0.011623571728519964, 0.003358911286619489], [0.3502854887194706, 0.040032902953721645, 0.030852289613723268, 0.5788293186130845]], "ideal": "D", "sampled": "C", "correct": false}}
{"type": "result", "data": {"idx": 24, "options": ["True, True", "False, False", "True, False", "False, True"], "probs": [[0.416509501608429, 0.21622290762083987, 0.2127650189695067, 0.15450257170122444], [0.06297373583361385, 0.12528517467661018, 0.37088172518830903, 0.44085936420146693], [0.09698842631869639, 0.133686325913035, 0.6627761921949299, 0.10654905547333865], [0.24994302165904167, 0.4747967790307175, 0.07272228706232095, 0.20253791214791989]], "ideal": "B", "sampled": "A", "correct": false}}
{"type": "result", "data": {"idx": 25, "options": ["subgroup", "finite abelian group", "infinite, non abelian group", "ininite, abelian"], "probs": [[0.01574402383038754, 0.03095975869109211, 0.8743444690046052, 0.07895174837391519], [0.02104249208178431, 0.9146878054219146, 0.031845014301892884, 0.032424688094408176], [0.8077296839516248, 0.10403286210244095, 0.02383321776281806, 0.06440423608311613], [0.0839050489725647, 0.03650299845458242, 0.07402456578626292, 0.8055673866865899]], "ideal": "C", "sampled": "C", "correct": true}}
{"type": "result", "data": {"idx": 26, "options": ["True, True", "False, False", "True, False", "False, True"], "probs": [[0.15884200990337163, 0.19774022401769106, 0.34419193347540844, 0.29922583250352885], [0.09345623989148535, 0.20260866286231546, 0.43546376276823007, 0.2684713343779691], [0.1030551493064822, 0.15968768297029068, 0.5884263514883986, 0.14883081613482851], [0.2599576970681214, 0.32113292331564414, 0.1946700931194946, 0.22423928639673993]], "ideal": "C", "sampled": "A", "correct": false}}
{"type": "result", "data": {"idx": 27, "options": ["Yes, with p=2.", "Yes, with p=3.", "Yes, with p=5.", "No."], "probs": [[0.3257984373035772, 0.4528138136643138, 0.16646333783109293, 0.054924411101016035], [0.39207922824158625, 0.257378395511126, 0.26958152247383216, 0.08096085367345553], [0.33813185000215, 0.1107067780191278, 0.4342505102058694, 0.11691086167285272], [0.05351840172118009, 0.30347045348618235, 0.6223658733232562, 0.020645271369381386]], "ideal": "B", "sampled": "B", "correct": true}}
{"type": "result", "data": {"idx": 28, "options": ["True, True", "False, False", "True, False", "False, True"], "probs": [[0.15620909303422517, 0.2919625261106089, 0.18840366513660506, 0.3634247156185608], [0.03967619775605253, 0.23017937457150747, 0.376303859977878, 0.353840567594562], [0.11512970553166109, 0.1756474801467751, 0.5756213702946628, 0.13360144392690107], [0.28251202418375027, 0.3436937748605802, 0.09099443526430165, 0.2827997655913678]], "ideal": "D", "sampled": "A", "correct": false}}
{"type": "result", "data": {"idx": 29, "options": ["True, True", "False, False", "True, False", "False, True"], "probs": [[0.4384403824367773, 0.25393569466912547, 0.1886232942154135, 0.11900062857868374], [0.1200593489253059, 0.19343588091370986, 0.3844614395435775, 0.3020433305174067], [0.1714145404779453, 0.1868943287758967, 0.5238339939475299, 0.1178571366986281], [0.314982428294919, 0.37435428977833124, 0.11494809901822944, 0.1957151828085203]], "ideal": "A", "sampled": "A", "correct": true}}
{"type": "result", "data": {"idx": 30, "options": ["True, True", "False, False", "True, False", "False, True"], "probs": [[0.24424945976009324, 0.16410531369406192, 0.12772049547047026, 0.46392473097537457], [0.04125456837985246, 0.09015374529033422, 0.3733880179740969, 0.49520366825571643], [0.06742702222903758, 0.11124477202838517, 0.7192773007842661, 0.10205090485831109], [0.16094802798056532, 0.5367518226787681, 0.06604248481455097, 0.23625766442611562]], "ideal": "B", "sampled": "A", "correct": false}}
{"type": "result", "data": {"idx": 31, "options": ["commutative semi group", "abelian group", "non-abelian group", "None of these"], "probs": [[0.02929757650486865, 0.8119442861548315, 0.11227149243362819, 0.046486644806671674], [0.49927083029153263, 0.4342655312591245, 0.061528191480613066, 0.004935446868729811], [0.0057549591458330085, 0.013822663382924113, 0.004209525642540055, 0.9762128517287028], [0.0673689961052076, 0.20147815934141614, 0.6858909418839848, 0.0452619025693915]], "ideal": "B", "sampled": "B", "correct": true}}
{"type": "result", "data": {"idx": 32, "options": ["True, True", "False, False", "True, False", "False, True"], "probs": [[0.4304017818378552, 0.16864131766304738, 0.3100164005599039, 0.0909404998391935], [0.12357762354153941, 0.1562806896259432, 0.4019887656608668, 0.3181529210716506], [0.0784623765981534, 0.07974235653271794, 0.7386355940360622, 0.10315967273306655], [0.22112522358098038, 0.47215722579534286, 0.1052655397171154, 0.20145201080656136]], "ideal": "A", "sampled": "A", "correct": true}}
{"type": "result", "data": {"idx": 33, "options": ["g = g^-1 for every g in G", "g = g^2 for every g in G", "(g o h)^2 = g^2 o h^2 for every g,h in G", "G is of finite order"], "probs": [[0.5367015163570834, 0.02737928263209501, 0.34116942703797376, 0.09474977387284775], [0.2970083504260127, 0.6205756351559254, 0.02741460177737091, 0.055001412540690964], [0.3792802181117814, 0.08082662070330611, 0.4869301344565192, 0.05296302662839325], [0.02156557246958295, 0.8852443526849653, 0.024049294412118415, 0.06914078033333332]], "ideal": "C", "sampled": "A", "correct": false}}
{"type": "result", "data": {"idx": 34, "options": ["True, True", "False, False", "True, False", "False, True"], "probs": [[0.292128320126403, 0.22235898339970098, 0.33624034615610815, 0.14927235021778792], [0.07987243650404519, 0.19166295451956242, 0.4559816231255188, 0.27248298575087354], [0.14669613101517076, 0.17841267052259074, 0.5893053236221462, 0.08558587474009235], [0.295342552354756, 0.38543521671227, 0.0943812039031302, 0.22484102692984378]], "ideal": "A", "sampled": "A", "correct": true}}
{"type": "result", "data": {"idx": 35, "options": ["0", "4", "2", "6"], "probs": [[0.01558720362180497, 0.5291114311204759, 0.40495777653305903, 0.050343588624660054], [0.14190544804465346, 0.2936844644931063, 0.5481020470768333, 0.016308040285406892], [0.05708428152726379, 0.8603523488030578, 0.032521029976425954, 0.05004233959325251], [0.31567989795686413, 0.06885851609984922, 0.5805802712376408, 0.03488131460564587]], "ideal": "B", "sampled": "D", "correct": false}}
{"type": "result", "data": {"idx": 36, "options": ["0", "1", "11", "22"], "probs": [[0.04938925190498659, 0.26925571446287605, 0.5875766588215932, 0.09377837471054414], [0.0412838210849116, 0.4012228607001304, 0.4686613697142808, 0.08883194840067722], [0.33640563512111055, 0.41881630584727536, 0.17312225755411, 0.07165580137750409], [0.2381509059704973, 0.3412346788715621, 0.28272220068246845, 0.13789221437547217]], "ideal": "D", "sampled": "C", "correct": false}}
{"type": "result", "data": {"idx": 37, "options": ["Yes, with p=2.", "Yes, with p=3.", "Yes, with p=5.", "No."], "probs": [[0.4578222844697498, 0.34063365417602626, 0.17380956979947718, 0.02773449145474676], [0.4137189845197776, 0.3655699666591626, 0.1738899142679682, 0.046821134453091565], [0.3989345430928885, 0.11084392665708272, 0.445098251059845, 0.04512327909018372], [0.058398541709885, 0.35532987511326114, 0.5674452248480298, 0.018826358228823947]], "ideal": "B", "sampled": "B", "correct": true}}
{"type": "result", "data": {"idx": 38, "options": ["1", "2", "3", "4"], "probs": [[0.8886749238520892, 0.0419033360261818, 0.05769858940363782, 0.011723150618091127], [0.22329827157096713, 0.3626838650356123, 0.051396761954362005, 0.36262110133905856], [0.28586144636767086, 0.03810205122196626, 0.6146871744633946, 0.06134932784696828], [0.05277785167811865, 0.6190416077864658, 0.28984635417588567, 0.03833418625952995]], "ideal": "C", "sampled": "A", "correct": false}}
{"type": "result", "data": {"idx": 39, "options": ["True, True", "False, False", "True, False", "False, True"], "probs": [[0.41796944297867583, 0.25365962863349156, 0.11974225517585806, 0.20862867311197453], [0.11676128343570137, 0.1910793681433782, 0.4074666287173679, 0.2846927196035525], [0.1149774749455355, 0.1366131048248621, 0.6615935164503329, 0.08681590367926949], [0.30711768904938885, 0.4135901279983663, 0.08393946789494997, 0.19535271495729492]], "ideal": "D", "sampled": "A", "correct": false}}
{"type": "result", "data": {"idx": 40, "options": ["0", "1", "-1", "12"], "probs": [[0.030140211315484788, 0.9245172563959624, 0.03389134412355423, 0.011451188064998624], [0.710045136308507, 0.27004336452999145, 0.005173440858300325, 0.014738058203201307], [0.015251467315382013, 0.010172650425421101, 0.12771003208673368, 0.8468658500724632], [0.013517781373440122, 0.2533480266851498, 0.5975949858268244, 0.13553920601458577]], "ideal": "C", "sampled": "B", "correct": false}}
{"type": "result", "data": {"idx": 41, "options": ["0", "3", "12", "30"], "probs": [[0.11518363567643163, 0.6228856397327344, 0.21852913333876295, 0.043401591152071074], [0.4978965287255963, 0.30206141266638986, 0.17746551564471982, 0.02257654286329398], [0.2944558008384666, 0.3723313863550531, 0.2103833438302798, 0.12282946887620053], [0.36167617938960483, 0.24476654885135937, 0.3449776688790319, 0.04857960278000384]], "ideal": "A", "sampled": "B", "correct": false}}
{"type": "result", "data": {"idx": 42, "options": ["True, True", "False, False", "True, False", "False, True"], "probs": [[0.21088359305164225, 0.15933709622799483, 0.35873775067000535, 0.27104155995035756], [0.05829068840686778, 0.1610744947394231, 0.4957062469722692, 0.2849285697814399], [0.09278517714804296, 0.12898381292803168, 0.6441867618763117, 0.13404424794761352], [0.2988649717741725, 0.3694311219617515, 0.08364623350730901, 0.24805767265676698]], "ideal": "B", "sampled": "A", "correct": false}}
{"type": "result", "data": {"idx": 43, "options": ["True, True", "False, False", "True, False", "False, True"], "probs": [[0.09434746092454223, 0.19826419488874597, 0.21258228950491082, 0.494806054581801], [0.09595257573466315, 0.16202349597033017, 0.359225086253161, 0.38279884194184566], [0.12839234981467834, 0.16113222653648565, 0.5321382721089175, 0.17833715143991852], [0.2298348729057979, 0.295287851889524, 0.15547296634956606, 0.31940430875511205]], "ideal": "C", "sampled": "A", "correct": false}}
{"type": "result", "data": {"idx": 44, "options": ["True, True", "False, False", "True, False", "False, True"], "probs": [[0.3687043326986804, 0.20214813208600488, 0.3518296312870531, 0.0773179038282616], [0.04065783921173285, 0.15110384770669621, 0.502977995318056, 0.30526031766351497], [0.05979902875859115, 0.09785725378119112, 0.8063498919585791, 0.03599382540163867], [0.2587948758551582, 0.5070108808592401, 0.08666790340471764, 0.14752633978088406]], "ideal": "C", "sampled": "A", "correct": false}}
{"type": "result", "data": {"idx": 45, "options": ["True, True", "False, False", "True, False", "False, True"], "probs": [[0.5775068610510757, 0.2371478368527183, 0.09882116399171328, 0.0865241380044926], [0.12023259636977984, 0.2061921666674542, 0.4003900318675918, 0.2731852049951741], [0.16810508822183506, 0.17216662340379477, 0.5511729367050521, 0.10855535156931806], [0.31751443135224694, 0.35441963201270416, 0.10971982439701622, 0.21834611213803268]], "ideal": "C", "sampled": "A", "correct": false}}
{"type": "result", "data": {"idx": 46, "options": ["True, True", "False, False", "True, False", "False, True"], "probs": [[0.07004475801616093, 0.22622977869125238, 0.15660940575849747, 0.5471160574340892], [0.06757430036863188, 0.18235926464134217, 0.34851429122564653, 0.4015521436643794], [0.182563174791964, 0.19447173507225488, 0.39562285564621685, 0.2273422343895643], [0.24777939728569212, 0.26604795255050967, 0.11079553431061948, 0.3753771157531787]], "ideal": "B", "sampled": "D", "correct": false}}
{"type": "result", "data": {"idx": 47, "options": ["0", "2", "1", "3"], "probs": [[0.03532250225190751, 0.49555298681071996, 0.3919077813233428, 0.07721672951402973], [0.13551648743127076, 0.5620574061427589, 0.23422687021842725, 0.06819923610754305], [0.346537038058986, 0.3205607985878938, 0.17290566086951892, 0.15999650238360127], [0.39006834563099857, 0.3134634681306817, 0.17174642809976848, 0.12472175803855119]], "ideal": "B", "sampled": "C", "correct": false}}
{"type": "result", "data": {"idx": 48, "options": ["True, True", "False, False", "True, False", "False, True"], "probs": [[0.6082840583918823, 0.2967184196738655, 0.05358776469584286, 0.041409757138409366], [0.07591776775309533, 0.14639728206116123, 0.31954793091045935, 0.4581370191752841], [0.0944050045758335, 0.12612619726320898, 0.7029973948711952, 0.07647140318976238], [0.24677078607275102, 0.5789485020278244, 0.05012388564237307, 0.12415682615705148]], "ideal": "C", "sampled": "A", "correct": false}}
{"type": "result", "data": {"idx": 49, "options": ["8", "120", "240", "24"], "probs": [[0.04491652459791005, 0.3533892258932092, 0.5058348498702573, 0.09585939953862349], [0.13106367601951815, 0.46839147640906326, 0.33715835929698873, 0.06338648817442989], [0.2591663002708668, 0.29836258289214557, 0.3485985397943943, 0.09387257694259334], [0.18991847334393083, 0.2596386968829869, 0.4277840256263195, 0.12265880404676274]], "ideal": "B", "sampled": "C", "correct": false}}
{"type": "result", "data": {"idx": 50, "options": ["True, True", "False, False", "True, False", "False, True"], "probs": [[0.31459304687215095, 0.1271769553295751, 0.2015310674704246, 0.3566989302278494], [0.0940010626519301, 0.135770578983962, 0.4179744408625784, 0.3522539174015295], [0.10035091784481533, 0.11467953086662702, 0.6342633583946541, 0.1507061927939036], [0.3365372591674088, 0.3529526161439692, 0.08441754115208433, 0.22609258343653768]], "ideal": "D", "sampled": "A", "correct": false}}
{"type": "result", "data": {"idx": 51, "options": ["0", "2", "1", "3"], "probs": [[0.03722393181425546, 0.44321746124980915, 0.4431109477484158, 0.07644765908751953], [0.185403826596731, 0.5202945547819572, 0.23814937824832177, 0.056152240272990005], [0.31837011937429155, 0.32855220157114445, 0.19161980485699545, 0.16145787409756857], [0.3894493099493544, 0.26559571220590233, 0.21846359126956907, 0.1264913864751742]], "ideal": "B", "sampled": "C", "correct": false}}
{"type": "result", "data": {"idx": 52, "options": ["6", "8", "4", "2"], "probs": [[0.13534958659249074, 0.293470948905208, 0.2489114254464147, 0.32226803895588657], [0.1179145495722724, 0.26586310657364504, 0.4887126676972356, 0.127509676056847], [0.3794530225691068, 0.5272371025069387, 0.06645521335230024, 0.026854661471654342], [0.24249169228036205, 0.3164557814281628, 0.3017703294452258, 0.1392821967462494]], "ideal": "A", "sampled": "D", "correct": false}}
{"type": "result", "data": {"idx": 53, "options": ["True, True", "False, False", "True, False", "False, True"], "probs": [[0.22245636580150008, 0.17748714981688415, 0.22421632704876823, 0.3758401572328475], [0.08568113658400765, 0.13914746912753267, 0.4055650052515162, 0.36960638893694353], [0.14678608535786258, 0.13907258832878566, 0.5369857789181722, 0.17715554729517954], [0.3058988954796221, 0.3085469512103596, 0.07208275532556563, 0.3134713978844526]], "ideal": "C", "sampled": "A", "correct": false}}
{"type": "result", "data": {"idx": 54, "options": ["0", "2", "1", "3"], "probs": [[0.01541231760509193, 0.8166423243400251, 0.15322885295052724, 0.014716505004355668], [0.29904922380445303, 0.217238407947347, 0.47787927842110395, 0.005833089727095977], [0.0909037251275596, 0.7332721620092184, 0.0634565622986028, 0.11236755046461915], [0.3248543416767235, 0.09605215417339397, 0.5611887531822852, 0.01790475086759728]], "ideal": "B", "sampled": "B", "correct": true}}
{"type": "result", "data": {"idx": 55, "options": ["True, True", "False, False", "True, False", "False, True"], "probs": [[0.34345743056677425, 0.12743517755187744, 0.42753329868809686, 0.1015740930932514], [0.08005970834974105, 0.1280012298694585, 0.4327815537136377, 0.3591575079671628], [0.09185493736540633, 0.1337365656957404, 0.6734873651784703, 0.1009211316603829], [0.2574356534437542, 0.42819834389276434, 0.10240082594325581, 0.21196517662022565]], "ideal": "A", "sampled": "A", "correct": true}}
{"type": "result", "data": {"idx": 56, "options": ["True, True", "False, False", "True, False", "False, True"], "probs": [[0.18008428810226135, 0.2621848582959251, 0.2312490641839521, 0.3264817893178615], [0.07032059027563775, 0.16230559105582826, 0.401453608212654, 0.36592021035587996], [0.1248397258976534, 0.1426603591798503, 0.568298855057941, 0.16420105976455535], [0.2688165189008465, 0.35924237391620645, 0.12307202894983005, 0.24886907813311696]], "ideal": "D", "sampled": "A", "correct": false}}
{"type": "result", "data": {"idx": 57, "options": ["1", "2", "3", "4"], "probs": [[0.8026526212680151, 0.072941961070812, 0.09584816084881269, 0.028557256712360216], [0.16257168956604934, 0.43530567117546337, 0.06315965440087436, 0.33896298475761294], [0.3149347124282016, 0.10147238899767402, 0.49544455461630993, 0.08814834385781446], [0.15875399891544317, 0.5722443801079182, 0.2006919443097315, 0.06830967656690705]], "ideal": "B", "sampled": "A", "correct": false}}
{"type": "result", "data": {"idx": 58, "options": ["True, True", "False, False", "True, False", "False, True"], "probs": [[0.15844930942931731, 0.216699484217841, 0.253201279811592, 0.3716499264412496], [0.09285142202602585, 0.2044899001178554, 0.40963545132328955, 0.29302322643282924], [0.16815883420689662, 0.18479028893024432, 0.46793915231135513, 0.17911172445150392], [0.28942708864474925, 0.2636793137668451, 0.15489853224553013, 0.2919950652428755]], "ideal": "A", "sampled": "D", "correct": false}}
{"type": "result", "data": {"idx": 59, "options": ["True, True", "False, False", "True, False", "False, True"], "probs": [[0.3193843757603377, 0.19234809850760357, 0.12028640865930303, 0.3679811169727557], [0.1529400199498778, 0.13191790877453557, 0.3755160569769137, 0.3396260141986729], [0.22524630349868224, 0.12644843379042375, 0.4585330051162366, 0.1897722574946574], [0.3344437952087651, 0.25667093540170466, 0.09431318684612555, 0.3145720824434047]], "ideal": "A", "sampled": "A", "correct": true}}
{"type": "result", "data": {"idx": 60, "options": ["True, True", "False, False", "True, False", "False, True"], "probs": [[0.34343527720607353, 0.2553739769389966, 0.1293535193864239, 0.27183722636850594], [0.1484869376127369, 0.15811991218774096, 0.34518151443184164, 0.3482116356676805], [0.176092778063523, 0.17480226307537958, 0.48996028359041804, 0.15914467517067934], [0.30785732082071965, 0.31788341766918404, 0.11682487500818635, 0.25743438640191]], "ideal": "D", "sampled": "A", "correct": false}}
{"type": "result", "data": {"idx": 61, "options": ["True, True", "False, False", "True, False", "False, True"], "probs": [[0.1997811227804484, 0.23004640979323676, 0.3506459049626106, 0.21952656236370421], [0.04790520736696396, 0.15712620811401545, 0.479990988326328, 0.3149775960926926], [0.09592976103939875, 0.15337441055616666, 0.625542072540943, 0.1251537557634916], [0.26709539093528606, 0.3950340210256426, 0.09449395677238433, 0.24337663116668698]], "ideal": "D", "sampled": "A", "correct": false}}
{"type": "result", "data": {"idx": 62, "options": ["True, True", "False, False", "True, False", "False, True"], "probs": [[0.37886708249041134, 0.24670508481807604, 0.13722089749519104, 0.23720693509632157], [0.0928796339144974, 0.14849900534013546, 0.36728609942908413, 0.391335261216283], [0.11964849235049771, 0.14218894076497976, 0.5982198268903237, 0.13994273989419878], [0.24869711879908415, 0.4267683358567979, 0.08328687460846466, 0.24124767063565328]], "ideal": "C", "sampled": "A", "correct": false}}
{"type": "result", "data": {"idx": 63, "options": ["not anti-symmetric", "transitive", "reflexive", "symmetric"], "probs": [[0.3022419376856964, 0.2452143916891697, 0.24292451544994437, 0.20961915507518952], [0.14176530066995666, 0.17250395333543794, 0.4872092749349615, 0.19852147095964381], [0.06004127248613504, 0.3828740503153451, 0.4911008884512724, 0.06598378864724745], [0.3754049031393575, 0.48270410577386963, 0.08056883807966364, 0.06132215290710927]], "ideal": "B", "sampled": "A", "correct": false}}
{"type": "result", "data": {"idx": 64, "options": ["1", "2", "infinitely many", "0"], "probs": [[0.05468136857410854, 0.41050494018938566, 0.4797070061658955, 0.055106684970610255], [0.04742364053396216, 0.6103346738614306, 0.08187796645201895, 0.26036371905258837], [0.3560317429839796, 0.1982029810483514, 0.3396950040440685, 0.10607027182360051], [0.015556578450414103, 0.4476615765258901, 0.29342487314843513, 0.24335697177526064]], "ideal": "B", "sampled": "C", "correct": false}}
{"type": "result", "data": {"idx": 65, "options": ["True, True", "False, False", "True, False", "False, True"], "probs": [[0.5189572610854501, 0.24164885460142418, 0.07597132828050597, 0.16342255593261967], [0.10383982104337404, 0.1123308819744931, 0.2957504148988123, 0.4880788819833205], [0.06865979963899006, 0.10723876153061576, 0.7323957135246159, 0.09170572520577829], [0.20869495749975542, 0.517116327424653, 0.08698121781452482, 0.18720749716106674]], "ideal": "C", "sampled": "A", "correct": false}}
{"type": "result", "data": {"idx": 66, "options": ["True, True", "False, False", "True, False", "False, True"], "probs": [[0.3425260832939659, 0.2586886325024456, 0.23178200766781784, 0.16700327643577065], [0.09301676669544218, 0.1850624396099044, 0.41676178880906184, 0.3051590047855916], [0.16696011520861564, 0.1834840421646919, 0.5264129481262179, 0.12314289440047463], [0.27881370933494926, 0.3904678377689424, 0.11001485920287005, 0.2207035935932383]], "ideal": "D", "sampled": "A", "correct": false}}
{"type": "result", "data": {"idx": 67, "options": ["a,b in H=> a * b in H", "a in H => a^-1 in H", "a,b in H=> a * b^-1 in H", "H contains the identity element"], "probs": [[0.02928642932174973, 0.020464300012100547, 0.02353151258530287, 0.9267177579808469], [0.018240042566618108, 0.022198321545633854, 0.6739444242417539, 0.2856172115459941], [0.02400463548046199, 0.8034174157156347, 0.10927035271748321, 0.06330759598642005], [0.027766382214736752, 0.3185416363427677, 0.05922138320346848, 0.594470598139027]], "ideal": "C", "sampled": "D", "correct": false}}
{"type": "result", "data": {"idx": 68, "options": ["(x \u2212 2)(x + 2)(x \u2212 1)(x + 1)", "(x+1)^4", "(x-1)(x+1)^3", "(x-1)^3(x+1)"], "probs": [[0.580764594989012, 0.08981598787893852, 0.1285445714532977, 0.2008748455787518], [0.16398182754041796, 0.3671321923236312, 0.24616882569367907, 0.22271715434227177], [0.48500665746432065, 0.2257187502658471, 0.26779064383777074, 0.021483948332061513], [0.4494024909850454, 0.45005399952557296, 0.014005377261189814, 0.08653813212819182]], "ideal": "A", "sampled": "A", "correct": true}}
{"type": "result", "data": {"idx": 69, "options": ["True, True", "False, False", "True, False", "False, True"], "probs": [[0.3082405810191297, 0.15510384171269062, 0.3230520381039409, 0.21360353906423876], [0.051327912174585176, 0.11484092722285678, 0.40370132134044506, 0.43012983916211295], [0.0747253864765178, 0.12426947051650172, 0.6557705196541738, 0.14523462325280667], [0.20118206446436268, 0.4468395379835287, 0.08518399805075424, 0.26679439940135435]], "ideal": "A", "sampled": "A", "correct": true}}
{"type": "result", "data": {"idx": 70, "options": ["0", "-2", "a-2", "(2+a)*-1"], "probs": [[0.01261944800176065, 0.35484952397870984, 0.5533839698915397, 0.07914705802798978], [0.10716869587667509, 0.7163781558604113, 0.0538952941699031, 0.12255785399301045], [0.16074836372279253, 0.4584305320104776, 0.0680659641858369, 0.31275513998089294], [0.415653396310967, 0.1426319543561142, 0.1932662662640484, 0.2484483829688704]], "ideal": "D", "sampled": "C", "correct": false}}
{"type": "result", "data": {"idx": 71, "options": ["0", "4", "2", "6"], "probs": [[0.018320241306992485, 0.536303854134206, 0.3914897107940384, 0.053886193664763084], [0.17676892767623953, 0.23995353666165123, 0.5660356725437743, 0.017241863018334993], [0.06698047893044376, 0.8504105874739375, 0.033154017088355074, 0.04945491640726365], [0.37451666031733155, 0.06933905080252324, 0.5199087184161281, 0.036235570364017144]], "ideal": "C", "sampled": "D", "correct": false}}
{"type": "result", "data": {"idx": 72, "options": ["1", "2", "3", "4"], "probs": [[0.2306853171462594, 0.2676624755167952, 0.4047340305018269, 0.09691817673511856], [0.17945108771165533, 0.49561555691723325, 0.2529851718594417, 0.07194818341166968], [0.27585039362087227, 0.25922272379258027, 0.3052529783317065, 0.15967390415484092], [0.2771187937841222, 0.2815891122062812, 0.30193345835964147, 0.1393586355499552]], "ideal": "D", "sampled": "C", "correct": false}}
{"type": "result", "data": {"idx": 73, "options": ["0", "3", "12", "30"], "probs": [[0.0555554962557962, 0.7792208775485773, 0.13428722295631335, 0.030936403139313146], [0.7604397690370897, 0.14744767847286244, 0.07645183212471321, 0.01566072026533474], [0.2794055259125514, 0.2838338230614003, 0.31654261596188676, 0.12021803496416152], [0.14083156565340907, 0.23589622448580777, 0.5835350990415437, 0.03973711071923946]], "ideal": "B", "sampled": "B", "correct": true}}
{"type": "result", "data": {"idx": 74, "options": ["True, True", "False, False", "True, False", "False, True"], "probs": [[0.17908135054704852, 0.30007311698773864, 0.21604049203619624, 0.30480504032901656], [0.10875983859285418, 0.21469163042221204, 0.40723223703699685, 0.2693162938479369], [0.22700442508546856, 0.17010592398695265, 0.45854965094810907, 0.14433999987946974], [0.3334300766040729, 0.28986742657702125, 0.11887915254120622, 0.2578233441776996]], "ideal": "D", "sampled": "D", "correct": true}}
{"type": "result", "data": {"idx": 75, "options": ["True, True", "False, False", "True, False", "False, True"], "probs": [[0.31649811487451734, 0.28386212661387644, 0.20758321317071576, 0.19205654524089047], [0.0848774457910113, 0.2308242956993668, 0.45882100642377793, 0.22547725198584398], [0.11133941759573023, 0.1836785159975723, 0.606691923976009, 0.09829014233068843], [0.2335294740501151, 0.47217564880647084, 0.11926746134800571, 0.17502741569540836]], "ideal": "B", "sampled": "A", "correct": false}}
{"type": "result", "data": {"idx": 76, "options": ["True, True", "False, False", "True, False", "False, True"], "probs": [[0.2859548330021052, 0.16689404843568792, 0.19654425976695142, 0.3506068586952555], [0.1040995336659496, 0.12661759459736177, 0.36047702755544136, 0.40880584408124726], [0.17233474679307423, 0.10961020818456296, 0.5784441275200276, 0.1396109174023352], [0.3346758521908658, 0.3510235288875098, 0.055492897201288735, 0.2588077216203356]], "ideal": "C", "sampled": "A", "correct": false}}
{"type": "result", "data": {"idx": 77, "options": ["0", "3", "12", "30"], "probs": [[0.13045993348798948, 0.7055766529213879, 0.08035181402094455, 0.08361159946967799], [0.4912880031154604, 0.22851243570686158, 0.16707770894511148, 0.11312185213256654], [0.17640461814448272, 0.08334659411729056, 0.5783171911697172, 0.16193159646850952], [0.1681089686575138, 0.40976395893645495, 0.3728136988146788, 0.04931337349135245]], "ideal": "A", "sampled": "B", "correct": false}}
{"type": "result", "data": {"idx": 78, "options": ["True, True", "False, False", "True, False", "False, True"], "probs": [[0.16780049357228563, 0.22769227149410243, 0.2171343363813437, 0.38737289845226824], [0.04690849844907698, 0.15148837783613414, 0.36315972011254916, 0.4384434035022397], [0.12154125038186984, 0.17015885322057886, 0.4998370557475055, 0.20846284055004582], [0.24704250322728785, 0.3005838349073973, 0.08403520160020661, 0.3683384601651082]], "ideal": "D", "sampled": "A", "correct": false}}
