{"type": "result", "data": {"idx": 0, "options": ["7 N", "5 N", "10 N", "12 N"], "probs": [[0.1778763181426176, 0.38593046703262823, 0.3915282668816442, 0.04466494784311001], [0.061614484277328484, 0.4778682940482244, 0.4210020052332611, 0.039515216341186016], [0.024475373689996038, 0.5201345759130122, 0.4171416225186323, 0.038248427778359455], [0.06546640151582149, 0.5489859971977893, 0.3594755396082811, 0.026072061578108062]], "ideal": "A", "sampled": "A", "correct": true}}
{"type": "result", "data": {"idx": 1, "options": ["weight of fluid.", "volume of fluid.", "density of fluid.", "All of these."], "probs": [[0.07292335844455458, 0.5079306098645061, 0.011724970622121064, 0.4074210609688182], [0.09101815842922499, 0.024134813728305945, 0.863880485980492, 0.020966541761976966], [0.011298568897125952, 0.2876206332760637, 0.38579401298145544, 0.31528678474535493], [0.1050628898159603, 0.5477226727181118, 0.31385774994374044, 0.0333566874221874]], "ideal": "B", "sampled": "D", "correct": false}}
{"type": "result", "data": {"idx": 2, "options": ["totally internally reflects", "passes into the air above", "is absorbed", "None of these"], "probs": [[0.7832752787909224, 0.16688238989933535, 0.007331487931573754, 0.04251084327816852], [0.024769838943034445, 0.007213666116495403, 0.00810699445693149, 0.9599095003835386], [0.015180015567401102, 0.03586973162697209, 0.8824531221403425, 0.06649713056528431], [0.04538563410220902, 0.8991879963756526, 0.04101702364224619, 0.014409345779892184]], "ideal": "B", "sampled": "A", "correct": false}}
{"type": "result", "data": {"idx": 3, "options": ["always.", "sometimes.", "never.", "on planet Earth only."], "probs": [[0.15074800458805795, 0.3484359798080123, 0.4681741155721232, 0.032641899931806606], [0.04526108165667727, 0.49537991761827427, 0.2624178034983564, 0.196941197126692], [0.09790384117201067, 0.10856148039549542, 0.7585713916524472, 0.034963286680046675], [0.04869672828550933, 0.696188480866099, 0.1595978820329127, 0.09551690871547905]], "ideal": "B", "sampled": "A", "correct": false}}
{"type": "result", "data": {"idx": 4, "options": ["changes", "aligns with the electric field", "is at right angles to the electric field", "converts to magnetic energy"], "probs": [[0.9296699044153083, 0.02086887481212148, 0.01226398518959747, 0.03719723548297275], [0.012148324700876116, 0.6641260462984713, 0.10823320949990152, 0.21549241940075103], [0.16112762687979176, 0.050734579558067414, 0.60825759166357, 0.1798802017985708], [0.08355503022666218, 0.8340205044477386, 0.01081009236740253, 0.0716143728581967]], "ideal": "A", "sampled": "A", "correct": true}}
{"type": "result", "data": {"idx": 5, "options": ["red", "yellow-green", "blue", "violet"], "probs": [[0.09308248757385215, 0.13993856309445035, 0.6167761682847274, 0.15020278094697007], [0.08788354276298106, 0.18486016185447318, 0.6150840153333884, 0.11217227994915731], [0.5151466568418284, 0.28460999445739243, 0.18945964586687145, 0.010783702733907772], [0.6694909306047678, 0.1693334868629177, 0.11630263585341025, 0.04487294657890419]], "ideal": "D", "sampled": "D", "correct": true}}
{"type": "result", "data": {"idx": 6, "options": ["mass distorts spacetime.", "gravity affects clocks.", "light can\u2019t escape from a black hole.", "All of these."], "probs": [[0.009180095930727408, 0.0029642365933211564, 0.005354542800802961, 0.9825011245751485], [0.005468362799192481, 0.013038398356665726, 0.6319885684516847, 0.3495046702924571], [0.029424236098691964, 0.33239466939208917, 0.600353497217269, 0.03782759719194975], [0.14925156865828845, 0.6179400819951772, 0.039245598891452335, 0.19356275035508197]], "ideal": "D", "sampled": "D", "correct": true}}
{"type": "result", "data": {"idx": 7, "options": ["voltage", "energy", "Both of these", "Neither of these"], "probs": [[0.21056851526529485, 0.058116975182278915, 0.7243199952937542, 0.006994514158671943], [0.009489789754438649, 0.08350940925133712, 0.0023270314925440327, 0.9046737694016802], [0.6418272765582324, 0.06878635193706678, 0.2849892935129392, 0.0043970778917616585], [0.016103146206204906, 0.7187751952881618, 0.018260102275085333, 0.246861556130548]], "ideal": "A", "sampled": "A", "correct": true}}
{"type": "result", "data": {"idx": 8, "options": ["chaotic", "ordered", "positioned by amplitude", "in phase"], "probs": [[0.025608395532599543, 0.8634287536196273, 0.06342586436433219, 0.04753698638344095], [0.7014689366398874, 0.07343976116817195, 0.0448643522866168, 0.18022694980532386], [0.056683364586484444, 0.013688099377267077, 0.020862872905849008, 0.9087656630303994], [0.11644181174209778, 0.09144997255148528, 0.7657012057395048, 0.02640700986691208]], "ideal": "B", "sampled": "B", "correct": true}}
{"type": "result", "data": {"idx": 9, "options": ["amplitude", "wavelength", "frequency", "energy"], "probs": [[0.006097850355094435, 0.01464079405235424, 0.08754839698347186, 0.8917129585090795], [0.02425226277716215, 0.1366514907263041, 0.5189426118752108, 0.3201536345213229], [0.018805035437515757, 0.3820795317696671, 0.20546738382811808, 0.39364804886469906], [0.553099036161426, 0.0893502980381307, 0.16121526060876404, 0.19633540509167932]], "ideal": "D", "sampled": "D", "correct": true}}
{"type": "result", "data": {"idx": 10, "options": ["the same", "opposite", "Either of these", "Need more information"], "probs": [[0.016817184633305116, 0.921279038805002, 0.04607840755712669, 0.015825368904566234], [0.6980322947723997, 0.24352406591171147, 0.03137530647625165, 0.027068332739637154], [0.05685857555762776, 0.03402836916937062, 0.038473988950711815, 0.8706390662222898], [0.013717947245326085, 0.07908272580400909, 0.8689794957536693, 0.03821983109699552]], "ideal": "B", "sampled": "B", "correct": true}}
{"type": "result", "data": {"idx": 11, "options": ["conduction", "convection", "radiation", "radioactivity"], "probs": [[0.006453972414370186, 0.015373107294904723, 0.9731819787306618, 0.004990941460063287], [0.023421829616160357, 0.9524175383589037, 0.00829205690964025, 0.015868575015295667], [0.4367565793973182, 0.02370560532680918, 0.16577589448457244, 0.3737619206913001], [0.002195163101202837, 0.0013852344893434095, 0.015721283401253144, 0.9806983189082006]], "ideal": "C", "sampled": "C", "correct": true}}
{"type": "result", "data": {"idx": 12, "options": ["half, 1 A", "2 A", "Depends on which lamp is closer to the battery", "Not enough information to say"], "probs": [[0.27828947666112275, 0.5368930860889151, 0.08161318711605044, 0.10320425003391182], [0.17107888074233638, 0.19853583567946137, 0.3946483848489572, 0.23573689862924507], [0.10609281886122275, 0.13628901641413402, 0.44320708839042827, 0.31441107623421494], [0.3937946862963084, 0.41296029163671594, 0.18171672555051907, 0.01152829641645658]], "ideal": "B", "sampled": "A", "correct": false}}
{"type": "result", "data": {"idx": 13, "options": ["increase.", "decrease.", "remain unchanged.", "None of these."], "probs": [[0.6069215718932054, 0.351636564631736, 0.03589370602360498, 0.005548157351453588], [0.014234691803863827, 0.010185693881542937, 0.006724661707472362, 0.9688549525071208], [0.005001131237297825, 0.01830085679289061, 0.9682520516064141, 0.008445960263397417], [0.026084751313256396, 0.906860783484476, 0.05974583797076438, 0.007308627131503278]], "ideal": "A", "sampled": "A", "correct": true}}
{"type": "result", "data": {"idx": 14, "options": ["2mg", "mg", "mg/2", "mg/4"], "probs": [[0.04566556417241146, 0.330025749992145, 0.5695839907559396, 0.05472469497950392], [0.029419344134811197, 0.7423321659294423, 0.202644796668924, 0.02560369316682254], [0.38412643476789343, 0.49373189897414216, 0.09339293335096364, 0.02874873280700077], [0.30109022362367927, 0.4317567404808812, 0.22199696549805378, 0.04515607029738574]], "ideal": "B", "sampled": "C", "correct": false}}
{"type": "result", "data": {"idx": 15, "options": ["less.", "equal.", "greater.", "none because it sinks."], "probs": [[0.5357265835918399, 0.2830136593519491, 0.1795131635231551, 0.0017465934330559022], [0.017030985231159302, 0.06594268669913068, 0.24644466084549685, 0.6705816671242132], [0.005894656296223569, 0.016548621853003532, 0.9689746077575592, 0.008582113993213744], [0.009059958175893045, 0.898046375903921, 0.07528170956529687, 0.01761195625488911]], "ideal": "A", "sampled": "A", "correct": true}}
{"type": "result", "data": {"idx": 16, "options": ["red.", "green.", "white minus red.", "a mixture of green and yellow."], "probs": [[0.5722640890790335, 0.05367386097997166, 0.3470824146521046, 0.026979635188890246], [0.005227143769097135, 0.003274121546293523, 0.002508300295768138, 0.9889904342888411], [0.04701849918155869, 0.029898540327169022, 0.9013810467462688, 0.021701913645003408], [0.04338900736399286, 0.9082594496067218, 0.028462678138183883, 0.019888864791101513]], "ideal": "A", "sampled": "A", "correct": true}}
{"type": "result", "data": {"idx": 17, "options": ["speed", "frequency", "wavelength", "All of these"], "probs": [[0.4151228340473258, 0.15566066920713792, 0.006406212642553284, 0.422810284002983], [0.09974769706254732, 0.02429642019040178, 0.6662475006523609, 0.20970838199468994], [0.0033408578926337616, 0.5380793955931873, 0.162164230575684, 0.29641551583849496], [0.5636883905264785, 0.38903808118843686, 0.034396346238585396, 0.012877181946499235]], "ideal": "B", "sampled": "D", "correct": false}}
{"type": "result", "data": {"idx": 18, "options": ["volume", "mass", "weight", "density"], "probs": [[0.49334131524030167, 0.3554461134408403, 0.0971284172262136, 0.054084153992644435], [0.0032396554268796143, 0.023027358756642795, 0.5842852638137411, 0.38944772190273647], [0.009873310173983378, 0.25877225043102153, 0.7029996631215133, 0.028354776173481748], [0.1726229563735507, 0.7161600282227076, 0.08747496080283006, 0.023742054500911578]], "ideal": "D", "sampled": "A", "correct": false}}
{"type": "result", "data": {"idx": 19, "options": ["transverse waves", "longitudinal waves", "all waves", "None of these"], "probs": [[0.2703541679045613, 0.04626714950111325, 0.6691553255485021, 0.014223356945823416], [0.021190445473339207, 0.24873882066320205, 0.054104781627743424, 0.6759659521357153], [0.2669935007720476, 0.0730323962207836, 0.6160210553990015, 0.04395304750816719], [0.045133039098564205, 0.3294440787173451, 0.020343651879349448, 0.6050792302047412]], "ideal": "A", "sampled": "A", "correct": true}}
{"type": "result", "data": {"idx": 20, "options": ["buoyant force", "mass", "weight", "All of these"], "probs": [[0.17460004273993385, 0.1112867792414651, 0.23134453136445682, 0.48276864655414425], [0.23519995543989275, 0.2669620910793244, 0.4064204389627332, 0.09141751441804968], [0.3660924718680989, 0.471015213118274, 0.06118512502749431, 0.10170718988613274], [0.3372990027295748, 0.1796129854776328, 0.04935084416387332, 0.43373716752891905]], "ideal": "A", "sampled": "D", "correct": false}}
{"type": "result", "data": {"idx": 21, "options": ["thermal energy.", "vibrational kinetic energy.", "average translational kinetic energy.", "rotational kinetic energy."], "probs": [[0.540449618232502, 0.16502599385774552, 0.28485128227594475, 0.009673105533807675], [0.43107170665184796, 0.4189428168664432, 0.024334501925927718, 0.1256509744557811], [0.8659537449841633, 0.02118881423035869, 0.10506504047554807, 0.007792400209929885], [0.011198786496052719, 0.851520021755777, 0.058213659639532095, 0.07906753200863822]], "ideal": "C", "sampled": "C", "correct": true}}
{"type": "result", "data": {"idx": 22, "options": ["move farther than the input piston", "exceed the force input", "exceed the input piston\u2019s speed", "produce increased energy"], "probs": [[0.3980063869779856, 0.19106027837907022, 0.3512938087695802, 0.059639525773363906], [0.14937501099329567, 0.6398146342536143, 0.13500936730373952, 0.0758009873493505], [0.613215804038715, 0.09263743459252001, 0.13158823548431584, 0.1625585257844491], [0.07947920143585537, 0.2651675005712061, 0.45050152460448756, 0.20485177328845097]], "ideal": "D", "sampled": "C", "correct": false}}
{"type": "result", "data": {"idx": 23, "options": ["decreases", "increases", "remains unchanged", "may increase or decrease"], "probs": [[0.11361751831249392, 0.7023281532828938, 0.033333387595062616, 0.1507209407095497], [0.20406822432382862, 0.10592146769187316, 0.6589377269425987, 0.031072580941699575], [0.020181776690565166, 0.5251628091478084, 0.40225737758465546, 0.05239803647697092], [0.08898272314718851, 0.276504425621856, 0.6131930912425745, 0.021319759888380998]], "ideal": "C", "sampled": "B", "correct": false}}
{"type": "result", "data": {"idx": 24, "options": ["half the bend.", "the same bend if the branch doesn\u2019t break.", "twice the bend.", "4 times the bend."], "probs": [[0.017737881937455718, 0.6457189817692184, 0.32948260989800005, 0.007060526295325903], [0.6711545817187566, 0.31247816563410685, 0.013082685398547553, 0.0032845671485888833], [0.3499129868655016, 0.13289218243635778, 0.402661639530699, 0.11453319106744161], [0.022879832202598784, 0.09054160406909095, 0.8257906020792564, 0.060787961549053915]], "ideal": "C", "sampled": "B", "correct": false}}
{"type": "result", "data": {"idx": 25, "options": ["increases but less than doubles", "doubles", "more than doubles", "depends on factors not stated"], "probs": [[0.008236399919952474, 0.9616149147518739, 0.025373917283155724, 0.004774767945017875], [0.7228244124979467, 0.22076812599661888, 0.019245222960347065, 0.037162238445087294], [0.004865791065826442, 0.005605103242343655, 0.02451667082214294, 0.965012434769687], [0.014981904358613605, 0.031985697027542816, 0.9417149607789687, 0.01131743773487489]], "ideal": "A", "sampled": "B", "correct": false}}
{"type": "result", "data": {"idx": 26, "options": ["1 minute.", "2 minutes.", "5 minutes.", "9 minutes."], "probs": [[0.20083250552268317, 0.3064749011048024, 0.4386136033382553, 0.05407898993425916], [0.15707232434827634, 0.30769489014721463, 0.48381679801081673, 0.05141598739369233], [0.21981456038585262, 0.3406766158203332, 0.36811266442768226, 0.07139615926613192], [0.2822647967483603, 0.26946118270547814, 0.39804744419910054, 0.050226576247061]], "ideal": "D", "sampled": "D", "correct": true}}
{"type": "result", "data": {"idx": 27, "options": ["move at a constant speed in a straight line", "accelerate at a constant rate in a straight line", "come to rest", "increase its amount of inertia"], "probs": [[0.8933740258476062, 0.08713649377262637, 0.016753422841738332, 0.00273605743802908], [0.34222369849038425, 0.09891593929743084, 0.002718506334342788, 0.5561418557778421], [0.0046733061867402685, 0.0036710017360863352, 0.9333451631162012, 0.058310528860972176], [0.004051845680331286, 0.8971001424254506, 0.09294877989326467, 0.005899231900953493]], "ideal": "A", "sampled": "A", "correct": true}}
{"type": "result", "data": {"idx": 28, "options": ["everyday low speeds.", "relativistic speeds.", "Both of these.", "Neither of these."], "probs": [[0.009533494958574145, 0.07511194245430576, 0.9065285560539568, 0.0088260064331633], [0.02355937628549717, 0.9476998169682543, 0.012131163662031501, 0.016609642984216938], [0.7494055889063188, 0.09545032252383942, 0.013100712904482243, 0.14204337556535954], [0.010156645220989918, 0.038135907723362845, 0.7520873980794428, 0.19962004887620438]], "ideal": "C", "sampled": "C", "correct": true}}
{"type": "result", "data": {"idx": 29, "options": ["evaporation", "condensation", "Both", "Neither"], "probs": [[0.007746074896536891, 0.27189895799164016, 0.7028809264373588, 0.01747404057446421], [0.03600182501598786, 0.7941553625826916, 0.102409050060358, 0.06743376224096252], [0.061463688082465766, 0.11962358028463556, 0.264869884717135, 0.5540428468157637], [0.00827032302921791, 0.08443160102621, 0.24322534370298765, 0.6640727321415845]], "ideal": "C", "sampled": "C", "correct": true}}
{"type": "result", "data": {"idx": 30, "options": ["shorter", "taller", "equal in height", "inoperable"], "probs": [[0.11135371650500826, 0.3302186613694417, 0.5032731575354477, 0.05515446449010233], [0.12738559996494547, 0.3522133191447906, 0.4664136416771966, 0.053987439113067345], [0.2549844719957307, 0.22356060478181117, 0.46921119788382015, 0.052243725238637975], [0.23341320006062374, 0.2607799586741598, 0.35608835616522133, 0.1497184849999951]], "ideal": "B", "sampled": "C", "correct": false}}
{"type": "result", "data": {"idx": 31, "options": ["force due to gravity is the same on each.", "air resistance is always zero in free fall.", "inertia of both rocks is the same.", "ratio of force to mass is the same."], "probs": [[0.8505323296721671, 0.028000219990502687, 0.07911680231883918, 0.0423506479184911], [0.016260324256400206, 0.023677159407118255, 0.5098527735873999, 0.45020974264908165], [0.0437804525758396, 0.09131391121112682, 0.8525503563859662, 0.012355279727067308], [0.07671975179315357, 0.8938209818174542, 0.018814032492467304, 0.01064523379692491]], "ideal": "D", "sampled": "A", "correct": false}}
{"type": "result", "data": {"idx": 32, "options": ["increases but less than doubles", "doubles", "more than doubles", "depends on factors not stated"], "probs": [[0.008780889864531773, 0.9631313545193002, 0.022957781888342656, 0.005129973627825339], [0.7601922119606921, 0.20178301447969435, 0.015399533908616723, 0.022625239550996865], [0.00268416602958192, 0.0030913179538720487, 0.007706199254078755, 0.9865183166624673], [0.01548193861822566, 0.02437186908510148, 0.9506012755223511, 0.009544916674321788]], "ideal": "C", "sampled": "B", "correct": false}}
{"type": "result", "data": {"idx": 33, "options": ["equals mass moving at the speed of light squared.", "equals moving mass.", "is fundamentally different than mass.", "and mass are closely related."], "probs": [[0.5653253987298092, 0.01905239997479274, 0.001813900835526015, 0.41380830035987193], [0.00882753348159537, 0.011517233096131852, 0.9738181728715423, 0.005837060450730459], [0.0038066696239553144, 0.8831552019440717, 0.10783075983961948, 0.005207368492353529], [0.9114279020604311, 0.08354569107010733, 0.0038443141998363924, 0.0011820925696251561]], "ideal": "D", "sampled": "D", "correct": true}}
{"type": "result", "data": {"idx": 34, "options": ["light leaving the Sun is slowed by gravity.", "light passing the Sun is deflected.", "a clock on the Sun\u2019s surface runs faster than on Earth.", "All of these."], "probs": [[0.009122411246998884, 0.13958194062340754, 0.015996352640991515, 0.835299295388602], [0.02176632735756542, 0.028629334103582316, 0.925679725212446, 0.023924613226406204], [0.005723594592116082, 0.7048262813219301, 0.23384222409401645, 0.055607899891937325], [0.07161729833494045, 0.42896662963685633, 0.4630802420805506, 0.03633582984765262]], "ideal": "D", "sampled": "D", "correct": true}}
{"type": "result", "data": {"idx": 35, "options": ["reduces by 2", "reduces by 4", "increases by 2", "increases by 4"], "probs": [[0.5545614812641712, 0.3364717872279338, 0.0948637922607622, 0.014102939147132832], [0.2042182870790716, 0.16805571629020338, 0.6002957336059384, 0.027430262924786616], [0.260540999274938, 0.2410581328029377, 0.47177888276307806, 0.02662198505904622], [0.023357135441212998, 0.4412275765989512, 0.49175056211485335, 0.04366472574498251]], "ideal": "A", "sampled": "A", "correct": true}}
{"type": "result", "data": {"idx": 36, "options": ["increases", "decreases", "remains the same", "Not enough information to say"], "probs": [[0.1389648870195007, 0.21886963447083857, 0.6229089300653078, 0.019256548344352933], [0.021319219367630985, 0.0750751618735494, 0.023969035293216645, 0.8796365833656029], [0.019032560003395597, 0.019353020645932903, 0.9318781951348197, 0.029736224115851813], [0.05172201361113667, 0.45788891142249893, 0.3507966775274405, 0.13959239733892392]], "ideal": "A", "sampled": "A", "correct": true}}
{"type": "result", "data": {"idx": 37, "options": ["30 km/h", "40 km/h", "50 km/h", "60 km/h"], "probs": [[0.31573508598039146, 0.3993152856121376, 0.23458753082436773, 0.050362097483103246], [0.12149509312849194, 0.29166553073437457, 0.45844526118921214, 0.12839411484792135], [0.153650190956795, 0.24376725603212746, 0.5446915504233139, 0.05789100248776371], [0.12555075853233957, 0.331015041746233, 0.5203800661242406, 0.02305413349718679]], "ideal": "C", "sampled": "A", "correct": false}}
{"type": "result", "data": {"idx": 38, "options": ["amplitude", "polarization", "momentum", "frequency"], "probs": [[0.0007624081662709021, 0.0007936129453779976, 0.005251561516583332, 0.9931924172717678], [0.004044213120406625, 0.04636006348237992, 0.945079505156157, 0.00451621814105641], [0.011615361767374538, 0.9643142192142581, 0.015414778114739687, 0.00865564080362765], [0.9750053686394302, 0.015186801247161909, 0.006528674027819649, 0.003279155985588254]], "ideal": "D", "sampled": "D", "correct": true}}
{"type": "result", "data": {"idx": 39, "options": ["electrons", "protons", "neutrons", "ions"], "probs": [[0.5888060659776827, 0.06208803478499449, 0.07088704802618497, 0.2782188511111378], [0.015393410134528324, 0.015644321478826915, 0.35866994263375834, 0.6102923256528864], [0.020273154712712498, 0.0649628568280505, 0.8967284609415431, 0.018035527417693858], [0.18557527068069957, 0.723968183220001, 0.03890323826930596, 0.05155330772999349]], "ideal": "A", "sampled": "A", "correct": true}}
{"type": "result", "data": {"idx": 40, "options": ["less.", "more.", "the same.", "Need more information."], "probs": [[0.2955265684953827, 0.2912859661777493, 0.3678599352447878, 0.04532752998208019], [0.06776335708560126, 0.08780927046610615, 0.7882069201685754, 0.05622045217971721], [0.07258313785388715, 0.06467355690736214, 0.7510717994554019, 0.11167150568334877], [0.03694662217391895, 0.38266325549949937, 0.5475037346696092, 0.03288638755697244]], "ideal": "C", "sampled": "A", "correct": false}}
{"type": "result", "data": {"idx": 41, "options": ["overlapping one another", "constructively interfering", "moving slower than the source producing them", "All of these"], "probs": [[0.12632206504608562, 0.29479352625172, 0.01983895591653159, 0.5590454526856627], [0.025032475450742376, 0.03764953723365736, 0.8691834213456561, 0.06813456586994415], [0.021838651683101402, 0.7877240673520433, 0.04080602100522648, 0.1496312598596288], [0.614236414371102, 0.27526548502076753, 0.07687561958259488, 0.03362248092553561]], "ideal": "D", "sampled": "D", "correct": true}}
{"type": "result", "data": {"idx": 42, "options": ["cold day", "hot day", "day with steady temperature", "None of these"], "probs": [[0.6596691681493061, 0.24659771000286032, 0.060882390219766165, 0.03285073152806746], [0.5783957989262208, 0.1474393644486284, 0.25669363807873763, 0.01747119844641313], [0.04147380109343711, 0.12696703936093479, 0.718626778387733, 0.11293238105789508], [0.052537459385566636, 0.6778270538420866, 0.24886582557542247, 0.02076966109692423]], "ideal": "B", "sampled": "A", "correct": false}}
{"type": "result", "data": {"idx": 43, "options": ["half", "twice", "the same", "None of these"], "probs": [[0.22990303510038518, 0.45411209789968615, 0.26260430498566295, 0.053380561914265656], [0.18065193159076123, 0.28888234277993696, 0.46132337698701653, 0.06914234854228525], [0.04590836761734052, 0.13189355176342904, 0.7409569383135076, 0.08124114220572282], [0.034992606487130845, 0.391401481333022, 0.5023272186708954, 0.07127869340895181]], "ideal": "C", "sampled": "A", "correct": false}}
{"type": "result", "data": {"idx": 44, "options": ["hot to cold ever", "cold to hot ever", "hot to cold without external energy", "cold to hot without external energy"], "probs": [[0.2614199220872766, 0.15264567731284517, 0.4380178153076844, 0.1479165851921938], [0.13916012228646676, 0.3938361884606575, 0.36975433316841655, 0.0972493559844592], [0.3241231344577458, 0.36786134931159953, 0.16952843457170494, 0.13848708155894973], [0.1972286791238049, 0.2850688908688598, 0.2938848348000363, 0.223817595107299]], "ideal": "D", "sampled": "C", "correct": false}}
{"type": "result", "data": {"idx": 45, "options": ["hydrogen.", "oxygen.", "nitrogen.", "But all have the same speed on average."], "probs": [[0.31626678452508356, 0.2505012527007076, 0.32633365169878775, 0.10689831097542106], [0.09189351304843323, 0.140296051626181, 0.44892112724012917, 0.3188893079852566], [0.18057258828948558, 0.10886466000328081, 0.416712800000201, 0.29384995160703264], [0.08172679190196283, 0.5471041365047801, 0.10660678464916562, 0.2645622868440915]], "ideal": "A", "sampled": "A", "correct": true}}
{"type": "result", "data": {"idx": 46, "options": ["greater", "less", "the same", "Any of these"], "probs": [[0.22060865994248094, 0.22962179093383928, 0.18578247170430856, 0.36398707731937124], [0.13306176859391936, 0.1261052358934128, 0.5142972545451799, 0.22653574086748787], [0.061682176806621664, 0.32628382770655845, 0.4454525509573961, 0.16658144442942377], [0.16525489828967582, 0.2262817424137395, 0.38753502309328863, 0.22092833610329604]], "ideal": "C", "sampled": "D", "correct": false}}
{"type": "result", "data": {"idx": 47, "options": ["less than 0.8 N", "0.8 N", "greater than 0.8 N", "dependent on the orientation of its body"], "probs": [[0.019290618189115784, 0.48988649959508823, 0.4821934467236456, 0.008629435392150366], [0.03669721027896681, 0.28874618963734733, 0.4909925149379196, 0.18356408504576624], [0.020901985152926208, 0.15208853553072832, 0.7844450952155975, 0.04256438400074797], [0.4642357717980882, 0.10279504629964428, 0.37301419710048717, 0.05995498470178033]], "ideal": "B", "sampled": "D", "correct": false}}
{"type": "result", "data": {"idx": 48, "options": ["along and parallel to the wave", "perpendicular to the wave", "Both of these", "Neither of these"], "probs": [[0.49283793380086327, 0.08909259702457428, 0.4022199794165157, 0.015849489658046716], [0.30978733355767235, 0.5322779426420136, 0.023345870938324367, 0.13458885276198979], [0.09976432733381434, 0.0591438756493553, 0.8227629858329717, 0.01832881108385863], [0.07336956733589928, 0.8237905790656088, 0.059919232127067575, 0.04292062137142436]], "ideal": "A", "sampled": "A", "correct": true}}
{"type": "result", "data": {"idx": 49, "options": ["the work done on them", "motion", "Both of these", "Neither of these"], "probs": [[0.05666034910855088, 0.04856210037008142, 0.8732433096276861, 0.021534240793681568], [0.01659991610554661, 0.9089868169373274, 0.03888665555274528, 0.035526611304380645], [0.3205519622254045, 0.12484481952738438, 0.54564178086137, 0.008961437285841114], [0.025710429040934582, 0.5101508082178922, 0.01014977729376565, 0.4539889853474076]], "ideal": "A", "sampled": "C", "correct": false}}
{"type": "result", "data": {"idx": 50, "options": ["voltage", "energy", "Both of these", "Neither of these"], "probs": [[0.1990830302966434, 0.058949559948542264, 0.7347041967217474, 0.007263212933066976], [0.007884137485847188, 0.05487458514652604, 0.0020260243139499498, 0.9352152529536768], [0.639675534880905, 0.06749415786693864, 0.28851579302642494, 0.004314514125731409], [0.01573443843767798, 0.7192076711832383, 0.018123586404134938, 0.2469343038749488]], "ideal": "A", "sampled": "A", "correct": true}}
{"type": "result", "data": {"idx": 51, "options": ["inside the nucleus", "outside the nucleus", "Either of these", "Neither of these"], "probs": [[0.7273032759354936, 0.03978233835909622, 0.2217827318991949, 0.011131653706215229], [0.0015871804891391997, 0.005011003116577596, 0.008781786167880574, 0.9846200301264026], [0.024423405502880132, 0.03640523176611009, 0.931235789292281, 0.007935573338728725], [0.059149578428126105, 0.8387092382319097, 0.06757068658529539, 0.03457049665466883]], "ideal": "A", "sampled": "A", "correct": true}}
{"type": "result", "data": {"idx": 52, "options": ["absorbed", "reflected", "scattered", "refracted"], "probs": [[0.013074794247099345, 0.2668616066029624, 0.7030027816001263, 0.01706081744981198], [0.008827477561135326, 0.6007833390710484, 0.07391716428975442, 0.3164720189780619], [0.12758239650928405, 0.09263896613360592, 0.7517467470401017, 0.02803189021700832], [0.006907733195186301, 0.5670684607154897, 0.10805403500490077, 0.31796977098442325]], "ideal": "A", "sampled": "C", "correct": false}}
{"type": "result", "data": {"idx": 53, "options": ["destruction", "interference", "resonance", "amplification"], "probs": [[0.006353066328826028, 0.758443835500218, 0.22741383407166588, 0.007789263999290133], [0.8754035356758155, 0.08679942316963657, 0.019040166301304413, 0.018756874753243533], [0.043138735393765726, 0.015278546280362588, 0.525540595128179, 0.4160421230976927], [0.002213675777351759, 0.22417612533391848, 0.757752543120849, 0.01585765566788067]], "ideal": "B", "sampled": "B", "correct": true}}
{"type": "result", "data": {"idx": 54, "options": ["all the colors together", "two or more appropriate colors", "light when a prism is held upside down", "None of these"], "probs": [[0.27588652533936864, 0.2920319328898247, 0.35999496426577426, 0.0720865774050324], [0.03362283930493325, 0.7634866407529457, 0.10683077066435258, 0.0960597491777685], [0.058458103394023755, 0.6937444493642687, 0.12376118957270271, 0.12403625756900481], [0.13932876079881518, 0.3651399259628305, 0.20916366263378655, 0.28636765050456775]], "ideal": "D", "sampled": "C", "correct": false}}
{"type": "result", "data": {"idx": 55, "options": ["about 1 A", "2 A", "Depends on which lamp is closer to the battery", "Not enough information to say"], "probs": [[0.28838451486305605, 0.6715667659894541, 0.02312292673031833, 0.01692579231717149], [0.32976351445339164, 0.09376381592746684, 0.37952135010254906, 0.19695131941659247], [0.03149175529171998, 0.05485476629932359, 0.42466518778813855, 0.4889882905208178], [0.1779574705948021, 0.4044129405525103, 0.41061834963807287, 0.007011239114614742]], "ideal": "D", "sampled": "B", "correct": false}}
{"type": "result", "data": {"idx": 56, "options": ["Speed only", "Wavelength only", "Both speed and wavelength", "Neither of these"], "probs": [[0.00574399568034645, 0.028281839100672935, 0.958420618553394, 0.007553546565586588], [0.031309163081634776, 0.8227808934436256, 0.05002846102820327, 0.09588148234653636], [0.6313800717053236, 0.06868915156796401, 0.2846057670337599, 0.01532500959295252], [0.0003717598623856185, 0.0033430074533976357, 0.07021926677284263, 0.9260659658113741]], "ideal": "C", "sampled": "C", "correct": true}}
{"type": "result", "data": {"idx": 57, "options": ["2 Hz", "4 Hz", "8 Hz", "16 Hz"], "probs": [[0.3035032084987821, 0.3840176376908488, 0.28510334447669516, 0.027375809233673963], [0.28352333297018917, 0.32401067943543516, 0.34468481738532164, 0.04778117010905404], [0.2130907483673492, 0.3007680486615537, 0.440733374762917, 0.04540782810818002], [0.20943445760836163, 0.2690835910232227, 0.4870064048124391, 0.034475546455976565]], "ideal": "B", "sampled": "B", "correct": true}}
{"type": "result", "data": {"idx": 58, "options": ["frequency", "period", "wavelength", "amplitude"], "probs": [[0.006859818005344786, 0.002861959083106132, 0.0031655670239125397, 0.9871126557876365], [0.009008850800736316, 0.021624304110357966, 0.876918007976213, 0.09244883701269267], [0.010956607104838536, 0.9206517385127344, 0.05923175830655499, 0.009159895975872056], [0.30178082717014293, 0.6607066552223919, 0.02021495115330272, 0.017297566354162443]], "ideal": "D", "sampled": "D", "correct": true}}
{"type": "result", "data": {"idx": 59, "options": ["charged", "uncharged", "Either of these", "Neither of these"], "probs": [[0.18979649673386564, 0.58991333520213, 0.17690496646492462, 0.04338520149907978], [0.4049248875984141, 0.3385278137521687, 0.18391422257584988, 0.0726330759735673], [0.035849157049476714, 0.39844476430520603, 0.3591721586678093, 0.2065339198775079], [0.056297132295445834, 0.39453519750208443, 0.4604966749331922, 0.08867099516927753]], "ideal": "C", "sampled": "B", "correct": false}}
{"type": "result", "data": {"idx": 60, "options": ["absorbed", "transmitted", "scattered", "polarized"], "probs": [[0.2236978278012099, 0.4314109403967316, 0.34127416734026295, 0.0036170643617955086], [0.0839297051076411, 0.7979587067431543, 0.01191433753058461, 0.10619725051861999], [0.33260111572652673, 0.03820602059217236, 0.6118396257885559, 0.01735323779274502], [0.008528431159771893, 0.667923705617173, 0.14535685247651065, 0.17819101064654455]], "ideal": "C", "sampled": "C", "correct": true}}
{"type": "result", "data": {"idx": 61, "options": ["thorium-242", "thorium-238", "thorium-234", "radium-214"], "probs": [[0.0812815780225639, 0.6455186441615507, 0.25638966488887205, 0.016810112827013387], [0.5811017068475274, 0.29707219751081143, 0.0694018070419497, 0.052424288499711424], [0.08373603601846667, 0.04664641498781288, 0.5723697714133089, 0.29724777748041153], [0.08866643640506412, 0.1194409170793982, 0.7253941080621443, 0.06649853835339337]], "ideal": "C", "sampled": "B", "correct": false}}
{"type": "result", "data": {"idx": 62, "options": ["toward you", "away from you", "Both of these", "None of these"], "probs": [[0.008159332740696685, 0.49074794831765023, 0.4892984229912019, 0.011794295850451187], [0.4523796238704685, 0.4981601971886763, 0.00954381646224669, 0.03991636237860851], [0.04493175701898178, 0.05863619442273913, 0.21437581812446813, 0.682056230333811], [0.004767481682854172, 0.08659222684897222, 0.5175451018060334, 0.3910951895621401]], "ideal": "C", "sampled": "B", "correct": false}}
{"type": "result", "data": {"idx": 63, "options": ["charge", "energy", "mass", "all of these"], "probs": [[0.11371452360208145, 0.10860594360934434, 0.36419025059872806, 0.41348928208984614], [0.06608215891123277, 0.452103388132854, 0.4660935224970544, 0.015720930358858805], [0.3306563075056707, 0.5730479741623163, 0.057923437726537706, 0.038372280505475205], [0.3570949687630635, 0.19737060272970544, 0.05873131049543002, 0.386803117911801]], "ideal": "D", "sampled": "D", "correct": true}}
{"type": "result", "data": {"idx": 64, "options": ["unchanged", "twice as much", "half as much", "four times as much"], "probs": [[0.013874157627686763, 0.5134196390896325, 0.44529418106559016, 0.027412022117090564], [0.21443928935796866, 0.3349401975456231, 0.40999752584468296, 0.04062298715172525], [0.05545940994661776, 0.2819521128849365, 0.5262453555534545, 0.13634312151499117], [0.21998474327487424, 0.27613085917052294, 0.4693178007925788, 0.034566596662024024]], "ideal": "B", "sampled": "B", "correct": true}}
{"type": "result", "data": {"idx": 65, "options": ["breaking the sound barrier", "pulling out of a subsonic dive", "flying faster than sound", "Each of these produces a sonic boom"], "probs": [[0.5039545742975007, 0.06935095579672876, 0.3573845518057425, 0.06930991800002803], [0.042333336986093185, 0.31839178922000205, 0.16874551205620417, 0.4705293616377006], [0.11586192476208045, 0.172711945782678, 0.6882320930165808, 0.023194036338660694], [0.041282027186757726, 0.730460451275444, 0.03821847143725203, 0.19003905000054622]], "ideal": "C", "sampled": "A", "correct": false}}
{"type": "result", "data": {"idx": 66, "options": ["becomes slightly radioactive", "doesn\u2019t become radioactive", "will spoil faster", "should be avoided"], "probs": [[0.8221942513575021, 0.1290791886564052, 0.03366700077246875, 0.015059559113623968], [0.0035025183835375867, 0.0028819271658347087, 0.006698779722129321, 0.9869167746284984], [0.010308558158695101, 0.024738559589067434, 0.9501789842720062, 0.01477389788023127], [0.0150825128078798, 0.8980977389969355, 0.07196254644380005, 0.01485720165138469]], "ideal": "B", "sampled": "A", "correct": false}}
{"type": "result", "data": {"idx": 67, "options": ["fluorescence.", "coherence.", "polarization.", "de-excitation."], "probs": [[0.9265062635488732, 0.03147511125273831, 0.0224821656457546, 0.01953645945263384], [0.0032428889766188216, 0.0030761363669389477, 0.00502355260624842, 0.9886574219501938], [0.011677074262753079, 0.026143189334464252, 0.9577413047169276, 0.004438431585855013], [0.02155069037567554, 0.956795400660601, 0.013823489678515075, 0.007830419185208375]], "ideal": "D", "sampled": "A", "correct": false}}
{"type": "result", "data": {"idx": 68, "options": ["reflected or converted to internal energy in the material.", "mainly reflected.", "mainly refracted.", "transmitted at a lower frequency."], "probs": [[0.8483445158095405, 0.10626057672895345, 0.02664547820591895, 0.018749429155587034], [0.12130049457270761, 0.06808594943318394, 0.02523392933370066, 0.7853796265604077], [0.012430754609883236, 0.03151265698553097, 0.920623659582336, 0.03543292872224972], [0.009354542173255098, 0.920105501014665, 0.04258213215339943, 0.027957824558680403]], "ideal": "A", "sampled": "A", "correct": true}}
{"type": "result", "data": {"idx": 69, "options": ["1/100 as much", "10 times as much", "100 times as much", "1000 times as much"], "probs": [[0.4410695495210579, 0.13559301044638217, 0.40154794953358425, 0.021789490398975667], [0.026253572029017316, 0.03761935754522846, 0.16854243464319693, 0.7675846356825573], [0.0229607881071716, 0.039374516217048794, 0.8821386278721791, 0.05552606770360043], [0.0077369892016278495, 0.6444899748284669, 0.29488424878090236, 0.052888787089002916]], "ideal": "C", "sampled": "A", "correct": false}}
{"type": "result", "data": {"idx": 70, "options": ["direction", "energy", "Both of these", "Neither of these"], "probs": [[0.17655027913917795, 0.05652065523126266, 0.7552714776158924, 0.011657587913666981], [0.014463088893191572, 0.23587391433442428, 0.011898902753893343, 0.7377640939184907], [0.2969370374081984, 0.10594459547927303, 0.5907063261648673, 0.006412040847661244], [0.03609674463913318, 0.7288346371313162, 0.015175443310733762, 0.21989317481881682]], "ideal": "A", "sampled": "A", "correct": true}}
{"type": "result", "data": {"idx": 71, "options": ["more dense", "less dense", "more slippery", "warmer"], "probs": [[0.15262423283618065, 0.7176022448686148, 0.08900818873415194, 0.0407653334610526], [0.4195182825313097, 0.08935873754862275, 0.030143588104580756, 0.4609793917154868], [0.07197234368965888, 0.025088726777343504, 0.7444165694908215, 0.15852235994217617], [0.022819197985656067, 0.6177930647174705, 0.3150277043555748, 0.044360032841298566]], "ideal": "A", "sampled": "A", "correct": true}}
{"type": "result", "data": {"idx": 72, "options": ["frequency.", "wavelength.", "air temperature.", "All of these."], "probs": [[0.002207349041960103, 0.003586019368934294, 0.2377930568044156, 0.75641357468469], [0.006612546683497276, 0.05088092728486088, 0.9366654607307745, 0.005841065200867391], [0.019245769701165254, 0.9482201871095638, 0.009097716710846054, 0.023436326378424892], [0.2728829445842016, 0.004451147847413257, 0.003008171984345851, 0.7196577354840392]], "ideal": "C", "sampled": "D", "correct": false}}
{"type": "result", "data": {"idx": 73, "options": ["conduction", "convection", "radiation", "All of these, although radiation is greatest"], "probs": [[0.0021114124820142666, 0.003653815241225934, 0.36062990860362454, 0.6336048635731353], [0.009896645846819662, 0.6394807439127366, 0.34628694104140006, 0.004335669099043682], [0.6710543962271271, 0.3134083623499541, 0.004057045399341684, 0.011480195923577059], [0.04032592059980175, 0.0021080376440821766, 0.0019466879739017987, 0.9556193536822143]], "ideal": "C", "sampled": "C", "correct": true}}
{"type": "result", "data": {"idx": 74, "options": ["like any other force", "multiplied by a lever arm", "that is fictitious", "that accelerates things"], "probs": [[0.01384023540092746, 0.9367537913498065, 0.03564168524985061, 0.013764287899415443], [0.923049492528181, 0.039665151821023294, 0.012474095344977563, 0.02481126020581811], [0.04327892674584759, 0.03821509146011614, 0.23032455518692008, 0.6881814265071162], [0.015923996323892825, 0.06976241968542335, 0.8902026861676576, 0.02411089772302619]], "ideal": "B", "sampled": "B", "correct": true}}
