{"type": "result", "data": {"idx": 0, "options": ["p = 4", "p = 8", "p = 12", "p = 24"], "probs": [[0.3516262484423345, 0.25740054343078655, 0.3684899522311925, 0.022483255795686413], [0.4227631736153415, 0.4099921919734127, 0.09432953623204551, 0.07291509807920031], [0.6322780540712651, 0.06823647436162131, 0.24758093347699164, 0.05190453799012193], [0.035613685444753414, 0.42404901503201564, 0.4802178388329436, 0.06011946059028729]], "ideal": "C", "sampled": "C", "correct": true}}
{"type": "result", "data": {"idx": 1, "options": ["5", "7", "8", "9"], "probs": [[0.03237244534723755, 0.10210018011055882, 0.7782045717981775, 0.08732280264402612], [0.024259528730197717, 0.11666848046784598, 0.5564705267627567, 0.3026014639391997], [0.016997695537369628, 0.06027524002216443, 0.8000203042429215, 0.12270676009754447], [0.012871679653115595, 0.4719409230974307, 0.4363307570461726, 0.07885664010328117]], "ideal": "C", "sampled": "A", "correct": false}}
{"type": "result", "data": {"idx": 2, "options": ["1 over 5", "\u22125", "\u22121 over 5", "5"], "probs": [[0.14697809664566525, 0.23494348763517228, 0.6092492977419414, 0.008829117877221133], [0.5804303244633918, 0.1295277466530633, 0.19746740013273237, 0.09257452865081249], [0.47661074325410946, 0.07720894257871025, 0.4339637695289654, 0.012216544538214887], [0.27177231286256354, 0.13247292640346603, 0.3773102293243591, 0.21844453130961133]], "ideal": "D", "sampled": "C", "correct": false}}
{"type": "result", "data": {"idx": 3, "options": ["4", "5", "6", "7"], "probs": [[0.006824806697535697, 0.142594847170401, 0.7585316862996977, 0.09204865973236565], [0.011398608933163806, 0.22729616140056808, 0.6470556336848495, 0.1142495958814186], [0.037474969725196705, 0.316379176494987, 0.24625058950719714, 0.39989526417261917], [0.018237166778594372, 0.04997999267283264, 0.6134220557236955, 0.31836078472487755]], "ideal": "B", "sampled": "C", "correct": false}}
{"type": "result", "data": {"idx": 4, "options": ["4t = 112; $448", "4t = 112; $28", "t over 4 = 112; $448", "t over 4 = 112; $28"], "probs": [[0.26975032282530387, 0.2458195649464543, 0.1537070102283579, 0.33072310189988396], [0.27277657691764623, 0.02071171649388661, 0.685801990475493, 0.02070971601297418], [0.02701471121489706, 0.07580286080109547, 0.747615140380088, 0.14956728750391943], [0.6639429728337886, 0.08987765490474599, 0.20567623655896272, 0.04050313560250277]], "ideal": "B", "sampled": "D", "correct": false}}
{"type": "result", "data": {"idx": 5, "options": ["9", "11", "26", "32"], "probs": [[0.1906401571631573, 0.2688722392311708, 0.49448983349891307, 0.04599777000675878], [0.2924835104644107, 0.2501904086437718, 0.44598502206989366, 0.011341058721923897], [0.2720032859171758, 0.23633221663285228, 0.4346471613116652, 0.05701733603830673], [0.18053769996246705, 0.18921449708084134, 0.5827795244812094, 0.047468278375482204]], "ideal": "C", "sampled": "B", "correct": false}}
{"type": "result", "data": {"idx": 6, "options": ["1.1 over 11", "11 over 11", "12 over 11", "11 over 12"], "probs": [[0.8205097133474638, 0.0558363860558434, 0.10109361023474495, 0.02256029026194781], [0.08119727035119273, 0.07055594219428019, 0.040510096208008176, 0.8077366911465189], [0.0573819514731923, 0.02711174143080163, 0.8700949159842155, 0.04541139101179058], [0.008266123161000975, 0.9633926327179305, 0.023364356209613586, 0.004976887811454872]], "ideal": "C", "sampled": "A", "correct": false}}
{"type": "result", "data": {"idx": 7, "options": ["3.6", "36", "0.01272", "12.72"], "probs": [[0.33504459102526485, 0.030923876764308838, 0.6259641617564176, 0.008067370354008787], [0.02004126842503329, 0.6237531353721677, 0.2899561866307488, 0.06624940947205017], [0.7562404119237421, 0.024310575297621092, 0.21330250360485328, 0.00614650907378348], [0.24521478008993308, 0.6773461422821291, 0.07362632897770269, 0.0038127485502351633]], "ideal": "B", "sampled": "C", "correct": false}}
{"type": "result", "data": {"idx": 8, "options": ["159.26", "2.224", "14,111", "126.26"], "probs": [[0.9492082078391252, 0.03797503219703003, 0.006008261864473321, 0.006808497999371425], [0.2602904966882594, 0.012660260912173716, 0.7187460472788064, 0.008303195020760401], [0.005912266869675584, 0.481004573981865, 0.4961049034126506, 0.016978255635808757], [0.9647652256080528, 0.020339613902320208, 0.013654443836345955, 0.001240716553280994]], "ideal": "D", "sampled": "D", "correct": true}}
{"type": "result", "data": {"idx": 9, "options": ["0.72", "0.702", "10.0571", "7.2"], "probs": [[0.8270255531387928, 0.08583930965333365, 0.02721352020956955, 0.05992161689830396], [0.4540288617018643, 0.03420642145404962, 0.4540288617018643, 0.057735855042221826], [0.27771415372609265, 0.5882478158547692, 0.09980379454451338, 0.034234235774624755], [0.6313625910806041, 0.0714004382963424, 0.280146170075506, 0.0170908004475475]], "ideal": "D", "sampled": "D", "correct": true}}
{"type": "result", "data": {"idx": 10, "options": ["150 + 400 + 200", "200 + 400 + 200", "200 + 450 + 200", "200 + 500 + 200"], "probs": [[0.023636545565321743, 0.26017859115141473, 0.7071421020555974, 0.009042761127666178], [0.02096235832915367, 0.3253999775919686, 0.6470406900930341, 0.006596973885843597], [0.09568835013264058, 0.28129207980318754, 0.6047548628561622, 0.01826470710800962], [0.034202053088378, 0.11571862191787016, 0.8416968920581285, 0.008382432835623305]], "ideal": "C", "sampled": "B", "correct": false}}
{"type": "result", "data": {"idx": 11, "options": ["21", "7", "1", "None of these"], "probs": [[0.37923933767040047, 0.1174908034754387, 0.4868671515186749, 0.016402707235485987], [0.4271184722071225, 0.44081120857637757, 0.11675287564509199, 0.015317443471407921], [0.6567855501143451, 0.13985754600205746, 0.16601537228211363, 0.03734153150148374], [0.0714317890080213, 0.21338469741824406, 0.22693752764596986, 0.4882459858277648]], "ideal": "D", "sampled": "C", "correct": false}}
{"type": "result", "data": {"idx": 12, "options": ["8", "9", "49", "63"], "probs": [[0.24078417235659968, 0.21594277546886365, 0.4428668121759226, 0.10040623989861407], [0.08461126128359252, 0.18777069867247254, 0.5965468420210019, 0.131071197922933], [0.060775540886643394, 0.17453009993704666, 0.7009930457847738, 0.06370131329153611], [0.12134097177092554, 0.2609838930586327, 0.5788870051296192, 0.03878812994082256]], "ideal": "A", "sampled": "A", "correct": true}}
{"type": "result", "data": {"idx": 13, "options": ["6", "11", "8", "5"], "probs": [[0.2758118890192037, 0.09386459271757708, 0.4407283496633026, 0.18959516849991656], [0.07982340454257003, 0.24792121348286017, 0.4851560592166211, 0.1870993226579487], [0.1605650472438327, 0.2526993732445609, 0.5517330128018688, 0.03500256660973755], [0.406386601693922, 0.29742958252347734, 0.10114603932245286, 0.19503777636014777]], "ideal": "A", "sampled": "D", "correct": false}}
{"type": "result", "data": {"idx": 14, "options": ["10 bars of soap for $23.20", "16 bars of soap for $36.48", "13 bars of soap for $29.51", "12 bars of soap for $27.60"], "probs": [[0.1824489052700173, 0.05268880998768507, 0.5447285073315167, 0.22013377731078096], [0.006036285063023973, 0.0563931032201725, 0.8751464126627796, 0.06242419895402389], [0.006803666237618428, 0.03221116958226614, 0.9560835952118966, 0.004901568868218841], [0.005698317714381334, 0.9661495178544481, 0.018829040402796725, 0.009323123928373844]], "ideal": "C", "sampled": "A", "correct": false}}
{"type": "result", "data": {"idx": 15, "options": ["5 minutes", "14 minutes", "34 minutes", "70 minutes"], "probs": [[0.0045087661142775215, 0.35833145329104227, 0.6187574545870548, 0.01840232590762539], [0.05858474453377424, 0.3534341294376959, 0.5733951553898199, 0.014585970538709877], [0.3018823788670599, 0.38175332406468265, 0.13604835688067643, 0.18031594008758098], [0.042252567448201134, 0.033957526716873396, 0.7373120921357289, 0.1864778135991966]], "ideal": "B", "sampled": "C", "correct": false}}
{"type": "result", "data": {"idx": 16, "options": ["18", "24", "25", "29"], "probs": [[0.25470440696365326, 0.2931995037167091, 0.447011775814504, 0.005084313405133609], [0.19847317925226102, 0.5744052189493312, 0.17242810899208758, 0.05469349270632023], [0.14724018290715152, 0.14051175768688337, 0.6296462040720835, 0.08260185523388158], [0.024822944634032427, 0.4470250283087146, 0.5064133972927405, 0.021738629664512402]], "ideal": "B", "sampled": "A", "correct": false}}
{"type": "result", "data": {"idx": 17, "options": ["(60/6)\u201412=a", "(60\u201412)/6=a", "(60-6)-12=a", "(60+12)/6=a"], "probs": [[0.6583973936405332, 0.3214221978237006, 0.013566962795721569, 0.006613445640044627], [0.9468811273265151, 0.029078500742687544, 0.007346270235732763, 0.016694101595064622], [0.026826490513577335, 0.7614482867387917, 0.17777365974119755, 0.03395156290643336], [0.4050973115819612, 0.3754959756320985, 0.2136220068560947, 0.005784705829845567]], "ideal": "B", "sampled": "B", "correct": true}}
{"type": "result", "data": {"idx": 18, "options": ["5", "25", "50", "125"], "probs": [[0.006446846922275277, 0.8383516879244505, 0.10162420080317335, 0.05357726425010089], [0.13041426021469774, 0.18395268606869492, 0.6622477062125066, 0.023385347404100712], [0.016306655813935693, 0.5236135231920285, 0.38286957925373727, 0.07721024164029856], [0.09427092785315319, 0.11023776889162186, 0.7770699725011745, 0.018421330654050397]], "ideal": "D", "sampled": "B", "correct": false}}
{"type": "result", "data": {"idx": 19, "options": ["7", "16", "30", "33"], "probs": [[0.15774006355049633, 0.3500790156109289, 0.42216001843880097, 0.07002090229977376], [0.28997136995840606, 0.13699273141175158, 0.5417444452461347, 0.03129145328370755], [0.05682608048616478, 0.20468453832139047, 0.640273981027271, 0.09821540006517376], [0.128394327529785, 0.2184526144031393, 0.63202378581233, 0.02112927215474569]], "ideal": "A", "sampled": "B", "correct": false}}
{"type": "result", "data": {"idx": 20, "options": ["\u221212", "12", "8", "16"], "probs": [[0.08730181920695763, 0.2731937725092896, 0.4364834064332754, 0.20302100175047735], [0.43137484543531424, 0.21025773763272662, 0.34124365254854533, 0.017123764283413778], [0.24311315648638215, 0.40094437593765453, 0.09299994865620045, 0.2629425188197628], [0.18295171037192792, 0.06944730566728159, 0.7013392134200893, 0.046261770440701115]], "ideal": "C", "sampled": "B", "correct": false}}
{"type": "result", "data": {"idx": 21, "options": ["382", "397", "406", "447"], "probs": [[0.006773387958084828, 0.15782970741519936, 0.6961273259361761, 0.1392695785905397], [0.0638016024734592, 0.2175631853357426, 0.5382698854007962, 0.18036532669000202], [0.10135966019867773, 0.13430537582273416, 0.42665378208633437, 0.33768118179225376], [0.019171341966092607, 0.041554927202555575, 0.6249277497958903, 0.3143459809354615]], "ideal": "B", "sampled": "C", "correct": false}}
{"type": "result", "data": {"idx": 22, "options": ["\u22127", "\u22121", "1", "7"], "probs": [[0.4121724851454992, 0.5132053355331908, 0.061265582420602226, 0.013356596800707783], [0.9538410781144421, 0.0381656768551705, 0.0037782815737533466, 0.004214963356634059], [0.28568294322223375, 0.06036161935811796, 0.4859690313378266, 0.16798640598182168], [0.06691877717761362, 0.31197363948613777, 0.564741030104561, 0.05636655313168762]], "ideal": "A", "sampled": "B", "correct": false}}
{"type": "result", "data": {"idx": 23, "options": ["53", "63", "73", "83"], "probs": [[0.010639853932983443, 0.12370360825767289, 0.8063088178768422, 0.05934771983250147], [0.016848678164557127, 0.14902589232076607, 0.7927461136787384, 0.04137931573593839], [0.06491994663662369, 0.4040812431145574, 0.3913767518791558, 0.1396220582696631], [0.08849521659550831, 0.04774884843535928, 0.8009958802778522, 0.06276005459128017]], "ideal": "C", "sampled": "D", "correct": false}}
{"type": "result", "data": {"idx": 24, "options": ["11.1", "5.7", "3.7", "22.68"], "probs": [[0.009402629467430508, 0.1845177621371325, 0.8013870926969838, 0.004692515598453201], [0.383817339370369, 0.5247330997376777, 0.043396822126884206, 0.04805273866506909], [0.2658985981700723, 0.0293717510292095, 0.6684559906720524, 0.03627366002866576], [0.021221578237647955, 0.30707618762691047, 0.6499728000071333, 0.021729434028308302]], "ideal": "B", "sampled": "C", "correct": false}}
{"type": "result", "data": {"idx": 25, "options": ["32", "3.2", "3,200", "320"], "probs": [[0.010022806616638213, 0.9683463265860914, 0.009054975296518364, 0.012575891400751998], [0.009932278247469372, 0.00993340142244822, 0.944362065146369, 0.035772255083713456], [0.0009703238266644485, 0.3245711600782982, 0.5433375698360638, 0.13112094615897343], [0.002844760537925699, 0.043134210641677315, 0.9514506050675278, 0.0025704236528691976]], "ideal": "A", "sampled": "B", "correct": false}}
{"type": "result", "data": {"idx": 26, "options": ["46.4", "456", "4.56", "45.6"], "probs": [[0.18400114224497832, 0.11514962865304927, 0.5079770532345312, 0.19287217576744117], [0.012751516777898339, 0.07873214714504487, 0.8596259282632405, 0.04889040771381628], [0.02271503629010971, 0.31855724280794817, 0.6235402438597677, 0.03518747694217441], [0.0420253601420783, 0.31547831503548773, 0.6079196718272407, 0.03457665289519332]], "ideal": "D", "sampled": "D", "correct": true}}
{"type": "result", "data": {"idx": 27, "options": ["508", "508 r2", "578", "578 r2"], "probs": [[0.6095772492853132, 0.016501514531445632, 0.36971653158302986, 0.004204704500211318], [0.002386936735375684, 0.8636876280278682, 0.07424605070040723, 0.059679384436348876], [0.4752962023727958, 0.014242356734506073, 0.505945089726979, 0.004516351065719051], [0.0025842161293006976, 0.9279090562448448, 0.03826477668788422, 0.031241950837970295]], "ideal": "D", "sampled": "A", "correct": false}}
{"type": "result", "data": {"idx": 28, "options": ["100 \u2014 5d", "5d+ 100", "100 / 5d", "5d"], "probs": [[0.9458856681442014, 0.03186977658860917, 0.014250016055505653, 0.007994539111683838], [0.04542640477484713, 0.6628448140802946, 0.22187207386689362, 0.06985670717796462], [0.9463383005755801, 0.0367024863840459, 0.015295236478475806, 0.0016639764618981757], [0.014482036245676259, 0.9622344956404857, 0.013086537000453405, 0.010196931013384652]], "ideal": "A", "sampled": "A", "correct": true}}
{"type": "result", "data": {"idx": 29, "options": ["4t", "t over 4", "t \u2212 4", "t + 4"], "probs": [[0.9175376489513671, 0.025231600116206135, 0.0021200121341957597, 0.055110738698230924], [0.004079357623624022, 0.00424296445338877, 0.591430530748346, 0.4002471470746412], [0.0030577704673755957, 0.034456997417652596, 0.9608353626130869, 0.0016498694018849533], [0.0023444837588868406, 0.9917809825432352, 0.0035475240134854855, 0.002327009584392406]], "ideal": "A", "sampled": "A", "correct": true}}
{"type": "result", "data": {"idx": 30, "options": ["681,452", "462,017", "246,412", "125,655"], "probs": [[0.42520141438910614, 0.15163104178122672, 0.38715258092602667, 0.03601496280364047], [0.3397203582268873, 0.24474566443065124, 0.367340821964341, 0.0481931552781205], [0.2760083058497844, 0.09103703430102085, 0.5663487868461744, 0.06660587290302036], [0.1665761694185975, 0.20734130407250886, 0.4973268286091389, 0.12875569779975476]], "ideal": "B", "sampled": "A", "correct": false}}
{"type": "result", "data": {"idx": 31, "options": ["15 remainder 7", "15 remainder 3", "16 remainder 5", "16 remainder 1"], "probs": [[0.237658643019127, 0.4043882673838466, 0.3404621982477393, 0.01749089124928712], [0.39951402354217763, 0.2661932435813764, 0.3210409018182926, 0.01325183095815334], [0.4834325999177469, 0.37659845453829704, 0.11663668073733323, 0.02333226470662282], [0.40698112796752955, 0.19838165594661153, 0.3705724636153722, 0.024064752370486664]], "ideal": "B", "sampled": "B", "correct": true}}
{"type": "result", "data": {"idx": 32, "options": ["17 over 2", "34 over 4", "17 over 4", "19 over 2"], "probs": [[0.28788891860778526, 0.13183196084122734, 0.5378183206052941, 0.042460799845693266], [0.2203433712943075, 0.166375301774704, 0.4664590447767453, 0.1468222820542432], [0.3407962670700136, 0.13141693369351343, 0.48056841607903505, 0.047218383057437925], [0.2733335020864933, 0.13118070949110075, 0.49491279544557754, 0.10057299287682839]], "ideal": "A", "sampled": "C", "correct": false}}
{"type": "result", "data": {"idx": 33, "options": ["200,000 + 7,000 + 200 + 4", "200,000 + 7,000 + 200 + 40", "200,000 + 70,000 + 200 + 40", "200,000 + 70,000 + 2,000 + 40"], "probs": [[0.06190401449883951, 0.05725650212953269, 0.8282938085504973, 0.052545674721130475], [0.14833165413616994, 0.285956377130199, 0.5511370788951809, 0.01457488973845015], [0.03818563343064373, 0.5441015321656738, 0.14411520849131426, 0.2735976258123682], [0.10705901122950016, 0.06596641642860844, 0.6873121498494595, 0.13966242239243185]], "ideal": "C", "sampled": "C", "correct": true}}
{"type": "result", "data": {"idx": 34, "options": ["220 parts", "770 parts", "4 parts", "110 parts"], "probs": [[0.14305924890296723, 0.6723288176812225, 0.05428891640168467, 0.13032301691412548], [0.029630112175916837, 0.013567605429858482, 0.928961000429438, 0.027841281864786672], [0.0014824706100323205, 0.05145561150734954, 0.9334270642416146, 0.013634853541003498], [0.22482576812233096, 0.11129968537122623, 0.6606671168834202, 0.003207429523022604]], "ideal": "D", "sampled": "B", "correct": false}}
{"type": "result", "data": {"idx": 35, "options": ["the mean would increase.", "the mean would decrease.", "the median would increase.", "the median would decrease."], "probs": [[0.3140738723140503, 0.32929782302729305, 0.27718884782659914, 0.07943945673205752], [0.02453661873191522, 0.2765757117462771, 0.5413147160119652, 0.1575729534098424], [0.37971594642987544, 0.28677621267270104, 0.25693774029324723, 0.07657010050417627], [0.2271326664925874, 0.22024566261124043, 0.3253767538546501, 0.2272449169415221]], "ideal": "A", "sampled": "C", "correct": false}}
{"type": "result", "data": {"idx": 36, "options": ["\u20137", "5", "7", "27"], "probs": [[0.16101424874287767, 0.22356527217671607, 0.5797717147417761, 0.03564876423863014], [0.42780076385336174, 0.298691762895447, 0.1388729723645293, 0.1346345007866619], [0.38982592557101114, 0.11168668001940524, 0.3719214956119707, 0.12656589869761295], [0.039718984961725254, 0.23401657885928395, 0.4439805083429812, 0.28228392773600963]], "ideal": "A", "sampled": "C", "correct": false}}
{"type": "result", "data": {"idx": 37, "options": ["3-p", "p+3", "3/p", "p-3"], "probs": [[0.9353803697326004, 0.03862620768343847, 0.002567123307924667, 0.023426299176036402], [0.005258460401292337, 0.014188660895052664, 0.9714628221817841, 0.009090056421870827], [0.0020159315884019755, 0.9516643049933828, 0.043097220319330755, 0.0032225429988844098], [0.981869959328918, 0.016636522029543133, 0.0011588400044597019, 0.00033467853707918786]], "ideal": "D", "sampled": "D", "correct": true}}
{"type": "result", "data": {"idx": 38, "options": ["30 \u00d7 10^1", "30 \u00d7 10^3", "(6 \u00d7 5) \u00d7 10^2", "(6 \u00d7 5) \u00d7 10^3"], "probs": [[0.009194859531739938, 0.02385408248883106, 0.6297588462868284, 0.3371922115926006], [0.008066754066388078, 0.3051819582584558, 0.6769418296233612, 0.009809457951794881], [0.16630093751674851, 0.5370585917889455, 0.13787591455988185, 0.15876455603442413], [0.38341843954502225, 0.05481596698927836, 0.36587112884074935, 0.19589446452495005]], "ideal": "C", "sampled": "D", "correct": false}}
{"type": "result", "data": {"idx": 39, "options": ["0", "3", "9", "12"], "probs": [[0.1824953461254535, 0.30571509315637596, 0.480809375023724, 0.03098018559444646], [0.345011541510202, 0.33453671126973805, 0.1935120556451848, 0.12693969147487516], [0.21456457563843137, 0.10623506409096342, 0.37654203347508464, 0.30265832669552056], [0.025004273138278674, 0.2061691868499365, 0.6057546104308497, 0.16307192948093518]], "ideal": "C", "sampled": "B", "correct": false}}
{"type": "result", "data": {"idx": 40, "options": ["1850x", "2000 \u2212150x", "150x", "2000 +150x"], "probs": [[0.014945304462662158, 0.8760571838804533, 0.020913820587605887, 0.08808369096927866], [0.9472482022074568, 0.013724811043210727, 0.03789151625412767, 0.0011354703952047866], [0.07032553629809223, 0.837594869469901, 0.04333408871858766, 0.04874550541341903], [0.9192084035649838, 0.025676073794734623, 0.05349971382912166, 0.0016158087111599537]], "ideal": "B", "sampled": "B", "correct": true}}
{"type": "result", "data": {"idx": 41, "options": ["w > 2.3", "w < 2.4", "w > 3.2", "w < 3.3"], "probs": [[0.3534252432573919, 0.4610592447618977, 0.14057197327567256, 0.044943538605037844], [0.4684656962685991, 0.17506570013498818, 0.2627573667820203, 0.09371123671439245], [0.2431421013784231, 0.16712409011272936, 0.48350075504569795, 0.1062330533631496], [0.08232962032591469, 0.3605363830363679, 0.4020659773370152, 0.15506801920070212]], "ideal": "D", "sampled": "B", "correct": false}}
{"type": "result", "data": {"idx": 42, "options": ["-6", "-5", "0", "5"], "probs": [[0.48910256057194007, 0.3692768353330182, 0.056614021080063616, 0.08500658291497808], [0.07797813385698443, 0.037416133886499274, 0.42150583702020145, 0.46309989513631483], [0.0019274787142818527, 0.028769549126870384, 0.8276710551821815, 0.14163191687666618], [0.003343913873589313, 0.45193641521014394, 0.5200095078106708, 0.024710163005595996]], "ideal": "A", "sampled": "A", "correct": true}}
{"type": "result", "data": {"idx": 43, "options": ["156", "110", "94", "48"], "probs": [[0.3487292353196688, 0.16733322138031492, 0.4619882865864311, 0.021949256613585138], [0.25008269164735364, 0.18297985169721762, 0.5377584529942698, 0.029179003561158882], [0.23338971681958484, 0.11554834073299508, 0.5867482931809739, 0.06431364916644616], [0.1686147749255366, 0.22694775459881095, 0.5704413651849602, 0.03399610519069218]], "ideal": "C", "sampled": "A", "correct": false}}
{"type": "result", "data": {"idx": 44, "options": ["15, 17", "15, 19", "17, 19", "17, 21"], "probs": [[0.22954279560514507, 0.5863245441095601, 0.15776357779219208, 0.02636908239310268], [0.39000026842403485, 0.2055483528831029, 0.3839413075086099, 0.020510071084252336], [0.18880533664750496, 0.6908854605773488, 0.07510229591062714, 0.04520690676451914], [0.18672844557017912, 0.2513286145004168, 0.5075929107650953, 0.05435002906430872]], "ideal": "D", "sampled": "B", "correct": false}}
{"type": "result", "data": {"idx": 45, "options": ["3 cans", "12 cans", "36 cans", "13 cans"], "probs": [[0.0028098559068496115, 0.22865207922240094, 0.7146694198207173, 0.05386864495003219], [0.14929700941449503, 0.2173622930618632, 0.5633321236007705, 0.07000857382287135], [0.2843353864552702, 0.1620677328794993, 0.5068040101276327, 0.04679287043759781], [0.2041168419462393, 0.15175897693193902, 0.5461465471669321, 0.0979776338548896]], "ideal": "B", "sampled": "C", "correct": false}}
{"type": "result", "data": {"idx": 46, "options": ["3.18, 3 and 1 over 8, 3.8,3", "3,3 and 1 over 8, 3.18, 3", "3.8, 3 and 1 over 8, 3.18, 3", "3.8, 3.18, 3 and 1 over 8, 3"], "probs": [[0.07168758606426597, 0.4680348301357278, 0.34200957159251016, 0.11826801210749613], [0.12673189668288568, 0.18752900415889176, 0.3666873707991405, 0.31905172825908207], [0.11202631966982671, 0.21796485970434284, 0.6104702585044827, 0.05953856202134781], [0.05329153602147153, 0.0928854266596653, 0.7652103244499175, 0.08861271276894557]], "ideal": "D", "sampled": "B", "correct": false}}
{"type": "result", "data": {"idx": 47, "options": ["10", "11", "20", "2"], "probs": [[0.5569961791002204, 0.32245127084125536, 0.08409436979259859, 0.036458180165925676], [0.5578207425012364, 0.15251203021848989, 0.25940156221963706, 0.03026566496063666], [0.33414974805351433, 0.20914041993910792, 0.34476324912438294, 0.1119465827829948], [0.051794608478506914, 0.07776788629545822, 0.8491764890245862, 0.0212610161014486]], "ideal": "C", "sampled": "B", "correct": false}}
{"type": "result", "data": {"idx": 48, "options": ["800,000", "830,000", "836,000", "840,000"], "probs": [[0.025232630100897983, 0.10962642773875841, 0.862103287925345, 0.003037654134998588], [0.10957938036139404, 0.36506946553882136, 0.522753398574121, 0.002597755425663707], [0.37130532834378144, 0.5935468144359869, 0.024107948774812073, 0.011039908345419541], [0.377475168024904, 0.03680171403514955, 0.5158924998286147, 0.06983061801133172]], "ideal": "D", "sampled": "C", "correct": false}}
{"type": "result", "data": {"idx": 49, "options": ["14", "\u22124", "45", "\u221245"], "probs": [[0.027621746060470246, 0.3365812003275937, 0.3695255517590069, 0.26627150175292913], [0.1579043649376273, 0.09139602362025878, 0.6858775972719303, 0.06482201407018358], [0.013551612456362005, 0.9138030426234698, 0.05616782621904914, 0.01647751860111903], [0.7763898863560967, 0.08056521180065701, 0.10025136061602097, 0.04279354112722527]], "ideal": "D", "sampled": "D", "correct": true}}
{"type": "result", "data": {"idx": 50, "options": ["21 birds", "40 birds", "42 birds", "84 birds"], "probs": [[0.00603350778970878, 0.19827813397448565, 0.7598656602714676, 0.03582269786433788], [0.031395082012313065, 0.6211225505506233, 0.24691147069606698, 0.10057089664099665], [0.040575617569189454, 0.15197599498808523, 0.7248298795105583, 0.08261850783216694], [0.041950053524872626, 0.24337395479240734, 0.6116397243505086, 0.10303626723221145]], "ideal": "A", "sampled": "C", "correct": false}}
{"type": "result", "data": {"idx": 51, "options": ["78", "83", "131", "153"], "probs": [[0.08147291093249984, 0.1779846846879358, 0.6308804153765176, 0.10966198890304671], [0.0876178858305534, 0.23088769240432291, 0.6679497087948623, 0.013544712870261369], [0.47877231770554557, 0.3091959987554255, 0.15302182903497605, 0.059009854404052826], [0.4803364079572468, 0.08612613771222738, 0.3981916442856306, 0.03534580994489522]], "ideal": "B", "sampled": "D", "correct": false}}
{"type": "result", "data": {"idx": 52, "options": ["Leslie spent 20 dollars and 8 cents at a store. How is the amount of money Leslie spent written as a fraction?", "Mr. Kramer\u2019s 8 grandchildren shared 20 crackers equally. How many crackers did each grandchild get?", "Mitch bought 20 containers of flowers at a plant store. Each container had 8 flowers in it. How many flowers did Mitch buy?", "Stamps are sold in booklets of 20 stamps. Donna used 8 stamps to send invitations for a party. How many booklets of stamps did Donna use to send her invitations?"], "probs": [[0.7053817124073161, 0.12070899815273184, 0.13252073919999818, 0.041388550139953885], [0.8910826010723395, 0.046864027328629626, 0.052680169662462986, 0.009373201836567868], [0.9590627933869498, 0.027209862633222524, 0.007264946439994759, 0.006462397439832927], [0.9191953772226534, 0.011662791196736603, 0.02547032120133673, 0.043671510279273296]], "ideal": "B", "sampled": "C", "correct": false}}
{"type": "result", "data": {"idx": 53, "options": ["120 miles", "80 miles", "26 miles", "12 miles"], "probs": [[0.7576525990083955, 0.17446704629567447, 0.06218438745487209, 0.0056959671410578725], [0.3776548774337495, 0.10821285017084138, 0.28501242184014774, 0.22911985045526143], [0.003150934999291015, 0.01612929719520724, 0.9298561747058408, 0.05086359299966091], [0.0018111268280704687, 0.35338505373236884, 0.6296385331662675, 0.015165286173293126]], "ideal": "A", "sampled": "A", "correct": true}}
{"type": "result", "data": {"idx": 54, "options": ["add 6 to both sides", "divide both sides by 6", "multiply both sides by 6", "subtract 6 from both sides"], "probs": [[0.05356067278846179, 0.039821850956149714, 0.8057402161441355, 0.10087726001125305], [0.8238921289866747, 0.10981626278808086, 0.011938530133049881, 0.05435307799219453], [0.9539388041699691, 0.011022547959724058, 0.02792252454597805, 0.0071161232243287425], [0.07771624493669986, 0.024654702798992463, 0.20475028109970506, 0.6928787710646026]], "ideal": "B", "sampled": "C", "correct": false}}
{"type": "result", "data": {"idx": 55, "options": ["7", "10", "21", "39"], "probs": [[0.0282804742427202, 0.25420770046553076, 0.6797376274382824, 0.03777419775346669], [0.056000042701127975, 0.20655909178575582, 0.698332607676291, 0.039108257736825185], [0.026544867294764723, 0.11625321372671737, 0.7400482875151504, 0.11715363136336744], [0.00512719524925639, 0.1452778721258877, 0.8035312264222619, 0.046063706102593915]], "ideal": "A", "sampled": "B", "correct": false}}
{"type": "result", "data": {"idx": 56, "options": ["84 \u2212 11 = t; 73\u00b0F", "t \u2212 84 = 11; 95\u00b0F", "84 \u2212 t = 11; 73\u00b0F", "t \u2212 11 = 84; 95\u00b0F"], "probs": [[0.12515154479682628, 0.025627449152291076, 0.8420487045399712, 0.007172301410911493], [0.15508109098491338, 0.18421975991940442, 0.5673420344121843, 0.0933571145834979], [0.20886221946231232, 0.06888421271366245, 0.706641816588887, 0.015611751135138225], [0.13503575726099767, 0.31412122586569813, 0.26031503854517835, 0.2905279782281258]], "ideal": "D", "sampled": "C", "correct": false}}
{"type": "result", "data": {"idx": 57, "options": ["72 \u00f7 9 = 8", "72 \u2013 9 = 63", "9 + 72 = 81", "9 \u00f7 72 = 0.125"], "probs": [[0.9880207217706733, 0.009171587071109813, 0.0015567446658887292, 0.0012509463923281183], [0.01100935215754961, 0.022769236680422286, 0.2688208490100553, 0.6974005620519728], [0.002377442989874752, 0.24635702105280186, 0.7469264784177252, 0.004339057439598196], [0.07300327077853683, 0.9180171621317925, 0.005372212345425463, 0.0036073546442451517]], "ideal": "A", "sampled": "A", "correct": true}}
{"type": "result", "data": {"idx": 58, "options": ["2 boxes", "4 boxes", "5 boxes", "6 boxes"], "probs": [[0.005234774845266905, 0.13191131521302138, 0.8334241050653993, 0.029429804776312334], [0.014613856056442647, 0.41734094965604435, 0.5356174522309031, 0.032427741956609905], [0.2959125979829842, 0.3102147327085274, 0.23042497379896965, 0.16344769540951873], [0.0376257132296423, 0.118675319625413, 0.7498262290940172, 0.09387273795092745]], "ideal": "D", "sampled": "C", "correct": false}}
{"type": "result", "data": {"idx": 59, "options": ["14", "20", "40", "60"], "probs": [[0.3022318313211559, 0.23548911683761287, 0.42616877554367666, 0.03611027619755465], [0.050597267952033065, 0.25707703251628927, 0.6358617401412158, 0.05646395929046181], [0.2601190247889369, 0.20585020191175885, 0.4091847599512155, 0.12484601324808875], [0.3213685857112555, 0.28818963237564954, 0.35293669381565906, 0.03750508799743586]], "ideal": "B", "sampled": "D", "correct": false}}
{"type": "result", "data": {"idx": 60, "options": ["6 over 14", "8 over 49", "14 over 28", "6 over 7"], "probs": [[0.49711252735389755, 0.04277333744257134, 0.01432403964626718, 0.44579009545726395], [0.03570546811431968, 0.24992312604362182, 0.7007075997754806, 0.013663805966577932], [0.6706859293848086, 0.29775353486736306, 0.023311608792070195, 0.008248926855758136], [0.8085371453444034, 0.1722077598324306, 0.011807156022998668, 0.007447938700167292]], "ideal": "D", "sampled": "D", "correct": true}}
{"type": "result", "data": {"idx": 61, "options": ["5", "10", "15", "20"], "probs": [[0.0005254342658391, 0.9963018929503563, 0.0010449209899919402, 0.0021277516938126313], [0.9898624911791625, 0.006120950947437077, 0.002936278494908091, 0.0010802792784923834], [0.0007722068665325894, 0.03550872670708606, 0.003951800674355213, 0.9597672656520262], [0.003850675998181255, 0.006919598407572568, 0.9875206637699031, 0.0017090617243430296]], "ideal": "B", "sampled": "B", "correct": true}}
{"type": "result", "data": {"idx": 62, "options": ["125 push-ups", "279 push-ups", "1,395 push-ups", "1,406 push-ups"], "probs": [[0.08791763612978118, 0.4754682631370313, 0.4194324745011217, 0.017181626132065825], [0.013761117958982185, 0.1217165596632436, 0.8580714374051649, 0.0064508848726092406], [0.6199944557002597, 0.35337441827013394, 0.019468117322054182, 0.007163008607552193], [0.5376636064907517, 0.07626182875694186, 0.3471243770297316, 0.03895018762257486]], "ideal": "C", "sampled": "D", "correct": false}}
{"type": "result", "data": {"idx": 63, "options": ["6 and 10", "5 and 12", "10 and 12", "12 and 15"], "probs": [[0.6477592345514129, 0.11259413835047256, 0.17985018415998794, 0.059796442838126504], [0.2849346185916226, 0.3281515338137877, 0.22190423968910136, 0.16500960780548832], [0.41420169223434583, 0.07427984007002587, 0.3542502356059589, 0.15726823198966935], [0.19154752503584357, 0.19772307278141424, 0.42495655376004593, 0.18577284832269625]], "ideal": "C", "sampled": "A", "correct": false}}
{"type": "result", "data": {"idx": 64, "options": ["\u22124", "\u22122", "10", "2"], "probs": [[0.5611208123797521, 0.43033823697276713, 0.005331818520477976, 0.0032091320270027607], [0.10925668476919519, 0.16149383781725515, 0.3873299657911162, 0.34191951152243344], [0.023753712438075933, 0.14552660583142146, 0.6222507484468658, 0.20846893318363685], [0.008356242539388438, 0.18292481864827556, 0.8070210010399831, 0.001697937672352974]], "ideal": "D", "sampled": "A", "correct": false}}
{"type": "result", "data": {"idx": 65, "options": ["232", "236", "345", "460"], "probs": [[0.04943426992603141, 0.27155254906993864, 0.661382356898352, 0.01763082400567796], [0.07646306389746994, 0.07529913422925472, 0.8220137723268232, 0.026224029446452236], [0.05682146688341563, 0.4471759314427561, 0.4132975468137585, 0.08270505476006977], [0.12511601332061828, 0.13533494596372994, 0.7312945307348961, 0.008254509880755634]], "ideal": "C", "sampled": "D", "correct": false}}
{"type": "result", "data": {"idx": 66, "options": ["50 and 400", "450 and 700", "750 and 1,000", "1,050 and 1,300"], "probs": [[0.014142338066548514, 0.5606727552541936, 0.41653754953894456, 0.008647357040313337], [0.17982866278965423, 0.46656208197092597, 0.3466344841809891, 0.006974770958430686], [0.46601342629436504, 0.36299311705409226, 0.1356074943748762, 0.035385962176666515], [0.31705327374183284, 0.04062783541929448, 0.6207416357583492, 0.021577254980523528]], "ideal": "D", "sampled": "B", "correct": false}}
{"type": "result", "data": {"idx": 67, "options": ["7", "12", "48", "56"], "probs": [[0.0941669926822344, 0.36977993887273236, 0.4122212169321241, 0.12383185141290913], [0.034312416618001634, 0.07265189405118387, 0.8780432178151808, 0.014992471415633665], [0.24671094668523624, 0.27103120691668914, 0.44670964281360276, 0.03554820348447182], [0.23934656048223515, 0.136403895056207, 0.5923547434982314, 0.031894800863326495]], "ideal": "A", "sampled": "D", "correct": false}}
{"type": "result", "data": {"idx": 68, "options": ["18 and 28", "180 and 280", "1,800 and 2,800", "18,000 and 28,000"], "probs": [[0.28326414997946836, 0.6286023098634337, 0.08372869922667536, 0.004404840830422636], [0.5616633190833269, 0.351541333767983, 0.06501162675468893, 0.021783720294001125], [0.7171831806462177, 0.1757674981749962, 0.03712508496038126, 0.06992423611840491], [0.44927504017125974, 0.04518562045464569, 0.4286704882602386, 0.07686885101385595]], "ideal": "C", "sampled": "B", "correct": false}}
{"type": "result", "data": {"idx": 69, "options": ["7 \u2022 11^2 \u2022 13", "7^2 \u2022 11", "7 \u2022 11 \u2022 13", "7 \u2022 11"], "probs": [[0.44562783923802074, 0.09790839183582753, 0.4455657609962151, 0.010898007829936607], [0.14627030708325958, 0.4577806659744464, 0.31946155901726614, 0.07648746782502784], [0.4104915640905038, 0.12917640124230004, 0.4578719195733526, 0.002460114993843576], [0.2312541543506579, 0.39353763026994704, 0.03863989833177432, 0.33656831694762074]], "ideal": "D", "sampled": "C", "correct": false}}
{"type": "result", "data": {"idx": 70, "options": ["$20.93 ", "$28.93 ", "$32.93 ", "$48.93 "], "probs": [[0.048776388209196955, 0.3413031737485861, 0.5988628411924536, 0.011057596749763343], [0.08870036666272078, 0.58313206219261, 0.3120090247234868, 0.016158546321182382], [0.15614408042646313, 0.637433759892105, 0.1314759362077017, 0.07494622337373008], [0.3143372476841354, 0.10696197100847551, 0.5516561762500953, 0.027044604957293727]], "ideal": "C", "sampled": "C", "correct": true}}
{"type": "result", "data": {"idx": 71, "options": ["160", "240", "320", "640"], "probs": [[0.19644666301570826, 0.063782880114581, 0.6242712325506367, 0.11549922421907405], [0.06066947170242211, 0.08164927514662824, 0.7867415693126206, 0.07093968373832905], [0.18803966043499243, 0.49552708859256767, 0.13973362742457188, 0.17669962344786805], [0.22532741387427507, 0.06356048488636266, 0.6029848961974463, 0.10812720494191595]], "ideal": "A", "sampled": "D", "correct": false}}
{"type": "result", "data": {"idx": 72, "options": ["0.021 repeating", "0.21 Repeating", "0.22 Repeating", "0.2121"], "probs": [[0.11420796235563645, 0.07318393249351983, 0.5406582435522965, 0.27194986149854716], [0.1519509864516959, 0.22815005670194802, 0.6104816844954949, 0.009417272250861189], [0.225013827324073, 0.49166585108934735, 0.18948871318938482, 0.09383160829719482], [0.5594194822641311, 0.37273659262175385, 0.04020655737002386, 0.027637367644091183]], "ideal": "B", "sampled": "D", "correct": false}}
{"type": "result", "data": {"idx": 73, "options": ["(40 \u00d7 10) + (6 \u00d7 2) = 400 + 12", "(40 \u00d7 6) + (10 \u00d7 2) = 240 + 20", "(40 \u00d7 12) + (6 \u00d7 12) = 480 + 72", "(40 \u00d7 12) + (60 \u00d7 12) = 480 + 720"], "probs": [[0.013285784074240381, 0.019183291156130648, 0.9461312906729733, 0.0213996339966557], [0.004338812600764155, 0.7413853495925701, 0.24825120270309026, 0.006024635003575463], [0.5691082487600939, 0.3346774882016883, 0.07762905968997885, 0.01858520324823897], [0.17805161075460277, 0.14535485884463517, 0.651336395041905, 0.025257135258857085]], "ideal": "C", "sampled": "C", "correct": true}}
{"type": "result", "data": {"idx": 74, "options": ["$649 ", "$6,049 ", "$6,409 ", "$6,490 "], "probs": [[0.004097744602583847, 0.6375521207728005, 0.12746714819962565, 0.23088298632498994], [0.8562670096024698, 0.018051841691989194, 0.12334996095895222, 0.00233118764658876], [0.03126740723011645, 0.6739450466498863, 0.19303739911869763, 0.10175014690129959], [0.29642989951134, 0.24964983995492843, 0.4380856866565066, 0.015834573777224935]], "ideal": "B", "sampled": "B", "correct": true}}
{"type": "result", "data": {"idx": 75, "options": ["SSSSS; AAA", "SSSSS; AAAA", "SSSSSSSS; AAAA", "SSSSSSSS; A"], "probs": [[0.19020946038535336, 0.5954083710997687, 0.12090932396470408, 0.09347284445017383], [0.32459346424056024, 0.29562378807758805, 0.27761525740276977, 0.10216749017908194], [0.25106719507846703, 0.34335211427581186, 0.16209377588340615, 0.24348691466231498], [0.02197150885839092, 0.3717571496591744, 0.4846344887725662, 0.12163685260986848]], "ideal": "D", "sampled": "B", "correct": false}}
{"type": "result", "data": {"idx": 76, "options": ["$2.82 ", "$2.97 ", "$6.47 ", "$12.77 "], "probs": [[0.5028671528107133, 0.22323503672269135, 0.2649680922480183, 0.008929718118577094], [0.36180175440409557, 0.3508287782929078, 0.24099532000570129, 0.04637414719729532], [0.29018794568483824, 0.0438208193568391, 0.6437833104676024, 0.022207924390720217], [0.037202212731310344, 0.10852256754112875, 0.8401504458232212, 0.01412477380433972]], "ideal": "A", "sampled": "B", "correct": false}}
{"type": "result", "data": {"idx": 77, "options": ["4 over 6", "10 over 12", "15 over 17", "5 over 6"], "probs": [[0.263380774473815, 0.16231765380472798, 0.007649016815139243, 0.5666525548063177], [0.8383680612439784, 0.019412674080176537, 0.10996448288490118, 0.0322547816909438], [0.3043034717777569, 0.09729127729890297, 0.4568533070949825, 0.1415519437283576], [0.2540109583027072, 0.16664335502664115, 0.5725222441525425, 0.006823442418109145]], "ideal": "D", "sampled": "B", "correct": false}}
