{"type": "result", "data": {"idx": 0, "options": ["(0, \u2013 3)", "(4, 1)", "(2, 2)", "(\u2013 4, \u20132)"], "probs": [[0.48332788095028223, 0.30247285057640727, 0.1644323717062439, 0.049766896667066615], [0.34912211219637385, 0.3775336202234035, 0.22895160656295924, 0.04439266091726343], [0.13696877187378223, 0.42862132400617287, 0.37818288636768593, 0.056227017652358935], [0.18458843710707148, 0.43262089422618294, 0.3475531429929377, 0.035237525573807875]], "ideal": "D", "sampled": "A", "correct": false}}
{"type": "result", "data": {"idx": 1, "options": ["2500", "2", "50", "25"], "probs": [[0.42424868878309363, 0.3628900335870235, 0.1512590964026021, 0.06160218112728079], [0.05259113875826858, 0.17379747717872085, 0.7316787405700669, 0.04193264339294374], [0.027901049284811467, 0.3346652636392241, 0.587297847997559, 0.05013583897840537], [0.2192204651559092, 0.3788009086304829, 0.36142379984358214, 0.040554826270025775]], "ideal": "C", "sampled": "A", "correct": false}}
{"type": "result", "data": {"idx": 2, "options": ["392", "336", "300", "297"], "probs": [[0.3844591734093295, 0.21232678310426895, 0.28126976310286217, 0.12194428028353939], [0.4389901625972042, 0.16150111967196978, 0.25012277808898536, 0.14938593954184068], [0.029902711953253124, 0.44292292654440585, 0.3787976559438644, 0.14837670545847664], [0.31530035008764873, 0.31043813092045214, 0.23431368518980195, 0.13994783370209724]], "ideal": "A", "sampled": "A", "correct": true}}
{"type": "result", "data": {"idx": 3, "options": ["\\frac{7}{9}", "\\frac{8}{9}", "\\frac{5}{9}", "\\frac{9}{11}"], "probs": [[0.10302510757253347, 0.4171547249384155, 0.4303802792730962, 0.049439888115954844], [0.24518543479374927, 0.379769504032305, 0.26100271937621294, 0.11404234169773272], [0.31526006204492524, 0.17410429339170744, 0.3628592002881064, 0.14777644417526092], [0.22814038183938065, 0.2317388182841351, 0.38206768165674176, 0.15805311811974246]], "ideal": "B", "sampled": "C", "correct": false}}
{"type": "result", "data": {"idx": 4, "options": ["(-inf, 10)", "(-inf, 9)", "(-inf, 8)", "(-inf, 7)"], "probs": [[0.13934046184376253, 0.3290833271235832, 0.4863368028624185, 0.04523940807023584], [0.05108119592970278, 0.36298266044212424, 0.5621803863081246, 0.023755757220048346], [0.05503745896037873, 0.3790677332136013, 0.5262510560345349, 0.03964375169148502], [0.037047924193600854, 0.2983118123120038, 0.6414554344125906, 0.0231848289818048]], "ideal": "C", "sampled": "B", "correct": false}}
{"type": "result", "data": {"idx": 5, "options": ["396", "72", "66", "36"], "probs": [[0.08420018741130499, 0.2718188428928609, 0.6221856393130444, 0.021795330282789765], [0.07524886051603483, 0.8414470630922549, 0.06905259255609611, 0.01425148373561408], [0.1496230264849619, 0.7028786178940527, 0.0996709201274915, 0.04782743539349385], [0.40289371000988494, 0.16795806084508794, 0.3392510312679598, 0.08989719777706734]], "ideal": "B", "sampled": "C", "correct": false}}
{"type": "result", "data": {"idx": 6, "options": ["0.16", "0.24", "0.3", "0.5"], "probs": [[0.17737332777574139, 0.4255344163439801, 0.31130351024599984, 0.08578874553427872], [0.21744077229472328, 0.3816474434597232, 0.2835918110860684, 0.11731997305948513], [0.1923103871060707, 0.30257921506182844, 0.4135352845512963, 0.09157511318080461], [0.046057218068923746, 0.4688672035357462, 0.4010044769136811, 0.08407110138164897]], "ideal": "C", "sampled": "A", "correct": false}}
{"type": "result", "data": {"idx": 7, "options": ["42", "12", "36", "39"], "probs": [[0.21065543667430953, 0.2924727601097499, 0.4124183377824692, 0.08445346533347142], [0.057890168885386305, 0.39254867734151055, 0.47345882296701164, 0.07610233070609153], [0.08606917498815114, 0.2934572384581371, 0.5150111219900267, 0.10546246446368504], [0.08787042188441507, 0.4568477332289082, 0.3846699692468886, 0.07061187553978812]], "ideal": "A", "sampled": "A", "correct": true}}
{"type": "result", "data": {"idx": 8, "options": ["\\frac{125}{648}", "\\frac{25}{648}", "\\frac{625}{648}", "\\frac{1}{648}"], "probs": [[0.11486658795121787, 0.6162147705002754, 0.1407424998363926, 0.12817614161211413], [0.20402230746377636, 0.16395086683439777, 0.5812356764342566, 0.05079114916756934], [0.2706733128358449, 0.26236204092150034, 0.3265087105456927, 0.1404559355969621], [0.02902342119800609, 0.3944982146160361, 0.5476746176774873, 0.028803746408470506]], "ideal": "C", "sampled": "B", "correct": false}}
{"type": "result", "data": {"idx": 9, "options": ["8", "12", "10", "4"], "probs": [[0.1232284232850824, 0.3707818686591346, 0.3946549892030882, 0.11133471875269481], [0.13594140892167064, 0.36379862910901584, 0.381220440017732, 0.11903952185158152], [0.1385029682601624, 0.25874787180894165, 0.4685023952775231, 0.13424676455337287], [0.05786262790826516, 0.3079614719542183, 0.49206674182785176, 0.14210915820966477]], "ideal": "B", "sampled": "B", "correct": true}}
{"type": "result", "data": {"idx": 10, "options": ["13", "14", "1", "2"], "probs": [[0.3289531170992916, 0.33414429422851794, 0.26847982403931414, 0.06842276453287635], [0.20647638928529788, 0.34581079414230403, 0.36809482654864306, 0.07961798992375504], [0.1542800882727639, 0.38488044071284583, 0.3788856436925273, 0.08195382722186295], [0.18501123189993074, 0.3651053187868313, 0.3947555017516944, 0.05512794746154356]], "ideal": "D", "sampled": "A", "correct": false}}
{"type": "result", "data": {"idx": 11, "options": ["30", "64", "2048", "60"], "probs": [[0.21577487562264627, 0.3787510636256215, 0.2058811901917631, 0.1995928704599691], [0.25064389408966203, 0.19218568157334612, 0.41322832778305085, 0.14394209645394096], [0.11655805866675074, 0.30000667345538806, 0.4573957264097856, 0.12603954136807557], [0.2348706160976652, 0.22766729036181332, 0.4387799566363596, 0.09868213680416185]], "ideal": "D", "sampled": "B", "correct": false}}
{"type": "result", "data": {"idx": 12, "options": ["0", "1", "2", "4"], "probs": [[0.051049638612651896, 0.5077171703454646, 0.30777653361584567, 0.1334566573260378], [0.28335716684256007, 0.352707348295629, 0.2922927969634423, 0.07164268779836867], [0.1436195187723437, 0.3696828773372502, 0.047716990116148814, 0.4389806136742573], [0.14284699728112482, 0.135262202152131, 0.6252345851858698, 0.09665621528087438]], "ideal": "D", "sampled": "B", "correct": false}}
{"type": "result", "data": {"idx": 13, "options": ["92", "93", "94.5", "95"], "probs": [[0.0030819898093478173, 0.06189970409210495, 0.8089891924561254, 0.12602911354242177], [0.00516698202577161, 0.6019287981329736, 0.332368505205314, 0.06053571453594071], [0.5893592808675796, 0.18837343488876782, 0.036802049561833555, 0.18546523458181902], [0.01209012795897419, 0.06690718257841154, 0.6704502726065107, 0.25055241675610357]], "ideal": "B", "sampled": "C", "correct": false}}
{"type": "result", "data": {"idx": 14, "options": ["R <= T <= M <= L", "L <= T <= M <= R", "R <= M <= T <= L", "L <= M <= T <= R"], "probs": [[0.2734660763248611, 0.2866151885906066, 0.24898396058894898, 0.19093477439558332], [0.2372377908609992, 0.1906364666337663, 0.4792202305488834, 0.09290551185635111], [0.28462317158977324, 0.343346381997309, 0.2148330179411957, 0.15719742837172207], [0.3180854608164708, 0.20538123940890513, 0.360424602848609, 0.11610869682601509]], "ideal": "D", "sampled": "D", "correct": true}}
{"type": "result", "data": {"idx": 15, "options": ["16", "2\\sqrt{2}", "5", "5+2\\sqrt{13}"], "probs": [[0.007937284644003388, 0.6405875456031833, 0.13008753215098656, 0.2213876375018267], [0.435039540073113, 0.1730482806086399, 0.3779261284301065, 0.01398605078814062], [0.01799048961561619, 0.8338566048865657, 0.11729741316021369, 0.030855492237604493], [0.7515789914693244, 0.19301536803169428, 0.04306517196524154, 0.012340468433739833]], "ideal": "D", "sampled": "D", "correct": true}}
{"type": "result", "data": {"idx": 16, "options": ["8", "3", "6", "9"], "probs": [[0.14130113159053234, 0.31595940807100914, 0.45967181587115885, 0.0830676443672996], [0.08019986329618493, 0.37668759642639016, 0.454337543350005, 0.08877499682741988], [0.11459282528373216, 0.5056329256021584, 0.2314698048121024, 0.14830444420200706], [0.12421845273270427, 0.3403195935052181, 0.416928040435105, 0.11853391322697261]], "ideal": "A", "sampled": "D", "correct": false}}
{"type": "result", "data": {"idx": 17, "options": ["-2", "-4", "-1", "1"], "probs": [[0.09449361897389813, 0.3679743655534865, 0.43693342750174125, 0.1005985878708741], [0.0906497084210337, 0.41595866962118766, 0.4291034904505102, 0.0642881314072684], [0.14149343649760335, 0.6857389653740769, 0.10271335907639062, 0.07005423895192915], [0.05893863473517545, 0.39041931668105706, 0.4287466512751993, 0.12189539720856819]], "ideal": "B", "sampled": "D", "correct": false}}
{"type": "result", "data": {"idx": 18, "options": ["1", "3", "0", "5"], "probs": [[0.13553429077715892, 0.4881098722511206, 0.3461105634743309, 0.03024527339738955], [0.22967477311635115, 0.37280220067350966, 0.37866902629723115, 0.018853999812908067], [0.14452296601670392, 0.5671994727819163, 0.22210227116287698, 0.06617528993850276], [0.2890615175712931, 0.35974994432215757, 0.33270827056384533, 0.018480267442703962]], "ideal": "A", "sampled": "D", "correct": false}}
{"type": "result", "data": {"idx": 19, "options": ["(-\\infty,-1)\\cup (1,\\infty)", "(-\\infty,0)\\cup (0,\\infty)", "[-1,1]", "(-1,1)"], "probs": [[0.4298628930297215, 0.19991486070414266, 0.30480874035899647, 0.06541350580713932], [0.23799569015821237, 0.3304625030104227, 0.3923819812597605, 0.03915982547160445], [0.14290215339293508, 0.28423139994981894, 0.5226971654740503, 0.05016928108319571], [0.21820342240358648, 0.46201424979896993, 0.2472502088317958, 0.07253211886564778]], "ideal": "B", "sampled": "A", "correct": false}}
{"type": "result", "data": {"idx": 20, "options": ["\\frac{5}{x-4}", "\\frac{x-4}{5}", "\\frac{x+4}{5}", "-\\frac{x-4}{5}"], "probs": [[0.3195145589001688, 0.5269092691183064, 0.01720018424740496, 0.13637598763411987], [0.6849352630984752, 0.13915614329050266, 0.1552248265606528, 0.020683766950369303], [0.014787425418143662, 0.915091405461022, 0.02698649692524739, 0.04313467209558698], [0.8018803665709502, 0.05207010805072009, 0.13504951336315546, 0.011000011915174216]], "ideal": "D", "sampled": "D", "correct": true}}
{"type": "result", "data": {"idx": 21, "options": ["\u221216", "32", "\u221232", "64"], "probs": [[0.1430189918063538, 0.19396585368635125, 0.5524914901336735, 0.11052366427362144], [0.04149164506328307, 0.43237769196345105, 0.3018022657213167, 0.2243283971519492], [0.13196448375216988, 0.18179461087071516, 0.5776815205170227, 0.10855938476009222], [0.044512811877922366, 0.5094888190807204, 0.2726529826224895, 0.17334538631886767]], "ideal": "B", "sampled": "A", "correct": false}}
{"type": "result", "data": {"idx": 22, "options": ["7", "11", "16", "8"], "probs": [[0.02740972713484698, 0.22072168011200433, 0.6093510292074289, 0.14251756344571978], [0.040207045663361585, 0.2747837808712192, 0.5379231987306902, 0.14708597463472903], [0.06499917998257515, 0.37701715158677374, 0.46913064919580544, 0.08885301913484567], [0.029236006063025902, 0.5517174333813165, 0.27735288585337753, 0.14169367460228008]], "ideal": "D", "sampled": "A", "correct": false}}
{"type": "result", "data": {"idx": 23, "options": ["4", "8", "2", "1"], "probs": [[0.0698211971886505, 0.5119636306233118, 0.3629742440168621, 0.055240928071175525], [0.17831762398959627, 0.414652115283451, 0.12643438764789552, 0.2805958729790572], [0.021785990898975087, 0.20995837095957734, 0.6170155897992363, 0.1512400482422112], [0.024415728337065363, 0.29057823147398876, 0.5869096817857197, 0.09809635830322619]], "ideal": "B", "sampled": "B", "correct": true}}
{"type": "result", "data": {"idx": 24, "options": ["Friday", "Thursday", "Wednesday", "Tuesday"], "probs": [[0.25877596102045874, 0.21454932752561817, 0.3121326108918063, 0.2145421004621168], [0.2122641715869883, 0.2295255431161935, 0.218987128682504, 0.3392231565143142], [0.1805817497116124, 0.14971589889065426, 0.40693653283846815, 0.2627658184592652], [0.10477055452058229, 0.17823193699973774, 0.46954201947609986, 0.2474554889035801]], "ideal": "A", "sampled": "A", "correct": true}}
{"type": "result", "data": {"idx": 25, "options": ["5", "3", "15", "31"], "probs": [[0.1363122463090006, 0.44012275333771683, 0.19522768257096185, 0.22833731768232068], [0.09741305723330443, 0.34810883708638746, 0.48319989538129743, 0.07127821019901066], [0.1179437470624558, 0.5454320229725189, 0.2616443594783511, 0.07497987038667422], [0.4922539389580221, 0.2718521542933912, 0.18974841351685648, 0.046145493131730206]], "ideal": "C", "sampled": "D", "correct": false}}
{"type": "result", "data": {"idx": 26, "options": ["145", "90", "60", "70"], "probs": [[0.2873038276328182, 0.45918046226132936, 0.19137817120259826, 0.062137538803254205], [0.37046459589520325, 0.35908901955388045, 0.19218306384685357, 0.07826332060406274], [0.1205801844260147, 0.39852146805855476, 0.36849697047896135, 0.11240137693646915], [0.08632254471031062, 0.3960919320769599, 0.44875838679418034, 0.0688271363185491]], "ideal": "D", "sampled": "B", "correct": false}}
{"type": "result", "data": {"idx": 27, "options": ["2 min", "5 min", "18 min", "20 min"], "probs": [[0.027612761545693653, 0.2423046145275304, 0.6902150862828972, 0.03986753754387873], [0.020692856402129336, 0.5421132293328589, 0.40280606213264836, 0.03438785203236348], [0.287822674477475, 0.33128915467857784, 0.33125821986679005, 0.049629950877157096], [0.04967944936640288, 0.2814611630567897, 0.5774781386990631, 0.09138124877774431]], "ideal": "C", "sampled": "C", "correct": true}}
{"type": "result", "data": {"idx": 28, "options": ["(-4,4)", "[0,4]", "(-inf, -1) U (4, inf)", "(-inf, -1) U (-1, 4) U (4, inf)"], "probs": [[0.20766199251905662, 0.2316763618856366, 0.3216094768205385, 0.23905216867476828], [0.04845042435991502, 0.16137675638789048, 0.75789456140318, 0.03227825774901453], [0.04612231362680605, 0.7802559354388019, 0.13769167606409935, 0.03593007477029265], [0.21036894224404598, 0.2498340736738242, 0.5046390557713825, 0.03515792821074736]], "ideal": "C", "sampled": "D", "correct": false}}
{"type": "result", "data": {"idx": 29, "options": ["1", "e", "2/e", "1/e"], "probs": [[0.009706311722391494, 0.08320095326076285, 0.46766007794427894, 0.4394326569725667], [0.02833761944168926, 0.21946849785196748, 0.7195714396841238, 0.03262244292221944], [0.08778128902900514, 0.7886645910646313, 0.06080623806116245, 0.06274788174520117], [0.8130310702752017, 0.08050073767759966, 0.019421195880369682, 0.08704699606682895]], "ideal": "D", "sampled": "D", "correct": true}}
{"type": "result", "data": {"idx": 30, "options": ["1", "2", "0", "5"], "probs": [[0.16171849013318443, 0.2838433128884207, 0.24272059263425652, 0.31171760424413836], [0.2281313504328979, 0.25852295368525574, 0.24662072586602315, 0.2667249699158232], [0.06171309965650028, 0.3038147283967395, 0.40871116123020085, 0.22576101061655937], [0.31407359707304666, 0.2370803987307754, 0.28591242855777893, 0.16293357553839902]], "ideal": "C", "sampled": "D", "correct": false}}
{"type": "result", "data": {"idx": 31, "options": ["10", "16", "24", "12"], "probs": [[0.17479803765758714, 0.3068005075714042, 0.4001129179767595, 0.11828853669424912], [0.22679392514913957, 0.3173613987856272, 0.37684326064587875, 0.07900141531935448], [0.1271542892423416, 0.36508339231815073, 0.45433568442164723, 0.053426633917860455], [0.05334903845592416, 0.4792612314020195, 0.4035318343112224, 0.06385789573083397]], "ideal": "A", "sampled": "A", "correct": true}}
{"type": "result", "data": {"idx": 32, "options": ["12", "22", "840", "240"], "probs": [[0.3973061380767565, 0.3506757527641902, 0.1269768403031712, 0.12504126875588203], [0.10053350101298952, 0.13011059781356382, 0.5785419552427332, 0.1908139458307134], [0.07426807836952787, 0.45500913667667164, 0.3891421547993911, 0.08158063005440938], [0.1466457529221708, 0.4244010996647338, 0.39244469557751455, 0.036508451735580816]], "ideal": "D", "sampled": "A", "correct": false}}
{"type": "result", "data": {"idx": 33, "options": ["8788", "2", "2197", "21"], "probs": [[0.06747742892449066, 0.15689273527691086, 0.7368778750355797, 0.038751960663018836], [0.0072341850046059985, 0.362483286441925, 0.5701755057703476, 0.06010702268312139], [0.42184393808043197, 0.31842755675060486, 0.22228562415616565, 0.03744288091279751], [0.0861655431216301, 0.3571739329477828, 0.47313498228285167, 0.08352554154773538]], "ideal": "A", "sampled": "C", "correct": false}}
{"type": "result", "data": {"idx": 34, "options": ["-9", "-5", "-6", "-57"], "probs": [[0.09833192567913586, 0.319927594631608, 0.5274327259280263, 0.05430775366122988], [0.2087042949568187, 0.5945870766973304, 0.08498450319237182, 0.11172412505347908], [0.26454518646067265, 0.1460983665976835, 0.48656013683221044, 0.10279631000943341], [0.08170453565394044, 0.41495708975069073, 0.39592958642318943, 0.10740878807217938]], "ideal": "A", "sampled": "C", "correct": false}}
{"type": "result", "data": {"idx": 35, "options": ["15", "5", "9", "17"], "probs": [[0.3338691604320218, 0.2725098440989655, 0.33911317709837174, 0.054507818270640954], [0.11309963139876841, 0.27777464229721566, 0.5108449052823192, 0.09828082092169674], [0.14895700915615123, 0.35181742281939676, 0.43101769591401695, 0.068207872010435], [0.2907050517204452, 0.3562080521949155, 0.29069849520959384, 0.06238840077504542]], "ideal": "D", "sampled": "A", "correct": false}}
{"type": "result", "data": {"idx": 36, "options": ["252", "4680", "98770", "101170"], "probs": [[0.056615807954011346, 0.43848926477948746, 0.43161768360020436, 0.07327724356629682], [0.1616035359518127, 0.1980019159938079, 0.5911065185307971, 0.049288029423582284], [0.027425136284804547, 0.5864509513544441, 0.3238265874858532, 0.06229732477489816], [0.13494226335129764, 0.21564540264834206, 0.5861624478707661, 0.06324988602959421]], "ideal": "C", "sampled": "D", "correct": false}}
{"type": "result", "data": {"idx": 37, "options": ["4.5", "1", "5.5", "5"], "probs": [[0.2049999015387145, 0.27585330602843033, 0.4994730111281389, 0.01967378120471623], [0.03506443165372081, 0.3405813232156785, 0.5976773349102695, 0.02667691012033112], [0.12500235774679533, 0.26879713438471947, 0.5963322565882242, 0.009868251180260943], [0.008281094690369074, 0.8647652589763772, 0.11792891097977246, 0.009024735253481174]], "ideal": "C", "sampled": "A", "correct": false}}
{"type": "result", "data": {"idx": 38, "options": ["240", "120", "60", "111"], "probs": [[0.046815401343045855, 0.33271880565737605, 0.5316130179788875, 0.08885277492069062], [0.16129895562409802, 0.5047394482364335, 0.23837842824523767, 0.09558316779423083], [0.2950706227584248, 0.19052683098984102, 0.21926319923686607, 0.29513934691486804], [0.012127073728939041, 0.1178002306995507, 0.738651886741658, 0.13142080872985218]], "ideal": "A", "sampled": "B", "correct": false}}
{"type": "result", "data": {"idx": 39, "options": ["24", "5", "3", "21"], "probs": [[0.13820333571537133, 0.3213440429642715, 0.3263720523035184, 0.21408056891683877], [0.09447033801955057, 0.22486122470585004, 0.6017298639765537, 0.07893857319804566], [0.06520846266811121, 0.4387311489866769, 0.45976279620004135, 0.036297592045170496], [0.30462011351422436, 0.37322178062169276, 0.26880722934887774, 0.05335087641520517]], "ideal": "A", "sampled": "D", "correct": false}}
{"type": "result", "data": {"idx": 40, "options": ["1", "-3", "-1", "3"], "probs": [[0.06836383763626604, 0.28559163103529095, 0.6045777178525674, 0.041466813375875614], [0.13595084519393755, 0.5462004413751818, 0.2620500848446697, 0.055798628486210936], [0.09250349619434725, 0.38343382163559986, 0.45531413293781137, 0.06874854913224147], [0.2082987725526412, 0.4078455864975303, 0.3380967378278236, 0.04575890302200492]], "ideal": "B", "sampled": "C", "correct": false}}
{"type": "result", "data": {"idx": 41, "options": ["4", "6", "10", "15"], "probs": [[0.14694302177874405, 0.4744520429455607, 0.16138412344450284, 0.21722081173119243], [0.13607586918900624, 0.3164452314060386, 0.17747549710883173, 0.37000340219612343], [0.0543539770620432, 0.1304065849023064, 0.36001359474003614, 0.4552258431956143], [0.06820204006642497, 0.3687589709276904, 0.4660874833283522, 0.0969515055775324]], "ideal": "C", "sampled": "B", "correct": false}}
{"type": "result", "data": {"idx": 42, "options": ["Alice", "Devon", "Bob", "Gerald"], "probs": [[0.03820889039333056, 0.29130276658924964, 0.11767899550921086, 0.5528093474082089], [0.14526810374785523, 0.18508492795256085, 0.2778056992130411, 0.39184126898654287], [0.05555567848457892, 0.27560958058157004, 0.2979591168317329, 0.37087562400211815], [0.22264773314895187, 0.29962179954697, 0.2091473999156242, 0.26858306728845394]], "ideal": "B", "sampled": "D", "correct": false}}
{"type": "result", "data": {"idx": 43, "options": ["(6-3x)(6+3x)", "(-3x+6)(3x+6)", "9(2-x)(2+x)", "3(2+x)^2"], "probs": [[0.5707685372063781, 0.315245838116048, 0.08890648218437998, 0.025079142393193875], [0.49361973222414507, 0.40931313075412123, 0.03281269368853985, 0.06425444323319383], [0.5246878822764, 0.1256112446837338, 0.2679664472374094, 0.08173442570245679], [0.13066974086244926, 0.5678206000979069, 0.2293299700190279, 0.07217968892061594]], "ideal": "C", "sampled": "A", "correct": false}}
{"type": "result", "data": {"idx": 44, "options": ["100", "90950", "5200", "50"], "probs": [[0.04533972260405208, 0.1194607179442236, 0.809961862873891, 0.025237696477833284], [0.021122574941804636, 0.8503833467712386, 0.12060047763516564, 0.00789360055179115], [0.16998702919225112, 0.3030426018770459, 0.4767195461481758, 0.05025082268252714], [0.030476640112122217, 0.6829589426553039, 0.16218807868782337, 0.12437633844475049]], "ideal": "C", "sampled": "C", "correct": true}}
{"type": "result", "data": {"idx": 45, "options": ["\\frac{1}{8}", "\\frac{1}{7}", "\\frac{1}{40}", "\\frac{1}{35}"], "probs": [[0.3978701501845548, 0.3566834303627107, 0.16585330539882667, 0.07959311395390782], [0.31492967348912193, 0.1970927028784564, 0.2610863822761274, 0.22689124125629426], [0.08392912205795333, 0.2545525222756394, 0.453733585796063, 0.2077847697703443], [0.19985760299671254, 0.3793207023810352, 0.3095567752955472, 0.11126491922670506]], "ideal": "D", "sampled": "A", "correct": false}}
{"type": "result", "data": {"idx": 46, "options": ["5", "11", "17", "199"], "probs": [[0.0774611268694136, 0.35824833428452413, 0.5211727346837207, 0.04311780406234156], [0.40488354121725706, 0.4517486477144685, 0.017928060476329364, 0.12543975049194508], [0.37657168503810273, 0.08669538795081075, 0.42007350917430125, 0.11665941773678529], [0.16681470969527012, 0.32665525830431114, 0.3422789479318082, 0.16425108396861055]], "ideal": "D", "sampled": "C", "correct": false}}
{"type": "result", "data": {"idx": 47, "options": ["7", "5", "2", "25"], "probs": [[0.08665739356646346, 0.31946738123080054, 0.5519683709798856, 0.04190685412285038], [0.22845376386644367, 0.5566941706538128, 0.14407446025638704, 0.07077760512335647], [0.13149891400515581, 0.2167991632960254, 0.5365539032711303, 0.11514801932768845], [0.05888105621220409, 0.3013634822250217, 0.5372167544981264, 0.10253870696464777]], "ideal": "A", "sampled": "C", "correct": false}}
{"type": "result", "data": {"idx": 48, "options": ["792", "66", "396", "72"], "probs": [[0.0924648872854102, 0.41769728371568804, 0.45159069035596805, 0.03824713854293372], [0.10842027415265888, 0.3966373739225821, 0.41561218589037086, 0.07933016593438816], [0.1675930619072214, 0.35762971636056884, 0.20057377217194397, 0.2742034494602658], [0.18499875936674007, 0.18792148792617816, 0.5788181825544642, 0.04826157005261763]], "ideal": "D", "sampled": "B", "correct": false}}
{"type": "result", "data": {"idx": 49, "options": ["5", "-75", "-64", "-24"], "probs": [[0.04980011730590335, 0.26298734934959517, 0.6407908296062135, 0.04642170363828797], [0.05770522233557281, 0.5103408256488355, 0.4100501483598329, 0.021903803555758827], [0.05154674757024578, 0.6378970002960211, 0.2875012392821722, 0.023055012751560827], [0.17861219440348106, 0.4218358804533104, 0.32850025612555, 0.07105166891765853]], "ideal": "B", "sampled": "C", "correct": false}}
{"type": "result", "data": {"idx": 50, "options": ["\\frac{1}{27}", "\\frac{1}{68}", "\\frac{1}{3}", "\\frac{1}{243}"], "probs": [[0.050321131401167944, 0.08763515013249633, 0.84451531743292, 0.01752840093341578], [0.04977101274190039, 0.8353653238114811, 0.053395872803807025, 0.06146779054281146], [0.051725354682675875, 0.16699064271028002, 0.7425379309783159, 0.03874607152872821], [0.01737665843291336, 0.49611729494059226, 0.06872406204392105, 0.4177819844825733]], "ideal": "D", "sampled": "C", "correct": false}}
{"type": "result", "data": {"idx": 51, "options": ["100", "4", "5", "20"], "probs": [[0.016717399466001443, 0.2719362523915487, 0.6322089079763579, 0.07913744006609197], [0.05680074156024208, 0.44682136115996496, 0.4830941825008512, 0.01328371467894176], [0.1466538329025794, 0.7805840474035238, 0.042017445511866966, 0.030744674082029848], [0.28415914414428123, 0.17508047230383741, 0.4909902943965324, 0.0497700890553489]], "ideal": "A", "sampled": "D", "correct": false}}
{"type": "result", "data": {"idx": 52, "options": ["1", "9", "2", "10"], "probs": [[0.006694337414786755, 0.298337849743054, 0.2182239612180814, 0.47674385152407783], [0.08443742203264627, 0.12190719302388933, 0.7351624876305589, 0.05849289721290549], [0.010940134255154095, 0.6211867111832247, 0.21801200336531862, 0.14986115109630266], [0.19494695561433614, 0.2315116002205156, 0.5136177041834309, 0.059923739881717404]], "ideal": "B", "sampled": "D", "correct": false}}
{"type": "result", "data": {"idx": 53, "options": ["43", "16", "42", "44"], "probs": [[0.0956303062526216, 0.5951727101177154, 0.1678343453650366, 0.14136263816462633], [0.19645983857007468, 0.27708931013060234, 0.35574005640794093, 0.17071079479138201], [0.019518074082525486, 0.2453481907602516, 0.7098740497238515, 0.02525968533337136], [0.1042436679370343, 0.6960224145539198, 0.09946710096594145, 0.10026681644310449]], "ideal": "C", "sampled": "A", "correct": false}}
{"type": "result", "data": {"idx": 54, "options": ["\\frac{1}{6}", "\\frac{1}{64}", "\\frac{1}{32}", "\\frac{1}{2}"], "probs": [[0.4257127991104645, 0.3114869253499469, 0.18026065811848507, 0.08253961732110353], [0.41831872174668416, 0.3414534653490078, 0.15389146023859057, 0.08633635256571744], [0.4131134182778649, 0.22461970315579258, 0.26258900954622477, 0.09967786892011773], [0.10317645013965919, 0.48852607170586, 0.3253687193484158, 0.08292875870606496]], "ideal": "C", "sampled": "A", "correct": false}}
{"type": "result", "data": {"idx": 55, "options": ["5", "\\frac{25}{6}", "\\frac{\\sqrt{2465}{9}", "2"], "probs": [[0.021431900399032575, 0.7325869147299265, 0.20654204331849363, 0.039439141452547274], [0.5183978309352903, 0.30476410016902217, 0.1439517932424387, 0.03288627555324875], [0.2342037101871241, 0.24547775060331267, 0.3515753955236405, 0.16874314358592268], [0.02142379710748261, 0.16855653350753888, 0.7732730242307573, 0.036746645054221184]], "ideal": "A", "sampled": "B", "correct": false}}
{"type": "result", "data": {"idx": 56, "options": ["3", "\\frac{1}{49}", "\\frac{1}{7}", "7"], "probs": [[0.023249676839006656, 0.7122212792676677, 0.2056069243668134, 0.058922119426512314], [0.5974948378432753, 0.319824244962394, 0.04679702106277351, 0.03588389603155725], [0.6825156705514199, 0.19251219639473968, 0.08676575739163112, 0.03820637556220927], [0.3300260455564722, 0.41076670236801033, 0.16464091099757522, 0.09456634097794224]], "ideal": "B", "sampled": "B", "correct": true}}
{"type": "result", "data": {"idx": 57, "options": ["4, 7", "5, 5", "3, 9", "9, 8"], "probs": [[0.35098343822587835, 0.3855228096939831, 0.06964444316492084, 0.1938493088152177], [0.7086383488471465, 0.15324534017564218, 0.04221782707096676, 0.09589848380624456], [0.36717055338437954, 0.22270276313887527, 0.1329515466840695, 0.2771751366926757], [0.422501882365522, 0.23701808814528982, 0.021529443078657295, 0.3189505863105309]], "ideal": "B", "sampled": "B", "correct": true}}
{"type": "result", "data": {"idx": 58, "options": ["1", "120", "20", "12"], "probs": [[0.016478539002634473, 0.537335530982391, 0.3361693720531873, 0.11001655786178718], [0.4950421737874486, 0.3916339205943529, 0.09157182804087259, 0.021752077477325864], [0.1417144750385146, 0.5391236221773552, 0.1508442818464424, 0.16831762083768778], [0.21227433484628222, 0.36970038821202533, 0.3112721028883879, 0.10675317395330454]], "ideal": "B", "sampled": "B", "correct": true}}
{"type": "result", "data": {"idx": 59, "options": ["1", "2", "-2", "0"], "probs": [[0.15120599486481084, 0.5319538474167671, 0.19720511745007674, 0.11963504016834531], [0.15148707771315026, 0.3207271003185725, 0.3206941687533188, 0.20709165311495847], [0.049854997179850105, 0.2759306502421153, 0.5750510220730346, 0.09916333040499999], [0.056059399630985274, 0.3861249814359839, 0.4957574771661662, 0.06205814166686466]], "ideal": "C", "sampled": "A", "correct": false}}
{"type": "result", "data": {"idx": 60, "options": ["1160", "1440", "2408", "2793"], "probs": [[0.0757534787774053, 0.2108262439824993, 0.6699122661071116, 0.043508011032983795], [0.032514998974025974, 0.4217300806425073, 0.5086140385805238, 0.03714088170294294], [0.28483372605537205, 0.42099695923070635, 0.2553147048771468, 0.03885460973677477], [0.23435149648022538, 0.23805926294369, 0.48842056671077844, 0.039168673765306194]], "ideal": "D", "sampled": "C", "correct": false}}
{"type": "result", "data": {"idx": 61, "options": ["0.615", "4.875", "15", "34.667"], "probs": [[0.22184626260015103, 0.42768605583311264, 0.30322664295323365, 0.04724103851350267], [0.11343854580103538, 0.2596854845943233, 0.5943708374921356, 0.032505132012505766], [0.10060747079224047, 0.5745976630910067, 0.2713491648687553, 0.053445701147997494], [0.1594847029172893, 0.14184993821118724, 0.6507746722071578, 0.04789068656436564]], "ideal": "B", "sampled": "D", "correct": false}}
{"type": "result", "data": {"idx": 62, "options": ["f (x) = 0 has three real solutions.", "f (x) \u2265 \u201318 for all x \u2265 0.", "f (x) \u2264 \u201318 for all x \u2264 0.", "The function f (x) is decreasing for x \u2264 \u20133."], "probs": [[0.3006494089757172, 0.45137522292652865, 0.2018627405242333, 0.046112627473520795], [0.38288879390702363, 0.24723073837668988, 0.3125179409668256, 0.05736252664946089], [0.22603855713632748, 0.24063624204117007, 0.493733580779346, 0.039591619943156464], [0.14537293449370783, 0.3515101189517325, 0.4584270178143529, 0.044689928640206766]], "ideal": "A", "sampled": "B", "correct": false}}
{"type": "result", "data": {"idx": 63, "options": ["211", "2321", "11", "608"], "probs": [[0.16716175589194748, 0.5109462388924714, 0.2865736623025125, 0.03531834281306858], [0.388932261474022, 0.337928715481425, 0.24337929711459233, 0.029759725829960622], [0.06898935498296861, 0.4064727041114371, 0.46778150847697336, 0.05675643232862096], [0.21805638019396129, 0.3709503149315208, 0.37675750565340327, 0.034235799121114636]], "ideal": "D", "sampled": "B", "correct": false}}
{"type": "result", "data": {"idx": 64, "options": ["-8", "128", "-128", "16"], "probs": [[0.14977745638121168, 0.433449401899358, 0.16193946995343197, 0.25483367166599835], [0.22178769109415425, 0.41439354415564317, 0.3176854848544009, 0.04613327979580171], [0.28119910855169467, 0.4424316585971181, 0.16273841659106322, 0.11363081616012399], [0.2639307579160019, 0.3497041631250496, 0.29441865178909243, 0.09194642706985608]], "ideal": "C", "sampled": "D", "correct": false}}
{"type": "result", "data": {"idx": 65, "options": ["\u201312", "\u20139", "0", "8"], "probs": [[0.06728136238015286, 0.2968762980010927, 0.4186258724527513, 0.21721646706600314], [0.10528034558911815, 0.25059410553759615, 0.5388352790109613, 0.10529026976232438], [0.019770352793921874, 0.46429429923757254, 0.12494585312413335, 0.3909894947443722], [0.052951375499065846, 0.2282281756262344, 0.5737401096836403, 0.1450803390910594]], "ideal": "B", "sampled": "B", "correct": true}}
{"type": "result", "data": {"idx": 66, "options": ["3", "4", "5", "6"], "probs": [[0.03989598959130424, 0.3756398912238928, 0.5133301691693852, 0.0711339499154177], [0.12312959867257008, 0.4366135260987884, 0.35627671216004964, 0.08398016296859191], [0.15647287756372485, 0.4221156755756315, 0.28111836778228344, 0.14029307897836021], [0.2516869958615519, 0.3440693097382032, 0.32315797332776014, 0.08108572097248472]], "ideal": "C", "sampled": "C", "correct": true}}
{"type": "result", "data": {"idx": 67, "options": ["72", "6", "18", "12"], "probs": [[0.15353736165465337, 0.3029847420226683, 0.4692265951966908, 0.07425130102598752], [0.12147074191547667, 0.35986879464365484, 0.44083246584298647, 0.07782799749788202], [0.21723112299929, 0.287798313113592, 0.4187063543176194, 0.07626420946949862], [0.03867167246405074, 0.41580038366403005, 0.4157025724510728, 0.12982537132084646]], "ideal": "B", "sampled": "C", "correct": false}}
{"type": "result", "data": {"idx": 68, "options": ["\\frac{1}{12}", "\\frac{1}{6}", "\\frac{2}{3}", "\\frac{1}{3}"], "probs": [[0.24904397869730965, 0.45811210443302797, 0.14640845793238857, 0.1464354588372738], [0.43399738452718795, 0.2287114070739729, 0.30775471945466537, 0.029536488844173744], [0.3714501143205183, 0.5404957794097673, 0.0479692281123709, 0.04008487805734349], [0.5408342307172751, 0.21513973367273545, 0.21179624066515151, 0.03222979484483797]], "ideal": "D", "sampled": "D", "correct": true}}
{"type": "result", "data": {"idx": 69, "options": ["5", "2", "13", "139"], "probs": [[0.06997519092161, 0.5505065414973057, 0.35533308716416717, 0.0241851803169171], [0.20437275328021656, 0.7246394318654563, 0.03839658286179899, 0.03259123189252811], [0.2963159978093424, 0.24950875339397155, 0.3804176747418502, 0.07375757395483586], [0.02047288113132409, 0.383314557553585, 0.3600334316857801, 0.23617912952931078]], "ideal": "A", "sampled": "C", "correct": false}}
{"type": "result", "data": {"idx": 70, "options": ["100", "999", "625", "500"], "probs": [[0.06760867533286323, 0.3488542955275988, 0.46204071199652896, 0.12149631704300905], [0.10579970950915096, 0.369369731927371, 0.32084606528855913, 0.20398449317491893], [0.08173943994316066, 0.3415437612971076, 0.4968557022249372, 0.07986109643479455], [0.04431181143594233, 0.5400077244846462, 0.31734905471252134, 0.09833140926689021]], "ideal": "C", "sampled": "A", "correct": false}}
{"type": "result", "data": {"idx": 71, "options": ["\\frac{7}{15}", "\\frac{15}{7}", "\\frac{15}{8}", "\\frac{15}{11}"], "probs": [[0.49209935065172145, 0.3079474120900677, 0.14208958353482642, 0.05786365362338437], [0.28387134418416443, 0.31178223154460194, 0.3267333409836985, 0.07761308318753513], [0.4475878080689864, 0.3653215034829509, 0.11228443437963388, 0.07480625396842876], [0.42734922566272576, 0.21826423025423033, 0.2983297518465269, 0.056056792136517014]], "ideal": "B", "sampled": "D", "correct": false}}
{"type": "result", "data": {"idx": 72, "options": ["29", "14", "27", "11"], "probs": [[0.20305756337571784, 0.3296087780148624, 0.36198035957711205, 0.10535329893230772], [0.14397690771398433, 0.4684563925733895, 0.2318696552186046, 0.15569704439402157], [0.15636285904925776, 0.3061647071209648, 0.4524509242849459, 0.08502150944483162], [0.11484849965236729, 0.3977694390809377, 0.34554447284809514, 0.14183758831859988]], "ideal": "A", "sampled": "A", "correct": true}}
{"type": "result", "data": {"idx": 73, "options": ["-5", "13", "64", "25"], "probs": [[0.038819451714191267, 0.31752884999252634, 0.5839864175937898, 0.05966528059949264], [0.14486441803304065, 0.38169045384145595, 0.4393011416393994, 0.034143986386104046], [0.36518069294500477, 0.4763216063691659, 0.08879305950666007, 0.06970464107916928], [0.2439097338458059, 0.1784524298675577, 0.5244710220056428, 0.0531668141809936]], "ideal": "C", "sampled": "C", "correct": true}}
{"type": "result", "data": {"idx": 74, "options": ["2", "1", "9", "16"], "probs": [[0.04154486487318708, 0.25852252783799856, 0.47175815879919825, 0.2281744483896161], [0.05213894969934842, 0.26897596809230706, 0.6108744030044598, 0.06801067910388468], [0.04213967824738753, 0.4061457423576085, 0.47479932434282734, 0.07691525495217663], [0.3154765104426482, 0.2917811902892259, 0.3306162691972177, 0.06212602997090819]], "ideal": "B", "sampled": "D", "correct": false}}
{"type": "result", "data": {"idx": 75, "options": ["10240", "5001", "5002", "8192"], "probs": [[0.1547229896578749, 0.5234804280937375, 0.1596266037399939, 0.16216997840839364], [0.013673706411791792, 0.04885901664938812, 0.7235523690684602, 0.21391490777035982], [0.013126698983649866, 0.2053394424361029, 0.6945843553585594, 0.08694950312168784], [0.10140794730770063, 0.4203735370318821, 0.40106115629664774, 0.07715735926376951]], "ideal": "D", "sampled": "A", "correct": false}}
{"type": "result", "data": {"idx": 76, "options": ["If f(x) is continuous at x = c, then f\u2032(c) exists.", "If f\u2032(c) = 0, then f has a local maximum or minimum at (c, f (c)).", "If f\u2032\u2032(c) = 0, then the graph of f has an inflection point at (c, f (c)).", "If f is differentiable at x = c, then f is continuous at x = c."], "probs": [[0.05490929444398615, 0.5293629942463971, 0.3039042157194766, 0.11182349549014017], [0.135680241337556, 0.33069741229837113, 0.4051261185430754, 0.12849622772099747], [0.15294531319344204, 0.266399892112782, 0.4391713963512173, 0.14148339824255865], [0.04577441732138953, 0.5079046913058453, 0.3893389570917865, 0.05698193418097867]], "ideal": "D", "sampled": "B", "correct": false}}
{"type": "result", "data": {"idx": 77, "options": ["5", "22", "11", "6"], "probs": [[0.16133229793482667, 0.1758254060530389, 0.5901140105904762, 0.0727282853216582], [0.04383446014475809, 0.43936837076511925, 0.4461857410112431, 0.07061142797887955], [0.26417042916780287, 0.35001637354663373, 0.3554680227907217, 0.03034517439484171], [0.3204710614115095, 0.43134427796900754, 0.12068452055445728, 0.12750013996502566]], "ideal": "A", "sampled": "C", "correct": false}}
{"type": "result", "data": {"idx": 78, "options": ["Wednesday", "Thursday", "Friday", "Saturday"], "probs": [[0.07758424834943131, 0.3940296974250622, 0.3422722398587449, 0.18611381426676155], [0.053904621984565707, 0.2360025310876024, 0.21821336120847215, 0.49187948561935974], [0.01091494294608415, 0.1641893500518196, 0.60048525233228, 0.22441045456981626], [0.010636996674908134, 0.28973213374943746, 0.5005161854965438, 0.1991146839791107]], "ideal": "C", "sampled": "A", "correct": false}}
{"type": "result", "data": {"idx": 79, "options": ["January 10th", "January 21st", "January 31st", "February 10th"], "probs": [[0.12285121816467515, 0.24434257131075585, 0.5769929670340634, 0.05581324339050554], [0.16417768573707844, 0.23520486667231869, 0.4258189879664228, 0.17479845952418005], [0.14594884215325943, 0.17065466938696439, 0.5255644320916086, 0.1578320562681676], [0.07199712627414738, 0.3079464343494257, 0.540351791913363, 0.07970464736306394]], "ideal": "B", "sampled": "A", "correct": false}}
{"type": "result", "data": {"idx": 80, "options": ["75", "76", "22", "23"], "probs": [[0.22076388184877888, 0.41246665227460705, 0.22422288870562013, 0.1425465770709939], [0.20713267036888935, 0.3310042668697675, 0.36922500083963833, 0.09263806182170478], [0.04795721741855908, 0.5888803245942144, 0.21658469131819047, 0.14657776656903612], [0.05117904040889894, 0.2681559333985957, 0.5588477870220182, 0.12181723907048714]], "ideal": "B", "sampled": "B", "correct": true}}
