{"type": "result", "data": {"idx": 0, "options": ["inflation had already impacted the economy before the fiscal stimulus.", "the economy initially had some unemployed resources.", "aggregate supply decreased.", "aggregate demand is steeply sloped."], "probs": [[0.003028271629260992, 0.9821155969676069, 0.010164623776116056, 0.004691507527016115], [0.9930596792196585, 0.005211914342255442, 0.0015166285210332995, 0.00021177781705270445], [0.004868058573606822, 0.019256351834529267, 0.0035614792101343004, 0.9723141102817295], [0.004395880664326329, 0.014757170099918716, 0.9793971020312875, 0.0014498471044674512]], "ideal": "B", "sampled": "B", "correct": true}}
{"type": "result", "data": {"idx": 1, "options": ["II III and IV only", "I and III only", "II and IV only", "III and IV only"], "probs": [[0.3124059671153622, 0.32758426123444623, 0.297994486808369, 0.06201528474182257], [0.1749107286212337, 0.1496461689533452, 0.3190263617300034, 0.35641674059541767], [0.14311498935262926, 0.16865653426214308, 0.5657936544818752, 0.12243482180335236], [0.05972758941262496, 0.38656010499903126, 0.5038048530647599, 0.04990745242358388]], "ideal": "D", "sampled": "A", "correct": false}}
{"type": "result", "data": {"idx": 2, "options": ["The price level rises but real GDP falls.", "Both the price level and real GDP rise.", "The price level rises but the change in real GDP is uncertain.", "Real GDP rises but the change in the price level is uncertain."], "probs": [[0.001330034281010726, 0.9875881489914597, 0.006100643216293746, 0.004981173411235773], [0.8968150831764045, 0.08409478345225045, 0.015673399128436794, 0.003416734142908286], [0.006530522203594111, 0.10875494533376052, 0.02926106140509309, 0.8554534709575523], [0.001980350297756437, 0.009088210508832613, 0.9864856922497298, 0.002445746843681132]], "ideal": "D", "sampled": "B", "correct": false}}
{"type": "result", "data": {"idx": 3, "options": ["result in lower domestic prices.", "sometimes raise and sometimes lower the amount of the product sold domestically.", "lower the amount of the product sold domestically.", "raise the amount of the product sold domestically."], "probs": [[0.0015028850054965414, 0.13744029292557386, 0.8549241951120529, 0.006132626856876711], [0.01753751756526311, 0.8720517800381984, 0.10743328985404768, 0.0029774124424908534], [0.031210540065214048, 0.6080068026467488, 0.014512948851290718, 0.34626970833674653], [0.007462404240183332, 0.02861180558829644, 0.9182080122750984, 0.0457177777964218]], "ideal": "C", "sampled": "C", "correct": true}}
{"type": "result", "data": {"idx": 4, "options": ["expansionary monetary policy.", "contractionary monetary policy.", "a depreciating dollar.", "fiscal policy designed to reduce the budget deficit."], "probs": [[0.01763873919032848, 0.06014734766463937, 0.9117622142017171, 0.01045169884331499], [0.016478138134907467, 0.8795067716227885, 0.06415351515452625, 0.03986157498777783], [0.2618696405953726, 0.5633506805818665, 0.15393737042983557, 0.020842308292925285], [0.035156910551594416, 0.4286049449665071, 0.1143658124887285, 0.42187233189317]], "ideal": "B", "sampled": "C", "correct": false}}
{"type": "result", "data": {"idx": 5, "options": ["nominal GDP falls.", "the nominal interest rate falls.", "bond prices fall.", "the supply of money falls."], "probs": [[0.022703776683528343, 0.8390177094604555, 0.10254847505618753, 0.035730038699828576], [0.9404790844590478, 0.047569675039305495, 0.008137315479509976, 0.003813924922136653], [0.6451367110353997, 0.19988314359513185, 0.059074850613132515, 0.09590529465633593], [0.24285729769850015, 0.1129566530686161, 0.6201380629248234, 0.024047986208060323]], "ideal": "B", "sampled": "B", "correct": true}}
{"type": "result", "data": {"idx": 6, "options": ["means that no inferior products will be produced.", "implies that the economy's output is distributed evenly.", "means that those who work hardest will get more.", "implies that resources are used to produce the goods and services society desires in just the right amounts."], "probs": [[0.0001584147279872626, 0.00010310396448473288, 5.648450998622737e-05, 0.9996819966975418], [0.0017216502306281799, 0.002109531903141248, 0.9949383725853531, 0.0012304451808774334], [0.0008198310446605663, 0.9955340694715217, 0.002585080005002021, 0.0010610193788157536], [0.9971993247058006, 0.0021479161701514248, 0.0003732309732121329, 0.0002795280508358224]], "ideal": "D", "sampled": "D", "correct": true}}
{"type": "result", "data": {"idx": 7, "options": ["production within a nation's borders.", "production by a nation's citizens wherever they may be.", "income earned by the factors of production plus depreciation and indirect business taxes.", "(A) and (C)"], "probs": [[0.005050883929714037, 0.0014140689424886612, 0.000380462029127558, 0.9931545849986697], [0.013112446860105447, 0.04167438631694791, 0.9191348836505888, 0.026078283072357867], [0.26417892898029255, 0.7185595557267686, 0.008900169191083397, 0.008361346001855471], [0.005004814066589561, 0.1474316170803639, 0.8350784469472586, 0.01248512180578795]], "ideal": "D", "sampled": "D", "correct": true}}
{"type": "result", "data": {"idx": 8, "options": ["accounting cost", "switching cost", "inferior cost", "opportunity cost"], "probs": [[6.004066353154984e-05, 0.00045062240648773407, 0.0014317981197330318, 0.9980575387102477], [0.0006176331849259909, 0.012503304896686537, 0.9854653179490946, 0.0014137438692927687], [0.00029958554199222194, 0.9965894665035383, 0.0018497551506886619, 0.0012611927037808463], [0.9967283820566902, 0.0017391268878890894, 0.0005261575997960982, 0.0010063333556245293]], "ideal": "D", "sampled": "D", "correct": true}}
{"type": "result", "data": {"idx": 9, "options": ["there is no cyclical unemployment.", "the inflation rate is zero.", "there is no structural unemployment.", "the nation is experiencing a recession."], "probs": [[0.9058535169833243, 0.05440405426229618, 0.038577448878219435, 0.001164979776160083], [0.006710310259684219, 0.9357258985010651, 0.031024460655508165, 0.026539330483742483], [0.24084950762414958, 0.08195887430766663, 0.6755300102206393, 0.0016616077475444513], [0.0017103563311236874, 0.9887306622278208, 0.007429936867437104, 0.0021290444736184492]], "ideal": "A", "sampled": "A", "correct": true}}
{"type": "result", "data": {"idx": 10, "options": ["pay that amount to its trading partners.", "have a positive value of equal magnitude on its capital account.", "depreciate its currency.", "appreciate its currency."], "probs": [[0.4673488692160045, 0.24245995054893807, 0.26212906590715374, 0.028062114227903737], [0.027269409729460434, 0.4368971548178293, 0.24490764704327345, 0.2909257883094368], [0.09206284436817647, 0.2792147877766329, 0.6193901107560855, 0.009332256999105165], [0.010419888818438434, 0.7195554602399357, 0.07942590454877071, 0.1905987462928552]], "ideal": "B", "sampled": "A", "correct": false}}
{"type": "result", "data": {"idx": 11, "options": ["The cash you receive from babysitting your neighbor\u2019s kids", "The sale of illegal drugs", "The sale of cucumbers to a pickle manufacturer", "The sale of a pound of tomatoes at a supermarket"], "probs": [[0.003353889513134023, 0.006828154803805772, 0.747212450086407, 0.24260550549665313], [0.0022854505424009983, 0.028501857007439253, 0.9662317576300811, 0.0029809347200786297], [0.21654162022984003, 0.7799525933370456, 0.002295882463592321, 0.0012099038695220987], [0.9935039415531335, 0.005954450293331056, 0.0001812255166190327, 0.0003603825369163765]], "ideal": "D", "sampled": "D", "correct": true}}
{"type": "result", "data": {"idx": 12, "options": ["5 percent decrease", "\u00bc percent increase", "3 percent increase", "5 percent increase"], "probs": [[0.03720263613106134, 0.37002237852821257, 0.5216132116757685, 0.07116177356495762], [0.009393839982218504, 0.3902280283022069, 0.5765762258717787, 0.023801905743795926], [0.03958883866425029, 0.34741818771979166, 0.6001393772056355, 0.012853596310322611], [0.13733706030370507, 0.41982353198603184, 0.41970587241594204, 0.02313353519432105]], "ideal": "D", "sampled": "D", "correct": true}}
{"type": "result", "data": {"idx": 13, "options": ["more effective in X because the policy will increase net exports.", "more effective in X because the policy will decrease net exports.", "equally effective in X and Y.", "less effective in X because the policy will decrease net exports."], "probs": [[0.7957280999440114, 0.1720970002069792, 0.019610982696787446, 0.012563917052221997], [0.25272222597687777, 0.13849961343513903, 0.464781389643522, 0.14399677084446122], [0.019265004439078, 0.2558306332652017, 0.7173593295542231, 0.00754503264149714], [0.26121350560713724, 0.6991965620251405, 0.02774749264011933, 0.01184243962760299]], "ideal": "D", "sampled": "A", "correct": false}}
{"type": "result", "data": {"idx": 14, "options": ["Unemployment falls with little inflation.", "Unemployment rises with little inflation.", "Unemployment falls with rampant inflation.", "Unemployment rises with rampant inflation."], "probs": [[0.6288963719658285, 0.34742347308486043, 0.02085696214973502, 0.0028231926995760364], [0.0012134002395867646, 0.006768426657860868, 0.018393674321775366, 0.973624498680777], [0.0010798856751742586, 0.008233272795274303, 0.9894820318787123, 0.0012048095508391784], [0.0004657094871079365, 0.9924566827952358, 0.004890157881645807, 0.0021874497360104433]], "ideal": "A", "sampled": "A", "correct": true}}
{"type": "result", "data": {"idx": 15, "options": ["70%.", "30%.", "40%.", "90%."], "probs": [[0.5174320877858029, 0.21918806186524045, 0.24438246809055097, 0.01899738215840569], [0.20514498954666086, 0.3835519310977751, 0.12636143156161062, 0.28494164769395347], [0.03598290469806249, 0.17995458153867855, 0.7283216443669386, 0.055740869296320335], [0.016187312254014357, 0.6624760532114182, 0.2674105186213822, 0.05392611581318523]], "ideal": "B", "sampled": "A", "correct": false}}
{"type": "result", "data": {"idx": 16, "options": ["prevent inflation.", "prevent recessions from occurring.", "prevent inflation and recessions from occurring.", "are government policies already in place that promote deficit spending during recessions and surplus budgets during expansions."], "probs": [[0.0010078870347737354, 0.008244599865923494, 0.9603557259253213, 0.030391787073981463], [0.0032141842030879663, 0.008806913182487936, 0.9865299488700421, 0.0014489536443819866], [0.0016618629384400707, 0.9920967180999586, 0.0029862278485557883, 0.0032551910130455297], [0.9798178534931736, 0.004830982002445075, 0.0009294333736958935, 0.014421731030685373]], "ideal": "D", "sampled": "D", "correct": true}}
{"type": "result", "data": {"idx": 17, "options": ["The equilibrium price will rise while the equilibrium quantity is indeterminate.", "The equilibrium price will fall while the equilibrium quantity is indeterminate.", "The equilibrium price is indeterminate while the equilibrium quantity will rise.", "The equilibrium price is indeterminate while the equilibrium quantity will fall."], "probs": [[0.005713911322004809, 0.8620642025506055, 0.09437189375300369, 0.03784999227438599], [0.6425044143350438, 0.11430789146031681, 0.22723030271141942, 0.015957391393219954], [0.3447410153076236, 0.3139612960726428, 0.31140589594928497, 0.02989179257044869], [0.03446931317775015, 0.08668717555411812, 0.8685716799735922, 0.01027183119453951]], "ideal": "B", "sampled": "B", "correct": true}}
{"type": "result", "data": {"idx": 18, "options": ["a recession.", "a higher price level.", "higher interest rates.", "expected future inflation."], "probs": [[0.014188443930198804, 0.04405031918141538, 0.652259914750401, 0.2895013220379848], [0.019988187922380652, 0.43088402055711067, 0.5360160905774038, 0.013111700843104828], [0.029965770954525815, 0.954825984362978, 0.010275501618070438, 0.004932742964425662], [0.9888343670108832, 0.009773447285934293, 0.0006445897846251452, 0.0007475958185573572]], "ideal": "B", "sampled": "D", "correct": false}}
{"type": "result", "data": {"idx": 19, "options": ["economic growth.", "inflation.", "unemployment.", "discouraged workers."], "probs": [[0.00013519705847916792, 0.9977360491204804, 0.0012048806678547823, 0.0009238730531856766], [0.999131773643995, 0.0006166669035942113, 0.00018657545556054344, 6.498389685022445e-05], [1.6060683170763598e-05, 4.006695211614858e-05, 8.818098233908269e-05, 0.999855691282374], [0.00011400869215481252, 0.0005354636347349902, 0.9988553142457228, 0.0004952133273873286]], "ideal": "B", "sampled": "B", "correct": true}}
{"type": "result", "data": {"idx": 20, "options": ["Only I is correct.", "Only II is correct.", "Only III is correct.", "I II and III are correct."], "probs": [[0.00039186926532086644, 0.0001534998349607601, 0.0002032927651753827, 0.999251338034543], [0.007040353274571295, 0.01024451676341922, 0.9739524517732112, 0.008762678088798211], [0.007102920458790201, 0.9605257254064473, 0.027009605451919952, 0.005361748582842511], [0.8589221682290107, 0.12575478628012934, 0.008964705121431523, 0.006358340269428504]], "ideal": "D", "sampled": "D", "correct": true}}
{"type": "result", "data": {"idx": 21, "options": ["Falls \u00a0\u00a0\u00a0 Falls \u00a0\u00a0\u00a0 No change \u00a0\u00a0\u00a0 Falls", "Falls \u00a0\u00a0\u00a0 Falls \u00a0\u00a0\u00a0 Falls \u00a0\u00a0\u00a0 Falls", "No change \u00a0\u00a0\u00a0 Falls \u00a0\u00a0\u00a0 No change \u00a0\u00a0\u00a0 No change", "Falls \u00a0\u00a0\u00a0 Falls \u00a0\u00a0\u00a0 No change \u00a0\u00a0\u00a0 No change"], "probs": [[0.0631087141916949, 0.28076768703095933, 0.6325346407556174, 0.023588957921728392], [0.008955128573430456, 0.17996999787201717, 0.7938070370376445, 0.017267836416907836], [0.0045139340344634475, 0.19815322344255357, 0.7711441936242714, 0.02618864879871157], [0.006722868036785646, 0.3909105164833845, 0.5866088722380913, 0.01575774314173854]], "ideal": "A", "sampled": "A", "correct": true}}
{"type": "result", "data": {"idx": 22, "options": ["An increase in government spending matched by an equal increase in taxes", "An increase in government spending with no change in taxes", "A decrease in government spending and a matching increase in taxes", "A decrease in taxes with no change in government spending"], "probs": [[0.0038055545246924267, 0.9612730278781424, 0.017456587646132733, 0.0174648298510324], [0.3678690242680411, 0.20002529283880865, 0.42338601302536527, 0.008719669767784988], [0.0647244414786678, 0.212300079306587, 0.34445990055574127, 0.3785155785590039], [0.006707861887923385, 0.048429000535821935, 0.9352531196390326, 0.009610017837222134]], "ideal": "B", "sampled": "B", "correct": true}}
{"type": "result", "data": {"idx": 23, "options": ["what one sees when looking at bank literature", "the nominal interest rate divided by the inflation rate", "the nominal interest rate plus the anticipated inflation rate", "the nominal interest rate minus anticipated inflation"], "probs": [[0.0005709510766091175, 0.9864352150981227, 0.009577472505388885, 0.003416361219879298], [0.9930854809134547, 0.005769482801480237, 0.0009491749020012333, 0.00019586128306381281], [0.9518181641158959, 0.04667233203084761, 0.0003321746965578531, 0.0011773290566986195], [0.9934818049745178, 0.005726443546647292, 0.0005714564410910966, 0.00022029493774384132]], "ideal": "D", "sampled": "B", "correct": false}}
{"type": "result", "data": {"idx": 24, "options": ["Cigarettes used as money in prisons", "Dollar bills", "Gold coins", "Arrowheads used as a medium of exchange"], "probs": [[0.0028525186486167554, 0.9922390018952728, 0.0013581687049150375, 0.0035503106511954267], [0.728286392841254, 0.04442743265472104, 0.008612111523694075, 0.21867406288033092], [0.00046041644927352594, 0.0007357958698492604, 0.002431223594267579, 0.9963725639866097], [0.0012222055481263426, 0.005477798545123352, 0.9882733304132154, 0.005026665393534898]], "ideal": "B", "sampled": "B", "correct": true}}
{"type": "result", "data": {"idx": 25, "options": ["The government decreases taxes and keeps spending unchanged.", "The government increases spending and keeps taxes unchanged.", "The government increases spending matched with an increase in taxes.", "The government increases taxes and decreases spending."], "probs": [[0.19982983635206644, 0.6061353823992436, 0.18770984250362113, 0.006324938645068864], [0.48382673299783785, 0.30277843794134507, 0.16077905113084784, 0.052615777829969276], [0.00856841275910194, 0.0493085168608933, 0.5511710134434753, 0.39095205683652945], [0.01018893512425789, 0.22135650676465163, 0.7603931873572026, 0.00806137065388787]], "ideal": "D", "sampled": "B", "correct": false}}
{"type": "result", "data": {"idx": 26, "options": ["I and II only", "II and III only", "II and IV only", "II III and IV only"], "probs": [[0.1440770168154628, 0.4579804505100298, 0.2775258102919854, 0.12041672228252195], [0.23786511660424764, 0.27814882576442584, 0.44422992397530225, 0.03975613355602425], [0.1110004898422407, 0.6193503371509828, 0.2385773449367627, 0.031071827970013774], [0.48034545265275796, 0.3515287381997456, 0.14875446668004544, 0.019371342367451]], "ideal": "D", "sampled": "D", "correct": true}}
{"type": "result", "data": {"idx": 27, "options": ["can be used by banks to make loans or buy investments.", "can be held in a bank's vault or its account at the FED.", "must be kept in a bank's vault.", "must be used to make loans."], "probs": [[0.017938325831357942, 0.45927687162764697, 0.5120716876497609, 0.010713114791234178], [0.07116610529617795, 0.8743422594002906, 0.039916962232483644, 0.0145746729710478], [0.0012455366865066846, 0.09668802329514899, 0.8887796361697824, 0.0132868037485619], [0.009907545460888316, 0.8789719885143481, 0.1040378504549926, 0.00708261546977098]], "ideal": "B", "sampled": "A", "correct": false}}
{"type": "result", "data": {"idx": 28, "options": ["the unemployment rate rises.", "the retirement age is lowered.", "tariffs protecting domestic jobs are eliminated.", "more immigration is allowed."], "probs": [[0.039860343178858754, 0.3811762474534301, 0.5459140145945768, 0.03304939467313433], [0.13241814420883521, 0.7562066513044658, 0.07312472354587218, 0.03825048084082673], [0.6202352260072772, 0.26672975145313976, 0.10122233977015867, 0.011812682669424342], [0.09018612041444915, 0.5070322827045567, 0.23942491766539462, 0.16335667911559956]], "ideal": "B", "sampled": "C", "correct": false}}
{"type": "result", "data": {"idx": 29, "options": ["Decreases \u00a0\u00a0\u00a0\u00a0  \u00a0\u00a0\u00a0\u00a0 Increases \u00a0\u00a0\u00a0\u00a0 Decreases", "Increases \u00a0\u00a0\u00a0\u00a0  \u00a0\u00a0\u00a0\u00a0 Increases \u00a0\u00a0\u00a0\u00a0 Decreases", "Decreases \u00a0\u00a0\u00a0\u00a0  \u00a0\u00a0\u00a0\u00a0 Decreases \u00a0\u00a0\u00a0\u00a0 Decreases", "Increases \u00a0\u00a0\u00a0\u00a0  \u00a0\u00a0\u00a0\u00a0 Increases \u00a0\u00a0\u00a0\u00a0 Increases"], "probs": [[0.2593804289909336, 0.2117295704133319, 0.49210512449847543, 0.03678487599725905], [0.1508109258603925, 0.16056470531740777, 0.6758529557708348, 0.012771412951364868], [0.042956639637034874, 0.3921197405528024, 0.5441501807045889, 0.02077343900557385], [0.009244126784884682, 0.6091677869619218, 0.36348779361094974, 0.0181002925422438]], "ideal": "B", "sampled": "A", "correct": false}}
{"type": "result", "data": {"idx": 30, "options": ["Who will get how much of each good and service?", "Who should pay taxes?", "Who will work?", "Who will make the economic decisions?"], "probs": [[0.9808538934196984, 0.012062317820351845, 0.004614138778088292, 0.002469649881861479], [0.001227863872776017, 0.30282283848599767, 0.01361669925241104, 0.6823325982888152], [0.006474756742112069, 0.013923953516087589, 0.976108269040578, 0.003493020601222343], [0.0021981569506403244, 0.9818266853218255, 0.004726128294395915, 0.011249029333138245]], "ideal": "A", "sampled": "A", "correct": true}}
{"type": "result", "data": {"idx": 31, "options": ["the real interest equals the nominal interest rate plus the inflation rate.", "the nominal interest rate equals the real interest rate minus the inflation rate.", "the nominal interest rate equals the unemployment rate plus the real interest rate.", "the nominal interest rate equals the real interest rate plus the inflation rate."], "probs": [[0.1369366535679532, 0.008825788495902046, 0.0018640263835225032, 0.8523735314526223], [0.5896200586513342, 0.021312164319233134, 0.38669550739111236, 0.0023722695383203264], [0.39398096557002416, 0.5386548442157204, 0.05765261663622926, 0.009711573478026187], [0.9585854328702954, 0.02895273057063814, 0.010567275716400665, 0.00189456074266574]], "ideal": "D", "sampled": "D", "correct": true}}
{"type": "result", "data": {"idx": 32, "options": ["a decrease in government spending.", "a decrease in the real interest rate.", "an increase in the money supply.", "unexpectedly higher resource prices."], "probs": [[0.00030701574666473926, 0.0004004751958580424, 0.0019101567026061825, 0.997382352254871], [0.001153396068599933, 0.004421742092046486, 0.9928358174708616, 0.0015890442684919736], [0.0013383326843938665, 0.9933208746401728, 0.0030636182307971385, 0.0022771743446362235], [0.9833515196929421, 0.011629388108935738, 0.0026564284412324383, 0.0023626636568897233]], "ideal": "D", "sampled": "D", "correct": true}}
{"type": "result", "data": {"idx": 33, "options": ["when price goes up supply goes up", "it is better to give than receive", "demand creates its own supply", "supply creates its own demand"], "probs": [[0.0004313966865418255, 0.0005245051907701184, 0.9407510302006528, 0.05829306782203534], [0.0007022878925223181, 0.9735636599532763, 0.025138028001511253, 0.0005960240526901351], [0.3101968602118423, 0.6883821190709412, 0.001200601743585892, 0.0002204188736306943], [0.9978845984571914, 0.001178107302214677, 0.00022836717086824318, 0.0007089269697256858]], "ideal": "D", "sampled": "C", "correct": false}}
{"type": "result", "data": {"idx": 34, "options": ["The equilibrium price level increases while the equilibrium quantity of output decreases.", "The equilibrium price level decreases while the equilibrium quantity of output increases.", "The equilibrium price level and quantity of output increase.", "The equilibrium price level and quantity of output decrease."], "probs": [[0.31252373513296583, 0.6514751575360821, 0.014056622612220657, 0.021944484618731372], [0.027222388123755083, 0.08926390318387462, 0.8737306797406179, 0.009783028851752426], [0.017199077046787255, 0.6063743351667673, 0.36771021008717997, 0.00871637759926544], [0.22313465871946156, 0.4104484745356742, 0.36216677361512517, 0.004250093029739117]], "ideal": "A", "sampled": "D", "correct": false}}
{"type": "result", "data": {"idx": 35, "options": ["advises the President of the United States.", "is part of the Federal Reserve System.", "has seven members.", "promotes free trade."], "probs": [[0.0017846945099687815, 0.9777743288786537, 0.017332900436876582, 0.0031080760745008968], [0.9918341317271999, 0.007636559415568945, 0.00027813298779841446, 0.0002511757694327416], [0.00035401343894284363, 8.412023586702921e-05, 0.00036808962196431983, 0.9991937766032258], [0.0010829661885601576, 0.003134478023774522, 0.9923407738196396, 0.0034417818680257443]], "ideal": "B", "sampled": "B", "correct": true}}
{"type": "result", "data": {"idx": 36, "options": ["increase the consumer price index and the GDP deflator.", "increase the consumer price index but not the GDP deflator.", "increase the GDP deflator but not the consumer price index.", "have no effect on the consumer price index or the GDP deflator."], "probs": [[0.6513457260472418, 0.2890533192069377, 0.058262265880487635, 0.0013386887653328392], [0.034206658980629405, 0.8688605523975877, 0.02994962442310497, 0.06698316409867788], [0.00605977061013837, 0.03250957599739906, 0.957361751597261, 0.004068901695201562], [0.001409415188567545, 0.9835575072998204, 0.012559171234096488, 0.0024739061775155666]], "ideal": "D", "sampled": "A", "correct": false}}
{"type": "result", "data": {"idx": 37, "options": ["cyclical unemployment.", "discouraged worker.", "seasonal unemployment.", "frictional unemployment."], "probs": [[0.0002597330807066869, 0.005136265245955817, 0.9940954707101877, 0.0005085308631498627], [0.0003382295063405634, 0.9936597643267128, 0.003961972544648818, 0.002040033522297888], [0.9783090168153513, 0.013956545426398894, 0.007411339617627918, 0.0003230980406218443], [3.971432887440321e-05, 0.00025305436222009854, 0.0009178384450166154, 0.9987893927638889]], "ideal": "C", "sampled": "C", "correct": true}}
{"type": "result", "data": {"idx": 38, "options": ["advanced Classical economic theory by making several refinements.", "showed how Say's Law operated in capitalist economies.", "was a great American economist.", "explained the cause of and cure for the Great Depression."], "probs": [[0.00048359923098035716, 0.0004874788295664326, 0.0004543047138987572, 0.9985746171255544], [0.0010119487204473935, 0.002816329955240602, 0.9947332556691001, 0.0014384655552119382], [0.003200341432216328, 0.8812023264966377, 0.11191244250296446, 0.003684889468181563], [0.045796931211884974, 0.9352796759944147, 0.013862026983063524, 0.005061365710636785]], "ideal": "D", "sampled": "D", "correct": true}}
{"type": "result", "data": {"idx": 39, "options": ["$800 ", "$1,000 ", "$4,000 ", "$5,000 "], "probs": [[0.13089301937081393, 0.4005445166920326, 0.4257020870598488, 0.04286037677730468], [0.004068519813608929, 0.3841081459109938, 0.5666848272755532, 0.045138506899844014], [0.13199422081716075, 0.3943174576479144, 0.4464335847267301, 0.027254736708194668], [0.07811851402865794, 0.4500597320073679, 0.390506612791109, 0.08131514107286522]], "ideal": "C", "sampled": "D", "correct": false}}
{"type": "result", "data": {"idx": 40, "options": ["Imposing tariffs to protect domestic industries from foreign competition.", "Placing taxes on savings.", "Increasing government spending.", "Promoting improvements in the education of the population."], "probs": [[0.0001046601176015493, 0.0002433644409589439, 0.00039804435893222467, 0.9992539309825073], [0.0004969534751446832, 0.0044294039991397225, 0.9945149064683803, 0.0005587359573353015], [0.0008085164809709051, 0.9971700580770436, 0.001105157106312092, 0.0009162682356733787], [0.9966118963125435, 0.0031478106628904353, 0.00013508997776686072, 0.00010520294679912941]], "ideal": "D", "sampled": "D", "correct": true}}
{"type": "result", "data": {"idx": 41, "options": ["it must make up the difference by shipping gold to its creditors.", "its exports exceed its imports.", "its currency will appreciate.", "its imports exceed its exports."], "probs": [[0.00034466234783667936, 0.0025269550401595055, 0.0013419352643712877, 0.9957864472476325], [0.0008500614479751103, 0.017075662124729427, 0.9769075234298302, 0.0051667528974652065], [0.0012296543725517208, 0.9792693842322656, 0.011849429234912159, 0.007651532060270531], [0.9761926565791338, 0.02156817438892431, 0.0019142254098831418, 0.00032494352205873506]], "ideal": "D", "sampled": "D", "correct": true}}
{"type": "result", "data": {"idx": 42, "options": ["household income in the nation.", "income earned by the factors of production.", "GDP minus depreciation and indirect business taxes.", "(B) (C) and (D)."], "probs": [[0.0009500729919861211, 0.0042943509320871685, 0.0004702467910927338, 0.9942853291848339], [0.5683882047467507, 0.2523321988084217, 0.16802213799177051, 0.011257458353057068], [0.09960606501353189, 0.45720957384700006, 0.006939914355355764, 0.4362444466841123], [0.006356261158932041, 0.024560071286864524, 0.9582696593685563, 0.010814008085647066]], "ideal": "D", "sampled": "B", "correct": false}}
{"type": "result", "data": {"idx": 43, "options": ["increase by $2.9 million.", "decrease by $2.9 million.", "increase by $290 million.", "decrease by $290 million."], "probs": [[0.02424647666755463, 0.22650753283437972, 0.7086336583517544, 0.0406123320463112], [0.009491764806773847, 0.6867748998334954, 0.27308874938110456, 0.030644585878626233], [0.04887636000105558, 0.2521560294963182, 0.6853927439440123, 0.013574866458613884], [0.05923163628044797, 0.5118333196097135, 0.36284450368762944, 0.06609054032220914]], "ideal": "D", "sampled": "C", "correct": false}}
{"type": "result", "data": {"idx": 44, "options": ["Lower interest rates that result from borrowing to conduct expansionary monetary policy", "Higher interest rates that result from borrowing to conduct contractionary fiscal policy", "Higher interest rates that result from borrowing to conduct expansionary fiscal policy", "Higher interest rates due to borrowing to conduct contractionary monetary policy"], "probs": [[0.008124499149649578, 0.7147938228957371, 0.26281876954353434, 0.01426290831107903], [0.0264946238684501, 0.9343763510606111, 0.035938568108430144, 0.003190456862508613], [0.8218892862660764, 0.1644194106345864, 0.011364404073983338, 0.0023268989253538755], [0.07229096764903913, 0.46059994963867684, 0.46053903368899934, 0.006570048923284649]], "ideal": "C", "sampled": "C", "correct": true}}
{"type": "result", "data": {"idx": 45, "options": ["NDP will be greater than GDP.", "NI will be greater than GDP.", "PI will be greater than NI.", "DPI will be greater than PI."], "probs": [[0.47835537162764163, 0.31383096759456125, 0.19938707089719548, 0.008426589780601621], [0.05431293221927206, 0.5037068630305842, 0.13653257233527347, 0.30544763231487027], [0.3256129195907722, 0.37503372594865014, 0.24576671210727363, 0.053586642253304034], [0.1691536758926681, 0.2971046872990324, 0.5210942043991112, 0.012647432309188219]], "ideal": "C", "sampled": "A", "correct": false}}
{"type": "result", "data": {"idx": 46, "options": ["14 7", "7 14", "8 8", "50 2"], "probs": [[0.041595273567950126, 0.3978694460451667, 0.5351076235202243, 0.025427656766658813], [0.021839224938910107, 0.7239715237772739, 0.15630400994442548, 0.09788524123939049], [0.02076429745247529, 0.27586058550160125, 0.6611044590940217, 0.042270657851901795], [0.02303906172811799, 0.5125811548229219, 0.32543066009463667, 0.1389491232543234]], "ideal": "B", "sampled": "C", "correct": false}}
{"type": "result", "data": {"idx": 47, "options": ["The FED lowers the discount rate.", "The FED sells government securities in the secondary market.", "The federal government spends less money.", "The FED lowers reserve requirements."], "probs": [[0.006561898788321116, 0.9667352260479732, 0.007852413137200106, 0.01885046192650556], [0.9104873253041057, 0.07243999612096878, 0.012104813561950811, 0.004967864912974746], [0.0611614782518357, 0.1456044790301988, 0.05354819546007944, 0.739685847157886], [0.006187075020581255, 0.05386168280943304, 0.9325455627115867, 0.007405679358398924]], "ideal": "B", "sampled": "B", "correct": true}}
{"type": "result", "data": {"idx": 48, "options": ["The euro and other foreign currencies held by the Federal Reserve", "Gold bars in secure locations like Fort Knox", "The promise of the U.S. government to maintain its value", "The value of the actual paper on which it is printed."], "probs": [[0.005679856827707766, 0.03703927449282322, 0.9552395861038359, 0.0020412824756331025], [0.0034421564640692106, 0.9928143841069329, 0.0021044289828694098, 0.0016390303461284203], [0.9758663960762439, 0.022247168234800503, 0.001056972148320529, 0.0008294634406350228], [0.00026911901112938285, 0.0006257670244148846, 0.0006818445687741813, 0.9984232692956816]], "ideal": "C", "sampled": "C", "correct": true}}
{"type": "result", "data": {"idx": 49, "options": ["Interest rates increase and the dollar depreciates.", "Interest rates decrease and the dollar appreciates.", "Interest rates increase and the dollar appreciates.", "Interest rates decrease and the dollar depreciates."], "probs": [[0.4250391467957351, 0.40559804998168164, 0.13581230425595286, 0.03355049886663036], [0.031398049899067415, 0.30021905336844096, 0.635478246232682, 0.032904650399809596], [0.024355161116085093, 0.8654923744027903, 0.07499168561049471, 0.035160778770629876], [0.08310434656860574, 0.723600241335383, 0.1665255514170019, 0.02676986057900934]], "ideal": "D", "sampled": "D", "correct": true}}
{"type": "result", "data": {"idx": 50, "options": ["Unemployment decreases", "The price level decreases", "The aggregate supply curve shifts to the right", "The Phillips curve shifts to the right"], "probs": [[0.06506340187100888, 0.2253811313039955, 0.23984023626435147, 0.4697152304606441], [0.0170172418509453, 0.4528843239911736, 0.5051418030991343, 0.0249566309587468], [0.24843160055869826, 0.44993187333411433, 0.16548929109972718, 0.13614723490746022], [0.43268644160642994, 0.3215771269241691, 0.191997540097147, 0.05373889127225389]], "ideal": "D", "sampled": "D", "correct": true}}
{"type": "result", "data": {"idx": 51, "options": ["Discouraged workers are counted as \"out of the labor force\" thus the unemployment rate is understated making the economy look stronger than it is.", "Discouraged workers are counted as \"out of the labor force\" thus the unemployment rate is understated making the economy look weaker than it is.", "Discouraged workers are not surveyed so there is no impact on the unemployment rate.", "Discouraged workers are counted as \"unemployed\" thus the unemployment rate is understated making the economy look stronger than it is."], "probs": [[0.8349534151012963, 0.15689356765683932, 0.005410716403536909, 0.002742300738327489], [0.8948012589513524, 0.07578045874076256, 0.024220820513925802, 0.005197461693959242], [0.001399502214070712, 0.8959249615935367, 0.0988112131490115, 0.0038643229433809947], [0.009349868096797786, 0.917520502254986, 0.06745658355022917, 0.005673045997986993]], "ideal": "A", "sampled": "A", "correct": true}}
{"type": "result", "data": {"idx": 52, "options": ["Some of the things included in M2 are not as liquid as the things in MI.", "M2 is smaller than MI.", "M I is backed by gold and M2 is backed by silver.", "The biggest component of M I is currency."], "probs": [[0.899129666099273, 0.09486791881520212, 0.003269592434473704, 0.0027328225510511207], [0.0068646576248695265, 0.017819296566850197, 0.02491265348840973, 0.9504033922198706], [0.004247236048435092, 0.06055853410334438, 0.910163141047385, 0.025031088700835476], [0.003233362608381595, 0.7675263693276981, 0.22668119708567752, 0.0025590708782427117]], "ideal": "A", "sampled": "A", "correct": true}}
{"type": "result", "data": {"idx": 53, "options": ["the aggregate demand curve should be shifted to the right.", "the aggregate demand curve should be shifted to the left.", "the aggregate supply curve should be shifted to the right.", "the aggregate supply curve should be shifted to the left."], "probs": [[0.5063666821066101, 0.4331497652445081, 0.0563677450933727, 0.004115807455509117], [0.1275778777251603, 0.6583179578139626, 0.06722499035054932, 0.14687917401032774], [0.4789136450031158, 0.4096673514447433, 0.10519850473447773, 0.006220498717663158], [0.08771808026293716, 0.7882266933512245, 0.07924381192889413, 0.044811414356944135]], "ideal": "B", "sampled": "A", "correct": false}}
{"type": "result", "data": {"idx": 54, "options": ["there exist many unemployed resources so that output can be increased without increasing wages and prices.", "any increase in output requires a corresponding increase in wages and prices.", "increases in output cause prices to increase but wages adjust much less quickly.", "falling interest rates increase the demand for goods and services putting upward pressure on prices."], "probs": [[0.7144575078380673, 0.2430966929675243, 0.0381636729155855, 0.0042821261788229025], [0.0020096503951623637, 0.00355503621512644, 0.0010105163938964592, 0.9934247968958148], [0.006592238207660389, 0.005256126078029438, 0.9860607214756303, 0.002090914138679931], [0.00233586994526049, 0.9800813435355799, 0.013545943035738979, 0.004036843383420644]], "ideal": "A", "sampled": "A", "correct": true}}
{"type": "result", "data": {"idx": 55, "options": ["exports.", "expenditures.", "exports minus imports.", "imports minus exports."], "probs": [[0.9889370005212895, 0.008759750002678403, 0.0016330704570732327, 0.000670178918958874], [0.012280693253613993, 0.7366618499602916, 0.015648197351976662, 0.23540925933411774], [0.8675566282794044, 0.04353355746715484, 0.08196787123853926, 0.0069419429149015464], [0.5522438595211572, 0.34026388536085084, 0.02279637634843139, 0.08469587866956055]], "ideal": "C", "sampled": "C", "correct": true}}
{"type": "result", "data": {"idx": 56, "options": ["Higher taxes \u00a0\u00a0\u00a0 Selling Treasury securities", "Lower taxes \u00a0\u00a0\u00a0 Buying Treasury securities", "Lower government spending \u00a0\u00a0\u00a0 Increasing the reserve ratio", "Higher taxes \u00a0\u00a0\u00a0 Buying Treasury securities"], "probs": [[0.00968078773421658, 0.3156879148896803, 0.6474759379064402, 0.027155359369662922], [0.05071992920667243, 0.899497398333401, 0.03828387981505801, 0.011498792544868505], [0.046360226898635566, 0.5308084168175945, 0.3942592945286885, 0.02857206165508139], [0.07783890688770997, 0.3489746529030807, 0.4842605102530263, 0.08892592985618297]], "ideal": "D", "sampled": "C", "correct": false}}
{"type": "result", "data": {"idx": 57, "options": ["hurts creditors who do not anticipate it.", "hurts creditors who anticipate it.", "hurts debtors.", "both A and D are correct."], "probs": [[0.0017393972366692829, 0.005404372877697411, 0.010735087450540562, 0.9821211423350927], [0.002580823230815798, 0.02430237538959054, 0.9704946606198562, 0.002622140659737446], [0.013079157329257228, 0.5066970675930735, 0.47573713305212895, 0.004486641925540238], [0.1996710307684211, 0.6973129536159135, 0.05290587265597914, 0.0501101428596862]], "ideal": "D", "sampled": "D", "correct": true}}
{"type": "result", "data": {"idx": 58, "options": ["increasing AD with constant SRAS.", "decreasing SRAS with constant AD.", "decreasing AD with constant SRAS.", "a decrease in both AD and SRAS."], "probs": [[0.003667605528987568, 0.0258717438333668, 0.8563387233694982, 0.11412192716814741], [0.0025603490072244055, 0.06401930896342162, 0.9258934471909382, 0.007526894738415676], [0.0049003832100011704, 0.9492119091401506, 0.0329703751327479, 0.012917332417100297], [0.03013296796524933, 0.021207747419769097, 0.12105309215980219, 0.8276061923551794]], "ideal": "B", "sampled": "D", "correct": false}}
{"type": "result", "data": {"idx": 59, "options": ["debtors with fixed interest rates", "people with fixed money incomes", "investors in gems coins and stamps", "property owners"], "probs": [[0.00992920248017172, 0.9441052352684045, 0.015137699895544808, 0.030827862255878975], [0.9847199067098257, 0.01146537198499197, 0.002944330787204428, 0.0008703904179779662], [0.0019228699682671219, 0.059337539055116795, 0.5808071125380402, 0.35793247833857594], [0.010127812064216575, 0.49571924240112547, 0.4879611909595063, 0.006191754475151624]], "ideal": "B", "sampled": "B", "correct": true}}
{"type": "result", "data": {"idx": 60, "options": ["Raise reserve requirements; lower the discount rate; sell bonds.", "Raise reserve requirements; lower the discount rate; buy bonds.", "Raise reserve requirements; raise the discount rate; sell bonds.", "Lower reserve requirements; lower the discount rate; buy bonds."], "probs": [[0.38803456152423077, 0.4905926482112417, 0.0832516411153955, 0.03812114904913201], [0.4895043461516263, 0.17730103753351856, 0.32604674093695585, 0.007147875277899271], [0.14325098852033766, 0.6223698327332843, 0.17276284289975077, 0.061616335746627324], [0.9409366456278637, 0.04199795623480454, 0.016062275772459656, 0.001003122264872063]], "ideal": "D", "sampled": "D", "correct": true}}
