{"type": "result", "data": {"idx": 0, "options": ["True, True", "False, False", "True, False", "False, True"], "probs": [[0.19930565949192347, 0.1327856818538942, 0.5676713158418694, 0.100237342712313], [0.050891651939851346, 0.2298613305180683, 0.6054513363612525, 0.11379568108082784], [0.018560328655160947, 0.05763059607036835, 0.9012420386505277, 0.022567036523943023], [0.1296865305268262, 0.42194153596885986, 0.29907574355366007, 0.14929618985065388]], "ideal": "D", "sampled": "A", "correct": false}}
{"type": "result", "data": {"idx": 1, "options": ["True, True", "False, False", "True, False", "False, True"], "probs": [[0.11789798341698597, 0.10167292062436828, 0.6678852041257666, 0.1125438917328792], [0.05497251426077293, 0.2351464777856244, 0.5727224116061147, 0.13715859624748794], [0.05138361834858333, 0.09909704370236416, 0.8038042213996606, 0.04571511644939196], [0.2359254806997885, 0.31271472570153186, 0.26314318177452795, 0.18821661172415166]], "ideal": "C", "sampled": "A", "correct": false}}
{"type": "result", "data": {"idx": 2, "options": ["True, True", "False, False", "True, False", "False, True"], "probs": [[0.1885296702196419, 0.12463572620099163, 0.5124098062002849, 0.17442479727908156], [0.10092901881731509, 0.24595586220082183, 0.48139451494783736, 0.1717206039340257], [0.06015548899284076, 0.09033329106212301, 0.7740411815319372, 0.07547003831309897], [0.24987547097833798, 0.4186154354025271, 0.1306203227734883, 0.2008887707456466]], "ideal": "B", "sampled": "A", "correct": false}}
{"type": "result", "data": {"idx": 3, "options": ["12", "24", "48", "72"], "probs": [[0.03799584696082043, 0.23279241087827715, 0.4774844712759722, 0.25172727078493023], [0.1377615800028604, 0.21008327914287797, 0.49602729816285546, 0.1561278425914062], [0.12636224563904808, 0.29848065657736167, 0.4341591090268055, 0.14099798865678476], [0.2212977210665988, 0.30728264953216744, 0.40067862564762163, 0.07074100365361213]], "ideal": "D", "sampled": "D", "correct": true}}
{"type": "result", "data": {"idx": 4, "options": ["convolutional networks", "graph networks", "fully connected networks", "RBF networks"], "probs": [[0.9986916017989317, 0.0010901138189731289, 0.00013019261510440326, 8.80916669908074e-05], [0.00018805677579610222, 0.00015716933348361922, 0.00019252689105705146, 0.9994622468996632], [0.0015925143424473818, 0.0025055860239648455, 0.9951495556188644, 0.0007523439147232961], [0.0006706586952855153, 0.9980178770091254, 0.0008283005777249108, 0.00048316361786415453]], "ideal": "A", "sampled": "A", "correct": true}}
{"type": "result", "data": {"idx": 5, "options": ["True, True", "False, False", "True, False", "False, True"], "probs": [[0.05642396520530241, 0.0901768718922463, 0.660976521668313, 0.1924226411341383], [0.06954451960573872, 0.2524094098140946, 0.5776445527234249, 0.10040151775674179], [0.09775293488541814, 0.11979590774209227, 0.6081491164419663, 0.17430204083052328], [0.14767369406424888, 0.3030528082685685, 0.32750936851341655, 0.22176412905376608]], "ideal": "B", "sampled": "C", "correct": false}}
{"type": "result", "data": {"idx": 6, "options": ["O(D)", "O(N)", "O(ND)", "O(ND^2)"], "probs": [[0.02100937844616751, 0.306331698660194, 0.5634071910325621, 0.10925173176107639], [0.0050435338321425105, 0.7484841645736724, 0.12803131853379257, 0.1184409829603925], [0.07148867951346825, 0.4589398869255184, 0.36874446818634665, 0.10082696527466666], [0.0037025282439782244, 0.5987761291917816, 0.10567272933218538, 0.2918486131320548]], "ideal": "A", "sampled": "C", "correct": false}}
{"type": "result", "data": {"idx": 7, "options": ["True, True", "False, False", "True, False", "False, True"], "probs": [[0.2437027932349074, 0.14108774590153308, 0.557764729718398, 0.057444731045161526], [0.06408871709659558, 0.22023697195234918, 0.5799926518813928, 0.13568165896966242], [0.006825671652929603, 0.01612702523359862, 0.9664743778250232, 0.010572925188448578], [0.19816553885989893, 0.4907009674222459, 0.18610920287460453, 0.12502429074325064]], "ideal": "B", "sampled": "A", "correct": false}}
{"type": "result", "data": {"idx": 8, "options": ["2", "4", "8", "16"], "probs": [[0.02193848018942644, 0.6669142767092393, 0.2735316722544373, 0.03761557074689698], [0.2205640541950405, 0.46707374049083233, 0.23846799201559574, 0.07389421319853144], [0.13262969558435325, 0.3387531632960988, 0.32313999621557393, 0.205477144803974], [0.03356817774401398, 0.3111604188573681, 0.5632951322002878, 0.09197627109833004]], "ideal": "C", "sampled": "B", "correct": false}}
{"type": "result", "data": {"idx": 9, "options": ["Lower variance", "Higher variance", "Same variance", "None of the above"], "probs": [[0.6217272590452276, 0.2716550999543665, 0.09992280140807126, 0.006694839492334605], [0.7992574615872671, 0.17837543722347793, 0.011401782724381478, 0.010965318364873517], [0.09951947031694064, 0.08514124281063482, 0.7469350806165111, 0.06840420615591337], [0.044029324996374956, 0.5240783065550566, 0.42101621388336313, 0.010876154465205274]], "ideal": "A", "sampled": "A", "correct": true}}
{"type": "result", "data": {"idx": 10, "options": ["True, True", "False, False", "True, False", "False, True"], "probs": [[0.03988141655258067, 0.0757103132167069, 0.7407425806841677, 0.1436656894465448], [0.02658245669578036, 0.15785121278690287, 0.6338778479926782, 0.18168848242463853], [0.028210565316368102, 0.12068589772312967, 0.8116243979707944, 0.03947913888970774], [0.1200463771700022, 0.5552945732515079, 0.12974160908355295, 0.19491744039493697]], "ideal": "A", "sampled": "A", "correct": true}}
{"type": "result", "data": {"idx": 11, "options": ["good fitting", "overfitting", "underfitting", "all of the above"], "probs": [[0.00033277708905123153, 0.8556200648413673, 0.028340396695418876, 0.11570676127416257], [0.2464623911793443, 0.6008509430481026, 0.14948482893487267, 0.0032018367376804593], [0.42440295185533156, 0.374775886236389, 0.0034228570266303894, 0.19739830478164908], [0.009176380572474292, 0.013255061061926357, 0.7463032310596952, 0.23126532720590415]], "ideal": "C", "sampled": "B", "correct": false}}
{"type": "result", "data": {"idx": 12, "options": ["True, True", "False, False", "True, False", "False, True"], "probs": [[0.22205601009957177, 0.06827820646047823, 0.6839517759233787, 0.025714007416571264], [0.02796138878811917, 0.20026897449516465, 0.6362515987074963, 0.13551803790921993], [0.009496940207844222, 0.04062625752308616, 0.9388576979662033, 0.011019104202866305], [0.17935387500954889, 0.5701550030987154, 0.11398740130928679, 0.13650372048244896]], "ideal": "A", "sampled": "A", "correct": true}}
{"type": "result", "data": {"idx": 13, "options": ["True, True", "False, False", "True, False", "False, True"], "probs": [[0.0612824358462517, 0.09494929368400634, 0.6691427479440917, 0.17462552242565027], [0.06964633457456693, 0.2031320734908982, 0.5876161324178036, 0.13960545941673122], [0.050646915272074926, 0.17821572453660206, 0.6829277770592149, 0.08820958303210813], [0.14353885396798385, 0.3872872167715819, 0.26187856173333895, 0.20729536742709528]], "ideal": "B", "sampled": "A", "correct": false}}
{"type": "result", "data": {"idx": 14, "options": ["pure", "not pure", "useful", "useless"], "probs": [[0.004583911730729741, 0.9672886819839216, 0.01826954165002703, 0.00985786453532158], [0.8571305401828652, 0.03171912627676521, 0.017929718163749483, 0.09322061527662012], [0.23749769381208952, 0.6986521234514211, 0.02352107046514169, 0.04032911217134765], [0.006526121320617298, 0.08333642523851861, 0.7661770434927997, 0.14396040984806435]], "ideal": "B", "sampled": "B", "correct": true}}
{"type": "result", "data": {"idx": 15, "options": ["True, True", "False, False", "True, False", "False, True"], "probs": [[0.16600169987799052, 0.1273183169542347, 0.6263929920884576, 0.08028699097931728], [0.08196498880278175, 0.24665449353509333, 0.5732752979191594, 0.09810521964296544], [0.06918437700938328, 0.12729327237122945, 0.767344823767868, 0.03617752675151932], [0.2592795115664748, 0.3080108967708227, 0.31761791352380325, 0.11509167803889925]], "ideal": "B", "sampled": "A", "correct": false}}
{"type": "result", "data": {"idx": 16, "options": ["This feature has a strong effect on the model (should be retained)", "This feature does not have a strong effect on the model (should be ignored)", "It is not possible to comment on the importance of this feature without additional information", "Nothing can be determined."], "probs": [[0.34958591580444853, 0.5250476378689442, 0.11349392004948625, 0.011872526177121059], [0.0003167856664644772, 0.0011681163041235036, 0.0009456911025619954, 0.99756940682685], [0.003500343960239656, 0.018777552784744213, 0.9629835380069388, 0.01473856514807727], [0.0012679253308451686, 0.9713118068430457, 0.021781289406276983, 0.005638978319832107]], "ideal": "C", "sampled": "A", "correct": false}}
{"type": "result", "data": {"idx": 17, "options": ["The number of hidden nodes", "The learning rate", "The initial choice of weights", "The use of a constant-term unit input"], "probs": [[0.4813055854992208, 0.35222832545861554, 0.13159628652346905, 0.03486980241869462], [0.0030127186008987797, 0.019957663600190793, 0.04496343783789135, 0.932066179861019], [0.0005246719139930267, 0.012223427482901231, 0.6568950170377506, 0.3303568834653552], [0.0029047267916352333, 0.5580796260060912, 0.3773973161733192, 0.06161833092895445]], "ideal": "A", "sampled": "A", "correct": true}}
{"type": "result", "data": {"idx": 18, "options": ["The polynomial degree", "Whether we learn the weights by matrix inversion or gradient descent", "The assumed variance of the Gaussian noise", "The use of a constant-term unit input"], "probs": [[0.6331208300469933, 0.07925739079474535, 0.24030144331211808, 0.04732033574614332], [0.0008981027362765664, 0.022102592401929157, 0.02973358446790511, 0.9472657202938891], [0.004877017756046542, 0.06839017585104473, 0.90774270143918, 0.018990104853728738], [0.011905432755183142, 0.8415391499180481, 0.04527687310434556, 0.10127854412242314]], "ideal": "A", "sampled": "A", "correct": true}}
{"type": "result", "data": {"idx": 19, "options": ["True, True", "False, False", "True, False", "False, True"], "probs": [[0.08060735883690132, 0.10517856281130207, 0.6049995141243669, 0.2092145641274297], [0.05549336865516064, 0.23187923061924257, 0.5142693768132369, 0.19835802381235987], [0.06875887153867657, 0.1216875325631649, 0.7278654195008637, 0.08168817629729484], [0.19325922139650342, 0.3612271791152457, 0.2122286973349312, 0.23328490205331964]], "ideal": "A", "sampled": "A", "correct": true}}
{"type": "result", "data": {"idx": 20, "options": ["Requires the dimension of the feature space to be no bigger than the number of samples", "Has the smallest value of the objective function when K = 1", "Minimizes the within class variance for a given number of clusters", "Converges to the global optimum if and only if the initial means are chosen as some of the samples themselves"], "probs": [[0.017067111038471142, 0.012201640447396862, 0.8484846787299514, 0.12224656968418063], [0.019398803575962412, 0.5413093161877537, 0.42134498056570785, 0.017946899570576054], [0.18301530105119465, 0.7589089264235959, 0.04888907079821774, 0.009186701626991686], [0.04450477915731028, 0.10350952771549948, 0.01197906552189954, 0.8400066275052906]], "ideal": "C", "sampled": "C", "correct": true}}
{"type": "result", "data": {"idx": 21, "options": ["True, True", "False, False", "True, False", "False, True"], "probs": [[0.09895857864933663, 0.12128915433665373, 0.6815320557359231, 0.09822021117808653], [0.06275284196177171, 0.2482384108021213, 0.559214285567893, 0.12979446156821403], [0.04453654221818057, 0.14158682853463694, 0.7772347289322772, 0.03664190021490528], [0.22064722239693563, 0.36392141469419886, 0.23666522609803406, 0.17876613671083144]], "ideal": "A", "sampled": "A", "correct": true}}
{"type": "result", "data": {"idx": 22, "options": ["0", "1", "2", "3"], "probs": [[0.027222575579865314, 0.5217563263237778, 0.35298829653976066, 0.09803280145659625], [0.2952699472933016, 0.2410029560460157, 0.3791284403991224, 0.08459865616156025], [0.07257711994782184, 0.3923465667622324, 0.1942004143133336, 0.3408758988766122], [0.14255985509996666, 0.20104127970531874, 0.6192113114332987, 0.0371875536614159]], "ideal": "B", "sampled": "B", "correct": true}}
{"type": "result", "data": {"idx": 23, "options": ["True, True", "False, False", "True, False", "False, True"], "probs": [[0.16578930491198232, 0.07955805152188344, 0.6871313400838236, 0.06752130338231058], [0.01877486832406236, 0.18962932520754788, 0.6216082375483357, 0.16998756882005406], [0.018809055802529732, 0.055727760921837496, 0.8921889015949038, 0.033274281580728954], [0.14708517928694614, 0.5297817149163503, 0.1640539516062581, 0.15907915409044543]], "ideal": "C", "sampled": "A", "correct": false}}
{"type": "result", "data": {"idx": 24, "options": ["Decision Trees", "Density-based clustering", "Model-based clustering", "K-means clustering"], "probs": [[0.00028184056016740573, 0.9824556019808665, 0.007855979651768388, 0.009406577707197702], [0.9413277067642887, 0.037082680187659825, 0.010456993418841688, 0.01113261952920984], [0.0006050972852662506, 0.0024314609358153873, 0.0006242563935973968, 0.996339185285321], [0.0019991965179505283, 0.0030250442221331024, 0.9727973496892738, 0.022178409470642542]], "ideal": "B", "sampled": "B", "correct": true}}
{"type": "result", "data": {"idx": 25, "options": ["True, True", "False, False", "True, False", "False, True"], "probs": [[0.10568011429980642, 0.11251291454470021, 0.6522844494589883, 0.12952252159650504], [0.026450158345296546, 0.16203521914807345, 0.5565555939962238, 0.2549590284104062], [0.01937037344476428, 0.07427061389912752, 0.8835324693530111, 0.022826543203097096], [0.15752027258670112, 0.5414756818343863, 0.10488186577532708, 0.19612217970358545]], "ideal": "A", "sampled": "A", "correct": true}}
{"type": "result", "data": {"idx": 26, "options": ["they are biased", "they have high variance", "they are not consistent estimators", "None of the above"], "probs": [[0.005406782795789677, 0.9391629619331605, 0.029222625992827576, 0.026207629178222187], [0.9694224499917932, 0.023898919020921488, 0.003469535541884629, 0.003209095345400749], [0.003201873526413347, 0.018285505582478264, 0.3586103639495204, 0.619902256841588], [0.0014241194990722219, 0.10627905334477361, 0.8225957832654103, 0.06970104379074386]], "ideal": "B", "sampled": "B", "correct": true}}
{"type": "result", "data": {"idx": 27, "options": ["linear in D", "linear in N", "polynomial in D", "dependent on the number of iterations"], "probs": [[0.009139988553466857, 0.42679095184485594, 0.5476556409577696, 0.016413418543907612], [0.41360218484295097, 0.31223458920932534, 0.019341322200524536, 0.2548219036471991], [0.5267283641236411, 0.2607831222639827, 0.11038553137942933, 0.10210298213294686], [0.009292806956470908, 0.1753116336396827, 0.6930380208944908, 0.12235753840935555]], "ideal": "C", "sampled": "B", "correct": false}}
{"type": "result", "data": {"idx": 28, "options": ["Increase bias", "Decrease bias", "Increase variance", "Decrease variance"], "probs": [[0.0013853414614992045, 0.7290484641167277, 0.20879491624285626, 0.060771278078916816], [0.7650848836524912, 0.023104804269141393, 0.20592269865107612, 0.0058876133272912495], [0.0019722604273477587, 0.9827285449176643, 0.009937656152669717, 0.005361538402318239], [0.9720146670340611, 0.0030697607480460855, 0.0239571463669234, 0.0009584257509693814]], "ideal": "D", "sampled": "D", "correct": true}}
{"type": "result", "data": {"idx": 29, "options": ["Best-subset selection", "Forward stepwise selection", "Forward stage wise selection", "All of the above"], "probs": [[0.0010841632733489363, 0.002260717477393235, 0.0027896838212661604, 0.9938654353279917], [0.013818620371569005, 0.04714532346020574, 0.8285779082326248, 0.11045814783560041], [0.006301658790821776, 0.8658816991668844, 0.09702248992746819, 0.030794152014825583], [0.7022659804054151, 0.166864008316341, 0.07230326559529598, 0.0585667455829479]], "ideal": "C", "sampled": "D", "correct": false}}
{"type": "result", "data": {"idx": 30, "options": ["Optimize a convex objective function", "Can only be trained with stochastic gradient descent", "Can use a mix of different activation functions", "None of the above"], "probs": [[0.0030290302428608662, 0.007099821686139706, 0.3041680649657684, 0.685703083005231], [0.007240944770550943, 0.8914271278426108, 0.0953745201532663, 0.005957407133571963], [0.9848314757481862, 0.011117189972148833, 0.0013483397049105414, 0.002702994474754408], [0.0015296927334287843, 0.007590204203513796, 0.004495806364218468, 0.986384296598839]], "ideal": "C", "sampled": "C", "correct": true}}
{"type": "result", "data": {"idx": 31, "options": ["0.0368", "0.473", "0.078", "None of the above"], "probs": [[0.5412001255149907, 0.16251217553684005, 0.2764180127888773, 0.019869686059291885], [0.3003072142300706, 0.5611741542254988, 0.061974465840817936, 0.07654416560361267], [0.3046650077283728, 0.1532132817245529, 0.534728005513944, 0.007393704933130419], [0.008480000127152972, 0.9067345066440724, 0.04879664524685373, 0.035988847881920846]], "ideal": "C", "sampled": "A", "correct": false}}
{"type": "result", "data": {"idx": 32, "options": ["True, True", "False, False", "True, False", "False, True"], "probs": [[0.07230066713707839, 0.09806452704994775, 0.7244166787423958, 0.10521812697057811], [0.029278733051462176, 0.19241984329996428, 0.6307554291359303, 0.1475459944126432], [0.046221535131687835, 0.1785938123592156, 0.728597632775638, 0.04658701963345848], [0.23600644574208676, 0.4341881702164196, 0.17128582807514334, 0.1585195558663503]], "ideal": "B", "sampled": "A", "correct": false}}
{"type": "result", "data": {"idx": 33, "options": ["It can not be applied to non-differentiable functions.", "It can not be applied to non-continuous functions.", "It is hard to implement.", "It runs reasonably slow for multiple linear regression."], "probs": [[0.05433131555276764, 0.17956237809123143, 0.7100554226057083, 0.056050883650292656], [0.08618863054529173, 0.21671067499006322, 0.4515625901301534, 0.24553810423449168], [0.01251721151452692, 0.12350057372238248, 0.7804305276459472, 0.08355168701714333], [0.020479604142057264, 0.3204073237961351, 0.544894325420287, 0.11421874654152052]], "ideal": "D", "sampled": "A", "correct": false}}
{"type": "result", "data": {"idx": 34, "options": ["Supervised learning", "Unsupervised learning", "Clustering", "None of the above"], "probs": [[0.74167986443486, 0.252359336504607, 0.0025525470856014635, 0.003408251874931472], [8.412148890071961e-05, 0.00011771449324215, 0.00019866673551605758, 0.9995994971823411], [4.153119098290256e-05, 0.0024326760200166723, 0.08985759157959713, 0.9076682011094033], [0.10957601805674341, 0.6208556373325187, 0.2670109901975198, 0.002557354313218061]], "ideal": "A", "sampled": "A", "correct": true}}
{"type": "result", "data": {"idx": 35, "options": ["It relates inputs to outputs.", "It is used for prediction.", "It may be used for interpretation.", "It discovers causal relationships"], "probs": [[0.00813092223130854, 0.022994951118123087, 0.32730580378877683, 0.6415683227617915], [0.0033611658996398276, 0.10063610702852274, 0.8550457726599515, 0.040956954311885944], [0.01972027309041708, 0.9291708468461698, 0.022173447532224604, 0.028935432431188488], [0.3317108203393928, 0.07880675909337247, 0.15663643413164116, 0.43284598633559357]], "ideal": "D", "sampled": "D", "correct": true}}
{"type": "result", "data": {"idx": 36, "options": ["To save computing time during testing", "To save space for storing the Decision Tree", "To make the training set error smaller", "To avoid overfitting the training set"], "probs": [[0.00021469143201771032, 0.00048384532345146825, 0.00027565850973024464, 0.9990258046348006], [0.0011007027308865282, 0.003963744462152865, 0.9928630481166001, 0.002072504590360526], [0.000553058538176621, 0.9923851245922506, 0.0019760311816330216, 0.005085785587939764], [0.9969922835221968, 0.0025105168879324615, 0.0003702426014086628, 0.00012695688846200314]], "ideal": "D", "sampled": "D", "correct": true}}
{"type": "result", "data": {"idx": 37, "options": ["True, True", "False, False", "True, False", "False, True"], "probs": [[0.10943137946039588, 0.09509251444029491, 0.6807708333782567, 0.1147052726210525], [0.052876719107589926, 0.2042972629146911, 0.5909979012577496, 0.15182811661996934], [0.031443473534186604, 0.06816285229841072, 0.8497455873560822, 0.050648086711320504], [0.18496402432994247, 0.4072972717755808, 0.2669723152983982, 0.14076638849607853]], "ideal": "B", "sampled": "A", "correct": false}}
{"type": "result", "data": {"idx": 38, "options": ["Increase the amount of training data.", "Improve the optimisation algorithm being used for error minimisation.", "Decrease the model complexity.", "Reduce the noise in the training data."], "probs": [[0.9973995292456277, 0.0011059354517236261, 0.00011838825835034287, 0.0013761469442983747], [0.0008922280093097561, 0.0011639331894473448, 0.019372984777669838, 0.978570853923573], [0.002674983025290669, 0.012178572413715614, 0.9449093617923341, 0.040237082668659586], [0.025168584000856795, 0.9670519575650885, 0.0023781796294782454, 0.005401278704576416]], "ideal": "B", "sampled": "A", "correct": false}}
{"type": "result", "data": {"idx": 39, "options": ["True, True", "False, False", "True, False", "False, True"], "probs": [[0.2317165408232446, 0.09590861093141004, 0.6104671886273151, 0.06190765951803029], [0.030133114619523674, 0.1904910025659093, 0.5423009900193224, 0.2370748926952446], [0.016135257336942276, 0.05635143653304015, 0.9089364747143003, 0.01857683131571727], [0.12131020967835977, 0.645979850494928, 0.06290594023906687, 0.16980399948764538]], "ideal": "A", "sampled": "A", "correct": true}}
{"type": "result", "data": {"idx": 40, "options": ["For two dimensional data points, the separating hyperplane learnt by a linear SVM will be a straight line.", "In theory, a Gaussian kernel SVM cannot model any complex separating hyperplane.", "For every kernel function used in a SVM, one can obtain an equivalent closed form basis expansion.", "Overfitting in an SVM is not a function of number of support vectors."], "probs": [[0.40369944858166046, 0.4166638757617474, 0.10132603864864938, 0.07831063690794275], [0.427177061980481, 0.30296682631249106, 0.10636565595474404, 0.16349045565228387], [0.40371911237520675, 0.28190098260135427, 0.19682747856896832, 0.11755242635447062], [0.35641099346631244, 0.4506837595058219, 0.12322830121582422, 0.06967694571204142]], "ideal": "A", "sampled": "A", "correct": true}}
{"type": "result", "data": {"idx": 41, "options": ["P(H, U, P, W) = P(H) * P(W) * P(P) * P(U)", "P(H, U, P, W) = P(H) * P(W) * P(P | W) * P(W | H, P)", "P(H, U, P, W) = P(H) * P(W) * P(P | W) * P(U | H, P)", "None of the above"], "probs": [[0.040029628716104056, 0.5273988174434117, 0.4171346791320426, 0.015436874608441752], [0.44384156326391305, 0.5354702671629517, 0.012300023334734355, 0.008388146138400934], [0.7650746958894095, 0.07816354446624858, 0.021703411619171904, 0.13505834792517007], [0.0070547292312333285, 0.21608054224139758, 0.6059253874001933, 0.1709393410271758]], "ideal": "C", "sampled": "C", "correct": true}}
{"type": "result", "data": {"idx": 42, "options": ["True, True", "False, False", "True, False", "False, True"], "probs": [[0.07525478094561898, 0.10531066513288942, 0.7028549018653714, 0.11657965195612022], [0.05273461537053018, 0.272023191841279, 0.5848331254750597, 0.09040906721313109], [0.0485553954070964, 0.13726009120328317, 0.7418544721937148, 0.0723300410959056], [0.14316894752600867, 0.3892096454652696, 0.31755228266903446, 0.15006912423968727]], "ideal": "B", "sampled": "A", "correct": false}}
{"type": "result", "data": {"idx": 43, "options": ["True, True", "False, False", "True, False", "False, True"], "probs": [[0.10590379920817897, 0.12980421176307225, 0.5769083628280607, 0.18738362610068812], [0.08089944637423825, 0.2780218649991525, 0.48017982598791437, 0.1608988625386949], [0.05848018343012507, 0.12384378678149231, 0.7013543116837799, 0.11632171800460266], [0.17466556503618821, 0.4126579042064382, 0.18299520958634496, 0.2296813210710286]], "ideal": "B", "sampled": "A", "correct": false}}
{"type": "result", "data": {"idx": 44, "options": ["Stochastic Gradient Descent", "Mini-Batch Gradient Descent", "Batch Gradient Descent", "All of the above"], "probs": [[0.117108976751564, 0.0031214606773698737, 0.0006855906301549076, 0.8790839718409112], [0.01856923269168705, 0.03336717113821363, 0.9017381281312898, 0.046325467938809435], [0.005287602848918322, 0.7607131369366703, 0.214505114597782, 0.019494145516629428], [0.3406603302680779, 0.6365848120744403, 0.017500005489560676, 0.005254852067921141]], "ideal": "D", "sampled": "D", "correct": true}}
{"type": "result", "data": {"idx": 45, "options": ["Decreases model bias", "Decreases estimation bias", "Decreases variance", "Doesn\u2019t affect bias and variance"], "probs": [[0.02603383792752097, 0.09232509341639365, 0.8621406747017099, 0.019500393854375568], [0.006561606378054584, 0.5770569794643171, 0.4027063079491469, 0.01367510610848136], [0.36006138529890397, 0.5578609829105099, 0.058323533640710974, 0.02375409804987514], [0.13817465509842902, 0.2664076725336886, 0.2424884921440658, 0.35292918012381663]], "ideal": "A", "sampled": "C", "correct": false}}
{"type": "result", "data": {"idx": 46, "options": ["3", "4", "7", "15"], "probs": [[0.015846833939312466, 0.45958838889447357, 0.4593909485042617, 0.06517382856195224], [0.0583619420367883, 0.5284673152194168, 0.35747481587409025, 0.05569592676970461], [0.17665422487442112, 0.3513711199221645, 0.33000571515853405, 0.14196893994488033], [0.09130662542701701, 0.24823367223293274, 0.5336769143155462, 0.1267827879245041]], "ideal": "D", "sampled": "C", "correct": false}}
{"type": "result", "data": {"idx": 47, "options": ["anomaly detection", "one-class detection", "train-test mismatch robustness", "background detection"], "probs": [[0.01685131961050636, 0.964641963613647, 0.008674189762549491, 0.009832526913297166], [0.5536042317253046, 0.01105198423514302, 0.0365158236088862, 0.39882796033066625], [0.0008239112085369348, 0.005500246220267488, 0.34288134642603924, 0.6507944960451564], [0.003618918933401238, 0.3468187407062635, 0.6478657679051606, 0.0016965723551746774]], "ideal": "A", "sampled": "B", "correct": false}}
{"type": "result", "data": {"idx": 48, "options": ["True, True", "False, False", "True, False", "False, True"], "probs": [[0.11776621769410256, 0.09612894300972803, 0.7100545988983483, 0.07605024029782108], [0.021265684605542342, 0.17529673088987785, 0.6511206335167363, 0.15231695088784344], [0.016993369815342847, 0.08301072687682529, 0.8783426008001528, 0.021653302407679022], [0.17449210582418745, 0.5461094974925387, 0.13691811262192066, 0.14248028396135318]], "ideal": "D", "sampled": "A", "correct": false}}
{"type": "result", "data": {"idx": 49, "options": ["True, True", "False, False", "True, False", "False, True"], "probs": [[0.05724868890173045, 0.09972044118730264, 0.6811654680951357, 0.1618654017158312], [0.06484195609763536, 0.25848740428104683, 0.582323426435387, 0.09434721308593078], [0.05109345406656821, 0.15139874419623878, 0.721981387312523, 0.07552641432466992], [0.12690025377643308, 0.3370411643489747, 0.3316165755116639, 0.20444200626292836]], "ideal": "D", "sampled": "A", "correct": false}}
{"type": "result", "data": {"idx": 50, "options": ["O(1)", "O( N )", "O(log N )", "O( N^2 )"], "probs": [[0.002044721454915563, 0.8991186987862484, 0.07038599820064419, 0.0284505814581918], [0.22977151094931342, 0.6650234659827238, 0.09579109573651513, 0.009413927231447626], [0.31004025605080787, 0.4305422773365099, 0.08542670054097935, 0.17399076597170288], [0.22399773595498393, 0.09050247719514616, 0.6583203059595849, 0.027179480790284972]], "ideal": "B", "sampled": "B", "correct": true}}
{"type": "result", "data": {"idx": 51, "options": ["True, True", "False, False", "True, False", "False, True"], "probs": [[0.11785856063764728, 0.12748499403341795, 0.6271686646783323, 0.12748778055060245], [0.07366757784294838, 0.25717857285864376, 0.5357375700553647, 0.13341627914304313], [0.05178973906399195, 0.10969386380779546, 0.7730251117939971, 0.06549128523421549], [0.1880505792936732, 0.32510228899460186, 0.24140208905917904, 0.2454450425525459]], "ideal": "A", "sampled": "A", "correct": true}}
{"type": "result", "data": {"idx": 52, "options": ["True, True", "False, False", "True, False", "False, True"], "probs": [[0.15665624244388082, 0.14046152562561565, 0.5729765551549865, 0.12990567667551708], [0.08006118683978544, 0.2280979965362589, 0.5556404383058856, 0.1362003782180701], [0.03515342805983256, 0.1083166283127859, 0.7754137323609642, 0.08111621116641726], [0.15586839847002004, 0.35966870721064526, 0.2888832135043226, 0.19557968071501206]], "ideal": "D", "sampled": "A", "correct": false}}
{"type": "result", "data": {"idx": 53, "options": ["Is unbounded, encompassing all real numbers.", "Is unbounded, encompassing all integers.", "Is bounded between 0 and 1.", "Is bounded between -1 and 1."], "probs": [[0.0006435292547875588, 0.00262610228305556, 0.9952340498113148, 0.0014963185508420278], [0.0001717267031952911, 0.9945312051724873, 0.004095669087351047, 0.0012013989369663743], [0.9964386573689746, 0.0025885573249246163, 0.0007301222759750143, 0.0002426629301257401], [0.974592779028069, 0.0032509911407739484, 0.0002840674930719717, 0.02187216223808507]], "ideal": "C", "sampled": "C", "correct": true}}
{"type": "result", "data": {"idx": 54, "options": ["Linear hard-margin SVM.", "Linear Logistic Regression.", "Linear Soft margin SVM.", "The centroid method."], "probs": [[0.30448309264602197, 0.09585038785833629, 0.05675932891306412, 0.5429071904825776], [0.12739478876089017, 0.06508871572841245, 0.7332021806966056, 0.07431431471409176], [0.1840515229096821, 0.31811760472524264, 0.47004287813961965, 0.02778799412545559], [0.5545372066807924, 0.3016176954598983, 0.11623891559025444, 0.02760618216905486]], "ideal": "A", "sampled": "D", "correct": false}}
{"type": "result", "data": {"idx": 55, "options": ["Partitioning based clustering", "K-means clustering", "Grid based clustering", "All of the above"], "probs": [[0.003034708733908839, 0.0028741775959389925, 0.002254881622597028, 0.9918362319475551], [0.0028383595733449426, 0.015469435020996465, 0.9792826999712005, 0.0024095053344580265], [0.00553471693583954, 0.9842401606972937, 0.007988398300546675, 0.002236723966320136], [0.8057598463331557, 0.18559510986737607, 0.0029982910460604074, 0.005646752653407801]], "ideal": "D", "sampled": "D", "correct": true}}
{"type": "result", "data": {"idx": 56, "options": ["True, True", "False, False", "True, False", "False, True"], "probs": [[0.07066790864160157, 0.08008916049527662, 0.736293207576156, 0.11294972318696574], [0.03609322172459137, 0.17355392157282032, 0.6055923970447947, 0.18476045955779363], [0.01827042968930955, 0.04558736482350265, 0.9011932518383381, 0.03494895354884974], [0.12140389690108234, 0.41726732378507236, 0.21978473808540017, 0.24154404112844513]], "ideal": "D", "sampled": "A", "correct": false}}
{"type": "result", "data": {"idx": 57, "options": ["True, True", "False, False", "True, False", "False, True"], "probs": [[0.16259746615298132, 0.10666562854174706, 0.6429942393329188, 0.08774266587235284], [0.05653736964881699, 0.2236492277251626, 0.5798547116125065, 0.13995869091351396], [0.04874030636648705, 0.10083674895173106, 0.817947169187405, 0.032475775394376946], [0.2764419018945818, 0.35513919588352294, 0.18126232920264557, 0.18715657291924973]], "ideal": "D", "sampled": "A", "correct": false}}
{"type": "result", "data": {"idx": 58, "options": ["P(E, F), P(H), P(E|H), P(F|H)", "P(E, F), P(H), P(E, F|H)", "P(H), P(E|H), P(F|H)", "P(E, F), P(E|H), P(F|H)"], "probs": [[0.2936115330226258, 0.1699415334131098, 0.4140357169251893, 0.12241121653907504], [0.024499517753116807, 0.32281924373175047, 0.5320531903736163, 0.12062804804151635], [0.022082389891283496, 0.1999409016031728, 0.7544670573795053, 0.023509651026038407], [0.03361516470584266, 0.7533537204805194, 0.1816937936786945, 0.03133732103494345]], "ideal": "B", "sampled": "A", "correct": false}}
{"type": "result", "data": {"idx": 59, "options": ["The use of sampling with replacement as the sampling technique", "The use of weak classifiers", "The use of classification algorithms which are not prone to overfitting", "The practice of validation performed on every classifier trained"], "probs": [[0.5745727173126868, 0.23594300925851555, 0.005724398173450522, 0.18375987515534709], [0.060905084480006824, 0.017864014320093137, 0.8674763442018115, 0.05375455689808853], [0.0008542603175303957, 0.5953678693293445, 0.3609903280789788, 0.042787542174146306], [0.5176467000591586, 0.4428689138028796, 0.036075966641136735, 0.0034084193968250617]], "ideal": "B", "sampled": "D", "correct": false}}
{"type": "result", "data": {"idx": 60, "options": ["True, True", "False, False", "True, False", "False, True"], "probs": [[0.20897975250509096, 0.11363342233902211, 0.6045910029314705, 0.07279582212441643], [0.05185434105799347, 0.23421947132198473, 0.5979743465636006, 0.11595184095642118], [0.03631843287894228, 0.09569755794477533, 0.8265041534424196, 0.04147985563386285], [0.2040590674085863, 0.497316457241461, 0.1626515114539858, 0.13597296379596688]], "ideal": "B", "sampled": "A", "correct": false}}
{"type": "result", "data": {"idx": 61, "options": ["True, True", "False, False", "True, False", "False, True"], "probs": [[0.0888329040605067, 0.1149837108220023, 0.6718467819075936, 0.12433660310989743], [0.059804805000582904, 0.280929728517357, 0.5762247120632283, 0.08304075431883177], [0.06051107157286106, 0.13221269105844413, 0.7605064085572555, 0.0467698287114393], [0.1458365044721635, 0.34182888775370884, 0.33635879060777313, 0.1759758170663545]], "ideal": "A", "sampled": "A", "correct": true}}
{"type": "result", "data": {"idx": 62, "options": ["0", "1", "2", "3"], "probs": [[0.011605024219552586, 0.29009163736362276, 0.5591161937505887, 0.13918714456623593], [0.015163080411526895, 0.3242152654208229, 0.5962808222271688, 0.06434083184048138], [0.02612414294852031, 0.5288536937268075, 0.3808686583886117, 0.06415350483606044], [0.03879856889462353, 0.49926192311739537, 0.35397539937046635, 0.10796410851751476]], "ideal": "C", "sampled": "D", "correct": false}}
{"type": "result", "data": {"idx": 63, "options": ["The examples farthest from the decision boundary.", "The only examples necessary to compute f(x) in an SVM.", "The data centroid.", "All the examples that have a non-zero weight \u03b1k in a SVM."], "probs": [[0.25699059852392736, 0.7325336815193785, 0.0007393163296500047, 0.009736403527044118], [0.0004070730022833812, 0.00014519265362920002, 0.0012344055730009382, 0.9982133286710865], [0.0001552107236321354, 0.05483375483126469, 0.9127817167046863, 0.03222931764041682], [0.0013540715435597236, 0.9822643392538791, 0.014785488126027854, 0.0015961009765333093]], "ideal": "B", "sampled": "A", "correct": false}}
{"type": "result", "data": {"idx": 64, "options": ["True, True", "False, False", "True, False", "False, True"], "probs": [[0.1064142403968779, 0.12841018650409403, 0.6028372465115776, 0.1623383264874505], [0.12728581400220457, 0.26953480849855554, 0.4655132501336298, 0.1376661272656101], [0.09807480257437597, 0.18328714517493325, 0.6496166570982402, 0.06902139505245053], [0.1807011582953313, 0.2911326456762598, 0.34017826582763055, 0.1879879301007784]], "ideal": "A", "sampled": "A", "correct": true}}
{"type": "result", "data": {"idx": 65, "options": ["Regularization is too low and model is overfitting", "Regularization is too high and model is underfitting", "Step size is too large", "Step size is too small"], "probs": [[0.6942943412642026, 0.2362477752145483, 0.047993030543815665, 0.02146485287743341], [0.17273729062550308, 0.1700820079300197, 0.10809053801679153, 0.5490901633276857], [0.01291042571529064, 0.0426647261538486, 0.7561708173885355, 0.18825403064232518], [0.0034383758642932403, 0.8613746101190464, 0.09362885285254181, 0.041558161064118554]], "ideal": "C", "sampled": "A", "correct": false}}
{"type": "result", "data": {"idx": 66, "options": ["0.0495", "0.078", "0.635", "0.97"], "probs": [[0.48758697709235094, 0.40426984594744275, 0.10062187206185817, 0.007521304798348134], [0.29561583863450047, 0.41696150222893524, 0.1291491629434497, 0.15827349609311456], [0.3368122103645944, 0.07399045289362778, 0.5729431806631969, 0.016254155978580927], [0.00447278546642615, 0.7945756622834431, 0.1886963328538294, 0.012255219296301299]], "ideal": "C", "sampled": "A", "correct": false}}
{"type": "result", "data": {"idx": 67, "options": ["True, True", "False, False", "True, False", "False, True"], "probs": [[0.09933688786636498, 0.07859664643803, 0.6476717783659265, 0.1743946872296785], [0.02435111526952707, 0.16257161724324604, 0.6230030399942508, 0.1900742273929761], [0.027236890247995575, 0.07122362457415221, 0.8606441680274367, 0.0408953170504155], [0.15248266442188693, 0.44136992441949724, 0.15852566607048343, 0.2476217449881324]], "ideal": "A", "sampled": "A", "correct": true}}
{"type": "result", "data": {"idx": 68, "options": ["True, True", "False, False", "True, False", "False, True"], "probs": [[0.10542101490502118, 0.10544048327226405, 0.625820462535477, 0.16331803918723778], [0.10013552009058001, 0.26799333092870603, 0.5672158002286177, 0.06465534865209617], [0.16115296294883172, 0.12167244332518391, 0.6081161090641694, 0.10905848456181497], [0.2047869818714281, 0.26715700228894723, 0.42011665504558293, 0.10793936069404175]], "ideal": "A", "sampled": "C", "correct": false}}
{"type": "result", "data": {"idx": 69, "options": ["Expectation Maximization", "CART", "Gaussian Na\u00efve Bayes", "Apriori"], "probs": [[0.36279805139556787, 0.39238308394564764, 0.2379090846125887, 0.006909779946195772], [0.0022699156066754928, 0.3970260333156698, 0.004804214115401318, 0.5958998368622533], [0.0036017911550966794, 0.014812595419866582, 0.9306919705989959, 0.05089364272604081], [0.0015226417308857293, 0.9665867594159419, 0.01755778288500588, 0.014332815868166522]], "ideal": "A", "sampled": "A", "correct": true}}
{"type": "result", "data": {"idx": 70, "options": ["Your decision trees are too shallow.", "You need to increase the learning rate.", "You are overfitting.", "None of the above."], "probs": [[0.0036530781042463565, 0.00798058509189417, 0.9665055863292358, 0.02186075037462372], [0.0013195567682677911, 0.9796743409782154, 0.011759800141174316, 0.0072463020123425355], [0.6997140847295573, 0.1742079159074835, 0.1142250034294187, 0.011852995833540488], [0.0004464822450547826, 0.0020811081609678228, 0.0005556357475107826, 0.9969167737464666]], "ideal": "A", "sampled": "C", "correct": false}}
{"type": "result", "data": {"idx": 71, "options": ["linear in K", "quadratic in K", "cubic in K", "exponential in K"], "probs": [[0.6404005097583134, 0.32713605975408117, 0.016801943500091985, 0.015661486887513454], [0.39848649360644384, 0.046135112754718224, 0.13771413678044972, 0.4176642567583882], [0.16438427259648583, 0.2355430827139384, 0.5828783402963049, 0.017194304293270866], [0.37885257880216616, 0.5099465884499416, 0.08999150312530739, 0.021209329522584846]], "ideal": "A", "sampled": "A", "correct": true}}
