{"type": "result", "data": {"idx": 0, "options": ["Wrong, Wrong", "Wrong, Not wrong", "Not wrong, Wrong", "Not wrong, Not wrong"], "probs": [[0.2017787100008046, 0.13978994932788064, 0.3625318379733902, 0.2958995025979245], [0.1866696355554002, 0.12634146400531532, 0.35147285981646426, 0.3355160405228202], [0.27294849939971827, 0.13410085238515157, 0.4361832374466894, 0.15676741066844077], [0.28083701245139964, 0.1613391541475155, 0.2679662544479473, 0.28985757885313757]], "ideal": "D", "sampled": "A", "correct": false}}
{"type": "result", "data": {"idx": 1, "options": ["Wrong, Wrong", "Wrong, Not wrong", "Not wrong, Wrong", "Not wrong, Not wrong"], "probs": [[0.5278821010653372, 0.27819013696433054, 0.17682430212228636, 0.017103459748045884], [0.17077776533478745, 0.1472557612025145, 0.3116618944145229, 0.37030457894817514], [0.3137055500725535, 0.12677846018781982, 0.44937392428208944, 0.11014206535753723], [0.18593172727156032, 0.2925809323495108, 0.3875307142346997, 0.13395662604422914]], "ideal": "A", "sampled": "A", "correct": true}}
{"type": "result", "data": {"idx": 2, "options": ["Wrong, Wrong", "Wrong, Not wrong", "Not wrong, Wrong", "Not wrong, Not wrong"], "probs": [[0.15590921507436248, 0.19710714210408212, 0.3858772630865119, 0.2611063796350435], [0.21897329572792817, 0.15170507717373394, 0.3391479051281869, 0.290173721870151], [0.2936228259154015, 0.15354708064372308, 0.41732863209438303, 0.13550146124649237], [0.2660114168854777, 0.20083822307962473, 0.3037823140317403, 0.22936804590315724]], "ideal": "D", "sampled": "A", "correct": false}}
{"type": "result", "data": {"idx": 3, "options": ["Wrong, Wrong", "Wrong, Not wrong", "Not wrong, Wrong", "Not wrong, Not wrong"], "probs": [[0.4282851253516925, 0.2087460627782586, 0.3441492107223713, 0.018819601047677537], [0.182642634650243, 0.20064013900181774, 0.3082757179593156, 0.30844150828862366], [0.3063989579371183, 0.12578152118855557, 0.48205292220063506, 0.0857665985736911], [0.18018461345924816, 0.30182291873196027, 0.4060824457050057, 0.11191002200378586]], "ideal": "B", "sampled": "A", "correct": false}}
{"type": "result", "data": {"idx": 4, "options": ["Wrong, Wrong", "Wrong, Not wrong", "Not wrong, Wrong", "Not wrong, Not wrong"], "probs": [[0.07018429628390903, 0.13530102068395136, 0.2337409652444712, 0.5607737176876684], [0.18770942929191278, 0.1270459201974447, 0.3452366744487461, 0.34000797596189636], [0.26518888069090407, 0.1634137828011947, 0.39192373724605617, 0.17947359916184502], [0.31138811440298764, 0.14041400372811713, 0.21398848930807302, 0.3342093924608222]], "ideal": "D", "sampled": "D", "correct": true}}
{"type": "result", "data": {"idx": 5, "options": ["Wrong, Wrong", "Wrong, Not wrong", "Not wrong, Wrong", "Not wrong, Not wrong"], "probs": [[0.2836692556988467, 0.3817737300594737, 0.28369244190505744, 0.050864572236622156], [0.2204726651442611, 0.12567357163912768, 0.3523407244583831, 0.3015130386582281], [0.3036103414545098, 0.10495992008114435, 0.49284191898546165, 0.0985878193788842], [0.16183782871180916, 0.22304455601362314, 0.4006085931763495, 0.21450902199821817]], "ideal": "C", "sampled": "A", "correct": false}}
{"type": "result", "data": {"idx": 6, "options": ["Wrong, Wrong", "Wrong, Not wrong", "Not wrong, Wrong", "Not wrong, Not wrong"], "probs": [[0.42014643780492783, 0.30740595032594004, 0.25483170291560503, 0.01761590885352712], [0.24038006721089636, 0.20246377886988323, 0.29916122998526085, 0.25799492383395956], [0.3554726269148406, 0.12677539978231378, 0.4493677649150524, 0.06838420828779318], [0.2280111925672805, 0.28828329059790087, 0.38485333606368244, 0.09885218067113614]], "ideal": "D", "sampled": "A", "correct": false}}
{"type": "result", "data": {"idx": 7, "options": ["Wrong, Wrong", "Wrong, Not wrong", "Not wrong, Wrong", "Not wrong, Not wrong"], "probs": [[0.24249232896938397, 0.38754247367421785, 0.29713995589950376, 0.0728252413568944], [0.11943806973629548, 0.11947223064909251, 0.2734094322961469, 0.48768026721846514], [0.25659114311000136, 0.10129686519456865, 0.4468514356080733, 0.1952605559873567], [0.10393355988763353, 0.1927023429311603, 0.5076133939615873, 0.19575070311961887]], "ideal": "D", "sampled": "A", "correct": false}}
{"type": "result", "data": {"idx": 8, "options": ["Wrong, Wrong", "Wrong, Not wrong", "Not wrong, Wrong", "Not wrong, Not wrong"], "probs": [[0.25447487828570975, 0.08459284900773029, 0.22108632323915237, 0.4398459493674076], [0.0488971420090389, 0.024984742789811765, 0.05897789427894106, 0.8671402208222082], [0.17387493082539157, 0.03912155358937735, 0.6665357996343799, 0.12046771585085113], [0.10789137252167265, 0.27997293856940664, 0.19841812401204373, 0.413717564796877]], "ideal": "A", "sampled": "A", "correct": true}}
{"type": "result", "data": {"idx": 9, "options": ["Wrong, Wrong", "Wrong, Not wrong", "Not wrong, Wrong", "Not wrong, Not wrong"], "probs": [[0.3505810466190299, 0.19667012804390996, 0.44318368613773645, 0.009565139099323713], [0.15485516419732495, 0.20846353779829388, 0.3356320311632699, 0.30104926674111127], [0.2892457652266818, 0.12250583328965993, 0.5156727624792052, 0.07257563890445308], [0.12844579836429088, 0.2151756339226526, 0.5366184471032541, 0.11976012050980243]], "ideal": "C", "sampled": "A", "correct": false}}
{"type": "result", "data": {"idx": 10, "options": ["Wrong, Wrong", "Wrong, Not wrong", "Not wrong, Wrong", "Not wrong, Not wrong"], "probs": [[0.34157406590567574, 0.2876286103188769, 0.3109767049149907, 0.05982061876045667], [0.20090452433319095, 0.16400263200558216, 0.32863227509050275, 0.30646056847072417], [0.27837205759996164, 0.17559360489262374, 0.4082050146709474, 0.13782932273646725], [0.27389177677276644, 0.25336310264914796, 0.20511499045228207, 0.2676301300258035]], "ideal": "D", "sampled": "A", "correct": false}}
{"type": "result", "data": {"idx": 11, "options": ["Wrong, Wrong", "Wrong, Not wrong", "Not wrong, Wrong", "Not wrong, Not wrong"], "probs": [[0.45617218520297326, 0.2223371796958278, 0.2899580109558873, 0.03153262404531163], [0.18232605674497188, 0.16096105399434224, 0.3077416259223172, 0.3489712632383687], [0.2926778051615982, 0.13299649156026835, 0.46407928498332374, 0.11024641819480974], [0.19622587863292204, 0.2641215284780559, 0.3609248345591581, 0.17872775822986395]], "ideal": "B", "sampled": "A", "correct": false}}
{"type": "result", "data": {"idx": 12, "options": ["Wrong, Wrong", "Wrong, Not wrong", "Not wrong, Wrong", "Not wrong, Not wrong"], "probs": [[0.3016829220634387, 0.23865374276751228, 0.41883482760459606, 0.040828507464452976], [0.1528606712665285, 0.18442392347398925, 0.3312743007805475, 0.33144110437893476], [0.30781255774614596, 0.13768789888894017, 0.4513825115086081, 0.10311703175630577], [0.1664489681323163, 0.24990937483656794, 0.4184541466183357, 0.1651875103127801]], "ideal": "C", "sampled": "A", "correct": false}}
{"type": "result", "data": {"idx": 13, "options": ["Wrong, Wrong", "Wrong, Not wrong", "Not wrong, Wrong", "Not wrong, Not wrong"], "probs": [[0.9607602425229615, 0.020416482830170214, 0.01653271096365396, 0.002290563583214207], [0.24436783970212927, 0.057603665119636965, 0.16405569137523898, 0.5339728037029947], [0.4037501245612732, 0.07952180563252033, 0.47946253771355224, 0.03726553199265422], [0.39441882751922624, 0.3764462393501421, 0.19988174324961333, 0.029253189781018336]], "ideal": "A", "sampled": "A", "correct": true}}
{"type": "result", "data": {"idx": 14, "options": ["Wrong, Wrong", "Wrong, Not wrong", "Not wrong, Wrong", "Not wrong, Not wrong"], "probs": [[0.11697300260894751, 0.39884271322279186, 0.4519505697345906, 0.03223371433367002], [0.12143301127059118, 0.1609046596060374, 0.39507034122666057, 0.32259198779671083], [0.2098406646864679, 0.12829849696210763, 0.5153359404586175, 0.14652489779280695], [0.06433139235372484, 0.1682020488288453, 0.542862793110518, 0.22460376560691184]], "ideal": "D", "sampled": "B", "correct": false}}
{"type": "result", "data": {"idx": 15, "options": ["Wrong, Wrong", "Wrong, Not wrong", "Not wrong, Wrong", "Not wrong, Not wrong"], "probs": [[0.09841364346167408, 0.18538882808613516, 0.6994780701962784, 0.016719458155912362], [0.015677582295784396, 0.25921708053123377, 0.14988642761974497, 0.5752189094532368], [0.12444227419372983, 0.04042514861017685, 0.738926603178671, 0.09620597391742229], [0.03435946154511568, 0.16276853521613371, 0.7289336510370961, 0.07393835210165457]], "ideal": "A", "sampled": "A", "correct": true}}
{"type": "result", "data": {"idx": 16, "options": ["Wrong, Wrong", "Wrong, Not wrong", "Not wrong, Wrong", "Not wrong, Not wrong"], "probs": [[0.36590913324767416, 0.280546913527242, 0.3081044038301174, 0.04543954929496648], [0.21211252020674434, 0.15521198407158693, 0.3310859200998193, 0.3015895755218494], [0.3242926871132458, 0.16182623681427366, 0.3973287313978256, 0.11655234457465496], [0.2368753226702473, 0.22431364472100784, 0.3392960772103464, 0.19951495529839847]], "ideal": "D", "sampled": "A", "correct": false}}
{"type": "result", "data": {"idx": 17, "options": ["Wrong, Wrong", "Wrong, Not wrong", "Not wrong, Wrong", "Not wrong, Not wrong"], "probs": [[0.0995040103619732, 0.18448752437903657, 0.39975038762491505, 0.31625807753407514], [0.1715445492759978, 0.1562403566049208, 0.325527961139194, 0.34668713287988734], [0.25518799904506606, 0.1313922456228288, 0.4207431956151197, 0.1926765596169855], [0.22914093854872147, 0.16001868782716067, 0.338631281900441, 0.27220909162367685]], "ideal": "C", "sampled": "C", "correct": true}}
{"type": "result", "data": {"idx": 18, "options": ["Wrong, Wrong", "Wrong, Not wrong", "Not wrong, Wrong", "Not wrong, Not wrong"], "probs": [[0.2779759064792807, 0.2165104665945598, 0.4511994252946003, 0.05431420153155923], [0.14188587875565437, 0.20813857327016858, 0.3172703134289555, 0.33270523444522154], [0.2667468527698032, 0.10780641596142858, 0.5346751292211858, 0.09077160194758242], [0.14772643367551355, 0.24363185825939287, 0.37431520777647526, 0.23432650018861834]], "ideal": "C", "sampled": "A", "correct": false}}
{"type": "result", "data": {"idx": 19, "options": ["Wrong, Wrong", "Wrong, Not wrong", "Not wrong, Wrong", "Not wrong, Not wrong"], "probs": [[0.6732265233401292, 0.13678873831995428, 0.17839932124247534, 0.011585416997441186], [0.2017371625541868, 0.16861026992365055, 0.3405017757374351, 0.2891507916847275], [0.2946213825441034, 0.1200055721282993, 0.5211451726801369, 0.06422787254746029], [0.21216399740028652, 0.26617749129122015, 0.42525511530289983, 0.0964033959055935]], "ideal": "A", "sampled": "A", "correct": true}}
{"type": "result", "data": {"idx": 20, "options": ["Wrong, Wrong", "Wrong, Not wrong", "Not wrong, Wrong", "Not wrong, Not wrong"], "probs": [[0.29879158620978813, 0.371915577419478, 0.30830904723485875, 0.020983789035875094], [0.13546892999248034, 0.23600354788327527, 0.28236341473616794, 0.34616410728807645], [0.26674390233984313, 0.11657116734666931, 0.5222911912021958, 0.09439373901129176], [0.13723398334698486, 0.22283651758479378, 0.5261192164455479, 0.11381028252267342]], "ideal": "D", "sampled": "A", "correct": false}}
{"type": "result", "data": {"idx": 21, "options": ["Wrong, Wrong", "Wrong, Not wrong", "Not wrong, Wrong", "Not wrong, Not wrong"], "probs": [[0.6313678962658582, 0.1114660785096362, 0.2511658803938444, 0.006000144730661189], [0.19066730707965893, 0.14510885312026586, 0.3733264914773052, 0.2908973482227701], [0.31884966733453896, 0.11551678365163852, 0.5257193787080642, 0.039914170205758326], [0.20064429114582685, 0.35226638658200826, 0.4053484332944685, 0.04174088887769635]], "ideal": "A", "sampled": "A", "correct": true}}
{"type": "result", "data": {"idx": 22, "options": ["Wrong, Wrong", "Wrong, Not wrong", "Not wrong, Wrong", "Not wrong, Not wrong"], "probs": [[0.3130258221664885, 0.36598640014210504, 0.2850296379545802, 0.03595813963682625], [0.2160360780732949, 0.20142127271334845, 0.32180827373314064, 0.26073437538021604], [0.3559485567467534, 0.14957585483557737, 0.42271088289829295, 0.07176470541937625], [0.1710327412583794, 0.24125949369108637, 0.4402133428419489, 0.14749442210858538]], "ideal": "A", "sampled": "A", "correct": true}}
{"type": "result", "data": {"idx": 23, "options": ["Wrong, Wrong", "Wrong, Not wrong", "Not wrong, Wrong", "Not wrong, Not wrong"], "probs": [[0.3186789845707916, 0.31868491523312287, 0.2768629871587154, 0.08577311293737012], [0.21072822807112077, 0.12785083054217708, 0.36411270495588305, 0.2973082363308191], [0.2600120421989443, 0.1653158291405152, 0.4354672328156133, 0.1392048957449272], [0.38095733235723933, 0.13483080166101105, 0.09707704858198765, 0.38713481729976196]], "ideal": "B", "sampled": "A", "correct": false}}
{"type": "result", "data": {"idx": 24, "options": ["Wrong, Wrong", "Wrong, Not wrong", "Not wrong, Wrong", "Not wrong, Not wrong"], "probs": [[0.6860475220009313, 0.14725417701665297, 0.14050326585746398, 0.02619503502495175], [0.19460777646431673, 0.11181387137525914, 0.3061813070142857, 0.3873970450461384], [0.3192033218899546, 0.09588953249523087, 0.4982948973022535, 0.08661224821256105], [0.24523970482281185, 0.25514712927174177, 0.41075316067402784, 0.08886000513141856]], "ideal": "A", "sampled": "A", "correct": true}}
{"type": "result", "data": {"idx": 25, "options": ["Wrong, Wrong", "Wrong, Not wrong", "Not wrong, Wrong", "Not wrong, Not wrong"], "probs": [[0.41801166063079276, 0.25755530305363383, 0.315549936312734, 0.008883099902839387], [0.16218309344492407, 0.2269908223370837, 0.3515046290925998, 0.25932145502539244], [0.27917644378731366, 0.14946775136883467, 0.5055513977498904, 0.06580440699396124], [0.14811573921152968, 0.2969307005108495, 0.4562614261647773, 0.09869213401284349]], "ideal": "A", "sampled": "A", "correct": true}}
{"type": "result", "data": {"idx": 26, "options": ["Wrong, Wrong", "Wrong, Not wrong", "Not wrong, Wrong", "Not wrong, Not wrong"], "probs": [[0.048888385390280766, 0.2369501477837284, 0.6242173801802425, 0.08994408654574826], [0.05434514419652533, 0.1293943038633919, 0.32016198869835516, 0.4960985631417276], [0.2723898372493937, 0.07685087849476963, 0.4706724425880053, 0.18008684156783134], [0.03947593957571897, 0.0635963594313987, 0.5449679412152595, 0.3519597596776229]], "ideal": "A", "sampled": "C", "correct": false}}
{"type": "result", "data": {"idx": 27, "options": ["Wrong, Wrong", "Wrong, Not wrong", "Not wrong, Wrong", "Not wrong, Not wrong"], "probs": [[0.3143897377712285, 0.38520327493573103, 0.27314898572476837, 0.02725800146827214], [0.20412891523565144, 0.18018344848366313, 0.33656401943316183, 0.2791236167475236], [0.3013425424193618, 0.17039933545078537, 0.4384708338765299, 0.08978728815332293], [0.16081520861107168, 0.20979020382960653, 0.4043121400946311, 0.22508244736469063]], "ideal": "C", "sampled": "A", "correct": false}}
{"type": "result", "data": {"idx": 28, "options": ["Wrong, Wrong", "Wrong, Not wrong", "Not wrong, Wrong", "Not wrong, Not wrong"], "probs": [[0.8273567983036056, 0.05331978837143582, 0.10356359715618269, 0.01575981606877581], [0.08661040434033251, 0.1417509252734844, 0.12117361998381164, 0.6504650503023715], [0.23010149787209436, 0.05597613405292616, 0.6453573996607218, 0.06856496831425764], [0.16001849172933771, 0.36928830234903287, 0.411811478614818, 0.058881727206811466]], "ideal": "C", "sampled": "A", "correct": false}}
{"type": "result", "data": {"idx": 29, "options": ["Wrong, Wrong", "Wrong, Not wrong", "Not wrong, Wrong", "Not wrong, Not wrong"], "probs": [[0.5361318642644992, 0.3685184158516426, 0.08094839833838922, 0.014401321445469005], [0.25405303019803926, 0.19182636127679104, 0.268341306843467, 0.28577930158170267], [0.37060047296753357, 0.1251406855798001, 0.42656548098129526, 0.07769336037137105], [0.2288376671678642, 0.28265267397130744, 0.3923488527714098, 0.09616080598941852]], "ideal": "B", "sampled": "A", "correct": false}}
{"type": "result", "data": {"idx": 30, "options": ["Wrong, Wrong", "Wrong, Not wrong", "Not wrong, Wrong", "Not wrong, Not wrong"], "probs": [[0.3468967702457901, 0.32083756198659086, 0.3061338721326402, 0.026131795534978894], [0.22930646158745077, 0.16651151823163257, 0.3208699167102018, 0.28331210337071483], [0.30612313501066646, 0.1266540998082554, 0.48920233446256856, 0.0780204306185096], [0.19228908360235375, 0.2887318051117864, 0.3976694045316921, 0.12130970665416774]], "ideal": "D", "sampled": "A", "correct": false}}
{"type": "result", "data": {"idx": 31, "options": ["Wrong, Wrong", "Wrong, Not wrong", "Not wrong, Wrong", "Not wrong, Not wrong"], "probs": [[0.9534411068666249, 0.029944204539350153, 0.014938563478196961, 0.0016761250158280432], [0.18603459275940262, 0.13937567380726842, 0.21748513305225395, 0.45710460028107497], [0.24309345583432362, 0.10137288686774876, 0.6017061717905698, 0.05382748540735773], [0.2465559998152314, 0.47914564783231794, 0.2352790543025856, 0.03901929794986502]], "ideal": "B", "sampled": "A", "correct": false}}
{"type": "result", "data": {"idx": 32, "options": ["Wrong, Wrong", "Wrong, Not wrong", "Not wrong, Wrong", "Not wrong, Not wrong"], "probs": [[0.6478032935435621, 0.17437639481591433, 0.17166374278329058, 0.006156568757232944], [0.21812617126530168, 0.19866465928163327, 0.33004074301874115, 0.2531684263343239], [0.32860542729239356, 0.11183507197775697, 0.5010937209141645, 0.05846577971568493], [0.22384727593575807, 0.2897568614637235, 0.4315259560069636, 0.05486990649355486]], "ideal": "B", "sampled": "A", "correct": false}}
{"type": "result", "data": {"idx": 33, "options": ["Wrong, Wrong", "Wrong, Not wrong", "Not wrong, Wrong", "Not wrong, Not wrong"], "probs": [[0.3417510286929786, 0.24235628679123247, 0.39334980994061414, 0.022542874475174855], [0.21205031959457027, 0.15640653343473435, 0.3415331200565936, 0.29001002681410176], [0.33822743613142525, 0.11783762056711415, 0.4623233882169063, 0.08161155498455433], [0.1727474824763951, 0.21505013314420418, 0.39544544243163526, 0.21675694184776548]], "ideal": "B", "sampled": "A", "correct": false}}
{"type": "result", "data": {"idx": 34, "options": ["Wrong, Wrong", "Wrong, Not wrong", "Not wrong, Wrong", "Not wrong, Not wrong"], "probs": [[0.53091852368362, 0.327133169538229, 0.13636301075524446, 0.005585295922906516], [0.24090512866635702, 0.20615383366210546, 0.34512888353207877, 0.20781215403945874], [0.3264355823414248, 0.12689075842796066, 0.4862765768092285, 0.060397082321386124], [0.24301806361425937, 0.2608231036941256, 0.4435868610398961, 0.05257197155171892]], "ideal": "A", "sampled": "A", "correct": true}}
{"type": "result", "data": {"idx": 35, "options": ["Wrong, Wrong", "Wrong, Not wrong", "Not wrong, Wrong", "Not wrong, Not wrong"], "probs": [[0.48231177423643573, 0.26636175360399605, 0.23141811200856452, 0.01990836005100373], [0.20930915133160197, 0.20293227419020715, 0.2708796141377585, 0.31687896024043233], [0.3565650933112536, 0.12325503114503444, 0.4234448137969244, 0.09673506164678758], [0.23699023003734201, 0.27713284100154956, 0.4000266819794298, 0.08585024688167858]], "ideal": "B", "sampled": "A", "correct": false}}
{"type": "result", "data": {"idx": 36, "options": ["Wrong, Wrong", "Wrong, Not wrong", "Not wrong, Wrong", "Not wrong, Not wrong"], "probs": [[0.5590590729925689, 0.13917001821254973, 0.28553500236816787, 0.016235906326713557], [0.22141246995742195, 0.13751752058453223, 0.2979463801408019, 0.34312362921724393], [0.28991916124784417, 0.10339928931306548, 0.516857970077462, 0.08982357926162832], [0.2308256396666502, 0.2476941867727954, 0.36887316011295995, 0.1526070133475944]], "ideal": "D", "sampled": "A", "correct": false}}
{"type": "result", "data": {"idx": 37, "options": ["Wrong, Wrong", "Wrong, Not wrong", "Not wrong, Wrong", "Not wrong, Not wrong"], "probs": [[0.32621811416774477, 0.326268331083395, 0.3162005398501421, 0.03131301479871809], [0.17076896129330976, 0.1981935947935275, 0.31906366345075965, 0.3119737803624031], [0.3165722527612467, 0.13945006179941932, 0.4395469662478855, 0.10443071909144852], [0.1576249771798726, 0.2599897125101827, 0.44211891947913035, 0.14026639073081432]], "ideal": "B", "sampled": "A", "correct": false}}
{"type": "result", "data": {"idx": 38, "options": ["Wrong, Wrong", "Wrong, Not wrong", "Not wrong, Wrong", "Not wrong, Not wrong"], "probs": [[0.4473214886718428, 0.18075685773633843, 0.35388289018908553, 0.01803876330273324], [0.12522588669001494, 0.2286308854589713, 0.30277884003472455, 0.3433643877162892], [0.2672771016716821, 0.09990709646191114, 0.5703030440498944, 0.06251275771651235], [0.16174862192639297, 0.2709713992299176, 0.46442577104221766, 0.10285420770147179]], "ideal": "A", "sampled": "A", "correct": true}}
{"type": "result", "data": {"idx": 39, "options": ["Wrong, Wrong", "Wrong, Not wrong", "Not wrong, Wrong", "Not wrong, Not wrong"], "probs": [[0.26723077094175074, 0.3173475170608652, 0.32234339942261564, 0.09307831247476842], [0.19772072429051762, 0.16523903852895108, 0.3159660743749985, 0.32107416270553274], [0.30384930059704635, 0.14582256536746427, 0.4185906523467538, 0.1317374815887356], [0.18853968746328326, 0.19918860795958096, 0.3662818749608759, 0.24598982951625992]], "ideal": "C", "sampled": "A", "correct": false}}
{"type": "result", "data": {"idx": 40, "options": ["Wrong, Wrong", "Wrong, Not wrong", "Not wrong, Wrong", "Not wrong, Not wrong"], "probs": [[0.4858227411806015, 0.21560798928811575, 0.2856202569687526, 0.012949012462530192], [0.1800728589116268, 0.22593371567850984, 0.29691234228026053, 0.2970810830296028], [0.26339962487120805, 0.1064544892252067, 0.575354324774554, 0.05479156102903125], [0.1806201352044634, 0.264939965765059, 0.4910181796880651, 0.06342171924241251]], "ideal": "C", "sampled": "A", "correct": false}}
{"type": "result", "data": {"idx": 41, "options": ["Wrong, Wrong", "Wrong, Not wrong", "Not wrong, Wrong", "Not wrong, Not wrong"], "probs": [[0.9618885424015564, 0.012899883765944604, 0.023170915712487, 0.002040658020011987], [0.33753479743544834, 0.08094930970868729, 0.1607220535933111, 0.4207938391625533], [0.42926153034728326, 0.06142953019778703, 0.48655488911472233, 0.022754050240207387], [0.6209334829198646, 0.1971818944636591, 0.1545980746745744, 0.027286547841901904]], "ideal": "B", "sampled": "A", "correct": false}}
{"type": "result", "data": {"idx": 42, "options": ["Wrong, Wrong", "Wrong, Not wrong", "Not wrong, Wrong", "Not wrong, Not wrong"], "probs": [[0.1544581891423426, 0.154476890097131, 0.28408770920789445, 0.40697721145263194], [0.22111455105502117, 0.12503694927766984, 0.3345326333367391, 0.3193158662305699], [0.2874825000475457, 0.1515233218518368, 0.3838490545365815, 0.17714512346403596], [0.3184928738078662, 0.13385171295191162, 0.19773920762375918, 0.3499162055164631]], "ideal": "D", "sampled": "D", "correct": true}}
{"type": "result", "data": {"idx": 43, "options": ["Wrong, Wrong", "Wrong, Not wrong", "Not wrong, Wrong", "Not wrong, Not wrong"], "probs": [[0.38302758867320286, 0.3276483163978381, 0.2802442351110024, 0.0090798597179567], [0.22204704249594845, 0.19754619600069662, 0.3439335771465052, 0.23647318425684974], [0.33901513377200976, 0.12870690512950153, 0.463393579303929, 0.06888438169455971], [0.18792860538176845, 0.265083994288251, 0.47619943457991787, 0.07078796565006266]], "ideal": "B", "sampled": "A", "correct": false}}
{"type": "result", "data": {"idx": 44, "options": ["Wrong, Wrong", "Wrong, Not wrong", "Not wrong, Wrong", "Not wrong, Not wrong"], "probs": [[0.11282407239089522, 0.19497230211247668, 0.3164246011263074, 0.3757790242703207], [0.1924394907627937, 0.11493858351337155, 0.3651828954694198, 0.32743903015441495], [0.2917188492637874, 0.15739776661603533, 0.40186614991777275, 0.14901723410240458], [0.3056215780200622, 0.13997574774902882, 0.21334345100221974, 0.34105922312868925]], "ideal": "D", "sampled": "D", "correct": true}}
{"type": "result", "data": {"idx": 45, "options": ["Wrong, Wrong", "Wrong, Not wrong", "Not wrong, Wrong", "Not wrong, Not wrong"], "probs": [[0.7999997145627842, 0.08769784966712202, 0.0993690268501427, 0.012933408819951107], [0.18712067323362203, 0.11090257597495867, 0.2421517186794166, 0.4598250320120027], [0.31380041144703313, 0.1084814101598876, 0.5214475179094069, 0.056270660383672386], [0.2592863401617649, 0.42099671924379495, 0.2493659667515839, 0.07035097374285622]], "ideal": "A", "sampled": "A", "correct": true}}
{"type": "result", "data": {"idx": 46, "options": ["Wrong, Wrong", "Wrong, Not wrong", "Not wrong, Wrong", "Not wrong, Not wrong"], "probs": [[0.39606702102447905, 0.22925813365712278, 0.3441282789206876, 0.030546566297710583], [0.1546948071187123, 0.21654489757524847, 0.3326657959982231, 0.2960944992078161], [0.3098392509347249, 0.1441326598986845, 0.45792809465365025, 0.08809999441294027], [0.19330494441811702, 0.22083150022017992, 0.4255442365254056, 0.16031931873629748]], "ideal": "B", "sampled": "A", "correct": false}}
{"type": "result", "data": {"idx": 47, "options": ["Wrong, Wrong", "Wrong, Not wrong", "Not wrong, Wrong", "Not wrong, Not wrong"], "probs": [[0.3308381514103428, 0.2700371560904474, 0.3308445887115462, 0.06828010368766357], [0.16505682220809906, 0.1730329517395175, 0.3308527121980037, 0.3310575137543797], [0.31368993365480946, 0.1328600416201135, 0.4458605283129175, 0.10758949631215954], [0.15145735666812873, 0.27432534504658546, 0.3605275803522486, 0.21368971783303722]], "ideal": "C", "sampled": "A", "correct": false}}
{"type": "result", "data": {"idx": 48, "options": ["Wrong, Wrong", "Wrong, Not wrong", "Not wrong, Wrong", "Not wrong, Not wrong"], "probs": [[0.3102840129570482, 0.2654141693062071, 0.3984276069562306, 0.025874210680514084], [0.1924094763923841, 0.21304432190446448, 0.35116998404239574, 0.24337621756075567], [0.32422166817953213, 0.13309547204612307, 0.46444782264022877, 0.07823503703411601], [0.20330358585238864, 0.2530730011864327, 0.4304352008023649, 0.1131882120588137]], "ideal": "B", "sampled": "A", "correct": false}}
{"type": "result", "data": {"idx": 49, "options": ["Wrong, Wrong", "Wrong, Not wrong", "Not wrong, Wrong", "Not wrong, Not wrong"], "probs": [[0.4097218536362359, 0.2816321660692282, 0.28161753312991855, 0.027028447064617326], [0.1765778809609265, 0.20332072673194912, 0.30752226707244296, 0.3125791251346814], [0.33059245861797243, 0.1284959071376643, 0.44836681716377996, 0.09254481698058332], [0.15926533395040815, 0.2626685060398472, 0.43636074278525416, 0.14170541712449042]], "ideal": "A", "sampled": "A", "correct": true}}
{"type": "result", "data": {"idx": 50, "options": ["Wrong, Wrong", "Wrong, Not wrong", "Not wrong, Wrong", "Not wrong, Not wrong"], "probs": [[0.5985010268492502, 0.3574157060499588, 0.039789527669197314, 0.004293739331593581], [0.24737857663935633, 0.0889207680916929, 0.23606071308603413, 0.42763994208291667], [0.3571134315703856, 0.0835286552682036, 0.49582131189577616, 0.06353660116563463], [0.21499076915535087, 0.3517858700209025, 0.3744343257560308, 0.058789034967715786]], "ideal": "B", "sampled": "A", "correct": false}}
{"type": "result", "data": {"idx": 51, "options": ["Wrong, Wrong", "Wrong, Not wrong", "Not wrong, Wrong", "Not wrong, Not wrong"], "probs": [[0.4851567713094962, 0.2852298598482876, 0.2153010205084226, 0.014312348233793662], [0.19214982768389152, 0.20622225932866708, 0.2795968061826529, 0.32203110670478846], [0.3115046550430737, 0.11919901997449307, 0.47501425868706176, 0.09428206619537151], [0.20089641653767748, 0.3112495676955246, 0.37245006403215686, 0.11540395163464108]], "ideal": "B", "sampled": "A", "correct": false}}
{"type": "result", "data": {"idx": 52, "options": ["Wrong, Wrong", "Wrong, Not wrong", "Not wrong, Wrong", "Not wrong, Not wrong"], "probs": [[0.33598135983449784, 0.23094090746464468, 0.40527939303305316, 0.027798339567804326], [0.15170090484884877, 0.19793080101830518, 0.3339599767613251, 0.31640831727152097], [0.24786798086772172, 0.12664148681989074, 0.5046571680643591, 0.12083336414802837], [0.16586583858269247, 0.25497249466857225, 0.4268977856002513, 0.15226388104848396]], "ideal": "B", "sampled": "A", "correct": false}}
{"type": "result", "data": {"idx": 53, "options": ["Wrong, Wrong", "Wrong, Not wrong", "Not wrong, Wrong", "Not wrong, Not wrong"], "probs": [[0.6317930562199643, 0.18105916165000788, 0.16483714575213865, 0.022310636277889196], [0.19348468509685235, 0.1472823851878114, 0.24268582866063532, 0.41654710095470093], [0.3263492583902166, 0.09282545744444518, 0.5134583711110687, 0.06736691295426947], [0.19079981105206903, 0.35670490663827825, 0.3854811065473616, 0.06701417566229109]], "ideal": "B", "sampled": "A", "correct": false}}
{"type": "result", "data": {"idx": 54, "options": ["Wrong, Wrong", "Wrong, Not wrong", "Not wrong, Wrong", "Not wrong, Not wrong"], "probs": [[0.24669442864917163, 0.3118619187090374, 0.331970112914854, 0.10947353962693697], [0.2103262896479615, 0.17304586588891016, 0.33348660167011923, 0.2831412426930091], [0.34181317250090826, 0.15898982873383433, 0.3873371472073549, 0.11185985145790246], [0.2950808405581079, 0.18616640565917877, 0.28156599399612015, 0.23718675968659322]], "ideal": "D", "sampled": "A", "correct": false}}
{"type": "result", "data": {"idx": 55, "options": ["Wrong, Wrong", "Wrong, Not wrong", "Not wrong, Wrong", "Not wrong, Not wrong"], "probs": [[0.331276875071057, 0.2620635780021981, 0.35818008563549775, 0.04847946119124711], [0.1657074665007068, 0.1696998600536779, 0.3373682150299511, 0.32722445831566416], [0.27093167321349426, 0.1395037236448374, 0.4363515571672673, 0.15321304587440107], [0.14314160176102217, 0.22526513709155538, 0.3860703225366737, 0.24552293851074874]], "ideal": "D", "sampled": "A", "correct": false}}
{"type": "result", "data": {"idx": 56, "options": ["Wrong, Wrong", "Wrong, Not wrong", "Not wrong, Wrong", "Not wrong, Not wrong"], "probs": [[0.32089515142549496, 0.23480906074267885, 0.4185592054401842, 0.02573658229164199], [0.03740482972064442, 0.24212184318604468, 0.25361840256992585, 0.46685492442338505], [0.23622995518714024, 0.09774313955753935, 0.5365459558657184, 0.129480949289602], [0.058953826484835346, 0.22607261302891707, 0.6047938365088016, 0.11017972387744603]], "ideal": "A", "sampled": "A", "correct": true}}
{"type": "result", "data": {"idx": 57, "options": ["Wrong, Wrong", "Wrong, Not wrong", "Not wrong, Wrong", "Not wrong, Not wrong"], "probs": [[0.17566611314053346, 0.28295342424940223, 0.33598307749350287, 0.20539738501656146], [0.21138410583087103, 0.14876896363154934, 0.3248513091008554, 0.3149956213367242], [0.2955488230483166, 0.13016134172818888, 0.4135628413945686, 0.1607269937289259], [0.26847469403927926, 0.16546968867510353, 0.2663843591783638, 0.2996712580072534]], "ideal": "D", "sampled": "C", "correct": false}}
{"type": "result", "data": {"idx": 58, "options": ["Wrong, Wrong", "Wrong, Not wrong", "Not wrong, Wrong", "Not wrong, Not wrong"], "probs": [[0.17652032062899406, 0.19390185635590965, 0.606597126878199, 0.02298069603689726], [0.049945261328496283, 0.17574259817760618, 0.3719106039099564, 0.40240153648394117], [0.21676093499251917, 0.09849608761946928, 0.5985001965646987, 0.08624278072331287], [0.04748671323462998, 0.22837408820533975, 0.5391831618418589, 0.18495603661817137]], "ideal": "C", "sampled": "A", "correct": false}}
{"type": "result", "data": {"idx": 59, "options": ["Wrong, Wrong", "Wrong, Not wrong", "Not wrong, Wrong", "Not wrong, Not wrong"], "probs": [[0.027604672426413974, 0.025137230012461497, 0.10832715517661712, 0.8389309422845074], [0.18799823660757367, 0.07538702394347783, 0.3567560043332555, 0.379858735015693], [0.214044799751478, 0.1404121306213933, 0.3529087146953572, 0.2926343548317715], [0.33180634433703243, 0.06485206294927842, 0.15672034696380874, 0.4466212456498804]], "ideal": "D", "sampled": "D", "correct": true}}
{"type": "result", "data": {"idx": 60, "options": ["Wrong, Wrong", "Wrong, Not wrong", "Not wrong, Wrong", "Not wrong, Not wrong"], "probs": [[0.32743241220937164, 0.4916945521373411, 0.1499267614322573, 0.030946274121030005], [0.11373533815805241, 0.19513293481006158, 0.24077772678013665, 0.4503540001517493], [0.30730354782846153, 0.1271736621729516, 0.4506516456153352, 0.11487114428325165], [0.08165195887657911, 0.4247952857485035, 0.3746782978502113, 0.11887445742470608]], "ideal": "A", "sampled": "A", "correct": true}}
{"type": "result", "data": {"idx": 61, "options": ["Wrong, Wrong", "Wrong, Not wrong", "Not wrong, Wrong", "Not wrong, Not wrong"], "probs": [[0.7609941293472388, 0.1894496810925413, 0.04678941475113782, 0.0027667747090820843], [0.31209849378032317, 0.17104762281115163, 0.31210284491926166, 0.20475103838926348], [0.38876734132625657, 0.14417362949885076, 0.4074308361300506, 0.05962819294484208], [0.2950144927664497, 0.29971157754281996, 0.36717048039120975, 0.03810344919952062]], "ideal": "B", "sampled": "A", "correct": false}}
{"type": "result", "data": {"idx": 62, "options": ["Wrong, Wrong", "Wrong, Not wrong", "Not wrong, Wrong", "Not wrong, Not wrong"], "probs": [[0.29971469862740047, 0.260418610077906, 0.38485420719426217, 0.05501248400043135], [0.18526392345078208, 0.17274496675440412, 0.2983787522146308, 0.343612357480183], [0.29547038129350667, 0.1251451819836901, 0.47961989283296735, 0.09976454378983589], [0.1851966287069086, 0.255197920034576, 0.3654569794008347, 0.1941484717576807]], "ideal": "D", "sampled": "A", "correct": false}}
{"type": "result", "data": {"idx": 63, "options": ["Wrong, Wrong", "Wrong, Not wrong", "Not wrong, Wrong", "Not wrong, Not wrong"], "probs": [[0.7920605982081862, 0.09099400551046237, 0.10720494242458185, 0.009740453756769516], [0.17718511818067625, 0.18148517606827727, 0.28314763304739937, 0.3581820726036471], [0.33618114898036977, 0.08704907090310807, 0.5372360588327474, 0.039533721183774725], [0.2194301585761039, 0.3734473204213806, 0.3561967829363708, 0.05092573796614462]], "ideal": "B", "sampled": "A", "correct": false}}
{"type": "result", "data": {"idx": 64, "options": ["Wrong, Wrong", "Wrong, Not wrong", "Not wrong, Wrong", "Not wrong, Not wrong"], "probs": [[0.3157930205212765, 0.29207412602370636, 0.3522948468692097, 0.03983800648580744], [0.2015505372814289, 0.1821238344092685, 0.34286021161047636, 0.2734654165988262], [0.31799847832117834, 0.17024371533609844, 0.414757711093605, 0.09700009514911821], [0.20678820330185704, 0.22715473849751155, 0.38634545758512906, 0.17971160051550233]], "ideal": "D", "sampled": "A", "correct": false}}
{"type": "result", "data": {"idx": 65, "options": ["Wrong, Wrong", "Wrong, Not wrong", "Not wrong, Wrong", "Not wrong, Not wrong"], "probs": [[0.13042363717479077, 0.20044915674781746, 0.4922215415376171, 0.17690566443977462], [0.17676887087478294, 0.1560394647532033, 0.3801245107773911, 0.28706715349462264], [0.2632641533240291, 0.1647864008498272, 0.4109693528445271, 0.16098009288161655], [0.17839463613065462, 0.1161200268983936, 0.4180417438454697, 0.28744359302548206]], "ideal": "B", "sampled": "C", "correct": false}}
{"type": "result", "data": {"idx": 66, "options": ["Wrong, Wrong", "Wrong, Not wrong", "Not wrong, Wrong", "Not wrong, Not wrong"], "probs": [[0.4384814802562333, 0.3992522931674498, 0.14458544057216297, 0.0176807859041539], [0.18726823569160655, 0.22599172110048768, 0.27034549130830493, 0.31639455179960085], [0.34678622818409865, 0.14126379681259538, 0.4086140065334862, 0.10333596836981981], [0.19893129019736275, 0.35474538535247224, 0.3659247430351667, 0.08039858131499832]], "ideal": "D", "sampled": "A", "correct": false}}
{"type": "result", "data": {"idx": 67, "options": ["Wrong, Wrong", "Wrong, Not wrong", "Not wrong, Wrong", "Not wrong, Not wrong"], "probs": [[0.3462517559182099, 0.23065687713700664, 0.3923595845306951, 0.030731782314088383], [0.20589497376566065, 0.15067155433173934, 0.3342091092996009, 0.3092243625029991], [0.30725255380824484, 0.1291164322989954, 0.450581175728261, 0.11304983806449874], [0.2215362306978861, 0.195552301453581, 0.3681271617025491, 0.21478430604598375]], "ideal": "D", "sampled": "A", "correct": false}}
{"type": "result", "data": {"idx": 68, "options": ["Wrong, Wrong", "Wrong, Not wrong", "Not wrong, Wrong", "Not wrong, Not wrong"], "probs": [[0.21023554471311037, 0.143385480527085, 0.3156058991949291, 0.3307730754648755], [0.18968472165482891, 0.13881366160336284, 0.32518852238366336, 0.3463130942581449], [0.2838739752485596, 0.12999485431801705, 0.4098363518305068, 0.17629481850291648], [0.29375070684439586, 0.15606521163227252, 0.26537192472796994, 0.2848121566953617]], "ideal": "D", "sampled": "A", "correct": false}}
{"type": "result", "data": {"idx": 69, "options": ["Wrong, Wrong", "Wrong, Not wrong", "Not wrong, Wrong", "Not wrong, Not wrong"], "probs": [[0.29279283558757263, 0.21759951760975643, 0.3266382314426367, 0.16296941526003422], [0.21592165205820385, 0.1762726876518781, 0.3216244232090889, 0.28618123698082915], [0.2930392223106317, 0.14970242489362173, 0.44337615359153215, 0.11388219910421439], [0.23345303880999033, 0.2109692723982555, 0.3292285848709817, 0.22634910382077247]], "ideal": "B", "sampled": "A", "correct": false}}
{"type": "result", "data": {"idx": 70, "options": ["Wrong, Wrong", "Wrong, Not wrong", "Not wrong, Wrong", "Not wrong, Not wrong"], "probs": [[0.355807866614406, 0.2523178429762772, 0.35580887989335575, 0.036065410415961015], [0.23376848246344564, 0.15577093558969843, 0.33487270762226856, 0.27558787422458736], [0.3486849497165142, 0.12053486407590307, 0.46922718241690137, 0.06155300369068137], [0.2318713325731696, 0.24688521981946338, 0.41339140718539114, 0.10785204032197587]], "ideal": "A", "sampled": "A", "correct": true}}
{"type": "result", "data": {"idx": 71, "options": ["Wrong, Wrong", "Wrong, Not wrong", "Not wrong, Wrong", "Not wrong, Not wrong"], "probs": [[0.37379662786424045, 0.3403554133598116, 0.2529277409014594, 0.0329202177744885], [0.23482206021085852, 0.18293104391642664, 0.31600867131211335, 0.26623822446060147], [0.3455748388412294, 0.13017796463625583, 0.4368585808458141, 0.08738861557670062], [0.20529381316951917, 0.28066661114667735, 0.3988514125290592, 0.11518816305474429]], "ideal": "A", "sampled": "A", "correct": true}}
{"type": "result", "data": {"idx": 72, "options": ["Wrong, Wrong", "Wrong, Not wrong", "Not wrong, Wrong", "Not wrong, Not wrong"], "probs": [[0.40439891660491223, 0.28677987942666533, 0.269397674960534, 0.039423528907888396], [0.19410214448557747, 0.17817204392385744, 0.2868688872079282, 0.34085692428263686], [0.3197067665471894, 0.09527494864181149, 0.4874963003651242, 0.09752198434587489], [0.1870927428821655, 0.22051668669238803, 0.48151425350048915, 0.1108763168249573]], "ideal": "C", "sampled": "A", "correct": false}}
{"type": "result", "data": {"idx": 73, "options": ["Wrong, Wrong", "Wrong, Not wrong", "Not wrong, Wrong", "Not wrong, Not wrong"], "probs": [[0.46665654929005185, 0.28753051989020106, 0.23466285248226643, 0.011150078237480666], [0.20304323450938372, 0.2412273431314606, 0.26691340008172953, 0.2888160221774262], [0.31434148078484847, 0.10951702877503655, 0.5102425737132615, 0.06589891662685339], [0.19246240388456007, 0.28901386904092524, 0.4337555862623825, 0.08476814071213218]], "ideal": "B", "sampled": "A", "correct": false}}
{"type": "result", "data": {"idx": 74, "options": ["Wrong, Wrong", "Wrong, Not wrong", "Not wrong, Wrong", "Not wrong, Not wrong"], "probs": [[0.3594071633643957, 0.38862950329749035, 0.21800300882817458, 0.033960324409939374], [0.19535155301298893, 0.20638361263619914, 0.3002217068934968, 0.2980431273573151], [0.3375200654043998, 0.13533815841020405, 0.4333979221253168, 0.0937438539600793], [0.19491751742656582, 0.25827824395799914, 0.3937635177364737, 0.15304072077896128]], "ideal": "D", "sampled": "A", "correct": false}}
