{"type": "result", "data": {"idx": 0, "options": ["Offerings", "Prayers", "Apparitions", "Idols"], "probs": [[0.39500116028827337, 0.016560324865291493, 0.0046346414271809435, 0.5838038733192542], [0.0007968383098291282, 0.00398387326970404, 0.9229270608113355, 0.07229222750913133], [0.0022153263805407444, 0.9741752678753324, 0.015376624539214663, 0.008232781104912225], [0.9593513656160076, 0.02186784531727909, 0.003029680360423338, 0.015751108606289917]], "ideal": "D", "sampled": "D", "correct": true}}
{"type": "result", "data": {"idx": 1, "options": ["Daoism", "Yin-Yang School", "Mengzi", "Humanistic Buddhism"], "probs": [[0.8288270749229203, 0.11940386028349267, 0.00500629325108265, 0.0467627714425044], [0.031832090758552554, 0.0037140312193165727, 0.004585827126834044, 0.9598680507952968], [0.001875180977179413, 0.00586710821592097, 0.4922250491579099, 0.5000326615489897], [0.004810863848019956, 0.6252081664326121, 0.2646807248510735, 0.10530024476829437]], "ideal": "B", "sampled": "A", "correct": false}}
{"type": "result", "data": {"idx": 2, "options": ["325 CE", "119 CE", "451 CE", "596 CE"], "probs": [[0.007974290815478577, 0.22411811341375257, 0.238560021773117, 0.5293475738976519], [0.0027264602165277796, 0.025269000270101215, 0.9118583794292278, 0.0601461599841433], [0.0035352128153299887, 0.6529722993097266, 0.20227088601978088, 0.1412216017551626], [0.3399795242807107, 0.17095087212177956, 0.4434147112609384, 0.045654892236571355]], "ideal": "D", "sampled": "D", "correct": true}}
{"type": "result", "data": {"idx": 3, "options": ["Akitu", "Wag and Thoth", "Bast", "Nehebkau"], "probs": [[0.9924642228919079, 0.004525150074502472, 0.0013065249376430397, 0.0017041019959465273], [0.0006304231315269613, 0.0005831120032490588, 0.0006762960649282823, 0.9981101687002957], [0.0027282001348730325, 0.0032149109569779926, 0.9866409601704699, 0.007415928637679092], [0.0028387064240557053, 0.9875498619990745, 0.0061047194867401375, 0.0035067119901296584]], "ideal": "A", "sampled": "A", "correct": true}}
{"type": "result", "data": {"idx": 4, "options": ["Zazen", "Tariki", "Kami", "Ikebana"], "probs": [[5.646932470597136e-05, 0.00020336651946814237, 0.0003005213760419366, 0.9994396426797839], [0.0005093873856935254, 0.002318943525172058, 0.9957977731344149, 0.0013738958547195074], [0.0010380428283368619, 0.997031271357969, 0.0010964890242389082, 0.000834196689455238], [0.9984646619664971, 0.0011243439715147299, 0.00011307716544504548, 0.0002979167965430827]], "ideal": "D", "sampled": "D", "correct": true}}
{"type": "result", "data": {"idx": 5, "options": ["Harmony and balance", "Devotion and piety", "Love and passion", "Goodwill and love"], "probs": [[0.040180231939578516, 0.9291714594395081, 0.008623708745427807, 0.02202459977548561], [0.8190917554965734, 0.0371322044052052, 0.07860597397955425, 0.06517006601866707], [0.0022145086904264656, 0.03279426832554671, 0.6586575786566334, 0.3063336442273934], [0.22699361445364127, 0.19416190175583473, 0.5277930359962617, 0.051051447694262356]], "ideal": "A", "sampled": "B", "correct": false}}
{"type": "result", "data": {"idx": 6, "options": ["Shabad", "Khalse", "Nam", "Guru"], "probs": [[0.9683260231878288, 0.010590774560900306, 0.0027843554563084863, 0.018298846694962404], [0.003481157188536001, 0.05075916741949797, 0.03176099493336825, 0.9139986803585978], [0.030689219576575267, 0.03673269517564676, 0.9181931744775079, 0.014384910670270062], [0.006287002824127566, 0.9782406513657326, 0.007886861310622459, 0.007585484399517357]], "ideal": "A", "sampled": "A", "correct": true}}
{"type": "result", "data": {"idx": 7, "options": ["Muhammad's miraculous ascent to heaven", "Muhammad's migration to Mecca", "Muhammad's first community in Mecca", "Muhammad's revelations of the Qur'an"], "probs": [[0.9902107000341348, 0.004376022821537043, 0.0007908276546651901, 0.004622449389662898], [9.094177373814411e-05, 0.000284540319874756, 0.000226845244592354, 0.9993976725617947], [0.00030378227586887906, 0.0017619264781867973, 0.9945380943606286, 0.003396196785315751], [0.0005232823216152997, 0.9919208698487616, 0.005714637586002837, 0.0018412101436202403]], "ideal": "A", "sampled": "A", "correct": true}}
{"type": "result", "data": {"idx": 8, "options": ["Laws of Dharma", "Laws of Karma", "Laws of Vishnu", "Laws of Manu"], "probs": [[0.0002164038938291192, 0.00042042081960949964, 0.0002081148613442251, 0.9991550603252172], [0.0013660026299000115, 0.002323686659096726, 0.9747746788951734, 0.021535631715829846], [0.001003279098378711, 0.9863344835374994, 0.008269920784524798, 0.0043923164795970655], [0.9940658889568739, 0.004191547881049105, 0.0007999802642177761, 0.0009425827978591966]], "ideal": "D", "sampled": "D", "correct": true}}
{"type": "result", "data": {"idx": 9, "options": ["The Holy Book", "The Narrative", "The Recitation", "The Pillars"], "probs": [[0.003474581602681294, 0.006440921304220653, 0.9862683180906, 0.0038161789024979994], [0.004188114400838442, 0.8768682666810389, 0.003934919452369808, 0.11500869936575286], [0.9623734088467298, 0.007463684095462732, 0.02906217711842363, 0.0011007298393838321], [0.0009101965317232289, 0.01563766533372495, 0.0006978889868543786, 0.9827542490476975]], "ideal": "C", "sampled": "C", "correct": true}}
{"type": "result", "data": {"idx": 10, "options": ["Mother of Light", "Father of Goodness", "Ineffable Lover", "Eternal Spirit"], "probs": [[0.3920097175440209, 0.12927011566344107, 0.3101019422354268, 0.1686182244571112], [0.49659009283017, 0.3012076228195933, 0.07857394728548533, 0.12362833696475134], [0.37520465066291836, 0.14241338835822376, 0.16137700983587006, 0.3210049510429878], [0.2829948579089513, 0.1637912939685319, 0.22739680921555083, 0.32581703880696594]], "ideal": "B", "sampled": "C", "correct": false}}
{"type": "result", "data": {"idx": 11, "options": ["Bushido", "Shinto", "Nichiren", "Soto Zen"], "probs": [[0.0014064325340556658, 0.010151822610618737, 0.9066965186421351, 0.08174522611319056], [0.00479011764745657, 0.11161202539412174, 0.8779089127813315, 0.005688944077090156], [0.5311976752315878, 0.4615351926216611, 0.0019770046066570064, 0.005290127440094091], [0.8321801678228359, 0.029842148240414635, 0.03381591896383893, 0.10416176487291051]], "ideal": "D", "sampled": "D", "correct": true}}
{"type": "result", "data": {"idx": 12, "options": ["Sangat", "Langar", "Gurdwara", "Panth"], "probs": [[0.0007285603884741807, 0.9867012228343472, 0.011219485777288254, 0.00135073089989025], [0.99597781009117, 0.0030725556641492285, 0.00040302588743731455, 0.0005466082572434385], [0.0014615621360422799, 0.0009005066348331934, 0.0023909127626802248, 0.9952470183664442], [0.0003650398663773291, 0.0026143387369076147, 0.9677943049199805, 0.029226316376734576]], "ideal": "B", "sampled": "B", "correct": true}}
{"type": "result", "data": {"idx": 13, "options": ["Buddhism", "Daoism", "Confucianism", "Shamanism"], "probs": [[0.0554426117789309, 0.6445855237800419, 0.0700882858758963, 0.22988357846513097], [0.8885103438667219, 0.05091456340247843, 0.014933293572067779, 0.04564179905873194], [0.020291218645468876, 0.6933310665986878, 0.09680521541315774, 0.18957249924268554], [0.6997176199535882, 0.1688131043499843, 0.09770218735843833, 0.03376708823798919]], "ideal": "B", "sampled": "B", "correct": true}}
{"type": "result", "data": {"idx": 14, "options": ["Worship", "Submission", "Obedience", "Faith"], "probs": [[0.0006593599297593809, 0.9729740910354362, 0.004871412791568353, 0.021495136143236115], [0.996173107108481, 0.0019231646306378848, 0.0010957641317978384, 0.0008079640290833425], [0.00026061201596997064, 0.0018374461731306396, 0.00040048437992922306, 0.9975014573309702], [0.0004275402565609139, 0.002240067715529632, 0.9925154609319449, 0.00481693099596458]], "ideal": "B", "sampled": "B", "correct": true}}
{"type": "result", "data": {"idx": 15, "options": ["Suffering", "Soul", "Impermanence", "No-self"], "probs": [[3.970791874471433e-05, 0.00027994886162613234, 0.008708039905782715, 0.9909723032138464], [0.00015829287724952252, 0.00598596205949087, 0.9910934886175402, 0.0027622563457194303], [0.0010181831847196727, 0.9932731343909554, 0.003087792298398412, 0.0026208900259265164], [0.97551564213069, 0.006223381445257382, 0.00039172137275666986, 0.017869254951295946]], "ideal": "D", "sampled": "D", "correct": true}}
{"type": "result", "data": {"idx": 16, "options": ["Spiritual narratives", "Redemption narratives", "Birth narratives", "Theological narratives"], "probs": [[0.0050127738941679115, 0.008395553542218985, 0.9779970021555175, 0.008594670308095536], [0.0024531589261164743, 0.9824120737595092, 0.004306251330107782, 0.010828515884266473], [0.9894659728888708, 0.008105623662360707, 0.0012141835135958006, 0.0012142198351726046], [0.0005393022307226264, 0.0008823008760231258, 0.00031953237289363836, 0.9982588644203606]], "ideal": "C", "sampled": "C", "correct": true}}
{"type": "result", "data": {"idx": 17, "options": ["Vajrayana", "Theravada", "Mahayana", "Mahavira"], "probs": [[0.002908561462399644, 0.013876070667680594, 0.9804181142595503, 0.0027972535103694593], [0.002159418734206282, 0.9950359770761396, 0.0008071111665639283, 0.001997492923090164], [0.9770391866821477, 0.011024829319996885, 0.0038700614781341297, 0.008065922419721264], [0.00033539168272012445, 0.001600140887251458, 0.006038276724427607, 0.9920261906056008]], "ideal": "C", "sampled": "C", "correct": true}}
{"type": "result", "data": {"idx": 18, "options": ["Svetambara", "Jina", "Agama", "Digambara"], "probs": [[0.829282342030584, 0.09018218696293942, 0.05469800481688054, 0.025837466089596053], [0.004451057496685356, 0.036693160221877553, 0.7426977901610136, 0.21615799202042357], [0.014272353676920091, 0.07248459044344721, 0.8969425599914085, 0.01630049578822425], [0.2540314498858254, 0.7124668368997049, 0.028061706609166653, 0.005440006505302986]], "ideal": "D", "sampled": "A", "correct": false}}
{"type": "result", "data": {"idx": 19, "options": ["The Shema", "The Sefirot", "Deuteronomy", "The Decalogue"], "probs": [[0.9928316357737785, 0.003994629445757541, 0.0012868005472938151, 0.0018869341331701418], [0.0004739665941318648, 0.0009649583482269811, 0.004461744189310104, 0.994099330768331], [0.0024422894673147904, 0.010044311493748037, 0.9853068865508716, 0.0022065123880656077], [0.00646715970282563, 0.9904203804738828, 0.0018387940562231402, 0.001273665667068381]], "ideal": "A", "sampled": "A", "correct": true}}
{"type": "result", "data": {"idx": 20, "options": ["Brahminic orthodoxy", "Legalistic asceticism", "Bhakti devotionals", "Unorthodox practices"], "probs": [[0.905135960684011, 0.07314741862807454, 0.008805098314623533, 0.012911522273290866], [0.047618620181571904, 0.01724675859570658, 0.5040022143664654, 0.4311324067562561], [0.005274023978049197, 0.1308055251140962, 0.8138818325901163, 0.05003861821773833], [0.1075115630759157, 0.8197157825507857, 0.05364372108258831, 0.019128933190710268]], "ideal": "A", "sampled": "A", "correct": true}}
{"type": "result", "data": {"idx": 21, "options": ["The Battle of Uhud", "The Battle of Camel", "The Battle of the Trench", "The Battle of Badr"], "probs": [[0.016498299283191478, 0.5550175298288189, 0.29244989099325486, 0.13603427979473479], [0.2862001835277874, 0.24101661623304085, 0.45737416610964793, 0.015409034029523783], [0.018787397201068885, 0.9340906207499862, 0.03946908218020588, 0.00765289976873903], [0.8589298116314295, 0.09053423359028735, 0.030802040971571153, 0.019733913706712094]], "ideal": "C", "sampled": "D", "correct": false}}
{"type": "result", "data": {"idx": 22, "options": ["Remembering the Divine Name", "Meditating on the sacred hymns", "Remembering that death is inevitable", "Meditating on the goodness of the created world"], "probs": [[0.600007505655284, 0.08509932901377319, 0.21062224709636573, 0.10427091813457702], [0.03108507744831656, 0.05371363472831514, 0.020706695045246363, 0.8944945926781219], [0.003813625820547461, 0.01669612256883707, 0.9627938383691497, 0.016696413141465773], [0.0058566351902146485, 0.903965077741099, 0.04789951931707964, 0.04227876765160664]], "ideal": "A", "sampled": "A", "correct": true}}
{"type": "result", "data": {"idx": 23, "options": ["Confucianism", "Buddhism", "Christianity", "Daoism"], "probs": [[0.7161594709505227, 0.15979436058734525, 0.11691446961300919, 0.007131698749122827], [0.39143665454536386, 0.18782585297655785, 0.04125973458891573, 0.3794777577891626], [0.020142461821157757, 0.013736310221702254, 0.8700157281536114, 0.0961054997035286], [0.008998563797199126, 0.44738145094637954, 0.5230192111120507, 0.020600774044370582]], "ideal": "A", "sampled": "A", "correct": true}}
{"type": "result", "data": {"idx": 24, "options": ["Disciple", "Faithful", "Devotee", "Enlightened"], "probs": [[0.7103734710992559, 0.12539126152862343, 0.1585063062241069, 0.005728961048013785], [0.8376479007605426, 0.11880874433432297, 0.013969363409142484, 0.02957399139599192], [0.487626817120823, 0.10880628891090555, 0.23765198706953453, 0.1659149067987369], [0.533820430366196, 0.29482029767290874, 0.10348725677411805, 0.06787201508677722]], "ideal": "A", "sampled": "A", "correct": true}}
{"type": "result", "data": {"idx": 25, "options": ["The sages of the Zhuangzi", "The Songs of the South", "The Duke of Zhou", "The Confucian \"sage kings\""], "probs": [[0.5620532955852843, 0.0681840593182393, 0.3408913808862331, 0.02887126411024327], [0.030721787271510887, 0.4768776274427851, 0.1324104743033945, 0.3599901108823095], [0.038954071986908013, 0.17872676384693334, 0.5860090894858823, 0.19631007458027636], [0.036290363900697425, 0.5417304887475063, 0.1227701079458467, 0.2992090393059496]], "ideal": "A", "sampled": "A", "correct": true}}
{"type": "result", "data": {"idx": 26, "options": ["Anointed one", "God", "Prophet", "The line of David"], "probs": [[0.973776782932232, 0.004074100726759632, 0.0006346397925489944, 0.021514476448459326], [0.00013521783582120045, 0.00032692657836118697, 0.0019107724187916373, 0.997627083067026], [0.0010217858606008606, 0.006357951862475599, 0.9888825554563611, 0.003737706720562464], [0.0051272031010346645, 0.9852083163830159, 0.005208847493199513, 0.00445563292274997]], "ideal": "A", "sampled": "A", "correct": true}}
{"type": "result", "data": {"idx": 27, "options": ["Soul", "Sound", "Non-matter", "Non-soul"], "probs": [[0.006125929428182912, 0.0036580337060459264, 0.14273167360900488, 0.8474843631567662], [0.0025614176855902667, 0.10976494294247288, 0.811043514981848, 0.07663012429008888], [0.5310600214896731, 0.4614274340993198, 0.0067910996692980685, 0.0007214446417089852], [0.9382462752900251, 0.044573967607959376, 0.0005230523087521765, 0.016656704693263254]], "ideal": "D", "sampled": "D", "correct": true}}
{"type": "result", "data": {"idx": 28, "options": ["A collection of statues", "Veneration of ancestors", "Seated meditation", "Funeral rituals"], "probs": [[0.0004746698723923507, 0.002046023323199552, 0.9956163521637159, 0.0018629545406921625], [0.001310250551753879, 0.9960601806548872, 0.0015084304171821103, 0.0011211382761767506], [0.9979494419999552, 0.0015602808302017804, 0.000187805610277172, 0.0003024714595659063], [4.75618009096285e-05, 0.00019410197725742008, 9.458691258098842e-05, 0.9996637492092519]], "ideal": "C", "sampled": "C", "correct": true}}
{"type": "result", "data": {"idx": 29, "options": ["Asceticism", "Bodily pleasure", "Music", "Sexual union"], "probs": [[0.0012562452830569629, 0.4508709651158529, 0.004055347599133585, 0.5438174419019566], [0.080388760177092, 0.01441299974743968, 0.774709743027643, 0.1304884969478254], [0.0015344175353728463, 0.8939446391047066, 0.027625131046288064, 0.07689581221363255], [0.9117557899663518, 0.05649257760124581, 0.02177998399017526, 0.009971648342227118]], "ideal": "D", "sampled": "D", "correct": true}}
{"type": "result", "data": {"idx": 30, "options": ["Loving and forgiving", "Wrathful and merciful", "Judging and vengeful", "Transcendent and immanent"], "probs": [[0.003386886359294147, 0.060034323694556996, 0.9244765694158434, 0.012102220430305415], [0.42498933789738924, 0.2659544616751278, 0.2875626352786753, 0.02149356504880764], [0.24507543015046893, 0.6768263644295853, 0.04359868572375646, 0.03449951959618926], [0.031776259930348334, 0.017143660803324242, 0.7638671240889502, 0.18721295507737729]], "ideal": "B", "sampled": "C", "correct": false}}
{"type": "result", "data": {"idx": 31, "options": ["Palestine and Babylonia", "Babylonia and Europe", "Palestine and Spain", "Spain and France"], "probs": [[0.3195275429967168, 0.05910517765620253, 0.6158692959463795, 0.005497983300701063], [0.00643394894745626, 0.856093001511365, 0.004121622881389692, 0.13335142655978902], [0.016243852731981433, 0.02784856737943165, 0.9440225882357964, 0.011884991552790427], [0.002591677795607807, 0.9670878428082358, 0.004548233734980225, 0.0257722455611762]], "ideal": "A", "sampled": "A", "correct": true}}
{"type": "result", "data": {"idx": 32, "options": ["Buddhism", "Hinduism", "Judaism", "Islam"], "probs": [[0.8876410377099148, 0.09503543538127819, 0.009938014687578585, 0.007385512121228482], [0.8329542464590297, 0.10756922752606804, 0.03332129940030476, 0.026155226514597462], [0.0808781950569256, 0.12333266356964757, 0.7673964914182182, 0.028392649855208632], [0.01155972097901761, 0.9041721739929911, 0.07656609198488379, 0.007702012943107523]], "ideal": "A", "sampled": "A", "correct": true}}
{"type": "result", "data": {"idx": 33, "options": ["Kali yuga", "Maha yuga", "Krita yuga", "Satya yuga"], "probs": [[0.9656479760397997, 0.016876782882341217, 0.004835228804055044, 0.012640012173804014], [0.0012956208715969506, 0.0026381242910570083, 0.011821204441919867, 0.9842450502954262], [0.0017609119563313383, 0.026910145606362894, 0.948490897335366, 0.02283804500193974], [0.0007881386169114668, 0.9567452796995077, 0.009983728151215484, 0.032482853432365275]], "ideal": "A", "sampled": "A", "correct": true}}
{"type": "result", "data": {"idx": 34, "options": ["Hymns", "Laws", "Ethics", "Myths"], "probs": [[0.9931075712320631, 0.005419183317682907, 0.0006421921122324153, 0.0008310532380215577], [0.00020468952830420995, 0.0013140674242065865, 0.0002864094624172655, 0.9981948334850719], [0.004002563138991245, 0.009452928669164388, 0.9794089670039859, 0.0071355410878584], [0.0017727358475068044, 0.9930847273467824, 0.002480856372343788, 0.0026616803333669842]], "ideal": "A", "sampled": "A", "correct": true}}
{"type": "result", "data": {"idx": 35, "options": ["Pure Land", "Tendai", "Shingon", "Soto Zen"], "probs": [[0.9917725119862407, 0.005716129309509016, 0.001245865489518115, 0.001265493114732096], [0.00026928367351529414, 0.0004270050359243403, 0.00027567109088792925, 0.9990280400996724], [0.0004276178186514921, 0.0016651378696607164, 0.992738144770749, 0.005169099440938794], [0.0005526824655757699, 0.9916819813297894, 0.00532634162939885, 0.002438994475236002]], "ideal": "A", "sampled": "A", "correct": true}}
{"type": "result", "data": {"idx": 36, "options": ["Sita", "Rama", "Kali", "Durga"], "probs": [[0.8686695637423921, 0.042578473405334036, 0.015181883137763176, 0.07357007961451068], [0.00018367158045982829, 0.0003513016535673449, 0.00025700146013315123, 0.9992080252058396], [0.0017036205497844763, 0.00474081051729995, 0.9844886126580188, 0.009066956174896813], [0.008039822019574391, 0.9738979520028341, 0.010084550083249976, 0.007977675794341527]], "ideal": "A", "sampled": "A", "correct": true}}
{"type": "result", "data": {"idx": 37, "options": ["Rumi", "Rabi'a", "Fatimah", "Khadija"], "probs": [[0.0012027099166050082, 0.9956841142496636, 0.0017501369825528837, 0.0013630387511784283], [0.9895685958573418, 0.008696348448025124, 0.0002929869820426427, 0.00144206861259045], [0.000302209189134733, 0.001262482686533582, 0.0012428607663562262, 0.9971924472579754], [0.0006513871049373257, 0.005044149813674168, 0.9917680247518222, 0.0025364382295662087]], "ideal": "B", "sampled": "B", "correct": true}}
{"type": "result", "data": {"idx": 38, "options": ["Andal", "Devi", "Ganga", "Kali"], "probs": [[0.9889762289588288, 0.006769165670316654, 0.0011311953492952444, 0.00312340992155938], [0.00034841793928132043, 0.00046525451225766957, 0.00027778797633063883, 0.9989085394721303], [0.0005948066389198468, 0.001146660446832003, 0.9417023885838199, 0.05655614423042823], [0.0008858878472320763, 0.9870049569571377, 0.006807190512410191, 0.005301964583219969]], "ideal": "A", "sampled": "A", "correct": true}}
{"type": "result", "data": {"idx": 39, "options": ["Paul of Tarsus", "Clare of Assisi", "Francis of Assisi", "John of the Cross"], "probs": [[0.007099629161877215, 0.05124536299053279, 0.8942579333519903, 0.0473970743955996], [0.010095299107215412, 0.9674435444769541, 0.008980000186987032, 0.013481156128843366], [0.9516635383302279, 0.03990049100549917, 0.0022688434582190196, 0.006167127106053908], [0.006191617955659924, 0.005422247701962578, 0.00240589823675535, 0.9859802360056221]], "ideal": "C", "sampled": "C", "correct": true}}
{"type": "result", "data": {"idx": 40, "options": ["Epistemology", "Morality", "Religion", "Aesthetics"], "probs": [[0.17062415371571593, 0.7892245737704938, 0.023642203101113323, 0.01650906931267696], [0.9275222100141634, 0.03224176636736336, 0.006448541028109291, 0.03378748249036403], [0.0014955009804565077, 0.005513466688364043, 0.18112798887319487, 0.8118630433579845], [0.004250935869257035, 0.026245154198351023, 0.9470558003070875, 0.022448109525304506]], "ideal": "B", "sampled": "B", "correct": true}}
{"type": "result", "data": {"idx": 41, "options": ["Greek Orthodox", "Roman Catholic", "Puritans", "Quakers"], "probs": [[0.0004293923269801649, 0.002471415793715091, 0.7349947101027474, 0.2621044816765573], [0.00779022384824595, 0.2073114878156652, 0.7823684497495652, 0.002529838486523652], [0.1675475999078015, 0.8249017070436548, 0.0029063404319543233, 0.004644352516589292], [0.9707672613088966, 0.007890495485564466, 0.008733612500624228, 0.01260863060491478]], "ideal": "D", "sampled": "D", "correct": true}}
{"type": "result", "data": {"idx": 42, "options": ["Peter", "Paul", "Jesus", "Matthew"], "probs": [[0.9978547092467485, 0.001754272507290078, 0.0001863512913435505, 0.00020466685461793433], [0.00017657280888016207, 0.0008038796890939481, 0.00013751219734223186, 0.9988820352046837], [0.001196536402753563, 0.00430881208404399, 0.9903829150913862, 0.004111736321816218], [0.0022083575605295327, 0.9942176866485741, 0.0012586734455959582, 0.002315282245300399]], "ideal": "A", "sampled": "A", "correct": true}}
{"type": "result", "data": {"idx": 43, "options": ["1935", "2000", "1965", "1975"], "probs": [[0.38418864752761084, 0.08308548382717205, 0.5251172719333788, 0.007608596611838392], [0.0011705921942010036, 0.5831365226984655, 0.25873871047776714, 0.15695417452956636], [0.011280143699052236, 0.04461404330427173, 0.9391001100779282, 0.005005702818747875], [0.0047016358911109125, 0.9172814949172919, 0.04711478572955998, 0.030902083362037116]], "ideal": "A", "sampled": "A", "correct": true}}
{"type": "result", "data": {"idx": 44, "options": ["Householders who supported renouncers", "Orthodox interpreters of the scriptures", "Women ascetics who lived in communities", "Temple-dwelling renouncers"], "probs": [[0.6196397223287945, 0.10436337161644912, 0.20755129488201488, 0.06844561107274148], [0.01627061003945473, 0.8152405516340709, 0.09146113654203235, 0.07702770168444203], [0.35142285413706187, 0.11588640023845286, 0.5033891313032137, 0.0293016142212716], [0.2775318005587401, 0.6869422145473794, 0.01010933510776594, 0.02541664968611459]], "ideal": "D", "sampled": "A", "correct": false}}
{"type": "result", "data": {"idx": 45, "options": ["Thoughtfulness", "Non-action", "Spontaneity", "Meditation"], "probs": [[0.0017449734852497112, 0.07655097362480703, 0.9181512673852343, 0.003552785404708858], [0.062339896073471845, 0.9307041446951825, 0.002184543684152506, 0.004771415447193206], [0.9771216106929917, 0.004742251512644248, 0.0010581950917178484, 0.017077942602646133], [0.00032381166736464946, 0.001593862917578622, 0.35507700393444774, 0.643005321380609]], "ideal": "C", "sampled": "C", "correct": true}}
{"type": "result", "data": {"idx": 46, "options": ["hand gestures", "saints", "religious clothing", "temples"], "probs": [[0.9908844851839136, 0.007219690380782335, 0.0006114011644751573, 0.0012844231708289096], [0.00014418169184549624, 0.0003513610657392683, 0.00012625184158739997, 0.9993782053008279], [0.0002800004117539006, 0.0026361138314591904, 0.9912353803311854, 0.005848505325601454], [0.0004975855872357674, 0.9963184967338236, 0.0018928036631614329, 0.0012911139157792224]], "ideal": "A", "sampled": "A", "correct": true}}
{"type": "result", "data": {"idx": 47, "options": ["Julius Caesar", "Alexander the Great", "Cyrus of Persia", "Antiochus IV Epiphanes"], "probs": [[8.085482875369559e-05, 0.00025298956474820286, 0.0006459627212232503, 0.9990201927852749], [0.00042383409757616416, 0.0045566727077898375, 0.9916594934202903, 0.0033599996743437404], [0.0005999107900532425, 0.9954728382914904, 0.0021774577686772077, 0.0017497930497792364], [0.9942087842576239, 0.004325342240810361, 0.0005007114816568302, 0.0009651619199088614]], "ideal": "D", "sampled": "D", "correct": true}}
{"type": "result", "data": {"idx": 48, "options": ["30", "40", "33", "52"], "probs": [[0.040431869335240685, 0.14112154015922015, 0.7110786622705414, 0.10736792813499779], [0.08624703114932221, 0.29870109634463055, 0.38955540990080256, 0.22549646250524466], [0.05762021285926437, 0.194922940375706, 0.6292166160104529, 0.1182402306545767], [0.034059911917236285, 0.34400177734649673, 0.48509003987382954, 0.13684827076243744]], "ideal": "A", "sampled": "A", "correct": true}}
{"type": "result", "data": {"idx": 49, "options": ["Serpent", "Eagle", "Cheetah", "Cow"], "probs": [[0.01551726864624187, 0.022227680763809286, 0.060418040792187266, 0.9018370096977616], [0.028035200746695025, 0.03127547102696385, 0.8789756189228198, 0.0617137092035213], [0.34532922031227475, 0.6061051927610533, 0.02560961246006187, 0.022955974366610052], [0.9951881411414898, 0.003143041237978703, 0.0007823397362182126, 0.0008864777843133056]], "ideal": "D", "sampled": "D", "correct": true}}
{"type": "result", "data": {"idx": 50, "options": ["Community", "Scripture", "Worship", "Apprenticeship"], "probs": [[0.011415856578257333, 0.006404201790680598, 0.001485793577861974, 0.9806941479532001], [0.014782812541250507, 0.007851288704309609, 0.9362272084253503, 0.04113869022908956], [0.004218937003480545, 0.7916414339927182, 0.15584636124886375, 0.04829326765493748], [0.4113007554404908, 0.3573798596807421, 0.21338542161325505, 0.01793396316551202]], "ideal": "A", "sampled": "D", "correct": false}}
{"type": "result", "data": {"idx": 51, "options": ["Construction of the Second Temple", "Destruction of the Second Temple", "The Christianization of the Roman Empire", "The emergence of Islam"], "probs": [[0.0012810366511968757, 0.9885339776228118, 0.00416776027324278, 0.006017225352748545], [0.9942167538027442, 0.0023887340272787747, 0.001319160158336096, 0.0020753519116409507], [3.0458217315833452e-05, 0.00018513573796405134, 0.0005314875759236149, 0.9992529183687965], [0.00040810623571359603, 0.007944771363714657, 0.9851627094878966, 0.006484412812675123]], "ideal": "B", "sampled": "B", "correct": true}}
{"type": "result", "data": {"idx": 52, "options": ["Genshin", "Dogen", "Honen", "Shinran"], "probs": [[0.0079499511706605, 0.033208634979382125, 0.8699597788380709, 0.08888163491188653], [0.006306494134561234, 0.320940018415348, 0.6585394754778953, 0.014214011872195464], [0.05717486802609988, 0.8874755947183726, 0.026593002894117267, 0.028756534261410255], [0.8260608318672025, 0.061738357701304175, 0.02236206805504877, 0.0898387422764446]], "ideal": "C", "sampled": "D", "correct": false}}
{"type": "result", "data": {"idx": 53, "options": ["Pakistan", "Iraq", "Indonesia", "Turkey"], "probs": [[0.041347391552360446, 0.0026641566939459814, 0.9410125281539603, 0.014975923499733267], [0.00045783634408054204, 0.9604685901355519, 0.01266726106241719, 0.02640631235795044], [0.36972182606659953, 0.014562553575493645, 0.6095491584665229, 0.006166461791383849], [0.0026456693975527813, 0.3604147287861072, 0.004396123167403613, 0.6325434785489364]], "ideal": "C", "sampled": "C", "correct": true}}
{"type": "result", "data": {"idx": 54, "options": ["Gregory", "Augustine", "Athanasius", "Francis"], "probs": [[0.7408895878216852, 0.004405997922888765, 0.028728739922609842, 0.22597567423281614], [0.0002947924255530982, 0.0014741287471885204, 0.0480497498422069, 0.9501813288850515], [0.0003302350793156918, 0.0033353676334009733, 0.9103239118665782, 0.0860104853207051], [0.0008339454628549586, 0.8933346869129156, 0.015983066659481907, 0.0898483008647475]], "ideal": "A", "sampled": "A", "correct": true}}
{"type": "result", "data": {"idx": 55, "options": ["Enlightened being", "Worthy ones", "Saintly ones", "Sages"], "probs": [[0.9627977872948184, 0.02410436152066145, 0.004896944219514037, 0.008200906865006201], [0.2588631029227832, 0.21800598447037578, 0.05426078277673042, 0.4688701297301106], [0.5362836052053109, 0.05923689451471247, 0.3923502214858016, 0.01212927869417493], [0.07735778717784408, 0.8928190582623975, 0.011866505546931663, 0.017956648912826816]], "ideal": "A", "sampled": "A", "correct": true}}
{"type": "result", "data": {"idx": 56, "options": ["Guru Ram Das", "Guru Tegh Bahadur", "Guru Gobind Singh", "Guru Har Rai"], "probs": [[0.000757710355492136, 0.9716059556697139, 0.025092558589132518, 0.0025437752856614605], [0.9910290977049458, 0.007685974814357088, 0.0005699864785476512, 0.0007149409021493816], [0.0006346291517403275, 0.0010382567814471398, 0.0013540342676427353, 0.9969730796991698], [0.00045058636434180857, 0.004111434024304878, 0.9904005309500996, 0.0050374485612537335]], "ideal": "B", "sampled": "B", "correct": true}}
{"type": "result", "data": {"idx": 57, "options": ["Guru Nanak", "Guru Arjan", "Guru Hargobind", "Guru Ram Das"], "probs": [[0.0008154186784106722, 0.004879625126961191, 0.9897563616658956, 0.004548594428732457], [0.0007019366529098179, 0.9888733520815105, 0.0037080240043686555, 0.00671668716121099], [0.9855132915468495, 0.0071246379104849735, 0.0033653779987402287, 0.003996692443925231], [0.00028031238051438975, 0.002809200626139865, 0.004523647039965277, 0.9923868398533805]], "ideal": "C", "sampled": "C", "correct": true}}
{"type": "result", "data": {"idx": 58, "options": ["In the community", "In faith in God", "In ascetic renunciation", "In the life of the householder"], "probs": [[0.015125462671157172, 0.5857210115076421, 0.02100002563534764, 0.37815350008585313], [0.4302166113427, 0.04678464366726782, 0.3350487722461231, 0.18794997264390903], [0.010099075263152185, 0.6248746798855848, 0.10856947052129218, 0.2564567742299709], [0.11416870864838291, 0.04759225461568501, 0.6076053055932872, 0.23063373104264492]], "ideal": "D", "sampled": "B", "correct": false}}
{"type": "result", "data": {"idx": 59, "options": ["God is eternal and merciful to those who offer worship", "Humans can align themselves with life energy through worship of kami", "Justice will be the final outcome in the next world", "Power and force are the most divine attributes"], "probs": [[0.002750281133460842, 0.979243179357226, 0.014636527155897222, 0.0033700122534158806], [0.97152777800966, 0.020164117689224766, 0.003878559309539539, 0.004429544891575714], [0.00018223186312221743, 0.00036244464812284577, 0.00027142815706871995, 0.9991838952316862], [0.0015896194463174364, 0.008136355024403219, 0.9855281290830342, 0.004745896346245129]], "ideal": "A", "sampled": "B", "correct": false}}
{"type": "result", "data": {"idx": 60, "options": ["Durga", "Sri Lakshmi", "Kali", "Mahavira"], "probs": [[0.006091073755678655, 0.9851632178839869, 0.00643359695053862, 0.002312111309795878], [0.9888055453983577, 0.007668583291986817, 0.0008339279054151642, 0.0026919433042403044], [0.00654707005507877, 0.005915117446873231, 0.8507961552506064, 0.13674165714744163], [0.0009601456197149014, 0.5420303392141016, 0.42872915046931476, 0.028280364596868755]], "ideal": "B", "sampled": "B", "correct": true}}
{"type": "result", "data": {"idx": 61, "options": ["China", "Silla", "Goguryeo", "Joseon"], "probs": [[0.29363891041860746, 0.2801899271894954, 0.0828237670156421, 0.343347395276255], [0.38400852795511964, 0.23658221685143171, 0.13907599901686135, 0.2403332560765873], [0.3416772927742476, 0.22407322118098447, 0.1639314667449217, 0.2703180191998462], [0.3669760456505002, 0.15538079745667072, 0.415830872616482, 0.0618122841763471]], "ideal": "B", "sampled": "B", "correct": true}}
{"type": "result", "data": {"idx": 62, "options": ["Madhva", "Patanjali", "Ramanuja", "Aryabhatta"], "probs": [[0.0021233187576703465, 0.9937516142665737, 0.0026426416091698294, 0.0014824252665861814], [0.9951480998511189, 0.0034787472973091737, 0.00039956439419056836, 0.0009735883573813738], [0.00028429418949508557, 0.0006558806033618268, 0.00047239858980572874, 0.9985874265173373], [0.0020483077304450526, 0.0066120091541881885, 0.9890004075374852, 0.0023392754778815425]], "ideal": "B", "sampled": "B", "correct": true}}
{"type": "result", "data": {"idx": 63, "options": ["It was visited by Moses.", "It is a haram.", "It was built by Abraham.", "It is a square building."], "probs": [[0.7613409182077967, 0.034513369295591734, 0.19249419919849717, 0.011651513198114435], [0.004782555410359854, 0.21488813694390124, 0.018331329369686355, 0.7619979781760525], [0.12184389997138298, 0.036022578370537885, 0.8327359773471886, 0.00939754421089048], [0.015121957160746219, 0.9508089354142896, 0.012057741260505015, 0.02201136606445917]], "ideal": "A", "sampled": "A", "correct": true}}
{"type": "result", "data": {"idx": 64, "options": ["Parvati", "Ganesha", "Vishnu", "Sita"], "probs": [[0.0013411506318237118, 0.995271462064338, 0.002194281240929202, 0.0011931059629089952], [0.9940569883517377, 0.004191573447137741, 0.000844924926344868, 0.000906513174779692], [0.00013863290685660971, 0.00038579291856652594, 0.0003274031852077945, 0.999148170889369], [0.0006165728291064389, 0.006178691836310518, 0.9837830574198876, 0.009421677814695493]], "ideal": "B", "sampled": "B", "correct": true}}
{"type": "result", "data": {"idx": 65, "options": ["Sri Lakshmi", "Mahavira", "Rsabha", "Nanak"], "probs": [[0.0060453158499329295, 0.9403930726874952, 0.04004277332866228, 0.01351883803390961], [0.9585727976900448, 0.030813835328613134, 0.008967427469135923, 0.0016459394122061816], [0.8488543416005048, 0.14523564383851703, 0.00036571479872198433, 0.005544299662256172], [0.45239517666855766, 0.028920976769550664, 0.5046980112586373, 0.013985835203254294]], "ideal": "C", "sampled": "B", "correct": false}}
{"type": "result", "data": {"idx": 66, "options": ["Ban Zhao", "Laozi", "Menicus", "Liu Xiang"], "probs": [[0.9884282607873031, 0.009998320259259142, 0.0004603801486644618, 0.0011130387047733003], [0.0001521956918997537, 0.0006458353791165091, 0.00045792841307695765, 0.9987440404159068], [0.0013601133572888225, 0.013107801727764667, 0.9781791026096555, 0.007352982205291006], [0.002730063716672124, 0.9874218775497609, 0.006057201563942641, 0.003790857069624421]], "ideal": "A", "sampled": "A", "correct": true}}
{"type": "result", "data": {"idx": 67, "options": ["36,000", "12,000", "24,000", "7,000"], "probs": [[0.18972287787502876, 0.3832529129710066, 0.3544429785486817, 0.07258123050528295], [0.1404192520756281, 0.28811196992484345, 0.5056528712271403, 0.06581590667238817], [0.08511039978411249, 0.4322235390607831, 0.41891605765283896, 0.06375000340226547], [0.08092023784616859, 0.3598348919767408, 0.4995738323484728, 0.059671037728617815]], "ideal": "A", "sampled": "D", "correct": false}}
{"type": "result", "data": {"idx": 68, "options": ["Ultimate Reality", "The gurus", "The community", "Sikh worship"], "probs": [[0.9846057643269168, 0.010276071158598474, 0.002479151677285849, 0.0026390127371988467], [0.000208065011753115, 0.0006359201970813327, 0.00021467131920976037, 0.9989413433719558], [0.001010152824341246, 0.005334560568177555, 0.9852628950818857, 0.008392391425595482], [0.0020879347717009805, 0.9851991051540356, 0.005811387853955984, 0.006901572120307398]], "ideal": "A", "sampled": "A", "correct": true}}
{"type": "result", "data": {"idx": 69, "options": ["Sansar", "Hukam", "Mantar", "Karam"], "probs": [[0.0035176892282763332, 0.9383618330378357, 0.007991912347827939, 0.05012856528605998], [0.9647749820142114, 0.013549183622632726, 0.008747884755845203, 0.012927949507310642], [0.005330856465492289, 0.01734385094191921, 0.007816875414554133, 0.9695084170780344], [0.006206118761956549, 0.01106548375935828, 0.9577938474650228, 0.024934549913662375]], "ideal": "B", "sampled": "B", "correct": true}}
{"type": "result", "data": {"idx": 70, "options": ["30", "29", "27", "47"], "probs": [[0.001163692229735137, 0.013848341262189824, 0.9708113208952637, 0.014176645512811352], [0.0026730136778032212, 0.8802674493460911, 0.06893180652254041, 0.048127730353565185], [0.36752665007318547, 0.048208635069861776, 0.48687975583812515, 0.09738495891882758], [0.00093681602509119, 0.01987362125353765, 0.466628483317706, 0.5125610793036651]], "ideal": "C", "sampled": "C", "correct": true}}
{"type": "result", "data": {"idx": 71, "options": ["Zen Buddhism", "Chan Buddhism", "Humanistic Buddhism", "Pure Land Buddhism"], "probs": [[0.003147665730005815, 0.011514505765436544, 0.9812957782576281, 0.004042050146929436], [0.0064582415224159855, 0.9437772163751377, 0.019893886185353177, 0.02987065581709311], [0.8646112454105618, 0.027793384360895443, 0.08560906871571566, 0.021986301412827147], [0.00022954893262435005, 0.0009894661869864875, 0.003119569575415237, 0.9956614152049739]], "ideal": "C", "sampled": "C", "correct": true}}
{"type": "result", "data": {"idx": 72, "options": ["They worshipped exclusively outside of the temple", "They believed that nakedness was an elemental expression of non-attachment", "They included women within the ranks of the leadership", "They believed that the omniscient Jina must eat and sleep"], "probs": [[0.008746968445561765, 0.9501603873697729, 0.026322264735546882, 0.014770379349118422], [0.8998736846193357, 0.05156845257264832, 0.03489218552335823, 0.013665677184657698], [0.0175127177245338, 0.02649864852632887, 0.0362157364465662, 0.9197728972025712], [0.011216722197856499, 0.024121511230931363, 0.9485921068388218, 0.016069659632390387]], "ideal": "B", "sampled": "B", "correct": true}}
{"type": "result", "data": {"idx": 73, "options": ["Namokar Mantra", "The Liberation Mantra", "Ahimsa", "Archaryas"], "probs": [[0.9876642003579406, 0.007780295616684749, 0.0020295959610008014, 0.0025259079643739145], [0.5922940284569733, 0.08400602512702673, 0.006631553073584189, 0.31706839324241576], [0.004248315918607131, 0.00763307658188194, 0.9465301752974752, 0.04158843210203571], [0.0030472715155899074, 0.97268984468562, 0.014652092571207845, 0.00961079112758225]], "ideal": "A", "sampled": "A", "correct": true}}
{"type": "result", "data": {"idx": 74, "options": ["Second century CE", "Fifth century CE", "Fifth century BCE", "Eighteenth century CE"], "probs": [[0.004283168423572789, 0.04604822228526837, 0.9394735677710917, 0.010195041420067089], [0.009684870476372908, 0.9802207466523726, 0.007425713920362936, 0.002668668850891608], [0.25215491931772244, 0.050433703325492484, 0.6643351390032929, 0.033076238253492235], [0.0006377577942297182, 0.4241877591375546, 0.43085072363972493, 0.14432375932849076]], "ideal": "B", "sampled": "C", "correct": false}}
