{"type": "result", "data": {"idx": 0, "options": ["0", "4", "2", "6"], "probs": [[0.002121688514145749, 0.05426687989086004, 0.9104535956476449, 0.033157835847349305], [0.0018620561924338926, 0.038548143886051725, 0.9266239329811674, 0.03296586684034696], [0.0015697082513271398, 0.07437081749404718, 0.9056942006199787, 0.018365273534646925], [0.0018875497463843175, 0.06914417386207275, 0.8825640602520093, 0.046404216039533645], [0.00261264605845048, 0.03604648062155018, 0.8940187196339403, 0.06732215358605906], [0.0031053869525045044, 0.053326455349665375, 0.7714697372974983, 0.1720984203003318], [0.14424388242501748, 0.00535183070124169, 0.818167192188337, 0.03223709458540382], [0.15826762951757126, 0.006147694785774137, 0.6935412230307457, 0.1420434525659089], [0.385887270916963, 0.20356747809352516, 0.32018375870637655, 0.09036149218313524], [0.15792734164689645, 0.08265133586124719, 0.7482242335852903, 0.011197088806566002], [0.31300102080259545, 0.2556535715646305, 0.19295362498709537, 0.23839178254567872], [0.26590946735060694, 0.2206093405621788, 0.5010232408191991, 0.01245795116801514], [0.15516737118015733, 0.008636937586688419, 0.8076714701305954, 0.028524221002558893], [0.17410544335904166, 0.008093829865569637, 0.6474958988285214, 0.17030482784686723], [0.1769159509990685, 0.5004699787891892, 0.21519674613153184, 0.10741732398021044], [0.06480112707414552, 0.21936391414388032, 0.7025469580105006, 0.013288000671473532], [0.19525296693200936, 0.35659661354139904, 0.1724351916671934, 0.2757152277593982], [0.09792892433241814, 0.19491277233789714, 0.6964052772189564, 0.010753026010728283], [0.06397734981257859, 0.005645999379386941, 0.8435171386091355, 0.08685951209889894], [0.09590764654630901, 0.006747879248115521, 0.7261509566602379, 0.17119351744533762], [0.17431176937398976, 0.23289425321732193, 0.24025682744578772, 0.3525371498629006], [0.10141530224722227, 0.1795183961088583, 0.698912958295619, 0.020153343248300416], [0.21066874420524534, 0.12492557706869285, 0.3165236436745177, 0.34788203495154413], [0.07576968350763609, 0.048589492988432674, 0.8611571595443059, 0.01448366385962525]], "ideal": "B", "sampled": "B", "correct": true}}
{"type": "result", "data": {"idx": 1, "options": ["8", "2", "24", "120"], "probs": [[0.3450435502495103, 0.15569526419558638, 0.29106811553512374, 0.2081930699197796], [0.2709855613891, 0.0923257279754166, 0.4653216689960997, 0.17136704153938367], [0.33143920196913107, 0.26873675386508245, 0.21773198569224494, 0.18209205837354153], [0.23148971252207767, 0.26467768439780787, 0.4719212248119169, 0.031911378168197516], [0.31343427997899054, 0.36130464880961627, 0.21408924936796941, 0.11117182174342381], [0.20841753534481275, 0.33084512453706616, 0.43498605467781953, 0.025751285340301563], [0.03765542200037619, 0.37153600046555196, 0.4518213737982707, 0.1389872036358011], [0.024241556845682518, 0.30001347639364173, 0.6107888095984825, 0.0649561570621933], [0.05069996845252416, 0.25769916462220227, 0.47776306204670793, 0.21383780477856565], [0.03354983175144519, 0.3365638995969678, 0.5997405904565664, 0.030145678095020657], [0.02094406738700375, 0.5936841731905177, 0.245391135725401, 0.13998062359707755], [0.017111955860307414, 0.6476491826671374, 0.2871744727193424, 0.048064388653212775], [0.18039179530164637, 0.37642977935350663, 0.26088302158713605, 0.18229540365771094], [0.1619266726290688, 0.2570584665112934, 0.5193915869677027, 0.06162327379193504], [0.29806359600062127, 0.049497666035563916, 0.3603519974170584, 0.29208674044675637], [0.33237500489718397, 0.06711479720779075, 0.5078911553758104, 0.0926190424192148], [0.18626636195456084, 0.4951147418156066, 0.26717817681152306, 0.051440719318309534], [0.21429916149909542, 0.5394939665994543, 0.18217247861344119, 0.06403439318800913], [0.44059763693137627, 0.09690672542278254, 0.29863007741303343, 0.16386556013280773], [0.34160594983539183, 0.05943007567351313, 0.5642280388876861, 0.03473593550340885], [0.4217067337354561, 0.03107216597694463, 0.33947404448569973, 0.20774705570189955], [0.3740362808701517, 0.024521507228986356, 0.541131792382681, 0.06031041941818086], [0.43615866571005174, 0.10287805147403374, 0.426970788977736, 0.033992493738178545], [0.5589484780076169, 0.15296912761623055, 0.19363028530443135, 0.09445210897172115]], "ideal": "C", "sampled": "D", "correct": false}}
{"type": "result", "data": {"idx": 2, "options": ["0", "1", "0,1", "0,4"], "probs": [[0.03373866243386631, 0.019431820644069932, 0.9222042800138694, 0.02462523680819433], [0.08412850262678963, 0.02232890112766242, 0.3960696628100023, 0.49747293333554565], [0.1603761452248046, 0.47583493231071916, 0.05095391682060205, 0.31283500554387417], [0.17613098236805838, 0.4577667768130226, 0.3511132044035673, 0.01498903631535176], [0.07848466610879024, 0.15137951892219284, 0.023415162559193785, 0.7467206523098231], [0.18456753455899558, 0.446967771556597, 0.3593740034197575, 0.009090690364649904], [0.01755384407922456, 0.37019396927809134, 0.586823302056022, 0.02542888448666213], [0.023536372839778018, 0.5321580151228494, 0.31779023883372226, 0.1265153731036503], [0.02224211907952639, 0.5657084345886774, 0.3796098174273104, 0.03243962880448585], [0.023229106566099805, 0.5858097497291743, 0.268123231261286, 0.12283791234343981], [0.025686620231346307, 0.2087822591286738, 0.5950046280829191, 0.1705264924570608], [0.023397900336115503, 0.20716782066514539, 0.6235275910434034, 0.14590668785533578], [0.13269909515836614, 0.6704451244664373, 0.09060795399284, 0.1062478262823565], [0.09107863885170149, 0.5380322922637357, 0.3552365892113965, 0.01565247957316634], [0.10822884072941703, 0.047008447694610885, 0.7777867970418, 0.06697591443417206], [0.08871043754992101, 0.03397900433608078, 0.3276411421754545, 0.5496694158385437], [0.07910751417984314, 0.07741746920922112, 0.8273410061551508, 0.016134010355784965], [0.14286502236349358, 0.09229317432733396, 0.10221730976307597, 0.6626244934460965], [0.17436964808150865, 0.2832651734068847, 0.03573398291707327, 0.5066311954945334], [0.19675342071128793, 0.3859335941500705, 0.4077587596190734, 0.009554225419568147], [0.11400609419842653, 0.03244851144656709, 0.511935530134746, 0.3416098641202603], [0.12315759347795724, 0.04034259764660554, 0.4730515303343025, 0.36344827844113475], [0.14736064718081746, 0.21806334634688848, 0.6223312383889483, 0.012244767983345789], [0.14919351918573084, 0.1717842895752248, 0.03385373438410523, 0.6451684567549392]], "ideal": "D", "sampled": "A", "correct": false}}
{"type": "result", "data": {"idx": 3, "options": ["True, True", "False, False", "True, False", "False, True"], "probs": [[0.11209468839938058, 0.005954328616204694, 0.7487685878383986, 0.13318239504601612], [0.03835004539143465, 0.008053310154666007, 0.432344552590345, 0.5212520917635544], [0.18768261895545413, 0.40353692701345156, 0.01734338935319283, 0.39143706457790145], [0.2738837681104173, 0.44818867584123623, 0.21018867818961745, 0.06773887775872897], [0.1266819134712119, 0.30627927651120085, 0.08118791957082748, 0.48585089034675977], [0.33406064153350334, 0.06844649647302825, 0.5556313535615619, 0.041861508331906445], [0.004108521603286153, 0.4666998596431427, 0.4455169328280204, 0.08367468582555068], [0.005505164508752386, 0.27549537461927937, 0.4370158524785516, 0.28198360829341657], [0.003316458690821267, 0.0275262939999143, 0.9628678220488526, 0.006289425160411843], [0.003747250805994021, 0.0995858874134557, 0.26243824845618885, 0.6342286132243614], [0.005009357703541062, 0.15810897566401477, 0.7088722488318945, 0.12800941770054972], [0.0028759938012878953, 0.12793482135805176, 0.13306625945009554, 0.7361229252905648], [0.006814629321154312, 0.8644846096709435, 0.04954510904858673, 0.07915565185931536], [0.004849636988189783, 0.8881349418466538, 0.09434115844437528, 0.012674262620781182], [0.011263126871159095, 0.0042467888167290095, 0.908764733773774, 0.07572535043833789], [0.005102416745820416, 0.00269155914450659, 0.13469549432012307, 0.8575105296895499], [0.0039809732119249755, 0.0181164720256342, 0.9737311460102104, 0.004171408652230412], [0.006127724035323417, 0.14835198772711275, 0.01162894927708693, 0.833891338860477], [0.015516766438597297, 0.8671640880511812, 0.03665235440267988, 0.08066679100754166], [0.00662080002934439, 0.9082991395653878, 0.06843580690493628, 0.01664425340033152], [0.045325882010714316, 0.005300098014370762, 0.749334502202323, 0.20003951767259195], [0.017448464912529722, 0.0020083098971196292, 0.01297686986163071, 0.9675663552287199], [0.005390789768452787, 0.010477277365734955, 0.9802478793533214, 0.003884053412490895], [0.023125846065834125, 0.12795618246681792, 0.007936602501913373, 0.8409813688654345]], "ideal": "B", "sampled": "A", "correct": false}}
{"type": "result", "data": {"idx": 4, "options": ["2x^2 + 5", "6x^2 + 4x + 6", "0", "x^2 + 1"], "probs": [[0.05251136882190245, 0.6055966716592336, 0.3267271275129227, 0.015164831905941164], [0.05932077720674152, 0.428099658833105, 0.4889800213609412, 0.02359954249921225], [0.06415292958795318, 0.3084515435548269, 0.6039719794551417, 0.023423547302078174], [0.08688635151032092, 0.3129172213311334, 0.5666876176438852, 0.03350880941466039], [0.05600152685692494, 0.44044266268329146, 0.4616076779656141, 0.04194813239416954], [0.07171794467203663, 0.6195947312067485, 0.2926804304919039, 0.01600689352931105], [0.24975290147689183, 0.2700632133791031, 0.45951224979596983, 0.02067163524803526], [0.19243026279600833, 0.2064550870643691, 0.5701754241284819, 0.030939225911140674], [0.11599668308672052, 0.33565971814639284, 0.5281783430376067, 0.02016525562928], [0.1611400520470523, 0.29871996789090866, 0.3776715043156443, 0.16246847564639474], [0.12406140524009564, 0.22640909308555646, 0.6013093805372687, 0.048220121037079185], [0.19492669982530578, 0.30908308351176894, 0.4127731445845398, 0.0832170719783855], [0.019728184357625588, 0.2898928637208028, 0.6740210820866692, 0.016357869734902348], [0.019700426569659105, 0.30339014470637166, 0.6473326670339591, 0.029576761590010204], [0.0267499104045665, 0.46678557054994435, 0.4854648897946193, 0.020999629150869843], [0.02363614573499518, 0.3500176104368579, 0.5726608686755594, 0.053685375052587435], [0.00997455908753172, 0.1660648178923121, 0.7984917363836798, 0.025468886536476422], [0.0148461793563164, 0.2376922026468757, 0.6878224482477612, 0.05963916964904675], [0.028184369674056662, 0.4765751109025575, 0.4691754633298751, 0.02606505599351073], [0.04709676639817457, 0.7542164900943347, 0.1722645145907937, 0.02642222881669709], [0.06220631067293892, 0.387022384672408, 0.5290998338177655, 0.021671470736887622], [0.06618160008722339, 0.5245732068490929, 0.25171655413971483, 0.1575286388239688], [0.056446508829160885, 0.06756854207663787, 0.8560084295014749, 0.019976519492726313], [0.09870483642085444, 0.09870718335389961, 0.6046927976170118, 0.1978951825082342]], "ideal": "B", "sampled": "B", "correct": true}}
{"type": "result", "data": {"idx": 5, "options": ["True, True", "False, False", "True, False", "False, True"], "probs": [[0.04818445165398552, 0.02748167169577026, 0.7030080150235614, 0.22132586152668288], [0.022931612000633365, 0.03637216077207667, 0.3673226370746945, 0.5733735900525955], [0.04739179354013778, 0.6240322341908972, 0.05125688302322227, 0.27731908914574277], [0.03905483334866028, 0.6302726268138038, 0.21115073559556888, 0.11952180414196704], [0.040344400386453455, 0.37966795054746033, 0.19097252824605734, 0.3890151207200289], [0.06744207390884112, 0.17233726252130915, 0.6555969665617031, 0.10462369690814664], [0.009975688988500023, 0.21803252851304597, 0.5883050280933033, 0.18368675430515066], [0.013479667561400701, 0.1733326564803843, 0.5135565696147872, 0.2996311062434278], [0.009655313966143638, 0.1936422181821586, 0.7662756617250459, 0.030426806026651886], [0.011071587372134921, 0.24206710716016433, 0.5046490608923864, 0.24221224447531434], [0.007862667016442653, 0.3416390590479839, 0.39649226271361965, 0.25400601112195376], [0.007839069343212888, 0.2982384724116807, 0.3712670037225376, 0.32265545442256877], [0.013689770476648589, 0.718211418377967, 0.09873528115266553, 0.16936352989271888], [0.010048579236445443, 0.7433760623006703, 0.18503495704329842, 0.06154040131958585], [0.04811453661353467, 0.05411427336900928, 0.5910083915152995, 0.3067627984021566], [0.017937445376488434, 0.03797877817668811, 0.5161395485804203, 0.4279442277664032], [0.008843257758165095, 0.37281358070473136, 0.5819842061756464, 0.03635895526145712], [0.011304490519775043, 0.5977699293590087, 0.07083918311869175, 0.3200863969025244], [0.061790105827687125, 0.6907691277445848, 0.08448421838662219, 0.16295654794110592], [0.02181909067169586, 0.6891176764082008, 0.21692706844394868, 0.07213616437615462], [0.1478872445303446, 0.01972876671554903, 0.4452936640582975, 0.38709032459580883], [0.17349054337677147, 0.023315867971357932, 0.1320356162439555, 0.6711579723079151], [0.019036308654823392, 0.2818559195107782, 0.6764841402825411, 0.022623631451857276], [0.03210114916385897, 0.5687690718453503, 0.03444506446173265, 0.36468471442905814]], "ideal": "A", "sampled": "A", "correct": true}}
{"type": "result", "data": {"idx": 6, "options": ["True, True", "False, False", "True, False", "False, True"], "probs": [[0.4665754271120477, 0.008556468269016236, 0.37213275283685426, 0.1527353516820818], [0.2679513660146493, 0.008361858213691037, 0.3085544071678649, 0.41513236850379476], [0.676469764358093, 0.15090403592088317, 0.008009817926717046, 0.16461638169430678], [0.7796325494030876, 0.13652495707915338, 0.060639562473502245, 0.023202930944256857], [0.6617271402073854, 0.10468399679633192, 0.03169375704945719, 0.2018951058468254], [0.6965860931351405, 0.03014324136203818, 0.24472168814839537, 0.028548977254425966], [0.002830623519602708, 0.9461354180590938, 0.03815148223795079, 0.012882476083352627], [0.003963441628191887, 0.8622399656028089, 0.0937796244598053, 0.04001696820919389], [0.002722555037207806, 0.010274075768012338, 0.9843432773961696, 0.0026600916986103088], [0.001842177782430922, 0.012981046530891212, 0.0966663326280554, 0.8885104429586225], [0.002843564115530712, 0.05843840588135801, 0.9288767649682349, 0.009841264934876314], [0.0014329513311362823, 0.06428174783125491, 0.011622490557713897, 0.9226628101798949], [0.005640397131420497, 0.9484788655452585, 0.02374653451122632, 0.022134202712094694], [0.004026714576332381, 0.9547208733045724, 0.034506405734325396, 0.006746006284769817], [0.005568570278126022, 0.0017281542858958903, 0.981718605306048, 0.010984670029930099], [0.003281491636748033, 0.000780915099273677, 0.04290007507063113, 0.9530375180933471], [0.002993692166454038, 0.04003387612606428, 0.9552114715029909, 0.0017609601044907483], [0.004311740844562893, 0.11924090927541468, 0.002275619878383784, 0.8741717299016386], [0.008217575594054756, 0.9574891987735322, 0.01647596919671877, 0.01781725633569421], [0.004226350349072586, 0.9713001535196437, 0.01807551697589265, 0.006397979055391031], [0.010863927018631942, 0.001312259680020297, 0.9711254679273837, 0.016698345273963983], [0.009717396156590709, 0.0006736797366349967, 0.006042635924123888, 0.9835662880826503], [0.0031107272547943056, 0.0027053879384117286, 0.9926552194217094, 0.0015286652850844918], [0.008089423836147072, 0.010232189569305505, 0.001781523139445674, 0.9798968633551017]], "ideal": "A", "sampled": "A", "correct": true}}
{"type": "result", "data": {"idx": 7, "options": ["True, True", "False, False", "True, False", "False, True"], "probs": [[0.049461103510184325, 0.02886659066028387, 0.6415639459299605, 0.2801083597995713], [0.030830767659281687, 0.034667486828046996, 0.23321962932099943, 0.7012821160916719], [0.08884370590882289, 0.3624536204706856, 0.14423478078099516, 0.40446789273949635], [0.09519260021119823, 0.35932715385065545, 0.3796644068999752, 0.16581583893817115], [0.06604476272399397, 0.15716667471744525, 0.20186731217273013, 0.5749212502858306], [0.09146312423406092, 0.046033183989283626, 0.7906969660145281, 0.07180672566212737], [0.0058544608567662245, 0.34475743654773655, 0.4605344518448039, 0.18885365065069332], [0.00728470513875775, 0.21925659710346568, 0.31665143706602167, 0.45680726059175486], [0.005217251841927067, 0.09981142599788381, 0.8760739393113013, 0.01889738274888781], [0.005205787681185866, 0.1483559134542651, 0.19201804788129354, 0.6544202508832555], [0.007363720121435693, 0.06304314552844954, 0.7444513823970202, 0.18514175185309456], [0.005270985263871126, 0.051920927376899365, 0.3106730762301437, 0.6321350110290858], [0.011538509063414188, 0.6051378136801231, 0.21919358856286156, 0.16413008859360115], [0.008205864791649501, 0.6359594033458994, 0.28668541460894886, 0.06914931715350228], [0.025800472651459364, 0.019030679405323735, 0.7539366637409229, 0.20123218410229396], [0.011723889367587158, 0.017056799549650926, 0.19975214171426742, 0.7714671692684945], [0.009149422712265565, 0.07595576988888846, 0.8900574007068335, 0.02483740659201248], [0.012053758308888447, 0.17693658764541031, 0.05439738738580148, 0.7566122665598998], [0.020527407229918315, 0.5207640925857602, 0.18427975391145138, 0.27442874617287016], [0.008885532219466172, 0.5843556261511382, 0.3330511599572219, 0.07370768157217371], [0.045460388229191566, 0.020189803166865698, 0.6425994061877942, 0.2917504023161485], [0.03746125404420546, 0.016631021784240214, 0.10670503774140205, 0.8392026863301523], [0.01188572692135012, 0.0824474167625951, 0.8797388837870722, 0.02592797242898256], [0.02884921762604275, 0.21804990968786384, 0.043627048238344665, 0.7094738243477487]], "ideal": "D", "sampled": "A", "correct": false}}
{"type": "result", "data": {"idx": 8, "options": ["0", "4", "2", "6"], "probs": [[0.0011142437077983807, 0.01143415899067972, 0.9810433971522736, 0.006408200049248271], [0.0017136269147025305, 0.014560661447691083, 0.7068935570858413, 0.27683215445176507], [0.0019127161482582712, 0.224426009596173, 0.7587454003083147, 0.014915873847253997], [0.0022631990946856153, 0.16491207436873884, 0.7445861004736155, 0.08823862596296007], [0.0020711140668577548, 0.011547379433819374, 0.8283264807810292, 0.1580550256182936], [0.0022414242533389155, 0.012701995492080414, 0.8828949804061792, 0.10216159974840142], [0.01097620876636866, 0.0034912187923091063, 0.9808779709585764, 0.004654601382745774], [0.11491671274221317, 0.012606790479662415, 0.3569299070863899, 0.5155465895917345], [0.06556949568422107, 0.6891225966383544, 0.21503051472449192, 0.030277392852932603], [0.04619438060516163, 0.512698020442056, 0.42153223484519775, 0.019575364007584535], [0.11246146912780312, 0.17428003441438458, 0.1325542678883538, 0.5807042284694585], [0.08947768844784715, 0.18517638872069994, 0.7152162223621543, 0.010129700369298613], [0.4422749360203179, 0.014242707047245676, 0.5256299712557089, 0.0178523855767275], [0.5218420400649624, 0.0152963672715469, 0.2645881360401733, 0.19827345652331743], [0.41465896363880145, 0.3991058468419559, 0.1624482124881421, 0.02378697693110061], [0.2439186985744433, 0.2311150995161922, 0.5126148986217891, 0.012351303187575416], [0.4292612203306216, 0.16692899663355576, 0.1531334415858868, 0.2506763413499359], [0.19274790628170352, 0.06773464618258926, 0.7336855575996765, 0.005831889836030708], [0.023139644379546805, 0.006691960142220851, 0.7908967125497135, 0.17927168282851885], [0.01681072776566551, 0.005555949949403234, 0.8830959549288262, 0.09453736725610505], [0.056244611734487845, 0.26637539264876225, 0.13494381307206166, 0.5424361824446883], [0.028385428656061442, 0.23412561370675428, 0.7207902655760061, 0.01669869196117819], [0.05938395152854417, 0.3138037148286427, 0.2901123003681296, 0.33670003317468344], [0.0221522300323108, 0.1587580418934925, 0.8058514636110949, 0.013238264363101705]], "ideal": "B", "sampled": "C", "correct": false}}
{"type": "result", "data": {"idx": 9, "options": ["1", "2", "2,3", "6"], "probs": [[0.02292687724228543, 0.0493187399810924, 0.9025325404402423, 0.025221842236379875], [0.024390979781156508, 0.05285174252978083, 0.29274271189675827, 0.6300145656923044], [0.049376516885521825, 0.47618266314483526, 0.4581289231190494, 0.016311896750593528], [0.05101897757060917, 0.5796746230914657, 0.18965532590248524, 0.17965107333543995], [0.02984880297087992, 0.12470109784523235, 0.20100775688508155, 0.6444423421988061], [0.028817320491994296, 0.10068395915269068, 0.7498874244524502, 0.1206112958028649], [0.04483355711664978, 0.22788973409489352, 0.7020755626300653, 0.025201146058391386], [0.0301204991822203, 0.11728396874910113, 0.16041368606879636, 0.6921818458998822], [0.06314470747709595, 0.5677530285246714, 0.3416833947229634, 0.027418869175269308], [0.07295864357704145, 0.6114070623728172, 0.26092158093053497, 0.05471271301960645], [0.03686356628267303, 0.14694945853247018, 0.17187053108999592, 0.6443164439948609], [0.04154182489250636, 0.14629795764381864, 0.7848610672537389, 0.027299150109936086], [0.09976484998938984, 0.12527143487305537, 0.7560211137663371, 0.01894260127121769], [0.12195316610045735, 0.16811179987811925, 0.34503310658287956, 0.3649019273385438], [0.12782578635332845, 0.3791099184712771, 0.4718099156149542, 0.0212543794604402], [0.12340616617468002, 0.38955456595033866, 0.44842884608238176, 0.038610421692599525], [0.11765975109532328, 0.2018995195991414, 0.4920572188617631, 0.18838351034377218], [0.0873531938881468, 0.10386860563067654, 0.7862900641200822, 0.022488136261094437], [0.08264476238609997, 0.13738660558279686, 0.22674585430431726, 0.5532227776267858], [0.09515548567383238, 0.14641875136236512, 0.5883548302982603, 0.17007093256554215], [0.08583988801634469, 0.2227404216586736, 0.22996772309400332, 0.46145196713097836], [0.06944514026480963, 0.2881810648739062, 0.6151144469559806, 0.027259347805303487], [0.14554179309700752, 0.4281851526295493, 0.36643369503667306, 0.059839359136770104], [0.13119316002015766, 0.29602604880929556, 0.553534324758025, 0.019246466312521786]], "ideal": "C", "sampled": "C", "correct": true}}
{"type": "result", "data": {"idx": 10, "options": ["True, True", "False, False", "True, False", "False, True"], "probs": [[0.19736618703518993, 0.009104266490494747, 0.58973674202813, 0.20379280434618535], [0.1084418420468551, 0.009948202176230742, 0.29504733587814136, 0.5865626197987728], [0.3616080364582739, 0.3044257529764721, 0.029249229187928966, 0.304716981277325], [0.4764381228074131, 0.2672638396377269, 0.16874184341314735, 0.08755619404171266], [0.35280415675095395, 0.12191030472721198, 0.09279038825292123, 0.4324951501689128], [0.3948501804408584, 0.02449163521331557, 0.5075369893192295, 0.0731211949265965], [0.004166373959327485, 0.7391008692663483, 0.2102094876730554, 0.04652326900126877], [0.005637531436967893, 0.5927020103764102, 0.17668549097638822, 0.2249749671102336], [0.0034414440334549355, 0.022252562032573857, 0.9688517887420022, 0.005454205091968963], [0.00306077829234653, 0.04528615480589948, 0.07706721517433245, 0.8745858516274215], [0.004432991601937946, 0.020175667430641583, 0.9061353780677226, 0.06925596279969792], [0.0028195314997570492, 0.017946469908630126, 0.12171428229985999, 0.8575197161917528], [0.005884805638827447, 0.9006950770470666, 0.06424154280748841, 0.029178574406617537], [0.00475232130865949, 0.8980594257788768, 0.08161138183698102, 0.015576870975482677], [0.009412351734036825, 0.004665718280176139, 0.9309207863318578, 0.055001143553929197], [0.004404315421505168, 0.0018671823077475837, 0.05042319397402219, 0.9433053081967251], [0.003042598245229219, 0.006752324371039121, 0.9861753272529113, 0.004029750030820317], [0.00626601705281441, 0.04116923849772709, 0.008372930286558935, 0.9441918140628995], [0.009702699873003815, 0.9011146131569818, 0.03991250935827997, 0.04927017751173437], [0.005192057021133653, 0.9218763935010222, 0.059879073331850004, 0.013052476045994117], [0.02091801181910377, 0.004464499685202376, 0.8494230571241848, 0.1251944312715091], [0.020928749689500502, 0.0032159081070446344, 0.04297235964859741, 0.9328829824548575], [0.003928978861175952, 0.007637385615806096, 0.984218521209794, 0.004215114213223895], [0.012451508582033533, 0.0441466620633123, 0.007047501736888424, 0.9363543275177657]], "ideal": "C", "sampled": "A", "correct": false}}
{"type": "result", "data": {"idx": 11, "options": ["symmetric only", "anti-symmetric only", "both symmetric and anti-symmetric", "an equivalence relation"], "probs": [[0.02253951071196611, 0.009330493145076413, 0.3870414092524358, 0.5810885867905217], [0.005486382757388119, 0.002719249870775879, 0.9812185146495632, 0.010575852622272796], [0.12998487150848093, 0.07071603141551389, 0.35900473858554854, 0.44029435839045666], [0.01527859264658511, 0.01043434932240503, 0.9677513210450966, 0.006535736885913198], [0.023994228628675836, 0.8864376228709693, 0.03546810262101435, 0.054100045779340536], [0.026119717387244737, 0.8318708236532005, 0.11168858058021738, 0.030320878279337375], [0.012189278582202458, 0.01787704631673852, 0.4097541340920864, 0.5601795409089726], [0.0035135718487586468, 0.009401557772487176, 0.9731978940660378, 0.01388697621271633], [0.028392639114076197, 0.0938378277842659, 0.28903818235277895, 0.5887313506488789], [0.008073672974762539, 0.03425762939210951, 0.9477659246438827, 0.009902772889245239], [0.021361849881631034, 0.6855155722779633, 0.1128148047093765, 0.18030777303102913], [0.019017782146031052, 0.6861758934386732, 0.24466879189693927, 0.05013753241835636], [0.013392081927760357, 0.4905359566364687, 0.2730946441367134, 0.22297731719905756], [0.006003678712640169, 0.14538192232315256, 0.8431404201458942, 0.005473978718313113], [0.01166105608866023, 0.055623704088902166, 0.7679505106688777, 0.16476472905355993], [0.0098925177190253, 0.03943565123866886, 0.8836008686839026, 0.06707096225840323], [0.008361291992933763, 0.3418572810895001, 0.6386052906004501, 0.011176136217116014], [0.010253502303259538, 0.3502084399273769, 0.5257899291944521, 0.11374812847491142], [0.5629147395471598, 0.23284931912271714, 0.04515920290568389, 0.1590767383244392], [0.4642968366912043, 0.2626815804091526, 0.24871217514793414, 0.024309407651708907], [0.46032697643693943, 0.13614233039660298, 0.23905861731550576, 0.1644720757509518], [0.3124183597692474, 0.09919292109239139, 0.3983676880807784, 0.1900210309575828], [0.2579649972566182, 0.020284131072835394, 0.7135357822810353, 0.008215089289511056], [0.4059964513220241, 0.0879137228555861, 0.2706029974982664, 0.2354868282241234]], "ideal": "C", "sampled": "D", "correct": false}}
{"type": "result", "data": {"idx": 12, "options": ["1", "2", "5", "11"], "probs": [[0.005499341560439117, 0.09744133117760218, 0.6257393400305762, 0.2713199871313825], [0.012703537114865894, 0.07844290947314672, 0.8771421385929891, 0.03171141471899836], [0.005499090011156676, 0.14288580269824147, 0.6065155801020604, 0.24509952708854138], [0.0058563280344107954, 0.12517154409908496, 0.7976198672972872, 0.07135226046921708], [0.014744281987031323, 0.44105128106611124, 0.5076998547359219, 0.03650458211093551], [0.01936023687022395, 0.5440322697246499, 0.27574139572585044, 0.1608660975792757], [0.04135208188570247, 0.16232483026876224, 0.540742395239853, 0.2555806925056823], [0.05430199274425376, 0.14313424322435306, 0.7618436386879341, 0.040720125243459075], [0.04006630420679355, 0.26960755998821456, 0.38932513527106977, 0.3010010004339221], [0.029246654249609493, 0.16572247382189687, 0.7314414950047583, 0.07358937682373533], [0.058124778980855364, 0.3791456654358886, 0.5348056147482144, 0.02792394073504157], [0.0645304745173567, 0.4920704777020451, 0.32275219546189243, 0.12064685221870575], [0.11584839568912009, 0.26119021357041017, 0.3831060344523354, 0.23985535618813442], [0.07358388437524975, 0.17251197606435906, 0.682508572513713, 0.07139556694667819], [0.0996581084952079, 0.31194332006476705, 0.41330748484391866, 0.17509108649610639], [0.06610822030402087, 0.17977373568068883, 0.647552321004967, 0.10656572291032333], [0.05843337045354553, 0.5332959105051059, 0.3872486215484998, 0.021022097392848757], [0.05065201764743209, 0.5532204693709829, 0.3408945912826825, 0.05523292159890252], [0.2514948509159296, 0.3281223128687694, 0.3868204297212312, 0.033562406394069794], [0.25301196603155307, 0.3326807841471768, 0.3461238664163858, 0.06818338330488434], [0.0545043640946167, 0.1371142345939258, 0.7954114530558624, 0.012969948155595176], [0.07587430681925966, 0.2932261846161676, 0.4650114808885023, 0.1658880275760704], [0.12756341504425586, 0.10746413308105897, 0.7404051312003448, 0.024567320574340388], [0.06535953233959695, 0.10285826694787437, 0.6156128598460892, 0.21616934076643946]], "ideal": "A", "sampled": "D", "correct": false}}
{"type": "result", "data": {"idx": 13, "options": ["(x \u2212 2)(x + 2)(x \u2212 1)", "(x + 1)(x + 4)(x \u2212 2)", "(x + 1)(x \u2212 4)(x \u2212 2)", "(x - 1)(x \u2212 4)(x \u2212 2)"], "probs": [[0.06803262030300797, 0.2607885223131304, 0.6066949186107323, 0.06448393867312935], [0.04680621205044711, 0.15588437115621046, 0.6617376808096925, 0.13557173588364985], [0.06867541320922108, 0.2591664771538604, 0.6418787788562929, 0.03027933068062564], [0.03386260673221429, 0.13818782962783863, 0.8144581268388847, 0.013491436701062367], [0.11495891529070192, 0.29586027947610344, 0.4767483890791181, 0.11243241605407653], [0.13202456882720123, 0.28838514741634197, 0.5518733159669458, 0.027716967689510957], [0.06662790650355375, 0.11513801218150323, 0.7811013663066254, 0.03713271490831759], [0.09368744351988778, 0.12607867826633487, 0.506696633844122, 0.2735372442696553], [0.09732362917056873, 0.4752812526728652, 0.3791608625021163, 0.0482342555544498], [0.09701670574650066, 0.4701585172864574, 0.39925005576213324, 0.033574721104908715], [0.09570184349056714, 0.13082255421760774, 0.5641550421150627, 0.20932056007676234], [0.027321647564888474, 0.035930970892181745, 0.9269080696336686, 0.009839311809261184], [0.053781790111865194, 0.10865494122067101, 0.7907866481294211, 0.04677662043804267], [0.029514942184344133, 0.08541279041379193, 0.869739821832833, 0.015332445469030882], [0.0921710093290951, 0.45721899181573294, 0.3618930712685593, 0.08871692748661264], [0.07913258723266423, 0.3775454130677437, 0.5122949628059438, 0.0310270367936483], [0.030565180890041087, 0.6089690752937833, 0.3235671429505972, 0.036898600765578465], [0.0363505049144077, 0.6543996577204397, 0.2686632077374317, 0.04058662952772083], [0.08892189909199034, 0.3103033969308836, 0.4517347317124986, 0.14903997216462744], [0.09340788785370378, 0.3234426842385833, 0.5548484097487233, 0.028301018058989574], [0.1068486046806227, 0.11921934836636484, 0.7026677006079127, 0.07126434624509977], [0.06450817408937223, 0.14652549482126742, 0.7681549400437188, 0.02081139094564159], [0.14307209821277628, 0.26523339696326664, 0.570723592114888, 0.020970912609069088], [0.22152725685136762, 0.40748913609963994, 0.32764060522471, 0.04334300172428242]], "ideal": "C", "sampled": "C", "correct": true}}
{"type": "result", "data": {"idx": 14, "options": ["6", "12", "30", "105"], "probs": [[0.01531310333282517, 0.1879157034503677, 0.7608947986996061, 0.035876394417200995], [0.050683518703248887, 0.3254269470278431, 0.5938474138404644, 0.030042120328443667], [0.02981973311406598, 0.26163469621605345, 0.6840086881650197, 0.024536882404860835], [0.010123848980087696, 0.1176177270810073, 0.8623694236799979, 0.00988900015890708], [0.062517054838523, 0.31508758895738836, 0.5573659580192352, 0.0650293980848535], [0.04369646894514981, 0.2456164180726566, 0.6224129500786236, 0.0882741628035699], [0.06330868223816773, 0.1530854759608322, 0.5823191056671098, 0.2012867360338903], [0.08210666232162217, 0.22853689702440083, 0.5272522411042033, 0.1621041994497737], [0.029214973619192754, 0.23337411182650372, 0.7189796948018017, 0.018431219652501805], [0.009650833256639312, 0.13954690651748236, 0.8350176846506702, 0.01578457547520819], [0.060479958070433895, 0.22475162530938717, 0.5784312414121046, 0.1363371751080744], [0.044346040725708774, 0.1926294672648279, 0.49968096420839897, 0.26334352770106434], [0.024630172272056425, 0.10209608089890265, 0.8616321660222543, 0.011641580706786626], [0.04584230194978766, 0.2007115520468725, 0.3899055493588049, 0.36354059654453497], [0.011801559405422473, 0.11455859918433099, 0.8667533344338055, 0.0068865068764409725], [0.02434084655257954, 0.2308892219121206, 0.25960271532536605, 0.4851672161099338], [0.02302534895178905, 0.303220959746474, 0.6420366811262027, 0.03171701007553422], [0.018374869241393643, 0.2677840213628866, 0.5759749287962438, 0.13786618049947602], [0.14915637827010092, 0.17719344698861528, 0.5208627711434353, 0.1527874034978485], [0.06095718805366522, 0.07528891962377929, 0.4721862550155113, 0.3915676372070442], [0.06749233621659695, 0.11394614757001732, 0.8036049626064752, 0.014956553506910534], [0.06114301053994843, 0.09620989650698689, 0.4179798001739269, 0.4246672926791378], [0.0620117371392386, 0.12628596972794856, 0.7618504137460098, 0.04985187928680301], [0.033456028501503726, 0.11860417181867963, 0.6120025101288846, 0.235937289450932]], "ideal": "C", "sampled": "A", "correct": false}}
{"type": "result", "data": {"idx": 15, "options": ["True, True", "False, False", "True, False", "False, True"], "probs": [[0.08386210413825904, 0.027655527198943056, 0.6197701738137883, 0.2687121947490096], [0.027756512265694994, 0.02862983579881977, 0.3861092343022849, 0.5575044175332003], [0.10368573664582038, 0.40043702717591395, 0.06591105460461495, 0.42996618147365073], [0.11663700204528506, 0.4134744251301759, 0.35937388389041386, 0.1105146888341252], [0.08964736347670549, 0.2513249013815171, 0.17416321388243505, 0.4848645211593424], [0.16133107844360206, 0.09861534455234654, 0.6743029606525932, 0.06575061625145816], [0.005847680365507555, 0.3209651401291054, 0.4858898804431393, 0.18729729896224775], [0.0071662109617173595, 0.17738605535041227, 0.5340831577662777, 0.2813645758215927], [0.00588730493340207, 0.190043212114717, 0.7699749515598283, 0.034094531292052546], [0.0058612877023177, 0.21109479009067866, 0.38540641994996944, 0.3976375021570342], [0.005926158675259631, 0.21841765683733566, 0.5161637603235714, 0.2594924240638333], [0.005098111957502825, 0.17106157714274453, 0.33246162785826466, 0.49137868294148795], [0.009470131282567677, 0.5043794531033937, 0.1255739633821067, 0.36057645213193185], [0.00778662361067442, 0.5939725238552326, 0.31061972081850053, 0.08762113161559243], [0.013400499545368028, 0.022072560815780132, 0.6501416484623683, 0.31438529107648355], [0.006519516210521608, 0.035192528020553025, 0.4287845929725285, 0.5295033626963969], [0.007648054474858653, 0.13746628938424418, 0.8229804501886949, 0.03190520585220229], [0.007586541912749255, 0.2733275840438565, 0.07832540428661228, 0.6407604696567819], [0.03996782481486453, 0.4643261716874866, 0.13100928678481313, 0.36469671661283576], [0.014099844716848988, 0.57587206304287, 0.33081978525375827, 0.0792083068865228], [0.09046450563346237, 0.02269683295612003, 0.5371833182953185, 0.34965534301509915], [0.08985071963107319, 0.022366628881789332, 0.1916950267248023, 0.6960876246623352], [0.01836383139192116, 0.17813093792606513, 0.7744010017931827, 0.02910422878883096], [0.039776823669851316, 0.31262164722569247, 0.05392282727710301, 0.5936787017273533]], "ideal": "B", "sampled": "A", "correct": false}}
{"type": "result", "data": {"idx": 16, "options": ["1", "-1", "i", "-i"], "probs": [[0.020419549879535346, 0.1242990982359471, 0.5319845854251866, 0.32329676635933097], [0.009496768882497847, 0.12125466695004364, 0.5440238087227969, 0.3252247553446616], [0.0103988621270025, 0.3524931710843779, 0.16539094139053287, 0.47171702529808673], [0.00301207854881901, 0.10274348346062663, 0.8886478538093192, 0.005596584081235186], [0.010312375793724697, 0.7006036725618754, 0.19332331502812308, 0.09576063651627686], [0.005087630870128077, 0.30728113934380685, 0.6771605673235804, 0.010470662362484583], [0.01991805285626751, 0.17491963690859005, 0.230122131822184, 0.5750401783129585], [0.016254734064636615, 0.14728964699125768, 0.6454524325069654, 0.19100318633714033], [0.015458946047236091, 0.34913643161831204, 0.18276188796953238, 0.45264273426491947], [0.0026714845287503313, 0.0918497497854025, 0.9001582800536194, 0.005320485532227709], [0.013638999256888844, 0.8244180612231837, 0.10993932892941781, 0.05200361049050957], [0.007114644854430906, 0.6503116865818879, 0.2733882871723425, 0.06918538129133875], [0.24236146154874164, 0.10947761928262914, 0.152118775653203, 0.4960421434154262], [0.02150521947917689, 0.012684972731045893, 0.9613723583805361, 0.004437449309241022], [0.2238724760823349, 0.07340141911364456, 0.42938246039082917, 0.27334364431319136], [0.013282671429835963, 0.010954048205058, 0.9706557374612836, 0.005107542803822384], [0.0550953035620645, 0.9042275523677309, 0.030030570960467975, 0.010646573009736647], [0.03857016728267656, 0.8995452311658232, 0.02102520592967226, 0.04085939552182793], [0.40953076491925794, 0.3794554826156646, 0.13241613107215616, 0.07859762129292133], [0.21313306726830186, 0.13686275506301782, 0.6188647757948185, 0.03113940177386183], [0.4002297669334489, 0.32980052862000564, 0.20677692466310643, 0.06319277968343898], [0.21201990158329626, 0.10116381724766585, 0.5829468076885005, 0.10386947338053734], [0.03776676098671919, 0.9376202283621216, 0.012683192221333803, 0.011929818329825457], [0.04493552374840674, 0.9035580457428735, 0.012039162891503459, 0.03946726751721639]], "ideal": "C", "sampled": "D", "correct": false}}
{"type": "result", "data": {"idx": 17, "options": ["(1,1)", "(3,1)", "(1,6)", "(3,6)"], "probs": [[0.08523575897231866, 0.30457630523544355, 0.5571574526679851, 0.05303048302425261], [0.020169801616536538, 0.25532826905436073, 0.7069554730220088, 0.017546456207093986], [0.0711232471403079, 0.33146446182378614, 0.5436364180254281, 0.05377587291047788], [0.046604331751738885, 0.30155649890550096, 0.5828558823734893, 0.06898328686927084], [0.021824703268750658, 0.5327122965730671, 0.4289651044465821, 0.016497895611600217], [0.03032948939952594, 0.49326251829856627, 0.44673868010780166, 0.029669312094106146], [0.33190779007323284, 0.07237828764863945, 0.5405103148895637, 0.055203607288564015], [0.32954444063024774, 0.04394028916604509, 0.6179642374159979, 0.008551032687709207], [0.4378081461839333, 0.3357223792994534, 0.14592303008044036, 0.08054644433617288], [0.21132738039850402, 0.17122546641055472, 0.6092180365121086, 0.008229116578832634], [0.30845356214280106, 0.5809723777560495, 0.09079606152756078, 0.019777998473588694], [0.23763511689029632, 0.5747744112061379, 0.1731619021291863, 0.014428569674379405], [0.6124790102083313, 0.04838553004434396, 0.26634060040354984, 0.07279485924377492], [0.4266458395692962, 0.031927797523869775, 0.5329374004915847, 0.008488962315249286], [0.5230661747021828, 0.26515642398529055, 0.1116967300593184, 0.10008067115320826], [0.19301999188579094, 0.18431571673444674, 0.6158710901082924, 0.006793201171469896], [0.5741257945009461, 0.30500648899710514, 0.10490739107497035, 0.015960325326978407], [0.2778186870264753, 0.417336355560093, 0.2946056204078014, 0.010239336905630298], [0.38854005626425614, 0.09233558813381852, 0.5085606328946357, 0.01056372260728963], [0.3685435744447759, 0.11069953566989078, 0.4976652284028473, 0.02309166138248599], [0.2618326612778012, 0.6043176807984775, 0.10046694688711963, 0.03338271093660171], [0.25150705997551026, 0.4964422902103634, 0.24078454132031585, 0.011266108393810493], [0.30023119593902237, 0.6020441202184431, 0.05569668071184788, 0.04202800303068667], [0.3429536231669816, 0.5191256867538441, 0.12956571245975457, 0.008354977519419727]], "ideal": "C", "sampled": "D", "correct": false}}
