{"type": "result", "data": {"idx": 0, "options": ["paralysis of the facial muscles.", "paralysis of the facial muscles and loss of taste.", "paralysis of the facial muscles, loss of taste and lacrimation.", "paralysis of the facial muscles, loss of taste, lacrimation and decreased salivation."], "probs": [[0.08182356778360257, 0.010917780289356908, 0.7550071041178809, 0.1522515477091597], [0.03727822254300035, 0.011665625578625492, 0.9427452465986578, 0.00831090517971632], [0.22027694397217043, 0.11258006441394738, 0.012556818799574494, 0.6545861727143077], [0.01876033880814265, 0.03248297116825127, 0.9437511755723426, 0.005005514351263505], [0.26442870938342433, 0.681550096901805, 0.026034905077733858, 0.027986288537036802], [0.2506232503411654, 0.6878222668714926, 0.019835356177596047, 0.041719126509745984], [0.04898704660919756, 0.33247107759475564, 0.2344292138942478, 0.38411266180179904], [0.029302303290832558, 0.21189767514839877, 0.7411882418619286, 0.017611779598840086], [0.03436395397572968, 0.5297186176799025, 0.10858258944473924, 0.32733483879962855], [0.01241541393429156, 0.15386414762794728, 0.8263746030129955, 0.007345835324765676], [0.02153261576488954, 0.8752502251020838, 0.06343315576555938, 0.03978400326746725], [0.02593803621271046, 0.8605032616445245, 0.05251459827394069, 0.061044103768824326], [0.06922476737999082, 0.12542885540661605, 0.010076828299945228, 0.7952695488134479], [0.03276475427070566, 0.11024866689061945, 0.8490183711408509, 0.007968207597823993], [0.20823589275536605, 0.08758317063741997, 0.24399623635945925, 0.46018470014775475], [0.022775982839066455, 0.016963242087752364, 0.9565686704508664, 0.003692104522314836], [0.04100473270533042, 0.8996518353924366, 0.03080016594966394, 0.028543265852569024], [0.03851355784565716, 0.8783410241953326, 0.021832275498808968, 0.06131314236020128], [0.11795793822114224, 0.6284302261742155, 0.03389513006073968, 0.2197167054439026], [0.1077671461820708, 0.7976849406936125, 0.06606033222259475, 0.028487580801721906], [0.15552198206310341, 0.4578499436289403, 0.35987548913283834, 0.02675258507511786], [0.1835551302746069, 0.544600081641158, 0.20707372291715348, 0.06477106506708155], [0.2250504638507511, 0.41457861819420555, 0.3495389879179396, 0.010831929937103805], [0.46754306201772156, 0.37891468119620986, 0.08597338134700584, 0.06756887533906274]], "ideal": "A", "sampled": "D", "correct": false}}
{"type": "result", "data": {"idx": 1, "options": ["a protruding mandible due to reactivation of the condylar cartilage by acromegaly.", "a recessive maxilla due to failure of elongation of the cranial base.", "an enlarged frontal bone due to hydrocephaly.", "defective development of the maxillary air sinus."], "probs": [[0.05670251440384139, 0.6813820143390833, 0.02293901751022351, 0.23897645364685177], [0.05715186872136472, 0.8354200637415253, 0.08260630578095689, 0.024821761656153064], [0.02301022673574971, 0.03302374592545345, 0.9207300851563182, 0.02323594208247864], [0.0337682694837604, 0.03130060398444027, 0.48547470195350634, 0.449456424478293], [0.026414444519837484, 0.09760392401730299, 0.8693829725406625, 0.006598658822197022], [0.04551448900962276, 0.13201056001471956, 0.02638550577690795, 0.7960894450987498], [0.6812451354246113, 0.0908076746148021, 0.01692411644356368, 0.21102307341702292], [0.5851137724695673, 0.08907514942403698, 0.3085387394796039, 0.01727233852679172], [0.6728052170405973, 0.05108091359800447, 0.02863465110577971, 0.24747921815561855], [0.6699521584965915, 0.07115973057129314, 0.23700614680109605, 0.021881964031019305], [0.8120939158876456, 0.10906825301413017, 0.055253662657800615, 0.023584168340423584], [0.7991813822979784, 0.11422663649343183, 0.06356052899789204, 0.023031452110697757], [0.015016027537272743, 0.03159717607203237, 0.9375008837313074, 0.015885912559387514], [0.02230021978412953, 0.03251167849810742, 0.5202344204775736, 0.4249536811401894], [0.02843566403674095, 0.7120138352992361, 0.021319484177189846, 0.23823101638683306], [0.03428147700941589, 0.8585083999882772, 0.0785343937633778, 0.028675729138929094], [0.029533794909228604, 0.07854761634921782, 0.03376575433252776, 0.8581528343090258], [0.01642899549334409, 0.04169582850591022, 0.9338502665548324, 0.008024909345913303], [0.021241122574553878, 0.0670950313661231, 0.9044200854902114, 0.007243760469111656], [0.049810437765993885, 0.07040859535201238, 0.029096112593643367, 0.8506848541883504], [0.08144639082692637, 0.8437602753717725, 0.04682356290620609, 0.02796977079509507], [0.0936402251041399, 0.8229633204561412, 0.04461771325573534, 0.03877874108398352], [0.04916235996367442, 0.047725072129935577, 0.03008729523088392, 0.8730252725755061], [0.018865638797301347, 0.026849788767074768, 0.946282299760396, 0.008002272575227835]], "ideal": "B", "sampled": "B", "correct": true}}
{"type": "result", "data": {"idx": 2, "options": ["Bladder", "Kidney", "Ureter", "Urethra"], "probs": [[0.99629963917186, 0.002362005123145394, 0.00026407039482616133, 0.0010742852101684234], [0.9975922848511425, 0.0017873451742496588, 0.0002534169368041196, 0.0003669529378036944], [0.9972952941568473, 0.0017720519593610233, 0.0003338967238572162, 0.000598757059934481], [0.9979217861925118, 0.0013393597396637574, 0.00025342756027022304, 0.0004854264075542389], [0.9980527344552146, 0.0012992394471103338, 0.00032657483460939266, 0.00032145116306572227], [0.9980930414097935, 0.001191812929433633, 0.0002102131219550691, 0.0005049324388177542], [0.0019821908188666798, 0.9953766758957694, 0.0014081885610545694, 0.0012329446243093472], [0.00237136894303375, 0.995120530937112, 0.0011856665435572133, 0.0013224334762971007], [0.0008465165780038012, 0.0022666119151574806, 0.9965009738798025, 0.00038589752703614753], [0.002106645074171237, 0.0019491583156476737, 0.0018062273135720113, 0.9941379691966091], [0.0004070504825581996, 0.001081553992735194, 0.9983241021464695, 0.00018729327823714898], [0.00260290607486472, 0.0015194181520685026, 0.0009680496699523976, 0.9949096260031144], [0.0007714521443545505, 0.9967102789599516, 0.0012152547890679284, 0.0013030140066259707], [0.0008811366121878782, 0.9969335020996802, 0.0011780375870790287, 0.0010073236010528085], [0.0005423942048779721, 0.0024887815607558556, 0.9963385509182718, 0.0006302732160942824], [0.001086102611918538, 0.0019067530166629837, 0.0014995040310931405, 0.9955076402403253], [0.00043305571981386607, 0.001621753941357062, 0.9975907287397167, 0.0003544614991123894], [0.0009585786248085343, 0.0026678708284054234, 0.000896148458537757, 0.9954774019882483], [0.0008811263924587129, 0.9970656674174442, 0.0013043050859209537, 0.0007489010041761758], [0.0008673255816802248, 0.9968616984645995, 0.0012636996135335047, 0.0010072762401867985], [0.00038810981348874694, 0.0019110033520900896, 0.9974533209257641, 0.00024756580865701054], [0.001138711201952601, 0.0017236368279467287, 0.0010892274737215376, 0.9960484243963791], [0.00043314779734883197, 0.001324416719559192, 0.9979827994423462, 0.00025963594074575585], [0.001330916825856326, 0.0018485919639635272, 0.0011415796203933526, 0.9956789114897868]], "ideal": "A", "sampled": "A", "correct": true}}
{"type": "result", "data": {"idx": 3, "options": ["Motor neurons", "Skeletal muscles", "Melanocytes", "Sweat glands"], "probs": [[0.0530827741822195, 0.774891300214731, 0.16127574096744984, 0.010750184535599745], [0.05585149839515151, 0.7716710279232835, 0.041276583768897326, 0.1312008898126677], [0.053510849224802016, 0.3035284921749167, 0.6331706736821165, 0.009789984818164786], [0.1094695660204365, 0.5477952523814784, 0.0513893679147045, 0.2913458135833806], [0.044093329578214796, 0.04967155693441744, 0.89562797787666, 0.010607135510707716], [0.08406833746341368, 0.11869812275842748, 0.6421777748906178, 0.1550557647875411], [0.23765862262362092, 0.13663612463817035, 0.6181386780555931, 0.007566574582615613], [0.651849041096487, 0.1524979941766649, 0.03803306874301781, 0.1576198958838303], [0.5523793624074865, 0.26523992185511647, 0.16495274988788258, 0.01742796574951442], [0.7507232468796253, 0.17836715378896417, 0.025732642180875717, 0.04517695705053481], [0.4156892272061395, 0.03610315263593442, 0.43686878239374033, 0.11133883766418576], [0.47124334195395917, 0.04253331959939958, 0.46137108507292623, 0.024852253273715], [0.05072443917615357, 0.07865183032639263, 0.866500851984562, 0.004122878412891807], [0.1369543204028397, 0.22071791854204043, 0.06896720723167005, 0.5733605537234499], [0.12720716730233517, 0.7680310148406293, 0.08621379218349248, 0.018548025573543073], [0.10412849457406242, 0.8197975722858638, 0.045207391810131156, 0.03086654122994261], [0.12521907268716898, 0.056938880339510015, 0.2003270857116039, 0.6175149611617171], [0.07665952358553602, 0.04045394096499473, 0.8723873568305879, 0.010499178518881337], [0.019355229833176564, 0.10396303128939467, 0.8648040205187147, 0.01187771825871406], [0.02932021426846677, 0.2272535438673956, 0.7006528455136364, 0.04277339625050127], [0.03626534647382713, 0.7178354724927, 0.1043494771251511, 0.14154970380832174], [0.032635115934795775, 0.7320342850111038, 0.21653520133321671, 0.018795397620883763], [0.04848192132758023, 0.3967648640721864, 0.14159370588154785, 0.4131595086186855], [0.040869579019554236, 0.3452904547799829, 0.5925678058312424, 0.021272160269220547]], "ideal": "C", "sampled": "B", "correct": false}}
{"type": "result", "data": {"idx": 4, "options": ["Afferent arteriole", "Glomerulus", "Loop of Henle", "Renal pelvis"], "probs": [[0.001461570124682726, 0.9951635019486113, 0.002528189371398717, 0.0008467384553072822], [0.0013527375312540149, 0.9958130047200694, 0.0016211237405050394, 0.0012131339081714965], [0.0012028153592001118, 0.0021611762314988963, 0.9962253822967754, 0.00041062601252564446], [0.00234986264841435, 0.0033963121870921875, 0.0006281827989696927, 0.9936256422655237], [0.001204049112057474, 0.001046221816395931, 0.9969277267563119, 0.000822002215234675], [0.0029719892049663017, 0.0005429188052533914, 0.0023959724140396725, 0.9940891194757406], [0.9945324540623051, 0.003429668709014447, 0.0011707287371670926, 0.0008671483915134033], [0.9934802000006937, 0.004162911768160671, 0.0009845463737007932, 0.0013723417574447935], [0.994400940018509, 0.002934264372456909, 0.0017839770779622594, 0.0008808184310718133], [0.9947878730120312, 0.0027564128427711317, 0.0011340405339724747, 0.0013216735112251596], [0.9947948266046496, 0.0025490305365899603, 0.001585658143760596, 0.001070484614999903], [0.995023354283438, 0.0022153209084015543, 0.001489951484901434, 0.0012713732232590275], [0.0010710795804061612, 0.0011054046363251366, 0.9972214794645734, 0.0006020362186952588], [0.0023337776036560414, 0.0020463141669153427, 0.0009057192219826777, 0.9947141889074459], [0.0016942128078536525, 0.9944468280266815, 0.003168036507232477, 0.000690922558232396], [0.0014283929571013878, 0.9955357157203483, 0.0017246263894439508, 0.0013112648331064288], [0.0019824089647875816, 0.0005390048982955489, 0.0020528637476659732, 0.9954257222892509], [0.0012231180268709304, 0.0007714863639360082, 0.9969907259815637, 0.001014669527629319], [0.0006653985426728398, 0.0015833756074828172, 0.99717664006332, 0.0005745856865243987], [0.0014174646244590604, 0.0008681288296252718, 0.002203176518957049, 0.9955112299269586], [0.0010695984397964726, 0.9951653683999628, 0.0026080900705681676, 0.0011569429896724716], [0.0013186146685531834, 0.9936419510425426, 0.0031652177464817437, 0.0018742164424224777], [0.0012609625149117665, 0.0019392292330883505, 0.0010927570505623514, 0.9957070511014375], [0.0007420724722895234, 0.0016331955790212886, 0.9971372856566731, 0.0004874461920159976]], "ideal": "B", "sampled": "B", "correct": true}}
{"type": "result", "data": {"idx": 5, "options": ["They will be unable to breathe without life support.", "They will only be able to breathe quietly.", "It is impossible to predict an effect on breathing.", "Breathing will be unaffected."], "probs": [[0.9470901114980991, 0.00840290748632621, 0.001907037382896922, 0.04259994353267778], [0.9425136415287858, 0.013272421389931264, 0.04017171995256615, 0.004042217028716775], [0.9549589346584044, 0.005775366303445068, 0.0013538556847503729, 0.037911843253400086], [0.9719887209654221, 0.009691377936016534, 0.015980785439382066, 0.0023391155591793176], [0.9726890668103942, 0.021005348686334187, 0.0014327353191642689, 0.004872849084107311], [0.9700604348051078, 0.02587316229133218, 0.002160950523250609, 0.00190545228030931], [0.00715871142419616, 0.9532988472413672, 0.006132297174601909, 0.033410144059834807], [0.010148577306022038, 0.9510957518015197, 0.02325033563026273, 0.01550533516219548], [0.0021611871789423433, 0.004549211946980361, 0.9885580214264952, 0.004731579347582107], [0.011758644478069567, 0.004167629197784087, 0.003430860411450809, 0.9806428658126956], [0.003162962696688547, 0.007249207349738889, 0.9864172456789645, 0.0031705841746080517], [0.013741505747129125, 0.010970065889206664, 0.0027340195511115248, 0.9725544087125527], [0.004557189993787915, 0.9776313700311323, 0.00521210820186897, 0.012599331673210775], [0.0046927141340432, 0.9832952489408534, 0.008052667497096589, 0.003959369328006819], [0.0028624865581171246, 0.010337150693273161, 0.9812630738661553, 0.00553728878245436], [0.0106496894622285, 0.013173497268382468, 0.008054033844807344, 0.9681227793245817], [0.0015982051589700248, 0.004710085957682005, 0.9911699858297028, 0.002521722953645091], [0.009550894180871548, 0.006577381278309786, 0.007753704616103101, 0.9761180198247156], [0.005061434385745791, 0.9803889013906868, 0.004471980327677579, 0.010077683795889875], [0.0046253885843494155, 0.9841341723608114, 0.0037217434877777783, 0.007518695467061469], [0.003644743068778085, 0.02019255831054107, 0.972452121654898, 0.0037105768657828015], [0.013104956662906453, 0.05272414189234522, 0.006601686156914032, 0.9275692151878343], [0.0018673760794624978, 0.00554158622355039, 0.9905176355225126, 0.0020734020744744646], [0.010159760712561295, 0.014802329240749229, 0.007682658731169143, 0.9673552512155204]], "ideal": "B", "sampled": "A", "correct": false}}
{"type": "result", "data": {"idx": 6, "options": ["Epigastric", "Hypochondriac", "Hypogastric", "Lumbar"], "probs": [[0.6992353366272722, 0.09382984264063284, 0.20397685950576147, 0.002957961126333475], [0.8725332722526462, 0.09558056409683492, 0.01663127002717996, 0.015254893523338841], [0.7914960070293708, 0.03939862765495473, 0.16500877679270629, 0.004096588422968168], [0.8835121449918659, 0.048290308874889304, 0.055691935479513996, 0.012505610553730739], [0.7972547466808986, 0.007473812024342916, 0.1808955979880816, 0.014375843206676868], [0.7635967152444657, 0.008428831603533625, 0.22456808438273834, 0.00340636866926231], [0.024928486407009336, 0.952386264992862, 0.02006512765198962, 0.0026201208481390352], [0.033345540051148974, 0.9465779925656521, 0.008784196584096831, 0.01129227069910208], [0.00959658938868385, 0.014653232950040089, 0.9753720783133333, 0.00037809924794281766], [0.08497365137075598, 0.06028572010923204, 0.03387117663717733, 0.8208694517828347], [0.015860097504293954, 0.004120139876376206, 0.9790740622437335, 0.0009457002755963364], [0.018194224769605565, 0.0052225269377509445, 0.026545905554600797, 0.9500373426380426], [0.013993062754750981, 0.9680578531873668, 0.015636216563559, 0.0023128673943232218], [0.014746834104452393, 0.9735606016992923, 0.008036641599179278, 0.003655922497076041], [0.011560270156528392, 0.021300223838809862, 0.9666196960277333, 0.0005198098769284219], [0.06381478730530248, 0.12903073092279546, 0.027926440050769285, 0.7792280416211328], [0.010467065346456928, 0.00472993075332587, 0.9841951901546276, 0.0006078136455895583], [0.04169144616680704, 0.008226782546642162, 0.1551579744729247, 0.7949237967136261], [0.004718267720764585, 0.9738915944555557, 0.017406859983755036, 0.003983277739924632], [0.004919113490033259, 0.9766657151360861, 0.015647653168133904, 0.002767518105746658], [0.0036844499662870168, 0.11218825804941897, 0.8827948631031178, 0.0013324287811761232], [0.005383448554407052, 0.0592470193018298, 0.021479608008808507, 0.9138899240349546], [0.0016491474136493824, 0.012775222273544244, 0.9851318688217395, 0.00044376139106680837], [0.005600897409326339, 0.03325148741844329, 0.06774939008139842, 0.8933982249908319]], "ideal": "A", "sampled": "A", "correct": true}}
{"type": "result", "data": {"idx": 7, "options": ["Hair in the nose", "Mucous membranes", "Osteoblasts", "Saliva"], "probs": [[0.002681132340181984, 0.9935819858794919, 0.002406762853790122, 0.0013301188265360522], [0.002538619609178844, 0.9937031765230835, 0.00240704397118987, 0.0013511597965477698], [0.004342417765406736, 0.003357988135587299, 0.9914147410893637, 0.0008848529096422462], [0.02640143142307803, 0.005410259805675828, 0.005674584995394433, 0.9625137236758518], [0.004128914619705188, 0.007194521416639041, 0.9880653725540266, 0.0006111913096291107], [0.024183938936128732, 0.011701585111222152, 0.0033580882920543763, 0.9607563875605948], [0.989755516404426, 0.005114726440684824, 0.0015524489881832309, 0.0035773080667059064], [0.9920686604812622, 0.004316827800808895, 0.0027283002025047585, 0.0008862114154241467], [0.9837677800768828, 0.0037494482302716523, 0.005130760539610309, 0.0073520110532352455], [0.9885432024331403, 0.003978482421503962, 0.004844083520318184, 0.0026342315250375728], [0.9920271575742499, 0.004283159945628281, 0.0029493558509885395, 0.0007403265291333169], [0.9890087792087023, 0.006716575499883812, 0.001798951997100683, 0.002475693194313151], [0.0017509967508663794, 0.007788826484012281, 0.9890940496554671, 0.0013661270096542726], [0.00523353160768393, 0.011987579505189251, 0.006423434916047926, 0.9763554538710789], [0.004789051069412731, 0.9571523275607601, 0.018803104469795183, 0.019255516800031965], [0.004991419329296305, 0.9670251057554362, 0.01663552875020217, 0.011347946065065277], [0.0035244465061446246, 0.01289488703452826, 0.004751316108628143, 0.978829350250699], [0.0032578721094377095, 0.01579270231311333, 0.9779547465088676, 0.0029946789685813663], [0.0023608834102270817, 0.005845521708623543, 0.9913197577137651, 0.0004738370673842448], [0.019518604291081668, 0.011216629175287101, 0.004068286579826731, 0.9651964798538045], [0.006833516597085753, 0.9842184286972046, 0.007060522286025986, 0.0018875323196836978], [0.01117025201191235, 0.975830774652483, 0.005245256137018133, 0.007753717098586494], [0.011782207014842208, 0.0045458919258116876, 0.008112589476530912, 0.9755593114828152], [0.007625135078241995, 0.004628157961561657, 0.984866851712743, 0.0028798551474532746]], "ideal": "B", "sampled": "B", "correct": true}}
{"type": "result", "data": {"idx": 8, "options": ["six weeks post-fertilization.", "eight weeks post-fertilization.", "ten weeks post-fertilization.", "twelve weeks post-fertilization."], "probs": [[0.02629942240709145, 0.8717030837966234, 0.08905238476209365, 0.012945108934191462], [0.02810422126655753, 0.6761915787909658, 0.030908796550515167, 0.2647954032919615], [0.011483260869954156, 0.24788582753541052, 0.7393722813594221, 0.0012586301352132095], [0.02477510636508406, 0.40648647987321757, 0.14604605678481442, 0.42269235687688395], [0.012051837287511006, 0.10512596912088787, 0.879732413097308, 0.003089780394293125], [0.030530095552283698, 0.39031223040361535, 0.3932593821081558, 0.18589829183594508], [0.03391243237701751, 0.9471473953119935, 0.013514277895186201, 0.005425894315802754], [0.029139124451141755, 0.8261192609424888, 0.010908933578827605, 0.13383268092754186], [0.02363508340541453, 0.35924597960448557, 0.615206350298996, 0.0019125865911039824], [0.032025543923421274, 0.47879287722133645, 0.25216494485211327, 0.237016633903129], [0.030107929065840606, 0.4101061354496472, 0.5385107772869092, 0.021275158097603025], [0.025135852300336256, 0.33705198635868855, 0.5818821765575485, 0.05592998468342668], [0.024684107664812625, 0.6680504374148298, 0.3034024397849132, 0.003863015035444382], [0.026252162080071223, 0.6168334729102684, 0.010872436999915096, 0.3460419279097453], [0.016580512674114808, 0.7060624527069104, 0.27417662718803554, 0.0031804073309393195], [0.017730103258977493, 0.6352944178200047, 0.009649677835893357, 0.33732580098512444], [0.0349598151785952, 0.620479519450609, 0.1936143324061261, 0.1509463328646697], [0.023943651410075883, 0.39932176248678153, 0.5286272340279975, 0.04810735197514504], [0.03872939165346723, 0.6019467641770488, 0.3350089187313496, 0.024314925338134345], [0.0401475810997478, 0.6335845134574899, 0.1172142650937257, 0.20905364024903664], [0.016777077359966888, 0.5565251598630242, 0.4166374720687763, 0.010060290608232544], [0.019035564147417146, 0.5439493424314508, 0.08020029753987676, 0.3568147957812553], [0.035390248271845386, 0.5901478176630782, 0.2765208317646529, 0.09794110220042347], [0.022553951050036693, 0.4361919857764355, 0.49801261341090225, 0.04324144966262558]], "ideal": "C", "sampled": "B", "correct": false}}
{"type": "result", "data": {"idx": 9, "options": ["bilateral contraction of antigravity limb muscles.", "bilateral contraction of limb musculature.", "contraction of ipsilateral limb musculature.", "contraction of contralateral limb musculature."], "probs": [[0.0015530253434323169, 0.002908172111997768, 0.9273962461785739, 0.068142556265996], [0.0011017095897398296, 0.002626932779288989, 0.9876686663614244, 0.008602691169546766], [0.005024627286993493, 0.4783103437714299, 0.003659954040061964, 0.5130050748015147], [0.0030688607442806715, 0.7236500674868716, 0.27227438596515036, 0.0010066857036973686], [0.0037760251699644866, 0.9544159535225206, 0.002748336048516998, 0.03905968515899793], [0.0029190601122232557, 0.9855505601668452, 0.009811517561081458, 0.0017188620598501446], [0.002215605793027928, 0.0010424370942631303, 0.9244676862794701, 0.07227427073323887], [0.0015951631915259508, 0.0010165293124856113, 0.9837060318387252, 0.013682275557263283], [0.00797358570956179, 0.58658781843796, 0.002244563661985868, 0.4031940320904923], [0.004432047688452326, 0.776031906326725, 0.21887957907440223, 0.0006564668104204378], [0.0046027033586482835, 0.9496263688423148, 0.001728455745293587, 0.04404247195374335], [0.003402098367863011, 0.9745668778939561, 0.021359107660458142, 0.0006719159777227668], [0.03469696622040764, 0.0011014065179495605, 0.002664092447976967, 0.9615375347136659], [0.0016427710380576856, 0.0005569576077222958, 0.9974109961487035, 0.0003892751055164852], [0.03140301372401939, 0.00400326554433721, 0.0008902269034833501, 0.9637034937281601], [0.001709153046105485, 0.0007092814133052236, 0.997309497364299, 0.0002720680762903446], [0.00808447561025083, 0.9891175158065192, 0.001042394500091908, 0.0017556139831381207], [0.0092889421844116, 0.9873578073173781, 0.0025298573982113523, 0.0008233929999989503], [0.9454177226364381, 0.0013285675699842724, 0.0012000330692340433, 0.05205367662434362], [0.9515103173333435, 0.0012687412186074896, 0.046796206737048214, 0.000424734611000781], [0.9520321426298313, 0.002830301504256828, 0.0003068519759415118, 0.04483070378997042], [0.9718431445427785, 0.0017674664812411553, 0.026177770609620454, 0.00021161826635989104], [0.9871646805151683, 0.011495483158237948, 0.0001461582148333013, 0.001193678011760493], [0.9894438386658502, 0.009779154665949284, 0.00043879659185233004, 0.0003382099763482264]], "ideal": "D", "sampled": "D", "correct": true}}
{"type": "result", "data": {"idx": 10, "options": ["hard palate.", "hard palate and upper lip.", "hard palate, upper lip and upper central incisor.", "hard palate, upper lip, upper central incisor and lower first molar."], "probs": [[0.002820764654868561, 0.010085493278214347, 0.5547763082818592, 0.4323174336850579], [0.002707156964814258, 0.006869187234258504, 0.9724649236339792, 0.01795873206694805], [0.006342301000817125, 0.4735538305322046, 0.06457284420010313, 0.4555310241668751], [0.0045200925699933015, 0.17941629667610254, 0.8097250958780108, 0.006338514775893386], [0.0072621066618569294, 0.8603852052919012, 0.038075927235247664, 0.09427676071099424], [0.008216428735735727, 0.8524815837482987, 0.04142675907618918, 0.0978752283397763], [0.006485348191656045, 0.007358859860890308, 0.3685250631424653, 0.6176307287049884], [0.006260423630452148, 0.006371606793433988, 0.8877068474445832, 0.09966112203153073], [0.00898527368974885, 0.2886214900428395, 0.030896297239527, 0.6714969389278846], [0.007070382825822965, 0.16900604410715547, 0.8180399269617779, 0.005883646005243657], [0.01223745202310589, 0.7638583230794318, 0.01988229385291089, 0.20402193094455137], [0.013705415892350761, 0.7983049890790855, 0.17241682415586573, 0.015572770772697898], [0.11514465252325383, 0.031280092192738425, 0.07735751395589995, 0.7762177412281078], [0.09573825451706867, 0.03936630422486237, 0.7719022638694456, 0.09299317728862336], [0.12847581504490693, 0.2578690647821049, 0.2170203625938833, 0.3966347574791048], [0.06006998290749243, 0.14897708829177003, 0.7798007253304886, 0.011152203370248897], [0.08345767047570779, 0.7628228010754196, 0.032988473523920495, 0.12073105482495218], [0.07935625254793946, 0.7146744078079864, 0.1790943728275736, 0.026874966716500547], [0.15794060828558085, 0.025828230642398912, 0.05507986144394485, 0.7611512995280754], [0.34038062992765966, 0.052311072619327444, 0.39224516318647046, 0.21506313416654246], [0.13938679926302572, 0.29782613332279906, 0.04357304682515195, 0.5192140204890233], [0.15404784046612144, 0.3243689999849863, 0.47900546609640743, 0.04257769335248484], [0.1886249795968161, 0.5820031349596284, 0.05991131760208582, 0.16946056774146964], [0.17465209054641626, 0.4873231514276075, 0.2862393355685113, 0.051785422357464944]], "ideal": "D", "sampled": "D", "correct": true}}
{"type": "result", "data": {"idx": 11, "options": ["Pupillary constriction and a medial strabismus", "Pupillary dilatation and a medial strabismus", "Pupillary constriction and a lateral strabismus", "Pupillary dilatation and a lateral strabismus"], "probs": [[0.7886077216919095, 0.09057910738874261, 0.11847910512523672, 0.0023340656941111004], [0.5525629683634077, 0.3708437986758555, 0.02630322965579519, 0.05029000320494164], [0.6198297686479565, 0.364389411227929, 0.013196629953814027, 0.0025841900703005394], [0.4652625450909171, 0.510983746514439, 0.010626092166119663, 0.01312761612852421], [0.6635853449758301, 0.10418823049849783, 0.19195220790516457, 0.0402742165205075], [0.5687790297934572, 0.050497950938912864, 0.3768094635556984, 0.003913555611931517], [0.2957433555494238, 0.6310353478299873, 0.0535107905172009, 0.01971050600338802], [0.5929588524421703, 0.36528949998937404, 0.03826456419488601, 0.0034870832735696415], [0.380046714262799, 0.14094885775395774, 0.4663399322828178, 0.012664495600425449], [0.5127784232913967, 0.12088364134325433, 0.3558063957177939, 0.010531539547555152], [0.5777045722001577, 0.39405587823822236, 0.025236903037976918, 0.0030026464236431022], [0.43551536256406925, 0.5294696082827002, 0.015525110853669416, 0.01948991819956112], [0.5159539053458082, 0.46983290348400286, 0.007493489988009443, 0.006719701082179457], [0.6119618011526781, 0.37701873172437783, 0.0088874458325999, 0.0021320211903441614], [0.7650967676356351, 0.04087531907747241, 0.18935387945562326, 0.004674033731269235], [0.7558144231675594, 0.09386507298407172, 0.12653174830132097, 0.02378875544704788], [0.8546170255175483, 0.09664120143887817, 0.04649434800317651, 0.0022474249403970138], [0.607312997615019, 0.3301223626816258, 0.01781580656716235, 0.04474883303619281], [0.7001723633375716, 0.10166454295232405, 0.1902301605782601, 0.007932933031844294], [0.6328442527096809, 0.19447886434729192, 0.14586507892246883, 0.026811803920558278], [0.4352481758050599, 0.5459948897103352, 0.01153162612556947, 0.007225308259035398], [0.5060058700889397, 0.4791613096853943, 0.011381099636622191, 0.003451720489043864], [0.44086719269930347, 0.5074121780811, 0.028672203959356716, 0.023048425160239878], [0.7272574335286113, 0.23982042172312865, 0.02984244388629374, 0.0030797007619663822]], "ideal": "D", "sampled": "C", "correct": false}}
{"type": "result", "data": {"idx": 12, "options": ["It has an articular disc of hyaline cartilage", "Its articular surfaces are covered by hyaline cartilage", "Proprioceptive information is carried by the chorda tympani and deep temporal nerves", "Proprioceptive information is carried by the masseteric and auriculotemporal nerves."], "probs": [[0.04130435699953303, 0.02130140718631457, 0.9272088329825199, 0.010185402731632558], [0.07175895771483301, 0.043271192622826964, 0.8696931842690454, 0.0152766652932946], [0.08765627902244982, 0.3390903362030431, 0.5593176301231856, 0.0139357545513215], [0.11681057468076726, 0.5758421399023392, 0.26578518646612836, 0.04156209885076518], [0.10008630052982272, 0.13276101511472252, 0.7587503116319667, 0.00840237262348803], [0.06651513550386201, 0.21507788583667312, 0.6891568584823088, 0.029250120077156067], [0.012231846555221547, 0.5811170441832644, 0.3900000223593083, 0.016651086802205773], [0.012906818565229336, 0.7817734428156573, 0.18554922815527042, 0.019770510363842905], [0.012064701752730498, 0.08130087619364332, 0.9018126632862066, 0.0048217586674195925], [0.02363217058610001, 0.36728566812909363, 0.3396638029107836, 0.2694183582740228], [0.0118273854660139, 0.04911594980953151, 0.9340981292219813, 0.004958535402473226], [0.015973919685531836, 0.12482717350928377, 0.6591614526528997, 0.2000374540522847], [0.01882484780316379, 0.8143240171571683, 0.15057522369130824, 0.016275911248359684], [0.01618577638593226, 0.9134793979303081, 0.03457839972408487, 0.0357564258596748], [0.017254547549599347, 0.06471421391868651, 0.9075183766449283, 0.010512861786785848], [0.057624299288084574, 0.4755256491257282, 0.1231270511441748, 0.3437230003420124], [0.0142511772817791, 0.024286283045348647, 0.9554920280282805, 0.005970511544591797], [0.05131896422479683, 0.06756077982990073, 0.7495269485737251, 0.13159330727157723], [0.01595664198569351, 0.7352087442198653, 0.233056334881601, 0.015778278812840198], [0.017199241904628088, 0.8299536726504362, 0.03674059634590775, 0.11610648899902802], [0.014650714183044382, 0.047022426341497926, 0.9302453735654105, 0.008081485810047206], [0.04514294929563999, 0.20248844029202406, 0.44244978486717573, 0.3099188254451602], [0.01352914976476487, 0.027811277605409936, 0.9506663702843421, 0.007993202245483076], [0.038941155389878544, 0.08927097749430225, 0.7595330930573716, 0.11225477395844763]], "ideal": "D", "sampled": "A", "correct": false}}
{"type": "result", "data": {"idx": 13, "options": ["cricothyroid muscle is still functional but the interarytenoid muscles are fully active.", "cricothyroid muscle is still functional but the interarytenoids are weak.", "cricothyroid muscle is paralyzed but the interarytenoids are fully active.", "cricothyroid muscle is paralyzed but the interarytenoids are weak."], "probs": [[0.029804796865725177, 0.2087652447242959, 0.6742840609556895, 0.08714589735428942], [0.03524531783092235, 0.3883163914131366, 0.5310666540811868, 0.04537163657475422], [0.031009724692822836, 0.711917033446257, 0.16138068982176884, 0.09569255193915129], [0.01588893548613006, 0.5787618353714067, 0.38864667522679053, 0.016702553815672653], [0.05002219555378608, 0.2858516248974862, 0.6446367441531412, 0.01948943529558646], [0.011577169075482218, 0.06992486661749055, 0.9141878816876705, 0.004310082519356767], [0.03513616767639571, 0.030821106093707442, 0.7182755616725778, 0.2157671644573191], [0.03139995308372201, 0.03348525876591028, 0.919647127123181, 0.015467660927186757], [0.09355635382453707, 0.37033156329674266, 0.3295929533156205, 0.20651912946309978], [0.00759729721215094, 0.051987103165744314, 0.9357943288938767, 0.004621270628228019], [0.09327510743400516, 0.6738755702298537, 0.16390918193608559, 0.0689401403000556], [0.033056199824396906, 0.457061801165789, 0.4943290691784429, 0.01555292973137124], [0.04806885405765992, 0.19637384642980768, 0.7130182847968065, 0.04253901461572583], [0.09707932372141752, 0.27683336107117046, 0.6098129873633455, 0.016274327744066498], [0.10450216737454056, 0.34289370686508136, 0.45103247269082053, 0.10157165296955752], [0.03235557592171012, 0.091557515293674, 0.8688982501737782, 0.007188658510837717], [0.08931204309750376, 0.592057084558454, 0.28644426480466095, 0.032186607439381315], [0.04431660783522988, 0.5619255225274533, 0.38030754984780357, 0.013450319689513173], [0.027877667169781725, 0.06854289298875692, 0.8960551381429264, 0.007524301598534969], [0.02805070873975583, 0.032836381073096096, 0.9303972507221518, 0.008715659364996171], [0.10412031333507751, 0.6333568048338772, 0.17733196780300084, 0.08519091392804438], [0.10892962927042892, 0.575727774675101, 0.2965053987477937, 0.01883719720667647], [0.06778628529942814, 0.5092341417138845, 0.2813717785502883, 0.1416077943363991], [0.0574708792334054, 0.4632131063577522, 0.46704204930069676, 0.012273965008145616]], "ideal": "B", "sampled": "D", "correct": false}}
{"type": "result", "data": {"idx": 14, "options": ["The mental symphysis closes at about 1 year postnatally", "The condylar growth cartilage ceases activity at puberty", "The ossification centre appears about 8 weeks I.U.L medial to Meckel's cartilage", "The functional matrix acting on the angle of the mandible is the lateral pterygoid muscle"], "probs": [[0.023049393076139298, 0.07520237371684976, 0.895278788435928, 0.006469444671082888], [0.11956983414794875, 0.5712431242861256, 0.06081455381543917, 0.24837248765048647], [0.023700466915431588, 0.8843805890923413, 0.07913735810971, 0.012781585782517159], [0.020293137860861905, 0.9272960535919791, 0.027811021022122948, 0.024599787425036098], [0.036399150363482395, 0.08296845450692968, 0.8112274610708161, 0.06940493395877176], [0.013930349126547748, 0.03591223441223652, 0.9413208004971586, 0.008836615864057137], [0.0799533535111298, 0.045328082074180674, 0.8689525877579869, 0.0057659765567026665], [0.5311290542081982, 0.21288305201662056, 0.10333458924251711, 0.15265330443266417], [0.20585468006781138, 0.586871970084192, 0.19236035266870452, 0.014912997079292117], [0.25160939698169893, 0.6329059748269508, 0.054986253208611766, 0.06049837488273861], [0.3139125774616336, 0.13090153329780452, 0.43664465326125484, 0.11854123587930705], [0.07824242682616048, 0.06398280429075345, 0.8364368687870577, 0.021337899996028337], [0.4325475261355631, 0.30425115481674964, 0.2505510968201897, 0.012650222127497534], [0.5799440080098816, 0.291302171045072, 0.08424764031542678, 0.044506180529619584], [0.5699233028439219, 0.19981556383070304, 0.2199221484114155, 0.010338984813959572], [0.6736876637636728, 0.22354573416674395, 0.06467345788146922, 0.03809314408811395], [0.3131883588438639, 0.10242337236459088, 0.5631657565523974, 0.021222512139147724], [0.3913178240249362, 0.12502931359907354, 0.45775325210060336, 0.025899610175386924], [0.024853653277443002, 0.5038912704123596, 0.3332174891936793, 0.13803758701651808], [0.011632583763765702, 0.08880302813597914, 0.8905234245828443, 0.009040963417410853], [0.03625817075441339, 0.6387077903638375, 0.09873950075810765, 0.22629453802364147], [0.017864341446888407, 0.2733474753031216, 0.6874824966542628, 0.021305686495727196], [0.01615235765088437, 0.9183469992733554, 0.050618119438484946, 0.014882523537275339], [0.01888002047349919, 0.8969276975515663, 0.05869755038967951, 0.025494731485254964]], "ideal": "A", "sampled": "C", "correct": false}}
{"type": "result", "data": {"idx": 15, "options": ["Its efferent limb is carried in the optic nerve", "It is mediated by the inferior colliculi in the midbrain", "It is a consensual reflex", "Its afferent limb is carried in the oculomotor nerve"], "probs": [[0.028002807048247664, 0.3360912924702877, 0.2293883498300832, 0.40651755055138145], [0.020236208297885052, 0.14729722797832656, 0.8232893643931624, 0.009177199230626073], [0.081683164491163, 0.09627482078882574, 0.19173596368892992, 0.6303060509310814], [0.026125210425307663, 0.0549179038970314, 0.9095914718743182, 0.009365413703342687], [0.014183081116917592, 0.884942552660918, 0.06620548524058312, 0.03466888088158125], [0.01627479408575598, 0.8894865048055052, 0.06602013511190524, 0.028218565896833653], [0.09688375600550043, 0.13991844235694614, 0.2037694840296143, 0.5594283175079391], [0.06033240449132734, 0.09723840960829055, 0.8157321472161491, 0.02669703858423302], [0.13406922321377282, 0.23352170684153253, 0.1203671878565342, 0.5120418819881605], [0.03884952985054282, 0.08424488602983107, 0.859729467489056, 0.017176116530570083], [0.030895547498985022, 0.8685847468860044, 0.04945817965831151, 0.05106152585669909], [0.022709895726793987, 0.8795403552503265, 0.06896907334534386, 0.02878067557753564], [0.04861639721547431, 0.23944346158338778, 0.18235943869988483, 0.5295807024012531], [0.025676696488265004, 0.15500416379748513, 0.7950507072140067, 0.024268432400243137], [0.030332070856151163, 0.5817321375809357, 0.1269227677757747, 0.2610130236871384], [0.01971721993159856, 0.33616563386670223, 0.6296238806844209, 0.014493265417278394], [0.04007382847256763, 0.8374387352564443, 0.0206690941619525, 0.1018183420090356], [0.019752564371269377, 0.8144071716979226, 0.14284556091614015, 0.02299470291466782], [0.7447088221328901, 0.016980744580330154, 0.20601921887834973, 0.03229121430842995], [0.8471635626554656, 0.026805495990398113, 0.06008903342679347, 0.06594190782734285], [0.5497734515390618, 0.4147029793516302, 0.014141717845230585, 0.02138185116407744], [0.49155264721698944, 0.4202645687318946, 0.073849431612785, 0.01433335233833096], [0.835788320114638, 0.1095054528789886, 0.0067150467657763075, 0.047991180140597146], [0.7915138256051409, 0.08599698814997798, 0.10759532046195859, 0.014893865682922506]], "ideal": "C", "sampled": "D", "correct": false}}
