{"type": "result", "data": {"idx": 0, "options": ["7 N", "5 N", "10 N", "12 N"], "probs": [[0.2918799926003994, 0.647674584609866, 0.028683287225898024, 0.03176213546383659], [0.2673835093335422, 0.5114546293832944, 0.21156219623672456, 0.009599664946438703], [0.4258016427375279, 0.03443082990367652, 0.534273000953363, 0.005494526305432509], [0.32822063974498195, 0.02984210242522799, 0.632973621377955, 0.00896363635183506], [0.18996438050853987, 0.4851479229751011, 0.3182233169762961, 0.006664379440062932], [0.2197055897918761, 0.6821898607672052, 0.08740796624324448, 0.010696583097674158], [0.058703440721987944, 0.797826275028205, 0.12332763465718913, 0.020142649492617855], [0.06255489094871555, 0.5752957605996507, 0.3544332999850895, 0.007716048366544217], [0.04627314114665832, 0.01390265831039169, 0.9367914006952215, 0.0030327997477285202], [0.13127467768488932, 0.02840459505210238, 0.779702408889704, 0.060618318273304266], [0.0560045687723652, 0.14873161868921966, 0.7916204310396119, 0.003643381398803229], [0.19461101436614237, 0.6138104245481789, 0.11992736993966797, 0.07165119104601074], [0.0077649801897280695, 0.7154942577304875, 0.2736734313414222, 0.003067330638362228], [0.009181852977441684, 0.9149510787532192, 0.06836885604760014, 0.007498212121738988], [0.008645587748185059, 0.6656733743769938, 0.32184100213125827, 0.003840035643562873], [0.012583594486715812, 0.889245192112991, 0.05423209321927897, 0.04393912008101418], [0.010598353695049538, 0.514516098365831, 0.46484614878936886, 0.010039399049750587], [0.012352100721794192, 0.7405732959023997, 0.21552476545672877, 0.03154983781907731], [0.05223475103473587, 0.43057716637611726, 0.5113657559287808, 0.005822326560366156], [0.09569938590458166, 0.8013815403418431, 0.06628902103437882, 0.036630052619196406], [0.09341365477684539, 0.2155152772788122, 0.6849503844590279, 0.006120683385314508], [0.1847154740889288, 0.5429719524146955, 0.06285783460531383, 0.20945473879106186], [0.10991057525080981, 0.12456977754132408, 0.7513090898701598, 0.014210557237706348], [0.26795914467025395, 0.3108961547127589, 0.38398235603327113, 0.03716234448371603]], "ideal": "A", "sampled": "A", "correct": true}}
{"type": "result", "data": {"idx": 1, "options": ["weight of fluid.", "volume of fluid.", "density of fluid.", "All of these."], "probs": [[0.06389316197546083, 0.6112197662562688, 0.005330387059053775, 0.3195566846092166], [0.0413883714472606, 0.8719285822312995, 0.08363055703019814, 0.0030524891912417076], [0.07506717691800509, 0.005934230012654519, 0.27027255117806775, 0.6487260417912726], [0.3220816130248367, 0.021927195852084965, 0.04493143279217056, 0.6110597582309077], [0.025388162722441314, 0.02685305118396411, 0.945748632376029, 0.0020101536175655974], [0.6670546295284704, 0.0790365455445211, 0.019818558494884887, 0.2340902663321236], [0.7674453801974814, 0.02839190493441199, 0.002540364145589611, 0.201622350622517], [0.895808607273708, 0.03726315994575328, 0.064349444856479, 0.0025787878240596217], [0.765197536532926, 0.009263503829740111, 0.011607156481563338, 0.2139318030557706], [0.9301161167417815, 0.013586174753583164, 0.03229339212951107, 0.02400431627512419], [0.8545466023911867, 0.05504170022043765, 0.08592445507349215, 0.0044872422148835], [0.9628507489755416, 0.024095443624734925, 0.004530095773283304, 0.008523711526440209], [0.013385041973414702, 0.011104968830923594, 0.34523721046933786, 0.6302727786263238], [0.04655313811857601, 0.07156401046882174, 0.06264318455155522, 0.819239666761047], [0.018566318010076247, 0.3908682497924614, 0.012863441476961385, 0.577701990620501], [0.0282367420913813, 0.7939827692789593, 0.13367534105722637, 0.044105147472433055], [0.028299949093870434, 0.025199227830458432, 0.7074834927716044, 0.23901733020406676], [0.009456211506340647, 0.014437075407089826, 0.9724818863915085, 0.003624826595061088], [0.010092526015303565, 0.5645144809255116, 0.42254024965391734, 0.002852743305267447], [0.02700966294237452, 0.8540145976661794, 0.03442113935956355, 0.08455459993188252], [0.009091498828825883, 0.9207062283019742, 0.06769269382618756, 0.0025095789430122917], [0.01217139057671748, 0.9523112992852795, 0.02721202233860659, 0.008305287699396438], [0.02972626825776103, 0.11760934266092908, 0.1486112806021193, 0.7040531083791906], [0.011206110239017165, 0.048702732409990866, 0.9329587234105821, 0.007132433840409939]], "ideal": "B", "sampled": "B", "correct": true}}
{"type": "result", "data": {"idx": 2, "options": ["totally internally reflects", "passes into the air above", "is absorbed", "None of these"], "probs": [[0.04416860003812893, 0.9161711384231914, 0.010662515942430218, 0.02899774549624946], [0.04620748098579723, 0.9215102512779603, 0.024548618692710997, 0.00773364894353153], [0.03437615607784997, 0.007103065596273943, 0.9366565480992233, 0.021864230126652784], [0.1978812447349975, 0.007739987888177273, 0.07680806997218562, 0.7175706973046396], [0.04168472756812158, 0.048362984617916195, 0.9059140563196795, 0.00403823139428269], [0.1856766947623776, 0.09705866917490191, 0.00561527444745734, 0.7116493615152631], [0.03546232686035003, 0.9444666387368047, 0.003176122165820885, 0.016894912137024418], [0.02224271085005275, 0.968776301397316, 0.005943366523001864, 0.003037621129629401], [0.009077509190784153, 0.007245437912836562, 0.9773896017162469, 0.006287451080132414], [0.07672964435873675, 0.006450924426837922, 0.003943135235823861, 0.9128762958786014], [0.01405285281015334, 0.029077482972603114, 0.955066847618714, 0.0018028164985295398], [0.15517338505466427, 0.02961449395903856, 0.0023588758439418403, 0.8128532450423553], [0.005413508732867823, 0.2626167274548611, 0.7188968382884524, 0.013072925423818722], [0.006721696847726742, 0.35544147735408715, 0.014114762768715693, 0.6237220629294704], [0.0039959508381117335, 0.26287293688574814, 0.7253745268457998, 0.007756585330340349], [0.0069558723256239454, 0.3074998665555532, 0.0030652792626955703, 0.6824789817561273], [0.004456566498101519, 0.017213347661283636, 0.41343882641166224, 0.5648912593289526], [0.005055364129467525, 0.012712767356354727, 0.26117219471851955, 0.7210596736956582], [0.014528637046879971, 0.34929574821061987, 0.6274957948390784, 0.00867981980342174], [0.03911795983180325, 0.3891073608100048, 0.005686160851263261, 0.5660885184069286], [0.009816264167052278, 0.6673146138162652, 0.31760902392701984, 0.005260097989662663], [0.01588814783135595, 0.34511091008900363, 0.0040841882247304034, 0.63491675375491], [0.006759079827199272, 0.007543078422239259, 0.46983765141355555, 0.5158601902370059], [0.0057935657875958614, 0.006724806930802021, 0.1801512654135172, 0.8073303617680849]], "ideal": "B", "sampled": "A", "correct": false}}
{"type": "result", "data": {"idx": 3, "options": ["always.", "sometimes.", "never.", "on planet Earth only."], "probs": [[0.029873895804389865, 0.596147205083408, 0.3671769656713261, 0.006801933340875974], [0.06665467693694996, 0.48503713441012086, 0.009768162249219597, 0.43854002630370953], [0.015075561794919687, 0.026692211776229647, 0.9560323481782963, 0.0021998781505542992], [0.05475327828670852, 0.08476011584460816, 0.003482963477349763, 0.8570036422913335], [0.01865620303491421, 0.005569971952068353, 0.9578102576345845, 0.017963567278432933], [0.025244922330253824, 0.006657581052738739, 0.91202893299318, 0.0560685635238274], [0.030248277587206454, 0.5625109552667455, 0.4019544762882384, 0.005286290757809624], [0.046119561923930186, 0.6368558219360744, 0.0063552030354074385, 0.310669413004588], [0.030400015142871703, 0.035024465397604045, 0.9320858658854446, 0.0024896534740796793], [0.05728135173364372, 0.15563486286628966, 0.0021435541249894166, 0.7849402311750772], [0.010778859138666684, 0.0028616215252025823, 0.9785231839840156, 0.007836335252115169], [0.011828563351171958, 0.0043577785317381315, 0.8362245683463329, 0.14758908967075698], [0.01742464900319663, 0.1459859194033756, 0.8337748230395268, 0.002814608453900954], [0.0412894237913234, 0.3123646166000667, 0.004645078104483935, 0.641700881404126], [0.02079816758942891, 0.6890903835774138, 0.2851476124764988, 0.00496383625665849], [0.04907178014411095, 0.527478384067234, 0.005733789736689819, 0.41771604595196515], [0.023992087960865598, 0.006222593685229822, 0.9520614396963647, 0.01772387855753984], [0.01742485510362916, 0.007865381301794181, 0.9301669449427035, 0.04454281855187317], [0.008739450364241353, 0.9573758626956164, 0.019102771598257157, 0.014781915241885147], [0.008338435517804669, 0.9650220119919851, 0.00766135881102114, 0.018978193579189097], [0.006896312880938392, 0.025444246930201017, 0.9545607111659309, 0.013098728922929648], [0.007532115437337106, 0.04579017147310238, 0.7508463605408092, 0.19583135244875124], [0.005738425140836828, 0.0850267873531221, 0.8999834039756887, 0.009251383430352396], [0.0076503085382174955, 0.6622651416076109, 0.20849139117574125, 0.12159315857843041]], "ideal": "B", "sampled": "A", "correct": false}}
{"type": "result", "data": {"idx": 4, "options": ["changes", "aligns with the electric field", "is at right angles to the electric field", "converts to magnetic energy"], "probs": [[0.9075092488711273, 0.00458243959234123, 0.0871563278040672, 0.0007519836324642445], [0.9717445020741711, 0.0031894865684828173, 0.0011048443447151633, 0.02396116691263097], [0.9883423394799403, 0.007083154207124323, 0.00362581546789689, 0.0009486907450384232], [0.992243651288327, 0.005120897377166868, 0.0014146204706657634, 0.0012208307638403558], [0.9784470334286419, 0.00432085085734071, 0.0010370724577334262, 0.01619504315628392], [0.9910825862875243, 0.005663490385522242, 0.0016262142271724286, 0.0016277089997809868], [0.003121337530748738, 0.9813765737123394, 0.014547121446386856, 0.0009549672105249779], [0.003713197128328818, 0.9751437431495693, 0.0046235437134608285, 0.01651951590864107], [0.002366868600277229, 0.033997372569083105, 0.9625655036417962, 0.0010702550888435113], [0.004901310885018766, 0.9641377906950199, 0.006058243557096472, 0.024902654762864847], [0.006284874793055159, 0.003370075448599863, 0.45836293180513055, 0.5319821178532145], [0.002794289656048178, 0.0015473561998515758, 0.9722291956671835, 0.02342915837691677], [0.0032464183411015767, 0.9890898781364711, 0.0061627331302922805, 0.0015009702921350131], [0.003353849484350103, 0.9905654089501308, 0.004480704153171873, 0.0016000373123472435], [0.0028745312767234294, 0.002947475486530876, 0.9927046158153116, 0.001473377321434175], [0.017052329316088844, 0.015662632032177562, 0.0064819445366031975, 0.9608030940151304], [0.002618075353636741, 0.0027909518586882046, 0.9929214448700296, 0.0016695278176453586], [0.009160101836538299, 0.003735118803902879, 0.007780671619078699, 0.9793241076404802], [0.004316952651306722, 0.9546649690681279, 0.004856997288939461, 0.03616108089162584], [0.003267152696501529, 0.9880502103576484, 0.005433141791252276, 0.0032494950545978243], [0.002726691024835902, 0.002709181927934447, 0.9865392855523626, 0.008024841394867097], [0.0031318072787358316, 0.001719918791451374, 0.3025393376829737, 0.692608936146839], [0.0020413298395321293, 0.0026657471598356976, 0.9938743002403453, 0.0014186226602869152], [0.004646297906666558, 0.0036499895275764484, 0.0038552737403877934, 0.9878484387253692]], "ideal": "A", "sampled": "A", "correct": true}}
{"type": "result", "data": {"idx": 5, "options": ["red", "yellow-green", "blue", "violet"], "probs": [[0.014046867625212496, 0.03943101386069822, 0.850992515755336, 0.09552960265875332], [0.008599476755769246, 0.020183214605608773, 0.9659350961058908, 0.005282212432731243], [0.02168072933037008, 0.02898053187450665, 0.05378869694528406, 0.8955500417498392], [0.02543112953915845, 0.05607983054287329, 0.9130507658303622, 0.0054382739876060945], [0.036160837451170394, 0.2305493179789308, 0.06510956511990552, 0.6681802793499932], [0.039878887537372516, 0.5261409564600185, 0.4133815518572872, 0.020598604045321777], [0.03650898486010719, 0.11521611361543532, 0.6695235966966585, 0.178751304727799], [0.017534638377181194, 0.04311347143838998, 0.9087301183484959, 0.03062177173593291], [0.02187723938049283, 0.8746821625556168, 0.01394688764984882, 0.08949371031404149], [0.016448022750103698, 0.5082145914628982, 0.47063535315688687, 0.004702032530111285], [0.016473453904515534, 0.9363821979442388, 0.00844152386022242, 0.038702824191023194], [0.015457959897261729, 0.9065079769172499, 0.06997845668699616, 0.008055606398492163], [0.051192478967862366, 0.041818386088591813, 0.046004189151223764, 0.8609849456923221], [0.04491148989268655, 0.06646366014399156, 0.8835250199548955, 0.005099829908426353], [0.05633386989989008, 0.037566002594521634, 0.4548811332980935, 0.4512189941074948], [0.011062271863586222, 0.010742421233379172, 0.9752264592921484, 0.002968847510886278], [0.10554600230732841, 0.7510871690594701, 0.1189978315078499, 0.024368997025351488], [0.09550771752465893, 0.4632064583547819, 0.1706308420757929, 0.2706549819447662], [0.12201434690812651, 0.046008241626704735, 0.11135306498588005, 0.7206243463792887], [0.21629649559701541, 0.1767945898653693, 0.5498591701871088, 0.05704974425050643], [0.08047220750222771, 0.022212540438994188, 0.2625436748342571, 0.634771577124521], [0.030664679808626333, 0.014175796549844528, 0.9491437451629833, 0.006015778378545867], [0.31730358607488346, 0.4588401146206333, 0.16018808779798116, 0.06366821140650215], [0.18679750520499697, 0.2070040168258377, 0.42879418812261205, 0.17740428974655328]], "ideal": "D", "sampled": "D", "correct": true}}
{"type": "result", "data": {"idx": 6, "options": ["mass distorts spacetime.", "gravity affects clocks.", "light can\u2019t escape from a black hole.", "All of these."], "probs": [[0.008091866273434799, 0.002213327045486137, 0.0013437904807265513, 0.9883510161003525], [0.1398962216644906, 0.006807341353466383, 0.8444031039671606, 0.008893332914882441], [0.006822022530105861, 0.002471928921662698, 0.0011153555112683356, 0.9895906929369631], [0.45905982502865855, 0.016086561274126516, 0.4928170639137819, 0.03203654968343304], [0.5902125880176949, 0.3932186096923724, 0.003407100008561034, 0.01316170218137169], [0.5602091181139023, 0.41962757917707005, 0.003869247134621542, 0.01629405547440612], [0.002598215178524229, 0.011550423916621404, 0.0010679303878721339, 0.9847834304169822], [0.004301982476719217, 0.6238358632182374, 0.3695898959196059, 0.0022722582854374576], [0.0020852415620023204, 0.001812034613234538, 0.004774262296784943, 0.9913284614279781], [0.011819500480443836, 0.007284335329066979, 0.01919304207669169, 0.9617031220137975], [0.009706108303094433, 0.1394165365248176, 0.8476429338017537, 0.0032344212703342163], [0.014672465658536029, 0.09568817192024368, 0.002068680949012516, 0.8875706813722077], [0.002265824617149999, 0.008351582715524627, 0.0007486399559916436, 0.9886339526113337], [0.004379633068595896, 0.3506912066973719, 0.640073973765788, 0.004855186368244152], [0.0023617904629678675, 0.0016622110414189573, 0.005080708702476171, 0.990895289693137], [0.013198448703084086, 0.005679013762331256, 0.0334546077150308, 0.9476679297195538], [0.01013922329101969, 0.028450561975968375, 0.9574300147862425, 0.003980199846769523], [0.027544157457776653, 0.020634765181456457, 0.0026483508247235176, 0.9491727264360433], [0.015880140733575646, 0.9682357440134639, 0.009200134072101615, 0.006683981080858772], [0.02252455835772049, 0.9513993816423125, 0.011162086571688993, 0.014913973328277976], [0.015434495423404875, 0.08890651310451116, 0.8915531183653044, 0.00410587300677962], [0.03088941636204343, 0.047867057206393324, 0.002926852401142937, 0.9183166739304203], [0.025601229829070628, 0.10458709016130942, 0.8628396176660761, 0.006972062243543879], [0.038473020554409924, 0.04679930871891612, 0.002930342167624138, 0.9117973284590498]], "ideal": "D", "sampled": "A", "correct": false}}
{"type": "result", "data": {"idx": 7, "options": ["voltage", "energy", "Both of these", "Neither of these"], "probs": [[0.018250989862537512, 0.004523105256314543, 0.9741918615549127, 0.003034043226235268], [0.04764813849670902, 0.006773286449079988, 0.002763511316939273, 0.9428150636372717], [0.39290512409221834, 0.5851122260183497, 0.00458573745600305, 0.017396912333428945], [0.4459350667323009, 0.5376992776086288, 0.005285104691858006, 0.011080550867212264], [0.116286662590349, 0.017702359308714607, 0.0064686274566300005, 0.8595423505443064], [0.45915763253145475, 0.029174204109852577, 0.5009445729507598, 0.010723590307932893], [0.006794770007877148, 0.07363712527145366, 0.9181740555219068, 0.0013940490987624093], [0.010917695294978028, 0.0643290825754326, 0.0009997961240915405, 0.9237534259054978], [0.00746261344022342, 0.009233655024423167, 0.9783210347962263, 0.0049826966391270855], [0.02316771621824237, 0.011043946201049221, 0.002801992450177837, 0.9629863450305306], [0.00958585380955237, 0.0022832870249551913, 0.16486187637611682, 0.8232689826893755], [0.016091930807897677, 0.003487920214442309, 0.007623399692894481, 0.9727967491847656], [0.03324538903435514, 0.8915563986966366, 0.031488087611627524, 0.04371012455738071], [0.031889556469075646, 0.9175549947600332, 0.027930923469530848, 0.022624525201360275], [0.0074670230649380295, 0.0161958075364864, 0.9705600696879128, 0.005777099610662777], [0.017210310924368647, 0.016953344115922277, 0.003121996872815919, 0.9627143479868931], [0.009692943354570552, 0.005894820589576372, 0.9739135541667935, 0.0104986817890596], [0.0125271517457285, 0.004368933490990206, 0.04844216520445781, 0.9346617494588235], [0.013561319684618836, 0.04588529939752563, 0.0035236575873461356, 0.9370297232305094], [0.009838967523528506, 0.27023008299478213, 0.7170585349780749, 0.0028724144036144793], [0.006905218530971743, 0.005953854367838192, 0.02431772257265473, 0.9628232044285353], [0.009404622484506289, 0.014119801344475175, 0.024415519743557886, 0.9520600563274606], [0.009499941241441745, 0.022292323927315397, 0.954574964718779, 0.013632770012463855], [0.01131337469873335, 0.023572568829076188, 0.02323054251604511, 0.9418835138561453]], "ideal": "A", "sampled": "A", "correct": true}}
{"type": "result", "data": {"idx": 8, "options": ["chaotic", "ordered", "positioned by amplitude", "in phase"], "probs": [[0.0036299630506430513, 0.9927017981905931, 0.0032107373120378595, 0.0004575013467260244], [0.0027238545128948233, 0.9945256754211395, 0.0015828324319295145, 0.0011676375340361697], [0.0015211568595096003, 0.0019145793243318407, 0.9963120333143359, 0.0002522304018225982], [0.009036892003117941, 0.0063195802562678845, 0.0012650854199870532, 0.9833784422206271], [0.0012242936834827433, 0.0011805498086432822, 0.9971866043771807, 0.0004085520306933039], [0.0038949537405289615, 0.002040461274347664, 0.001267690596491098, 0.9927968942886323], [0.8661918522298443, 0.01997583518568939, 0.1094447657478036, 0.004387546736662707], [0.9588312603944821, 0.016566099767059392, 0.0047775200121474804, 0.01982511972631105], [0.918575778153871, 0.06523244930612608, 0.013231694906501166, 0.0029600775335016493], [0.931326925174225, 0.054807398869371096, 0.0019220046089561565, 0.011943671247447772], [0.9191947423292617, 0.003972043007736765, 0.023983662233299927, 0.05284955232970162], [0.9057054805449909, 0.003819444514558433, 0.04699122871320289, 0.04348384612724776], [0.002177868499802813, 0.0013894098783582389, 0.9961560348986894, 0.00027668662314947484], [0.014289783669839358, 0.003427630385212042, 0.0015823708908542522, 0.9807002149540943], [0.009320333067080525, 0.9754434048809663, 0.010419557316397172, 0.004816704635556064], [0.01036826022562186, 0.9721486855694661, 0.005607473485864516, 0.011875580619047515], [0.011267047984234406, 0.0028543308522566216, 0.0014246513207022914, 0.9844539697428066], [0.008450199494203347, 0.0028607847255145264, 0.9854486063851963, 0.003240409295085859], [0.002427232007025441, 0.001595690976631145, 0.9947910394699788, 0.0011860374463645287], [0.006449120508402012, 0.0013984060913277514, 0.0027146069011060605, 0.9894378663991642], [0.01380363479832484, 0.9395433110052525, 0.025036617950522175, 0.021616436145900555], [0.01276396674919168, 0.9171426401540673, 0.06290886695999, 0.007184526036751014], [0.007056998203112726, 0.006045110688259013, 0.0013188666705637045, 0.9855790243380645], [0.004400397219630784, 0.004696016702253288, 0.9892410117223204, 0.0016625742557955566]], "ideal": "B", "sampled": "B", "correct": true}}
{"type": "result", "data": {"idx": 9, "options": ["amplitude", "wavelength", "frequency", "energy"], "probs": [[0.0012134144377888615, 0.0008884629908207105, 0.0009688316520597385, 0.9969292908193307], [0.0007963982821699194, 0.000666041873392411, 0.9970695599422265, 0.0014679998022111783], [0.001167389024967811, 0.0007486373344350516, 0.0007434365961569544, 0.9973405369444401], [0.0007369009457676791, 0.0006983353992329011, 0.997578568668653, 0.0009861948863463955], [0.0019941637496954483, 0.9938874974303279, 0.0012107436652691417, 0.00290759505470755], [0.0017081425167762827, 0.9952690853440925, 0.0011125374200909005, 0.001910234619040237], [0.0014284479896161544, 0.0014408509932048019, 0.0009026399628500302, 0.996228060954329], [0.0012208880647747592, 0.0013107605649886405, 0.9949002149401983, 0.0025681363300383174], [0.0016189110019324377, 0.0009676016254025569, 0.0011319625229688406, 0.9962815247496961], [0.0011116534628511949, 0.000770511847306607, 0.9946901163303065, 0.003427718259535708], [0.0023798664661142865, 0.9911507615833809, 0.0017291654923506832, 0.0047402063581540805], [0.0021328537476337324, 0.990913747789608, 0.0018691886118824936, 0.005084209750875819], [0.0011395522615720985, 0.001419258332067, 0.000809748199221651, 0.9966314411071392], [0.000989901002557383, 0.0016717476271100229, 0.9959065755481399, 0.0014317757221926721], [0.0013317354392501878, 0.0009904368189216557, 0.0015713817200277412, 0.9961064459218004], [0.0009295675844608978, 0.0008875075396448631, 0.9952248672828516, 0.002958057493042602], [0.001860286095200297, 0.9946448158714046, 0.0011384174621934052, 0.0023564804712016534], [0.0018869753237664851, 0.9932400956707266, 0.00120071756965485, 0.003672211335852027], [0.9976778780778461, 0.0008177139619304798, 0.0001237766722322079, 0.0013806311879911], [0.9985164412216297, 0.0007747044444005203, 0.00010930770085898309, 0.0005995465331107105], [0.9976690267194659, 0.000817774540980482, 0.0001757388024524832, 0.001337459837101179], [0.9980413896311758, 0.0009127762115766718, 0.00022734605453698594, 0.0008184880027105248], [0.9986991652866986, 0.0005717294275718806, 0.00012978829610919493, 0.0005993168896203187], [0.9982957619319727, 0.0006631945206735208, 0.0001626876632204692, 0.0008783557841332746]], "ideal": "D", "sampled": "D", "correct": true}}
{"type": "result", "data": {"idx": 10, "options": ["the same", "opposite", "Either of these", "Need more information"], "probs": [[0.03774912978416929, 0.7715297405588383, 0.17211945337849532, 0.018601676178497138], [0.042479803343034986, 0.8613428165352488, 0.012212276866967495, 0.0839651031547487], [0.007518467620392092, 0.01877880873223478, 0.9700556561344832, 0.0036470674128899158], [0.027425180928227114, 0.043193842120989, 0.004528310891350861, 0.924852665959433], [0.008992389758163756, 0.010213064941090765, 0.9621640424918014, 0.01863050270894408], [0.01539179185380032, 0.007172797658879569, 0.008195539767684541, 0.9692398706196356], [0.08082655297230734, 0.6219443852003206, 0.276221253217178, 0.021007808510194122], [0.10554930407379824, 0.7627440632746063, 0.020836839527612016, 0.11086979302398348], [0.19920028601678635, 0.09874872052996375, 0.686144772493826, 0.01590622085942388], [0.39071613546278994, 0.18187560139267822, 0.01981349289219132, 0.40759477015234047], [0.237089739992526, 0.07952772139355778, 0.6073709174932459, 0.07601162102067031], [0.30308966087494144, 0.07149876201364064, 0.05752293628159232, 0.5678886407298256], [0.009963808787756654, 0.09095604056088487, 0.8903337069399394, 0.008746443611419066], [0.012808859059869357, 0.0682152841950774, 0.004915456534276586, 0.9140604001107766], [0.015677184536556865, 0.9338254731667256, 0.03270058846167835, 0.01779675373503916], [0.016452629730420748, 0.9350575556064967, 0.011069897973544242, 0.03741991658953832], [0.014990682702302418, 0.013560795126069709, 0.05664502059341329, 0.9148035014782145], [0.010107953589261368, 0.015791517920888083, 0.9317922183365703, 0.04230831005328019], [0.0077540791593216744, 0.0644750453822805, 0.8970487821524165, 0.030722093205981377], [0.007756003711919301, 0.045722400285637545, 0.012913350284452712, 0.9336082456179904], [0.017303952268674976, 0.6601950863384813, 0.25861098348216205, 0.0638899778106816], [0.01767850124732293, 0.6433144271039114, 0.034935552948717356, 0.3040715186000483], [0.007307767458957887, 0.04273372276815412, 0.0496081682091423, 0.9003503414637457], [0.00576370104858982, 0.027945676657782102, 0.9252702561261613, 0.04102036606746674]], "ideal": "B", "sampled": "B", "correct": true}}
{"type": "result", "data": {"idx": 11, "options": ["conduction", "convection", "radiation", "radioactivity"], "probs": [[0.0004305096334922929, 0.0004780897085513768, 0.9987542205019319, 0.0003371800560244387], [0.0022619127169647493, 0.001594555588150848, 0.0003398624590836948, 0.9958036691358007], [0.0021570583872497708, 0.9945766575390581, 0.0013725577494101346, 0.0018937262242819401], [0.0019624953396531392, 0.9935911654222502, 0.0007755878892483228, 0.0036707512488482735], [0.001396034327926296, 0.0009030648590736863, 0.0006712386745565212, 0.9970296620384435], [0.0004981017183642322, 0.00044081802102830393, 0.9967538567109168, 0.0023072234496907223], [0.00047648507160373744, 0.00038414231715457135, 0.9987545837398288, 0.00038478877141284924], [0.002465193648049685, 0.0013121437558885254, 0.0003295074867221381, 0.9958931550093396], [0.0018762160389099703, 0.9955440219068107, 0.0006547010699327008, 0.0019250608843466807], [0.0016433006533872704, 0.9956333131182441, 0.0005600411146276346, 0.002163345013740971], [0.001656999331476743, 0.0013761746111937098, 0.00032233769609019033, 0.9966444882612393], [0.00046143303288710805, 0.00047008088810734726, 0.9982688673188078, 0.0007996186601976914], [0.9976042317351025, 0.000589549157913569, 0.0005197412894274173, 0.001286477717556484], [0.995609733670875, 0.0006405233501362627, 0.00026501681136836434, 0.003484726067620322], [0.9975863487124582, 0.0009335289771741741, 0.0003358272099270265, 0.0011442950004405652], [0.9967736093266594, 0.0010161157786620304, 0.0002674952580321972, 0.0019427795366463373], [0.9958684626752808, 0.0009685972649985254, 0.0001796007742226469, 0.0029833391854979375], [0.9964566554295364, 0.0009471936808158409, 0.00037692171231844414, 0.0022192290773292806], [0.0012416771500201814, 0.0007316590399044892, 0.0007206274070725442, 0.9973060363030027], [0.00045398242452360227, 0.00040801976274409393, 0.9977037521863054, 0.0014342455264269797], [0.0015309030652723816, 0.001879614134100649, 0.00046881991050709933, 0.9961206627901199], [0.00041363233025132004, 0.0005325410408625506, 0.9983199693941323, 0.0007338571347539018], [0.003023835916892341, 0.9814014279131636, 0.0010145398462576207, 0.01456019622368634], [0.0029303624578298983, 0.9890321025439366, 0.002508519633930708, 0.0055290152643027515]], "ideal": "C", "sampled": "C", "correct": true}}
{"type": "result", "data": {"idx": 12, "options": ["half, 1 A", "2 A", "Depends on which lamp is closer to the battery", "Not enough information to say"], "probs": [[0.21964045661374998, 0.44692699681640946, 0.023351133990617595, 0.310081412479223], [0.08796479093779115, 0.22996369751546275, 0.6764296513073209, 0.005641860139425206], [0.19145699414058243, 0.06512724056567877, 0.44187615634183486, 0.30153960885190395], [0.11841677000618, 0.03815886576920674, 0.7784840273778108, 0.0649403367468025], [0.11804028827644136, 0.6281830988898349, 0.24232747087682519, 0.011449141856898545], [0.224515237595874, 0.517750103153904, 0.010926568345132222, 0.24680809080508978], [0.02176649752956839, 0.918653279593424, 0.008140354681795789, 0.05143986809521175], [0.014924627657816082, 0.9093339428587977, 0.06688478884949675, 0.008856640533889557], [0.006580147275775535, 0.014606003314801129, 0.9689939992088844, 0.009819850100538948], [0.019127565518224077, 0.010902193952588774, 0.01854237267274807, 0.9514278677564391], [0.004841413478175973, 0.06325245954180143, 0.93018549177917, 0.0017206351008526358], [0.021406798874838557, 0.0776475941311982, 0.00387314135944221, 0.897072465534521], [0.010933514210241066, 0.6660542766572213, 0.2712070459268954, 0.05180516310564224], [0.010649646394263721, 0.7014044383754935, 0.21223926435593468, 0.07570665077430812], [0.0031275198048276794, 0.05287852972169104, 0.9374624583825929, 0.006531491990888395], [0.003736326922898819, 0.07041833085039816, 0.033030943627948006, 0.892814398498755], [0.0037148342873191647, 0.02421761573423141, 0.9452479936700687, 0.02681955620838072], [0.003580594301588614, 0.025411930848652665, 0.08147160404584174, 0.8895358707039169], [0.04169814963355288, 0.818439827468436, 0.1305320985954315, 0.009329924202579606], [0.04780769199235124, 0.847619281606722, 0.014480013343288571, 0.09009301295763819], [0.004609760399611137, 0.0507449684038206, 0.9430318789848245, 0.0016133921117437073], [0.02212253705960012, 0.10146979159498933, 0.005264567009969806, 0.8711431042354407], [0.017292278191723433, 0.013066563053859106, 0.9303137227670001, 0.03932743588741732], [0.021406993677931578, 0.014712797175794004, 0.19689757230242858, 0.7669826367438458]], "ideal": "B", "sampled": "A", "correct": false}}
{"type": "result", "data": {"idx": 13, "options": ["increase.", "decrease.", "remain unchanged.", "None of these."], "probs": [[0.08389097611490384, 0.5689373124410638, 0.3426827853435667, 0.004488926000465628], [0.10274371598138966, 0.30186406843441627, 0.013087178681666613, 0.5823050368025274], [0.143661594503724, 0.29952569082030805, 0.5512753362058057, 0.005537378370162234], [0.30355966597001954, 0.31558734704431735, 0.02307148129940907, 0.35778150558625404], [0.12862897828406739, 0.04660489367038734, 0.33146467167485905, 0.49330145627068617], [0.06822584416275289, 0.031255728794733484, 0.7341488434948019, 0.16636958344771172], [0.01778217109336272, 0.9338017127186253, 0.04580942631853662, 0.0026066897694753334], [0.027690631910816204, 0.7084423331524161, 0.005218749447378506, 0.2586482853893892], [0.009050865612356436, 0.02902918740804733, 0.9606712019994456, 0.0012487448801507216], [0.022256426847797977, 0.019805709197852902, 0.003616047844637658, 0.9543218160097114], [0.00837502651880638, 0.0088573491804017, 0.9395476245186716, 0.04321999968212031], [0.03337192770843571, 0.01733211356729826, 0.18342607459943508, 0.7658698840248309], [0.006700547490178889, 0.843966671773672, 0.14556871045868813, 0.0037640701774609825], [0.012557949678123398, 0.7587287938972636, 0.009566770941543174, 0.21914648538306983], [0.005073460342585401, 0.15302314039061835, 0.8402768469491991, 0.0016265522175970804], [0.014536190844252839, 0.24393886438897028, 0.0071017807673163305, 0.7344231638994606], [0.0055938087756442585, 0.00514035713198048, 0.8368787678931601, 0.15238706609921515], [0.00902597392087216, 0.006610947457262211, 0.09864380651541295, 0.8857192720064526], [0.0052723607832019835, 0.5372787983672369, 0.37242935977056263, 0.08501948097899842], [0.008110634481008436, 0.6592904678627531, 0.17476349504921038, 0.15783540250702807], [0.002607090414536415, 0.05274259605171169, 0.9352622445928135, 0.009388068840938452], [0.006757015852557223, 0.1264365258146757, 0.06116659637952857, 0.8056398618532384], [0.004343721201179094, 0.033622444580719536, 0.7077343654337378, 0.25429946868436354], [0.004739695042801755, 0.030176730745455436, 0.09669057850676557, 0.8683929956049772]], "ideal": "A", "sampled": "A", "correct": true}}
{"type": "result", "data": {"idx": 14, "options": ["2mg", "mg", "mg/2", "mg/4"], "probs": [[0.020785265288219498, 0.6418857765117874, 0.31583846553500555, 0.021490492564987612], [0.02341516462714677, 0.594706227287121, 0.24264302440581095, 0.13923558357992133], [0.043878270407622294, 0.5222480530029447, 0.3836710326140869, 0.050202643875345995], [0.037704843181218244, 0.6736820188903208, 0.25631448051047595, 0.03229865731798502], [0.04386238723968234, 0.4034039395326895, 0.2593952023995525, 0.2933384707280757], [0.0275271645793503, 0.4620683461736808, 0.4889182697885803, 0.02148621935838858], [0.07046249911969918, 0.4254965873700474, 0.45072201687289326, 0.05331889653736009], [0.06512901979874725, 0.30623805748021454, 0.2317806350340674, 0.39685228758697083], [0.02332002028530185, 0.9110905934446686, 0.015347883789847097, 0.050241502380182476], [0.02320534661802125, 0.9133506858685663, 0.05327645946727635, 0.010167507946136115], [0.05323399896038702, 0.6099200753269616, 0.06150707137704137, 0.27533885423561005], [0.03776856592032468, 0.6148522616375638, 0.335253331938736, 0.012125840403375443], [0.12934033378648277, 0.27853720962395606, 0.53457044753197, 0.05755200895759115], [0.19980663133577672, 0.4301147476530408, 0.34687513238774154, 0.0232034885234409], [0.11016052707645754, 0.7420226666493471, 0.06765032116319195, 0.08016648501100342], [0.12401718136847743, 0.6711162649084104, 0.19318485956557385, 0.011681694057538312], [0.1140810798161631, 0.7742665582329604, 0.04700194403808551, 0.06465041781279095], [0.11473876300837155, 0.7667108816261778, 0.09791281128019426, 0.020637543985256294], [0.11429998277474859, 0.21543446181050305, 0.43684947486323644, 0.2334160804515119], [0.0926163785291211, 0.20089079406849245, 0.6820523041550488, 0.024440523147337627], [0.11013621254857035, 0.4498074121294738, 0.14211638482157377, 0.2979399904003821], [0.08536112917558776, 0.37112712268809733, 0.5298267518505971, 0.013684996185717778], [0.08879783997553867, 0.7675919103082882, 0.08918605990638968, 0.054424189709783403], [0.06004282790271909, 0.7731056275844312, 0.14251934498386976, 0.024332199428979857]], "ideal": "B", "sampled": "C", "correct": false}}
{"type": "result", "data": {"idx": 15, "options": ["less.", "equal.", "greater.", "none because it sinks."], "probs": [[0.6223348945579518, 0.07732760124379676, 0.2943678782289411, 0.005969625869310356], [0.838630398715318, 0.07927820461576557, 0.022732780185453664, 0.05935861638346277], [0.7893061238902717, 0.160482676061706, 0.04565259155405497, 0.004558608393967365], [0.829949702801369, 0.1537321704752006, 0.005189091594216781, 0.011129035029213597], [0.8495109333592786, 0.03245522550780546, 0.03650700781895252, 0.08152683321396334], [0.8920968338057179, 0.030555164821306796, 0.06679347578395844, 0.0105545254890168], [0.005710749686625132, 0.9179109165416899, 0.07125327322167614, 0.005125060450008812], [0.008826932729216627, 0.9527358856994572, 0.014798825370921713, 0.023638356100404444], [0.0024807395670254123, 0.009528306590325688, 0.9865737248657439, 0.0014172288769049403], [0.004147220930483782, 0.017742082741284783, 0.0015322672198929666, 0.9765784290083385], [0.0022339408957395158, 0.002597209322911892, 0.9752526373116387, 0.01991621236970987], [0.003028171258646305, 0.0031768720476502573, 0.0035476672025915967, 0.9902472893911118], [0.005609665752524317, 0.9852729009768916, 0.005938601420943375, 0.0031788317496406764], [0.006066286737081302, 0.9860408142996515, 0.0038112834372314706, 0.004081615426035662], [0.004137949439569633, 0.011011618512752334, 0.9827804979657755, 0.002069933981902567], [0.0047449387990789035, 0.006910660418334399, 0.0020817717409878146, 0.9862626289415989], [0.0013718696147417475, 0.001954555621465618, 0.9955331057487637, 0.0011404689150289165], [0.005858474192239328, 0.0037605290759122494, 0.00413349395079204, 0.9862475026810564], [0.004857508637070429, 0.9131952846454151, 0.05026344387290428, 0.03168376274461017], [0.004088096479391006, 0.8778782423925959, 0.10970505248472447, 0.008328608543288646], [0.002478446933526142, 0.0040676390893274105, 0.9784892683428402, 0.014964645534306202], [0.0037992255240909163, 0.0047354861106522275, 0.007934447519616944, 0.9835308407456399], [0.00129516267127148, 0.0037549095965136482, 0.9930009810166083, 0.0019489466156066351], [0.003970399555857177, 0.009314347192060446, 0.006069224880469318, 0.9806460282716131]], "ideal": "A", "sampled": "A", "correct": true}}
{"type": "result", "data": {"idx": 16, "options": ["red.", "green.", "white minus red.", "a mixture of green and yellow."], "probs": [[0.02710569254325995, 0.0032003051199727935, 0.9648440465052172, 0.004849955731550113], [0.6317170741195897, 0.00662401974121701, 0.1117632101259205, 0.2498956959132728], [0.31346453079657016, 0.639516192001572, 0.008254151082117203, 0.03876512601974074], [0.36817562133582626, 0.44138181266827614, 0.16365976267796903, 0.026782803217928537], [0.3399621381289006, 0.14520851563063034, 0.0486727370543326, 0.4661566090861365], [0.2641749519532842, 0.10200325185547544, 0.6247331229205939, 0.009088673170646475], [0.0033555475826609333, 0.9857391890319682, 0.00935843101355541, 0.0015468322718154405], [0.003870111669182818, 0.988938036506623, 0.00356552236906502, 0.0036263293551290613], [0.001724811901986694, 0.005938561401382324, 0.9914547413944658, 0.0008818852021652118], [0.006932902584994687, 0.012199946513573109, 0.0019591465890705893, 0.9789080042123616], [0.0027276374909105745, 0.0038300663571736353, 0.9898660625898502, 0.0035762334620656005], [0.0055205164014858156, 0.00477243109665059, 0.0046777970839265775, 0.9850292553179371], [0.004096091967972767, 0.9896825610145223, 0.003980933472219087, 0.0022404134452858513], [0.0036289240296487513, 0.9860873312687727, 0.007696010707589932, 0.002587733893988613], [0.0021674576747794496, 0.0026623326263383305, 0.9941613019271539, 0.001008907671728296], [0.01582909337678783, 0.003952072373403053, 0.0032704173738632336, 0.9769484167759459], [0.0028213448646465388, 0.004776276295583569, 0.9916747301922257, 0.0007276485475441168], [0.016331166917104012, 0.008297862004985987, 0.0067885265652089305, 0.968582444412701], [0.007357297923554645, 0.9832068698194709, 0.004840288147125006, 0.004595544009849435], [0.00518650125759543, 0.9764536304469256, 0.017025913494432197, 0.0013339547010467671], [0.006906541922910023, 0.0036261746975848356, 0.9816121223970401, 0.007855160882465038], [0.029039852909751966, 0.004398830042018245, 0.007794123732335211, 0.9587671932158945], [0.003966297584997062, 0.006559544867904629, 0.9885061623345736, 0.0009679951125247724], [0.02836546116592551, 0.008348418019564147, 0.0038342627434255127, 0.9594518579710848]], "ideal": "A", "sampled": "A", "correct": true}}
