{"type": "result", "data": {"idx": 0, "options": ["0.005 C", "0.01 C", "0.02 C", "0.5 C"], "probs": [[0.053996140180207354, 0.5804041828895347, 0.3581406004455758, 0.0074590763846821995], [0.06541793256643949, 0.6157190294476348, 0.12621032156044615, 0.1926527163254796], [0.013483886762143923, 0.04671135921157515, 0.939012305104281, 0.000792448821999869], [0.03506122522344119, 0.15105979228622915, 0.045061596708428464, 0.7688173856819012], [0.0347847201705681, 0.0760116669630034, 0.8844347805326073, 0.004768832233821203], [0.04257634606632613, 0.08803648402365795, 0.5614279445284808, 0.30795922528153513], [0.030406949494168507, 0.8024759848633558, 0.1581740700995738, 0.008942995442901868], [0.030503676665176817, 0.7049614993669842, 0.1254936281242231, 0.13904119574361593], [0.012190242021416978, 0.15675246359959394, 0.8286087325003623, 0.002448561778626837], [0.020643885044614795, 0.27381894958738145, 0.09697759493695172, 0.608559570331052], [0.00885480442620027, 0.04126604272803173, 0.9470821279366535, 0.0027970248091144694], [0.023606899799730827, 0.09405992792369364, 0.7763676552682873, 0.1059655169082882], [0.023384377984726496, 0.2573388678658639, 0.717086754020611, 0.0021900000287986814], [0.029368878447323964, 0.43476279124087075, 0.026550318120104513, 0.5093180120917008], [0.01953487194229504, 0.5487321957748724, 0.4278687935085526, 0.0038641386742798863], [0.028717979037028753, 0.590118154337004, 0.033591876789760354, 0.34757198973620684], [0.01169097607523458, 0.021506437989583134, 0.9366446119045273, 0.030157973930654922], [0.018606063851580534, 0.03729506383666474, 0.9332120518262592, 0.010886820385495457], [0.012643356500114463, 0.5899669384560663, 0.38728310716250447, 0.010106597781314767], [0.012769080221527928, 0.5423629677363164, 0.20930673890305337, 0.2355612130391023], [0.008970952420861853, 0.19019580007288203, 0.7953343468625351, 0.005498900543720936], [0.016047610237387832, 0.29317924868850653, 0.5748199320258927, 0.11595320894821302], [0.008211579693020981, 0.22519615226346823, 0.7508590696172731, 0.015733198326237638], [0.010395033713820253, 0.2535397656717254, 0.7176464402221796, 0.01841876029227467]], "ideal": "B", "sampled": "A", "correct": false}}
{"type": "result", "data": {"idx": 1, "options": ["the electric field produced by a finite-length charged rod", "the electric field produced by an infinitely long charged cylinder", "the electric field produced by an infinite plane of charge", "the magnetic field produced by an infinitely long, straight current-carrying wire"], "probs": [[0.01848139220498397, 0.63660817620563, 0.2342622104694133, 0.11064822101997265], [0.011589020651384209, 0.4560549620463102, 0.5249754859304646, 0.007380531271840902], [0.01698172906556041, 0.21190199283556987, 0.6277452274034261, 0.1433710505954436], [0.015015228910051998, 0.30191861230459843, 0.675014584815894, 0.008051573869455535], [0.04772875280579579, 0.7834763847187495, 0.057652460905274275, 0.11114240147018045], [0.03607516194914315, 0.703180637923502, 0.23551956210167443, 0.02522463792568038], [0.037680422564868525, 0.05036302116752159, 0.4666819763219891, 0.4452745798456208], [0.013442586351396056, 0.031312609806474115, 0.9510678239794284, 0.004176979762701512], [0.044256195421561624, 0.42347267265853467, 0.06701992451474424, 0.46525120730515945], [0.01330475556119543, 0.12640919237395398, 0.8568326537195957, 0.0034533982452548363], [0.05778386665121395, 0.8705263505985869, 0.021798729325919374, 0.04989105332427984], [0.05331711758549133, 0.8286903947359537, 0.1013124863293449, 0.016680001249210045], [0.021003257559386847, 0.04556378738709053, 0.685284438233409, 0.24814851672011365], [0.017430722569519795, 0.059050840047077016, 0.9162937539995974, 0.007224683283805726], [0.02693478984217621, 0.12558615370161966, 0.46663484581074055, 0.3808442105454636], [0.010519056432959323, 0.06604020949667865, 0.9185384978757195, 0.00490223609464251], [0.0699293972867573, 0.7951185554380097, 0.05804494287154508, 0.07690710430368788], [0.07442291437119776, 0.8013085900253422, 0.05202478643602304, 0.07224370906743703], [0.0578681957694157, 0.14450096076961505, 0.6893755427966811, 0.10825530056428816], [0.03387677088189367, 0.1259887279364149, 0.8151206768106225, 0.025013824271068928], [0.062497377622044714, 0.30788715640387265, 0.5708242419685765, 0.05879122390550614], [0.028064308143286285, 0.13296889118159616, 0.8273377304860335, 0.011629070089083994], [0.04070957734509421, 0.8119440643722582, 0.09621956907658859, 0.05112678910605902], [0.03732392427885833, 0.7924807572770859, 0.11871118104049358, 0.051484137303562154]], "ideal": "A", "sampled": "D", "correct": false}}
{"type": "result", "data": {"idx": 2, "options": ["electric field outside the object is zero", "the electric field outside the object is equal to the electric field inside the object", "the electric field outside the object is directly proportional to the distance away from the center of mass of the object", "the electric field outside the object, but very close to the surface, is equal to the surface charge density at any location divided by the permittivity of free space"], "probs": [[0.004219925937403321, 0.003393882166988981, 0.013952767393828404, 0.9784334244017793], [0.0025168980036494584, 0.0037827607992498556, 0.9921083416902292, 0.0015919994068714083], [0.00561237458643854, 0.015503117365519263, 0.0039847077578736515, 0.9748998001901685], [0.0030957053667698305, 0.01356671307440757, 0.9810478772979617, 0.002289704160860868], [0.005716283453895071, 0.9847970801101955, 0.00478019155772482, 0.004706444778184604], [0.0061119687595067645, 0.9816747283939334, 0.005441334085364273, 0.006771968661195546], [0.003936793266097036, 0.0057314109241070445, 0.010878212961623848, 0.9794535827481721], [0.0021540581617137734, 0.003966265082902424, 0.9926388171183915, 0.001240859536992233], [0.004032130352749539, 0.010302274486882427, 0.005873000248679324, 0.9797925948116887], [0.0029130585000824044, 0.011536199580261738, 0.9828898491711358, 0.0026608926485201007], [0.00856169838809428, 0.9752453187691077, 0.010255892363636986, 0.0059370903791610705], [0.010736259280776725, 0.9676707070578098, 0.009123760908552178, 0.01246927265286127], [0.01752412572396657, 0.004757754646402831, 0.004648637175700015, 0.9730694823539305], [0.004712894060403447, 0.006350486029389582, 0.9872232010711233, 0.0017134187390837445], [0.015966188391448522, 0.003003132106946864, 0.007489644098361292, 0.9735410353032433], [0.00514018540589141, 0.003651837620839646, 0.9885306454016167, 0.002677331471652262], [0.018172685850565282, 0.9631718221732004, 0.011125872397535826, 0.0075296194786984745], [0.019839938253273733, 0.9575679365218039, 0.00687145407313783, 0.015720671051784527], [0.9895412001841766, 0.006822865178244916, 0.0024756626906578287, 0.0011602718469206899], [0.9914965281607173, 0.00566718487127706, 0.0013090826023084833, 0.0015272042656971905], [0.9889594743201666, 0.004234440341761479, 0.005930961365608672, 0.000875123872463218], [0.988863715469132, 0.004139056466437292, 0.0019762090119122004, 0.005021018952518522], [0.9832469416247778, 0.005620414500520767, 0.009128119042804814, 0.0020045247318966177], [0.982801095898442, 0.0071039024045052865, 0.003111349702712501, 0.006983651894340252]], "ideal": "D", "sampled": "D", "correct": true}}
{"type": "result", "data": {"idx": 3, "options": ["Less, because the tension in the string varies directly with the wave speed, which varies inversely with the wavelength.", "Greater, because the tension in the string varies directly with the wave speed, which varies inversely with the wavelength.", "Greater, because the tension in the string varies directly with the wave speed, which varies directly with the wavelength.", "Less, because the tension in the string varies directly with the wave speed, which varies directly with the wavelength."], "probs": [[0.029612320631440193, 0.8076554325399237, 0.12967031854699165, 0.033061928181644544], [0.24162217911059444, 0.6128608946230834, 0.13895683810938042, 0.0065600880569417095], [0.022159189458267795, 0.30139631675533307, 0.6630915544739988, 0.013352939212400317], [0.14078849552654005, 0.44775947923951054, 0.27590498325449875, 0.13554704187945066], [0.02855805228793502, 0.016816957555041718, 0.9531637788757569, 0.001461211181266379], [0.013423914838576231, 0.025700889098731552, 0.9556516941976634, 0.005223501765028794], [0.4044194504049588, 0.21516366220660724, 0.3746753916713111, 0.005741495617122882], [0.08191267718011026, 0.6250932486054107, 0.21596883598953084, 0.07702523812494813], [0.035754703485361077, 0.01858166817487454, 0.9443454874510199, 0.0013181407887445252], [0.1026417851739074, 0.16542373842468258, 0.6146093101871719, 0.11732516611423806], [0.027700494610908215, 0.1418902259304202, 0.8162442934559065, 0.01416498590276506], [0.11719887487023592, 0.13822628913563176, 0.6290178974893733, 0.115556938404759], [0.011731151785218599, 0.8759917240196072, 0.09822301812607317, 0.014054105969101015], [0.015591380112216797, 0.7341862285977566, 0.03655115497607698, 0.21367123621394954], [0.007193957515017334, 0.5285433916690799, 0.4590351022639936, 0.005227548451909096], [0.02705139641499589, 0.748751267641489, 0.20310842709348606, 0.021088908750029053], [0.00454600868395275, 0.01959687132637591, 0.9659991382653234, 0.00985798162434801], [0.004536589810852258, 0.005968474903436095, 0.9866948153069018, 0.0028001198788098125], [0.004091986705184683, 0.28902049639454513, 0.7036987973308534, 0.003188719469416811], [0.02016100155422862, 0.43461472965512493, 0.5364727522247531, 0.008751516465893287], [0.007091244305519068, 0.9437924121529735, 0.03714092623347345, 0.011975417208033957], [0.009176696487383383, 0.8392050116928256, 0.04658909804169523, 0.10502919367809584], [0.007992933737970123, 0.03668625760048438, 0.9528000633333771, 0.002520745228168379], [0.003979112507270523, 0.07446494735922814, 0.913700108348618, 0.007855831684883274]], "ideal": "C", "sampled": "B", "correct": false}}
{"type": "result", "data": {"idx": 4, "options": ["I only", "II only", "II and III only", "(E) I, II, and III"], "probs": [[0.021081445972168582, 0.028757445832715875, 0.025828419539302334, 0.9243326885558132], [0.02310442075652236, 0.017617957853109593, 0.9451603200692257, 0.014117301221142355], [0.030012141826321413, 0.06913762519616962, 0.009836017125692046, 0.8910142157518169], [0.019980807542079326, 0.034882389730906044, 0.9410732396189001, 0.004063563008114519], [0.03813273200406968, 0.8964253930275884, 0.02469448446070026, 0.04074739040764167], [0.037462074375619825, 0.8675104394945061, 0.08264611676001751, 0.012381369269856531], [0.03601606092364509, 0.04139922129948711, 0.029166695092373757, 0.893418022584494], [0.02959564004982236, 0.028756255763140438, 0.9213230167374834, 0.020325087349553763], [0.047669102034448456, 0.08355929050011503, 0.010078892223410768, 0.8586927151420257], [0.030278466862957387, 0.08918540048426336, 0.8718946580091358, 0.008641474543643411], [0.053117737332190794, 0.8446092634438014, 0.0455213791854427, 0.056751619938565145], [0.04419856701243681, 0.7908730167289468, 0.15214803161551596, 0.012780384543100397], [0.038535847437815636, 0.06297743794919021, 0.006978187304440787, 0.8915085272085533], [0.02598489608944532, 0.02796060550068018, 0.9384577700720904, 0.007596728237784083], [0.04251291566438325, 0.04117108461924035, 0.013922408392568869, 0.9023935912238075], [0.0347143318594469, 0.02487972512874065, 0.9318709279861813, 0.008535014925631159], [0.04712225294924169, 0.9037888973492415, 0.041027811910658456, 0.008061037690858284], [0.05651386959409653, 0.8777584621408617, 0.045154687324540255, 0.020572980840501517], [0.3048175907972261, 0.4329271964557174, 0.012640196050484961, 0.24961501659657154], [0.24194514160214645, 0.4666278833663199, 0.2522774432450623, 0.03914953168647142], [0.1325747012450764, 0.5494867335111314, 0.04734964240723301, 0.2705889227365592], [0.08716292516084616, 0.605527151212505, 0.24482516485937758, 0.06248475866727119], [0.10391420154085236, 0.7804511770161743, 0.07150354023334159, 0.04413108110963176], [0.07289073669845174, 0.7659375127826428, 0.08870961582302284, 0.07246213459588263]], "ideal": "D", "sampled": "D", "correct": true}}
{"type": "result", "data": {"idx": 5, "options": ["Equal to the block\u2019s gravitational potential energy when it was released, because total mechanical energy must be conserved.", "Equal to the block\u2019s gravitational potential energy when it was released, because the gain in kinetic energy compensates for the mechanical energy lost to thermal energy on the rough incline.", "Less than the block\u2019s gravitational potential energy when it was released, because the gravitational potential energy was converted both to thermal energy and to kinetic energy.", "Less than the block\u2019s gravitational potential energy when it was released, because the work done by the friction force must be greater than the block\u2019s gain in kinetic energy."], "probs": [[0.03035078988405079, 0.014570055748521311, 0.9515331530573253, 0.0035460012101025977], [0.5249549550427451, 0.08113915170144446, 0.3552519546372601, 0.03865393851855027], [0.30885744684531224, 0.16927516640348864, 0.5133586128578649, 0.008508773793334283], [0.17495380917918046, 0.60599884204473, 0.16309169572717808, 0.05595565294891153], [0.6465108249469862, 0.14425323579687, 0.14314911938183997, 0.06608681977430388], [0.5377784370838259, 0.17460422216099875, 0.25604671237292437, 0.031570628282250955], [0.01516091589860751, 0.25446837344019313, 0.724697269168522, 0.0056734413926774006], [0.03954415086102235, 0.7700359814188402, 0.17312029138142884, 0.017299576238708633], [0.02852783324238497, 0.19655933990689714, 0.7711011188510466, 0.003811707899671267], [0.08739451444580498, 0.5790947861286033, 0.04903703207887732, 0.28447366724671436], [0.014837994264921321, 0.019520082249621543, 0.9620219477305805, 0.0036199756548767003], [0.060142308467572805, 0.1585275381644985, 0.5488556622910007, 0.23247449097692802], [0.01734134304095934, 0.8292145119203808, 0.14749142073073004, 0.005952724207929809], [0.019034379185934248, 0.9031139469437134, 0.017334307482644307, 0.060517366287708076], [0.0121823124547186, 0.32422085098573467, 0.6599028401672401, 0.0036939962923066166], [0.020634481948914367, 0.5622307819076591, 0.012135600663201972, 0.40499913538022464], [0.00689794221526622, 0.0061876663023401465, 0.9843525892586001, 0.0025618021237935333], [0.0094716056147248, 0.0065157521154731715, 0.8392606451016489, 0.1447519970681531], [0.01619981364111127, 0.9417593776053381, 0.030986423551230186, 0.011054385102320416], [0.018393577937456492, 0.9363204204981976, 0.024755202139095517, 0.02053079932525039], [0.010348206342868534, 0.08270197328014359, 0.9028250320979688, 0.004124788179018998], [0.025085487724359878, 0.4447654973606958, 0.11876819739050626, 0.41138081742443805], [0.006039624049779938, 0.007176823851506946, 0.9842817101531735, 0.0025018418455397054], [0.007518432893626445, 0.00859295933248303, 0.8485272963888423, 0.13536131128504822]], "ideal": "C", "sampled": "A", "correct": false}}
{"type": "result", "data": {"idx": 6, "options": ["The small block is most likely to slide off when the original block is at maximum displacement from the equilibrium position, but will not slide off as long as the coefficient of static friction between the blocks is greater than kA/[(M+m)g].", "The small block is most likely to slide off when the original block is at the equilibrium position, but will not slide off as long as the coefficient of static friction between the blocks is greater than kA/[(M+m)g].", "The small block is most likely to slide off when the original block is at maximum displacement from the equilibrium position, but will not slide off as long as the coefficient of static friction between the blocks is greater than (M+m)g/(kA).", "The small block is most likely to slide off when the original block is at the equilibrium position, but will not slide off as long as the coefficient of static friction between the blocks is greater than (M+m)g/(kA)."], "probs": [[0.057403385971201294, 0.050765458357263295, 0.8729596755012888, 0.018871480070246548], [0.05259331785721629, 0.1273221248134704, 0.7749353790800083, 0.04514917814930501], [0.06842930226092542, 0.6971477633020087, 0.19270522405468019, 0.041717710282385696], [0.06020410932682787, 0.5806709722073804, 0.26024714982225894, 0.09887776854353282], [0.05456336160266672, 0.19214582428254118, 0.7380475419804075, 0.015243272034384697], [0.06885924524219203, 0.16935509922270597, 0.6763125850291699, 0.08547307040593204], [0.01687499868049107, 0.11016353881625734, 0.7954037129426044, 0.07755774946064717], [0.027686473695258198, 0.04068359366058465, 0.9189006945038244, 0.012729238040332694], [0.031157997372927477, 0.2098765878693781, 0.7393658367000393, 0.019599577957655163], [0.02867909834345844, 0.13699364380112872, 0.8142045568675503, 0.02012270088786252], [0.07163051859892683, 0.6001786849692792, 0.28419841725153794, 0.043992379080256085], [0.0515332826436215, 0.5542732762955956, 0.3115510468124269, 0.08264239414835599], [0.03573017540417807, 0.71810286694958, 0.18472124496697984, 0.06144571257926208], [0.05075311090975189, 0.8199254563295414, 0.08329442297407369, 0.04602700968663302], [0.038641178967905816, 0.22617440318190096, 0.6868618393404717, 0.04832257840972145], [0.04921659155020572, 0.2501812614277351, 0.681218634197817, 0.019383512724242092], [0.0385079613067141, 0.03458648971251225, 0.9131127135006326, 0.013792835380141038], [0.04028426870406753, 0.10627450087451085, 0.8236210376080577, 0.02982019271336389], [0.017896606320461837, 0.17811805671602207, 0.7862876945799969, 0.01769764228351919], [0.030009301544012115, 0.30341491269684445, 0.6329607402252041, 0.033615045433939325], [0.03065442426291934, 0.6816197099823095, 0.24536950454359432, 0.04235636111117684], [0.05512607759988274, 0.7674575928955091, 0.12166015621309573, 0.05575617319151243], [0.013681877862942813, 0.11920692359706767, 0.8145695643252343, 0.052541634114755244], [0.021439460025601573, 0.03224982729415755, 0.9347854247600268, 0.011525287820214057]], "ideal": "A", "sampled": "A", "correct": true}}
{"type": "result", "data": {"idx": 7, "options": ["0.005 J", "0.01 J", "0.05 J", "0.1 J"], "probs": [[0.025615484525528105, 0.3295633442647682, 0.6210824783238669, 0.02373869278583685], [0.026391252523244854, 0.37870362203196717, 0.4755328792622135, 0.11937224608257446], [0.02238961232861046, 0.22266890839550266, 0.7479843242263962, 0.00695715494949075], [0.02328885537285232, 0.16938081280079148, 0.6058380503660972, 0.20149228136025898], [0.016165755134713754, 0.19540515633231692, 0.7796155249167607, 0.0088135635162086], [0.022513586606188574, 0.17431598575316673, 0.6793458334544107, 0.12382459408623404], [0.019106089070446333, 0.14912763948816782, 0.7942894282140823, 0.03747684312730351], [0.020593490602948437, 0.1645323348218502, 0.7556411679498786, 0.059233006525322755], [0.007480500719307445, 0.054010805016812394, 0.9356819985483913, 0.002826695615488883], [0.01738228622825538, 0.09617598955599344, 0.7225885282838682, 0.16385319583188301], [0.020881611268324326, 0.20128750236682766, 0.7543051627370084, 0.023525723527839628], [0.017924238688665155, 0.09916382380564204, 0.7165690788656691, 0.16634285854002365], [0.01024185743313535, 0.4122090518262785, 0.5728106928815725, 0.004738397759013704], [0.012305669576976491, 0.592405800405552, 0.1753008080493507, 0.21998772186812085], [0.005956310720014557, 0.0999222015404029, 0.8914502175003792, 0.002671270139203256], [0.015293337750556918, 0.26046400265117065, 0.5028199360988966, 0.2214227233993758], [0.008542284662972495, 0.08043567367594988, 0.9067800952619861, 0.004241946299091482], [0.009757224505749739, 0.06822823012768009, 0.8789141209994292, 0.04310042426714098], [0.012904979041030764, 0.4206656142443152, 0.5578129587093777, 0.008616447905276294], [0.013950072937971804, 0.4075163537901503, 0.48817568239625164, 0.0903578907756263], [0.009437878536103022, 0.21306544361592575, 0.7679661447236733, 0.009530533024297906], [0.010138945331971344, 0.1809323372588242, 0.6129653259118667, 0.1959633913973377], [0.00603911461939343, 0.05910805853574161, 0.9252591535816328, 0.0095936731632322], [0.00890987280684725, 0.0689593186725205, 0.8952870443104326, 0.02684376411019969]], "ideal": "C", "sampled": "A", "correct": false}}
{"type": "result", "data": {"idx": 8, "options": ["v0^2/(2\u03bcg)", "v0^2/(\u03bcg)", "2v0^2/(\u03bcg)", "mv0^2/(\u03bcg)"], "probs": [[0.047028468414594474, 0.8878456502789661, 0.022591036537343945, 0.04253484466909547], [0.03394775958499685, 0.8230252847830934, 0.13760048620960358, 0.005426469322306129], [0.01680412756087079, 0.009512435018231737, 0.9702862811933206, 0.0033971561275768277], [0.15376230040926814, 0.03570583568769773, 0.23841851167734002, 0.5721133521256941], [0.016852406474369325, 0.023067834117672114, 0.9579296398276252, 0.0021501194803332548], [0.24031396866248686, 0.2442463407492479, 0.13084548390201947, 0.38459420658624577], [0.017877847801457777, 0.9465282020719228, 0.0036945927648182374, 0.031899357261801174], [0.012719906403271352, 0.9572481164378484, 0.024922863603878995, 0.005109113455001254], [0.043087408263304074, 0.05580803792967644, 0.8943199581080422, 0.006784595598977315], [0.1322132497893681, 0.2250460535062811, 0.41751861568090437, 0.22522208092344642], [0.01693919933803709, 0.040058324000276625, 0.9405340367035108, 0.0024684398581754662], [0.10286638961349234, 0.6206636474455389, 0.12426012845778717, 0.15220983438318156], [0.010195986248045588, 0.2757473257589622, 0.7097624456991993, 0.004294242193792836], [0.02287490551852678, 0.8259225748411237, 0.046971620611838585, 0.10423089892851083], [0.02364554276703121, 0.7897130345443547, 0.18041104165768848, 0.006230380930925557], [0.022895087279355738, 0.8529420764264154, 0.09496276380358024, 0.029200072390648656], [0.03472106851705793, 0.03727521691433539, 0.5269212643734013, 0.4010824500952055], [0.058257892070943396, 0.10234761867750351, 0.7989665775807693, 0.04042791157078384], [0.011439600879270352, 0.5603831231319152, 0.4230083839923614, 0.005168891896453077], [0.02953814409946224, 0.8571378672961372, 0.020805205522662906, 0.09251878298173766], [0.024632867308511146, 0.34846106005858535, 0.6215201586723923, 0.005385913860511148], [0.05937565335175608, 0.6745725693549368, 0.08857875830520288, 0.17747301888810418], [0.030313679945417768, 0.025544097644516473, 0.5379529594837108, 0.4061892628263549], [0.01873313098873406, 0.032912124789065085, 0.9400200019936877, 0.008334742128513106]], "ideal": "A", "sampled": "B", "correct": false}}
{"type": "result", "data": {"idx": 9, "options": ["0.5 s", "1 s", "2 s", "4 s"], "probs": [[0.021556169571031132, 0.45690927587248276, 0.4945025194843925, 0.027032034972093597], [0.02080907140773967, 0.40161461157675976, 0.35746667251563696, 0.2201096443998636], [0.028500065518492088, 0.3417067490362217, 0.604833649034999, 0.02495953631028716], [0.024710362612115996, 0.26349432094414466, 0.6837956344267001, 0.027999681917039256], [0.02356211700429632, 0.4478321106086106, 0.4080569500481155, 0.12054882223897757], [0.020364924728272542, 0.3636798499324728, 0.5952680498406729, 0.02068717539858167], [0.03857187468708339, 0.031987270857716965, 0.9062174636871486, 0.023223390668051], [0.04709627347851299, 0.03445921169648842, 0.6015996524685575, 0.31684486225644104], [0.06388408928038931, 0.7308717045526871, 0.08402171298102173, 0.12122249308590177], [0.044779027349145545, 0.44150774989000285, 0.4968443771544256, 0.016868845506426013], [0.03988214580708394, 0.5050052874221506, 0.03633747587897431, 0.41877509079179115], [0.04403921592916412, 0.5404732827864963, 0.40205007824942496, 0.013437422934914558], [0.10547953076778988, 0.01953135661264604, 0.8567841025803643, 0.018205009939199757], [0.14377143941318482, 0.01718770716223481, 0.8088845347057187, 0.030156318618861647], [0.2761627476559497, 0.23809430355573416, 0.1799050149127497, 0.3058379337755664], [0.19322834910564612, 0.09872586297210867, 0.6966939510319298, 0.011351836790315397], [0.11435537241443364, 0.545485446514238, 0.01432987793416625, 0.325829303037162], [0.1248080421943327, 0.7644241527793533, 0.09653487144279203, 0.014232933483522019], [0.31914286970135936, 0.01918928647473412, 0.5478094076761193, 0.11385843604778716], [0.3500342675164682, 0.017585038813860594, 0.60079919585084, 0.031581497718831286], [0.4246970335584672, 0.045134390790449376, 0.12472819303352717, 0.4054403825175562], [0.4944561568736147, 0.04566548900342766, 0.4405301344112146, 0.019348219611743024], [0.39420894518667, 0.12503767245200242, 0.03729571098639595, 0.44345767127493163], [0.5974298207971533, 0.14645064093869667, 0.22367388341088346, 0.03244565475326651]], "ideal": "B", "sampled": "D", "correct": false}}
{"type": "result", "data": {"idx": 10, "options": ["The average kinetic energy of the hydrogen gas is greater than the nitrogen gas.", "The average force exerted on the container by the hydrogen gas is greater than the nitrogen gas.", "The density of the hydrogen gas is less than the nitrogen gas.", "The pressures of the gases cannot be compared without knowing the number of molecules in each container."], "probs": [[0.009996700919201785, 0.010818354663455982, 0.8322390224074673, 0.146945921909875], [0.002249450970252973, 0.0048042104147197695, 0.9891444376440643, 0.0038019008709629172], [0.0077372636031237466, 0.13611935134783515, 0.015756752406445813, 0.8403866325425953], [0.00432542383173888, 0.08038553551691756, 0.9125148604205428, 0.0027741801308007806], [0.01776465107760931, 0.30532689264314866, 0.045376593408364994, 0.631531862770877], [0.006089245723465182, 0.09165052013875509, 0.8967975803095696, 0.005462653728210174], [0.006640881066868548, 0.07544248599270391, 0.7557257016337093, 0.16219093120671818], [0.0022005881559798443, 0.008509837236738068, 0.9829655458026728, 0.00632402870460925], [0.006163097592381885, 0.16276957464439545, 0.14587365422234075, 0.6851936734408819], [0.0021703151222776046, 0.023529614582506495, 0.9693275585065327, 0.004972511688683152], [0.005195810232902607, 0.7835755708653992, 0.1299145430483114, 0.0813140757533868], [0.003294013354381485, 0.5205516082874138, 0.4592879592353678, 0.016866419022836955], [0.028261779446283563, 0.032032484586321554, 0.010729004138267393, 0.9289767317291275], [0.0038158568538032207, 0.008149866210299268, 0.9863902567112214, 0.0016440201246761673], [0.06558241254745464, 0.03430011638133663, 0.13772619335812128, 0.7623912776130874], [0.0028195673055619783, 0.00606930639670809, 0.9885196544282497, 0.002591471769480225], [0.13516583609380597, 0.6811244867449927, 0.1617989339693107, 0.02191074309189067], [0.21400717536476513, 0.4898390021382384, 0.12005024014852697, 0.1761035822484695], [0.12464960433174771, 0.21376132780788096, 0.03801521733649065, 0.6235738504238807], [0.03256286228994761, 0.11462082435148885, 0.8466422948021375, 0.006174018456426067], [0.20671759801719114, 0.07372347570376615, 0.19566083276336807, 0.5238980934156746], [0.08243751410222311, 0.06177712331929144, 0.8328720653698777, 0.022913297108607764], [0.037536812617992306, 0.7426271742171204, 0.20138504434313476, 0.01845096872175249], [0.03801772469693252, 0.6955991568063264, 0.09050952133214867, 0.17587359706459235]], "ideal": "D", "sampled": "D", "correct": true}}
{"type": "result", "data": {"idx": 11, "options": ["Move the boy to half his original distance from the fulcrum.", "Move the girl to double her original distance from the fulcrum.", "Allow a second girl of mass m to join the first.", "Move the fulcrum to half its original distance from the boy."], "probs": [[0.0583087775808925, 0.3153724529112311, 0.3804927893872289, 0.24582598002064748], [0.07259171251164985, 0.30577342997215895, 0.31553753578022337, 0.30609732163596787], [0.058447673016230786, 0.21558869926954033, 0.5294928210571155, 0.19647080655711335], [0.06456366877682337, 0.19135671709533733, 0.29178753274899843, 0.45229208127884085], [0.06137660053687555, 0.25451603150033864, 0.4793826567739287, 0.20472471108885712], [0.05561178115265034, 0.22882175231793483, 0.3409175764941134, 0.37464888993530143], [0.06440122328946869, 0.28654181527398875, 0.39793258308465684, 0.2511243782518857], [0.07389834302227781, 0.3365767795531111, 0.31877221704000713, 0.270752660284604], [0.06837603060688441, 0.21913973637697778, 0.5095963743354003, 0.20288785858073752], [0.08308592625790465, 0.2560685105021783, 0.32123781073501795, 0.3396077524048991], [0.07500953636270777, 0.26194648761157163, 0.4635095686668267, 0.19953440725889393], [0.06382299959021347, 0.2228820174709598, 0.4399487375773125, 0.27334624526151424], [0.04917746073393085, 0.20876456950577035, 0.5855564518101308, 0.15650151785016797], [0.06496808532047091, 0.21987814707617762, 0.24917303956401748, 0.465980727939334], [0.0636729401530027, 0.24421007599399616, 0.445739086990256, 0.2463778967627451], [0.07843549884780321, 0.26546345754111417, 0.3253043123968218, 0.3307967311142609], [0.05930890050873543, 0.1664084065741169, 0.33881846396519677, 0.43546422885195085], [0.060781871616249906, 0.21224162533877067, 0.47466866414971226, 0.2523078387952672], [0.059601480443737365, 0.2610273292876847, 0.49553151621661173, 0.1838396739519662], [0.05693478167143658, 0.23244136724675607, 0.33303719132679227, 0.37758665965501503], [0.07644749602911194, 0.26903239491199177, 0.4168251845604257, 0.23769492439847056], [0.05829620006593587, 0.2654904900927175, 0.39555886056066036, 0.2806544491806862], [0.061534431800004154, 0.1971789063087111, 0.3921801868204409, 0.3491064749708438], [0.05808268568730821, 0.2543732424639531, 0.4227809044236319, 0.26476316732510674]], "ideal": "D", "sampled": "B", "correct": false}}
{"type": "result", "data": {"idx": 12, "options": ["The high temperature water will rise to the top of the container until it has cooled and then mixes with the alcohol.", "The molecules of the water continue to have a higher kinetic energy than the molecules of the alcohol, but the two liquids mix until the energy is spread evenly throughout the container.", "The hot water produces thermal radiation that is absorbed by the cold alcohol until the kinetic energy of all the molecules is the same.", "The water molecules collide with the alcohol molecules, transferring energy until the average kinetic energy of both the water and alcohol molecules are the same."], "probs": [[0.007294621848050182, 0.0902784772663861, 0.004258031062776309, 0.8981688697227874], [0.003334788677631238, 0.018034713076816866, 0.9767709413650442, 0.0018595567805077455], [0.004341144002400314, 0.009192365969852545, 0.01109111585587425, 0.9753753740718729], [0.0028893182481020364, 0.0057068454991073434, 0.9894298419418015, 0.0019739942109890767], [0.004723016800586592, 0.9811119774317342, 0.009619402098362336, 0.004545603569316912], [0.004221090655724266, 0.9858665535699525, 0.0053806418918636795, 0.00453171378245955], [0.021180308123151546, 0.005932197207385657, 0.005402727688536922, 0.9674847668809259], [0.004448198137474366, 0.0026390493659133336, 0.9912206880992467, 0.0016920642973655947], [0.019158852399722988, 0.008845721925011296, 0.003412598365458846, 0.9685828272098068], [0.005780731872997885, 0.004950604935277888, 0.9879027740927213, 0.0013658889990029275], [0.010890316313401484, 0.9732045020358131, 0.008756531479067005, 0.007148650071718353], [0.012881858595433686, 0.9694096196435538, 0.012889767387506239, 0.004818754273506265], [0.006538867631801809, 0.0034760128091276404, 0.018641222687482892, 0.9713438967715876], [0.003110179029492829, 0.0021582355606717834, 0.9926555913546004, 0.002075993955234984], [0.010793208636071822, 0.028671318108044592, 0.0029327498221675304, 0.957602723333716], [0.004149507141472615, 0.010119979171577404, 0.9844909524747546, 0.0012395611121953107], [0.009938630784605766, 0.9754405203393839, 0.0075667567131110424, 0.007054092062899269], [0.012721818574792251, 0.9648158545543444, 0.018812241485248307, 0.0036500852856150403], [0.983628003575782, 0.00604182648979092, 0.008455453173928483, 0.0018747166604986569], [0.9896952336837659, 0.00540677434590745, 0.001237212267498411, 0.0036607796028282386], [0.9873889668217055, 0.008418692684967989, 0.001795570487530683, 0.002396769905795762], [0.9869346505962877, 0.009312488401251354, 0.0021812199445551796, 0.001571640957905811], [0.9881356048909182, 0.0059281136546864965, 0.0013886388700085016, 0.004547642484386804], [0.9877382026765487, 0.006713151538110866, 0.004304302902496746, 0.001244342782843741]], "ideal": "D", "sampled": "D", "correct": true}}
{"type": "result", "data": {"idx": 13, "options": ["4 s", "2 s", "0.06 s", "0.03 s"], "probs": [[0.06858108477182505, 0.28627006277238715, 0.54830458058342, 0.09684427177236775], [0.08228723458756969, 0.3225975536203381, 0.4664807776198975, 0.12863443407219471], [0.08149031168109272, 0.4760232184063661, 0.2737808051631615, 0.1687056646493797], [0.05761272810712733, 0.36388081172984593, 0.5644460894927463, 0.0140603705702804], [0.0970370178379475, 0.36596867457586135, 0.3110935048599029, 0.22590080262628823], [0.08612759226903653, 0.3512639930013221, 0.5322895396529824, 0.030318874976658992], [0.08803093718440762, 0.25454683761861674, 0.579000561976618, 0.0784216631203577], [0.09682001172528046, 0.25883278248105945, 0.4881961345184411, 0.15615107117521893], [0.05728405703712725, 0.6153215558974037, 0.18213480372504337, 0.1452595832404257], [0.04004305570885163, 0.4437436427943448, 0.507517393571666, 0.008695907825137508], [0.07077008274175084, 0.45743377629015836, 0.2147234018014701, 0.2570727390666207], [0.05615167892928808, 0.41133408730578447, 0.5167452788008432, 0.015768954864084268], [0.13091213804795332, 0.20428028396291753, 0.5517738974768401, 0.11303368041228895], [0.13591395845259122, 0.2008271522033706, 0.6193784036307931, 0.043880485613245014], [0.17998827574767504, 0.17302143113202748, 0.4565938982860959, 0.19039639473420158], [0.1405125415767313, 0.13511377634579422, 0.7089170249816642, 0.015456656995810232], [0.1440234002917763, 0.5390039561372529, 0.12137952919477436, 0.19559311427619644], [0.15219584559455993, 0.6159289066154418, 0.1739966324988841, 0.057878615191114154], [0.1442087996017371, 0.141919355223244, 0.5117916249561839, 0.20208022011883503], [0.15808431702658496, 0.12310630333731025, 0.6768186006982981, 0.04199077883780669], [0.19201251004150355, 0.14375234496263056, 0.382256073514618, 0.2819790713812479], [0.1602289989451743, 0.10590147324618292, 0.7134295171664015, 0.020440010542241274], [0.15369143162961563, 0.5075111577715284, 0.09855122485334718, 0.24024618564550876], [0.17367868708013084, 0.6011061950340026, 0.17254093877894897, 0.052674179006917524]], "ideal": "B", "sampled": "C", "correct": false}}
{"type": "result", "data": {"idx": 14, "options": ["10 N/kg", "4 N/kg", "2 N/kg", "0.5 N/kg"], "probs": [[0.005401250759869603, 0.14712819058213822, 0.8081632037428126, 0.039307354815179586], [0.00409123282032817, 0.13763896465826214, 0.8498697472413898, 0.008400055180019919], [0.010206726559281225, 0.34331882604043384, 0.2018847054002175, 0.44458974190006745], [0.0037026238504423523, 0.17569926044965806, 0.8187339050911914, 0.0018642105087082461], [0.011251652843994394, 0.707149578647384, 0.10270396190612764, 0.17889480650249387], [0.009836242450790162, 0.8787260577055747, 0.09482341179289641, 0.016614287950738764], [0.013116248332299739, 0.048741312512576, 0.6943349546570083, 0.24380748439811595], [0.005327328433410141, 0.021917316590862948, 0.9467225884092965, 0.026032766466430393], [0.02124406008488322, 0.5788804159700488, 0.017079205687137156, 0.3827963181579308], [0.005150002194262963, 0.3446479581739453, 0.6488773529043195, 0.0013246866274722493], [0.0118483257119437, 0.774417092625803, 0.0084735333785703, 0.20526104818368296], [0.010450046209740394, 0.9337072340685074, 0.051052778319408035, 0.004789941302344081], [0.017220113619472076, 0.030229567413105736, 0.36830368047288703, 0.5842466383945352], [0.0034265050642221725, 0.013247301973439575, 0.9807560570773454, 0.0025701357849928874], [0.027399535913265837, 0.12376956502113078, 0.0598668747350288, 0.7889640242305745], [0.003883655422703013, 0.029165778246472478, 0.9658001661312617, 0.001150400099562745], [0.011228432459437342, 0.9423853999035396, 0.009836667781208721, 0.03654949975581424], [0.010069372497149126, 0.9652030221552401, 0.015480261856753408, 0.009247343390857303], [0.021647884101160395, 0.02217257821383539, 0.8255450328584095, 0.13063450472659463], [0.03322990791516162, 0.037382842673221416, 0.9056209398007592, 0.023766309510857727], [0.062166557212675035, 0.18854918456995165, 0.17717408642180796, 0.5721101716955653], [0.05348282199760587, 0.19572341048245415, 0.7444966285614136, 0.006297138858526353], [0.0887106277801001, 0.2669615427364063, 0.23382513048527034, 0.4105026988982232], [0.04823979703806794, 0.21125368776973064, 0.7261207020908657, 0.014385813001335714]], "ideal": "B", "sampled": "D", "correct": false}}
{"type": "result", "data": {"idx": 15, "options": ["\u03c3/2\u03b5o, down", "\u03c3/2\u03b5o, up", "\u03c3/\u03b5o, down", "\u03c3/\u03b5o, up"], "probs": [[0.05856724106279012, 0.8813142846350143, 0.034722668839638, 0.025395805362557623], [0.03173779820149497, 0.8783327249118508, 0.07616747319116614, 0.013762003595488159], [0.05504934998398556, 0.024829828045481655, 0.8958751770607642, 0.02424564480976852], [0.06659259894541802, 0.1056402215866985, 0.6273317570108092, 0.20043542235707426], [0.008304902133061348, 0.051687794303772856, 0.9379387846240018, 0.002068518839163927], [0.0571435440806879, 0.19341832793730784, 0.7299856096331978, 0.019452518248806432], [0.020939208331034676, 0.8631161950062302, 0.06204633717311712, 0.05389825938961804], [0.031199542508856645, 0.8839608278488462, 0.06404832326968417, 0.020791306272612966], [0.014228849013613024, 0.29492708556977776, 0.6752124404272359, 0.01563162488937325], [0.017620471948453526, 0.23957063907110845, 0.7265052252137043, 0.01630366366673365], [0.018393827458794382, 0.03280620664185964, 0.936446564584227, 0.012353401215118935], [0.023334346107101597, 0.19239687466841215, 0.6510058396388194, 0.1332629394856668], [0.01014732280507424, 0.043749492203637504, 0.9354659826912873, 0.010637202200000936], [0.06949299780308658, 0.14950930026196332, 0.6394709538616313, 0.1415267479733188], [0.017857915587036376, 0.5261042352733326, 0.44307129571200143, 0.01296655332762961], [0.01545595072941975, 0.3956237370465927, 0.584757616467731, 0.0041626956562566195], [0.047648248924148054, 0.5672275613614234, 0.20386872377002968, 0.18125546584439894], [0.011155970310377305, 0.331205663564421, 0.6485307763722896, 0.009107589652912097], [0.010079870069880698, 0.28115499213195744, 0.7013878274570199, 0.007377310241142003], [0.018168917297557374, 0.6609641963282415, 0.29563585478095444, 0.025231031493246618], [0.007871930930457405, 0.27754898137710166, 0.7088178552570789, 0.0057612323353620635], [0.030963964987906618, 0.5936048670533124, 0.3128688060393151, 0.06256236181946594], [0.01988177854831378, 0.6186342592825514, 0.23483057889333084, 0.1266533831758039], [0.017195050797594112, 0.2711696806336549, 0.665968151105528, 0.045667117363223]], "ideal": "A", "sampled": "B", "correct": false}}
