{"type": "result", "data": {"idx": 0, "options": ["Freedom of speech is protected except in certain situations, such as yelling \"fire\" in a crowded theater.", "Once a church has been recognized by the federal government, its tax-exempt status can never be revoked.", "Once Congress has created an administrative agency, that agency can be dissolved only by a constitutional amendment.", "State-sponsored prayer during school hours is prohibited, but voluntary prayer by student groups before school is allowed."], "probs": [[0.012835681842502, 0.009694325339429793, 0.004043988717375581, 0.9734260040006926], [0.0016153000995995292, 0.0028822652698508207, 0.9938081767798188, 0.0016942577507308065], [0.010924951060351433, 0.009132990519103087, 0.0036920159673238147, 0.9762500423532217], [0.002038645811096341, 0.004421620207892404, 0.9922825792436415, 0.0012571546373697244], [0.004072713424400793, 0.9816038027058911, 0.010085997505538336, 0.004237486264169798], [0.003973950535960825, 0.9805068093774838, 0.011416284498202275, 0.0041029554883530335], [0.011080053172030214, 0.010332765494502483, 0.00386433738787884, 0.9747228438455885], [0.0012579534878098323, 0.003291204859398582, 0.9938086436892358, 0.0016421978635557293], [0.008130941758793087, 0.010044765928964748, 0.011745738181625696, 0.9700785540306165], [0.0028222795452087336, 0.005616168188921414, 0.9817061491320468, 0.009855403033823016], [0.003942250385708493, 0.9724961198463205, 0.01837665080885838, 0.005184978859112712], [0.009961484249579225, 0.7913997967567468, 0.01496020648844469, 0.18367851240522928], [0.00890321274078811, 0.012367385294362666, 0.0038640363619519844, 0.9748653655028973], [0.0015510082339112638, 0.00470840568338583, 0.9924829215485783, 0.0012576644341245528], [0.008423884523918521, 0.007918499527355424, 0.009479406430062521, 0.9741782094186635], [0.0023124854091596783, 0.0038165967767215094, 0.9856032336352799, 0.008267684078838895], [0.00443928346165585, 0.974249130607073, 0.016763343674635948, 0.004548242156635218], [0.007171175069406191, 0.9469568813734061, 0.011377256895352747, 0.034494686561835], [0.9619258076543494, 0.026664178902713193, 0.005771558284369053, 0.005638455058568314], [0.9561852327079007, 0.028217463148467674, 0.010801135687021941, 0.004796168356609642], [0.9534227782695739, 0.020264581378014703, 0.02059154828350584, 0.005721091968905537], [0.6529815798538489, 0.024736180527074693, 0.013555897105133559, 0.3087263424139428], [0.836492376693538, 0.03219768098079765, 0.1264051075720598, 0.004904834653604505], [0.6330333156901683, 0.02760152433643677, 0.010644123561308736, 0.32872103631208616]], "ideal": "D", "sampled": "D", "correct": true}}
{"type": "result", "data": {"idx": 1, "options": ["Registered voters between the ages of 35 and 45 are more likely to vote than are those under the age of 21.", "A registered voter who has attained his or her General Educational Development (GED) is less likely to vote than a high school dropout.", "Registered voters are more likely to vote in general elections than they are in primary elections.", "More women than men have voted in every presidential election since 1980."], "probs": [[0.021744604645343567, 0.9096840407328889, 0.060028514352479606, 0.008542840169287953], [0.019977912825752467, 0.8896780245150032, 0.08087820024779567, 0.009465862311448674], [0.008375276095713138, 0.036084820514059805, 0.9531859404859713, 0.00235396280425574], [0.026828661372111238, 0.09216835390059136, 0.17226238721607973, 0.7087405974112176], [0.010512300135683715, 0.09077807029865537, 0.8959371107200772, 0.002772518745583719], [0.01889220126001752, 0.106162730230143, 0.05865049174783674, 0.8162945766620027], [0.3495608896934178, 0.4928595046816396, 0.14131392948057905, 0.016265676044363575], [0.3051870212010908, 0.4762993357686483, 0.21153233680027436, 0.006981306129986553], [0.25216123564881265, 0.3187563432382209, 0.4226404147748847, 0.006442006238081793], [0.3327036499644408, 0.4172341227114199, 0.2235289215818036, 0.02653330564233568], [0.2790892462208088, 0.42555156960185253, 0.2903884392882144, 0.004970744789124294], [0.34104011729823963, 0.492267656734073, 0.14114873635656547, 0.025543489511121873], [0.008756048004403326, 0.04479880982189972, 0.9435003354970279, 0.002944806576669003], [0.02151889932609947, 0.11181388153334418, 0.1482055200879851, 0.7184616989525713], [0.018216985579594502, 0.9191471020624643, 0.05610809653808909, 0.00652781571985213], [0.01648074720418209, 0.9205922105884293, 0.05575589583332032, 0.0071711462740683], [0.015471496943883495, 0.11878899019035281, 0.07208390996301159, 0.793655602802752], [0.010439265744380673, 0.09669920265476542, 0.8897878123373039, 0.003073719163550001], [0.013799029802259393, 0.07399657828704996, 0.9089656718145744, 0.0032387199961161663], [0.023744474602498004, 0.09686457179039967, 0.048348973498162744, 0.8310419800089396], [0.03198147031438222, 0.8708335914476598, 0.08900486974434947, 0.008180068393608535], [0.033852547151543885, 0.88637053297261, 0.0678545976522168, 0.011922322123629295], [0.026774571939089994, 0.09126671201667737, 0.09274691895194742, 0.7892117969922852], [0.010484688795846474, 0.04961267125320412, 0.9366667995945898, 0.0032358402563596664]], "ideal": "B", "sampled": "B", "correct": true}}
{"type": "result", "data": {"idx": 2, "options": ["The geographical area in which the child grows up", "The child's family", "The media to which the child is exposed", "The child's religion"], "probs": [[0.004955252833906789, 0.9899536773601341, 0.004112841728604597, 0.000978227977354487], [0.005353559487564873, 0.9892601500601893, 0.0020834159986710056, 0.0033028743535747766], [0.0021081613974072416, 0.002688454074592509, 0.9949321432688198, 0.00027124115918037236], [0.004543159969433865, 0.006116023127077752, 0.0007556089933606007, 0.9885852078101278], [0.0016827390217157012, 0.0017515451293962183, 0.9958996770736057, 0.0006660386752823786], [0.005604225383828157, 0.005105212022736791, 0.0014885629521076426, 0.9878019995413274], [0.9834472413420048, 0.013605246973932115, 0.002108997533826491, 0.0008385140502365866], [0.9881397929928841, 0.008892659497659244, 0.0007861148686557062, 0.0021814325408009527], [0.9847803964741915, 0.011563106037033746, 0.0029548324080468555, 0.0007016649807279787], [0.9876479773513358, 0.008481208044842647, 0.0005983329551682402, 0.0032724815486533153], [0.988720343258427, 0.004407967577585291, 0.0038652258835424704, 0.0030064631804452547], [0.9873562739249578, 0.0041032085444395305, 0.002235509519521854, 0.006305007911080728], [0.002441032418940336, 0.004286887290936992, 0.9930293946307899, 0.00024268555933274293], [0.0034778564557859924, 0.008745128481214615, 0.0008155548023085822, 0.9869614601606909], [0.004629457048162575, 0.9920918654851253, 0.0028113795855482233, 0.00046729778116392823], [0.005437721316719048, 0.9890836146977345, 0.0014326206395681813, 0.0040460432459782005], [0.004112540852034183, 0.003179859918998189, 0.0017587172794108488, 0.9909488818495568], [0.001819537580025782, 0.001594778129924005, 0.9958876244016909, 0.0006980597883593121], [0.0014132504323437398, 0.004528074722057718, 0.9931587241641221, 0.0008999505814764188], [0.002437440098918869, 0.012185985817067134, 0.002257693901924893, 0.9831188800820891], [0.0028614893093780822, 0.9875907899261042, 0.00681452779189863, 0.002733192872619092], [0.0028823905216305372, 0.9870319982197511, 0.005101963887858763, 0.0049836472707596524], [0.0018970759891192399, 0.005198094420539234, 0.002637215602554787, 0.9902676138877867], [0.0017062072096255387, 0.0029499435682515548, 0.9942314335658111, 0.0011124155563117229]], "ideal": "B", "sampled": "B", "correct": true}}
{"type": "result", "data": {"idx": 3, "options": ["Coining money", "Authorizing constitutional amendments", "Having representation in Congress", "Appealing to the president to adjudicate disputes"], "probs": [[0.07517987993068898, 0.4327487639258103, 0.11290660511437088, 0.3791647509291298], [0.023516101716498632, 0.14190892847342862, 0.791278241511882, 0.04329672819819077], [0.06393298601364998, 0.27566445281825214, 0.0719205896770647, 0.5884819713910332], [0.013173797804511115, 0.09815776077440376, 0.8746330564720611, 0.014035384849023981], [0.026946519777641748, 0.8928361914031128, 0.03743296770632593, 0.04278432101291951], [0.016582936272423878, 0.9492721215591093, 0.021808245858162916, 0.012336696210303864], [0.04318741821182007, 0.39118016782313775, 0.05907159824637881, 0.5065608156186634], [0.017057970279633704, 0.1632154416560906, 0.7784450448001364, 0.04128154316413932], [0.03817065287271816, 0.06810523974841702, 0.30992381628774707, 0.5838002909911177], [0.02132431876984833, 0.08776717223433542, 0.858863611672632, 0.0320448972231842], [0.02320094926712112, 0.7164910933077276, 0.18112368615687696, 0.0791842711682743], [0.017840918552208238, 0.9155137979765267, 0.04085931219159932, 0.0257859711796658], [0.03839661639570061, 0.4716237431573312, 0.05011426283556781, 0.43986537751140037], [0.015615038484924583, 0.2387360320817211, 0.7295215684404027, 0.01612736089295165], [0.044778445758801265, 0.08636885526636297, 0.21540652820745823, 0.6534461706673775], [0.021403236392247296, 0.10877309033965034, 0.8420954973231654, 0.027728175844937017], [0.01804374032433817, 0.85619404793815, 0.09988899862885331, 0.025873213008658545], [0.016369455905333945, 0.9370448887719394, 0.021198145371849577, 0.02538750985087706], [0.11717411036203117, 0.7293578658993287, 0.06275830420323118, 0.0907097194354089], [0.12445689806097926, 0.7807729287080492, 0.07854219569155925, 0.01622797743941229], [0.15918927790162718, 0.08137159490622486, 0.6498533244580864, 0.10958580263406151], [0.4417963192094259, 0.308526557225673, 0.19163160738040508, 0.05804551608449598], [0.1596903976586466, 0.1585450347855566, 0.6622051706990127, 0.019559396756784028], [0.5005472636926988, 0.3388169230798931, 0.08841219827479097, 0.07222361485261714]], "ideal": "A", "sampled": "D", "correct": false}}
{"type": "result", "data": {"idx": 4, "options": ["contribute money to candidates for election", "coordinate local get-out-the-vote campaigns", "promote the defeat of incumbents in the federal and state legislatures", "organize protest demonstrations and other acts of civil disobedience"], "probs": [[0.9944126264787042, 0.004259094239398987, 0.0007134591761349725, 0.0006148200057618198], [0.9930756126998249, 0.005418799045721203, 0.0005911342116407694, 0.0009144539428131602], [0.9944024593206698, 0.00460513797794699, 0.0005387834082431049, 0.00045361919314008785], [0.9942465064196567, 0.004428474337539981, 0.0005600432765260079, 0.0007649758662772895], [0.994089433826772, 0.004095138554244879, 0.0008022189796773632, 0.0010132085393058307], [0.9953341913539528, 0.003095075388807088, 0.0005876335452544839, 0.000983099611985617], [0.0014724985839501756, 0.9955152684762485, 0.002110830362611732, 0.0009014024771895472], [0.001654788436131848, 0.9951288509103058, 0.002077498216560506, 0.001138862337001791], [0.0009525233401653325, 0.0018234394264128064, 0.9967694500163801, 0.00045458711704181656], [0.002810898995351846, 0.002369194574874905, 0.001320367707150694, 0.9934995386226225], [0.0012126492339719157, 0.00204860151494432, 0.9958703498225645, 0.0008683993285192312], [0.0037480598061203226, 0.0017728088743793025, 0.002073877528512786, 0.9924052536909875], [0.001975857073695058, 0.9927528526998158, 0.0035529884333812744, 0.0017183016931078812], [0.0017717651743234732, 0.9930431929470269, 0.003111972175803971, 0.0020730696028456205], [0.000736684907836005, 0.0014212653429943327, 0.9973146592394417, 0.0005273904097279431], [0.0021244285736660225, 0.0022281273870309506, 0.0011399254743735593, 0.9945075184649295], [0.0010210379810641024, 0.0016331754342550138, 0.995823383132875, 0.001522403351805934], [0.001890392018959883, 0.001833857479761585, 0.0013024014024441474, 0.9949733489988344], [0.0017433924708906286, 0.9924389318178501, 0.003840318257654432, 0.001977357353604731], [0.0012397520615708795, 0.9951243511950896, 0.0025057227165557797, 0.0011301739267837324], [0.0009899963485484522, 0.0021309193389559204, 0.9960501053857602, 0.0008289788267354543], [0.0022953110408060196, 0.001996228441917392, 0.0016967749438189016, 0.9940116854734576], [0.0009818594895708323, 0.002113144560313971, 0.9957642908010059, 0.001140705049109271], [0.0016811446842964013, 0.002409341193038951, 0.0012046705965194754, 0.9947048434261452]], "ideal": "A", "sampled": "A", "correct": true}}
{"type": "result", "data": {"idx": 5, "options": ["Impeachment, conviction, and removal from office by Congress", "Removal from office by the appointing president", "Removal from office by the president-elect", "Recall elections by citizens residing in the district over which the judge has jurisdiction"], "probs": [[0.9834143887785268, 0.012187884838358672, 0.002121577223076635, 0.0022761490600378357], [0.9869485234525002, 0.010383018015855103, 0.0016850588859942648, 0.0009833995456504834], [0.986109572692325, 0.003214927681486826, 0.009235753845665592, 0.0014397456805225624], [0.9804404252056971, 0.0026301355633090114, 0.001558939979443066, 0.015370499151550879], [0.9599870881792243, 0.0035482248765442803, 0.0358701096627243, 0.0005945771815070801], [0.9790817376014291, 0.0036171190364520777, 0.0013423305644072734, 0.015958812697711565], [0.007274462578086353, 0.9837071505802278, 0.00466836569611861, 0.004350021045567149], [0.006486017780883463, 0.9863035767437484, 0.003733104826879625, 0.003477300548488561], [0.0032106138082998283, 0.0018463584364663698, 0.9931952454009676, 0.0017477822542661468], [0.02309313609194339, 0.005667138403454273, 0.003689225010158107, 0.9675505003944442], [0.003927338718024471, 0.0021721209964806303, 0.9917631961696028, 0.002137344015892036], [0.024499214047594194, 0.006349630393089041, 0.0048697926590205885, 0.9642813628002962], [0.004793907211627408, 0.9806168649464475, 0.010731994425013698, 0.0038572333169113538], [0.00527416274265993, 0.9748301122373305, 0.002989448206434998, 0.016906276713574496], [0.0035253320174095434, 0.017227037287413503, 0.9775926241864443, 0.0016550064087325848], [0.009205861909987994, 0.10457969726175469, 0.003392556778443764, 0.8828218839498135], [0.0026084941809035333, 0.001823574034045645, 0.988852606724829, 0.0067153249602218325], [0.007805821914349447, 0.0030613909329886835, 0.4330945888422652, 0.5560381982103967], [0.004719882735175328, 0.980601369779937, 0.012645836912392867, 0.0020329104724947948], [0.004907141893361923, 0.9805514788658688, 0.0020032990675202104, 0.012538080073249093], [0.004077676014421969, 0.04120368304772186, 0.9523183227970408, 0.0024003180408154173], [0.01147312181833927, 0.07199092222867488, 0.004361704480001589, 0.9121742513729842], [0.002087892675538454, 0.0019635934786273617, 0.9926619858987459, 0.0032865278470883483], [0.0066004749473109765, 0.004723184282498088, 0.18270370387885523, 0.8059726367913357]], "ideal": "A", "sampled": "A", "correct": true}}
{"type": "result", "data": {"idx": 6, "options": ["vice president", "president's chief of staff", "national security advisor", "chair of the Federal Reserve Board"], "probs": [[0.007626888261529222, 0.9839175239440804, 0.0058573767854604684, 0.002598210908929954], [0.0076362140511417684, 0.9774907116558486, 0.00166937241233289, 0.013203701780676834], [0.002196412498507972, 0.008488050495123483, 0.9887462552793613, 0.0005692816270072491], [0.009033951653412631, 0.008103573370229026, 0.0010160688140284642, 0.9818464060623299], [0.002479794388038276, 0.002386397860803446, 0.9930761603973808, 0.0020576472537775204], [0.007284571098023898, 0.003963839301607522, 0.0034725527265549614, 0.9852790367738136], [0.973894276015499, 0.021700599136058967, 0.0016643382319168464, 0.002740786516525178], [0.977423598248958, 0.014283700699208604, 0.00064443091897512, 0.0076482700328583085], [0.9775430069790226, 0.015692209037820648, 0.0037909287920506016, 0.002973855091106122], [0.9732852992008253, 0.013469415571122753, 0.0012652246666803326, 0.01198006046137164], [0.9823743396722686, 0.0074522632525043965, 0.0023656478854331402, 0.00780774908979388], [0.9718409926374734, 0.009842989790243818, 0.002471194326512692, 0.01584482314577008], [0.003052895571674945, 0.02169936463007591, 0.9745814531531206, 0.0006662865451285662], [0.00887045887696534, 0.026086801701925726, 0.0009980385220740974, 0.9640447007990348], [0.0077445273246592615, 0.983685957040663, 0.006482445401742131, 0.0020870701329356715], [0.008801570056783892, 0.9790456773825393, 0.00224916704099776, 0.009903585419678965], [0.008866277780494812, 0.0024845831351135326, 0.009978811546011263, 0.9786703274383803], [0.0027442012867880993, 0.0024049021143444263, 0.9927938745294507, 0.0020570219694168216], [0.0016244760710735183, 0.013082759639348214, 0.9840266247286898, 0.0012661394608883896], [0.0037036605654175237, 0.02165635625608251, 0.0016991190986198068, 0.9729408639798801], [0.003790861594026088, 0.9878192283101758, 0.0034038255954873227, 0.0049860844003108695], [0.004551194499671328, 0.9831588629855617, 0.005715676912699382, 0.006574265502067584], [0.0037111698870964083, 0.006992909774941155, 0.006833619172785846, 0.9824623010651766], [0.0014117701270520812, 0.005717687332511895, 0.9919438999325362, 0.0009266425078998403]], "ideal": "B", "sampled": "B", "correct": true}}
{"type": "result", "data": {"idx": 7, "options": ["The amount of coverage the issue receives in the major news media", "The degree to which public opinion on the issue is likely to shift quickly", "The number of people affected by the issue", "The importance of the issue to a particular individual or group"], "probs": [[0.46241347719625364, 0.045816318902869954, 0.10810251190559292, 0.38366769189528344], [0.07923085248880778, 0.0200686491941849, 0.8933680416711337, 0.007332456545873572], [0.06836343479556806, 0.6539024636922015, 0.04627245984949359, 0.23146164156273688], [0.013480639865363351, 0.18768435312732917, 0.7961318357602906, 0.002703171147016951], [0.011511272114441836, 0.981814687812755, 0.004079147947833398, 0.0025948920249697035], [0.01227150335104248, 0.975206582901905, 0.009945132133715206, 0.002576781513337352], [0.012562453558344263, 0.4160557326846147, 0.06951631501342607, 0.501865498643615], [0.007946675731341207, 0.21493053674333584, 0.7675993527553714, 0.009523434669951578], [0.013591683379745876, 0.35885983467982047, 0.09286633072417624, 0.5346821511162574], [0.008059804176310281, 0.13427245425984063, 0.8417464713111996, 0.015921270152649436], [0.009111887352294158, 0.9372016714247586, 0.04020627067243599, 0.013480170450511206], [0.010662499655275725, 0.9306821683506985, 0.0344228031537859, 0.02423252874023988], [0.03450293825779438, 0.8764415349812495, 0.040355950439575135, 0.04869957622138096], [0.015441646956093687, 0.21837304754057515, 0.762019761186462, 0.004165544216869133], [0.45281343972903165, 0.08645298202286425, 0.04483460567689709, 0.41589897247120705], [0.1347940646875043, 0.044164056805973566, 0.8009551062966093, 0.020086772109912856], [0.010549250986214263, 0.9724759718352561, 0.012933902648151883, 0.004040874430377733], [0.011198669148447494, 0.9777099467169003, 0.005956091233266697, 0.0051352928013854915], [0.9694085736722815, 0.02731475816643915, 0.001341890813140549, 0.001934777248138753], [0.9096568416521003, 0.0814071165611214, 0.005676442409968423, 0.003259599276809941], [0.9914954938994672, 0.003443722160780851, 0.00248144637819352, 0.002579337461558385], [0.9908978596144062, 0.00402267358280427, 0.0031338560286629864, 0.001945610674126516], [0.9643256911345159, 0.026319286764880295, 0.006556176343228856, 0.0027988456573749027], [0.9846561069813647, 0.011382179709743881, 0.001935001717364896, 0.0020267114915264485]], "ideal": "D", "sampled": "D", "correct": true}}
{"type": "result", "data": {"idx": 8, "options": ["which special interest groups have endorsed which candidates", "the relative strength of each candidate's support, as indicated by public opinion polls", "candidates' positions on international issues", "candidates' positions on domestic issues"], "probs": [[0.01077854577232977, 0.46926938119584666, 0.016442534147396926, 0.5035095387844266], [0.010569065241069132, 0.8800108735132142, 0.08919050105891356, 0.020229560086803128], [0.007586577938906049, 0.016586103632617172, 0.9412644526530769, 0.034562865675399894], [0.012975048151664746, 0.02389713913059111, 0.4796468272358459, 0.48348098538189827], [0.007129512955623373, 0.06983424201773755, 0.9195803102355278, 0.0034559346911112484], [0.009890901016877946, 0.2473125098906519, 0.043654132655623, 0.6991424563368471], [0.169753303878085, 0.023918536128622173, 0.03317340656405357, 0.7731547533292392], [0.18649500019635565, 0.03168390099346714, 0.767416752710259, 0.01440434599991826], [0.4138204858308118, 0.04538818236972891, 0.02143456873108637, 0.5193567629683729], [0.26259823004624006, 0.07129221712370647, 0.6609351821028097, 0.005174370627243779], [0.2842964635615539, 0.641039097283718, 0.04465657638522619, 0.03000786266950186], [0.3335314752858289, 0.5811420190710954, 0.07389318334863469, 0.011433322194441035], [0.009534204066990995, 0.012643594812710384, 0.9506323622779864, 0.027189838742312192], [0.028742184163645882, 0.015898290635028275, 0.3819120135430993, 0.5734475115582265], [0.03633509101909196, 0.4228039563358604, 0.02276666584848936, 0.5180942866965583], [0.02648553530687618, 0.811720456590181, 0.15492440898886262, 0.006869599014080196], [0.022852743840691647, 0.2053940647358473, 0.02018568384325913, 0.751567507480202], [0.012790713223520043, 0.12626918346918112, 0.8561501372539015, 0.004789965953397275], [0.009398614125493676, 0.012960407978195372, 0.9741749239049835, 0.0034660538913274803], [0.08535339602949217, 0.022638110230852056, 0.0361573878997413, 0.8558511057399144], [0.07169501509431923, 0.8340967923838893, 0.04251258090649319, 0.05169561151529818], [0.048314398851928314, 0.9050873401507692, 0.031957721168323114, 0.014640539728979347], [0.08545128032396444, 0.014981312285097921, 0.015569632465372341, 0.8839977748255653], [0.013643847678049492, 0.017947835078142644, 0.9645222416824122, 0.003886075461395717]], "ideal": "B", "sampled": "B", "correct": true}}
{"type": "result", "data": {"idx": 9, "options": ["One man, one vote", "Separate but equal", "Judicial review", "Right to privacy"], "probs": [[0.0002611864464749055, 0.0002598866401629441, 0.9993753317031467, 0.0001035951102153906], [0.001557639208531752, 0.0005447141560436776, 0.00043824093617420484, 0.9974594055992504], [0.0005392926341456712, 0.9988866943662286, 0.0004967175723226678, 7.729532730308112e-05], [0.0006451440935179569, 0.9987863420703618, 0.00048156973778591786, 8.694399833432532e-05], [0.0018195775103912939, 0.0007438446638602075, 0.0005365726707896332, 0.9969000050549589], [0.0003769180766760778, 0.0003497009591839775, 0.9991444139574691, 0.00012896690667085328], [0.0002323097771719394, 0.0003014832869421963, 0.9993789431257466, 8.726371013923987e-05], [0.001353386231296714, 0.000727090880960837, 0.0004702264060115549, 0.9974492963817309], [0.0005026836674210157, 0.999089259820679, 0.0003582886855909596, 4.9767726309014295e-05], [0.0005145743113531411, 0.9990412993500101, 0.0003756067167710339, 6.851952186573641e-05], [0.0015210308368557716, 0.0006169834712825416, 0.0006885264512994101, 0.9971734591405622], [0.00032757073618056427, 0.00029014024231363415, 0.9992665463950646, 0.00011574252644113665], [0.9989840743482827, 0.0007590540734577312, 0.00012929711062710332, 0.00012757436763241435], [0.9989210116678724, 0.0008077740683166087, 0.00013442937367800248, 0.00013678479013299363], [0.9991958576431809, 0.0005514426068057022, 0.0001365479962093938, 0.00011615165380404495], [0.9991090567073827, 0.0005869775003686186, 0.0001453469692703798, 0.00015861872297833965], [0.9990395684964409, 0.0006346020039565055, 0.00016598970150415727, 0.00015983969809843], [0.9990520111696295, 0.0005827359989592686, 0.0001584609745067564, 0.00020679175690444267], [0.0016957505060206655, 0.0010650428394601526, 0.0005848287990488935, 0.9966543777554703], [0.0003513230914260682, 0.00047067058083400163, 0.9990539007416727, 0.00012410548606723115], [0.001485746651764813, 0.0008234793501373786, 0.0006675835235302601, 0.9970231903745675], [0.00030776945555165873, 0.000350095305588123, 0.9992324434757428, 0.00010969166311740517], [0.0007193235305909925, 0.9984272633010517, 0.0007689206452556562, 8.449242310160638e-05], [0.0006450562387822335, 0.9984944877361449, 0.0007512532620135008, 0.00010920266305940251]], "ideal": "C", "sampled": "C", "correct": true}}
{"type": "result", "data": {"idx": 10, "options": ["A congressperson who retires to take a position teaching political science at a university", "A former president who advises a current president on a particular foreign policy issue", "A voter who researches the positions of all candidates in a race before choosing whom to support", "An official who leaves the State Department to work as a paid consultant to foreign governments"], "probs": [[0.007064744156507764, 0.025850742294384086, 0.004601254923796667, 0.9624832585253115], [0.0030606855272073577, 0.011026513127543824, 0.9846051960204802, 0.0013076052247686073], [0.005881748002765477, 0.00897226272042933, 0.018554001543616628, 0.9665919876331885], [0.0026136887960899937, 0.004081572937775949, 0.9907497389846448, 0.0025549991814892226], [0.0053529463188627625, 0.9733223055201987, 0.017282602840055537, 0.004042145220882973], [0.0064007142157472266, 0.9724599203539288, 0.006256486806680072, 0.014882878523643938], [0.009880817372771897, 0.014840385228731134, 0.005461854375951665, 0.9698169429225453], [0.0038853642141713058, 0.0058816636071508084, 0.9887565515912817, 0.001476420487396197], [0.009110346176807048, 0.010011108306782564, 0.006465297473700923, 0.9744132479427094], [0.003057477205835688, 0.004084878944647744, 0.9914004506252099, 0.0014571931243067189], [0.00950746608292164, 0.9698724479487042, 0.015200041752655234, 0.005420044115718965], [0.010688018944207865, 0.9698343835925006, 0.009588414766468847, 0.009889182596822666], [0.004863495459619288, 0.01939011173036804, 0.011672287402651681, 0.9640741053073609], [0.002988832669005383, 0.008995889151784413, 0.984322114521274, 0.0036931635579361753], [0.006808861386392185, 0.029584073519194575, 0.006401499015993075, 0.9572055659784201], [0.003613077684832354, 0.015457597186976636, 0.9789319384976697, 0.001997386530521361], [0.0037355584994620073, 0.9804329620048593, 0.00822566707889636, 0.007605812316782301], [0.0038588020073671726, 0.9816643850203568, 0.010493792228381593, 0.003983020643894381], [0.9362120036698056, 0.03774051129727438, 0.02383053897220846, 0.002216945960711565], [0.9364977482405428, 0.04018737377205733, 0.002289680299255054, 0.021025197588144834], [0.9565244072232753, 0.03593814653561861, 0.00582775924339829, 0.0017096868977078655], [0.9630386026079828, 0.031195053159412213, 0.002906623466718536, 0.0028597206658864064], [0.942390451531538, 0.02631659812870019, 0.005970486878442939, 0.025322463361318808], [0.9497475844064711, 0.024917107054807618, 0.022011966923296638, 0.0033233415154246297]], "ideal": "D", "sampled": "D", "correct": true}}
{"type": "result", "data": {"idx": 11, "options": ["Constitutional amendments", "Presidential executive orders", "Laws passed by Congress", "Laws passed by state legislatures"], "probs": [[0.25320919779668666, 0.3656149424481986, 0.25748273152184437, 0.1236931281332704], [0.2797292283079213, 0.43680584477547324, 0.22689704563380203, 0.056567881182803426], [0.40058901305083455, 0.3071860922985139, 0.09828430266761962, 0.19394059188303195], [0.42545811633798, 0.3340125845452778, 0.2353099491205634, 0.0052193498961787725], [0.3452344484992135, 0.44679900333587197, 0.07363921293417518, 0.13432733513073936], [0.3397928959144274, 0.46087002280299627, 0.192464347219559, 0.006872733963017336], [0.09145505627688427, 0.5736435461186944, 0.27975266168933743, 0.055148735815083956], [0.07533716690297929, 0.6664495715745011, 0.23969621356773316, 0.018517047854786424], [0.16658076890502668, 0.24249644936426107, 0.3611723238043269, 0.2297504578263853], [0.0926041496243887, 0.3110166035652332, 0.5901073486096206, 0.006271898100757568], [0.10179574483223812, 0.64862082449206, 0.20104215438018025, 0.048541276195521545], [0.07550660646614754, 0.7222223402210084, 0.19144821486017785, 0.010822838352666234], [0.06977339677321409, 0.5116478685899762, 0.2849494452873404, 0.13362928924946926], [0.06575943706553691, 0.6960550137896622, 0.2279802771163628, 0.010205271928438082], [0.09332509993647198, 0.2639402212886125, 0.4185805840150632, 0.22415409465985237], [0.06415570259612756, 0.4930735895344464, 0.40255764141807987, 0.04021306635134617], [0.05583564212298697, 0.6542364382619947, 0.244630903892458, 0.04529701562256024], [0.04765273967167494, 0.6327288699059098, 0.27227505835943316, 0.04734333196298209], [0.11600676696362783, 0.6128137981046567, 0.20547440074450204, 0.06570503408721333], [0.1284344049571811, 0.6626210224387177, 0.18277315827638022, 0.026171414227720995], [0.17763653096813398, 0.3762665940921693, 0.37640875117947675, 0.06968812366022002], [0.1898766365420674, 0.47012160624695243, 0.27219218824144786, 0.06780956886953228], [0.22177246296374117, 0.22540812254701242, 0.5241097475441744, 0.02870966684507204], [0.22918159838503563, 0.32338265215158024, 0.3752048136520109, 0.07223093571137315]], "ideal": "A", "sampled": "A", "correct": true}}
{"type": "result", "data": {"idx": 12, "options": ["It provides a structured environment in which factions may flourish.", "It limits the dangers of factionalism by diluting political power.", "It allows factions to dominate on the national level while limiting their influence on state governments.", "It eliminates any opportunity for factions to form."], "probs": [[0.0021344695750995795, 0.9912000208552677, 0.004245622089967103, 0.0024198873796655875], [0.002545332284644592, 0.9875942992419955, 0.0028850291644514038, 0.006975339208908519], [0.0008736746566971575, 0.002356641660751558, 0.9962435436052144, 0.0005261399773368497], [0.008977094434356313, 0.011802031355143435, 0.0040796719373864775, 0.9751412021731137], [0.0012395032677399306, 0.002108595566122273, 0.9944585558442457, 0.0021933452218921437], [0.010527030534442958, 0.007293515531551367, 0.004060473640568168, 0.9781189801934375], [0.9867851123672309, 0.006102464890094358, 0.0028178469381167606, 0.0042945757045580145], [0.9809803523194148, 0.0064075311569036, 0.0010070870179233029, 0.011605029405758258], [0.9826860858184614, 0.010832808729117996, 0.0017838151824658653, 0.004697290169954681], [0.9847155105638623, 0.009883509575563224, 0.0009796409738745157, 0.004421338786699955], [0.9792092836948614, 0.006199177692600022, 0.0019673308883863313, 0.012624207624152227], [0.9836242271846191, 0.005849554358001156, 0.006278634203079797, 0.00424758415430004], [0.0014503755554823021, 0.0024869930908596933, 0.9953661292034056, 0.0006965020502524094], [0.03124479499489528, 0.008026531245683394, 0.00329434370918587, 0.9574343299502355], [0.0038247289810141418, 0.9886976419812786, 0.0038259750906864537, 0.0036516538470208115], [0.0027166541653715253, 0.9902476150815476, 0.002760313406490321, 0.004275417246590595], [0.03782912687706306, 0.0058034881511227696, 0.010183174086214226, 0.9461842107855999], [0.0015919053067775684, 0.0024466100975244673, 0.9947015979098764, 0.0012598865858214864], [0.001181145630960645, 0.0028115871477167923, 0.993128309956465, 0.0028789571648575457], [0.00568129259786667, 0.011300154923621939, 0.0045670267002127715, 0.9784515256782986], [0.0027497010490511366, 0.9789613188037969, 0.004751698548294764, 0.01353728149885717], [0.0022083592042268147, 0.9860972152196725, 0.005595794743608797, 0.006098630732491814], [0.003130150128178866, 0.0175988927499954, 0.010674301083983604, 0.9685966559378422], [0.0007003174484020022, 0.0046749231220582195, 0.9938120600484244, 0.0008126992811154406]], "ideal": "B", "sampled": "B", "correct": true}}
{"type": "result", "data": {"idx": 13, "options": ["Non-whites are more likely to vote Democratic than are whites.", "Women are more likely to vote Democratic than are men.", "Low-income Americans are more likely to vote Democratic than are upper-income Americans.", "Evangelical Christians are more likely to vote Democratic than are non-religious Americans."], "probs": [[0.002530684634382561, 0.013897777788069889, 0.00925612621841249, 0.974315411259135], [0.002505326079589849, 0.007722543967094004, 0.9876752429941618, 0.0020968868591543888], [0.0023804459641073926, 0.011536243812984053, 0.010668121756478193, 0.9754151883664304], [0.003915051036997375, 0.02020430530787153, 0.9732470046967258, 0.0026336388584053782], [0.004686157171957117, 0.9805268328872441, 0.0065550572505049896, 0.008231952590293763], [0.004696431296075416, 0.9827680989506398, 0.007679541909205969, 0.0048559277440788405], [0.002480559117862522, 0.01240682239502512, 0.00734831576419, 0.9777643026229224], [0.0019959663150473338, 0.009307351014432252, 0.9867280179768978, 0.0019686645936226508], [0.0021312252550952935, 0.010250794444876329, 0.005703961334011123, 0.9819140188660173], [0.0025173322927520767, 0.01860821038554169, 0.9765048506154788, 0.0023696066062274214], [0.0037865637874752644, 0.9859128360780933, 0.0055073522984703145, 0.00479324773596108], [0.004089364497832258, 0.9847763688568221, 0.0059946110032105945, 0.005139655542135049], [0.002235919656762562, 0.009271689499753799, 0.005449932422038451, 0.9830424583214452], [0.003353425282537357, 0.019010757919302384, 0.9747160021653815, 0.002919814532778785], [0.0019013383479086043, 0.00845832980180987, 0.004743848650164075, 0.9848964831001175], [0.0022899670763957217, 0.012098369120853747, 0.9833878384618332, 0.002223825240917323], [0.004357296468818395, 0.9860560209738005, 0.005421764634466803, 0.004164917822914269], [0.004352595407885032, 0.9849017156162194, 0.00474303006496544, 0.006002658810930062], [0.7262545572230605, 0.2569182040870581, 0.01053332214808876, 0.006293916441792561], [0.71832061214583, 0.26014686597499725, 0.015156651605265666, 0.006375870173907067], [0.7131169351310558, 0.26438209091745785, 0.01678504588081699, 0.005715927970669412], [0.7138451942086816, 0.2585081974943065, 0.019187893480097896, 0.008458714716913916], [0.7169026778464596, 0.26376068761386323, 0.015129472226166903, 0.00420716221351027], [0.7158827488271499, 0.2654114775804094, 0.01322793923360379, 0.005477834258836955]], "ideal": "D", "sampled": "D", "correct": true}}
{"type": "result", "data": {"idx": 14, "options": ["certiorari", "de jure", "ex post facto", "stare decisis"], "probs": [[0.00288041515291339, 0.0011221344940156052, 0.0007437181121642079, 0.9952537321409068], [0.0008291059397478954, 0.000398703459714231, 0.9985441975298818, 0.00022799297065604146], [0.003113787844897885, 0.0009523455491114263, 0.0008490472657686351, 0.9950848192402221], [0.0006460653386569714, 0.00034658762168318495, 0.9988610746675233, 0.0001462722721365981], [0.0017649732246994216, 0.9971418089243494, 0.0008115702420714559, 0.00028164750887963195], [0.0018203914704708326, 0.9968645316482948, 0.001074076189105689, 0.00024100059212872849], [0.0019213734399703647, 0.0010310476216425339, 0.0007048488398393242, 0.9963427299985478], [0.0006164524495551488, 0.0004482390122668471, 0.9987722108573857, 0.00016309758079231326], [0.0018479910263284544, 0.0010149858453646062, 0.0006991727296472016, 0.9964378502986597], [0.0005837563725182534, 0.00036036260739154616, 0.9988577676711904, 0.00019811324889982266], [0.001395864638988961, 0.9969168262329674, 0.0015135913789076903, 0.00017371764913591474], [0.001363708156107639, 0.9969008193844623, 0.001501955644731847, 0.0002335167146982562], [0.0024663253180058076, 0.0008347303626528137, 0.0006829579673443863, 0.9960159862519969], [0.0005747500536164479, 0.0003205485031938291, 0.9989815681912145, 0.00012313315197518148], [0.0021266382717090248, 0.0010467400791253172, 0.0007098335251620241, 0.9961167880240036], [0.0006876204914173529, 0.00031802797701616504, 0.9987700062262368, 0.000224345205329635], [0.0017101431633123473, 0.9970337774054551, 0.0010903436438991308, 0.00016573568733340517], [0.0015825255277202076, 0.9973775119706466, 0.0007332519579558836, 0.0003067104436772992], [0.9989766936953728, 0.0008319489721128543, 9.128221663016662e-05, 0.00010007501588416842], [0.9989763133329036, 0.0008003994401757052, 0.0001284507911016156, 9.483633581911458e-05], [0.9990129874195003, 0.0007344420159146998, 0.00017413585401962662, 7.84346105653817e-05], [0.9990262136245989, 0.0006850158332486912, 0.0001611229000303236, 0.0001276475421220609], [0.998713361310564, 0.0010512252203212927, 0.00017523980707235024, 6.017356204232046e-05], [0.9987219927312748, 0.0010431487712078999, 9.49135656150153e-05, 0.00013994483190227547]], "ideal": "D", "sampled": "D", "correct": true}}
{"type": "result", "data": {"idx": 15, "options": ["Blue-collar workers who belong to a union", "Professionals", "Voters who are active in their political parties", "Voters aged 18-29"], "probs": [[0.014489582644063897, 0.889810499063562, 0.05471064880128594, 0.04098926939108813], [0.012901694092019831, 0.6568344020659745, 0.3226125432866819, 0.00765136045532378], [0.005653163270758766, 0.020697032177481305, 0.9512727983645208, 0.022377006087239082], [0.010588460196495246, 0.03726960575947945, 0.924440706147505, 0.02770122779652035], [0.011274507562141512, 0.25876224713172624, 0.7142997569625227, 0.015663488243609497], [0.027223458561602812, 0.7078169596750593, 0.10942473281836144, 0.15553484884497643], [0.2862613711589007, 0.4231859021006263, 0.06749135053998787, 0.22306137610048515], [0.05983323364478821, 0.21392763137006465, 0.7179421346201773, 0.008297000264969769], [0.2088223155160497, 0.33383403712894866, 0.23490317603519653, 0.2224404712198051], [0.032000000458736036, 0.07505152254277157, 0.8861256979527911, 0.006822778945701313], [0.06235329631093604, 0.7658649924743693, 0.14617331787403445, 0.02560839324066014], [0.06631057873338979, 0.7956970828762622, 0.10854105445135978, 0.029451283838988294], [0.013336030913887645, 0.05076498984951041, 0.8859094456700433, 0.049989533466558725], [0.01931461337122344, 0.08527553160078724, 0.8749849280863055, 0.020424926841683833], [0.051022551568542684, 0.46939819696770346, 0.17407350110702308, 0.30550575025673077], [0.022012735357501534, 0.1328418736395507, 0.8330716111106377, 0.012073779792310132], [0.033890060445815204, 0.7082482443740475, 0.207732315941759, 0.050129379138378255], [0.04240136504950511, 0.6186539944975266, 0.29683916768110097, 0.04210547267186734], [0.07451843099295527, 0.13192585772818968, 0.7709794431460152, 0.022576268032839863], [0.3271731211031088, 0.28658697646792547, 0.11052847899572513, 0.27571142333324056], [0.1752714449263388, 0.48417429307572585, 0.3175450444818494, 0.023009217416085963], [0.39470520866259673, 0.45094881172764595, 0.11673265160987085, 0.03761332789988644], [0.2713052579618652, 0.1880780423229974, 0.5032830740141672, 0.037333625600970186], [0.2840048862707892, 0.20153994105454737, 0.4722081544445556, 0.04224701813010782]], "ideal": "D", "sampled": "D", "correct": true}}
