{"type": "result", "data": {"idx": 0, "options": ["True, True", "False, False", "True, False", "False, True"], "probs": [[0.025121800762745713, 0.012156152244459659, 0.9146546780172479, 0.04806736887554674], [0.01943903036430164, 0.015747949420769958, 0.4863973241319733, 0.47841569598295514], [0.04701698391111463, 0.5381667833976013, 0.03311814503152142, 0.3816980875597627], [0.06383592230482302, 0.6301211911105553, 0.26698873733738265, 0.039054149147239], [0.040748629563143596, 0.3438862847048141, 0.2577511658345531, 0.35761391979748924], [0.060410241746058836, 0.06434577968477137, 0.8616427136362201, 0.013601264832949628], [0.007767844453433974, 0.14762850056164784, 0.8113974901595951, 0.03320616472532315], [0.013013232158713242, 0.10313812373304569, 0.6034800848343963, 0.28036855917384473], [0.011617818986796022, 0.12882070398036125, 0.8474755984974892, 0.012085878435353477], [0.011936510402993972, 0.265259722295578, 0.3657937775001738, 0.35700998970125425], [0.012723155223623495, 0.13889419927628036, 0.5543223577606503, 0.2940602876394458], [0.012492419393774986, 0.13852347625696873, 0.45118225246601595, 0.39780185178324035], [0.06140693230754791, 0.5473517734207347, 0.09592722283888805, 0.2953140713328294], [0.05521451036800289, 0.5937778861856173, 0.2555624465311917, 0.09544515681518809], [0.07102637256814959, 0.012643643193308383, 0.8265103408802932, 0.08981964325824884], [0.03852626570340308, 0.01062371933310367, 0.5492653027525081, 0.40158471211098523], [0.026376839085826644, 0.15420953554473255, 0.8025030894659009, 0.01691053580353997], [0.03556009822027081, 0.4134081247468136, 0.06006594604578189, 0.49096583088713375], [0.05453889315203838, 0.5957293180106592, 0.14381755039822322, 0.20591423833907915], [0.02200050766548714, 0.5630989367822913, 0.37832786622060266, 0.036572689231618896], [0.08655631783175806, 0.024813535382730633, 0.5268597153473835, 0.3617704313381278], [0.11281812388575059, 0.03158367644460644, 0.16955288421832437, 0.6860453153513186], [0.024322346381784946, 0.22197671297700042, 0.7401504139968367, 0.013550526544377935], [0.03755900200447542, 0.4684746186408724, 0.02176518887829928, 0.47220119037635283]], "ideal": "D", "sampled": "A", "correct": false}}
{"type": "result", "data": {"idx": 1, "options": ["True, True", "False, False", "True, False", "False, True"], "probs": [[0.019241127040743447, 0.0232267948048981, 0.9360497976519945, 0.021482280402363926], [0.01880825971147003, 0.03275662092153616, 0.4154591188319207, 0.5329760004350731], [0.04283644545788368, 0.6706359239423438, 0.06538982382141625, 0.22113780667835622], [0.043269161793308066, 0.7157302587550594, 0.19416791314481754, 0.046832666206815046], [0.030319101879551724, 0.4319895771310654, 0.23136177484343157, 0.3063295460459513], [0.029648841044510373, 0.18318139737208203, 0.7720086250237358, 0.015161136459671841], [0.01709490541488802, 0.04870633280362204, 0.8513670394964565, 0.08283172218503339], [0.032160961692143934, 0.04646231831149356, 0.5199979198948084, 0.40137880000155407], [0.021021176809906825, 0.6194264446002686, 0.3369929602117282, 0.022559418278096315], [0.031105192317114883, 0.6106538164551593, 0.1300807145665132, 0.22816027656121265], [0.029256696913962318, 0.2430956151443824, 0.3076207150300561, 0.4200269728115992], [0.02965031784851267, 0.15067401159344468, 0.7427108840431299, 0.07696478641491279], [0.44038591139765043, 0.1835180560454161, 0.18961099148219193, 0.18648504097474153], [0.41413519399398535, 0.1686105604094123, 0.24186064660903137, 0.17539359888757097], [0.43146305307611704, 0.07495347987214887, 0.37836047157526254, 0.11522299537647156], [0.15360546799525668, 0.047599797443766474, 0.4214126545522758, 0.37738207990870104], [0.30776267094206755, 0.20349439218488918, 0.4347997443390302, 0.05394319243401307], [0.252031091605719, 0.31618544927334136, 0.15915154156213243, 0.27263191745880716], [0.4033629357912542, 0.1437856278243765, 0.2885746402537532, 0.16427679603061607], [0.25230284770877853, 0.12010670839221121, 0.472095654199131, 0.15549478959987928], [0.41405346368503376, 0.17527781163969514, 0.1215552669410257, 0.2891134576342454], [0.44542257645973066, 0.16641041138861204, 0.16927498072853764, 0.21889203132311966], [0.20504541502705487, 0.5708813794899179, 0.15260337531056004, 0.07146983007246716], [0.2551831815261444, 0.5752528712424723, 0.05974710904312206, 0.10981683808826127]], "ideal": "C", "sampled": "C", "correct": true}}
{"type": "result", "data": {"idx": 2, "options": ["True, True", "False, False", "True, False", "False, True"], "probs": [[0.01577007089945471, 0.018461630503022523, 0.9182848709690703, 0.04748342752845242], [0.013533384687711496, 0.02651664088770846, 0.5047154730683633, 0.4552345012562168], [0.02203206950747743, 0.7246666090980732, 0.056768890594709596, 0.1965324306997398], [0.017842486998997854, 0.7025554835004862, 0.19507326184124377, 0.0845287675592721], [0.01567651011298514, 0.39814568896823954, 0.3922083210920789, 0.19396947972669634], [0.01725062766313813, 0.1676923222901392, 0.7883200224815265, 0.02673702746519613], [0.008285469629364882, 0.04694708953072601, 0.8936295187043225, 0.051137922035586585], [0.015246890994953879, 0.03386217841450358, 0.6493139484017925, 0.30157698208875], [0.013850423508586668, 0.35735700114809443, 0.5851124728183038, 0.04368010242501508], [0.01447602037516569, 0.38844876767743036, 0.4875292314399689, 0.10954598040743506], [0.012793120267550922, 0.3828420402723725, 0.12053356707184397, 0.4838312722882326], [0.013313680562135579, 0.39859111931935554, 0.44489102601249747, 0.14320417400601143], [0.15159947130354606, 0.27909923428782024, 0.2192444568428038, 0.3500568374658299], [0.1297224552923751, 0.2315079764116175, 0.35061390617199767, 0.2881556620240097], [0.19195088742244004, 0.1592189371426627, 0.32711154219217287, 0.32171863314272436], [0.04378463876772299, 0.057170783402085056, 0.7780140289774052, 0.12103054875278668], [0.0571926285034165, 0.6354750110106224, 0.217936908375125, 0.08939545201083603], [0.03781426093402334, 0.7089404727159971, 0.17372711648273362, 0.0795181497672459], [0.21969731132929826, 0.08811580979719473, 0.41429096254004644, 0.27789591623346055], [0.035510409619833434, 0.036404233422215215, 0.8759525417405603, 0.05213281511739109], [0.14825522456310133, 0.26244630624869675, 0.08729678131372628, 0.5020016877744756], [0.19919440747916708, 0.3136176326430209, 0.20589076550224414, 0.2812971942755679], [0.03720617321660221, 0.7843592820602043, 0.13314734497189723, 0.04528719965129618], [0.04462674093445633, 0.8300839352491433, 0.058737491857440614, 0.06655183185895977]], "ideal": "B", "sampled": "C", "correct": false}}
{"type": "result", "data": {"idx": 3, "options": ["12", "24", "48", "72"], "probs": [[0.033693972846126415, 0.21120086231503546, 0.6826116416568482, 0.07249352308198993], [0.023100151650352414, 0.139258077213435, 0.7418444446081405, 0.09579732642807211], [0.027805018699320755, 0.2942305556383517, 0.6185972767507878, 0.05936714881153973], [0.023687471672618136, 0.24100489409485612, 0.6257295268260985, 0.1095781073064272], [0.024643125331362446, 0.3169802766327638, 0.5881330446998704, 0.07024355323600341], [0.024918898049665683, 0.28729371357288963, 0.6184062602991817, 0.06938112797826308], [0.14092523298305426, 0.13239299263278487, 0.6176585690313893, 0.10902320525277155], [0.1237792847281435, 0.1083899686017269, 0.5957883728993578, 0.17204237367077177], [0.13352963028564233, 0.29165553391813387, 0.4739136291436728, 0.100901206552551], [0.11926808084007931, 0.2584470645014989, 0.556360690944325, 0.06592416361409668], [0.09664047339429484, 0.43648355816312195, 0.3483599929675783, 0.11851597537500493], [0.08371965648677938, 0.2831699570966461, 0.5727497381349088, 0.0603606481816657], [0.1852151075272979, 0.13551867511700447, 0.5667869063193146, 0.11247931093638303], [0.14566130826163037, 0.10740923055372496, 0.5210779865974801, 0.2258514744871646], [0.20075442487581796, 0.2479016818796294, 0.43225897402051444, 0.11908491912403818], [0.16067874908863308, 0.1849265898557329, 0.46190138043020657, 0.19249328052542747], [0.1562540703297476, 0.32058555362275454, 0.35535798002739566, 0.16780239592010218], [0.1523931369746265, 0.2780840777501757, 0.4812282168750013, 0.08829456830019655], [0.3589841669590284, 0.09738220873421834, 0.42037742699386876, 0.12325619721288449], [0.2741024453052593, 0.07853812606535573, 0.5502551711507458, 0.09710425737863909], [0.37094220515356435, 0.19700497386869673, 0.2985716759859967, 0.1334811448917422], [0.2736973823414642, 0.139789077769898, 0.5002796761253803, 0.08623386366325751], [0.32605791088658365, 0.24039746818522692, 0.2974555194080444, 0.13608910142014505], [0.3113152523615443, 0.2173066087135897, 0.3943805274441084, 0.07699761138075757]], "ideal": "D", "sampled": "D", "correct": true}}
{"type": "result", "data": {"idx": 4, "options": ["convolutional networks", "graph networks", "fully connected networks", "RBF networks"], "probs": [[0.9982979009002142, 0.0011197501702583366, 0.00032214237376966564, 0.00026020645575777003], [0.9975240913527159, 0.0015407845723682864, 0.00028241484671006587, 0.0006527091282056602], [0.998679849074531, 0.0008665867779801648, 0.0002165295806774895, 0.00023703446681129682], [0.998494993519608, 0.0011197968304440414, 0.00019621804445237961, 0.00018899150549553064], [0.9978128602549092, 0.0010198858728787297, 0.00020356174941306632, 0.0009636920227990194], [0.99830674259406, 0.0011194276556482188, 0.00028620477904275167, 0.00028762487124895503], [0.001793581217390825, 0.9974434001665021, 0.00037487736805975875, 0.00038814114804725273], [0.0018941973152427005, 0.9969927677781659, 0.0002702040496960285, 0.0008428307568953826], [0.0006139653622297056, 0.00032336851850762744, 0.9988276691708178, 0.00023499684844489245], [0.001388291990288241, 0.00035135390923819363, 0.0001763721723919365, 0.9980839818280817], [0.0008194014526794486, 0.0002633095779182641, 0.9984941799513386, 0.0004231089180636506], [0.001141575650217449, 0.00012025210367414894, 0.0013511035588888746, 0.9973870685872195], [0.0012043795993207176, 0.9978752118969079, 0.00044660680500835555, 0.00047380159876306836], [0.0013542709585126272, 0.9977148731378281, 0.00035072536998771004, 0.0005801304336715609], [0.0005294353783074085, 0.0002955925768406236, 0.9989190099398848, 0.00025596200496711487], [0.001192696254731923, 0.00029131865587270217, 0.00022524745484782993, 0.9982907375345476], [0.00047107617768706993, 0.00018754047301716128, 0.9990722670812745, 0.0002691161680213021], [0.0012939281047045842, 0.0001086129490857587, 0.0006914782477690979, 0.9979059805984405], [0.0012314529063042748, 0.9962322634983609, 0.0005338733858164283, 0.002002410109518338], [0.0012814851347107664, 0.9972492302295228, 0.0008427185030622895, 0.0006265660327040504], [0.0006136381711225449, 0.0005158668258735378, 0.9982007274363376, 0.0006697674666662976], [0.0007730908942658949, 0.00029102911719733923, 0.0008669187945266167, 0.9980689610940101], [0.0004895519845504617, 0.0006124064568301324, 0.9985787340573932, 0.0003193074012262243], [0.0007524996580786599, 0.0004199338625892981, 0.0003753443797919269, 0.9984522219995401]], "ideal": "A", "sampled": "A", "correct": true}}
{"type": "result", "data": {"idx": 5, "options": ["True, True", "False, False", "True, False", "False, True"], "probs": [[0.017510738812649782, 0.14426872574868488, 0.7058640204992284, 0.13235651483943703], [0.012331365249347121, 0.1399176632807214, 0.31583873905057464, 0.5319122323193568], [0.02937698950117041, 0.46679407788237476, 0.14029874036826467, 0.36353019214819016], [0.02347248400660806, 0.42943178823897804, 0.39757766815368983, 0.1495180595007241], [0.01833612247801989, 0.4340152949141911, 0.3893239417980145, 0.1583246407097745], [0.01798667758523365, 0.4191329478798396, 0.47908553476311133, 0.08379483967181536], [0.025600692302410053, 0.02925530826241649, 0.5835623155389588, 0.3615816837962147], [0.03650353753378746, 0.022526662207054605, 0.5634544344272235, 0.3775153657319344], [0.06610413590825073, 0.41459634587048766, 0.3234196876901347, 0.19587983043112692], [0.07280956736046446, 0.3530589534567707, 0.4576527935508364, 0.11647868553192844], [0.044199329955966225, 0.31908462526679277, 0.0982091517225552, 0.5385068929546858], [0.05032872574416181, 0.3060867958695769, 0.5509211194704436, 0.09266335881581768], [0.2458904908086192, 0.10010230241900116, 0.2791583156557377, 0.374848891016642], [0.2063412727608951, 0.07833516830421446, 0.3803629690136517, 0.3349605898212388], [0.26618002255996476, 0.16013771829567047, 0.22108870914819034, 0.3525935498961744], [0.09979042560113394, 0.11401355330915235, 0.6082005733715913, 0.17799544761812244], [0.08994129835309994, 0.6009522438015945, 0.08805750834404065, 0.22104894940126482], [0.06646505395958233, 0.6719893461991495, 0.1740857420791929, 0.08745985766207523], [0.1359190612317513, 0.08244702779913195, 0.5643861763124646, 0.2172477345566522], [0.06431794048409023, 0.055902570433940146, 0.5480384687181705, 0.33174102026379915], [0.08355611190360189, 0.4114442949231227, 0.07386260809141607, 0.4311369849818594], [0.09618880283714676, 0.5042861924987192, 0.2480608484524166, 0.15146415611171737], [0.048173249121954136, 0.6604711461931948, 0.06496413844892535, 0.22639146613592573], [0.057215512645714665, 0.7486648670381406, 0.12227800669457634, 0.07184161352156837]], "ideal": "B", "sampled": "C", "correct": false}}
{"type": "result", "data": {"idx": 6, "options": ["O(D)", "O(N)", "O(ND)", "O(ND^2)"], "probs": [[0.007586222607527047, 0.10639613774672234, 0.8566969562787674, 0.029320683266983193], [0.014221259184303137, 0.04417020596240927, 0.025969683419374705, 0.9156388513339129], [0.013698301519078096, 0.321830546558112, 0.6449905151366856, 0.01948063668612426], [0.020473570538799408, 0.46618504136865185, 0.26767336073107156, 0.24566802726147718], [0.02727983207608277, 0.025269955958952758, 0.50328261780063, 0.44416759406433454], [0.003516658734640715, 0.00838532350656932, 0.9606385950214847, 0.027459422637305244], [0.0061962710262484025, 0.26557695281731475, 0.6941937651596107, 0.034033010896826144], [0.007727357110463711, 0.04885801311293519, 0.014002381855158563, 0.9294122478214425], [0.009319703032971716, 0.19780944156841773, 0.7701510736031906, 0.02271978169541993], [0.03521583255189042, 0.29045400236960944, 0.14834414531553614, 0.525986019662964], [0.010065879165531796, 0.016496294278119536, 0.8003713681306754, 0.17306645832567324], [0.002459166002733279, 0.009586740790883239, 0.9694889103196539, 0.018465182786729595], [0.006788842531110416, 0.8487438152346, 0.12712239011869553, 0.017344952015594065], [0.012532124177863013, 0.7577390599448679, 0.017682462764230307, 0.21204635301303879], [0.008979277654009804, 0.9234480463939907, 0.048555085818238156, 0.019017590033761363], [0.016991059687435226, 0.8995162558926851, 0.021320426159367196, 0.06217225816051245], [0.013640294366203417, 0.03031025341139976, 0.8381238347560919, 0.11792561736630498], [0.011469168811683592, 0.022664403983875096, 0.9555742330518131, 0.010292194052628203], [0.0051138396332909815, 0.7132996964393934, 0.1249034368453752, 0.1566830269819404], [0.0034922709158093364, 0.5606030960901999, 0.3974554637346949, 0.038449169159295804], [0.008201013051051614, 0.5531180916181544, 0.04332920022199448, 0.3953516950087995], [0.004527361624819906, 0.37702015266767586, 0.6023927962881249, 0.01605968931937924], [0.005103291242233591, 0.7756198882344495, 0.15511135040347762, 0.06416547001983926], [0.004595580698654152, 0.5745746728215284, 0.4105461109615367, 0.010283635418280737]], "ideal": "A", "sampled": "C", "correct": false}}
{"type": "result", "data": {"idx": 7, "options": ["True, True", "False, False", "True, False", "False, True"], "probs": [[0.07469166258037746, 0.017078882671758118, 0.8036587234782148, 0.10457073116964968], [0.04209658969733684, 0.02381444402876273, 0.3966177790204437, 0.5374711871534567], [0.12088802185441108, 0.6046053035413416, 0.04665645107183184, 0.22785022343241554], [0.1673163113666214, 0.589048535491777, 0.17697429088089411, 0.06666086216070748], [0.07860676826336549, 0.33889659730835414, 0.24614196646520797, 0.3363546678630724], [0.16606591145327282, 0.06358091343062354, 0.7395928876973823, 0.030760287318721363], [0.011436537742468687, 0.18158617461680132, 0.7358594474366426, 0.07111784010408746], [0.0183765498751703, 0.12170565240456581, 0.529106681453301, 0.33081111616696285], [0.010684423664997144, 0.17096658877274507, 0.8100871835253677, 0.008261803936890048], [0.012158075233096055, 0.3442168799423344, 0.3582043018001086, 0.2854207429244609], [0.019716198614386577, 0.14453902075960054, 0.5460433637981402, 0.2897014167278726], [0.019714583937730405, 0.13900762524459245, 0.4971449639041949, 0.3441328268134823], [0.03643621971486308, 0.7555750208673732, 0.1354754602338805, 0.07251329908388324], [0.023320445739940517, 0.7727580628491157, 0.14750291686868788, 0.05641857444225582], [0.14181913803863166, 0.023353692750815128, 0.7558317976837359, 0.07899537142681734], [0.05384007526977494, 0.026881169815449288, 0.4956377545107419, 0.4236410003040339], [0.01486353595414529, 0.04875725198291825, 0.9276983857975961, 0.008680826165340346], [0.04431190374282866, 0.410864296595378, 0.1465517293258365, 0.39827207023595684], [0.06225046864181201, 0.7240561219174699, 0.10935298311602919, 0.10434042622468884], [0.026443665145914497, 0.7436702126436372, 0.1925638876414665, 0.03732223446898178], [0.20421234646052197, 0.020729529626045885, 0.5918258085478473, 0.1832323152655848], [0.31888965006626835, 0.03416561360438951, 0.14499709116705486, 0.5019476450622873], [0.02445671668933757, 0.09529209712869897, 0.8701985408267642, 0.010052645255199211], [0.10161105100125375, 0.5121970328831191, 0.03127163741489372, 0.3549202786007334]], "ideal": "B", "sampled": "A", "correct": false}}
{"type": "result", "data": {"idx": 8, "options": ["2", "4", "8", "16"], "probs": [[0.021586412199890947, 0.6599094160374005, 0.2890016685863385, 0.029502503076370003], [0.033882062752576256, 0.6436223959144224, 0.23730491010965774, 0.08519063112334367], [0.03388879403650584, 0.3114220459076135, 0.6352056777467168, 0.01948348220916393], [0.06181137851133592, 0.3639118359247561, 0.38230365215522655, 0.19197313330868146], [0.051715832391111535, 0.17906551127977208, 0.7378059056326769, 0.03141275059643955], [0.06410501056112033, 0.2167761740352074, 0.6141649392502527, 0.10495387605341956], [0.3150705326390236, 0.26950677624242314, 0.3471540134689103, 0.06826867754964293], [0.3623742189817914, 0.2935038528558948, 0.24408427060252597, 0.10003765745978783], [0.1807710318573124, 0.49133862392888633, 0.29413106048451715, 0.03375928362928416], [0.18540431695368784, 0.46608299359550576, 0.2993272266932556, 0.04918546265755077], [0.23825934171887825, 0.2658723552874238, 0.43598108829696613, 0.0598872145967318], [0.23346839321003304, 0.20286975345513125, 0.507256734903317, 0.056405118331518685], [0.15059949708601503, 0.17605281169530665, 0.6456533778015844, 0.027694313317093985], [0.2275438206768262, 0.20238036500663686, 0.3217824851347968, 0.24829332908174015], [0.0670393948797717, 0.6714433631059639, 0.24386029669767728, 0.017656945216587137], [0.08307586361901105, 0.618495147807286, 0.1592218530250754, 0.13920713544862756], [0.158181127754511, 0.44353825173846967, 0.30590107332844285, 0.09237954707857648], [0.13639238272148824, 0.30018829849060136, 0.5042338891682364, 0.05918542951967394], [0.12442585592914629, 0.1853116716014863, 0.6536864515916276, 0.03657602077773983], [0.1256913104951703, 0.14694120097882293, 0.6300942348065768, 0.09727325361943003], [0.04858182798517459, 0.43623754514058233, 0.49146437416293026, 0.023716252611312834], [0.07628229430186033, 0.4154007229255643, 0.4231518303139213, 0.08516515235865406], [0.05550686559260836, 0.6009846239534353, 0.29370584643368614, 0.04980266392027015], [0.04939175120665834, 0.5263258520177893, 0.3954382913478116, 0.02884410532774084]], "ideal": "C", "sampled": "B", "correct": false}}
{"type": "result", "data": {"idx": 9, "options": ["Lower variance", "Higher variance", "Same variance", "None of the above"], "probs": [[0.7611711228284422, 0.0052597426349789275, 0.23113918921019258, 0.0024299452263862003], [0.974791923189766, 0.006527376753861351, 0.005905318052270705, 0.01277538190410189], [0.8319090193849904, 0.008042057223753877, 0.15553596961885943, 0.004512953672396311], [0.9461573757934282, 0.011741253106943968, 0.00813863181077368, 0.03396273918885415], [0.9475490189205114, 0.012607505058619633, 0.006105751945975212, 0.03373772397489375], [0.9589787202886527, 0.01153027254091345, 0.00470222146670597, 0.024788785603727808], [0.0026424693269058155, 0.7214476086098892, 0.2738168917607459, 0.0020930302024590656], [0.005044057515554689, 0.9769660265319796, 0.009731295549324382, 0.008258620303141333], [0.00182337628063393, 0.028975147755761, 0.967500145083324, 0.0017013307802810703], [0.00954963637504293, 0.20910337526289835, 0.016134692324323734, 0.765212295937735], [0.0019381475951406864, 0.004581764084983275, 0.9897397800877463, 0.0037403081321296995], [0.005061395057729807, 0.02148396184892668, 0.12179030990753999, 0.8516643330858035], [0.002306443004281285, 0.9675134687494856, 0.02619282787332702, 0.003987260272906036], [0.005637327623314763, 0.971159529515845, 0.009018056757243514, 0.014185086003596598], [0.0008537465642738738, 0.0008747343845698271, 0.9970277745317795, 0.001243744419376823], [0.01414747293536567, 0.012694227838958936, 0.02606252276054788, 0.9470957763651275], [0.001179754551994111, 0.002040507856864129, 0.9930831237517178, 0.0036966137394239054], [0.02306180618933239, 0.04210655704513509, 0.027210245070883935, 0.9076213915946486], [0.011040989699188705, 0.6523131958375311, 0.016219249567566398, 0.3204265647957138], [0.011028628939033128, 0.7384001708201293, 0.01820834563389582, 0.2323628545069417], [0.001319824005382705, 0.0017918261226276932, 0.9802929327140237, 0.016595417057965862], [0.0041921111249021235, 0.0040976927100072, 0.4381270453076381, 0.5535831507574526], [0.0010129401724471316, 0.003270897017924328, 0.9886801046173918, 0.007036058092236774], [0.008600087451070897, 0.05228614572868759, 0.01925302769410181, 0.9198607390261397]], "ideal": "A", "sampled": "A", "correct": true}}
{"type": "result", "data": {"idx": 10, "options": ["True, True", "False, False", "True, False", "False, True"], "probs": [[0.03430287886587319, 0.02694495374480931, 0.7813615143906416, 0.15739065289867585], [0.01808724836177966, 0.03488179856855321, 0.5289520310446825, 0.41807892192498464], [0.05198961708877311, 0.470791716747251, 0.061769983462287834, 0.41544868260168805], [0.04962975235503809, 0.4823636422650269, 0.4126166454965531, 0.0553899597833819], [0.03594759374107016, 0.5042060392744322, 0.229064720031416, 0.23078164685308167], [0.04152130879129621, 0.3167312885597015, 0.5964849897834784, 0.0452624127655239], [0.00699527710739561, 0.3641636420425689, 0.546985991180469, 0.08185508956956647], [0.008309344675117172, 0.13726074851620337, 0.7424613756623153, 0.1119685310463641], [0.005786161702601882, 0.13057441192945424, 0.852048560229323, 0.011590866038620943], [0.008109548785407084, 0.1816560176988769, 0.6752929041888319, 0.13494152922688407], [0.007615049576803375, 0.42212348142459966, 0.4289361128606459, 0.14132535603795107], [0.00632098548442016, 0.36703991800825075, 0.21084749647438683, 0.4157915999329423], [0.029673469794341604, 0.6247024454056181, 0.06848153381972143, 0.2771425508803188], [0.02755323988585544, 0.7277322424364507, 0.1928267929376559, 0.05188772464003791], [0.05500091051135873, 0.016790297443650536, 0.8153358970438561, 0.11287289490113461], [0.028500712020278512, 0.023646451926880623, 0.5257176844463403, 0.4221351515065006], [0.019457090970257714, 0.5139310445595308, 0.443132646315551, 0.023479218054660467], [0.019972428231050447, 0.6564339848003353, 0.041321701373758055, 0.2822718854948562], [0.11086839933623933, 0.5415478227145075, 0.1338176399227307, 0.21376613792652238], [0.04436406716530214, 0.6030463969573174, 0.2741044965598792, 0.07848503921750125], [0.19419151614970984, 0.0495015347308395, 0.4483496861022502, 0.3079572629172005], [0.19707798031305215, 0.05825818937147202, 0.08817474717842787, 0.6564890830370479], [0.02228349554943768, 0.4803097182181966, 0.48057898221398265, 0.01682780391838302], [0.053371115765412244, 0.5921740631021094, 0.02227086200679755, 0.33218395902568076]], "ideal": "A", "sampled": "A", "correct": true}}
{"type": "result", "data": {"idx": 11, "options": ["good fitting", "overfitting", "underfitting", "all of the above"], "probs": [[0.0013576403103397639, 0.004930719507158708, 0.9922766826561308, 0.0014349574263707167], [0.002150640456205072, 0.004179418292432155, 0.002296523513701249, 0.9913734176376615], [0.0034788553421318123, 0.9064231467594823, 0.08630526765813498, 0.003792730140250868], [0.005697234916576299, 0.8589938158107568, 0.011520296167767072, 0.12378865300489979], [0.002328760426239572, 0.0012198290630209933, 0.003789172226090005, 0.9926622381846494], [0.002909737307096047, 0.0015487854306614327, 0.9668122796412009, 0.028729197521041628], [0.001395765879108654, 0.0010382947171882777, 0.9966131718356536, 0.0009527674680494592], [0.006331015768228105, 0.004124736667443918, 0.0038221813764508, 0.9857220660878772], [0.0057318430697048004, 0.9870207316472126, 0.005264561309016122, 0.0019828638740664382], [0.007913500169275837, 0.981695664252604, 0.00817245441437757, 0.002218381063742514], [0.01587301176178278, 0.004345879112069281, 0.004282875137673118, 0.9754982338884748], [0.002172729788390987, 0.002503257312463373, 0.9940841138007213, 0.0012398989984244227], [0.08783737971279494, 0.004483593071997817, 0.9021015837077302, 0.005577443407477022], [0.22493119878445575, 0.007295143918638847, 0.012404647734085785, 0.7553690094628196], [0.14542479337918582, 0.8305452535690359, 0.013969427880768666, 0.010060525071009643], [0.15238744572306454, 0.7988318123984953, 0.03737563044275531, 0.011405111335684868], [0.7600740612638519, 0.027695332937541336, 0.007636817924920055, 0.20459378777368667], [0.19382466211427588, 0.021273743180792833, 0.7736031943508482, 0.01129840025408309], [0.0017446498503352421, 0.0021070856258367265, 0.0034779138179777958, 0.9926703506058503], [0.001976335382814364, 0.002747452531657512, 0.9704307725274584, 0.02484543945806974], [0.002404656182582337, 0.009294962206555795, 0.0022309729099985205, 0.9860694086008633], [0.001114034184134549, 0.007738316126993161, 0.9902650919823215, 0.000882557606550779], [0.007086065345943219, 0.9213234464117193, 0.010814681044142615, 0.06077580709819493], [0.0063945245487443585, 0.8990113614480923, 0.08762003527868432, 0.006974078624478953]], "ideal": "C", "sampled": "C", "correct": true}}
{"type": "result", "data": {"idx": 12, "options": ["True, True", "False, False", "True, False", "False, True"], "probs": [[0.05401218747092485, 0.005116935302153178, 0.9303019799630919, 0.010568897163829976], [0.045253440758862694, 0.007580872321393012, 0.7377570882264197, 0.2094085985933246], [0.22236044837298538, 0.6002148425550655, 0.005499774157216771, 0.1719249348147323], [0.18393557011870915, 0.6529515999164446, 0.15900693837797972, 0.004105891486866561], [0.33644240840555684, 0.378476110223264, 0.03497300270615218, 0.250108478565027], [0.1788490821981089, 0.03843960400975919, 0.779187309693453, 0.003524003998678993], [0.0034436988913469726, 0.1711417300964971, 0.811043805262807, 0.014370765649348924], [0.005578193495403566, 0.10861716706671434, 0.7972241850898489, 0.08858045424803318], [0.0025724423020909203, 0.027224717834607018, 0.9681506681767778, 0.0020521715865243484], [0.005819098520170862, 0.2892002377805916, 0.3130226961292163, 0.3919579674700212], [0.00460862706494613, 0.06166310026382779, 0.8933162329379409, 0.04041203963328518], [0.003996134552881425, 0.19699784212368843, 0.20667470046388745, 0.5923313227595427], [0.009063837953234776, 0.9549163267334765, 0.01212688460877115, 0.023892950604517595], [0.006493010134206982, 0.9571694197109069, 0.03200664019268918, 0.004330929862197003], [0.007580457673953786, 0.0016059804020238594, 0.9866881329566983, 0.004125428867323957], [0.008076816700541736, 0.001850199630680765, 0.4703198913046356, 0.5197530922641419], [0.0020405056753967604, 0.0035285841483258256, 0.9935518723861925, 0.0008790376900849271], [0.017417267155043145, 0.05668917871539261, 0.004149236317894551, 0.9217443177116696], [0.03690373828444884, 0.901982350147798, 0.026420406502443365, 0.03469350496530972], [0.015649393549100592, 0.8289216941270193, 0.14643341628711562, 0.008995495936764422], [0.06610814117976133, 0.005114058327416422, 0.879979243934365, 0.04879855645845718], [0.10014599388143608, 0.004516097173064286, 0.029897257167557766, 0.8654406516779418], [0.005725070156195892, 0.013221937816846272, 0.9794346527572808, 0.0016183391696770071], [0.09486372984384696, 0.40279279074182156, 0.005124382325445433, 0.497219096988886]], "ideal": "A", "sampled": "A", "correct": true}}
{"type": "result", "data": {"idx": 13, "options": ["True, True", "False, False", "True, False", "False, True"], "probs": [[0.015455736446062582, 0.06663013851302904, 0.8394414005826353, 0.0784727243582731], [0.012254869769580476, 0.08845428524788415, 0.5386166662324839, 0.36067417865005147], [0.029091781273292476, 0.5366317679255244, 0.15378640733785126, 0.28049004336333183], [0.021413022291163347, 0.4841948665981203, 0.3953318529218232, 0.09906025808889311], [0.016795613745926835, 0.44012724664049924, 0.35393719727404355, 0.1891399422395304], [0.015260847141736101, 0.4127718171365194, 0.5062037658725019, 0.06576356974924262], [0.02871712669443015, 0.04666906967292442, 0.6705955862328367, 0.2540182172998087], [0.030561329151803197, 0.03470130352541736, 0.7601256342859253, 0.1746117329368542], [0.046344185107193174, 0.2626684703664249, 0.38869567169443797, 0.30229167273194396], [0.0419023939000242, 0.17258151248183534, 0.7163427053194839, 0.06917338819865658], [0.026442328850385777, 0.5071691586779371, 0.09836734280679126, 0.3680211695648859], [0.0271126569490528, 0.5803784673417897, 0.2536450302566539, 0.13886384535250362], [0.11288272840628846, 0.14156814234557996, 0.28861150787741574, 0.4569376212707158], [0.12137681132561406, 0.13760272384712244, 0.5407977385694214, 0.20022272615784212], [0.1024439365297613, 0.274184056319715, 0.16777974865486542, 0.45559225839565826], [0.059012757064746436, 0.2585668621378404, 0.5835341344980176, 0.09888624619939558], [0.05609891646686856, 0.7171496855070736, 0.08110378057598326, 0.14564761735007453], [0.04272640725342708, 0.7465057718061253, 0.14136087419076823, 0.06940694664967936], [0.10586733808062333, 0.10509667228936777, 0.5734120055547646, 0.21562398397524435], [0.06228573851728966, 0.10274856919321253, 0.6158146490961903, 0.21915104309330746], [0.06353520092981495, 0.44475726945561855, 0.08041788191355809, 0.41128964760100845], [0.07432880664638829, 0.5164228446374209, 0.22222857671712218, 0.1870197718990686], [0.04550241136851717, 0.6538397365381027, 0.12195665188210485, 0.17870120011127527], [0.056218931423576556, 0.6964630846423533, 0.16544639507882772, 0.08187158875524245]], "ideal": "B", "sampled": "D", "correct": false}}
{"type": "result", "data": {"idx": 14, "options": ["pure", "not pure", "useful", "useless"], "probs": [[0.0049142038017839645, 0.990084165908878, 0.0010161099986938339, 0.003985520190644147], [0.007093023817674913, 0.9592652108840263, 0.0018249033779750674, 0.0318168618203237], [0.0007779537487223103, 0.000335161531882545, 0.9979399320205252, 0.0009469525988698833], [0.009471642924965617, 0.004141596207228339, 0.6047664970265028, 0.3816202637413033], [0.0015571320667381874, 0.0009381628320714768, 0.98874525723194, 0.008759447769250356], [0.004403740041924245, 0.004511253790883042, 0.9365472920545044, 0.054537714012688324], [0.841870942883365, 0.15717263133491435, 0.00021609928277082485, 0.0007403263989498885], [0.8654196033178323, 0.13081865567206835, 0.0003546500961695149, 0.003407090813929853], [0.9354945907423922, 0.0031736243609235904, 0.059922493290654105, 0.0014092915060301633], [0.9803438516330322, 0.002304141627273494, 0.007265717011587812, 0.010086289628106532], [0.9538162621745913, 0.0017458623538534846, 0.02863405726276659, 0.015803818108788698], [0.89047160585572, 0.001966220854675551, 0.10575621165109354, 0.001805961538510885], [0.0006583834447506473, 0.0035063219891594243, 0.9947738763071958, 0.0010614181588940708], [0.00743706156430694, 0.031326724310749676, 0.47115931235651604, 0.4900769016684274], [0.0036211567211912824, 0.9512180481575754, 0.0386492316683353, 0.0065115633528979805], [0.0057619434901289915, 0.9472725378308314, 0.009361861945223643, 0.03760365663381592], [0.002978659776591987, 0.008292206774601078, 0.02271710766691829, 0.9660120256818886], [0.0019928068648152352, 0.00943839753505287, 0.9777036715001596, 0.010865123999972288], [0.0010112071626749634, 0.003586161861161867, 0.9559423844187714, 0.03946024645739171], [0.0007312094235060526, 0.0064687706351809395, 0.9902657268902816, 0.002534292951031408], [0.0035270906798774287, 0.761813875737045, 0.035913157138265525, 0.19874587634481208], [0.0020681696548439264, 0.3973406268724829, 0.5964096804824632, 0.004181522890209894], [0.0031928878882712744, 0.2556113425503674, 0.04619898330365694, 0.6949967861577044], [0.0017287606755471854, 0.06961041749000857, 0.924067624438473, 0.004593197295971246]], "ideal": "B", "sampled": "B", "correct": true}}
{"type": "result", "data": {"idx": 15, "options": ["True, True", "False, False", "True, False", "False, True"], "probs": [[0.019585618052050998, 0.028298890039408945, 0.9028555692041415, 0.04925992260439862], [0.01290971378906612, 0.04684908528865762, 0.25192631438126695, 0.6883148864410092], [0.023225316515939686, 0.6581247374711908, 0.031083674750903918, 0.2875662711619656], [0.026951175888396843, 0.7522916470782901, 0.15184865239882597, 0.06890852453448705], [0.018917712542104444, 0.3379521862759704, 0.199009340551878, 0.4441207605300472], [0.03196464833317318, 0.20860825360375582, 0.7295860010610384, 0.02984109690203262], [0.016519949392363766, 0.039950562113831356, 0.6989576454157245, 0.2445718429780804], [0.03027013339000832, 0.03277181485542625, 0.505634907624486, 0.43132314403007943], [0.018046392375238814, 0.6212652961647359, 0.28292084188127964, 0.07776746947874567], [0.031036161994307587, 0.5999083969164333, 0.2687863344165446, 0.10026910657271455], [0.022238955065164483, 0.2839574238668845, 0.07843435613350293, 0.6153692648344481], [0.03728130487189385, 0.23217798940138332, 0.6477236199306698, 0.082817085696053], [0.315771350702995, 0.15640078949558722, 0.20926525320300685, 0.31856260649841095], [0.31287517025174216, 0.13893369666937616, 0.25612561438655296, 0.29206551859232865], [0.33807173619817354, 0.07970243005925925, 0.2619023342310424, 0.32032349941152477], [0.14206899383579344, 0.10902914905137709, 0.5336950897555918, 0.21520676725723775], [0.23918366850679904, 0.38877694057017775, 0.18250704484066488, 0.18953234598235832], [0.17454844901094407, 0.47875174288494043, 0.13418111694148094, 0.21251869106263452], [0.20474666354992938, 0.11675235627914203, 0.4312628209159649, 0.2472381591549637], [0.09794407774768683, 0.0972639440169797, 0.6020003229671868, 0.2027916551681467], [0.1814843416032505, 0.20100894568340558, 0.09594240783685656, 0.5215643047764874], [0.2511624097572934, 0.2655243873330667, 0.2746957242214165, 0.20861747858822333], [0.06594764244052988, 0.7098186399876953, 0.10086128559113383, 0.12337243188064095], [0.08456800384176495, 0.7200114940880399, 0.05024007857058945, 0.1451804233996057]], "ideal": "B", "sampled": "C", "correct": false}}
{"type": "result", "data": {"idx": 16, "options": ["This feature has a strong effect on the model (should be retained)", "This feature does not have a strong effect on the model (should be ignored)", "It is not possible to comment on the importance of this feature without additional information", "Nothing can be determined."], "probs": [[0.00343316332218243, 0.001788283149025107, 0.9922202511472802, 0.0025583022815122325], [0.038095693516986565, 0.007531893066251695, 0.02211236148625473, 0.932260051830507], [0.007958946766229906, 0.9742345778247512, 0.009112714943894224, 0.008693760365124644], [0.012418234117565789, 0.9582900780725506, 0.006407620103790032, 0.02288406760609356], [0.0645398646528554, 0.01525777764465819, 0.020531160754892495, 0.8996711968475939], [0.00611877987031924, 0.00467320800946507, 0.9843172815209369, 0.00489073049927881], [0.0017966765647906542, 0.17381487983331928, 0.8220208976245412, 0.00236754587734884], [0.005346352517869391, 0.9144915030550839, 0.008039327064250918, 0.07212281726279579], [0.0016148054382590321, 0.062122640440448566, 0.934414758432022, 0.0018477955892703222], [0.005265467659913745, 0.16928551640099462, 0.005322981018315526, 0.8201260348207761], [0.0031875816272663522, 0.005783036750309962, 0.9577934035697845, 0.03323597795263918], [0.003278791859836859, 0.0033647512963856873, 0.1836583011907423, 0.8096981555530351], [0.026546150377532374, 0.9459004906175625, 0.012864802028205334, 0.014688556876699805], [0.02027580931516104, 0.9339796247437995, 0.011216178683175025, 0.03452838715786441], [0.0023814496717895935, 0.0020763262637893275, 0.9937395897852404, 0.0018026341791806868], [0.018333622507954207, 0.005654388472785115, 0.0031284631389121263, 0.9728835257803485], [0.01542754352412934, 0.006455683896992327, 0.9723345465914534, 0.005782225887425016], [0.019070726265708594, 0.0035379996562349973, 0.004375862548263392, 0.973015411429793], [0.006786821770750648, 0.1910994619376396, 0.016453223048481316, 0.7856604931431285], [0.002917999135275551, 0.021623922263071967, 0.9706346280924089, 0.004823450409243646], [0.0034830556100807148, 0.005490294535302363, 0.8808692648484143, 0.11015738490620262], [0.0031057776495523166, 0.0028580816925745226, 0.4372633539673561, 0.556772786590517], [0.0036859553393892176, 0.10543193426504446, 0.8821644580850835, 0.008717652210482834], [0.00160694427535524, 0.04414248111031775, 0.0028294681274723043, 0.9514211063868547]], "ideal": "C", "sampled": "A", "correct": false}}
