{"type": "result", "data": {"idx": 0, "options": ["Bargaining", "Satisficing", "Accepting", "Compromising"], "probs": [[0.006150516432765143, 0.5940530509783234, 0.003914855093084406, 0.395881577395827], [0.003682367968078718, 0.8942103382949087, 0.10035285350320533, 0.001754440133807257], [0.004127216515353697, 0.0031412145977929963, 0.6325221046346968, 0.3602094641521565], [0.0022670370835767835, 0.0017946500110238683, 0.006124792704063512, 0.9898135201013358], [0.0018690899320537662, 0.005452432419381132, 0.9918346545730117, 0.0008438229755534348], [0.0026718481446070586, 0.005527139834468406, 0.0011184349814066898, 0.9906825769395179], [0.5748422205497061, 0.010697432904688168, 0.0031928827851797435, 0.41126746366042594], [0.44414413322465074, 0.01906964570288025, 0.532215301382061, 0.004570919590407999], [0.46298563298243417, 0.00635632585033651, 0.005315127638087225, 0.5253429134291421], [0.12247948042165746, 0.003701957315742175, 0.8711065432097442, 0.0027120189528561122], [0.5695302536239704, 0.42330029977103817, 0.0027481368983278253, 0.00442130960666361], [0.8144476629088705, 0.18033445358292075, 0.002038885660366451, 0.0031789977478423096], [0.003329940210467754, 0.0027187776859479637, 0.8347231325696441, 0.1592281494339401], [0.00233686984672104, 0.0016200055134490115, 0.007322571389884519, 0.9887205531499454], [0.0048987946022856785, 0.8434025682768393, 0.003970635791922468, 0.14772800122895255], [0.0034495493234410718, 0.7626429391759244, 0.23260726946818724, 0.0013002419324472938], [0.0031526786919373437, 0.011533899979488312, 0.001127542651616119, 0.9841858785769582], [0.0020029324483290594, 0.00641690314717205, 0.9905231415432091, 0.0010570227612897594], [0.0024823538900049, 0.0018313772910085583, 0.9944934971519015, 0.0011927715670850183], [0.002790188644776976, 0.0016037479306434577, 0.0008952258323343614, 0.9947108374922452], [0.0034136688435686736, 0.9924538598623319, 0.002139563852248475, 0.0019929073418509555], [0.0029417100493688776, 0.9920042108539547, 0.0017185507693336798, 0.003335528227342674], [0.0027247828857563674, 0.0018595150349179665, 0.0009521660706602185, 0.9944635359086654], [0.002225330386733772, 0.00138259112026299, 0.9944103603444987, 0.00198171804850458]], "ideal": "B", "sampled": "B", "correct": true}}
{"type": "result", "data": {"idx": 1, "options": ["Framing bias", "Hindsight bias", "Over-confidence bias", "Heuristics"], "probs": [[0.006602697676234938, 0.0013332059881842522, 0.0013345054160332811, 0.9907295908195475], [0.0013221123906015286, 0.0008034224126960013, 0.9973857366390279, 0.0004887284576746132], [0.007943148218127295, 0.0021581471452535687, 0.0013625289142977306, 0.9885361756223214], [0.001462770301376267, 0.0010232473896186966, 0.9970617462491244, 0.0004522359598806272], [0.0027404307738790666, 0.992234370984025, 0.0035782303692359703, 0.0014469677728599173], [0.0030802186057573857, 0.9921175815813463, 0.003309177960042889, 0.0014930217528533992], [0.004072941012796161, 0.002235244761344357, 0.0014232802106604412, 0.9922685339151991], [0.0011396716767258265, 0.0010395320301667301, 0.9973687095943504, 0.0004520865987570548], [0.004045144238190888, 0.0013260429420153897, 0.0017305152933366603, 0.9928982974264571], [0.0011664098664322755, 0.001088932679963498, 0.997093087351706, 0.0006515700018982129], [0.0027133074849864476, 0.9900340363135781, 0.005616697440355394, 0.0016359586610800317], [0.0027592349811307354, 0.9911774642192914, 0.003384837003893156, 0.0026784636956846473], [0.004439523549603653, 0.0019125450769840434, 0.0010744229876975674, 0.9925735082857147], [0.0009755239189263963, 0.0006931961113493208, 0.998007495025241, 0.0003237848444833006], [0.004952695108935645, 0.0010405711129163311, 0.0015264184568182164, 0.9924803152213298], [0.0011576796117565044, 0.0007669097898289206, 0.9974127744854414, 0.0006626360129731226], [0.00261553562217816, 0.992569054441186, 0.003722240767549647, 0.0010931690690860934], [0.002677424870088217, 0.9924478483556874, 0.0027021009585949103, 0.002172625715629411], [0.991274598795802, 0.005938874935894507, 0.0013052130483714377, 0.001481313119931979], [0.9911182921680769, 0.006031895867711439, 0.001854927474990133, 0.0009948843892215581], [0.9927730394354507, 0.003994291355651758, 0.0016779836295692386, 0.0015546854793282946], [0.9932519312050724, 0.003965042101351993, 0.001493480942245381, 0.0012895456513302968], [0.9919662729974204, 0.005245812522245011, 0.0015390854730093528, 0.0012488289073252512], [0.9914838760723435, 0.005624947654306205, 0.001198287947619932, 0.001692888225730404]], "ideal": "D", "sampled": "D", "correct": true}}
{"type": "result", "data": {"idx": 2, "options": ["The way things are.", "The way things are going to be.", "The way things should be.", "The way things were."], "probs": [[0.0018900290645743395, 0.0010963873477028714, 0.9963159008313143, 0.0006976826564084647], [0.004803130919784562, 0.0021201530696396817, 0.0011943215631008695, 0.9918823943474748], [0.004698243878986175, 0.9933372641893895, 0.0008688227307649162, 0.001095669100859373], [0.003992850613181506, 0.9939499994825082, 0.0006174516316162608, 0.0014396981726941017], [0.0037453962688598977, 0.0017330082336580257, 0.001710658352448755, 0.9928109370450333], [0.002386812650163083, 0.0010372761296386051, 0.9956818268437343, 0.0008940842764639572], [0.0018898657158569596, 0.0016839983755719793, 0.995926909659153, 0.0004992261494180217], [0.005463432399872484, 0.005100333019119677, 0.0016876930230735221, 0.9877485414579343], [0.004166964731695186, 0.9895508382342446, 0.004924366593531518, 0.0013578303405286287], [0.004640092907974732, 0.9876128873525111, 0.0012451734819719073, 0.006501846157542273], [0.00487181452657031, 0.001972875142451661, 0.0031323849119008146, 0.9900229253190772], [0.0030797793863004902, 0.0013480235094984706, 0.9920508072789992, 0.0035213897252018163], [0.9872528196405801, 0.011851143449731387, 0.0003300338935084527, 0.000566002916180067], [0.9849566107594806, 0.01382001566587856, 0.0002493521577314193, 0.0009740213169094323], [0.973673937680568, 0.0017569027804564086, 0.024024775201797216, 0.0005443842371783505], [0.9826481216595203, 0.0014037804884314215, 0.0006802862370029986, 0.015267811515045282], [0.9904785693075994, 0.0019474389147923208, 0.006639989518907017, 0.0009340021587012556], [0.9829071101930643, 0.002157627591247849, 0.0006975407551604308, 0.01423772136052742], [0.0030103650104006618, 0.0023307468355150997, 0.0018774839220344498, 0.9927814041320497], [0.0019191587555258437, 0.001545296416879679, 0.9959154238754928, 0.0006201208521016945], [0.003567759031153126, 0.00208538845407976, 0.0035496075537488373, 0.9907972448610183], [0.002698838524202638, 0.0017592140887019796, 0.9927095680579654, 0.002832379229130005], [0.0038308655300104623, 0.9910894143061251, 0.003666774629799508, 0.001412945434064954], [0.005429619723772108, 0.9806904677544919, 0.0011437300687739199, 0.012736182352962049]], "ideal": "C", "sampled": "C", "correct": true}}
{"type": "result", "data": {"idx": 3, "options": ["The potential for entry into the industry", "The threat of substitute products", "The power of customers", "The level of rivalry"], "probs": [[0.008766396347903225, 0.0028510078616002473, 0.004849469031921807, 0.9835331266585747], [0.003955899638298203, 0.003494550098974733, 0.991113694859103, 0.001435855303624113], [0.008430234831862317, 0.004553625221846848, 0.003575770541470043, 0.9834403693048208], [0.0033340504933774304, 0.0038117432318820394, 0.9918817568334793, 0.0009724493412611486], [0.0073287424795702395, 0.9831279259766827, 0.00678084964738497, 0.0027624817963620403], [0.007980126576017318, 0.9824934172748643, 0.007442253754128779, 0.0020842022949895843], [0.004711342006407414, 0.004004193903444712, 0.003912907993719109, 0.9873715559964288], [0.0028727453261877052, 0.0046669226993533005, 0.9913419666444504, 0.0011183652300086149], [0.005499943377945598, 0.0035843336049890115, 0.004861501704256235, 0.9860542212128092], [0.003035449613413699, 0.0032604501766434857, 0.9917265799223057, 0.0019775201876370964], [0.004934925742071457, 0.9781721216746554, 0.01485016848866981, 0.002042783994603375], [0.005967073525383476, 0.9806563291326068, 0.007724776428360615, 0.005651820813649126], [0.0065843117474267, 0.0043576368479391345, 0.002687143358792809, 0.9863709079458414], [0.0031047410750234244, 0.005044152172515921, 0.9909237309382971, 0.0009273757141635437], [0.006689727009811212, 0.0026245075941421347, 0.003879586099928388, 0.9868061791961182], [0.003492054301186581, 0.0030613713937470174, 0.9913087500077878, 0.002137824197278534], [0.005406772349940571, 0.9836795759075234, 0.009128732626734175, 0.0017849190158017684], [0.005794991619780615, 0.9827473557312382, 0.0047324326777629, 0.006725219871218361], [0.9679032767119627, 0.016404602010397597, 0.0066333852808321695, 0.009058735896807456], [0.9680935916301792, 0.018160821081671694, 0.007517626648417825, 0.006227960539731302], [0.9619126032251046, 0.011654904695033667, 0.01749920978969552, 0.008933282190166196], [0.9620962728876635, 0.01183969413324137, 0.006242831152151452, 0.01982120172694365], [0.9651187022530759, 0.014438693312600854, 0.013569208644175858, 0.0068733956901473065], [0.9655720185338278, 0.013891173725934836, 0.005402078826075283, 0.015134728814162028]], "ideal": "D", "sampled": "D", "correct": true}}
{"type": "result", "data": {"idx": 4, "options": ["Margaret Thatcher", "Mikhail Gorbachov", "Nelson Mandela", "Bill Clinton"], "probs": [[0.1549745236549045, 0.10669358312076875, 0.03741987877903428, 0.7009120143452925], [0.06296375504988597, 0.1335113510176897, 0.7923501528251037, 0.011174741007320669], [0.09853691522411777, 0.04346612014332182, 0.02552512086468559, 0.8324718436678749], [0.01834477246523562, 0.05450777556646057, 0.8986430512221693, 0.0285044006461346], [0.053568791892063664, 0.8517109202396252, 0.06834892221051699, 0.026371365557794076], [0.04111762966943987, 0.7581798803590563, 0.0558437166800768, 0.14485877319142704], [0.045708978768215246, 0.17677804241607456, 0.021451215534325257, 0.756061763181385], [0.03774308230104585, 0.2582730823588258, 0.6857958699250388, 0.018187965315089455], [0.03542562732158817, 0.04117364620036821, 0.8005113362694065, 0.12288939010863711], [0.007800424499776339, 0.034776147581050666, 0.9380614195498843, 0.019362008269288626], [0.02056456764038104, 0.909870520494853, 0.04161350498402014, 0.027951406780745893], [0.01953611121077514, 0.824619221238, 0.022168349142117523, 0.13367631830910734], [0.02122353730550459, 0.8094747541113638, 0.03187815052133677, 0.13742355796179487], [0.023588214945975534, 0.6043261514121266, 0.34670518136674544, 0.025380452175152377], [0.0266946864342986, 0.073858758501468, 0.4846535803256255, 0.4147929746386079], [0.007162508002942323, 0.03913447095683106, 0.9384854933180884, 0.015217527622138247], [0.011730368521064216, 0.8897055593757961, 0.06346695272238842, 0.035097119280751286], [0.0104239394604732, 0.9171356966016236, 0.031146680294935298, 0.041293683542967856], [0.23347554185330682, 0.5558162709661166, 0.18485718240602822, 0.02585100467454835], [0.24808006655923645, 0.38122784517359126, 0.05413727330086727, 0.31655481486630505], [0.4475935582500478, 0.26115892404965213, 0.2592538999201119, 0.031993617680188165], [0.39391039990976023, 0.106934969905716, 0.027240616639872543, 0.4719140134446512], [0.16785701982595058, 0.08448499377355775, 0.6747673698974852, 0.07289061640300648], [0.2864548712296126, 0.07247610756527252, 0.1418156847759097, 0.4992533363292052]], "ideal": "D", "sampled": "D", "correct": true}}
{"type": "result", "data": {"idx": 5, "options": ["Work flow design", "Work schedule design", "Work rate design", "Work output design"], "probs": [[0.0069917707804951065, 0.9832145789049815, 0.0020528055402462865, 0.00774084467427711], [0.005509682648230489, 0.9871204346615872, 0.002906048508483353, 0.00446383408169903], [0.003290903920755577, 0.0010527481577557354, 0.994578520195044, 0.0010778276264446292], [0.0033635097187398226, 0.0011728221400667204, 0.002042582849865215, 0.9934210851913282], [0.001685646088148852, 0.0007663860262188398, 0.9971531383337978, 0.000394829451834448], [0.004732691683503803, 0.0022729139312395604, 0.0018128417434716206, 0.991181552541785], [0.8131588039988813, 0.15530717255628354, 0.00791345716998227, 0.023620566174852878], [0.8215284629064817, 0.14857924905819558, 0.0199406157995515, 0.00995167213577115], [0.12522335005222393, 0.006146085279090845, 0.8629027963166256, 0.005727768252059651], [0.06727529354060827, 0.0037716087160861852, 0.0068752579768312375, 0.9220778396664743], [0.13388104598311068, 0.008371042932402057, 0.8533015758935922, 0.004446335090895083], [0.13853705121500462, 0.006745850295260012, 0.005675863087669485, 0.8490412353020659], [0.002737945802953754, 0.006417208177608434, 0.9901352852970783, 0.0007095606223595338], [0.0030059363741993484, 0.00495796340854476, 0.0017968648466485933, 0.9902392352706073], [0.00642682449285303, 0.9693212162883798, 0.020588229606197748, 0.0036637295125694536], [0.007746657108743864, 0.8218757247203106, 0.003438916180141149, 0.1669387018908044], [0.002195665482010242, 0.001385824120736126, 0.007972645943775997, 0.9884458643534776], [0.00273690999990562, 0.0016223685951459173, 0.9897080856676583, 0.0059326356372900605], [0.0017240854745645023, 0.0017114884041804941, 0.9962321308215246, 0.0003322951997303606], [0.005051867436258322, 0.007128056606056747, 0.0017617164403310476, 0.9860583594173539], [0.0037239069086075546, 0.9858994105356061, 0.008798504841715802, 0.0015781776140704658], [0.005499884785751094, 0.9622242001343517, 0.0016020529338483648, 0.030673862046048786], [0.002687361831207608, 0.0010371232797678693, 0.0088158996269272, 0.9874596151620973], [0.0032332403493363564, 0.001050480026101875, 0.9846041486978656, 0.011112130826696206]], "ideal": "B", "sampled": "B", "correct": true}}
{"type": "result", "data": {"idx": 6, "options": ["Workers enjoy responsibility.", "Workers view physical and mental effort as a natural part of work.", "Workers like to show initiative.", "Workers like to be directed."], "probs": [[0.005398995203504408, 0.003136839927502605, 0.0014947396593683131, 0.9899694251096247], [0.0034126367785405763, 0.0030323801163141943, 0.9928935926662665, 0.0006613903388787413], [0.00552271941540571, 0.002313087157903267, 0.002537696777487125, 0.9896264965492039], [0.0029884468506058406, 0.0027336942806679317, 0.9930272303201154, 0.0012506284486108246], [0.006689151870591809, 0.986782023215374, 0.005056127180101435, 0.0014726976339327295], [0.00818279547553288, 0.9851894682407849, 0.0040889176258238225, 0.0025388185578583806], [0.00592380868223734, 0.0031583486663095592, 0.0016911997432615836, 0.9892266428081915], [0.002680244685886989, 0.0034111980517382338, 0.9934003916255039, 0.0005081655368709008], [0.006810544767580865, 0.003034801148602335, 0.001928280494935395, 0.9882263734888814], [0.002310934758184336, 0.0033857695076321415, 0.9938293309267264, 0.0004739647074571037], [0.010057714235172401, 0.9807680325918877, 0.006977420396434327, 0.002196832676505542], [0.01191617870004318, 0.9788322367821183, 0.007239656879064429, 0.002011927538774098], [0.006396931984715978, 0.002458758282072662, 0.0029169890734131658, 0.9882273205597982], [0.003358025162731333, 0.0030011549434751776, 0.9925197444936104, 0.0011210753001830972], [0.006756930414687426, 0.0032561762788685202, 0.001959417521544653, 0.9880274756848993], [0.003459186980791832, 0.004684763329798027, 0.9911956230980057, 0.000660426491404432], [0.008618057451775142, 0.9824968883263443, 0.0049953594264665665, 0.0038896946954140106], [0.0073940744994892525, 0.9858585645597114, 0.005129626046551534, 0.001617734794247745], [0.9608855090284006, 0.03218349788504113, 0.006235099137800966, 0.000695893848757252], [0.9590638278792712, 0.03499763613580721, 0.003631333361583377, 0.0023072025233381406], [0.9389984505095694, 0.05560218854588859, 0.0039050294590971743, 0.0014943313854447985], [0.9456228115937869, 0.04943818650289552, 0.0036101898087440003, 0.001328811994573525], [0.9493876076532446, 0.04344478984058199, 0.003767526233733305, 0.0034000761724400606], [0.9565601313119553, 0.03716771149781996, 0.005522662631547781, 0.000749494458676944]], "ideal": "D", "sampled": "D", "correct": true}}
{"type": "result", "data": {"idx": 7, "options": ["Referent", "Expert", "Reward", "Legitimate"], "probs": [[0.003356022331044301, 0.0028508675358918, 0.0016147003130891344, 0.9921784097199747], [0.00103505920732619, 0.0021917326240920507, 0.9959723158016154, 0.0008008922669663832], [0.0032262269453170924, 0.003081604421550027, 0.0014588168354943386, 0.9922333516976385], [0.0009788790632537369, 0.0033371464630502904, 0.9950840614598789, 0.0005999129138170223], [0.0062747685053438414, 0.9850078645898832, 0.002861509514343056, 0.005855857290429942], [0.005723866566863909, 0.9870071295243052, 0.0035384664827857438, 0.0037305373260450737], [0.0031270252732329136, 0.003774577413649033, 0.0014465290804344482, 0.9916518681326836], [0.0012185848920086883, 0.002620983497546131, 0.9952605148903434, 0.0008999166201018225], [0.003514260781640456, 0.0034354329397710496, 0.0016510096750112133, 0.9913992965035773], [0.0012670946335715087, 0.0023494837857982475, 0.9948537967915767, 0.001529624689053576], [0.005293571912038777, 0.9865403876074454, 0.004134579605519509, 0.0040314607749962475], [0.006223427589035168, 0.9843292363512498, 0.002334178131212892, 0.007113157828502077], [0.003223001120972534, 0.004141331307180471, 0.0017705864098363803, 0.9908650810620107], [0.0012955584313542976, 0.003549635469459276, 0.9939259456321086, 0.0012288603670779046], [0.0030510671372269743, 0.004547095590480838, 0.0018407258543339266, 0.9905611113179582], [0.0014675729842337766, 0.00325699588929096, 0.9932043316113913, 0.002071099415083935], [0.007071099776252369, 0.9794475479407757, 0.005521128108146528, 0.007960224074825384], [0.00824315402677949, 0.9612537287300991, 0.0034497416117550144, 0.027053375531366466], [0.9588932898475382, 0.016361086385733997, 0.007053640164539523, 0.017691983502188334], [0.9646754293906192, 0.01185618830079873, 0.008828533294475121, 0.014639848914106914], [0.9265097482303472, 0.015805088158663362, 0.008612241691371583, 0.04907292181961787], [0.8982146864548853, 0.008733342291006953, 0.003453569908631949, 0.08959840124547577], [0.9650606317614275, 0.00847517320870814, 0.004994499081608949, 0.02146969584825537], [0.8453272218109867, 0.00703240761137954, 0.0052766643992689065, 0.14236370607836482]], "ideal": "D", "sampled": "D", "correct": true}}
{"type": "result", "data": {"idx": 8, "options": ["Henry Fayol", "Max Weber", "Adam Smith", "Mary Parker Follett"], "probs": [[0.008683294181819998, 0.9894476674202431, 0.000787412002283265, 0.0010816262956536069], [0.006720811503628914, 0.9908340439669514, 0.0008324484694229158, 0.0016126959599967428], [0.0010137520730366823, 0.0017263948684339218, 0.9970803260676708, 0.00017952689085859254], [0.004769683926114773, 0.0018302964005254985, 0.0010140727043551694, 0.9923859468690045], [0.0007368002998663395, 0.0009622177102741438, 0.9980226378592516, 0.00027834403060792345], [0.004406751461902437, 0.002537997861471552, 0.0017494082124750053, 0.991305842364151], [0.9950173310939348, 0.004791444364824581, 5.908648261134384e-05, 0.0001321379586292801], [0.995219284462869, 0.004502187726443735, 6.24288038228728e-05, 0.00021609890686439992], [0.9703818570255375, 0.0019817575834005486, 0.02737387086463489, 0.0002625144264271104], [0.9893472137966293, 0.001501481272987565, 0.00018771905053381824, 0.00896358577984931], [0.9930281388113112, 0.0016296273849663835, 0.005021029956393088, 0.00032120374732927626], [0.9907956193881814, 0.0024391462664007007, 0.00019690006276249894, 0.006568334182655424], [0.0005486753208386146, 0.00745874894869977, 0.9918780575699171, 0.00011451806054456103], [0.0011312662982450189, 0.03836802944020803, 0.0009491799384402772, 0.9595515242231066], [0.0031082678724941846, 0.9694090979645459, 0.027086628316026127, 0.00039600574693378517], [0.003466591998032996, 0.9614349125887803, 0.00116470846147669, 0.03393378685170993], [0.0006881485335395872, 0.0011015542117636657, 0.021597962398627192, 0.9766123347560696], [0.0004935731104653821, 0.000915282406969933, 0.9953741405767071, 0.00321700380585751], [0.0003838222737662981, 0.005684158689793685, 0.9937110630187759, 0.00022095591766415007], [0.0010097084724808526, 0.03532172631829608, 0.0010714627242912364, 0.9625971023849318], [0.0017078108457494335, 0.9870224904899646, 0.010474297546816539, 0.000795401017469439], [0.0026367991179645006, 0.9764771112468406, 0.0007826890890107401, 0.02010340044618423], [0.0007094441875495755, 0.0023647866785096575, 0.013503006854530574, 0.9834227621794102], [0.000541391890819438, 0.0025226913482708883, 0.9940332026341832, 0.0029027140267265388]], "ideal": "B", "sampled": "B", "correct": true}}
{"type": "result", "data": {"idx": 9, "options": ["Frederick Taylor", "Seebohm Rowntree", "Henry Ford", "Max Weber"], "probs": [[0.005062852607219623, 0.9576955601708368, 0.025554890250807195, 0.011686696871136354], [0.00659453501798467, 0.6779006179685858, 0.0025170101061303437, 0.31298783680729914], [0.003536945351621567, 0.1828405810501071, 0.808139840039812, 0.005482633458459326], [0.007435346054397086, 0.22415754295948856, 0.0028372418723742036, 0.7655698690137401], [0.0029180518213751424, 0.004665671527918586, 0.10980625442923041, 0.8826100221214759], [0.0063842791491006325, 0.011569224537899225, 0.2367094721177667, 0.7453370240952335], [0.9309436990078668, 0.02703268543842627, 0.035020181217199436, 0.007003434236507532], [0.7660554374107121, 0.025392808863612813, 0.0022667920903998127, 0.20628496153527523], [0.8589611090675298, 0.1316573087151778, 0.0021728445759143524, 0.0072087375413780325], [0.8485781952339573, 0.14063364447943338, 0.0012835233906938546, 0.009504636795915521], [0.6867833010897318, 0.02155421635314872, 0.007414975244742356, 0.28424750721237707], [0.9451259154220405, 0.021037703680253914, 0.02621059389175501, 0.0076257869059505315], [0.04272613576485029, 0.027393726004205955, 0.9231565979156086, 0.006723540215335162], [0.3787157062561328, 0.03690193050484371, 0.005383705005914468, 0.578998658133109], [0.028801188684979943, 0.9545100557926756, 0.0035907338466679914, 0.013098021575676529], [0.03523702830114594, 0.9456355927959994, 0.0018047346508622082, 0.017322644151992417], [0.28438850770366586, 0.0272871540760153, 0.014761871100210315, 0.6735624670201085], [0.1093034643180422, 0.029897271859888674, 0.84822271191993, 0.012576551802139036], [0.002719015645973744, 0.010505776138324893, 0.20817508589310568, 0.7786001222225957], [0.002948234707651104, 0.0228378914849286, 0.8394946887082807, 0.13471918499913962], [0.004484378788666215, 0.596390729294784, 0.004646398168200698, 0.39447849364834914], [0.004309983536211679, 0.9531871848598145, 0.028585590938431833, 0.013917240565541982], [0.007466061908755247, 0.45844143240228513, 0.00970246820862963, 0.52439003738033], [0.0042976648168532895, 0.39929113786786624, 0.5862528669332232, 0.010158330282057261]], "ideal": "B", "sampled": "B", "correct": true}}
{"type": "result", "data": {"idx": 10, "options": ["John Kenneth Galbraith", "John Maynard Keynes", "Milton Friedman", "Alfred Marshall"], "probs": [[0.0025596985426820473, 0.0033424195577454493, 0.9936215759088999, 0.00047630589067265607], [0.005419495372980113, 0.005297892111501167, 0.0016558221364410613, 0.9876267902790776], [0.007570294046735209, 0.985154252480597, 0.005248313056583028, 0.0020271403160848343], [0.007794734776557602, 0.9829183481007328, 0.002288762585348735, 0.006998154437360908], [0.0066282098262140186, 0.0031344346249304843, 0.0045245737528145724, 0.9857127816960409], [0.002810424154524853, 0.0023509449928787187, 0.9933068017642068, 0.0015318289883896382], [0.0035086968213760912, 0.0070382738936271986, 0.9888308053341244, 0.0006222238508723432], [0.005967478703527083, 0.01727274745149168, 0.0024137801390351384, 0.9743459936059461], [0.009768508203133556, 0.9746724792013284, 0.012453528833723764, 0.003105483661814344], [0.010393634212419388, 0.9741282847215619, 0.0036807760261248212, 0.011797304939893944], [0.005269104988503726, 0.0024916882996668015, 0.03279193350753181, 0.9594472731042977], [0.0032548844169448432, 0.002680583223181733, 0.9918575856751553, 0.0022069465847181836], [0.8346321278807978, 0.15321605839591684, 0.00751623623637458, 0.004635577386910786], [0.8321156074705477, 0.1515489142840144, 0.003980194014182276, 0.012355284131255685], [0.9308912759641553, 0.027259478479091544, 0.03876080863187378, 0.003088436824879309], [0.9606405751759808, 0.026423529269177428, 0.003207971393330788, 0.009727924061510934], [0.892082848101942, 0.02067034875237044, 0.07269597879423612, 0.014550824251451381], [0.9521569269805343, 0.016784957130403712, 0.008638748200234136, 0.022419367588827756], [0.006234860754840446, 0.04680643434908844, 0.0055920661279047, 0.9413666386681664], [0.003711286470994771, 0.019912862560591823, 0.9747511771595854, 0.0016246737088280445], [0.005897739236932515, 0.007577404456511553, 0.03114976941378156, 0.9553750867927744], [0.0037913184348902346, 0.006207134539649241, 0.9882476724781692, 0.001753874447291288], [0.0066914194177180066, 0.9785935218843123, 0.007527252602890175, 0.007187805995079564], [0.0074106599643398345, 0.9792778530706668, 0.004360042264283883, 0.008951444600709457]], "ideal": "C", "sampled": "C", "correct": true}}
{"type": "result", "data": {"idx": 11, "options": ["Mary Parker Follett", "Elton Mayo", "Lillian Gilbreth", "Frederick Taylor"], "probs": [[0.008558796412261692, 0.9745337482506963, 0.003008627086742015, 0.013898828150299969], [0.007869080803567307, 0.984134277249066, 0.006279041189532112, 0.0017176006578345678], [0.0018967219031784518, 0.0027190023247918, 0.9912712627251462, 0.004113012946883514], [0.001930878725082243, 0.001492974047742089, 0.003314038329709632, 0.993262108797466], [0.0016483620832848842, 0.005894228599296753, 0.9918342464044961, 0.0006231628129221989], [0.002023990439712809, 0.0030162646695287404, 0.0011738609598601528, 0.9937858838308983], [0.9605794586048659, 0.03209923220144129, 0.0022393891208590485, 0.005081919972833705], [0.9698967779690693, 0.026871572753393486, 0.002331955554198577, 0.0008996936233386727], [0.9672164855221609, 0.02328099854323406, 0.0036590250440954194, 0.005843490790509616], [0.9725576166699078, 0.021992557030204894, 0.002820625937060215, 0.0026292002628270496], [0.9763896001972504, 0.021400464433328634, 0.0011006418738591763, 0.0011092933955618046], [0.976021437570337, 0.020253293808367174, 0.0008504684331812312, 0.0028748000881145927], [0.0017543349989296388, 0.0038345243759634684, 0.9913058148959898, 0.0031053256291171303], [0.002533193290640729, 0.0025346552341632446, 0.003231502872703092, 0.991700648502493], [0.007820907929437324, 0.9781075029130879, 0.004257100182261336, 0.009814488875213388], [0.007912621162876896, 0.9819536532777531, 0.0063633380692594155, 0.003770387390110558], [0.0030766904473185164, 0.004549221792884477, 0.001467593008417113, 0.9909064946513799], [0.0013790392678941813, 0.0049686492424164405, 0.9929513074413746, 0.0007010039483147588], [0.0020845500859992313, 0.004738794875898446, 0.9924252527879954, 0.0007514021501068576], [0.0020717614251449814, 0.002385893953108096, 0.0018748500401505966, 0.9936674944815963], [0.0077317325731538055, 0.9822384880197458, 0.007045489892461776, 0.002984289414638618], [0.008324116522894276, 0.9780247373303306, 0.004784420559971364, 0.008866725486803765], [0.0026177757268283377, 0.0021213285903785156, 0.0020903551267265168, 0.9931705404560666], [0.0016528531957370179, 0.002643076906287729, 0.9945481904623578, 0.00115587933561748]], "ideal": "B", "sampled": "B", "correct": true}}
{"type": "result", "data": {"idx": 12, "options": ["Strategic", "Operational", "Functional", "Developmental"], "probs": [[0.010066986290034255, 0.0007137370480105058, 0.0006110471000252299, 0.98860822946193], [0.03886735830134002, 0.001594017463748936, 0.9576729259310682, 0.0018656982038427821], [0.011214152086380498, 0.0008528605185543713, 0.0007892824436103804, 0.9871437048514548], [0.020551115023557883, 0.001295346750897733, 0.9760657429754185, 0.0020877951501258535], [0.02786434324748129, 0.9607961370246569, 0.0031564951479609985, 0.008183024479900722], [0.03212553209282677, 0.9547381838326184, 0.0030164669231826638, 0.010119817051372156], [0.005625973383000848, 0.46128379703296146, 0.001962962302191646, 0.531127267181846], [0.005123453254214296, 0.9624450280863189, 0.03191034520400948, 0.0005211733554572485], [0.0032365896747460045, 0.0006436866733574813, 0.19131171433052546, 0.8048080092213711], [0.003094756083047865, 0.0006917105142621511, 0.007676686256016592, 0.9885368470466733], [0.004492375179104379, 0.0159420503268935, 0.9789406721166635, 0.0006249022773386009], [0.011280421501099657, 0.03092734303644303, 0.002564335995099641, 0.9552278993673576], [0.00603136378061036, 0.28847838410469334, 0.0022928219547422263, 0.703197430059954], [0.00549508804964572, 0.8826637066810362, 0.11043809102495511, 0.001403114144362914], [0.003167094776212264, 0.0006704995998033756, 0.20239564011166786, 0.7937667654123165], [0.0031911345618343195, 0.0007301689783948686, 0.00803898215798004, 0.9880397142017907], [0.005365358771530425, 0.0758859149001437, 0.9173891925649332, 0.0013595336633926496], [0.008816486714257317, 0.08772603164632886, 0.0030061885987380348, 0.9004512929406757], [0.01500918890077954, 0.9752390286059514, 0.003437318849872466, 0.006314463543396598], [0.01315689102106235, 0.9760988968544754, 0.0030603528072489367, 0.007683859217213366], [0.0054044272994403205, 0.0015757631193889894, 0.9922558026069691, 0.0007640068742015778], [0.014997852054318781, 0.0021808110205801703, 0.0014778277855907204, 0.9813435090395103], [0.00719812270553945, 0.0015716504659877416, 0.9898408571710202, 0.0013893695574525595], [0.014311842017510316, 0.0024325720127159373, 0.001838801470876575, 0.9814167843988971]], "ideal": "A", "sampled": "A", "correct": true}}
{"type": "result", "data": {"idx": 13, "options": ["Guiding, mentoring and motivating", "Guiding, commanding and motivating", "Guiding, demonstrating and motivating", "Guiding, mentoring and demonstrating"], "probs": [[0.015557358242694807, 0.9261908651024319, 0.041015197122291465, 0.017236579432581875], [0.013342660391319951, 0.9357843133242101, 0.025534844927100765, 0.025338181257369204], [0.01142550548180776, 0.1830929829887998, 0.7953045974350922, 0.010176913994300232], [0.014424446646370428, 0.23652947908071367, 0.717513902767211, 0.03153217140570483], [0.026380073857044807, 0.24653624036991, 0.41283733687595725, 0.31424634879708796], [0.02204177511976946, 0.1019569329669671, 0.49405547603453265, 0.38194581577873077], [0.11745098232048451, 0.4264870285561367, 0.37647095318844237, 0.0795910358349364], [0.07518697473260673, 0.409812328105325, 0.32425147050169484, 0.19074922656037346], [0.1795243716202153, 0.515543385825358, 0.22881364138181767, 0.07611860107260905], [0.11907304112477228, 0.3445954117075475, 0.08646447440328969, 0.4498670726643905], [0.03546294796822824, 0.07003641585901156, 0.7353815730328204, 0.1591190630399398], [0.08195636603809221, 0.04975777975175903, 0.6759747417185563, 0.19231111239159243], [0.010696259729423977, 0.02888280317705876, 0.9561233407121782, 0.004297596281339129], [0.017155006653999955, 0.16668488207792995, 0.770917957727394, 0.04524215344067606], [0.013165803036865608, 0.9454427607086312, 0.03063381915395861, 0.010757617000544617], [0.01358684242325006, 0.9380276134323156, 0.02155756983841766, 0.026827974206016705], [0.013805206393590366, 0.06486525472507103, 0.8679556560699245, 0.05337388271141407], [0.027163960229849366, 0.0398802509192576, 0.9001582902790038, 0.032797498471889175], [0.012039389998277649, 0.11702895686479661, 0.8185831077435003, 0.05234854529342548], [0.010749400341986477, 0.05635170506793694, 0.8747435603639913, 0.05815533412608529], [0.013600149532541383, 0.4759148180471725, 0.4759939432150936, 0.03449108910519253], [0.014205864253566559, 0.5010087685553104, 0.43195669548194876, 0.052828671609174246], [0.014824628972825004, 0.17785180159225186, 0.7035467846526676, 0.10377678468225554], [0.015578120364996137, 0.1855006446689891, 0.7221677033563607, 0.07675353150965403]], "ideal": "A", "sampled": "B", "correct": false}}
{"type": "result", "data": {"idx": 14, "options": ["Incomplete information", "An agreed goal", "A structured problem", "High level of certainty regarding the environment"], "probs": [[0.04560087265214616, 0.7769130496533884, 0.0858631360663409, 0.09162294152812457], [0.007768820289562853, 0.01780532623490292, 0.9717399803794882, 0.002685872996046101], [0.04803494274070806, 0.8378546677091556, 0.07324640315697264, 0.04086398629316365], [0.011548771812186389, 0.02231030780820433, 0.9622317197517842, 0.003909200527825083], [0.007044234448626769, 0.9826795105406368, 0.008110250107240506, 0.002166004803495824], [0.008541519927190738, 0.9801599459135799, 0.009164820679394536, 0.002133713379834829], [0.03186150699277319, 0.6702259307099074, 0.2525627957881775, 0.04534976640914188], [0.0054810758136980015, 0.01826949958288891, 0.9740845067475621, 0.0021649177558509753], [0.029379700308605625, 0.05716192168216868, 0.43868990339100294, 0.47476847451822274], [0.004682848053897339, 0.011694381736610747, 0.980310500678968, 0.003312269430523985], [0.007234094081746056, 0.9698974276676849, 0.019208782362725413, 0.003659695787843641], [0.006961223368312922, 0.9705710044553003, 0.015690654887284085, 0.006777117189102621], [0.024213979140138446, 0.9082147030396155, 0.046324536271006925, 0.021246781449239152], [0.006552199916345264, 0.010013284288912537, 0.9808619743041069, 0.002572541390635278], [0.032625109197104145, 0.043951832081093795, 0.7549234088122174, 0.16849964980958465], [0.006946946594037026, 0.010691108120907108, 0.9768012961048914, 0.005560649080164474], [0.013753242028227142, 0.9205290219435979, 0.056567334438410485, 0.009150401489764462], [0.01028932419913664, 0.9486683115474276, 0.02375233087308045, 0.0172900332803553], [0.13566372454161466, 0.7936674143983854, 0.059365655370652436, 0.011303205589347536], [0.24313099630268872, 0.3248528036057284, 0.4209821553230386, 0.011034044668544261], [0.6647279484745409, 0.143877958100436, 0.17793769239136112, 0.013456400933662023], [0.7803606448411212, 0.13360411496735164, 0.027445066688692357, 0.058590173402834775], [0.47032032551041636, 0.2312517072891015, 0.28144658290538105, 0.0169813841951011], [0.6815458192707462, 0.20316374768255566, 0.020501804436278713, 0.09478862851041947]], "ideal": "A", "sampled": "D", "correct": false}}
{"type": "result", "data": {"idx": 15, "options": ["Making people's strengths effective and their weaknesses irrelevant.", "Enhancing the ability of people to contribute.", "To operate the organisation's status system.", "Integrating people in a common venture by thinking through, setting and exemplifying the organisational objectives, values and goals."], "probs": [[0.0022551951134528125, 0.011366204661836798, 0.9834022784300367, 0.0029763216946736616], [0.005100300995802093, 0.014315722870722393, 0.013980073253219953, 0.9666039027802555], [0.0028195802852140715, 0.9572043314172709, 0.03198251266585538, 0.007993575531659664], [0.0036413129669789824, 0.9625259108055326, 0.02882915755093393, 0.00500361857655447], [0.003970763943068574, 0.014875283764281651, 0.007251470041721587, 0.9739024821509282], [0.002436619318099213, 0.012869796133655732, 0.982226040796047, 0.002467543652197999], [0.002002617769155683, 0.014118524912191665, 0.9814498224743493, 0.002429034744303374], [0.004772405999832852, 0.018884820580310307, 0.013497343084396091, 0.9628454302354608], [0.003632258052684116, 0.9526347255890002, 0.03062239396637987, 0.013110622291935839], [0.004541685108086562, 0.9643588171702784, 0.025499299734411944, 0.005600197887223119], [0.004435762770842052, 0.018681103396561313, 0.009251315162991432, 0.9676318185696052], [0.0021945371425952528, 0.016339714282694904, 0.9791006866478006, 0.0023650618269092675], [0.5520834716571323, 0.3297148521766095, 0.07131072612471322, 0.04689094994154491], [0.596179272938903, 0.321713253004457, 0.0717844770906145, 0.010322996866025431], [0.5732356352026894, 0.24089531777547357, 0.1155819156321183, 0.0702871312897187], [0.616311621163093, 0.25700089811573057, 0.10965226793780135, 0.017035212683375097], [0.668943606122915, 0.2539674497532504, 0.06322829816445058, 0.013860645859383952], [0.680387088518928, 0.2503637405840771, 0.04892275173185904, 0.020326419065135843], [0.004496832596328141, 0.013859193009156261, 0.007595771039867698, 0.9740482032546479], [0.0025802733196614463, 0.01695583468180894, 0.9767742021627821, 0.0036896897357474793], [0.005366331125745914, 0.011917733009986392, 0.011279883198202676, 0.971436052566065], [0.0024575741441162312, 0.011101625534732335, 0.9827890932870406, 0.003651706934110898], [0.004692663989248091, 0.943459076637176, 0.04210478843409795, 0.009743470839477927], [0.0036006013854608474, 0.9518935205287552, 0.03520907506378762, 0.009296802921996269]], "ideal": "C", "sampled": "C", "correct": true}}
{"type": "result", "data": {"idx": 16, "options": ["A theoretical assumption", "An illustration", "A theoretical model", "An example serving as a model"], "probs": [[0.300817088050262, 0.02004874602013925, 0.27641315706955005, 0.4027210087600487], [0.09189218487676745, 0.014462208456665277, 0.6968588419473435, 0.1967867646192238], [0.442295744898874, 0.2684210032544421, 0.01615702787406571, 0.27312622387261815], [0.06896641021224806, 0.07126442256002738, 0.8554703488825168, 0.004298818245207687], [0.545129828746402, 0.30831494930353914, 0.016636455178638, 0.12991876667142083], [0.30047194565770624, 0.4958874813664039, 0.18983882057625542, 0.013801752299634425], [0.024002392110835265, 0.2445738193659344, 0.21744023504288434, 0.513983553380346], [0.022605546658667375, 0.08087952735507556, 0.5886826733910456, 0.3078322524952114], [0.03149544925471244, 0.17193925955458683, 0.29906425879728193, 0.4975010322934188], [0.021834699402356952, 0.1603308603284527, 0.8021749929614519, 0.015659447207738486], [0.020795896527727828, 0.7930546470822437, 0.08903708309286944, 0.09711237319715901], [0.012953302109953319, 0.9089039063798978, 0.06535111753015503, 0.012791673879993842], [0.641956999281457, 0.03950819461043413, 0.012257464502810513, 0.3062773415052983], [0.45214500639787525, 0.03463990584436936, 0.5058622317322747, 0.007352855925480639], [0.5528709959991555, 0.020860763536589947, 0.17429958509419013, 0.25196865527006446], [0.09470074808089742, 0.01478815852567876, 0.8809275202498669, 0.009583573043556889], [0.21744579277104686, 0.7539262245020922, 0.016294304431596265, 0.012333678195264621], [0.38883061878798353, 0.5889054788522597, 0.01073127378941172, 0.01153262847034503], [0.46581562771750795, 0.24171709656086182, 0.017554164453105675, 0.2749131111685245], [0.683467048279653, 0.17159153966804835, 0.12863272762662223, 0.016308684325676438], [0.21200740206300178, 0.016791821104723645, 0.48235534913378664, 0.28884542759848797], [0.6036317505285838, 0.03281730871215548, 0.25812814310181115, 0.10542279755744957], [0.8647979303793477, 0.09858187132365206, 0.0188531038820478, 0.01776709431495241], [0.8521341450480862, 0.11803062685247359, 0.012477914464474353, 0.017357313534965908]], "ideal": "D", "sampled": "D", "correct": true}}
