{"type": "result", "data": {"idx": 0, "options": ["Aging is related to an increase in vaginal lubrication", "Aging is associated with an increase in the frequency and number of orgasmic contractions in both sexes", "There is no significant relationship between aging and sexual responses in either sex", "Aging is related to some loss of erectile rigidity in the male"], "probs": [[0.012675143435966398, 0.006537250546888072, 0.03879659058122316, 0.9419910153359223], [0.00335699191293484, 0.004640902868622195, 0.9854062018312761, 0.0065959032871668296], [0.01107117295238842, 0.06280836166947497, 0.007513631246755693, 0.9186068340313809], [0.0031905420027521616, 0.02619305541136035, 0.966502635322401, 0.0041137671634865185], [0.004299145871347456, 0.9673644189258352, 0.010906780680959727, 0.017429654421857572], [0.003914106015375571, 0.9748773749544287, 0.012846298600133527, 0.008362220330062174], [0.009067033699501365, 0.004225322642451727, 0.0367712836972342, 0.9499363598608127], [0.003180184357567514, 0.0031912421831735605, 0.9858578903160434, 0.007770683043215474], [0.012733507834541446, 0.04701482823773686, 0.007870507029538903, 0.9323811567981828], [0.003298080535786444, 0.016320410452373358, 0.9774521115364169, 0.0029293973754233225], [0.006491808229285689, 0.9578090231703359, 0.007904990019578917, 0.027794178480799448], [0.005092408208764615, 0.972832860990495, 0.01441640135852505, 0.00765832934221527], [0.025213828268435406, 0.014739624973859378, 0.00894752077226535, 0.9510990258854398], [0.0028104964109998904, 0.005355612894285088, 0.9878846172996778, 0.003949273295037161], [0.028327240218032502, 0.012895632864752503, 0.008273702660041382, 0.9505034241571736], [0.002984410150202919, 0.007598412091860462, 0.9866170704100045, 0.002800107247932167], [0.012357707301931593, 0.9623992702046348, 0.006791194107225014, 0.01845182828620854], [0.010844990688687746, 0.9646047655091647, 0.012225684915907465, 0.012324558786239977], [0.9543767689958722, 0.010037040158085538, 0.0064864168143459406, 0.0290997739316963], [0.9405184470433163, 0.010774284695460297, 0.043979715940621694, 0.004727552220601708], [0.9549675520787596, 0.012309548526789697, 0.004498943375977799, 0.028223955918472945], [0.9465024889048546, 0.018867120979505037, 0.03042704373785993, 0.004203346277780474], [0.9474125560898836, 0.040263552458388564, 0.004290329783620753, 0.00803356156810704], [0.9474148136125342, 0.0402571309337456, 0.006747883772754603, 0.005580171580965546]], "ideal": "D", "sampled": "D", "correct": true}}
{"type": "result", "data": {"idx": 1, "options": ["\u201cBlank slates\u201d", "Less intelligent than adults", "\u201cLittle scientists\u201d", "Shaped by culture"], "probs": [[0.0037178760184894736, 0.0036642830645915434, 0.9919071116468804, 0.0007107291700385463], [0.02061146195600394, 0.006194237737108092, 0.0025022566308922694, 0.9706920435759957], [0.0067922301379789935, 0.9854180917390618, 0.005634021073753288, 0.0021556569492058764], [0.006151693698857872, 0.9879990243881804, 0.004230650662490435, 0.0016186311504712053], [0.01691585615206009, 0.0032069145658558166, 0.003747684464791882, 0.9761295447172922], [0.005834011913445311, 0.004078314840429857, 0.9893448902393057, 0.0007427829068191204], [0.0029992531243344324, 0.015852180709091196, 0.9805039394509044, 0.0006446266156698911], [0.010906870480232828, 0.019456755577104072, 0.002592758287798996, 0.9670436155548641], [0.0029281532512767587, 0.9877100752482482, 0.008952387218432657, 0.00040938418204236653], [0.002983070590723778, 0.9905989479134492, 0.001972743951373841, 0.004445237444453254], [0.005749934342988041, 0.0024569367481735993, 0.009123002163185897, 0.9826701266456525], [0.0023500140385686688, 0.0015922663264587046, 0.9941229658359999, 0.0019347536989726883], [0.9909092408725372, 0.006680693096815694, 0.0018262408316643002, 0.0005838250989828367], [0.9923551061337492, 0.005590795191529709, 0.0011901777894256862, 0.0008639207852953299], [0.9828812154124676, 0.007808043370465657, 0.007866340905610199, 0.0014444002114564786], [0.9799320112149101, 0.003977139242726821, 0.0009745238348515035, 0.015116325607511482], [0.9909060028297375, 0.0038678024536679587, 0.004554212763106704, 0.0006719818534878675], [0.9783704017911099, 0.0028168672404369414, 0.0029959309972313218, 0.015816799871221827], [0.008023498668726968, 0.016604120095694983, 0.0028855763695361837, 0.9724868047660419], [0.0037046403827543416, 0.059844811596486754, 0.9357749392717455, 0.0006756086490134017], [0.007110013394044805, 0.013931486300101594, 0.12410632860190485, 0.8548521716039488], [0.0020240510362424112, 0.003188060499888574, 0.9932099538145986, 0.0015779345492703655], [0.003794002941012183, 0.9812200992100889, 0.014434457360243357, 0.0005514403886555025], [0.004369685997387994, 0.9816649196836003, 0.005272371355924325, 0.00869302286308742]], "ideal": "C", "sampled": "C", "correct": true}}
{"type": "result", "data": {"idx": 2, "options": ["about 68% of the observed scores for the test population lie within 15 points of the mean score", "about 68% of the individuals with a given cure score will have observed scores within 15 points of the true score", "about 15% of the scores are in error (i.e., they are not measuring the trait reliably)", "differences of up to 30 points represent the same true score"], "probs": [[0.06676416582310227, 0.7979992315157761, 0.11580993526014287, 0.019426667300978723], [0.09066905690316071, 0.7550311571345019, 0.02885562883244044, 0.125444157029897], [0.15692233241811523, 0.04761400283924548, 0.7881707300930102, 0.007292934549629053], [0.5858686057021754, 0.05616574072523145, 0.17875924971043491, 0.1792064037621583], [0.10626077683438957, 0.03490452979051136, 0.8262170594405917, 0.03261763383450738], [0.6063091709133468, 0.06961268879065652, 0.21669065788686998, 0.10738748230912676], [0.7799516177803248, 0.17380912284558592, 0.03924820500467509, 0.006991054269414193], [0.7789741331820725, 0.1776785145003407, 0.01923808312010795, 0.024109269097478823], [0.8577617870223048, 0.10147276363782942, 0.03496496697824794, 0.005800482261617873], [0.8665422200290074, 0.08294794707660892, 0.02879094704697709, 0.02171888574740659], [0.6347012961559144, 0.05584193257811831, 0.29377546192174225, 0.01568130924422498], [0.7869938767476609, 0.06151165096340345, 0.1360000295801045, 0.015494442608831208], [0.02211821061681802, 0.6805444878820098, 0.27671190226512427, 0.020625399136047898], [0.026402020621481698, 0.7618453501939663, 0.07903874046379615, 0.13271388862075592], [0.025627109243923946, 0.8580967479387169, 0.09031344629674377, 0.025962696420615366], [0.02596683879714841, 0.810014390400246, 0.05339788819480142, 0.11062088250780408], [0.01769654380106546, 0.027297100793567078, 0.9256226636219907, 0.02938369168337669], [0.01214093304988517, 0.019798308000462138, 0.9594363274384127, 0.008624431411239992], [0.024783898327136445, 0.5203137436012194, 0.4051866263132416, 0.04971573165840252], [0.03561822071525405, 0.7348203904690531, 0.10350352126640562, 0.1260578674492872], [0.01988984000210809, 0.9173845254832957, 0.0393620936061416, 0.023363540808454604], [0.017463661435785656, 0.928096099937909, 0.0395231016765725, 0.014917136849732903], [0.019215659702503666, 0.03835941385341476, 0.9153303877479648, 0.0270945385961167], [0.010804638577955392, 0.02262117397633276, 0.9604006454648805, 0.006173541880831398]], "ideal": "B", "sampled": "B", "correct": true}}
{"type": "result", "data": {"idx": 3, "options": ["An Apgar", "A teratogen", "Only a problem in the first 6 weeks", "A controlled substance"], "probs": [[0.0038621483256955926, 0.9914471358343866, 0.003333526613475419, 0.0013571891264424164], [0.004538157286882129, 0.9891485727037738, 0.005030683017563746, 0.001282586891780383], [0.0031874838410116562, 0.0017204545346957165, 0.9942523861027263, 0.0008396754215663052], [0.0066074555961597265, 0.0023950251318730423, 0.0020515587009418404, 0.9889459604710253], [0.003605950032153952, 0.002810600995516203, 0.9928187426194041, 0.0007647062529257464], [0.007416977814638522, 0.00342481384381534, 0.00182260753908786, 0.9873356007024583], [0.9916723683918945, 0.006732071092304756, 0.0006835821937558652, 0.0009119782220448752], [0.9875779583719101, 0.010140379722155113, 0.0012521014806262732, 0.0010295603253084756], [0.993266261185713, 0.005252043908681064, 0.0006432628959970611, 0.0008384319096088693], [0.9926810800964008, 0.005631314429189538, 0.0009064123640655478, 0.0007811930103441363], [0.9888149728890803, 0.008960815745261884, 0.00100003214100501, 0.0012241791246528127], [0.9919546191085402, 0.006375858907681076, 0.0007570232677266041, 0.0009124986160520954], [0.0028581001420160375, 0.0019050032736620387, 0.9943702524253795, 0.0008666440589424753], [0.007829095766624505, 0.003700706193995676, 0.0017099917160517428, 0.986760206223328], [0.00359830633649527, 0.9908316158638738, 0.003716273707669402, 0.001853803991961465], [0.00429923952632756, 0.989168110219695, 0.0037977574457323977, 0.002734892708245035], [0.006300779418317786, 0.0030977324949610038, 0.002340804918783679, 0.9882606830679376], [0.0032363946499013876, 0.00193427915317332, 0.9938161619517836, 0.0010131641451416491], [0.003836093916813122, 0.0033619827133954732, 0.9921221689291173, 0.0006797543406740791], [0.007583405217492404, 0.004567064726614365, 0.0016842629683813946, 0.9861652669875118], [0.005466863704647035, 0.9879766452964723, 0.005104987595384138, 0.0014515033034965357], [0.004403931202121286, 0.9898188965033679, 0.003380741545420674, 0.002396430649090219], [0.006112502683437241, 0.0024529184331846124, 0.0021840553732887244, 0.9892505234100895], [0.0033657985620963106, 0.0017612343402576664, 0.9940461435460836, 0.0008268234515624381]], "ideal": "B", "sampled": "B", "correct": true}}
{"type": "result", "data": {"idx": 4, "options": ["needs analysis.", "job evaluation.", "summative evaluation.", "formative evaluation."], "probs": [[0.9836618225967798, 0.0018336328013172118, 0.0012154647323258042, 0.013289079769577121], [0.996210493602427, 0.0017690777982584825, 0.0009569103493274648, 0.0010635181499870216], [0.9948776558644299, 0.0018646973596435216, 0.0006319946587070554, 0.002625652017219572], [0.9960956423472649, 0.0019114521256674627, 0.0016756987483872163, 0.00031720667868045813], [0.9968091944635724, 0.0020195860529591695, 0.0004895478532317737, 0.0006816715302366691], [0.9969029153139223, 0.0020849268777263907, 0.0006742322399682389, 0.0003379254683830916], [0.005269681922707554, 0.990191351084431, 0.0014104540077446968, 0.0031285128851167394], [0.0050762609749740875, 0.9919488827430512, 0.0014458738148194353, 0.0015289823671553204], [0.0025632328853202055, 0.000754141441483947, 0.9956350393052187, 0.001047586267977114], [0.0029292774034415455, 0.0006762906952977174, 0.0075483957991759965, 0.9888460360020848], [0.00226303882125716, 0.0010972674592485126, 0.9961593300015427, 0.00048036361795166367], [0.003861422214587027, 0.0019153718751255217, 0.002274772402650646, 0.9919484334076368], [0.004694005704118337, 0.9918402530794109, 0.0010827917759756828, 0.002382949340495036], [0.004661867056195784, 0.9930161111989827, 0.0016263249545112937, 0.0006956966903102019], [0.0022625705898949924, 0.0013021147625347355, 0.9955327191705714, 0.0009025953769989132], [0.002231025198598807, 0.0013876899994302312, 0.006668840253429428, 0.9897124444485416], [0.0018454222815086285, 0.0033489150958794485, 0.994573213100098, 0.0002324494225138753], [0.003344512981478637, 0.006453840921484245, 0.0016602806130215934, 0.9885413653840155], [0.005840281854757875, 0.991750361830699, 0.0012373008839050006, 0.0011720553306381828], [0.00588770100313538, 0.9921202964183782, 0.0013586560563569568, 0.0006333464221294661], [0.0030193934174058347, 0.0008474817209624009, 0.9954617776896947, 0.0006713470719370829], [0.004341408435362626, 0.0013376538140396077, 0.0021203178003758325, 0.9922006198502219], [0.002282795335906033, 0.0008169444966178359, 0.996654100406639, 0.0002461596608371418], [0.00444635584533233, 0.0015280355318531569, 0.001528815398050873, 0.9924967931247637]], "ideal": "A", "sampled": "A", "correct": true}}
{"type": "result", "data": {"idx": 5, "options": ["a useful strategy for helping the client understand the present.", "a way for the client to avoid coming to terms with the present.", "\"the \"\"second layer\"\" of therapy.\"", "\"a way for achieving \"\"closure\"\" near the end of therapy.\""], "probs": [[0.06788527327287991, 0.8158148655493327, 0.10446333304481581, 0.011836528032971583], [0.08923454086059214, 0.8098535763180348, 0.07642147902812685, 0.024490403693246166], [0.03581512398822464, 0.05345601110019082, 0.9039749290061586, 0.0067539358054259455], [0.12321187325057831, 0.07774865481693177, 0.025433901221110514, 0.7736055706113794], [0.03808028708196995, 0.028817915067575556, 0.9243725147896321, 0.008729282960822333], [0.20132828356780821, 0.059059774394679146, 0.03609019252565783, 0.7035217494118547], [0.0930179924890081, 0.8570062344235462, 0.04101693087210243, 0.008958842115343254], [0.06733731731628406, 0.882766378660365, 0.03813648908577502, 0.011759814837575894], [0.037280657070660805, 0.03271954938258787, 0.9272401500322123, 0.0027596434145390355], [0.1749104459104431, 0.0794414974513603, 0.019778082697856077, 0.7258699738403405], [0.026737245039844187, 0.01690650001449795, 0.9526606883724691, 0.003695566473188777], [0.1777772919821406, 0.04222800249023906, 0.01873639429486556, 0.7612583111327548], [0.0208897249359536, 0.6982914035338561, 0.2690717442527153, 0.011747127177474953], [0.027446598658703643, 0.6975364776923966, 0.04124290902849281, 0.23377401452040694], [0.010424398432594678, 0.4370064276189757, 0.5479671156932241, 0.004602058155205623], [0.01688373890333038, 0.6389962648369873, 0.027641464948770365, 0.3164785312109119], [0.008079784217917002, 0.005391445937865323, 0.980599794731129, 0.005928975013088637], [0.011030297281923472, 0.00610220971442735, 0.8503516095694114, 0.13251588333423778], [0.010113973692282625, 0.9562908308314719, 0.026892605693686795, 0.0067025896825585905], [0.013532768493820822, 0.9355502467472159, 0.021315871578669376, 0.029601113080293884], [0.010696775507998912, 0.6227912439567288, 0.36015779547855037, 0.006354184956721942], [0.01602998090935876, 0.7319587018453816, 0.04064089182143785, 0.2113704253238218], [0.008538648938561006, 0.01168826656879501, 0.973507157885822, 0.006265926506822009], [0.012593489530819716, 0.01184664708914441, 0.8771206955968103, 0.09843916768322555]], "ideal": "B", "sampled": "A", "correct": false}}
{"type": "result", "data": {"idx": 6, "options": ["the efficiency of controlled memory processes", "metamemory skills, or knowledge about memory", "recognition memory", "the amount of factual memory knowledge available"], "probs": [[0.5989992171672597, 0.03489865847338001, 0.06931175519490362, 0.29679036906445666], [0.5250963211742583, 0.03633700476643776, 0.42529704123166306, 0.013269632727640856], [0.5014942138440326, 0.09282364418700013, 0.017838961842691316, 0.38784318002627594], [0.5918687968006677, 0.1407028535736573, 0.2506165117487896, 0.016811837776885375], [0.24933874743921677, 0.7111246028825559, 0.02691101297603597, 0.012625636602191397], [0.1754981413222883, 0.7512644506273963, 0.056108229416283066, 0.017129178534032227], [0.02151860897275583, 0.45328286226369724, 0.050042730189440894, 0.47515579847410605], [0.013296116154518403, 0.5276629929160751, 0.4438398186081861, 0.015201072221220349], [0.022739510261911823, 0.07464990394476739, 0.18313408817125196, 0.7194764975220688], [0.01941979858938159, 0.11101414986518365, 0.6382074939599801, 0.23135855748545467], [0.013155026053538377, 0.44660108418082994, 0.5215264209935898, 0.018717468672041902], [0.022949154648339642, 0.7372510185277105, 0.10127932237747089, 0.13852050434647903], [0.04339160510367323, 0.4454563673817998, 0.029368237423856983, 0.48178378999067], [0.027468972058840444, 0.4235949539543004, 0.5307568936865328, 0.018179180200326356], [0.042201251809206995, 0.017753309067040486, 0.5692130464486967, 0.37083239257505574], [0.04144592613644636, 0.018271245196655485, 0.6383851813511321, 0.30189764721576606], [0.02194366720650264, 0.30810748552089806, 0.6567255645997966, 0.013223282572802671], [0.04919827167191379, 0.6535700206389877, 0.03923200961674366, 0.25799969797235484], [0.09895198562246403, 0.8758655646391458, 0.015062722230232412, 0.010119727408157789], [0.11386003137085417, 0.8355109440229013, 0.03555988548223668, 0.015069139024007866], [0.45415171637946933, 0.03704440938277832, 0.4835385345665479, 0.025265339571204446], [0.6779700567489154, 0.04582813415835082, 0.09918233080097383, 0.1770194781917599], [0.4916201324943596, 0.20680280412905924, 0.2868205958098311, 0.014756467466750075], [0.6597702226016757, 0.19215416346805553, 0.02875984226579194, 0.11931577156447683]], "ideal": "A", "sampled": "D", "correct": false}}
{"type": "result", "data": {"idx": 7, "options": ["Parkinson's disease", "Vascular Dementia", "a right frontal lobe tumor", "Alzheimer's disease"], "probs": [[0.09400780638123946, 0.529001720628912, 0.021658808313510695, 0.35533166457633786], [0.05676443308954657, 0.5969482848720111, 0.3243553144794454, 0.02193196745899689], [0.28130067439919576, 0.07232307911399521, 0.3367807990266666, 0.30959544736014244], [0.3400934661591709, 0.07596684303095365, 0.4950324929385504, 0.088907197771325], [0.12778002141423517, 0.6395830570973045, 0.2026969511110383, 0.029939970277422037], [0.23989132788346582, 0.6278632867326144, 0.037384584298771145, 0.09486080098514864], [0.11466910592807973, 0.28196477650854856, 0.010930464510295699, 0.592435652953076], [0.032109206470758364, 0.20007709784725938, 0.7610131926639736, 0.006800502918008693], [0.03428657773008307, 0.011232433065101898, 0.8258511538608858, 0.12862983524392918], [0.08432481405664835, 0.01715793826573149, 0.723783251854732, 0.1747339957228881], [0.032275712804665437, 0.39374892469636485, 0.5637979302102173, 0.010177432188752434], [0.08605796778788403, 0.24921625664412095, 0.017772257193842587, 0.6469535182741524], [0.020486350726090046, 0.893048112803942, 0.04339330213146121, 0.04307223423850669], [0.02313299826870112, 0.8900546464590209, 0.05684138863705307, 0.029970966535224904], [0.01367769224467027, 0.11114063267880148, 0.847292855021851, 0.02788881995467723], [0.03703144123348869, 0.2986005786768407, 0.06063016017981496, 0.6037378198098556], [0.02082154255405489, 0.1101381906451284, 0.8461168221265297, 0.02292344457428691], [0.05142043922111441, 0.11516874325304183, 0.06354780518204703, 0.7698630122437967], [0.04474357993491607, 0.7010774193850975, 0.2364789702370336, 0.017700030342952842], [0.08073082151216245, 0.7975893942716464, 0.02858523768808799, 0.09309454642810308], [0.02554199838866417, 0.18755258455300527, 0.7771899653440222, 0.009715451614308295], [0.0750758626476902, 0.14600073833053875, 0.0191468721750252, 0.7597765267467458], [0.017056277417182485, 0.012996062006341395, 0.9486707072843843, 0.021276953192091764], [0.08819636373098515, 0.02397163867816377, 0.17014239092919553, 0.7176896065616556]], "ideal": "A", "sampled": "A", "correct": true}}
{"type": "result", "data": {"idx": 8, "options": ["unethical, because the client's needs were not addressed more directly", "unethical, because the psychologist should have delayed the trip and given the client an appointment for that afternoon", "unethical, because the psychologist should have called a physician directly", "ethical, because it was not possible to determine whether or not the client was being manipulative"], "probs": [[0.7688367621951742, 0.17306389637373604, 0.05153358871733878, 0.006565752613750993], [0.8064821651934647, 0.16014884680543848, 0.009921414004323583, 0.02344757389677321], [0.7923300422460648, 0.16887425438859419, 0.033229580167002955, 0.005566123098338039], [0.7914940444989887, 0.17808414388523167, 0.007408604238918473, 0.0230132072768611], [0.87429920041929, 0.05550464066386451, 0.04456344850366729, 0.025632710313178188], [0.8236762008249902, 0.051498307046044016, 0.07602684689207952, 0.04879864513688633], [0.017146610322945455, 0.9089265988182309, 0.06274186357544355, 0.011184927183380145], [0.01831677503295685, 0.9193631999105552, 0.034778080067908876, 0.02754194488857912], [0.017554238257015596, 0.42618840491973414, 0.5421099606701935, 0.01414739605305677], [0.03186424650563613, 0.6926700314760089, 0.04157518858336724, 0.23389053333498766], [0.01236350284798465, 0.020760936518659966, 0.938291746570931, 0.028583813962424435], [0.016963621662960417, 0.02494222493571299, 0.32544544457163416, 0.6326487087296925], [0.04909084695662492, 0.8580208944023425, 0.08419241684789598, 0.008695841693136577], [0.0501181565016546, 0.8825867779671559, 0.02157132410575927, 0.04572374132543029], [0.19205719463165993, 0.23941029895714241, 0.556111938478186, 0.01242056783301172], [0.5012249034081359, 0.23321166445283123, 0.021016602645385563, 0.24454682939364739], [0.029115095823491876, 0.019925090789700294, 0.9140506437225904, 0.036909169564217505], [0.524411598124187, 0.06525084861839342, 0.0631033080085078, 0.3472342451489117], [0.00761826007338963, 0.9321377888277564, 0.043172264607178566, 0.01707168639167532], [0.0068685704282296185, 0.9446370948230934, 0.030078671043010343, 0.01841566360566665], [0.006652310696398245, 0.04115851892161548, 0.9283759177479278, 0.023813252534058433], [0.008275910287524845, 0.09867627926923427, 0.5671498184150574, 0.3258979919281834], [0.00609439487284187, 0.19298065201029813, 0.7802671989179845, 0.020657754098875568], [0.011953733118185718, 0.6955947389364444, 0.09627279045647032, 0.19617873738889954]], "ideal": "A", "sampled": "A", "correct": true}}
{"type": "result", "data": {"idx": 9, "options": ["clarify boundaries between family members in order to reduce enmeshment.", "work initially with the most differentiated family member.", "\"use a multiple-therapist team to prevent any one therapist from becoming \"\"triangulated\"\" into the family system.\"", "\"issue specific \"\"directives\"\" designed to counteract dysfunctional processes.\""], "probs": [[0.9235555897710598, 0.055938376250498884, 0.016288130501794406, 0.004217903376646869], [0.8928304754422496, 0.054940706962680684, 0.04665430492504378, 0.005574512570025965], [0.7674181560626749, 0.04070373677227812, 0.18522806705283396, 0.006650040012212952], [0.832567578713544, 0.026796514365351628, 0.020526601152502728, 0.12010930566860159], [0.8477131312994622, 0.05728708704942408, 0.0901056398710306, 0.004894141680083074], [0.8785852951376159, 0.028510088553562817, 0.005109303378181824, 0.0877953128306395], [0.017322532782491677, 0.9470590921650949, 0.023507269031325467, 0.012111105921088031], [0.015488468131575218, 0.9159925041665493, 0.056246716948614814, 0.01227231065326063], [0.01562190159025995, 0.022063265312486192, 0.9521296710021557, 0.010185161995098127], [0.07757634726565432, 0.0747063463457201, 0.10443522112841543, 0.7432820851602101], [0.013527940133153405, 0.025523692568960414, 0.9565097168345267, 0.004438650363359537], [0.09424784497725701, 0.10612459908483343, 0.03336689521435333, 0.7662606606235562], [0.01890715629365049, 0.6940659362824637, 0.2693808771861766, 0.017646030137709212], [0.021576475912541682, 0.6514845063645519, 0.10874974265072111, 0.21818927497218532], [0.011818043963478277, 0.104655363337463, 0.8687936123351281, 0.01473298026393067], [0.028247499677801456, 0.5464380352410473, 0.0527897585906025, 0.3725247063905487], [0.020152767832082332, 0.11800281880383037, 0.6271955264891308, 0.2346488867749565], [0.023698752734950368, 0.13459118762166067, 0.7377743701393056, 0.10393568940408332], [0.029776536197956702, 0.8994759965344065, 0.06113534858530153, 0.009612118582335336], [0.029519022271101855, 0.7565068916031114, 0.013525207953098625, 0.2004488780726882], [0.018614649130342557, 0.0640919399555772, 0.911729216742342, 0.005564194071738264], [0.08597304623101878, 0.28458550410524924, 0.02644361354270853, 0.6029978360210234], [0.02630408004915754, 0.020851284536907832, 0.8991833057381349, 0.05366132957579979], [0.054318860774854094, 0.04176825703748898, 0.631745166623135, 0.27216771546452195]], "ideal": "A", "sampled": "A", "correct": true}}
{"type": "result", "data": {"idx": 10, "options": ["A true experiment", "A cross-sequential cohort design", "A natural experiment", "A cross-sectional cohort design"], "probs": [[0.016820810373234785, 0.8300854385075207, 0.007708011960506517, 0.14538573905873795], [0.014217768655332558, 0.9296185282423984, 0.053248498062764535, 0.002915204939504462], [0.0069445273573288955, 0.004529187904109182, 0.9534878694300247, 0.03503841520853724], [0.005970746937061056, 0.0026131540914313117, 0.04018798600157477, 0.9512281128699328], [0.006915060769236605, 0.16126532369071536, 0.8310421031848236, 0.0007775122552244229], [0.00941878218861928, 0.07018622214627693, 0.003039393752017608, 0.9173556018130862], [0.634246707489849, 0.05809708316983558, 0.01025737357247248, 0.29739883566784286], [0.7302430483166673, 0.07066429033864297, 0.19359679989609263, 0.0054958613485970725], [0.6817485613243794, 0.03240197860421345, 0.04258693334123498, 0.2432625266301721], [0.7649793987458667, 0.04024872374568436, 0.18180204299500524, 0.012969834413443626], [0.7175537614385632, 0.25002736782119445, 0.01715798553496329, 0.015260885105279069], [0.7377846520232847, 0.21478117080126347, 0.010957164219388672, 0.03647701285606317], [0.005963413862545475, 0.0215044239193405, 0.949644502439032, 0.02288765967908208], [0.005581905684901486, 0.011461841117487916, 0.036407180686303685, 0.9465490724113069], [0.010793997502961292, 0.9132373587903078, 0.013334639803676504, 0.06263400380305441], [0.00900269348704341, 0.9333541900860164, 0.052627443403987784, 0.005015672922952391], [0.007368467685666501, 0.07387295302675234, 0.004474238454598409, 0.9142843407329827], [0.0046816786184270395, 0.08772528541837604, 0.9061629732206629, 0.0014300626425340368], [0.008673815570289534, 0.0033491479353413424, 0.9872349489187098, 0.0007420874756593397], [0.01505083271413664, 0.0034972535121137994, 0.0047056171961424266, 0.9767462964776071], [0.023812664404223822, 0.9594576250607962, 0.013372937066563263, 0.003356773368416623], [0.01954565871099067, 0.9573902139058175, 0.012342634161293494, 0.01072149312189832], [0.015306381364625577, 0.0021410435236614866, 0.01212149474535465, 0.9704310802663583], [0.006925244394441245, 0.0026533629449909907, 0.9886813227223329, 0.001740069838234829]], "ideal": "B", "sampled": "B", "correct": true}}
{"type": "result", "data": {"idx": 11, "options": ["recall of words", "verbal comprehension", "verbal learning", "production of speech"], "probs": [[0.009818570179878822, 0.0055204310389452855, 0.004198975177953035, 0.9804620235032229], [0.0014592444094483116, 0.003912579897048476, 0.9941844171557095, 0.00044375843779370547], [0.006163338666456116, 0.001526123494110255, 0.01677346170436227, 0.9755370760350713], [0.002326695542839352, 0.002122667907055575, 0.9924389982390674, 0.003111638211037572], [0.004615003081578138, 0.990053459565643, 0.004441671866804175, 0.0008898653859747153], [0.006956050434187885, 0.978465462912227, 0.002643632680886488, 0.011934853872698586], [0.007389264142667531, 0.004422119795534312, 0.0029920306831808428, 0.9851965852786173], [0.0012101351101721897, 0.003480513830755811, 0.994786519897239, 0.000522831061832977], [0.005965718939875879, 0.0018234696289802358, 0.010242716306886949, 0.981968095024257], [0.0016808255022286052, 0.002000619813182479, 0.9953721941034719, 0.0009463604811169911], [0.0032579866005216286, 0.9935535121518835, 0.002349725907647887, 0.0008387752399469721], [0.0041113735329671745, 0.9922326097579021, 0.002328420172048874, 0.0013275964370818459], [0.004896945361102256, 0.005021316029577004, 0.010378099078054023, 0.9797036394312667], [0.001895298526651922, 0.004923914975423433, 0.9905854108865242, 0.0025953755114004697], [0.0053903006622038245, 0.010649813837920859, 0.009696554930097145, 0.9742633304697782], [0.0015225371861169218, 0.007627946232862672, 0.9900743246156389, 0.0007751918653814295], [0.0051250608264602916, 0.9776147595867996, 0.0028777202209849307, 0.014382459265755274], [0.003938964868265798, 0.9882290544207973, 0.006550278705110892, 0.0012817019058259135], [0.9920139046720029, 0.006631345175860457, 0.0009421980655216792, 0.000412551986614909], [0.9862024147446354, 0.0050945887132385365, 0.0006154033446498165, 0.008087593097476154], [0.9870310259359386, 0.011852427686094654, 0.0007596952116739817, 0.000356851066292717], [0.9856987820139177, 0.01289620730357788, 0.000765022536169154, 0.0006399880463352539], [0.9843009657572781, 0.006948821164518718, 0.0009281832538649605, 0.007822029724338214], [0.9874508630510888, 0.009907833884258888, 0.0018500290394850437, 0.0007912739251673322]], "ideal": "D", "sampled": "D", "correct": true}}
{"type": "result", "data": {"idx": 12, "options": ["the child\u2019s intelligence.", "the child\u2019s \u201cbasic personality.\u201d", "the strength of the parent-child attachment.", "the parents\u2019 childrearing behaviors"], "probs": [[0.0070351075542466205, 0.014561470085607885, 0.01083481808632238, 0.9675686041738231], [0.006031073982576783, 0.013092577212250467, 0.977507632546954, 0.003368716158218648], [0.008035899722890304, 0.023825295135206356, 0.007569115226695556, 0.9605696898152077], [0.005019709060161724, 0.01769492236830904, 0.9740823023686535, 0.0032030661028757687], [0.009828400840600769, 0.9655808529211011, 0.01727473393315072, 0.007316012205147431], [0.010395183190112473, 0.967060714205812, 0.015385778117710866, 0.0071583243863647264], [0.01034519796251696, 0.008858315431263898, 0.010285014036563496, 0.9705114724696556], [0.007537173417744122, 0.007493697418211053, 0.981791058830151, 0.0031780702338937783], [0.0139683404332064, 0.043416598749393354, 0.005884777027965726, 0.9367302836894346], [0.005221272026093939, 0.026370777517586916, 0.9666631478508356, 0.0017448025054835016], [0.014164673137981703, 0.9715948043903825, 0.005221798197234929, 0.009018724174400902], [0.013631454313888685, 0.9724499994349284, 0.009910601610195106, 0.004007944540987841], [0.015452222969012283, 0.010070397564462095, 0.008228266649188316, 0.9662491127173373], [0.00703808304310801, 0.0059422586158262986, 0.9840030235800865, 0.0030166346609791336], [0.01720598564585315, 0.0195241053276529, 0.006347237296078508, 0.9569226716304154], [0.006349754947866717, 0.008704150682423565, 0.9826340145761674, 0.0023120796935423463], [0.018657438889548784, 0.9670217261386197, 0.007323678752692039, 0.006997156119139482], [0.018010645717215976, 0.9630566032103176, 0.013833936937464441, 0.005098814035001952], [0.9786506459616825, 0.013421713713913114, 0.0035930467581774483, 0.004334593466226976], [0.982230780809773, 0.012075269573900574, 0.0032329531330570543, 0.0024609963832693256], [0.969760203130616, 0.024649132643261042, 0.0027517970390051605, 0.002838867087117806], [0.9657208724993426, 0.028253210020528625, 0.003924200940119693, 0.0021017164400090843], [0.9715687239093664, 0.02319787765214314, 0.0031012384322068732, 0.002132159906283572], [0.9684977488357505, 0.024814291150983877, 0.004125092837686421, 0.0025628670755792116]], "ideal": "D", "sampled": "D", "correct": true}}
{"type": "result", "data": {"idx": 13, "options": ["is nonresponsive to visual or auditory stimuli and seems to be in a state of deep sleep.", "is confused and incoherent, may exhibit bizarre behavior, and is unable to care for him/herself.", "is alert and oriented and can remember and integrate remote and recent events but may have some impairment in judgment, planning, and abstract reasoning.", "is functioning at an intellectual level that is superior for his/her age, education, and demographic background."], "probs": [[0.008330118227376736, 0.04843461697414922, 0.9423665166069246, 0.0008687480915494237], [0.03781226300617636, 0.07293823379810864, 0.007693793964316795, 0.8815557091313981], [0.012058267169950641, 0.31705215579139406, 0.6696124640743684, 0.001277112864287001], [0.030298483668538607, 0.054481971284889304, 0.008100764541800223, 0.9071187804047719], [0.006147910465162003, 0.004470173462036678, 0.913232151498307, 0.0761497644744943], [0.01641070643891215, 0.00853008114748964, 0.8296980448534396, 0.14536116746015865], [0.006789732712781852, 0.006293113366682885, 0.9858307741462743, 0.0010863796742609543], [0.07232983456788816, 0.012095064933753346, 0.006083853581858544, 0.9094912468165], [0.043614794243320196, 0.9271565623243387, 0.02469260445367854, 0.00453603887866254], [0.11260027636523813, 0.752511156924918, 0.008169685634176074, 0.12671888097566775], [0.04022600898253715, 0.004809198464027984, 0.03870615386165116, 0.9162586385917837], [0.014297259996700439, 0.006118342291172345, 0.9733708518019195, 0.0062135458102076475], [0.05362215082816208, 0.023468419109361992, 0.9217637463069052, 0.0011456836555707546], [0.12842920450188125, 0.02736298504486775, 0.006302542797984746, 0.8379052675552662], [0.21751125761220239, 0.7140896411906956, 0.0653815034404074, 0.0030175976566945623], [0.15787859423494877, 0.7839802132114719, 0.006430216341008339, 0.05171097611257097], [0.09107808656183428, 0.010399665635560747, 0.11696738393393806, 0.7815548637686669], [0.026325521056357323, 0.007861196715785597, 0.9584285276725939, 0.007384754455263166], [0.004333284679056548, 0.01756002007103943, 0.936320959556049, 0.04178573559385497], [0.00913930381503104, 0.027535733072993798, 0.8235089810931243, 0.1398159819188508], [0.013417829645610233, 0.5490254117174261, 0.035924095355743375, 0.4016326631812202], [0.008073899954300627, 0.36058146026538174, 0.6222518132172532, 0.009092826463064436], [0.021905113172613885, 0.8103070914702962, 0.023707602347354622, 0.1440801929097353], [0.017813945668462353, 0.8600343101179688, 0.1092028200208733, 0.012948924092695506]], "ideal": "B", "sampled": "C", "correct": false}}
{"type": "result", "data": {"idx": 14, "options": ["decline the request to testify.", "agree to testify only if she obtains consent from both parents.", "agree to testify only if she can evaluate all of the involved parties.", "agree to testify only if her familiarity with the child won''t bias her testimony."], "probs": [[0.04024378389807463, 0.9038245485038784, 0.018034675031647032, 0.037896992466399895], [0.05200317593126744, 0.9168610076639935, 0.01772887908836956, 0.013406937216369512], [0.017482131978345087, 0.12964926851956854, 0.8445598608090299, 0.008308738593056494], [0.12230775868586784, 0.5038097650444286, 0.10159673843550195, 0.2722857377342015], [0.04132183890162432, 0.865024004342361, 0.08291731526864947, 0.010736841387365215], [0.034507807533574845, 0.7052161136228355, 0.023947326597862535, 0.23632875214572707], [0.09005103306989479, 0.8431017835586945, 0.022826701469119963, 0.04402048180229074], [0.07446119374902953, 0.8812643533830312, 0.028104032122925216, 0.01617042064501404], [0.008865830811349975, 0.011732206476885498, 0.9739893264526467, 0.005412636159117816], [0.0724255080135595, 0.017962357278453807, 0.010635438522686814, 0.8989766960852998], [0.007763746788478035, 0.014952752951773247, 0.9744912535392404, 0.002792246620508348], [0.05982115759047895, 0.017607587243685115, 0.005944701176795502, 0.9166265538890405], [0.01723473372777717, 0.6748989976942615, 0.2965994248009645, 0.01126684367699672], [0.028106398458853106, 0.7554125672506979, 0.1157695335664384, 0.1007115006240105], [0.008798280433679024, 0.46765867266183037, 0.5163135304663888, 0.0072295163381018235], [0.01649513058582853, 0.2907467121173257, 0.016533821449999677, 0.676224335746846], [0.006542358595539246, 0.0415132160556021, 0.9437640974752389, 0.00818032777361969], [0.022862943579534386, 0.06688950957689335, 0.13290221983007725, 0.777345326913495], [0.023746923609934908, 0.9293550510475079, 0.03799198056965452, 0.008906044672902654], [0.025273103338228974, 0.8452645537156, 0.02115342429845447, 0.10830891854771656], [0.00756429956830435, 0.0919047200693212, 0.8977675830318956, 0.0027633972304788416], [0.028462914383093837, 0.06896577235261908, 0.008050504441273594, 0.8945208087230135], [0.0059827463333213295, 0.008544228918426747, 0.9784483253350722, 0.0070246993131797605], [0.028650622278369235, 0.013177908710229079, 0.22250127375692466, 0.735670195154477]], "ideal": "A", "sampled": "A", "correct": true}}
{"type": "result", "data": {"idx": 15, "options": ["goals serve 2 purposes: they are a basis for motivation and they direct behaviors", "goal attainment is maximized when goals are specific and highly difficult", "goal attainment is maximized when frequent feedback is given", "worker participation in goal-setting is also good"], "probs": [[0.05339791744557811, 0.3653711757899046, 0.465015868759202, 0.11621503790531532], [0.05940067243729606, 0.4567457607209568, 0.24071099758389755, 0.24314256915784957], [0.048367105779930454, 0.25370657630489307, 0.5284444728594409, 0.16948184495573565], [0.048018187279667786, 0.3059174716166708, 0.23655998704452028, 0.4095043539591411], [0.0572699125190976, 0.23205578431814258, 0.26939011991965284, 0.44128418314310697], [0.0512401080400726, 0.2602704610566435, 0.15320345123834628, 0.5352859795649376], [0.05516204525078792, 0.15746300742125227, 0.7104159367336074, 0.07695901049435248], [0.05419111119124122, 0.25681076039685785, 0.5107213974679093, 0.1782767308439916], [0.06977787509193799, 0.4772805499958467, 0.2083945094079819, 0.24454706540423343], [0.055952586644899875, 0.5926974459345817, 0.26700040894312255, 0.08434955837739586], [0.06455502105767758, 0.3412216109060246, 0.22739417036268597, 0.3668291975736118], [0.06598412989910227, 0.4079426824638597, 0.38029661770832346, 0.1457765698287146], [0.053100852208145914, 0.17032003972049192, 0.6680714711349823, 0.10850763683637978], [0.05150013915308256, 0.2037734884494569, 0.3750236695280241, 0.36970270276943645], [0.06714509727037979, 0.33337317403975564, 0.2806850796963512, 0.31879664889351333], [0.054618157300311575, 0.4039072108079519, 0.4038034987333939, 0.13767113305834267], [0.05679920074082347, 0.22826236998388133, 0.2231144514817436, 0.4918239776935516], [0.058717027300684996, 0.2984993159472466, 0.4697288274295286, 0.17305482922253979], [0.0508077179932163, 0.1628536575763478, 0.3216089295959396, 0.46472969473449627], [0.049306959511556156, 0.17624387517244783, 0.2430982882559429, 0.5313508769600531], [0.06082055490524252, 0.26650344330002246, 0.27511571810192514, 0.39756028359280987], [0.05236019310636679, 0.358205237014651, 0.4858237315040125, 0.10361083827496971], [0.057665785336609536, 0.22639883096327854, 0.2955168749558638, 0.4204185086442481], [0.04906007866339385, 0.3462045943184263, 0.43441020399801933, 0.17032512292016053]], "ideal": "B", "sampled": "B", "correct": true}}
