{"type": "result", "data": {"idx": 0, "options": ["Cerebral infarction during the hospitalization", "Complication of the IVC filter placement", "Compression of the lateral femoral cutaneous nerve", "Hematoma of the left thigh"], "probs": [[0.0031466736710652823, 0.05245832178641983, 0.9367206449030028, 0.00767435953951211], [0.003758326222397301, 0.03433153610908512, 0.011694009776909235, 0.9502161277916084], [0.0065795773921608555, 0.8901765854634008, 0.09229878990068305, 0.010945047143755285], [0.006587116267931554, 0.8772723968025389, 0.025872065619208264, 0.09026842121032129], [0.004224735709135122, 0.027584573983289395, 0.01795594935456559, 0.9502347408530099], [0.003402896482504033, 0.026821285677128517, 0.922762400519408, 0.0470134172209594], [0.01551249690993285, 0.00812680726582954, 0.968903764095296, 0.0074569316289415715], [0.022417399816743597, 0.009075479317445675, 0.013314425060907336, 0.9551926957049034], [0.03411243809546051, 0.937775241491912, 0.006732585282674625, 0.021379735029952798], [0.03622682414165189, 0.9357644375245943, 0.02399348295608662, 0.004015255277667217], [0.023618732639145122, 0.027219592520877172, 0.003837765518572354, 0.9453239092214053], [0.01072217901980272, 0.02136032853586378, 0.966483931138422, 0.0014335612059115214], [0.8825596894889755, 0.03507949303706186, 0.06975596928090139, 0.012604848093061314], [0.8593265305152124, 0.029441516293199087, 0.017719574681273477, 0.09351237841031504], [0.7311111228016391, 0.25274298063267164, 0.004032018669142796, 0.012113877796546406], [0.6162086966288723, 0.3566635939643966, 0.024148554081315037, 0.002979155225415975], [0.8823295779729321, 0.08737930758809415, 0.0034216255696300343, 0.026869488769343745], [0.7656003290155616, 0.14844188532091482, 0.08341504787234565, 0.0025427376911779037], [0.010468299519096105, 0.008103822372236757, 0.014906255554605242, 0.9665216224540619], [0.007098414544825983, 0.00705873601177478, 0.9455769162369929, 0.04026593310640632], [0.009390482704307096, 0.027844417915254348, 0.0033329119995617004, 0.9594321872808769], [0.005648244875461427, 0.02677237727546637, 0.9656827855794287, 0.00189659216964352], [0.010284270565935628, 0.9485701101016046, 0.006598728503787357, 0.03454689072867242], [0.011795700232683183, 0.9380961421925583, 0.047426859593241555, 0.0026812978815169814]], "ideal": "C", "sampled": "C", "correct": true}}
{"type": "result", "data": {"idx": 1, "options": ["Braxton Hicks contractions", "lower uterine retraction ring", "hypotonic uterine dysfunction", "primary dysfunctional labor"], "probs": [[0.005586975383641652, 0.00828708541233774, 0.673087254869667, 0.31303868423435355], [0.004956303956712318, 0.0076459858285258, 0.9171979766204742, 0.0701997334942877], [0.008494316443364082, 0.29066309002579477, 0.02994522725363907, 0.6708973661772021], [0.006848057093440698, 0.5713099097025474, 0.4174717261301705, 0.004370306973841464], [0.01019990632245746, 0.7104880822307319, 0.01583098995495787, 0.26348102139185275], [0.009200938467644467, 0.8901913879016933, 0.09374815114041953, 0.006859522390242668], [0.012029481299904266, 0.00994451747522647, 0.6901893184363909, 0.2878366826884784], [0.010215190571206456, 0.010507651014849111, 0.865679292199969, 0.11359786611397549], [0.015502035616278165, 0.5779864787477433, 0.015309363602060982, 0.3912021219339175], [0.012004614381618489, 0.6418370972771883, 0.33787514560340476, 0.008283142637788489], [0.017275455037863915, 0.8600859921524848, 0.009801383448760961, 0.11283716926089034], [0.01413352631363415, 0.7917012741082544, 0.18493740654895346, 0.009227792929157997], [0.43959337435990753, 0.02145269097973619, 0.023545324516236043, 0.5154086100441202], [0.5277040036147593, 0.04482959610091414, 0.42198059214052186, 0.005485808043804688], [0.4355244796214659, 0.0572774913594268, 0.01628000423752871, 0.49091802468157864], [0.12738618669833254, 0.027650787955741128, 0.8393814451488213, 0.005581580097105059], [0.3285982688034624, 0.6541620650682353, 0.010182529933426936, 0.0070571360948754325], [0.32184342788394865, 0.6260340471033057, 0.03879801346505928, 0.013324511447686356], [0.6733697081460189, 0.01870771338752411, 0.011363478344588845, 0.2965591000218681], [0.7402071913904131, 0.02688098654529351, 0.2231291490124166, 0.009782672951876821], [0.6534048774293894, 0.07750838828178558, 0.007065168429857594, 0.26202156575896746], [0.2587154125023458, 0.039816203156632986, 0.6943880688602647, 0.007080315380756481], [0.48622726084496865, 0.5019856863837411, 0.004942348396718698, 0.006844704274571607], [0.47603819124139035, 0.4917641318229123, 0.023032732477214875, 0.009164944358482469]], "ideal": "C", "sampled": "D", "correct": false}}
{"type": "result", "data": {"idx": 2, "options": ["The findings are clinically and statistically significant", "The findings are clinically insignificant but statistically significant", "The findings are clinically significant but statistically insignificant", "The findings are neither clinically nor statistically significant"], "probs": [[0.311331218433437, 0.6447094205276277, 0.03695284272876149, 0.007006518210173868], [0.22821281486738285, 0.6162870428123949, 0.012503371374774861, 0.14299677084544743], [0.9049229597588974, 0.06718632863330726, 0.024150798304307417, 0.0037399132034879267], [0.8572960143787077, 0.0656718659246214, 0.011333923321301493, 0.06569819627536934], [0.6072085868999902, 0.01898508820548464, 0.3279666480106478, 0.04583967678387736], [0.7545144768007276, 0.022145474946113672, 0.14302690725349804, 0.08031314089966068], [0.04160633527253506, 0.9203290822353298, 0.03245576267506722, 0.00560881971706791], [0.05804125754148919, 0.854448516386242, 0.012282965904748767, 0.07522726006752], [0.009439001135220077, 0.0026959920023311127, 0.9863979885359387, 0.0014670182265100152], [0.09570469063737218, 0.010118616852236554, 0.005246839076071302, 0.88892985333432], [0.017047477134201905, 0.0016435418950078743, 0.9768440888628633, 0.004464892007926887], [0.12286497432607812, 0.0016836673740930081, 0.026829357474362166, 0.8486220007254667], [0.006220516545338554, 0.9707456509765882, 0.02073459259426491, 0.002299239783808336], [0.0075842176020245065, 0.9575089407182186, 0.008407189039709462, 0.02649965254004748], [0.004050430459610341, 0.033205290078420484, 0.9607935149916367, 0.0019507643703325145], [0.009245005258810442, 0.10602064227237641, 0.004350222098038854, 0.8803841302707743], [0.004335093118393149, 0.0018291982107558012, 0.9895871902731054, 0.004248518297745664], [0.015423787066714935, 0.0024768876664745046, 0.21334845361892704, 0.7687508715478836], [0.00742244990103759, 0.9146689056385527, 0.06516382757640397, 0.012744816784005707], [0.00815951525712013, 0.9299300095549778, 0.031797471644029934, 0.03011300344387214], [0.004522136447907052, 0.014184124878646854, 0.9774447159872649, 0.003849022586181207], [0.011795123545954423, 0.03558180613392189, 0.014152671736280655, 0.9384703984838431], [0.003116715343037014, 0.006774463462651328, 0.9874126661278358, 0.00269615496647577], [0.008045234529306448, 0.015076558684433996, 0.038456979239775084, 0.9384212274464845]], "ideal": "B", "sampled": "A", "correct": false}}
{"type": "result", "data": {"idx": 3, "options": ["Atrial fibrillation", "Cor pulmonale", "Systemic hypertension", "Tricuspid valve regurgitation"], "probs": [[0.024751403698516864, 0.7306592286791709, 0.07390598773072354, 0.17068337979158865], [0.02156993797322421, 0.7925609028312247, 0.13113945672323452, 0.05472970237231657], [0.012079995666800396, 0.012911785105296836, 0.9314000549850975, 0.04360816414280526], [0.024574763109182243, 0.02354376111983698, 0.14260146952739597, 0.8092800061435848], [0.009968960650325348, 0.022557425982577622, 0.9417517490516915, 0.025721864215405517], [0.02579662298500392, 0.045434354123301865, 0.05254358239257899, 0.8762254403991152], [0.8833850239153559, 0.016461583251351133, 0.04227059063920433, 0.05788280209408862], [0.8829992165930682, 0.01879073067965027, 0.055546077273463335, 0.042663975353818134], [0.8840992216071452, 0.04617116043956342, 0.02566647261992924, 0.04406314523336212], [0.8337094513012824, 0.04822364265119193, 0.10678781240584502, 0.01127909354168069], [0.836186720534942, 0.10977039700991549, 0.020291943014845076, 0.03375093934029743], [0.8419651505901217, 0.11058273319794541, 0.03474840942536952, 0.01270370668656337], [0.02049554810583279, 0.010515227559273468, 0.9219486026987191, 0.04704062153617453], [0.05052656580239122, 0.014103266239608746, 0.09822848968832307, 0.837141678169677], [0.034227556994452436, 0.8249706206985726, 0.04466866897320322, 0.09613315323377172], [0.025282165503994244, 0.8529018917739933, 0.10082178749666558, 0.020994155125346848], [0.06990996929814351, 0.11837472329082141, 0.04048464924956036, 0.7712306580614747], [0.01018392664991642, 0.04140930992630074, 0.9398700242178557, 0.008536739105927133], [0.021652208719667, 0.008787063913610532, 0.9367039833648485, 0.032856743901873944], [0.07991817123868881, 0.010287458403767564, 0.06177571425353818, 0.8480186560040054], [0.031154970342353087, 0.857465642292215, 0.041616358711469334, 0.06976302855396259], [0.02627220352903897, 0.8790695558354527, 0.07032349886803717, 0.02433474166747117], [0.09514629379117533, 0.04042036262694843, 0.04711172501103181, 0.8173216184708444], [0.013414560852174528, 0.02038148892652045, 0.9566607636490049, 0.009543186472300116]], "ideal": "C", "sampled": "B", "correct": false}}
{"type": "result", "data": {"idx": 4, "options": ["Median nerve at the wrist", "Musculocutaneous nerve at the forearm", "Radial nerve at the forearm", "Ulnar nerve at the elbow"], "probs": [[0.7751710037804116, 0.07632963416823449, 0.010490022771289773, 0.13800933918006408], [0.136796374721435, 0.020813076521303476, 0.8403905314987739, 0.0020000171584876885], [0.7724704231943019, 0.016221702278515916, 0.018635858056721546, 0.19267201637046058], [0.4292740574181718, 0.010818896761897087, 0.5571048115823196, 0.002802234137611502], [0.23312114820186425, 0.7539219581671914, 0.007746164870511584, 0.0052107286604327], [0.28356879957366604, 0.7084084303595032, 0.0035250234872385984, 0.004497746479592143], [0.014439902135820368, 0.8026617174069762, 0.013382157256242519, 0.1695162231009609], [0.008339174455352922, 0.5917412235768074, 0.3959564297019179, 0.003963172165921786], [0.030726539139691738, 0.0820278008313469, 0.7353698055569633, 0.15187585437199808], [0.008758896060199832, 0.019747391410108988, 0.9685581359342624, 0.0029355764954287623], [0.007596770817179766, 0.9672149480346938, 0.018668850288560166, 0.006519430759566302], [0.0077620405523739595, 0.9725875948627842, 0.011302048449831046, 0.008348316035010782], [0.014434460817965985, 0.601190876177759, 0.044536211421659394, 0.3398384514826156], [0.0067938975783426985, 0.3067907173380917, 0.6830582725833494, 0.003357112400216196], [0.01620903352296535, 0.02690565651807889, 0.8278144227117503, 0.12907088714720544], [0.006383543256319255, 0.010543217697350865, 0.9800589508550815, 0.0030142880912483127], [0.008060060673389992, 0.9347347886081897, 0.046414063716169726, 0.010791086902250545], [0.009993291403761217, 0.931506958939361, 0.04210967526943696, 0.016390074287440864], [0.9752209404692908, 0.018437626252722, 0.004522478774766627, 0.0018189544032206444], [0.9746051385839494, 0.020544076894055886, 0.0025752066406301496, 0.0022755777813645555], [0.976282412675786, 0.018030056635754858, 0.0036098807861637766, 0.002077649802295342], [0.9751698341986141, 0.019466813588306233, 0.0022751011343606366, 0.003088250978718999], [0.9852470938108412, 0.008460816152680526, 0.003936910609077187, 0.002355179327401054], [0.983994553534579, 0.008654135367149728, 0.004058241885346277, 0.003293069112925017]], "ideal": "D", "sampled": "D", "correct": true}}
{"type": "result", "data": {"idx": 5, "options": ["Fatty acid oxidation", "Fatty acid synthesis", "Gluconeogenesis", "Glycogenolysis"], "probs": [[0.8671821417965606, 0.09005671930181491, 0.01035292196608662, 0.032408216835537816], [0.8751264875967171, 0.0915955473077059, 0.019210950237908843, 0.014067014757668233], [0.8888319001415327, 0.021759657266376294, 0.06394312006061859, 0.025465322431472415], [0.8582282506249779, 0.02166577238691137, 0.028044644147895443, 0.09206133274021532], [0.886142899350659, 0.05121789413278379, 0.04850777136651594, 0.014131435050041184], [0.8425148427078758, 0.04791593687354761, 0.011844287951455503, 0.09772493236712101], [0.027150396693284482, 0.9292913269863733, 0.015018511903539283, 0.028539764316802954], [0.025884881299656978, 0.9359893088523651, 0.027377988808924756, 0.01074782093905312], [0.014312869336315662, 0.00598627718067313, 0.9748451981141071, 0.004855655268904088], [0.06060005266637758, 0.00828672468178845, 0.030057362789206368, 0.9010558597626276], [0.02149880539092609, 0.014367782517411073, 0.9606293417638434, 0.003504070227819409], [0.0663862694223482, 0.018047998076064775, 0.009660561689652646, 0.9059051707119343], [0.01102467961788901, 0.8567701886075346, 0.11412528518516163, 0.018079846489414776], [0.008867864717181264, 0.9055853951931182, 0.034836509265303295, 0.05071023072439729], [0.004738576007911145, 0.04265264255307393, 0.9482091527479354, 0.004399628591079526], [0.011723739588439083, 0.15461740810303182, 0.02883143056523709, 0.804827421643292], [0.0094623089015485, 0.019459372040054292, 0.8666288102427488, 0.10444950871564834], [0.011759302435318402, 0.018546214100818924, 0.27878641741894383, 0.6909080659449188], [0.022216729734789185, 0.7143712016435435, 0.25070857905805677, 0.01270348946361059], [0.02719680546553551, 0.8147126894888398, 0.018573527842464094, 0.13951697710316058], [0.013071325167999739, 0.07717936031285395, 0.9042750937175429, 0.005474220701603357], [0.04798158625780272, 0.1757373658990422, 0.011505593533868904, 0.7647754542092862], [0.01637168832998048, 0.00892673830207777, 0.8886019238854245, 0.0860996493825173], [0.022494371644848785, 0.008837459277534496, 0.2661770762897525, 0.7024910926878641]], "ideal": "A", "sampled": "A", "correct": true}}
{"type": "result", "data": {"idx": 6, "options": ["Reassurance", "Assess for suicidal ideation", "Begin dextroamphetamine therapy", "Increase oxycodone dosage"], "probs": [[0.012860963823516623, 0.9542320200867315, 0.018298905017185934, 0.014608110972565931], [0.013377381474884443, 0.9543838491133786, 0.017741803061545998, 0.014496966250190915], [0.013597408575254035, 0.11598277219917359, 0.8494586542965841, 0.0209611648289883], [0.014092990707711703, 0.048537140607588784, 0.013894927259916631, 0.9234749413247829], [0.009763008446307049, 0.03638593279921977, 0.9446521253099918, 0.009198933344481394], [0.017290153294766596, 0.03556729238458783, 0.015162663433232802, 0.9319798907874127], [0.9197489077245441, 0.02610667979466215, 0.02651968785808305, 0.027624724522710666], [0.9135966249448805, 0.024936067035590686, 0.01897741719677915, 0.042489890722749744], [0.8554302958621376, 0.09525969685331022, 0.011932781969700781, 0.037377225214851456], [0.8523250960282367, 0.10844331415401366, 0.023450926337017352, 0.0157806633807323], [0.8655564437986457, 0.08373292776451446, 0.011079800633978225, 0.03963082770286159], [0.8903033186180743, 0.08030004843434145, 0.014741554005878475, 0.014655078841705709], [0.014890769328653705, 0.021397318449741843, 0.9382969631251763, 0.025414948996428124], [0.018759197786094466, 0.022338594406896863, 0.016070190216849436, 0.9428320174901592], [0.022099887795595487, 0.9415996406433468, 0.012714928716953592, 0.02358554274410413], [0.0205925733161562, 0.9413195777480502, 0.02566034303686146, 0.012427505798932122], [0.02213996416939751, 0.030585707466891335, 0.017677267649399146, 0.929597060614312], [0.012761901706245402, 0.020775380893152052, 0.9616757361651107, 0.0047869811354918105], [0.010741605392305006, 0.049411728835161095, 0.9317759248471107, 0.008070740825423214], [0.022036341537634875, 0.05015785898217667, 0.017187034389389556, 0.9106187649907989], [0.01476563933790841, 0.9664478020015187, 0.008294437350160161, 0.010492121210412736], [0.015098387479924662, 0.9653962320199365, 0.01047021659529404, 0.009035163804844757], [0.02008429304129683, 0.027963543320421648, 0.018746615711360638, 0.9332055478269209], [0.012298903010906699, 0.026115807865194223, 0.9561095637476713, 0.005475725276227748]], "ideal": "B", "sampled": "B", "correct": true}}
{"type": "result", "data": {"idx": 7, "options": ["Defect in thyroxine (T4) biosynthesis", "Graves' disease", "Multinodular goiter", "Riedel's thyroiditis"], "probs": [[0.01861689571338145, 0.7172830543171899, 0.2591772916554517, 0.004922758213976961], [0.021162589014397562, 0.874237930749169, 0.06371286026809805, 0.040886619868335417], [0.019945595411451866, 0.6623843311601104, 0.31219324466444415, 0.005476828663993562], [0.022621990090655707, 0.8121554557224863, 0.07191922782831531, 0.09330332625854265], [0.020440545004228115, 0.0848761350033151, 0.811585653222916, 0.08309766666954084], [0.020016150136939696, 0.05162595478695417, 0.7887525992121093, 0.13960529576399688], [0.45724715458559106, 0.02297354572778709, 0.5150522776243608, 0.004727021962261104], [0.7659585871462853, 0.03908369215341288, 0.11948654487873146, 0.07547117572157032], [0.47129060413302604, 0.5099353960742432, 0.012283225954395936, 0.006490773738334806], [0.36314143556084, 0.594559579850265, 0.03798487226302928, 0.00431411222586574], [0.7530232211385007, 0.13501920056146238, 0.027287263928740594, 0.08467031427129626], [0.5285545404876851, 0.10740136729052037, 0.3608350629083424, 0.0032090292134521084], [0.07518579656735695, 0.02407420057028998, 0.8963312019070087, 0.004408800855344423], [0.357745054013606, 0.05161287673503265, 0.2257550971413036, 0.3648869720100577], [0.44388984881564, 0.5077353374689729, 0.026892646634313597, 0.021482166981073456], [0.3913679374031395, 0.48015138607368785, 0.12032627341299591, 0.008154403010176715], [0.32352641884502287, 0.10841533017670386, 0.02875022835044003, 0.5393080225278333], [0.44251720472756106, 0.268595614316701, 0.2793036188809475, 0.00958356197479043], [0.0197438612240507, 0.026606374803746974, 0.9311916040385131, 0.022458159833689272], [0.030992005798488546, 0.020060326859068778, 0.7293727896415253, 0.21957487760091743], [0.08079661428120409, 0.531904816574312, 0.042976424093717186, 0.34432214495076674], [0.04430192424704739, 0.3743985071865536, 0.5751370306161151, 0.006162537850283893], [0.05143325117609418, 0.4414702154078876, 0.02471413311539508, 0.48238240020062306], [0.04423301645935088, 0.6879548993765906, 0.2587244200320892, 0.009087664031969289]], "ideal": "C", "sampled": "B", "correct": false}}
{"type": "result", "data": {"idx": 8, "options": ["Inferior deep cervical", "Parotid", "Retropharyngeal", "Submental"], "probs": [[0.04093222172055954, 0.031981756802172995, 0.9121987723948257, 0.014887248982441783], [0.0989140455025818, 0.045048998680903535, 0.4475924188810156, 0.4084445368354991], [0.04588033661679058, 0.8816484747207312, 0.03691585086543869, 0.0355553376970396], [0.04729595815137895, 0.8276317776480577, 0.08573831680854825, 0.03933394729201507], [0.1350779710505259, 0.2567898699274285, 0.10453089136053856, 0.503601267561507], [0.04109644263012058, 0.07886749732906378, 0.8671395432094274, 0.012896516731388183], [0.010537500394036566, 0.375363942427613, 0.6036078277035708, 0.010490729374779642], [0.018606759190037746, 0.6321018196285562, 0.12730228615093617, 0.2219891349304699], [0.01569425654880814, 0.8130661677804235, 0.1525455979887558, 0.01869397758201253], [0.01777210578106656, 0.7935784990456347, 0.14097994019781993, 0.04766945487547879], [0.012884988844228085, 0.22364021032686696, 0.6073007769656528, 0.15617402376325218], [0.010003628543630703, 0.17777477799058294, 0.7894314195353226, 0.02279017383046372], [0.6052190278967267, 0.33226413707282454, 0.026635396302943214, 0.035881438627505605], [0.545818349136158, 0.35306207657286276, 0.060843417818847764, 0.04027615637213144], [0.638440966542296, 0.05335421487155476, 0.2729070186342083, 0.03529779985194088], [0.6904795138985454, 0.05459348559227288, 0.14370400889825324, 0.1112229915109284], [0.4469456157748006, 0.07969822347828638, 0.4442235909892946, 0.029132569657618453], [0.6842088698656611, 0.10023574530075981, 0.0877171754749319, 0.12783820925864714], [0.03192075555666064, 0.6890443428766049, 0.03323707207059524, 0.24579782939613926], [0.016740632183549823, 0.4680204337079925, 0.5052841568753667, 0.009954777133091012], [0.03456672884091023, 0.052440697035732266, 0.6954936099458515, 0.21749896407750605], [0.026667859626223117, 0.046204212937683564, 0.8984187947313411, 0.02870913260475222], [0.02207347615572324, 0.7101231978059104, 0.2528120933968172, 0.014991232541549151], [0.0314563041373154, 0.8319954020143141, 0.0692885993432799, 0.06725969440509062]], "ideal": "D", "sampled": "C", "correct": false}}
{"type": "result", "data": {"idx": 9, "options": ["Carbonic anhydrase inhibitor", "Na+ \u2013Cl\u2212 symport inhibitor", "Na+ \u2013K + \u20132Cl\u2212 symport inhibitor", "Osmotic diuretic"], "probs": [[0.23099119614748131, 0.2925572053414505, 0.22793742672403025, 0.2485141716870379], [0.28661388155932077, 0.2593237161377029, 0.26560574767317696, 0.18845665452979934], [0.15249167735156802, 0.2385976136537005, 0.43561133472651226, 0.17329937416821922], [0.2443245728673477, 0.21591324661778735, 0.20766760040224735, 0.33209458001261755], [0.14918555317817378, 0.568091332855636, 0.1616238206463361, 0.12109929321985419], [0.15038284321750003, 0.4935469814593701, 0.06327580518516385, 0.292794370037966], [0.1501206882129888, 0.19474951630746634, 0.42548807817185696, 0.22964171720768783], [0.1434574191184272, 0.2483669630204756, 0.36718560902912445, 0.2409900087319727], [0.13697645679131354, 0.29301054592527864, 0.32695899872009176, 0.24305399846331607], [0.10672102360971783, 0.30715645043065226, 0.5310154079341818, 0.05510711792544811], [0.12793795953809295, 0.4169217707831242, 0.24524376159307298, 0.20989650798570986], [0.07961370290975994, 0.28729398216415314, 0.5992734052101727, 0.03381890961591422], [0.07963618516667761, 0.09122444552426573, 0.6186352279367027, 0.21050414127235398], [0.09435140551468621, 0.14304520508062613, 0.2589964030199723, 0.5036069862847153], [0.08928665637618413, 0.518759300834747, 0.16332236022501145, 0.22863168246405743], [0.06347555607410968, 0.6274153531142308, 0.2785656127933721, 0.030543477918287404], [0.07537018506965339, 0.3892922699062154, 0.10730350761532632, 0.42803403730880485], [0.04043931035637592, 0.17470007677528968, 0.7653900184546564, 0.01947059431367807], [0.4600225789390014, 0.21595940474405628, 0.1998997524158377, 0.1241182638011046], [0.3976879776504524, 0.1672993053448208, 0.06921128515437827, 0.3658014317503485], [0.39972543114750403, 0.2975105820305015, 0.1805697637955438, 0.12219422292645067], [0.31855134834039145, 0.39403199220400553, 0.1877072253184856, 0.09970943403711736], [0.4148181018590644, 0.19468924111134145, 0.11998785852204139, 0.27050479840755276], [0.19553466503480255, 0.21199000274486635, 0.5416898827772906, 0.05078544934304053]], "ideal": "B", "sampled": "B", "correct": true}}
{"type": "result", "data": {"idx": 10, "options": ["Chest x-ray", "Complete blood count", "Determination of serum albumin concentration", "Determination of serum digoxin level"], "probs": [[0.01590314930211705, 0.052013104560655256, 0.9128083874820481, 0.01927535855517957], [0.02631467977576481, 0.20496419300358315, 0.036707469796171004, 0.7320136573244811], [0.02585402278561106, 0.9224347333814935, 0.02845691101777729, 0.023254332715118082], [0.027856392425186654, 0.878368067416394, 0.016554812861980486, 0.07722072719643885], [0.03492310210025679, 0.036612998238686974, 0.1768121281219453, 0.7516517714391109], [0.02043141089979039, 0.04682441887581781, 0.8658320468139582, 0.06691212331043354], [0.01751347882548222, 0.004901386048206276, 0.9667362333886761, 0.010848901637635355], [0.07696861501006796, 0.013186736841601055, 0.06411512589521147, 0.8457295221531195], [0.04652963829573518, 0.8745955700358693, 0.01702964211431397, 0.06184514945408152], [0.05332654579910292, 0.8996922775065764, 0.02392116668228757, 0.023060009912033032], [0.09121542938741783, 0.029806130744548572, 0.015546411814706024, 0.8634320279533275], [0.05170568905160283, 0.0387796504936089, 0.899770274012799, 0.009744386341989294], [0.8795917416328278, 0.02528212530533792, 0.06694982783134634, 0.02817630513048792], [0.7763500574362864, 0.030078554060960227, 0.029932774131581838, 0.16363861427117152], [0.8365461731996596, 0.0684155665074169, 0.02164894690540442, 0.07338931328751903], [0.8089523405028204, 0.09865528454377352, 0.06453005295938978, 0.027862321894016273], [0.7642415958646785, 0.030113203740145277, 0.0366750861911636, 0.16897011410401258], [0.6478994734140698, 0.03079733644653824, 0.3049476875740016, 0.016355502465390317], [0.08756178714459723, 0.022151474154963338, 0.13407974093645827, 0.7562069976639811], [0.03766198076366644, 0.012829853196593652, 0.8813803774701447, 0.06812778846959515], [0.06355070345790974, 0.2298761018503659, 0.01960176609112168, 0.6869714285006027], [0.04509219969484944, 0.1672965175813878, 0.7720202881206238, 0.01559099450313889], [0.03815561387488838, 0.8595581566164527, 0.023022500305406746, 0.07926372910325209], [0.04341087327590604, 0.890572590952879, 0.05007727686189244, 0.015939258809322485]], "ideal": "D", "sampled": "C", "correct": false}}
{"type": "result", "data": {"idx": 11, "options": ["Amoxicillin", "Cefaclor", "Ciprofloxacin", "Erythromycin"], "probs": [[0.03535987551258225, 0.01897832985306895, 0.9430620578156165, 0.002599736718732358], [0.1547893836425759, 0.06411057394843316, 0.05611808973781469, 0.7249819525711763], [0.10489950714175794, 0.8204816907620713, 0.06419088760347781, 0.010427914392692954], [0.1526511081595555, 0.7711917505919914, 0.043782988653408635, 0.032374152495044446], [0.11732077573479524, 0.023705832252315744, 0.14174189543327845, 0.7172314964796106], [0.050728221285883605, 0.014926317546136866, 0.9305748576322783, 0.0037706034357011444], [0.03546463288933137, 0.09367506109132995, 0.8676425128828454, 0.0032177930364932572], [0.13316665042784878, 0.251065035281871, 0.05302366024001089, 0.5627446539502693], [0.07044256566410038, 0.6650017582868409, 0.25797078335183316, 0.006584892597225497], [0.11031907995930866, 0.6716316917147485, 0.04393455389632054, 0.1741146743296223], [0.08391087657698212, 0.032171656042317594, 0.626241397538768, 0.25767606974193236], [0.02626794053945885, 0.012053321204667924, 0.9497915714318398, 0.011887166724033464], [0.4905847865455419, 0.40118649261653844, 0.10130841199061497, 0.006920308747304751], [0.6051266563403968, 0.33491115511170866, 0.039021408590445075, 0.020940779857449517], [0.5768063374012962, 0.03415859299094607, 0.3846125508487392, 0.004422518659018632], [0.7306524544410152, 0.039081960535928585, 0.06289000602357815, 0.16737557889947802], [0.5562832043840045, 0.02430340399414083, 0.4107910008629753, 0.008622390658879339], [0.6950620282666085, 0.021358575271940915, 0.1126277351149842, 0.17095166124646644], [0.05167569251284891, 0.17517782626312955, 0.08397982180611023, 0.6891666593179113], [0.027642406777903424, 0.1323306274685053, 0.83518893296105, 0.004838032692541226], [0.041463177569789414, 0.027265807560217327, 0.6351962077071927, 0.2960748070628006], [0.016094183127986987, 0.012082293313367722, 0.9597220765657094, 0.01210144689293588], [0.04132417946147372, 0.7578340143778288, 0.18829010354971706, 0.012551702510980388], [0.05336107899129006, 0.7979247927486246, 0.05553472621080071, 0.09317940194928467]], "ideal": "D", "sampled": "C", "correct": false}}
{"type": "result", "data": {"idx": 12, "options": ["Facial nerve", "Frontal sinus", "Mastoid sinus", "Olfactory nerve"], "probs": [[0.06322220986283829, 0.19039970705991557, 0.22412741002230133, 0.5222506729549449], [0.02501976513219288, 0.047560785222206144, 0.9103074239845617, 0.017112025561039253], [0.08599901038295191, 0.11139482796205441, 0.05818838889709142, 0.7444177726579022], [0.020844067929636986, 0.025987302325201855, 0.9438903128627439, 0.009278316782417206], [0.03251611849917288, 0.8330983611827038, 0.0843240553539567, 0.0500614648641667], [0.030320649679016407, 0.8666842028850538, 0.0768102529316178, 0.02618489440431205], [0.0356009469532564, 0.16602090500000466, 0.059149585858057595, 0.7392285620886814], [0.018267329644318597, 0.08526681299201216, 0.8804238968175594, 0.01604196044610983], [0.02991655134298054, 0.05771423975759578, 0.18611870114297746, 0.7262505076564462], [0.009761081475698059, 0.012756866637946613, 0.972853726692123, 0.004628325094232354], [0.018858802590319516, 0.9243671200368924, 0.03468153440189091, 0.022092542870897163], [0.016967785796860264, 0.9279101542137823, 0.040692891038579364, 0.01442916885077799], [0.033756618977908125, 0.10086416539612991, 0.019847687900560646, 0.8455315276254013], [0.011677273946404214, 0.060811606248562876, 0.9207315023851521, 0.0067796173198807945], [0.02272789700749554, 0.021546951966335114, 0.16533627692217617, 0.7903888740039932], [0.009272441504519918, 0.008865769247390982, 0.976173544991721, 0.005688244156368025], [0.01798507169696093, 0.9312234739167776, 0.0338605522916244, 0.01693090199463707], [0.017744061231956886, 0.9332349629725546, 0.027911038191637514, 0.021109937503850984], [0.8250188992455191, 0.05936102258917773, 0.05231727386323282, 0.06330280420207035], [0.8541447756913619, 0.05772425706208782, 0.0525026448946867, 0.03562832225186356], [0.8738980546616462, 0.0663807962135216, 0.031337457411421424, 0.028383691613410856], [0.8598370531722377, 0.06636017260216834, 0.050829481011503246, 0.02297329311409068], [0.891264402017619, 0.05656739091962662, 0.03196153658466464, 0.020206670378089722], [0.9039639334664725, 0.04503941585834782, 0.02666383452443686, 0.024332816050742823]], "ideal": "D", "sampled": "D", "correct": true}}
{"type": "result", "data": {"idx": 13, "options": ["anterior scalene", "latissimus dorsi", "pectoralis minor", "supraspinatus"], "probs": [[0.08597728208816066, 0.01835058730142215, 0.7383961929016799, 0.15727593760873726], [0.06562624394344763, 0.015879519991290187, 0.8871857474597644, 0.031308488505497736], [0.1556869125853224, 0.37667628557675903, 0.0692075629581212, 0.39842923877979736], [0.07180518980004175, 0.22510674762921803, 0.6987569517486576, 0.004331110722082644], [0.11804091577419652, 0.6690971651273285, 0.050044237070913385, 0.16281768192756155], [0.07580185899671024, 0.671436746364873, 0.24689557368611226, 0.005865820852304444], [0.034218200312520056, 0.1796404759325857, 0.5978797211171281, 0.1882616025377661], [0.02559329803366275, 0.13547407847638895, 0.8159626280763692, 0.02296999531357911], [0.03201659336335061, 0.0973056983607243, 0.6801574698871181, 0.19052023828880701], [0.023658879815785117, 0.0670547303799112, 0.8961966198883461, 0.013089769815957608], [0.035096788807596396, 0.5947725462064838, 0.3253694006655154, 0.04476126422040444], [0.03808079560254592, 0.5563234541222533, 0.3530731108747813, 0.052522639300419505], [0.16832600141205448, 0.46149332129512816, 0.06705169374737621, 0.30312898344544115], [0.07681227491447667, 0.2542860461903365, 0.6648758712577538, 0.0040258075374329785], [0.08378712769663557, 0.015419863047995978, 0.7310328428384318, 0.16976016631693655], [0.05169638736870201, 0.013532672430276432, 0.9260367437790291, 0.008734196321992387], [0.06207322545450264, 0.7060453541585149, 0.22733273403771953, 0.004548686249262954], [0.11554922390843765, 0.7368736532991225, 0.08265500890434213, 0.0649221137880977], [0.17916562128569896, 0.5392118236422851, 0.04575209810970924, 0.2358704568623066], [0.14273439346316644, 0.5187423228698786, 0.33260941502106034, 0.005913868545894514], [0.20585135428575219, 0.029955237409941434, 0.6660233399844417, 0.09817006821986468], [0.24378433602465938, 0.036886693967221475, 0.6488308052205084, 0.07049816468761073], [0.1366462424631069, 0.2809131474614096, 0.5769505564695756, 0.005490053505907908], [0.33855100248242215, 0.4151652969463529, 0.10269455401214611, 0.14358914645907883]], "ideal": "D", "sampled": "D", "correct": true}}
{"type": "result", "data": {"idx": 14, "options": ["anteriorly deviated distal femur", "plantar flexed cuboid", "posteriorly deviated fibular head", "unilateral sacral shear"], "probs": [[0.06136302276832163, 0.16763022540323513, 0.7210667132610232, 0.04994003846742001], [0.12287729336477604, 0.34337804907370295, 0.4102536523544647, 0.12349100510705632], [0.06006909727243615, 0.5862595859698431, 0.28945898144155013, 0.06421233521617066], [0.06771315342567526, 0.5740685251274087, 0.15662599658617207, 0.20159232476074396], [0.09196722814901295, 0.13123694500926747, 0.7313930040706093, 0.0454028226711103], [0.10115750199723816, 0.2020259065855689, 0.4693436307430856, 0.22747296057410735], [0.03493494362788788, 0.08096624617397886, 0.8487407442492543, 0.03535806584887896], [0.12516244871668744, 0.20862227054469912, 0.4276380113043509, 0.23857726933426254], [0.03968396602133773, 0.7693832888503737, 0.1302543494470792, 0.06067839558120936], [0.0402502044995112, 0.7983267902529615, 0.09742114691952196, 0.06400185822800533], [0.10152669465504936, 0.3366569700753888, 0.3442257164850821, 0.2175906186844797], [0.03453157507349587, 0.10188644136569475, 0.825785199207879, 0.03779678425293047], [0.4443801740389659, 0.1145416893900373, 0.40211669789182164, 0.03896143857917515], [0.4936986417962545, 0.10883339914087703, 0.18915685445691469, 0.20831110450595378], [0.39453953835255456, 0.34145072789758873, 0.2148443763220088, 0.04916535732784791], [0.4231151450844867, 0.3305272311896112, 0.18223359364384814, 0.06412402998205395], [0.4153165035138033, 0.26495881681658984, 0.20922405080383671, 0.11050062876577015], [0.3305218069158096, 0.14371596917783389, 0.5011489614856799, 0.024613262320676597], [0.11359376713079715, 0.18353352359039504, 0.6308910391048003, 0.07198167007400758], [0.07924611902224234, 0.13119297045412295, 0.6763657322118669, 0.11319517821176783], [0.12966311169852252, 0.44001627619658973, 0.290634427796066, 0.13968618420882176], [0.04789936896717117, 0.11991922511481388, 0.7813676565798285, 0.05081374923818644], [0.07938518409663663, 0.6621140841077584, 0.14520739209325875, 0.11329333960234618], [0.06712150973134628, 0.685548823141972, 0.19014018415338885, 0.057189482873292855]], "ideal": "C", "sampled": "C", "correct": true}}
{"type": "result", "data": {"idx": 15, "options": ["Administer amobarbital and then interview the patient", "Ask the patient to provide a narrative with detailed description of the incident and of his symptoms", "Interview the patient under hypnosis", "Interview the patient while paying close attention to his willingness to make eye contact"], "probs": [[0.030694290158989532, 0.9348745062529117, 0.02627263305987584, 0.008158570428222899], [0.03292855791714394, 0.9343482281080132, 0.026065862076251986, 0.006657351798590859], [0.010930302121810379, 0.009883500156645802, 0.9767585247759509, 0.0024276728455929256], [0.017534166179776413, 0.01169182458055095, 0.011598759370523445, 0.9591752497691491], [0.01962162654575203, 0.059547952626592925, 0.9169560543579287, 0.0038743663697262697], [0.01694534850638917, 0.02796051933649913, 0.006589118644565256, 0.9485050134125464], [0.8072441272102592, 0.14474524650506193, 0.033078290734436626, 0.014932335450242274], [0.7834856757469353, 0.17346454214227275, 0.029225616707031513, 0.013824165303760452], [0.8362976393797984, 0.08090681084567977, 0.05648605177724309, 0.026309497897278683], [0.911665954051706, 0.04986071885378774, 0.02212991739916778, 0.01634340959533846], [0.8167707016222053, 0.1487608604477156, 0.026060386549212482, 0.008408051280866509], [0.8625991509839189, 0.11858716015038429, 0.007764747444309553, 0.011048941321387205], [0.00735067409513761, 0.019230906433261613, 0.9707061907309799, 0.0027122286406209228], [0.01000680249975712, 0.019006117061314973, 0.010495658347053976, 0.9604914219918739], [0.015238824902115205, 0.9445788637205756, 0.033560221477137796, 0.006622089800171344], [0.0157657656215542, 0.9541943632818448, 0.02089565611833122, 0.00914421487826974], [0.010678980833026118, 0.018463927218859845, 0.008193018387573936, 0.9626640734605401], [0.010200296917107818, 0.02753125981038949, 0.9555120235992555, 0.006756419573247188], [0.020793770629731922, 0.03198073604279084, 0.9419124038236051, 0.0053130894038720955], [0.020000895529850068, 0.01499605368439103, 0.007249569070847245, 0.9577534816149117], [0.03308771091849017, 0.9240977967547913, 0.03415958133821674, 0.008654910888501814], [0.03389909367477098, 0.9397095099561182, 0.013495352559007889, 0.012896043710102879], [0.02450454903169274, 0.006300471072780065, 0.011312413533945744, 0.9578825662615814], [0.019865250453460253, 0.007911208180707178, 0.9655515071456268, 0.0066720341202058265]], "ideal": "B", "sampled": "B", "correct": true}}
{"type": "result", "data": {"idx": 16, "options": ["Failure of leukocytes to migrate between endothelial cells", "Failure of leukocytes to roll along the endothelial surface", "Inability of leukocytes to ingest microorganisms", "Inability of leukocytes to kill intracellular microorganisms"], "probs": [[0.0222219157113887, 0.03066433447041374, 0.13730971692837077, 0.8098040327898268], [0.017817009636848367, 0.022912826898924633, 0.8870120245898575, 0.07225813877436954], [0.020094389281036587, 0.025652434913227277, 0.28211376330894034, 0.6721394123967958], [0.01489001479096789, 0.014575719506123732, 0.8805519144723243, 0.08998235113058406], [0.018334369353315897, 0.5158273365797574, 0.2804172817911301, 0.1854210121757966], [0.0242552713557894, 0.3919622200763535, 0.44064798182591497, 0.14313452664194207], [0.010330705182781688, 0.18612726412230596, 0.05544292667302419, 0.7480991039218882], [0.007901641564783613, 0.10582190542061362, 0.8454720208613024, 0.040804432053300387], [0.007757706559990895, 0.009898896913525712, 0.8839325830664555, 0.09841081336002784], [0.004935706125743832, 0.00834514961206069, 0.9566788850639528, 0.030040259098242626], [0.007453719768165274, 0.2529207518423339, 0.6983273764504644, 0.04129815183903641], [0.011633814354220453, 0.6662324157519319, 0.1710804570028865, 0.15105331279096113], [0.014698795260940097, 0.04717292780237514, 0.2865041653355772, 0.6516241115011076], [0.016395853433982876, 0.05779292205526964, 0.7491193486703759, 0.17669187574037157], [0.015620867706118886, 0.013925852442225215, 0.7657649192345347, 0.20468836051712114], [0.010215321431033276, 0.007260451936008911, 0.8790860068774696, 0.1034382196554882], [0.013697468431845812, 0.8222216780406285, 0.1352623619974068, 0.02881849143011884], [0.010816831307367575, 0.9015769680729913, 0.0470371703822175, 0.04056903013742363], [0.8068059591871671, 0.06474684850879542, 0.07634228381858711, 0.05210490838545037], [0.7801967538777458, 0.0640996072187411, 0.1336923484720118, 0.02201129033150131], [0.5706684396690934, 0.03540763136667956, 0.2785684663255628, 0.11535546253866419], [0.8021560787031166, 0.03419893183665817, 0.10213520224659711, 0.0615097871136282], [0.8853647675025049, 0.043087586595698404, 0.05002615581687899, 0.021521489984917628], [0.9092886446997206, 0.04123821109120928, 0.0168176777644029, 0.03265546634466727]], "ideal": "D", "sampled": "D", "correct": true}}
