{"type": "result", "data": {"idx": 0, "options": ["Media release", "Media tour", "Press room", "Promotional days/weeks"], "probs": [[0.0019965701933677017, 0.9960778585378838, 0.0013648379325056058, 0.0005607332362429431], [0.0023689207372777016, 0.9953603026058887, 0.00114872121024314, 0.0011220553465903856], [0.0008147072277369875, 0.001476070906467742, 0.9970167107589303, 0.000692511006865001], [0.0019210423996450987, 0.0013116549255507315, 0.0006309028863374492, 0.9961363996884667], [0.0011127504425470962, 0.0012819219377772396, 0.9965984170040336, 0.0010069105156420592], [0.001805830500373332, 0.0007479774692453696, 0.0008291253455551717, 0.9966170665848261], [0.996122244573453, 0.0030991910136028114, 0.0002514635570935319, 0.0005271007558506561], [0.9954399997539427, 0.003765257516495789, 0.00027600201248584837, 0.0005187406170757006], [0.9959424044028988, 0.0034029548666428024, 0.00035417076680734354, 0.0003004698636509934], [0.9958104215021175, 0.0032476825751371697, 0.0003541647279298472, 0.0005877310948155033], [0.995236226554231, 0.003975840309126433, 0.0003511932055302906, 0.00043673983111221394], [0.9956015616913964, 0.0033241942024347013, 0.00037108677043101203, 0.0007031572357378958], [0.0008799619491165913, 0.0023563241389640633, 0.9960442299201133, 0.0007194838918059684], [0.001966198204224289, 0.0016064757179395652, 0.0005230000777885627, 0.9959043259000476], [0.0016803118237992145, 0.9949567773330851, 0.0024478688093784273, 0.0009150419337372886], [0.002039061283753401, 0.9931950572197193, 0.0016538393517166825, 0.0031120420448105548], [0.001982951660447693, 0.0006549438333958292, 0.0008351431001321267, 0.9965269613060244], [0.00118439819792939, 0.0010220776363384745, 0.9963063051669925, 0.0014872188987396797], [0.0010446081950345242, 0.0021450908555359365, 0.9959012943282566, 0.0009090065211729507], [0.0014515650220385682, 0.001140412346894139, 0.0006664416605298237, 0.9967415808705374], [0.0022772231768945802, 0.9943865433874965, 0.0020766376927881794, 0.0012595956428206427], [0.0023479762625919927, 0.9936715620268985, 0.0018897229360760226, 0.0020907386744334427], [0.0015451242768214607, 0.000953086600518014, 0.0007375417360781615, 0.9967642472865824], [0.0009819198770001296, 0.0012230216990770772, 0.9961874511805864, 0.001607607143336392]], "ideal": "B", "sampled": "B", "correct": true}}
{"type": "result", "data": {"idx": 1, "options": ["Quickly investigate to make certain your product is definitely the cause of the illness.", "Stop all sales of the product throughout the nation and issue a recall for that product.", "Stop sales of the product in the Albany, New York, market and issue a recall for that product.", "Issue a press release to the Albany, New York, market explaining how to treat the symptoms."], "probs": [[0.019491470204614565, 0.8514911031952429, 0.12688416986975187, 0.0021332566303906733], [0.019058682075822387, 0.6333032863511792, 0.007243056801102546, 0.3403949746718959], [0.014006280411947219, 0.8295428154857134, 0.1550081781288477, 0.0014427258734917088], [0.015338254902458118, 0.819430450464038, 0.007961302449119174, 0.15726999208438475], [0.006204830671234025, 0.002698866965340548, 0.9797608554195305, 0.011335446843894897], [0.00524095657342743, 0.002540508640183636, 0.9672003257542519, 0.025018208932137118], [0.17679475842965875, 0.03603788655351393, 0.7861572702103807, 0.0010100847064465727], [0.27153212056926784, 0.061270669610106514, 0.004749274851971794, 0.6624479348686538], [0.2614340313532164, 0.03212015114803943, 0.7055582151952667, 0.000887602203477486], [0.28623388600854943, 0.07546404368805455, 0.012468111372555641, 0.6258339588308404], [0.15950340934329552, 0.00589702210057009, 0.12484763102150817, 0.7097519374346262], [0.14088165469977681, 0.009633561397928049, 0.12787192796644517, 0.72161285583585], [0.08733864855713316, 0.030038426337031465, 0.8819412727272568, 0.0006816522785785487], [0.4878146534340968, 0.11247548197958245, 0.004391902023675733, 0.395317962462645], [0.17706241130265105, 0.6143279816234574, 0.20692840705494356, 0.0016811999189480491], [0.15796229016761842, 0.46855086856062006, 0.011545146807695715, 0.3619416943640658], [0.1254883859546251, 0.005171817278066688, 0.5928104538574667, 0.2765293428098416], [0.06559056143760823, 0.005170806855673997, 0.7434331888210234, 0.18580544278569436], [0.0032636133724845647, 0.05032566455163756, 0.9401658573283601, 0.006244864647517718], [0.0035192723344455086, 0.07074861969018648, 0.9156278138140349, 0.010104294061333072], [0.006422732431493858, 0.8621157952875877, 0.08250921741292572, 0.04895225476799264], [0.007000273490087576, 0.790930620963036, 0.05124990963970593, 0.15081919580717046], [0.007538341937405618, 0.8515973710113695, 0.09096174711651941, 0.04990253983470553], [0.008497386119912199, 0.665026714981713, 0.21369185743078323, 0.11278404136759163]], "ideal": "B", "sampled": "B", "correct": true}}
{"type": "result", "data": {"idx": 2, "options": ["community relations", "consumer relations", "employee relations", "public issues"], "probs": [[0.007336403746136901, 0.9839819066587011, 0.006578132639827985, 0.0021035568553340375], [0.007789467591209364, 0.98150272812849, 0.004042622234982557, 0.00666518194531799], [0.002242796992376908, 0.0036141161273882064, 0.9935141527304054, 0.0006289340498294736], [0.0038383748300884813, 0.0025982797542046495, 0.0009058413212530143, 0.9926575039944538], [0.003283872649954268, 0.0022760927803916675, 0.9922159546530399, 0.002224079816614194], [0.003962636324321661, 0.0010756180587101493, 0.0017062262890276745, 0.9932555192279405], [0.9767299002181515, 0.014490363638728196, 0.006847729653738135, 0.0019320063893820778], [0.97640109507103, 0.016032368017770703, 0.0025982093184367437, 0.004968327492762513], [0.9824800971026341, 0.0077431317392178765, 0.007504719231000418, 0.002272051827147613], [0.9773047001246634, 0.007179054919961698, 0.0022074123914250397, 0.013308832463949816], [0.978532750485673, 0.005867639778424052, 0.0113064818975027, 0.004293127738400218], [0.9823028500551897, 0.0054904945897602305, 0.005532615513523691, 0.006674039741526391], [0.002074370467579813, 0.0038472496880829006, 0.9935402032756442, 0.0005381764686930661], [0.003868485001615666, 0.002460223240916654, 0.0008445575655873929, 0.9928267340918803], [0.0070571940363505165, 0.9765426383682305, 0.014942421374591496, 0.0014577461208274186], [0.009376931943344038, 0.9719002850982763, 0.003850030715983954, 0.01487275214239564], [0.0037534673729349016, 0.0007752350563195775, 0.0016806968206309293, 0.9937906006501146], [0.003945374091245851, 0.0021978873460449517, 0.9884597492393299, 0.00539698922337931], [0.0020416160207138052, 0.002836033714819375, 0.993276660199958, 0.0018456899645088896], [0.0023155748023727303, 0.0016426557055186143, 0.001147736917158944, 0.9948940324749497], [0.007329305339653876, 0.9752603377765862, 0.009787130707970349, 0.00762322607578965], [0.009723347145792415, 0.9690647589068697, 0.0071716735778107644, 0.014040220269527087], [0.0022621803474457427, 0.0015313777224964717, 0.0011749461520008339, 0.9950314956780569], [0.0031633907433279507, 0.0032919977646672523, 0.9861859990905967, 0.007358612301408078]], "ideal": "B", "sampled": "B", "correct": true}}
{"type": "result", "data": {"idx": 3, "options": ["1917", "1922", "1925", "1927"], "probs": [[0.013695303227921233, 0.29527224853456313, 0.6870900798183347, 0.003942368319180868], [0.015722879640510175, 0.1359063790781333, 0.7470930577429175, 0.10127768343843907], [0.010410267087306467, 0.1721650984345358, 0.8156767612053863, 0.0017478731727714007], [0.010491161159149276, 0.15797256748731514, 0.8283477667850875, 0.003188504468448048], [0.012765487999495555, 0.3399684222625386, 0.6357838086499494, 0.011482280988016397], [0.013478096544954072, 0.4004711201935445, 0.5831685649466267, 0.0028822182148746526], [0.6949336174123786, 0.0351391477014372, 0.2641696950249472, 0.005757539761237044], [0.463181263240803, 0.027397515606715748, 0.4032238177972265, 0.10619740325525476], [0.449092540465779, 0.5372607151422629, 0.0045196330507023, 0.009127111241255769], [0.3276617557196274, 0.4729530556860823, 0.1976124811497576, 0.0017727073445326933], [0.28880156880404906, 0.6455594632086038, 0.0049466041678733, 0.060692363719473785], [0.04916702349123507, 0.07738922167569703, 0.8728486479599443, 0.0005951067731235747], [0.7446899205657421, 0.02755320029335163, 0.2204910184478592, 0.0072658605930470185], [0.639801539721568, 0.026418798621434487, 0.327335882795439, 0.006443778761558505], [0.7805705969142088, 0.20496991921255261, 0.0029583441913358616, 0.01150113958190266], [0.6824141171875299, 0.15096719623009813, 0.16507954961107835, 0.0015391368712936158], [0.36014302283393995, 0.6318798363209275, 0.002493528999647923, 0.005483611745484637], [0.30684491999644753, 0.6543743612013082, 0.03729290888642943, 0.0014878098158148828], [0.7825156217829875, 0.014007470290055009, 0.10533459228968192, 0.09814231553727558], [0.7219690027567427, 0.015464662106956607, 0.25787422709028324, 0.004692107946017494], [0.7838975717801873, 0.049286216083576015, 0.0023371241228713384, 0.16447908791336538], [0.31471011246447306, 0.02750437538260258, 0.6569743198988391, 0.000811192154085211], [0.832731999622401, 0.1562847155417359, 0.0015765749429337034, 0.009406709792929452], [0.7619471726597318, 0.21970270854788812, 0.016608766297157327, 0.0017413523952227387]], "ideal": "B", "sampled": "D", "correct": false}}
{"type": "result", "data": {"idx": 4, "options": ["Product-oriented", "Person-oriented", "Idea-oriented", "Message-oriented"], "probs": [[0.003142079354951055, 0.0008206251094485588, 0.25150672850073713, 0.7445305669348633], [0.0024480632980701917, 0.0005959739083588248, 0.0842771743587042, 0.9126787883348668], [0.0028965616996054775, 0.06489660471247498, 0.0008981639237338287, 0.9313086695641857], [0.005010192171176868, 0.36816900150520204, 0.6257870654299518, 0.0010337407936692787], [0.003044840376730855, 0.03978977303577, 0.0009008427622132136, 0.9562645437252859], [0.0034674312394362694, 0.13429844764409754, 0.8614233023365019, 0.0008108186799643472], [0.003627224204586902, 0.0010322878591351357, 0.5017032730840316, 0.49363721475224637], [0.0027615517206434344, 0.000651690257022512, 0.07347936510951618, 0.9231073928128178], [0.0034314952847881415, 0.06627907319669059, 0.0011064797477708698, 0.9291829516707504], [0.0033590489886244257, 0.113884534874103, 0.8815207803573287, 0.0012356356799438951], [0.003291275672100446, 0.03978222713761208, 0.000839657405242397, 0.956086839685045], [0.0038768965038467455, 0.20846426103869936, 0.7862655375945514, 0.0013933047629024731], [0.035030155567099416, 0.0017053997915437576, 0.0014033331212515384, 0.9618611114201053], [0.010876435390937354, 0.0015335095404752962, 0.9869990238966141, 0.0005910310719732058], [0.042256017209739614, 0.0017321241700420603, 0.0016790687008646406, 0.9543327898193537], [0.012398826485741523, 0.0012106635446177002, 0.9849984920978678, 0.0013920177717729597], [0.3599486474357742, 0.6271677904947971, 0.005691105223681266, 0.0071924567457474445], [0.3984928519653967, 0.5892380013811049, 0.005871676973277349, 0.006397469580221066], [0.062109907919363626, 0.001509021077459179, 0.001906875223675473, 0.9344741956795017], [0.040643583510696496, 0.0028369170283791983, 0.9549167045209299, 0.0016027948399943439], [0.06163943617368945, 0.0015210428443477111, 0.002264365301621344, 0.9345751555803415], [0.12148700114720799, 0.003095500456318731, 0.8703206328581102, 0.00509686543836307], [0.7912506625306572, 0.18659720296415305, 0.00707094286157806, 0.015081191543611665], [0.8798813495533042, 0.09956505386457312, 0.009119043094701523, 0.011434553387421074]], "ideal": "C", "sampled": "D", "correct": false}}
{"type": "result", "data": {"idx": 5, "options": ["to develop a vision statement", "to interpret trends for management", "to interpret the organization's business plan", "to consider the role public relations might play"], "probs": [[0.007375329785091317, 0.9006460941415969, 0.009476130562303928, 0.08250244541100785], [0.005935072772549187, 0.9020508447468932, 0.07943790860185566, 0.012576173778701882], [0.005086899757225692, 0.019510599014967732, 0.8762957881877685, 0.09910671294003803], [0.007666158324904005, 0.022722128289706333, 0.40586747845771565, 0.563744234827674], [0.003645599706206421, 0.0773680011917974, 0.9136349261808492, 0.0053514728211470014], [0.007586467312219395, 0.5237330954772949, 0.041023773466590446, 0.42765666364389526], [0.9152180577138284, 0.007921156494797153, 0.005115360035371801, 0.07174542565600264], [0.8949845394751671, 0.010261757007274656, 0.07946084189726446, 0.015292861520293787], [0.8951919138317919, 0.03259854940887816, 0.0014926382842824974, 0.07071689837504748], [0.8169899252307823, 0.035347272859289465, 0.14434355966423248, 0.0033192421456957927], [0.6436654581928184, 0.3312428723643016, 0.0016237588770961974, 0.023467910465783785], [0.6277506324534472, 0.3576202377232814, 0.012156264804295767, 0.0024728649189757054], [0.02411935127757493, 0.0033709868437583304, 0.8573306942594859, 0.11517896751918084], [0.03774315801955955, 0.0031507699233696003, 0.23489117237197538, 0.7242148995850954], [0.01795012019983458, 0.7755619402433332, 0.0040722025826212755, 0.2024157368742109], [0.013742211299262001, 0.8117153108902131, 0.17149417460744557, 0.0030483031030793177], [0.04671748287124817, 0.36464720434398823, 0.0054528074477761925, 0.5831825052369874], [0.014621186361448438, 0.23794168707933042, 0.7445082812821372, 0.0029288451770839176], [0.012172381035297176, 0.005937787529381111, 0.9753144096330484, 0.006575421702273363], [0.2176363501361599, 0.009421712576358097, 0.0585592289120358, 0.7143827082754461], [0.018279723789932166, 0.9454819771587939, 0.003867671656707525, 0.03237062729456643], [0.016925253122088098, 0.9691607440849432, 0.010439909154603407, 0.003474093538365197], [0.09224292027389837, 0.21113147154025125, 0.0036344603241990486, 0.6929911477616513], [0.013078276894456127, 0.06646031833062989, 0.9174926207426914, 0.0029687839322225804]], "ideal": "B", "sampled": "B", "correct": true}}
{"type": "result", "data": {"idx": 6, "options": ["When victims of abuse remain silent about the abuse", "When people hide their opinions if they do not agree with the majority", "When people hide their opinions if they are in disagreement with their close peers or family members", "When public relations uses opinion poll results to generate support for a particular issue"], "probs": [[0.0029346282848540946, 0.9441421413503649, 0.04887858230710964, 0.0040446479576713365], [0.004407557724088119, 0.9444906851373958, 0.004443825288325597, 0.04665793175019049], [0.001959783104513872, 0.07891878805529166, 0.9172343387416199, 0.0018870899985746262], [0.003556180977010273, 0.34606674302027063, 0.003641944377402275, 0.6467351315253168], [0.003706843027804936, 0.0042016840351753425, 0.9509493455252016, 0.041142127311818086], [0.0038418344238149126, 0.0048195577704117434, 0.7497713801509401, 0.24156722755483323], [0.23428791654494238, 0.06354372578505765, 0.699621778308285, 0.002546579261714915], [0.39902713129026685, 0.0430335245218054, 0.003646973916185502, 0.5542923701717423], [0.500640161761201, 0.49271879375289585, 0.002932892925612873, 0.0037081514602903417], [0.4892130767567152, 0.504582671712948, 0.0016593155214452912, 0.004544935908891505], [0.3455024364482652, 0.02542169207957765, 0.0078151682456732, 0.621260703126484], [0.1964594921733462, 0.04087086190378332, 0.7593872764066254, 0.0032823694162450678], [0.002308731063137844, 0.004524728014719059, 0.9917305119285919, 0.0014360288935512948], [0.020063099400910722, 0.009628639047890275, 0.0026544675930762407, 0.9676537938581228], [0.004002314687399534, 0.9875699082448697, 0.004946557072370742, 0.0034812198953600294], [0.004434656495914617, 0.9885832988603666, 0.003708603912408397, 0.0032734406313103988], [0.014247569037653, 0.004888269190341086, 0.004149510190469975, 0.9767146514815359], [0.0026990551267553797, 0.003961879930744672, 0.9918804596103299, 0.001458605232170039], [0.003687787125349594, 0.007110169201372371, 0.9097070750248094, 0.07949496854846862], [0.0034671416728735997, 0.008382612893151318, 0.6505899471084337, 0.33756029822554146], [0.00537625156159583, 0.8696034035522593, 0.010047208853925975, 0.11497313593221896], [0.003713802162161241, 0.8810909253046711, 0.11114525628481081, 0.004050016148356756], [0.004219788014220954, 0.7436877290951525, 0.0067989763854994795, 0.24529350640512712], [0.0028540151016584105, 0.60211351107114, 0.39184589868675657, 0.0031865750404450072]], "ideal": "A", "sampled": "B", "correct": false}}
{"type": "result", "data": {"idx": 7, "options": ["Research and evaluation", "Strategy and evaluation", "Strategy and implementation", "Objectives and implementation"], "probs": [[0.03360232710502294, 0.1733706593340118, 0.5136032103978584, 0.2794238030631068], [0.03711114492393002, 0.1090822604459473, 0.30357668140001953, 0.5502299131301032], [0.02644998820411013, 0.21470472654369682, 0.6212486155338245, 0.13759666961836853], [0.02440167563460747, 0.5866346889151207, 0.17475525837780229, 0.21420837697246953], [0.043619766514167886, 0.2569657466910139, 0.2549903592018511, 0.4444241274929671], [0.016583040107871188, 0.392501497341163, 0.3601205592969464, 0.2307949031540194], [0.2722556211599958, 0.15621520111741505, 0.21027643349820363, 0.3612527441243855], [0.20088654012781715, 0.10098363089235704, 0.4251846233026414, 0.2729452055771844], [0.41289208565672186, 0.09951152948074413, 0.12294588603178704, 0.36465049873074695], [0.40917135728949416, 0.3554179197807966, 0.21578992174644654, 0.019620801083262706], [0.3595610176895722, 0.12909298413255227, 0.18354475100259865, 0.32780124707527686], [0.11838243497269625, 0.2507768047481347, 0.6207177221547815, 0.010123038024387533], [0.030388173278887345, 0.08867841378231207, 0.8090930134942611, 0.07184039934453944], [0.047877887873238226, 0.15216572184397012, 0.2887816055520506, 0.5111747846307411], [0.026820316572610598, 0.8087176613006838, 0.029241550176966745, 0.1352204718497389], [0.0274258920902999, 0.8468820237763577, 0.1111111471111437, 0.014580936922198685], [0.07094553910190854, 0.4018314808341726, 0.07150326721775209, 0.4557197127461668], [0.06875737685364307, 0.36328029256771305, 0.5584220828464227, 0.009540247632221225], [0.019717273030155063, 0.14126006240974606, 0.6737987624336098, 0.1652239020264891], [0.02133351548299306, 0.02534762750798585, 0.4154077438936885, 0.5379111130153326], [0.02535333599585819, 0.7070380847090295, 0.058496939240778575, 0.20911163995433377], [0.023923897525111645, 0.6221721130369812, 0.33554893271400416, 0.01835505662390302], [0.025040819355310568, 0.3456198111911504, 0.03643495731647688, 0.5929044120370621], [0.02129449425576698, 0.6373623359597713, 0.33062868013800534, 0.010714489546456355]], "ideal": "A", "sampled": "B", "correct": false}}
{"type": "result", "data": {"idx": 8, "options": ["Defining the program", "Planning the program", "Taking action and implementing ideas", "Evaluation of the program"], "probs": [[0.04438554689414319, 0.9425918871542519, 0.009993246261598131, 0.0030293195900067222], [0.048296193267316434, 0.9338083148553878, 0.007019721330451719, 0.010875770446844023], [0.009443813221986471, 0.0032183456513210453, 0.98683949606805, 0.0004983449586424679], [0.0224431128720031, 0.00470850449018727, 0.0021572593519947384, 0.9706911231858149], [0.01570668048860812, 0.003049448088544704, 0.979835734544151, 0.0014081367786961602], [0.022930494755284882, 0.0036883767522647116, 0.004555578673009137, 0.9688255497194412], [0.061365420312196564, 0.9167526728932208, 0.011275953328552203, 0.01060595336603043], [0.06739868116284306, 0.8883157230943912, 0.008444451592431968, 0.03584114405033378], [0.02970912643417504, 0.006850529843337113, 0.9617984176363082, 0.0016419259861795428], [0.07075526320357128, 0.011474331720561873, 0.00604428300514492, 0.9117261219707219], [0.08400665729192719, 0.007292508405442784, 0.9036452512646016, 0.005055582938028389], [0.09149424258432504, 0.009138692441821935, 0.01628315869654779, 0.8830839061773053], [0.006959271725505134, 0.05109889139757809, 0.9413549450463176, 0.0005868917305991986], [0.009456376671875136, 0.022695308482848304, 0.0021639829988630444, 0.9656843317464135], [0.013278156115705328, 0.5785895410307816, 0.4069684620293109, 0.0011638407242020685], [0.01960203678679082, 0.37885875210438935, 0.005405359110584428, 0.5961338518982354], [0.01000326162318187, 0.002847180304937905, 0.027635770189132377, 0.9595137877827479], [0.006484111538007561, 0.0025631520398050845, 0.9553276137230859, 0.03562512259910137], [0.008237127798792477, 0.045267287126528194, 0.945189543039737, 0.0013060419349423258], [0.008674424952939918, 0.022333817247467226, 0.00359226734994756, 0.9653994903496453], [0.01218820288953142, 0.835121282669041, 0.15087560389219526, 0.0018149104492323053], [0.01649426316158321, 0.517366475118522, 0.009476184027430503, 0.45666307759246433], [0.007822819174147582, 0.0038159562508250883, 0.024872984020234842, 0.9634882404547925], [0.006228998971494036, 0.0034978246521654415, 0.9466741392686465, 0.043599037007694026]], "ideal": "B", "sampled": "B", "correct": true}}
{"type": "result", "data": {"idx": 9, "options": ["ingratiation", "downplaying", "distancing", "nonexistence"], "probs": [[0.06685337199466329, 0.06241547478953478, 0.07947725535396952, 0.7912538977618324], [0.004764277689403924, 0.011657680877645264, 0.9815109191028009, 0.002067122230149904], [0.072736231839769, 0.04525533961971532, 0.06681229024131886, 0.8151961381991968], [0.003934100730043303, 0.008829133571878336, 0.9851980790648778, 0.002038686533200618], [0.0060180624186164915, 0.9820414073232083, 0.009719104984839431, 0.0022214251733357186], [0.00455466886526246, 0.9843374996418292, 0.00879782616465961, 0.0023100052282488104], [0.018176962162370983, 0.18380019546176313, 0.06458534468100859, 0.7334374975948573], [0.004396712721185326, 0.012776810234306494, 0.9801833886913659, 0.002643088253142252], [0.012080291732447542, 0.01752301980241074, 0.12813487134542517, 0.8422618170197166], [0.004622045106819121, 0.007029571996972115, 0.9825835118401474, 0.00576487095606135], [0.005550612742777146, 0.9717925273671145, 0.020339138979048595, 0.002317720811059749], [0.004749396839748807, 0.9794884969312837, 0.011236187127039351, 0.004525919001928147], [0.013749828022933421, 0.07278914464175724, 0.04698363134790459, 0.8664773958874047], [0.0038806436887404093, 0.013586966101234728, 0.9797637304234079, 0.0027686596866169366], [0.013243974172821235, 0.016562983376587348, 0.1803687362002808, 0.7898243061503106], [0.004662878451626607, 0.00687141685524201, 0.9831669553946923, 0.005298749198438978], [0.004420406465052693, 0.977225679829638, 0.016309873447105695, 0.0020440401582035384], [0.005187406511444643, 0.9809945494437539, 0.009712562479979469, 0.004105481464822042], [0.03177903012951225, 0.921425807756286, 0.03548775798036156, 0.01130740403384017], [0.024756903015734737, 0.9363025009915119, 0.02919878307316126, 0.009741812819592023], [0.03881128895313139, 0.044062867459941445, 0.9054276115921088, 0.011698231894818308], [0.19451388424904278, 0.0972354546504022, 0.20254698091885073, 0.5057036800817043], [0.03684585748933493, 0.031344136681515616, 0.9218588654434221, 0.009951140285727354], [0.19777836656908415, 0.06957320609092842, 0.11729522356353382, 0.6153532036764536]], "ideal": "B", "sampled": "D", "correct": false}}
{"type": "result", "data": {"idx": 10, "options": ["It hasn't", "Doubled", "Tripled", "Quadrupled"], "probs": [[0.002308792954962215, 0.013295331875219673, 0.8822424923067016, 0.10215338276311657], [0.0035581210379140972, 0.018367922526144484, 0.657548806424455, 0.3205251499114864], [0.0031012995656478155, 0.03840135470842916, 0.8335650694380541, 0.12493227618786897], [0.0029376399947736165, 0.021384803078215334, 0.8212892221096756, 0.15438833471733546], [0.006163483355103039, 0.0957350335924141, 0.212318774683262, 0.6857827082692208], [0.0038720644598167157, 0.037936796011412616, 0.8045013058733999, 0.1536898335553708], [0.0409007867307238, 0.003213681784988416, 0.48715698756675885, 0.46872854381752893], [0.026528513037837237, 0.0025550674161029523, 0.19467654808712131, 0.7762398713589385], [0.06452244339268529, 0.3954670914388488, 0.015824226218810397, 0.5241862388496555], [0.0153091986429019, 0.17129122632372235, 0.8104231192820752, 0.0029764556513004856], [0.03076594269604105, 0.2786704849588443, 0.00578996016854797, 0.6847736120765667], [0.015520131727026975, 0.2160878550707517, 0.7657486452738338, 0.002643367828387514], [0.03050199500537376, 0.0032726078978439262, 0.9273106981832023, 0.03891469881357995], [0.04727238061280333, 0.0037445128099769234, 0.3721667839667816, 0.5768163225104381], [0.1865462587634352, 0.5400464919023777, 0.018053570054296003, 0.2553536791798911], [0.0746268940486676, 0.3347135241971387, 0.5825877286717521, 0.008071852982441565], [0.06869718076954756, 0.20523777277904273, 0.009164537822876845, 0.7169005085285328], [0.023767642777338966, 0.0883786836307543, 0.8851578771461786, 0.0026957963457281994], [0.20934111813632383, 0.009153977444775419, 0.4434801537910747, 0.33802475052782605], [0.13259643586621075, 0.008115092457887422, 0.5500992648705071, 0.3091892067053948], [0.269672682251299, 0.2805232902150545, 0.011143093533223462, 0.43866093390042304], [0.11536014813208315, 0.12678508447446066, 0.7525961391316676, 0.005258628161788667], [0.2374206524656261, 0.15576800509745808, 0.013200285348435425, 0.5936110569884804], [0.1483170178810216, 0.215976974235704, 0.6295593712499643, 0.006146636533310046]], "ideal": "C", "sampled": "C", "correct": true}}
{"type": "result", "data": {"idx": 11, "options": ["They both require research monitoring.", "They both deal with acute risks.", "New organizational practices are developed as a result of each.", "Both have the potential to damage an organisation's reputation."], "probs": [[0.03309034232598956, 0.33906573559031344, 0.6095338554001353, 0.018310066583561744], [0.023298036391558627, 0.10033423489943485, 0.016368545651171938, 0.8599991829578346], [0.010892361525107213, 0.9641812780604928, 0.016221625437314865, 0.008704734877085092], [0.010970268560896043, 0.9408841272379452, 0.02451415396257702, 0.023631450138581724], [0.02811130073136683, 0.05130755786142266, 0.6343797898914376, 0.28620135141577285], [0.013914272522972365, 0.03286975108502627, 0.9376597001841044, 0.01555627610789701], [0.03260314324568461, 0.20117304355319515, 0.7531159196754941, 0.01310789342562617], [0.027311721794307246, 0.01779025297761994, 0.014158816030926372, 0.9407392090971465], [0.019916214444190797, 0.9506308928114234, 0.01842424882809264, 0.011028643816293168], [0.018932352997989427, 0.9320827970435903, 0.026277405159624553, 0.022707444698795695], [0.04752231371862229, 0.03193201980232595, 0.09083799272449965, 0.8297076736545521], [0.017556939574813676, 0.03206182698691374, 0.9433190984186858, 0.007062134919586782], [0.5295786817618715, 0.2766651490302497, 0.14477461467148553, 0.04898155443639328], [0.4784648919885184, 0.14697525189295083, 0.1181207276812688, 0.25643912833726196], [0.5891779177720479, 0.28690678507219675, 0.08557110322691015, 0.03834419382884518], [0.5350414035642292, 0.2506071104805997, 0.08401162170419808, 0.13033986415097296], [0.42442175291238377, 0.18102085177404578, 0.21164925165737647, 0.18290814355619398], [0.3902076300650332, 0.19009164540331971, 0.28766486903129895, 0.1320358554003482], [0.03300560502727463, 0.07438316635708683, 0.5843296407039779, 0.30828158781166065], [0.02287184890589147, 0.07982760265538286, 0.8780037914342436, 0.019296756904482053], [0.02862559439584162, 0.14525511832339047, 0.0826958863304265, 0.7434234008503414], [0.029652539472003324, 0.1947589356550335, 0.7579793886940333, 0.017609136078929916], [0.013501076278735152, 0.960259627590769, 0.013608880586604779, 0.012630415443891088], [0.014689966461180119, 0.9511141993806818, 0.02086669737698766, 0.013329136681150421]], "ideal": "B", "sampled": "C", "correct": false}}
{"type": "result", "data": {"idx": 12, "options": ["1917", "1922", "1925", "1927"], "probs": [[0.013695303227921233, 0.29527224853456313, 0.6870900798183347, 0.003942368319180868], [0.015722879640510175, 0.1359063790781333, 0.7470930577429175, 0.10127768343843907], [0.010410267087306467, 0.1721650984345358, 0.8156767612053863, 0.0017478731727714007], [0.010491161159149276, 0.15797256748731514, 0.8283477667850875, 0.003188504468448048], [0.012765487999495555, 0.3399684222625386, 0.6357838086499494, 0.011482280988016397], [0.013478096544954072, 0.4004711201935445, 0.5831685649466267, 0.0028822182148746526], [0.6949336174123786, 0.0351391477014372, 0.2641696950249472, 0.005757539761237044], [0.463181263240803, 0.027397515606715748, 0.4032238177972265, 0.10619740325525476], [0.449092540465779, 0.5372607151422629, 0.0045196330507023, 0.009127111241255769], [0.3276617557196274, 0.4729530556860823, 0.1976124811497576, 0.0017727073445326933], [0.28880156880404906, 0.6455594632086038, 0.0049466041678733, 0.060692363719473785], [0.04916702349123507, 0.07738922167569703, 0.8728486479599443, 0.0005951067731235747], [0.7446899205657421, 0.02755320029335163, 0.2204910184478592, 0.0072658605930470185], [0.639801539721568, 0.026418798621434487, 0.327335882795439, 0.006443778761558505], [0.7805705969142088, 0.20496991921255261, 0.0029583441913358616, 0.01150113958190266], [0.6824141171875299, 0.15096719623009813, 0.16507954961107835, 0.0015391368712936158], [0.36014302283393995, 0.6318798363209275, 0.002493528999647923, 0.005483611745484637], [0.30684491999644753, 0.6543743612013082, 0.03729290888642943, 0.0014878098158148828], [0.7825156217829875, 0.014007470290055009, 0.10533459228968192, 0.09814231553727558], [0.7219690027567427, 0.015464662106956607, 0.25787422709028324, 0.004692107946017494], [0.7838975717801873, 0.049286216083576015, 0.0023371241228713384, 0.16447908791336538], [0.31471011246447306, 0.02750437538260258, 0.6569743198988391, 0.000811192154085211], [0.832731999622401, 0.1562847155417359, 0.0015765749429337034, 0.009406709792929452], [0.7619471726597318, 0.21970270854788812, 0.016608766297157327, 0.0017413523952227387]], "ideal": "B", "sampled": "D", "correct": false}}
{"type": "result", "data": {"idx": 13, "options": ["270", "600", "2,800", "5,200"], "probs": [[0.018105541239969783, 0.16651890208753592, 0.7761053590086606, 0.039270197563833695], [0.025091855593860814, 0.18688819465162204, 0.4698558537256612, 0.31816409592885597], [0.019443876858310272, 0.12293367717178848, 0.8467041174341409, 0.010918328435760336], [0.02132094865311306, 0.11438895164910974, 0.5330681869813398, 0.3312219126164374], [0.026407803943976408, 0.0428784073417461, 0.8412852757136368, 0.0894285129006407], [0.01698189285539531, 0.031244282723813643, 0.8713110976607009, 0.08046272666009006], [0.013972971828591224, 0.7688895679696407, 0.19904584198184125, 0.018091618119926812], [0.013590174477929423, 0.7419484034046043, 0.08391473863496036, 0.16054668338250586], [0.007405207971125178, 0.11056187023339072, 0.8764814749908182, 0.005551446704665955], [0.012955033790711638, 0.19488626264617231, 0.33154022366702296, 0.46061847979609305], [0.00925035552167503, 0.02515649510615137, 0.9438931571833209, 0.021699992088852742], [0.01164804180088271, 0.04396571095689003, 0.6931171222888524, 0.2512691248533748], [0.018795501361715594, 0.18550680848003906, 0.7871488483666098, 0.008548841691635481], [0.03622983090645305, 0.3957253171801713, 0.23448121982109468, 0.33356363199228095], [0.012059724803362044, 0.29686981914695837, 0.6848558801664104, 0.006214575783269114], [0.02378622202632883, 0.5673625785678947, 0.1757814982235576, 0.2330697010822188], [0.022904084950436394, 0.22780801311128146, 0.6854735003369402, 0.06381440150134189], [0.02203961775087734, 0.1110838641182259, 0.7075573017751605, 0.1593192162557362], [0.013420077833289442, 0.2937892645008608, 0.6366831594408694, 0.05610749812498039], [0.012649130287621973, 0.25019849903045843, 0.7016441422741571, 0.03550822830776256], [0.011619197787893078, 0.18179159778843312, 0.7713235407775743, 0.03526566354609952], [0.012906671728790663, 0.17959888595444573, 0.762045456466302, 0.045448985750461635], [0.01854649641387203, 0.5172806612904455, 0.4189410992564534, 0.04523174293922907], [0.015338050859915207, 0.42112153019148235, 0.47722612962262867, 0.08631428922597373]], "ideal": "C", "sampled": "A", "correct": false}}
{"type": "result", "data": {"idx": 14, "options": ["Enabling", "Functional", "Normative", "Diffused"], "probs": [[0.02585713333071962, 0.4446315984281317, 0.5192821529487908, 0.010229115192357887], [0.03966003147324878, 0.569484029324567, 0.0712561724267378, 0.3195997666754465], [0.017086883280312142, 0.10157070239204834, 0.8762001977807217, 0.005142216446917816], [0.023207744624394528, 0.07554449899399417, 0.04302407808734894, 0.8582236781942624], [0.01730026555261856, 0.027894131012978152, 0.8734872069635412, 0.08131839637086201], [0.02167486690979265, 0.02807142853190071, 0.2206291026912127, 0.729624601767094], [0.11275257735615547, 0.07874788963499516, 0.7949981562790173, 0.013501376629832106], [0.2196893126788275, 0.09302860514868831, 0.18784959661829687, 0.49943248545418734], [0.18496768562328755, 0.6559550370540889, 0.1321680615908025, 0.026909215631821047], [0.15381844913503445, 0.7340490975808723, 0.09254103346489122, 0.019591419719202002], [0.262996781010102, 0.21970606355976144, 0.07651090279152745, 0.44078625253860915], [0.13003182712647468, 0.19989096091670067, 0.6602598581794664, 0.00981735367735821], [0.01750826778386784, 0.043386610668906964, 0.9337950639584169, 0.005310057488808246], [0.02162330528952725, 0.023034346489570034, 0.027770544451493444, 0.9275718036694093], [0.023533676847401916, 0.9333312323003562, 0.029064066114733347, 0.01407102463750848], [0.01996486846112129, 0.9476780417987485, 0.019351199519670546, 0.013005890120459688], [0.0271296436157262, 0.03148437558038334, 0.02080401521997679, 0.9205819654839137], [0.009432095567591768, 0.026483533345892672, 0.9619747874153521, 0.002109583571163392], [0.015080176236163893, 0.01261706272901688, 0.773485836408105, 0.19881692452671426], [0.016362827955344984, 0.010577655839602226, 0.16527987217516402, 0.8077796439298888], [0.0185599147676797, 0.7650243154691557, 0.024399165379104124, 0.19201660428406045], [0.014191187395158263, 0.7752357944371824, 0.20201877340757324, 0.008554244660086072], [0.018910314885871037, 0.06813112645660012, 0.035890873517977304, 0.8770676850395516], [0.008004546563498452, 0.056941906959077276, 0.9321719871564862, 0.0028815592209380245]], "ideal": "C", "sampled": "B", "correct": false}}
{"type": "result", "data": {"idx": 15, "options": ["Audiences are more vulnerable and passive than ever before.", "Television viewing, in particular, creates increased activity in the right hemisphere of the brain.", "Active receivers are not uniformly affected by mass communication messages.", "Technology has led to increasingly passive recipients at the ends of message transmission systems."], "probs": [[0.001563428621737138, 0.004599075161768736, 0.9927699866228353, 0.0010675094936587958], [0.0051677935012767896, 0.022807302036118034, 0.0024059843359194666, 0.9696189200266857], [0.005386952528836362, 0.9807737614881084, 0.011960298204488202, 0.0018789876785670425], [0.005623678959044465, 0.9847675460127265, 0.005085291130523842, 0.004523483797705192], [0.004674814667130759, 0.01122123102296378, 0.005469174154314954, 0.9786347800555905], [0.002981532988375564, 0.005156636045062901, 0.9899795578781414, 0.001882272988420137], [0.0017859328748233607, 0.0037829423082403704, 0.9929722224742987, 0.0014589022426375225], [0.009046069526597094, 0.013273823339456632, 0.0028489237287509807, 0.9748311833051952], [0.003908140805094878, 0.9879757126699616, 0.006653353015561707, 0.0014627934093817921], [0.0042329823470915046, 0.9896350312618394, 0.004405430698689632, 0.0017265555923794192], [0.007187964142933062, 0.010225690543128763, 0.0032684759954746813, 0.9793178692184635], [0.002274426135026483, 0.0033640074086009387, 0.9927219613445353, 0.0016396050118372553], [0.9784364167079294, 0.01709936570176811, 0.003091348820652357, 0.00137286866965021], [0.9802321816144856, 0.014768699254254364, 0.0025475698900440137, 0.002451549141216041], [0.970455024725885, 0.026062851080361868, 0.0017337435396563893, 0.001748380554096746], [0.9758437662297488, 0.021391889927473266, 0.0012365336786717886, 0.0015278100641061148], [0.9823771013853021, 0.013690645559134126, 0.0019731673932130264, 0.0019590855623506883], [0.979091653094858, 0.01684678379927223, 0.0026876517826006662, 0.0013739112232690716], [0.004020148807331119, 0.008584244935323492, 0.0034693893278349252, 0.9839262168295104], [0.0022731582161012224, 0.004119108979728384, 0.9920563301730007, 0.0015514025311697502], [0.003634157998186966, 0.024849311712462182, 0.0024248297561188935, 0.9690917004332319], [0.0015141426698365597, 0.005207237055141946, 0.9921256086739124, 0.001153011501109036], [0.0040948474289393185, 0.9885483265760022, 0.004907645226363623, 0.0024491806686948686], [0.0043112804946667084, 0.9853832045061112, 0.008924689462372527, 0.0013808254368495776]], "ideal": "C", "sampled": "C", "correct": true}}
{"type": "result", "data": {"idx": 16, "options": ["A politician", "A house of worship", "A government institution", "A publicly-traded company"], "probs": [[0.06989566681654596, 0.5540531039741506, 0.34689749777826223, 0.029153731331041082], [0.08963439479118704, 0.7105034483183689, 0.12946653171874037, 0.07039562507170376], [0.0422029314435176, 0.6918172925814602, 0.2507985862756622, 0.015181189599359953], [0.03452743589532808, 0.8835515379022149, 0.04762865602493837, 0.03429237007751864], [0.053082585000925074, 0.0938960614525163, 0.8370751098449908, 0.015946243601567867], [0.03293232038343896, 0.07777895285066194, 0.869768206740144, 0.01952051992575512], [0.31024385395378834, 0.1547824338442135, 0.4961129689836842, 0.03886074311831394], [0.4451900786489615, 0.25164053216504756, 0.15038550122642935, 0.15278388785956162], [0.19471812206929742, 0.7011429593117462, 0.07230946959647666, 0.03182944892247976], [0.14063976470969275, 0.7844598397835287, 0.05920362628734781, 0.015696769119430715], [0.4519037772227342, 0.2827200994626127, 0.15627290889074716, 0.10910321432390595], [0.3870922838585956, 0.22752846019114603, 0.355491603053845, 0.029887652796413415], [0.19976342170666805, 0.11744564903009033, 0.6605354798390425, 0.022255449324199164], [0.4372881189561652, 0.26936717815360967, 0.12060045000448136, 0.1727442527857438], [0.2381161742041517, 0.6574498806206502, 0.061697002446263555, 0.0427369426289345], [0.31406362031476803, 0.5686723205128984, 0.08462271408720153, 0.03264134498513207], [0.4890172226005492, 0.21525268621997629, 0.09489973138591765, 0.2008303596935569], [0.31666434692771067, 0.12114999780570301, 0.5434376152649311, 0.0187480399016553], [0.0428184696316766, 0.07754170503879147, 0.8669763962646795, 0.012663428964852457], [0.027257232567078994, 0.036397691341368665, 0.9171610101582274, 0.019184065833324982], [0.05694182779993091, 0.863298027763174, 0.04437907560996856, 0.03538106872692654], [0.05461713779163022, 0.8281022504435537, 0.10290123022914593, 0.014379381435670137], [0.024032897797191078, 0.9088111349625461, 0.04674079181641844, 0.020415175323844358], [0.027662751858508177, 0.7713748718512253, 0.19373120131035582, 0.007231174879910689]], "ideal": "C", "sampled": "C", "correct": true}}
