{"type": "result", "data": {"idx": 0, "options": ["5 permanent members with veto power, 10 rotating members with no veto power", "5 permanent members and 10 rotating members, all with veto power", "10 permanent members with veto power, and 5 rotating members without veto power", "15 permanent members with veto power"], "probs": [[0.9808105582741972, 0.011497148725727055, 0.007157315291585516, 0.0005349776084902729], [0.966372837989704, 0.020348847318478885, 0.001674341616513673, 0.011603972975303519], [0.9856080644200105, 0.006582543010320457, 0.007363424363949958, 0.00044596810571907866], [0.9807901189644783, 0.007838945681732557, 0.0023393937858022192, 0.009031541467986884], [0.9783673779729576, 0.004288226729828268, 0.007897205536951179, 0.009447189660262954], [0.9633580499111754, 0.004898474112958531, 0.026524333428868997, 0.0052191424469970665], [0.021705804454960495, 0.9758411077835721, 0.0016409335705025883, 0.0008121540909647352], [0.020783092877754882, 0.9718474769668926, 0.0020650478596399994, 0.00530438219571253], [0.5513657063829369, 0.004054368249417871, 0.44400810859780243, 0.0005718166698427937], [0.9644427367868849, 0.006249075027363963, 0.009910776987754475, 0.01939741109799671], [0.02104948122868029, 0.0010343034687624697, 0.976797715864309, 0.001118499338248235], [0.9416048321662983, 0.003821927030420659, 0.022326810248458052, 0.03224643045482299], [0.6306653020783743, 0.35355019919480707, 0.013852141239719408, 0.0019323573870991357], [0.49415752459627693, 0.46391654354639184, 0.006129965768581152, 0.035795965988750116], [0.5874540355231875, 0.024640947552990414, 0.3861310483880907, 0.0017739684357313604], [0.9098386574299655, 0.0372251326058147, 0.024820734922522836, 0.0281154749416969], [0.8311797414450548, 0.01088148359935571, 0.15158823194528964, 0.006350542910299784], [0.8862615921906917, 0.01572463865113188, 0.02803867527605358, 0.06997509378212281], [0.06943592224764901, 0.9149396150197473, 0.011350286790400035, 0.004274175842203689], [0.059865106783261283, 0.9293208259803691, 0.005619561382857697, 0.0051945057535118765], [0.19424767799435103, 0.17551845174957584, 0.628426838678678, 0.0018070314773951704], [0.7505552397481929, 0.2397917837512568, 0.00564945228395278, 0.004003524116597461], [0.9905327295888716, 0.0032007255271846663, 0.004811408625819666, 0.0014551361581240237], [0.9862386946436588, 0.005952578934040477, 0.005827136778715273, 0.0019815895435854533]], "ideal": "A", "sampled": "A", "correct": true}}
{"type": "result", "data": {"idx": 1, "options": ["It allowed the US to intensify its involvement in Vietnam", "It illustrated the influence of public opinion on US foreign policy", "It enhanced Congressional control over the Vietnam War", "It curtailed US involvement in Vietnam"], "probs": [[0.9776209271215478, 0.005958970803412634, 0.012605420667641311, 0.003814681307398259], [0.980946689400292, 0.0044071510006587974, 0.0010806549938603778, 0.013565504505188918], [0.9902410330646446, 0.006997051945208138, 0.00038075579662732897, 0.00238115909351995], [0.9882971709496436, 0.009768671078313954, 0.0014429103849869544, 0.0004912474870554812], [0.9807085766152824, 0.0050714503742800305, 0.0005485350140388996, 0.013671437896398653], [0.9885056273258773, 0.007149936384227718, 0.0038295677936587436, 0.0005148683962361754], [0.0017247953621207597, 0.9890813461919008, 0.006165420780185787, 0.003028437565792648], [0.0023155779024938115, 0.9867342474156706, 0.002545291650695166, 0.008404882931140426], [0.00112005954915486, 0.0033995336670954905, 0.9948102949156092, 0.0006701117681404394], [0.003946701192499539, 0.005567145248461908, 0.0014987352090957248, 0.9889874182499429], [0.0009888709824848567, 0.0024108714592866874, 0.9951145122581148, 0.0014857452001136508], [0.002895254412021667, 0.002987845571165895, 0.0025756324203153923, 0.9915412674964971], [0.0018877906073622563, 0.9938143956494129, 0.0016945459718907194, 0.002603267671334192], [0.002518827811901487, 0.9933494399578439, 0.0032383532026290193, 0.0008933789276256456], [0.001417633876315518, 0.00135427705308502, 0.9961566926343461, 0.0010713963362533544], [0.006469590921109201, 0.001410987548185882, 0.0012646421993933632, 0.9908547792313116], [0.0010227914790807758, 0.0011969570641693667, 0.997491051078567, 0.00028920027818285786], [0.006164970628284, 0.0030535568081870444, 0.0010229057027669635, 0.989758566760762], [0.001349213008379214, 0.9937137191702644, 0.0015429288106256372, 0.0033941389107307535], [0.0012592045120416433, 0.9949113767454731, 0.0033189063436645542, 0.0005105122988206961], [0.001202168094658974, 0.0015208240501368038, 0.9952467006982774, 0.0020303070569268763], [0.004308808662730355, 0.0019581097020559147, 0.0030561264619473373, 0.9906769550732664], [0.0011309837174329688, 0.0018227249679174027, 0.9965314430485466, 0.0005148481661030665], [0.004272284357443963, 0.004549163758789695, 0.0010724678631385707, 0.9901060839206277]], "ideal": "A", "sampled": "A", "correct": true}}
{"type": "result", "data": {"idx": 2, "options": ["Terrorists", "Organized crime", "Drug traffickers", "China"], "probs": [[0.0077576070183077205, 0.004857952770501569, 0.001615512904569129, 0.9857689272066216], [0.006716675146650024, 0.00817404094775907, 0.9819545862144056, 0.003154697591185271], [0.008314633696463687, 0.003839294835167953, 0.0030622574037869137, 0.9847838139645815], [0.006847458680438458, 0.0041928238805258745, 0.9859115177384191, 0.0030481996006165774], [0.014025855451479205, 0.9691535630623761, 0.010677906189748404, 0.006142675196396321], [0.01567717561862488, 0.963806222536669, 0.01290739355158166, 0.007609208193124385], [0.01031947930763977, 0.004840780777526172, 0.0023977001121696494, 0.9824420397026644], [0.00628351822475413, 0.006049437735110308, 0.9856220354893184, 0.002045008450817177], [0.00933328625870605, 0.004588714256503993, 0.002615484331640213, 0.9834625150531497], [0.007050144249049764, 0.006182656415515124, 0.9836795595306103, 0.003087639704824833], [0.016283594332944937, 0.9699653625157708, 0.009072010444410888, 0.004679032606873338], [0.017138765843800582, 0.9669890245179296, 0.010906318955093959, 0.004965890583175893], [0.008707316656339534, 0.003928096062506542, 0.0029663341337928225, 0.9843982530473611], [0.007326838111120354, 0.00585152014472219, 0.9834539941267786, 0.0033676475173788738], [0.00786487868060146, 0.005804028951441369, 0.002239133744742396, 0.9840919585232147], [0.0067506680701754284, 0.01006856533752289, 0.9793542384962208, 0.0038265279960808243], [0.01490203711584555, 0.9603365964125332, 0.01757899059615589, 0.0071823757754653555], [0.015301714084741671, 0.9557097810766235, 0.022633775715737853, 0.0063547290228969594], [0.8602647045093755, 0.11733729268948238, 0.00971947382480501, 0.012678528876337036], [0.8442970387643125, 0.13464109397613025, 0.009545532843327644, 0.011516334316229535], [0.8808455444542765, 0.10198321857291734, 0.006896930264350554, 0.010274306608455505], [0.819173912157789, 0.15882448465890228, 0.010738969519393243, 0.011262633563915464], [0.8505473248896062, 0.12545434416626994, 0.012840592502937754, 0.01115773834118611], [0.8216266876122286, 0.15079570264487613, 0.014269962399365912, 0.013307647243529385]], "ideal": "D", "sampled": "D", "correct": true}}
{"type": "result", "data": {"idx": 3, "options": ["Richard Nixon", "George H. W. Bush", "Jimmy Carter", "Ronald Reagan"], "probs": [[0.9966654239657576, 0.0025106603426261614, 0.00030532496926715844, 0.0005185906223490201], [0.9951288425699544, 0.0034264578660164508, 0.000543238612686437, 0.0009014608513427081], [0.9942975711068551, 0.004940594116001494, 0.00021110911771043018, 0.0005507255594329809], [0.9955661015917395, 0.003913587083116771, 0.00024715878735299355, 0.00027315243779072666], [0.9957205646978621, 0.002978477159519489, 0.0003483296020577317, 0.0009526284405606415], [0.9969751983303765, 0.0021820131548517217, 0.00037408926266276424, 0.0004686991521090276], [0.0011014846562243433, 0.9939015666377569, 0.0035591160981101873, 0.0014378325079085535], [0.0016373124181062629, 0.9920198133125523, 0.0031599739002897828, 0.0031829002690516184], [0.00043230393726061323, 0.0034556857264559245, 0.9956330107190329, 0.00047899951725060484], [0.0018025353045391084, 0.007302406876182936, 0.003478711561298004, 0.9874163461579799], [0.0005642127003418138, 0.0018371089390567601, 0.9964672125572526, 0.0011314657033488485], [0.0020028549560934324, 0.002894740058738211, 0.003631759980605828, 0.9914706449045625], [0.0012321893532823286, 0.9968290877610639, 0.0008237080143699562, 0.0011150147712837926], [0.001440070892868432, 0.9966042845071631, 0.0012354389707658578, 0.0007202055292025976], [0.0006707474133674701, 0.0011247619619987246, 0.9976026527211866, 0.0006018378034471633], [0.002576310674276322, 0.001576782333501277, 0.0029005720516956696, 0.9929463348405267], [0.0005024035125313582, 0.0015015025775376642, 0.9976635699210077, 0.00033252388892329396], [0.0030522443958143682, 0.004807669053249479, 0.0009938742220042425, 0.9911462122289318], [0.0012119338761868229, 0.9957051611401879, 0.0011142645669557766, 0.001968640316669466], [0.0008400314821253934, 0.9962192755426472, 0.0021985748276501915, 0.000742118047577184], [0.0007835367727012509, 0.0012535695457750963, 0.9968828603882818, 0.0010800331932418659], [0.0022011778389801795, 0.0019448554921709157, 0.003959991851629717, 0.9918939747172192], [0.0004528830275298878, 0.0037065535602071376, 0.995487468758593, 0.0003530945536700522], [0.002934515214406419, 0.013057672289658696, 0.0013052092270508012, 0.982702603168884]], "ideal": "A", "sampled": "A", "correct": true}}
{"type": "result", "data": {"idx": 4, "options": ["on nuclear weapons signed between the United States and the Soviet Union.", "cutting conventional arms in Europe.", "to be rejected by the U.S. Senate.", "mandating the elimination of many long-range nuclear missiles."], "probs": [[0.25553781627521627, 0.0017957873063946216, 0.0023197616275703018, 0.7403466346908187], [0.19443437709377756, 0.003483593009291896, 0.7996500221435207, 0.0024320076534099346], [0.49807335935649233, 0.002333395229879917, 0.001276699025840637, 0.4983165462877871], [0.027506571897559316, 0.002124828335481652, 0.9699492678263602, 0.0004193318405988199], [0.22493992720059106, 0.7668571463366458, 0.0012490764478786573, 0.006953849914884432], [0.1428053753799524, 0.8545653387420551, 0.0017589364707365932, 0.0008703493072559098], [0.004166501630085244, 0.4122207355373078, 0.002130647911678877, 0.581482114820928], [0.0026609257108570713, 0.9254855223065143, 0.06969712752023384, 0.0021564243623948213], [0.004327017279609544, 0.0018349686225659699, 0.7108573373704936, 0.28298067662733084], [0.003295267493389634, 0.0013860027467039525, 0.524698179598741, 0.4706205500611655], [0.0021409878317758084, 0.7806029080892337, 0.2166117363448321, 0.0006443676341583687], [0.0038231220252751786, 0.5009759685030207, 0.001766656998321659, 0.49343425237338245], [0.003916806872942356, 0.7240103500030952, 0.0016225857171053779, 0.27045025730685707], [0.0017236366195624824, 0.9073739555833538, 0.08977948627870931, 0.0011229214183743875], [0.003292272363388183, 0.0018353569490429942, 0.427858922847219, 0.5670134477403498], [0.002459768574484292, 0.0012480471739254825, 0.09231634947598992, 0.9039758346756003], [0.0017906216869944867, 0.7757233558876447, 0.22196744675158842, 0.0005185755737723485], [0.0030987654581663016, 0.4092416855798327, 0.00132423421101274, 0.5863353146509882], [0.011355103353293292, 0.9844434573207322, 0.0014145243196922903, 0.0027869149062821905], [0.009023096317504777, 0.9889221087379839, 0.0016215897460322341, 0.0004332050984790576], [0.010063094487139664, 0.0017792767354780675, 0.9873797054630313, 0.0007779232143508921], [0.0833932443975488, 0.0016199389356380523, 0.0014505452309967546, 0.9135362713358164], [0.005543823943869894, 0.0013942745586916659, 0.992899833569755, 0.00016206782768349084], [0.09602292928523815, 0.002735168779562655, 0.001030370778298016, 0.9002115310569012]], "ideal": "D", "sampled": "A", "correct": false}}
{"type": "result", "data": {"idx": 5, "options": ["It ended the influence of American exceptionalism entirely", "Exceptionalism was enhanced by America's status as the 'leader of the free world'", "The extension of American power globally challenged core assumptions of exceptionalism", "Both b and c"], "probs": [[0.003631688335826546, 0.36188476423132476, 0.004316614373160521, 0.6301669329596882], [0.00396760302522318, 0.891224895446723, 0.08417780822517615, 0.020629693202877684], [0.0024885213428212823, 0.010157879254633838, 0.014211857800984582, 0.9731417415015603], [0.0039446723562600585, 0.06075964396849155, 0.2007806987653535, 0.7345149848098949], [0.0014571326872843432, 0.009578156815051815, 0.9846116487959683, 0.0043530616016955615], [0.004473610159896068, 0.01798545133158246, 0.10426494521398824, 0.8732759931945332], [0.08159137003102897, 0.006973916396457358, 0.07372806429936501, 0.8377066491731486], [0.5257058865165223, 0.02402758383264021, 0.05942618314987568, 0.3908403464009618], [0.18825157756251848, 0.08356392725169676, 0.006247822450691213, 0.7219366726350935], [0.0470889741818779, 0.07187153721635789, 0.8760272345656729, 0.005012253936091266], [0.6064640977866976, 0.0873694434013069, 0.005902601967250693, 0.3002638567447447], [0.11862314192991527, 0.08821426854351798, 0.7862502734054063, 0.006912316021160467], [0.003745729776561437, 0.0017444954440512099, 0.9684901779218522, 0.02601959675753513], [0.00525877525443272, 0.0022298567666554463, 0.004718708750335009, 0.9877926591285768], [0.009292430823109451, 0.9265077622102026, 0.0035893085575658895, 0.060610498309122046], [0.008941078786663363, 0.9343173146186439, 0.05187670273803091, 0.004864903756661795], [0.005271961476232248, 0.011351739048319194, 0.001107510786121245, 0.9822687885893273], [0.003297745690542947, 0.014001123499812104, 0.9813356920343613, 0.0013654386752836388], [0.0033897750281452962, 0.005462656220743933, 0.9853299779493628, 0.005817590701747888], [0.02361510735578033, 0.009555724617589944, 0.19628194319855544, 0.7705472247280742], [0.02679845666749142, 0.8209808991407317, 0.005039834837969785, 0.14718080925380708], [0.029438811463632666, 0.9234372095998292, 0.03637230382446084, 0.010751675012077296], [0.03635079856912012, 0.29311788652464965, 0.005203693275078029, 0.6653276215311522], [0.024959220840541134, 0.6697642630986566, 0.29952686254945565, 0.005749653411346643]], "ideal": "D", "sampled": "B", "correct": false}}
{"type": "result", "data": {"idx": 6, "options": ["He believed that internal reform rather than international negotiation was the key to economic regeneration of the US", "He believed that German domination of Europe would be in US interests", "He always favoured isolationism", "All of the above"], "probs": [[0.4362937309073311, 0.08660426928587575, 0.39105416214401906, 0.08604783756277411], [0.29785655372594566, 0.08274237379202869, 0.49500513470411456, 0.12439593767791109], [0.5682009119299534, 0.2834826240564448, 0.027202395960805772, 0.121114067952796], [0.338188638426214, 0.221780293715184, 0.4275859768492384, 0.01244509090936361], [0.34247347836673364, 0.5430238862650365, 0.03553405044443976, 0.07896858482379014], [0.3280385202112138, 0.5407982681330888, 0.11881162129115265, 0.012351590264544727], [0.014672576801522414, 0.8739665318830055, 0.07874668333095766, 0.03261420788451435], [0.011175323734538911, 0.8156178330998946, 0.15678413853204579, 0.016422704533520738], [0.014556241419538854, 0.08993394964738761, 0.827017146397637, 0.06849266243543652], [0.016904018439807465, 0.10280801125016883, 0.101976675485829, 0.7783112947241947], [0.008455481095886584, 0.19869569765927278, 0.7858744595424615, 0.006974361602379117], [0.015436154598670543, 0.3353880399872743, 0.12927057398763941, 0.5199052313264158], [0.023105744614462326, 0.8475617891829297, 0.03994437738770716, 0.08938808871490084], [0.016593184305005833, 0.7940810314571999, 0.17850443702408, 0.010821347113714292], [0.02110690103831858, 0.02357019341445811, 0.8982841538910107, 0.05703875155621259], [0.03815797357683509, 0.02504849442979732, 0.046403370965859815, 0.8903901609275078], [0.014296614363093573, 0.14904885302748858, 0.8316218193833257, 0.0050327131260922186], [0.03489230035744672, 0.27673418976485176, 0.028936112158749427, 0.6594373976189521], [0.055772124468796445, 0.8937215008351219, 0.02963234603930446, 0.020874028556777148], [0.06444970589734263, 0.8833533623305997, 0.04466139202112446, 0.007535539650933214], [0.017898508597977713, 0.042308344505121595, 0.933342458835894, 0.006450687961006731], [0.0776257643645104, 0.054224053840995046, 0.1966881998550251, 0.6714619818394695], [0.02887862609115688, 0.058369559574622754, 0.906239110302824, 0.006512703931396329], [0.0918768400187517, 0.11525725314528706, 0.022341720258258087, 0.7705241864777032]], "ideal": "A", "sampled": "A", "correct": true}}
{"type": "result", "data": {"idx": 7, "options": ["A strand of neo-isolationist sentiment", "A strand of internationalist sentiment", "An expression of American cultural superiority", "Increased incorporation of public opinion in foreign policy making"], "probs": [[0.8779820023012564, 0.055712184653011976, 0.00606327305171355, 0.060242539894017975], [0.7817856916196364, 0.06734033141503172, 0.1459545986231273, 0.0049193782422045675], [0.8638126277352559, 0.012930979055729213, 0.03145555415282878, 0.09180083895618606], [0.846027442732403, 0.012776415897697513, 0.1191443897343882, 0.0220517515355112], [0.41913084590825894, 0.5644047642881093, 0.011535767029563703, 0.00492862267406804], [0.6384170323782729, 0.33660952509411884, 0.0045866153642941925, 0.020386827063314145], [0.03215163687086659, 0.8770404171509336, 0.01709694289401924, 0.07371100298418054], [0.020169205482601753, 0.7404056014867096, 0.23469525015919554, 0.004729942771493072], [0.018158511111904876, 0.007764663417100091, 0.9550117070837885, 0.019065118287206532], [0.05926167324148921, 0.011420955151107005, 0.5202973576539972, 0.4090200138534066], [0.017791844556148528, 0.7341731815580417, 0.2438955365589387, 0.004139437226871064], [0.04105666604396718, 0.5082988544840593, 0.012053679696534314, 0.4385907996754391], [0.011198047383690853, 0.8836739390337398, 0.03371620965765578, 0.07141180382491351], [0.007241851119720215, 0.7995654273017083, 0.18255185917593164, 0.010640862302639758], [0.007518324412053496, 0.017370940832554683, 0.9555730663005891, 0.01953766835480273], [0.012777086997386665, 0.02772479102427166, 0.7668936009653884, 0.19260452091295321], [0.005974775291942277, 0.8599010792597666, 0.12193930916838416, 0.01218483617990703], [0.009679830986495552, 0.6527732220966581, 0.03125931881000023, 0.3062876280068461], [0.0367876062410344, 0.9355131251729062, 0.020659504158011998, 0.0070397643280474135], [0.049665909372946467, 0.9239351077320564, 0.008376804502410625, 0.018022178292586444], [0.03245406803818562, 0.06519049816534186, 0.899276985268301, 0.003078448428171492], [0.478394709801597, 0.08846360312316906, 0.013565048371909829, 0.41957663860332417], [0.7098601353969585, 0.014999326093495118, 0.23971686897686748, 0.03542366943267891], [0.22216384482653007, 0.015376377275421217, 0.026722928883688754, 0.73573684891436]], "ideal": "A", "sampled": "A", "correct": true}}
{"type": "result", "data": {"idx": 8, "options": ["The war reduced European population levels below that of the United States", "The United States seized German resources after the war", "European countries paid the United States for assistance", "The United States became a creditor country and financial centre, with European war spending boosting the US economy"], "probs": [[0.007661662427635974, 0.004371805323746663, 0.005746372316449858, 0.9822201598321675], [0.001393093693953097, 0.002245564936097836, 0.9948631049939326, 0.00149823627601642], [0.006279030245380168, 0.012403053015151544, 0.002279085238518724, 0.9790388314009495], [0.0013531817131234131, 0.008556818152899133, 0.9892140122094589, 0.0008759878245185663], [0.0026969881422826136, 0.9913317189100748, 0.002764216587088543, 0.00320707626055405], [0.003160032577293158, 0.9856149374876637, 0.008798998221205206, 0.0024260316138378767], [0.007473410273491773, 0.006501502967754358, 0.005184560663879633, 0.9808405259948743], [0.0015630295407852665, 0.00415281967533223, 0.9927417424883441, 0.0015424081955383786], [0.006465595895348208, 0.013381462088477233, 0.003660911147752658, 0.9764920307684218], [0.0011725123498848888, 0.004257281097598048, 0.9939929449895658, 0.000577261462951218], [0.0021154423362220788, 0.9905306810182566, 0.0038343372706624314, 0.003519539274858885], [0.0021846777049558046, 0.9912888719453212, 0.004887920958039803, 0.0016385292916831038], [0.010244114778988555, 0.004309349418905304, 0.0017837079567653413, 0.9836628277453408], [0.001615752184707016, 0.003092066282019011, 0.994521361678192, 0.0007708197550818583], [0.01331009328110628, 0.0033697916247172766, 0.0036723794687451537, 0.9796477355254313], [0.0012813750652431767, 0.0012525451600432628, 0.9968354700418779, 0.0006306096328356077], [0.0030094136176453856, 0.9917520336770319, 0.003084179030175198, 0.002154373575147543], [0.0027457822011362227, 0.9937928709253901, 0.0020114373930552707, 0.0014499093804183156], [0.9886806971949978, 0.006510675805590831, 0.0011240312820277182, 0.0036845956173836374], [0.9852230554755123, 0.006692881234270537, 0.00638968730727786, 0.0016943758829392956], [0.9922739240927938, 0.004319425401328921, 0.0010189872061495645, 0.002387663199727681], [0.9934654050530288, 0.004030411298312751, 0.0013299115784822656, 0.0011742719701761531], [0.9885527427531081, 0.009249615233534467, 0.0010471945359424078, 0.0011504473774149539], [0.9887955506272493, 0.009108356110375014, 0.0008222382926105086, 0.0012738548697651668]], "ideal": "D", "sampled": "D", "correct": true}}
{"type": "result", "data": {"idx": 9, "options": ["the president of the United States.", "the secretary of defense.", "the chairman of the Joint Chiefs of Staff.", "Congress."], "probs": [[0.01324660425927197, 0.003597231100912649, 0.0009582323176300234, 0.9821979322221853], [0.0019379978523321336, 0.0007723822394259774, 0.9967625015985919, 0.0005271182096499903], [0.01118231698190282, 0.0032833680356172323, 0.0010220322973559378, 0.984512282585124], [0.0016324023566658562, 0.0008753832374804589, 0.9971516467710192, 0.00034056753483448384], [0.007769250565509196, 0.9899814447859847, 0.0010327620378342292, 0.0012165425106718639], [0.007137807676029336, 0.9908012869907986, 0.001148619401277903, 0.0009122858318941623], [0.003463212514829671, 0.06387429579310563, 0.00087437094800634, 0.9317881206440584], [0.001355914506466479, 0.07468702490849558, 0.9236236350443354, 0.0003334254407024742], [0.0023689185109542544, 0.0014394255372829855, 0.6417215136294032, 0.35447014222235956], [0.002179620660516568, 0.0010727029814697339, 0.08918108479132497, 0.9075665914666887], [0.002349597026832393, 0.9638710989590322, 0.03299648441915506, 0.0007828194949803449], [0.0030762391713122545, 0.49393063179019353, 0.001183150160220434, 0.5018099787782737], [0.004195581229431334, 0.3361368210681648, 0.0014924210402653697, 0.6581751765621385], [0.002660816514178792, 0.6939774696436244, 0.30298578498049134, 0.00037592876170551033], [0.0017774311052134025, 0.001343775912568405, 0.9063878619579455, 0.09049093092427266], [0.002231163965925997, 0.0011779034138316177, 0.11010312594241337, 0.886487806577829], [0.0026871286877374165, 0.6580721071090321, 0.33869716083382057, 0.000543603269409972], [0.0036497834240333195, 0.27683199235578176, 0.0010860753553069028, 0.718432148764878], [0.9423396114072911, 0.05655517130252149, 0.00030181630092795584, 0.0008034008892594528], [0.9386513628129008, 0.0604451027253084, 0.00032695034128943503, 0.000576584020501336], [0.05135033058006801, 0.001338636891201594, 0.9470647255692887, 0.0002463068594417577], [0.1533685263558956, 0.0034712459510069333, 0.0005529802020566935, 0.8426072473910408], [0.023640655250889552, 0.00126449171499587, 0.9748894683498391, 0.00020538458427542085], [0.14552313365749905, 0.0028620763294075163, 0.0006479029666748296, 0.8509668869464186]], "ideal": "D", "sampled": "D", "correct": true}}
{"type": "result", "data": {"idx": 10, "options": ["The US ignored the Third World", "Local developments were viewed through a geopolitical lens", "The US unreservedly supported decolonization", "None of the above"], "probs": [[0.00198565738289704, 0.9899693171009901, 0.002342559964032128, 0.00570246545208074], [0.0019913263764722677, 0.993078788682623, 0.003211058782402409, 0.0017188260585023476], [0.0013614375530576163, 0.0015814810125382537, 0.9950889546691573, 0.0019681266652468994], [0.0038805170993455648, 0.002047884514916549, 0.00640135352845835, 0.9876702447572795], [0.0015391924605335915, 0.004599302736436334, 0.9927680913251327, 0.0010934133778974238], [0.004603113739641526, 0.00675613770505403, 0.0019984390943985804, 0.9866423093609059], [0.9895724252428033, 0.005444303727491393, 0.0009689217739971288, 0.004014349155708203], [0.992753430315472, 0.005211931883364112, 0.0013813843861850289, 0.0006532533149788062], [0.9893371166390312, 0.003460698865851118, 0.0014538098334096784, 0.005748374561707948], [0.9930471918442155, 0.0036122375518903914, 0.0024817147735974577, 0.000858855730296602], [0.9923081785164729, 0.005855629449065489, 0.0010671206234996067, 0.0007690713109620071], [0.9920768418412124, 0.006280172237376178, 0.0008309345724862345, 0.000812051248925182], [0.0013612568625399122, 0.0019223162869259742, 0.9949659800989312, 0.0017504466516028473], [0.006087270150869771, 0.003137599928880397, 0.005813150736518031, 0.9849619790837318], [0.0018971482832298393, 0.9911834405565131, 0.002575208770773163, 0.004344202289483901], [0.0017853118391990747, 0.9932653311001485, 0.003872772213844826, 0.0010765847468076628], [0.006224674927597285, 0.016156348219218325, 0.0013813959145187115, 0.9762375808386656], [0.0011472467900204891, 0.010153419221905048, 0.9879964476942159, 0.0007028861938585552], [0.0012170530759502245, 0.0047062506620372865, 0.9923028894069139, 0.0017738067550985758], [0.004333384037977997, 0.004475300824814343, 0.002377803740069373, 0.9888135112971382], [0.00261395315953142, 0.9911732968046507, 0.0035757612102110072, 0.0026369887256068127], [0.002914333259671149, 0.990748567883437, 0.0030571660010328848, 0.003279932755858964], [0.004752389071865399, 0.005062977228803135, 0.0028862219262620744, 0.9872984116730694], [0.0010669637335239954, 0.003906575322705211, 0.9935767794993287, 0.0014496813444421248]], "ideal": "B", "sampled": "B", "correct": true}}
{"type": "result", "data": {"idx": 11, "options": ["It was the first time the US became involved in the Balkans", "It was the first time NATO used military force", "It was the first war won by airpower alone", "It was the first war to employ 'smart weapons'"], "probs": [[0.0074046925601076174, 0.020470167400481094, 0.9629694925758658, 0.009155647363545502], [0.017594067935188452, 0.2977634762339164, 0.1148188746455248, 0.5698235810853703], [0.012797202018105906, 0.7985254547650323, 0.16474936946905988, 0.023927973647801835], [0.013857694986645868, 0.21513826654647758, 0.025501710616375604, 0.745502327750501], [0.00979849106240943, 0.023349178213273026, 0.9471895393858216, 0.019662791238495913], [0.009422370196598395, 0.013095120849286615, 0.173721089294611, 0.803761419559504], [0.008571831676259703, 0.0051281145840322406, 0.9761086296229365, 0.010191424016771474], [0.036268759515234894, 0.012072782962307049, 0.12566623090441031, 0.8259922265180477], [0.02102329562186234, 0.8403521697095094, 0.011718483531434929, 0.12690605103719332], [0.028893212586066395, 0.8191329515617921, 0.1316196270825743, 0.02035420866956722], [0.03530847280164912, 0.03941547826129106, 0.006909892628886962, 0.9183661562081729], [0.01302456083023706, 0.023252915296552858, 0.9577034419455331, 0.006019081827676915], [0.33943211071864593, 0.01602480283367143, 0.600694572906898, 0.043848513440784685], [0.1542178277354825, 0.011012862546172458, 0.045228660457628564, 0.7895406491607164], [0.7193677813243957, 0.11029467581328786, 0.008583879561110704, 0.1617536632012057], [0.47268635514080115, 0.13975276194724678, 0.3770305254560452, 0.010530357355906853], [0.22489478385993308, 0.04789171942972795, 0.006690820441609623, 0.7205226761687293], [0.07935904282019883, 0.05415806626250686, 0.8541975155145166, 0.012285375302777719], [0.013050550703009277, 0.007335473844065912, 0.9302928524769342, 0.049321122875990615], [0.009592397217919676, 0.004038059186105569, 0.7744970981844821, 0.21187244531149266], [0.045479011167239236, 0.052792255272587546, 0.008624530468783082, 0.8931042029913902], [0.009905333791597259, 0.020676244467417594, 0.9649103155716005, 0.004508106069384623], [0.011806700978922877, 0.6202784006717112, 0.008717798383468745, 0.3591970998658971], [0.013598091315428856, 0.8620094870872801, 0.1112976700338667, 0.013094751463424283]], "ideal": "C", "sampled": "C", "correct": true}}
{"type": "result", "data": {"idx": 12, "options": ["The character of a state's leader", "The distribution of power in the international system", "The distribution of power within a state's governmental system", "A state's political ideology"], "probs": [[0.004863419528249402, 0.9876618999703917, 0.003854742047416896, 0.003619938353941961], [0.00618403356307361, 0.9856011238364204, 0.0037887645758059884, 0.00442607792469997], [0.0029216031457659653, 0.0028587276962941444, 0.9934957594152013, 0.0007239096427385672], [0.008402746181657428, 0.008348529237905869, 0.002118600069499032, 0.9811301244109376], [0.00465415175331392, 0.002961621386873541, 0.9904253069167885, 0.0019589198430240056], [0.00688574053584296, 0.00550010994254712, 0.0021967697261978587, 0.9854173796954121], [0.9945445460692207, 0.0030926942681223633, 0.0007427246745457985, 0.0016200348881111157], [0.9936061218613121, 0.0034473498096340618, 0.0009014734899400804, 0.0020450547391137534], [0.9941877982158044, 0.003165752476730261, 0.001088797026784632, 0.0015576521806807406], [0.9942561571009862, 0.0035311138187407373, 0.0009991298014590919, 0.001213599178813889], [0.9942243697737159, 0.00266649643957021, 0.0010301341538091102, 0.002078999532904843], [0.9947614879571014, 0.0028390489186006806, 0.0008891085350250377, 0.001510354489272825], [0.0019662298762609764, 0.0017931622978351813, 0.9957720045961977, 0.0004686031297060727], [0.005819856536382081, 0.0041991285124962, 0.0013368522941879174, 0.9886441625569338], [0.004038969122122753, 0.9901334808357878, 0.0025986009710429188, 0.0032289489710464847], [0.004470186947053599, 0.9900595333694282, 0.002460340831852567, 0.0030099387516656453], [0.006488950331376433, 0.0031692317537014812, 0.0017566033297794564, 0.9885852144851426], [0.002483709764428514, 0.0016576988793404433, 0.9952234485740578, 0.0006351426821733341], [0.0049121545238075505, 0.0033287085463477068, 0.9899190210401418, 0.0018401157897028429], [0.006781903019071522, 0.005171190423323272, 0.0022145840089648986, 0.9858323224486403], [0.007055168571612902, 0.9847622063569731, 0.004600874494925904, 0.0035817504764880993], [0.006520610260617825, 0.9840905496131379, 0.004969923370031414, 0.004418916656212864], [0.008412592881949578, 0.006265555149799245, 0.0026215929605905124, 0.9827002589076607], [0.0034395203782353403, 0.0029477178462379936, 0.9927402348619401, 0.0008725268135866197]], "ideal": "B", "sampled": "B", "correct": true}}
{"type": "result", "data": {"idx": 13, "options": ["Leaders have incentives to lie", "If leaders revealed their programs, they would be more likely to be attacked", "Leaders will not always grant foreign monitors access to their nuclear programs", "ALL of the above"], "probs": [[0.0041903972842341755, 0.00591418049878945, 0.0030233934365515676, 0.9868720286804248], [0.010337639409013315, 0.01758981249530508, 0.9607954117265363, 0.011277136269145291], [0.004894608458019163, 0.005094252811625043, 0.004064160720562103, 0.9859469779097937], [0.02486202489458436, 0.027312868980143262, 0.8567925036428657, 0.09103260238240664], [0.1277207597335197, 0.7290247759502557, 0.10428118076191942, 0.03897328345430519], [0.14452820314933995, 0.5847934200688735, 0.035979809356095835, 0.2346985673256907], [0.003954857108596644, 0.009566682162977852, 0.0028755195679829454, 0.9836029410604425], [0.00822764656044161, 0.054509878266713496, 0.9223489848253897, 0.014913490247455167], [0.0031396732048408526, 0.004163301933671933, 0.00551722839804906, 0.9871797963634381], [0.014951535208304608, 0.02371583421563907, 0.31491152798022787, 0.6464211024958284], [0.008428456540715982, 0.1349899962370618, 0.8401953523732447, 0.016386194748977553], [0.009549353917497509, 0.1228741817687011, 0.007212708488496831, 0.8603637557253045], [0.00411520135133698, 0.008125479894172788, 0.0034706774235937162, 0.9842886412308965], [0.011376182134363231, 0.07595484427139673, 0.8561930940640496, 0.056475879430190334], [0.0036087648548550895, 0.005637711754526055, 0.004900620179128035, 0.9858529031114908], [0.012949973587376077, 0.02988084246738213, 0.36131374106399805, 0.5958554427812437], [0.01555398851477532, 0.07962624727883394, 0.829976320183726, 0.07484344392266473], [0.016067423732872732, 0.06356007179750052, 0.021463069279399852, 0.8989094350902269], [0.04015448181901788, 0.9006325895716641, 0.03835389261612822, 0.020859035893189708], [0.05222481530448884, 0.8434954942685894, 0.022659620695479898, 0.08162006963144185], [0.052834585683024585, 0.17194891375397425, 0.7535089372475491, 0.021707563215452124], [0.08177629089531532, 0.05578261225173487, 0.00918600612455573, 0.8532550906283941], [0.08909941843716299, 0.2330028020989692, 0.6193942769245663, 0.05850350243930158], [0.08879247473086486, 0.07837718213459623, 0.021614160840108934, 0.8112161821944299]], "ideal": "D", "sampled": "D", "correct": true}}
{"type": "result", "data": {"idx": 14, "options": ["the Senate.", "the president.", "the Secretary of State.", "the chairman of the Joint Chiefs."], "probs": [[0.004415507470828246, 0.30241978459435925, 0.6923199958649955, 0.0008447119698170394], [0.006709744034207572, 0.14579938954898877, 0.001188918066005404, 0.8463019482507982], [0.001084720132464102, 0.012513686887366043, 0.98604851839354, 0.00035307448662983196], [0.004586298570657838, 0.010111235272417573, 0.00069636032131505, 0.9846061057356096], [0.0010354262669562669, 0.0010943205448286349, 0.9940816061183472, 0.003788646969867945], [0.0019375137820639517, 0.0013544009370598125, 0.007913003988975792, 0.9887950811919004], [0.10833957144194205, 0.010990843276183602, 0.8801074703611003, 0.0005621148207740812], [0.1035185522212699, 0.013276033949090934, 0.0012000832539767446, 0.8820053304756624], [0.9728621876065616, 0.02289100790770944, 0.0031315645261571195, 0.001115239859571858], [0.9804779926296054, 0.01610706576306159, 0.0006578505516034296, 0.0027570909557295222], [0.4275767841230403, 0.005692955088283334, 0.00406934352910387, 0.5626609171595724], [0.013903663071648049, 0.0023446072286122453, 0.9830575945449797, 0.0006941350547600715], [0.002140049757078949, 0.003343301257159022, 0.9940378361451097, 0.0004788127406523635], [0.01031661215060127, 0.0061223121882201924, 0.0007116028078571406, 0.9828494727533214], [0.021109399047129114, 0.9717356500798994, 0.004990616462464625, 0.0021643343105068385], [0.02247336868694975, 0.9722505971460189, 0.0013573259244390166, 0.003918708142592307], [0.007826970031864621, 0.0034787447981990535, 0.0010307683938423657, 0.987663516676094], [0.0013533394503622083, 0.0015475590791843123, 0.9965336965725073, 0.0005654047979461674], [0.000680504024828798, 0.0016078392471175174, 0.9960263222681282, 0.0016853343599255099], [0.0012901568867948901, 0.0021797099787883556, 0.008159422320102052, 0.9883707107143147], [0.004409924233267023, 0.9603410545586383, 0.005083471167520923, 0.03016554994057377], [0.003642296035205831, 0.9346516343595238, 0.06068443644108921, 0.0010216330641811796], [0.0019931895825768243, 0.009819611058150957, 0.0014287800415271929, 0.986758419217745], [0.0005669391254078276, 0.005818990065050537, 0.9932296286083878, 0.000384442101153774]], "ideal": "B", "sampled": "B", "correct": true}}
{"type": "result", "data": {"idx": 15, "options": ["Required the United States and Russia to demobilize their armies", "Required the United States and Russia to dismantle a significant number of their nuclear weapons", "Prohibited the acquisition of new military bases", "Prohibited short-range nuclear weapons"], "probs": [[0.0013821537782199348, 0.994760237266681, 0.0027283268414529144, 0.0011292820136461618], [0.0010856972846619768, 0.9954440828947737, 0.0028837580585521637, 0.0005864616620121393], [0.0008157268867409208, 0.0008623012201067286, 0.9978773027165541, 0.0004446690765982717], [0.0027617924565299773, 0.0017451310242482625, 0.0028752671299978848, 0.9926178092892238], [0.0008156414392065322, 0.0010731769531662206, 0.9978123832574561, 0.0002987982501710922], [0.003275943975555195, 0.0036600428595566763, 0.0013062944621479616, 0.9917577186027402], [0.9957546837886904, 0.001925237642001559, 0.0007248696383544687, 0.0015952088309535604], [0.9966894405476876, 0.0019723449402221246, 0.001047170024317854, 0.00029104438777244], [0.9961618231594258, 0.0017949505792990237, 0.0005559934096315567, 0.0014872327516436367], [0.9958209169221091, 0.0024519939349957197, 0.0013327633193654345, 0.0003943257235297357], [0.9964273825590366, 0.0028459206947864693, 0.000483478082542789, 0.00024321856363415155], [0.9963532636811014, 0.002736876239462809, 0.0005391663844961048, 0.0003706935949396713], [0.0009241599296915301, 0.0008357578086327519, 0.9976510182950538, 0.0005890638666219353], [0.002784797231051165, 0.001528848211120459, 0.002990758304899137, 0.9926955961529292], [0.0014589552534840294, 0.9942333857005191, 0.0020109464269810378, 0.002296712519015822], [0.0012105885677975063, 0.9949007858244979, 0.002793925478114474, 0.001094700029590138], [0.0029842001055758274, 0.003837700724510832, 0.0014462101775890655, 0.9917318888923242], [0.0009989064756750598, 0.0012062400753700814, 0.9973598459183296, 0.0004350074306252345], [0.0010802849014520707, 0.0009251312230829744, 0.9975632642679344, 0.00043131950753054596], [0.0029669598267610267, 0.0018457628935748306, 0.001319429531873075, 0.993867847647791], [0.0012991997858126608, 0.9957440657942295, 0.0024100358525459714, 0.000546698467411901], [0.0011647355347790852, 0.9957945407277125, 0.0022818227437064673, 0.0007589008938020394], [0.002942667784109423, 0.002173766243035103, 0.0016156802751955718, 0.9932678855976599], [0.0009030027518617665, 0.0007379822165041395, 0.9979171300440755, 0.00044188488755864553]], "ideal": "B", "sampled": "B", "correct": true}}
