{"type": "result", "data": {"idx": 0, "options": ["k = 0 and n = 1", "k = 1 and n = 0", "k = n = 1", "k > 1"], "probs": [[0.06851877399070033, 0.2653933216625546, 0.6400501250589989, 0.02603777918774616], [0.11090423547807006, 0.31920794749299003, 0.5588070942236679, 0.011080722705271986], [0.09325700877652619, 0.3116390019697567, 0.5283471699657528, 0.06675681918796433], [0.0510352436620951, 0.21710655036499113, 0.7213922023227322, 0.010466003550181607], [0.14860917958492742, 0.5994317664969703, 0.2128227996499236, 0.03913625416817877], [0.12849401462817536, 0.6704593574891069, 0.1840326414235643, 0.01701398635915344], [0.0945589822704598, 0.3258565603270011, 0.552670826099106, 0.026913631203433076], [0.15461187423085376, 0.36042345405731924, 0.4761624148608491, 0.008802256750977863], [0.14579752357704154, 0.46139992138227076, 0.3415519956446868, 0.05125055929600093], [0.04253417013243551, 0.22692095448960226, 0.7251288520302218, 0.005416023247740453], [0.07718536700115247, 0.7528012695736394, 0.15833846603779397, 0.011674897287414158], [0.04319884857713146, 0.864005224140882, 0.08725186886488663, 0.005544058317099927], [0.06096652790183707, 0.27193267003489396, 0.5829808255350344, 0.08411997642823464], [0.055242788967153574, 0.2621731205759249, 0.6730457656481825, 0.009538324708738994], [0.040772311005647294, 0.5783266370693559, 0.3521742191542344, 0.028726832670762346], [0.029862423828048528, 0.31695811374108895, 0.6485926798198433, 0.004586782511019202], [0.0264142831216162, 0.8849514294848623, 0.08134563421723534, 0.007288653076286218], [0.02838190360630125, 0.8791675263796017, 0.08809113943126902, 0.0043594304828280415], [0.24673131401043302, 0.33021877593655763, 0.3940143990041169, 0.029035510948892465], [0.26289096178215066, 0.34635123219955344, 0.36758997621894873, 0.023167829699347185], [0.12191454585390547, 0.48371855448839485, 0.3843443413873927, 0.010022558170306974], [0.08214326320625889, 0.49281997195053234, 0.42035967714194133, 0.004677087601267415], [0.31109778215767636, 0.49858286980275196, 0.15511301723878063, 0.03520633070079105], [0.19823871237100676, 0.41077994645818483, 0.3849431214990411, 0.0060382195717672985]], "ideal": "B", "sampled": "D", "correct": false}}
{"type": "result", "data": {"idx": 1, "options": ["0", "1", "2", "3"], "probs": [[0.008319187598618893, 0.17448348645300188, 0.7914763989448174, 0.025720926903561838], [0.005643160165925168, 0.11934971240980581, 0.8651362189550755, 0.009870908369193462], [0.008965973678509284, 0.17687666637467342, 0.7896589208764385, 0.024498438970378743], [0.0038386407356247763, 0.12683679487034014, 0.8630148392545456, 0.006309725039489508], [0.00996219987997573, 0.21930625358535516, 0.7503515846634556, 0.020379961771213432], [0.00640458211474391, 0.19434407867299272, 0.7830629555817818, 0.016188383530481455], [0.022126670182742215, 0.12696331312478348, 0.8253044208515663, 0.025605595740907986], [0.01862118441555065, 0.11115280082481306, 0.8512020928247472, 0.01902392183488899], [0.02396495112491408, 0.31542304566321366, 0.6236233195883831, 0.03698868352348911], [0.014984264912506581, 0.2017987213760029, 0.7757658928759761, 0.007451120735514405], [0.03443301866926898, 0.5922982140209415, 0.32173243401508195, 0.05153633319470752], [0.014019446720278873, 0.2542368819114529, 0.7259158037288928, 0.0058278675393755135], [0.029909699292422872, 0.12965909080002944, 0.8230279363138916, 0.017403273493656127], [0.030311509992048923, 0.130558416355904, 0.827995956632393, 0.011134116919654049], [0.05320656536910881, 0.4896350125315659, 0.43191887874689816, 0.02523954325242713], [0.02607458319393166, 0.27376083046740085, 0.6947983632063156, 0.005366223032351832], [0.0382395663810094, 0.6185010935968154, 0.3278550943789363, 0.015404245543238965], [0.021379548535518267, 0.37604808187379285, 0.5967918412940291, 0.005780528196659846], [0.04203376726157959, 0.12519309459760772, 0.8138794054752803, 0.018893732565532437], [0.027714073427193123, 0.11470361677621568, 0.8446169453629641, 0.012965364333627135], [0.11503401944847275, 0.48073418964051906, 0.3571902220406639, 0.04704156877034427], [0.03200757358702141, 0.24196169011675647, 0.7186233316525102, 0.007407404543711881], [0.05377396133561774, 0.5706083507430266, 0.3536093736866607, 0.022008314134694965], [0.03175133022904284, 0.3550578574095735, 0.6046040518438294, 0.008586760417554297]], "ideal": "D", "sampled": "D", "correct": true}}
{"type": "result", "data": {"idx": 2, "options": ["n = 1 and r = 6", "n = 1 and r = 7", "n = 2 and r = 5", "n = 2 and r = 6"], "probs": [[0.06447609297180323, 0.2400299826014299, 0.6560205000572115, 0.03947342426955541], [0.04889091353369478, 0.2229396048529937, 0.7182243881102863, 0.009945093403025186], [0.0947971688521557, 0.5825955237786877, 0.2964402116659148, 0.02616709560324181], [0.010021463063200267, 0.22850234010636825, 0.7591656576122684, 0.0023105391181631033], [0.13696543197248232, 0.4395450615172164, 0.4182556222411338, 0.005233884169167469], [0.02609091975247331, 0.3038215232559346, 0.6672239127874164, 0.0028636441041756484], [0.017438590882137926, 0.26903948736375277, 0.7017063045522138, 0.011815617101895515], [0.020364573678526225, 0.3505990583232903, 0.6089599268042032, 0.020076441093980237], [0.03377110441532876, 0.4601850414895612, 0.4845402737037156, 0.021503580291394427], [0.011426617102775174, 0.3507226306768699, 0.633262848709157, 0.004587903411197973], [0.02407248869837665, 0.5199352293638426, 0.45044243707044895, 0.005549844767331771], [0.009079886212591324, 0.3257806161982532, 0.6614373639861302, 0.0037021335030252844], [0.04704589891455477, 0.5980027473344159, 0.3394087641192616, 0.015542589531767773], [0.03527871441763098, 0.5446474432407916, 0.41629048266678564, 0.0037833595747918027], [0.0386033520125292, 0.23700057089376902, 0.7058408448119448, 0.018555232181756993], [0.047970913596693865, 0.20709945485891249, 0.7327824841616295, 0.012147147282764146], [0.039634089470035626, 0.4728513306705393, 0.4824683313803518, 0.005046248379073276], [0.05029216117499355, 0.5422961605195877, 0.39838126916457645, 0.009030409040842246], [0.09956038003200718, 0.49516860400837714, 0.3997330966735816, 0.005537919186034077], [0.1252770796419444, 0.4313654941079507, 0.44029000763244575, 0.003067418517659146], [0.055074769312195695, 0.27161628809928395, 0.6654867592236796, 0.00782218326484071], [0.1249701540108984, 0.28437705368616367, 0.5774671138984185, 0.013185678304519404], [0.07645091295193088, 0.37129905878980574, 0.5471610278742569, 0.005089000284006445], [0.11510664341395124, 0.5054567507521727, 0.36837423221446824, 0.01106237351940786]], "ideal": "D", "sampled": "D", "correct": true}}
{"type": "result", "data": {"idx": 3, "options": ["4", "8", "16", "2sqrt(2)"], "probs": [[0.06062319986866065, 0.11845649287118915, 0.08609936232457549, 0.7348209448355747], [0.0051971097423594605, 0.03218808824566793, 0.9612200422576215, 0.0013947596543511399], [0.042699388519139, 0.07589103912710644, 0.7177424323177468, 0.16366713993600768], [0.01319512061758628, 0.05159028575769436, 0.9271696727312345, 0.0080449207934848], [0.00474642493428654, 0.9666877677609323, 0.027090876048576153, 0.0014749311562049976], [0.006538544141640347, 0.9750599005316353, 0.01439243609855901, 0.004009119128165421], [0.03452991038852359, 0.2247841416577063, 0.04679500060643576, 0.6938909472473344], [0.004906988168106297, 0.050479890866896616, 0.9432763025660986, 0.0013368182988984711], [0.01881677896520529, 0.06864857187060402, 0.5458334297482399, 0.36670121931595084], [0.008319673573121347, 0.05194000804887474, 0.933527579137682, 0.006212739140321885], [0.0041142395236268186, 0.9572325458219002, 0.03751643789954262, 0.0011367766549303668], [0.005390133468413022, 0.9774474910275865, 0.014763729332743749, 0.0023986460712566234], [0.019519665444342554, 0.22657523160754883, 0.5441775108558256, 0.20972759199228305], [0.00808120434741186, 0.12692277274042837, 0.8581082319888846, 0.006887790823275148], [0.03341999389187557, 0.27767733667657596, 0.40693960954074854, 0.28196305979079994], [0.017516398180738146, 0.19982046669848888, 0.7749772392843406, 0.007685895736432351], [0.008036113443904125, 0.8307057355553535, 0.1551252144989043, 0.0061329364018380085], [0.010719585201414522, 0.7266811707447559, 0.2515916519036615, 0.011007592050168005], [0.8662691297032018, 0.10511269661462756, 0.02666508837343933, 0.0019530852087312717], [0.8177737105401929, 0.1325688730006643, 0.025176234902830504, 0.024481181456312295], [0.7478917842133594, 0.09218552725145428, 0.15731029459374163, 0.0026123938414446247], [0.8600037013626608, 0.09429596925602954, 0.027730453546877476, 0.017969875734432178], [0.6842899156128868, 0.08242205330000875, 0.22653096363495231, 0.006757067352152164], [0.6810446298432473, 0.07183380337287436, 0.2344563574780643, 0.012665209205814045]], "ideal": "A", "sampled": "D", "correct": false}}
{"type": "result", "data": {"idx": 4, "options": ["2/69", "1/30", "2/23", "12/125"], "probs": [[0.13991802349558508, 0.35031186079001775, 0.5040668039721469, 0.005703311642250273], [0.17740853170349472, 0.5881441248647951, 0.22786350599042335, 0.006583837341286856], [0.15085082949691928, 0.4148675717816082, 0.429852983846266, 0.004428614775206494], [0.21385128020838273, 0.5230283912018522, 0.24423673075278995, 0.01888359773697509], [0.12957450052309155, 0.29976676286312187, 0.5675056868302519, 0.0031530496835346215], [0.25273851310880374, 0.49640323206000264, 0.22836700760128303, 0.02249124712991056], [0.020753484932380314, 0.4894526769008436, 0.48002986769151157, 0.009763970375264535], [0.03400801565640491, 0.5254882683670727, 0.4344326646328793, 0.00607105124364307], [0.02488705753709975, 0.3166688509278042, 0.6423112998502114, 0.0161327915848846], [0.05226647833857873, 0.47514670905507606, 0.4277090711921815, 0.044877741314163735], [0.016937069955965507, 0.2897298397800669, 0.6876373437622789, 0.005695746401688634], [0.030938219352167503, 0.7647843514580764, 0.12050516206374468, 0.08377226702601133], [0.33713226298262233, 0.3382813510856082, 0.3191235248739632, 0.005462860957806262], [0.29980987160383027, 0.4047440463911814, 0.28379490988747946, 0.011651172017508838], [0.47286110399437487, 0.17718087984788292, 0.34304128739032197, 0.006916728667420193], [0.530785252644962, 0.23065867588115826, 0.224608059491703, 0.013948011882176722], [0.20954697417459384, 0.4247088848572818, 0.3537048199895451, 0.012039320878579202], [0.22265654817919947, 0.41086101791332647, 0.353073811990999, 0.013408621816475048], [0.06824807907829153, 0.34498811198426105, 0.5807351542427843, 0.006028654594663079], [0.053234737403806305, 0.5697943970963293, 0.3667812606654996, 0.010189604734364767], [0.039099835820447036, 0.5208795794727092, 0.433860819275236, 0.006159765331607667], [0.04525385097873701, 0.7504577712849301, 0.19206702904041323, 0.012221348595919624], [0.0910652222219169, 0.30200517737090216, 0.589498471214131, 0.01743112909304996], [0.1892256350427869, 0.38345808981538004, 0.41021115653719387, 0.01710511850463918]], "ideal": "C", "sampled": "A", "correct": false}}
{"type": "result", "data": {"idx": 5, "options": ["(S, +, x) is closed under addition modulo 10.", "(S, +, x) is closed under multiplication modulo 10.", "(S, +, x) has an identity under addition modulo 10.", "(S, +, x) has no identity under multiplication modulo 10."], "probs": [[0.01581307192712766, 0.22782921232285197, 0.21832092998798833, 0.5380367856620321], [0.012669986866963811, 0.17146199700390868, 0.7035176058967563, 0.11235041013237118], [0.010770372804584533, 0.11429849010385902, 0.30754803920707136, 0.567383097784485], [0.005444959910893959, 0.07961353977552897, 0.8678054940030018, 0.0471360062105753], [0.013999378020419284, 0.437425246769261, 0.1318152370731451, 0.41676013803717465], [0.011368494533048298, 0.734550718436339, 0.1644973450159564, 0.08958344191465634], [0.02217975490670198, 0.24306337483748028, 0.14692856929551898, 0.5878283008602988], [0.025433761744540994, 0.21710523845613441, 0.5487256397068729, 0.20873535999245169], [0.01828975224564773, 0.13030044529387383, 0.09509616537949318, 0.7563136369809853], [0.01147221878633144, 0.11442098137582181, 0.8372755731643452, 0.0368312265735015], [0.016654064163681894, 0.7058329875170201, 0.0879707075133004, 0.18954224070599768], [0.014477066368638634, 0.8257962149121792, 0.09818131027941335, 0.0615454083397688], [0.015062991042640552, 0.10241247494271358, 0.05729961600768034, 0.8252249179069655], [0.012852675349663318, 0.0916265709260931, 0.8476441529380212, 0.04787660068622235], [0.015953383506180294, 0.1483191174251994, 0.15497692609639058, 0.6807505728722297], [0.011857134844720611, 0.13723171811493715, 0.8193565346802586, 0.0315546122600837], [0.009374919893682842, 0.854261124805347, 0.0601782550529532, 0.07618570014801697], [0.009881733777665486, 0.8139430169979653, 0.09522216633096627, 0.08095308279340294], [0.3045057194154509, 0.2475846520229048, 0.18037872820981865, 0.26753090025182563], [0.4289879308664399, 0.25514133621549256, 0.13385529216432326, 0.18201544065374423], [0.34053549167088726, 0.3065171241453737, 0.07191866635557058, 0.2810287177281685], [0.3613940692417473, 0.34899341156529773, 0.17202926705721913, 0.11758325203573584], [0.44083945977695016, 0.30408245583570903, 0.08343101291140953, 0.17164707137593133], [0.35393929477966957, 0.27451559898492334, 0.13325864075281793, 0.23828646538258919]], "ideal": "D", "sampled": "D", "correct": true}}
{"type": "result", "data": {"idx": 6, "options": ["12*sqrt(2)", "6*sqrt(2)", "4*sqrt(2)", "1/(2*sqrt(2))"], "probs": [[0.1293600023551565, 0.42413093687530307, 0.4381948313082319, 0.008314229361308517], [0.18557016691714667, 0.6844093897776489, 0.10738069528041021, 0.022639747924794198], [0.06172214480100822, 0.23997879234781697, 0.6919566189153874, 0.0063424438357874285], [0.1680245746191458, 0.6955450954012855, 0.11820565203404616, 0.018224677845522536], [0.25513525715416824, 0.29958014929131116, 0.4240822511548592, 0.021202342299661413], [0.23270093352102592, 0.29503099788616727, 0.4487667478723546, 0.023501320620452217], [0.1478313319316886, 0.4309098313741069, 0.41197504553239633, 0.009283791061808171], [0.22314892125117572, 0.6161857086053469, 0.1113435596883529, 0.04932181035512446], [0.16841110914810586, 0.5229717594815915, 0.2980399785813296, 0.01057715268897311], [0.16608652236267865, 0.6885310291823556, 0.13769055961884388, 0.007691888736121818], [0.31584459069424586, 0.5003256722735867, 0.12458682618405052, 0.059242910748116925], [0.2685237584144007, 0.36008072667121266, 0.361416794614661, 0.00997872019972569], [0.09540259024167361, 0.1965095233156146, 0.7009218929245936, 0.007165993418118134], [0.29014625710109776, 0.4771783280315903, 0.1639477138959177, 0.06872770087139421], [0.1161460088022878, 0.44763801809997716, 0.42183126423643497, 0.014384708761300056], [0.20415570911639683, 0.6084654205929741, 0.17456531165243996, 0.012813558538189034], [0.2239004009701078, 0.5706849310231585, 0.11078957879886703, 0.09462508910786666], [0.23095039563329972, 0.621107367562561, 0.13152365973127392, 0.01641857697286528], [0.0925707679680894, 0.11360591961852612, 0.7767302520476509, 0.017093060265733557], [0.13027635749259164, 0.12843004394055518, 0.7054718425171558, 0.035821755949697394], [0.1483448589133957, 0.29376208669823517, 0.5265984515073365, 0.03129460278103254], [0.09370706979999904, 0.21517567567713913, 0.6777455156793277, 0.01337173874353408], [0.15480288910035905, 0.44655727157026914, 0.3408717195282012, 0.05776811970117057], [0.09482246230168757, 0.3026819397175038, 0.5863021360404306, 0.016193461840378117]], "ideal": "C", "sampled": "B", "correct": false}}
{"type": "result", "data": {"idx": 7, "options": ["0", "10%", "25%", "50%"], "probs": [[0.006421300348713812, 0.12060820617091819, 0.8350194388484418, 0.0379510545319262], [0.013514263176471947, 0.18755748342083456, 0.5977671574827288, 0.20116109581996464], [0.006615684872764719, 0.7581129715278117, 0.19465661164779857, 0.040614731851625056], [0.003930223414552636, 0.5636093293107199, 0.4231638367567092, 0.00929661041801818], [0.010813250422058147, 0.36587993211208486, 0.5503508436315718, 0.07295597373428514], [0.004642264488116641, 0.17478677767042072, 0.8120832506711696, 0.008487707070293045], [0.008382441875612264, 0.09036045693399994, 0.8899466426931982, 0.011310458397189508], [0.022923736908090398, 0.16622019683322345, 0.6864527207502945, 0.12440334540839165], [0.01678931700427339, 0.5340128500671666, 0.38210332105136047, 0.06709451177719951], [0.008907118645404681, 0.27610051114889206, 0.6914676298353836, 0.023524740270319623], [0.027680224887651674, 0.21043867693825508, 0.5968985194392934, 0.16498257863479987], [0.013570405760267575, 0.1534850578295625, 0.8082893578964678, 0.024655178413702086], [0.3536522839230731, 0.197334370851609, 0.40961746678952976, 0.03939587833578815], [0.13640823755676065, 0.14441422901476358, 0.7092034710353188, 0.009974062293157025], [0.32443220466515355, 0.43554252765934187, 0.14834494003094306, 0.09168032754456153], [0.16287095630757367, 0.3054555614393429, 0.5054414205900848, 0.02623206156299868], [0.13053642248510663, 0.4721609664762253, 0.38362479313247183, 0.013677817806196221], [0.1285867445580753, 0.5273226119071004, 0.32321174273883185, 0.020878900695992426], [0.18776971008760407, 0.2006775141066439, 0.5183660177640824, 0.09318675794166958], [0.010662398270208331, 0.06103430670718064, 0.923634526440801, 0.004668768481810009], [0.1472145522691077, 0.5017058439686555, 0.09574420360800595, 0.2553354000542309], [0.04813103103902105, 0.2826355832897887, 0.6545143947045728, 0.01471899086661741], [0.03186312948229814, 0.8460253565696672, 0.1069125768634626, 0.015198936984572135], [0.02601064499633569, 0.7411458268224212, 0.21942329017938791, 0.013420237901855129]], "ideal": "C", "sampled": "C", "correct": true}}
{"type": "result", "data": {"idx": 8, "options": ["None", "I only", "II only", "III only"], "probs": [[0.014317035673617124, 0.25440543887455336, 0.4522144495988673, 0.27906307575296224], [0.011327442912389655, 0.17753497078465463, 0.6532881374865103, 0.15784944871644543], [0.010691306517524287, 0.16244150568013405, 0.6264352726861011, 0.20043191501624058], [0.008878399972634286, 0.15908346215589664, 0.3863459681825648, 0.44569216958890434], [0.010045748464951574, 0.1812414126985696, 0.7270994971326684, 0.08161334160381034], [0.007674920812541329, 0.20317567816662538, 0.46733525238386064, 0.32181414853697266], [0.06826983696745872, 0.11104150611727434, 0.5762449163923805, 0.2444437404228864], [0.043214368112052454, 0.09309400305023417, 0.6453941247393497, 0.2182975039983637], [0.08096682581117311, 0.2367084263292334, 0.18523000868904538, 0.49709473907054813], [0.04566057366127439, 0.1810291693200317, 0.5391254826189489, 0.23418477429974502], [0.029249996379818066, 0.33557478090111575, 0.11559866539870048, 0.5195765572203657], [0.022501119461410625, 0.2705227626571402, 0.6035682322320776, 0.10340788554937157], [0.05519735085691502, 0.09631393785543521, 0.7393789217932223, 0.10910978939442748], [0.04723291488723835, 0.08850009026424749, 0.3546561611635086, 0.5096108335850055], [0.08726303733639447, 0.32259343753624176, 0.1173925386382055, 0.4727509863891583], [0.052087007395571996, 0.2694349804419561, 0.5472950771709831, 0.1311829348914888], [0.04255792751827998, 0.12062335732108265, 0.08012012123976361, 0.7566985938208738], [0.03329520634590391, 0.12595350815863787, 0.7764681761853307, 0.06428310921012745], [0.12238237724867215, 0.1133971193638475, 0.7385469055282675, 0.02567359775921285], [0.11574895451173313, 0.10564501309731704, 0.5230711335793604, 0.2555348987115894], [0.15455781836164345, 0.5126797365376372, 0.0929729829273166, 0.23978946207340276], [0.14533941255600927, 0.4783512781098114, 0.2800931286614999, 0.09621618057267946], [0.1557769695860968, 0.28983409505422775, 0.08800822888961543, 0.46638070637006], [0.10004369764780117, 0.24256339622476353, 0.5941945071934231, 0.06319839883401213]], "ideal": "C", "sampled": "B", "correct": false}}
{"type": "result", "data": {"idx": 9, "options": ["Every compact space is complete", "Every complete space is compact", "Neither (a) nor (b).", " Both (a) and (b)."], "probs": [[0.018936475066822635, 0.20061326805050964, 0.40416868086735985, 0.3762815759153079], [0.007731897308025078, 0.09690580538647187, 0.8793365378900648, 0.01602575931543824], [0.04294213295649519, 0.18747797676341757, 0.36778205766495126, 0.40179783251513596], [0.029778503211349804, 0.1975837818810623, 0.7280610284382081, 0.04457668636937984], [0.016584573991541285, 0.8199357725578678, 0.14761712260479398, 0.015862530745796976], [0.019434846139308036, 0.8751527903595087, 0.0761604724831521, 0.029251890918031244], [0.024917424093934985, 0.32175949692130396, 0.239648807615646, 0.41367427126911505], [0.0076851270446262904, 0.11262171546911642, 0.867094386806418, 0.01259877057983929], [0.023161507968065317, 0.11255043660058779, 0.6511133860062622, 0.2131746693250846], [0.030658429999425835, 0.1851484061337925, 0.703625571531904, 0.08056759223487767], [0.015013792214968142, 0.6101813179348881, 0.36335354227619265, 0.011451347473951132], [0.021195365627113424, 0.8362111650888834, 0.06724373413353865, 0.07534973505046451], [0.07877512726982729, 0.16717592747417515, 0.28092389249511096, 0.4731250526608866], [0.035481112482977376, 0.17040827170362566, 0.7592707560496038, 0.03483985966379314], [0.050496436499345265, 0.15103035742611662, 0.5512388142151395, 0.24723439175939857], [0.026223379083703435, 0.154379506811804, 0.7665248755175069, 0.05287223848698567], [0.061211161158111455, 0.744425487983166, 0.07091934529120998, 0.12344400546751258], [0.04324400780944217, 0.6348246311699391, 0.06329306935894459, 0.2586382915616741], [0.437603358485779, 0.1968497056023781, 0.3445938857355512, 0.020953050076291602], [0.6121533076041966, 0.233654385914313, 0.09260913225180643, 0.06158317412968393], [0.2414641240642381, 0.14971909551074739, 0.5962906730975509, 0.01252610722746362], [0.562150673874152, 0.18948279884001612, 0.09189234946918517, 0.1564741777166467], [0.48144837850399114, 0.3938531547848928, 0.05128449907919148, 0.0734139675319246], [0.32898932446982754, 0.3465030167165868, 0.054300047047221287, 0.27020761166636437]], "ideal": "A", "sampled": "D", "correct": false}}
{"type": "result", "data": {"idx": 10, "options": ["10", "20", "25", "45"], "probs": [[0.01481169269564212, 0.7600326387215856, 0.2141124731545296, 0.01104319532824266], [0.01345127555217567, 0.5554588493429174, 0.41820821590291857, 0.012881659101988276], [0.01692521955506802, 0.3215078136101673, 0.6554630440826169, 0.0061039226521477615], [0.01547278600955745, 0.3444187829762508, 0.6230404179075056, 0.017068013006686134], [0.009209523576943004, 0.13161058090497654, 0.8562020620724282, 0.0029778333456521775], [0.016072752587784535, 0.30574536965792115, 0.6576109621723095, 0.02057091548198475], [0.008905509952435935, 0.9658713845783432, 0.022741939198963515, 0.002481166170257315], [0.013074439169682596, 0.924766425709848, 0.053345002774327945, 0.00881413224614144], [0.014219551100778851, 0.13364939160005726, 0.8474923821449206, 0.004638675054243242], [0.058401596883089386, 0.2694931378224177, 0.3992788269582245, 0.27282643823626845], [0.003720053352048525, 0.03789922575080132, 0.9557518656110051, 0.002628855186145052], [0.029360020417616515, 0.11431887681049595, 0.7896081679036274, 0.06671293476826007], [0.013338922192422957, 0.49263315172151234, 0.4891768572705689, 0.0048510687154958015], [0.03161558018250586, 0.8004227577682071, 0.1061621268672085, 0.061799535082078465], [0.014885551160500261, 0.4353739255920544, 0.5459022813763147, 0.0038382417711306117], [0.05294591932959387, 0.6031241416328028, 0.09081961958692253, 0.2531103193506808], [0.010034342117859116, 0.06560355308138613, 0.9057894783958248, 0.018572626304929965], [0.02637090950444789, 0.12683660003304464, 0.829105450617963, 0.017687039744544386], [0.004492524465694701, 0.20551684133067058, 0.7858850816113871, 0.004105552492247589], [0.01062969037987722, 0.6838808141807275, 0.2894632851071114, 0.016026210232283858], [0.005843566398057156, 0.1303467229333278, 0.8613829122513086, 0.0024267983173064207], [0.016925652713356183, 0.5685297035361577, 0.36485117136510903, 0.04969347228537706], [0.009095030361508697, 0.14299372581485428, 0.8329509061438142, 0.014960337579822859], [0.014952277764861585, 0.2397836745155599, 0.727117226122674, 0.0181468214969044]], "ideal": "D", "sampled": "A", "correct": false}}
{"type": "result", "data": {"idx": 11, "options": ["1/64", "15/64", "1/4", "3/8"], "probs": [[0.007834541394322951, 0.684005203618729, 0.3060621600237009, 0.0020980948632471404], [0.008847027554750921, 0.924662660918763, 0.06005075632660626, 0.006439555099879831], [0.1605132790675369, 0.44355730303806407, 0.3886876572790755, 0.007241760515323543], [0.19855549940302997, 0.637352061405219, 0.11962015034402149, 0.044472288747729474], [0.12802792464271284, 0.21203633113889353, 0.6412989185970251, 0.018636825521368496], [0.142512958491533, 0.2137787882157039, 0.6063778241689425, 0.03733042902382059], [0.4299503568700388, 0.1738692197096134, 0.39111134175854834, 0.005069081561799505], [0.6441562315215922, 0.2861656939803441, 0.0631340920878854, 0.006543982310178401], [0.3858713377892964, 0.5223032060461144, 0.08807297499842581, 0.0037524810661634074], [0.19457002824473166, 0.5991493263431623, 0.20406238053260264, 0.002218264779503317], [0.4755072047193901, 0.4250156359313882, 0.08922767172909307, 0.010249487520128645], [0.26590766410484085, 0.33509282881388, 0.39635179798860376, 0.0026477089926754205], [0.06297406688699057, 0.1656397420500232, 0.7695081083928528, 0.0018780825701335028], [0.4839981080106976, 0.4436559245908631, 0.02728607606935615, 0.04505989122908318], [0.015437185689086903, 0.9061425880144564, 0.07727132699982031, 0.001148899196636425], [0.01647752856270818, 0.9185845630688735, 0.06278253940549529, 0.0021553688629230676], [0.315854572909373, 0.5078093191331438, 0.07923481457892563, 0.09710129327855752], [0.061627362403357894, 0.24030484408751632, 0.696284639663177, 0.001783153745948748], [0.19171837897997857, 0.16186074436084077, 0.6386886647089649, 0.007732211850215762], [0.44501976617152045, 0.18588269848267255, 0.3597333661750304, 0.009364169070776647], [0.08531506132274877, 0.8702816731329323, 0.037600024532863895, 0.0068032409114550255], [0.12953466736660652, 0.7176257085916968, 0.15042202824584475, 0.002417595695851941], [0.35249376202151395, 0.547849342368466, 0.06267384207674168, 0.036983053433278276], [0.1944516145836997, 0.25882953321436303, 0.5454961639832503, 0.0012226881186870322]], "ideal": "B", "sampled": "B", "correct": true}}
{"type": "result", "data": {"idx": 12, "options": ["0", "1", "2", "3"], "probs": [[0.08490518971711146, 0.4111668940619665, 0.29899548590186986, 0.20493243021905216], [0.04253941670815712, 0.2813266395591239, 0.26920078906859124, 0.4069331545641277], [0.03983628868170441, 0.22700304467205254, 0.6600219803395067, 0.07313868620673637], [0.044311397763635636, 0.22285907466401203, 0.14886737201067843, 0.5839621554616738], [0.045446713704269545, 0.23771975061914702, 0.5725786238636088, 0.14425491171297455], [0.04573236692737991, 0.24487348932422429, 0.26145740853881283, 0.447936735109583], [0.02616104522325816, 0.6384192799647885, 0.2524062730478108, 0.08301340166414244], [0.03388920268120892, 0.5426515087876803, 0.237383350838515, 0.18607593759259583], [0.004559837064017411, 0.06775463740934728, 0.8989413273442021, 0.02874419808243327], [0.010375936692173435, 0.08322930475620324, 0.05656705385231968, 0.8498277045993037], [0.007620087149807737, 0.09920435265166173, 0.8365142796573447, 0.05666128044118583], [0.024970244706794452, 0.2135539211624167, 0.2862251709347288, 0.47525066309606007], [0.020479048082040086, 0.4660639134506689, 0.41201397836459613, 0.1014430600026949], [0.028087461939927463, 0.45718459227026553, 0.16956533837339888, 0.34516260731640813], [0.00942039290093281, 0.3092448079102417, 0.6025500807607165, 0.07878471832810893], [0.013203783574301221, 0.5531566400066366, 0.09841442565448034, 0.3352251506645819], [0.006821433887085194, 0.07080492729364055, 0.803418437854033, 0.11895520086524126], [0.008673758043185539, 0.06960946903777217, 0.7303125091490993, 0.191404263669943], [0.026151029828852593, 0.4527374879463226, 0.36725122348506817, 0.1538602586397566], [0.03406324414898097, 0.3867730997668245, 0.24811354080933826, 0.3310501151748562], [0.010760875477837224, 0.26869893221495883, 0.631912771355012, 0.08862742085219195], [0.01806641410258978, 0.43785605808862577, 0.13895234774792237, 0.4051251799608621], [0.012409646936337733, 0.1998719712525411, 0.6039934725642012, 0.18372490914691997], [0.009731389798697507, 0.13599743251626917, 0.716943220356159, 0.1373279572288743]], "ideal": "A", "sampled": "A", "correct": true}}
{"type": "result", "data": {"idx": 13, "options": ["4", "7", "10", "13"], "probs": [[0.005438840830999119, 0.23641786960605887, 0.7184249008065899, 0.03971838865635202], [0.0034006990205392913, 0.136660144451188, 0.8528801247593792, 0.007059031668893503], [0.009019019351109265, 0.1366223874709864, 0.8264331725344118, 0.027925420543492462], [0.0033189488864111406, 0.06297279722405484, 0.928898497260986, 0.004809756528548057], [0.009789054180746257, 0.2583271536330354, 0.714494578599782, 0.017389213486436288], [0.010398084172506202, 0.3442011721852365, 0.6289794997998498, 0.0164212437424075], [0.07226337976307061, 0.31733571627558943, 0.5184908260364709, 0.09191007782486904], [0.036170416943903126, 0.22185850184977332, 0.7167843708285409, 0.025186710277782638], [0.036626319741540306, 0.3564808673765165, 0.5476018062984271, 0.05929100648351598], [0.005187808467252299, 0.09615879260388058, 0.8944040807637509, 0.004249318065116262], [0.01641003964448138, 0.5482212869932944, 0.41698658229159835, 0.018382090970625813], [0.011166460025246674, 0.3666246878852878, 0.6150297602120585, 0.007179091777407038], [0.0101782186870973, 0.13735391089643734, 0.8301099776874717, 0.0223578926289936], [0.014440104629489423, 0.1591789556200014, 0.7904338895005584, 0.03594705014995083], [0.007230948530497479, 0.3125600663486146, 0.6723611670379012, 0.007847817982986715], [0.008995919361799285, 0.3273944510649233, 0.6513622311499222, 0.012247398323355215], [0.010116098710029185, 0.6320252596012721, 0.31234378534374163, 0.04551485624495715], [0.007628504285570193, 0.5231108137102637, 0.4576779663174867, 0.011582715586679367], [0.021468154640806703, 0.12549444371520602, 0.8401504117627338, 0.012886989781253546], [0.08742359120874808, 0.1972736848355487, 0.6424003673566964, 0.07290235649900682], [0.02060558304886969, 0.24558011060851886, 0.7222911822414989, 0.011523124001112486], [0.030234903882565778, 0.2436724517463376, 0.7060070221241468, 0.020085622146949863], [0.07803707685341506, 0.3699094707880475, 0.5135576801018603, 0.03849577215667712], [0.02664458339179468, 0.20794550762562444, 0.7502830512029214, 0.015126857679659541]], "ideal": "B", "sampled": "D", "correct": false}}
{"type": "result", "data": {"idx": 14, "options": ["0.64", "0.72", "0.81", "0.95"], "probs": [[0.017423766978109247, 0.206406138962511, 0.7586920588167736, 0.0174780351426061], [0.015352390764146776, 0.20131628559724465, 0.7575268910355129, 0.025804432503095723], [0.008461604927752452, 0.16524060268922267, 0.817333469668007, 0.008964322615017796], [0.012368173083823332, 0.2199374690072239, 0.7535204136200643, 0.014173944188888475], [0.015217708440453257, 0.15663377426345315, 0.8183647307963723, 0.00978378639972132], [0.02114960783476271, 0.19365336637040959, 0.7695488582589995, 0.015648167435828177], [0.02266302928840844, 0.33442387542102603, 0.6271636590562805, 0.015749436134285078], [0.01894300476693002, 0.329292782141133, 0.632305398929908, 0.01945881406202893], [0.014861570240646204, 0.1694287161617703, 0.8056932454342011, 0.010016468063382413], [0.011653371023860087, 0.14352546470452426, 0.8237965610120322, 0.02102460315958342], [0.012297977474534831, 0.20554819337326452, 0.7731925111509127, 0.008961317901287923], [0.012210302643831678, 0.2055995108652288, 0.767526187833214, 0.014663998557725464], [0.009171500442374683, 0.2607316570554623, 0.7229332640386918, 0.007163578363471222], [0.016078505513713256, 0.3703173960159193, 0.5893867556404765, 0.024217342729890956], [0.009183679848741222, 0.14757919532244376, 0.8400772087394026, 0.00315991598941242], [0.016085395223286343, 0.19512059119633232, 0.7633904332826612, 0.025403580197720165], [0.014154113985905034, 0.18572432008455492, 0.7854592887136838, 0.014662277115856274], [0.014273330954146426, 0.2024548721291235, 0.7615939683214499, 0.02167782849528025], [0.0039190795742569074, 0.24900301691133497, 0.7408487465634278, 0.006229156850980304], [0.007182732337466636, 0.375581031986093, 0.6025738810925326, 0.014662354483907732], [0.004028412124281657, 0.12970128901763806, 0.8632907435342344, 0.0029795552238458347], [0.007308490083556595, 0.2335103146379668, 0.7397160629378791, 0.019465132240597555], [0.006236104977488834, 0.15035068022274106, 0.8364359431681561, 0.0069772715316140125], [0.006702653412613749, 0.15418235112135353, 0.8184087618631481, 0.020706233502884575]], "ideal": "D", "sampled": "A", "correct": false}}
{"type": "result", "data": {"idx": 15, "options": ["I only", "II only", "III only", "I and II only"], "probs": [[0.028979750211902276, 0.2672709981693382, 0.14253113521885918, 0.5612181162999004], [0.02572083081255816, 0.22794830626988577, 0.7061496323672874, 0.040181230450268585], [0.01930429137564511, 0.18651481592490554, 0.3212891667159679, 0.4728917258834814], [0.02207551100720967, 0.18086000896742652, 0.7032459213759008, 0.09381855854946297], [0.0214766174633282, 0.6967432018054563, 0.25943265554879524, 0.022347525082420182], [0.02058703573218572, 0.7566621063204877, 0.15927472204673798, 0.06347613580058858], [0.04149789640995929, 0.36255773349220627, 0.14143159442384606, 0.45451277557398834], [0.026627131498139923, 0.2738669883821806, 0.6816148338951427, 0.01789104612453678], [0.030926021408228577, 0.1179305639102985, 0.515125909148854, 0.33601750543261893], [0.021443576352077012, 0.14126418749725098, 0.7273054406713819, 0.10998679537929004], [0.02588222282296751, 0.5381141139049592, 0.424239026340246, 0.011764636831827244], [0.01762748798406231, 0.7525081675133086, 0.13218418438939683, 0.09768016001323222], [0.03394191118475725, 0.3385053129977624, 0.3072239595593532, 0.32032881615812714], [0.031065880901993956, 0.29083016186841804, 0.6390923189579231, 0.039011638171664906], [0.03027744184566632, 0.18302067907908945, 0.5162148417439254, 0.27048703723131884], [0.01621551781329188, 0.22609531456028756, 0.7005659210620996, 0.05712324646432093], [0.017866851162130246, 0.6935342444424842, 0.26652695632300394, 0.02207194797238157], [0.013632437649062983, 0.6588740704890016, 0.28676529674358875, 0.040728195018346645], [0.4626313270106935, 0.37876994401671765, 0.12636374265385475, 0.032234986218734094], [0.4568335583659729, 0.3680164652700938, 0.1516782995786943, 0.023471676685239015], [0.38145276616087154, 0.36780911406319017, 0.2293832582796962, 0.02135486139624207], [0.4054408891570273, 0.4538483236677031, 0.08623272764132012, 0.054478059433949434], [0.4685374201174328, 0.24350024705365073, 0.2625474167229467, 0.025414916005969797], [0.4761448956208654, 0.2719129540674286, 0.18333172249952312, 0.06861042771218281]], "ideal": "D", "sampled": "D", "correct": true}}
{"type": "result", "data": {"idx": 16, "options": ["I only", "II only", "III only", "I and II only"], "probs": [[0.04157089581832533, 0.2572474037646633, 0.23538284176192753, 0.46579885855508385], [0.03824717750561906, 0.22219179237157358, 0.66749856370338, 0.07206246631942732], [0.02446672393037758, 0.18546644404065973, 0.3484040602217618, 0.4416627717072009], [0.01979192676175865, 0.16338497095413917, 0.7088672436918421, 0.10795585849226014], [0.031266749600921524, 0.4901127328258754, 0.44176087766404015, 0.036859639809162896], [0.030427340762750683, 0.5622170379316075, 0.2526190464172148, 0.1547365747884271], [0.048173649658701016, 0.3028834073573436, 0.24460709853685308, 0.40433584434710235], [0.03787061115850116, 0.28034233204831344, 0.6559451126652469, 0.025841944027938556], [0.03573717615651551, 0.11295830667674292, 0.5907959451456393, 0.26050857192110227], [0.03331462467279458, 0.13730934977026665, 0.6388175820048825, 0.19055844345205628], [0.041948325771561386, 0.38065710518183077, 0.5614635326842398, 0.015931036262368106], [0.05356036205889172, 0.5428508600474573, 0.15735732251854712, 0.24623145527510382], [0.0325773646626867, 0.3027187495310752, 0.3163755739498986, 0.34832831175633944], [0.02416139650073172, 0.2727262074363081, 0.6481904374752382, 0.05492195848772198], [0.031201284491880726, 0.1771999752985064, 0.48063558514316984, 0.31096315496644306], [0.019198049644616254, 0.20844536381700482, 0.6770018615903234, 0.09535472484805552], [0.02121864623655293, 0.4994016568630659, 0.45013433522650026, 0.02924536157388087], [0.019767597404534737, 0.49169020733457725, 0.4032594065202376, 0.08528278864065039], [0.3527151214457328, 0.3762770154592739, 0.19469431805547524, 0.07631354493951807], [0.34426937560259535, 0.38794604752360073, 0.21198901837495784, 0.05579555839884606], [0.2713408545524532, 0.31289661343349234, 0.37960123881169744, 0.036161293102356995], [0.3425888069735783, 0.3772596958310687, 0.1394011804411309, 0.14075031665422208], [0.2848943078082191, 0.2329213242883073, 0.44113336510195633, 0.04105100270151727], [0.3277113139301653, 0.2498112767684988, 0.2868133187007193, 0.13566409050061665]], "ideal": "B", "sampled": "D", "correct": false}}
{"type": "result", "data": {"idx": 17, "options": ["-1/4", "-1/(4sqrt(2))", "0", "sqrt(2)"], "probs": [[0.023460283785722996, 0.8955800499036141, 0.05849039904750702, 0.022469267163155893], [0.022218218287960882, 0.7587755435849254, 0.214030673249719, 0.004975564777394768], [0.013588679745383327, 0.06125525616151254, 0.9174957697529954, 0.007660294240108691], [0.05224230807136148, 0.08875082300087184, 0.5847050459887246, 0.2743018228390421], [0.044939872165912505, 0.27272114332743436, 0.6765573664226167, 0.005781617984036477], [0.10034713741010065, 0.5232855209227676, 0.09495661302839337, 0.2814107285387384], [0.6257321645822972, 0.2924572717776584, 0.05715017765236644, 0.024660385887677896], [0.5833725618991301, 0.2189248385818464, 0.19344875677735496, 0.004253842641668596], [0.668803863136602, 0.16963727580955068, 0.13438717869382738, 0.027171682260019963], [0.46285956964057134, 0.10121111542498618, 0.4273121344597836, 0.00861718037465885], [0.3985861725173615, 0.547813340434642, 0.05140363652214461, 0.0021968504258518943], [0.3537032845887035, 0.610148300940138, 0.031857370822694187, 0.004291043548464321], [0.013358851050950018, 0.1797925072942679, 0.7956447016051355, 0.011203939949646649], [0.025034365149726255, 0.319551567984321, 0.5149756246095778, 0.14043844215637488], [0.009550158685038768, 0.9229281077984035, 0.06223359075566394, 0.005288142660893728], [0.008842913910690236, 0.8214110578909917, 0.16545765994002892, 0.004288368158289132], [0.03486893663427363, 0.6138427851477067, 0.19292481620187474, 0.15836346191614484], [0.014670728223918727, 0.20044801253197853, 0.7773607611371546, 0.007520498006948202], [0.05135551710949942, 0.32164992426485683, 0.6212545927774883, 0.0057399657481554235], [0.12509081372180095, 0.5981344869721393, 0.06093758266625104, 0.21583711653980867], [0.019842017024219127, 0.9336311620595408, 0.04332719279498415, 0.003199628021255892], [0.020487284800928908, 0.9488698481746034, 0.026301941561818375, 0.004340925362649263], [0.23592288002762957, 0.21623394535506918, 0.28890318536561094, 0.2589399891516903], [0.03026429347360384, 0.09155622596995883, 0.8721932026679364, 0.0059862777885009025]], "ideal": "C", "sampled": "B", "correct": false}}
