{"type": "result", "data": {"idx": 0, "options": ["an average of 10 times, with an rms deviation of about 4", "an average of 10 times, with an rms deviation of about 3", "an average of 10 times, with an rms deviation of about 1", "an average of 10 times, with an rms deviation of about 0.1"], "probs": [[0.02009993181101687, 0.14679182558623122, 0.6863817436115685, 0.14672649889118344], [0.007562366747443887, 0.062497142434168866, 0.923036630961322, 0.006903859757065154], [0.032386233235275404, 0.3161783554985703, 0.41305827685307694, 0.23837713431307733], [0.007426468736523366, 0.05249106984688848, 0.9352362267616849, 0.00484623455490323], [0.009603591133996583, 0.8548057228690902, 0.1106328161365196, 0.024957869760393596], [0.00915756441335998, 0.808384292421622, 0.16991473590258782, 0.012543407162430228], [0.02633874363038431, 0.17113371853034132, 0.4927172123694791, 0.30981032536979525], [0.006677521310431074, 0.05604984151348066, 0.9308347534263451, 0.00643788364974314], [0.03979039907213705, 0.43005492958555347, 0.20345488037030693, 0.3266997908720025], [0.007362829763365402, 0.054100675728096646, 0.9344274713944399, 0.004109023014097986], [0.01246704924677885, 0.8713524470553532, 0.08644272514973012, 0.029737778448137814], [0.009527510998282293, 0.8024390557591765, 0.1767840862744333, 0.011249346868107952], [0.011583537308030807, 0.1530691618988775, 0.7925369406591539, 0.042810360033937796], [0.005790215200732358, 0.04709904070841559, 0.9435610525693073, 0.0035496914215446557], [0.018992592837887033, 0.20658332866397852, 0.6186054725447389, 0.1558186058533956], [0.005404522708644736, 0.03909419524837321, 0.9522906658384948, 0.0032106161044872608], [0.00954323384152955, 0.816711311330173, 0.1538109974089012, 0.0199344573193962], [0.009098443786441986, 0.8416416589011474, 0.13670171184254798, 0.012558185369862584], [0.014783571467855727, 0.13216007407654484, 0.8130840739449288, 0.03997228041067062], [0.018127534621107617, 0.10878497411705942, 0.8599902430620142, 0.013097248099818765], [0.0271218541985998, 0.19339883960811144, 0.6566093092871789, 0.12286999680610984], [0.014651702432357956, 0.08453023477246309, 0.8925764416017169, 0.008241621093462022], [0.031142731899748907, 0.16007084069560468, 0.6760915659822639, 0.13269486132238245], [0.03640030093572203, 0.18267028365173063, 0.736538601886751, 0.04439081342579635]], "ideal": "B", "sampled": "D", "correct": false}}
{"type": "result", "data": {"idx": 1, "options": ["500 nm", "550 nm", "600 nm", "650 nm"], "probs": [[0.016704316496119333, 0.533938743592579, 0.43083189148189177, 0.018525048329409922], [0.018541628628825996, 0.4878175101856421, 0.4672255080447357, 0.026415353040796116], [0.01309512112534645, 0.17315520386318858, 0.7981627692838767, 0.015586905627588186], [0.01274272458312832, 0.23587737301531903, 0.7296500918780584, 0.0217298104234942], [0.013933154291738385, 0.3208907867053054, 0.6509925185118729, 0.014183540391083263], [0.017466329825433714, 0.5458553097349953, 0.41668954906402905, 0.019988811275541942], [0.11351962597873383, 0.5749505864803464, 0.2990537341208794, 0.012476053320040424], [0.15252915122669783, 0.5697518027639817, 0.2634895460830395, 0.014229499826280976], [0.11169141103388683, 0.3595882516524486, 0.5167286794247485, 0.011991657788915967], [0.028255311453624043, 0.30307179347667507, 0.6537334845261686, 0.014939410443532251], [0.11237542401367505, 0.48318177986545263, 0.392376391741659, 0.012066404279213318], [0.02497567778866206, 0.3494219794522681, 0.6102876764158187, 0.015314666243251075], [0.01715878245947026, 0.25125220930256936, 0.7243057041028084, 0.007283304035151983], [0.0372750792174569, 0.57774924580471, 0.3454852065230546, 0.03949046835477848], [0.013831538014804558, 0.12665124115368884, 0.8563502348311806, 0.0031669859003260192], [0.02386959420570119, 0.32887878113281355, 0.6257793702984272, 0.021472254263058047], [0.027079915120726463, 0.486642083353275, 0.45825802421722045, 0.028019977208778107], [0.01883516256662641, 0.4246464033685065, 0.5132614921892752, 0.04325694177559195], [0.020506367515605486, 0.25279630442441753, 0.7177163456512707, 0.008980982308706269], [0.05365872249925241, 0.6377353356618618, 0.2682984889014802, 0.0403074528374055], [0.016958149235182397, 0.16668760860234863, 0.8114448230488396, 0.00490941901362935], [0.03257372229965629, 0.3181475400606535, 0.6199801563596633, 0.029298581180026838], [0.03961265533044909, 0.19748838611744582, 0.7309662835121515, 0.03193267493995349], [0.04591955162361165, 0.25154312055364525, 0.6546102580085483, 0.047927069714194734]], "ideal": "C", "sampled": "A", "correct": false}}
{"type": "result", "data": {"idx": 2, "options": ["There are no changes in the internal energy of the system.", "The temperature of the system remains constant during the process.", "The entropy of the system and its environment remains unchanged.", "The entropy of the system and its environment must increase."], "probs": [[0.01113003128007536, 0.028367873489760803, 0.5280185976693902, 0.4324834974607736], [0.0050061299380141705, 0.022377105807866397, 0.9695950910365218, 0.0030216731175976663], [0.050782687484026305, 0.5953828636391485, 0.026986600577120046, 0.32684784819970514], [0.019130175548276993, 0.31818606809231875, 0.6589051948513732, 0.003778561408030996], [0.030367990326468006, 0.9384516303571789, 0.02137646462449416, 0.009803914591858936], [0.021328647169628064, 0.9430791720326386, 0.03253515226330001, 0.0030570284344333017], [0.006062050129331902, 0.0367452517100358, 0.6478479766397037, 0.3093447214209286], [0.003713465447280836, 0.026722087496857134, 0.9675395894189277, 0.002024857536934301], [0.016694615563838864, 0.7101095105615484, 0.04228412960464069, 0.2309117441699721], [0.007072317660276339, 0.21618675448353442, 0.774026718868773, 0.002714208887416308], [0.009204578295682695, 0.9689869575133976, 0.018022380200968618, 0.0037860838899511293], [0.008601529404710847, 0.9715014561694482, 0.016845730831582726, 0.003051283494258243], [0.7608436190233393, 0.08485613669840447, 0.015654132085834768, 0.13864611209242148], [0.584772907630577, 0.07168861027184995, 0.3408258640744335, 0.0027126179231396178], [0.6466627162300006, 0.044154595521312345, 0.04129061866256365, 0.26789206948612343], [0.2559121113806732, 0.03819795120462434, 0.7014031629953585, 0.004486774319343933], [0.5495149782288699, 0.43303275669521385, 0.016086327876061072, 0.0013659370998552532], [0.6117941779296523, 0.3784117128676327, 0.007827260585375138, 0.0019668485173398396], [0.7477294665480573, 0.13343858047632357, 0.025957889585228176, 0.09287406329039102], [0.7526966274803808, 0.11485322475445328, 0.12858965892840932, 0.003860488736756566], [0.7229210110667096, 0.10530415137063381, 0.05186973119801991, 0.11990510626463673], [0.475129881960348, 0.06717183152482215, 0.44964147663508747, 0.008056809779742413], [0.29825161656630744, 0.6765689490615932, 0.021616642105167408, 0.0035627921669319595], [0.4613320951621007, 0.521858765816195, 0.011470265063835378, 0.005338873857868914]], "ideal": "C", "sampled": "D", "correct": false}}
{"type": "result", "data": {"idx": 3, "options": ["a dye laser", "a helium-neon laser", "an excimer laser", "a ruby laser"], "probs": [[0.055408570703506715, 0.812872108687861, 0.10467167158618036, 0.027047648922451945], [0.0431938049284248, 0.4441862681068348, 0.5040467099445015, 0.008573216920238911], [0.05993068184143016, 0.16086445657307336, 0.7574642853568142, 0.021740576128682278], [0.15542257077435043, 0.3112853815041685, 0.4276913583996147, 0.10560068922186636], [0.03455458070192743, 0.4667496791851212, 0.4899620217075793, 0.008733718305372016], [0.04078811163050229, 0.8298265761211571, 0.08199914806995816, 0.047386164078382406], [0.5489690766370472, 0.40894727904671835, 0.034324015587465916, 0.007759628628768466], [0.570900765564376, 0.37472127681403455, 0.04838488855085007, 0.005993068970739424], [0.3031098031524504, 0.1349045969221744, 0.554907337119974, 0.0070782627054012635], [0.6634063942464045, 0.22674629850175235, 0.061763132192977695, 0.04808417495886544], [0.5672463339195638, 0.29921154034680164, 0.12867962188172302, 0.004862503751911463], [0.6174865983460511, 0.3094550382388687, 0.04207823440785969, 0.030980128907220485], [0.022946240787572965, 0.3659208780881854, 0.5851015077440745, 0.026031373280167133], [0.024012880352694426, 0.6738893972522233, 0.21124684769178168, 0.09085087460330055], [0.01772994231517827, 0.3605744356483355, 0.6083975030297311, 0.013298118906755156], [0.019044862880843175, 0.681664520045893, 0.24003489089559535, 0.05925572607766856], [0.017917759253799796, 0.13398050818590135, 0.8219501422304247, 0.02615159022987408], [0.019263555399894754, 0.09891537152162935, 0.8433820839169125, 0.038438989061563414], [0.04972364882652008, 0.7093120997627983, 0.23423241687319907, 0.006731834437482561], [0.03972161425083711, 0.8865743210963545, 0.04174826542605301, 0.03195579912675537], [0.03128194960141788, 0.5962165882245118, 0.3677015184247841, 0.004799943649286106], [0.04284445254374341, 0.8397863159019041, 0.06351377708154561, 0.05385545437280683], [0.022922976580660753, 0.05962701307833939, 0.9068438663221378, 0.010606143918862092], [0.03971118454689848, 0.0726927880433544, 0.861259178133575, 0.026336849176172097]], "ideal": "A", "sampled": "B", "correct": false}}
{"type": "result", "data": {"idx": 4, "options": ["The Heisenberg uncertainty principle", "The Pauli exclusion principle", "The Bohr model of the atom", "Nuclear hyperfine coupling"], "probs": [[0.007946310319861892, 0.9641546309733501, 0.008887723745546122, 0.01901133486124186], [0.005729877062542167, 0.9483987147069957, 0.04271268973058231, 0.003158718399879833], [0.008546350522903123, 0.02641709622737369, 0.9512045822933328, 0.01383197085639033], [0.012999823242070921, 0.025592291609469655, 0.3154117220891267, 0.6459961629593327], [0.009584161201271415, 0.17061589378038622, 0.8175986392927423, 0.0022013056255999865], [0.02402239850841434, 0.4905571720223614, 0.010941939341841343, 0.4744784900273829], [0.9778629039996892, 0.016096646121969836, 0.0033944424104664192, 0.002646007367874463], [0.9479600738879509, 0.017422997139793173, 0.03293455168265684, 0.0016823771895990878], [0.9647147694136803, 0.031087048534369784, 0.002016552390954044, 0.0021816295609958848], [0.9517564086814153, 0.028812709921205017, 0.01784390752894288, 0.0015869737684368068], [0.8901297910823727, 0.10744677295154441, 0.0018462497765336138, 0.0005771860895492839], [0.8955111653599299, 0.10151493788765753, 0.0021550929031712144, 0.0008188037492413367], [0.006719355527632592, 0.03645365595814408, 0.9384715689919967, 0.018355419422226606], [0.00551367727027687, 0.025249072809058658, 0.18860840444227703, 0.7806288453783874], [0.004325580216381735, 0.988515413534803, 0.002571789022003422, 0.004587217126811876], [0.0026344433752380396, 0.9823791506084045, 0.013290576801015436, 0.0016958291153420005], [0.010749267603346976, 0.6884959461237269, 0.008597548270998767, 0.2921572379019273], [0.00463720322148359, 0.14369087051927917, 0.8504846173405791, 0.0011873088186580578], [0.08142628942688233, 0.06666762727271937, 0.8493766032732506, 0.00252947992714765], [0.5110064868175422, 0.08932212955577716, 0.011673717109731575, 0.38799766641694905], [0.01141280843661425, 0.9811111486611969, 0.004997878232514519, 0.0024781645696743287], [0.011403860103639817, 0.9795261856201476, 0.005658922042571899, 0.003411032133640697], [0.6571636027925245, 0.09008483352880169, 0.011783819337177818, 0.24096774424149603], [0.043438151535105975, 0.04567283025347177, 0.9083278786996015, 0.002561139411820759]], "ideal": "B", "sampled": "B", "correct": true}}
{"type": "result", "data": {"idx": 5, "options": ["1/2", "1", "3/2", "5/2"], "probs": [[0.5138949511852067, 0.090051761548209, 0.39353787645354493, 0.002515410713039346], [0.4945400853774392, 0.09743880284447533, 0.4030929722732113, 0.004928139404874153], [0.6014347708269464, 0.2887300568127476, 0.10686849121299598, 0.0029666810473100115], [0.5679281819842558, 0.3758888158484951, 0.0507396485204161, 0.005443353546833026], [0.5241388682908005, 0.3360227349213721, 0.13444930326194773, 0.0053890934258796685], [0.42742470494343276, 0.31310872470946677, 0.2548948979740375, 0.0045716722730629], [0.011685463677593409, 0.5506892836963455, 0.4348021476581963, 0.0028231048678647556], [0.013049747890789786, 0.48273027298041565, 0.5009664333927824, 0.003253545636012236], [0.007816614210173763, 0.2653657071336031, 0.7255883466698102, 0.0012293318864129567], [0.006496705519577201, 0.6535484601907177, 0.3355531007480137, 0.004401733441691387], [0.007184362025902711, 0.7634497169793989, 0.2268599712712729, 0.002505949623425503], [0.00614608309674611, 0.8066431253094365, 0.1837312870149937, 0.003479504478823741], [0.287984407194625, 0.5779579406375664, 0.13175007984884343, 0.0023075722189650687], [0.4158699916599049, 0.5477734943897969, 0.03154578885447419, 0.0048107249958239395], [0.02557421103757277, 0.058175873025850734, 0.9152164461509655, 0.001033469685610927], [0.6368552958738469, 0.14442263353855894, 0.2080137553303243, 0.010708315157269865], [0.4733317940085152, 0.17985702479774984, 0.3404628228281691, 0.006348358265565865], [0.5849870192145785, 0.22927855460771163, 0.16474466808518018, 0.020989757992529657], [0.6054262381766282, 0.2263539009015433, 0.16272736829221976, 0.005492492529608672], [0.6407426720362127, 0.1822954004710816, 0.1708217296459847, 0.00614019774672096], [0.08082823281387964, 0.08094858203967178, 0.8351791321311176, 0.003044052915330911], [0.43545675841126386, 0.107630291483614, 0.45214635718753576, 0.004766592817586372], [0.33568625138235825, 0.35247008413410724, 0.3053396505405299, 0.006504013843004566], [0.4260818612214806, 0.4072011365274559, 0.1505608690689348, 0.016156133082128737]], "ideal": "C", "sampled": "A", "correct": false}}
{"type": "result", "data": {"idx": 6, "options": ["V_0/5", "V_0/3", "V_0/2", "2V_0/3"], "probs": [[0.016176445724413197, 0.225790758353995, 0.7432699944161455, 0.014762801405446311], [0.023811631434524805, 0.5034325234855758, 0.42489526621239593, 0.04786057876750352], [0.022145057555062957, 0.41972890814148467, 0.5194530753618246, 0.03867295884162776], [0.02280779893754632, 0.551004997570772, 0.353490108909274, 0.07269709448240762], [0.018847530319663318, 0.1924720217892425, 0.7644167385071079, 0.02426370928398622], [0.023418868206896978, 0.2194071558679564, 0.7456422529578307, 0.011531722867315913], [0.019816641371530826, 0.12858342028171413, 0.8425043483378182, 0.009095589908936838], [0.0862112858342499, 0.49853500347415936, 0.27373158725048935, 0.1415221233411014], [0.04134282330723406, 0.8747468296579913, 0.06448348394750684, 0.019426862987267774], [0.030391398601980188, 0.812194282022616, 0.15302342068021518, 0.00439089859518855], [0.06534803059076522, 0.6844163689320015, 0.12290298467173709, 0.1273326157054962], [0.04341250124806066, 0.3973354593081847, 0.5540957125188125, 0.00515632682494214], [0.03210398416944741, 0.19430478572949444, 0.7537545238121954, 0.019836706188862737], [0.061352654371196254, 0.3105798615118246, 0.48598711953686885, 0.14208036448011027], [0.05004779379439017, 0.5708140879138408, 0.3609605227300309, 0.018177595461738173], [0.03586967529663476, 0.46320350249644887, 0.4949626442006131, 0.00596417790630327], [0.08848039277620087, 0.4481255442573205, 0.29213283701998266, 0.17126122584649595], [0.02021038674086876, 0.11574941619062817, 0.8592293073570842, 0.004810889611418852], [0.03495418587435326, 0.09764211442011732, 0.8336840711876773, 0.033719628417852164], [0.04515584675550008, 0.13218924746579044, 0.7940882054615814, 0.02856670021712806], [0.03634417591674069, 0.819847918362049, 0.10501554331692878, 0.03879236230428153], [0.024858408947049958, 0.6597062686579389, 0.3096530893795855, 0.005782232915425624], [0.07574814670145227, 0.7014007672174833, 0.06321917567841588, 0.15963191030264853], [0.03456454591745723, 0.2604048152411746, 0.6993299454938455, 0.005700693247522664]], "ideal": "D", "sampled": "B", "correct": false}}
{"type": "result", "data": {"idx": 7, "options": ["0.25mc^2", "0.60mc^2", "0.67mc^2", "1.25mc^2"], "probs": [[0.008241971923175396, 0.3311853992191121, 0.6445134257457612, 0.016059203011951264], [0.016714732563034036, 0.4270792169807938, 0.528124673279984, 0.028081377076188067], [0.00821207947675897, 0.14747415811153583, 0.8313525504089849, 0.012961211902720282], [0.01754322935435598, 0.2674495135928995, 0.6955214543711852, 0.01948580258155939], [0.010409629388872457, 0.08419084132541482, 0.8945382987087778, 0.010861230476934993], [0.010735051483880717, 0.10076548824415547, 0.8598766894628447, 0.028622770709119155], [0.39750985806521344, 0.24396201056924122, 0.33184217167150404, 0.026685959594041325], [0.3184967685603286, 0.2359421217399907, 0.38695180365303516, 0.05860930594664549], [0.3596260004820316, 0.3236596036179, 0.3002475544546936, 0.016466841345374798], [0.17557407930188063, 0.22115437704828392, 0.5940131550004999, 0.009258388549335559], [0.2447674393576957, 0.3106909058314357, 0.4294551558522233, 0.015086498858645199], [0.1426212134323772, 0.20680049721652044, 0.6442427972595995, 0.006335491991502769], [0.1515833606846985, 0.11771161600537948, 0.7176246034159388, 0.01308041979398327], [0.2500779218779708, 0.1990353613174126, 0.41860425606685986, 0.13228246063775675], [0.28867554634840054, 0.5298519129057002, 0.1709250805999357, 0.01054746004596354], [0.2197987785805556, 0.4431474010286314, 0.3272887023678049, 0.00976511792300811], [0.279037867146213, 0.30327004643134525, 0.38726163483653614, 0.03043045148590559], [0.08959097341677626, 0.13103120321861722, 0.7741855271595445, 0.005192296105062089], [0.018719791283237672, 0.07099254018705314, 0.8955406624640534, 0.014747005965655839], [0.019072025053261596, 0.07823840879530193, 0.8775097285585969, 0.025179837492839537], [0.08003840982299601, 0.6592082699835748, 0.24843814679617787, 0.012315173297251276], [0.043105129670108024, 0.5629098482964431, 0.3841808782453652, 0.009804143688083772], [0.1002295492009823, 0.5586589314109347, 0.31114278771863496, 0.02996873156944807], [0.026374815099013, 0.21360506208524707, 0.7532223950065517, 0.006797727709188154]], "ideal": "A", "sampled": "B", "correct": false}}
{"type": "result", "data": {"idx": 8, "options": ["Planck\u2019s constant", "Boltzmann\u2019s constant", "The Rydberg constant", "The speed of light"], "probs": [[0.3165025636314657, 0.02290385721178569, 0.0023679986502544697, 0.6582255804064941], [0.2287278848657546, 0.024953390383161814, 0.7447859300408675, 0.001532794610216116], [0.6818989672472262, 0.014798897297388936, 0.008726671707744368, 0.2945754636476405], [0.04294188371391252, 0.013147356656866086, 0.9413443473872539, 0.002566412141967497], [0.5193880421636453, 0.47533353713343757, 0.004640131388298798, 0.0006382892146183515], [0.5278700784062346, 0.468915814203294, 0.0022476711926534935, 0.0009664360978179434], [0.0032470965053030608, 0.9702282655085401, 0.004626866662551085, 0.021897771223605703], [0.002543680361308151, 0.9555932847343548, 0.04041065262092618, 0.0014523821834108923], [0.001541785376880684, 0.006455282923263871, 0.9867382900647196, 0.005264641535135895], [0.0015077254333848782, 0.004371814380972911, 0.8857084413870331, 0.10841201869860909], [0.002131964328314628, 0.05223942015385651, 0.9450966944252793, 0.0005319209925495338], [0.004282753223158442, 0.10132081629121671, 0.0013096489280143059, 0.8930867814576106], [0.001848589154490647, 0.9817104911191474, 0.005789295175981698, 0.010651624450380235], [0.0013064417124006513, 0.9683610674209414, 0.02880311348295329, 0.001529377283704645], [0.0006118849759401192, 0.01644613941674668, 0.9767069074025531, 0.006235068104760186], [0.000464745684613834, 0.010110836260875437, 0.8943079747363144, 0.09511644321819634], [0.0013404712169344582, 0.31430167167009354, 0.6836221859232812, 0.0007356710896907783], [0.0017148055003781881, 0.9685472841259173, 0.010841156614850299, 0.018896753658854272], [0.004939511778970527, 0.9855660323622722, 0.0074798349164090115, 0.002014620842348242], [0.005550322310136831, 0.9874743323933569, 0.0040681518436409755, 0.002907193352865241], [0.00436872977142255, 0.05815436036287638, 0.9367507845630461, 0.0007261252026549732], [0.007449773255225409, 0.026763395077779483, 0.0009502199380390838, 0.9648366116289561], [0.003355435274335115, 0.011564231419693741, 0.9836439840915114, 0.001436349114459699], [0.028032735265488083, 0.023738983966454612, 0.021352976326505933, 0.9268753043415514]], "ideal": "A", "sampled": "A", "correct": true}}
{"type": "result", "data": {"idx": 9, "options": ["mc/2", "mc/(2^(1/2))", "mc", "(3^(1/2))mc"], "probs": [[0.02343494513055843, 0.8436963206854824, 0.1306109317276323, 0.0022578023563268536], [0.020973509527064074, 0.9333219683725208, 0.03273100460473785, 0.012973517395677318], [0.04772978691406592, 0.19698165534010192, 0.7517640658179108, 0.003524491827921342], [0.3512805018843976, 0.4527453372068778, 0.1859892114478257, 0.009984949360898873], [0.17488906144050953, 0.28484565600382106, 0.5131383046823972, 0.02712697777327222], [0.2648614674339987, 0.2940058442731402, 0.4287188398638673, 0.012413848328993891], [0.044208523169823745, 0.722941462865998, 0.22779326287106957, 0.005056750993108649], [0.07422675964323525, 0.8292656570933954, 0.05959133080389979, 0.03691625235946957], [0.07115058586938222, 0.32756861980044316, 0.5948458302267242, 0.006434964003450352], [0.2967125723392837, 0.5610573793209382, 0.11230900694278888, 0.0299210412969892], [0.2567051763593079, 0.18520762852400507, 0.5253589983664657, 0.03272819665022127], [0.24531430112725186, 0.18248703773552388, 0.5556095604160904, 0.01658910062113386], [0.005358320827842676, 0.3379620125242335, 0.6531285279481125, 0.0035511385998112785], [0.006830103190882135, 0.8380663347259306, 0.14803670262534588, 0.0070668593578413555], [0.005632245288120202, 0.8808902981108963, 0.11033349339166879, 0.003143963109314685], [0.005549032064294417, 0.9535686870081889, 0.03368122678485905, 0.007201054042657668], [0.013844328840824939, 0.5022016730445109, 0.4650895564765059, 0.018864441538158205], [0.01258703069830054, 0.3664566360000626, 0.6057133213356899, 0.015243011865947002], [0.018381925571837522, 0.2980302020315849, 0.6626436212390169, 0.02094425105756069], [0.01608556398994903, 0.5883757750913391, 0.38000019205660335, 0.015538468762108569], [0.02206566583040057, 0.4928222238150892, 0.46757626112443024, 0.01753584913007996], [0.02388687278073369, 0.5250206847835324, 0.43967771680562523, 0.01141472553010871], [0.023753554560057996, 0.25652586407807604, 0.6878348915251706, 0.03188568973669534], [0.012634844988619111, 0.10524320993426069, 0.8710105146718179, 0.011111430305302265]], "ideal": "D", "sampled": "B", "correct": false}}
{"type": "result", "data": {"idx": 10, "options": ["square", "hexagon", "cube", "tetrahedron"], "probs": [[0.008726770830969958, 0.9684560281437868, 0.01655755544035669, 0.006259645484886486], [0.007431049972586809, 0.9335901329800652, 0.05616989859195989, 0.0028089183553880654], [0.023361631379686488, 0.15991712271000272, 0.8045630630646639, 0.012158182745646957], [0.014422975006726811, 0.13498075116054556, 0.8448875763967121, 0.005708697336015485], [0.009223859220097884, 0.8818608899329899, 0.10548307452434233, 0.0034321762225698483], [0.010503535947362818, 0.951101766998787, 0.0338981780268593, 0.004496518926990838], [0.9401536253967671, 0.03913470840957626, 0.014325611698807176, 0.006386054394849541], [0.9189460858777552, 0.035666529031668066, 0.04380791254724218, 0.0015794724433345372], [0.9029448061924754, 0.08549014326169736, 0.00552187106645339, 0.006043179379373772], [0.8500870340482072, 0.09480348169503594, 0.0545715047276791, 0.000537979429077807], [0.8255560118564881, 0.17117425219766205, 0.002352195712253768, 0.000917540133596072], [0.7884175966639534, 0.20486173525340906, 0.006293670891013887, 0.0004269970916236763], [0.009270596937521441, 0.0909098058170505, 0.8886825739517862, 0.01113702319364188], [0.005295779733061269, 0.06517917880737398, 0.9263009142571801, 0.0032241271023847047], [0.007041557566685904, 0.9590782948532441, 0.015260906618464874, 0.018619240861605105], [0.007670268569664047, 0.8247315547731994, 0.16652294315170155, 0.0010752334054349832], [0.006366194536718891, 0.984789109127356, 0.004418624457569157, 0.0044260717783559935], [0.004368855222501444, 0.9725915194445182, 0.02218953792236362, 0.0008500873106167244], [0.9088517139116443, 0.027035565278734967, 0.06250295924911502, 0.001609761460505706], [0.9606689115414614, 0.025820418404204494, 0.011756599355472174, 0.0017540705988619372], [0.9389353917799815, 0.058284591457113684, 0.0017940994471153382, 0.0009859172157893987], [0.9265042054836885, 0.06937835446010915, 0.0037452148242361114, 0.0003722251319662769], [0.9491237734087337, 0.0473414348312738, 0.0018000616191466215, 0.0017347300408459417], [0.9412547233982818, 0.0515543993781433, 0.006778918552459473, 0.00041195857111550203]], "ideal": "D", "sampled": "D", "correct": true}}
{"type": "result", "data": {"idx": 11, "options": ["0.024 m", "0.048 m", "0.121 m", "0.242 m"], "probs": [[0.015990048853814384, 0.25260594814024856, 0.7180237266935734, 0.013380276212363663], [0.017611840081992874, 0.25940587147689576, 0.7090255949300203, 0.01395669341109104], [0.01660683818992016, 0.2623701798879692, 0.7116187505748267, 0.009404231247283894], [0.011124275985146276, 0.22215786926212083, 0.7618115749383014, 0.0049062797144314345], [0.027268586491047186, 0.44119092549311795, 0.5184336026766816, 0.013106885239153248], [0.017318497035039758, 0.401386707503887, 0.5734133287257986, 0.007881466635274642], [0.036735618601123794, 0.38069130158412007, 0.5699566331422078, 0.012616446572548285], [0.03884946912567196, 0.399487970731364, 0.5445307472379957, 0.017131812804968314], [0.02344722390064835, 0.43317346434444226, 0.5335128510526767, 0.009866460602232703], [0.016706439503631477, 0.32089455411753115, 0.6568808857771306, 0.005518120501706806], [0.02341540906980318, 0.4901981362400219, 0.47755464995636815, 0.00883180463380674], [0.015551408594782035, 0.3131022609000577, 0.666289362660552, 0.005056967744608211], [0.04689867575655738, 0.24061733851516337, 0.6999386222361713, 0.012545363392107918], [0.03594404337405613, 0.16021475973643362, 0.7991902325615551, 0.004650964227955213], [0.03519087176297106, 0.24103529008101157, 0.7178836839578638, 0.005890154098153547], [0.03616689218974656, 0.24393771616328022, 0.7150672363765809, 0.004828155170392376], [0.04881509670023013, 0.753816828214476, 0.18557116024483003, 0.011796914740463817], [0.03883308710730852, 0.5417823427019774, 0.41083906856783076, 0.00854550152288331], [0.2631448379607997, 0.11074815898128249, 0.6065738502824953, 0.019533152675422563], [0.1691337456998047, 0.09073551429227793, 0.7343343248331938, 0.005796415074723571], [0.09873776513655247, 0.20786949371710273, 0.6852747979852786, 0.00811794306106623], [0.06711658954726016, 0.14244681758808264, 0.7862368685117844, 0.0041997242528727585], [0.10687145201539447, 0.4012725207091173, 0.4825008037785632, 0.00935522339692505], [0.08017929411105132, 0.3033470125530576, 0.6062635007693753, 0.01021019246651579]], "ideal": "D", "sampled": "D", "correct": true}}
{"type": "result", "data": {"idx": 12, "options": ["Specific heat", "Thermal conductivity", "Electrical resistivity", "Hall coefficient"], "probs": [[0.001431183463024199, 0.015173652624705335, 0.06269125066945373, 0.9207039131428167], [0.0015996442704141471, 0.025057287293637327, 0.9618419658235147, 0.011501102512433824], [0.0016647037353440986, 0.028270062457847387, 0.0019029218506209865, 0.9681623118561875], [0.0018225611348508292, 0.05865538097149551, 0.937415298104759, 0.002106759688894641], [0.002572396541378506, 0.9749467078736425, 0.007513522396825216, 0.014967373088153848], [0.0022747206663163233, 0.9598232975410835, 0.034502166793345924, 0.0033998148992542042], [0.0011281329736575324, 0.017814322279496562, 0.02771655227682539, 0.9533409923700205], [0.0015663663264022581, 0.03486789352447503, 0.948994906398656, 0.014570833650466696], [0.0028569742981261435, 0.11830741862688465, 0.003998028777272108, 0.8748375781977171], [0.0018817001259919177, 0.12224975976414718, 0.8738436105045146, 0.0020249295053462717], [0.002468597283884297, 0.9813531001630864, 0.0058391721505322725, 0.010339130302496993], [0.0019206092896692296, 0.9694660408839246, 0.026101574578662842, 0.0025117751477432572], [0.0018770797604010115, 0.010268865680621398, 0.0014872252356176706, 0.9863668292233599], [0.0028397079651715004, 0.02786832554454525, 0.9655116875181984, 0.0037802788720849062], [0.0025014365721334492, 0.01100699258724489, 0.0018192976006801257, 0.9846722731399415], [0.002350127592077198, 0.024725610756273268, 0.9710281635003045, 0.0018960980513449543], [0.0049671152422725165, 0.9847878592641564, 0.006147879969133769, 0.00409714542443732], [0.004217185599294943, 0.9839073544583096, 0.008142965017903061, 0.003732494824492401], [0.8323145125054568, 0.030379175052200794, 0.005151382313212276, 0.13215493002913012], [0.6795294875866205, 0.04930715319227847, 0.2639962366365844, 0.007167122484516714], [0.8586910133722427, 0.03360698747376909, 0.006459467834273875, 0.10124253121971424], [0.5729774140053275, 0.06534516701174026, 0.3556804597001158, 0.005996959182816387], [0.9107134084712083, 0.08484103290778493, 0.002601302155322672, 0.0018442563656840653], [0.9027534564737606, 0.09157617229326986, 0.003898411687916324, 0.0017719594450532436]], "ideal": "D", "sampled": "D", "correct": true}}
{"type": "result", "data": {"idx": 13, "options": ["two hydrogen atoms and one helium atom", "four hydrogen atoms and one helium atom", "six hydrogen atoms and two helium atoms", "three helium atoms and one carbon atom"], "probs": [[0.7716964221961279, 0.1690031679863935, 0.058043138952650015, 0.0012572707648286004], [0.833284579136285, 0.15395752395829912, 0.008167601755892975, 0.004590295049522965], [0.29093160382460964, 0.09197406204317551, 0.6157102406461454, 0.0013840933860693957], [0.6427861921791651, 0.12484769277720995, 0.010816250715122882, 0.221549864228502], [0.5763097603447552, 0.04033570875235853, 0.3717376419476957, 0.011616888855190513], [0.11397458955506459, 0.029249519890091575, 0.11318417989085942, 0.7435917105639844], [0.23653421032523625, 0.7010606748880823, 0.06026750481055507, 0.0021376098761263403], [0.28866697510861283, 0.6894042767308277, 0.015319226921612274, 0.006609521138947193], [0.060512789931927914, 0.14697990731738234, 0.7910329387466626, 0.0014743639040270973], [0.14715097976499497, 0.1557080452965428, 0.011106418351896146, 0.6860345564865661], [0.06534191980617006, 0.04139662543222926, 0.88865447242392, 0.004606982237680615], [0.07526733092609376, 0.03808770385134372, 0.08944033963740045, 0.797204625485162], [0.20636243486084133, 0.6159498947650387, 0.17509818805087626, 0.002589482223243719], [0.23507277971671722, 0.7009431810471615, 0.017061626759386432, 0.04692241237673491], [0.12979640358465352, 0.31315220106422564, 0.5550088411191206, 0.0020425541320001892], [0.1558951285402017, 0.2969292694463012, 0.015106039092099222, 0.5320695628213978], [0.194240802022376, 0.05726670961489835, 0.7222839395449874, 0.02620854871773825], [0.10576476112703113, 0.0506762749892256, 0.3417271716754265, 0.5018317921083167], [0.018033988049814598, 0.8844028952305331, 0.0847064297166916, 0.01285668690296075], [0.01989610515219805, 0.8482484315409337, 0.08778769620137869, 0.04406776700548964], [0.02058429266942776, 0.4128641180041626, 0.5564678300426472, 0.010083759183762359], [0.028768824262652287, 0.4875754706118974, 0.3166909704303533, 0.16696473459509695], [0.019697773539242448, 0.4844028786844425, 0.48106281331748235, 0.014836534358832709], [0.026850372150084942, 0.503586105898535, 0.3220584046211883, 0.14750511723019172]], "ideal": "B", "sampled": "A", "correct": false}}
{"type": "result", "data": {"idx": 14, "options": ["Lines in the infrared, visible, and ultraviolet regions of the spectrum reveal primarily the nuclear structure of the sample.", "The wavelengths identified in an absorption spectrum of an element are among those in its emission spectrum.", "Absorption spectra can be used to determine which elements are present in distant stars.", "Spectral analysis can be used to identify the composition of galactic dust."], "probs": [[0.19355189509912132, 0.6733549136240226, 0.09744941297019444, 0.03564377820666165], [0.09472235361822703, 0.5390000978988838, 0.2945263407422101, 0.07175120764067902], [0.3461622440694304, 0.45705381968276654, 0.1325549125886813, 0.06422902355912172], [0.0629153852319043, 0.12852595840991224, 0.01415843526995483, 0.7944002209882286], [0.11283007924002067, 0.27826738147435914, 0.5609561162554835, 0.047946422930136706], [0.09846374391524823, 0.29069101807548414, 0.028012365099966706, 0.582832872809301], [0.006980325994319799, 0.9026082110158681, 0.052015967681252676, 0.03839549520855949], [0.0063257586331287065, 0.4921045747411478, 0.45438171553075085, 0.04718795099497258], [0.004446561154029185, 0.054709529750580986, 0.9032506098858216, 0.037593299109568226], [0.002925193320991601, 0.014309939735257194, 0.002727603913367859, 0.9800372629303833], [0.00508889553984441, 0.08493187246020233, 0.8842856254129745, 0.0256936064869787], [0.002504538608990204, 0.0134553458172045, 0.003093596202158806, 0.9809465192716464], [0.01153096128176142, 0.5159181702107739, 0.3823259585332109, 0.09022490987425377], [0.009988960706674379, 0.1580209566697498, 0.023416606467126858, 0.8085734760564489], [0.0051950821889728245, 0.07771806454308834, 0.888509992833386, 0.028576860334552718], [0.004857886037291384, 0.03541595803240125, 0.009815351876595454, 0.9499108039537119], [0.007084638368371434, 0.035498853885041856, 0.6692150256320798, 0.28820148201450685], [0.004705861717649175, 0.022672800545540762, 0.09455484979610734, 0.8780664878407027], [0.013954176457754862, 0.14028399136123976, 0.7516030108472858, 0.09415882123371966], [0.01483905337362692, 0.19012265188763677, 0.13132506803339364, 0.6637132266053427], [0.007295716553196896, 0.11621882020264966, 0.851163566027402, 0.025321897116751486], [0.004331135220842866, 0.023276422333041096, 0.005267079490178775, 0.9671253628559373], [0.007634683916677922, 0.03915494142810575, 0.7558176917959499, 0.19739268275926639], [0.005066755496208579, 0.024598014912983083, 0.02494608743046263, 0.9453891420603457]], "ideal": "A", "sampled": "A", "correct": true}}
{"type": "result", "data": {"idx": 15, "options": ["Bosons have symmetric wave functions and obey the Pauli exclusion principle.", "Bosons have antisymmetric wave functions and do not obey the Pauli exclusion principle.", "Fermions have symmetric wave functions and obey the Pauli exclusion principle.", "Fermions have antisymmetric wave functions and obey the Pauli exclusion principle."], "probs": [[0.46295193571298404, 0.4080973069510617, 0.1065348335064478, 0.02241592372950639], [0.3872510449135738, 0.36088293383890324, 0.22581888480663884, 0.026047136340884094], [0.32249187001488167, 0.10142556323040165, 0.5194081319062522, 0.05667443474846448], [0.1970628700187438, 0.10950114117402057, 0.6363364623385434, 0.05709952636869226], [0.5021993498665088, 0.3114509868628851, 0.15070927085446253, 0.03564039231614356], [0.5257928966950098, 0.32610478993969483, 0.11278182267014882, 0.03532049059514654], [0.5885692764441048, 0.18252898892684283, 0.10217035729194418, 0.12673137723710812], [0.5240981675923697, 0.12950048090527264, 0.3150825260838669, 0.031318825318490784], [0.5784786472296098, 0.14283733387734646, 0.17626594399237655, 0.10241807480066711], [0.5450617640010117, 0.1305766098224742, 0.2937663478831379, 0.0305952781933762], [0.6958112339988376, 0.19740751606195803, 0.08905203885643956, 0.017729210982764785], [0.6558671446412478, 0.18054580283119787, 0.1120886703001675, 0.051498382127386735], [0.41186908727222665, 0.06308905163890216, 0.5044891937119822, 0.02055266727688895], [0.48564312902287854, 0.04804824317911128, 0.4560494204419018, 0.010259207256108403], [0.5926673152307039, 0.2668101670511753, 0.12708991208405043, 0.01343260553407038], [0.677428152118675, 0.2570145001841034, 0.06008044330332912, 0.005476904293892478], [0.7145155597198836, 0.2228927180027513, 0.050929557548804696, 0.01166216462856046], [0.6590845731527182, 0.16656424475801845, 0.1359018713674066, 0.038449310621856705], [0.8208237808936946, 0.06948848243574823, 0.09787347854732052, 0.011814258023236643], [0.877750526406542, 0.056492679383953456, 0.05560713322609778, 0.010149660883406676], [0.8171825978913815, 0.1354241614623657, 0.033957424148135504, 0.01343581639811729], [0.853637738775311, 0.12370321903117945, 0.019137213454580495, 0.003521828638929047], [0.9055756144040273, 0.03648056759825949, 0.036464153969542404, 0.021479663928170717], [0.768354972716898, 0.033761459716869, 0.18368252239384608, 0.01420104507238693]], "ideal": "D", "sampled": "D", "correct": true}}
{"type": "result", "data": {"idx": 16, "options": ["The Heisenberg uncertainty principle", "The Pauli exclusion principle", "The Bohr model of the atom", "Nuclear hyperfine coupling"], "probs": [[0.007946310319861892, 0.9641546309733501, 0.008887723745546122, 0.01901133486124186], [0.005729877062542167, 0.9483987147069957, 0.04271268973058231, 0.003158718399879833], [0.008546350522903123, 0.02641709622737369, 0.9512045822933328, 0.01383197085639033], [0.012999823242070921, 0.025592291609469655, 0.3154117220891267, 0.6459961629593327], [0.009584161201271415, 0.17061589378038622, 0.8175986392927423, 0.0022013056255999865], [0.02402239850841434, 0.4905571720223614, 0.010941939341841343, 0.4744784900273829], [0.9778629039996892, 0.016096646121969836, 0.0033944424104664192, 0.002646007367874463], [0.9479600738879509, 0.017422997139793173, 0.03293455168265684, 0.0016823771895990878], [0.9647147694136803, 0.031087048534369784, 0.002016552390954044, 0.0021816295609958848], [0.9517564086814153, 0.028812709921205017, 0.01784390752894288, 0.0015869737684368068], [0.8901297910823727, 0.10744677295154441, 0.0018462497765336138, 0.0005771860895492839], [0.8955111653599299, 0.10151493788765753, 0.0021550929031712144, 0.0008188037492413367], [0.006719355527632592, 0.03645365595814408, 0.9384715689919967, 0.018355419422226606], [0.00551367727027687, 0.025249072809058658, 0.18860840444227703, 0.7806288453783874], [0.004325580216381735, 0.988515413534803, 0.002571789022003422, 0.004587217126811876], [0.0026344433752380396, 0.9823791506084045, 0.013290576801015436, 0.0016958291153420005], [0.010749267603346976, 0.6884959461237269, 0.008597548270998767, 0.2921572379019273], [0.00463720322148359, 0.14369087051927917, 0.8504846173405791, 0.0011873088186580578], [0.08142628942688233, 0.06666762727271937, 0.8493766032732506, 0.00252947992714765], [0.5110064868175422, 0.08932212955577716, 0.011673717109731575, 0.38799766641694905], [0.01141280843661425, 0.9811111486611969, 0.004997878232514519, 0.0024781645696743287], [0.011403860103639817, 0.9795261856201476, 0.005658922042571899, 0.003411032133640697], [0.6571636027925245, 0.09008483352880169, 0.011783819337177818, 0.24096774424149603], [0.043438151535105975, 0.04567283025347177, 0.9083278786996015, 0.002561139411820759]], "ideal": "B", "sampled": "B", "correct": true}}
