{"type": "result", "data": {"idx": 0, "options": ["a currency.", "a well-connected transportation infrastructure.", "government activity.", "a banking service."], "probs": [[0.18561776257115756, 0.3614533299062797, 0.14348808143325373, 0.309440825989309], [0.06440115335528847, 0.1268004997364738, 0.7441988143058197, 0.06459953250241801], [0.05733625909358354, 0.019142729981352823, 0.8378530661868915, 0.08566794463817219], [0.054103458894368496, 0.012419016816824538, 0.09724833663736722, 0.8362291875514397], [0.026537183817824064, 0.07527359616342852, 0.873583679225018, 0.024605540693729413], [0.08242149904013996, 0.15386012768040525, 0.04922245894044396, 0.7144959142390108], [0.040667533870444965, 0.7445023655146916, 0.061079040163607975, 0.15375106035125544], [0.030693965405801365, 0.5531551569481727, 0.25116892430209264, 0.16498195324393328], [0.022112074125161144, 0.021520984205935203, 0.9129999415948713, 0.0433669999740324], [0.05252123232247493, 0.025780951543483574, 0.211179508904893, 0.7105183071291485], [0.011165245956261095, 0.024867799868233183, 0.9029860602857925, 0.060980893789713206], [0.05800000123844686, 0.0793753129653175, 0.058943255844002146, 0.8036814298522335], [0.009765277837645067, 0.04001398466025733, 0.9225677176757325, 0.027653019726365097], [0.007518187444582804, 0.020694537857137114, 0.02244385601519081, 0.9493434185830892], [0.007354873331007132, 0.01769733899393317, 0.9571449874806874, 0.01780280009437225], [0.022388421413828144, 0.0421827890343279, 0.0452413902617712, 0.8901873991900727], [0.004547435097807837, 0.004816730294030224, 0.6344358658208552, 0.3561999686873067], [0.006914840233711237, 0.006726465337642393, 0.4851994920453894, 0.5011592022832569], [0.013253698870326775, 0.12919464525599791, 0.84036980877092, 0.0171818470027553], [0.02488340437163428, 0.26098459956420306, 0.06607322394187137, 0.6480587720222913], [0.012392897619293283, 0.03980202375706959, 0.9337358225594962, 0.014069255964140933], [0.06671742448612587, 0.1993352949320909, 0.09412502636750585, 0.6398222541142774], [0.014822178090848922, 0.008471494295144507, 0.6875669757012248, 0.2891393518127818], [0.025219148616733113, 0.011863109989201901, 0.7154556748350822, 0.24746206645898275]], "ideal": "B", "sampled": "A", "correct": false}}
{"type": "result", "data": {"idx": 1, "options": ["zero population growth.", "rapid growth rate.", "homeostatic plateau.", "demographic momentum."], "probs": [[0.00010141920981076408, 0.0013523153279973376, 0.0035997335695530327, 0.9949465317926388], [0.00014267926588078868, 0.003105926017727301, 0.9964193010058167, 0.0003320936105752127], [0.00018665354600714185, 0.003456617476069892, 0.0005320332716759637, 0.995824695606247], [0.00034914358615875185, 0.0066046491920961296, 0.9927047485761759, 0.0003414585455692111], [0.00027324180997888645, 0.996502708301925, 0.002361289018360334, 0.0008627607697358001], [0.000256725014561683, 0.9964912313739386, 0.00276024137794825, 0.0004918021335514773], [0.00013198847154783676, 0.003162629680763787, 0.003245365125048365, 0.9934600166226399], [0.0002085390468011538, 0.0062035439363065424, 0.993349385484772, 0.00023853143212031788], [0.00015319256129392477, 0.00453103179033607, 0.0016084495632939586, 0.993707325985076], [0.00023413593963266427, 0.007528598538158457, 0.9917782682929973, 0.00045899712921153535], [0.00029538584933235353, 0.9964447127298339, 0.0027601850258094475, 0.0004997162950243102], [0.0002714552590010729, 0.997337676774789, 0.001539698467269691, 0.0008511693989402247], [0.00016754334456139467, 0.0021654632815261885, 0.0006226710958328173, 0.9970443221780796], [0.00029225109333368853, 0.004995312096352608, 0.9943539805786057, 0.00035845613170801054], [0.00013248946889561085, 0.0013121406323838092, 0.0017581185812778457, 0.9967972512174427], [0.0002027733093564843, 0.0028058629525742735, 0.996385387048685, 0.0006059765893842421], [0.0003346776126610204, 0.9954818128534632, 0.0033274462385468957, 0.0008560631953289429], [0.0003674241268182851, 0.9950264587927572, 0.0026324498191001586, 0.001973667161324392], [0.9921063611948886, 0.006642864371782144, 0.0009705163374293205, 0.0002802579958998729], [0.9919404805704304, 0.006802982528746312, 0.0010329603498033992, 0.00022357645101994336], [0.9929017004973156, 0.005555499909445306, 0.0012370121186620993, 0.0003057873745769836], [0.9935919587030012, 0.005101304778864604, 0.0008715574405340139, 0.0004351789776001522], [0.992157319882001, 0.006489845792159271, 0.0011257192589621168, 0.0002271149668776994], [0.9931839107457976, 0.0054686682781205686, 0.0008917754701040948, 0.0004556454059777095]], "ideal": "D", "sampled": "D", "correct": true}}
{"type": "result", "data": {"idx": 2, "options": ["push factors.", "pull factors.", "distance decay.", "migration selectivity."], "probs": [[0.0007361381395906133, 0.023660346760721585, 0.9745060333367741, 0.0010974816629136974], [0.000541172677684662, 0.009099760836761615, 0.002191681602548505, 0.9881673847830053], [0.0008322166150881271, 0.9896188087599345, 0.008087184042568129, 0.0014617904824093014], [0.0008575649883031007, 0.9886886093367492, 0.005956787743709154, 0.004497037831238596], [0.00045790500366999897, 0.005332270552260662, 0.016784000477655204, 0.9774258238664141], [0.0004104718611555627, 0.007112992843416803, 0.9914834435290892, 0.0009930916663383853], [0.000835687110962579, 0.029056836415655415, 0.9689727590991115, 0.0011347172742704958], [0.0005982947431632444, 0.0096047384842137, 0.002276446774895391, 0.9875205198977277], [0.0008591944666447388, 0.9914723922173655, 0.006304485061489886, 0.0013639281544999152], [0.0008720988857286698, 0.9911889813773708, 0.004720011339264173, 0.003218908297636365], [0.0005114267070669368, 0.004861804061627315, 0.02314812779228758, 0.9714786413390182], [0.00045089683678889116, 0.006842939310652811, 0.991842951924416, 0.0008632118281422794], [0.9778609065378104, 0.009684648156364646, 0.008137227792264924, 0.0043172174135599675], [0.976740024410133, 0.008807514846930478, 0.00418634391539888, 0.010266116727537656], [0.9677302674011083, 0.01981776045826377, 0.010496045647232059, 0.001955926393395825], [0.9686792182910495, 0.015809496358807403, 0.003036963889056719, 0.012474321361086399], [0.9827216943871573, 0.00872129780465189, 0.0016755024976324096, 0.006881505210558433], [0.9734369451938377, 0.00912646105059872, 0.00480013058137491, 0.012636463074188612], [0.00033012758488964924, 0.004637772399282992, 0.00878398527382473, 0.9862481146420026], [0.00032226293122977566, 0.007113960107698924, 0.9915934207526743, 0.0009703561083969589], [0.00032583005018571533, 0.008161294475824752, 0.010213808409092138, 0.9812990669648974], [0.0003445498551556124, 0.010398090709773317, 0.9882358210665894, 0.0010215382684816748], [0.0007369305890399611, 0.9936083836126212, 0.0028494943585617607, 0.0028051913397771524], [0.0005692494640360807, 0.9929905863989645, 0.0034083180331573116, 0.0030318460038420213]], "ideal": "C", "sampled": "C", "correct": true}}
{"type": "result", "data": {"idx": 3, "options": ["First", "Second", "Third", "Fourth"], "probs": [[0.0027105444609951, 0.14172740327293362, 0.8521012392048221, 0.0034608129612492228], [0.005143941608092341, 0.4039856306829803, 0.10821438825853946, 0.48265603935038787], [0.002949208395203717, 0.21392642787096658, 0.7806749697390319, 0.0024493938947977977], [0.005358194374748735, 0.47661537276113103, 0.36109497681572195, 0.15693145594839827], [0.005494537263825104, 0.24782427992907563, 0.7142292813219315, 0.03245190138516775], [0.004010808526116902, 0.09517152663581464, 0.8871116192902891, 0.013706045447779296], [0.008708772418973151, 0.019976497085170335, 0.9688339421911957, 0.0024807882046608064], [0.021936416518107443, 0.049574956538270404, 0.30992218350994416, 0.618566443333678], [0.004964842417782276, 0.9424350179557529, 0.04936352701679524, 0.003236612509669555], [0.0035766705997559117, 0.8515327159584184, 0.1362946116347291, 0.008596001707096512], [0.039605536484836244, 0.6328192500749497, 0.18453775528382138, 0.14303745805639276], [0.0026104491585261244, 0.034725135695084564, 0.9596303759048558, 0.003034039141533514], [0.03194014099400335, 0.021492630382372098, 0.9410480102233839, 0.005519218300240677], [0.19779352677976342, 0.05213965079603382, 0.6686643809751032, 0.08140244134909963], [0.07512906178988046, 0.8705524189075644, 0.05003684749319557, 0.004281671709359545], [0.06096966308524701, 0.8797609436477478, 0.052138162449174, 0.007131230717831205], [0.03218229542041303, 0.9095839555248942, 0.03911887095235225, 0.01911487800234043], [0.016240608862804363, 0.3626252201357737, 0.6143461703671137, 0.006788000534308246], [0.00940029789543799, 0.027487823762499114, 0.6853774195646732, 0.2777344586773896], [0.00471638124567044, 0.020529831885865598, 0.9649790147014591, 0.009774772067004828], [0.013837853728744158, 0.6155493384934881, 0.08743378698281495, 0.28317902069495277], [0.002700550914815595, 0.060208936031160655, 0.9325216508176857, 0.004568862136338072], [0.003773865173606822, 0.957112581379532, 0.026810932286210516, 0.01230262106065068], [0.004861717299076135, 0.8413161152682483, 0.1442806041904267, 0.009541563142248754]], "ideal": "A", "sampled": "C", "correct": false}}
{"type": "result", "data": {"idx": 4, "options": ["Most women work in agriculture", "The percentage of women economically active in the labor force declined worldwide", "The percentage of women in the total labor force declined", "Women spend more hours per day working than men in all regions except Anglo America and Australia"], "probs": [[0.007921341186162823, 0.36637413612122965, 0.5688026101882626, 0.05690191240434494], [0.009028235783824567, 0.2988879184675076, 0.638654726172741, 0.05342911947592684], [0.002498210584783342, 0.05658627857198537, 0.9253344265658741, 0.01558108417735722], [0.0057915640129663, 0.14001614235676246, 0.8407853771401237, 0.013406916390147572], [0.011769764957240194, 0.8595682990130924, 0.04207897856224717, 0.08658295736742018], [0.008285898868765948, 0.7703693055777515, 0.06938132027180553, 0.15196347518167697], [0.00906820325066945, 0.06620214946671878, 0.8842759222091052, 0.040453724973506563], [0.006156392356371687, 0.055157456643234966, 0.908485892773281, 0.030200258127112408], [0.05338372130504705, 0.45784853519842567, 0.06345449198283523, 0.4253132514136921], [0.030506456409820054, 0.3972242492655941, 0.5584810997661567, 0.013788194458429213], [0.01875220752361147, 0.8689825919579215, 0.05386217925120139, 0.058403021167265694], [0.00730525885027769, 0.7973164878113255, 0.18989175467766053, 0.005486498560736327], [0.0019958452775183004, 0.022013911772272236, 0.9643029260849012, 0.011687316765308306], [0.0034282594457842965, 0.029273603638275983, 0.959180969805586, 0.008117167010353721], [0.029682295708548582, 0.7642505365609277, 0.05131559178309225, 0.1547515758474315], [0.024403224947254564, 0.699560735655989, 0.25841061529666687, 0.017625424000089554], [0.013329811442539067, 0.9478109513311399, 0.01880867786073605, 0.020050559265584987], [0.009534368370459945, 0.9037972763526542, 0.07922515338707682, 0.007443201789809026], [0.06341782069873332, 0.11481448005151411, 0.3953146547731028, 0.42645304437664977], [0.028954563066261485, 0.09328313724860063, 0.1084833718852303, 0.7692789276999076], [0.1311438459708585, 0.4514187544978499, 0.08339334030469832, 0.33404405912659324], [0.0688721678835702, 0.40139880323793226, 0.5174414457149271, 0.012287583063570442], [0.10558495708834634, 0.5450176020353563, 0.03796364753300163, 0.31143379324329573], [0.008964615292429248, 0.19383197288972354, 0.7888233969415384, 0.008380014776308856]], "ideal": "D", "sampled": "D", "correct": true}}
{"type": "result", "data": {"idx": 5, "options": ["safety.", "better climate.", "better schools.", "overcrowding."], "probs": [[0.004118338920733856, 0.009053352789676184, 0.004453943357366501, 0.9823743648322234], [0.005227776219416215, 0.019815921689190597, 0.9598794533848171, 0.01507684860657611], [0.0045438556292927345, 0.012925416715789331, 0.0036519652833092563, 0.9788787622716086], [0.005142458098800915, 0.024069340514011727, 0.9589688174323863, 0.011819383854801057], [0.2690515259988003, 0.6878936392557213, 0.024072531967028736, 0.01898230267844967], [0.24354179253307337, 0.6676578347841683, 0.07488812234657935, 0.013912250236178933], [0.004682459715391635, 0.011661510533276001, 0.005783093904117829, 0.9778729357472146], [0.012910324418587802, 0.04088643201091611, 0.9281982450933755, 0.01800499837712065], [0.007606043808967196, 0.02396542868746367, 0.005106859595440911, 0.9633216678081282], [0.003460504834527931, 0.028201941575235635, 0.9606901466674219, 0.007647406822814478], [0.025079402182521145, 0.9186270506992333, 0.038848454616579604, 0.01744509240166595], [0.021148614051487862, 0.9337780835924, 0.033796942870927625, 0.011276359385184485], [0.004379677364891746, 0.011337913273887147, 0.003988603818125982, 0.9802938054430951], [0.009564403867164636, 0.03300083998163108, 0.9399191237275366, 0.01751563232366762], [0.004948265499808365, 0.012519555210293761, 0.004987225514310749, 0.9775449536755871], [0.002900943942687485, 0.017562823879488234, 0.9713733477994023, 0.008162884278421895], [0.013877317140752429, 0.9402200430448548, 0.03251968811483563, 0.013382951599557075], [0.011321769590403423, 0.9620024982009299, 0.016093547227483882, 0.010582184881182793], [0.7862549281338063, 0.18752011247548475, 0.015317595515443205, 0.010907363775265761], [0.7881251202760163, 0.17662525527464562, 0.023967721203166304, 0.011281903146171725], [0.8745355227586346, 0.060642154941059734, 0.05085779454588763, 0.013964527654418102], [0.8930217985990477, 0.06113405738182568, 0.024910194147229055, 0.020933949771897532], [0.8550536265370645, 0.1041073083876496, 0.028113060354982136, 0.012726004620303719], [0.864006810071564, 0.10471667283891913, 0.011654827773010235, 0.019621689216506605]], "ideal": "D", "sampled": "D", "correct": true}}
{"type": "result", "data": {"idx": 6, "options": ["Vietnam", "United Kingdom", "Germany", "Bolivia"], "probs": [[0.013601174164738251, 0.9282845016196284, 0.03669315343767348, 0.02142117067795984], [0.01275185465298507, 0.8703594636503583, 0.023278807505292123, 0.09360987409136448], [0.02079582206400463, 0.6755551669981723, 0.25743940374124796, 0.04620960709657506], [0.01794485767689671, 0.5701279107297937, 0.027371201967369266, 0.38455602952594026], [0.004888854548052495, 0.0239555896152904, 0.962293702758565, 0.008861852978092107], [0.009230738779895472, 0.02766128152812915, 0.8718775173709387, 0.09123046222103666], [0.11596811993631796, 0.22642553693867215, 0.5991674288197998, 0.05843891420521004], [0.16157492632498294, 0.299039208135521, 0.1085163256004046, 0.4308695398390915], [0.05602056466812026, 0.10935832448504723, 0.7630672453161493, 0.07155386543068315], [0.0906382731305193, 0.1549928944774912, 0.6403722214086152, 0.11399661088337432], [0.1978952772325433, 0.16890721336007863, 0.04449166067415472, 0.5887058486332234], [0.08608590169240204, 0.10760962160273993, 0.7336519409241802, 0.07265253568067787], [0.06394222354271017, 0.14706054273617206, 0.7504434556864649, 0.03855377793465295], [0.09503113672182067, 0.16544652322498973, 0.028759169047338634, 0.710763170905851], [0.051152056225606764, 0.13230593057608256, 0.7593317372561663, 0.057210275842144304], [0.1257326658143534, 0.27625126565828595, 0.46059757014991537, 0.13741849827744526], [0.09001404983984117, 0.06579262903534439, 0.01306989164948849, 0.8311234293753259], [0.026384905469478154, 0.051073637805868655, 0.8963109420891648, 0.026230514535488383], [0.003818509493729906, 0.021542691762326795, 0.9651030542094281, 0.009535744434515202], [0.007182930246861668, 0.02365497724285551, 0.8780063532952554, 0.09115573911502739], [0.009459180985505723, 0.8691909522801974, 0.023418635694654633, 0.09793123093964226], [0.00946908531030609, 0.9116979181023517, 0.05365846270567665, 0.025174533781665533], [0.011149225589274663, 0.6072279123767771, 0.020353065498327425, 0.36126979643562085], [0.01013572704316263, 0.6548187168091696, 0.3009817888669731, 0.03406376718069468]], "ideal": "D", "sampled": "B", "correct": false}}
{"type": "result", "data": {"idx": 7, "options": ["Chain migration", "Cluster migration", "Circular migration", "International migration"], "probs": [[0.002265560193419648, 0.02640311030572652, 0.8732144180797432, 0.09811691132111067], [0.0019062696572491138, 0.020550619397270566, 0.7404103130117778, 0.23713279783370245], [0.004522303296007817, 0.510423985292344, 0.01874967730942543, 0.46630403400222276], [0.0026310665119968946, 0.44413234300406684, 0.5510685259850041, 0.002168064398932181], [0.0035842641613685346, 0.3488125583116499, 0.008602270122601207, 0.6390009073043803], [0.002277130110183998, 0.5218240806503712, 0.47318946037933535, 0.0027093287601094485], [0.002175529212340874, 0.20284145676461965, 0.6730820405867659, 0.1219009733362736], [0.0017763992830194324, 0.23181603346920523, 0.6324919731800034, 0.1339155939677719], [0.001883054039254131, 0.2594543104278685, 0.6864637149358419, 0.052198920497035506], [0.001655609931536948, 0.4300529064959116, 0.44830766216774776, 0.11998382130480373], [0.0017272827808231933, 0.5250465070309458, 0.27924563588051515, 0.19398057420771583], [0.0017558053863645164, 0.6001278331172137, 0.2227883550741473, 0.17532800632227444], [0.01357988838177255, 0.1468001318214821, 0.015276112720225709, 0.8243438669765196], [0.007542073470148966, 0.24864724832765453, 0.7408970619634198, 0.0029136161387767878], [0.007461858856961055, 0.0307944954841747, 0.6623487422523004, 0.2993949033065638], [0.006294706748177015, 0.02721958584407401, 0.781905996006895, 0.1845797113008539], [0.006213984931906245, 0.9496640700103235, 0.038999888331446006, 0.005122056626324284], [0.00835932736263596, 0.8340261626165385, 0.005579268658591891, 0.15203524126223367], [0.007022566651868128, 0.03784213479058523, 0.009381240888112936, 0.9457540575694336], [0.004896019550178331, 0.08706191202439599, 0.9055751166116568, 0.002466951713768812], [0.005955872967901198, 0.021535502423643698, 0.6327120566821379, 0.3397965678263172], [0.007656308266775736, 0.02190301727863072, 0.6534694952531397, 0.31697117910145384], [0.011621255454027417, 0.6634998400942614, 0.32193348285182083, 0.002945421499890315], [0.025627140765687555, 0.41727973296762133, 0.007238035724264802, 0.5498550904424263]], "ideal": "C", "sampled": "D", "correct": false}}
{"type": "result", "data": {"idx": 8, "options": ["Religious differences", "A national holiday", "An attack by another country", "A charismatic national leader"], "probs": [[0.04645197716947356, 0.023124131700062545, 0.5001553762163461, 0.43026851481411776], [0.05643764064071056, 0.02832333520095061, 0.6032204548736506, 0.3120185691846882], [0.1846671727810486, 0.6215176674328258, 0.01258289832619512, 0.1812322613599305], [0.13547810595342935, 0.4312425154937737, 0.42451628049976275, 0.008763097953034212], [0.14746752633907687, 0.5282779488696355, 0.015318610351234902, 0.30893591434005274], [0.10627133628584418, 0.4152336813167326, 0.4587573484474413, 0.01973763384998192], [0.023104811558336946, 0.07217936364952084, 0.5605910534717238, 0.34412477122041846], [0.02577810074626642, 0.058021535684229325, 0.4909887419322071, 0.4252116215372972], [0.05376497122808169, 0.5227744422993487, 0.039361293181974656, 0.384099293190595], [0.028808941004029375, 0.36509890380666116, 0.5752948682727983, 0.030797286816511088], [0.034949121692967794, 0.4297894133103486, 0.05047797264300534, 0.4847834922536783], [0.01540519285242005, 0.22607177568396616, 0.7320155751921712, 0.0265074561714426], [0.27225698432410206, 0.5373931205821405, 0.011076131470499505, 0.1792737635232579], [0.1852220780797178, 0.337797678286563, 0.46994067174686577, 0.007039571786853415], [0.504992604205177, 0.10648710279591943, 0.02269636839401256, 0.365823924504891], [0.33415963620033784, 0.08966082911673576, 0.542971064413225, 0.033208470169701486], [0.2684055340988009, 0.6909414119674933, 0.031586770818219284, 0.009066283015486527], [0.2701979017884551, 0.6792391783240046, 0.014449537657422015, 0.036113382130118256], [0.034538922380659726, 0.4022825524743996, 0.011943661164714629, 0.551234863880226], [0.03610986578430835, 0.29640472815663094, 0.646189768434212, 0.021295637524848615], [0.10852239141211936, 0.13020501267008494, 0.059941954528988386, 0.7013306412888073], [0.05347138563051483, 0.09984928964794626, 0.7634307627595356, 0.0832485618620033], [0.08351674939561815, 0.8343003059519717, 0.05927985348659558, 0.02290309106581462], [0.06909835260678118, 0.838332285964859, 0.021596606577301215, 0.07097275475105858]], "ideal": "A", "sampled": "C", "correct": false}}
{"type": "result", "data": {"idx": 9, "options": ["Mediterranean climate", "Limited forest cover", "Growth of manufacturing", "Access to trade routes"], "probs": [[0.0019327928986947233, 0.0078088760214831245, 0.0014722546234378182, 0.9887860763563844], [0.0012929678563314024, 0.02331664618357292, 0.9749955844271735, 0.0003948014329221801], [0.0016586847408865235, 0.0044300591672705985, 0.0012637668484786918, 0.9926474891433642], [0.0012676861981163778, 0.010636363691295772, 0.9867550014350225, 0.0013409485755653346], [0.0026539122232240226, 0.9948121488372274, 0.0022378079996044843, 0.00029613083994411526], [0.003741485854467914, 0.9945841049980528, 0.0013363160611524023, 0.0003380929863268406], [0.0027989635485301478, 0.010462500071102145, 0.0017959887483541413, 0.9849425475320136], [0.0015882015002832745, 0.027760956621551945, 0.970088076624971, 0.0005627651531937391], [0.001529266063666987, 0.006035773754703698, 0.002262761835155149, 0.9901721982464742], [0.0015818014578348374, 0.015036840058574478, 0.9817327900608392, 0.0016485683227514447], [0.0034539810083304584, 0.9923289660931636, 0.003949971728942546, 0.0002670810695633819], [0.004985752983269417, 0.9926970605289582, 0.0016866384546902335, 0.0006305479330820764], [0.0020162291123851615, 0.009923853093518053, 0.0011607093170649815, 0.9868992083770318], [0.0013021858787355626, 0.022605487275076903, 0.9750516276205069, 0.0010406991256806642], [0.0009851261570934973, 0.008626784457234528, 0.0023287176854370076, 0.9880593716002349], [0.001045830225974702, 0.023114046687716588, 0.9741257684439951, 0.0017143545423135519], [0.0019496558654309773, 0.992845914305245, 0.004467961474694648, 0.000736468254629345], [0.0018892846875172543, 0.9927613700151114, 0.004067290582686125, 0.0012820546146851785], [0.9099305757410486, 0.08699516670965278, 0.002722202945401985, 0.0003520545038965769], [0.9007939992470836, 0.09757344199312529, 0.0012839370061476798, 0.00034862165364343145], [0.7884559556899047, 0.2062806616617347, 0.0050329076582316685, 0.00023047489012899036], [0.832220458962476, 0.16564720156797166, 0.0015114762868874987, 0.00062086308266486], [0.9419393791792537, 0.02791245170214676, 0.028196199621202164, 0.0019519693973972696], [0.9630523332419112, 0.024591631868197253, 0.008262157027431258, 0.00409387776246031]], "ideal": "D", "sampled": "D", "correct": true}}
{"type": "result", "data": {"idx": 10, "options": ["high birth rates with high but fluctuating death rates.", "declining birth rates with continuing high death rates.", "low birth rates with continuing high death rates.", "high birth rates with declining death rates."], "probs": [[0.4885540319729634, 0.3995255838666838, 0.09995949295269829, 0.011960891107654555], [0.10758995509185038, 0.09145893364299419, 0.795415896365682, 0.005535214799473456], [0.3653011277428469, 0.16490983761704067, 0.4544582609489984, 0.015330773591114035], [0.009700398417698661, 0.025996863799818127, 0.9596420923924203, 0.004660645290062972], [0.008870936900561068, 0.9738244808146366, 0.014739459947406651, 0.0025651222373956595], [0.009678372352244209, 0.9675990513344173, 0.01595626799525302, 0.006766308218085514], [0.5088815920805161, 0.08316949388606003, 0.3928170681054312, 0.015131845827992704], [0.3117506816287333, 0.0685680735255386, 0.6150173572907688, 0.004663887454959243], [0.5005694031214823, 0.29506736990839, 0.12251462041106549, 0.08184860645906215], [0.6329356756219622, 0.2747109712416292, 0.08825084188113493, 0.004102511155273749], [0.828983909640093, 0.1114329561323572, 0.05087062005830103, 0.008712514069248653], [0.7831966775906744, 0.08523274848134994, 0.12865784598248087, 0.0029127278454948594], [0.6953602899034791, 0.06680548065967597, 0.2271947967183862, 0.010639432618458707], [0.05734791676857045, 0.04040952558864175, 0.8974169615652247, 0.004825595977563116], [0.6414451145807356, 0.27656543870258565, 0.04094774739663043, 0.04104169922004823], [0.7312448092120991, 0.2250640413039125, 0.04119381346508393, 0.0024973359189044775], [0.8648395565673241, 0.11809509216026928, 0.013215757037391977, 0.0038495941350145885], [0.85757321180617, 0.09629713750809447, 0.04468047994589237, 0.0014491706398431406], [0.8318298942409934, 0.06270024544748752, 0.09917194972522403, 0.006297910486295049], [0.786383655132143, 0.07377330460391716, 0.09373303071067166, 0.04611000945326808], [0.8270422466914499, 0.15924949271312092, 0.011330804308936437, 0.002377456186492769], [0.7754955135691708, 0.19935449556677864, 0.023754635347728342, 0.001395355416322158], [0.8250792787475215, 0.14809188963002798, 0.018487014773061635, 0.00834181674938888], [0.7733053906512735, 0.15003534991267956, 0.07528930819386384, 0.0013699511421831957]], "ideal": "A", "sampled": "D", "correct": false}}
{"type": "result", "data": {"idx": 11, "options": ["Crude birth rate", "Replacement level", "Mortality rate", "Total fertility rate"], "probs": [[0.0032293722363679594, 0.48242382206274975, 0.0029686540480769485, 0.5113781515528053], [0.0012731360562882755, 0.43404867051837603, 0.5643530124307572, 0.0003251808945784926], [0.0004456247709176301, 0.002097094601214919, 0.8784754011801398, 0.11898187934772762], [0.00043323538094723656, 0.0021361712893894582, 0.6494177568911763, 0.348012836338487], [0.000698219116470834, 0.5159647070201977, 0.4829476702459482, 0.0003894035173832436], [0.001061966121503743, 0.5989727721059536, 0.0029820028538310303, 0.39698325881871166], [0.9167896848717231, 0.006241510387705685, 0.0010169424726081898, 0.07595186216796304], [0.9237387360873895, 0.009220989601235048, 0.06687787305891903, 0.00016240115245637633], [0.776271299053076, 0.005245187486969275, 0.002490836519553811, 0.21599267684040094], [0.797243941394849, 0.006910546584338005, 0.19528303762261803, 0.0005624742981950066], [0.9858253031450236, 0.013451760674737768, 0.00067285087625129, 5.0085203987310454e-05], [0.9846404961547948, 0.014638647690830169, 0.0004917445561401943, 0.00022911149823486823], [0.0001348864150880706, 0.006505428252040948, 0.7746354227557135, 0.21872426247715746], [0.00011157041746602486, 0.006095923114553866, 0.5924320171570767, 0.40136048921090345], [0.0004053885492385828, 0.18883501522061177, 0.004496539958005522, 0.8062630561721441], [0.00032401186440392287, 0.133060215577582, 0.8659127268323306, 0.000703045625683499], [0.00018197877117411148, 0.14984694041961164, 0.002148299931999052, 0.8478227807772152], [0.00023642551579047236, 0.23115323102877283, 0.7679964773409059, 0.0006138660145307718], [0.10119730658844413, 0.010209983071138847, 0.8881513733407853, 0.00044133689963177377], [0.05370781277637758, 0.005505684379022365, 0.000671633063511935, 0.9401148696810881], [0.11009426740139348, 0.8847084304040254, 0.004916831663483955, 0.00028047043109724346], [0.20492226118627746, 0.7907099834884673, 0.0033937322688267603, 0.0009740229564284959], [0.04432165345709719, 0.0035386838315934277, 0.0015417002473762185, 0.9505979623639331], [0.08090471147691022, 0.00592270430860464, 0.9118830434955757, 0.0012895406189093817]], "ideal": "B", "sampled": "B", "correct": true}}
{"type": "result", "data": {"idx": 12, "options": ["Islam", "Christianity", "Hinduism", "Buddhism"], "probs": [[0.38095750012859964, 0.610568250840242, 0.007202329880028226, 0.0012719190511301123], [0.35195980677076755, 0.639671049489851, 0.006812431150698443, 0.0015567124886829715], [0.0222591328405815, 0.03704210044832379, 0.9399989612276353, 0.0006998053834594096], [0.12007234392541094, 0.018650768101127087, 0.004549085585047748, 0.8567278022884143], [0.016094032589106806, 0.02438496412729496, 0.9584830352157508, 0.0010379679678473427], [0.10162402778083857, 0.014033818642283966, 0.0033191610312012084, 0.8810229924456763], [0.004661043025421725, 0.9861119073999899, 0.007056772948752913, 0.002170276525835504], [0.0039015051298427832, 0.9886310659934777, 0.005593143848447137, 0.0018742849282323347], [0.0009824321818726757, 0.016641104955448835, 0.9817155812900029, 0.0006608814726755469], [0.0013935142675511544, 0.0058889400374688775, 0.002904303006033752, 0.9898132425889462], [0.0012372268727808302, 0.01968894511184114, 0.9780935240436474, 0.0009803038717307064], [0.0010397464601753425, 0.004426856537464827, 0.0012062982351784186, 0.9933270986671814], [0.0012809150466923048, 0.460557480415909, 0.537569963003789, 0.0005916414336096717], [0.0006861810424164566, 0.7050774421503591, 0.003797497453827535, 0.2904388792533969], [0.0011398745706875536, 0.17759920666276466, 0.8203074340483932, 0.0009534846181544857], [0.0012117106031724872, 0.5924033423393792, 0.006918707280964793, 0.39946623967648354], [0.0004752218907620994, 0.00499546134261942, 0.9364707947872083, 0.05805852187941012], [0.0009337558121387121, 0.008010329030681265, 0.9474241563204914, 0.04363175873668865], [0.0010982070596866273, 0.3172246788529628, 0.681137262740628, 0.0005398512467225395], [0.0006979450950648725, 0.613051078889135, 0.00392269031269279, 0.3823282856031073], [0.0011557646829417035, 0.31374397969357476, 0.6840792915181398, 0.0010209640053437355], [0.0010362099343627796, 0.6159279041827529, 0.004905081111475845, 0.37813080467140847], [0.00040373807080997426, 0.004447342196263151, 0.9596230029519921, 0.03552591668093479], [0.0009843664546173088, 0.008248188005865997, 0.9756001206735498, 0.015167324765966902]], "ideal": "A", "sampled": "A", "correct": true}}
{"type": "result", "data": {"idx": 13, "options": ["redline area.", "threshold.", "range.", "hinterland."], "probs": [[0.0005346736339446267, 0.0013481809420123289, 0.00743083849161178, 0.9906863068324313], [0.000552880105268288, 0.003744682949454481, 0.9945348974689302, 0.0011675393763470297], [0.0007631861802103269, 0.0030055425033315908, 0.0003815191954867404, 0.9958497520209714], [0.0009107160262449704, 0.01306395891221859, 0.985642806449236, 0.0003825185123005011], [0.0013282948582247352, 0.9917575078370069, 0.0024328080367214447, 0.00448138916804694], [0.0010741939848405173, 0.992872603200824, 0.005014752540929624, 0.0010384501734058418], [0.0003225835813765252, 0.0024662328712389474, 0.0040167415514071525, 0.9931944418959774], [0.00032980374335913845, 0.006020678850716334, 0.9926373059597711, 0.0010122113461534382], [0.0003837787580339958, 0.0033224866753095122, 0.0016537789043606578, 0.9946399555622958], [0.00028863243555373694, 0.007664537034207348, 0.991617855424732, 0.00042897500550690315], [0.0006506435114069719, 0.9941080578461199, 0.003285823045156827, 0.001955475497316335], [0.000727026560456135, 0.9934480747600423, 0.004823802662130041, 0.0010010959173715095], [0.0012910030510166978, 0.004403662843608784, 0.0003329046806173042, 0.9939724293247573], [0.0012435220053183633, 0.01307890369217221, 0.9853265325371372, 0.0003510416653722457], [0.0005950497036736884, 0.001334320311016206, 0.0020949123285692534, 0.9959757175567409], [0.0005281104217290728, 0.003927632683341366, 0.9948986128827254, 0.0006456439122041421], [0.0013808700320037586, 0.9943853830458035, 0.0036448643860630026, 0.0005888824361297122], [0.0015071198423818582, 0.9955227696922113, 0.0020353603725940177, 0.0009347499928128162], [0.9873392253143676, 0.011706343719602332, 0.0005742787300990691, 0.0003801521359310416], [0.9873158873617228, 0.011148888293870047, 0.001369175925012241, 0.00016604831939484824], [0.9901127974027542, 0.008062921108358814, 0.0012528227554553211, 0.0005714586334317023], [0.989215829311987, 0.008493367070450179, 0.0019943673075279653, 0.0002964362100348288], [0.9876990645591461, 0.01055395883301653, 0.0014600813041743496, 0.0002868952036629823], [0.9890667510535905, 0.009850724991176217, 0.0007667541522508443, 0.00031576970298240333]], "ideal": "D", "sampled": "D", "correct": true}}
{"type": "result", "data": {"idx": 14, "options": ["the central city and its developed areas.", "the central city and its surrounding suburbs.", "the central city and its hinterlands.", "the central city and the adjacent counties."], "probs": [[0.40332743436955504, 0.4853512932135215, 0.1076861319561894, 0.003635140360734066], [0.3737669434939313, 0.575234137566824, 0.03478320451188811, 0.01621571432735664], [0.491164073538158, 0.34178930664816876, 0.16320247949764122, 0.003844140216032057], [0.6023571838452181, 0.36172728835442264, 0.02585719674860109, 0.010058330951758208], [0.08231763156139282, 0.08023526124883637, 0.8261796000802245, 0.011267507009546263], [0.03281003764547815, 0.0518785829758739, 0.909124075765325, 0.0061873035133230446], [0.6852433243647729, 0.22326879266846403, 0.08843352825642362, 0.003054354610339506], [0.7183123330562904, 0.23821527096224102, 0.02988082956988738, 0.013591566311581163], [0.7358184925509234, 0.24344484568557911, 0.018569250842556194, 0.0021674108209413638], [0.703865927290087, 0.27030994103816985, 0.021764039415567746, 0.004060092156175433], [0.6688813670413116, 0.20034362389831056, 0.11986770342810148, 0.01090730553227635], [0.5196999056823111, 0.1693995959016793, 0.30787743609713064, 0.003023062218879009], [0.7383316391834321, 0.15049903844019027, 0.1079561806225402, 0.0032131416538374214], [0.818813595988246, 0.15561964613592486, 0.01808415295853934, 0.007482604817289857], [0.6769857590589564, 0.30400974688187354, 0.01681470396093568, 0.00218978999823432], [0.6260395770823867, 0.3501401911400427, 0.020123402057674163, 0.0036968296198964983], [0.7786590122599877, 0.17446803297450497, 0.03997473247057763, 0.0068982221949296894], [0.6285895919736225, 0.1822251888711093, 0.1857257697782292, 0.00345944927703897], [0.011533762319632927, 0.45646176413325545, 0.5139519983387428, 0.018052475108368778], [0.010073547897854043, 0.3408401529131207, 0.6379075459643508, 0.011178753124674461], [0.010212416807157485, 0.9113256376784065, 0.061580933911066935, 0.016881011503369056], [0.0077081105416685666, 0.808938818158828, 0.17812726273083793, 0.00522580846866553], [0.009609702337615511, 0.9348538804331784, 0.03432959423325071, 0.02120682289595538], [0.007246285446784026, 0.8553886188223265, 0.1303828531471699, 0.006982242483719542]], "ideal": "B", "sampled": "C", "correct": false}}
{"type": "result", "data": {"idx": 15, "options": ["Buddhism", "Christianity", "Islam", "Hinduism"], "probs": [[0.6459238191683875, 0.15618050772428682, 0.08200615960997502, 0.11588951339735064], [0.6898114341482422, 0.13182563079415874, 0.1489868666450282, 0.02937606831257092], [0.5740660896159466, 0.17279380171969083, 0.16433389115924146, 0.08880621740512111], [0.563502554267193, 0.15320530646405384, 0.2347760813804341, 0.048516057788319036], [0.5739653812886016, 0.35427684248191926, 0.04896207244506496, 0.022795703684414182], [0.47624967207094454, 0.37480542618468626, 0.08737313131670327, 0.06157177032766594], [0.2676719198618761, 0.5955904280884013, 0.061144401976352486, 0.07559324997336998], [0.310054197184538, 0.5370028940440933, 0.1262448068421567, 0.026698101829211986], [0.3969303248543623, 0.23780521321028106, 0.19955042894649694, 0.16571403288885966], [0.4602272990122819, 0.22656984008056516, 0.23500492637540984, 0.07819793443174308], [0.26840797014009576, 0.3194054060866062, 0.390644847580013, 0.02154177609328499], [0.36145796829635396, 0.3248173843771637, 0.1934442938157547, 0.12028035341072767], [0.0911055037786118, 0.6861935699895721, 0.09700285425550853, 0.12569807187630752], [0.08227092373471538, 0.5466696354695416, 0.32555542796492715, 0.0455040127308158], [0.1939736604496578, 0.5129093527280975, 0.12822523711829625, 0.16489174960394845], [0.22667705334908797, 0.5758740133700869, 0.10059290823547715, 0.09685602494534791], [0.07216582177730127, 0.35076879144793827, 0.5421119725865426, 0.03495341408821786], [0.12310457228383212, 0.38050818439493256, 0.17635571954870966, 0.32003152367252563], [0.47928499501129823, 0.4878806403180627, 0.024048050527178778, 0.008786314043460289], [0.40924224253376756, 0.5392785071787382, 0.03632195293540131, 0.015157297252092973], [0.6090618706473675, 0.12887054128397044, 0.24595697658096408, 0.016110611387697992], [0.6547748592163349, 0.15582375575139995, 0.09350797742060489, 0.09589340751166019], [0.5970011730976191, 0.21335202314427967, 0.16059247674704058, 0.02905432691106065], [0.5862117671176985, 0.21444975796207974, 0.12474275936769164, 0.07459571545253013]], "ideal": "D", "sampled": "A", "correct": false}}
{"type": "result", "data": {"idx": 16, "options": ["World cities contain the headquarters of many transnational corporations.", "World cities are well connected to secondary-level world cities.", "World cities contain many offices of multinational organizations.", "World cities are found only in the northern and western hemispheres."], "probs": [[0.0011222903106286807, 0.006371473666805883, 0.0018793271860815994, 0.9906269087364838], [0.0007037298241450801, 0.007116139588920296, 0.991097595672927, 0.0010825348140075857], [0.0012026426227994844, 0.0049579294636305825, 0.004164255009477751, 0.9896751728040922], [0.0007991688545696132, 0.004193681407521962, 0.993287173397354, 0.001719976240554466], [0.001798456932808273, 0.9860996829379407, 0.008991112594625265, 0.0031107474346257764], [0.002092990118656033, 0.9895221621290016, 0.004500774757000228, 0.0038840728953421374], [0.0011416114264939223, 0.004930720907448582, 0.0019267408427879051, 0.9920009267232696], [0.0006418123091465243, 0.005507840962898341, 0.9926961512664321, 0.0011541953615231005], [0.0013332192385882107, 0.005758563979033927, 0.002097367601860254, 0.9908108490805176], [0.0011579089673601837, 0.008369352915164364, 0.9891176515242828, 0.0013550864931927014], [0.0017236242989047297, 0.9900666918526143, 0.00606257712070683, 0.002147106627774113], [0.002425380928004565, 0.9881293551798872, 0.007128421988480225, 0.0023168418036280457], [0.001230485618108488, 0.005441749039580383, 0.004294272908703882, 0.9890334923336073], [0.0008241298286215286, 0.004426961501128173, 0.9927856183275524, 0.001963290242697882], [0.0011217114717546348, 0.007159083556548096, 0.0018783980008528073, 0.9898408068708444], [0.0010534312153666471, 0.00962471335275537, 0.9883155485743607, 0.0010063067575172657], [0.0022769455416467746, 0.9877968295015546, 0.004708852941087174, 0.005217371915711454], [0.002360932644722698, 0.9848145729333395, 0.010017733580767922, 0.0028067607411698023], [0.9805085568809356, 0.014342201682228791, 0.003616252867797149, 0.0015329884690383976], [0.9842660931423154, 0.0116611883431402, 0.0022018960408336412, 0.001870822373710764], [0.9801776375886319, 0.015260787635583658, 0.0032405232219182645, 0.0013210514538661827], [0.9757867496872739, 0.019356646908192002, 0.003434491102494508, 0.0014221122020396256], [0.9827291475991498, 0.012394068324912433, 0.0025703689969473354, 0.0023064149789904947], [0.9782841269118309, 0.01634379400235616, 0.003781570143772096, 0.0015905088420408884]], "ideal": "D", "sampled": "D", "correct": true}}
