{"type": "result", "data": {"idx": 0, "options": ["total revenue is greater than total cost at its greatest distance", "total revenue is equal to total cost", "marginal product is at its highest point", "total product is at its highest point"], "probs": [[0.0028323688845929406, 0.9780527939827998, 0.015799387374300547, 0.00331544965830679], [0.002973628374104746, 0.9571241006885495, 0.030734451110373595, 0.00916781972697213], [0.0030468363907763204, 0.022236826847345743, 0.9729769268061661, 0.0017394098557117828], [0.00824960142691475, 0.02619573761658778, 0.0281371910811873, 0.9374174697753102], [0.0027637263160494056, 0.025303550368388376, 0.9694892284453491, 0.0024434947702130895], [0.0067292343966309206, 0.05774360082298966, 0.7148404633512151, 0.22068670132916438], [0.10363065616323927, 0.5094828320446655, 0.3707969875190097, 0.016089524173085533], [0.025566735524728296, 0.06212990850517408, 0.11025898538547625, 0.8020443704846214], [0.13109811675194186, 0.17983242231147234, 0.6621022585490919, 0.026967202287493955], [0.192905225294751, 0.3684725017968804, 0.39635579418120587, 0.042266478627162735], [0.04417046257792817, 0.168937955085534, 0.6110373275347857, 0.17585425470175212], [0.011097804816694463, 0.13012794955607337, 0.8555823224181691, 0.003191923109062987], [0.002617047625183435, 0.026500422418492903, 0.9691768256051619, 0.0017057042511616708], [0.01700235277793889, 0.0602576559993516, 0.12368927410968528, 0.7990507170130242], [0.03369176954521992, 0.38817229124251973, 0.5659904210182217, 0.012145518094038597], [0.06714896444320519, 0.5006209899720372, 0.41167268602680385, 0.020557359457953783], [0.016782400578185593, 0.054041032245051204, 0.22277415049179314, 0.70640241658497], [0.05046640157406959, 0.18150126289898852, 0.7427717183669286, 0.025260617060013313], [0.0031043223904021304, 0.026682496357074946, 0.9682672127635585, 0.0019459683889643622], [0.02065266657049436, 0.06554803959994912, 0.8869672963237006, 0.026831997405855873], [0.08301184201882891, 0.3553048915015265, 0.4562660089235312, 0.10541725745611338], [0.019529130348790082, 0.08534137176615617, 0.8922833818121155, 0.0028461159729381664], [0.022308463020734505, 0.7397297551140883, 0.15606754871324346, 0.08189423305193366], [0.01630302301811894, 0.904931885939274, 0.07027990984437574, 0.008485181098231383]], "ideal": "A", "sampled": "B", "correct": false}}
{"type": "result", "data": {"idx": 1, "options": ["Increase capital and decrease labor so that the marginal product of capital falls and the marginal product of labor rises.", "Increase capital and decrease labor so that the marginal product of capital rises and the marginal product of labor falls.", "Decrease capital and increase labor so that the marginal product of capital rises and the marginal product of labor falls.", "Decrease capital and increase labor so that the marginal product of capital falls and the marginal product of labor rises."], "probs": [[0.06873309224999789, 0.4553173719429257, 0.3205443787538139, 0.15540515695326243], [0.07384330088535095, 0.3354741359574458, 0.5504460971285263, 0.040236465928676884], [0.03304375061192734, 0.18975501326079075, 0.7356572369691367, 0.0415439990581453], [0.010721499478691972, 0.1431060781913484, 0.8264179521381354, 0.01975447009182418], [0.03668077843444221, 0.36994556639653225, 0.5609362428331192, 0.03243741223590632], [0.023272792611993897, 0.5918601938147993, 0.3238944215491716, 0.060972591924035216], [0.113578601979497, 0.34663005745700054, 0.4749128803083961, 0.06487846015510632], [0.07009420961002177, 0.2620207525242063, 0.5830918301411607, 0.08479320762461115], [0.06622915240653922, 0.29863474993767525, 0.581791365087359, 0.05334473246842658], [0.01803639368207461, 0.19656653956586997, 0.7500063874009606, 0.03539067925109478], [0.04224123695186316, 0.3558213319618224, 0.5702305882911342, 0.03170684269518024], [0.023168002019115022, 0.5402813281554691, 0.3982671000536652, 0.0382835696717506], [0.010567028936833303, 0.2052038149363731, 0.7650616714380871, 0.019167484588706415], [0.026649699009520647, 0.309572254232984, 0.5485743365420835, 0.11520371011541175], [0.011673062929898486, 0.5757682865303889, 0.38362151023242047, 0.02893714020729204], [0.026728097645442248, 0.4845054799337335, 0.445293371841039, 0.04347305047978528], [0.039065505286651876, 0.3116313435517822, 0.5070832238972393, 0.1422199271643267], [0.03880268219313376, 0.2997314840335484, 0.6219684295637784, 0.03949740410953952], [0.020387859101587566, 0.3996056437269056, 0.555748497382178, 0.024257999689328794], [0.0661487067595838, 0.5411686381330627, 0.3133142338873687, 0.07936842111998481], [0.014368419608919273, 0.39694476737912116, 0.5742952480757978, 0.01439156483616174], [0.03324544528525746, 0.6840890253124715, 0.22729472000992434, 0.05537080929234671], [0.12752449351274447, 0.2455230313094488, 0.49705596977555905, 0.12989650530224764], [0.08477634872560055, 0.22635984249861543, 0.5983971908209567, 0.09046661785482735]], "ideal": "C", "sampled": "B", "correct": false}}
{"type": "result", "data": {"idx": 2, "options": ["the supply curve intersects the demand curve", "neither party has an incentive to deviate from his or her strategy", "the marginal revenue curve intersects the marginal cost curve", "the equilibrium is unstable and each party would like to switch strategies"], "probs": [[0.0016592386893927154, 0.9931548108470978, 0.0036514449854792375, 0.0015345053780302141], [0.0015461886365159942, 0.9922232221999008, 0.005522550189546102, 0.0007080388740371253], [0.0006418954410607025, 0.006540956860798679, 0.9925017397338853, 0.00031540786425528997], [0.0008782040913950653, 0.004366358104846235, 0.00032815344622503563, 0.9944272842575337], [0.0006787480408474848, 0.005428351252568172, 0.9936526290916666, 0.0002402715149177214], [0.001111675829223798, 0.0022333957392271287, 0.000728941205587616, 0.9959259871259615], [0.9834609363413414, 0.012017982688911796, 0.0026537854442547264, 0.0018672954254921126], [0.9780980105644549, 0.01646057475451244, 0.004779023930937083, 0.0006623906500955343], [0.9810129218074986, 0.014575311637748896, 0.002429231722417493, 0.0019825347323350596], [0.9782657681960263, 0.017257438024613384, 0.004024951963311785, 0.00045184171604858975], [0.9724310998355306, 0.025150878969718474, 0.001694768252085535, 0.0007232528426654041], [0.9709434284055928, 0.02612103968203329, 0.0024618338916719156, 0.0004736979207020417], [0.0009050112278907376, 0.006389875227267638, 0.9922569078343979, 0.0004482056104437175], [0.00118155908401753, 0.003914198002607272, 0.00047737198186985087, 0.9944268708315054], [0.001985367337094478, 0.9924553352393213, 0.003511021934762991, 0.002048275388821273], [0.0018651538072302647, 0.9920693099280041, 0.005311744758983502, 0.0007537914057821681], [0.001745866246675479, 0.0032958029342739707, 0.0005201615576880749, 0.9944381691613624], [0.0005721372256142951, 0.004540315220984938, 0.9946451470850026, 0.00024240036839809974], [0.0005210973311102604, 0.004232418714235414, 0.9948797204399353, 0.0003667634147190142], [0.000680306174037136, 0.0017129941953411586, 0.0008332713677021002, 0.9967734281629196], [0.0009347501937806735, 0.9959985644133301, 0.001947926712562419, 0.00111875858032674], [0.0012867314255746909, 0.995582651108553, 0.002441673712584044, 0.0006889436532882227], [0.0012579263921081133, 0.0035631937460663143, 0.0006129956698772099, 0.9945658840919483], [0.0007155492132205329, 0.007234309728081176, 0.9917274614967339, 0.0003226794619644533]], "ideal": "B", "sampled": "B", "correct": true}}
{"type": "result", "data": {"idx": 3, "options": ["goods X and Y are normal goods.", "goods X and Y are inferior goods.", "goods X and Y are complementary goods.", "goods X and Y are substitute goods."], "probs": [[0.0018924420543256673, 0.009127879776845862, 0.006553185360157821, 0.9824264927086707], [0.0011285135498297835, 0.009844888505670798, 0.9870746303303571, 0.0019519675141423192], [0.0024214146811836258, 0.015475118707632164, 0.0031583776046807802, 0.9789450889065034], [0.0010672731278877673, 0.027806780462701495, 0.9704468035677722, 0.0006791427416385197], [0.002874497875938108, 0.9881096778069061, 0.006183198838256529, 0.0028326253788992927], [0.0028195862422005884, 0.9100521576331418, 0.08567555035435513, 0.001452705670302481], [0.0006221686705925347, 0.022516687007270487, 0.005630575254854997, 0.971230568967282], [0.0005075116797110966, 0.013315644858093488, 0.9844985968478239, 0.0016782465143715423], [0.0006951417988006266, 0.008096201459031307, 0.19115940004839357, 0.8000492565937745], [0.0005543514396584762, 0.01132622691978954, 0.9868195720125686, 0.0012998495279832709], [0.001619752192965397, 0.969173508311691, 0.024553832457840336, 0.004652906937503255], [0.0016050584542516755, 0.9532080197722076, 0.04170665699361809, 0.0034802646799226887], [0.0021494359076361727, 0.008332214253362797, 0.004586292395061476, 0.9849320573439395], [0.0011166601840697063, 0.013961835680871058, 0.9841590464877177, 0.0007624575473415838], [0.0016266641307393444, 0.004721963604507657, 0.021591323565247733, 0.9720600485995052], [0.0012407333076245135, 0.009938339664189492, 0.9879400095719979, 0.000880917356188116], [0.006142757207382658, 0.9818657828734593, 0.008801438880616571, 0.003190020938541448], [0.006549989038877098, 0.9839017043874374, 0.006451077922339732, 0.003097228551345799], [0.9211890837904686, 0.048191369921605, 0.018654641703982802, 0.011964904483943562], [0.6036936044792092, 0.04282751679490774, 0.35193389654737256, 0.0015449820785105523], [0.7788083510298666, 0.024350175498584262, 0.1656740767908209, 0.03116739658072826], [0.3239057692340698, 0.02467716841563535, 0.6492827001897675, 0.002134362060527283], [0.6578749064334244, 0.3343444589641869, 0.006448804638200857, 0.0013318298641878685], [0.6352502038208832, 0.35746475663603255, 0.005804784066878354, 0.0014802553762058635]], "ideal": "D", "sampled": "D", "correct": true}}
{"type": "result", "data": {"idx": 4, "options": ["causes the equilibrium price to be artificially high", "causes the equilibrium price to be artificially low", "exists when markets cannot reach equilibrium", "results in an equilibrium that does not maximize the total benefit to society"], "probs": [[0.0033443502168861135, 0.22245645284161839, 0.009237613117214024, 0.7649615837242815], [0.0010418772966790466, 0.036206885490053096, 0.9621618208784443, 0.0005894162348236052], [0.0013034002962691539, 0.005425758335755083, 0.008174599361636552, 0.9850962419063392], [0.0005528300838150227, 0.006489488186485134, 0.9918909616908648, 0.0010667199388350716], [0.0018131850784299669, 0.9825719142053321, 0.013923597724923518, 0.0016913028913144192], [0.0026425707783117973, 0.9868765534418185, 0.007529611745864519, 0.002951263934005184], [0.0026996553336953014, 0.1342606736198179, 0.0058077882959443545, 0.8572318826505424], [0.001056789696300073, 0.037594680853942325, 0.9608167933821035, 0.0005317359676541222], [0.0011525068569041427, 0.0053918690445960375, 0.006580992014588948, 0.9868746319839109], [0.0005154453278969479, 0.006540819296349585, 0.9920863254579483, 0.0008574098178052229], [0.0014204049136893047, 0.9883479125166159, 0.008765408986744947, 0.0014662734829498229], [0.0021443732463165, 0.9897201139340418, 0.005740804882889051, 0.002394707836752663], [0.0007735900025353825, 0.006443694702483361, 0.7846519383579021, 0.20813077683707915], [0.0005189063510939454, 0.007759530763573708, 0.9909718292923039, 0.0007497334930285058], [0.0007542073390105855, 0.0070637885918054906, 0.7892499226968087, 0.20293208127237525], [0.000487651999151239, 0.007464544854262213, 0.9913321191020047, 0.0007156839445818697], [0.005642958616600791, 0.9536604374078629, 0.02231790379200421, 0.01837870008353209], [0.005935100551930713, 0.95011910682251, 0.02384343815255125, 0.020102354373008054], [0.8850724921843189, 0.07943279173036677, 0.031706415376643045, 0.003788300608671259], [0.9483951944207607, 0.04560486895064098, 0.004321509320681046, 0.0016784272079172307], [0.8536622774303351, 0.10151960180598045, 0.040835543914946294, 0.003982576748738116], [0.9353375124041621, 0.05778824722749863, 0.004681324598043774, 0.0021929156702955328], [0.9240573534072164, 0.06942733591376221, 0.003132143749695179, 0.0033831668293262413], [0.9247117536471661, 0.06787878945016841, 0.003389222277153957, 0.004020234525511577]], "ideal": "D", "sampled": "D", "correct": true}}
{"type": "result", "data": {"idx": 5, "options": ["Collusive output levels tend to increase, driving the price above competitive levels.", "Consumer surplus falls as the price is driven downward.", "Collusive output levels tend to decrease, driving the price down to competitive levels.", "Joint profit maximization costs society consumer surplus as the price rises above competitive levels."], "probs": [[0.033083812138493304, 0.03314974605295293, 0.8881263930533748, 0.04564004865517896], [0.0666434963486198, 0.035484625563775046, 0.7576422408343844, 0.1402296371532208], [0.06959299431374649, 0.32383479217175254, 0.08265867458983157, 0.5239135388246694], [0.006732679183225685, 0.039735550420771946, 0.9464692711516918, 0.007062499144310555], [0.007924805676346814, 0.9646093053843892, 0.014693816849371773, 0.012772071989892306], [0.00886408035088187, 0.9446779891062995, 0.03217047759219558, 0.014287452850622995], [0.004087944864902634, 0.17282529164233232, 0.8101867534687632, 0.012900009924001792], [0.007266993367668257, 0.5239195967087268, 0.4029696694056845, 0.06584374041792045], [0.010377544412273185, 0.3563757091747982, 0.1912578722332307, 0.4419888740796979], [0.00748663236994527, 0.3022920788839907, 0.6636583270582855, 0.02656296158777851], [0.00483388780283221, 0.22117712480592033, 0.7519686699085437, 0.022020317382703734], [0.005093725114652405, 0.7413716581307395, 0.23415192308808414, 0.01938269356652396], [0.021884102616700755, 0.0855148742133718, 0.29514414398934585, 0.5974568790805815], [0.0029100374926752746, 0.025568544946817484, 0.9658649213935048, 0.005656496067002424], [0.008342866366480824, 0.028525400794682614, 0.11699177297660626, 0.8461399597622303], [0.007930999450424088, 0.03590279789095106, 0.8891522544317042, 0.06701394812692058], [0.009314156231894733, 0.7970540008340133, 0.17435585139244147, 0.019275991441650465], [0.005606586033021805, 0.9392910876713932, 0.03627164681043315, 0.018830679385151785], [0.48509438107422104, 0.3859206179483795, 0.024727944584350705, 0.10425705629304868], [0.18566320976087283, 0.3649430307515507, 0.42518737799462897, 0.0242063813929475], [0.2145796676030069, 0.031967479136975424, 0.715236113982722, 0.038216739177295685], [0.41735739781657333, 0.031763436830600913, 0.5361366051737425, 0.014742560079083207], [0.5318544764065419, 0.04345411644778047, 0.30775476989355227, 0.11693663715212527], [0.7593065857144938, 0.03267955793096053, 0.18596340160477062, 0.022050454649775012]], "ideal": "D", "sampled": "D", "correct": true}}
{"type": "result", "data": {"idx": 6, "options": ["Perfectly horizontal demand curve.", "Highly inelastic demand curve.", "Highly elastic demand curve.", "A demand curve consisting of two discontinuous segments."], "probs": [[0.013760920005936728, 0.048537061318215335, 0.07677090122858538, 0.8609311173472626], [0.00441543852648479, 0.022463237948195058, 0.969001415904574, 0.0041199075207461215], [0.013839673301086453, 0.04882322269496558, 0.15476858671983348, 0.7825685171841145], [0.0035759238929383343, 0.018192402545453668, 0.9764459282958664, 0.0017857451657416101], [0.00576684988346306, 0.9730743438798957, 0.01847499992529398, 0.0026838062113472695], [0.006268310919145237, 0.9784483923752372, 0.01189946126205069, 0.0033838353435668724], [0.010522571440635918, 0.031239667148399746, 0.7797930778329198, 0.17844468347804446], [0.004400856432364802, 0.018558195304014587, 0.9732135170658586, 0.003827431097762085], [0.019913422238525533, 0.11587102882703292, 0.021368844750902664, 0.8428467040835389], [0.005806883703289186, 0.07542610651522341, 0.9177879682873372, 0.0009790413941502126], [0.007020918924481632, 0.9677187533568486, 0.01697852043184507, 0.008281807186824676], [0.006724389206767575, 0.9332433305469651, 0.05855352782001366, 0.0014787523262537094], [0.005626567719358135, 0.02690087819462362, 0.8757542963493856, 0.09171825763663267], [0.0033625863591249055, 0.01632178997329113, 0.9773912729220142, 0.0029243506455696854], [0.013458321020058148, 0.1271591349619031, 0.023996079606354605, 0.8353864643116842], [0.004329904210392357, 0.07394930314113808, 0.9208870620316777, 0.0008337305167918976], [0.004646158491125947, 0.9769781822474094, 0.012632703562160152, 0.005742955599304554], [0.004213304117690134, 0.9495122114515829, 0.044947335852950944, 0.0013271484777760197], [0.9252183794842821, 0.049895516752499404, 0.02122447448247404, 0.003661629180744488], [0.9268663507390262, 0.05799372482838623, 0.00996687726955494, 0.005173047063032588], [0.9020220077364892, 0.08277901691291187, 0.010085133474516929, 0.0051138417760819765], [0.8783178122556409, 0.09796901561495483, 0.02283403409869967, 0.0008791379307045757], [0.9195283710378828, 0.06469137263101844, 0.011558739542653846, 0.004221516688444963], [0.8784376403274333, 0.07631523407125894, 0.044016928321760615, 0.0012301971795470983]], "ideal": "D", "sampled": "D", "correct": true}}
{"type": "result", "data": {"idx": 7, "options": ["Higher risk job.", "Investment in human capital.", "Increase in production of SUVs.", "Racial discrimination."], "probs": [[0.0019054361041236862, 0.008550571131939803, 0.9722746311758855, 0.017269361488050933], [0.0016955994178421165, 0.006769386163594989, 0.705903713466162, 0.2856313008524009], [0.0023966885229091284, 0.9123076350841265, 0.0076754992445252765, 0.07762017704843907], [0.0025061778546632894, 0.9602540067350385, 0.03052669928201658, 0.006713116028281687], [0.00256870340547194, 0.44791871794960464, 0.010896034656892022, 0.5386165438880314], [0.00309905923741087, 0.15932431904490907, 0.8330980585041783, 0.004478563113501758], [0.0018056355143926872, 0.010162942365052535, 0.9732472843568004, 0.014784137663754375], [0.001409205263112444, 0.007934654155678563, 0.5257940308359434, 0.46486210964526553], [0.00240915491140449, 0.939292660116493, 0.023946565930119658, 0.034351618941982756], [0.0027081846283937123, 0.938717696415706, 0.04651805177581602, 0.012056067080084271], [0.0015285569144759036, 0.10439044269918749, 0.015188807974769514, 0.8788921923115671], [0.0021399258787865917, 0.03381449233517423, 0.9563295492906705, 0.00771603239536866], [0.5076473759354773, 0.0374636598664328, 0.005290489909394734, 0.4495984741886952], [0.17629534082456597, 0.06396457785012029, 0.7541111698983864, 0.005628911326927343], [0.21818776954845923, 0.020047160348923523, 0.019798923761254292, 0.7419661462413629], [0.05408617561864513, 0.027689455532541374, 0.9087359473934961, 0.00948842135531745], [0.6144331238616683, 0.37397889161093334, 0.008099547773221624, 0.003488436654176786], [0.6370701223076256, 0.34793037610994276, 0.0063889438038203525, 0.008610557678611281], [0.01904742711344442, 0.03228211265774221, 0.005412512694624726, 0.9432579474341887], [0.00673645623740873, 0.03427615026892876, 0.9547993414787577, 0.004188051914904771], [0.03865637795444828, 0.02731447597363314, 0.02149653899160458, 0.912532606980314], [0.007860406081512396, 0.02297761971895043, 0.9607813088906907, 0.008380665208846495], [0.04096097165661565, 0.9445040579000701, 0.010038714001982672, 0.004496256341331548], [0.03080989935612293, 0.9495308882888163, 0.0078525425595729, 0.011806669695487892]], "ideal": "C", "sampled": "C", "correct": true}}
{"type": "result", "data": {"idx": 8, "options": ["all requirements for price discrimination", "required in order for a firm to earn short-run profits", "all sources of elastic demand", "all barriers to entry"], "probs": [[0.4055731095567359, 0.46656027656416127, 0.05664217147710869, 0.07122444230199414], [0.33342167560977853, 0.5229495736468825, 0.13901117371442945, 0.004617576928909419], [0.2600973076160366, 0.11072092293351835, 0.5957783748549449, 0.033403394495500116], [0.10779480795668675, 0.06632541218221649, 0.6358012651135694, 0.1900785146475273], [0.13016700857511532, 0.3696017470308729, 0.49555353047462614, 0.004677713819385707], [0.2122207519737315, 0.5340377906712899, 0.03386825834081209, 0.2198731989141666], [0.11588688754818857, 0.4184299015565089, 0.05228668331475304, 0.41339652748054945], [0.08656632858373968, 0.4934881775005858, 0.4134573262590133, 0.006488167556661183], [0.06446325225373951, 0.08277618385846713, 0.08675883968078271, 0.7660017241070106], [0.017384199926499828, 0.06658563241330655, 0.8793660309527369, 0.03666413660745671], [0.0745029561709719, 0.813154977028849, 0.10680042003202744, 0.005541646668151686], [0.0846238584029837, 0.8844521053037464, 0.016050437478653187, 0.01487359871461667], [0.005731967122440681, 0.1428387275359963, 0.8186295406630669, 0.032799764578496086], [0.004321248951944127, 0.06951476231461451, 0.8837691630343142, 0.042394825599127176], [0.008084792793567998, 0.7347149389008147, 0.18986739569991926, 0.06733287250569801], [0.007142422134651839, 0.5853324815392862, 0.3931774389026777, 0.014347657323384297], [0.004465480164099332, 0.8068761516655237, 0.12640413158001199, 0.062254236490364934], [0.004420931947121672, 0.7733029180362253, 0.20965698505743932, 0.012619164859213647], [0.0635373581366023, 0.15294494959907243, 0.7808894975759991, 0.002628194588326104], [0.26901688467584717, 0.35390498307781315, 0.02484598318268047, 0.35223214896365923], [0.07627164493577769, 0.7454025668283317, 0.17335945188480587, 0.004966336251084735], [0.0794593898983314, 0.8896845992015765, 0.02141040333236773, 0.009445607467724403], [0.16718499298515607, 0.04599526879478266, 0.12229381454893717, 0.664525923571124], [0.0964605064059842, 0.051464107183235776, 0.8409651578876891, 0.011110228423090871]], "ideal": "D", "sampled": "D", "correct": true}}
{"type": "result", "data": {"idx": 9, "options": ["increasing-cost industry", "constant-cost industry", "decreasing-cost industry", "profit-making industry"], "probs": [[0.016691118725822962, 0.17040542020293845, 0.7046569690097585, 0.1082464919614801], [0.021249261305385916, 0.20697773040565884, 0.6770899471694758, 0.09468306101947947], [0.02157819506746325, 0.5808827508591126, 0.20632799151124645, 0.1912110624621777], [0.015020925751963747, 0.47970688976789816, 0.4637430659620038, 0.041529118418134225], [0.015664305127894053, 0.6539429255010388, 0.19998844934520296, 0.1304043199258642], [0.013281038750704658, 0.8056892624281089, 0.15082047639401414, 0.030209222327172318], [0.05826232144105832, 0.07985239385924972, 0.6941345255783327, 0.1677507590213593], [0.05664031249195411, 0.06846968879961002, 0.8075003087271916, 0.0673896898812443], [0.06678770383703515, 0.4879036123767378, 0.276953724001953, 0.168354959684274], [0.04535047184910024, 0.2535726342761498, 0.6722063196156126, 0.028870574159137324], [0.03421812851222309, 0.9071814349341585, 0.029057692516984802, 0.029542743936633618], [0.03530859992888678, 0.8790702337516414, 0.06150699113914148, 0.024114175080330306], [0.07240142359018052, 0.12940835232682474, 0.46503335024435244, 0.3331568737386423], [0.03346559740120497, 0.1024764690168938, 0.7989343314683094, 0.06512360201359185], [0.04650484588110801, 0.24843549253836844, 0.5162212463638801, 0.18883841511664343], [0.02833251250625371, 0.14085326930008527, 0.7907912642002052, 0.04002295389345579], [0.022139294359435263, 0.8406540264178922, 0.09544710938447246, 0.041759569738200004], [0.02469721226987991, 0.747613840218249, 0.18254166669676367, 0.04514728071510749], [0.7665017899588792, 0.03197357082027516, 0.1532531987964829, 0.04827144032436276], [0.8151692489131516, 0.03617861006971691, 0.1269254346107195, 0.021726706306411978], [0.8561347913512105, 0.08106287004128547, 0.024278849903573724, 0.03852348860393027], [0.8150674437875397, 0.08950893201751826, 0.06686740641946537, 0.028556217675476687], [0.9154286093796918, 0.04938281543150715, 0.018553956753735668, 0.016634618335065292], [0.8985463189335217, 0.05080573188029786, 0.03482380949223668, 0.015824139593943742]], "ideal": "B", "sampled": "D", "correct": false}}
{"type": "result", "data": {"idx": 10, "options": ["Amount of wood used to make a desk.", "Number of pickles put on a sandwich.", "The size of a McDonald\u2019s kitchen.", "Number of teacher\u2019s assistants in local high schools."], "probs": [[0.007357133722461938, 0.028943446263828953, 0.8060396671696092, 0.15765975274409993], [0.001894715745230081, 0.0180116418695976, 0.9667213156411987, 0.013372326643973665], [0.015342228515716443, 0.5879031812627397, 0.03273371866469984, 0.3640208714568441], [0.004322236004148421, 0.12273741700871713, 0.8637789619710345, 0.009161384916099864], [0.004543888521809526, 0.9479301862231576, 0.020518907043077732, 0.027007018111955133], [0.005519614487120378, 0.4685087541668887, 0.5127125155927315, 0.013259115653259471], [0.002192787214163938, 0.868049623296825, 0.11416014267624537, 0.015597446712765653], [0.0017879892423113657, 0.6389252394792909, 0.34857939862800674, 0.010707372550391045], [0.0029919973255457246, 0.06514443793196369, 0.9051539172780255, 0.026709647364465055], [0.002373202192685133, 0.11462226290063574, 0.8519587353275787, 0.031045799479100473], [0.002162104183593257, 0.14852965982850053, 0.8326771043276436, 0.016631131560262614], [0.0025372507264890044, 0.5674127208733875, 0.39444202433204767, 0.03560800396807582], [0.03961129902962815, 0.4776413791630512, 0.2334145631416813, 0.24933275856563933], [0.008795526467574288, 0.1256009275371027, 0.8436248867310661, 0.0219786591642569], [0.013457068545465946, 0.04709545303151991, 0.8210023258456302, 0.118445152477384], [0.005962053565141528, 0.04146975129746068, 0.8927109516549616, 0.05985724338243623], [0.01798089207543263, 0.35707336394588707, 0.5867859676878029, 0.03815977619087735], [0.01732493127243826, 0.45271347262230827, 0.4102750863367166, 0.11968650966853683], [0.01955611393817606, 0.8356022019995528, 0.03029414373311323, 0.11454754022915795], [0.010525813207551875, 0.2680452733809832, 0.7047106544187334, 0.01671825889273154], [0.0057879120453101784, 0.03783405343735012, 0.9154891124337481, 0.04088892198359164], [0.01761888097884714, 0.07380793754254007, 0.636402467539518, 0.27217071383909475], [0.0111252181013627, 0.44253417762686953, 0.5239981998649795, 0.022342404306788178], [0.017053579317829786, 0.7519862615299941, 0.06094442388881934, 0.17001573516335666]], "ideal": "C", "sampled": "D", "correct": false}}
{"type": "result", "data": {"idx": 11, "options": ["Price rises, but quantity is ambiguous.", "Price falls, but quantity is ambiguous.", "Price is ambiguous, but quantity rises.", "Price is ambiguous, but quantity falls."], "probs": [[0.15699166612296972, 0.38620633561287626, 0.36787769982249163, 0.08892429834166238], [0.1462881139711498, 0.38925684074527894, 0.1968279212043737, 0.2676271239791976], [0.21229153473989543, 0.4752999157113645, 0.29017373376094563, 0.022234815687794462], [0.12765606221979067, 0.4977955109052081, 0.3260120274550056, 0.04853639931999558], [0.16655221611839557, 0.353043197445601, 0.44930519696051974, 0.031099389375483736], [0.013907026316792123, 0.1749869562046542, 0.7960502400713241, 0.015055777307229597], [0.017881100429336185, 0.661563017811461, 0.27110686037061443, 0.04944902128858839], [0.016158057552354964, 0.715777739655261, 0.1557020233428618, 0.11236217934952221], [0.01355612314461916, 0.19940051972978245, 0.7760507673231367, 0.010992589702461641], [0.018410020717235624, 0.26258744759776825, 0.5095029273500383, 0.20949960423495786], [0.014731759286307492, 0.1972835372784343, 0.7739089173826907, 0.014075785952567439], [0.017038118717444397, 0.284120032385113, 0.5343158452454883, 0.1645260035519543], [0.008427813098903888, 0.790331788912335, 0.17738183174675848, 0.023858566142002657], [0.009250186269892812, 0.8084879039968738, 0.157663240061215, 0.024598669572018412], [0.006211145624175809, 0.14601322639916542, 0.839726963301382, 0.008048664575276745], [0.018914487563314684, 0.30345196094033894, 0.4373841366737326, 0.2402494147226137], [0.010788746177071302, 0.17161510883045658, 0.7930573820274752, 0.024538762864996837], [0.014477801763940316, 0.1852122279807416, 0.419906504389957, 0.38040346576536105], [0.011823582230541134, 0.4014400462868202, 0.5610702523563804, 0.025666119026258236], [0.015275709095289492, 0.4102094360219468, 0.5428728708461673, 0.03164198393659636], [0.009554530964572198, 0.36755170248520996, 0.6006423530816578, 0.022251413368560076], [0.019813950881459826, 0.4623962588623124, 0.47270389858334977, 0.04508589157287799], [0.013188311460367004, 0.31751300994354953, 0.6209726755545878, 0.04832600294149569], [0.014569057177355302, 0.31204462106393993, 0.5913267742089557, 0.08205954744974898]], "ideal": "C", "sampled": "A", "correct": false}}
{"type": "result", "data": {"idx": 12, "options": ["A bumper crop of oranges in Florida", "A decrease in the price of Tang", "Expectations of lower future prices for orange juice", "Expectations of higher future income among juice drinkers"], "probs": [[0.8468421571566274, 0.1211934518656143, 0.03130361391202913, 0.0006607769657291614], [0.8854060745793159, 0.10755822055189357, 0.00475346170643342, 0.002282243062357154], [0.8284893157791344, 0.16730410106779703, 0.003775834394296574, 0.00043074865877194753], [0.7544712666379311, 0.2416257339764806, 0.0030120383983293195, 0.0008909608872590302], [0.8741895119306666, 0.12037119488172228, 0.004174989724052965, 0.0012643033635580912], [0.7264057671816356, 0.23248810035349057, 0.03877482018809079, 0.0023313121767829627], [0.02616909036069169, 0.7904982829875181, 0.18165700862484258, 0.0016756179269476076], [0.033620716827962, 0.9251967107531349, 0.028986819193460342, 0.012195753125442693], [0.015745433031175204, 0.40057700831108856, 0.581718742247503, 0.001958816310233304], [0.04182598052816342, 0.8983808880478613, 0.01412772127464308, 0.04566541004933218], [0.010002900551850515, 0.07460690070117988, 0.9077654213718312, 0.007624777275138359], [0.014367609633987212, 0.1114658074382648, 0.8287389001469306, 0.04542768268081741], [0.03263774959352011, 0.9196309651922421, 0.04496210541041825, 0.002769179703819542], [0.07289115275976642, 0.9111506598748335, 0.012089880382395198, 0.0038683068830049462], [0.04736284899229869, 0.1668832876019085, 0.7826243638019152, 0.0031294995038775326], [0.6643738684104055, 0.24336252877511444, 0.015856968089684554, 0.07640663462479558], [0.016862165850275043, 0.06322344689465079, 0.9137029596236227, 0.006211427531451509], [0.5850116609942027, 0.16552071271671667, 0.08154504000325144, 0.1679225861858292], [0.028136718240243056, 0.9419924979950701, 0.023330536639049812, 0.006540247025636954], [0.045667824398996616, 0.9191873273832772, 0.031390626667355356, 0.0037542214503708273], [0.04771472020687463, 0.13725287865794716, 0.8071665560080057, 0.00786584502717256], [0.24760208929237498, 0.20582815926017867, 0.5079025010707363, 0.03866725027671003], [0.008812096412207013, 0.4320556738270584, 0.5536960045249496, 0.005436225135785013], [0.012778222282817749, 0.9130429496237309, 0.04322591644971078, 0.03095291154374051]], "ideal": "D", "sampled": "A", "correct": false}}
{"type": "result", "data": {"idx": 13, "options": ["Demand is downward-sloping.", "The demand curve lies above the marginal revenue curve.", "Price is determined by the equilibrium in the entire market.", "Average revenue differs from price."], "probs": [[0.03132600131272646, 0.07414730895744004, 0.8877440107229412, 0.006782678906892289], [0.2083008299193363, 0.19364471720352244, 0.02112948869387555, 0.5769249640832657], [0.023430211074408517, 0.9325734815686411, 0.038337542960241215, 0.0056587642967092225], [0.03612853650242362, 0.9294833108413781, 0.022271877546584464, 0.012116275009613717], [0.13580844412019755, 0.05551062771915432, 0.12763774964297842, 0.6810431784176697], [0.0084863529351625, 0.011351863952934565, 0.9737008895218447, 0.006460893490058141], [0.020412138537442847, 0.18240896412796945, 0.790595907752437, 0.006582989482150637], [0.06320191527281763, 0.5794595207137542, 0.027844516250939286, 0.32949404766248885], [0.023569160079097814, 0.38167588258269536, 0.5847623831761086, 0.009992574062098216], [0.05133327077064202, 0.628549633005924, 0.03967688590011763, 0.28044021022331633], [0.0228781257640451, 0.042500463491683786, 0.7065973442873964, 0.22802406635687475], [0.013889248145198513, 0.034174056321696546, 0.8530618912999054, 0.09887480413319952], [0.465343664611685, 0.3869413770213728, 0.13641316878774898, 0.011301789479193185], [0.5204623607477874, 0.3944160986108288, 0.052334964681046994, 0.03278657586033681], [0.28975687885261986, 0.2353402643307157, 0.4630230003535052, 0.011879856363159282], [0.3958859888770912, 0.3073394710762226, 0.08101003918024076, 0.2157645007664454], [0.25933269533154685, 0.11110713704296099, 0.5711568784902991, 0.05840328903519306], [0.3269797362650208, 0.1347337554181118, 0.34258703414909547, 0.1956994740677719], [0.010393305992439802, 0.503311842432245, 0.08630860826650798, 0.39998624320880716], [0.003317189436529673, 0.036867346988601814, 0.9565224148510404, 0.0032930486238281673], [0.008930769781591706, 0.11704960238671468, 0.48747431532915536, 0.38654531240253825], [0.005583714224964936, 0.059684567119692576, 0.9246917361750883, 0.01003998238025417], [0.0032950345683438417, 0.9689700912489846, 0.021994000158947796, 0.005740873923723727], [0.0037558149236485137, 0.9672744441354468, 0.02030070970135498, 0.00866903113954968]], "ideal": "C", "sampled": "C", "correct": true}}
{"type": "result", "data": {"idx": 14, "options": ["money.", "plant and equipment.", "where the central government is located.", "the center of the economy."], "probs": [[0.0014568904956995398, 0.9955961756573772, 0.0024221961048129445, 0.0005247376421102306], [0.001458349053038162, 0.9952792905328747, 0.002856469014428789, 0.00040589129965838884], [0.0008919943571942214, 0.0042330342402507855, 0.9943021232340348, 0.0005728480685201553], [0.0006420121922613547, 0.001895439954104741, 0.0004114751741974178, 0.9970510725794365], [0.0008065077813813132, 0.003947849151803574, 0.9948295362141749, 0.0004161067526401475], [0.000824314247527782, 0.0017807697614007287, 0.000466249902632181, 0.9969286659884393], [0.9804381313013522, 0.01844210844626397, 0.0009006086239146568, 0.00021915152846918665], [0.9796825966697156, 0.019153062410585765, 0.0009883484155501, 0.00017599240414852157], [0.9871689854954375, 0.009941128261539397, 0.00258127883998346, 0.0003086073030395601], [0.9861844478378359, 0.011179407463160285, 0.0015519608744216085, 0.0010841837245822276], [0.9853626155130797, 0.011327744077044533, 0.0030355755140537956, 0.00027406479582193317], [0.9829704448269104, 0.013759247423204855, 0.0015835720570019436, 0.001686735592882793], [0.00047129771212866417, 0.010745760375672243, 0.9884094631746368, 0.00037347863756219933], [0.0005147448745590438, 0.0053397001644882695, 0.0003511049094815921, 0.993794449951471], [0.000981073467213816, 0.9883728521722799, 0.009751273218820257, 0.0008948010416860088], [0.0013225330631102177, 0.9932320244173239, 0.003769452252623984, 0.0016759901669417875], [0.00019804549576389147, 0.0012444433375957667, 0.023950829818307706, 0.9746066812483326], [0.0005203420438749893, 0.004195959887774921, 0.9936276946266434, 0.0016560033417067365], [0.0004271587287578832, 0.007761421635767532, 0.9915033608627895, 0.00030805867268513475], [0.0005710167073618826, 0.003244864534202675, 0.00042112279387013896, 0.9957629958645653], [0.0007414674306862687, 0.9877540649115467, 0.01088910504007705, 0.0006153625176899995], [0.001081846364927674, 0.9936180786476437, 0.0036606025361974057, 0.0016394723512312185], [0.0002171569995200559, 0.0011947697795677782, 0.040678822530641444, 0.9579092505902708], [0.0006373304497040529, 0.0039100562271196905, 0.9934867992302926, 0.001965813992883693]], "ideal": "B", "sampled": "B", "correct": true}}
{"type": "result", "data": {"idx": 15, "options": ["Ray pulls weeds, since he has absolute advantage in cooking.", "Dorothy pulls weeds, since she has absolute advantage in cooking.", "Dorothy cooks, since she has comparative advantage in cooking.", "Ray cooks, since he has comparative advantage in cooking."], "probs": [[0.007822053179508567, 0.04106440339604041, 0.9250436543294205, 0.026069888995030478], [0.016679680004313954, 0.044082477766491136, 0.896253468185917, 0.04298437394327795], [0.0381279166885739, 0.48993909108981193, 0.28377851226893425, 0.18815447985267994], [0.0336951600840088, 0.5300499598878323, 0.3706735830132439, 0.06558129691491497], [0.015014961472253755, 0.8601513568208113, 0.06937831691240622, 0.05545536469452869], [0.016569858816486926, 0.8419431054965758, 0.12527549568909363, 0.016211539897843578], [0.009630795183074109, 0.04097013035302872, 0.908166758064794, 0.041232316299103206], [0.012627516128760194, 0.050497528913000904, 0.8779440652139825, 0.0589308896442564], [0.01112554163294684, 0.7974918132942168, 0.1176169476180619, 0.07376569735477444], [0.012585446096605895, 0.7416685139949822, 0.19513167220863312, 0.05061436759977873], [0.019305955688609613, 0.7828318505056868, 0.13495278407383773, 0.06290940963186584], [0.01610179239312551, 0.7924348681654534, 0.16250076827830498, 0.028962571063116085], [0.08183902867090513, 0.13647696984581692, 0.581761326512394, 0.19992267487088392], [0.11149361648002631, 0.1603446847245497, 0.641798772854925, 0.08636292584049898], [0.10868390891397742, 0.29041171720130227, 0.23185511449317214, 0.36904925929154814], [0.10414847195261982, 0.28863575483587417, 0.5500310578726616, 0.05718471523884444], [0.06563299246419275, 0.18333596262493157, 0.6426034068806614, 0.10842763793021429], [0.04860023328546273, 0.15490604982968617, 0.7199051901066505, 0.07658852667820053], [0.19393806157556925, 0.30227631327467347, 0.23572959003475377, 0.26805603501500347], [0.287829472623977, 0.3514405360791574, 0.32602156784209907, 0.034708423354766545], [0.24425750240453795, 0.18533798498034845, 0.323528041702103, 0.24687647081301062], [0.20806396642964778, 0.1842644734984058, 0.5524536144293115, 0.05521794554263485], [0.11205044554618727, 0.14664307453720227, 0.6653568247093512, 0.07594965510725923], [0.06118061955613173, 0.16677285232149217, 0.7057918099117263, 0.06625471811064983]], "ideal": "D", "sampled": "D", "correct": true}}
