{"type": "result", "data": {"idx": 0, "options": ["includes two or more alternatives", "classifies subjects", "affirms the antecedent or denies the consequent", "leads to a valid conclusion"], "probs": [[0.5324388865882549, 0.3112806749982698, 0.14316025708209232, 0.013120181231383013], [0.666965515583727, 0.2918413752168049, 0.03396015468443413, 0.0072329544150340035], [0.32562777396760506, 0.6498737930601652, 0.016469912601850514, 0.008028520270379208], [0.2847007804818952, 0.6954730733861306, 0.017782984262405755, 0.0020431617695684575], [0.6976644426847644, 0.27583277968031433, 0.019929476328190088, 0.00657330120673123], [0.49814351090224, 0.2589043620900146, 0.2408179567906512, 0.0021341701170941273], [0.003827671246866932, 0.9701653013795201, 0.020211772145019354, 0.005795255128593664], [0.002799376613552782, 0.9767697457070509, 0.016749229288265277, 0.003681648291131025], [0.001887009713298558, 0.0312555526333609, 0.9631872778297631, 0.0036701597235774537], [0.002670594538054004, 0.023159191419871467, 0.005609799275159685, 0.9685604146669148], [0.0008190694692551235, 0.011063414888747113, 0.9868178602133402, 0.0012996553286575884], [0.0014212967829777673, 0.007185189412628524, 0.005752755523778978, 0.9856407581806147], [0.008047023914694194, 0.9640655073203127, 0.02171213027720795, 0.006175338387785182], [0.005530142547956342, 0.9784240697427214, 0.012965310190041619, 0.003080477419280628], [0.0032095394357954964, 0.03597710258633974, 0.9555164514553418, 0.005296906422522972], [0.0038493867752390143, 0.01976654223476054, 0.009452112555506686, 0.9669319583344937], [0.003831143827782563, 0.024463292875256937, 0.9682403469617163, 0.003465216235244181], [0.0048570758570387375, 0.017019634802970706, 0.004936406852721282, 0.9731868823872692], [0.00199527951806944, 0.9833745081598638, 0.011127226413671245, 0.0035029858083954328], [0.0018380164292781072, 0.9789850653859093, 0.017435740576269544, 0.0017411775085429504], [0.00114860356371372, 0.01588455132093237, 0.9812946402860194, 0.001672204729334436], [0.0020198237271246873, 0.012315794614995225, 0.008111090260652529, 0.9775532912972276], [0.0015624962621846878, 0.10005685457337198, 0.8963255605080507, 0.0020550885563926607], [0.0031343134216363757, 0.05128775400369617, 0.003608145654928337, 0.9419697868197391]], "ideal": "A", "sampled": "A", "correct": true}}
{"type": "result", "data": {"idx": 1, "options": ["Changing the meaning of a word or phrase from one part of the argument to another.", "Confusing figurative language with literal language.", "Reasoning that ideas presented in an appealing manner are correct, regardless of the content of the message.", "Using emotionally charged language to create an impression about the subject of a claim, without making an argument that the language fits the subject."], "probs": [[0.0002083899483225967, 0.005680886109917403, 0.9925215483942414, 0.0015891754475185391], [0.0003785038469137077, 0.008230064159970426, 0.7058611594267634, 0.2855302724663525], [0.0009360532625909682, 0.984416937218722, 0.0042620635464147676, 0.01038494587227218], [0.0007665898314704707, 0.9870717542306199, 0.01153057349948436, 0.0006310823384252937], [0.0009344688925269905, 0.14590347113233712, 0.002581052069542887, 0.850581007805593], [0.001047366312652296, 0.11761995561249322, 0.8806234119128485, 0.0007092660620059286], [0.0002653306708393695, 0.0056342438664633634, 0.9919796459008487, 0.002120779461848492], [0.00045495453223126046, 0.008075770765368822, 0.6454696530079179, 0.345999621594482], [0.0007556249323190797, 0.9884597866376829, 0.005496946412931105, 0.005287641917066954], [0.0007311725020754496, 0.986136729507952, 0.012365252648463367, 0.0007668452415091873], [0.0011089160995148494, 0.3727190103720277, 0.004421078489920195, 0.6217509949385372], [0.001030257740944749, 0.23373973823363411, 0.7643411416669611, 0.0008888622584600019], [0.7613460654790245, 0.07574645661888631, 0.006797648243226577, 0.15610982955886257], [0.8686837469172961, 0.07617568895360262, 0.05336787127012201, 0.001772692758979249], [0.837164603348713, 0.03961556511427993, 0.00801440629321825, 0.11520542514378879], [0.8525813242914653, 0.048628851891036946, 0.09559033089560408, 0.0031994928218937128], [0.8919419194724219, 0.09888509160360887, 0.007652544029082917, 0.0015204447948863854], [0.8977880348452457, 0.09568540613964455, 0.004935271501159556, 0.0015912874139501646], [0.002206078552688924, 0.008747439118240193, 0.0014144810036404974, 0.9876320012254304], [0.0018173135138288665, 0.018107713680442842, 0.9792017507964799, 0.0008732219092484096], [0.0025219878735427076, 0.007145246585624706, 0.001860951093290725, 0.9884718143475418], [0.002066137635979103, 0.014253774651019176, 0.9824155014175876, 0.0012645861954140507], [0.005333025091100057, 0.9827311191290862, 0.009585265218768253, 0.0023505904610455013], [0.00610082777204165, 0.9847471027569653, 0.00615243328674991, 0.0029996360842431567]], "ideal": "C", "sampled": "C", "correct": true}}
{"type": "result", "data": {"idx": 2, "options": ["significance", "snob appeal", "poisoning the well", "appeal to anonymous authority"], "probs": [[0.0001091417519410831, 0.0060541505977455895, 0.9934785940115978, 0.00035811353871552793], [0.00010267883514603476, 0.0015728270706345264, 0.0005817469063582331, 0.9977427470878611], [0.0003278507672477888, 0.99842076730389, 0.000956900875068924, 0.0002944809537933336], [0.0003360594738668397, 0.9982086609538294, 0.0013191833356820516, 0.00013609613662160383], [0.00012005784107786033, 0.001942847511457203, 0.00016052370034093253, 0.997776570847124], [0.00019909764642250826, 0.013969890946263863, 0.9856670085903811, 0.00016400271693250046], [8.630864070247755e-05, 0.0148565086085878, 0.9847237210221439, 0.00033346162856582863], [7.735340262626748e-05, 0.004365069670327551, 0.00042140310972118926, 0.995136173717325], [0.00014248413415774672, 0.9974076893054794, 0.0020914152568974977, 0.00035841120346532406], [0.00011721389088360752, 0.9980346247882447, 0.0013504799730910569, 0.0004976812477806357], [6.515648223433304e-05, 0.003733004098049322, 0.0011446440713212508, 0.9950571952483951], [7.64837400241124e-05, 0.010496993668178502, 0.9887552688294977, 0.0006712536622996992], [0.9840122451678938, 0.015583701403854336, 0.00031499868298991217, 8.90546452619347e-05], [0.9828010207137309, 0.016689317148873443, 0.0004504080027048692, 5.9254034690834365e-05], [0.992720983183793, 0.006298065322665384, 0.0008691817827698432, 0.00011176961077175874], [0.9942661853284723, 0.005035315341462524, 0.0005623294459728081, 0.00013616978409228665], [0.9851921475654394, 0.01396833975211256, 0.0007858493332232037, 5.366324922481463e-05], [0.9917951123870761, 0.007779266606812272, 0.00031735580830072547, 0.00010826509781086688], [0.00012081491347448668, 0.0029370540768009, 0.00011737323267154322, 0.996824757677053], [0.00017329841300684496, 0.019910499889923994, 0.9797384953651873, 0.00017770623188186933], [9.189641538780884e-05, 0.0026307991105136447, 0.0008922539530696747, 0.9963850504210289], [9.833699620111727e-05, 0.00839186232869139, 0.9909476250220274, 0.0005621755530801427], [0.00027842631339648706, 0.9973337498938621, 0.002241952409592809, 0.00014587128314861287], [0.00021630758192080638, 0.9986172885217136, 0.0007799541787523946, 0.00038644961761315054]], "ideal": "C", "sampled": "C", "correct": true}}
{"type": "result", "data": {"idx": 3, "options": ["a specific type of false cause fallacy that argues that since two event happened at the same time one event must have caused the other", "arguing that an event that preceded another event necessarily is the cause of the second event", "arguing that since something is new it is necessarily good", "drawing a conclusion based on a comparison when the items being compared are not similar enough to support the conclusion."], "probs": [[0.000970509997645809, 0.015512609669489889, 0.0021045407960868117, 0.9814123394367775], [0.0006655202663187619, 0.02388562658540112, 0.9745583631970731, 0.0008904898512069709], [0.0007561129016011288, 0.005027454710617372, 0.004522929808114358, 0.9896935024796671], [0.000403434079519045, 0.00890991863847217, 0.9891130628588961, 0.0015735843231126198], [0.0006405603144207583, 0.9848600692375095, 0.013161583622765483, 0.001337786725304272], [0.0007629361510659505, 0.9894361700588414, 0.007294518092624556, 0.002506375597468005], [0.0012514664541416415, 0.04738021635428517, 0.0031242235520563383, 0.9482440935395169], [0.0010807205522529624, 0.05968008368218336, 0.9378048450306143, 0.0014343506349492766], [0.0032344021586408755, 0.012173884980700853, 0.06651057539217918, 0.9180811373684791], [0.0004074635697361686, 0.006530909170401385, 0.9911306253101486, 0.0019310018497137804], [0.0004418660587533019, 0.9833958960059357, 0.014950281285681271, 0.001211956549629743], [0.0005814116857400277, 0.9897818867175716, 0.0072993023945085575, 0.0023373991021798128], [0.0004837666214201539, 0.008608377715468572, 0.0036577332353036197, 0.9872501223278076], [0.0004017461491127691, 0.012814522319290311, 0.9854948452190483, 0.0012888862125486561], [0.0008877160155803353, 0.012594692531217082, 0.016477928369597886, 0.9700396629836047], [0.0002815682266551739, 0.009780926226125516, 0.9888654539058237, 0.0010720515413955882], [0.0003729823673104923, 0.9850331549270468, 0.012325437373976515, 0.002268425231666128], [0.0003900084115870301, 0.9877752053459058, 0.009884618210505479, 0.0019501679320017202], [0.9453409715128528, 0.04701632240343534, 0.0067106191040960965, 0.0009320868796157841], [0.9514491087207024, 0.0441771779169296, 0.002687800413712052, 0.0016859128486559482], [0.9464668240052477, 0.046333980816589536, 0.006308990201354876, 0.0008902048768078128], [0.9556788638757966, 0.03997791490155315, 0.002439644145979117, 0.0019035769766711863], [0.9591433485311484, 0.031519893817877974, 0.004791027440321459, 0.004545730110652258], [0.9567063110350741, 0.03367910949520509, 0.005675827994410529, 0.003938751375310296]], "ideal": "D", "sampled": "D", "correct": true}}
{"type": "result", "data": {"idx": 4, "options": ["arguing that something should be done because that's the way it's been done in the past.", "arguing that an act should be carried out because it will not have any significant consequences, when there is no evidence of the effects", "reasoning that a conclusion is true because it's been claimed so often", "reasoning that a claim is true because so many people believe it is true"], "probs": [[0.009252044379952003, 0.18967649356397812, 0.758799434338998, 0.04227202761707185], [0.011006009261611648, 0.1615313366685251, 0.056708530723297, 0.7707541232465662], [0.009089927230471384, 0.4662625214841664, 0.46608606193250485, 0.058561489252857354], [0.012141528323299507, 0.6748067616542938, 0.20690977205196168, 0.10614193787044499], [0.007068260131094253, 0.059912055711689644, 0.818164833909931, 0.11485485014728512], [0.005116464182615544, 0.06817557766807893, 0.9099978347469624, 0.016710123302343113], [0.008202009360529368, 0.05329175963232612, 0.8644443636516508, 0.07406186725549373], [0.007573487783113413, 0.05293568652409731, 0.02925243073446862, 0.9102383948583207], [0.007820461148520183, 0.6575752667537899, 0.30260942172312305, 0.03199485027456692], [0.009149580029103098, 0.5914820883777191, 0.2867059032238082, 0.1126624282693696], [0.020208866624840185, 0.1318419831834884, 0.4124666023364731, 0.43548254775519835], [0.0022102655410781574, 0.03206188711436922, 0.9570365352185876, 0.008691312025965037], [0.35537274212151904, 0.23284569916295597, 0.3869437416390773, 0.024837816976447696], [0.6089345272853611, 0.2438262425475584, 0.12046156189560998, 0.026777668171470474], [0.2608022292682709, 0.21373534342585923, 0.5066701560211829, 0.018792271184686973], [0.534197815315373, 0.17568335670425803, 0.231050207650307, 0.05906862023006185], [0.3592241010767172, 0.2520345590030882, 0.3618215524316233, 0.026919787388571308], [0.5664775413190902, 0.30060997826289576, 0.085976400113273, 0.04693608020474102], [0.006547292488091435, 0.04719291032374746, 0.8197714998058846, 0.12648829728227648], [0.014887502914622026, 0.08692591927945567, 0.8744332486630467, 0.023753329042875537], [0.02727023613441859, 0.3103622015390202, 0.4687850351455305, 0.19358252708103071], [0.01184881579286368, 0.08801823165889526, 0.8717979844743174, 0.028334967973923618], [0.007753541750084426, 0.9200742908397709, 0.055061266230957556, 0.017110901079187113], [0.008341500805762382, 0.9022385954976475, 0.07144362658226913, 0.017976277014320963]], "ideal": "C", "sampled": "C", "correct": true}}
{"type": "result", "data": {"idx": 5, "options": ["false criteria", "hasty generalization", "ad crumenam", "division"], "probs": [[0.007195438478772403, 0.8230286492701372, 0.02538581642788477, 0.1443900957232056], [0.004238543619183105, 0.8801322689161469, 0.1112034707230576, 0.00442571664161232], [0.005249647641860989, 0.07751902572528055, 0.8733463471776197, 0.04388497935523878], [0.003977087919397742, 0.04750706407604057, 0.8693869988438689, 0.07912884906069273], [0.0018128786744362306, 0.4261517565110219, 0.5705970382815737, 0.0014383264329681919], [0.0019857964638913886, 0.9673543365871822, 0.02070286522129624, 0.009957001627630139], [0.37610099556487087, 0.07336242660211494, 0.11222502093887927, 0.4383115567941349], [0.20143136455127683, 0.06463883840629348, 0.7108649041197552, 0.023064892822674474], [0.39573381895043774, 0.18410565677347537, 0.02239469339900884, 0.39776583077707806], [0.08926665643870922, 0.13051212719955635, 0.773921899882331, 0.006299316379403427], [0.034853414931043436, 0.9372420641729262, 0.01469511124942112, 0.013209409546609235], [0.023495955672016688, 0.933139678538277, 0.04006296871336995, 0.003301396976336449], [0.00813925746248285, 0.05459126926155055, 0.8812377607905262, 0.056031712385440406], [0.005505003219087627, 0.03547417118517789, 0.8467623278429018, 0.11225849765283265], [0.017034028453506805, 0.5747471101364624, 0.016446246537157743, 0.391772614772873], [0.009053160460840357, 0.4745907796293623, 0.5118209137399741, 0.00453514606982328], [0.004982760184845422, 0.7636535181154593, 0.013158358656711736, 0.21820536294298348], [0.004528896455503901, 0.5268301412004578, 0.46676102672617537, 0.0018799355178629562], [0.1830373034623891, 0.07027229210548429, 0.7433209724837351, 0.0033694318483914894], [0.7360659953172746, 0.07897885373141612, 0.02873661740250067, 0.15621853344880865], [0.5709387382956981, 0.4207115863243341, 0.004992010760940078, 0.0033576645190277307], [0.5465490343593914, 0.44189257412960187, 0.010420452103923972, 0.001137939307082778], [0.7088656319137998, 0.15259364018413904, 0.009811013789819861, 0.1287297140122413], [0.5392752847611263, 0.16107107584799832, 0.29790526417430785, 0.0017483751165675524]], "ideal": "D", "sampled": "D", "correct": true}}
{"type": "result", "data": {"idx": 6, "options": ["responding to an argument with an expression of derision instead of a counter argument", "attempts to gain agreement based solely the feelings aroused by the message", "characterizing an opponent's position in such way to make it or its consequences appear to be ridiculous", "arguing actions should be taken to avoid negative results, when those results are exaggerated, unlikely, or irrelevant"], "probs": [[0.0022752635738652054, 0.016536644981267782, 0.9791510339997695, 0.002037057345097426], [0.003275932164498533, 0.010584905948580222, 0.001266416880280587, 0.9848727449066407], [0.033168461016003285, 0.9538302972246258, 0.011959596480166415, 0.001041645179204576], [0.020701152912583145, 0.9606023891715522, 0.017763660970737904, 0.0009327968451267937], [0.003341580111338335, 0.012632849937155684, 0.0014980640690806554, 0.9825275057824253], [0.0014967220751344727, 0.014869204407546372, 0.9820169598575895, 0.0016171135597295775], [0.0007065703910690832, 0.1197502303981155, 0.8776168146116209, 0.0019263844991945737], [0.0010995804164686722, 0.12009633894594315, 0.0037215414355745114, 0.8750825391020136], [0.0006865589562874109, 0.07454620224150608, 0.9224558106505534, 0.0023114280516530967], [0.0010251570826120885, 0.13873132024025547, 0.005583758647397161, 0.8546597639297353], [0.0004549693566479326, 0.006305560431478276, 0.5025037867778082, 0.49073568333406564], [0.0005636161752420392, 0.007700799024787086, 0.8924969908492058, 0.0992385938507651], [0.0048769340669320635, 0.9818248899815755, 0.011351259599901605, 0.0019469162515908798], [0.005139741211839068, 0.9748237625080155, 0.018385263702236667, 0.0016512324779087673], [0.0012950783030720192, 0.01868255067927028, 0.9769278407879433, 0.003094530129714415], [0.001870839114431765, 0.010859507558472313, 0.0019641863946238554, 0.985305466832472], [0.0030317674417300595, 0.040208555155524045, 0.954495742542582, 0.0022639347601639704], [0.004962262398937024, 0.035409493103889404, 0.004218000199167135, 0.9554102441980065], [0.0034606320607778016, 0.05428519664053679, 0.0034648896020779063, 0.9387892815966075], [0.0019548139259851485, 0.04961737175510433, 0.9452372060343137, 0.003190608184596792], [0.0013982224253902245, 0.009459002084574435, 0.12094395043070888, 0.8681988249593264], [0.0009760275650220024, 0.007779186073446661, 0.8540157618219391, 0.13722902443959223], [0.002311424497644529, 0.44303668850049693, 0.5525392084967657, 0.0021126784050927287], [0.0030344542775739562, 0.2919083211529325, 0.007814911124221259, 0.6972423133452723]], "ideal": "A", "sampled": "C", "correct": false}}
{"type": "result", "data": {"idx": 7, "options": ["Appeal to ignorance", "Double negative", "Equivocation", "Burden of proof"], "probs": [[0.9749049215362222, 0.02090313960111665, 0.002759863762188315, 0.0014320750004728536], [0.9752508752275842, 0.021072446769194984, 0.0029157231758764326, 0.0007609547273442848], [0.9746701691786505, 0.022239281308838368, 0.001713809797199663, 0.001376739615311476], [0.9705001505885436, 0.025688543655531977, 0.0034183854671926625, 0.00039292018873175494], [0.9662784986228953, 0.03208702819987078, 0.0012145508146314224, 0.00041992226260255747], [0.9620422251016605, 0.03591376962668299, 0.0018287826336449847, 0.00021522253801148423], [0.0002823860342285909, 0.9951779507744306, 0.0031814322245611775, 0.0013582308667796407], [0.0003624145574482648, 0.9945808745662909, 0.004449234120638907, 0.0006074766556219525], [0.00031475511370212406, 0.007696129635560085, 0.9907035558433828, 0.0012855593073549617], [0.0001545640763645616, 0.003576126566776109, 0.012359004991283963, 0.9839103042655754], [0.0005105447852704187, 0.023884791716122216, 0.975002358129297, 0.0006023052693102854], [0.00022068950147729205, 0.009181421893441033, 0.001817678345139633, 0.988780210159942], [0.00042112860520886804, 0.9968118549821714, 0.0016033670004472705, 0.0011636493121725039], [0.0004113557463653399, 0.9956882361706553, 0.0036105869120829264, 0.0002898210708964697], [0.0004183881825217528, 0.00410329768712908, 0.9941882136825061, 0.0012901003478431004], [0.00029259117203060865, 0.002181865549529821, 0.015587565055635308, 0.9819379781228043], [0.0008080734789859284, 0.02538401388492037, 0.973560954538623, 0.00024695799747073363], [0.0005593671426047824, 0.01652220135542915, 0.0008332883298983795, 0.9820851430720676], [0.001049069277892423, 0.9964269929923627, 0.001653098705655337, 0.0008708389240894679], [0.0006729333512497181, 0.9961421175880748, 0.0028353281988967205, 0.00034962076177871853], [0.0014616451942506294, 0.009628821471846367, 0.9878212888354684, 0.0010882443984345893], [0.0012241895645500967, 0.003363484521737122, 0.003101213392281334, 0.9923111124214314], [0.0015245440132656523, 0.015066258088203877, 0.9830434590025134, 0.00036573879601701804], [0.0018218738068919087, 0.00571509780698204, 0.0012625357128467534, 0.9912004925732792]], "ideal": "A", "sampled": "A", "correct": true}}
{"type": "result", "data": {"idx": 8, "options": ["ignoring another person's arguments and attacking her character instead", "asserting an opposing arguer has taken an easily defeated position, which she has not really taken", "causing confusion during an argument by a lack of ability to engage in refutation", "using threats of harm instead of reasoning to gain agreement"], "probs": [[0.6498971172394497, 0.31521979881261225, 0.026821062740472197, 0.00806202110746596], [0.6159683706281077, 0.3415085806573659, 0.020919476520616376, 0.021603572093909944], [0.7720669938634331, 0.159684219922784, 0.0554661669973418, 0.012782619116440996], [0.7588700031740472, 0.19096018322489283, 0.012954980179632421, 0.03721483332142754], [0.4072593793677012, 0.12855075442120995, 0.42349112502897296, 0.040698741082115936], [0.7355620373878742, 0.1476106963548079, 0.052013628954657484, 0.06481363720266045], [0.0064323023913671964, 0.951126887570977, 0.03215251165534168, 0.010288298282314161], [0.010775836685332272, 0.9447392068202791, 0.023360065338662823, 0.02112489105572578], [0.0027816416304341507, 0.03904805277482276, 0.9522299632563308, 0.005940342238412263], [0.010380921117366307, 0.050079119248285724, 0.009983873151851662, 0.9295560863824963], [0.0031374249160238668, 0.030513215930362745, 0.9553875390459275, 0.010961820007685849], [0.01578596257686652, 0.04440884357855947, 0.02684745232265118, 0.9129577414219229], [0.00481393523507424, 0.8643933461630147, 0.12027060799731461, 0.010522110504596517], [0.007029068531182555, 0.9316618872791415, 0.020819419624466037, 0.040489624465209983], [0.001839729208490235, 0.029259062503493163, 0.9603215193445624, 0.008579688843454107], [0.0058235931014568735, 0.03959659473706061, 0.01096336539876744, 0.943616446662715], [0.0019505945128808562, 0.022171413897980226, 0.9639228148084139, 0.011955176680724974], [0.006800322919574142, 0.02960315757715372, 0.04983608175853129, 0.9137604376447408], [0.006024661167576863, 0.933329606894104, 0.0473709715017921, 0.013274760336526952], [0.006100311332373676, 0.9530930994366348, 0.020312443118170823, 0.020494146012820756], [0.003189610489707352, 0.04408915257310553, 0.9414897382573607, 0.011231498579826374], [0.01010358860287175, 0.051870709500113785, 0.01916893138196141, 0.9188567704150531], [0.0036856396259149823, 0.03041987992639031, 0.9451567327550411, 0.020737747592653618], [0.008611580307973415, 0.02743716149817313, 0.01925209526198008, 0.9446991628318734]], "ideal": "A", "sampled": "A", "correct": true}}
{"type": "result", "data": {"idx": 9, "options": ["Laudatory personality", "Guilt by association", "Reprehensible personality", "Circular reasoning"], "probs": [[0.0005929377469887173, 0.995510489985996, 0.0029634221361267816, 0.0009331500308884895], [0.0005840219171607083, 0.9955059426268936, 0.0033072079984777696, 0.0006028273574678713], [0.0006150876846133906, 0.008635119500991835, 0.9887484869130388, 0.002001305801355955], [0.00039743172136873906, 0.0024974507749563972, 0.0056552533947482105, 0.9914498640089267], [0.000507789776300448, 0.030047671627653257, 0.9690952819104772, 0.0003492565855690312], [0.000700039071143522, 0.017860508581529173, 0.0007164937375106153, 0.9807229585098167], [0.9453692422520407, 0.050971358429062634, 0.0029568194370454192, 0.0007025797818512392], [0.9600452511679309, 0.03816221276272883, 0.0015458128504307162, 0.000246723118909449], [0.970590449697059, 0.026516060895119174, 0.0023273311448700758, 0.0005661581629518009], [0.977192132153864, 0.02112197320904846, 0.0013147988375122074, 0.00037109569957523547], [0.9778369389494356, 0.019395151058291964, 0.0023995727424148123, 0.00036833714985768116], [0.981642356815167, 0.01678485594816901, 0.0012115673055400392, 0.00036121983112401], [0.000467090631972349, 0.011596033283675727, 0.9867896977563445, 0.0011471782280073999], [0.00025541009479953765, 0.002466237414830084, 0.002743498432790197, 0.9945348539575801], [0.0004013639399815952, 0.9956375933517282, 0.003205013454001357, 0.0007560291542888179], [0.00036531578151184, 0.9954289929770318, 0.0032797786125760542, 0.000925912528880271], [0.0002779218123688592, 0.00486235867128714, 0.0012943042349407, 0.9935654151814033], [0.00022884708171597122, 0.015335218740061544, 0.9838375296111815, 0.0005984044670409647], [0.0004922104974434706, 0.02216190833523188, 0.9769043872829274, 0.0004414937843972468], [0.0010172918558453235, 0.010643443704974137, 0.0011986116404043468, 0.9871406526987762], [0.0004264725859013256, 0.993363046662713, 0.005355583776782836, 0.0008548968746028477], [0.00038248436666955447, 0.9949342272265627, 0.003683151332147248, 0.0010001369746204887], [0.0007147319787095007, 0.004325013105394773, 0.0014435796643167546, 0.9935166751515789], [0.0003322347374831801, 0.009429896792827488, 0.9895716282757838, 0.0006662400939055428]], "ideal": "B", "sampled": "B", "correct": true}}
{"type": "result", "data": {"idx": 10, "options": ["Appeal to ignorance", "Extension", "a priori", "Complex question"], "probs": [[0.009411682417660803, 0.047487009533062736, 0.006032185656496535, 0.9370691222927799], [0.003720776743517047, 0.047420500014977655, 0.9468923468884974, 0.0019663762530078835], [0.008177664733941058, 0.03213741873823131, 0.006732510132509439, 0.9529524062953182], [0.009205620741393203, 0.05626944083362836, 0.9318182473991163, 0.0027066909258620713], [0.006132443955509278, 0.9765278187526636, 0.015647845481457503, 0.0016918917103696542], [0.013662228783361294, 0.9737864370138443, 0.010798038512718662, 0.0017532955900757385], [0.0018243022323826306, 0.9767658645621721, 0.008433015544364155, 0.0129768175610811], [0.0012951620031013363, 0.9529595879184464, 0.04418127941191006, 0.001563970566542234], [0.0018185750291781343, 0.020097124168214207, 0.8248983912706059, 0.15318590943200172], [0.0013997424116424803, 0.021462872121346746, 0.960723818602183, 0.01641356676482767], [0.0016073233626539294, 0.22723180810706672, 0.7691107739572942, 0.002050094472985111], [0.001998770104488094, 0.9585742612329567, 0.01619203059732009, 0.023234937965235083], [0.00215646778601771, 0.9195503607849729, 0.011568181054557506, 0.06672499027445192], [0.0015198842174621713, 0.8793525706182141, 0.11783501519762976, 0.001292529866693955], [0.00154224583267769, 0.02813567184526148, 0.8706151133652159, 0.09970696885684491], [0.0012034343682658475, 0.02954061375367397, 0.9585924885502821, 0.010663463227778046], [0.0022603926530992313, 0.3442198520914988, 0.6516411058253649, 0.0018786493300369759], [0.002188338649277952, 0.9601367045714023, 0.013185378998888232, 0.024489577680431515], [0.0027747204786487773, 0.9879408006489163, 0.007545369792661561, 0.0017391089797733565], [0.003475517493958961, 0.9865332163285903, 0.008469983352747998, 0.0015212827247027797], [0.002797262253407335, 0.059186407125884744, 0.9355223281078189, 0.0024940024128890614], [0.01834898604186623, 0.20528287915885227, 0.016555133989500377, 0.7598130007097811], [0.00496388493371081, 0.05989524751156876, 0.9318497259078696, 0.0032911415468507565], [0.011833691075531935, 0.06153025981789092, 0.008863025139080875, 0.9177730238674963]], "ideal": "D", "sampled": "A", "correct": false}}
{"type": "result", "data": {"idx": 11, "options": ["Attacking the Person (ad hominem)", "Equivocation", "Begging the Question", "Appeal to Pity"], "probs": [[0.013333530753754291, 0.31355535177845517, 0.6680100388433755, 0.005101078524415024], [0.05685098159695738, 0.3931247635514342, 0.026840187906474165, 0.5231840668451342], [0.017529235514325673, 0.8137880863387927, 0.16114355036811798, 0.007539127678763599], [0.036171712920930285, 0.7889289464850909, 0.017767530396192405, 0.1571318100977864], [0.029696860080152716, 0.0737605409345897, 0.41286856854754894, 0.48367403033770867], [0.022328067651870485, 0.10935290942496616, 0.6627762341685033, 0.20554278865466002], [0.011886163101378485, 0.3589551558289551, 0.6240458600843218, 0.00511282088534456], [0.046055826476636336, 0.5461281287279657, 0.025033740046998806, 0.38278230464839913], [0.01498910838616595, 0.7465557260590409, 0.23442051691101382, 0.004034648543779388], [0.04300741518453383, 0.7835760106137537, 0.0148652361376111, 0.15855133796410134], [0.01607054483782388, 0.055798672549797264, 0.6269093201942376, 0.3012214623181413], [0.010951857458839918, 0.06265040702311138, 0.8174425644405211, 0.1089551709775276], [0.1404007415635023, 0.6606519412335691, 0.19337340255622953, 0.00557391454669913], [0.2588408099126097, 0.653463211545922, 0.01965283310284321, 0.06804314533862502], [0.09027275092259639, 0.481147965939987, 0.42397748295349763, 0.004601800083918953], [0.3616413290211691, 0.4376603801115039, 0.02311131244832935, 0.17758697831899767], [0.09966998845817387, 0.07369997767218164, 0.6250771004047078, 0.20155293336493674], [0.20740549264264294, 0.08536599575619576, 0.39333406086803047, 0.3138944506331308], [0.008117493513373805, 0.17555168857892142, 0.4158569117320669, 0.4004739060756378], [0.00605008842454516, 0.21889427432659195, 0.6669629113301047, 0.10809272581875821], [0.00753418615248334, 0.2601664454939836, 0.5155016959420983, 0.21679767231143474], [0.004120968760904767, 0.19583408596403132, 0.7609515810214207, 0.039093364153643284], [0.0071510032946498275, 0.3321999152315096, 0.563443982316628, 0.0972050990572126], [0.006978455696279452, 0.4983341228277081, 0.34668042090002477, 0.14800700047598767]], "ideal": "C", "sampled": "C", "correct": true}}
{"type": "result", "data": {"idx": 12, "options": ["Equivocation", "Affirming the Consequent", "Gambler's Fallacy", "Inconsistency"], "probs": [[0.006046162466021445, 0.19131402713967754, 0.761315347460604, 0.04132446283369695], [0.006320090614248845, 0.17788524119536747, 0.6965633923664477, 0.11923127572393599], [0.005680531757541915, 0.7631055751025144, 0.20325441760576798, 0.027959475434175683], [0.0055959270122686545, 0.7940967581386358, 0.08881197682141542, 0.11149533792768009], [0.008622091937186134, 0.3759967084446467, 0.36337205626465, 0.2520091432535171], [0.003951251366419236, 0.14382654122375477, 0.8009941045213231, 0.05122810278850284], [0.038739987291097754, 0.1822652396714997, 0.7251653778597544, 0.05382939507764804], [0.04745653696766387, 0.21318628130047085, 0.5824109380379275, 0.15694624359393766], [0.04437505767470193, 0.8661240951460152, 0.05922153638161523, 0.03027931069766767], [0.0425623065564502, 0.8305631867860355, 0.10529356428961845, 0.021580942267895926], [0.02977110445201709, 0.6689507960604243, 0.16985702512949868, 0.13142107425806], [0.02112270087380981, 0.529164657060282, 0.43077074273547533, 0.018941899230432838], [0.48830252041123545, 0.11783297182002864, 0.36501926304696897, 0.028845244621766932], [0.5331674297092766, 0.11805859382847422, 0.04983808173989689, 0.29893589462235226], [0.34428799435760904, 0.5637011682508279, 0.07150159216130975, 0.02050924513025325], [0.38444304534011225, 0.5425885329273689, 0.05276266122223807, 0.020205760410280847], [0.42962772830869334, 0.321950973429095, 0.060798315626100316, 0.18762298253611132], [0.3707537705937875, 0.2866342706190154, 0.30445594046134905, 0.03815601822584804], [0.028135202193385132, 0.1768361886375992, 0.5061957722501356, 0.28883283681888017], [0.009085614919235563, 0.0932974417548221, 0.8369629752246714, 0.06065396800127091], [0.023737972467228138, 0.37514924789669285, 0.3458080570101932, 0.2553047225258858], [0.015963478666431268, 0.281243454985799, 0.6788195649116981, 0.023973501336071568], [0.008199190674279327, 0.9064547964035918, 0.03019868192781261, 0.055147330894316185], [0.009029304960985942, 0.8084494786970983, 0.16119571659053847, 0.021325499651377255]], "ideal": "D", "sampled": "C", "correct": false}}
{"type": "result", "data": {"idx": 13, "options": ["arguing that something is necessarily bad because it doesn't cost very much", "substituting individual stories for a larger sample when supporting a generalization", "arguing that what is true in nature must be true about humans", "the same thing as the  post hoc  fallacy"], "probs": [[0.0037730278899892737, 0.09837476265533142, 0.8907141855875239, 0.007138023767155371], [0.006885652860058069, 0.4082361438412845, 0.12489005858050166, 0.45998814461815574], [0.007230790081069695, 0.6985283105428349, 0.28896979355812585, 0.0052711057179695014], [0.007298759503595481, 0.920871597735843, 0.049095313601335705, 0.022734329059225792], [0.003534170750838206, 0.013572060355473837, 0.0677706768878484, 0.9151230919058395], [0.0037404489014386637, 0.021327056390228173, 0.9475891999187155, 0.027343294689617707], [0.004079160400068766, 0.06402781062442278, 0.9265826750374264, 0.0053103538380820355], [0.007611184897645612, 0.23231823829401882, 0.04115965496770602, 0.7189109217406295], [0.006075378348340343, 0.9485615839608242, 0.04089961466418507, 0.004463422926650291], [0.004331733313204303, 0.965630296193457, 0.02083933604443808, 0.00919863434890067], [0.004365238307605474, 0.018147962018912212, 0.12380694276942966, 0.8536798568040527], [0.0017498047591431977, 0.014498492152841755, 0.9749726283243393, 0.008779074663675805], [0.13770805877441683, 0.28766421558796706, 0.5677380185850339, 0.006889706952582141], [0.345187529131013, 0.5624034038608541, 0.0581280687371209, 0.03428099817101194], [0.12911698485418208, 0.654184950815352, 0.20508601189579007, 0.01161205233467586], [0.13655208685709366, 0.789943016518216, 0.05312307798345559, 0.020381818541234775], [0.5341494440133431, 0.1565210302082675, 0.26221607940781205, 0.04711344627057743], [0.4227426709514559, 0.13823660434313184, 0.3851411425044548, 0.053879582100957446], [0.0028852027065783426, 0.017965229615348008, 0.03488257230005629, 0.9442669952780174], [0.002165153461094239, 0.02548732045877509, 0.9538541320611258, 0.018493393919004848], [0.0033248335745589643, 0.0352405991763316, 0.038062685483715226, 0.9233718816653942], [0.0013960465628599728, 0.03190131395640554, 0.959864112530862, 0.006838526849872523], [0.00610710833699626, 0.9263695573165058, 0.05033660780179491, 0.01718672644470302], [0.0048853325621568315, 0.8981177369002484, 0.08524127813386678, 0.011755652303727984]], "ideal": "C", "sampled": "C", "correct": true}}
{"type": "result", "data": {"idx": 14, "options": ["Style over substance", "Question begging epithets", "Hypostatization", "Amphiboly"], "probs": [[0.0028129431747657284, 0.9908793892254518, 0.005018263149768516, 0.0012894043500139773], [0.0034683483202445774, 0.9892369247487172, 0.006235473158935415, 0.0010592536721027897], [0.002514693550109378, 0.04197072081721242, 0.9535376325426188, 0.0019769529900593844], [0.013375479106745494, 0.02457395252930951, 0.005121816068417813, 0.9569287521955272], [0.002511540829182505, 0.050975652969505666, 0.9449987169627022, 0.0015140891386095767], [0.009124261202959812, 0.021349310584499157, 0.004849703450834906, 0.9646767246617061], [0.10401162870998706, 0.890469880430897, 0.004266882465360705, 0.001251608293755235], [0.0681823614879319, 0.9253979565982197, 0.0053068253036467295, 0.0011128565102017335], [0.1313994327852169, 0.04807839732211356, 0.8182934807303148, 0.0022286890623547297], [0.046931545848082644, 0.01832070229462133, 0.0036234431094830737, 0.9311243086478129], [0.02236432371848812, 0.04564727801418523, 0.9298885543192376, 0.002099843848089083], [0.020431067085818905, 0.019430269653259377, 0.0028340121934767263, 0.957304650967445], [0.0007496699324866078, 0.5540576736917021, 0.4432622620102382, 0.0019303942655730967], [0.0011450500671145705, 0.9291010670048392, 0.010527629599074127, 0.05922625322897212], [0.0008009115147300632, 0.8816310244698855, 0.11604732416377031, 0.0015207397516141309], [0.0010391536343860733, 0.9217171847831662, 0.007156066266783618, 0.07008759521566407], [0.0004476102331957036, 0.009292311993536709, 0.9837792750563525, 0.006480802616915066], [0.0004984187566744399, 0.011094955777367606, 0.9149359505802912, 0.07347067478566673], [0.0009562053669428879, 0.758398465231485, 0.23942613739737134, 0.001219191904200705], [0.0008507048762965877, 0.9649072548120082, 0.007761830192602297, 0.026480210019092863], [0.001162736454791419, 0.8726969762114006, 0.12524105963004686, 0.000899227603761071], [0.0009712481952887309, 0.9605446464239905, 0.0055464708850194834, 0.03293763439570124], [0.00042570703740967236, 0.00804768378043981, 0.988402625929423, 0.0031239831527275002], [0.0004872711990335167, 0.008993552951003268, 0.923030729268739, 0.06748844648122419]], "ideal": "B", "sampled": "B", "correct": true}}
{"type": "result", "data": {"idx": 15, "options": ["Tu quoque", "Composition", "Appeal to the masses", "Appeal to reason"], "probs": [[0.00031239512509106016, 0.02314122901979104, 0.9754894162748722, 0.001056959480245702], [0.00020650407881152465, 0.006687426121279104, 0.0005272484357149071, 0.9925788212641945], [0.0005596159222884737, 0.9904530234898266, 0.007908323949146598, 0.0010790365387383304], [0.0005038022595099341, 0.9946960110798307, 0.0036373976252365393, 0.001162788935422748], [0.0002036881534123165, 0.0018030371696076944, 0.0032846541894443753, 0.9947086203875356], [0.00014791622907992576, 0.005682659631184735, 0.9929596863256156, 0.0012097377141197044], [0.0005562082751854968, 0.015518975173399516, 0.9822109759711439, 0.00171384048027107], [0.00036561177765980873, 0.005296575337531729, 0.00046234738826047856, 0.9938754653965479], [0.000891291809958441, 0.9962453592311925, 0.0022962708404746617, 0.0005670780183743391], [0.0009116992837323035, 0.9945198570319521, 0.0041202834074976534, 0.0004481601768178999], [0.0006357319181708989, 0.0038110021929763523, 0.002456090680701565, 0.9930971751081512], [0.00022504802647305264, 0.008512918628028384, 0.990750884488194, 0.0005111487573045314], [0.9468546226611215, 0.04536832360862033, 0.006579202403090043, 0.0011978512271681265], [0.9606773257924693, 0.035856583727456766, 0.002555365282998922, 0.0009107250970750237], [0.8973998883632381, 0.10007333679968086, 0.001964242502170164, 0.0005625322349108012], [0.8806216586618367, 0.11563994526926018, 0.0033018758591598064, 0.00043652010974323547], [0.9221646842553931, 0.07578128367728858, 0.0015597359683061254, 0.0004942959990121502], [0.937355478959672, 0.0576472407797898, 0.004547112606846874, 0.0004501675536913056], [0.00027770637461914404, 0.0032334919298077423, 0.003922638692088447, 0.9925661629034847], [0.00022642219054052866, 0.008772121999090604, 0.9896672061636852, 0.0013342495466836654], [0.0003471525285942503, 0.008970292506705566, 0.0014165355867368258, 0.9892660192779633], [0.0003099496815575631, 0.01615771308060116, 0.9832124351113875, 0.0003199020264538549], [0.0004318748572120814, 0.9973258520401851, 0.0016698073671126796, 0.0005724656354900873], [0.00037459599839127506, 0.9951094178266588, 0.004091359833366477, 0.0004246262415833888]], "ideal": "C", "sampled": "C", "correct": true}}
