{"type": "result", "data": {"idx": 0, "options": ["164%", "1.64%", "0.45%", "183%"], "probs": [[0.06342715722114993, 0.3207996463395257, 0.5744028048059917, 0.04137039153333265], [0.13158018150465636, 0.32939962688894325, 0.4965580125834809, 0.04246217892291949], [0.031964519529915705, 0.11644735830333328, 0.8250169153884939, 0.026571206678257155], [0.09394902245026737, 0.1681577326404966, 0.6890378234348232, 0.0488554213744128], [0.07554232075099382, 0.6655739918051947, 0.23083310543114569, 0.02805058191266576], [0.05275993205853996, 0.5031423718170556, 0.2785578750855681, 0.16553982093883637], [0.26210699314851416, 0.1697509000484775, 0.4781080390095302, 0.09003406769347816], [0.20243778804618898, 0.16181721076112998, 0.6137095231910623, 0.022035477901618673], [0.10552425015053099, 0.5055266655887782, 0.3174029015983849, 0.07154618256230583], [0.08660776102714099, 0.4281461504556788, 0.3589056405147702, 0.12634044790241003], [0.047168031418017516, 0.11090519298790212, 0.8299798384037254, 0.011946937090355048], [0.20361815542642206, 0.19952440408502842, 0.53217095527819, 0.06468648511035947], [0.037059583594511045, 0.18453315311016663, 0.636961653100966, 0.14144561009435638], [0.02225430971704244, 0.16756161421494897, 0.7787300653450022, 0.03145401062300636], [0.019631635907644288, 0.6227498812322779, 0.2584971852695246, 0.09912129749055325], [0.017489605301717556, 0.5814263440618511, 0.3148086784021415, 0.08627537213428983], [0.020513843666521803, 0.16068933842702654, 0.7702164620500364, 0.04858035575641533], [0.038290406061778394, 0.1669402817881228, 0.7061586204155613, 0.08861069163453743], [0.09181928196515435, 0.5693049621152225, 0.2940492132252067, 0.04482654259441637], [0.05884865626962103, 0.4371036854165018, 0.3059037900715354, 0.19814386814234175], [0.0682608978722161, 0.39742342985299983, 0.5124565748468843, 0.02185909732789976], [0.033647695131768546, 0.38357024044082083, 0.5604929567524172, 0.02228910757499344], [0.088354745324877, 0.1984378128812629, 0.6380105113048686, 0.07519693038899142], [0.023310457243207013, 0.1367662487742816, 0.822285376900816, 0.01763791698169534]], "ideal": "A", "sampled": "B", "correct": false}}
{"type": "result", "data": {"idx": 1, "options": ["No effect No effect", "No effect Understated", "Understated No effect", "Understated Understated"], "probs": [[0.0019143888339735664, 0.24360547754769576, 0.5962171273038757, 0.158263006214455], [0.0011550930627413029, 0.23303854760302903, 0.7621339873404729, 0.00367237189375675], [0.0042894019746056175, 0.2809895751102024, 0.548444426095528, 0.166276596719664], [0.0012281782650730012, 0.1305492639657553, 0.8625408603362971, 0.0056816973328745884], [0.0020063923183793117, 0.7008183319956472, 0.2685791673738472, 0.028596108212126225], [0.001685563994598147, 0.693822179392723, 0.29193215482015383, 0.012560101692525055], [0.012040049105573807, 0.035211936422908326, 0.8390659280563595, 0.11368208631515833], [0.008634956737679274, 0.04068063286252926, 0.9465947949048509, 0.004089615394940633], [0.06841515468655822, 0.6067076672238464, 0.03335185584513211, 0.2915253221444632], [0.007771234169950937, 0.183714963292697, 0.8066755197155185, 0.0018382827218335583], [0.014942933795738484, 0.9622060050701523, 0.017339602883639726, 0.005511458150469499], [0.009960455390890324, 0.9549040679829323, 0.031656065689346306, 0.003479410836831144], [0.050266374459303154, 0.06954841392777232, 0.7462240540185603, 0.13396115749436424], [0.019761679811709582, 0.04951803043163404, 0.9251747782475279, 0.005545511409128438], [0.2841339691213216, 0.5422818629891442, 0.02789517289924784, 0.1456889948902864], [0.07989253225703573, 0.39995915308257635, 0.5176690895910894, 0.0024792249692985853], [0.02870598348687161, 0.9167783580628868, 0.040798924708859, 0.01371673364138263], [0.018537408902537543, 0.9305193072315812, 0.04770983575156783, 0.0032334480143135103], [0.33559245847728914, 0.2715089755079453, 0.3655128856822184, 0.02738568023254718], [0.2497371551365261, 0.14539415943331102, 0.5948581617401105, 0.010010523590052313], [0.09327721384031054, 0.8848049550508145, 0.014649406913077046, 0.007268424095797949], [0.10959109986922719, 0.821606660259694, 0.06648593591879084, 0.002316303852287993], [0.27168026766206205, 0.6828672936089486, 0.03703498122496833, 0.008417457404021026], [0.32394565816370813, 0.6139647711316203, 0.05943074208533521, 0.0026588285193363853]], "ideal": "B", "sampled": "D", "correct": false}}
{"type": "result", "data": {"idx": 2, "options": ["Nonsampling risk arises from the possibility that, when a substantive test is restricted to a sample, conclusions might be different than if the auditor had tested each item in the population.", "Nonsampling risk can arise because an auditor failed to recognize misstatements.", "Sampling risk is derived from the uncertainty in applying audit procedures to specific risks.", "Sampling risk includes the possibility of selecting audit procedures that are not appropriate to achieve the specific objective."], "probs": [[0.16352808352021186, 0.07108660733669463, 0.6943762846015689, 0.07100902444152465], [0.18744809668051382, 0.061573950421059044, 0.4258949657574047, 0.3250829870410224], [0.4333029557836986, 0.4496120974087493, 0.03555914653305819, 0.08152580017449393], [0.18702463863893526, 0.3733885895381609, 0.4282480534800272, 0.01133871824287664], [0.34556196166284225, 0.25234938417382957, 0.06339577028700856, 0.33869288377631956], [0.05917952792088635, 0.14008926078332562, 0.786207187598091, 0.014524023597696988], [0.002906310007604363, 0.9167431316146933, 0.06451457963545763, 0.01583597864224466], [0.003188655315517467, 0.9237944088969164, 0.038184822437579986, 0.03483211324998605], [0.0037702628884481613, 0.045985661773661736, 0.9442151683099229, 0.006028906927967237], [0.008637432770511577, 0.12825356171736874, 0.2881204131231966, 0.5749885922889231], [0.004989717592017434, 0.059939620669827214, 0.9145265425250851, 0.020544119113070226], [0.006692205260803061, 0.06460783050374885, 0.5071357021963023, 0.4215642619391457], [0.05349884420838219, 0.8408845442088031, 0.04947052371620506, 0.05614608776660969], [0.04722067257178662, 0.685371386729509, 0.2592555536388486, 0.008152386959855717], [0.016171397519197713, 0.029554424584276248, 0.9328305054802392, 0.02144367231628683], [0.09039451042069002, 0.05044542590775911, 0.5327977298798299, 0.32636233369172096], [0.02550354549818404, 0.2208547697759566, 0.739756271602295, 0.013885413023564398], [0.10137246906875542, 0.422205433248051, 0.02792565064334891, 0.4484964469398447], [0.029410250262878926, 0.641766304892451, 0.05986097409826208, 0.26896247064640805], [0.018892271407122643, 0.3176879876577412, 0.6556597935206065, 0.007759947314529575], [0.014302901856743598, 0.04344105238002162, 0.8648026512184318, 0.07745339444480291], [0.01925132555923717, 0.03865300383070442, 0.6736163308091285, 0.26847933970092985], [0.01143873211953941, 0.20479743333197153, 0.7712842282722311, 0.012479606176257936], [0.029287253826920857, 0.3444479851123155, 0.017758770673532615, 0.6085059902872311]], "ideal": "B", "sampled": "A", "correct": false}}
{"type": "result", "data": {"idx": 3, "options": ["Inspect inventory items that were ordered before the year end but arrived after the year end.", "Test internal control activities that were previously reported to management as inadequate.", "Review the client's cutoff bank statements for several months after the year end.", "Compare the latest available interim financial statements with the statements being audited."], "probs": [[0.00131231217538328, 0.012191098995393567, 0.866253314495441, 0.12024327423378219], [0.001336223256735498, 0.016559746658385714, 0.9684874732375078, 0.01361655674737092], [0.0030862582473556058, 0.49808991854942536, 0.017739735864121524, 0.4810840872390975], [0.003148640225172521, 0.29076590691118803, 0.7011288297654813, 0.004956622998158133], [0.0022178983774104903, 0.9127728936018409, 0.018111629405550073, 0.06689757851519858], [0.003059138246108997, 0.6570684578379926, 0.3344164630707442, 0.00545594074515424], [0.0009434955939420016, 0.013053476587492124, 0.8918424136615731, 0.09416061405699275], [0.0008696176868579127, 0.015079560868901732, 0.9759216431304871, 0.008129178213753212], [0.001137497806392952, 0.18479652641468577, 0.0071241656238504834, 0.8069418100550708], [0.0009155219775758228, 0.0768946921468939, 0.9207032807609863, 0.0014865050145440135], [0.0014794995399279324, 0.8656989524615665, 0.022388265024610148, 0.11043328287389545], [0.001869230097953342, 0.5791649683646979, 0.41609260773589085, 0.002873193701457888], [0.007629238871722032, 0.01955320466863253, 0.008510562447734234, 0.9643069939119112], [0.002933906586229576, 0.021033657443270775, 0.9736548536528836, 0.0023775822176159856], [0.0056482094236421174, 0.01191336129713195, 0.006603713195452549, 0.9758347159837734], [0.0018129275370063443, 0.012209341684924675, 0.9841492784584451, 0.0018284522196238338], [0.010200386903906511, 0.9436269436713183, 0.03395311174184713, 0.012219557582928023], [0.007351839061669721, 0.9586620421452998, 0.02545000851093032, 0.008536110182100178], [0.03579734665512842, 0.04271949932142435, 0.029207482469977595, 0.8922756714534696], [0.00655379069492561, 0.03182646857683776, 0.9507125772886401, 0.01090716333959649], [0.026766139712121644, 0.026693839278824346, 0.055782351013852476, 0.8907576698952016], [0.004541901307793084, 0.017033194638843657, 0.9735835982460858, 0.0048413057072775115], [0.05621960040505029, 0.8766180333207209, 0.047704235507546225, 0.019458130666682567], [0.04227776460351049, 0.907303096463145, 0.0381934382694642, 0.012225700563880313]], "ideal": "D", "sampled": "D", "correct": true}}
{"type": "result", "data": {"idx": 4, "options": ["Accounting Standards Updates.", "Emerging Issues Task Force Releases.", "Statements of Financial Accounting Standards.", "Staff Technical Bulletins."], "probs": [[0.8490407341499285, 0.043687987427435106, 0.10358229871602424, 0.003688979606612092], [0.9188588183667594, 0.03329319851173682, 0.009649739518869865, 0.03819824350263393], [0.8970532908269131, 0.08969611420410468, 0.01162561185956896, 0.0016249830094132512], [0.9021888088702306, 0.08608460152883109, 0.010079435683988888, 0.0016471538169494909], [0.9242578128595204, 0.03271525184475733, 0.011172184485324432, 0.03185475071039788], [0.8698302563237161, 0.04238310483482748, 0.08394794219976455, 0.0038386965416918497], [0.004087365471818621, 0.9348514627621167, 0.05551472631419721, 0.005546445351867482], [0.0032051813924242486, 0.9494938245082853, 0.016147471783912633, 0.031153522215377795], [0.0013829815344358846, 0.018513886137613206, 0.9790338810198187, 0.0010692512081322148], [0.0025091092888387154, 0.010835184123855127, 0.0028872125289714063, 0.9837684939583348], [0.0011454888651400209, 0.009154893856477454, 0.986001195751414, 0.0036984214269685078], [0.001436938697805637, 0.004197034324283608, 0.013837598553014613, 0.9805284283248962], [0.001211130827713496, 0.9893987742200857, 0.008080179331864586, 0.0013099155203361759], [0.001166223099745011, 0.9908923258546902, 0.006203956839113775, 0.0017374941064509694], [0.0014256134327217146, 0.011850042368296463, 0.9859304332201103, 0.0007939108788715311], [0.0026064124718369304, 0.0055281358238697615, 0.0016695811805620268, 0.9901958704237313], [0.0008874293075882652, 0.010001425522511891, 0.9883752033377675, 0.0007359417321323225], [0.0016705061347336322, 0.005529139823376534, 0.0023185301805876946, 0.9904818237613021], [0.0015345992256851758, 0.9773211314238109, 0.01081576672915569, 0.01032850252134821], [0.0022498380473804486, 0.9689874483383585, 0.025330971493376306, 0.0034317420208847408], [0.0007176827722172942, 0.009456450228756526, 0.9872001523468663, 0.002625714552159885], [0.0009993446118011166, 0.005043581505791977, 0.01701842591278672, 0.9769386478696201], [0.0007426808377163022, 0.016259214721794212, 0.9821497096541238, 0.0008483946863656107], [0.0017329361158781274, 0.013659308547560594, 0.0036665203373152083, 0.980941234899246]], "ideal": "A", "sampled": "A", "correct": true}}
{"type": "result", "data": {"idx": 5, "options": ["\u2212$3", "\u2212$27", "$3", "$500"], "probs": [[0.02969384628278931, 0.33334681202231, 0.6205289287315446, 0.01643041286335602], [0.02544212989888071, 0.244478219434546, 0.6721467612957636, 0.05793288927080975], [0.021890145717843305, 0.6683982323686709, 0.2794892369895104, 0.030222384823975334], [0.014527538005116315, 0.4037225922017733, 0.5451554361008565, 0.03659443359225388], [0.016896679145996515, 0.24764518681966627, 0.7135299084640763, 0.021928225470260996], [0.02262213411287245, 0.35531031420048564, 0.6069703584494255, 0.015097193137216464], [0.1504790283889681, 0.41417144297732533, 0.4252534659765293, 0.010096062557177272], [0.3115820091021876, 0.36912111086783034, 0.30651942931466414, 0.012777450615317924], [0.21098599231988266, 0.4214912731367209, 0.3615759039972563, 0.005946830446140083], [0.2115404678548531, 0.4163886749759983, 0.359735113821526, 0.012335743247622587], [0.3799653379236574, 0.31893065806217524, 0.2910482308800656, 0.010055773034101774], [0.2476088566374878, 0.3943560502404807, 0.3518273636739779, 0.006207729348053614], [0.031818226924880226, 0.3658071268969679, 0.4901525225790692, 0.11222212349908257], [0.018711979679012544, 0.10893439468754833, 0.7247680604522764, 0.14758556508116272], [0.017926346742589052, 0.38462448617764194, 0.5711124017222328, 0.02633676525753627], [0.014735417960550338, 0.1153342764548199, 0.8505207600337127, 0.019409545450917113], [0.037953179184451784, 0.6505436276346201, 0.21507647551279555, 0.09642671756813245], [0.011419576187459693, 0.13421643794082475, 0.8396694958232346, 0.014694489948480924], [0.010666956984919726, 0.13570768952883858, 0.7776641147483153, 0.0759612386379264], [0.009587040949604385, 0.11800733765699371, 0.863103614407185, 0.009302006886216893], [0.00973248705986835, 0.4712087695860981, 0.4912951780312183, 0.027763565222815284], [0.01347817744763071, 0.47351553502210436, 0.5057806911657787, 0.007225596264486203], [0.024810849448350665, 0.33083749738484763, 0.6106527617704258, 0.03369889129637587], [0.013791802016761216, 0.17136221723402356, 0.7896321231260996, 0.025213857523115578]], "ideal": "C", "sampled": "B", "correct": false}}
{"type": "result", "data": {"idx": 6, "options": ["Overstated Understated", "Understated Overstated", "Overstated No effect", "No effect No effect"], "probs": [[0.01734133982975713, 0.9103609850810495, 0.05633690538188035, 0.01596076960731304], [0.03397327219037354, 0.9026432447553874, 0.04289669455184296, 0.020486788402396164], [0.042994168352132184, 0.16312378909173517, 0.7870081194565983, 0.006873922999534356], [0.26895037115883386, 0.3793732323209449, 0.15874751076351462, 0.19292888565670663], [0.010662082569633911, 0.034520287734331634, 0.9460317250577795, 0.008785904538254896], [0.10102091803897201, 0.056104340071613495, 0.5204041638480084, 0.32247057794140616], [0.04245685480274983, 0.8815714855604406, 0.061687086748012224, 0.014284572788797266], [0.03690549466229436, 0.9153570471510493, 0.036000703670159236, 0.01173675441649713], [0.05341964691511979, 0.16164321021842873, 0.7797112020572782, 0.005225940709173329], [0.2880165385918096, 0.3645068542483594, 0.09988534076575983, 0.24759126629407122], [0.019043845397361245, 0.046528286448612385, 0.9255539168028959, 0.008873951251130413], [0.08986888222376899, 0.061280179378806775, 0.351607477894526, 0.49724346040289824], [0.00363374506168278, 0.6906998246867528, 0.29739848164063487, 0.00826794851092949], [0.00480682333395398, 0.8790736631457827, 0.05115076778968649, 0.0649687456305768], [0.005218037895987673, 0.3506135064090858, 0.6369099052945308, 0.007258550300395718], [0.007076501792881779, 0.7259235923315079, 0.10291699242369591, 0.1640829133519143], [0.0026900489231309324, 0.030808087836955895, 0.906644952106922, 0.05985691103299117], [0.005357718891246532, 0.04937321195529948, 0.7291058713904156, 0.21616319766303832], [0.001657332424096551, 0.17066726523914227, 0.818711766668071, 0.008963635568690188], [0.0034694549689258517, 0.4975047320673894, 0.23138810176911437, 0.2676377110945704], [0.0019522384534402918, 0.24104166926423565, 0.7388952648979353, 0.01811082728438867], [0.0032786422329528038, 0.3997239829735896, 0.3010213196769583, 0.2959760550164993], [0.0015074692413462724, 0.03199826598590032, 0.9260507952634623, 0.040443469409291], [0.0032848972157038057, 0.0903616916839507, 0.7478706234150877, 0.15848278758525783]], "ideal": "D", "sampled": "A", "correct": false}}
{"type": "result", "data": {"idx": 7, "options": ["$100", "$104.29", "$96.71", "$97.33"], "probs": [[0.0018398127289206445, 0.9648553149288285, 0.02964384110645314, 0.0036610311357977566], [0.0017564823228068357, 0.9726879220074577, 0.022565951600049983, 0.0029896439696854467], [0.0016671924910848673, 0.9528573524579703, 0.0409421775985355, 0.004533277352409265], [0.001866957332665883, 0.8775837029843225, 0.11706046287768973, 0.003488876705321867], [0.0019147106840769657, 0.9359547233403296, 0.05760691525936783, 0.004523650616225562], [0.0019968773934492417, 0.6654676275764511, 0.3298686482831265, 0.0026668466469731487], [0.7607609882182284, 0.14016458151223407, 0.09349114783330296, 0.005583282336234664], [0.7925400207229255, 0.133961082676655, 0.06799225568643381, 0.005506640813985669], [0.5859663656590103, 0.29594180877138637, 0.11336489758975399, 0.004726927879849278], [0.4161165027193612, 0.2856132962595915, 0.29002281804445806, 0.008247382876589318], [0.5857624615572361, 0.2890360456032834, 0.12062169286456129, 0.004579799874919227], [0.4034520602605625, 0.2813731970075308, 0.3063924547531338, 0.008782287878772874], [0.34780118368180896, 0.12556701002702217, 0.5214686617736286, 0.0051631444175402295], [0.368210121936466, 0.12299867964941129, 0.5025965963332748, 0.006194601980847933], [0.3044317480956018, 0.5764341606258597, 0.11275667023981543, 0.006377420938723059], [0.2212835512991398, 0.3733941551659371, 0.39724748656795467, 0.00807480686696847], [0.22593921336530065, 0.6529681061562297, 0.1083213086753002, 0.012771371703169493], [0.18158224476895893, 0.64862919753398, 0.158861087975892, 0.010927469621169117], [0.3641827460098187, 0.1536842012026232, 0.4780836476358085, 0.004049405051749555], [0.4385784915044337, 0.16596248937464414, 0.3894381568079454, 0.006020862212976713], [0.22935968223776357, 0.6466682260737847, 0.11889552137950204, 0.005076570208949692], [0.25404234464138575, 0.5010353675031357, 0.23474075229236394, 0.010181535463114628], [0.2162875780552503, 0.6394948213770653, 0.13844187233977776, 0.005775728127906688], [0.23258818527527522, 0.6271374377144653, 0.12339611966968081, 0.016878257240578683]], "ideal": "D", "sampled": "B", "correct": false}}
{"type": "result", "data": {"idx": 8, "options": ["It will be reclassified as an asset held for sale.", "It will be classified as a current asset.", "It will no longer be depreciated.", "It will be valued at historical cost."], "probs": [[0.014751407896234605, 0.272976098580342, 0.5001467382185518, 0.2121257552048715], [0.021680259549976655, 0.3150717837496689, 0.4897146105904481, 0.1735333460099064], [0.016210986329877126, 0.34835484685311596, 0.14559309210214136, 0.4898410746148656], [0.018744173050217843, 0.32625392987633745, 0.49899245697650574, 0.15600943999693898], [0.0323449635188159, 0.44522544903037703, 0.2974928032215947, 0.22493678412921236], [0.030707679914649788, 0.46427178724140256, 0.3487901415236947, 0.15623039122025298], [0.028876298766710277, 0.38189497230578645, 0.4049538037804704, 0.18427492504703288], [0.04092950046691972, 0.4217097805954857, 0.4070456967138147, 0.1303150221237799], [0.02988037283407242, 0.346250079113829, 0.1732664515855856, 0.45060309636651297], [0.08352660260726875, 0.36755867935154735, 0.30082592207491005, 0.24808879586627383], [0.0794282737593056, 0.39275203083056476, 0.2974618517888678, 0.23035784352126185], [0.11588303884315022, 0.38179750235597104, 0.26944865368487647, 0.23287080501600224], [0.02426035484089525, 0.27669942015455823, 0.29095044349828103, 0.40808978140626545], [0.029823928624032832, 0.2509016655000234, 0.5288935820394318, 0.19038082373651194], [0.020854926198912816, 0.30783600528049654, 0.24813066246728363, 0.423178405953307], [0.042742153895762226, 0.31250058437364375, 0.39619775126646134, 0.24855951036413265], [0.07151299288076331, 0.39775458583701206, 0.2515927104941122, 0.2791397106881124], [0.06979061662452882, 0.29983082410675094, 0.3955115675530697, 0.23486699161565056], [0.05816775737303777, 0.4349517377978515, 0.28862171394622677, 0.21825879078288393], [0.09461735580595798, 0.3670115631819981, 0.4309477645119808, 0.10742331640006308], [0.05073423734365433, 0.47957020936322614, 0.25566537546674034, 0.21403017772637922], [0.07173518835780908, 0.4482388793973911, 0.3266298770577911, 0.1533960550870087], [0.1021700060300428, 0.49745910999321363, 0.18357749540611062, 0.21679338847063298], [0.09499552170724058, 0.3833669154213477, 0.33951369177517904, 0.18212387099623267]], "ideal": "D", "sampled": "D", "correct": true}}
{"type": "result", "data": {"idx": 9, "options": ["$28,000", "$132,000", "$160,000", "$188,000"], "probs": [[0.026966480636010336, 0.3738263262949567, 0.5721689483404528, 0.027038244628580073], [0.026855431494411473, 0.3581026196121695, 0.5833088755024296, 0.03173307329098944], [0.01816262318330094, 0.172916649229764, 0.7972547249816484, 0.011666002505286705], [0.028964308317581157, 0.23420604493980776, 0.7187903944722099, 0.018039252170401154], [0.0279913737526082, 0.2883172209434677, 0.6679452370878299, 0.01574616811609411], [0.037684311211646906, 0.3245011033993875, 0.6132190377480082, 0.024595547540957448], [0.027381841854555167, 0.8035017425887325, 0.15877762468256681, 0.010338790774145472], [0.03155459064303016, 0.7380719122272943, 0.22072484902085382, 0.009648648008821674], [0.03749348282195942, 0.2049478622731823, 0.7420095918089993, 0.015549062995858958], [0.06877355996288476, 0.31222009539380224, 0.5715919711182433, 0.04741437342506966], [0.0340987463994011, 0.23737307186831383, 0.7182658548806986, 0.010262326751586465], [0.038443842183719844, 0.33630339032974615, 0.6016809536277934, 0.023571813758740578], [0.012766557429279601, 0.7682270813356104, 0.2125222332266545, 0.006484127908455564], [0.01603522655086112, 0.7576282358601741, 0.21958302692682524, 0.006753510562139522], [0.015818508458183677, 0.3907501428239463, 0.5845366163305274, 0.008894732287342468], [0.021507469814872216, 0.6996095140718137, 0.23665736481048624, 0.04222565120282783], [0.025457458164999017, 0.32122289622642075, 0.641723562983605, 0.011596082524975274], [0.023667296216003945, 0.45955931793356375, 0.4982884488629076, 0.01848493688752474], [0.014789398066243936, 0.8165366103108385, 0.1627326587352927, 0.005941332787624878], [0.018370241453078275, 0.8543137882573467, 0.12069936708779015, 0.0066166031017848344], [0.025640888017641743, 0.2679670738348662, 0.6988546815055308, 0.007537356541961338], [0.05101017311382141, 0.5691670989234513, 0.30764279683743206, 0.07217993102529524], [0.03852223103435283, 0.22946545442474284, 0.7217787364529945, 0.010233577987909765], [0.06557301089240039, 0.37333279158908683, 0.5365235538714992, 0.024570643547013608]], "ideal": "C", "sampled": "A", "correct": false}}
{"type": "result", "data": {"idx": 10, "options": ["$100", "$2", "$500", "$200"], "probs": [[0.015143357554277941, 0.4024621933846535, 0.4563219052764853, 0.12607254368458326], [0.005214984256216257, 0.13285658559367605, 0.8568680434705541, 0.0050603865795535935], [0.008208803709389388, 0.19835309386723907, 0.7050327552890159, 0.08840534703435562], [0.005234086110325089, 0.060537107427971026, 0.9232136060267749, 0.011015200334928959], [0.005663317048578141, 0.40508627076367787, 0.5819715144346689, 0.0072788976530750605], [0.008827339525751729, 0.25347538523048757, 0.701325523780155, 0.03637175136360569], [0.02139226180652682, 0.16401355119657207, 0.6656324924760062, 0.14896169442089488], [0.010419086406561511, 0.10076953328925832, 0.8748750563551999, 0.013936323848980237], [0.007279008759206904, 0.12164032001464554, 0.8417785801634675, 0.02930209096268005], [0.0034630368635714505, 0.049809758243942966, 0.9387246381857764, 0.008002566606709184], [0.004354471061227947, 0.16526656559157804, 0.8234666341832337, 0.006912329063960287], [0.0058086762624299584, 0.29026032822481684, 0.6818052738315147, 0.022125721581238558], [0.01988402299859371, 0.36612053201662814, 0.5087567954883665, 0.10523864939641162], [0.011874209601674037, 0.14086764472229227, 0.8331230536598058, 0.01413509191622791], [0.03921489767769306, 0.5581236384063412, 0.18840454711262763, 0.21425691670333813], [0.006587868168557954, 0.11717489333833406, 0.8699418967446937, 0.006295341648414316], [0.012238022687730929, 0.2529980204299709, 0.7227865349108417, 0.011977421871456489], [0.012037168013857074, 0.5829347109309329, 0.3984730173491918, 0.006555103606018259], [0.013883710178025093, 0.6882325083261762, 0.292087660238302, 0.0057961211574966715], [0.018526913665345257, 0.7110189225224132, 0.24974009485183726, 0.020714068860404306], [0.013670929379669242, 0.23965319558772652, 0.740786465916611, 0.0058894090159931755], [0.021603710625340184, 0.3347625086157164, 0.6216438915458966, 0.021989889113046814], [0.007567390156912341, 0.10242181776879085, 0.8822493942911125, 0.0077613976831843], [0.01405810646139272, 0.4396564632470488, 0.5358212190463851, 0.010464211145173314]], "ideal": "D", "sampled": "D", "correct": true}}
{"type": "result", "data": {"idx": 11, "options": ["$0", "$15,000", "$20,000", "$40,000"], "probs": [[0.005869699852940349, 0.28625910231677343, 0.6626891206147151, 0.04518207711557115], [0.005144911501448052, 0.18332392338750586, 0.800533841437483, 0.010997323573563075], [0.007693467148874992, 0.2924416103261879, 0.6207626579306409, 0.07910226449429628], [0.003992198917709994, 0.13357284502052771, 0.8556866541357663, 0.006748301825996007], [0.004709591831266809, 0.4972277503134019, 0.4878415382654327, 0.010221119489898617], [0.005065620409287198, 0.6203672909336414, 0.3691675918295694, 0.005399496727502027], [0.010922993557144465, 0.43130961851849464, 0.5263419611562312, 0.031425426668129704], [0.007283118900721665, 0.21675377836069212, 0.7667399626020669, 0.009223140036519271], [0.00871163326348454, 0.105545960257874, 0.8686580649000317, 0.017084341478609703], [0.008073166800423508, 0.09943784596398833, 0.8703269207573848, 0.022162066378203317], [0.005604981959467286, 0.582854276033614, 0.40537381526783534, 0.0061669266390834325], [0.006534438117002685, 0.7708853486018903, 0.20965972550429202, 0.012920487676815053], [0.012278337721560645, 0.33594857985992693, 0.6104720114865702, 0.041301070831942226], [0.007743408130038098, 0.17396071907920477, 0.8088658020907978, 0.009430070599959239], [0.017746484797824792, 0.1976890514176172, 0.7318718204670531, 0.052692643217504866], [0.009240381498085384, 0.11207285234029767, 0.8654234802631208, 0.013263285798496168], [0.0052490991283110685, 0.6687980021403026, 0.31961189264943857, 0.006341005981947715], [0.005870978580650891, 0.8352718021825531, 0.15016485154802908, 0.008692367588766889], [0.04010790471279888, 0.37881665872193343, 0.5713804134762818, 0.009695022988985842], [0.05194996819340007, 0.453647445033777, 0.4891273467313707, 0.005275239941452199], [0.032941594747271874, 0.5337294940617129, 0.42394471203761547, 0.009384199053399803], [0.03772084702798112, 0.510732281662138, 0.4385834833857639, 0.012963387824116981], [0.06503352885684442, 0.41251856644361884, 0.5157384569319898, 0.00670944766754692], [0.09681596239644558, 0.5299951044869484, 0.35974450322859164, 0.013444429788014354]], "ideal": "B", "sampled": "D", "correct": false}}
{"type": "result", "data": {"idx": 12, "options": ["Engagement performance.", "Risk analysis.", "Safeguarding of assets.", "Information processing."], "probs": [[0.02302927643728138, 0.5936310600299376, 0.17410179388803096, 0.20923786954475004], [0.01434843609208763, 0.3715961859316709, 0.5427175143462197, 0.07133786353002182], [0.024277784289641065, 0.12388385270614151, 0.6168798299542072, 0.23495853295001018], [0.009743418703566509, 0.06469279759951482, 0.7807993269974548, 0.1447644565994639], [0.014775172571871052, 0.5075981536100883, 0.2421054503491255, 0.23552122336891507], [0.010751972714958744, 0.3865341773390275, 0.538739790866242, 0.06397405897977176], [0.03414677083150811, 0.6288892626133501, 0.1616140454845939, 0.17534992097054788], [0.020134317342848065, 0.3392179691202518, 0.5933667044968827, 0.04728100894001744], [0.018942525925982303, 0.05763116574955442, 0.8004204168185806, 0.12300589140588268], [0.021578564621092776, 0.049992672255428285, 0.5031805924541951, 0.42524817056928377], [0.01051200353699106, 0.10640396037969693, 0.8488166220722965, 0.03426741391101551], [0.03189472540697999, 0.165219459018343, 0.606816720283756, 0.196069095190921], [0.008235588546233526, 0.37479379210905744, 0.4858911262578981, 0.1310794929868109], [0.006923410965244256, 0.19234613665965222, 0.5762004580332513, 0.22452999424185224], [0.009659787166502265, 0.3728352961824902, 0.5109981540646756, 0.10650676248633192], [0.009688397325166315, 0.2847715729983528, 0.19133514930202342, 0.5142048802744574], [0.0035197903017266108, 0.08748022769093936, 0.8479600119470808, 0.06103996996025323], [0.008126678974157414, 0.23673974261823755, 0.42972747007414275, 0.3254061082334623], [0.005360235638181585, 0.8512774249167581, 0.10838813498247801, 0.03497420436258234], [0.0047384155777059215, 0.8394034480598377, 0.11737649853831837, 0.038481637724138006], [0.005752726743617989, 0.23586425937080902, 0.7302580843287924, 0.028124929456780638], [0.00974606673839576, 0.3449680664263615, 0.5403163679106961, 0.10496949882454651], [0.005317726444363564, 0.11487731924831653, 0.8143952905240431, 0.0654096636832768], [0.015547220521228878, 0.3699351233528954, 0.3707107287893459, 0.2438069272365298]], "ideal": "A", "sampled": "A", "correct": true}}
{"type": "result", "data": {"idx": 13, "options": ["$18,000", "$22,500", "$25,000", "$40,500"], "probs": [[0.011134189521336841, 0.4397071289212121, 0.5322772845123106, 0.016881396945140494], [0.014139707155659265, 0.47422426646247956, 0.49068894575939576, 0.020947080522465394], [0.007371096864191291, 0.13209506855692837, 0.8525484195499773, 0.007985414928903018], [0.01486610832251023, 0.20771532106825386, 0.7453642611731996, 0.03205430933603622], [0.014245519996875225, 0.2535164459864632, 0.7198348339604596, 0.012403199956201962], [0.022746281948723093, 0.40845218385921495, 0.5342969515696745, 0.03450458252238745], [0.06401474701701618, 0.4981465283490285, 0.4174877954137689, 0.020350929120186424], [0.061944060103648134, 0.39992296169695823, 0.5107865647013001, 0.02734641339809353], [0.03881573065556024, 0.4161782604526244, 0.5318689614902619, 0.013137047301553467], [0.03238309528885812, 0.4124378836537595, 0.5310475796057784, 0.024131441351603958], [0.034702903161525606, 0.36051352398444164, 0.5872917541029736, 0.017491818651059126], [0.03345318460944764, 0.37876790193751797, 0.5705171737917386, 0.01726173956129579], [0.008222604725704968, 0.2689995940682816, 0.7120330604109224, 0.010744740695090963], [0.010493348221599906, 0.31303557160804507, 0.6195911045558214, 0.05687997551453351], [0.006285068402472913, 0.5997646726890952, 0.38567616329487264, 0.008274095513559229], [0.006846103490930737, 0.6188411067458406, 0.35367950942514215, 0.02063328023808649], [0.009573536683327107, 0.33622496471351393, 0.6306428154045057, 0.023558683098653294], [0.007773431024457109, 0.34221628336745413, 0.6371718650392779, 0.012838420468810858], [0.01689905070235213, 0.32019042130586506, 0.6495127507894319, 0.013397777102350877], [0.02295305881369916, 0.40568747172463976, 0.5391565235858418, 0.032202945775819294], [0.015978016939790445, 0.450805065878415, 0.5251044357200247, 0.00811248136176979], [0.016366233788446257, 0.5034300008673543, 0.46722962707926324, 0.012974138164936158], [0.025108290093487074, 0.2144027745987399, 0.7460373376772619, 0.014451597530511165], [0.02114178091233946, 0.22820583387409096, 0.7400808464568764, 0.010571538656693068]], "ideal": "B", "sampled": "B", "correct": true}}
{"type": "result", "data": {"idx": 14, "options": ["$100 billion", "$80 billion", "$20 billion", "$10 billion"], "probs": [[0.011341902563559735, 0.4877018689063915, 0.4859100340536388, 0.015046194376409942], [0.010912171492765764, 0.49215328367620936, 0.428916153452855, 0.0680183912781699], [0.005627812684291809, 0.06715933630001422, 0.9174732511500255, 0.00973959976566844], [0.012939300820627699, 0.10792541119617075, 0.7945462730884105, 0.08458901479479099], [0.009079477037388367, 0.10672653723827591, 0.8633728235540813, 0.020821162070254383], [0.010374482294925328, 0.13726880582555515, 0.7216182650731068, 0.13073844670641274], [0.08367033535719479, 0.35924891637535156, 0.5370185524717854, 0.020062195695668188], [0.06628551629799179, 0.31275482380636943, 0.5462694411746021, 0.07469021862103668], [0.07354467087454755, 0.2328853967223114, 0.6709233867852247, 0.02264654551791635], [0.0811464284556863, 0.3003903997856157, 0.5948106789972729, 0.023652492661425044], [0.07016514136439544, 0.12661963511304014, 0.7253647337819252, 0.07785048964063919], [0.0485151276607668, 0.12539220784577554, 0.7891139630580315, 0.03697870133542621], [0.0033666023962317018, 0.07445658841450854, 0.911793959229403, 0.010382849859856777], [0.006380307445910543, 0.11981094549266508, 0.8489260021283899, 0.024882744833034483], [0.00624587136793523, 0.30197708966140757, 0.6726621799955509, 0.019114858875106295], [0.007164016249907783, 0.5283249278369642, 0.43613388282265453, 0.028377172990473553], [0.0073391906687285, 0.12094146019986664, 0.697530475162581, 0.17418887386882384], [0.0070067296791320515, 0.14238554629039493, 0.8289920318557439, 0.021615692074729083], [0.002172601469740982, 0.08431340988757947, 0.9041408552109677, 0.009373133331711933], [0.00351212777248145, 0.13128396181187033, 0.7289520351684892, 0.13625187514715908], [0.0034222311587375404, 0.24630991957239873, 0.738678927472422, 0.011588921696441646], [0.003284157793682255, 0.24978019580902058, 0.7256636865148197, 0.02127195978247749], [0.0035849602632420786, 0.13198433891938105, 0.7043720524075384, 0.16005864830983837], [0.002847573665150975, 0.14766874342678785, 0.8335851952145796, 0.015898487593481506]], "ideal": "C", "sampled": "B", "correct": false}}
{"type": "result", "data": {"idx": 15, "options": ["Receivable confirmations received from the client\u2019s customers.", "Prenumbered receiving reports completed by the client\u2019s employees.", "Prior months\u2019 bank statements obtained from the client.", "Municipal property tax bills prepared in the client\u2019s name."], "probs": [[0.015646957209191185, 0.20149720163484777, 0.19668592950268027, 0.5861699115532808], [0.016531530950780318, 0.21975998823859105, 0.1906818172593671, 0.5730266634512615], [0.008454529730856265, 0.08317411276723344, 0.8184939489539469, 0.08987740844796342], [0.01120027815885831, 0.1203877265290944, 0.15953758491082867, 0.7088744103012187], [0.009511961183205629, 0.09072495741053113, 0.751365225295076, 0.14839785601118724], [0.007999716459900079, 0.08457349381711508, 0.1594423678264419, 0.7479844217965429], [0.04445323637329242, 0.12857556102302212, 0.16910175662469837, 0.6578694458789871], [0.048555087547408546, 0.12204952046950611, 0.21429388489094772, 0.6151015069921376], [0.06567761448138455, 0.2521264311149367, 0.07920525399262225, 0.6029907003110565], [0.04065793691678662, 0.20343400232793055, 0.46969466696907974, 0.2862133936862031], [0.052167204599629965, 0.2982819965009576, 0.1396101848263933, 0.509940613973019], [0.02518598591037413, 0.18603781175679057, 0.4987858318952734, 0.28999037033756186], [0.03530997835208501, 0.11642987453413794, 0.7111954794291068, 0.13706466758467023], [0.03396105349837152, 0.11945486479483505, 0.0975435247030602, 0.7490405569037332], [0.04611019079008184, 0.4964969790714466, 0.06353004323450742, 0.39386278680396414], [0.04054477156020799, 0.5523697260744527, 0.13939737093687915, 0.26768813132846014], [0.024996834990485446, 0.13825667061098726, 0.04154849547310377, 0.7951979988254235], [0.020983313918435297, 0.14309577271778148, 0.7651911379712576, 0.0707297752925256], [0.012706079696516404, 0.08466468123800998, 0.684657940823915, 0.21797129814155863], [0.009144615074444527, 0.07416027534964233, 0.06104930284961125, 0.8556458066263019], [0.015293978267078892, 0.5159845986147163, 0.08462172808860208, 0.3840996949296027], [0.013836033331648975, 0.43869127838342004, 0.1534808988682726, 0.3939917893166584], [0.01225315139952022, 0.14351838972726103, 0.03833216840171997, 0.8058962903714988], [0.009646901494561664, 0.121078855930797, 0.7682559940196916, 0.10101824845494972]], "ideal": "B", "sampled": "B", "correct": true}}
{"type": "result", "data": {"idx": 16, "options": ["$10,000", "$25,000", "$44,000", "59000"], "probs": [[0.005717923746995367, 0.09277381556948139, 0.8934460098373282, 0.008062250746195024], [0.005857581593231424, 0.0837388315907955, 0.4842552124664563, 0.42614837424951674], [0.005331413187855112, 0.8826425991362891, 0.08938802498942539, 0.022637962586430384], [0.004884934875129603, 0.7653048597222729, 0.2192451964944663, 0.010565008808131127], [0.006151609442969416, 0.40525790178303445, 0.07848950138966025, 0.5101009872843358], [0.004920195950324325, 0.11292365565585409, 0.8763785055068661, 0.0057776427869554135], [0.00642388420038551, 0.05700031077993155, 0.9287104274211153, 0.007865377498567592], [0.01061396721865219, 0.06521250778663439, 0.5414735447387679, 0.3826999801559456], [0.004589849403415139, 0.8842705377163494, 0.0787415026103089, 0.032398110169926456], [0.0032485308986891772, 0.827909467553102, 0.15877788872606916, 0.010064112722139619], [0.009002233359871083, 0.3826225785391257, 0.10709717280209748, 0.5012780151989058], [0.0032470444601071543, 0.07506307832971658, 0.9164784992160098, 0.005211377894166513], [0.2692145063776823, 0.3707507488193712, 0.33003276029971734, 0.03000198440322917], [0.15247304366839043, 0.22963624634295757, 0.6050749273999431, 0.012815782488708917], [0.32456189529628704, 0.4481907690148275, 0.1965603507144577, 0.03068698487442772], [0.13788967899050336, 0.2541538971173427, 0.5956169230605016, 0.012339500731652246], [0.08050418319142441, 0.6600360021843997, 0.23692811768738054, 0.02253169683679538], [0.06051298049366456, 0.6878704049752413, 0.2340096607163566, 0.01760695371473757], [0.08901834818644044, 0.10782260848332846, 0.13158126664266198, 0.6715777765875691], [0.017401213885072125, 0.06566436285391765, 0.9094712910088872, 0.007463132152123014], [0.14023416369797878, 0.12153237110050802, 0.11537288643932946, 0.6228605786621837], [0.010825174611333968, 0.048100149600876295, 0.9322643455350497, 0.008810330152740116], [0.013289100427299357, 0.9158952788656392, 0.055072992778123935, 0.015742627828937497], [0.009947001951584548, 0.9281342045931246, 0.04781997212255869, 0.014098821232732192]], "ideal": "C", "sampled": "C", "correct": true}}
