{"type": "result", "data": {"idx": 0, "options": ["an average of 10 times, with an rms deviation of about 4", "an average of 10 times, with an rms deviation of about 3", "an average of 10 times, with an rms deviation of about 1", "an average of 10 times, with an rms deviation of about 0.1"], "probs": [[0.634441193309827, 0.20600142957817036, 0.14155484655450246, 0.018002530457500193], [0.5660608605654857, 0.183808060373041, 0.23595486398981408, 0.014176214971659242], [0.5300663718983692, 0.17211610109149605, 0.2836871748202608, 0.014130352089873953], [0.4791018281556872, 0.17626641377062693, 0.3292262197559247, 0.015405538217761196], [0.5035240147415686, 0.23787862503158905, 0.23780791902041432, 0.020789441106427994], [0.4704468942240978, 0.22225392317932283, 0.2852894125932216, 0.02200976990335775], [0.401611698683678, 0.13041701365004382, 0.4550561117693909, 0.012915175796887215], [0.4272408945746114, 0.17813218564202907, 0.376986521428432, 0.01764039825492756], [0.5650008901946528, 0.23555978075579964, 0.18340801699550519, 0.016031311954042376], [0.42116134610117867, 0.19897578220838189, 0.3716478842720613, 0.008214987318378128], [0.49790975285922173, 0.30205472567709474, 0.16162919499687053, 0.03840632636681299], [0.3795088217046254, 0.23024003119610068, 0.37947907898699623, 0.010772068012277676], [0.1403207342210217, 0.33662474402864756, 0.4897182321782808, 0.033336289472049904], [0.15774530875947052, 0.2769044165142622, 0.5172269575031075, 0.04812331712315979], [0.26329948024243083, 0.38313949943565834, 0.2983574104183535, 0.05520360980355737], [0.18303673819842142, 0.23505848248273592, 0.563775088757481, 0.018129690461361654], [0.2476878502260781, 0.4627780408942733, 0.21856174383831062, 0.07097236494133796], [0.27762175515336, 0.5187015742512223, 0.1683758222608408, 0.03530084823457686], [0.3079104893085331, 0.23981126157804852, 0.3953066007830797, 0.05697164823033865], [0.28769556843285476, 0.13591765495297073, 0.5374412791768887, 0.03894549733728584], [0.46534900606050505, 0.24905986519125478, 0.19393754725966417, 0.09165358138857597], [0.27276083130313766, 0.12885526901403302, 0.5773440486741928, 0.02103985090863653], [0.4740011711392448, 0.17438378607566307, 0.2874481870470615, 0.06416685563803068], [0.5083679887250131, 0.18704228615905014, 0.27208064564901346, 0.03250907936692324]], "ideal": "B", "sampled": "D", "correct": false}}
{"type": "result", "data": {"idx": 1, "options": ["500 nm", "550 nm", "600 nm", "650 nm"], "probs": [[0.18369128613977215, 0.38896082378905517, 0.38883967735307434, 0.03850821261809832], [0.14885011313857263, 0.3151901364011287, 0.40458062287099517, 0.1313791274893035], [0.1574414579400089, 0.20221644960424612, 0.622673475488448, 0.017668616867296958], [0.131503992157183, 0.1315370727370018, 0.5200909685622692, 0.21686796644354595], [0.141782926367351, 0.3402106209904131, 0.49485639377949264, 0.023150058762743234], [0.17347154278021149, 0.3241798925698453, 0.3672168607227878, 0.1351317038271554], [0.2612233581329875, 0.48812507870964883, 0.2305066990671535, 0.020144863990210145], [0.25885540533668405, 0.4836819225477503, 0.228417324569525, 0.02904534744604067], [0.29572553541256874, 0.2610385216898397, 0.43023990203011725, 0.012996040767474279], [0.28420558553236464, 0.1724102676766343, 0.32200497764161085, 0.22137916904939015], [0.31089164415901405, 0.2744344017137074, 0.39919280066410173, 0.01548115336317677], [0.2864309485022928, 0.25281410841766344, 0.36774983176450915, 0.0930051112155346], [0.06487168741504647, 0.37340471968875577, 0.5431347771243427, 0.01858881567185509], [0.09749412535646153, 0.43705299492280164, 0.34025749560768265, 0.1251953840130542], [0.08178938346969371, 0.3666507378471525, 0.5333083976763497, 0.018251480906803945], [0.11351339872293645, 0.4490368502695276, 0.2722749377483113, 0.16517481315922464], [0.11936293841587935, 0.2527633512973093, 0.5349000492566858, 0.09297366093012559], [0.1244148472853558, 0.23249243579427153, 0.5575711103450488, 0.08552160647532382], [0.10392175255875251, 0.4111356589955101, 0.46571655811616813, 0.019226030229569254], [0.15937666183586638, 0.4333516736370092, 0.2977203967606851, 0.1095512676664393], [0.11552969636794967, 0.40334407818461937, 0.4569071045583369, 0.02421912078909406], [0.17347742296001095, 0.3673385296190549, 0.32406767799483943, 0.13511636932609475], [0.1498240828364275, 0.24708026645096945, 0.5228880047275268, 0.08020764588507616], [0.1674758904057383, 0.215097382165413, 0.5158342468409599, 0.10159248048788885]], "ideal": "C", "sampled": "B", "correct": false}}
{"type": "result", "data": {"idx": 2, "options": ["There are no changes in the internal energy of the system.", "The temperature of the system remains constant during the process.", "The entropy of the system and its environment remains unchanged.", "The entropy of the system and its environment must increase."], "probs": [[0.08001449703370082, 0.159161016329108, 0.5913338064556066, 0.16949068008158455], [0.1264267871136212, 0.284959586569182, 0.46978643881887994, 0.11882718739831682], [0.06010763965387096, 0.6072159061695455, 0.13547161775287708, 0.19720483632370653], [0.07244784222307872, 0.606733844963126, 0.2865753109486976, 0.034243001765097626], [0.24093604498468296, 0.45017946729720376, 0.12115853482054642, 0.18772595279756685], [0.037482861547884834, 0.10191611977830832, 0.8532142070072112, 0.007386811566595628], [0.02472982355297144, 0.4118766761240689, 0.41182935003638643, 0.15156415018657318], [0.024043346941085265, 0.5141462922581551, 0.40039153767431634, 0.061418823026443234], [0.024992067831034772, 0.8277950994854814, 0.059956129267536254, 0.08725670331594759], [0.025309006763769522, 0.7875137660325932, 0.1368246926550005, 0.05035253444863688], [0.04659475107950425, 0.6043483850143961, 0.19619737884244065, 0.152859484963659], [0.013571972249552863, 0.08315848124604297, 0.8939352164451427, 0.00933432995926147], [0.784526718506638, 0.047129941152989144, 0.06855689324904009, 0.09978644699133271], [0.7959104742889626, 0.054173681988737524, 0.10772021876198264, 0.04219562486031723], [0.7706472356157856, 0.11820372890368057, 0.02988423951447565, 0.08126479586605817], [0.6916463793517738, 0.1981765257171708, 0.08793526649319199, 0.02224182833786346], [0.8635907977452812, 0.09103162806206186, 0.01581801698503084, 0.029559557107626044], [0.8163635133880597, 0.09751611947038144, 0.06295205652084256, 0.02316831052071631], [0.0921615618898992, 0.4983061328789223, 0.14275262610292622, 0.2667796790282523], [0.02028625436717067, 0.05181453218202844, 0.9183109057016647, 0.00958830764913617], [0.2090890071401415, 0.3447929014105905, 0.20909446096465029, 0.23702363038461774], [0.014395967485481767, 0.02690148817761317, 0.9481654965352787, 0.010537047701626319], [0.013431282362418176, 0.9417273155697788, 0.03222096254523224, 0.012620439422570715], [0.013166101830853474, 0.923137368104476, 0.05207438102012347, 0.011622148944547097]], "ideal": "C", "sampled": "C", "correct": true}}
{"type": "result", "data": {"idx": 3, "options": ["a dye laser", "a helium-neon laser", "an excimer laser", "a ruby laser"], "probs": [[0.9007183765909389, 0.06526889548024217, 0.010005385455520942, 0.02400734237329793], [0.9050051202935424, 0.05108480248677121, 0.016575747749436154, 0.02733432937025025], [0.8160604036855671, 0.01241004899515773, 0.14179892033181926, 0.02973062688745586], [0.8588057583779409, 0.010170274435134258, 0.014776569399854835, 0.11624739768706993], [0.7071875240872064, 0.013809991819017825, 0.2601504887733233, 0.018851995220452406], [0.8426149980321435, 0.013636797466185676, 0.01449740557761328, 0.12925079882405763], [0.08692651872867259, 0.8250852118807046, 0.028219291569571845, 0.059768977721051005], [0.05370128811683074, 0.8404101604521524, 0.03690729718708039, 0.06898125414393638], [0.04567162870737207, 0.005462086041291362, 0.9174586296405187, 0.031407655510817804], [0.0940260520287407, 0.002356036859376476, 0.011231420670754754, 0.892386490341128], [0.03571260138049988, 0.011608790203541736, 0.9211451234642452, 0.03153348485171317], [0.1049253448252511, 0.007605445782976919, 0.008614194819238877, 0.8788550144725331], [0.017828225954864083, 0.859488421149371, 0.07990056961049902, 0.042782783185265925], [0.020563981673217283, 0.8747703308637733, 0.023303085331876576, 0.08136260203113284], [0.01398278372185279, 0.09124645544614841, 0.8651519859656415, 0.029618774766357294], [0.014678396474496898, 0.05807203874622761, 0.018849971016753085, 0.9083995936625224], [0.011678767896512574, 0.008035075558134628, 0.9279154797193242, 0.052370676726028645], [0.017869837739753095, 0.004247658900576148, 0.11654504216062715, 0.8613374610990436], [0.0174308505524254, 0.8401618270417597, 0.1136609643828452, 0.02874635792296971], [0.03148848178858405, 0.8124433128749871, 0.03148775535697863, 0.12458044987945023], [0.013348627933632326, 0.14359904931241046, 0.8259040774018986, 0.017148245252058547], [0.021102309986953435, 0.17673589855787605, 0.00996961206256528, 0.7921921792926052], [0.017023822457457163, 0.007103733321490178, 0.9295759887068862, 0.04629645541416643], [0.028210259231701056, 0.003821044613550767, 0.1432741490281987, 0.8246945470265494]], "ideal": "A", "sampled": "A", "correct": true}}
{"type": "result", "data": {"idx": 4, "options": ["The Heisenberg uncertainty principle", "The Pauli exclusion principle", "The Bohr model of the atom", "Nuclear hyperfine coupling"], "probs": [[0.032540694328128346, 0.11359167445441927, 0.014441734588464717, 0.8394258965289877], [0.01731594076844054, 0.02855553823651605, 0.9454182893450406, 0.008710231550002872], [0.06745350441863089, 0.012481223010379577, 0.0981420066815877, 0.8219232657894018], [0.017145741777118497, 0.010402460610578233, 0.936143639225432, 0.03630815828687131], [0.010081785493502023, 0.9075742392456566, 0.0744911930564324, 0.00785278210440901], [0.011726087376116603, 0.9315725752302093, 0.024823254747913824, 0.03187808254576031], [0.17290171689279743, 0.030051188036661496, 0.021983414517657913, 0.7750636804528832], [0.03632808222574474, 0.01336905639235422, 0.9369326174533472, 0.013370243828553794], [0.12827970934480934, 0.015325104898248731, 0.019672875660156658, 0.8367223099967852], [0.028310155958423348, 0.009194370835750464, 0.9375035895143133, 0.02499188359151286], [0.027771254792174047, 0.9197239785672418, 0.035658330790237294, 0.016846435750346878], [0.021767537230229624, 0.9256135076587232, 0.02466509424144077, 0.027953860769606417], [0.028057660871207334, 0.04082867768930597, 0.11097020633146083, 0.8201434550080259], [0.015089736617488417, 0.01509415201762918, 0.933605750917919, 0.03621036034696337], [0.015355853989850043, 0.12858930044102163, 0.017402268848362146, 0.8386525766207662], [0.014915210568447761, 0.040552259507176225, 0.9228242866854819, 0.02170824313889412], [0.011676596411212027, 0.9276341743158093, 0.0247185936654306, 0.03597063550754811], [0.01138314906305063, 0.9043449339402284, 0.06550254055161035, 0.018769376345110646], [0.7847708817741803, 0.10620978892191572, 0.09371795961376693, 0.015301369590136997], [0.7952144996586699, 0.1219435281842054, 0.017566797500514514, 0.06527517455661026], [0.7301385648849806, 0.2370319506405925, 0.01945593328544517, 0.013373551088981726], [0.6770692403955458, 0.2822375270978731, 0.010943284155234817, 0.029749948251346258], [0.8440247992018081, 0.05396329369765486, 0.03272398414624394, 0.06928792285429311], [0.8293544759986197, 0.0467959208819516, 0.08740727207958383, 0.036442330939844905]], "ideal": "B", "sampled": "D", "correct": false}}
{"type": "result", "data": {"idx": 5, "options": ["1/2", "1", "3/2", "5/2"], "probs": [[0.3854528930941095, 0.2337890066824001, 0.3401142365047436, 0.04064386361874681], [0.3333815683594984, 0.1305645872606096, 0.2595998683252591, 0.27645397595463284], [0.36424919421489443, 0.26645140643780235, 0.30190890068656173, 0.06739049856074145], [0.39827411769409643, 0.3301325390883085, 0.18810385183444328, 0.0834894912831518], [0.3753338809730866, 0.14698866227272508, 0.3110964642317404, 0.1665809924224479], [0.3493822578405615, 0.17567411375474273, 0.4213511958881017, 0.053592432416594046], [0.03317281479903078, 0.6662745226896167, 0.27774455105922685, 0.02280811135212569], [0.034331636172004236, 0.4739517482917697, 0.18560216658653236, 0.30611444884969363], [0.04145294848224274, 0.25393767155890284, 0.6902741845164921, 0.014335195342362264], [0.09288775366284886, 0.23721911086934216, 0.13515492466797369, 0.5347382106998353], [0.0646820469738851, 0.2898473868906055, 0.5765891332313117, 0.06888143280419771], [0.08443510458775141, 0.22951840619132052, 0.4564518485963313, 0.22959464052459677], [0.2450520441632053, 0.48734421440824505, 0.21622400386376606, 0.05137973746478361], [0.31952168577645557, 0.5268022155072407, 0.11042374325632852, 0.04325235535997523], [0.2715590454298398, 0.18663329400913412, 0.5072735282948374, 0.0345341321661887], [0.36010802622364835, 0.1410303180654688, 0.18104491046973148, 0.3178167451411514], [0.29785012030816965, 0.08534709774540535, 0.5923456913399309, 0.024457090506494174], [0.3693773906540524, 0.0727510201578472, 0.2876062285759201, 0.2702653605121803], [0.23039479551395545, 0.4303973614739128, 0.23035661873898064, 0.10885122417315113], [0.2480141641546038, 0.435247535566143, 0.28099825661429106, 0.035740043564962146], [0.2701697389536598, 0.1358300020533571, 0.47409329520034355, 0.11990696369263949], [0.27817177147977895, 0.09614083700095943, 0.38016345243459326, 0.24552393898466837], [0.2631749667366405, 0.2472163734913834, 0.46186095244205466, 0.027747707229921478], [0.28876872588898256, 0.21124849980438254, 0.28867282200983224, 0.21130995219680268]], "ideal": "C", "sampled": "A", "correct": false}}
{"type": "result", "data": {"idx": 6, "options": ["V_0/5", "V_0/3", "V_0/2", "2V_0/3"], "probs": [[0.06965285546356097, 0.3121919372870991, 0.5831254754028679, 0.03502973174647204], [0.08560058134526913, 0.33856477022062814, 0.4346695885418576, 0.14116505979224517], [0.09413131465762273, 0.3086305604362395, 0.5088033751456269, 0.08843474966051093], [0.09696992269000951, 0.2805918094102929, 0.4625353709324139, 0.15990289686728365], [0.1154332745382036, 0.24437221551684987, 0.5172900767636022, 0.12290443308134431], [0.1041847454911442, 0.2347839465373781, 0.5631350017899405, 0.09789630608153721], [0.20166870123233938, 0.157066919908105, 0.5834768770862064, 0.057787501673349215], [0.24654810883476178, 0.18036139962176703, 0.43259658115958766, 0.14049391028388353], [0.09394351227189192, 0.6942018789504331, 0.15486888576020202, 0.05698572291747296], [0.10107579788644228, 0.5133507828148792, 0.35274895890720936, 0.032824460291469154], [0.18144522196893736, 0.4351923128641952, 0.23291966214948223, 0.1504428029173852], [0.12010045936861809, 0.34752219458797423, 0.5055723123882918, 0.02680503355511591], [0.24928178823596858, 0.18238852508654033, 0.5276296616347826, 0.040700024942708454], [0.29285789405927737, 0.20125370325381778, 0.37591562791628436, 0.12997277467062052], [0.05732827197656427, 0.6984715838323851, 0.2267132374691075, 0.017486906621943174], [0.05388246748276526, 0.5793659578547551, 0.35130914387860857, 0.01544243068387105], [0.11884735044052384, 0.532610905101032, 0.1959038718423414, 0.1526378725161027], [0.09749766565346958, 0.38567084573021226, 0.49507007643377715, 0.021761412082540947], [0.21058327820033196, 0.135976444589117, 0.6092887934645048, 0.04415148364604618], [0.22864008074857742, 0.15714186981883585, 0.48391985984255415, 0.13029818949003258], [0.08132180601037607, 0.6009518525929011, 0.2838172922886857, 0.033909049008037186], [0.06154101759728065, 0.5485805313379885, 0.37697395959432645, 0.012904491370404439], [0.16007828949397834, 0.49309573307315446, 0.1412448456927682, 0.20558113164009897], [0.10253439918807594, 0.35788023354417925, 0.5206134735763616, 0.018971893591383245]], "ideal": "D", "sampled": "B", "correct": false}}
{"type": "result", "data": {"idx": 7, "options": ["0.25mc^2", "0.60mc^2", "0.67mc^2", "1.25mc^2"], "probs": [[0.042263343349592274, 0.37671682061338424, 0.5480919888136053, 0.03292784712341816], [0.05087074687269238, 0.3531585707769702, 0.24269075642430207, 0.35327992582603535], [0.05757239589053738, 0.42543054573671224, 0.48206413864882486, 0.034932919623925515], [0.06777722337330197, 0.3233896469493947, 0.323324469270825, 0.28550866030647837], [0.10835430204917176, 0.14811705768996927, 0.5857906631499753, 0.15773797701088366], [0.11355814844239309, 0.13698869064519936, 0.5089528787649141, 0.2405002820474934], [0.2688934983047281, 0.11932075822565949, 0.5347215891280576, 0.07706415424155481], [0.3551692928889835, 0.10833450467803334, 0.25979169155977705, 0.27670451077320607], [0.15492245149383013, 0.6522853203732264, 0.14553238070520286, 0.04725984732774066], [0.12181456631708829, 0.4818054239720366, 0.37520106085656807, 0.021178948754307054], [0.2640359817495351, 0.3390289398254698, 0.13274951871272458, 0.2641855596122706], [0.19227338265061006, 0.3170052241292663, 0.46121741367475605, 0.029503979445367624], [0.3409647826931039, 0.11069981381569095, 0.496027631768719, 0.05230777162248615], [0.3661827960949208, 0.12654940046889102, 0.2850881686574143, 0.22217963467877383], [0.41126010193503865, 0.41118222847157915, 0.15125938290555085, 0.026298286587831336], [0.4036623476986396, 0.31435408716702934, 0.26058080401525596, 0.02140276101907503], [0.2459041622574093, 0.4054004195165795, 0.13159828671082863, 0.21709713141518253], [0.251250885832585, 0.46933390374257095, 0.25121634494190614, 0.028198865382937907], [0.11428380841550652, 0.03950528227029362, 0.6577250075272083, 0.1884859016869915], [0.15238171700815148, 0.05968267425534336, 0.5661452965904477, 0.2217903120460575], [0.2438506298439639, 0.3548189646422846, 0.1574078327646229, 0.2439225726491286], [0.14956809439534258, 0.33708876054074405, 0.4903938426109086, 0.02294930235300475], [0.26171597195475527, 0.2965968516109985, 0.17984826978866275, 0.26183890654558345], [0.14007592724574808, 0.24585148485432567, 0.5897178838938066, 0.024354703906119657]], "ideal": "A", "sampled": "C", "correct": false}}
{"type": "result", "data": {"idx": 8, "options": ["Planck\u2019s constant", "Boltzmann\u2019s constant", "The Rydberg constant", "The speed of light"], "probs": [[0.9647562471402467, 0.004469523191337248, 0.00506220337165402, 0.02571202619676208], [0.9779193848907262, 0.003527820970273005, 0.01580542212046678, 0.002747371918533994], [0.9757579904852001, 0.005803440433932354, 0.004518427112098647, 0.013920141868768872], [0.981427864957458, 0.0045458808346585736, 0.01090208711955107, 0.0031241669883322796], [0.9650732502557405, 0.02914390966805484, 0.002710692181695482, 0.003072147794509144], [0.9630460818497873, 0.029082026634980745, 0.003935612061321478, 0.003936279353910389], [0.005059850894744107, 0.9642165659222076, 0.020010823511373968, 0.01071275957167436], [0.003653174045781741, 0.9515137704704038, 0.041804149888713726, 0.0030289054951008125], [0.0018999344683455293, 0.00157530708753815, 0.9841335302579158, 0.012391228086200504], [0.0013839944447297757, 0.0006540167826062835, 0.017948399860719017, 0.9800135888119449], [0.0007313775412572685, 0.0292102202823725, 0.9671649708529954, 0.002893431223374826], [0.0010716511943115446, 0.02291387298724524, 0.0016599594416805681, 0.9743545162767626], [0.004496079271557499, 0.970869214565841, 0.013848041707929004, 0.010786664354672529], [0.00344888061605649, 0.9562362725409883, 0.03707445898975833, 0.0032403877531968633], [0.0018936149513120353, 0.0013856015503912965, 0.9808636050955389, 0.015857178302757773], [0.0011522795017930166, 0.0006170118338935626, 0.014038043879694593, 0.9841926646846189], [0.0010118230661184389, 0.07550614289518943, 0.9197213007814333, 0.0037607331572588024], [0.001385582793214493, 0.07565026344684589, 0.001301779240755072, 0.9216623744191845], [0.11850738140674667, 0.8757153465178446, 0.0031583727243425512, 0.002618899251066194], [0.06681273645167389, 0.9223748720646806, 0.007042239640765282, 0.003770151742880261], [0.05989039209500474, 0.001168002469964828, 0.9368911813770963, 0.002050423957934118], [0.06732642994084141, 0.0008478361491118003, 0.0021646941186510378, 0.9296610396913958], [0.10631422104608802, 0.0019477617738188225, 0.8902204759340296, 0.001517541146063479], [0.18181204093434372, 0.001478209335990592, 0.0016749147842829658, 0.8150348348453827]], "ideal": "A", "sampled": "A", "correct": true}}
{"type": "result", "data": {"idx": 9, "options": ["mc/2", "mc/(2^(1/2))", "mc", "(3^(1/2))mc"], "probs": [[0.11251266467210062, 0.3256236362969639, 0.5367400725653481, 0.02512362636558748], [0.24591591194542511, 0.4053910495051975, 0.21696387875783052, 0.13172915969154686], [0.06294672569173462, 0.46525803475772604, 0.46515116363587516, 0.006644075814664233], [0.07061523356212615, 0.406511226401311, 0.46049300860835907, 0.0623805313282038], [0.15870806880883254, 0.38074621697833794, 0.38069707295238703, 0.07984864116044252], [0.12219021087229873, 0.29318148768537444, 0.4832716727748538, 0.10135662856747306], [0.13543655784185726, 0.22336724239543046, 0.6069234970751552, 0.03427270258755699], [0.2618293761945202, 0.33617320653414695, 0.2617802023625854, 0.14021721480874744], [0.10274150183238295, 0.5218956450525478, 0.35857978326005735, 0.016783069755011846], [0.14240017531878305, 0.4387484490432681, 0.3870553671926635, 0.03179600834528536], [0.3155610074943047, 0.2784630788010202, 0.3155017306786147, 0.09047418292606035], [0.26096272043622887, 0.20328399866671557, 0.48745092349548924, 0.04830235730156633], [0.05408258499058217, 0.13814930963814043, 0.7949093779336666, 0.012858727337610855], [0.10700337986335698, 0.17646441519225844, 0.6159212818096552, 0.10061092303472935], [0.13544253421697713, 0.4728145617916066, 0.3681889422890449, 0.023553961602371325], [0.2799997925478362, 0.3173038363139422, 0.31724038716958514, 0.08545598386863641], [0.13748878444084695, 0.47995323653120286, 0.22669105567291017, 0.15586692325504], [0.12476743012805253, 0.43552774570832015, 0.38431072920826104, 0.0553940948553663], [0.25888692992533113, 0.22844856677315253, 0.48358913620731525, 0.02907536699420113], [0.1568851757124748, 0.13849630847308655, 0.6205568862789432, 0.08406162943549539], [0.2322783565105004, 0.29822419312767956, 0.4338417230569314, 0.03565572720488858], [0.20945182745072843, 0.18485739919080568, 0.5692547450869467, 0.0364360281715191], [0.21229824105317965, 0.35002061199591217, 0.3088221205637665, 0.12885902628714166], [0.18538469143363948, 0.3463703108469863, 0.4446536318686513, 0.02359136575072292]], "ideal": "D", "sampled": "C", "correct": false}}
{"type": "result", "data": {"idx": 10, "options": ["square", "hexagon", "cube", "tetrahedron"], "probs": [[0.007995462118737506, 0.9245382632558338, 0.03162266715693401, 0.035843607368494755], [0.010556128420257322, 0.8931456880854228, 0.05706400829115481, 0.03923417510316502], [0.027558708956658184, 0.5897193437740036, 0.19130884186796512, 0.19141310530137312], [0.013602889863684887, 0.4235184715083595, 0.4795058623704571, 0.08337277615749851], [0.013200082292213684, 0.8171038860237111, 0.11051799732688342, 0.05917803425719174], [0.011087575533875833, 0.881244806962157, 0.06380191963974048, 0.04386569776422665], [0.9808316282317656, 0.0058358321273042045, 0.002431468352414543, 0.010901071188515672], [0.9735225383698322, 0.008427734438822299, 0.005788494799889155, 0.012261232291456373], [0.9747385843824075, 0.008436425472290133, 0.0029146910707422945, 0.013910298974560092], [0.978811188591617, 0.008472526409404367, 0.0031156547863895796, 0.009600630112589019], [0.9661267016526927, 0.02005912903991321, 0.0030755123835670612, 0.01073865682382701], [0.9678568219346789, 0.020094576546780738, 0.0025543064455727047, 0.009494294972967625], [0.18966316828007398, 0.042369771366002375, 0.45496104716807606, 0.3130060130858476], [0.07088512405984382, 0.01685481385444654, 0.8634940658380102, 0.04876599614769934], [0.18601154863438568, 0.39421187946255015, 0.11282171800747945, 0.30695485379558474], [0.0674002311974393, 0.38821988860115086, 0.49800940786526887, 0.04637047223614095], [0.052340652203459424, 0.8191381600521391, 0.05234143078912302, 0.07617975685527845], [0.04490973389517196, 0.7964488860502772, 0.107730918197805, 0.050910461756745795], [0.9779937188905125, 0.00959960456692857, 0.005814878689077835, 0.006591797753481129], [0.9841827771612836, 0.0075189680750071325, 0.003132438207708038, 0.005165816456001257], [0.9756568088272214, 0.0157859204894939, 0.003105301836969442, 0.0054519687463152194], [0.9669066775722374, 0.022763495600671417, 0.00420658346954699, 0.006123243257544164], [0.975328336227574, 0.013918890841236263, 0.0033043383802834505, 0.007448434450906285], [0.9694090028495994, 0.017771903680224216, 0.00541485574408327, 0.007404237626093122]], "ideal": "D", "sampled": "D", "correct": true}}
{"type": "result", "data": {"idx": 11, "options": ["0.024 m", "0.048 m", "0.121 m", "0.242 m"], "probs": [[0.15050326398375066, 0.28116646615708407, 0.5251914301376226, 0.04313883962154269], [0.1708265117514289, 0.24853820734681265, 0.40971392316640676, 0.17092135763535168], [0.17721329094780863, 0.3751766585930827, 0.42506410983212056, 0.022545940526988075], [0.17911676371318488, 0.2953136098974796, 0.4296406401103534, 0.09592898617898211], [0.2058407152396529, 0.299496454322418, 0.43565137975093254, 0.05901145058699653], [0.18301242860830208, 0.30171877592346036, 0.4389298623201885, 0.07633893304804908], [0.26430857966606935, 0.23321283556313227, 0.4356214235472596, 0.06685716112353879], [0.2506278306369392, 0.25059743226629494, 0.3645603277652679, 0.13421440923149794], [0.24772417990698659, 0.36043652728010594, 0.360327212353047, 0.03151208035986048], [0.20077968127905685, 0.29213274229698233, 0.4815477844965985, 0.025539791827362286], [0.23726372418415173, 0.345216661657144, 0.34512427445775135, 0.07239533960095292], [0.19643659155950333, 0.2857967806397393, 0.47108401088608176, 0.04668261681467557], [0.2643223027822607, 0.2642694334639259, 0.4356131721414671, 0.03579509151234627], [0.25655176355411125, 0.2564717145096254, 0.37307345940769276, 0.11390306242857058], [0.28035811993299137, 0.28035811993299137, 0.407805685389384, 0.0314780746446332], [0.2827893197253679, 0.28272914883647315, 0.3629485368365689, 0.07153299450158998], [0.290974518361334, 0.37356403130176963, 0.29081868200655414, 0.04464276823034222], [0.2505504973392348, 0.3216689766375154, 0.3643977317145948, 0.063382794208655], [0.32039457440700103, 0.24947669349887894, 0.36292988322889386, 0.06719884876522614], [0.30162278488889366, 0.23488741145662687, 0.38716975715989443, 0.07632004639458499], [0.26369314204381344, 0.26367666136027146, 0.43461615880183674, 0.03801403769407837], [0.24472467051849775, 0.277271294329052, 0.40333520460561595, 0.07466883044683427], [0.2938633563287595, 0.293844998100017, 0.3771747865012141, 0.03511685897000934], [0.25636186047187454, 0.29046859035856915, 0.42253551974233766, 0.03063402932721869]], "ideal": "D", "sampled": "C", "correct": false}}
{"type": "result", "data": {"idx": 12, "options": ["Specific heat", "Thermal conductivity", "Electrical resistivity", "Hall coefficient"], "probs": [[0.0011292870221341373, 0.0012799270462480756, 0.03300277399118146, 0.9645880118404363], [0.0008964810139825925, 0.002020499478287509, 0.9830574657394333, 0.014025553668296624], [0.0012771268136046083, 0.14761682923865535, 0.0015407147536219362, 0.8495653290941181], [0.0007341453463222905, 0.08484990085400013, 0.9121542708718814, 0.002261682827796133], [0.005020153029401999, 0.9567100885879424, 0.009378834166983143, 0.028890924115672487], [0.0038941745077493, 0.9529159105164325, 0.032603689015014224, 0.010586225860803941], [0.0016361766314179542, 0.000602120485867131, 0.03723980923795636, 0.9605218935447586], [0.0010800636734499794, 0.0011499436025270218, 0.9818963140648203, 0.015873678559202704], [0.001920098641140925, 0.22193780043807462, 0.0014050657092294838, 0.7747370351115549], [0.0005339654377693467, 0.0330340465803675, 0.9653013141511902, 0.001130673730672866], [0.0039646169355657445, 0.9701320030818326, 0.005768508465393527, 0.020134871417208197], [0.0030727242316856405, 0.9654595913873536, 0.0257266388994866, 0.005741045381474194], [0.005208043361649492, 0.0009053314535705977, 0.0011623890560359073, 0.992724236028744], [0.002308398503872088, 0.0023088772036310326, 0.9913304124550714, 0.004052311737425503], [0.0066716907965354375, 0.002166519774606427, 0.000748777284703481, 0.9904130120441547], [0.0012409983717747391, 0.0019224776428425033, 0.9956703296839234, 0.0011661942014593225], [0.006634179190864917, 0.9846477736816449, 0.003551061813156356, 0.005166985214333822], [0.005867309953637385, 0.9867960170951862, 0.0051779394406613255, 0.0021587334105151105], [0.9671363002744381, 0.002717400603066041, 0.0009389937397441471, 0.02920730528275174], [0.9916555254446727, 0.0024584589914847473, 0.0035766691323293217, 0.0023093463315131705], [0.9752749511890632, 0.003745096159097868, 0.0007374427877861069, 0.02024250976405288], [0.9908619760323439, 0.0029631850393260937, 0.004588843053931324, 0.0015859957743986045], [0.9901321096865627, 0.006672016856159071, 0.0005830304445368521, 0.0026128429127413623], [0.9908375691190732, 0.006676770713783185, 0.0007974493161566613, 0.001688210750986949]], "ideal": "D", "sampled": "D", "correct": true}}
{"type": "result", "data": {"idx": 13, "options": ["two hydrogen atoms and one helium atom", "four hydrogen atoms and one helium atom", "six hydrogen atoms and two helium atoms", "three helium atoms and one carbon atom"], "probs": [[0.9626559013798135, 0.022642952848229203, 0.007350476909747557, 0.0073506687622097], [0.9622205207993186, 0.022633171433968653, 0.00445630834741904, 0.010689999319293673], [0.9119470278409924, 0.007415340430260713, 0.0748642968525029, 0.005773334776244022], [0.8360025562663843, 0.012701865730676476, 0.005997311094278738, 0.14529826680866048], [0.9605312276047536, 0.004451548837015061, 0.025599425742490276, 0.009417797715741062], [0.8734237654529231, 0.003153435690205272, 0.005194585365870221, 0.1182282133910014], [0.06559416907413243, 0.9055514852131236, 0.01879272656008976, 0.010061619052654241], [0.10406699283768064, 0.8714280963535653, 0.008542720115727655, 0.015962190593026303], [0.24089652398430583, 0.013596975300206267, 0.7420681745369246, 0.003438326078563258], [0.6896445189779576, 0.018389063048330448, 0.004367091249255546, 0.28759932662445636], [0.7198762209753627, 0.006233039235976732, 0.2648276654340371, 0.009063074254623516], [0.748714993164641, 0.002386803494049857, 0.005718039878020992, 0.24318016336328813], [0.03784854957767814, 0.7603680684291371, 0.19221079803783353, 0.009572583855351273], [0.04583874910124637, 0.8126640001133577, 0.016864472338819273, 0.1246327783465767], [0.04132239485500519, 0.64656781601856, 0.30536079147734213, 0.006748997549092727], [0.05917240728270083, 0.7210187971701383, 0.013204819632159099, 0.20660397581500173], [0.35115282481395443, 0.008799137235328542, 0.5790045055892865, 0.06104353226143054], [0.1083237870956354, 0.006510471742587901, 0.7064785759242114, 0.17868716513756538], [0.01551269193250765, 0.8472784736755795, 0.11462865802979458, 0.022580176262118237], [0.01906268818171138, 0.8108522129004697, 0.04573118592519645, 0.12435391289262242], [0.007881784752103892, 0.48781102527411047, 0.4876160286802001, 0.016691161193585498], [0.017112117322730897, 0.7278127100626962, 0.04652060585197742, 0.2085545666625955], [0.015044873046390147, 0.16181614420713078, 0.7250030379481966, 0.09813594469828237], [0.018137964669344926, 0.11831613655148582, 0.7713969851983347, 0.0921489134808346]], "ideal": "B", "sampled": "A", "correct": false}}
{"type": "result", "data": {"idx": 14, "options": ["Lines in the infrared, visible, and ultraviolet regions of the spectrum reveal primarily the nuclear structure of the sample.", "The wavelengths identified in an absorption spectrum of an element are among those in its emission spectrum.", "Absorption spectra can be used to determine which elements are present in distant stars.", "Spectral analysis can be used to identify the composition of galactic dust."], "probs": [[0.8400656705264462, 0.11369361151651482, 0.036908392409394745, 0.009332325447644252], [0.711461830724735, 0.12364027452174534, 0.15874224648283514, 0.006155648170684486], [0.8896677017255261, 0.06445141223038087, 0.039088056015390685, 0.006792829928702357], [0.8742194233533456, 0.055897057340286965, 0.020558406264463203, 0.049325112941904274], [0.773808269279394, 0.17266494669180887, 0.04946604925077182, 0.004060734678025359], [0.8477871148699966, 0.08936315491055831, 0.025598430192940648, 0.03725129992650447], [0.01643149939769004, 0.8971324456212009, 0.07363896217677571, 0.012797092704333341], [0.014230738428715516, 0.8804187776297671, 0.0927917200735138, 0.012558763768003571], [0.010734192237977953, 0.01561963435023422, 0.9662679804210138, 0.007378192890774001], [0.006623362335259076, 0.005158869299278471, 0.00515835008696832, 0.9830594181784942], [0.010771438347934491, 0.012206992916761316, 0.9696176529776851, 0.007403915657619114], [0.006615452359417367, 0.0040129644165942885, 0.007496289381738637, 0.9818752937422497], [0.009607877912428085, 0.86487063756897, 0.11704250082187838, 0.008478983596723498], [0.008784595738316464, 0.8960531566487097, 0.05054950425203349, 0.044612743260940384], [0.006538368894850894, 0.015686193800915006, 0.970365901704745, 0.00740953549948911], [0.0051654254173588866, 0.005853973189936789, 0.004558577922196315, 0.984422023370508], [0.005111365582639825, 0.005112365357606538, 0.9740304940309434, 0.015745774928810154], [0.00653101218000344, 0.0039620338547725455, 0.020116451928966928, 0.9693905019362571], [0.012782305323013608, 0.8961155305190742, 0.08334897356807609, 0.007753190489836066], [0.010269671620129862, 0.9244770355093039, 0.04061654559517238, 0.02463674717539378], [0.007416130208588042, 0.013856584514556628, 0.9713102795250277, 0.00741700565182766], [0.005145060020169787, 0.00583092090493291, 0.008482706933653172, 0.9805413120412442], [0.0051172759517804966, 0.0057995973555002005, 0.9751713656377877, 0.013911760954931561], [0.00652724300387993, 0.004487098712398151, 0.020105131427643377, 0.9688805267560785]], "ideal": "A", "sampled": "A", "correct": true}}
{"type": "result", "data": {"idx": 15, "options": ["Bosons have symmetric wave functions and obey the Pauli exclusion principle.", "Bosons have antisymmetric wave functions and do not obey the Pauli exclusion principle.", "Fermions have symmetric wave functions and obey the Pauli exclusion principle.", "Fermions have antisymmetric wave functions and obey the Pauli exclusion principle."], "probs": [[0.07381473260931927, 0.20069378014304648, 0.6180431657994695, 0.10744832134816473], [0.011036879223683594, 0.03620551168762913, 0.9333791406467467, 0.01937846834194065], [0.016249326291294986, 0.023657782850043618, 0.8872419810775686, 0.0728509096810928], [0.004738825156572083, 0.011372971945769854, 0.9612764028915208, 0.022611799906137185], [0.013937006975692392, 0.9180116832067022, 0.040328067580758804, 0.0277232421368466], [0.013117540128379427, 0.9197509477756746, 0.03565657122466021, 0.03147494077128576], [0.02173794886766361, 0.024641015551048157, 0.7198619513932462, 0.23375908408804208], [0.015457857100745605, 0.01752717119577673, 0.9563864860481714, 0.010628485555306207], [0.04009594560555266, 0.7107848285480359, 0.04543465984772193, 0.20368456589868947], [0.010957437525497474, 0.16105385063075606, 0.8176918594552517, 0.010296852288494794], [0.019580440374959523, 0.9435554040372574, 0.01958121151004261, 0.01728294397774053], [0.01940878986769025, 0.9352494525798017, 0.03199986216104947, 0.013341895291458515], [0.009412901867270314, 0.007809918391379933, 0.9601877972906, 0.02258938235074977], [0.15226069118412686, 0.011038495395270883, 0.7732058937195766, 0.0634949196010257], [0.6980409814477969, 0.25679494445318385, 0.014486792590714387, 0.03067728140830491], [0.7220594912504192, 0.23445296383450193, 0.03594922289057773, 0.007538321924501124], [0.5388298790759404, 0.22461771142077505, 0.011903822775598769, 0.22464858662768575], [0.4656207841704797, 0.2492653270961475, 0.24919861459773782, 0.035915274035634964], [0.7549129442520663, 0.03532552214636101, 0.19085692646468974, 0.018904607036882872], [0.9377720986030957, 0.02348562524786289, 0.010417901017286806, 0.028324375031754556], [0.8323737962598697, 0.11265782989802565, 0.01838985640671634, 0.03657851733538823], [0.9003926028316376, 0.07391776489543987, 0.012843953681803846, 0.012845678491118694], [0.7962764500775379, 0.018733063710842796, 0.007332956417661747, 0.17765752969395757], [0.8992088309108678, 0.03487488063913645, 0.04476606333823206, 0.021150225011763734]], "ideal": "D", "sampled": "D", "correct": true}}
{"type": "result", "data": {"idx": 16, "options": ["The Heisenberg uncertainty principle", "The Pauli exclusion principle", "The Bohr model of the atom", "Nuclear hyperfine coupling"], "probs": [[0.032540694328128346, 0.11359167445441927, 0.014441734588464717, 0.8394258965289877], [0.01731594076844054, 0.02855553823651605, 0.9454182893450406, 0.008710231550002872], [0.06745350441863089, 0.012481223010379577, 0.0981420066815877, 0.8219232657894018], [0.017145741777118497, 0.010402460610578233, 0.936143639225432, 0.03630815828687131], [0.010081785493502023, 0.9075742392456566, 0.0744911930564324, 0.00785278210440901], [0.011726087376116603, 0.9315725752302093, 0.024823254747913824, 0.03187808254576031], [0.17290171689279743, 0.030051188036661496, 0.021983414517657913, 0.7750636804528832], [0.03632808222574474, 0.01336905639235422, 0.9369326174533472, 0.013370243828553794], [0.12827970934480934, 0.015325104898248731, 0.019672875660156658, 0.8367223099967852], [0.028310155958423348, 0.009194370835750464, 0.9375035895143133, 0.02499188359151286], [0.027771254792174047, 0.9197239785672418, 0.035658330790237294, 0.016846435750346878], [0.021767537230229624, 0.9256135076587232, 0.02466509424144077, 0.027953860769606417], [0.028057660871207334, 0.04082867768930597, 0.11097020633146083, 0.8201434550080259], [0.015089736617488417, 0.01509415201762918, 0.933605750917919, 0.03621036034696337], [0.015355853989850043, 0.12858930044102163, 0.017402268848362146, 0.8386525766207662], [0.014915210568447761, 0.040552259507176225, 0.9228242866854819, 0.02170824313889412], [0.011676596411212027, 0.9276341743158093, 0.0247185936654306, 0.03597063550754811], [0.01138314906305063, 0.9043449339402284, 0.06550254055161035, 0.018769376345110646], [0.7847708817741803, 0.10620978892191572, 0.09371795961376693, 0.015301369590136997], [0.7952144996586699, 0.1219435281842054, 0.017566797500514514, 0.06527517455661026], [0.7301385648849806, 0.2370319506405925, 0.01945593328544517, 0.013373551088981726], [0.6770692403955458, 0.2822375270978731, 0.010943284155234817, 0.029749948251346258], [0.8440247992018081, 0.05396329369765486, 0.03272398414624394, 0.06928792285429311], [0.8293544759986197, 0.0467959208819516, 0.08740727207958383, 0.036442330939844905]], "ideal": "B", "sampled": "D", "correct": false}}
