{"type": "result", "data": {"idx": 0, "options": ["The formation of the non-aligned movement", "Global disarmanent and nuclear non-proliferation", "The Green Revolution in agriculture", "Mobilization of pan-Asian ideology"], "probs": [[0.9943657969986633, 0.004063976626341695, 0.0006634155959089962, 0.000906810679086], [0.9912468245346128, 0.006679219291739991, 0.0014903126628245523, 0.0005836434108227217], [0.9965426858460544, 0.0019239203402948008, 0.0006245926239965584, 0.0009088010896541931], [0.9958999495779443, 0.0024687898638980424, 0.0009667719464647758, 0.0006644885116928778], [0.9875571260574832, 0.010971083718096077, 0.0009586412471774392, 0.0005131488772432015], [0.9912265835967777, 0.007568501649413948, 0.0006212590399652936, 0.0005836556138430656], [0.0024654204574463597, 0.9946343524050213, 0.001495383713141683, 0.0014048433243906088], [0.0031570870543356634, 0.9919393401864645, 0.004053783963737623, 0.0008497886954622624], [0.0009069151822444, 0.0009654936304392125, 0.9945404098314798, 0.003587181255836494], [0.0013175382938912957, 0.0010261796203571028, 0.0045987534321226525, 0.9930575285536289], [0.0010844533639376697, 0.012411160081825984, 0.9858863845116446, 0.0006180019425917386], [0.003506686047405351, 0.022867226463250755, 0.0012900952314434445, 0.9723359921579005], [0.0008516411751918534, 0.9941810952970053, 0.002792423820318315, 0.0021748396074845722], [0.0009637436363122302, 0.9928494454850153, 0.004597741811099363, 0.0015890689675731099], [0.0005166787426201186, 0.0019197861416157813, 0.9943983192219722, 0.0031652157937918438], [0.0008503104998058044, 0.002460562416884034, 0.004056667951359855, 0.9926324590319503], [0.0003545111468235513, 0.005903354987725893, 0.9927162357434808, 0.0010258980219697155], [0.0006176309088952561, 0.012405722657866101, 0.0014816547351029948, 0.9854949915981356], [0.004595581606436935, 0.9923833963463123, 0.0021708396573962966, 0.0008501822898543724], [0.004059264054696131, 0.9932842407526485, 0.0014933724581499984, 0.0011631226345053445], [0.002446651207167117, 0.009677286175294444, 0.9870303540831069, 0.0008457084344314806], [0.009586428422825862, 0.010863413251069277, 0.0016659714974408943, 0.977884186728664], [0.0013207388061707973, 0.0013208778060522935, 0.9954365173751664, 0.001921865912610524], [0.005888208162072354, 0.0019118048562220683, 0.001911749326114681, 0.9902882375555909]], "ideal": "A", "sampled": "A", "correct": true}}
{"type": "result", "data": {"idx": 1, "options": ["How societies shared strategically important technologies with each other", "Why European states went on to attain military superiority over non-Western powers in the modern era", "Why Silk Road commerce dwindled across the breadth of Eurasia after 1500 C.E.", "How the medieval climatic optimum affected the process of cultural diffusion"], "probs": [[0.0027890317711983955, 0.9929672915445783, 0.0035811959762035847, 0.0006624806080196701], [0.002461871222000666, 0.9931928877496883, 0.0021726042824251916, 0.0021726366458858395], [0.0013224228088086348, 0.0011670660902797915, 0.9967083712770973, 0.0008021397238142773], [0.0014974924368255603, 0.0021788774794852324, 0.00026023616225230204, 0.9960633938214368], [0.0009098270244173056, 0.0005518632916172891, 0.9977353380897517, 0.000802971494213755], [0.0016986836021722423, 0.0008024219992790313, 0.0003790392052595367, 0.9971198550932892], [0.997508531732436, 0.0016994279825395591, 0.0003346356499468138, 0.0004574045350775761], [0.9968523314429089, 0.0019244531694972808, 0.0003141583252546677, 0.000909056962339216], [0.9973264716552308, 0.00192536106818274, 0.00022995258998169505, 0.0005182145866048062], [0.997444537306487, 0.0016993261845822045, 0.00019066089595151184, 0.0006654755129792697], [0.9964347150420402, 0.002179779505524245, 0.0003558392227125724, 0.0010296661297229692], [0.9976874753486011, 0.0015000243952326042, 0.0002606639641965074, 0.0005518361919697876], [0.0014974008991372088, 0.0014974366386404027, 0.9959759543100314, 0.0010292080521910392], [0.00192235387872268, 0.0019223952061596284, 0.00033406867765341426, 0.9958211821374643], [0.003159648453797321, 0.9927347870046229, 0.002788386467086493, 0.0013171779744932564], [0.002790809974193397, 0.9935983424899406, 0.00169271839124961, 0.00191812904461637], [0.002467768255360822, 0.0009078766684568242, 0.0010287508825768735, 0.9955956040936055], [0.001321581141846705, 0.0009083391504072826, 0.996073057288043, 0.001697022319703055], [0.0011672545364190207, 0.0009090869355337505, 0.9968934972401325, 0.0010301611879146336], [0.0024670247262973803, 0.0016955957209296947, 0.0005504832119725977, 0.9952868962408004], [0.0031535495774322937, 0.9908169728454381, 0.0035734473125813896, 0.002456030164548205], [0.0031587285822210517, 0.9924455254040556, 0.0031587364984629112, 0.0012370094152604197], [0.0021769328112294646, 0.001921183244050546, 0.0007067686120546232, 0.9951951152326654], [0.001322304257290323, 0.001029846149376341, 0.9966179799444771, 0.0010298695488561947]], "ideal": "B", "sampled": "B", "correct": true}}
{"type": "result", "data": {"idx": 2, "options": ["They kept horses in their court, which would have come from the Mongols.", "The Ghanian king had adopted the Chinese tradition of the kow-tow .", "The king adorned himself with gold and jewels, probably from India.", "The people in his court wore silk robes."], "probs": [[0.03384851266218111, 0.029872637016523026, 0.06323907476598133, 0.8730397754553145], [0.01615782157159983, 0.012585899446107048, 0.939117534882426, 0.032138743999867075], [0.017702837530774458, 0.21567658792942498, 0.013787464076436523, 0.752833110363364], [0.008800803530152288, 0.08350950472470017, 0.8977151114368291, 0.009974580208318408], [0.020631104859368494, 0.8773319785710918, 0.03001828513752957, 0.07201863133201013], [0.015130955201734814, 0.826180480300005, 0.14355504899069882, 0.015133515407561323], [0.015683402075543355, 0.04831051669429755, 0.07964894530791522, 0.8563571358222438], [0.008183609723910438, 0.017327603015536326, 0.9459210072477502, 0.028567779912803022], [0.011167988284007394, 0.14483514561578623, 0.010491704664929312, 0.8335051613352771], [0.004568098027396522, 0.11782093870540178, 0.8705345825253384, 0.007076380641863278], [0.0147474278737545, 0.805229958431596, 0.04008833226032599, 0.1399342813343236], [0.006615488554696076, 0.8664958778773957, 0.11726177147098402, 0.009626861996924177], [0.04587938799241905, 0.02455841265060086, 0.007972807258811193, 0.9215893919981689], [0.01993850990002031, 0.012875422828066908, 0.9607115382482192, 0.006474528923693614], [0.0823712584647309, 0.02082732536923223, 0.011147907168762308, 0.8856535088972746], [0.03654820131632651, 0.015237693499447211, 0.942608103220493, 0.005606001863733196], [0.044768529397150134, 0.8992517445823529, 0.0395080914061468, 0.016471634514350103], [0.04596373035773925, 0.9232723207796458, 0.02171195273718323, 0.009051996025431651], [0.7377197727983337, 0.02227909113564493, 0.028604099470861684, 0.2113970364951597], [0.7048057356413049, 0.021285727736939517, 0.25927838825418664, 0.014630148267569011], [0.8038675397839178, 0.018907716988945264, 0.018905727683874208, 0.15831901544326268], [0.7741798338333881, 0.023380281934800063, 0.19574095753453294, 0.006698926597278947], [0.76843307626128, 0.19428620766497054, 0.023204179007054435, 0.014076536966695032], [0.7400026485979345, 0.2402389207475558, 0.015357569827235192, 0.004400860727274479]], "ideal": "D", "sampled": "D", "correct": true}}
{"type": "result", "data": {"idx": 3, "options": ["the Arab-Israeli conflict.", "the Korean War.", "the Cold War.", "the Vietnam conflicts."], "probs": [[0.0024584970527829265, 0.004593414911126814, 0.9917865807897944, 0.001161507146295839], [0.005189181368479669, 0.004579654895682329, 0.0013121623951391223, 0.9889190012406989], [0.0033431095449199233, 0.9867262355810473, 0.00853692842988365, 0.0013937263441490917], [0.002778801360507705, 0.9893053741435129, 0.0058827004225181865, 0.002033123973461169], [0.004591617326534663, 0.002616408980600733, 0.0012359534226839574, 0.9915560201701806], [0.0010966563781030015, 0.0009092623324236027, 0.9969637388243153, 0.0010303423651580673], [0.0024648001831116596, 0.00217543662450854, 0.9943320918041314, 0.0010276712882483347], [0.006663067609033456, 0.0026094946101961596, 0.0017935445810380118, 0.9889338930997323], [0.0065311052298003365, 0.9693040128651843, 0.02279570251174896, 0.001369179293266403], [0.00580442704243535, 0.9761442854158727, 0.015778034530681835, 0.0022732529110100143], [0.006665888182058435, 0.0023038418076839428, 0.0016855723058594918, 0.9893446976043981], [0.002623169561900425, 0.0021748878988804812, 0.9941083020511798, 0.0010936403880392426], [0.9923948500764533, 0.005207971128068629, 0.001492114948685045, 0.0009050637467929767], [0.9917894639207223, 0.005204752725739216, 0.0019147362412812246, 0.0010910470122572839], [0.9911806070472037, 0.005201643070735626, 0.0024570325290979122, 0.001160717252962784], [0.9912295363579331, 0.005201902252106187, 0.002168438867841161, 0.0014001224221195736], [0.9922737904424831, 0.004595436921579812, 0.0020392126862444648, 0.0010915598496926593], [0.9929912831456669, 0.004598781809730874, 0.001317591155502214, 0.0010923437890999947], [0.004587082378752847, 0.0031528675872244437, 0.0016876576838075418, 0.9905723922502152], [0.001166907105592298, 0.0010299128047646996, 0.9965608827819419, 0.0012422972077010745], [0.003577968708838998, 0.0031577268705384113, 0.0011617077670680277, 0.9921025965535546], [0.0020412140521732227, 0.003365666369529799, 0.9932750545208389, 0.001318064957458051], [0.0021634015645136833, 0.988973435302061, 0.007550905432381849, 0.0013122576010433618], [0.0022974795558489127, 0.9866363557883133, 0.009672585439178316, 0.0013935791166594003]], "ideal": "C", "sampled": "C", "correct": true}}
{"type": "result", "data": {"idx": 4, "options": ["They became a part of Japan\u2019s territory.", "The Americans established freedom for all Koreans.", "The Korean economy never recovered.", "Korea remains divided into two nations near the 38th parallel."], "probs": [[0.004056549993101224, 0.0027881479050857615, 0.0005157909932810029, 0.992639511008532], [0.0007541900482365469, 0.0013236818422906655, 0.997607659361379, 0.0003144686480938219], [0.005883699181833957, 0.00356880387979407, 0.0010225346246888634, 0.9895249622136831], [0.0010296821421438682, 0.0011668206602202158, 0.9964812150805568, 0.001322282017079115], [0.0019170776097302974, 0.9930563735127934, 0.004598756397675024, 0.00042779237980122305], [0.0019181235992165079, 0.9936010999312653, 0.0031624222257910853, 0.001318354143727089], [0.002461164683293443, 0.004057902309848125, 0.0005492257678197665, 0.9929317071390387], [0.0005875024328708499, 0.0013239793403364848, 0.9978435578229192, 0.0002449603038734065], [0.0031619060117094155, 0.0024625985309610554, 0.0009059789447657793, 0.9934695164125638], [0.000753910335981742, 0.0010969587240998767, 0.997239603125994, 0.0009095277139243182], [0.0019157853049615477, 0.9923922095072599, 0.005207593848160518, 0.00048441123961805675], [0.002168848710409264, 0.9914674589872451, 0.005202740029352366, 0.0011609521729932645], [0.002455456137236227, 0.005890503417482955, 0.0010236702904110352, 0.9906303700548698], [0.0008531456719419627, 0.0019226276537182992, 0.9959027030680179, 0.0013215235063218365], [0.0031547601579810366, 0.0045903086595073745, 0.0010242860075788279, 0.9912306450749327], [0.0010294407714488121, 0.0016973047544853338, 0.9962436436362492, 0.0010296107378166245], [0.0021615546908928087, 0.9881323731259644, 0.007544470127625718, 0.0021616019555170643], [0.002161562295038352, 0.9881323964949794, 0.008548995816470829, 0.0011570452935114107], [0.9972959730602035, 0.0019252736769234178, 0.0005181864239606455, 0.0002605667389124688], [0.9963657286492892, 0.0024697824912769495, 0.00045687079667791635, 0.0007076179627559715], [0.9974972388717195, 0.0016993982347720486, 0.0005872995697727652, 0.00021606322373573708], [0.9960202447872881, 0.002797691050458295, 0.0006645201669181824, 0.0005175438953353421], [0.9964707526790395, 0.0016976468237154007, 0.001029675884665636, 0.0008019245125794231], [0.9970693909667063, 0.0016986884556010496, 0.0008024073203684591, 0.000429513157324204]], "ideal": "D", "sampled": "D", "correct": true}}
{"type": "result", "data": {"idx": 5, "options": ["Optimistic, encouraged", "Understanding, accepting", "Cynical, enthusiastic", "Sincere, resigned"], "probs": [[0.059203907693334404, 0.001482308977943503, 0.9261026967706587, 0.013211086458063355], [0.49349472925694476, 0.002756821812280128, 0.010242156273208127, 0.49350629255756695], [0.1457182941423415, 0.8385631934353655, 0.006402531570089942, 0.009315980752203079], [0.15948414177125467, 0.8099336306525595, 0.021584090861632124, 0.008998136614553719], [0.5258050442898842, 0.0035431034998829273, 0.006618944313781925, 0.46403290779645096], [0.017884341220182745, 0.0011434484732749917, 0.9764499063477429, 0.004522303858799357], [0.027696573949276153, 0.04030045098985551, 0.917176897077316, 0.014826077883552382], [0.09849143045619821, 0.38954582879065025, 0.011763123816124342, 0.5001996168370272], [0.00840147086047675, 0.9710849622909656, 0.0177858633618818, 0.0027277033866758235], [0.007445408224754022, 0.9751618757842344, 0.012275371088080418, 0.005117344802931122], [0.030866313197999762, 0.0034634752072577268, 0.4828261650508078, 0.4828440464439347], [0.003162800833429146, 0.0006630453933145736, 0.9937107667875178, 0.0024633868857384506], [0.9981962094323353, 0.0010314891371073324, 0.00031457976055430383, 0.00045772157000304044], [0.9978498007324772, 0.0011684374633669972, 0.0004298323930346387, 0.0005519293111211776], [0.9977419627029978, 0.0005184460717527426, 0.0010309834840507, 0.0007086076411988056], [0.9975716366155125, 0.0007085137692775055, 0.0005517572804665995, 0.0011680922347433302], [0.9960186489647891, 0.0010292867740449667, 0.001922810449076344, 0.0010292537120895836], [0.9976963267804435, 0.0007543074666403568, 0.0005183946581852353, 0.001030970994730866], [0.049678583340059895, 0.4713470456112971, 0.007618503849143705, 0.47135586709949934], [0.021150519743067697, 0.07382625131916308, 0.8993297871678682, 0.0056934416699010145], [0.0687546176828229, 0.006395874012109644, 0.34915932207944234, 0.5756901861256251], [0.005191767986915752, 0.0013975158619080668, 0.9893669954407693, 0.004043720610406855], [0.007445906468835777, 0.9752302973778972, 0.01576294963431374, 0.0015608464189532964], [0.004579605697354476, 0.9889275186884146, 0.0040414944795455895, 0.0024513810346854007]], "ideal": "C", "sampled": "C", "correct": true}}
{"type": "result", "data": {"idx": 6, "options": ["Revolutionary progressivism does not always concern itself with gender equality.", "Women typically assume leadership roles during times of revolution.", "Women rarely support revolutions and therefore receive little benefit from them.", "Revolutionary movements are generally uninterested in women's rights."], "probs": [[0.8647817581812576, 0.02611570682023114, 0.017947450712981285, 0.09115508418552995], [0.7176149440433605, 0.04587850698137752, 0.23296827369986636, 0.003538275175395621], [0.8884172968857206, 0.05679581263124625, 0.004661943415686445, 0.0501249469673467], [0.7182660918882259, 0.07570821395509907, 0.2057846378827995, 0.00024105617387556056], [0.8766700140760103, 0.11864610912152052, 0.0033656973819406236, 0.0013181793205285699], [0.88596413333589, 0.10581545303816822, 0.007665066275009707, 0.0005553472509321267], [0.008925341459824194, 0.9104444428564543, 0.035299749767152576, 0.04533046581656896], [0.010071224322917762, 0.9066240840709828, 0.07441544320620487, 0.008889248299894521], [0.003317491020961072, 0.010219266953592506, 0.919824926634704, 0.06663831529074232], [0.0053629414098148665, 0.012086796556200827, 0.5823060265407118, 0.4002442353932725], [0.005099410810678552, 0.17976932769939355, 0.8056029324378765, 0.00952832895205132], [0.008233458109623067, 0.4785448490552703, 0.03466387966911605, 0.4785578130659906], [0.013227831492105024, 0.927370477333707, 0.013227753261014738, 0.04617393781317324], [0.015049297505749641, 0.9311086643874172, 0.0525267469196546, 0.0013152910871785687], [0.00511271122994478, 0.0027368850580307535, 0.9743036709023494, 0.017846732709675087], [0.006939490392583269, 0.0028932329624714896, 0.5868234488646731, 0.4033438276802721], [0.008269447725614056, 0.2915231547540186, 0.6992792396083624, 0.0009281578120050488], [0.013182328656592432, 0.6351792640160765, 0.011633495484832203, 0.3400049117424989], [0.017638868000698273, 0.9630968898520922, 0.015566355083200055, 0.0036978869640094435], [0.017508288939166113, 0.9559656607867921, 0.025474374402760885, 0.0010516757712808582], [0.00850802355943036, 0.0029405741100445955, 0.9833902431738673, 0.005161159056657826], [0.02560275766590665, 0.004179942378375508, 0.009418927035648797, 0.9607983728200691], [0.004576823553019411, 0.006659694517314384, 0.9883101730469946, 0.00045330878267158377], [0.025496000148410337, 0.01546482166321392, 0.0022279391755717585, 0.956811238912804]], "ideal": "A", "sampled": "A", "correct": true}}
{"type": "result", "data": {"idx": 7, "options": ["Sub-Saharan Africans relied on European merchants to sustain population growth through the constant importation of New World foodstuffs.", "Sub-Saharan Africans consolidated new states and kingdoms by trading with the Europeans for firearms.", "Sub-Saharan Africans depended on European merchants as the sole purchasers of slaves.", "Sub-Saharan Africans allied with European powers to evict Muslim and Arab merchant princes from encroaching on their sovereignty."], "probs": [[0.37003325654150576, 0.37002979947217995, 0.25431751681278225, 0.005619427073531992], [0.32922658995504916, 0.10688276806841088, 0.021046990957831867, 0.5428436509187081], [0.05806565988648012, 0.031080653670763445, 0.9083022410890134, 0.0025514452537430464], [0.08257609911663068, 0.01842546923809669, 0.011175552720011705, 0.8878228788252609], [0.1299568879890275, 0.03285909485788041, 0.7478572569332231, 0.08932676011986893], [0.13924315518520425, 0.03520676852706133, 0.024197041895812094, 0.8013530342919223], [0.3717557555282883, 0.5408986305994871, 0.08294872340477928, 0.004396890367445354], [0.29243674653499, 0.2924344219538613, 0.039577521084929096, 0.3755513103262195], [0.08994569044246362, 0.05455557274528867, 0.8533831279584164, 0.0021156087538312445], [0.3244816167257112, 0.04976066731523692, 0.019486131761629295, 0.6062715840974227], [0.23931194062557645, 0.04158811394717, 0.6505261256797111, 0.06857381964754236], [0.271159966592198, 0.03669848901044574, 0.041583454545770615, 0.6505580897515856], [0.01371758732174157, 0.40089238320675213, 0.5832861157629956, 0.0021039136085106297], [0.016094208121796037, 0.0926164707288618, 0.0125343280839529, 0.8787549929653893], [0.016865936609536652, 0.26383163852827546, 0.7171578820612686, 0.0021445427009192694], [0.03573660033173151, 0.29922326170098745, 0.03153756131321283, 0.6335025765540682], [0.021145626948080323, 0.014533521987675789, 0.06513368181043627, 0.8991871691538076], [0.016115082863100604, 0.01107609080763728, 0.7764761952230594, 0.19633263100620266], [0.03351336232379124, 0.1701994183049965, 0.7627697926558421, 0.03351742661537019], [0.0368085838131891, 0.1000578028980091, 0.025298720176039385, 0.8378348930127624], [0.02682513663425604, 0.2545135541150701, 0.6918335350109653, 0.026827774139708483], [0.042495434102516105, 0.2445495839617154, 0.0481543257653073, 0.6648006560704612], [0.02639575160887691, 0.01814196231159985, 0.08130579407700757, 0.8741564919025157], [0.015921753921444935, 0.010943129429501408, 0.8693059644557262, 0.10382915209332753]], "ideal": "B", "sampled": "B", "correct": true}}
{"type": "result", "data": {"idx": 8, "options": ["Hitler's belief that Poland's territorial borders should not be violated", "A rising intolerance of ethnic and political minority groups", "A widespread belief in Germany that it had been unfairly treated at the end of World War I", "Hitler's attempted collaboration with Italian leader Benito Mussolini"], "probs": [[0.0008552685355822904, 0.0003349517546065547, 0.9983796773372714, 0.000430102272539718], [0.0009100201137785914, 0.0009100441535448698, 0.00020305933645176555, 0.9979768762962248], [0.0024605741669087217, 0.9926664178441305, 0.004596916278027259, 0.0002760916109335175], [0.0024630830692723748, 0.9936768032448411, 0.0035837440133180457, 0.00027636957256843976], [0.0008034334631650703, 0.0005522112214570361, 0.0002450400347900704, 0.9983993151805878], [0.0016989976166275345, 0.00040357901682028723, 0.9972723311635452, 0.0006250921030069628], [0.0014999352038130224, 0.00026067420574008357, 0.9976519394838002, 0.000587451006646697], [0.0011683066034534535, 0.0008029912742481862, 0.00020302915125870895, 0.9978256728710396], [0.0016980317754093231, 0.9967134691531363, 0.0014984965864908598, 9.000238496348487e-05], [0.0019239799197562635, 0.9966451345888176, 0.0013223306547174452, 0.00010855473670863507], [0.0010311565194978866, 0.0008030879013336151, 0.00021614888239007325, 0.9979496065967784], [0.0011688644661814243, 0.00031462431823042975, 0.998255661213609, 0.00026084990197920433], [0.9976665333126281, 0.0016997152482135553, 0.00035627377442913263, 0.0002774775647292379], [0.9975015554346348, 0.0019257005847511089, 0.0002953126510708632, 0.0002774312295432122], [0.9970043670011774, 0.0024714068876736427, 0.0003560371324627097, 0.00016818887868624277], [0.9966978987569871, 0.002799601217674027, 0.0003343625471994257, 0.0001681373781393766], [0.9978194831949201, 0.0016999703364856812, 0.00027750880687920265, 0.00020303756171499517], [0.9977948884458842, 0.0016999284792662873, 0.00031445043253331155, 0.0001907325423162733], [0.0010310786615337244, 0.0008030297704834999, 0.00029541672265665246, 0.9978704747453261], [0.0019246983764775085, 0.00040347152318043634, 0.9970066056798476, 0.0006652243204945229], [0.0008031781142064996, 0.0009101419743291129, 0.00020308043086183792, 0.9980835993806025], [0.0008036192661106863, 0.00040411934228901916, 0.9985890418472912, 0.00020321944430900314], [0.0035801122460022905, 0.9926723200400617, 0.0035801096848653746, 0.00016745792907065483], [0.0027916121534179864, 0.9938875718739696, 0.0031633083140143693, 0.00015750755859808273]], "ideal": "C", "sampled": "C", "correct": true}}
{"type": "result", "data": {"idx": 9, "options": ["was justifiable according to local military custom, even if it violated Western military norms.", "can be viewed as a reaction to the systemic brute force with which the British governed India.", "should be praised as a brave patriotic blow against British colonial oppression.", "seems to have been the product of a well-organized and long-premeditated conspiracy."], "probs": [[0.001025966444042771, 0.9929127231054331, 0.005903946204161799, 0.000157364146362289], [0.0010949703028381064, 0.9954923093297862, 0.0031683669442680042, 0.0002443533231077319], [0.0004576704340055592, 0.0012442124137054178, 0.9981072780655496, 0.0001908389867394766], [0.0019161617636860525, 0.004596877903956202, 0.0008503261018348758, 0.9926366341305228], [0.0005186944339453861, 0.0009104285366126818, 0.9982752860158551, 0.00029559091358682737], [0.001921154780785491, 0.0016955360675758391, 0.00116527603755601, 0.9952180330140826], [0.9905030623298632, 0.005890103349573866, 0.003152600180477429, 0.00045423404008556017], [0.9932915158591021, 0.004600107014401666, 0.0014028995650436174, 0.0007054774614525629], [0.9920335391400474, 0.005899217433138508, 0.0016900831798343937, 0.00037716014697964994], [0.9948376330752118, 0.004065935930312217, 0.0008522306960560295, 0.00024420019841991236], [0.9946547734375542, 0.0035875062592410625, 0.0010940769483820576, 0.0006636432548227076], [0.9958125647254736, 0.0027972375780732747, 0.0010953539926329143, 0.00029484360382021446], [0.0005875475173713791, 0.0012439668013022609, 0.9979235023546575, 0.00024498322666877153], [0.002457287081339974, 0.005202350500419972, 0.0009623261549085223, 0.9913780361633315], [0.000963855801062246, 0.9929643617848951, 0.005904264952936846, 0.00016751736110575205], [0.0008011017353767984, 0.995493234422595, 0.0035902347925299465, 0.00011542894949832135], [0.0021733450078743324, 0.0031623632203953106, 0.001092859978114451, 0.993571431693616], [0.0003148130949937049, 0.0005525617457437372, 0.9989416537753477, 0.00019097128391478132], [0.00045753327950725126, 0.001500331056097911, 0.997812022508618, 0.0002301130557768075], [0.0014951971488107786, 0.002793543893765572, 0.0011644924005142054, 0.9945467664569094], [0.0010271205384717787, 0.9940362251045591, 0.0046031518247439595, 0.00033350243222516756], [0.0007518141502471057, 0.9945037769995159, 0.004605312743247151, 0.00013909600698987316], [0.0016921220187887183, 0.004059378000663673, 0.0009641744352021202, 0.9932843254453455], [0.00033493189670008144, 0.0010982952616576508, 0.9983874584354161, 0.0001793143062261286]], "ideal": "B", "sampled": "B", "correct": true}}
{"type": "result", "data": {"idx": 10, "options": ["A factory owner is forcing him to do so.", "He doesn\u2019t earn enough on his own.", "The children need discipline.", "Their labor is only moderately difficult."], "probs": [[0.0045590535446413455, 0.984483176142937, 0.008517370504879582, 0.0024403997075420486], [0.004025178925908867, 0.9849278839868915, 0.009655779142342776, 0.0013911578448568664], [0.00023032115453209786, 0.0005881840561568336, 0.9989204546013747, 0.00026104008793641453], [0.0013223895194134543, 0.0013224548284117411, 0.0006246668898128551, 0.9967304886623619], [0.0003146739889888322, 0.0008036040928661761, 0.9984776047073185, 0.00040411711082651307], [0.001166795691305858, 0.001697751288374962, 0.0005867138195708484, 0.9965487391007484], [0.9925007900746029, 0.005901739869301775, 0.0007986941453707455, 0.0007987758107245748], [0.9925488489306431, 0.00590199222989235, 0.0007987322579999607, 0.0007504264814645462], [0.9931771196911927, 0.005211816189125987, 0.0009056568412996771, 0.0007054071783815977], [0.9947607977959856, 0.003587783032648182, 0.0006234439703571802, 0.0010279751010089954], [0.9944605504152557, 0.004064233820011259, 0.0008518793486303246, 0.0006233363161027265], [0.9946622103253413, 0.0035874247012808993, 0.0005856125993349764, 0.001164752274042833], [0.00010881024832121542, 0.0007095546880642248, 0.9990418919790137, 0.00013974298460079954], [0.0007533201865303073, 0.002179861047828029, 0.0005511497101150131, 0.9965156689555267], [0.0016826268682994876, 0.9876758366835391, 0.00968274430681651, 0.0009587920413449279], [0.0016857129936017025, 0.9894826655416245, 0.006667035795711522, 0.0021645855690623607], [0.0006648677551028803, 0.001923897132483486, 0.0008019913963154244, 0.9966092436160982], [0.00013968524245513059, 0.0005524913298337934, 0.9988202212564196, 0.00048760207129153155], [0.0001232998500112443, 0.0006261956849932012, 0.9990471820129896, 0.00020332235200591918], [0.0009091879974196353, 0.0014990609935524584, 0.0005180499236942477, 0.9970737009853337], [0.0016818971676134577, 0.9872451963078017, 0.009678499954059276, 0.0013944064705255217], [0.0019061438505937412, 0.987405418622236, 0.006653027668141131, 0.004035409759029151], [0.0007083196579861015, 0.0011678610524747466, 0.0007083308920647174, 0.9974154882974744], [0.00014869113395424175, 0.00048756479721782426, 0.9988112372049756, 0.0005525067638523199]], "ideal": "B", "sampled": "B", "correct": true}}
{"type": "result", "data": {"idx": 11, "options": ["Uneasy allies", "Comrades-in-arms", "Mortal enemies", "Distant strangers"], "probs": [[0.22053289027204198, 0.002608218241222231, 0.7697690666428947, 0.007089824743841055], [0.1476457084463946, 0.0016403137322664534, 0.0010591442449089784, 0.84965483347643], [0.005211875047353069, 0.9932169112263309, 0.0012379984159126799, 0.0003332152104032942], [0.004599146274383531, 0.9931454893296554, 0.0010924593485250231, 0.0011629049474360285], [0.2665957021542253, 0.006674358889413409, 0.0020358365381428355, 0.7246941023182184], [0.014036785043728623, 0.0007440106620404557, 0.9840667476390403, 0.0011524565551905698], [0.0001970233177589183, 0.2447980515969198, 0.7540043203282872, 0.0010006046570340318], [0.00045248225198563915, 0.32036731143021635, 0.000957960188609327, 0.6782222460291887], [0.00017282228997676322, 0.0952852836583084, 0.9040095300326229, 0.0005323639190920062], [0.0007851902000208632, 0.5917887652989143, 0.0006929809419790023, 0.4067330634590858], [0.0002707169321784799, 0.0002881924144152736, 0.0850530933788215, 0.9143879971745847], [0.0007977719602907849, 0.0004838978027300441, 0.06746150512106058, 0.9312568250159186], [0.02293481596339834, 0.975230619185084, 0.001141932146666733, 0.0006926326048509175], [0.04730438412187786, 0.9501544623020308, 0.0011125767125152583, 0.0014285767635760106], [0.529905307982173, 0.0010232735428017034, 0.46767283774929236, 0.0013985806257329437], [0.901898804753889, 0.002697046856399896, 0.0003429500515566015, 0.09506119823815455], [0.4673315710297074, 0.001487866804068445, 0.52959666682786, 0.0015838952383641792], [0.8328046065610344, 0.0024904619958194436, 0.000713601987707189, 0.16399132935543903], [0.0007044200357063923, 0.49874626713029946, 0.0017989030812031776, 0.49875040965279094], [0.00016990247110738792, 0.05337428260728429, 0.9460481928908818, 0.0004076219307264991], [0.0002322403625527082, 0.00018088525932924787, 0.05338237909284033, 0.9462044951852777], [0.0008498047277591728, 0.0004548952312123303, 0.006684336828600329, 0.9920109631124282], [0.0002325007420159738, 0.3484671050121194, 0.6510018026717652, 0.0002985914740994194], [0.0005174403837668943, 0.8788463575775455, 0.001696644370665736, 0.11893955756802194]], "ideal": "A", "sampled": "C", "correct": false}}
{"type": "result", "data": {"idx": 12, "options": ["Issue a casus belli to go to war with the Kingdom of Zulu", "Tax the Zulu kingdom to cover damages attributed to them", "Sever its responsibility to protect citizens who chose to live in South Africa", "Liberate the Zulus from British colonialism"], "probs": [[0.9895477828453476, 0.007555533142210593, 0.0015837092340784949, 0.0013129746783632336], [0.9923951144226794, 0.005901232075413961, 0.0007986421309270483, 0.000905011270979642], [0.9875287242999288, 0.009681696251928083, 0.0013947709312062315, 0.0013948084169369498], [0.9893791357836299, 0.008560122647161267, 0.0009022259329344219, 0.00115851553627442], [0.9916264284502295, 0.005896693949413609, 0.0011611173242513867, 0.0013157601761054983], [0.9914731413961813, 0.005895788445125219, 0.0013155120373219947, 0.001315558021371494], [0.007546872976987567, 0.9884447631608972, 0.002776346749978247, 0.0012320170121369316], [0.006675411271697403, 0.9907152937546568, 0.0015855604517415924, 0.0010237344219042057], [0.0010268609888623842, 0.0046021186636675945, 0.9937481640811046, 0.0006228561663654774], [0.17526534981459177, 0.19860107592449244, 0.014386520431384667, 0.6117470537295311], [0.0008015738739424046, 0.002178936852452403, 0.9960525718488898, 0.0009669173247153146], [0.09226709987490876, 0.01414984595420504, 0.01816835928240614, 0.8754146947884801], [0.010943098738033133, 0.9850663728139626, 0.0025992316331529446, 0.001391296714851361], [0.014015643099280361, 0.9825773956593771, 0.0020191692996673126, 0.0013877918416752507], [0.0007076027939214146, 0.002179604047938045, 0.9963595254175239, 0.000753267640616551], [0.5083392451321588, 0.032497325256842784, 0.010550216232310821, 0.4486132132786876], [0.0007522813327610239, 0.002466689731603031, 0.9950856652862591, 0.0016953635493768598], [0.3586325658448249, 0.03779984651798444, 0.012271687432908534, 0.5912959001042821], [0.0043121603108084395, 0.9912178375855049, 0.0031548378007262004, 0.001315164202960533], [0.003807820581936174, 0.9918258120785961, 0.00296551866371821, 0.0014008485757494903], [0.0005850316194516642, 0.004601640950831914, 0.993649809774912, 0.0011635175548044116], [0.024049278730680544, 0.22817617740097648, 0.04492996728960223, 0.7028445764787408], [0.0009594004239007869, 0.006659606847495848, 0.988341616174641, 0.0040393764539624], [0.012843349053461317, 0.0739091317902354, 0.012843415177369097, 0.9004041038789342]], "ideal": "A", "sampled": "A", "correct": true}}
{"type": "result", "data": {"idx": 13, "options": ["Pan-Africanism", "Communism", "African socialism", "Neocolonialism"], "probs": [[0.9956407086726226, 0.0016964255132154785, 0.0011658214657294446, 0.0014970442484325344], [0.9914510400202096, 0.00149083747807908, 0.00037691560042734117, 0.0066812068012840654], [0.9945736052025032, 0.004064931339922202, 0.00033366326393965436, 0.0010278000936349899], [0.9960907311247829, 0.002798131493130589, 0.00020269414079843675, 0.0009084431412880819], [0.9898751345667529, 0.0011592414192174202, 0.00040058084283257786, 0.008565043071197027], [0.9979055050958114, 0.0007545332021822663, 0.0004298737606356982, 0.0009100878413705812], [0.0011905738173568258, 0.9552140439556518, 0.041967977733125175, 0.0016274043938662483], [0.0018884756394217184, 0.863294792027122, 0.002424860406207222, 0.13239187182724907], [0.0006228900355900653, 0.0031631414653209076, 0.9937503905402164, 0.0024635778588726343], [0.0006512359685631072, 0.022956078354676345, 0.00027152036752449524, 0.9761211652092361], [0.0005800399038265231, 0.0002574145210092098, 0.9851099914290353, 0.014052554046128882], [0.0008019526191292117, 0.00021586944084948183, 0.002470247982536948, 0.9965119298574844], [0.004047256500902694, 0.99034579373693, 0.003152039191069367, 0.002454910471097969], [0.004050791216706989, 0.9912079510624432, 0.0015863564652221056, 0.0031549011556277176], [0.0016984748690431776, 0.00027729474882359263, 0.9969275019055349, 0.001096728376598323], [0.017962566348467855, 0.000952093043825663, 0.0003290614191791482, 0.9807562790885274], [0.0011683462679173424, 0.00020304626422714547, 0.9977737687264654, 0.0008548386413901599], [0.012422903502158533, 0.00031105371458307933, 0.0003751997456742053, 0.9868908429375842], [0.002857498056655106, 0.8978027618662165, 0.0047111919049475735, 0.09462854807218075], [0.0016748016094538137, 0.9830773155216231, 0.014022509883527505, 0.0012253728853955015], [0.0007057870880216072, 0.00033341405789196333, 0.9937457537920736, 0.005215044962012731], [0.0009675876727433432, 0.000334422125957843, 0.0019243513983424345, 0.9967736387029563], [0.00026063540585319003, 0.0010972542595909932, 0.9974740620766345, 0.0011680481579213963], [0.000547247357221963, 0.009699909956440921, 0.00033195089811184896, 0.9894208916882252]], "ideal": "A", "sampled": "A", "correct": true}}
{"type": "result", "data": {"idx": 14, "options": ["Agriculture fueled industrialization in cities as excess labor flowed from the countryside to urban centers.", "Agricultural surpluses allowed the state to invest more heavily in modernizing agricultural production.", "Agricultural efficiency reduced prices of basic commodities, raising the standard of living across the whole of China.", "Agriculture was collectivized, with the result that entire communities shared fields instead of individuals owning the land as private property."], "probs": [[0.003561660784693893, 0.00754036131511941, 0.0013103089800450293, 0.9875876688201417], [0.0011635356462487863, 0.00460219760223191, 0.993717858872691, 0.0005164077788282492], [0.002785105627637397, 0.003156055587238692, 0.0024578826583870022, 0.9916009560267369], [0.0013202389916766994, 0.0019210733467634744, 0.9950633280323076, 0.0016953595292522577], [0.005702845187750669, 0.9591023755759217, 0.03281733336798437, 0.0023774457683432633], [0.005148803657016415, 0.9812132719316684, 0.008488941840386082, 0.005148982470929074], [0.0027799260520748464, 0.006668944552085148, 0.000796495669221789, 0.9897546336266182], [0.0011619788760794305, 0.005901334662544007, 0.9923877063655518, 0.0005489799958247537], [0.0031519387704143317, 0.0019118919896247474, 0.00458609251414562, 0.9903500766258153], [0.0042883176032761155, 0.0026012267720986913, 0.9260261584933469, 0.06708429703127826], [0.005456479528720426, 0.9176565850062255, 0.07532351826308693, 0.0015634171019671154], [0.007355051022079343, 0.8501429988457915, 0.012126409131649168, 0.13037554090048], [0.0013161249926674295, 0.005205478325463031, 0.0014913852577128162, 0.9919870113241567], [0.0007065703498060792, 0.0035883966431066116, 0.99490429437669, 0.0008007385303972211], [0.0019100620768442507, 0.004043756374914613, 0.004582058071947403, 0.9894641233762937], [0.0023465116441670226, 0.003868945320847119, 0.946651675684425, 0.04713286725056089], [0.0033948499700137223, 0.830701861960521, 0.16356987429737233, 0.002333413672092979], [0.007282902696158725, 0.7428878759497378, 0.036985186061420955, 0.21284403519268252], [0.9295116097571199, 0.02477148901044683, 0.040839071345001095, 0.004877829787432129], [0.9622157291045492, 0.02262943349744661, 0.005721440826514309, 0.00943339647148987], [0.72821809779185, 0.03199687049980328, 0.23641245244822884, 0.003372579160117928], [0.6056212983480478, 0.020724041896957757, 0.006319930364309137, 0.36733472929068534], [0.7186811724946701, 0.013163896407598906, 0.26438335955198655, 0.0037715714457444787], [0.3431816829416817, 0.008071403330281914, 0.0075816920155902775, 0.6411652216124462]], "ideal": "D", "sampled": "D", "correct": true}}
{"type": "result", "data": {"idx": 15, "options": ["The expulsion of Christian missionaries from Japan", "The adoption of Chinese imperial customs in the Japanese court", "The annexation of Manchuria by the Japanese", "Commodore Perry forcing Japan to open its ports to trade"], "probs": [[0.002972184438937618, 0.001027262453352527, 0.0019190173666920132, 0.9940815356410179], [0.0014964507131587379, 0.0007069431487099878, 0.995329163742078, 0.002467442296053199], [0.0033573231347294365, 0.005200208549104356, 0.0004837043300619732, 0.9909587638861043], [0.0020431276759212825, 0.0020433048600320093, 0.9942195501282544, 0.0016940172357923894], [0.006224846258049036, 0.9834335711698943, 0.004847964108877579, 0.005493618363179142], [0.006213606494645608, 0.9816576037894224, 0.010905174704223015, 0.00122361491170896], [0.002783796483196074, 0.004050586788828897, 0.002036707218088318, 0.9911289094098867], [0.0014922917840097842, 0.003159386745543662, 0.9925601162295539, 0.002788205140892705], [0.0026137147486113128, 0.00589037001412375, 0.0009033125315351406, 0.9905926026057298], [0.001319043601708914, 0.002623412586100053, 0.994138144652088, 0.0019193990601030016], [0.0037852228389103166, 0.985944527772279, 0.006240769405053268, 0.00402947988375736], [0.003147143852509333, 0.9887937982069086, 0.0066624628269512515, 0.0013965950136307634], [0.004593914634279637, 0.0027865309880796382, 0.0005840906262066476, 0.992035463651434], [0.002316411024500323, 0.0012400059071716247, 0.9947486518004821, 0.0016949311678459268], [0.004060235571430027, 0.0011633993619026108, 0.0012383406732647726, 0.9935380242934025], [0.0013214873818170661, 0.0005175617486392554, 0.9959820065545004, 0.0021789442150432626], [0.006635713485359764, 0.9848272344432526, 0.00663576517376339, 0.0019012867976242074], [0.005515075010800522, 0.9873074391664816, 0.004034962301774681, 0.0031425234209432355], [0.9930819759452115, 0.004320464255633506, 0.0009056569481296624, 0.0016919027510252712], [0.9948866191456932, 0.0031666862218536224, 0.0010943986514822723, 0.0008522958809709183], [0.9926563721996092, 0.0038111981425781277, 0.001492499783070295, 0.002039929774742395], [0.994871012341951, 0.002794560022602022, 0.0010943781729603908, 0.00124004936248663], [0.9930480902011214, 0.004895539113394131, 0.0010923797000777227, 0.000963990885406789], [0.9927259550868179, 0.005209562299032104, 0.0006623583524397326, 0.0014021241617101978]], "ideal": "D", "sampled": "D", "correct": true}}
