{"type": "result", "data": {"idx": 0, "options": ["0.005 C", "0.01 C", "0.02 C", "0.5 C"], "probs": [[0.21744920878226814, 0.4062485800416578, 0.3584452364574921, 0.01785697461858197], [0.2047586379812451, 0.3824930970735392, 0.23198098740698736, 0.18076727743822837], [0.11497869251232244, 0.13030022925007273, 0.7496642521076777, 0.005056826029927094], [0.19881469009318617, 0.22525748608243945, 0.15482673047424816, 0.42110109325012623], [0.2571255669797922, 0.16599856995615467, 0.5441650374651257, 0.032710825498927405], [0.25645777198405817, 0.11380244620790837, 0.37311741149989724, 0.2566223702081362], [0.18226613951263604, 0.4954734376822327, 0.30048100556413304, 0.021779417140998236], [0.13831167539964367, 0.48275517590382416, 0.2012422919627482, 0.17769085663378398], [0.14890333933024874, 0.2455136561915568, 0.5888649187991328, 0.016718085579061542], [0.18874814260734477, 0.3111710110962202, 0.1887221996868686, 0.3113586465095664], [0.1726466477194413, 0.1837936237257058, 0.6025228861364699, 0.04103684231838308], [0.21393966035075418, 0.1665887782827688, 0.45276896791791293, 0.16670259334856408], [0.16429463097863958, 0.28834607953237296, 0.5386436496710553, 0.008715639717932247], [0.16628369191760875, 0.3520005538111427, 0.1294937691113866, 0.35222198505986196], [0.14484616802352052, 0.4461756550614277, 0.3937037502439135, 0.015274426571138306], [0.15712553963545214, 0.4839289404234175, 0.1571087162237139, 0.20183680361741643], [0.18538194202335279, 0.09922780470944317, 0.5709219957718792, 0.1444682573953248], [0.21414299520836666, 0.1298842799602634, 0.5819193969431105, 0.07405332778825946], [0.06377469890168404, 0.39071858798646647, 0.5016532651947939, 0.043853447817055524], [0.0544706127817011, 0.31348287588973905, 0.27666034879510126, 0.3553861624334586], [0.06057984099050308, 0.30769014813937656, 0.5747957910737157, 0.056934219696404643], [0.061130273853349584, 0.3517965362919867, 0.3986777946003537, 0.18839539515431003], [0.04576424309323469, 0.2803670501866175, 0.5237535266058648, 0.15011518001428298], [0.055738700139055686, 0.23470122231769688, 0.6379598544858168, 0.07160022295743061]], "ideal": "B", "sampled": "B", "correct": true}}
{"type": "result", "data": {"idx": 1, "options": ["the electric field produced by a finite-length charged rod", "the electric field produced by an infinitely long charged cylinder", "the electric field produced by an infinite plane of charge", "the magnetic field produced by an infinitely long, straight current-carrying wire"], "probs": [[0.08067858061744601, 0.16045504503712604, 0.26454764625604904, 0.4943187279893789], [0.04609519701167429, 0.26529080167164154, 0.6363653062460729, 0.052248694970611236], [0.06731246912644236, 0.18297932913405734, 0.1109806679808879, 0.6387275336586123], [0.03966452390933596, 0.31201423913042176, 0.5829081891937651, 0.06541304766647725], [0.19195804570060793, 0.358640860242768, 0.09067184002302872, 0.35872925393359534], [0.1542618939541347, 0.3939414498087861, 0.30681951222419, 0.14497714391288916], [0.22790945639586008, 0.047775465100408386, 0.17749605740515548, 0.546819020998576], [0.09790394310946379, 0.05241240882649202, 0.8198147919212927, 0.02986885604275144], [0.20291714951227305, 0.20290534779313626, 0.04253159272849257, 0.5516459098660981], [0.09852428336939198, 0.1433626910973236, 0.7280558008588348, 0.030057224574449624], [0.3744621393156808, 0.37444318503956203, 0.023936035812605196, 0.227158639732152], [0.36720260592919773, 0.32408054973494627, 0.2523805975483975, 0.05633624668745854], [0.16863638851968005, 0.062039225104324976, 0.10227983863030624, 0.6670445476456888], [0.08182855223961324, 0.0818389010964083, 0.7764469048648311, 0.05988564169914735], [0.19941333008580048, 0.05713287389129112, 0.047361903064290216, 0.6960918928586182], [0.08324037833377948, 0.0943355514522848, 0.789816579636868, 0.032607490477067694], [0.4678794145116227, 0.32155120369556706, 0.03840287029359166, 0.1721665113992186], [0.4879280048416193, 0.3353317690131451, 0.04538172127367376, 0.13135850477156183], [0.26256648485915235, 0.12402762841020408, 0.18044864177236428, 0.43295724485827924], [0.1488064825386014, 0.158414632066144, 0.5529357790394025, 0.1398431062558521], [0.29337406592674947, 0.22847994010070916, 0.10138109476418403, 0.3767648991083573], [0.1315220115818, 0.21686333864517043, 0.5894693066605923, 0.06214534301243734], [0.14326228413434128, 0.5666234577122466, 0.08162510515864682, 0.20848915289476522], [0.14823597557674673, 0.5174112876925181, 0.089907682753247, 0.24444505387748822]], "ideal": "A", "sampled": "D", "correct": false}}
{"type": "result", "data": {"idx": 2, "options": ["electric field outside the object is zero", "the electric field outside the object is equal to the electric field inside the object", "the electric field outside the object is directly proportional to the distance away from the center of mass of the object", "the electric field outside the object, but very close to the surface, is equal to the surface charge density at any location divided by the permittivity of free space"], "probs": [[0.003123384556831095, 0.0031238045832660453, 0.012353382577164491, 0.9813994281827384], [0.004035407623333989, 0.0051818917743876956, 0.987436877398751, 0.0033458231035273203], [0.004228621879325666, 0.02017519848809412, 0.00350588674299828, 0.9720902927895819], [0.007408672114907278, 0.015685332061085886, 0.9703670236766252, 0.006538972047381684], [0.00652822624351668, 0.9688880017506393, 0.015660544232898133, 0.00892322767294592], [0.00783832566911038, 0.9644326683451138, 0.015588501655474974, 0.012140504230300875], [0.0027624564583447037, 0.004019882240362899, 0.009642209163032489, 0.9835754520382599], [0.0035649590612289467, 0.005187282535084321, 0.9884710686039736, 0.002776689699713104], [0.002935798873985332, 0.009626881335038485, 0.005485057896670698, 0.9819522617943055], [0.006168110905143892, 0.01390098335226283, 0.9744868961387305, 0.005444009503862747], [0.008758044144173208, 0.9509721876537698, 0.03254053497406926, 0.007729233127987769], [0.01062777333197812, 0.9566966062627394, 0.01985569436253976, 0.012819925942742635], [0.046976673474912724, 0.004105363104954422, 0.005270790258423496, 0.9436471730617093], [0.015626611906693382, 0.011433621031449244, 0.9668193347760204, 0.006120432185836972], [0.046907383233977834, 0.003192551152574128, 0.007657636306007558, 0.9422424292074405], [0.012272250163014529, 0.006993118288605605, 0.9749367892500445, 0.005797842198335353], [0.026938498820308094, 0.8920984533162435, 0.06462296290415896, 0.016340084859289426], [0.027778871095952163, 0.9199256810377975, 0.027779474592974834, 0.024515973173275484], [0.9796443404242873, 0.012332485584514353, 0.004261953007050058, 0.003761220884148313], [0.9802748219505314, 0.012340321526121321, 0.003120130940367137, 0.004264725482980155], [0.9710704131042248, 0.007414835527356204, 0.0177863941122569, 0.003728357156162094], [0.9789957803175522, 0.0065969409024877745, 0.0035310200636311695, 0.010876258616328807], [0.9360448134164886, 0.01178425645121472, 0.04660457006180913, 0.005566359970487521], [0.9647932884326899, 0.012145783298522722, 0.005389535598307735, 0.01767139257047963]], "ideal": "D", "sampled": "D", "correct": true}}
{"type": "result", "data": {"idx": 3, "options": ["Less, because the tension in the string varies directly with the wave speed, which varies inversely with the wavelength.", "Greater, because the tension in the string varies directly with the wave speed, which varies inversely with the wavelength.", "Greater, because the tension in the string varies directly with the wave speed, which varies directly with the wavelength.", "Less, because the tension in the string varies directly with the wave speed, which varies directly with the wavelength."], "probs": [[0.13761984066816046, 0.6168524141151591, 0.22689676705149234, 0.01863097806518811], [0.2665256666317449, 0.6393855469533475, 0.0865253989689998, 0.007563387345907785], [0.10404299276058787, 0.46637240395034, 0.4114979833809655, 0.01808661980810661], [0.20893987544161102, 0.5680153838420665, 0.18438721779259698, 0.03865752282372548], [0.18450520226853145, 0.08190074911170196, 0.7297609758639775, 0.003833072655789089], [0.054047555733126286, 0.08913596270334638, 0.8454766443497305, 0.01133983711379691], [0.4770479477250484, 0.28938569306474216, 0.22535362648566037, 0.008212732624549034], [0.24470747184404706, 0.4035334749421718, 0.3142178549006752, 0.037541198213105934], [0.2630756170920868, 0.10304688550894729, 0.6311296156367682, 0.002747881662197699], [0.18499848563246327, 0.22319184318090754, 0.5353618520665075, 0.05644781902012161], [0.18536851360638498, 0.3463740451697053, 0.44468082318272356, 0.023576617941186068], [0.34887235777368264, 0.2717434950916473, 0.3488879145870396, 0.03049623244763044], [0.01867465300422178, 0.7941484443103713, 0.1771794853767343, 0.009997417208672612], [0.028635401066690835, 0.7862604117614417, 0.12055954286991309, 0.06454464420195437], [0.015736574151624244, 0.4896086406023595, 0.48954405897038333, 0.005110726175632901], [0.05520691120984565, 0.5935959374131163, 0.3177037917651171, 0.03349335951192094], [0.017527049305885445, 0.050730963678561974, 0.898985595436689, 0.032756391478863625], [0.03665533456648149, 0.056792680720185014, 0.8881103495303717, 0.01844163508296175], [0.009455450023604383, 0.4021038674461229, 0.5849606504006798, 0.003480032029592875], [0.05172001759436534, 0.4068848048287337, 0.522361915646269, 0.019033261830631986], [0.007402996835240135, 0.910876966994984, 0.07476490296575046, 0.006955133104025437], [0.01055475397027888, 0.8385184388238277, 0.12857855251152708, 0.022348254594366266], [0.05196524062712678, 0.24797825916445887, 0.6739144839240486, 0.026142016184365704], [0.014074095851816605, 0.19432263731983812, 0.7683892516154696, 0.0232140151128757]], "ideal": "C", "sampled": "B", "correct": false}}
{"type": "result", "data": {"idx": 4, "options": ["I only", "II only", "II and III only", "(E) I, II, and III"], "probs": [[0.09912992600168413, 0.038828139559965474, 0.08218701458527498, 0.7798549197530754], [0.12227632940288756, 0.07417997772383951, 0.42682025150277886, 0.37672344127049406], [0.10833074837444254, 0.13068156770646086, 0.05447399588151147, 0.7065136879375851], [0.07972363770446286, 0.23072106102538814, 0.458821812576882, 0.23073348859326703], [0.08394889965004294, 0.3119429531402767, 0.1777270518912325, 0.42638109521844786], [0.07956788180175114, 0.2451330049130462, 0.43016166772598874, 0.24513744545921387], [0.21788033597361411, 0.04862340857395735, 0.10292185726937518, 0.6305743980830534], [0.27118772265583413, 0.05341294407310414, 0.3271233439118372, 0.34827598925922454], [0.21394263795009957, 0.18881616864519732, 0.05081626949514384, 0.5464249238095593], [0.16423894196886601, 0.2544151435847337, 0.47528470118692406, 0.10606121315947624], [0.29413910031979335, 0.3777000476504183, 0.08427134532106668, 0.2438895066087217], [0.23054146133074932, 0.29606581834223394, 0.4307349782280152, 0.04265774199900156], [0.2557691931468779, 0.03252266347083068, 0.016351416705403736, 0.6953567265768876], [0.374665902875116, 0.03711003230632925, 0.37469180109442607, 0.2135322636241287], [0.22958554111373894, 0.19034877240292145, 0.029189252951157558, 0.5508764334321821], [0.3453731367158157, 0.09896856914098942, 0.4435051546363022, 0.11215313940689269], [0.5465189217974599, 0.37565261121808047, 0.06132102757079127, 0.016507439313668316], [0.42266910960536047, 0.3504383785577321, 0.18756891482933066, 0.03932359690757678], [0.13571447284333543, 0.22376901159174845, 0.03223531356394526, 0.6082812019009709], [0.13541197371881183, 0.20974999039012807, 0.3680987844069624, 0.28673925138409767], [0.06331424438064794, 0.4129026249118852, 0.05587462728610171, 0.4679085033213652], [0.05744340569773948, 0.5120921401513502, 0.351924169501258, 0.07854028454965235], [0.06356009982397563, 0.7744185500805197, 0.09844766031221776, 0.06357368968328683], [0.0618640484668441, 0.7080861355702527, 0.16817338825635247, 0.06187642760655077]], "ideal": "D", "sampled": "D", "correct": true}}
{"type": "result", "data": {"idx": 5, "options": ["Equal to the block\u2019s gravitational potential energy when it was released, because total mechanical energy must be conserved.", "Equal to the block\u2019s gravitational potential energy when it was released, because the gain in kinetic energy compensates for the mechanical energy lost to thermal energy on the rough incline.", "Less than the block\u2019s gravitational potential energy when it was released, because the gravitational potential energy was converted both to thermal energy and to kinetic energy.", "Less than the block\u2019s gravitational potential energy when it was released, because the work done by the friction force must be greater than the block\u2019s gain in kinetic energy."], "probs": [[0.030032649281004752, 0.02650593167960109, 0.9343002311437323, 0.009161187795661824], [0.12765342249566444, 0.0877404276892305, 0.7346072080749763, 0.04999894164012882], [0.0738097156191014, 0.3107585698291804, 0.5805611816581875, 0.034870532793530674], [0.045394706795063126, 0.4584923836100491, 0.4584741743928358, 0.037638735102051984], [0.06977111100452801, 0.29376500842017794, 0.25923585889131273, 0.3772280215839813], [0.057008197574106884, 0.4212583444268146, 0.47732807801343324, 0.04440537988564529], [0.03580192322774541, 0.23346816490906847, 0.7191040207110363, 0.01162589105214988], [0.03541379668793939, 0.6682244898152717, 0.27855255211246543, 0.017809161284323433], [0.05609122387940575, 0.20840933000190676, 0.727416729295831, 0.00808271672285651], [0.11195640592810002, 0.30432732756643555, 0.0819068669480557, 0.5018093994574088], [0.032179478536132, 0.023544774307997635, 0.9404314647218358, 0.003844282334034482], [0.12676935841137257, 0.20900990133951403, 0.16277606506329706, 0.5014446750858164], [0.012967379761017746, 0.802268443339064, 0.17900952488604227, 0.00575465191387599], [0.02035142637062069, 0.8653780092122336, 0.0912083448198373, 0.02306221949730832], [0.019144921618698966, 0.33936376485156194, 0.6339927600827412, 0.0074985533469979744], [0.02816638872273845, 0.44060915129646827, 0.031917966482901294, 0.49930649339789196], [0.013830709793963605, 0.011466833105795923, 0.9696137136428041, 0.005088743357436359], [0.027268168369666973, 0.010680710272821772, 0.2587179019977109, 0.7033332192598003], [0.01445239766037037, 0.8941447037963713, 0.08316780532994891, 0.008235093113309375], [0.01660524255934989, 0.9066195796035107, 0.057958247161653244, 0.018816930575486186], [0.021149798525094212, 0.07382475989659686, 0.8993316786028482, 0.005693762875460691], [0.03501918427438902, 0.3121367329148792, 0.06964662444242435, 0.5831974582683075], [0.01383997500132373, 0.010126125318772805, 0.9702638928190045, 0.005770006760898943], [0.023654706597535352, 0.009265452553407763, 0.3938978582681368, 0.5731819824809201]], "ideal": "C", "sampled": "A", "correct": false}}
{"type": "result", "data": {"idx": 6, "options": ["The small block is most likely to slide off when the original block is at maximum displacement from the equilibrium position, but will not slide off as long as the coefficient of static friction between the blocks is greater than kA/[(M+m)g].", "The small block is most likely to slide off when the original block is at the equilibrium position, but will not slide off as long as the coefficient of static friction between the blocks is greater than kA/[(M+m)g].", "The small block is most likely to slide off when the original block is at maximum displacement from the equilibrium position, but will not slide off as long as the coefficient of static friction between the blocks is greater than (M+m)g/(kA).", "The small block is most likely to slide off when the original block is at the equilibrium position, but will not slide off as long as the coefficient of static friction between the blocks is greater than (M+m)g/(kA)."], "probs": [[0.4874202950411729, 0.1793295647374252, 0.2956535363678414, 0.03759660375356049], [0.3844190795318196, 0.2331730581479365, 0.3392647731962012, 0.043143089024042666], [0.3512563370752997, 0.5110789917702252, 0.10063742104935257, 0.03702725000512249], [0.25337466123076235, 0.536398996798717, 0.15368090282183194, 0.05654543904868858], [0.42412569403666756, 0.29150494441540065, 0.2572486059199117, 0.02712075552802005], [0.36610857466915175, 0.2851301793125539, 0.2851256791617732, 0.06363556675652116], [0.15962755258757985, 0.26320226762658183, 0.49170941426444886, 0.08546076542138945], [0.42051429809277735, 0.2250951585095782, 0.3275014623578363, 0.026889080939808158], [0.2697109184674113, 0.39243769585422983, 0.30563079604659865, 0.0322205895317602], [0.23110991025312583, 0.3362726468622389, 0.381035852959323, 0.05158158982531223], [0.3793024392098684, 0.4298139778108683, 0.13954158021945898, 0.05134200265980435], [0.24068519526189577, 0.4496591120711854, 0.24068519526189577, 0.06897049730502304], [0.09232723035728958, 0.6822350075325236, 0.19545832420017514, 0.02997943781001166], [0.19282889148718535, 0.67305313781937, 0.09108651326706772, 0.04303145732637685], [0.21814370478212486, 0.35967323716371524, 0.35966790254792885, 0.06251515540623104], [0.3181804345432191, 0.3605506972997814, 0.2808057864299868, 0.04046308162701271], [0.3012533008003998, 0.16125743618440738, 0.4967078866039977, 0.040781376311195126], [0.2994608179158418, 0.20582659760384772, 0.4357271205713123, 0.05898546380899818], [0.0946038606408231, 0.4240111489172048, 0.42399097274457453, 0.057394017597397526], [0.1469722638774826, 0.4527242925514603, 0.35257710820936267, 0.04772633526169449], [0.0749851060016592, 0.6278596274593489, 0.26172830134219977, 0.03542696509679217], [0.13644495401739148, 0.6929383769990711, 0.12041462777223115, 0.05020204111130623], [0.08339734312507001, 0.22671440072538473, 0.6162736369330799, 0.07361461911646532], [0.3330117960533739, 0.20199593297619464, 0.4276172390862678, 0.03737503178416367]], "ideal": "A", "sampled": "A", "correct": true}}
{"type": "result", "data": {"idx": 7, "options": ["0.005 J", "0.01 J", "0.05 J", "0.1 J"], "probs": [[0.08308393569267393, 0.175874905090886, 0.5416954199554391, 0.1993457391610009], [0.11169247819625698, 0.2220822522940653, 0.47014813387328513, 0.19607713553639255], [0.13545465468005805, 0.25298094746920874, 0.3248068689975181, 0.28675752875321514], [0.14296063353299113, 0.1953594030137384, 0.44022776360199084, 0.22145219975127964], [0.09383913058714108, 0.2714742997652444, 0.3950120180821882, 0.23967455146542632], [0.1404330539433876, 0.23145540856623517, 0.3816438501201739, 0.24646768727020335], [0.11411299385311018, 0.1140926984718686, 0.480348222202483, 0.2914460853725382], [0.14092787468836643, 0.11680291069757069, 0.4619644673318625, 0.28030474718220033], [0.11646252558193725, 0.20434147878710007, 0.3817787312252038, 0.2974172643057589], [0.12257634467378398, 0.17830418579893995, 0.4552920595933304, 0.24382740983394566], [0.12524520606011627, 0.3403418564659868, 0.23392403027603453, 0.30048890709786236], [0.16171610353760035, 0.19503450391726412, 0.321574211088448, 0.32167518135668743], [0.1503752827270287, 0.19303217867874903, 0.40864912215860355, 0.2479434163356187], [0.14047896626488954, 0.18033471823927916, 0.38174882960216855, 0.29743748579366275], [0.1602257293235255, 0.16017715153948614, 0.3609501909565527, 0.3186469280804357], [0.14589080398792206, 0.17593511854423, 0.42206975020094273, 0.25610432716690523], [0.13771619980995956, 0.24164070956553454, 0.31027283336776684, 0.31037025715673905], [0.15036003066049397, 0.23282195278429396, 0.38385846635051823, 0.23295955010469385], [0.13706504011370557, 0.24046868441782782, 0.349879866056619, 0.2725864093118476], [0.14293322178682705, 0.20789949903643593, 0.3648916834956845, 0.28427559558105253], [0.16807595645040171, 0.20267852554731702, 0.33419616520920015, 0.29504935269308113], [0.12367990880324686, 0.2038609403352005, 0.33615064392347144, 0.33630850683808117], [0.15793455664919326, 0.16809056196646152, 0.3788468724454024, 0.2951280088389428], [0.10145271644064069, 0.13866381449105367, 0.42713189439027777, 0.33275157457802784]], "ideal": "C", "sampled": "D", "correct": false}}
{"type": "result", "data": {"idx": 8, "options": ["v0^2/(2\u03bcg)", "v0^2/(\u03bcg)", "2v0^2/(\u03bcg)", "mv0^2/(\u03bcg)"], "probs": [[0.07208383478587553, 0.7750168066619981, 0.1188461424850296, 0.0340532159670967], [0.08427977976500967, 0.7057031712352229, 0.20217669707431474, 0.007840351825452755], [0.10326698344459377, 0.023045146663826305, 0.8646620446721662, 0.009025825119413676], [0.2661276330545431, 0.028052593151343085, 0.06728496075976395, 0.6385348129343498], [0.1541410841338571, 0.05671250848642489, 0.7827820817206529, 0.006364325559065143], [0.42872438255288225, 0.08442416283096056, 0.058016922586306405, 0.42883453192985077], [0.03325240183605689, 0.8576306364381927, 0.07976795420160601, 0.02934900742414441], [0.028857769110979755, 0.8433773964475417, 0.11413174727303423, 0.013633087068444232], [0.13722796821053024, 0.06482687672794128, 0.7897010827884892, 0.008244072173039298], [0.25769175824349483, 0.08366569691798337, 0.17709643834450092, 0.4815461063940209], [0.07180532461266072, 0.049356577362380985, 0.8747852612099093, 0.00405283671504902], [0.2779020708208844, 0.2164350333062196, 0.14873922091336622, 0.35692367485952975], [0.0211761992940328, 0.17731980156378113, 0.7946272791336126, 0.006876719908573454], [0.03320647762006697, 0.5194632375631096, 0.09026358505793278, 0.35706669965889065], [0.01977051880871089, 0.39712994044876254, 0.5777771725258685, 0.00532236811665801], [0.020101167980397898, 0.4870368867728814, 0.1581048125414995, 0.33475713260522116], [0.04192241955631884, 0.02707024059242478, 0.7430840009308419, 0.18792333882041443], [0.049580647243576303, 0.04375823845162133, 0.6844143092286875, 0.2222468049761149], [0.025587654219166006, 0.5139780958500527, 0.4535462610848413, 0.006887988745939974], [0.037642130103235465, 0.7561022755725862, 0.11594512323223251, 0.0903104709919458], [0.03454146170980812, 0.1754278992372074, 0.7861541530807035, 0.0038764858722809916], [0.06377272814721179, 0.4158814692125528, 0.19643140595560157, 0.32391439658463383], [0.09077920171963846, 0.02768967678653958, 0.5224055306757986, 0.3591255907180233], [0.07113317333257795, 0.04314844642196084, 0.8665687956300238, 0.019149584515437468]], "ideal": "A", "sampled": "A", "correct": true}}
{"type": "result", "data": {"idx": 9, "options": ["0.5 s", "1 s", "2 s", "4 s"], "probs": [[0.01129866282910841, 0.3100215707982964, 0.6562215541395673, 0.02245821213302786], [0.022958069134503625, 0.29752001840686093, 0.38197003526522866, 0.29755187709340675], [0.030155494806135146, 0.344924151862938, 0.5686138271716847, 0.056306526059242086], [0.022263469711374204, 0.2885321746308875, 0.6501547850987078, 0.03904957045903049], [0.014903115301433395, 0.299056802089032, 0.4929605786209152, 0.1930795038886194], [0.019963392759333374, 0.33220344520940737, 0.6205639155050665, 0.027269246426192738], [0.13365643368755584, 0.09777627265147382, 0.7223794598138257, 0.04618783374714472], [0.10792788176112052, 0.08403567104957106, 0.45423305434162864, 0.3538033927476798], [0.11125091793768471, 0.6013272583278876, 0.19520257993184295, 0.09221924370258472], [0.04063862098409753, 0.38542529075258253, 0.5607465379702611, 0.013189550193058865], [0.06417157356905924, 0.4739798499025315, 0.17434659208819406, 0.2875019843402152], [0.04138827753847477, 0.44480911514198007, 0.5039748619361865, 0.009827745283358669], [0.26578299495594343, 0.07614213596211315, 0.5987794092597774, 0.059295459722166044], [0.2743837473777387, 0.08367170205609405, 0.5807300079615082, 0.061214542504659034], [0.3494989857176041, 0.3083940468365866, 0.1870366912562351, 0.15507027608957416], [0.24478173033808076, 0.1580286511507658, 0.5870858616247051, 0.010103756786448283], [0.20374752123670864, 0.5538002128240942, 0.10243352272603357, 0.14001874311316365], [0.17527701306323415, 0.6117495495005002, 0.1985866148747633, 0.014386822461502304], [0.38943345801487866, 0.07203055440773065, 0.36574689912666025, 0.17278908835073042], [0.43073800454248257, 0.09028135412481988, 0.43065876017228016, 0.048321881060417335], [0.4614254671298617, 0.15944275733553637, 0.13217185830260406, 0.24695991713199786], [0.4575168600493415, 0.12313100189810136, 0.40369729529504883, 0.015654842657508324], [0.5275667944586717, 0.2198971377085576, 0.09166049279593115, 0.1608755749368395], [0.5438934361430466, 0.2267143790676087, 0.21296923557143954, 0.01642294911790512]], "ideal": "B", "sampled": "D", "correct": false}}
{"type": "result", "data": {"idx": 10, "options": ["The average kinetic energy of the hydrogen gas is greater than the nitrogen gas.", "The average force exerted on the container by the hydrogen gas is greater than the nitrogen gas.", "The density of the hydrogen gas is less than the nitrogen gas.", "The pressures of the gases cannot be compared without knowing the number of molecules in each container."], "probs": [[0.09118477897345252, 0.03151553461181897, 0.7172332325169712, 0.16006645379775722], [0.039339429307315966, 0.03261738905894731, 0.8954252895606161, 0.03261789197312069], [0.06296095116173712, 0.23393712221117868, 0.14188569666899517, 0.561216229858089], [0.057500109284954526, 0.22742796026663104, 0.7005313064222283, 0.014540623926186196], [0.11639712852301962, 0.20429578966293746, 0.12390081596317869, 0.5554062657508643], [0.04127033450006567, 0.15334314192048623, 0.7787364764034773, 0.026650047075970802], [0.026722303923028913, 0.16370442142106245, 0.571367072151825, 0.23820620240408363], [0.023218076673808485, 0.06718982755465949, 0.8713073133550995, 0.03828478231643252], [0.03014234135766034, 0.11200039239601027, 0.6054429300158126, 0.2524143361305167], [0.023758909177853463, 0.10648674627152672, 0.7868165500082607, 0.08293779444235914], [0.01944727273491893, 0.22257282586206367, 0.6049959075400578, 0.15298399376295954], [0.013005055244911221, 0.2034405130653316, 0.5530004198305737, 0.23055401175918347], [0.09836364011295666, 0.2511824723346241, 0.11864633377154586, 0.5318075536808734], [0.052328835704603505, 0.1715865268851668, 0.7690014770365461, 0.007083160273683657], [0.11304679103694763, 0.07299287088954293, 0.5066329987327165, 0.307327339240793], [0.04407886746756583, 0.04692737713985838, 0.8853961145980006, 0.023597640694575213], [0.11887721627598435, 0.09258514572808293, 0.7751969636559376, 0.01334067423999511], [0.19739193016390882, 0.2534562684857153, 0.2236743453468873, 0.3254774559034886], [0.19577943515978358, 0.2848693536260971, 0.10478753985860396, 0.41456367125551535], [0.14291388033959082, 0.2670077447524315, 0.5652391415152965, 0.024839233292681145], [0.23588679468662696, 0.05603657209503572, 0.4407040706203391, 0.2673725624979982], [0.24828069012286108, 0.05540458175332851, 0.525620907923493, 0.17069382010031742], [0.12766893852669467, 0.21050056911246595, 0.6483709382787767, 0.013459553982062692], [0.12876248550263605, 0.3500194303344263, 0.21228273527112795, 0.30893534879180967]], "ideal": "D", "sampled": "D", "correct": true}}
{"type": "result", "data": {"idx": 11, "options": ["Move the boy to half his original distance from the fulcrum.", "Move the girl to double her original distance from the fulcrum.", "Allow a second girl of mass m to join the first.", "Move the fulcrum to half its original distance from the boy."], "probs": [[0.03487569812429106, 0.21367198067501308, 0.39916008409472165, 0.3522922370059742], [0.03538608497942154, 0.20365605942871015, 0.3804589750913949, 0.3804988804004734], [0.037243242075214594, 0.1568252549269976, 0.5473536023410854, 0.2585779005567024], [0.05590568584101415, 0.16179152538019087, 0.3424915803164831, 0.43981120836231186], [0.033253421140954253, 0.13153638356428093, 0.5894637816249337, 0.2457464135698311], [0.042929480224327535, 0.14077980059064246, 0.3826506337033107, 0.43364008538171933], [0.07297723467748123, 0.1363607743111694, 0.4199794075970806, 0.3706825833142688], [0.044308894297329295, 0.11316230920405337, 0.4475397779785477, 0.3949890184200696], [0.06413942765963708, 0.1743771783647557, 0.47397117234411207, 0.2875122215314952], [0.12880529992444967, 0.39677488823924734, 0.30900860507612304, 0.16541120666017994], [0.07330682872992823, 0.3285606503158073, 0.22580787537224037, 0.3723246454820241], [0.08305049813077102, 0.30860692940494905, 0.39624032402246084, 0.21210224834181912], [0.09947235729130925, 0.16402866922339646, 0.648700752712036, 0.08779822067325829], [0.1665872062067577, 0.16659963377537731, 0.2139021934936452, 0.4529109664242198], [0.21793628195159354, 0.21795914033490632, 0.2469617348926228, 0.31714284272087734], [0.2236693734554141, 0.3254558187128102, 0.2534652318441219, 0.1974095758876538], [0.14396268771472492, 0.14398220823675956, 0.20947515408724096, 0.5025799498612745], [0.12185852519476277, 0.2580068909116286, 0.48202030050329064, 0.138114283290318], [0.029697624576319474, 0.07124932016698567, 0.765939821670391, 0.13311323348630388], [0.08649705184483918, 0.08650781793452257, 0.4392796452911265, 0.38771548482951174], [0.07735043763340875, 0.2700016200272448, 0.30593630668441796, 0.34671163555492845], [0.07795566551965742, 0.30835671148663873, 0.4486304356791103, 0.1650571872145935], [0.1009650021115307, 0.18864384657380948, 0.3110042624756073, 0.3993868887390525], [0.08900980119948776, 0.29189096138592524, 0.4812172363981852, 0.13788200091640182]], "ideal": "D", "sampled": "B", "correct": false}}
{"type": "result", "data": {"idx": 12, "options": ["The high temperature water will rise to the top of the container until it has cooled and then mixes with the alcohol.", "The molecules of the water continue to have a higher kinetic energy than the molecules of the alcohol, but the two liquids mix until the energy is spread evenly throughout the container.", "The hot water produces thermal radiation that is absorbed by the cold alcohol until the kinetic energy of all the molecules is the same.", "The water molecules collide with the alcohol molecules, transferring energy until the average kinetic energy of both the water and alcohol molecules are the same."], "probs": [[0.0049543679901816835, 0.04700667380799673, 0.0038586252523670097, 0.9441803328494546], [0.003735512490318633, 0.020194495071273775, 0.9729728090384154, 0.0030971832999921994], [0.004521168683740469, 0.009571630328464925, 0.009571455239824176, 0.9763357456479704], [0.004255921997569464, 0.010868181351958646, 0.9782838711101106, 0.00659202544036124], [0.003404586607292575, 0.9439840403743841, 0.046998065398013475, 0.00561330752030979], [0.003270398384719255, 0.9652663038137131, 0.025723474265357857, 0.005739823436209678], [0.025708708710963656, 0.005062583695450775, 0.004467685995646252, 0.9647610214979393], [0.004038816611087392, 0.003145554201447539, 0.9882388884964953, 0.004576740590969747], [0.020114904745267937, 0.00838550386291925, 0.002256995586036746, 0.9692425957057761], [0.006623355655738884, 0.005845311028957432, 0.9829788875318246, 0.004552445683479048], [0.008271073420990378, 0.9560030715140982, 0.02886874984990014, 0.006857105115011234], [0.00940143745456126, 0.9589726303436602, 0.025555753738455672, 0.006070178363322872], [0.006576134507193198, 0.005121708135755818, 0.012286040341434738, 0.9760161169156163], [0.0035586360808678563, 0.00456954077443334, 0.9866938274024913, 0.005177995642207516], [0.008306584592829638, 0.028993926028649038, 0.0025335399797514523, 0.9601659492987699], [0.004820832785750677, 0.01395006420853251, 0.9779154854930887, 0.0033136174126280854], [0.0073093029421884845, 0.957331213911183, 0.028908853494541666, 0.006450629552086794], [0.00802446955241402, 0.9275013941739093, 0.059292950528773564, 0.005181185644903066], [0.968186197499743, 0.010755803018984942, 0.015649564464998638, 0.0054084349162734835], [0.9781832861903625, 0.010866879008794078, 0.005133150385870379, 0.005816684314972977], [0.9532118883850496, 0.032617654131723184, 0.007747461430226712, 0.006422995953000527], [0.9540803462609999, 0.03264740492288063, 0.006428734885352005, 0.006843513830767462], [0.9764470639329528, 0.012291989698442283, 0.005454546074599471, 0.00580640019400542], [0.969815986072279, 0.012208514305562424, 0.012208493816466692, 0.005767005705691875]], "ideal": "D", "sampled": "D", "correct": true}}
{"type": "result", "data": {"idx": 13, "options": ["4 s", "2 s", "0.06 s", "0.03 s"], "probs": [[0.11686328226445654, 0.1409640333059138, 0.5237448889051393, 0.21842779542449045], [0.12408104809542106, 0.18053686606498362, 0.49071613990732477, 0.20466594583227057], [0.0652359694816813, 0.5130656727755049, 0.14699579116741052, 0.27470256647540336], [0.06341439437668377, 0.3884534508461715, 0.49873697381145576, 0.04939518086568898], [0.07003969333158501, 0.5174783197843007, 0.1679915698007067, 0.24449041698340762], [0.08696565290313496, 0.44161747217582614, 0.3897138055684013, 0.08170306925263761], [0.14884716651983962, 0.13135429236809962, 0.45846184647998334, 0.2613366945320774], [0.13348026771224286, 0.15124602839694967, 0.46581403110456476, 0.24945967268624272], [0.058269911810961736, 0.5528310660352798, 0.15837908143558738, 0.23051994061817105], [0.05155907196258779, 0.4316925688475622, 0.48914542216261425, 0.027602936927235755], [0.05757586836916076, 0.5462474639308066, 0.138101468806638, 0.2580751987933947], [0.0758902140916641, 0.464883928679573, 0.41022220708301216, 0.04900365004575073], [0.34993821900471783, 0.137008385898008, 0.24044618366409207, 0.2726072113331821], [0.3786914887840622, 0.2026653557415989, 0.33412238454275367, 0.08452077083158523], [0.32732681412185693, 0.12038129925660392, 0.22489092421937928, 0.32740096230215987], [0.38351936715997015, 0.18114105607453415, 0.3834195293758902, 0.05192004728960545], [0.3053866670032926, 0.3459689668364407, 0.18516402220608902, 0.16348034385417767], [0.3719780028824837, 0.37191184172358555, 0.19906252094533006, 0.057047634348600676], [0.32759363432211913, 0.12825820230924603, 0.2889829363826892, 0.2551652268859456], [0.38113011770221655, 0.18000326512434317, 0.33625858016649257, 0.10260803690694772], [0.3554089069011046, 0.11537037788667921, 0.2155066877388024, 0.31371402737341375], [0.40774641898121855, 0.16995579859569593, 0.3597469493481279, 0.06255083297495762], [0.29041363487854843, 0.37281285046129736, 0.13714008908956352, 0.19963342547059068], [0.37060965208310165, 0.37054772285534054, 0.19833283715448805, 0.06050978780706974]], "ideal": "B", "sampled": "D", "correct": false}}
{"type": "result", "data": {"idx": 14, "options": ["10 N/kg", "4 N/kg", "2 N/kg", "0.5 N/kg"], "probs": [[0.026091933895462847, 0.1325183001904338, 0.5937564691979647, 0.24763329661613864], [0.02263780238107835, 0.0953205052177164, 0.7978952331474696, 0.08414645915373567], [0.019257677465979697, 0.30127513012830076, 0.182680187209381, 0.49678700509633855], [0.016829596799364074, 0.14093068214413368, 0.8107830270113208, 0.03145669394518153], [0.01935346381127723, 0.7262679175395402, 0.14299253798353057, 0.11138608056565195], [0.015131171027763414, 0.8261518481663771, 0.12668035353297868, 0.03203662717288082], [0.043123426699559965, 0.02965021129113648, 0.4634611891011472, 0.4637651728081563], [0.027786695912880164, 0.0277938298436947, 0.8639953602881203, 0.08042411385530485], [0.03070336127375172, 0.4239019640583814, 0.12142184058870271, 0.4239728339791642], [0.011836063650092874, 0.14420274905228744, 0.8296768386313207, 0.014284348566299008], [0.010763393133471766, 0.8550421873430415, 0.05465452178105691, 0.07953989764242982], [0.013512887185139523, 0.8360127883687258, 0.12819148718207182, 0.02228283716406279], [0.05718946435032549, 0.01977324850743997, 0.22614562424936827, 0.6968916627928663], [0.027210903420958235, 0.027219942837580315, 0.90068671226496, 0.044882441376501485], [0.05868259992555287, 0.045708334399007323, 0.08536739360318293, 0.8102416719722568], [0.021966902065454666, 0.0282110384808122, 0.9337418073734112, 0.016080251980321977], [0.014271569756768078, 0.8829711296488715, 0.06395684653065889, 0.03880045396370157], [0.016045288146468287, 0.8760216128707254, 0.08147585101407269, 0.026457247868733522], [0.1679176061821245, 0.03747596484064066, 0.5502877624358826, 0.24431866644135222], [0.18039041419776383, 0.07521493592078345, 0.7130279407490794, 0.03136670903237336], [0.2807691651187334, 0.11701379540862052, 0.2636264225036563, 0.3385906168689898], [0.24663997796572387, 0.1405312183596278, 0.5912626053366054, 0.021566198238042986], [0.30482607622635766, 0.17362700142276, 0.26888179375698823, 0.2526651284938941], [0.40541676588959163, 0.19147155114892694, 0.35761109790230927, 0.045500584959172134]], "ideal": "B", "sampled": "D", "correct": false}}
{"type": "result", "data": {"idx": 15, "options": ["\u03c3/2\u03b5o, down", "\u03c3/2\u03b5o, up", "\u03c3/\u03b5o, down", "\u03c3/\u03b5o, up"], "probs": [[0.2163717484659975, 0.5190805521567848, 0.14871000466521095, 0.11583769461200677], [0.11511215051846271, 0.5492269746755551, 0.17829767560825405, 0.15736319909772808], [0.061375511265954356, 0.024040856387189277, 0.7477172915968934, 0.16686634064996295], [0.047128419265018366, 0.030436734916875364, 0.5741417279084684, 0.3482931178096379], [0.029961133630787118, 0.20799021402832446, 0.7259033239360054, 0.03614532830488298], [0.11094936397797713, 0.2500641997591339, 0.467110141525408, 0.171876294637481], [0.04146441195384504, 0.6905039753969618, 0.17457594495982423, 0.0934556675893689], [0.0745074007071822, 0.7069667122367413, 0.12284407554692232, 0.09568181140915409], [0.017275338508081547, 0.44558085741915776, 0.5048625327645939, 0.03228127120816678], [0.03182331372455494, 0.4978410431630171, 0.23514424786718785, 0.23519139514524012], [0.04170357808383704, 0.0345819995889056, 0.7869285451813084, 0.1367858770459489], [0.020533020401420125, 0.04926997597047013, 0.6799834014534546, 0.25021360207465515], [0.020407072665552396, 0.048962506115243325, 0.8677602779209028, 0.06287014319830142], [0.08639871006344874, 0.06322382154339788, 0.5292718808839979, 0.3211055874091555], [0.04241308926212934, 0.29444751030820787, 0.6232860660552335, 0.03985333427442931], [0.02974782005782285, 0.30048288548789676, 0.6360532356436821, 0.03371605871059834], [0.11080298321940546, 0.28299288223802316, 0.41167156744378836, 0.19453256699878296], [0.03892962750193481, 0.287709542713885, 0.5374464552296128, 0.13591437445456747], [0.02112420242784507, 0.42434096434435986, 0.480793928215561, 0.07374090491223402], [0.02143462803016236, 0.5193675891370753, 0.40445370532691094, 0.054744077405851396], [0.011968262241016062, 0.0503969779878895, 0.8931534200780624, 0.04448133959303197], [0.058996733063325466, 0.12492212651446712, 0.6342901368871912, 0.1817910034350162], [0.027210127660929083, 0.35295367368861713, 0.45311269328351894, 0.16672350526693483], [0.04826983243749511, 0.2163754632992534, 0.5189622833419295, 0.216392420821322]], "ideal": "A", "sampled": "A", "correct": true}}
