{"type": "result", "data": {"idx": 0, "options": ["a force that works through matter", "essentially a philosophical notion", "merely a property of a certain kind of matter", "a supernatural phenomenon"], "probs": [[0.0040604880936081274, 0.0006629413528003463, 0.9935836545781679, 0.0016929158754236567], [0.006683445378542697, 0.0007499182653406465, 0.0006216908658978189, 0.9919449453902188], [0.007541774401724646, 0.9878090730965904, 0.0035625433662334737, 0.0010866090354514548], [0.008527906545185572, 0.9857191962767168, 0.005172496621284178, 0.0005804004568135144], [0.009693185331648037, 0.0010217210817502563, 0.0005137509591092243, 0.9887713425274924], [0.004600589475894793, 0.0009060059954129434, 0.9934667017673928, 0.001026702661299433], [0.0016944664443630736, 0.0021759338197725226, 0.9946339762781747, 0.0014956233576896188], [0.003154543768163291, 0.0052011514145072334, 0.0004837965807061602, 0.9911605081366234], [0.005010833534765317, 0.954924381143011, 0.03702529518445953, 0.0030394900377641327], [0.005743060536221317, 0.9658542551179101, 0.00835617697095357, 0.020046507274915012], [0.002467105503113532, 0.001165451764445715, 0.0010284834281273603, 0.9953389592043134], [0.004000684523522724, 0.0012202821096821937, 0.978954090231754, 0.015824943035041155], [0.972260474992665, 0.025910554175113152, 0.0006905050671906823, 0.0011384656650311087], [0.9608730385517207, 0.037257814110623726, 0.0009928962999473428, 0.0008762509377082536], [0.9833674115435775, 0.004554239231677585, 0.009640711634807958, 0.0024376374899368856], [0.984424606460393, 0.004023453727750836, 0.0019004399979567778, 0.009651499713899355], [0.976968946590912, 0.00399297942505318, 0.01789408181749668, 0.0011439920665380935], [0.9836256150933131, 0.0035478226785360225, 0.0018988847037348096, 0.010927677424416003], [0.0031565544763901762, 0.004592963323310628, 0.0004547780724993035, 0.9917957040277998], [0.0019207708581775243, 0.0024665706749767875, 0.9949889198936116, 0.0006237384732341133], [0.0031655993063010412, 0.0010277874499266607, 0.0011646038734337396, 0.9946420092703385], [0.0039827930193064055, 0.001214826721291497, 0.9745735935412376, 0.02022878661816443], [0.005623136183213458, 0.9456837367442827, 0.047081902812132315, 0.001611224160371493], [0.005738373569302362, 0.9650622328334362, 0.006502463696654201, 0.02269692980060721]], "ideal": "C", "sampled": "C", "correct": true}}
{"type": "result", "data": {"idx": 1, "options": ["In ancient Rome, religious worship was decentralized and tended to vary with one's social position.", "In ancient Rome, religious worship was the source of much social tension and turmoil.", "In ancient Rome, religious worship was homogeneous and highly centralized.", "In ancient Rome, religious worship was revolutionized by the introduction of Christianity."], "probs": [[0.9657075198420775, 0.02916381631954225, 0.003483042977705042, 0.0016456207606752662], [0.9764221741587024, 0.020266686529378863, 0.0024204595151468477, 0.0008906796967719212], [0.9500194434225253, 0.04174449884421735, 0.006401488784750253, 0.0018345688485070894], [0.9721661229073488, 0.022865467278966198, 0.0035063752685956465, 0.0014620344450893567], [0.9817605527403792, 0.014005392746388678, 0.0027576839028966935, 0.0014763705103353845], [0.9858356605382428, 0.010952808773264705, 0.0019032152857937517, 0.0013083153026987016], [0.006595617617168756, 0.9789400182905779, 0.012322426696026399, 0.002141937296226937], [0.005141501548456795, 0.9798692909869355, 0.013976265379776507, 0.0010129419848311466], [0.0011663036319640534, 0.00246943158746676, 0.9960692438395085, 0.00029502084106076417], [0.00845332005916647, 0.010855464622567777, 0.0035241130969744325, 0.9771671021212913], [0.0035636213804903795, 0.006658790695656627, 0.9880934640387014, 0.0016841237851516536], [0.01085995568856171, 0.007464855206565363, 0.003995430994524006, 0.9776797580103489], [0.003539392436647379, 0.981447800600946, 0.013998458875131372, 0.0010143479872751515], [0.0027686744764176684, 0.9857687990337164, 0.010950188466368445, 0.0005123379234974877], [0.001320464483795046, 0.0031679472085061537, 0.9952168348431706, 0.0002947533645282331], [0.009587986592485755, 0.009588720474689685, 0.0027471723135836503, 0.9780761205192409], [0.0014971982835529651, 0.0021787386475849114, 0.9958377733689283, 0.00048628959993381], [0.012274750786853222, 0.00744567352793844, 0.005117121346084994, 0.9751624542391233], [0.0035412382570409406, 0.9819500769989488, 0.012360072170808362, 0.0021486124732019727], [0.003998775094329414, 0.9785185005061593, 0.015815245221690998, 0.0016674790778203133], [0.0031266553265336078, 0.012367476132044797, 0.9823560852340572, 0.002149783207364388], [0.005853482311603072, 0.007516700504161354, 0.0021535245858673663, 0.9844762924983682], [0.0008020114906158753, 0.002180380508221554, 0.9965881211213813, 0.00042948677978133307], [0.005804867937943871, 0.013925877372411048, 0.00398981896377351, 0.9762794356258716]], "ideal": "A", "sampled": "A", "correct": true}}
{"type": "result", "data": {"idx": 2, "options": ["Many were accomplished scientists, who added important pieces to human understanding of the universe.", "They utilized new methods of communicating their ideas, such as salons and inexpensive printed pamphlets.", "Most rejected religion altogether and adopted atheism as the only credo of a rational man.", "Many believed that the new scientific discoveries justified a more tolerant and objective approach to social and cultural issues."], "probs": [[0.00813324403370753, 0.046804560006720945, 0.00493312363711152, 0.94012907222246], [0.005824384728354828, 0.013972768519615177, 0.9795070858265319, 0.0006957608254980396], [0.012024008649089967, 0.007293223490579623, 0.025454962693011625, 0.9552278050673187], [0.005085038330893972, 0.005762440037746993, 0.9690390819385741, 0.020113439592784856], [0.008548088792715663, 0.8719632104977296, 0.11800299625390932, 0.0014857043556453613], [0.009469431033818167, 0.8524412638950442, 0.022716064342314293, 0.1153732406288234], [0.025589539917480263, 0.010667509736147666, 0.0034631925561008896, 0.9602797576902712], [0.005176686845091483, 0.007532378176820784, 0.9864969259999512, 0.0007940088781365455], [0.02901965352854349, 0.006475356863225215, 0.0034659341691858437, 0.9610390553390454], [0.006635711042723524, 0.00751959204272727, 0.9848269194519808, 0.0010177773625684554], [0.019820389249040383, 0.9550372768104161, 0.022459537745557985, 0.0026827960949855467], [0.022357235424008352, 0.9506887492045365, 0.02533421930187319, 0.0016197959695819452], [0.006827268957120773, 0.004692542363801629, 0.09424776768325231, 0.8942324208958252], [0.004319211364087216, 0.003363977803863927, 0.932689167450282, 0.05962764328176688], [0.007090222476065818, 0.05936666155846348, 0.004873076253153121, 0.9286700396123175], [0.007348440112284705, 0.029064968169634973, 0.962459445130848, 0.001127146487232299], [0.009445227716832177, 0.6621741080447995, 0.015572656002471711, 0.31280800813589665], [0.011259401807178335, 0.6966286110309707, 0.2903849750381354, 0.0017270120237156336], [0.3137172597563137, 0.008362055190018123, 0.6641345314150788, 0.01378615353858931], [0.37010843935442855, 0.005280345914789422, 0.01435021807548964, 0.6102609965552924], [0.5113676266064628, 0.45130336952618844, 0.019827457438325848, 0.017501546329022875], [0.3583166924657989, 0.5907767564837342, 0.048491574886232326, 0.00241497606423463], [0.42712594662302134, 0.016562524641429308, 0.007822929625732342, 0.5484885990098171], [0.08293002222963984, 0.023762333949521194, 0.8915860376473838, 0.0017216060734552056]], "ideal": "D", "sampled": "D", "correct": true}}
{"type": "result", "data": {"idx": 3, "options": ["The duke, as a member of the French nobility, is sympathetic to King Louis.", "The duke, as a member of the French nobility, is biased against the king because of his suppression of the nobility.", "The duke, as a member of the French nobility, supported the extension of the administrative, financial, military, and religious control of the central state over the French population.", "The duke, as a member of the French nobility, supported King Louis's preservation of the aristocracy's social position and legal privileges, while he removed their power."], "probs": [[0.266151370078633, 0.06729359961723537, 0.028051594426201237, 0.6385034357779303], [0.02873237476252509, 0.015380352046167974, 0.9514796883547588, 0.004407584736548066], [0.082195154855031, 0.11959219655916627, 0.018340175867071082, 0.7798724726187316], [0.012187882199912306, 0.015650617992052255, 0.968203429727334, 0.003958069980701407], [0.026586356183556047, 0.8804373920663133, 0.07226882277257209, 0.02070742887755855], [0.020075284914820687, 0.7533485657472492, 0.215828742086813, 0.010747407151117156], [0.009728052137834817, 0.36504073511127183, 0.02333627182148657, 0.6018949408294068], [0.0062663269889237875, 0.05945325156191792, 0.9299725711678222, 0.004307850181336067], [0.007727688612378884, 0.006018666163148159, 0.6138833962158583, 0.37237024890861464], [0.009422472523613834, 0.00689452363048265, 0.5829524302256651, 0.4007305735202384], [0.006381290822378512, 0.04161319719948905, 0.9470340493243827, 0.004971462553749702], [0.006279371554655017, 0.05257633614360385, 0.0091363326958329, 0.9320079595059082], [0.015335234740448388, 0.5078332400008158, 0.028649451074820507, 0.4481820740839154], [0.008191562766122866, 0.041602059055557895, 0.9467901579072533, 0.0034162201710658917], [0.01752079203157944, 0.003450354547348077, 0.39877140072484535, 0.5802574525962272], [0.011929485931812993, 0.0036389615806383707, 0.9476764190137837, 0.03675513337376484], [0.009343590142426814, 0.03261590173746309, 0.9530365367119336, 0.005003971308176495], [0.009703256740627194, 0.10431873389278729, 0.012459159340129713, 0.8735188499264558], [0.03355514573442448, 0.7637338163844404, 0.19309558298617638, 0.009615454794958683], [0.0375418601068444, 0.7540701879798986, 0.19065017145400426, 0.017737780359252834], [0.01570731245492088, 0.007420314204823027, 0.9717713821698023, 0.0051009910704537635], [0.028561884267857527, 0.01732382647466795, 0.008183278599863912, 0.9459310105576106], [0.009580864378235004, 0.006585576904660999, 0.9772463840285984, 0.006587174588505601], [0.028692212746693462, 0.010555387080322151, 0.010555275321617371, 0.950197124751367]], "ideal": "B", "sampled": "A", "correct": false}}
{"type": "result", "data": {"idx": 4, "options": ["that the lyrics from the popular song Deutschland \u00fcber alles (which eventually became the German national anthem) were the reason Germany started the war", "that the lyrics from the popular song Deutschland \u00fcber alles (which eventually became the German national anthem) were evidence of Germany's aggressive attitude", "that the reason Germany lost the war was that it was betrayed from within", "that Germany provided the ultimate framework for modern warfare"], "probs": [[0.008541392387305278, 0.9872791430987766, 0.0035606409429114923, 0.0006188234710066303], [0.008538981153830425, 0.9870012616988864, 0.0035596360294583777, 0.0009001210178247994], [0.00217799121935684, 0.001922161302954278, 0.9956554108554992, 0.0002444365221895916], [0.003584565790124997, 0.0018025708661906883, 0.0006631623185715756, 0.9939497009251127], [0.0027929664458287867, 0.002464916874270065, 0.994364031958517, 0.0003780846213841974], [0.0035845635750106995, 0.002042582068884049, 0.0004281883393029582, 0.9939446659168023], [0.9705831871336914, 0.02282670761829286, 0.0035006219149306818, 0.0030894832330850682], [0.962541184817375, 0.029067099879587634, 0.004457625575241624, 0.003934089627795718], [0.9351551616725989, 0.010389270354229815, 0.05275942805105766, 0.0016961398221135527], [0.9642303424530086, 0.007362607267029489, 0.0027084505474837812, 0.025698599632478055], [0.9635945515693151, 0.008337365010694667, 0.02567932343384337, 0.0023887598861469252], [0.9752026720393608, 0.004516528504945382, 0.0024173877174771615, 0.01786341163821664], [0.0021707168628368988, 0.005207520407505937, 0.9923278619945248, 0.000293900635132325], [0.003574561745976563, 0.004590142923101195, 0.0006613257486259234, 0.9911739694822963], [0.008434955525169402, 0.9749710054923059, 0.015758763182625694, 0.0008352756998990771], [0.0058443490583993925, 0.982890865882884, 0.0027607381294659124, 0.00850404682925068], [0.00262386705533771, 0.001319480267450001, 0.0015915825768135813, 0.9944650700003987], [0.0024596869981372794, 0.0011619625384345755, 0.9923225843576221, 0.004055766005806036], [0.00245888088271993, 0.0052056964641385255, 0.9919810615858113, 0.0003543609673301672], [0.002790818168343988, 0.0031626153730805336, 0.00040213343376105354, 0.9936444329248144], [0.0074156863530845055, 0.9712888113366511, 0.020158110416766403, 0.0011373917934979284], [0.0057406284470186, 0.9654567804920933, 0.00307286618509554, 0.025729724775792585], [0.0024659395994746547, 0.0013200274969407295, 0.0013200456577291061, 0.9948939871458555], [0.0021706789321004967, 0.0009049428067616971, 0.9923285270895562, 0.0045958510715815755]], "ideal": "B", "sampled": "B", "correct": true}}
{"type": "result", "data": {"idx": 5, "options": ["the Russian interest in French culture", "the spirit of camaraderie amongst the miners", "the sense of continual class struggle", "the need for noblesse oblige"], "probs": [[0.0074965043954506195, 0.007497653647622372, 0.9818794514994534, 0.00312639035747356], [0.010842851488265583, 0.008445574068150333, 0.004520459618438374, 0.9761911147251457], [0.019999318041693956, 0.9637115106174093, 0.013745880834793809, 0.0025432904061028533], [0.017604227732320364, 0.9612484964618714, 0.01994888255514886, 0.0011983931506593527], [0.009586202033318487, 0.008460861677170445, 0.003996576204477183, 0.9779563599850338], [0.005163286502708129, 0.009647585742651146, 0.9839619694958551, 0.001227158158785547], [0.005878152426439019, 0.002777186037115514, 0.9885668923913883, 0.00277776904505721], [0.012323437154074988, 0.0040016010995543765, 0.004534092227654835, 0.9791408694187158], [0.012355716642486725, 0.9815981780322195, 0.005150839113781871, 0.0008952661115118811], [0.013922598875860266, 0.976113002554852, 0.009569281527684177, 0.0003951169416034921], [0.010868749709180099, 0.008465757487229159, 0.0021405336204832967, 0.9785249590831074], [0.005874264526596637, 0.005184991291326125, 0.9879192125539407, 0.0010215315281366182], [0.9797716661184843, 0.012334833007366704, 0.005141387341130505, 0.0027521134330184727], [0.9806813466548835, 0.01234612969936989, 0.004541529281805796, 0.0024309942639407756], [0.9785128773927945, 0.015817411150264367, 0.0035290920432323974, 0.0021406193137087693], [0.9752286304904227, 0.015764508765527183, 0.00744596280829148, 0.00156089783575858], [0.9729405746509029, 0.02288305505694876, 0.0024117812004207577, 0.0017645889917275884], [0.969006965411352, 0.025824947269398726, 0.003960187364843865, 0.0012078998544054027], [0.012323972635856864, 0.0045345327326711095, 0.004001521462158154, 0.9791399730693139], [0.00665723619083057, 0.003145328213760885, 0.9880352019045407, 0.002162233590867796], [0.013909487510854551, 0.008437682586832527, 0.0024174008625608887, 0.975235428939752], [0.007537156577600801, 0.004035164478151775, 0.9871964747457919, 0.001231204098455576], [0.01784214166242849, 0.9742176992855089, 0.006563980972073955, 0.0013761779799885924], [0.025712681052402726, 0.9649419350647727, 0.008348090614422462, 0.000997293168402136]], "ideal": "C", "sampled": "C", "correct": true}}
{"type": "result", "data": {"idx": 6, "options": ["the size of landed estates", "the number of estates owned by an individual", "the monetary value of goods", "the amount of gold held"], "probs": [[0.002467548867544702, 0.001028725012804485, 0.9954749395395524, 0.0010287864800983964], [0.010916484123722082, 0.0035444201776642214, 0.0027602598027394376, 0.9827788357958742], [0.006633739213497785, 0.9845783260207182, 0.006633876117901704, 0.002154058547882396], [0.007496266719671431, 0.9818611281820843, 0.008494479284407455, 0.0021481257138368072], [0.01091822797240183, 0.0040169479386865554, 0.0021500766775866703, 0.9829147473113249], [0.0075321705204079645, 0.0019046965798279515, 0.9865308434002121, 0.0040322893995519615], [0.0014984754282395204, 0.00048652907982736074, 0.9966924721754344, 0.0013225232164986878], [0.0058849840158731025, 0.0011589925218097304, 0.003150150631273668, 0.9898058727310435], [0.005188942456349072, 0.9888606138403238, 0.004041231264704985, 0.0019092123386221388], [0.0045770163610145, 0.9883883982259641, 0.005877127280830353, 0.0011574580321910147], [0.004053777199567426, 0.002786381802663123, 0.0011615029572434052, 0.991998337940526], [0.0013213043514711275, 0.0014973709999235028, 0.9958597978438705, 0.0013215267047349405], [0.9948384357020982, 0.0019208187373827607, 0.0019205873037185194, 0.0013201581568005783], [0.993445789153871, 0.002173497287966899, 0.00191787707080139, 0.002462836387360697], [0.9967563860112286, 0.0011673499262887064, 0.0011671606349846128, 0.0009091033274980204], [0.9968447677142029, 0.0010302513281311338, 0.0013226638164040316, 0.0008023170412619032], [0.9924981152173427, 0.0031593087689299366, 0.002171165138682529, 0.0021714107750449023], [0.9951839324430443, 0.0024671519963919623, 0.0013204535025829421, 0.0010284619579808095], [0.009646812847412298, 0.0031321661663397753, 0.0031320588314190344, 0.9840889620548289], [0.0031552514892996095, 0.0019139574749505789, 0.9913548524881776, 0.003575938447572284], [0.007534824826870651, 0.004033460806819835, 0.0014838109094544574, 0.986947903356855], [0.0016969384193754793, 0.0013217136755883114, 0.996072830757323, 0.0009085170477131494], [0.0065180214572290954, 0.9673933635013946, 0.017717986661898957, 0.008370628279477378], [0.0051485933112013224, 0.981195117875416, 0.010899811875376735, 0.002756476838005957]], "ideal": "C", "sampled": "C", "correct": true}}
{"type": "result", "data": {"idx": 7, "options": ["De las Casas was exaggerating to support the start of African slavery.", "Columbus was biased in favor of himself in his writings.", "Columbus's men were nicer to the natives than were later expeditions.", "De las Casas wanted the Spanish to leave the Americas."], "probs": [[0.03555951679395142, 0.7142502744629152, 0.10952986153084567, 0.14066034711228764], [0.024668821118868933, 0.3859071278896636, 0.5614654034360584, 0.02795864745540904], [0.0335204808747335, 0.13258118275672628, 0.7629260307150442, 0.07097230555349605], [0.024600298676432743, 0.12493782488871896, 0.8146634586630273, 0.035798417671820994], [0.03790596457296824, 0.6719487829734242, 0.24718227703801512, 0.04296297531559242], [0.02516857287186631, 0.7355715453588948, 0.21073497319432274, 0.028524908474916164], [0.024845603573308308, 0.040966800883412, 0.20803363386658855, 0.7261539615766911], [0.022377648124175108, 0.06893462892482646, 0.8397455464878031, 0.06894217636319533], [0.030583856663991937, 0.29018856342581395, 0.13706733958141204, 0.5421602402287821], [0.016676773314925793, 0.0513714821191459, 0.9105351653603111, 0.021416579105617166], [0.02395735960792443, 0.7934099149313054, 0.1378670984652031, 0.04476562689556708], [0.024616373012648567, 0.6348974526719235, 0.26465096327667537, 0.07583521093875256], [0.15886000319188737, 0.12372463272257263, 0.33629952156974474, 0.38111584241579527], [0.1032097796642953, 0.24760217011198857, 0.5939354190626587, 0.0552526310610574], [0.12026430351630432, 0.22469023772007546, 0.04424276459631702, 0.6108026940673033], [0.04927154079277498, 0.043484645688136474, 0.8733743048285186, 0.03386950859056996], [0.10532285389729337, 0.686830111004611, 0.17364886595415044, 0.034198169043945174], [0.16236331172017274, 0.5667223544866246, 0.08690681631391971, 0.184007517379283], [0.1896804926759435, 0.3544069973403534, 0.40155360973029636, 0.05435890015340674], [0.0844294558881107, 0.3339490517502327, 0.5505539055239326, 0.031067586737724077], [0.10588410184488749, 0.07277883886774475, 0.7823777518613394, 0.038959307326028404], [0.13144761637497204, 0.07036412622545715, 0.5198817383828864, 0.27830651891668445], [0.09075924957325945, 0.24672220664405, 0.5918246154297869, 0.07069392825290365], [0.1930454733903419, 0.31828533177089735, 0.17036091518065305, 0.3183082795581077]], "ideal": "B", "sampled": "D", "correct": false}}
{"type": "result", "data": {"idx": 8, "options": ["the spread of revolutionary ideas among the British working class in the eighteenth century", "the rise of the Luddite movement in Britain in the eighteenth century", "the replacing of traditional laborers by machines in the industrialization of Britain in the eighteenth century", "an increase in the use of child labor in eighteenth-century Britain"], "probs": [[0.001853950250853212, 0.037244840985804904, 0.9603350405659132, 0.0005661680974286272], [0.004431011435280168, 0.037106911028589165, 0.0013515933549051377, 0.9571104840812256], [0.007849711363468964, 0.9074139426699542, 0.08439112852434733, 0.00034521734222948985], [0.013688761993856212, 0.8469863670680557, 0.009408042648749226, 0.12991682818933883], [0.004007897124966666, 0.0009524890991757946, 0.01398977096654511, 0.9810498427093124], [0.0038208616003514604, 0.0014063158590714572, 0.9349735213076792, 0.05979930113289788], [0.008539293229907433, 0.003561670538288688, 0.9870524716846817, 0.0008465644471221338], [0.032936730076263465, 0.0027049809909660823, 0.0013597520169050935, 0.9629985368158653], [0.02918279200006303, 0.9665431455507423, 0.003949608440963576, 0.0003244539082310617], [0.05310900956166092, 0.9415362012941747, 0.003847389768602941, 0.0015073992755613832], [0.025844292369618847, 0.0017595824084589416, 0.0022585419635970778, 0.9701375831583251], [0.006655514238828722, 0.0027756011493857815, 0.9877927206107735, 0.002776163901011998], [0.22015415032040692, 0.010965435526747443, 0.7683977969889593, 0.0004826170638863876], [0.4330846109127642, 0.0058075534687826195, 0.004519955760291082, 0.5565878797581622], [0.7039330163717209, 0.293436980876298, 0.0022402983661896324, 0.0003897042857914292], [0.34744810894799233, 0.6491425602931133, 0.002491992653746354, 0.0009173380051480096], [0.40336058863918317, 0.003717307355847155, 0.005753629563560384, 0.5871684743414093], [0.14611752800981528, 0.01199872178413662, 0.8408342274125676, 0.0010495226934803944], [0.003990793394323606, 0.0012178278620959804, 0.017886386483805923, 0.9769049921597744], [0.003315377494118232, 0.0018899199504625382, 0.9192990553740118, 0.0754956470814074], [0.004459612945282343, 0.02908677570236257, 0.00306535950631105, 0.963388251746044], [0.0023379770202253884, 0.05322098059968436, 0.943188448236963, 0.0012525940431272308], [0.009569515731640566, 0.7602862920301662, 0.0122872873721756, 0.2178569047660176], [0.00676587070882448, 0.8862964307151155, 0.10583251538029054, 0.0011051830957693875]], "ideal": "C", "sampled": "C", "correct": true}}
{"type": "result", "data": {"idx": 9, "options": ["Pride in the mastery of the military arts", "Chivalry", "Civic pride", "Patronage of the arts"], "probs": [[0.0019118848738322015, 0.0010234832306519036, 0.9903908976205145, 0.006673734175001408], [0.005190486248002884, 0.0010222042060929872, 0.004580726522248903, 0.9892065829236553], [0.004549206676418796, 0.9824019023136281, 0.00849911100449255, 0.004549779905460479], [0.002707555326596584, 0.9640039453297744, 0.03298462063108179, 0.00030387861254724437], [0.004046439601446612, 0.004585512848712273, 0.001159376099090976, 0.9902086713507501], [0.0007077116329298664, 0.0024703080390737577, 0.9965078459023097, 0.0003141343256866971], [0.0012970914648131333, 0.0007868238497190002, 0.9776247005626152, 0.020291384022852646], [0.0035759926538688814, 0.0007979960905799446, 0.004052227960334042, 0.9915737831952172], [0.0021704012477614595, 0.9922120505481031, 0.002459397142649655, 0.0031581509614857866], [0.0016815255877159917, 0.9870613773101193, 0.010964828229397601, 0.00029226877276706083], [0.002734692220623423, 0.022897835142879013, 0.0006914755008319611, 0.9736759970356657], [0.0006242175583444846, 0.0031701663959046752, 0.9959759111263609, 0.00022970481939001838], [0.9952976774486598, 0.0010286085380811897, 0.0021772121699895875, 0.0014965017432693418], [0.9944786478375125, 0.0009070374077823635, 0.004064207228871121, 0.000550107425833983], [0.9956991021328176, 0.0009081505615939726, 0.0016963043938816047, 0.0016964428117067765], [0.9952747206307847, 0.0007069637477181562, 0.0035895509396572296, 0.0004287645818398844], [0.9964506996919523, 0.002470240554491777, 0.0008018939122928047, 0.00027716574126313633], [0.9955865495083374, 0.003169030804212228, 0.001028751463387296, 0.00021566812406315116], [0.010965610126295716, 0.000701107444318382, 0.001155821315198586, 0.9871774610141874], [0.00192339527615339, 0.000707671480126271, 0.9963392391180639, 0.0010296940256564562], [0.015858793432066042, 0.0018942255754595082, 0.001013873248668929, 0.9812331076438056], [0.002179843631459924, 0.0008019935706325986, 0.9965003119531123, 0.0005178507447952145], [0.006677867350190769, 0.9911331491568179, 0.0019132868536980649, 0.00027569653929318056], [0.0075590329149166895, 0.9900859351736665, 0.002165746719588846, 0.00018928509182792287]], "ideal": "C", "sampled": "C", "correct": true}}
{"type": "result", "data": {"idx": 10, "options": ["Utopian socialism", "Social conservatism", "Romanticism", "Social Darwinism"], "probs": [[0.0010306805302682477, 0.0013235373367545948, 0.000131072030181486, 0.9975147100027957], [0.0002164309729283564, 0.00026109267858917827, 0.9991871855067841, 0.0003352907416983186], [0.001924640497333156, 0.00019062721957223948, 0.0008024393360551306, 0.9970822928470394], [0.0005189289282981821, 0.00013969406478501307, 0.9987153003167085, 0.0006260765902082373], [0.0010294060611761727, 0.9962439172042522, 0.0016971974645672726, 0.0010294791700043496], [0.0011663833586370452, 0.9961694836301674, 0.0014976716707100646, 0.0011664612404854809], [0.0009099540074651657, 0.0010312232724323503, 0.00011572709500511838, 0.9979430955250973], [0.0001397720652608102, 0.0001397879122968025, 0.9994054035244685, 0.0003150363979738765], [0.0013240825927509834, 0.00024500200062359864, 0.0003794343499703761, 0.9980514809566551], [0.0002301971153097124, 9.597821378473503e-05, 0.9983489709179132, 0.001324853652992314], [0.0006240570912415233, 0.9957418355716063, 0.0024681578337879153, 0.0011659494033642273], [0.0007067596835325121, 0.9951950235938485, 0.0019211525649804858, 0.0021770640576385526], [0.00042985327670001984, 0.0009100968094607, 0.0006658569383476383, 0.9979941928754916], [0.0002303222622858261, 0.0002452095248438964, 0.9988982825022664, 0.0006261856106038669], [0.00035622302819275344, 0.0016995784895116359, 0.0003562751240494811, 0.9975879232582461], [0.00015819721841791464, 0.00027767374367947904, 0.9982394318863139, 0.0013246970515887245], [0.000750885249847212, 0.9932723499983535, 0.004059187565970267, 0.001917577085829011], [0.0005851248722754883, 0.9938318290659992, 0.0027914265889688768, 0.0027916193727564355], [0.9977242599303924, 0.0009099600947065943, 0.0003347238027115925, 0.001031056072189401], [0.9972640684199218, 0.0011678728520255518, 0.0002447806282521815, 0.0013232779998004912], [0.9979133096913262, 0.0006255653042869195, 0.00042987350399997776, 0.0010312514003868512], [0.9974570642969411, 0.0007085313975377653, 0.0003346342633546877, 0.00149976994216635], [0.9973882227705057, 0.0006252361379273414, 0.00048685224170203693, 0.0014996887498649294], [0.9970205603964548, 0.0006250222324995015, 0.00042949093805773585, 0.0019249263329879796]], "ideal": "D", "sampled": "D", "correct": true}}
{"type": "result", "data": {"idx": 11, "options": ["Establish control of European states by democracy in the tradition of the Enlightenment.", "Suppress all voices in government other than his own and control all aspects of his citizens' lives.", "Suppress all nationalist revolutions across the continent.", "Suppress all speech but that of monarchs and the churches that they approve of."], "probs": [[0.0025804175491000556, 0.003313536983610975, 0.918688117082533, 0.07541792828475606], [0.005733958151206954, 0.007363110402820929, 0.5848756132359064, 0.40202731811006565], [0.005826776705568805, 0.21865002279320922, 0.012335214463956598, 0.7631879859372653], [0.003505163892450205, 0.4051536427292092, 0.5894645768661949, 0.0018766164121456815], [0.009056969603920637, 0.05905919187429632, 0.007992824590850201, 0.9238910138309329], [0.0015851336907158975, 0.06740236145142593, 0.9304292012595207, 0.0005833034983375269], [0.0019089707193042523, 0.001684769469361997, 0.988855399137797, 0.0075508605735367966], [0.006180224365098694, 0.003748779401203432, 0.8094394673577827, 0.18063152877591515], [0.006980196748436369, 0.9142374044123834, 0.00373625486954487, 0.07504614386963536], [0.0026327056657632084, 0.0599214122527994, 0.9372877258478203, 0.00015815613361710353], [0.008102642788366414, 0.1627470636500981, 0.0026305829128783656, 0.8265197105486571], [0.0038571933376178916, 0.347217713844026, 0.6486625169084428, 0.00026257580991327124], [0.318352978661323, 0.004541395856952355, 0.0031210145610228025, 0.6739846108207018], [0.009638935890431225, 0.006625300660208158, 0.9831918456136886, 0.000543917735672025], [0.05944801939278167, 0.00911691086885359, 0.0014882767985455838, 0.9299467928398192], [0.003576515879854972, 0.004592598337460042, 0.9916527697922229, 0.00017811589046199156], [0.029033245526352208, 0.9614688139745493, 0.004452398693685063, 0.005045541705413379], [0.03265877965738776, 0.9544564438962299, 0.012014342594355916, 0.0008704337520265033], [0.059364662805773266, 0.007090293038799892, 0.004872948192240766, 0.9286720958631861], [0.0019198897325920063, 0.00316556943277637, 0.9945119756148949, 0.0004025651197367637], [0.020165175728035153, 0.006546783432591405, 0.0016552962330955848, 0.9716327445062778], [0.0024609596837494216, 0.004597875941877256, 0.9928022616535439, 0.00013890262082939377], [0.18142977911655217, 0.813101428550519, 0.0033229911383687856, 0.0021458010945600327], [0.2916550733360698, 0.699644123918213, 0.007772318209077719, 0.0009284844366394175]], "ideal": "C", "sampled": "C", "correct": true}}
{"type": "result", "data": {"idx": 12, "options": ["the International Workingman's Association", "Pierre-Joseph Proudhon", "the Congress of Vienna", "the Paris Commune"], "probs": [[0.00040396427257281787, 0.0008035533667179267, 0.9982736379039964, 0.0005188443567128732], [0.0068021904635580405, 0.00301878033544818, 0.04167083963756014, 0.9485081894634336], [0.002442347674999683, 0.9853045367038187, 0.010945551391780342, 0.0013075641294012673], [0.0027573206666757825, 0.9816688604973202, 0.014002463204078133, 0.0015713555319259275], [0.0073993204919269705, 0.00950156450793067, 0.013824848313015638, 0.9692742665871267], [0.0005867629930113879, 0.0014985233533522395, 0.9965921501046439, 0.0013225634489924655], [0.0004038727685156016, 0.0006256812200507852, 0.9980600951062844, 0.0009103508051492588], [0.006502512162633468, 0.002546807434364759, 0.025719412686889154, 0.9652312676161127], [0.0027763737226607103, 0.9884498401439735, 0.007089612742182194, 0.001684173291183535], [0.003331989457149262, 0.983452710970967, 0.010924953943688897, 0.002290345528194851], [0.004555738043721897, 0.007511687429281885, 0.00402076680163335, 0.9839118076253629], [0.0004292705905421898, 0.0016980373973619254, 0.9965502145384851, 0.0013224773736107143], [0.9494015254559549, 0.011951294894243692, 0.036814156576474265, 0.0018330229733271516], [0.9556625669145815, 0.012030015930841785, 0.02886051926366696, 0.0034468977909097647], [0.971778253702353, 0.012232802377017045, 0.013863037907038942, 0.0021259059135910058], [0.9622344223589211, 0.015552787797358665, 0.01997202789720525, 0.002240761846515014], [0.9628417778169092, 0.012120811448058547, 0.019984219191875124, 0.005053191443157173], [0.9366068111488086, 0.019438925229977377, 0.041153466503138905, 0.00280079701807509], [0.025294746027472725, 0.003021457081710168, 0.022324532876345803, 0.9493592639144713], [0.0006252815821836396, 0.0006657545321602487, 0.997677842683635, 0.0010311211020211416], [0.017755733908625098, 0.003722160611110162, 0.008928813093415052, 0.9695932922868497], [0.0005873078506332679, 0.001097449928915504, 0.9975123056984035, 0.0008029364220477222], [0.0022989356577621197, 0.9872535336735764, 0.008541395359261603, 0.0019061352093999201], [0.0027653524812595483, 0.9845195801336041, 0.010274331491026925, 0.0024407357941094777]], "ideal": "C", "sampled": "C", "correct": true}}
{"type": "result", "data": {"idx": 13, "options": ["Laissez-faire capitalism", "Mercantilism", "Industrialization", "Bullionism"], "probs": [[0.98383502245928, 0.002764242480201087, 0.012383960128524994, 0.0010167748319938618], [0.5598457528070804, 0.0024374332594334597, 0.0015726946497791059, 0.4361441191837071], [0.9744733873926252, 0.02292044345523113, 0.0011409983625247204, 0.0014651706896189136], [0.9431912888014006, 0.0322809608365852, 0.00494914749448878, 0.0195786027675254], [0.5254109277446144, 0.0022877181368798514, 0.00849218164623794, 0.4638091723722678], [0.9243818959633092, 0.0042837236244324065, 0.05214458951146815, 0.019189790800790155], [0.0034177228900475367, 0.947786870171868, 0.04718048138215717, 0.0016149254559272668], [0.003682692968789175, 0.29259502632737056, 0.0017398481571297996, 0.7019824324467104], [0.0022614482816256734, 0.025885765605271546, 0.9711627775284706, 0.0006900084846321703], [0.0079093264284436, 0.07505233219867288, 0.002568190093651703, 0.9144701511792318], [0.004551149543727903, 0.000842344938551623, 0.6754816234757333, 0.3191248819419872], [0.004216115572958952, 0.0005037995427818189, 0.08468732472596745, 0.9105927600582918], [0.0051137137322160514, 0.974621262247082, 0.015751454434827797, 0.004513569485874184], [0.008132385626925314, 0.9401163483479213, 0.010442558434140298, 0.04130870749101298], [0.002623592971765045, 0.0023159629496802207, 0.994308503685606, 0.0007519402929487426], [0.01579860304247453, 0.005130572500841116, 0.0013807940520992677, 0.9776900303045851], [0.005760142611286012, 0.0027219765037666903, 0.968731706690391, 0.02278617409455627], [0.013716605898129147, 0.004454818383673312, 0.019959432240128656, 0.9618691433780688], [0.006222419671927262, 0.6348092791849831, 0.01916676830929957, 0.33980153273379], [0.005504630319225878, 0.9258566371721901, 0.027954596579562792, 0.0406841358290212], [0.004516570411115509, 0.008440753534587423, 0.6703378629283127, 0.31670481302598436], [0.003650585216295629, 0.00992618322218177, 0.372378679866945, 0.6140445515945776], [0.004727540000092708, 0.022560484004391857, 0.9590287310029565, 0.013683244892558916], [0.004940750954362285, 0.12744059729599358, 0.036508820265176996, 0.8311098313844671]], "ideal": "B", "sampled": "A", "correct": false}}
{"type": "result", "data": {"idx": 14, "options": ["provoking fear to drive their readers to action", "attacking the extreme communists who threatened to sink the entire movement", "demonstrating the understanding of the others in point of fact", "explaining the reasons for debunking opponents of communism"], "probs": [[0.10859555264539375, 0.07464456223793897, 0.7081512491523315, 0.10860863586433578], [0.15068792029733466, 0.103580118758753, 0.46417594643027954, 0.2815560144136328], [0.06106369580661014, 0.84302050023854, 0.017495567009889114, 0.07842023684496076], [0.08101850294525784, 0.8710952509574144, 0.029805600837304814, 0.018080645160023025], [0.2999456874770793, 0.2999588004978539, 0.01493360724694941, 0.38516190467811745], [0.08995323669175387, 0.3139849021436746, 0.586579027464531, 0.009482833600040484], [0.043689046213463985, 0.4145475641020374, 0.4697206335407185, 0.07204275604378012], [0.04314378519986416, 0.6749472416278127, 0.06277806124124796, 0.21913091183107516], [0.04424117795231387, 0.6107973342002085, 0.22468390640075936, 0.12027758134671829], [0.032811659582887814, 0.5133144740251228, 0.054099502689953005, 0.39977436360203644], [0.023893365589573737, 0.8966918570085752, 0.03476643928022506, 0.044648338021625995], [0.02580959275143055, 0.8548335823301013, 0.02924797276370986, 0.09010885205475827], [0.06350636304168977, 0.87677839920158, 0.016057824265715736, 0.043657413391014484], [0.07337956307454926, 0.894031069380056, 0.023823330753341865, 0.008766036692052807], [0.22205836073845558, 0.09258271090499987, 0.5327184079995071, 0.1526405202570374], [0.06939613353091016, 0.078649940275363, 0.4525496357752328, 0.3994042903184941], [0.059045135584049044, 0.6348592596946449, 0.2998698929964681, 0.006225711624837982], [0.110151595125304, 0.8139832524068655, 0.009042333709561343, 0.06682281865826913], [0.5326845174075796, 0.36612713074182157, 0.008610433136191512, 0.09257791861440731], [0.3395932923556426, 0.49414020932878633, 0.16042208722257253, 0.005844410992998536], [0.591814842395081, 0.09076794641755083, 0.07068436908094217, 0.246732842006426], [0.3677719265842957, 0.09299931760686335, 0.2527706848819225, 0.28645807082691843], [0.26578226583854553, 0.6376208638595906, 0.08628937569034961, 0.010307494511514215], [0.23581208681622282, 0.6410445081721707, 0.01174089145853685, 0.11140251345306959]], "ideal": "D", "sampled": "C", "correct": false}}
{"type": "result", "data": {"idx": 15, "options": ["the role of women in army regiments", "the running of a school for domestic servants", "the running of a school for girls", "the role of a woman in running her own domestic household"], "probs": [[0.0009102610062266221, 0.0003795206723898741, 0.0003795052473597219, 0.9983307129740238], [0.00033519925117344885, 0.0002779272805401056, 0.9991703853775, 0.00021648799078637863], [0.0009103580720443107, 0.000260877852678901, 0.0004040218084872509, 0.9984247421667896], [0.00043025352514303216, 0.0002163716790503195, 0.9988342978714725, 0.0005190768243341891], [0.0008030471209945709, 0.997905051190804, 0.0010311524747920208, 0.00026074911340942324], [0.0008032264018578906, 0.998132729781985, 0.0008032446208551084, 0.0002607990953020578], [0.0015000163441528215, 0.000260742075671681, 0.00037934215724560647, 0.9978598993229298], [0.0005525296690273026, 0.00017941438365847546, 0.9989722231970172, 0.0002958326502970871], [0.0011682781083246444, 0.0006254814508672943, 0.0002775479096120505, 0.997928692431196], [0.00045811848299279494, 0.0003568650039721065, 0.9990452069792487, 0.00013980943378639126], [0.0014996281705153506, 0.9974815587476221, 0.0008027222833608521, 0.00021609069850164815], [0.0014995913458958467, 0.997451314331412, 0.0009095748113770479, 0.00013951941131510682], [0.0014996573946965284, 0.00026068257144421674, 0.0005873730374636152, 0.9976522868963956], [0.0005523870092485964, 0.00017935960823835197, 0.9987157713947816, 0.0005524818877314646], [0.0009102729624113263, 0.00048735360953107833, 0.0002302049896732922, 0.9983721683383843], [0.0003568383687337984, 0.0002958788484201956, 0.9991984577599708, 0.000148824922875112], [0.0013230759500025932, 0.99721689712132, 0.001030432604971569, 0.0004295942237057694], [0.0011677752457664675, 0.9973508695039184, 0.0013232779428983337, 0.0001580772074168385], [0.99906692344792, 0.0004044642211219776, 0.00014874537198715, 0.0003798668589708907], [0.9988819757199096, 0.0004304344611455107, 0.00016851260662407232, 0.0005190771123208832], [0.9991965109793683, 0.0004879175886474063, 7.027614807800749e-05, 0.00024529518390627495], [0.999059486581694, 0.0005884386764636134, 0.00014874229221935697, 0.00020333234962308], [0.9977216267708178, 0.0010311962253310998, 0.00021611676803322637, 0.0010310601358179312], [0.9989747731746708, 0.0006263244262591039, 0.00016852786484726598, 0.00023037443422284083]], "ideal": "D", "sampled": "D", "correct": true}}
