{"type": "result", "data": {"idx": 0, "options": ["Needle aspiration", "Mammography", "Mastectomy", "Lumpectomy"], "probs": [[0.001405207751860034, 0.9949426384473627, 0.0031664091245481724, 0.0004857445762289926], [0.0013202581723958343, 0.9950841372314393, 0.0031668754327791367, 0.0004287290633857604], [0.0003796938229755073, 0.00035675421393777654, 0.9987445027651994, 0.0005190490978872517], [0.0016992772412706258, 0.00033471630609235387, 0.00042975747309045907, 0.9975362488795466], [0.0004042359954053488, 0.00033520333917242827, 0.9988807469330016, 0.00037981363242071243], [0.00169912353342989, 0.0003144206639832453, 0.0005183319805546232, 0.9974681237220322], [0.9952580601072761, 0.00180550158132073, 0.0016957795620352845, 0.0012406586493678093], [0.9962408407181607, 0.0014075646827697817, 0.001322024912227679, 0.0010295695868418903], [0.9961641544634683, 0.0010961986314663595, 0.0014978617403075011, 0.0012417850647578612], [0.9966717496823031, 0.0009092563574952284, 0.001096458007088434, 0.0013225358531131894], [0.9964942536239532, 0.0010965771875399222, 0.001242243276311445, 0.0011669258121954648], [0.996759416835918, 0.0009679571397187765, 0.001030119021795976, 0.0012425069025672948], [0.0003566822941509356, 0.00035674323756846845, 0.9987340601225665, 0.0005525142457140891], [0.0014998917754935938, 0.00035635254562147356, 0.00042981303071805703, 0.9977139425481668], [0.0014034242946168631, 0.9936946772641178, 0.0035834289489701573, 0.0013184693922951567], [0.0012400760270809407, 0.9949374163170849, 0.0027943332579184427, 0.0010281742979157222], [0.0019248212147681873, 0.00033457013294446107, 0.0005871272998089556, 0.9971534812524784], [0.00043013182055378794, 0.0002609366231733393, 0.9985052383343666, 0.0008036931219062662], [0.00031483670311281193, 0.0003148936302091195, 0.9989398812190253, 0.0004303883476527608], [0.00132386829027464, 0.0003145383953570107, 0.0004871243874084826, 0.9978744688269598], [0.0010945814624513457, 0.9951444908463738, 0.0027948549229773107, 0.0009660726681975368], [0.0008535576456534631, 0.9963802570326813, 0.0021794355573549577, 0.000586749664310261], [0.0016992021034913075, 0.00031440907875461137, 0.0005183306386405642, 0.9974680580791135], [0.00031473745805480865, 0.0002451642228895917, 0.9986363116032776, 0.0008037866157780467]], "ideal": "B", "sampled": "B", "correct": true}}
{"type": "result", "data": {"idx": 1, "options": ["vary from person to person", "vary for women depending on the phases of the menstrual cycle", "are mainly on the lower portion of the body", "all of the above"], "probs": [[0.6684435910377301, 0.006162802969399485, 0.009536866532901717, 0.31585673935996866], [0.9037364152676819, 0.010693183680403477, 0.07419031369465344, 0.011380087257261131], [0.8422779961562903, 0.009361165491923486, 0.0019621611397236433, 0.1463986771120626], [0.9383579792731095, 0.022074851442690467, 0.036386622831266834, 0.0031805463529332094], [0.9538886074461206, 0.036990177364918116, 0.0044179168170098825, 0.004703298271951417], [0.9422086292062419, 0.04691796657599967, 0.008678351358345514, 0.0021950527594128623], [0.005877334853836326, 0.8723253948092473, 0.029847990023354698, 0.09194928021356165], [0.00425354046118126, 0.9185780467002962, 0.07539478348126406, 0.0017736292572585299], [0.004725409678893238, 0.002232805130693748, 0.8460098517962523, 0.1470319332941607], [0.00784337811602388, 0.006923057816303983, 0.020030557889902992, 0.9652030060777691], [0.0033088358394008587, 0.0178906733795594, 0.9766630245400444, 0.0021374661409954], [0.010403899717126398, 0.04663100201708086, 0.006311223988517129, 0.9366538741772756], [0.009272404402738979, 0.9458669819519413, 0.008183251477189032, 0.03667736206813072], [0.00888550287296456, 0.9649606229083637, 0.02571117791620916, 0.00044269620246253824], [0.005279277335683356, 0.0007610028004505039, 0.8879060363590356, 0.10605368340483048], [0.0070361480447213515, 0.001570730469167759, 0.010238991285209935, 0.9811541301009009], [0.0061440329692511566, 0.02283556431484264, 0.9707499532067702, 0.0002704494091360186], [0.00816299738658781, 0.04697827999185063, 0.001252210566651734, 0.9436065119549099], [0.010158518881707072, 0.9735418491509417, 0.013886042694414496, 0.0024135891729367984], [0.00787213905206115, 0.9687765177107335, 0.02278073117091564, 0.0005706119662896828], [0.013095411035005918, 0.0061895476873148995, 0.9774014821751282, 0.0033135590025508894], [0.032598515852274766, 0.007275578954782877, 0.007275035528031543, 0.9528508695649108], [0.011560574005888585, 0.010207985379435264, 0.977722630594221, 0.0005088099204551552], [0.028906198069240142, 0.012052459734763083, 0.001631311609491902, 0.9574100304865049]], "ideal": "D", "sampled": "A", "correct": false}}
{"type": "result", "data": {"idx": 2, "options": ["can be treated with antibiotics", "has a high risk of infection with a single exposure", "is asymptomatic (without symptoms) in only a small percentage of those infected", "infections are limited to genital areas"], "probs": [[0.08064607732816113, 0.8671324470261749, 0.04317109022381154, 0.009050385321852403], [0.10001688523967288, 0.7390933732557274, 0.01533929155573618, 0.14555044984886353], [0.20546892551193283, 0.6329438768264395, 0.14123697761646703, 0.020350219945160664], [0.5098157486568512, 0.30923673277059766, 0.015396974864575046, 0.1655505436079761], [0.395109089768655, 0.01967458588001413, 0.07780206095262192, 0.5074142632987089], [0.36107171700520413, 0.02964349986363578, 0.3610828034703909, 0.24820197956076917], [0.734336441771546, 0.21040557713838598, 0.04410575351623494, 0.011152227473833017], [0.7194771765943121, 0.11033540217965174, 0.009641714393128388, 0.16054570673290783], [0.528639871196345, 0.1336829408596073, 0.32068130842255166, 0.016995879421496028], [0.6216670760449798, 0.030953007374637822, 0.014620539943273633, 0.3327593765371087], [0.7368046174945067, 0.010512833668491834, 0.041569777564483, 0.21111277117251845], [0.693132874698419, 0.01735550531066437, 0.06447428440226241, 0.22503733548865418], [0.09832942011208048, 0.49941410811742937, 0.3889440997792711, 0.013312371891219052], [0.2028760572383438, 0.7081274175973196, 0.018871254373813484, 0.07012527069052314], [0.06652778988957168, 0.4338771309463668, 0.49164720311697957, 0.00794787594708191], [0.15894712328498037, 0.43207278360494705, 0.027622189061313702, 0.38135790394875885], [0.1586532309367294, 0.025903871521593357, 0.26158800962175455, 0.5538548878199226], [0.20787917152903584, 0.026432376450757824, 0.2669264683863566, 0.4987619835338497], [0.0156296427285322, 0.2602797009757068, 0.29492227627229034, 0.4291683799234707], [0.022992706416172876, 0.5930384639481653, 0.31742350352072407, 0.06654532601493772], [0.01668696546222524, 0.6262157815380534, 0.09603035842536445, 0.26106689447435694], [0.029659265112560323, 0.7186202727412915, 0.11020207151571901, 0.14151839053042914], [0.023796613236624898, 0.22579605184123414, 0.3285205480163043, 0.42188678680583663], [0.028084912167320116, 0.2075351395283269, 0.26647784260969404, 0.497902105594659]], "ideal": "A", "sampled": "B", "correct": false}}
{"type": "result", "data": {"idx": 3, "options": ["the id", "the ego", "the superego", "the Oedipus complex"], "probs": [[0.9008673717684837, 0.08379908728581467, 0.014561617313592774, 0.000771923532108821], [0.9296647724348722, 0.05943675586876384, 0.007098476274078303, 0.003799995322285591], [0.9160776388539675, 0.051685312312037414, 0.03134755503332962, 0.0008894937006653865], [0.9125761398433327, 0.05834291127331052, 0.010138325672007105, 0.018942623111349585], [0.964040733234443, 0.020010716735923747, 0.00945171225626624, 0.0064968376733670445], [0.9522131038224039, 0.017442996687807952, 0.01057869070651284, 0.019765208683275307], [0.007491887843799198, 0.9812570575192268, 0.010900588714125754, 0.0003504658228482487], [0.007515170902249579, 0.9843128094538386, 0.007515241217102326, 0.0006567783268095163], [0.0035577339492874147, 0.009671150048514677, 0.9864400549929441, 0.0003310609092538728], [0.0031348690117337314, 0.009656324181286905, 0.0021546935271480284, 0.9850541131798314], [0.005815988347729331, 0.012312940197357722, 0.9781148334781092, 0.003756237876803726], [0.006585188523664915, 0.01394138365331941, 0.0020085860534798028, 0.9774648416695358], [0.006078870266509343, 0.9603776104304148, 0.03286137929156461, 0.0006821399115111909], [0.00742020780934708, 0.9718737562794074, 0.017799990179425833, 0.0029060456318196577], [0.002765013972391832, 0.012391977509816656, 0.984391476037338, 0.0004515323804534629], [0.0020329590626256807, 0.006665994175067141, 0.0019099339160508944, 0.9893911127462562], [0.00544154832561047, 0.009550562054481128, 0.9741838852913517, 0.010824004228556705], [0.003142401303189309, 0.007538670485049349, 0.0019062035226077958, 0.9874127245891535], [0.006086019483046639, 0.9032669885452722, 0.05095660811744508, 0.03969038375423611], [0.00588337265667835, 0.8731760184204842, 0.04925968722294593, 0.07168092159989148], [0.002164873496903522, 0.005884864750406841, 0.9896453479761792, 0.002304913676510385], [0.002449067656309824, 0.006657566086474539, 0.0027753616267658706, 0.9881180045304497], [0.0033282062783660574, 0.005841403374299557, 0.9823300233676485, 0.008500366879685844], [0.0019129941733295945, 0.004589333801787211, 0.0024565593909428416, 0.9910411125339403]], "ideal": "A", "sampled": "A", "correct": true}}
{"type": "result", "data": {"idx": 4, "options": ["paraphilias guarantee survival of the species", "evolutionary selection has favored the development of males who respond to novel sexual stimuli", "of left brain/right brain differences between the genders", "male brains are better developed than are female brains"], "probs": [[0.009474077818466984, 0.96643330803478, 0.02272748484693699, 0.0013651291998159796], [0.009577576767243655, 0.9769910334135236, 0.010853291222765802, 0.0025780984964669617], [0.004581342305158036, 0.005191989139506314, 0.9893242214742012, 0.0009024469811344743], [0.01781587090923126, 0.006555323149228909, 0.0027326189584756513, 0.9728961868830641], [0.004048463129720976, 0.00404929619770366, 0.9906669137935236, 0.0012353267790517924], [0.020176872254374926, 0.0039740361445487395, 0.00350670659079838, 0.9723423849102779], [0.9769303173013657, 0.015791514904838398, 0.005809282643942397, 0.0014688850498534324], [0.9841270528836236, 0.010933370813663353, 0.0035495136337773485, 0.0013900625689357501], [0.9813152280775963, 0.00962138090966369, 0.007492743701914332, 0.001570647210825728], [0.985244110825807, 0.006639324698742132, 0.0035535768233512003, 0.004562987552099713], [0.9832924274101963, 0.0085080286924567, 0.006625708837306443, 0.0015738349600405935], [0.9839166106735006, 0.008513271036716445, 0.0040212740269483255, 0.0035488441628346696], [0.0017670628076507694, 0.02291850142198343, 0.9744253760518113, 0.0008890596185544844], [0.008198946719308249, 0.04164173829067504, 0.00234943931131606, 0.9478098755787007], [0.006549528679031703, 0.9720646058570441, 0.02017418215069629, 0.0012116832132278554], [0.008428238057867143, 0.9741962350497715, 0.012263244126248426, 0.005112282666112933], [0.00651473618966791, 0.003713177400567604, 0.022739861873005203, 0.9670322244367593], [0.0013182897943732517, 0.0031627374999955884, 0.993600556699297, 0.001918415906334086], [0.001207004944118233, 0.029245913543591986, 0.9684125334775529, 0.0011345479347369396], [0.0063093378443297415, 0.05283239815432023, 0.004336794179182451, 0.9365214697221675], [0.0050903455082287625, 0.9701026157365767, 0.022813345473354934, 0.0019936931818396045], [0.007370924547782154, 0.9654537387040127, 0.022704169492108704, 0.004471167156096433], [0.005113682430517395, 0.0024162990584848977, 0.017849371725595736, 0.9746206466854019], [0.0014953763831069204, 0.002175961738966894, 0.9946339796968297, 0.001694682081096491]], "ideal": "B", "sampled": "B", "correct": true}}
{"type": "result", "data": {"idx": 5, "options": ["felt glad", "felt fear", "experienced guilt", "experienced regret"], "probs": [[0.004464701451678774, 0.0057334855493069966, 0.9641071324635471, 0.02569468043546715], [0.0035552264971919923, 0.004029037106468842, 0.9857729422925804, 0.006642794003758774], [0.012049115508596206, 0.8447467260935567, 0.013653788062666797, 0.1295503702351803], [0.0055437443729692455, 0.7261137007899043, 0.267105200688148, 0.0012373540489784166], [0.010528158934547742, 0.9477486852447399, 0.009291513475907773, 0.03243164224480464], [0.007749584350849506, 0.8957563942722133, 0.09440762753215323, 0.0020863937447839413], [0.0045134172302719305, 0.005115256082157698, 0.9746165978053004, 0.015754728782269946], [0.003513265789543297, 0.004511824709817456, 0.9741312051222847, 0.01784370427835453], [0.010770695062250098, 0.7551217519736299, 0.01775820889269247, 0.21634934397142763], [0.004567424018382782, 0.4659327455268432, 0.5279208037163127, 0.0015790266384612555], [0.01010125344803285, 0.9093273181520269, 0.01469780494872357, 0.06587362335121658], [0.00727489197886626, 0.7899703163779905, 0.19972128610764334, 0.0030335054354998217], [0.07458818110910351, 0.012962744835567216, 0.0037136609491908827, 0.9087354130061384], [0.04108469278257004, 0.021994475888991675, 0.9351151446332459, 0.0018056865951923597], [0.12972032406398548, 0.013674072270425103, 0.010648305021033706, 0.8459572985445557], [0.04675292535883115, 0.011823345754444109, 0.9390954254070327, 0.002328303379691978], [0.06667976589781159, 0.9205333859854283, 0.009024590864867474, 0.0037622571518926497], [0.07489134329928483, 0.9124263786311197, 0.007894072492098158, 0.00478820547749719], [0.39025987826146247, 0.03630484142603601, 0.005566947901086119, 0.5678683323114154], [0.17394654341711055, 0.04399012373606047, 0.7795813629907732, 0.002481969756055814], [0.44238008300205905, 0.04115378226171677, 0.015137413938061381, 0.5013287206981628], [0.41489900815869485, 0.04374236043191021, 0.5327459786561075, 0.008612652653287433], [0.34439046221749275, 0.6434515311217138, 0.009178104153842076, 0.002979902406951308], [0.43205185973317084, 0.5548008370510071, 0.006983835610424162, 0.0061634675053978795]], "ideal": "C", "sampled": "D", "correct": false}}
{"type": "result", "data": {"idx": 6, "options": ["an increased risk of low birth weight babies", "poorer growth and lower intelligence", "smaller head circumference", "all of the above"], "probs": [[0.00855092607992423, 0.0013115205753380752, 0.0016838706734536187, 0.9884536825712841], [0.010824824048364538, 0.0024161176486090217, 0.9744890002932312, 0.012270057909795289], [0.006670631761946646, 0.0013136960911520712, 0.001911251191366749, 0.9901044208555345], [0.017001275003121284, 0.002301612872961994, 0.9283138529927942, 0.05238325903112247], [0.015865685681770717, 0.7646296452959697, 0.04887301384701048, 0.17063165507524916], [0.01943406981449923, 0.5680652143820838, 0.02202303662256197, 0.39047767908085496], [0.006643181921372664, 0.005174103959952388, 0.0021568158887668265, 0.9860258981299082], [0.013249276722825125, 0.04081945653076677, 0.9289105300926614, 0.0170207365537466], [0.007516344933356431, 0.00276537801705079, 0.005166024063127063, 0.9845522528864658], [0.019002756557651282, 0.005446366096315064, 0.7131302424050625, 0.26242063484097117], [0.022661013906323392, 0.45530167980728914, 0.35451937312565973, 0.16751793306072774], [0.027102744057845754, 0.2571864290731605, 0.016439342048121707, 0.699271484720872], [0.004564071555272867, 0.006641249660580966, 0.0031369237801308182, 0.9856577549040153], [0.007555221171502637, 0.05583665493393439, 0.8733239728394967, 0.06328415095506623], [0.004554801607361554, 0.005161704480611396, 0.006627269070042852, 0.9836562247419842], [0.007358059961004893, 0.012917609319649699, 0.9053886193010374, 0.07433571131830799], [0.007716700203937496, 0.5083097067470755, 0.2720462598514826, 0.21192733309750428], [0.00899838689618677, 0.4616231195771679, 0.1697955790661196, 0.3595829143605257], [0.7829694333394664, 0.014345209446819435, 0.004655849296503062, 0.19802950781721104], [0.7395107194406335, 0.015353004234015146, 0.004982936755595748, 0.2401533394697556], [0.7995480625836774, 0.024150493610676917, 0.018803569325560734, 0.15749787438008495], [0.5801798612574214, 0.01364899080390072, 0.007303386633968119, 0.39886776120470974], [0.7824930161646108, 0.005274553522358008, 0.014332025534346473, 0.1979004046786848], [0.6120102236373841, 0.006801358898516397, 0.009892224092832429, 0.3712961932712671]], "ideal": "D", "sampled": "D", "correct": true}}
{"type": "result", "data": {"idx": 7, "options": ["a secure lover", "an avoidant lover", "an anxious-ambivalent lover", "a passionate lover"], "probs": [[0.0023889826977156674, 0.03298029110184361, 0.9637514876348391, 0.0008792384656016624], [0.003438389032100002, 0.04188977307796806, 0.0012650579827096478, 0.9534067798072223], [0.0014973051607957682, 0.118952084265198, 0.8787974985463609, 0.000753111927645251], [0.00514629968004246, 0.4632829003795715, 0.006608235895279685, 0.5249625639451063], [0.004040629945453804, 0.0013120701369390164, 0.005879586848939921, 0.9887677129686673], [0.003399970620601198, 0.0008078299952642585, 0.8319629215893269, 0.16382927769480754], [0.01581077666964965, 0.0035287293514250713, 0.9782349571070306, 0.0024255367718946496], [0.01581238454108895, 0.00453089007861068, 0.0012981824584438189, 0.9783585428218565], [0.01083429996194275, 0.9753277304219296, 0.012276929806252591, 0.0015610397098751502], [0.010863336733921038, 0.9779292102209369, 0.008460465092890687, 0.002746987852251308], [0.017891512801343577, 0.003523631510560178, 0.0016644330702228292, 0.9769204225178734], [0.009652589294006622, 0.001677887953161954, 0.9846446953297731, 0.004024827323058409], [0.08443731265316384, 0.006933415469332521, 0.9078009935073093, 0.0008282782701943265], [0.3412149773122909, 0.01323264156862013, 0.008024988523278001, 0.6375273924958109], [0.017688486105559845, 0.9658227224628846, 0.013775806391544727, 0.0027129849400108308], [0.015691125975769483, 0.9708237778141194, 0.009517216251210991, 0.0039678798589000575], [0.5485041629732749, 0.011386587991992967, 0.012900058857829898, 0.4272091900769023], [0.06693809011164828, 0.007057413750604845, 0.9241047883624566, 0.001899707675290305], [0.003559485661625441, 0.0019055606648824635, 0.007535890898855965, 0.9869990626746361], [0.0021765644712417593, 0.0009075647318755969, 0.7748952691676622, 0.22202060152922043], [0.0025842855970691346, 0.18117678366104858, 0.0042609391274617565, 0.8119779915144205], [0.002660447265686781, 0.04715929924970149, 0.9471648930556131, 0.003015360328998629], [0.004766741112714333, 0.8016779104644519, 0.014682308188104445, 0.1788730401347293], [0.0014058577112780386, 0.22210233660122602, 0.7750856692943808, 0.0014061362931151544]], "ideal": "C", "sampled": "C", "correct": true}}
{"type": "result", "data": {"idx": 8, "options": ["Bruce likely participated in more female-typical play than Chuck.", "Bruce likely participated in more male-typical play than Chuck.", "Bruce and Chuck likely participated in more male-typical play than female-typical play.", "Bruce's father was more likely to have homosexual tendencies than Chuck's father."], "probs": [[0.6043383072072234, 0.36659241869134784, 0.0282669281113958, 0.0008023458900329433], [0.5759703460060684, 0.39590531196490325, 0.026939943166671268, 0.0011843987623570851], [0.6844812251436402, 0.11896611543529924, 0.19612318460453798, 0.00042947471652257516], [0.6801867775763918, 0.2502359854839616, 0.023275571938769068, 0.0463016649008775], [0.4515705800392899, 0.034833519090200646, 0.5117486486035551, 0.0018472521669543802], [0.5017466210238041, 0.034157106568226944, 0.34486149556489154, 0.11923477674307745], [0.9171935667071072, 0.0664493392227922, 0.015781995506418626, 0.000575098463682003], [0.9208514744686948, 0.06671588907234369, 0.011592528851127406, 0.0008401075078341982], [0.9014724842159876, 0.02402714333029354, 0.07400152118047752, 0.0004988511732413693], [0.9647653506238478, 0.020025820377293658, 0.007841600433019952, 0.0073672284658385725], [0.9259340667308344, 0.019222853506435243, 0.05224128758510246, 0.0026017920776278914], [0.9203238297757289, 0.010887406542252776, 0.016856586213545074, 0.05193217736847319], [0.09311361330290135, 0.535935564579938, 0.3683074899786494, 0.0026433320385112575], [0.19973698779216972, 0.697215106030881, 0.0832650174026178, 0.01978288867433147], [0.13008938204558565, 0.5146156931159507, 0.3536559605655161, 0.0016389641729476028], [0.17405234717227308, 0.7801206905157528, 0.04400973133234276, 0.0018172308796312825], [0.2572017850350033, 0.027118853615816355, 0.29147752465050875, 0.4242018365986716], [0.2600730585259398, 0.029189447991996752, 0.7070259851310966, 0.00371150825096677], [0.008763927332071894, 0.6963054773773856, 0.2902371683739989, 0.004693426816543681], [0.014783698559466067, 0.8072808021111635, 0.1589473531677398, 0.018988146061630632], [0.004832270756670543, 0.5585946673592153, 0.43500344778790284, 0.0015696139962113388], [0.00896582651729217, 0.9146221202520599, 0.06625023428037234, 0.010161818850275606], [0.011748579756294486, 0.2847048147329295, 0.6829179176692581, 0.020628687741517864], [0.011342954609471342, 0.39992391314225295, 0.5818503390071146, 0.006882793141161188]], "ideal": "A", "sampled": "B", "correct": false}}
{"type": "result", "data": {"idx": 9, "options": ["inherently evil", "God's afterthought and has become an aberration", "a gift from God", "primarily a biological function"], "probs": [[0.004037893504411107, 0.0020307051670976867, 0.9880554934587911, 0.005875907769700074], [0.00741585144840785, 0.0032917483803995744, 0.017791899727140292, 0.9715005003440522], [0.00653501170520029, 0.9699328387221284, 0.017764135912155993, 0.005768013560515301], [0.006815803161402801, 0.9503197074610095, 0.041751479382391786, 0.0011130098951959062], [0.006161841851027011, 0.07507604143077647, 0.003979201778972039, 0.9147829148392245], [0.0057280301328337, 0.029093871858316397, 0.9633177180317171, 0.0018603798771328053], [0.004586161412367597, 0.0014891364300415315, 0.9903524752204503, 0.003572226837140564], [0.013836179062219494, 0.0021225013075480996, 0.013837845198433719, 0.9702034743317987], [0.009554822038081577, 0.9746609371184869, 0.013902458420774066, 0.00188178232265747], [0.008399419180165653, 0.9708796269876163, 0.020149157950439617, 0.0005717957817784198], [0.023902553286889377, 0.07363172783357817, 0.005334165139313908, 0.8971315536402186], [0.00551390735248407, 0.00665216690116747, 0.9871326344009173, 0.0007012912454311592], [0.9871586130413594, 0.0031434107597060742, 0.002159953023111702, 0.00753802307582277], [0.9886775259802081, 0.004580455013448592, 0.004579073396375189, 0.00216294550996815], [0.9867875847125259, 0.004571743158954351, 0.0027722601331585657, 0.005868411895361137], [0.9863530027739033, 0.005867492542220674, 0.005176621142370196, 0.0026028834415058443], [0.9842203399654346, 0.010936228051889142, 0.0029432262327767646, 0.0019002056498995624], [0.9822843176393234, 0.0123683081193, 0.0033286052163197495, 0.0020187689250568503], [0.05305551902545904, 0.0024822576277787798, 0.0038438577934694525, 0.9406183654532927], [0.009653745798049533, 0.0040250958494716235, 0.984744786666988, 0.0015763715854908392], [0.1632986280278012, 0.003184750740345042, 0.004088469098825364, 0.8294281520330283], [0.006670907628550577, 0.0024544900051884813, 0.9900776683114628, 0.000796933954798153], [0.010841869065998593, 0.9760357960975568, 0.012286050526418414, 0.0008362842100262373], [0.010828176979271024, 0.9747917475554863, 0.013904100882299925, 0.0004759744829428018]], "ideal": "C", "sampled": "C", "correct": true}}
{"type": "result", "data": {"idx": 10, "options": ["birth", "about age 1", "between the ages of 3 and 6", "puberty"], "probs": [[0.004024610505807022, 0.00907125269026102, 0.9847491020548611, 0.002155034649070811], [0.01014085078484307, 0.012234645467146402, 0.005779030064741014, 0.9718454735832696], [0.013124878565864861, 0.7628562478064689, 0.21854654033735385, 0.005472333190312372], [0.010052993036196113, 0.8501369419599071, 0.13036459780197496, 0.009445467101921828], [0.006189479813537015, 0.0035279173510365737, 0.012310654568403762, 0.9779719481670226], [0.003800647078715797, 0.0035713852504331563, 0.9898462845357429, 0.0027816830351081495], [0.013744532225288621, 0.0165859927633908, 0.9635661906779598, 0.006103284233360828], [0.03209487064122457, 0.023485698448779384, 0.006321153310868232, 0.9380982774991278], [0.016415407912570974, 0.8963227114153787, 0.08336205252254715, 0.0038998280495032085], [0.018921356888615518, 0.9117474075766547, 0.06604253584611565, 0.0032886995886140485], [0.03645344516130189, 0.013413808987421042, 0.009813213967579339, 0.9403195317836978], [0.013954520025938017, 0.004824757506981858, 0.9782938817292217, 0.0029268406378584106], [0.7841152353541293, 0.10613521607543032, 0.10611568810565647, 0.0036338603647839583], [0.8536757353376516, 0.08998131019402938, 0.05126439466506545, 0.0050785597032535325], [0.6831337152392406, 0.09246580965038982, 0.22177560429025328, 0.0026248707201163143], [0.7697412736473183, 0.11805233918874852, 0.1041698207161163, 0.008036566347816925], [0.860579000619406, 0.09070750814983233, 0.045608295724153515, 0.003105195406608205], [0.7401092076025532, 0.10663215963677021, 0.13690207554631592, 0.01635655711436073], [0.00454456639336745, 0.005483223231073697, 0.00849168836153793, 0.9814805219140209], [0.002958353775963702, 0.004044779168179585, 0.9891964987043895, 0.0038003682514671936], [0.009403613284193271, 0.019911467682940297, 0.01134475101601006, 0.9593401679168564], [0.002767302543467554, 0.007523969996241888, 0.9851447046631, 0.004564022697190507], [0.008163579993511897, 0.9436109359465976, 0.04145678634229205, 0.006768697617598424], [0.007532119497689365, 0.8706181948671705, 0.11781733086884538, 0.004032354666294773]], "ideal": "C", "sampled": "C", "correct": true}}
{"type": "result", "data": {"idx": 11, "options": ["intimacy", "commitment", "decision", "passion"], "probs": [[0.02982179030743359, 0.8718125093331465, 0.04917114899305804, 0.049194551266361915], [0.025484420285383586, 0.45181625950712506, 0.01062413581366356, 0.5120751842938278], [0.024479151303219038, 0.04037614384945901, 0.8107682600667588, 0.12437644468056311], [0.04636967169877171, 0.01706381931853282, 0.0048876950186400965, 0.9316788138640554], [0.012994318000139166, 0.0011362797578217492, 0.9110701491541672, 0.07479925298787189], [0.03651278361055196, 0.0019362277260544679, 0.01954466607133199, 0.9420063224920616], [0.7105067967658023, 0.031226072457290373, 0.027550917116032674, 0.2307162135608746], [0.5419965880940406, 0.023819418177990284, 0.011974708884228065, 0.4222092847437411], [0.6757062941703194, 0.21941034921175132, 0.03364253253394362, 0.07124082398398568], [0.4075576723340541, 0.16991965724199035, 0.014846086721814518, 0.40767658360214104], [0.5045660334989391, 0.01345135510294939, 0.0365518383041513, 0.4454307729939601], [0.4754513025154676, 0.011187617947221196, 0.093623491486331, 0.4197375879509802], [0.013597537102462724, 0.01059535611925755, 0.9533767350655252, 0.022430371612754522], [0.03251253957943807, 0.013558184086004463, 0.003427115800051306, 0.9505021604345062], [0.028850379423529963, 0.8433966422822203, 0.11411531663860133, 0.01363766155564834], [0.05150615794303757, 0.6276238104123177, 0.02433149153323014, 0.2965385400114146], [0.03665843444378685, 0.005624623933068246, 0.01190194304469442, 0.9458149984784504], [0.030548088463703525, 0.0060194744158306125, 0.5415626535899228, 0.42186978343054304], [0.008945597540999774, 0.0035054994154579103, 0.9126187772390647, 0.07493012570447759], [0.019480004457150306, 0.022079677991423845, 0.019480650795063975, 0.9389596666563619], [0.01733733633756881, 0.6507923406385036, 0.060515630978656774, 0.2713546919452708], [0.012371904505503788, 0.7656580368779041, 0.15072304006708645, 0.07124701844950566], [0.014382693071240566, 0.08278859665191644, 0.012693116626674997, 0.890135593550168], [0.013096951044508568, 0.263135792759091, 0.4914991891749382, 0.23226806692146224]], "ideal": "B", "sampled": "B", "correct": true}}
{"type": "result", "data": {"idx": 12, "options": ["Orthodox Jews", "Fundamentalist Protestants", "Eastern Orthodox Christians", "all of the above"], "probs": [[0.0027427811896176537, 0.18063803711812068, 0.00700414883758382, 0.8096150327546778], [0.0024612657138830497, 0.26727091628675687, 0.72645441945401, 0.0038133984453500055], [0.0016696776091957078, 0.0007411794738103808, 0.13263798178681124, 0.8649511610301827], [0.008559711326453, 0.0024531090306756376, 0.05941769142167703, 0.9295694881211943], [0.002328592983900879, 0.10540263359619673, 0.8824635179841009, 0.009805255335801469], [0.005539741851591975, 0.05956076350211973, 0.0031567227343139545, 0.9317427718119743], [0.34736326717473565, 0.0012534383212001881, 0.0023406770191242367, 0.64904261738494], [0.7237311744145839, 0.003353105225501069, 0.2662488870594656, 0.006666833200449459], [0.16374359059293944, 0.0009741820707029472, 0.003617817186216109, 0.8316644100501415], [0.7202100392536991, 0.0024415744640894333, 0.26495354038690966, 0.012394845795301862], [0.6125113227731901, 0.37150689743520837, 0.008736902566639788, 0.007244877124961705], [0.7420669606742573, 0.24092532086106686, 0.006420442672407867, 0.010587275692268047], [0.001858227937126717, 0.0009949892100369051, 0.1476167778846293, 0.8495300048682071], [0.006039345566052674, 0.0030376636066502317, 0.09447355457482538, 0.8964494361524717], [0.0026055963005085126, 0.26578309888027285, 0.009094715034915126, 0.7225165896843035], [0.0022616913752043738, 0.4049201097150947, 0.589088051394135, 0.003730147415565966], [0.003781631587677209, 0.06703332064304875, 0.003781870239086875, 0.9254031774301872], [0.0018317020976444099, 0.04169038474062956, 0.948764991855257, 0.007712921206469011], [0.1031256870263712, 0.010215727915807058, 0.8636405128461903, 0.02301807211163152], [0.09482275035871444, 0.002690872646240347, 0.0026901697304655262, 0.8997962071645796], [0.19930659316059135, 0.7884416612454962, 0.007260252751309027, 0.004991492742603421], [0.19911842330910481, 0.7876745580849962, 0.004985444876747927, 0.008221573629151033], [0.10603983417756742, 0.0023436287259263324, 0.0036288277676224394, 0.8879877092288838], [0.05257070239482866, 0.0029673912844097984, 0.9319713361450322, 0.012490570075729294]], "ideal": "D", "sampled": "B", "correct": false}}
{"type": "result", "data": {"idx": 13, "options": ["legalism", "asceticism", "situationism", "hedonism"], "probs": [[0.0018024334840470943, 0.9939072557653797, 0.0035844104680936876, 0.0007059001824794406], [0.0016944275102575752, 0.9946223828132426, 0.003369698180179575, 0.000313491396320285], [0.0006258319939006667, 0.0004580101587238292, 0.9984859293162663, 0.0004302284311091811], [0.0015965141485638295, 0.00033485680627819267, 0.0004038247600229814, 0.997664804185135], [0.0002611168286246012, 0.0003150588861162688, 0.9992924834017839, 0.00013134078347522835], [0.0013240258992817423, 0.00023026815953058132, 0.00043004336579847947, 0.9980156624753892], [0.9966839719171439, 0.0016991200676319278, 0.0010300008752925046, 0.0005869070399316693], [0.9973158265298994, 0.0017001275015738739, 0.0007540506213233059, 0.00022999524720345848], [0.9968245581866247, 0.0014996622226982372, 0.0009677504968692292, 0.0007080289938078446], [0.9969439596721215, 0.0014998418449285024, 0.0008024068840620741, 0.0007537914988879575], [0.9973515039092137, 0.0013240435409767443, 0.0009682369188767118, 0.0003562155309328323], [0.9970801755469615, 0.0012436357822486579, 0.0009679867934573954, 0.0007082017773324354], [0.00037947250750524286, 0.0010316983158086038, 0.9981587587156269, 0.0004300703610592339], [0.0011679086222872574, 0.0009099218840238692, 0.00037932382193577713, 0.9975428455717531], [0.0016902187029391549, 0.9921407683642222, 0.005205876338484185, 0.0009631364943545156], [0.0017997248315155812, 0.992442640927403, 0.004595544531903318, 0.0011620896091781617], [0.0014981129121080523, 0.00026052486655599643, 0.0016979782124065727, 0.9965433839089294], [0.0005520732851191599, 0.0003349632313771856, 0.9980814125993129, 0.0010315507841907193], [0.00012331095395484243, 0.0008041326292770689, 0.9989764963423045, 9.60599744636119e-05], [0.0006659723629578759, 0.0006662610147502576, 0.0003796053085937314, 0.9982881612136981], [0.0009659787068641968, 0.9951505555755672, 0.00358879793439549, 0.00029466768317312395], [0.000852699072849146, 0.9953702532222215, 0.002975976637208688, 0.0008010709677206354], [0.0008030683710195213, 0.00029560993250383485, 0.0009102215040343829, 0.9979911000924423], [0.0003565871706819071, 0.0003566883064918364, 0.9984312563915703, 0.0008554680312559615]], "ideal": "B", "sampled": "B", "correct": true}}
{"type": "result", "data": {"idx": 14, "options": ["are homologous", "produce gametes", "produce sex hormones", "all of the above"], "probs": [[0.014026985448164072, 0.0007914890327556623, 0.0016755111268011134, 0.9835060142922791], [0.09323176525850299, 0.001416114468909575, 0.5365660327957223, 0.3687860873768651], [0.0258120402730455, 0.002896447326147844, 0.002556073357557853, 0.9687354389432488], [0.04109290169069781, 0.011775556742213695, 0.9353561830965796, 0.011775358370508832], [0.406782298987118, 0.11652991275938311, 0.015774931040360405, 0.4609128571131385], [0.49967309457239245, 0.1344812124063381, 0.0983978518329461, 0.2674478410883233], [0.004589967721713207, 0.0027841256344169085, 0.0013999861601276678, 0.9912259203837422], [0.008827987496099938, 0.0837665682290692, 0.48202418316093393, 0.42538126101389695], [0.009638031981766762, 0.0020204276945341836, 0.005159130372695739, 0.9831824098510032], [0.009916832212407136, 0.004987056602356226, 0.6952576912102211, 0.2898384198750156], [0.022898536713637424, 0.09057111514254088, 0.21727340156745123, 0.6692569464763705], [0.03208671089556752, 0.20923381729963478, 0.028317782603087722, 0.73036168910171], [0.02785852866523947, 0.04593283150366169, 0.003542226204504641, 0.9226664135265942], [0.020269461332767594, 0.10295034381095536, 0.8619486841228547, 0.01483151063342223], [0.017634103157074497, 0.0018588499020105351, 0.017634894781266622, 0.9628721520596484], [0.04093390928548691, 0.0055404326749019725, 0.3883861461704883, 0.5651395117691228], [0.07286718770601525, 0.05008533651830558, 0.7834732631591086, 0.09357421251657055], [0.12718216481361136, 0.2096732309961924, 0.017212377057907156, 0.6459322270322891], [0.03561013084369419, 0.7153253491494995, 0.01682263365388324, 0.23224188625292305], [0.033433531721822334, 0.8623460255574875, 0.07078285778287245, 0.03343758483781764], [0.03249500240062001, 0.010550461730232406, 0.5083542924893855, 0.4486002432797621], [0.0735165859524673, 0.015410840725067895, 0.015410908711616786, 0.895661664510848], [0.02012696086969926, 0.06199896242596164, 0.8558760156986162, 0.061998060905722935], [0.06835012124192426, 0.08776555404403709, 0.011158531794355268, 0.8327257928196834]], "ideal": "D", "sampled": "D", "correct": true}}
{"type": "result", "data": {"idx": 15, "options": ["the cortical activity of these two groups", "the overall brain weights of these two groups", "the cell structure in the hypothalamus of these two groups", "blood volume and metabolism of sugars in the brains of these two groups"], "probs": [[0.0018044042952342553, 0.001405541747864382, 0.9949853981045578, 0.001804655752343574], [0.004584985232376615, 0.00245457512101157, 0.0027812363081947803, 0.990179203238417], [0.006156631354082133, 0.9726881185568154, 0.01572177443418959, 0.005433475554912859], [0.004817294904349324, 0.9772493028541736, 0.013939533845524436, 0.003993868295952681], [0.005147397128139888, 0.012349206018541963, 0.0014750334713562858, 0.9810283632819619], [0.0023127489411449995, 0.0027901469915443807, 0.993204838683913, 0.0016922652833976017], [0.001920910046019105, 0.0008525665371639837, 0.9950495755718601, 0.00217694774495679], [0.005192578860375383, 0.002033819712619986, 0.0031497991259400978, 0.9896238022010645], [0.00649744118248343, 0.9643263008769491, 0.02267852561978582, 0.006497732220781599], [0.004992275013468064, 0.9513714276006819, 0.04179964943145238, 0.00183664785439765], [0.0058640064924312205, 0.0058646588839493564, 0.002026811877447592, 0.9862445226461718], [0.003578312326933518, 0.0031582315574543267, 0.9921719751940433, 0.0010914808215687747], [0.9845859065841622, 0.004560253613837449, 0.007517802743704479, 0.0033360369582958677], [0.9838669766407216, 0.002763877288122636, 0.010930243466299764, 0.002438902504855909], [0.9823832294042223, 0.006619798466414437, 0.005155277164218736, 0.00584169486514455], [0.9786573229348406, 0.006594656684214276, 0.013960393479157205, 0.0007876268017879219], [0.977121920432655, 0.012300747084622908, 0.003993396529722234, 0.0065839358529998695], [0.9664485550069705, 0.02575591604533205, 0.007379193397521408, 0.00041633545017604894], [0.005887534384748441, 0.0027815655068023034, 0.0010893457948007773, 0.9902415542136485], [0.002177475057841901, 0.0007070830446607426, 0.9954194002158977, 0.0016960415815996596], [0.0066680394664920825, 0.00203400753165357, 0.0015840651156050572, 0.9897138877862492], [0.003164532930048987, 0.0011643713020048777, 0.9942666615290331, 0.0014044341389130752], [0.009529788205877817, 0.9721024198396735, 0.013865999177190601, 0.004501792677258041], [0.010715563466849628, 0.9646171401817694, 0.022684986859198758, 0.001982309392182207]], "ideal": "C", "sampled": "C", "correct": true}}
{"type": "result", "data": {"idx": 16, "options": ["sociobiology", "psychoanalytic theory", "script theory", "social learning theory"], "probs": [[0.007495880553468869, 0.004013070350044605, 0.006616051739921162, 0.9818749972565654], [0.0019193038553814868, 0.0024648309620943047, 0.9942112914742902, 0.0014045736082339757], [0.007367314774316756, 0.02571693273985287, 0.0018633870635993222, 0.965052365322231], [0.0014860013717670406, 0.00754733405808282, 0.9883581676259398, 0.002608496844210393], [0.0027639219625240066, 0.9840392004273367, 0.009647286040116441, 0.0035495914700227776], [0.002436795902098039, 0.9830956779435003, 0.010921341060835027, 0.0035461849935666486], [0.007505290971315298, 0.003545986640852947, 0.005846005731827255, 0.9831027165560045], [0.0015932424485075344, 0.0014969506832791936, 0.9955035027550302, 0.0014063040131831008], [0.006508821066571038, 0.025745417569492828, 0.0016462142586217779, 0.9660995470053143], [0.0010908007334201953, 0.0066826703941424755, 0.9916424239244197, 0.0005841048480176493], [0.0031456645419281125, 0.988368700733719, 0.005877272866548477, 0.0026083617578044125], [0.0026062443963391557, 0.9877612103392053, 0.008545809003731935, 0.001086736160723621], [0.03711308957832522, 0.003453140309239503, 0.0020947461503979317, 0.9573390238620373], [0.004056996526161802, 0.0013173499156546524, 0.9927088872410995, 0.001916766217084075], [0.032896137464432186, 0.0039301736633755345, 0.0016386295272367208, 0.9615350592449555], [0.0031633804395873027, 0.002174625098438109, 0.9939103380823092, 0.0007516562796653665], [0.0040360316836878735, 0.9876368095408713, 0.0051830541602804064, 0.0031441045151604143], [0.004029583883216353, 0.9860459589518263, 0.008531327795245498, 0.001393129269711782], [0.9910358008109112, 0.004050617518935061, 0.0024567255924899723, 0.002456855977663702], [0.9898112452150926, 0.004584279393632789, 0.0031505844204351738, 0.0024538908708394308], [0.9881312894635726, 0.007545149000597633, 0.0021616978302103173, 0.002161863605619396], [0.9895295470295773, 0.006668151865418259, 0.002779602595638499, 0.0010226984093659876], [0.9859850391057557, 0.009667002927610947, 0.0019035568676973463, 0.0024444009989359116], [0.987773413498074, 0.00854658517447556, 0.0024486249190585688, 0.0012313763083918545]], "ideal": "D", "sampled": "D", "correct": true}}
