{"type": "result", "data": {"idx": 0, "options": ["It demonstrates the difference between the internal and the external aspect of a rule.", "It refutes the natural lawyer' view of the role of morality in law.", "It explains the nature of power-conferring rules.", "It illuminates the concept of a rule."], "probs": [[0.7524293281147355, 0.07931450120356474, 0.03745666923090047, 0.13079950135079926], [0.5038580847040915, 0.08757297612248656, 0.39236303794592614, 0.016205901127495703], [0.7624252849619851, 0.09105871363694597, 0.029558822243695927, 0.11695717905737292], [0.815284296504011, 0.09738103117972907, 0.06691736602640476, 0.020417306189855173], [0.7568335038985967, 0.1913634860739191, 0.025894623421687583, 0.025908386505796622], [0.7485443007826996, 0.1892747197240281, 0.04222512758855774, 0.019955851804714576], [0.02328083941074396, 0.7710184734243897, 0.07170782688740272, 0.13399286017746365], [0.02309881063184242, 0.67512175346083, 0.2813887716398291, 0.02039066416749835], [0.015100244188951877, 0.0635829969390665, 0.8776103657751113, 0.04370639299687028], [0.0118249922576638, 0.060060195473398637, 0.09900944524069637, 0.8291053669282412], [0.009902311414217815, 0.14552354702743342, 0.8373264011102557, 0.007247740348093079], [0.015330683616300312, 0.32782345384511413, 0.044360103794135734, 0.6124857586444499], [0.027908356303184136, 0.7198354822980585, 0.04601309970827545, 0.20624306159048186], [0.03591598984759887, 0.8175338853955453, 0.11062768633100628, 0.03592243832584956], [0.01916304234067767, 0.01691621358694142, 0.9233408586564834, 0.04057988531589744], [0.020059097673846896, 0.011433174098552042, 0.11543374901971108, 0.85307397910789], [0.012563807951821618, 0.041198480406261215, 0.9376011040019054, 0.008636607540011679], [0.02049700691976183, 0.09187152903165169, 0.015963956009107133, 0.8716675079394793], [0.04223876666355467, 0.8484346712205947, 0.04786157484642146, 0.06146498716942922], [0.05345694407424278, 0.8362675997851581, 0.06863901840178124, 0.041636437638817886], [0.03185361396279822, 0.028117123408913605, 0.9308990663980131, 0.00913019613027504], [0.17472289142882047, 0.01842389590357993, 0.02364616978656992, 0.7832070427810297], [0.03604519459268928, 0.02807602461941053, 0.9296134120334323, 0.006265368654467929], [0.1577808684283537, 0.02420356088331359, 0.016630299139888536, 0.8013852714484442]], "ideal": "D", "sampled": "A", "correct": false}}
{"type": "result", "data": {"idx": 1, "options": ["It is misinterpreted as a prediction.", "His concept of status is misrepresented.", "It is taken literally.", "His idea is considered inapplicable to Western legal systems."], "probs": [[0.16021637795995308, 0.7180700977702988, 0.11010619374872349, 0.011607330421024596], [0.1888441054740245, 0.7469107732691544, 0.04774314316787246, 0.016501977988948594], [0.14101660407304126, 0.043013643128328644, 0.8114347286077662, 0.004535024090863867], [0.27498377288681425, 0.04778728793860529, 0.017577160737375218, 0.6596517783372052], [0.040535191611308474, 0.02786458751349477, 0.9225530322749033, 0.0090471885002935], [0.23774205130339893, 0.07718744384401094, 0.03880480058221791, 0.6462657041703722], [0.014871164379285663, 0.9200998659949866, 0.05190364372713756, 0.01312532579859014], [0.011817938063647915, 0.9388629925804695, 0.03212293823625436, 0.017196131019628268], [0.01675737210411424, 0.217341900534918, 0.7584609336406484, 0.007439793620319354], [0.049449884501739955, 0.6024498477523297, 0.06349240384716563, 0.28460786379876474], [0.004828154792946826, 0.006200841309770865, 0.9793666694589653, 0.009604334338317023], [0.08098196976588821, 0.02799365738441481, 0.5280273442063325, 0.3629970285433645], [0.0068563744280043, 0.14659149419107295, 0.8435087162886472, 0.003043414992275486], [0.007160006076946098, 0.28601315561427104, 0.020716939080824757, 0.6861098991279581], [0.005135797522586398, 0.31775132395516387, 0.6725790026067504, 0.0045338758154993474], [0.0171143501561035, 0.8246665396449362, 0.05973061773981006, 0.09848849235915028], [0.0061529828300330896, 0.010146725770100373, 0.6680811560200162, 0.3156191352798504], [0.009698691578197662, 0.00856045522796997, 0.9293081569070339, 0.052432696186798404], [0.008748251001921507, 0.7398688378983511, 0.24014806292107832, 0.011234848078649025], [0.01225781826177698, 0.8594053535092807, 0.03775474755758199, 0.09058208057136025], [0.005040242220234921, 0.24286958767818878, 0.7479095977162559, 0.004180572285320376], [0.018194177745966295, 0.8235890347393257, 0.12628224035657729, 0.0319345470581308], [0.01758143550414614, 0.030861235772734422, 0.3317207452749495, 0.6198365833481699], [0.01768934962226181, 0.014668241551585734, 0.8522801040456539, 0.1153623046804985]], "ideal": "A", "sampled": "B", "correct": false}}
{"type": "result", "data": {"idx": 2, "options": ["Depression of the 1930", "The rise of Fascism", "The international recognition of human rights after World War II", "The Bolshevik Revolution"], "probs": [[0.017414049115148943, 0.006408191115145931, 0.9508337219843401, 0.025344037685365015], [0.0251956728385765, 0.006783629265202585, 0.02223857260293801, 0.9457821251932829], [0.020768735124409545, 0.8831832420646482, 0.02353405741880955, 0.07251396529213275], [0.033962821366656556, 0.8760641640622819, 0.055995224887262336, 0.03397778958379917], [0.02850295502117577, 0.019594597866108013, 0.007673354547087668, 0.9442290924656286], [0.022175826605095435, 0.01957409684369571, 0.9430014096086644, 0.015248666842544474], [0.00654399653236729, 0.006545048926767706, 0.9712096639829171, 0.015701290457947967], [0.008400574654577064, 0.010788640163947164, 0.009521160522334569, 0.9712896245591413], [0.011684487235291193, 0.9282644718178825, 0.04078205184207992, 0.019268989004746405], [0.014953936158004586, 0.9251923360484705, 0.04064759785814676, 0.019206129835378127], [0.008400555354984069, 0.010788507316398686, 0.00952122321356446, 0.9712897140150528], [0.008341670082094466, 0.0137549248347549, 0.9641466789705265, 0.013756726012624091], [0.942792606631168, 0.013449632736715223, 0.007198409270499652, 0.036559351261617044], [0.9535194347076128, 0.017465631430797608, 0.013601175786124815, 0.01541375797546474], [0.9767689144057778, 0.005808631799254765, 0.005125782783787257, 0.01229667091118012], [0.9783504663540316, 0.006592502856760662, 0.006592182947454377, 0.008464847741753425], [0.9672772982494809, 0.012177199248822103, 0.012176133815785934, 0.008369368585911021], [0.9778161834759522, 0.009586534995930126, 0.005131159230240118, 0.007466122197877516], [0.015544161001114547, 0.015547061139400934, 0.006899358202805041, 0.9620094195566795], [0.013572699401635064, 0.017430985360927274, 0.9515630610747168, 0.01743325406272092], [0.010797106046431885, 0.006153710767592204, 0.010799551699373642, 0.9722496313866023], [0.012133968891102267, 0.008341021765056246, 0.9639408506648894, 0.015584158578952062], [0.02004436965426386, 0.85241309960558, 0.10179164075617624, 0.02575088988397998], [0.016634231276690586, 0.9082422767021279, 0.03990063778749604, 0.035222854133685526]], "ideal": "C", "sampled": "C", "correct": true}}
{"type": "result", "data": {"idx": 3, "options": ["There is no distinction between the two forms of legal reasoning.", "Judges are appointed to interpret the law, not to make it.", "It is misleading to pigeon-hole judges in this way.", "Judicial reasoning is always formal."], "probs": [[0.16332901495441438, 0.3051707945684209, 0.5031042535234568, 0.028395936853707913], [0.33921315557036963, 0.2641892610055019, 0.09718021656064404, 0.2994173667634844], [0.10531911605589725, 0.6868359786018845, 0.1736445511091249, 0.03420035413309336], [0.11676636560138012, 0.5930640431765897, 0.24719992662580742, 0.04296966449622276], [0.2760551910728606, 0.16745198020828111, 0.2436103707846333, 0.31288245783422497], [0.06999542902432998, 0.054525679749884357, 0.852743488038982, 0.022735403086803635], [0.03226603642310747, 0.6481549737630994, 0.3061255530088211, 0.013453436704972028], [0.03351807568991223, 0.7629499973864098, 0.13256335158390858, 0.07096857523976938], [0.03186425144956903, 0.5648958531433098, 0.38818235028202225, 0.015057545025098895], [0.045340983525722, 0.7093499049637738, 0.17932374151943234, 0.06598536989107179], [0.04577505946177052, 0.058788404736587446, 0.6319209234914794, 0.26351561221016256], [0.027472256792651462, 0.02748111553271631, 0.9097561564204457, 0.035290471154186535], [0.2499119029082882, 0.5291095065246696, 0.19463158703198064, 0.02634700343506151], [0.2865737558901162, 0.47251112308239107, 0.1969562986053292, 0.04395882232216352], [0.08620596501172262, 0.08622966531016621, 0.8178856316786819, 0.0096787378994293], [0.4827639747830648, 0.20128076976198414, 0.17759237750139398, 0.13836287785355708], [0.3501938322230468, 0.16545160298017225, 0.4496663262580646, 0.03468823843871638], [0.5052498208337841, 0.18590902621268426, 0.16402747468623002, 0.1448136781673015], [0.024001949814494807, 0.4254813388844947, 0.2580404218875264, 0.2924762893134841], [0.022376754958483153, 0.25612774154796275, 0.6961295513244717, 0.025365952069082317], [0.025896671867425836, 0.04838905428921395, 0.7568004642027744, 0.1689138095405859], [0.023596108633351067, 0.03434205627240381, 0.8854374439374589, 0.05662439105678618], [0.030466381570877714, 0.6934959913599494, 0.2550936648556815, 0.020943962113491265], [0.034829121690862413, 0.7928088193807994, 0.10728125058997488, 0.06508080823836328]], "ideal": "C", "sampled": "C", "correct": true}}
{"type": "result", "data": {"idx": 4, "options": ["The POP will choose wealth over a compassionate society.", "The POP will choose equality over power.", "The POP will be unselfish.", "The POP will choose to protect the disabled."], "probs": [[0.023166392679463015, 0.5975137412943541, 0.36236734196584436, 0.0169525239603385], [0.02645880645926006, 0.6824120549373635, 0.1725231923418581, 0.11860594616151836], [0.01900396921492977, 0.33687193139454963, 0.629318731661876, 0.014805367628644513], [0.025989833467399425, 0.2794389248119537, 0.10279430888360436, 0.5917769327370425], [0.03304258995402496, 0.10834108673789337, 0.8006051509568936, 0.0580111722511881], [0.038096818927230415, 0.06281605338863187, 0.26447492736736544, 0.6346122002167722], [0.1760815342470413, 0.328940890794712, 0.4785910737350824, 0.016386501123164303], [0.22134706705602455, 0.28418481770571596, 0.32202357530389, 0.17244453983436947], [0.15949284731691482, 0.556666065758939, 0.23204563123562527, 0.05179545558852087], [0.1636294637054023, 0.5039815043312694, 0.3056711990848106, 0.026717832778517678], [0.2901107452437188, 0.15523280535331702, 0.32866302660821745, 0.2259934226947467], [0.20877074422510428, 0.20871245088051105, 0.567389567319761, 0.015127237474623613], [0.037104565169517933, 0.10086313772043665, 0.8444960259757465, 0.017536271034298962], [0.07173863928051881, 0.03840623839060052, 0.11828969149351784, 0.7715654307353629], [0.04176459664169314, 0.6533662384637153, 0.2723322885818195, 0.032536876212772035], [0.04897216480397706, 0.6761175594880845, 0.2486893608526855, 0.026220914755252955], [0.0874153566490855, 0.06807915612079558, 0.11224868474341929, 0.7322568023866997], [0.04283476024554491, 0.08002586989659684, 0.8603591469372691, 0.016780222820589094], [0.06725859942025592, 0.14237300196533734, 0.7230628455331347, 0.06730555298127203], [0.08017237335926054, 0.08017237335926054, 0.2469588999917684, 0.5926963531897105], [0.035351233007622426, 0.7100945974956621, 0.1584241598099058, 0.09613000958680967], [0.04599278471150899, 0.6349471877805789, 0.2998820278480507, 0.019177999559861394], [0.06327483623064141, 0.15178231760375666, 0.10433183052079117, 0.6806110155448107], [0.044075756737195354, 0.15383466704058102, 0.7812615007669755, 0.02082807535524804]], "ideal": "A", "sampled": "B", "correct": false}}
{"type": "result", "data": {"idx": 5, "options": ["Law and Economics", "Critical Legal Studies", "Historical", "Natural Law"], "probs": [[0.9970400306895157, 0.0009093775893849264, 0.0005514960158849312, 0.0014990956052144278], [0.997128246550867, 0.0010305466729202428, 0.0005181344759909161, 0.001323072200221893], [0.997166086906964, 0.000708306783043631, 0.0008025041815232879, 0.0013231020284690937], [0.9974982718336901, 0.0007085179080838387, 0.0006252001027049445, 0.001168010055521098], [0.9975812564222357, 0.00062534702819559, 0.0006252616957635868, 0.0011681347538050814], [0.9968744776949671, 0.0008023469234170817, 0.0006248091185927894, 0.0016983661630230152], [0.0035515957000891094, 0.9847371774336299, 0.005855415244270783, 0.005855811522010188], [0.0035540238664689056, 0.9854150592440605, 0.005859492452471466, 0.005171424336999186], [0.0009663582751022713, 0.0008529579303570125, 0.9953842613435282, 0.0027964223510125183], [0.0014981836739993886, 0.0009674793928183081, 0.0010298871379384263, 0.9965044496952439], [0.0009084128035029165, 0.0008535058657544742, 0.9960587107181339, 0.0021793705126087427], [0.0014980708901391688, 0.0010961732713973189, 0.0009674165188626386, 0.9964383392196009], [0.002153603335102186, 0.9844758864805716, 0.007516293580651659, 0.00585421650367451], [0.0024416142414973867, 0.9850109426547776, 0.008521740819527888, 0.004025702184197066], [0.001029001274309369, 0.0010954953901783585, 0.9956969679655814, 0.0021785352699308356], [0.001695719072318534, 0.0019217041600394207, 0.0010286960234713743, 0.9953538806441706], [0.0008023498777953258, 0.0010303563111921474, 0.996844274658351, 0.0013230190526615443], [0.0019209162253118054, 0.0013204241990190707, 0.0016954296322304007, 0.9950632298434388], [0.0027700546762382335, 0.9861905179827474, 0.005863933012240465, 0.005175494228773898], [0.0031352008347918254, 0.9850585959128161, 0.006637000011460722, 0.005169203140931319], [0.0010291203657325422, 0.0009669189563630876, 0.995825123110503, 0.0021788374674013957], [0.001919461788741202, 0.0027930236958014043, 0.0009653808789165605, 0.9943221335365409], [0.0009086522598255889, 0.0010961781924583927, 0.9962973567572767, 0.001697812690439262], [0.0019206277820419467, 0.0012402662559247203, 0.0019208772600769744, 0.9949182286019563]], "ideal": "A", "sampled": "A", "correct": true}}
{"type": "result", "data": {"idx": 6, "options": ["All commands include some sanction.", "The concept of a command contains the likelihood that a sanction will follow failure to obey the command.", "Without a sanction the mere expression of a wish is not a command.", "A command confers power to change one's legal status."], "probs": [[0.04358787737721154, 0.01707969713917513, 0.06342411442290029, 0.875908310960713], [0.031647287258644706, 0.02175452859428196, 0.9248409955958357, 0.021757188451237714], [0.05307024601283895, 0.017241903482682674, 0.0991551402447937, 0.8305327101596847], [0.04344846542746474, 0.028059800195464765, 0.8726857623411157, 0.05580597193595472], [0.08611360936495813, 0.5276176332899811, 0.28236749765433466, 0.10390125959072605], [0.1081150439835245, 0.48465247493151725, 0.1782673991064559, 0.22896508187850234], [0.042822515878656715, 0.025990895368827132, 0.07060461100662861, 0.8605819776458875], [0.06257169297671224, 0.08553914457854254, 0.8114790773034214, 0.04041008504132377], [0.07714587851603116, 0.03882184081697335, 0.2376458619559661, 0.6463864186110294], [0.031604025938506836, 0.027895958044247136, 0.9235767353887087, 0.016923280528537425], [0.027504535747794642, 0.8038798674643061, 0.1232620121095637, 0.04535358457833564], [0.03405058091850057, 0.7751280000479848, 0.13466830886533082, 0.05615311006818384], [0.06662034255088063, 0.024524210064127253, 0.09693527983823998, 0.8119201674467521], [0.08723583816609635, 0.04387352615156129, 0.8276705741054654, 0.041220061476876985], [0.09459666408463321, 0.05066722390543848, 0.3741512395777372, 0.4805848723321911], [0.0448815866130809, 0.03495973852390943, 0.901443121206404, 0.01871555355660568], [0.07513034119062315, 0.5910607399629352, 0.21741411929894566, 0.11639479944749606], [0.0865469950244004, 0.4981501547330305, 0.20763601726923409, 0.207666832873335], [0.41836952535544103, 0.13586951588420093, 0.32586168754028516, 0.11989927112007288], [0.5291958332457375, 0.1042437902530245, 0.17182573290330616, 0.19473464349793185], [0.3531051567153441, 0.11466413184826414, 0.45342198745575646, 0.07880872388063527], [0.45665857449622627, 0.16803938637248816, 0.2444381120891445, 0.13086392694214105], [0.4701489367566557, 0.13474955751890833, 0.2220970623838217, 0.17300444324061423], [0.35893656195374624, 0.13209108416498153, 0.31679032813762237, 0.19218202564364986]], "ideal": "D", "sampled": "D", "correct": true}}
{"type": "result", "data": {"idx": 7, "options": ["By denying its existence.", "By explaining the difference between the common law and civil law.", "By distinguishing certain features of the English legal system that facilitated the development of capitalism.", "By recognizing the importance of legitimate domination."], "probs": [[0.008865712341758841, 0.06551423020771997, 0.9043437376361309, 0.02127631971439029], [0.00708009918125469, 0.040746726679801115, 0.02471278829536839, 0.9274603857435758], [0.017409546072033252, 0.7403781912803723, 0.1135250613079029, 0.12868720123969157], [0.014152428138351806, 0.5654036179957419, 0.3885361808765215, 0.03190777288938482], [0.008564981702868991, 0.11108037921394803, 0.059452761457014044, 0.8209018775261689], [0.00871251604999409, 0.19830865263649317, 0.7842618476096654, 0.00871698360384734], [0.022444546860255342, 0.005675772360859332, 0.9543941096081093, 0.017485571070775942], [0.03609824655952479, 0.004590573859469305, 0.028115022904478863, 0.931196156576527], [0.03403343171198815, 0.8778629073180061, 0.0385652993955004, 0.04953836147450538], [0.03288442805439974, 0.8482172547189053, 0.10129019720609359, 0.017608119920601312], [0.05668295613145666, 0.05002890629037434, 0.006360521195835261, 0.8869276162823337], [0.0276067665010614, 0.051582894901905686, 0.9142491761215158, 0.006561162375517138], [0.5677764990068315, 0.04113402946949671, 0.046602014273952774, 0.344487457149719], [0.36848452958121014, 0.05651502725300562, 0.5361418167423148, 0.038858626323469536], [0.556006012220192, 0.07525211543860975, 0.031364325313991845, 0.3373775469272064], [0.5868777413497445, 0.14839255255494674, 0.24463739077396376, 0.020092315221345046], [0.5804039402914833, 0.3520409202193155, 0.0420425577387969, 0.02551258165040433], [0.4312429426849572, 0.2964036668669854, 0.26155038487785004, 0.010803005470207372], [0.08046238306600757, 0.005477367517174508, 0.048804000331517015, 0.8652562489853008], [0.036443111935176166, 0.011833083054280562, 0.939888238019116, 0.011835566891427198], [0.03837797559034939, 0.08125418722705524, 0.006669749284851307, 0.873698087797744], [0.030444448844589387, 0.0730409429231812, 0.8897172869347989, 0.006797321197430534], [0.056343632521471225, 0.8814394292549125, 0.03872302094840974, 0.023493917175206526], [0.06715276141652057, 0.8181592286167896, 0.09770403874213009, 0.016983971124559762]], "ideal": "C", "sampled": "C", "correct": true}}
{"type": "result", "data": {"idx": 8, "options": ["It is a sin for humans not to apply reason.", "The principles of natural law are discoverable by reason.", "Natural law does not apply without good reason.", "The law of nature is the basis of all positive law."], "probs": [[0.014400702987711097, 0.8909763727509756, 0.044357478028540946, 0.05026544613277232], [0.010716666990401524, 0.8513626275631818, 0.13055484633903133, 0.007365859007385275], [0.005750345292959544, 0.009481256433824121, 0.9670552805645422, 0.01771311760867418], [0.0056776556189228914, 0.010608279668818943, 0.028834495251190074, 0.9548795693610681], [0.003256506302158342, 0.03289050997155121, 0.9611529753942509, 0.0027000082320395224], [0.0054501464740457535, 0.06640013374806189, 0.011538353297910222, 0.9166113663799821], [0.8433906459596964, 0.0136337020207183, 0.013631998631604171, 0.12934365328798111], [0.8078395834263468, 0.027645210003401685, 0.1590715700041536, 0.005443636466097964], [0.8811689762085926, 0.02072547224427864, 0.01613917228651435, 0.08196637916061446], [0.8159970644550506, 0.021748112797765555, 0.16067934359409222, 0.0015754790530916332], [0.5536054602958275, 0.4311741471744572, 0.011489579000440404, 0.003730813429274883], [0.5550081609156604, 0.4322559441473672, 0.010165253432995054, 0.0025706414039773557], [0.007324056815097622, 0.004442694666840861, 0.9592644723174123, 0.028968776100649213], [0.00736874695204559, 0.004758417481792513, 0.022698543371635998, 0.9651742920945259], [0.018052490930665615, 0.8698620442323951, 0.04907236384870653, 0.06301310088823274], [0.012502527841057313, 0.8765279682464855, 0.10468237885040169, 0.00628712496205552], [0.006882403948638498, 0.08385030323129454, 0.007799259292538832, 0.9014680334275281], [0.0029147987341884523, 0.020233493682568954, 0.9748481697213965, 0.002003537761845995], [0.017801223227329802, 0.005779626143522125, 0.9719179395673091, 0.004501210961838991], [0.0941858205676693, 0.005314506946200374, 0.006823271969838942, 0.8936764004162914], [0.040050788744779256, 0.9116008313005596, 0.035344837803135506, 0.013003542051525662], [0.04042563093817018, 0.920129723254785, 0.031483806550727036, 0.007960839156317788], [0.13066233516226552, 0.010727076352796265, 0.006505735319122405, 0.8521048530658158], [0.0157698242114962, 0.006574309358416082, 0.9756507169747207, 0.0020051493553670066]], "ideal": "B", "sampled": "B", "correct": true}}
{"type": "result", "data": {"idx": 9, "options": ["Women can achieve equality through political pressure.", "Equality is impossible because men define women as different.", "The idea of 'woman' needs to be redefined.", "The world is phallocentric and oppressive."], "probs": [[0.8929893492732197, 0.09412081547480447, 0.008754341632065727, 0.00413549351991005], [0.9182886122116253, 0.0665214569109486, 0.009002409760624473, 0.006187521016801632], [0.8978199740501847, 0.08351067250571738, 0.014511480574629592, 0.004157872769468334], [0.918184804681174, 0.05869861640029352, 0.011557977881808448, 0.011558600936723954], [0.9468632161501807, 0.03240113307037508, 0.013506091713672822, 0.007229558965771471], [0.9412001414285505, 0.03649595627587855, 0.011847778096437134, 0.010456124099133855], [0.009452884489500607, 0.9642503673694853, 0.015584797333206304, 0.010711950707807713], [0.009456855164722429, 0.9646403707700402, 0.013759290682793586, 0.012143483282443837], [0.005601097690844441, 0.04689741390960567, 0.9418998723277056, 0.005601615971844371], [0.009501602296198643, 0.013825745955596972, 0.007400297400540262, 0.9692723542476641], [0.0039868748990286645, 0.013915672333141853, 0.9755239090509377, 0.006573543616891861], [0.007448729002031569, 0.008441302782995786, 0.00844089858900522, 0.9756690695259674], [0.015263058123080842, 0.9443347398357764, 0.028514368354226494, 0.011887833586916205], [0.013572808277891745, 0.951570207428564, 0.017427360539850396, 0.017429623653693837], [0.005666885368729386, 0.036952732974595025, 0.9529665445770723, 0.00441383697960328], [0.010742636765715944, 0.013795068293695938, 0.008366802788140237, 0.9670954920524478], [0.005779681565229748, 0.013865358738741331, 0.9719448413115861, 0.008410118284442854], [0.009533471000725165, 0.008414285811791945, 0.009533902203057892, 0.972518340884425], [0.01203503388856391, 0.9560871897443055, 0.019841991732557598, 0.012035784534572958], [0.009397942312872734, 0.95863908298514, 0.01989472218992338, 0.012068252412063864], [0.0031045033833003075, 0.01576580725314315, 0.9753294357993798, 0.005800253464176755], [0.008402593073042572, 0.009522405044126239, 0.010789521506543732, 0.9712854802762875], [0.005697683094983409, 0.025535597114712247, 0.9581212023003883, 0.010645517389915997], [0.008422829184225244, 0.008423919762836097, 0.009544629449518734, 0.97360862150342]], "ideal": "A", "sampled": "A", "correct": true}}
{"type": "result", "data": {"idx": 10, "options": ["John Rawls", "Stammler", "Jerome Hall", "John Finns"], "probs": [[0.03742287913250419, 0.6633659949471539, 0.2765088276099013, 0.022702298210440605], [0.039031753721217484, 0.7839568560547652, 0.1202147558131272, 0.05679663431089012], [0.024277798693372307, 0.10220718325654277, 0.8557517479859329, 0.017763269964152076], [0.041427166808991195, 0.16385318947633168, 0.06027821675376626, 0.7344414268609109], [0.021162570319090867, 0.03953597495408003, 0.8997635984012431, 0.039537856225585956], [0.03465925309755773, 0.03927759577045784, 0.1370857569048638, 0.7889773941271206], [0.40083556996234737, 0.21453153993391677, 0.35372429408386324, 0.030908595919872568], [0.5666572451024834, 0.20845413205923272, 0.12642186878847475, 0.09846675394980908], [0.38891788154176254, 0.38888334065114805, 0.18369069146194889, 0.038508086245140495], [0.44638410206145596, 0.446332514241408, 0.07286326586471532, 0.03442011773242072], [0.44306471939424635, 0.20927037296586648, 0.18467563388885055, 0.16298927365103658], [0.4771516602860387, 0.1988969437620191, 0.28938707598613483, 0.03456431986580734], [0.04935575782153854, 0.06337249716541318, 0.8747912220814512, 0.012480522831597111], [0.12790120218463655, 0.07757829475722113, 0.144923246410447, 0.6495972565476953], [0.05787189713870197, 0.7050374648600299, 0.20198574599738106, 0.035104891903886964], [0.05832791324708163, 0.8051559838132504, 0.10896324310246919, 0.027552859737198798], [0.11080866968411268, 0.05572219895966284, 0.11081121778265758, 0.7226579134735669], [0.04972564185688153, 0.056343303594330964, 0.8813575735160867, 0.012573480932700819], [0.030780786987917565, 0.03487920004921897, 0.8994608128136445, 0.03487920004921897], [0.03843344146025645, 0.038436548352179876, 0.32181168661406057, 0.6013183234735031], [0.035758453682988314, 0.7182122334452699, 0.1602429270538832, 0.0857863857178586], [0.03438843497113034, 0.6906752156870393, 0.25407788770156325, 0.020858461540267187], [0.04553126882539375, 0.07991365937936314, 0.11626818151117332, 0.7582868901840698], [0.025616547972952684, 0.05772349809256514, 0.9029474568665984, 0.013712496967883799]], "ideal": "B", "sampled": "B", "correct": true}}
{"type": "result", "data": {"idx": 11, "options": ["Historical", "Analytical", "Command", "Sociological"], "probs": [[0.009600121933757089, 0.002584343419699123, 0.008472972907694512, 0.9793425616388493], [0.006790089677272328, 0.004968935004893327, 0.9466378992975735, 0.041603075920260885], [0.012206529584221693, 0.012207817603375845, 0.005766856633920943, 0.9698187960784815], [0.003518883628783552, 0.005120435764876628, 0.9755886264258639, 0.015772054080475953], [0.004888825798956349, 0.9316625712984447, 0.04638158664482883, 0.017067016157770114], [0.003347604848296734, 0.9282164199295513, 0.05933391444522642, 0.00910206067692557], [0.003935404348720339, 0.025662798051105773, 0.007352866656229109, 0.9630489308439447], [0.0043703471811072205, 0.010485328668142318, 0.9436703619028416, 0.04147396214790887], [0.0044555364967561305, 0.022628266322347657, 0.010688834752362689, 0.9622273623285335], [0.002931442906254058, 0.005830482307681666, 0.980344547776048, 0.010893526910016287], [0.0056048047524023805, 0.9426087389381071, 0.03654685481681958, 0.015239601392670912], [0.003404491026241981, 0.9439852586640539, 0.04699513938193212, 0.005615110827771927], [0.007259198234688945, 0.03686570495957625, 0.004989889146862863, 0.950885207558872], [0.004748163358268431, 0.00649115500612539, 0.9630868595392935, 0.02567382199631267], [0.013776637414634835, 0.009469708582059333, 0.01073058606549747, 0.9660230678378083], [0.0057085621006428494, 0.005363569026320173, 0.9599318320102296, 0.02899603676280735], [0.006210673622988725, 0.9217457113670943, 0.04049654388582903, 0.031547071024087936], [0.006187380110482639, 0.9182886903702185, 0.05869969623101142, 0.016824233188287404], [0.7828357408472084, 0.01729670208679236, 0.025163090463297892, 0.17470446650270127], [0.8523294789191257, 0.024179949797541636, 0.061737354448193275, 0.061753216735139366], [0.7563275306679083, 0.014747733424688816, 0.03765272528404107, 0.19127201052336185], [0.7933332293680716, 0.025502946130232754, 0.10735695023000691, 0.07380687417168873], [0.8130793752396491, 0.09710465587683507, 0.023064166820667226, 0.06675180196284859], [0.7926151386348429, 0.13772743885469138, 0.03482295563112194, 0.034834466779343744]], "ideal": "D", "sampled": "D", "correct": true}}
{"type": "result", "data": {"idx": 12, "options": ["Conflict.", "Love.", "War.", "Reciprocity."], "probs": [[0.019855097609180153, 0.01986079544088477, 0.0030470691722732485, 0.9572370376776618], [0.01560690726234687, 0.013775284678929701, 0.9655478677257555, 0.0050699402329679585], [0.02859236171887867, 0.0135108403396131, 0.010522734833675305, 0.9473740630078329], [0.013882036714260377, 0.008421336905667823, 0.9731873492786939, 0.004509277001377963], [0.019540071376284093, 0.9415681308596312, 0.028429912241518394, 0.010461885422566302], [0.015399280110226121, 0.9527908033166321, 0.025388512935198636, 0.006421403537943059], [0.032191150142036634, 0.022130981260665733, 0.004359170362898042, 0.9413186981343996], [0.019914171243164983, 0.015511538715798318, 0.9595357126841615, 0.005038577256875239], [0.051844892128626203, 0.01907858151055156, 0.009594165209776179, 0.9194823610510461], [0.02539093026392049, 0.013593619642866562, 0.9527657056146273, 0.008249744378585645], [0.024469093300210645, 0.9182564221896301, 0.04571287882728427, 0.011561605582874944], [0.02415528803243751, 0.9064881463005586, 0.05794350586462592, 0.0114130597023779], [0.03607961504851416, 0.02189017627447655, 0.011008585709836977, 0.9310216228671723], [0.01991412386227004, 0.01551135885543445, 0.9595358227793104, 0.005038694402985148], [0.03183536012845154, 0.028103313835668144, 0.00912506363682776, 0.9309362622990526], [0.0176163550188204, 0.015548173587365419, 0.9617846782252651, 0.005050793068549038], [0.021907072777338037, 0.9316231720252605, 0.03611773668383478, 0.010352018413566704], [0.027635521711177034, 0.9152762753205763, 0.04556383421230564, 0.011524368655940972], [0.9148601616794849, 0.05162334588335672, 0.01675515976525674, 0.01676133257190155], [0.9361432793007599, 0.036305574260021255, 0.010398936729650688, 0.017152209609568158], [0.9085086934784644, 0.05126260010144387, 0.018853712929032228, 0.021374993391059468], [0.8901537869742826, 0.06448529696446928, 0.01847244595947481, 0.02688847000177336], [0.9086220005967817, 0.05809141911325906, 0.01663953872750969, 0.01664704146244954], [0.877324545107333, 0.07201847883263045, 0.020628766240663163, 0.030028209719373394]], "ideal": "D", "sampled": "D", "correct": true}}
{"type": "result", "data": {"idx": 13, "options": ["That there is no distinction between law and morality.", "That there is a distinction between right and wrong.", "That facts about the world or human nature cannot normally ordain what ought to be", "That human rights are fundamentally unsound."], "probs": [[0.02173805856643317, 0.052151066040687255, 0.924325770534235, 0.0017851047586445762], [0.24465600505784352, 0.31417070996899743, 0.037521521509968264, 0.4036517633631908], [0.06688329574356132, 0.8148540539015263, 0.1102726857694213, 0.007989964485491016], [0.07046626061268897, 0.8585211090076543, 0.03328745228506534, 0.03772517799459136], [0.04042846742972288, 0.010225757109870977, 0.7166292726739458, 0.2327165026864603], [0.04495104636292161, 0.021236480387824264, 0.9029091470557853, 0.030903326093468853], [0.024957853228556832, 0.036317370967343526, 0.9365430873813919, 0.00218168832270767], [0.3653989501937708, 0.11863888274881887, 0.0464513943754511, 0.4695107725819592], [0.03966914587372255, 0.9029163344114395, 0.05093726640974005, 0.006477253205097951], [0.05066151152543185, 0.8980671729066428, 0.03482054533155541, 0.016450770136369888], [0.2962351209277612, 0.035395958317166555, 0.17967567247610874, 0.4886932481789635], [0.03604433997371549, 0.019296778172746668, 0.929628094989429, 0.015030786764108808], [0.779373096656728, 0.0639774688851755, 0.1534639540317589, 0.0031854803263375656], [0.7875543118590191, 0.057053777464678004, 0.03460115514943958, 0.12079075542686331], [0.8039756784144934, 0.15831651832381924, 0.03117285766255174, 0.006534945499135626], [0.8099116606767474, 0.1594874247796842, 0.019047053351518052, 0.011553861092050376], [0.702811256788677, 0.024053399054984433, 0.04492862995105138, 0.22820671410528723], [0.7593626197321116, 0.03781048938332712, 0.1919941556267698, 0.010832735157791503], [0.01411049057319851, 0.055817625995227715, 0.6798728057071722, 0.2501990776244015], [0.013677781167572503, 0.21397833120923748, 0.7467815214540534, 0.02556236606913664], [0.019998683294102447, 0.5490737134679685, 0.22886476643088077, 0.20206283670704822], [0.011198033136413599, 0.288811130023666, 0.6927577559698654, 0.007233080770054971], [0.027394860980155412, 0.7065722941645722, 0.15764848886343893, 0.10838435589183337], [0.02874575580672184, 0.741409975509898, 0.21240401569097522, 0.017440252892404976]], "ideal": "C", "sampled": "C", "correct": true}}
{"type": "result", "data": {"idx": 14, "options": ["Individual stories are suspect.", "The law is static.", "Universal values are meaningless.", "Literature reproduces repression."], "probs": [[0.01224680231859199, 0.00742894206970065, 0.9728950014489712, 0.007429254062736092], [0.022817425584841143, 0.002405447006881791, 0.004493393598983706, 0.9702837337092933], [0.0394184375374083, 0.897291503132538, 0.044667367969225574, 0.018622691260828057], [0.038716651711745875, 0.8813083816256565, 0.06383296882374566, 0.016141997738851936], [0.032729456910979754, 0.005020073543914769, 0.005687994398199751, 0.9565624750469057], [0.013727645258541636, 0.015556848335183397, 0.962387844937363, 0.00832766136891202], [0.003261529080501002, 0.029070930219614963, 0.9626149444695417, 0.005052596130342374], [0.0050884330054966525, 0.01776259711914663, 0.007404018437747293, 0.9697449513376094], [0.00983755943251891, 0.8856792457314023, 0.09333452590118424, 0.011148668834894513], [0.008871349381261696, 0.9049882761463556, 0.03508644129143656, 0.05105393308094622], [0.0045182904096587395, 0.0018839423180322921, 0.017870787089721705, 0.9757269800825873], [0.004345564983169764, 0.004346078607555501, 0.9383655527769215, 0.052942803532353234], [0.7445388262221451, 0.21337258316834895, 0.03271396754182705, 0.009374622967678898], [0.7388611517725505, 0.2117412411776924, 0.04168544383323694, 0.00771216311652015], [0.8551862030610149, 0.03317005619989961, 0.10214145264844031, 0.009502287990645144], [0.6693078594368695, 0.013897557159064048, 0.0377589969865892, 0.27903558631747716], [0.6796392455943907, 0.06323428878426428, 0.25003208450174, 0.0070943810196050176], [0.7831236819396749, 0.039002360164794754, 0.023648796965687103, 0.15422516082984328], [0.006874951965190055, 0.08376635001714375, 0.008828365533090708, 0.9005303323845755], [0.004997848115806249, 0.03693115746957408, 0.9524065348301127, 0.005664459484506964], [0.007362792031088007, 0.0025451410672807607, 0.025699495440915175, 0.9643925713607161], [0.006444234133269299, 0.004429657293860446, 0.9563968976378867, 0.03272921083498359], [0.0176709698981629, 0.8515041223838391, 0.11522889548496495, 0.015596012133033028], [0.016633703807308754, 0.9082478609295059, 0.035213651945239025, 0.03990478321794625]], "ideal": "C", "sampled": "C", "correct": true}}
{"type": "result", "data": {"idx": 15, "options": ["Law as medium' describes law as a body of formal, general rules that control the state and the economy; 'law as institution' inhabits the 'lifeworld' and expresses its shared values and norms in institutional form.", "Law as medium' consists of the manner in which law is presented by the media; 'law as institution' describes the courts.", "Law as medium' concerns the manner in which the law expresses its rules in simplified terms; 'law as institution' refers to the formal declaration of laws by legislative bodies.", "Law as medium' is defined as the intermediate stage of legal development; 'law as institution' is the advanced stage."], "probs": [[0.96926848406067, 0.013827412312375139, 0.00950316951493974, 0.007400934012015128], [0.9650963729803991, 0.010722556087850643, 0.006503656101524603, 0.017677414730225674], [0.9685665322962853, 0.015657277703315414, 0.008380584378910455, 0.007395605521488819], [0.9713093086632462, 0.013857051793297165, 0.0074169827031796065, 0.007416656740277005], [0.9580889262065266, 0.012062030379127368, 0.007315990896947047, 0.02253305241739895], [0.9654606435903945, 0.015607484382208818, 0.009466060295260162, 0.00946581163213647], [0.008994904731213857, 0.9175203238682978, 0.05865329754702173, 0.014831473753466527], [0.010054927182932544, 0.9051123977055476, 0.045062277303501076, 0.03977039770801877], [0.005832433745904869, 0.005832970187626359, 0.980845361963742, 0.007489234002726811], [0.006584216561645352, 0.009580627101760426, 0.006584662199541462, 0.9772504940370528], [0.003993316174870498, 0.0031102281741391905, 0.9771023009503154, 0.015794154600674983], [0.0074403538309985905, 0.008431839327848883, 0.009554124882700226, 0.9745736818584523], [0.02110820973085775, 0.8975928274420563, 0.05737754233278648, 0.02392142039429945], [0.023776187161799352, 0.8922403551356635, 0.057036106075820915, 0.02694735152671622], [0.006615901932541285, 0.0040132078023506455, 0.9818735272581552, 0.0074973629069528215], [0.007476321282409445, 0.006598925040514137, 0.0065985222434830244, 0.9793262313335934], [0.007445527898382229, 0.005117816342416255, 0.9751599654934897, 0.012276690165711843], [0.010808890055032546, 0.00953988384937139, 0.006556556742631548, 0.9730946692529645], [0.011363523354969414, 0.9027057507759167, 0.050927170849068254, 0.035003554920045615], [0.012737583415194084, 0.8929626974053398, 0.0732972922598188, 0.021002426819647278], [0.003994797557536918, 0.0027457878969183495, 0.9774593063587652, 0.015800108086779528], [0.008411951244731904, 0.00841293472135686, 0.0108019400730832, 0.972373173860828], [0.006584769242564828, 0.006585570179937892, 0.977248201283084, 0.009581459194413333], [0.0074600574185758545, 0.009579914215100247, 0.005810344810602656, 0.9771496834557213]], "ideal": "A", "sampled": "A", "correct": true}}
