{"type": "result", "data": {"idx": 0, "options": ["Bargaining", "Satisficing", "Accepting", "Compromising"], "probs": [[0.0029638362799808637, 0.9312315965654919, 0.006274455612742621, 0.05953011144178464], [0.0023869953564865996, 0.9630224697052775, 0.03294988346449064, 0.0016406513737452662], [0.0006949763564852606, 0.0004487918299400164, 0.9785466700364829, 0.020309561677091803], [0.0008496963449383445, 0.0005487577104659752, 0.006683566157947047, 0.9919179796866486], [0.0005181082385386757, 0.0016989374123640697, 0.9971176642602687, 0.0006652899888285094], [0.001025230272152441, 0.005900240750883508, 0.0008500697619602337, 0.9922244591150038], [0.9085024611274295, 0.0037137179235263527, 0.003276988636890532, 0.08450683221215365], [0.9748809522329899, 0.0057976966529879196, 0.01785556665404235, 0.0014657843599798057], [0.917308913445883, 0.0025772784279519145, 0.00481389301069107, 0.07529991501547406], [0.8117650899059489, 0.00482795511897446, 0.1811266458366419, 0.002280309038434793], [0.9659445599750756, 0.029170093206039138, 0.003947648570139061, 0.0009376981487462747], [0.9779960562779647, 0.017913512205645365, 0.002424255173524669, 0.0016661762428652578], [0.0006212698605062164, 0.0005836979180532385, 0.9912267000256317, 0.007568332095808826], [0.0009618039526696835, 0.0006211418315483939, 0.00756534892266019, 0.9908517051931217], [0.0027082646805205316, 0.9642348481598453, 0.007361773082509317, 0.025695113977124876], [0.0016262499205125542, 0.9545916624655145, 0.04193926364407074, 0.0018428238699022231], [0.0010889513486286014, 0.007559284453554886, 0.0013136225553944587, 0.9900381415424221], [0.0004571419334911686, 0.0016985649876556158, 0.9969351477427869, 0.0009091452360662529], [0.000802895161138809, 0.0006656937205464074, 0.9976767056300195, 0.0008547053882952856], [0.0021777929236493055, 0.0010289289480258017, 0.0011658934424310903, 0.9956273845858938], [0.004572592159943069, 0.9874722439887277, 0.0051815969613105035, 0.0027735667900187977], [0.0031497600023243175, 0.9896559861751574, 0.004044417817403021, 0.0031498359051152724], [0.0021774442333189715, 0.0008528796727721428, 0.0014967455132756003, 0.9954729304806332], [0.0006654895071401418, 0.00035625258820800644, 0.9974785440846325, 0.0014997137200193375]], "ideal": "B", "sampled": "B", "correct": true}}
{"type": "result", "data": {"idx": 1, "options": ["Framing bias", "Hindsight bias", "Over-confidence bias", "Heuristics"], "probs": [[0.0035877799730625604, 0.0007066813253266094, 0.0008006854732030644, 0.9949048531284077], [0.0009100982397921411, 0.0006256402984790743, 0.9979770633052512, 0.00048719805647765127], [0.0035866076681387157, 0.0009070964659550391, 0.0009069817386655206, 0.9945993140272408], [0.0011678885070820094, 0.0009097453594075143, 0.9973706092158984, 0.0005517568176120608], [0.002162770621419114, 0.988724658292033, 0.006661701079054868, 0.0024508699074930105], [0.0024491824422110233, 0.9880993231627109, 0.0075439218229353885, 0.0019075724721427008], [0.0027961104767661865, 0.0008013181455457358, 0.0008012340936899997, 0.9956013371839981], [0.0006257381035478313, 0.0007091596915106818, 0.9983504193898051, 0.0003146827151364014], [0.0027958021096320665, 0.0008012327349493092, 0.0009077958247794909, 0.9954951692306391], [0.0011674414037880876, 0.0010304340837586686, 0.9969996708612634, 0.0008024535511898071], [0.001903913325967469, 0.9862698882783444, 0.00966863482818011, 0.0021575634675080678], [0.002441853191621396, 0.9851334062217982, 0.009657557674593129, 0.0027671828119872313], [0.0024690832060691448, 0.0007075596697254749, 0.0006243808088362139, 0.9961989762153691], [0.0009101603412501386, 0.0006256895961635866, 0.998034157847749, 0.00042999211483728576], [0.0031677906984956127, 0.0006239590332347664, 0.0008010666610373678, 0.9954071835072322], [0.001322834269766687, 0.0008024896857138725, 0.9969653954586736, 0.0009092804858458788], [0.0031399021709354403, 0.9865567188208859, 0.007532233448741771, 0.0027711454594368584], [0.00313743292469828, 0.9857808344350859, 0.007526309679036276, 0.0035554228611794844], [0.9945205039833246, 0.0024655192315480136, 0.0016943425890648032, 0.001319634096062585], [0.9946747393432757, 0.0024659016563906527, 0.001694605331620413, 0.0011647535687132505], [0.9950864524937936, 0.001921267757545674, 0.001496102746054045, 0.001496176902606729], [0.9928667945817865, 0.0027892189204900453, 0.0021719637457876346, 0.0021720226519357823], [0.9941940565867726, 0.0027929636632148683, 0.0016937847837868237, 0.0013191948662257189], [0.9934260643667504, 0.003162365299511291, 0.0019178374966435383, 0.001493732737094803]], "ideal": "D", "sampled": "D", "correct": true}}
{"type": "result", "data": {"idx": 2, "options": ["The way things are.", "The way things are going to be.", "The way things should be.", "The way things were."], "probs": [[0.0010308127471933737, 0.0010311473247933522, 0.9975342304508303, 0.0004038093771829763], [0.004056234874316839, 0.0013176328600983016, 0.0019165476694387963, 0.9927095844961461], [0.003578597671354137, 0.9923269824612406, 0.0035787301520073048, 0.0005156896153979549], [0.0031537774292369593, 0.9909852682744396, 0.00519973222722151, 0.000661221969101937], [0.003582183645489065, 0.001238721355197775, 0.0018016086669170493, 0.9933774862323961], [0.0018055151084608327, 0.0021784086271432078, 0.9955594338432338, 0.00045664232116225017], [0.0018043732722430486, 0.0027954286257788788, 0.9949437583104734, 0.00045643969150460276], [0.005188205510821925, 0.003148204321764197, 0.002777606838407819, 0.988885983229006], [0.005120880011113118, 0.9759324270418167, 0.01787305264941973, 0.0010736401976504041], [0.0058368293126539765, 0.9816873469159759, 0.01090463201684648, 0.0015711916545235855], [0.005185535612320159, 0.0019086660321928418, 0.0045767220780119815, 0.988329076177475], [0.0018050243190706014, 0.0018054941713348824, 0.995294445887786, 0.0010950355218084166], [0.9876469072337336, 0.01097410231870472, 0.0010864854225914925, 0.00029250492497019334], [0.9860992194496855, 0.012415133868516417, 0.001154745388894896, 0.00033090119290320224], [0.9679454530838586, 0.005757550688600931, 0.025793915523323545, 0.0005030806042168964], [0.9841652899091744, 0.005166014080791253, 0.00215304661615473, 0.008515649293879622], [0.9864148433664542, 0.004569250405457516, 0.008534340648299166, 0.00048156547978905873], [0.982503405591797, 0.005843993225428805, 0.002019258431256789, 0.009633342651517324], [0.002791589526701221, 0.0014043990195866472, 0.0018027055356317533, 0.9940013058180803], [0.0012404876644201853, 0.003168224728368147, 0.9951884314836227, 0.0004028560235890092], [0.0035780119674359923, 0.0015887511490953188, 0.0026181795517582697, 0.9922150572317104], [0.0012418786457569565, 0.0015949881810341266, 0.9963093974054299, 0.0008537356677790255], [0.0040085753314615495, 0.9809213849478637, 0.013990948869170393, 0.0010790907515042904], [0.005845324623169062, 0.983103278863107, 0.007505676270664473, 0.0035457201430594194]], "ideal": "C", "sampled": "C", "correct": true}}
{"type": "result", "data": {"idx": 3, "options": ["The potential for entry into the industry", "The threat of substitute products", "The power of customers", "The level of rivalry"], "probs": [[0.008517249506319493, 0.002440339425428602, 0.00455904753031963, 0.9844833634379323], [0.005872851989878469, 0.004036426741144616, 0.9876423960041054, 0.002448325164871462], [0.006655283008135984, 0.0024484347212649347, 0.0031438051614979677, 0.9877524770091011], [0.0031539188711225646, 0.003153994308247799, 0.9909086388730406, 0.0027834478475889943], [0.010837976703606126, 0.9756102456485171, 0.009564479709585667, 0.0039872978382911], [0.009585126168275171, 0.9777177434687058, 0.009585111267114185, 0.0031120189959048896], [0.0058534632631026765, 0.0045588094372924545, 0.005165727196159451, 0.9844220000034454], [0.004565059625700306, 0.007526577208712413, 0.9857518384146614, 0.002156524650925885], [0.005852107643405134, 0.002439613972343044, 0.007514301635433537, 0.9841939766488182], [0.003150443497317981, 0.0024536494297778197, 0.9898119278920579, 0.004583979080846353], [0.006519981811482526, 0.9676436505781874, 0.022756431543290108, 0.0030799359670400425], [0.007422556543431438, 0.9721600279554099, 0.013866908738599065, 0.006550506662559564], [0.005194397105672302, 0.0024537504311126766, 0.0024537208616213415, 0.9898981315015937], [0.0031513367842948793, 0.0045852513568533666, 0.9900974347786995, 0.0021659769801522116], [0.0058751194737702685, 0.001485529703619394, 0.0045756167830724925, 0.9880637339395378], [0.0031538331379931408, 0.001912943812096976, 0.9908835426989355, 0.004049680250974328], [0.005134593085153087, 0.9784827844220246, 0.013957133458106397, 0.0024254889347159266], [0.005155072746183668, 0.9823841539883956, 0.006619207218217913, 0.005841565947202832], [0.960400139309916, 0.01369979282172482, 0.008309184874562564, 0.01759088289379666], [0.9712836814771422, 0.010790509914363838, 0.009522265478619561, 0.008403543029874434], [0.9735326555101772, 0.0057891295143830315, 0.00842283037441196, 0.012255384501027752], [0.9730076931376486, 0.006556448558016274, 0.0065561938412728085, 0.013879664363062314], [0.9774927341411264, 0.006586617155693191, 0.008457099468690577, 0.007463549134489838], [0.9781829946102898, 0.005816843498223396, 0.005133131174690723, 0.010867030616796057]], "ideal": "D", "sampled": "D", "correct": true}}
{"type": "result", "data": {"idx": 4, "options": ["Margaret Thatcher", "Mikhail Gorbachov", "Nelson Mandela", "Bill Clinton"], "probs": [[0.7068294335689971, 0.26001883520792923, 0.02740674998825134, 0.005744981134822315], [0.7308076655103549, 0.2372528474965157, 0.028336743028578595, 0.00360274386455078], [0.8203582346461629, 0.1258050884400629, 0.04628109696573654, 0.007555579848037682], [0.8094650393082842, 0.14066147606351828, 0.040300890236310075, 0.009572594291887466], [0.7381260347910166, 0.21147496863253135, 0.047187640961647674, 0.0032113555148043983], [0.7175588967941079, 0.232950550088954, 0.03152717435647008, 0.017963378660468054], [0.030711892645954735, 0.897542049300971, 0.021108980983892148, 0.050637076969182085], [0.03556694285444045, 0.9173167851038223, 0.03556877942265833, 0.011547492519078922], [0.005599737404088289, 0.10565692633022118, 0.884645499434678, 0.00409783673101251], [0.013567474707258519, 0.07807710787826018, 0.06890159863914042, 0.8394538186753409], [0.020609840479911556, 0.6023175041218117, 0.3653282773179722, 0.01174437798030457], [0.013750161794361455, 0.1304614648012334, 0.005058795858713683, 0.8507295774456914], [0.005821433826764938, 0.9790430439459179, 0.010876141507159404, 0.004259380620157715], [0.0058123598108115685, 0.9775154912560948, 0.010859365270522447, 0.0058127835625711366], [0.004996354215877348, 0.14601042707762132, 0.8402228525389184, 0.008770366067582894], [0.007938453697879535, 0.09671452751149932, 0.18067665504746347, 0.7146703636431576], [0.006666479169034801, 0.6799865963561277, 0.2834677995287783, 0.02987912484605919], [0.009799475323893601, 0.3677264033651805, 0.016157227417864795, 0.6063168937930611], [0.03476412331720185, 0.8966291465580131, 0.05731958090417022, 0.011287149120614839], [0.03847012747285152, 0.8755913555333334, 0.029962724685634226, 0.05597579220818083], [0.04246969012880815, 0.35559686021658565, 0.5863079755711594, 0.015625473983446755], [0.02665101165313582, 0.08209472110561239, 0.008652890991239294, 0.8826013761500124], [0.0076923045429515245, 0.14514423489885583, 0.8352473995764593, 0.0119160608817333], [0.03126725184536535, 0.04014949503898479, 0.014769959275782151, 0.9138132937398677]], "ideal": "D", "sampled": "A", "correct": false}}
{"type": "result", "data": {"idx": 5, "options": ["Work flow design", "Work schedule design", "Work rate design", "Work output design"], "probs": [[0.003570668106604782, 0.9901577763414952, 0.0045846687251798746, 0.001686886726720178], [0.0027881936709681625, 0.9927352594501635, 0.0031593341184342097, 0.001317212660434082], [0.0008023883190624499, 0.0014991666268332853, 0.9969902423440172, 0.0007082026100870066], [0.0014980868464577546, 0.0007077280943066512, 0.0013221402348498892, 0.9964720447243857], [0.0005873524427040179, 0.0014999367025103972, 0.9975089559871877, 0.0004037547675978522], [0.0016964211271442945, 0.0013213008466797503, 0.0011660289001363849, 0.9958162490260396], [0.9527398938511781, 0.03694671017821834, 0.006419241424744128, 0.0038941544458594092], [0.9568331577048753, 0.03710566218640148, 0.004430852520083006, 0.0016303274886401442], [0.8066256161928981, 0.011509230525379329, 0.17998655398419655, 0.0018785991975260661], [0.8683305943903886, 0.00751490567017257, 0.0066299652308884046, 0.11752453460855042], [0.9238527804732823, 0.007995209476218644, 0.0669260009920449, 0.0012260089584541433], [0.9184960998802395, 0.007014928617188163, 0.007946777296104981, 0.06654219410646736], [0.000960950437619721, 0.008564808720209531, 0.9898536684247845, 0.0006205723173861905], [0.001310160841943815, 0.009681174477640159, 0.0014846970942970238, 0.987523967486119], [0.0035575707431217806, 0.9864660498196841, 0.007531014268573942, 0.0024453650686201544], [0.0040301153856895046, 0.9862279170938094, 0.005174667508887465, 0.004567299911613614], [0.0010923709962620577, 0.0011629187932542984, 0.00459918769866796, 0.9931455224118156], [0.0013186478634442302, 0.0035846469036845204, 0.9937778306087774, 0.0013188745240937738], [0.0007066679234112075, 0.00406661878610307, 0.9949320352656282, 0.00029467792485748023], [0.0014867388142386759, 0.00855586502894003, 0.001021912335027254, 0.9889354837217941], [0.003152710270059856, 0.9906259412053638, 0.005197656150380058, 0.0010236922741962225], [0.003155853678256076, 0.9915788286212238, 0.0035759336899719215, 0.001689383910548216], [0.0014928652351337776, 0.0009055682511603251, 0.004598541337992492, 0.9930030250757134], [0.0014043072411557026, 0.002792917273994559, 0.9942112624210031, 0.0015915129638466052]], "ideal": "B", "sampled": "B", "correct": true}}
{"type": "result", "data": {"idx": 6, "options": ["Workers enjoy responsibility.", "Workers view physical and mental effort as a natural part of work.", "Workers like to show initiative.", "Workers like to be directed."], "probs": [[0.004045365506894328, 0.004046576691941129, 0.0019111757308734188, 0.9899968819702911], [0.002174699278962072, 0.0031651289691467196, 0.9941100778075268, 0.0005500938443643824], [0.004588959055596583, 0.0021684285157540996, 0.0021680375931219208, 0.9910745747355274], [0.0019197990726565687, 0.0027937510371074093, 0.994434265454311, 0.0008521843359249971], [0.009528677958421963, 0.9720309425534672, 0.01570999071441414, 0.002730388673696634], [0.010817812458016565, 0.9738544200065188, 0.010817899071021079, 0.0045098683644435025], [0.007533189131262738, 0.004033132076468883, 0.0016811423283294902, 0.9867525363639389], [0.0027896856343040087, 0.003583069128513336, 0.9931422344654485, 0.00048501067173422366], [0.007539956546614446, 0.00314409138115464, 0.0016826430292870053, 0.9876333089429439], [0.0016942043029766214, 0.003587306267126787, 0.9943847074132304, 0.0003337819166661661], [0.012278204003387565, 0.9754197861219661, 0.009562107645890654, 0.0027399021287556106], [0.013885296093969287, 0.973473082154101, 0.00954313399860223, 0.003098487653327443], [0.005196620716934044, 0.0019125149144450368, 0.0024550838893456508, 0.9904357803792753], [0.0027903827331813326, 0.0031625885811227684, 0.9934241425489947, 0.000622886036701205], [0.005190813360989688, 0.003569003221893132, 0.00190999826834633, 0.9893301850487708], [0.0016948150309877622, 0.0031673401384938217, 0.994782397367973, 0.0003554473625454041], [0.009539311780348027, 0.9730944904744848, 0.010809457769318838, 0.006556739875848291], [0.009546344316468267, 0.9738283550353168, 0.013889848977515362, 0.002735451570699499], [0.955891036321464, 0.037068902033516385, 0.00644084786664817, 0.0005992136783713956], [0.9523114909194152, 0.041846429591979026, 0.004410153415636145, 0.0014319259729695902], [0.8867723466298834, 0.10591912380452352, 0.005975093244057758, 0.0013334362215354062], [0.9077911384499797, 0.0844455958114735, 0.006116722715515592, 0.001646542923031139], [0.95212906282022, 0.041839341318947766, 0.004409295768122338, 0.0016222999927098223], [0.9501274085565864, 0.041751659780266126, 0.007254359669192987, 0.0008665718939544654]], "ideal": "D", "sampled": "D", "correct": true}}
{"type": "result", "data": {"idx": 7, "options": ["Referent", "Expert", "Reward", "Legitimate"], "probs": [[0.002788487630584232, 0.001916638720501216, 0.002460946365649363, 0.9928339271832651], [0.0019199915154973516, 0.0027936640974167057, 0.994485826388414, 0.000800517898671995], [0.0035755729956325334, 0.0027848121390805143, 0.002168795803783185, 0.9914708189615038], [0.002173398041968495, 0.0035833806831489655, 0.9934435435053042, 0.0007996776695783603], [0.012155970896942437, 0.9657286078372634, 0.015608485291319536, 0.006506935874474607], [0.01206447118360934, 0.9584784129446422, 0.025540009721171018, 0.003917106050577482], [0.0024577036081948477, 0.0019142322019641484, 0.004052143398260124, 0.9915759206915808], [0.0016960291505858296, 0.0019219500011101143, 0.9954154986731389, 0.0009665220751651129], [0.0031533397927036317, 0.003573320383979367, 0.0024559049497951692, 0.9908174347735218], [0.0021710829826144334, 0.0040561898520266575, 0.9923708276216628, 0.0014018994436960164], [0.00952960849168091, 0.9721033766827023, 0.013865283035314466, 0.004501731690302362], [0.01073597800992241, 0.9664920484519288, 0.017700434668943478, 0.005071538769205248], [0.004047065795728338, 0.0024548476881893085, 0.003151996155751625, 0.9903460902603307], [0.0020424224317000805, 0.003163366182967811, 0.9937008108157153, 0.00109340046961689], [0.004576360311965291, 0.003564309874696042, 0.003564239094188025, 0.9882950906191507], [0.003560247149406275, 0.006651416979433655, 0.9870154209436703, 0.0027729148274897877], [0.013751960726778404, 0.9641690568622503, 0.015582773443291259, 0.006496208867679979], [0.015508685866091004, 0.9595755117006021, 0.015508826495805258, 0.009406975837501622], [0.990400259358878, 0.003572696353133726, 0.002454932006977416, 0.0035721121810109095], [0.9886088841922616, 0.004040848168888826, 0.005187584174344805, 0.0021626833645047717], [0.986955625508655, 0.005869554607976844, 0.003141188430546487, 0.0040336313528216835], [0.9904923794437058, 0.003572991926714563, 0.0027820228477429053, 0.003152605681836631], [0.9909435800354192, 0.005200551974828338, 0.002167648932010114, 0.001688218957742328], [0.9883242331284953, 0.005186952540633087, 0.002449759217357916, 0.004039055013513767]], "ideal": "D", "sampled": "D", "correct": true}}
{"type": "result", "data": {"idx": 8, "options": ["Henry Fayol", "Max Weber", "Adam Smith", "Mary Parker Follett"], "probs": [[0.00755500172757824, 0.9895322108069498, 0.002164620728745618, 0.0007481666367263747], [0.006672956525751306, 0.9903634897471018, 0.0021664429605397183, 0.0007971106666071849], [0.001320248736501612, 0.003588942754011288, 0.9949753821681911, 0.00011542624129587742], [0.005894918952543301, 0.0016892700469406346, 0.0010244865825750561, 0.991391324317941], [0.0014984634899952482, 0.0016981724824083322, 0.9965873823415617, 0.00021598158603460202], [0.010946533560279626, 0.002155938120111682, 0.0014815758898549776, 0.9854159523297537], [0.11913937129804197, 0.8803155365157851, 0.0004869225558935254, 5.816953027943697e-05], [0.13289346245011044, 0.866562335841756, 0.0004793174608612597, 6.488414727231069e-05], [0.2205330179930089, 0.009690165345814964, 0.7697154597709419, 6.135679023417957e-05], [0.9887934971453763, 0.004579337525749702, 0.000747544533139352, 0.005879620695734584], [0.874862311029907, 0.006680145832068556, 0.11839973957823223, 5.7803459792271906e-05], [0.9858695151153241, 0.006643139212394011, 0.0008445774919295099, 0.00664276808035245], [0.00028998439619487136, 0.020326113118463083, 0.9792836502061234, 0.00010025217921859902], [0.00046682603757064196, 0.042021802285424355, 0.001119887189556294, 0.9563914843874487], [0.0010326523804761645, 0.9387133683461497, 0.06000865965598113, 0.0002453195173929632], [0.0024452832938239395, 0.9864650158695877, 0.003557844710235495, 0.007531856026352894], [0.0007504180738346002, 0.0007051080722542253, 0.005902437199680039, 0.9926420365542311], [0.00042827776661328015, 0.0008001573738308732, 0.9941673285337287, 0.004604236225827192], [0.00020094437942430815, 0.012428561771932824, 0.9872139530270908, 0.0001565407215520036], [0.0007171701038778052, 0.10643397524108489, 0.001720418138609369, 0.8911284364164279], [0.0010463965187806374, 0.9512133693982471, 0.04735523434123272, 0.0003849996417395961], [0.003129507313737811, 0.983213167995982, 0.0040182417085338215, 0.009639082881746358], [0.0004844959414490779, 0.0010258364977086482, 0.005902173277170074, 0.9925874941836722], [0.0004557023312464897, 0.001802290428806337, 0.9936806403283157, 0.0040613668116315175]], "ideal": "B", "sampled": "B", "correct": true}}
{"type": "result", "data": {"idx": 9, "options": ["Frederick Taylor", "Seebohm Rowntree", "Henry Ford", "Max Weber"], "probs": [[0.00942616030274457, 0.9614834606552423, 0.025622386557072097, 0.0034679923849411237], [0.015418262908627368, 0.9538941808831851, 0.008253225493495017, 0.022434330614692532], [0.002973223256785235, 0.7743339923359296, 0.22184050968029553, 0.00085227462698959], [0.00807781591526933, 0.9336922428276683, 0.005552278874724449, 0.05267766228233791], [0.007061661455497292, 0.0027660088134816075, 0.49507902715906177, 0.4950933024719593], [0.00744435851786577, 0.004243029997031459, 0.43269417469548743, 0.5556184366896154], [0.5720630516645372, 0.032274940409098694, 0.39317278644462417, 0.002489221381739938], [0.4267134026254849, 0.016545789145137862, 0.00885772043989411, 0.5478830876894831], [0.49531284430990424, 0.4952822075222075, 0.006637891350003123, 0.0027670567178851523], [0.4643542625179353, 0.5261365869461028, 0.00401794546446494, 0.005491204971497023], [0.3369831169579938, 0.007446259314911941, 0.025988750350772853, 0.6295818732763213], [0.6614824374181919, 0.019976244820994395, 0.31244906195573596, 0.00609225570507769], [0.0926658964074635, 0.026549643346018618, 0.8791895079333515, 0.0015949522131663162], [0.5095587362779016, 0.025368370065967878, 0.015388900383906279, 0.4496839931722242], [0.06665174479281237, 0.9200455292685589, 0.007478452547064663, 0.005824273291564138], [0.08412165571920331, 0.9043570566346155, 0.0036964117809710735, 0.00782487576521008], [0.3648225123043989, 0.010349933211214482, 0.02332393487047271, 0.601503619513914], [0.23719875633635013, 0.025001011914406998, 0.730636719558435, 0.007163512090807911], [0.004998815794997253, 0.008242327089648848, 0.840662415116482, 0.14609644189887194], [0.003122325490117376, 0.013994111541248133, 0.7639841957913095, 0.21889936707732502], [0.009688062648491631, 0.8720547364252195, 0.014096603385280687, 0.10416059744100821], [0.007214635065607628, 0.9449017526223324, 0.04151648341930196, 0.006367128792758009], [0.008366313859312892, 0.7531116337793609, 0.022742318920366614, 0.21577973334095965], [0.0033474943719973113, 0.4967506178490864, 0.4967567571274348, 0.003145130551481487]], "ideal": "B", "sampled": "B", "correct": true}}
{"type": "result", "data": {"idx": 10, "options": ["John Kenneth Galbraith", "John Maynard Keynes", "Milton Friedman", "Alfred Marshall"], "probs": [[0.004541213030485071, 0.013989188817104979, 0.9805749787757396, 0.000894619276670338], [0.01999788793528638, 0.01213093139704657, 0.004192015752179933, 0.9636791648154871], [0.01212340371685354, 0.9631205063839552, 0.02264908622795133, 0.0021070035712399474], [0.015555329872805656, 0.9624046243156712, 0.015555093316867871, 0.006484952394655301], [0.020056910134349203, 0.005072327164512256, 0.00836130374115426, 0.9665094588599843], [0.004573972260826475, 0.0058735765205965, 0.9876451722891186, 0.0019072788294584341], [0.004717774429022437, 0.03710923878057952, 0.9569796740595878, 0.0011933126308102148], [0.01360814848471978, 0.02881086082556227, 0.003440917740999731, 0.9541400728487183], [0.0105825754502616, 0.9526764042575397, 0.03259605876081557, 0.004144961431383081], [0.012127260698892518, 0.9634274261290279, 0.01374178009667252, 0.010703532975407114], [0.013783444598397707, 0.00420463288006756, 0.015618937838332899, 0.9663929845832019], [0.004845863318260136, 0.0090541375995187, 0.9829702600624652, 0.0031297389197559567], [0.9605817011042641, 0.029008143945914014, 0.009417440558224672, 0.0009927142915972483], [0.9599404812470513, 0.028988778358354533, 0.005708228948648593, 0.005362511345945571], [0.9770460913804617, 0.012300160951395649, 0.009578898734348812, 0.0010748488337938287], [0.9837162485058437, 0.010929013860888398, 0.003333019120304713, 0.002021718412963212], [0.9688164449884463, 0.01011158169891084, 0.015659782870377646, 0.005412190342265224], [0.9819173631274136, 0.007043670732650156, 0.007497286751050103, 0.0035416792888860677], [0.005656911188131457, 0.036890541794751056, 0.006021925354330035, 0.9514306215627875], [0.0020876618572585434, 0.041929782365931555, 0.9542514641476407, 0.0017310915291691954], [0.006908979548469406, 0.012126817976202424, 0.017642661459082533, 0.9633215409162457], [0.0027508298140703374, 0.015830221295682182, 0.9792760450949504, 0.0021429036952970797], [0.0057098359846891895, 0.9602546416838286, 0.028996300921545717, 0.005039221309936498], [0.00578784386410309, 0.97337137215372, 0.01573278076582502, 0.005108003116351812]], "ideal": "C", "sampled": "C", "correct": true}}
{"type": "result", "data": {"idx": 11, "options": ["Mary Parker Follett", "Elton Mayo", "Lillian Gilbreth", "Frederick Taylor"], "probs": [[0.009597074923241281, 0.9789282779981398, 0.007473911224819444, 0.004000735753799518], [0.009572995970522325, 0.9764720944341492, 0.010846904642039466, 0.003108004853288978], [0.0019189259288168834, 0.0016936182868141835, 0.9939233187615769, 0.002464136922792003], [0.0035799080612190517, 0.0010258289845589779, 0.0027882259985956325, 0.9926060368556263], [0.001694189024563759, 0.0024651985627476285, 0.9943452923078434, 0.0014953200048452066], [0.0035826966403351246, 0.0013181931487849508, 0.0016925226556078893, 0.993406587455272], [0.9835050579273962, 0.012381471719846784, 0.00243790243628214, 0.001675567816474903], [0.9836280735460364, 0.012383020403940322, 0.0027628508470523097, 0.0012260551029709464], [0.984938077891197, 0.01094241964191067, 0.0024414801872452616, 0.0016780221796469702], [0.9855033033217302, 0.010948866465730657, 0.0021558741297523767, 0.0013919559827867333], [0.9829241150692829, 0.01237428779478597, 0.0031284637144102538, 0.0015731333215208212], [0.9854146160674628, 0.010948146996012662, 0.0021556525126769665, 0.0014815843238474963], [0.0021733713083748017, 0.001918206044414542, 0.9934454828036908, 0.0024629397435198077], [0.004588120477738391, 0.001489776525467579, 0.003153599790215277, 0.9907685031065787], [0.0066219594828839075, 0.9827468788940897, 0.007503133112681497, 0.0031280284103448555], [0.006624281279392721, 0.9831084515577223, 0.007505785591911785, 0.002761481470973202], [0.004056289974932357, 0.001691152223762856, 0.0016911077531130184, 0.9925614499481917], [0.0015910778219179306, 0.003164353410971094, 0.9940052469944171, 0.0012393216726939433], [0.0016948985549796456, 0.0019207608215833585, 0.9947919150472158, 0.0015924254762212597], [0.0035818747254981217, 0.0013178680781168624, 0.0019174268074793515, 0.9931828302889056], [0.006619664949568793, 0.9824454160254998, 0.008499555165433922, 0.002435363759497445], [0.006617587976876624, 0.9821271184218688, 0.00849664242796016, 0.0027586510732943853], [0.00459205351209262, 0.0013158501594802388, 0.0024581618643857465, 0.9916339343640413], [0.0016952683435192519, 0.0019211434074207986, 0.9949779638075124, 0.0014056243415475915]], "ideal": "B", "sampled": "B", "correct": true}}
{"type": "result", "data": {"idx": 12, "options": ["Strategic", "Operational", "Functional", "Developmental"], "probs": [[0.528242164270102, 0.0007957054087158262, 0.004571347440802036, 0.4663907827803802], [0.8728599558215221, 0.003801208199844563, 0.11814411681232784, 0.005194719066305504], [0.6192490547260912, 0.0012745806198745432, 0.0036831703565024425, 0.3757931941975318], [0.8454528524922414, 0.003681955891273202, 0.14694646129404484, 0.00391873022244048], [0.9160048091686246, 0.07520140482623164, 0.0048071531072770585, 0.00398663279786677], [0.9223569756391629, 0.06681914286173626, 0.007496181492488056, 0.003327699906612859], [0.0030466965529823576, 0.9574070153313295, 0.010634512567335826, 0.02891177544835223], [0.002378036981120503, 0.9594925700813363, 0.03719780989435154, 0.0009315829431916894], [0.0013856678338869158, 0.0012236116651143198, 0.9217101203148248, 0.07568060008617397], [0.0010897071700402335, 0.0005149591188989345, 0.007564878811514549, 0.9908304547995462], [0.0011577303334509184, 0.009695021322725518, 0.9886637568614249, 0.000483491382398576], [0.002731295559313608, 0.020185243657457313, 0.004503936628060034, 0.972579524055169], [0.0017451387998988614, 0.904109546352245, 0.010042951539505867, 0.08410236320835016], [0.0017217484897365627, 0.9494921507733284, 0.047266307932885464, 0.0015197927040496236], [0.0007826303465764085, 0.0006492166417947575, 0.9135708790968771, 0.08499727381475171], [0.0007995132832235083, 0.0003334352663469398, 0.005214007339758686, 0.9936530440106709], [0.0006613364275390797, 0.007569163113520236, 0.9910645480606064, 0.0007049522983343028], [0.0013847406963219963, 0.015849733206075696, 0.002145177866564129, 0.9806203481310382], [0.013894022742550303, 0.9741650548060473, 0.008427289695068568, 0.003513632656333771], [0.010816743629557792, 0.9738264355243346, 0.012257177543182528, 0.003099643202925115], [0.003161945344800843, 0.002791320408115999, 0.9934232123515964, 0.0006235217954868063], [0.013983776454504847, 0.001385202947081196, 0.004007381755745698, 0.9806236387426682], [0.00316159572313438, 0.0026220271884070177, 0.9933092900805599, 0.0009070869078986855], [0.007537406443181228, 0.0017911777925742288, 0.0031430863474824094, 0.9875283293167622]], "ideal": "A", "sampled": "A", "correct": true}}
{"type": "result", "data": {"idx": 13, "options": ["Guiding, mentoring and motivating", "Guiding, commanding and motivating", "Guiding, demonstrating and motivating", "Guiding, mentoring and demonstrating"], "probs": [[0.04616742130744199, 0.8183694343841433, 0.11074740252891122, 0.02471574167950341], [0.0510833624457142, 0.7990901290774673, 0.08422104825233265, 0.06560546012448577], [0.051635364459675114, 0.1238744581195131, 0.8077217719325053, 0.01676840538830657], [0.08280681103685492, 0.2550629386611884, 0.050223421487492495, 0.6119068287144641], [0.0727714575108299, 0.10588973763980924, 0.7823771195268762, 0.03896168522248473], [0.062048958594821596, 0.07967433570048192, 0.10230388051154034, 0.7559728250931561], [0.621513285600958, 0.25908001856969565, 0.09530357517978766, 0.024103120549558727], [0.5284091233678744, 0.24961017069704675, 0.11789477615369591, 0.10408592968138294], [0.5610524269102974, 0.34028716984709834, 0.06700216803396586, 0.031658235108638313], [0.5200547900247307, 0.31541217705519026, 0.06210682216598586, 0.1024262106540932], [0.44885746672947063, 0.14572268535730518, 0.2402372723789726, 0.1651825754342516], [0.36462741823032674, 0.11837991462804584, 0.3217690528435395, 0.19522361419808787], [0.09623831454666025, 0.08493838322454628, 0.8057935218881627, 0.013029780240630746], [0.14758376055289424, 0.1672281262900858, 0.10143080136667362, 0.5837573116903463], [0.0683047314730924, 0.8321218684195375, 0.0773949249516913, 0.022178475055678805], [0.08430235423820623, 0.7998106687552912, 0.057939068396526655, 0.0579479085099759], [0.15056562310020266, 0.10348494272773047, 0.0711221615070347, 0.6748272725650322], [0.10680478651044456, 0.07340999582554933, 0.7891732335914777, 0.030611983972528317], [0.036528807895146675, 0.11252137165585455, 0.8313917942852218, 0.01955802606377696], [0.047267688887527796, 0.08831006024460854, 0.21183908842355303, 0.6525831623443107], [0.043895871096868676, 0.60598624649524, 0.286232207481732, 0.06388567482615926], [0.03992563038803675, 0.5511755244036275, 0.33429324000909993, 0.07460560509923583], [0.06156865581108165, 0.2148957148216186, 0.06156951635309884, 0.6619661129142009], [0.05147070590549704, 0.17965627250234623, 0.7105311366363463, 0.05834188485581046]], "ideal": "A", "sampled": "B", "correct": false}}
{"type": "result", "data": {"idx": 14, "options": ["Incomplete information", "An agreed goal", "A structured problem", "High level of certainty regarding the environment"], "probs": [[0.07611756941177752, 0.34118152423922204, 0.08625249756574505, 0.49644840868325535], [0.0016826500811987118, 0.008545745586252686, 0.9876105196870251, 0.0021610845455235614], [0.1351023714930594, 0.36729275932906474, 0.1734701673118278, 0.32413470176604803], [0.0013171383101739538, 0.0035806114107712296, 0.9926409662602562, 0.002461283918798619], [0.005757929076500781, 0.9683876271923213, 0.022771992801386084, 0.003082450829791828], [0.005108391768626731, 0.9735512839124447, 0.017828905377374776, 0.0035114188415537816], [0.008048599849278481, 0.9303492131633913, 0.0524810844320323, 0.00912110245529796], [0.0005173305815929035, 0.002796644639591299, 0.9955200307534282, 0.0011659939253876159], [0.015813025309128606, 0.029554366557999607, 0.7619443520819513, 0.1926882559509205], [0.0016878918424682186, 0.0035736217526602873, 0.990688777091436, 0.004049709213435487], [0.006360351665518161, 0.9439998310307501, 0.04147251824175778, 0.008167298961973943], [0.005704062436126139, 0.9593281187203614, 0.025562641967276867, 0.009405176776235624], [0.0071535040184241925, 0.9370145740069394, 0.04664589063431429, 0.009186031240322119], [0.0007073906470780623, 0.0021790477516230064, 0.9959469852357558, 0.0011665762655431531], [0.010160310155030158, 0.016758179227977885, 0.9146019185365994, 0.058479591980392515], [0.0024442194576285584, 0.004030465939484886, 0.9859956755915569, 0.00752963891132964], [0.009554040074513943, 0.7590979501730926, 0.2174446459044969, 0.013903363747896578], [0.005577431303952261, 0.9380503110472506, 0.041210262041964936, 0.015161995506832173], [0.08391387077262698, 0.7962533890125622, 0.1077424221209908, 0.012090317993820045], [0.08147856272202993, 0.7731627032292017, 0.1343301604577018, 0.01102857349106663], [0.3688431473726471, 0.2873010474546705, 0.3254892643873533, 0.01836654068532909], [0.6656333307529443, 0.14854553723745706, 0.07014890236831794, 0.1156722295412807], [0.0841451342825494, 0.10807804731832497, 0.7983333995528062, 0.009443418746319368], [0.7368405048832782, 0.08801321937679918, 0.04709999372152896, 0.12804628191839365]], "ideal": "A", "sampled": "D", "correct": false}}
{"type": "result", "data": {"idx": 15, "options": ["Making people's strengths effective and their weaknesses irrelevant.", "Enhancing the ability of people to contribute.", "To operate the organisation's status system.", "Integrating people in a common venture by thinking through, setting and exemplifying the organisational objectives, values and goals."], "probs": [[0.0019161217702697772, 0.0052090370005124145, 0.9924974246714273, 0.000377416457790438], [0.005865025831920559, 0.003140173371047067, 0.0045680620223873345, 0.986426738674645], [0.0033220375717920095, 0.9804800056268294, 0.01584776385403603, 0.00035019284734255055], [0.0037819269086754085, 0.9850618478895604, 0.010942810476865003, 0.00021341462489917425], [0.004042186217898041, 0.004042969460165708, 0.0027784685911782254, 0.9891363756307581], [0.0013103851460080404, 0.010973605029512426, 0.9875385493268122, 0.0001774603976672964], [0.0027692018736668314, 0.01095322377796047, 0.9858253402859033, 0.000452233962469434], [0.0066088774534574955, 0.005833715308502238, 0.00660947722520666, 0.9809479299128336], [0.004546872073966601, 0.9817914984069434, 0.012358823067654701, 0.0013028063514353835], [0.005167435171281911, 0.9846982832339757, 0.009653515645606636, 0.00048076584913573706], [0.0058410190992993, 0.006619988538891262, 0.005155245254559025, 0.9823837470072504], [0.002147628479741009, 0.01587095498667423, 0.9816718191373698, 0.00030959729621501676], [0.7392442145980339, 0.21180316793033424, 0.041704802888801504, 0.007247814482830333], [0.8448683398326358, 0.1295694617303362, 0.022514768943807772, 0.0030474293932202627], [0.7595437012691826, 0.14956736256690542, 0.08005390896482233, 0.010835027099089699], [0.8723262111851069, 0.09194627805887724, 0.02984936182007752, 0.005878148835938364], [0.8710284885053275, 0.08102387986934491, 0.038270518429376524, 0.009677113095951005], [0.9099597483675477, 0.05817412316154357, 0.018885727655064494, 0.012980400715844243], [0.0045762273289009165, 0.004039197430780599, 0.0031455897534927, 0.9882389853868258], [0.0014881647612370453, 0.00856458299984077, 0.989757952065954, 0.0001893000729681884], [0.004579400179998447, 0.0024517132144535655, 0.00404159998812865, 0.9889272865174193], [0.0019162735472703068, 0.005209415821923539, 0.9925981424137187, 0.00027616811708742377], [0.003147797919955384, 0.9889695732616381, 0.007550796561257523, 0.00033183215714897385], [0.0023070235672948075, 0.9907054077744314, 0.006675314470687355, 0.00031225408758641114]], "ideal": "C", "sampled": "C", "correct": true}}
{"type": "result", "data": {"idx": 16, "options": ["A theoretical assumption", "An illustration", "A theoretical model", "An example serving as a model"], "probs": [[0.1625544428662824, 0.0411053970415018, 0.06776010244407162, 0.7285800575481441], [0.16333974257995104, 0.04680828248731589, 0.4440100424148954, 0.3458419324178376], [0.14444631965824006, 0.08761762304516905, 0.034306814708449124, 0.7336292424881418], [0.24675400713531584, 0.21778643271058834, 0.5223782692109774, 0.013081290843118395], [0.6273307857976191, 0.20367947853191912, 0.04544091698201701, 0.12354881858844471], [0.5837340928636358, 0.2757451225699965, 0.0789894756633422, 0.06153130880302553], [0.03192240189724237, 0.1837217917092775, 0.1430670108095994, 0.6412887954838807], [0.02807277886478558, 0.2663824031409851, 0.26635447836418247, 0.4391903395300468], [0.012060303352128777, 0.022537144108630284, 0.5128086256543396, 0.4525939267849013], [0.01553435716082423, 0.12220627051599278, 0.06540208699061635, 0.7968572852325666], [0.025052542327118538, 0.07718977645069847, 0.8296402228367559, 0.06811745828542713], [0.019416242166782897, 0.12663082065436737, 0.02825099403181316, 0.8257019430470366], [0.09813311041406741, 0.23543228425927784, 0.026412798335116294, 0.6400218068915384], [0.0882169809914189, 0.5076912967266389, 0.39535480294100056, 0.00873691924094158], [0.09926818101377753, 0.01522746578004023, 0.23813457580864048, 0.6473697772975417], [0.14702933395361853, 0.02896172987730306, 0.24241830857724728, 0.5815906274918311], [0.21453583278324087, 0.4008651680859623, 0.35368532004709724, 0.030913678983699556], [0.280033744244801, 0.31736991185450036, 0.042940933459053844, 0.35965541034164483], [0.09942215647349459, 0.7346888801150466, 0.05321540639194837, 0.11267355691951046], [0.11041746374352494, 0.7200594114501792, 0.11041063156152547, 0.05911249314477041], [0.04897129226507604, 0.014035916137505072, 0.7660399178437013, 0.1709528736537176], [0.0734012815851844, 0.011260400596482749, 0.021029819057599434, 0.8943084986607334], [0.106417053230023, 0.05028925500522766, 0.7863215861899239, 0.056972105474825493], [0.12301092845670154, 0.058120341293892715, 0.01664723676112641, 0.8022214933882793]], "ideal": "D", "sampled": "A", "correct": false}}
