{"type": "result", "data": {"idx": 0, "options": ["jus in bello.", "jus ad bellum.", "moral nihilism.", "all of the above"], "probs": [[0.8336314848496111, 0.16415622226774934, 0.0011061121070087589, 0.0011061806756307935], [0.796330588708954, 0.20135891880900933, 0.0015373441030707689, 0.0007731482789658527], [0.9176175132000529, 0.021582184213175794, 0.058663253681184045, 0.0021370488055871884], [0.8694616972319034, 0.020449738065680245, 0.006236220542803173, 0.10385234405961322], [0.8891336412546885, 0.09371821677935761, 0.01628489436433005, 0.0008632475016238028], [0.8182922438936553, 0.11074381101392487, 0.0037894446114706, 0.06717450038094917], [0.08450916400776871, 0.9086070647405758, 0.004767793225795281, 0.002115977925860156], [0.09449711258137274, 0.8966283138616559, 0.007756795729168176, 0.001117777727803245], [0.14676452563444142, 0.003911706456457308, 0.8446052319597251, 0.004718535849376121], [0.37150777269517016, 0.004677657239604255, 0.01121934439989272, 0.6125952255653329], [0.13263727561867214, 0.1929860985450422, 0.6735876716011531, 0.0007889541351325561], [0.32457557317349034, 0.13530121742326034, 0.004928812384112527, 0.5351943969191368], [0.004527841745106913, 0.5570949951040738, 0.4338486987165002, 0.004528464334319011], [0.006525497773513542, 0.7085504412371777, 0.024244134836832413, 0.2606799260524763], [0.005497286349328668, 0.05910105658448536, 0.9244676845040598, 0.010933972462126152], [0.004650975572736589, 0.2877469059837577, 0.0172801967532042, 0.6903219215903015], [0.0025749934766720116, 0.00793153776104715, 0.8089699576735087, 0.1805235109887722], [0.0031792259744348327, 0.017187322297197005, 0.04122897042186274, 0.9384044812065054], [0.027562013008696595, 0.9128000773578782, 0.058348458498998494, 0.0012894510344267599], [0.03544932504437296, 0.9143198472189067, 0.014777639466416165, 0.03545318817030415], [0.027505365206723555, 0.2609900446388263, 0.7093828081954732, 0.002121781858976957], [0.05275579928662887, 0.44174173593315624, 0.004907370558190334, 0.5005950941220245], [0.040481059521104985, 0.006609504985457651, 0.921378311861982, 0.031531123531455256], [0.07017643484327274, 0.006949423821676953, 0.16835230249522024, 0.75452183873983]], "ideal": "A", "sampled": "A", "correct": true}}
{"type": "result", "data": {"idx": 1, "options": ["violates human dignity.", "fails a prima facie duty of honesty.", "is tantamount to asserting that you are infallible.", "is a risk worth taking of the speech is dangerous enough."], "probs": [[0.025046284589653346, 0.1272096248355149, 0.8294142885510672, 0.018329801923764454], [0.02630483094098801, 0.30106995740416553, 0.23446009521472197, 0.4381651163401245], [0.017607506313628413, 0.5145874604591952, 0.4540879713268753, 0.013717061800301035], [0.022324436233733893, 0.6524436169376258, 0.11336720205793827, 0.2118647446707021], [0.014768469976986758, 0.024351123879711167, 0.8583462829998364, 0.10253412304346567], [0.011946869148312536, 0.013540131114224835, 0.8915686060243102, 0.08294439361315246], [0.08233895712999995, 0.01621692963787579, 0.8852271834942484, 0.01621692963787579], [0.3525599113621372, 0.01989504418559939, 0.11445464746966232, 0.513090396882601], [0.28905682891527584, 0.6119223054058678, 0.06449132219828012, 0.03452954338057621], [0.23352147581739652, 0.49437233859253255, 0.2645981474174808, 0.007508038072590105], [0.39644551373522907, 0.1872675878675845, 0.01973737446439034, 0.3965495238327961], [0.18334748365870365, 0.08662051991869654, 0.7251444073290629, 0.004887588993536892], [0.18678400370881737, 0.05352012942151789, 0.7387347995562328, 0.020961067213431998], [0.5229492685616607, 0.06246119620657466, 0.055111664246627265, 0.3594778708851374], [0.12542178828473402, 0.8179117181367976, 0.04071791340710492, 0.015948580071363423], [0.1355438537883658, 0.7800608320130097, 0.0725496638822444, 0.01184565021638012], [0.49790969300540033, 0.16164340016997425, 0.038390237691176055, 0.30205666903344935], [0.06516762043776061, 0.030785318303271383, 0.8996112299669005, 0.004435831192067484], [0.02523172252207188, 0.06443762453618905, 0.5394916885592889, 0.3708389642824502], [0.01956378218878646, 0.022173124670988562, 0.885559310241111, 0.07270378279911396], [0.029459778545754146, 0.8609848713868958, 0.029459305433881, 0.08009604453346905], [0.02768659840836081, 0.6302088642236302, 0.33729181459865815, 0.004812722669350861], [0.037734618652635624, 0.8589018466341187, 0.048451415171737296, 0.05491211944150834], [0.027702536513610224, 0.6305616688202497, 0.3374860069502408, 0.00424978761589931]], "ideal": "C", "sampled": "C", "correct": true}}
{"type": "result", "data": {"idx": 2, "options": ["obscures the harms of noncoerced, consensual sex by implying that because what is coerced is bad what is noncoerced is good.", "obscures the harms of rape by equating all sex with nonconsensual sex.", "by not acknowledging a distinction between what is good and what noncoerced, has led to the acknowledgement of the harms of consensual sex.", "All of the above"], "probs": [[0.7198131578621848, 0.046020372965317045, 0.052142559151700775, 0.1820239099207974], [0.7352467308978324, 0.06839231712927936, 0.16405036004908452, 0.032310591823803664], [0.6893021309587505, 0.05658767617849607, 0.05658210314433469, 0.19752808961841878], [0.41873835265209064, 0.05001749321266043, 0.05666584724617045, 0.4745783067890785], [0.3311106770879008, 0.10749771154580999, 0.5459005684687457, 0.0154910427975435], [0.6267110622332254, 0.084819070487256, 0.1795453576191449, 0.10892450956037376], [0.014881085910604604, 0.8125000850765544, 0.09703870455067497, 0.07558012436216609], [0.022124235417146847, 0.8302246540781321, 0.08750449457706841, 0.06014661582765264], [0.01774588451863718, 0.011458830495523814, 0.8550689110509675, 0.11572637383487151], [0.024994773834297206, 0.05996213863928419, 0.0872418583977187, 0.8278012290286999], [0.016782534376047726, 0.0355301893037903, 0.916329915213142, 0.03135736100702], [0.017592615661764614, 0.01993732656675587, 0.21433253491321919, 0.7481375227582603], [0.01783633381657814, 0.8594294609504485, 0.042788791520569636, 0.07994541361240375], [0.0333676051288269, 0.8605950992718394, 0.08004781721847903, 0.02598947828085462], [0.008817522040440794, 0.0034533547575001182, 0.7456480825807649, 0.24208104052129417], [0.01888492826364676, 0.03113807381719513, 0.03998084626567208, 0.909996151553486], [0.010784357978209598, 0.01569239873897632, 0.9707959820909955, 0.0027272610918185414], [0.0077062863202914285, 0.008733577020894778, 0.3713247744536086, 0.6122353621052051], [0.08645893278207956, 0.7239389122174639, 0.16152761213056852, 0.028074542769888078], [0.10574736898115318, 0.6895957883888497, 0.17435368150616834, 0.030303161023828788], [0.1462672079973829, 0.12909069704799747, 0.6555408424128216, 0.06910125244179799], [0.10704369336138937, 0.07357256278194646, 0.12129639359013117, 0.698087350166533], [0.044999955827524474, 0.04500487321098815, 0.9039034743171642, 0.006091696544323121], [0.07318447365957732, 0.056999324472524183, 0.08292940817846892, 0.7868867935894296]], "ideal": "A", "sampled": "A", "correct": true}}
{"type": "result", "data": {"idx": 3, "options": ["its quantity alone.", "its quality alone.", "both its quantity and its quality.", "neither its quantity nor its quality."], "probs": [[0.001694208845246418, 0.0031657039861253842, 0.9944336018886579, 0.0007064851799702066], [0.005145940288548021, 0.012345567856040948, 0.0017785876382985868, 0.9807299041171125], [0.006107937672593499, 0.9065076207668408, 0.08431275467892761, 0.0030716867816380582], [0.006360703591601731, 0.9440453710984781, 0.017289695604583905, 0.032304229605336285], [0.005114061962306489, 0.0024160185060124553, 0.017850401830648843, 0.9746195176010322], [0.002048840873007978, 0.0014992106395148048, 0.9365731588747593, 0.059878789512717856], [0.007543677549221265, 0.0029548255090010634, 0.9880155450227976, 0.0014859518189799645], [0.052547177689096385, 0.013287162035664954, 0.0026165544253051436, 0.9315491057499335], [0.03519971156514503, 0.9078387853869918, 0.05121405964522008, 0.00574744330264305], [0.02474232939467329, 0.9284794190708126, 0.03176891924462347, 0.015009332189890695], [0.13085390544104936, 0.008366515785289104, 0.007382669529731313, 0.8533969091439302], [0.0928648598335848, 0.014245721149292203, 0.8810772651729336, 0.01181215374418934], [0.9540685414313875, 0.032652568068815356, 0.010598604566289097, 0.0026802858335079685], [0.9545003078316099, 0.022452284362943147, 0.003233962830378371, 0.019813444875068618], [0.7220665533469183, 0.2656530258465383, 0.009675488300740649, 0.0026049324058027507], [0.7915922917495372, 0.20016060562500848, 0.00323529491579567, 0.005011807609658667], [0.9664610452330366, 0.015624281672258865, 0.005746787311689914, 0.012167885683014667], [0.9176325100699025, 0.01904899729676216, 0.051765440960263184, 0.011553051573072086], [0.004524155542624256, 0.004524770681187879, 0.013936109910860868, 0.977014963765327], [0.0036999560987412377, 0.003476419377823903, 0.9637180813264041, 0.02910554309703075], [0.006048909321174559, 0.028859573667563046, 0.009369388328480322, 0.955722128582782], [0.006818748230969347, 0.03056325645208028, 0.9506477329074131, 0.011970262309537268], [0.013444734142687362, 0.8318124025777166, 0.0773661081498282, 0.07737675502976786], [0.007820545273458998, 0.4545450804469634, 0.5150014497291331, 0.02263292445044454]], "ideal": "C", "sampled": "C", "correct": true}}
{"type": "result", "data": {"idx": 4, "options": ["the animal.", "the wider effects on human beings.", "both A and B", "neither A nor B"], "probs": [[0.6639873780532713, 0.1307571012102203, 0.11537958623087474, 0.08987593440563367], [0.5572392074053437, 0.12434494637019126, 0.26322944674995236, 0.05518639937451262], [0.2634665110960367, 0.09693151855887505, 0.4343634610093906, 0.20523850923569764], [0.4028498948066877, 0.16793644927063428, 0.11541608318772349, 0.31379757263495456], [0.4124519640188841, 0.19481734058619413, 0.2207569828070339, 0.17197371248788784], [0.4264904836518385, 0.20143941032068596, 0.07888662226553991, 0.29318348366193564], [0.042241305423336865, 0.74872553898898, 0.13009736037516015, 0.07893579511252297], [0.0481570853087207, 0.664788007501762, 0.24454595842413054, 0.04250894866538672], [0.030628280616984433, 0.023857686181194004, 0.789937482114234, 0.15557655098758755], [0.053595540243589396, 0.060741988778774444, 0.14569285322993086, 0.7399696176477053], [0.13188240029001463, 0.08515290233500301, 0.5910149856141397, 0.19194971166084265], [0.10767785275205777, 0.0950349991319288, 0.09502536553071551, 0.7022617824852979], [0.11983846841081457, 0.4182597647641922, 0.17436792993994887, 0.28753383678504435], [0.07257732165424413, 0.41765362953659324, 0.47326357225655524, 0.03650547645260737], [0.07829474145269477, 0.07830088073128899, 0.6555387572449187, 0.18786562047109748], [0.1009968974412256, 0.14696113478094341, 0.399441274914837, 0.352600692762994], [0.08327461157840632, 0.240955483818137, 0.5101027704188661, 0.1656671340845906], [0.07330731247148493, 0.1369626064687901, 0.17585511372822968, 0.6138749672314953], [0.0567069455697202, 0.32630588322700244, 0.19792334275548842, 0.4190638283477889], [0.0441851418074888, 0.3264985595112506, 0.4750526125054047, 0.15426368607585583], [0.05071744486967724, 0.07380047882427895, 0.6178524240368529, 0.2576296521691908], [0.07658435172014882, 0.09834835591774578, 0.1837163243515873, 0.641350967910518], [0.055174547967852546, 0.26322305101793675, 0.557231126084219, 0.12437127482999176], [0.043894487251093656, 0.18480646219828178, 0.26888121774376095, 0.5024178327068636]], "ideal": "B", "sampled": "A", "correct": false}}
{"type": "result", "data": {"idx": 5, "options": ["skin cell nuclear transfer", "stem cell nuclear transmission", "somatic cell nuclear transfer", "none of the above"], "probs": [[0.002043999454365382, 0.0005169123648280199, 0.9946450971345115, 0.0027939909462950494], [0.002320114232781668, 0.00045692014422107116, 0.0008018915342527561, 0.9964210739887445], [0.005181209637309096, 0.9874383783204282, 0.004035130133367056, 0.0033452818088956166], [0.007492056668592854, 0.9813175314675094, 0.009619908518358996, 0.0015705032455387144], [0.003586217660508133, 0.0015915611880309211, 0.00040249041951559417, 0.9944197306319453], [0.002175077405564643, 0.002315845157636017, 0.9942696097977995, 0.0012394675389998393], [0.0014928805839170768, 0.0009640436877973067, 0.9929445648653787, 0.004598510762906874], [0.0008546949000211903, 0.0005874884893976818, 0.0008029652258741599, 0.997754851284707], [0.0029610034554848133, 0.990378797416434, 0.004047122785438788, 0.002613076242642441], [0.0037950785553781735, 0.9885674279034533, 0.0051871661602979815, 0.002450327280870577], [0.001592935993594196, 0.002317929110340146, 0.0007069919306392147, 0.9953821428654265], [0.0014941431270864634, 0.0015907403681755274, 0.9937518628149459, 0.003163253589792136], [0.9989022032678776, 0.00037988333558628356, 0.00023032244681373828, 0.0004875908497224012], [0.9987193359449458, 0.0004876391910528317, 0.00033505663532997794, 0.00045796812867141], [0.998934955592146, 0.00040439562211067465, 0.00023033194305236877, 0.000430316742690961], [0.9990513878787471, 0.0003149570243697635, 0.0002032895272899675, 0.00043036546959308164], [0.9986413834853557, 0.00070937834351175, 0.00024511484950677986, 0.0004041232216257403], [0.9987499898513004, 0.0006664864211526916, 0.00017935118364810138, 0.00040417244389885404], [0.004040676317338692, 0.006662555749021066, 0.0005138488674926163, 0.9887829189661476], [0.002418724995446526, 0.02025430601450819, 0.9756644136623985, 0.0016625552276467398], [0.00217767149404543, 0.0015934437096022692, 0.0006642740356692976, 0.995564610660683], [0.0017962934772404711, 0.0031530686052168764, 0.990463402112342, 0.004587235705200727], [0.005514441531258749, 0.9873200906200946, 0.004866506856319234, 0.002298960892327403], [0.0055092753447386145, 0.9864133121230955, 0.003786542972979291, 0.004290869459186661]], "ideal": "C", "sampled": "C", "correct": true}}
{"type": "result", "data": {"idx": 6, "options": ["we allow the patient to harm him- or herself.", "we force doctors to harm the patient.", "we harm the patient's family.", "we harm the patient."], "probs": [[0.5905438290432914, 0.1493181792143848, 0.013888023391289398, 0.24624996825103443], [0.5091793640956965, 0.21226969794103975, 0.2725273128285431, 0.006023625034720608], [0.585765300344886, 0.07928375936631622, 0.02133448446091691, 0.3136164557278808], [0.08045241445211121, 0.048801094764360925, 0.8649166245624345, 0.005829866121093366], [0.44869251065138427, 0.5084643815679033, 0.036829173111572425, 0.006013934569139974], [0.39657106633667294, 0.5770074510067453, 0.014444357737897382, 0.011977124818684372], [0.045262422913954645, 0.7080998499143557, 0.016653992420118023, 0.2299837346515716], [0.025552980884809083, 0.7468104445203554, 0.2139525139187064, 0.013684060576129158], [0.01894671351303566, 0.016723512119045547, 0.8056474215599922, 0.15868235270792655], [0.01510621898082763, 0.014195052138681332, 0.0925459290131918, 0.8781527997672992], [0.0171063597431699, 0.046503375994497775, 0.9339246109408303, 0.002465653221501956], [0.03072577651395391, 0.06505505255459065, 0.006051405574717257, 0.8981677652567381], [0.0352254638708586, 0.7075655802315435, 0.027434141769660313, 0.22977481402793754], [0.013861918560537837, 0.5201558722110968, 0.45900943113416864, 0.006972777994196638], [0.02529920561957074, 0.03681508341614561, 0.8377946364699063, 0.10009107439437734], [0.01495817625681099, 0.02625919812590166, 0.14193281658522783, 0.8168498089320595], [0.009349452513217175, 0.14624916334344873, 0.8415487925861433, 0.002852591457190774], [0.015108944238986267, 0.36607856338890227, 0.01511118593247116, 0.6037013063396403], [0.06413728961173853, 0.8854327501945409, 0.04407796785618457, 0.006351992237535935], [0.045924849354529694, 0.9224502353139457, 0.024580694492220296, 0.007044220739304381], [0.04488692275427347, 0.05086922839930457, 0.9015466255091119, 0.002697223237310086], [0.10036713617671593, 0.053732969064515586, 0.0053202043446384266, 0.84057969031413], [0.03616653472852834, 0.028168826958011962, 0.9326948987195779, 0.0029697394938817657], [0.14080825438370329, 0.03561015056457687, 0.013098352103221567, 0.8104832428484983]], "ideal": "D", "sampled": "A", "correct": false}}
{"type": "result", "data": {"idx": 7, "options": ["preventive", "proportional", "equality", "retaliatory"], "probs": [[0.061489601712869886, 0.5148822154967067, 0.022623563562328888, 0.4010046191280946], [0.025436639167290314, 0.5109239096391185, 0.45084815121212846, 0.012791299881462704], [0.03375951171256367, 0.0035592795302345093, 0.19428468417308334, 0.7683965244841184], [0.018905026316895907, 0.0042193600675797345, 0.9108869778281342, 0.06598863568739013], [0.022531177065011506, 0.5458995058741856, 0.4251131810155632, 0.0064561359452397086], [0.04601551583318793, 0.7198402271447958, 0.027910264154134903, 0.20623399276788143], [0.6867207978778612, 0.09294438550995086, 0.046730370299762444, 0.1736044462124254], [0.6096947470601916, 0.0995488934354605, 0.2541430459736856, 0.03661331343066238], [0.6670044212941891, 0.035361298215458414, 0.14881714019517622, 0.14881714019517622], [0.3489307761789907, 0.0223131310664231, 0.5752472177715761, 0.053508874883010066], [0.44112933252793246, 0.44106820796392443, 0.09842201449660605, 0.019380444911537013], [0.46793824952562757, 0.46788105886833214, 0.02810005129704568, 0.036080640208994555], [0.01754898241180303, 0.012841170915520703, 0.31106731929823794, 0.6585425272744383], [0.015910926167412423, 0.01164274772979089, 0.8686887650736717, 0.10375756092912504], [0.02885803400974706, 0.7922671967727776, 0.12148538300199731, 0.05738938611547804], [0.012656136591437371, 0.3937117810020244, 0.5727667887974544, 0.020865293509083806], [0.029973027874454484, 0.7730862042367502, 0.09232022847173162, 0.10462053931706372], [0.012005951894965136, 0.3975825511106882, 0.5784055449993816, 0.012005951894965136], [0.16777266685307668, 0.06570775855202857, 0.7518590147925, 0.014660559702394821], [0.24751335472192323, 0.027775798093640048, 0.05188521016572575, 0.672825636918711], [0.12892106388970118, 0.7419128206297366, 0.10039806947647194, 0.02876804590409023], [0.15031231882293808, 0.7633874983195978, 0.04584212583648901, 0.040458056920975094], [0.30987806835406656, 0.05732826653067087, 0.05385013821051624, 0.5789435268047464], [0.09062400982618139, 0.020225997317433436, 0.8597286839139329, 0.0294213088424523]], "ideal": "B", "sampled": "B", "correct": true}}
{"type": "result", "data": {"idx": 8, "options": ["consequentialism", "Kantianism", "virtue ethics", "contractualism"], "probs": [[0.18924997498298043, 0.7484752437481468, 0.027262469395434617, 0.03501231177343821], [0.18628113974270066, 0.7367430136465359, 0.05013435202730355, 0.026841494483459807], [0.36054700072159485, 0.12459885142095357, 0.4629043271241959, 0.05194982063325569], [0.20778668485947718, 0.046364081808874164, 0.0205720206818861, 0.7252772125497625], [0.19656660345379567, 0.14380950635014128, 0.6444628569990728, 0.015161033096990214], [0.18295371496532864, 0.16145010260843135, 0.017016040127855573, 0.6385801421983844], [0.775984390150516, 0.15280038970673138, 0.03008628431888909, 0.0411289357238635], [0.6989732472272916, 0.20025558803096585, 0.0736653825698331, 0.027105782071909435], [0.7703093461736226, 0.08119064005078523, 0.06730269790444353, 0.08119731577114862], [0.762444943134506, 0.09106233326237673, 0.02956080365775124, 0.11693191984536608], [0.6769547332282763, 0.24903774485183217, 0.046063586514219046, 0.02794393530567247], [0.6112211228133598, 0.2887130307228251, 0.017337915910895254, 0.08272793045291986], [0.23112020324690988, 0.3362701597523843, 0.38102803340148933, 0.051581603499216526], [0.23576751085508105, 0.15221513636137768, 0.046420838160408234, 0.5655965145231331], [0.26386643829586737, 0.5585752420315864, 0.09706581889210594, 0.08049250068044031], [0.2657409468469088, 0.5625390149113674, 0.046175408130761306, 0.12554463001096255], [0.23278393818828325, 0.04879488686442692, 0.08562943147094851, 0.6327917433763414], [0.3336176474724966, 0.11529516369710746, 0.4853829434256915, 0.06570424530470442], [0.12936725311456684, 0.11416867150180614, 0.7444277744712574, 0.01203630081236954], [0.2076718549519248, 0.049327724453825945, 0.018144931435822492, 0.7248554890584267], [0.13743153341073425, 0.7908881379514564, 0.04461472522593735, 0.027065603311872004], [0.18374481537369755, 0.7267051825716567, 0.021943950632222212, 0.06760605132242344], [0.244424528604813, 0.03308116905905851, 0.05805172576001344, 0.664442576476115], [0.2741249830090123, 0.10084601603385428, 0.5802703564064002, 0.04475864445073326]], "ideal": "D", "sampled": "B", "correct": false}}
{"type": "result", "data": {"idx": 9, "options": ["institutional adequacy", "dispersion of causes and effects", "fragmentation of agency", "all of the above"], "probs": [[0.0007789632207011333, 0.015646267952147623, 0.015644256295351763, 0.9679305124317995], [0.005199333574857925, 0.680989255226265, 0.02991836659432731, 0.28389304450454983], [0.0009321752333292433, 0.0015371093137609847, 0.037233335348655326, 0.9602973800042545], [0.002071640924510231, 0.028599927265596504, 0.022271778484143346, 0.94705665322575], [0.00243555521794971, 0.007502773317226367, 0.46412268319566535, 0.5259389881691585], [0.0017519356430608722, 0.020050836171806825, 0.012160637079212245, 0.9660365910059201], [0.04132773542353468, 0.0007572836819392882, 0.01722781810924391, 0.9406871626852821], [0.6402251698919276, 0.004594360928448309, 0.012483118060015815, 0.34269735101960824], [0.1439006696989029, 0.6448833065738344, 0.001811783267325308, 0.20940424035993735], [0.0563131186938405, 0.6860735732009404, 0.2523736473781961, 0.0052396606270229415], [0.7143554903613717, 0.1593721722240315, 0.0021359705161492644, 0.12413636679844749], [0.5576596647815175, 0.14099175701401276, 0.26339619367930134, 0.037952384425168406], [0.00878546654964556, 0.00036277138390603285, 0.19995857515987175, 0.7908931868065766], [0.08370454178246033, 0.0017379351844848355, 0.014546366953987313, 0.9000111559790676], [0.009903672763388502, 0.7867631062606301, 0.004394887339234808, 0.1989383335367466], [0.01096043279158606, 0.7684697572455872, 0.1942727134820023, 0.026297096380824444], [0.09051873961921729, 0.14924253260662415, 0.0022663974335329334, 0.7579723302406256], [0.024287861886461343, 0.04537916030872397, 0.9114157847046566, 0.01891719300015814], [0.6768705030673083, 0.00276670828857598, 0.0713419667734223, 0.2490208217706934], [0.6449451077238131, 0.0017021245046978297, 0.008118750993944624, 0.34523401667754444], [0.7941945848400406, 0.09485868465979147, 0.0034550209513644183, 0.1074917094488035], [0.8966210637081504, 0.05732387020781615, 0.011286735907747496, 0.0347683300762859], [0.7662468719353343, 0.009646873950194276, 0.004556322923896202, 0.2195499310905753], [0.6651228713815674, 0.020087132311337554, 0.2772644728475568, 0.0375255233595382]], "ideal": "D", "sampled": "B", "correct": false}}
{"type": "result", "data": {"idx": 10, "options": ["the problem of massive world overpopulation over generations.", "the problem that the bad effects of current carbon dioxide emissions will fall largely on future generations.", "the problem that the compounding effects of greenhouse gas emissions require the current generation to, in effect, cooperate with future generations.", "the problem that countries are possibly biased toward the interests of the current generation, which largely benefits from carbon dioxide emissions."], "probs": [[0.006351225399544301, 0.14456018907463036, 0.8318221962386719, 0.017266389187153383], [0.007281249267412461, 0.5104665344486328, 0.24111584864332292, 0.2411363675406318], [0.0069033406154536394, 0.10144791067439926, 0.8493585637115235, 0.04229018489862357], [0.008882701594597722, 0.33332756903401656, 0.10821140798316772, 0.5495783212882179], [0.004810367885127513, 0.045641755475781594, 0.8089599306346624, 0.1405879459044285], [0.008438931510010926, 0.06235964398186308, 0.16949858723101044, 0.7597028371771155], [0.06385492143281389, 0.004925330334214503, 0.8814826069103934, 0.04973714122257825], [0.23180529040616873, 0.002420044614302307, 0.0517214187689088, 0.7140532461106202], [0.1438815788147268, 0.7306655279958373, 0.01338271652681325, 0.1120701765626227], [0.17069746663741886, 0.6751322186990448, 0.1506268970291004, 0.003543417534435955], [0.17717967298640674, 0.023980620397405256, 0.004721747543724812, 0.7941179589724632], [0.23590059634287938, 0.03618040604900676, 0.7266009741314242, 0.0013180233766896363], [0.05592421423481818, 0.0058957668754567975, 0.8748018712217569, 0.06337814756796817], [0.21463067667550295, 0.00326015052717993, 0.03291336422149003, 0.7491958084758271], [0.13944504101758717, 0.7081306041827296, 0.012969061683969071, 0.13945529301571413], [0.11289327888741514, 0.7361765807806039, 0.14494622668644588, 0.0059839135455350915], [0.1941240787084938, 0.033735926768961644, 0.004288736203151123, 0.7678512582193935], [0.09819741331210073, 0.07648429851458086, 0.8221609411676778, 0.0031573469056406338], [0.02455893592524139, 0.00201645676797715, 0.813266001593993, 0.1601586056127885], [0.05268867674419064, 0.002175351678901496, 0.3031991796960201, 0.6419367917808877], [0.05432935512013371, 0.27591267636509326, 0.007827039923884177, 0.6619309284908889], [0.034619439139945536, 0.42177968908652586, 0.5415213068435569, 0.0020795648299717167], [0.07419340923256265, 0.12232801580139857, 0.005721181636406358, 0.7977573932296324], [0.024559665361714774, 0.16015860091426942, 0.8132652028750448, 0.0020165307489710036]], "ideal": "D", "sampled": "B", "correct": false}}
{"type": "result", "data": {"idx": 11, "options": ["it fails to reconcile prima facie duties.", "it can run counter to a person's being able to integrate her commitments at various levels.", "it can run counter to the idea that persons are atomistic and individually rational actors.", "it fails to recognize that possibility that the persons are best understood in relation to one another."], "probs": [[0.019670773808536615, 0.507321132487169, 0.025257304966908468, 0.4477507886373859], [0.038786400105650855, 0.6875363587645593, 0.252912253116112, 0.02076498791367782], [0.016206541823189338, 0.006757285514405301, 0.6081420598730809, 0.36889411268932454], [0.042868580213394576, 0.006999364656579076, 0.6705727492598474, 0.2795593057701789], [0.05832633914177899, 0.12348633566336706, 0.8051702094423375, 0.013017115652516394], [0.07245993559485318, 0.6066996409383221, 0.03422737840796433, 0.2866130449588604], [0.38471724862637585, 0.20591389747300393, 0.024590838240033774, 0.38477801556058644], [0.33888646185925664, 0.1600884750383011, 0.49305328955947336, 0.007971773442968892], [0.3168914078770226, 0.020265777039471567, 0.07070278507328037, 0.5921400299102254], [0.29534411427405444, 0.014709442852456667, 0.48691698903936675, 0.2030294537341221], [0.29779934104818073, 0.20467062317704615, 0.49094910079402687, 0.0065809348807462495], [0.5012253148929738, 0.30397770521151296, 0.032039014094917766, 0.1627579657005954], [0.018095632389267886, 0.0058766109229064604, 0.8718811273478394, 0.10414662923998627], [0.02635779755950038, 0.008558884150587599, 0.7703020471456096, 0.19478127104430248], [0.01916351301878406, 0.38491367214476696, 0.03580081735004801, 0.560121997386401], [0.0226615857437772, 0.14778344858371698, 0.7504486547671402, 0.07910631080536569], [0.030897998315973584, 0.547694965740985, 0.04495501764726123, 0.3764520181957802], [0.02378078643107184, 0.328298406839572, 0.6133145449449634, 0.03460626168439276], [0.12629623160710332, 0.028186511482945098, 0.823565007929477, 0.02195224888047465], [0.598724535066746, 0.11789584728051673, 0.03377439776061395, 0.24960521979212325], [0.10808662444859164, 0.5489353002312427, 0.3329212106385337, 0.010056864581631988], [0.12035407645627441, 0.7847844811343073, 0.030428621348142927, 0.06443282096127528], [0.40526695223867065, 0.025914131434018894, 0.04839904389497739, 0.5204198723323331], [0.28769692936473557, 0.020845422635631893, 0.6090192828222389, 0.08243836507739354]], "ideal": "B", "sampled": "B", "correct": true}}
{"type": "result", "data": {"idx": 12, "options": ["often have to be made quickly and without immediate authorization.", "should be made with visibility and accountability by the highest-level officials.", "have no objective answer.", "none of the above"], "probs": [[0.3742760468271347, 0.6171397646644077, 0.004425777645302631, 0.004158410763154966], [0.4975975665099017, 0.4976688834746744, 0.003149507423963063, 0.0015840424914607674], [0.42944167499783387, 0.014699137329673987, 0.5513767188325136, 0.004482468739978571], [0.8772748479080457, 0.01607424351218643, 0.014178081975776092, 0.09247282650399177], [0.8986174408928476, 0.034851588094348566, 0.06509254087685536, 0.0014384300359485246], [0.9129507226150445, 0.014760595236227912, 0.006150960709670558, 0.06613772133905704], [0.05222744043800335, 0.9258345822684801, 0.01165318657858089, 0.010284790614935596], [0.05243950306261922, 0.9295967698175942, 0.011700322882707276, 0.0062634041370792605], [0.08225822763955858, 0.009827112265514708, 0.8843438163230108, 0.023570843671915916], [0.16299536527915254, 0.003603217223069131, 0.005577300618042765, 0.8278241167797356], [0.03183404945700756, 0.03608134585094201, 0.93028803093012, 0.001796573661930439], [0.2901198948262044, 0.009931384785430718, 0.003887518022645877, 0.696061202265719], [0.013200319539907216, 0.6360982288546947, 0.34041861710836513, 0.010282834397033003], [0.02265244506339867, 0.8501419313314647, 0.025668583473082342, 0.10153704003205428], [0.01026296996629308, 0.3398903934494761, 0.6349110059868787, 0.014935630497352196], [0.01187005010246906, 0.23844042884339267, 0.015241312159626774, 0.7344482087945114], [0.010906682863510127, 0.014911851274792989, 0.8138757632521023, 0.1603057025095946], [0.00842574567278245, 0.01574494234900235, 0.21729766187071686, 0.7585316500074983], [0.016227499861712652, 0.7819843574340527, 0.19768405657108817, 0.004104086033146482], [0.02621072779472906, 0.6760461375900695, 0.015898164007724893, 0.2818449705074766], [0.006999011780642152, 0.18052937801101437, 0.808951402547897, 0.003520207560446505], [0.011687343404938573, 0.16135413001487076, 0.0075460884483735755, 0.8194124380318171], [0.009538751060505994, 0.016744332098755643, 0.7118055893256655, 0.2619113274150729], [0.008121057737929272, 0.019485524702617264, 0.14394634046986374, 0.8284470769895897]], "ideal": "B", "sampled": "A", "correct": false}}
{"type": "result", "data": {"idx": 13, "options": ["to minimize damage incurred by all individual living beings.", "to minimize the suffering of all sentient creatures.", "to promote the functional integrity of ecosystems.", "to promote human welfare."], "probs": [[0.027055271042753733, 0.012006987849931906, 0.06490415352186507, 0.8960335874854493], [0.018046541725929108, 0.008526197911707157, 0.8695597335148811, 0.10386752674748259], [0.03335140918304569, 0.09066302058198347, 0.01575461355425485, 0.860230956580716], [0.014986746325709488, 0.05231214796323921, 0.9271866872554129, 0.005514418355638447], [0.019921769686528246, 0.8471241920318624, 0.0541531612658667, 0.07880087691574265], [0.015517081745861161, 0.8472310726250947, 0.12992137403020595, 0.007330471498838182], [0.03259948222665807, 0.012767518690895586, 0.11378551859501711, 0.8408474803874292], [0.021567729120757686, 0.009572515806406568, 0.9171117471242205, 0.05174800784861523], [0.04249973075270772, 0.08997454225913432, 0.013798221745544174, 0.8537275051426138], [0.01343095545625904, 0.04137372400431146, 0.941579202879921, 0.0036161175595084867], [0.018307611480816385, 0.8821554248803506, 0.04976483098489716, 0.04977213255393581], [0.015757546304192675, 0.8603672644771215, 0.1164305915790541, 0.007444597539631708], [0.06588891684329329, 0.01297577894984768, 0.011450257719924464, 0.9096850463869346], [0.03260794544835827, 0.008777578997485965, 0.9529466904621546, 0.005667784992001174], [0.0587692851187844, 0.011573752814019221, 0.01021336604448731, 0.9194435959227091], [0.025604289785575152, 0.008850102575731473, 0.9608078288311926, 0.004737778707500737], [0.03219050740563526, 0.9407487497281094, 0.022123846662100658, 0.0049368961041546386], [0.03213082536368186, 0.9390082096019093, 0.02502316911389873, 0.0038377958205100568], [0.7831603317042348, 0.01842464885834629, 0.02364812054862574, 0.17476689878879315], [0.8099304881868261, 0.02158746986774987, 0.1594835011217763, 0.008998540723647636], [0.7463499292984246, 0.019897406881739122, 0.019889172127550536, 0.2138634915922858], [0.827075147105997, 0.022044214384215832, 0.14372410739728686, 0.007156531012500278], [0.8853686094103604, 0.09332166118203461, 0.008679714287426078, 0.012630015020178909], [0.8887566236022156, 0.09368021572421707, 0.007689224060826975, 0.009873936512740256]], "ideal": "D", "sampled": "D", "correct": true}}
{"type": "result", "data": {"idx": 14, "options": ["consequentialism", "virtue ethics", "both A and B", "neither A nor B"], "probs": [[0.008051196841293197, 0.8213108570654125, 0.11114018129862986, 0.059497764694664466], [0.01053911935656156, 0.8373156368437722, 0.12839275872264744, 0.023752484977018786], [0.011810416845898323, 0.008642703903246523, 0.9383180983052821, 0.04122878084557304], [0.007410968542684574, 0.006145453919668565, 0.015690458703104322, 0.9707531187345425], [0.014680796561165523, 0.018855341110589823, 0.9083895247074434, 0.05807433752080121], [0.010043187894342984, 0.013729948408432608, 0.013728923953611128, 0.9624979396436133], [0.4907659856715737, 0.07529135287826717, 0.3372888636579604, 0.09665379769219871], [0.5118598689588962, 0.044748147640648786, 0.39865581246753445, 0.044736170832920454], [0.4890055255172841, 0.1401195709169214, 0.26174578903081436, 0.10912911443498012], [0.7016218408482274, 0.13816708530843053, 0.09494715324506124, 0.06526392049828085], [0.6396400450953469, 0.14272299673327726, 0.05588957398365287, 0.16174738408772293], [0.6989323082333965, 0.12146462815624422, 0.1376225090014312, 0.04198055450892811], [0.016487097401418835, 0.009396096580527358, 0.900218804159483, 0.07389800175857084], [0.014085607641138502, 0.00587328431847432, 0.052336413554278816, 0.9277046943861084], [0.027901326602768863, 0.8154269323045934, 0.031618778557704966, 0.12505296243493272], [0.02012206256279341, 0.8038386761624347, 0.15827898797508033, 0.017760273199691614], [0.01373048757386641, 0.13027609683243196, 0.006486514017242971, 0.8495069014764587], [0.019175667563826194, 0.023136144803298453, 0.9240257263529521, 0.03366246117992325], [0.022041479657135703, 0.006317105296595436, 0.685763792839111, 0.2858776221071578], [0.01758940156664435, 0.006080669389955494, 0.07405912923669616, 0.902270799706704], [0.02815880355974171, 0.6409154342691306, 0.02816230905780774, 0.30276345301332], [0.017163521540339333, 0.7298922905100622, 0.20910706675548935, 0.04383712109410908], [0.01394381020650489, 0.1167566497688308, 0.006587444868969414, 0.8627120950556949], [0.02284553033669466, 0.031234640565881433, 0.9126707245480155, 0.033249104449408484]], "ideal": "C", "sampled": "B", "correct": false}}
{"type": "result", "data": {"idx": 15, "options": ["will be seen as curiosities.", "will be scrutinized in relation to the person they are clones of.", "both of the above", "none of the above"], "probs": [[0.002926859749733333, 0.015825345992760732, 0.978821031809162, 0.002426762348343925], [0.007891153658705127, 0.07487109058673737, 0.005094853063237935, 0.9121429025913196], [0.01363109697623261, 0.02247636195756943, 0.9556224896752074, 0.008270051290990555], [0.03251138186769014, 0.10014869980565068, 0.02869225496196241, 0.8386476632646968], [0.01480986139811972, 0.008985230101686364, 0.26251913092339174, 0.7136857774768022], [0.04731915591025403, 0.01356021601376058, 0.10017976274436285, 0.8389408652316226], [0.010858427599677692, 0.006588837615969312, 0.9774226072350852, 0.005130127449267753], [0.05754695068382988, 0.0308063251411826, 0.011331858273183552, 0.900314865801804], [0.6415699026631222, 0.26743871061913066, 0.0676141159138666, 0.023377270703880567], [0.5884180090301587, 0.3149680208657427, 0.04829474183543898, 0.04831922816865954], [0.34966248661131144, 0.03685891296560807, 0.03685020696208414, 0.5766283933609964], [0.6804846042219636, 0.06330587629551136, 0.15182387920839013, 0.10438564017413499], [0.02208536978290352, 0.028363249809757348, 0.9391165268511406, 0.010434853456198573], [0.07793193164560337, 0.04727550879997541, 0.03681409290038539, 0.8379784665540359], [0.08801976492098697, 0.650445811566719, 0.23927265135854153, 0.022261772053752463], [0.13396788041348334, 0.6804163658062597, 0.10433840316499178, 0.08127735051526513], [0.0706375379694763, 0.13198397855654795, 0.037810637979740186, 0.7595678453942356], [0.10324448038366701, 0.17026185480257394, 0.40836636991093694, 0.3181272948028221], [0.007150012600452901, 0.015139019311867659, 0.041146691224833214, 0.9365642767628463], [0.005762043058187916, 0.017751492913580542, 0.5186886294708697, 0.45779783445736183], [0.010755763197769977, 0.05815245480170407, 0.021391046784141346, 0.9097007351163846], [0.010710111469026756, 0.13891788862921084, 0.7992669678664165, 0.051105031935345865], [0.009728483149937812, 0.3886263162586181, 0.036146358493508564, 0.5654988419979355], [0.01269283760819505, 0.3273995423833466, 0.3709453534901739, 0.28896226641828443]], "ideal": "C", "sampled": "B", "correct": false}}
