{"type": "result", "data": {"idx": 0, "options": ["essential to our existence", "unimportant to most people", "not essential to our existence", "rarely viewed"], "probs": [[0.015260214674228613, 0.02516903315617138, 0.9443022458306217, 0.01526850623897831], [0.031067108443000455, 0.27696314193367016, 0.027422252784327632, 0.6645474967390017], [0.021741369453717355, 0.9247140363123308, 0.046028155447220324, 0.007516438686731407], [0.021903670349193674, 0.931630252304824, 0.036114572525207556, 0.010351504720774814], [0.03720597286555087, 0.06136078697628493, 0.05414695653972897, 0.8472862835184353], [0.012089610560215935, 0.011363118388380621, 0.9024524436366279, 0.07409482731477549], [0.017092346124588112, 0.03401065414740356, 0.8768964482326724, 0.0720005513953359], [0.04676473063880611, 0.32470654514169317, 0.09303877345905326, 0.5354899506604475], [0.023375409723034996, 0.4144852636585171, 0.46962611894344514, 0.0925132075750027], [0.026855585943891563, 0.2548427567291818, 0.025234706556314792, 0.6930669506706119], [0.013262602165793702, 0.020550023245571956, 0.0360599560872738, 0.9301274184013605], [0.03362105983645713, 0.04318750796547376, 0.0554489389889926, 0.8677424931090765], [0.7358944572729419, 0.21089262001237635, 0.03233215392313014, 0.020880768691551636], [0.7946244762655812, 0.1565284816632016, 0.028945582715028447, 0.019901459256188764], [0.4027792678019401, 0.03748739664016317, 0.5172545525279459, 0.04247878292995069], [0.19442761739151426, 0.018090772250715176, 0.018086406210306903, 0.7693952040474636], [0.505222890203139, 0.1278003536439107, 0.34736950370483966, 0.019607252348110598], [0.1707091938486645, 0.052076455539971145, 0.011618730686682802, 0.7655956198246816], [0.07834541007200917, 0.21306093449794916, 0.12922799251229644, 0.5793656628177452], [0.010240753971862594, 0.021692735886357575, 0.9221429940674958, 0.045923515974283985], [0.031162326344959388, 0.03318868665311227, 0.07960387381529083, 0.8560451130866376], [0.04856166369701951, 0.027684018735010155, 0.06237777112040653, 0.8613765463475638], [0.04376544367659319, 0.32353826663845087, 0.6044087837172389, 0.028287505867716948], [0.057201789741518384, 0.13725595635033835, 0.015399691232233639, 0.7901425625759096]], "ideal": "C", "sampled": "C", "correct": true}}
{"type": "result", "data": {"idx": 1, "options": ["the state", "the justice system", "the body", "the soul"], "probs": [[0.0005879348190640809, 0.00040412123811358534, 0.0003566296982699719, 0.9986513141445523], [0.0008020006769809278, 0.00042929918757119405, 0.9965885799457528, 0.0021801200896950906], [0.0006252358896620492, 0.0014999301350149378, 0.000203010476715996, 0.997671823398607], [0.0008023492116918871, 0.0016986260268948509, 0.9970123403854626, 0.0004866842759507049], [0.002453282977444221, 0.9897192863088458, 0.006668554717657012, 0.0011588758960529985], [0.0024503556159867685, 0.9885439839971157, 0.008552362282710715, 0.0004532980041867509], [0.00031478093974838183, 0.00045803727892254045, 0.00033510472801027394, 0.9988920769533188], [0.0005180816820012758, 0.00045722196006234284, 0.997099756225475, 0.0019249400324614422], [0.0004575520014547461, 0.001324043614233159, 0.0002954435487794195, 0.9979229607355327], [0.0007068741160208181, 0.0011654768249472285, 0.995331833297168, 0.002795815661863932], [0.0016774341867199878, 0.9846189668709336, 0.010937928940464537, 0.0027656699018818094], [0.0016792638845959408, 0.9856916023098903, 0.010949831403861859, 0.001679302301651961], [0.0011684668508694827, 0.0005875991672873461, 0.00024495889925187065, 0.9979989749825913], [0.001030998873579181, 0.0007543356840899115, 0.9977571308041299, 0.0004575345382010447], [0.0009104802007231693, 0.0002956238701339827, 0.0002777102590553212, 0.9985161855700875], [0.001024086357958868, 0.00033249248462598153, 0.9910762716154489, 0.007567149441966222], [0.0035676841515456144, 0.9892199426743605, 0.006665213422611781, 0.0005471596514820769], [0.0035727131965895653, 0.9906082420621476, 0.0051981634334146865, 0.0006208812078480996], [0.9856650175421877, 0.010950198601923283, 0.0019028000435410395, 0.0014819837123479524], [0.9878373362192712, 0.00968476720160689, 0.0016828992455311933, 0.0007949972335907531], [0.9901525917848375, 0.006671853261460562, 0.001488651812181221, 0.0016869030415206784], [0.9923140288980131, 0.005207445723542107, 0.001316591345851131, 0.0011619339325936147], [0.9912876608689113, 0.005894710847959293, 0.001913635432971452, 0.000903992750157917], [0.990810186826357, 0.006676330841363072, 0.001489626147035343, 0.001023856085244496]], "ideal": "D", "sampled": "D", "correct": true}}
{"type": "result", "data": {"idx": 2, "options": ["right action", "good consequences", "happiness", "a good will"], "probs": [[0.014045155627982316, 0.0009558806740340369, 0.0002915527249740254, 0.9847074108730096], [0.012400049143838777, 0.0016782668439305802, 0.9850777076709448, 0.0008439762412858081], [0.0124109174488726, 0.0012289512797915877, 0.00037484179874896025, 0.9859852893725869], [0.010943511967449594, 0.0014811660465299207, 0.985133188842481, 0.0024421330435394537], [0.020222533591088766, 0.974418883222222, 0.003982243147193628, 0.0013763399394955498], [0.022814460606404924, 0.9701329685552269, 0.003964712000198085, 0.003087858738170055], [0.00153016309321365, 0.04200871199351568, 0.0003414634205016893, 0.9561196613927689], [0.0022799336752163234, 0.017933332508961012, 0.9790913034800061, 0.0006954302358166322], [0.0027942325487830626, 0.0006637365670049892, 0.001694877574077131, 0.9948471532101348], [0.0051668394112200765, 0.0016775179178772474, 0.984636379450954, 0.00851926311994871], [0.00750833167609612, 0.9834094365243099, 0.00750833167609612, 0.0015739000234978912], [0.009614282304603828, 0.980697871983139, 0.0051462520004621985, 0.004541593611795024], [0.002772540159270594, 0.009677316196177507, 0.000425234192763326, 0.9871249093517885], [0.002444685861191049, 0.008533040730275636, 0.9862517891319611, 0.0027704841765722383], [0.0024664879758840154, 0.0007522890236411206, 0.0016952844906863412, 0.9950859384097885], [0.006612066808504859, 0.002432559615436966, 0.9813340047709942, 0.00962136870506393], [0.006589474345295547, 0.9779870289332278, 0.012310713820948123, 0.0031127828005285295], [0.007481517796654856, 0.9798948234514192, 0.007481559240507183, 0.00514209941141876], [0.9927089425420954, 0.004057438177499817, 0.0013171681065473249, 0.001916451073857405], [0.9907035980741207, 0.005199137064198802, 0.001314501373076301, 0.0027827633886042254], [0.9924492807156501, 0.0052083583063227785, 0.0013168176272636447, 0.0010255432507635222], [0.9909156757615852, 0.005892655220286623, 0.0010239683460048054, 0.002167700572123293], [0.9931825527901887, 0.0035823148673100025, 0.0013177860698732628, 0.0019173461726279678], [0.9911061104370772, 0.004050808786650419, 0.0016885208180090405, 0.0031545598582632915]], "ideal": "D", "sampled": "D", "correct": true}}
{"type": "result", "data": {"idx": 3, "options": ["found in everyday objects", "nonexistent", "everywhere in the natural world", "not of this world"], "probs": [[0.0027960194894676126, 0.0007525946252273794, 0.0009663196388653534, 0.9954850661464396], [0.003572371607890172, 0.0007035011303121815, 0.9905260897068479, 0.005198037454949773], [0.0024685664719805065, 0.0007529204655138344, 0.0008531555058511669, 0.9959253574566544], [0.0019216595060788755, 0.0007069901529689444, 0.995449571059919, 0.0019217791810330872], [0.008445136688669086, 0.9761903198080513, 0.010843926673844024, 0.00452061672943564], [0.006617680755264332, 0.9822159649499657, 0.006617835820486204, 0.004548518374283834], [0.0021796234545071844, 0.0005866772502719845, 0.0008018700870192948, 0.9964318291082015], [0.0027871684202733955, 0.0008500990248563431, 0.9923071805367384, 0.004055551918131858], [0.0031674262053775063, 0.0011652914078376787, 0.0004563392710169676, 0.9952109430157678], [0.003162500419557494, 0.0021737139413984543, 0.9936369241440554, 0.0010268613949886533], [0.006543431582751865, 0.9712012635318094, 0.013852767967462326, 0.008402536817976465], [0.005804692689080236, 0.9762805598810903, 0.01577908066871169, 0.002135666661117708], [0.00406471768176346, 0.00033368485645427165, 0.0009655015679770988, 0.9946360957938052], [0.003165721151935853, 0.00048551515716895754, 0.9946541651458296, 0.0016945984450655793], [0.0040644973995755, 0.0008003965795502138, 0.0005501025401955208, 0.9945850033806788], [0.005898747803468441, 0.0009046808890516724, 0.992034928768744, 0.0011616424387359075], [0.01087956199210354, 0.9794453758635966, 0.005139371264822086, 0.004535690779477735], [0.015697647209826044, 0.9712515673656575, 0.010789091921317228, 0.0022616934031991576], [0.9916298201428919, 0.004052828454873575, 0.0011611098669123388, 0.003156241435322177], [0.9901032556189108, 0.006671622870175903, 0.0013136829718534758, 0.0019114384390598177], [0.9829132884221587, 0.004017172737108876, 0.002150154380944663, 0.010919384359787728], [0.9927518701078938, 0.0031599123660725438, 0.0019165015012418672, 0.002171715924791739], [0.9897338586910357, 0.007557175433239588, 0.0010227185492663181, 0.0016862472264583754], [0.9911366803980108, 0.006678586429373351, 0.0010241686938441625, 0.0011605643787716837]], "ideal": "D", "sampled": "D", "correct": true}}
{"type": "result", "data": {"idx": 4, "options": ["one does not know that one\u2019s actions are wrong.", "one knows that one\u2019s actions are wrong, but does them anyway.", "one knows that one\u2019s feelings are inappropriate, and does not act on them.", "one does the right action, but for the wrong reason."], "probs": [[0.010513639836462595, 0.9464144551531659, 0.03669492840198676, 0.006376976508384746], [0.007988426909803994, 0.9233452168900007, 0.06688379559514794, 0.0017825605050472953], [0.003135732740410098, 0.008523998509289504, 0.985204367107679, 0.0031359015426213454], [0.012194221985727121, 0.009497662188904177, 0.009497128541062516, 0.9688109871843061], [0.0027685051215292494, 0.01094988451104799, 0.9856239287748148, 0.0006576814926080465], [0.006546683741447858, 0.01779646342952921, 0.003970927738119396, 0.9716859249909036], [0.2986571894184734, 0.6322187408399099, 0.043024276970236405, 0.026099792671380264], [0.11792847538648396, 0.41163164842308353, 0.4664027107884575, 0.004037165301975036], [0.05750415166677106, 0.039525423645919586, 0.8995162946381511, 0.003454129949158251], [0.139182625631675, 0.03105909714843695, 0.12282490591789866, 0.7069333712019894], [0.030872907907870166, 0.06536149672859985, 0.9022281343852531, 0.0015374608782769087], [0.2577901131482213, 0.09483568920142198, 0.02892195932624063, 0.6184522382241161], [0.0039960237506208255, 0.01580487315593946, 0.9777751179263121, 0.0024239850671276056], [0.015359619100038063, 0.022348953991542582, 0.01196233679881411, 0.9503290900096052], [0.016211771882983034, 0.39277531595394627, 0.5714555222494293, 0.01955738981364141], [0.014704500871251533, 0.486940164619361, 0.20298022581270855, 0.29537510859667887], [0.013167289819484144, 0.027876266791472714, 0.03579292392681351, 0.9231635193622296], [0.008062765076534747, 0.028142461812498833, 0.9319041457203953, 0.03189062729057115], [0.0027706857592710026, 0.009670848496246522, 0.9864033697201965, 0.001155095924285963], [0.01226990353307482, 0.008433521177933547, 0.004514063914031198, 0.9747825112749604], [0.021250082148092955, 0.426808505611456, 0.5480097524068721, 0.00393165973357889], [0.07382221244199658, 0.6180829174912694, 0.10740553186484253, 0.20068933810189143], [0.01968791098019529, 0.019688887006227937, 0.01194181261989009, 0.9486813892936867], [0.007371691148729342, 0.017684313877832834, 0.9654777781877402, 0.009466216685697653]], "ideal": "B", "sampled": "B", "correct": true}}
{"type": "result", "data": {"idx": 5, "options": ["are the result of applying arbitrarily stringent standards.", "are based on linguistic confusions.", "are logically self-refuting.", "grow from the consistent application of ordinary standards."], "probs": [[0.07038988550250265, 0.029344043092413615, 0.042693620179382226, 0.8575724511257015], [0.028119768685921465, 0.0361084016704395, 0.9311803471989997, 0.004591482344639416], [0.0978104671705209, 0.06722351231858377, 0.015967050822306483, 0.8189989695885889], [0.01702001915001585, 0.05242794496253251, 0.9292391149345436, 0.0013129208529080512], [0.028140746606458985, 0.9319089216221971, 0.03188714236227705, 0.008063189309066866], [0.027807400053090882, 0.920870852463683, 0.045845644036907815, 0.00547610334631826], [0.03453221813893053, 0.19871839286729154, 0.07310411115439511, 0.6936452777393828], [0.024879520348399492, 0.14317706409215386, 0.8238638482735317, 0.008079567185914962], [0.04073279380936986, 0.07610061820655475, 0.16110202788516695, 0.7220645599989084], [0.03185703317122983, 0.14277507742285667, 0.8215615966602144, 0.003806292645699012], [0.040951300293904716, 0.822557685378944, 0.12613470815872052, 0.01035630606843073], [0.042000017312811645, 0.8436118810258733, 0.10075038492206921, 0.013637716639245902], [0.03196726509462694, 0.2084527406686443, 0.0319675854696069, 0.7276124086671218], [0.011478299807056534, 0.07484943766619899, 0.9117979233879763, 0.001874339038768228], [0.021797635917656984, 0.018072153552000446, 0.14213944300765485, 0.8179907674226877], [0.02448690972432972, 0.05184252406774861, 0.9188473613084243, 0.0048232047994974355], [0.024695769541810308, 0.9267216443076014, 0.04613701016267414, 0.0024455758879141326], [0.025280001065885196, 0.9486398157022072, 0.019687958803885183, 0.006392224328022409], [0.7237242513448788, 0.2349559681996885, 0.01325481208471141, 0.028064968270721188], [0.6708907157480652, 0.2796755296545512, 0.04859723286008385, 0.000836521637299695], [0.7402004795045534, 0.04732439410882417, 0.18714245141078117, 0.025332674875841274], [0.8077292616296858, 0.05163903264577451, 0.1093089970452331, 0.03132270857930655], [0.6282341217068375, 0.23111726865525967, 0.14017339953656094, 0.00047521000134192955], [0.7753414395370384, 0.19603378776685373, 0.012531839123130755, 0.016092933472977113]], "ideal": "D", "sampled": "D", "correct": true}}
{"type": "result", "data": {"idx": 6, "options": ["enter a particular society.", "set up a particular form of government.", "establish the principles of justice for the basic structure of society.", "establish the content of morality."], "probs": [[0.0013214431343411142, 0.0021787322823482932, 0.9959489468364383, 0.000550877646872212], [0.002793632572622493, 0.0019201577364907584, 0.000663600254312424, 0.9946226093365743], [0.005173082595877403, 0.985818082822529, 0.007526701255128214, 0.0014821332264653504], [0.0066348791640846155, 0.9847067446921364, 0.006634840514193669, 0.0020235355295853455], [0.0031346836759939263, 0.010941447585861212, 0.0010177410343532385, 0.9849061276037916], [0.0027529739075597714, 0.015842305361962128, 0.9801042592840491, 0.0013004613464290386], [0.0014978554214047305, 0.0016973379818243063, 0.9962537542910408, 0.0005510522057301096], [0.0024670560761491512, 0.0013206165872361136, 0.0009076424042228906, 0.9953046848323919], [0.004042202945469783, 0.9890826033762614, 0.005190148320909566, 0.0016850452573592056], [0.005188722222116508, 0.9887941591502702, 0.0035661366240142497, 0.0024509819035989757], [0.002168081439113654, 0.005893636583686969, 0.0007976442161725135, 0.9911406376610269], [0.0027634647038380753, 0.012384962840054324, 0.9838349063624425, 0.0010166659936650074], [0.9856651549961658, 0.009663473352519221, 0.002768548305905078, 0.0019028232454098711], [0.9850011500436255, 0.010942625580134546, 0.002154697103085676, 0.0019015271731541747], [0.9876956845293521, 0.008545565237141853, 0.002448253014677914, 0.0013104971188281794], [0.9881322105489465, 0.00854924069261131, 0.001156993363924943, 0.0021615552945172013], [0.9801213687835842, 0.013980968779053757, 0.004005543865764542, 0.0018921184715974648], [0.9849385926227887, 0.010941981286082108, 0.002441432573315491, 0.0016779934178136394], [0.006673174274307112, 0.002166600446506711, 0.0007487710371528301, 0.9904114541420334], [0.004052754281689911, 0.003576624665762635, 0.9916663199689911, 0.0007043009835563651], [0.005896527506956706, 0.0016894947574218739, 0.0007497153948094116, 0.991664262240812], [0.004590275253248768, 0.0035749766113114634, 0.9912134864869132, 0.0006212615485265273], [0.00960116859283575, 0.9793417717290627, 0.008472895477716064, 0.002584164100385538], [0.007513469462209007, 0.9840713637268076, 0.006630537432932362, 0.001784629278051069]], "ideal": "C", "sampled": "C", "correct": true}}
{"type": "result", "data": {"idx": 7, "options": ["modest changes to our personal habits, but not to our society as a whole.", "modest changes to our personal habits, as well as to society.", "drastic changes to our personal habits, but not to our society.", "drastic changes to both our personal habits and to our society."], "probs": [[0.004569974029851815, 0.11786262091606088, 0.006649294529947904, 0.8709181104241394], [0.007290126622710153, 0.14643321663963527, 0.8426101053865891, 0.0036665512510655053], [0.007720095573953454, 0.005648659544268446, 0.19910553105005432, 0.7875257137317238], [0.004997748275781909, 0.0056634753285792, 0.95240733337171, 0.036931442923928824], [0.00575779911410753, 0.40367398837609625, 0.5872865652173622, 0.003281647192434008], [0.009947942031501988, 0.5431523625169344, 0.023863530357696967, 0.4230361649938666], [0.036832230978330716, 0.008219022069533649, 0.0049848466621962685, 0.9499639001899394], [0.025557995387436472, 0.0106551165170256, 0.9590582456024006, 0.004728642393137366], [0.06602280326999008, 0.013001749315990269, 0.00951164285689451, 0.9114638044571252], [0.02563126752781352, 0.007817617965630397, 0.9618090269640129, 0.004742087442543196], [0.30309015396525646, 0.5662469246184565, 0.12633795987915503, 0.004324961437131991], [0.510480475814715, 0.4504974593078365, 0.013603410080287611, 0.0254186546971609], [0.00499070484689173, 0.030573102731511443, 0.17592659524463442, 0.7885095970769624], [0.0035445375590785508, 0.008503152930586712, 0.9827945165049405, 0.005157792905394163], [0.007764305687238026, 0.08347510296835903, 0.011296998371633744, 0.8974635928727692], [0.005115113141994366, 0.017854250691354066, 0.9747603980934147, 0.002270237973236766], [0.011772930313269389, 0.8253842914876994, 0.03626277660803176, 0.1265800014909994], [0.012113989696837761, 0.8493252000236365, 0.13023386287905564, 0.008326947300470003], [0.1523227248009772, 0.07195588962376445, 0.7735481279444054, 0.0021732575308529584], [0.315102766425706, 0.0703116984589754, 0.02586411711777666, 0.588721417897542], [0.5733069234262321, 0.3940384126250395, 0.028542265558948697, 0.00411239828977959], [0.6696201768010537, 0.2791454877535143, 0.04280454051490289, 0.0084297948305291], [0.4347436404934966, 0.0404414671898609, 0.14113649128203, 0.3836784009346125], [0.3275353315215246, 0.056921660947436226, 0.6119036083539957, 0.0036393990770435163]], "ideal": "D", "sampled": "D", "correct": true}}
{"type": "result", "data": {"idx": 8, "options": ["knowledge", "wealth", "community", "courage"], "probs": [[0.991140156523508, 0.005201583256560855, 0.0014900738419315995, 0.0021681862779996145], [0.9909289101400984, 0.0058930419751694295, 0.0016881431591810072, 0.0014899046255510836], [0.9901820196600315, 0.006672295590378716, 0.0012341295089012439, 0.0019115551406885833], [0.9925107955359999, 0.005208863563644287, 0.0013168505765535359, 0.0009634902238022953], [0.9895585330403063, 0.007556044146291357, 0.001397590639917348, 0.0014878320734849893], [0.9905272610673123, 0.006674713781606519, 0.001398975214428135, 0.001399049836653076], [0.004004560994650074, 0.9798991968916576, 0.012334294049338859, 0.0037619479643534047], [0.005763670643727388, 0.9693210110921087, 0.022794862235373175, 0.002120455928790803], [0.0006247831251504081, 0.0009090973167117885, 0.9968706438945322, 0.0015954755636056548], [0.0006257129306439372, 0.0006257798694558259, 0.0003565533941271411, 0.998391953705773], [0.0007541153591005244, 0.0010308155071400383, 0.9975066005817335, 0.0007084684520259799], [0.0005522480060167398, 0.0006662080183027047, 0.0002956279942254963, 0.9984859158814551], [0.004550700579796256, 0.9826880962482272, 0.009633463833848138, 0.0031277392381284697], [0.005143734643709386, 0.9802348951276255, 0.012338774134404727, 0.002282595994260332], [0.000908302711138445, 0.0008533270896615571, 0.9960594022027789, 0.0021789678964211547], [0.0008551874831425796, 0.0004578075320388525, 0.0003565333387731657, 0.9983304715460454], [0.0008541948089498349, 0.001167609013097761, 0.9971239618042083, 0.0008542342737441371], [0.0008549921612942376, 0.0008550766788206711, 0.0001908094772428552, 0.9980991215826422], [0.005820241030812464, 0.9788355576718687, 0.013961706803222868, 0.0013824943940959338], [0.004555735252936331, 0.9837783535135068, 0.009644267110131978, 0.0020216440234248905], [0.0010967988059848374, 0.0009679865328972746, 0.9971327189857334, 0.0008024955753844571], [0.0008551468739036304, 0.0005521892444304839, 0.00031462966122025116, 0.9982780341204457], [0.0008545481201517821, 0.0008028211840863286, 0.9975398125548892, 0.0008028180408726574], [0.0008551088787204646, 0.0007089848839232305, 0.00020313802292987347, 0.9982327681144264]], "ideal": "A", "sampled": "A", "correct": true}}
{"type": "result", "data": {"idx": 9, "options": ["perform the action that leads to the greatest total happiness.", "act only on maxims that we can will to become universal laws.", "behave only in such a way as a perfectly virtuous person would behave.", "place the interests of others above the interests of ourselves."], "probs": [[0.0058727668969963225, 0.9876468683537354, 0.00457374188415684, 0.0019066227651114785], [0.005860185900595565, 0.9855311226835904, 0.0075246521775514255, 0.0010840391382625587], [0.00517669978067278, 0.0066470928333753915, 0.9864955063430421, 0.0016807009429097041], [0.0045668824590688415, 0.006644909543286781, 0.002602199432317089, 0.9861860084653272], [0.003162102964154108, 0.00279059254600781, 0.9934977891131358, 0.0005495152767022237], [0.0048601758205424886, 0.005173780074128099, 0.004029333164799355, 0.98593671084053], [0.9789694563768091, 0.015823773102361098, 0.002279659365300884, 0.002927111055528886], [0.9835266470584669, 0.012380977341818693, 0.002940753762177419, 0.0011516217375369116], [0.9816685740805843, 0.012357555860849169, 0.003540520242758934, 0.0024333497158076107], [0.9832749393582595, 0.010923374204879608, 0.0040184899916203215, 0.0017831963452406058], [0.9794158538648504, 0.01583098087150696, 0.0035323951071805733, 0.0012207700564620804], [0.9819260652425894, 0.014006630175091387, 0.002286554643158876, 0.001780749839160334], [0.005875940581117737, 0.004038541678434399, 0.9881778009712451, 0.001907716669202825], [0.005872642838815027, 0.0040363143236431245, 0.0024481628143763934, 0.9876428799231655], [0.009593202979387632, 0.978534926694826, 0.009593243026255483, 0.002278627199530931], [0.010830053760996597, 0.9748944371342059, 0.012272109870477627, 0.002003399134319846], [0.006645744388905934, 0.0048622564857609026, 0.0021576472237487924, 0.9863343518015844], [0.006643047638159375, 0.005862554498106829, 0.9859164668817064, 0.0015779308820273673], [0.004053921833690646, 0.002965958970077845, 0.9919550841844884, 0.0010250349117430508], [0.00662780188260126, 0.004849173059879386, 0.004849133478666725, 0.9836738914788526], [0.010886368641014915, 0.9799619586450518, 0.007482157294503897, 0.0016695153194294576], [0.012335521027040995, 0.9799364692443594, 0.00514230545279999, 0.0025857041757996065], [0.0058479430257036315, 0.008508882246551627, 0.0021514354162100614, 0.9834917392115347], [0.006636491818616578, 0.006636588210507518, 0.9849406341259898, 0.0017862857448861008]], "ideal": "B", "sampled": "B", "correct": true}}
{"type": "result", "data": {"idx": 10, "options": ["maximizing the utility of all sentient beings.", "God\u2019s commands.", "the agreement of rational persons choosing the terms of their interaction.", "the purposive order of nature."], "probs": [[0.005182645895880543, 0.004573766791858047, 0.987637459030264, 0.0026061281819974155], [0.002969282053061602, 0.002312642345632001, 0.0015895131896753315, 0.993128562311631], [0.012218625367805687, 0.9706473560315129, 0.013845381545101914, 0.0032886369555794946], [0.013806323821624897, 0.9679051252471678, 0.013806278186817745, 0.004482272644389539], [0.0024635770769719286, 0.0023144462560713143, 0.001318818653832237, 0.9939031579131246], [0.006631117641688903, 0.006631278760490957, 0.9841406736496824, 0.002596929848137747], [0.0040326723792495035, 0.007534059627747282, 0.9867520866802884, 0.0016811812127148], [0.0024619769176585475, 0.0027899233137224713, 0.00149340571583763, 0.9932546939527813], [0.007479496240955594, 0.9796248582918597, 0.010882517490463385, 0.002013127876721294], [0.005844484473312473, 0.9828911483445231, 0.008503622011488127, 0.0027607450706763435], [0.002314690161266338, 0.001919109868144408, 0.0016936294654448486, 0.9940725704051444], [0.002617855599318293, 0.0035781915964664874, 0.9921136971159211, 0.0016902555882941355], [0.9735484611867768, 0.017831544355478835, 0.0051088102863423536, 0.0035111840714019994], [0.9751357235408478, 0.01576194693478266, 0.005117166216366823, 0.003985163208002696], [0.9797561985011094, 0.01088432712738983, 0.00582590898559684, 0.003533565285903909], [0.9834528733867041, 0.008508733619468243, 0.00401923207000292, 0.004019160823824742], [0.983212938047511, 0.009639410790347368, 0.004018275736425601, 0.003129375325716046], [0.9832675017936032, 0.009639936653202239, 0.003546307618537009, 0.0035462538346574665], [0.0024643001901386583, 0.0021749082385943306, 0.0011642236191986679, 0.9941965678520683], [0.006622435072613322, 0.008503601903300767, 0.9828540702405278, 0.002019892683558049], [0.0023157056354025716, 0.001495297761031939, 0.0016943823962797596, 0.9944946141072857], [0.004046056347610883, 0.0031511259170158377, 0.9900219264284527, 0.002780891206920586], [0.01386538424759431, 0.9720429107215742, 0.010798348299938032, 0.003293356630893413], [0.010845421973496729, 0.9762759110463177, 0.009570992802441234, 0.0033076740777443097]], "ideal": "C", "sampled": "C", "correct": true}}
{"type": "result", "data": {"idx": 11, "options": ["religion.", "physics.", "psychology.", "art."], "probs": [[0.04707985734640167, 0.8346762044737347, 0.11295869179251955, 0.005285246287344032], [0.0732312884351636, 0.13682224166509832, 0.002506297331208722, 0.7874401724685294], [0.04175804627607157, 0.9505752993341436, 0.005309769060284656, 0.002356885229500058], [0.059084937872875665, 0.9244035053036416, 0.008513030583071783, 0.00799852614041097], [0.04131353554722622, 0.1272652567958321, 0.0015051064212733068, 0.8299161011356684], [0.06596949265808993, 0.7093738450367585, 0.20323194726551122, 0.021424714939640363], [0.05435086722930733, 0.6622407954660081, 0.27604907426959463, 0.007359262935089896], [0.08762262120117977, 0.0773310381185358, 0.003616979546545758, 0.8314293610337387], [0.032568694158708555, 0.9519266777777746, 0.008235599166611658, 0.007269028796905134], [0.08274794875264968, 0.8897545079906225, 0.011199663068734007, 0.0162978800879938], [0.07094026022442994, 0.0626073962921165, 0.002142505611424264, 0.8643098377720293], [0.1478908042550544, 0.5162885717270187, 0.3131332356319877, 0.02268738828593914], [0.1449624691036019, 0.8343896805153191, 0.016267829687086403, 0.004380020593992546], [0.1759339308754243, 0.7886031358518713, 0.014444164933452092, 0.02101876823925238], [0.07464666271065215, 0.9095822093178886, 0.008376876381977484, 0.007394251489481739], [0.2378556143154749, 0.7327938113224561, 0.009819560729007642, 0.019531013533061314], [0.13971266988605724, 0.8041413647184035, 0.01077560098847647, 0.045370364307062865], [0.21286089597267924, 0.7431050496749388, 0.018603067739293076, 0.025430986513088876], [0.0232148698718009, 0.10405003580021213, 0.0014842608208192947, 0.8712508334071677], [0.03588110455437473, 0.5613623051722858, 0.385801073636724, 0.016955516536615454], [0.026537285657795888, 0.0926301537793093, 0.0019225706013161776, 0.8789099898615786], [0.07344047157239789, 0.6150117664823956, 0.29050020083953904, 0.02104756100566743], [0.03594695001153059, 0.927257470372244, 0.014986739366790425, 0.021808840149434964], [0.05816328767485531, 0.9099690113803712, 0.012979354417977712, 0.018888346426795762]], "ideal": "C", "sampled": "C", "correct": true}}
{"type": "result", "data": {"idx": 12, "options": ["duty.", "justice.", "virtue.", "supererogation."], "probs": [[0.13801049310757565, 0.2921450250807865, 0.023980887948278982, 0.5458635937633588], [0.14636133752863725, 0.45080900628593684, 0.39781979111432303, 0.0050098649711028224], [0.10543825869095419, 0.07246658475220422, 0.2865902589939888, 0.5355048974628528], [0.11173279091189682, 0.05277961963897228, 0.26801370987718776, 0.5674738794719432], [0.084160213596892, 0.48428697903517004, 0.42736126674792846, 0.004191540520009463], [0.1255852200747078, 0.5628130739393893, 0.010308733765780615, 0.30129297212012235], [0.09719738689127326, 0.43559737469510507, 0.031553861808544914, 0.43565137650507674], [0.08846589597152708, 0.5090633275989158, 0.39644883962005606, 0.0060219367095010095], [0.09121136434366663, 0.09121016480018171, 0.4087572127824349, 0.40882125797371677], [0.11548013811923397, 0.0899338708737879, 0.2770100194384306, 0.5175759714685475], [0.04947939905580579, 0.4142746940372664, 0.5319207329960245, 0.004325173810903246], [0.09356570569686552, 0.47516585247685994, 0.011895544294022582, 0.4193728974322519], [0.02280123429660917, 0.4041544315937828, 0.21632372363771654, 0.3567206103718915], [0.011333376336951842, 0.4252752128604239, 0.13806532527713156, 0.42532608542549266], [0.041618593812471356, 0.2713841603562833, 0.23949064106959492, 0.4475066046616504], [0.017523097101079143, 0.3306330187184371, 0.22724053557679777, 0.424603348503686], [0.008985008876151465, 0.2176839817529048, 0.6704836958258724, 0.10284731344507131], [0.013137117124801827, 0.49294865493724055, 0.4350256653814528, 0.058888562456504805], [0.14047726982188086, 0.5555778136462226, 0.297373117618187, 0.006571798813709545], [0.19468231533510683, 0.5996289263804193, 0.010983301345992163, 0.19470545683848167], [0.14466649227118875, 0.5049130817319674, 0.3470168157105964, 0.0034036101862474507], [0.2296917830424155, 0.5509569274102768, 0.01663807475034966, 0.202713214696958], [0.13696898314523448, 0.07331645378755819, 0.6955584183301593, 0.09415614463704801], [0.16504302481754202, 0.11342860941732145, 0.6527177033657887, 0.06881066229934785]], "ideal": "B", "sampled": "A", "correct": false}}
{"type": "result", "data": {"idx": 13, "options": ["one and the same thing", "both nonexistent", "two distinct things", "imaginary"], "probs": [[0.9977653757360663, 0.0007544810621387994, 0.0008547785735894288, 0.0006253645282055331], [0.9972754318474769, 0.0008028260256215921, 0.0007540002134006313, 0.0011677418135008994], [0.9965940025184543, 0.002180368852088919, 0.0007078047426738107, 0.0005178237867829289], [0.9961652577888568, 0.0024695270253899297, 0.0009084337927265452, 0.00045678129302669326], [0.9973057804827251, 0.0009096663211480291, 0.000754006390874301, 0.001030546705252544], [0.9964309962574914, 0.0012421560280518494, 0.0019236274590587817, 0.0004032201553979663], [0.003892657812748674, 0.9525301456607776, 0.04184979572960887, 0.0017274006968647677], [0.0040091165936955294, 0.9810107127913311, 0.0074900992273258275, 0.007490071287647526], [0.0019231210333240556, 0.0009670733645237351, 0.9962013303750993, 0.0009084751270529359], [0.0015000021643747112, 0.0004575021618919944, 0.0002953947806374791, 0.9977471007930958], [0.0019069564706712461, 0.0005816186664884997, 0.9878270235811378, 0.009684401181702428], [0.002469084773504455, 0.0008016392506405085, 0.0005864976751409744, 0.9961427782007141], [0.003581228363194807, 0.9930073424841728, 0.002789083348101386, 0.0006223457045310266], [0.004590395861816348, 0.9912863015600022, 0.0035750301373137835, 0.0005482723408676782], [0.0016989024110760035, 0.00045729654475954113, 0.9972187683366032, 0.0006250326075612323], [0.001925436761339848, 0.000379168192003539, 0.00026060963613811183, 0.9974347853105185], [0.0024694330015118146, 0.0006646820144010225, 0.9962414828658028, 0.0006244020182843609], [0.0027976263867656717, 0.0008015793174190252, 0.0003341777728869295, 0.9960666164229284], [0.0031492800338485563, 0.9894892526937065, 0.004582218614682137, 0.0027792485577628778], [0.003931713818944896, 0.9620903287946754, 0.03291970171437611, 0.0010582555720035725], [0.001912999653757427, 0.0004544023818781953, 0.9909554652800246, 0.0066771325843397395], [0.0024695895592691513, 0.0006647214422480235, 0.0005176883032755215, 0.9963480005952073], [0.0019233021613431613, 0.0010295284300876626, 0.9962939479261135, 0.0007532213824556455], [0.002178820248712583, 0.001321577800418884, 0.00042908147215671433, 0.9960705203787118]], "ideal": "A", "sampled": "A", "correct": true}}
{"type": "result", "data": {"idx": 14, "options": ["rational", "artificial", "constitutional", "fair"], "probs": [[0.008453964012798732, 0.9771662669696052, 0.003524186686848153, 0.010855582230747899], [0.004546516364976821, 0.9817894057304042, 0.010906393321851018, 0.002757684482767998], [0.018956475774565128, 0.0014620657667663089, 0.9134118052034393, 0.06616965315522919], [0.004604669241507701, 0.0002440889341431583, 0.0008002223250099464, 0.9943510193993392], [0.005876236591205369, 0.00457665742994116, 0.9882358305866286, 0.0013112752922248615], [0.004065514099103289, 0.0008006587538393683, 0.0003135300152295293, 0.9948202970318278], [0.9009599159747115, 0.057600737151758535, 0.0018516412442612094, 0.03958770552926873], [0.8600680121749478, 0.13189975172164597, 0.006566830350300144, 0.0014654056531060921], [0.8854886073986751, 0.004647761468156494, 0.004100950798843491, 0.10576268023432492], [0.9546499371033303, 0.008261134535199308, 0.03266762069075909, 0.0044213075707112675], [0.887322073189046, 0.10598129871660343, 0.005276371865712955, 0.0014202561286376758], [0.9114936681902529, 0.08478785945969733, 0.002259551485128232, 0.0014589207649215092], [0.009326269013423061, 0.022373929846762536, 0.839547881060169, 0.12875191997964539], [0.002464628560809275, 0.0024647866528023587, 0.000751710372270746, 0.9943188743141176], [0.003524190784258106, 0.977166241032982, 0.008453969376342909, 0.01085559870641694], [0.0024312136004137016, 0.9808233632810951, 0.013990422058484555, 0.0027550009600066333], [0.002468856019558231, 0.0008016111574523836, 0.0007073808136892953, 0.9960221519093001], [0.003142765698847229, 0.006653492725865543, 0.9874300744822123, 0.0027736669930749584], [0.005765152046446609, 0.022802395281940245, 0.9695606034323118, 0.001871849139301379], [0.002793331909580972, 0.0024652593245746614, 0.00022931106302357573, 0.9945120976028208], [0.005848094328848228, 0.9835125572349763, 0.007509015799970412, 0.0031303325362050643], [0.007519419439043887, 0.9848712844393049, 0.005168008855783074, 0.002441287165868143], [0.003590905584826263, 0.0001482478551469104, 0.0005862331036801162, 0.9956746133563467], [0.008535529570700234, 0.00130912182893414, 0.9865969632021043, 0.0035583852982613135]], "ideal": "D", "sampled": "B", "correct": false}}
{"type": "result", "data": {"idx": 15, "options": ["a mind", "absolute existence", "material substance", "a material universe"], "probs": [[0.9912553040281022, 0.006680009094609827, 0.0011606698632151316, 0.0009040169140727375], [0.9893763530821953, 0.0075550879181037695, 0.0011584666171325212, 0.0019100922825684094], [0.9902555552960256, 0.007561612090089854, 0.0011595034514528116, 0.0010233290624317392], [0.9902216996309428, 0.00756135365686214, 0.0009030011901583685, 0.0013139454220367612], [0.9900036687367179, 0.006671368831240051, 0.0011591955128843975, 0.0021657668191577355], [0.9906947554325977, 0.006676167146306866, 0.0013144621174694846, 0.0013146152036259944], [0.0027780838059221396, 0.989070863643331, 0.0066640513528701895, 0.0014870010978766414], [0.003560719101468422, 0.9872953354487285, 0.004571937051812823, 0.004572008297990205], [0.0016983989634435498, 0.001030166097655384, 0.9969153917853599, 0.000356043053541103], [0.0011689158005899188, 0.0002955753668712485, 0.00016841067280501203, 0.9983670980597338], [0.002795431139174106, 0.0008009567023176355, 0.9952382115353253, 0.0011654005231829067], [0.0015004566344802167, 0.00013958194553883435, 0.0002954759773090587, 0.9980644853426719], [0.004025101844495778, 0.9849284142559583, 0.009655399686536677, 0.0013910841130091525], [0.00457840745274826, 0.9886805554583852, 0.004578306869908784, 0.002162730118957733], [0.0016983636007097162, 0.000909116134322141, 0.996905879926325, 0.0004866402386431389], [0.0011689271374069599, 0.00031464019052632614, 0.00013962074690146583, 0.9983768118251652], [0.0019241235337616974, 0.0005513096546100824, 0.9967224190970022, 0.0008021476146259775], [0.0008038352334856524, 9.019803940269078e-05, 0.00019093863591779643, 0.9989150279911938], [0.0024419018586395135, 0.985133552892674, 0.009657476681424476, 0.00276706846726197], [0.003128074643364064, 0.9828263139267343, 0.012371219964134804, 0.0016743913657669078], [0.0009095682948545426, 0.0006251731666044849, 0.9974345172744247, 0.0010307411641162373], [0.0007093665728466116, 0.00019094344925914443, 0.0001909378613237311, 0.9989087520165705], [0.0013224722846294848, 0.0010300133529561018, 0.9967385307063366, 0.0009089835560778033], [0.0005525429293992359, 0.00019097146781236695, 0.00020327943437524468, 0.9990532060684132]], "ideal": "A", "sampled": "A", "correct": true}}
{"type": "result", "data": {"idx": 16, "options": ["duty and charity.", "egoism and altruism.", "rights and privileges.", "positive and negative rights."], "probs": [[0.29243062711827233, 0.7015109962853011, 0.0023768291752560918, 0.0036815473211704204], [0.3735690055936323, 0.6159258875723996, 0.00684219409361954, 0.003662912640348529], [0.8076388276661509, 0.007918971626781453, 0.1802033939228093, 0.004238806684258296], [0.8838387262509374, 0.004638874971982002, 0.005955075933264376, 0.10556732274381626], [0.5394160767711438, 0.039078172442504645, 0.42008200445001226, 0.0014237462363392856], [0.8580916847407313, 0.02286795081573934, 0.0029073338032127153, 0.11613303054031662], [0.1029260835651541, 0.8617777823782216, 0.005806613375520737, 0.029489520581103656], [0.10350318650041866, 0.8666161603375953, 0.01587236805529377, 0.01400828500669227], [0.6046221441473905, 0.016114715980417395, 0.3667125218195261, 0.01255061795266604], [0.9189366081151126, 0.02161327790610798, 0.019071758375303432, 0.04037835550347605], [0.4804773794697418, 0.08349645135493512, 0.42399602313605655, 0.012030145939266554], [0.8130020882456062, 0.11002488891360282, 0.010233867645592292, 0.06673915509519875], [0.008016746204727867, 0.7216490006947205, 0.26547132870151535, 0.004862924299036326], [0.011159326686629998, 0.7823362270946329, 0.008690907262378592, 0.19781353885635844], [0.013833473383617354, 0.6665457461609013, 0.31483927248682575, 0.004781507868655546], [0.0190174030371921, 0.9163430793063106, 0.019017144129503363, 0.045622373426993844], [0.013653671698206488, 0.003452643835356473, 0.08364148639673154, 0.8992521979697055], [0.0661519467764506, 0.10906842349869093, 0.33595076199986745, 0.488828867624991], [0.022419120978441537, 0.8412917800632029, 0.1290100059915172, 0.007279092866838267], [0.033294891441253235, 0.8587087976242679, 0.005435365798257832, 0.1025609450362211], [0.1595018978178556, 0.4912936168715723, 0.337648337431035, 0.011556147779537068], [0.17474721385664674, 0.783162720835265, 0.007677968786459134, 0.034412096421629144], [0.12132827251368379, 0.0039009237918275984, 0.17652582801739772, 0.6982449755770909], [0.5373652176494556, 0.06417804477630681, 0.22399335918620245, 0.17446337828803515]], "ideal": "A", "sampled": "A", "correct": true}}
