{"type": "result", "data": {"idx": 0, "options": ["Aging is related to an increase in vaginal lubrication", "Aging is associated with an increase in the frequency and number of orgasmic contractions in both sexes", "There is no significant relationship between aging and sexual responses in either sex", "Aging is related to some loss of erectile rigidity in the male"], "probs": [[0.007188395362385396, 0.004097754667834047, 0.04687585597526263, 0.9418379938945179], [0.003322451453983127, 0.005147988203293482, 0.9806308290998654, 0.010898731142857934], [0.004984146868459286, 0.094063683458849, 0.008218306039399007, 0.8927338635332926], [0.0016492734863259085, 0.025804140392255627, 0.9680613446171781, 0.004485241404240424], [0.004774995329090496, 0.9688047886426301, 0.015656605620267803, 0.01076361030801159], [0.005399444694129645, 0.9668053308369501, 0.0177047072632666, 0.010090517105653654], [0.0062750836484523585, 0.0026169509169916717, 0.059537945078732196, 0.9315700202558238], [0.0027575598637928573, 0.0031257966741471454, 0.981752967860912, 0.01236367550114796], [0.00727532710468504, 0.03261210022512102, 0.0068357004745380695, 0.9532768720956558], [0.0024380126431230082, 0.00851247505942897, 0.9835523305760726, 0.0054971816213753725], [0.008292775186454418, 0.9586548210372573, 0.01755580601687912, 0.015496597659409148], [0.008742427436240421, 0.9494656305751955, 0.03248241164865662, 0.009309530239907406], [0.022663376579371796, 0.005733033013089479, 0.007358775264366727, 0.9642448150431719], [0.0017941547790612043, 0.003353094042394411, 0.989323803095739, 0.00552894798280541], [0.020038434991006493, 0.006114354282484269, 0.007848513216829486, 0.9659986974096797], [0.003140680793909301, 0.00486640549735595, 0.9868113615837057, 0.005181552025028966], [0.01757708377607644, 0.9598922305453736, 0.013689646905204597, 0.008841038673345271], [0.015506884897569155, 0.9595929292160692, 0.017572254865379625, 0.00732793092098205], [0.9673337480479656, 0.011450738106396246, 0.0065187813435696, 0.01469673240206853], [0.9697958218651823, 0.008940839579113315, 0.01776295416386244, 0.003500384291841933], [0.9627783387195373, 0.010708592930749154, 0.00886757680002937, 0.017645491449684133], [0.9670501251319539, 0.01075530972381751, 0.017712771709316986, 0.004481793334911619], [0.9623824621443766, 0.025661134205556185, 0.00690327095225243, 0.005053132597814796], [0.963082203649872, 0.025677614162543636, 0.0064895689184252744, 0.00475061316915913]], "ideal": "D", "sampled": "D", "correct": true}}
{"type": "result", "data": {"idx": 1, "options": ["\u201cBlank slates\u201d", "Less intelligent than adults", "\u201cLittle scientists\u201d", "Shaped by culture"], "probs": [[0.008514668817406909, 0.004558602361312118, 0.9841618566707265, 0.002764872050554453], [0.015736557153325094, 0.0065612050941433395, 0.003979327058531862, 0.9737229105939997], [0.010803685084190716, 0.9726091470135516, 0.010803596608542097, 0.0057835711937155405], [0.007479930594264077, 0.9797971028645194, 0.009604224719542415, 0.0031187417216741726], [0.017788762713650656, 0.0057763198109168626, 0.005097214737739903, 0.9713377026376926], [0.010865434515249116, 0.008464212354258987, 0.9780891451220735, 0.0025812079084184354], [0.005156320412380821, 0.008502910667934682, 0.9825674090835943, 0.003773359736090139], [0.007456327145443411, 0.012295612936220664, 0.0035226849594837016, 0.9767253748588522], [0.00446110534190953, 0.9633841883122052, 0.0290882990345332, 0.003066407211352107], [0.0057212928735153054, 0.9621979696193025, 0.019968213099405684, 0.012112524307776543], [0.008452703543282238, 0.004817330448461045, 0.00957919318506567, 0.9771507727231911], [0.0037805420476528483, 0.001901463426011708, 0.9846632757041014, 0.009654718722234083], [0.9807910783414316, 0.012348339360202092, 0.003537298095470704, 0.0033232841028955763], [0.9811983294870801, 0.01235414692380791, 0.003324323164105116, 0.003123200325006857], [0.9787627201346605, 0.009596976546246768, 0.00581991761476993, 0.0058203856043228756], [0.9715173285339547, 0.009525871528825825, 0.005098021457775605, 0.013858778379443847], [0.9822490394990429, 0.010914782261843777, 0.004548696884278535, 0.0022874812548348104], [0.9751488840038319, 0.010834876213845912, 0.006570411902308492, 0.007445827780013622], [0.0196769625722019, 0.02526920064629943, 0.00680111338426538, 0.9482527232972333], [0.012073673021923562, 0.025566771130398035, 0.9591088807636658, 0.003250674984012519], [0.01366503660697328, 0.01064465353284898, 0.017547601701047674, 0.95814270805913], [0.00515629113094529, 0.003773335562116917, 0.982568075258183, 0.008502297948754737], [0.008407786113304094, 0.9719171570830504, 0.017798635423199115, 0.0018764212804464478], [0.012051741423294293, 0.9574422845647398, 0.019869312037694983, 0.01063666187427091]], "ideal": "C", "sampled": "C", "correct": true}}
{"type": "result", "data": {"idx": 2, "options": ["about 68% of the observed scores for the test population lie within 15 points of the mean score", "about 68% of the individuals with a given cure score will have observed scores within 15 points of the true score", "about 15% of the scores are in error (i.e., they are not measuring the trait reliably)", "differences of up to 30 points represent the same true score"], "probs": [[0.10925074826142367, 0.8072292876958205, 0.07508990045165496, 0.008430063491100892], [0.09949391311951182, 0.8330225952773516, 0.03896625250129376, 0.0285172390018428], [0.21072954810675046, 0.04704086677009947, 0.7354488676865645, 0.0067807173365856035], [0.6725591715843829, 0.06256217974265833, 0.1324025631234612, 0.13247608544949757], [0.2476477280395656, 0.05883778861336325, 0.6731763575012959, 0.020338125745775218], [0.722230559349066, 0.07612759797053227, 0.1254969890664944, 0.07614485351390739], [0.7213710063936659, 0.23418194423983615, 0.03591296505803641, 0.00853408420846154], [0.6977251145375724, 0.25662368437829475, 0.027053737909421487, 0.018597463074711395], [0.8471387714241746, 0.08929185546823198, 0.054155771346518, 0.009413601661075435], [0.8494181104562392, 0.06972449072578048, 0.04791606964525292, 0.03294132907272744], [0.6595814872779191, 0.05087470213574253, 0.27496705157534035, 0.01457675891099804], [0.8440188107105469, 0.04474157377856125, 0.0785059829521713, 0.032733632458720595], [0.009869633317984974, 0.6918665166777794, 0.28838882329768867, 0.009875026606546903], [0.012344036939848946, 0.7636843153639314, 0.0912125459527214, 0.13275910164349825], [0.01503027875932252, 0.8735944536226379, 0.09207019740572783, 0.01930507011231173], [0.016319152999622884, 0.837087266922046, 0.0687101452284606, 0.07788343474987046], [0.012582261266390221, 0.014261773958682748, 0.9389407747475542, 0.03421518992737275], [0.012826659130040975, 0.015475931800918306, 0.9571544686301214, 0.0145429403389193], [0.01086085882792531, 0.8104588645217745, 0.15961091724190218, 0.019069359308398013], [0.012973189497632242, 0.854412803576525, 0.09005727718679002, 0.04255672963905266], [0.010360274544652924, 0.9326124506296299, 0.04097707597370548, 0.01605019875201163], [0.010904529848912738, 0.922161322585862, 0.05202478068125759, 0.014909366783967629], [0.008617411928878877, 0.017141369366698404, 0.9356031612137286, 0.03863805739069416], [0.009956044296383165, 0.018605016577226026, 0.95395342983816, 0.017485509188230833]], "ideal": "B", "sampled": "B", "correct": true}}
{"type": "result", "data": {"idx": 3, "options": ["An Apgar", "A teratogen", "Only a problem in the first 6 weeks", "A controlled substance"], "probs": [[0.0021682591175354875, 0.9912567733727066, 0.0048861945974410965, 0.0016887728123168176], [0.0026063296545254483, 0.9878222018724728, 0.007541469979535841, 0.0020299983934658466], [0.0014076760522524043, 0.0007079102923639695, 0.9966419516860917, 0.0012424618692919451], [0.0018074216634520314, 0.0006650222875037762, 0.0008021839244704203, 0.9967253720245738], [0.0019216494758794438, 0.0010951166745295398, 0.99538977732936, 0.001593456420231019], [0.0026264980480677057, 0.0010287114871405153, 0.0008528777390118276, 0.99549191262578], [0.9937976369477713, 0.0043239976413824354, 0.0008513820232659319, 0.0010269832875803386], [0.9938794934984693, 0.004062390162435802, 0.0009648156670558605, 0.0010933005720390996], [0.9951115126760132, 0.0033719801704214405, 0.0006639438346319176, 0.0008525632189334725], [0.9957770340409275, 0.0027974059335356097, 0.0006241277378754628, 0.0008014321876613974], [0.9948191709709254, 0.002975025754518892, 0.0009657416444728436, 0.0012400615300828053], [0.9959247663846854, 0.0024690432363760175, 0.0007529499674119983, 0.0008532403115265258], [0.0009094730449097227, 0.0006251522947980741, 0.9972974064582305, 0.001167968102061684], [0.0016975717137868976, 0.0009673843151420975, 0.0008020085508116777, 0.9965330353202593], [0.002168171597049976, 0.9912118551350594, 0.0043118242670439275, 0.002308148900846721], [0.0024567714847498374, 0.9911846688301198, 0.004050476545932609, 0.0023080830391977985], [0.0010968025508108846, 0.0009094017025141043, 0.0008025271382309331, 0.9971912685084441], [0.0010306416517507203, 0.000708470791425991, 0.9973511523769474, 0.0009097350798758657], [0.0014071710297416018, 0.0010960884745049157, 0.9962546683990524, 0.0012420719967011073], [0.003164763539038106, 0.0014951440861063515, 0.0009069350131947443, 0.9944331572616608], [0.0033424988192394065, 0.9866119106550865, 0.00801805413262643, 0.0020275362930477015], [0.0027817671323022803, 0.9904240848399233, 0.0048820902014518166, 0.0019120577263226411], [0.0013226314223787022, 0.000909167490917233, 0.0008540764990234739, 0.9969141244876806], [0.0010970533625517974, 0.000802739317061445, 0.9972974264594724, 0.0008027807609143806]], "ideal": "B", "sampled": "B", "correct": true}}
{"type": "result", "data": {"idx": 4, "options": ["needs analysis.", "job evaluation.", "summative evaluation.", "formative evaluation."], "probs": [[0.9832826605368555, 0.00243860951195106, 0.001898446655961744, 0.01238028319523169], [0.9967357656274929, 0.0012429394002479337, 0.0008539874808660137, 0.001167307391393131], [0.9923908770717982, 0.0024607568197308966, 0.00109172648015941, 0.004056639528311471], [0.9930187568658788, 0.002969790568838102, 0.0031606052835924108, 0.000850847181690615], [0.9974035437202102, 0.0011684157670165702, 0.0006252250218642983, 0.0008028153909089008], [0.9974148211130817, 0.0012436812477706583, 0.0007541321505128943, 0.0005873653886347565], [0.006613860323732766, 0.9816207623266597, 0.005150847770704083, 0.006614529478903472], [0.0051815510225273614, 0.9874720655206773, 0.00457265138687834, 0.00277373196991697], [0.0021776451389285464, 0.0006643872357739855, 0.9954614739300429, 0.0016964935952545634], [0.0031489470793623626, 0.0006603863698611744, 0.006666891194707603, 0.9895237752560688], [0.002046743851580763, 0.0009086214476565484, 0.9959485365025338, 0.0010960980982288454], [0.004054877943924191, 0.0016909736595272999, 0.001799729669074608, 0.9924544186274739], [0.004304746485772283, 0.9895630143788524, 0.0027793640261046795, 0.003352875009270635], [0.0038030917358709403, 0.9906590941681622, 0.004048284269142648, 0.0014895297268241528], [0.002465991478483486, 0.0008008751888581079, 0.9948120227753661, 0.0019211104572923235], [0.002785009084140158, 0.0009045772554893872, 0.004592245885532827, 0.9917181676748377], [0.0020432931030589397, 0.0031659456629607088, 0.9942048252951287, 0.0005859358388516415], [0.0029595674794191933, 0.005887280465818288, 0.0010891450095613167, 0.9900640069452011], [0.005873410308264955, 0.9878262969187372, 0.003346607414745795, 0.0029536852582520453], [0.00405025848159394, 0.9911206800460326, 0.0038047909587238166, 0.0010242704136495993], [0.0026254264741736887, 0.0007069615433370628, 0.9949718576665191, 0.0016957542159701975], [0.0035836128493542357, 0.0009650329586986776, 0.0015906331817014713, 0.9938607209102456], [0.0016981428860784686, 0.0009680501082852027, 0.9967085850029718, 0.0006252219026645386], [0.003585075966146144, 0.0011644099918139772, 0.0009652216748440095, 0.9942852922671959]], "ideal": "A", "sampled": "A", "correct": true}}
{"type": "result", "data": {"idx": 5, "options": ["a useful strategy for helping the client understand the present.", "a way for the client to avoid coming to terms with the present.", "\"the \"\"second layer\"\" of therapy.\"", "\"a way for achieving \"\"closure\"\" near the end of therapy.\""], "probs": [[0.021921012920711476, 0.9322333297197419, 0.04095344711653983, 0.004892210143006745], [0.02770612580477844, 0.9176176783332919, 0.04567921235929277, 0.008996983402636943], [0.015421901684370888, 0.025432659073679333, 0.9541366606542689, 0.005008778487680854], [0.05060013458521013, 0.039416939603573335, 0.012795500646675102, 0.8971874250645414], [0.02827256212793719, 0.018260517687018786, 0.9363127503752342, 0.017154169709809756], [0.05736115881262894, 0.023918651077991692, 0.021104587490817287, 0.8976156025185621], [0.1269337496948341, 0.8277768841220604, 0.041206679006071514, 0.004082687077033928], [0.13897463148928732, 0.7998301416082464, 0.05112258719223286, 0.010072639610233417], [0.09708983196975642, 0.08570011480822676, 0.812940814672381, 0.004269238449635839], [0.40251651252313897, 0.11533876464353925, 0.025733124366313618, 0.4564115983670082], [0.12515855020759442, 0.04064562231857857, 0.8161550285023138, 0.018040798871513143], [0.3686787999347991, 0.053131474851760695, 0.041364616717032815, 0.5368251083964074], [0.017039416014983284, 0.046330972573635484, 0.9303579143224362, 0.006271696988944985], [0.03555211609890789, 0.4331663774427085, 0.04029075266044211, 0.49099075369794154], [0.014330913682061113, 0.7825659206585995, 0.19782920896069284, 0.005273956598646506], [0.018471149416208255, 0.8901148884392871, 0.056895944261703496, 0.03451801778280114], [0.020826821562795982, 0.011151581689953019, 0.8856219400989347, 0.08239965654831632], [0.014429067286950373, 0.00992159454038168, 0.9503148214878424, 0.025334516584825478], [0.01259262252127803, 0.6067972094867223, 0.368010419822507, 0.012599748069492723], [0.017409195750743813, 0.7403609194175423, 0.1135311074859198, 0.12869877724579404], [0.011879387231019584, 0.8329215050167605, 0.1447127118030008, 0.010486395849219069], [0.01444243982824239, 0.8936643438232953, 0.07334367308565465, 0.018549543162807665], [0.022044549542782704, 0.03869892793372646, 0.827257543194071, 0.11199897922941987], [0.020629317622029783, 0.024893532462230618, 0.9338377347947519, 0.02063941502098779]], "ideal": "B", "sampled": "B", "correct": true}}
{"type": "result", "data": {"idx": 6, "options": ["the efficiency of controlled memory processes", "metamemory skills, or knowledge about memory", "recognition memory", "the amount of factual memory knowledge available"], "probs": [[0.8576162860962779, 0.0332582585497114, 0.029338634845542305, 0.07978682040846838], [0.8009301244896723, 0.04520298403363067, 0.12279936565419565, 0.03106752572250142], [0.8772070896831513, 0.06355106753018906, 0.009742588617187221, 0.049499254069472434], [0.8974318066191331, 0.06502667183850387, 0.02391119157126657, 0.01363032987109639], [0.5193262966596618, 0.4583307743233726, 0.010123437797488198, 0.01221949111947738], [0.5474461074813483, 0.4264853276265196, 0.018729028571077132, 0.007339536221055026], [0.022114932617251906, 0.7325155761571686, 0.06011095292306454, 0.18525853820251503], [0.020934695082026056, 0.6935570184062841, 0.25503013735443403, 0.03047814905725575], [0.020914422774567856, 0.08274503966002371, 0.4760100938576375, 0.42033044360777094], [0.029514232763886164, 0.14087682415545433, 0.33779584642968175, 0.4918130965509777], [0.02196283048653684, 0.4698583815794311, 0.46960172396088756, 0.038577063873144496], [0.03131707524067846, 0.7130752865946025, 0.09645785416757183, 0.15914978389714723], [0.05634337264285782, 0.6865214814903705, 0.03417214136500661, 0.222963004401765], [0.02514177052218256, 0.5377828783829222, 0.4186692309307217, 0.01840612006417354], [0.04673531666648189, 0.012584921872881344, 0.7310981191428874, 0.20958164221774944], [0.0655280019322523, 0.02265901071304615, 0.4842063187673928, 0.4276066684873087], [0.02235617697566512, 0.1759174782002375, 0.788157947906395, 0.013568396817702305], [0.07495955740087504, 0.6278039520405192, 0.03540838308393394, 0.2618281073746718], [0.128628463258929, 0.8389079616808991, 0.019723978001834844, 0.012739596958337051], [0.0815877778252883, 0.877354337666946, 0.03001320409309289, 0.011044680314672787], [0.5738447350721264, 0.039072897572431486, 0.3480094696830106, 0.039072897572431486], [0.7028526459780433, 0.05092850239038629, 0.10775789474500648, 0.13846095678656387], [0.5418353939249039, 0.22592549125166517, 0.2258278141460532, 0.006411300577377671], [0.6962701444137035, 0.19951995536299266, 0.021019908824028714, 0.08318999129927518]], "ideal": "A", "sampled": "A", "correct": true}}
{"type": "result", "data": {"idx": 7, "options": ["Parkinson's disease", "Vascular Dementia", "a right frontal lobe tumor", "Alzheimer's disease"], "probs": [[0.27345336805117626, 0.39802416102450233, 0.018607449685772343, 0.3099150211385491], [0.15240294151317435, 0.3657065728364728, 0.46937669586532305, 0.012513789685029763], [0.31189586314885787, 0.054234997733399896, 0.05091207618895331, 0.5829570628287889], [0.46560661182574986, 0.13350249529062289, 0.31994995351959127, 0.08094093926403598], [0.3835056425754869, 0.5581427056566413, 0.040412227986648605, 0.017939423681223168], [0.4438725742158904, 0.5032097475628816, 0.02075584014713631, 0.0321618379740917], [0.1608250832888641, 0.4373289308902749, 0.015924603694551388, 0.38592138202630955], [0.035248891106522844, 0.15802921618107485, 0.8022387161423985, 0.004483176470003835], [0.033635364950455715, 0.009642872455496105, 0.8150474003235163, 0.14167436217053192], [0.05613773039811634, 0.016093058514159885, 0.7750717101692085, 0.15269750081851532], [0.023362268491325465, 0.6828879382615003, 0.2845979790858427, 0.009151814061331563], [0.047396277553952995, 0.654347200755822, 0.025370147832781666, 0.2728863737574434], [0.022742377336435318, 0.8536117473125173, 0.06181499530734786, 0.06183087994369954], [0.025666710941036272, 0.8501785095799057, 0.10149926332023888, 0.022655516058819155], [0.012711503036552316, 0.039163438049777066, 0.8911451995238114, 0.05697985928985921], [0.030412993868930756, 0.06854899869845772, 0.39440169338809733, 0.5066363139445142], [0.014336649300332474, 0.08253008856072856, 0.8868821245906945, 0.016251137448244517], [0.05867869494707071, 0.15953759074855137, 0.06648944740687449, 0.7152942667975034], [0.08613510454047597, 0.8173975482419107, 0.07600492917775384, 0.02046241793985943], [0.17148268764093386, 0.7687962297876579, 0.02798907360865101, 0.03173200886275722], [0.05287591547906565, 0.111972275768461, 0.8270403441569059, 0.008111464495567534], [0.1673957202823546, 0.13039980066007606, 0.03975836036841627, 0.662446118589153], [0.025112142167442043, 0.016223049050769642, 0.9424405358732766, 0.016224272808511755], [0.16336151926327966, 0.04398423826113725, 0.06009491324672385, 0.7325593291288592]], "ideal": "A", "sampled": "A", "correct": true}}
{"type": "result", "data": {"idx": 8, "options": ["unethical, because the client's needs were not addressed more directly", "unethical, because the psychologist should have delayed the trip and given the client an appointment for that afternoon", "unethical, because the psychologist should have called a physician directly", "ethical, because it was not possible to determine whether or not the client was being manipulative"], "probs": [[0.5266537028056518, 0.3621371955452018, 0.10369158453074073, 0.007517517018405645], [0.45703056620345356, 0.4034504309021696, 0.037510763989775785, 0.10200823880460104], [0.6801558281952076, 0.19498823998849169, 0.1181821922822862, 0.006673739434014466], [0.7574453314287496, 0.14920442044323445, 0.022871077004025974, 0.07047917102399], [0.4826875092118723, 0.05768874716843059, 0.2583256854101246, 0.20129805810957255], [0.39836006017053893, 0.03707701215636586, 0.1660443488551067, 0.3985185787179885], [0.011220075136697738, 0.8914648848091766, 0.08290448000335675, 0.014410559950768833], [0.016976238810177832, 0.8708212196346646, 0.06307223309356584, 0.04913030836159167], [0.011662348843041242, 0.1610525661310605, 0.8176117355837746, 0.009673349342123556], [0.016008035941176585, 0.43955486271606353, 0.04631954353421432, 0.4981175577085456], [0.012607864193180973, 0.014291752355031566, 0.9408964680106982, 0.03220391534108926], [0.015120260229043142, 0.013349187175854963, 0.09262098652492491, 0.878909565970177], [0.015538193231201227, 0.7972040266772052, 0.17782888178577816, 0.00942889820581535], [0.019448471264198647, 0.8804372378515081, 0.04382731232262619, 0.05628697846166707], [0.04639614216501393, 0.3027103981962582, 0.6405327617729655, 0.010360697765762374], [0.0717446886498786, 0.2838438780751536, 0.04351393554126374, 0.600897497633704], [0.015742054559401253, 0.01082449616736326, 0.9149306024053083, 0.05850284676792717], [0.048540342865539786, 0.020244633890030953, 0.07062169948233966, 0.8605933236620896], [0.003351041583620405, 0.9292160973722495, 0.05241237567386461, 0.01502048527026547], [0.0023755191108401313, 0.958415974969893, 0.025536661697524207, 0.01367184412174276], [0.0024524819071148154, 0.04628265161106258, 0.9294027606323557, 0.02186210574946682], [0.0018188613541327205, 0.3256349576920201, 0.13570699151243087, 0.5368391893414163], [0.0014134433489300016, 0.041311781570365434, 0.9400530393083375, 0.017221735672367035], [0.0017845231022863336, 0.3401024800806383, 0.09741094425087676, 0.5607020524661985]], "ideal": "A", "sampled": "A", "correct": true}}
{"type": "result", "data": {"idx": 9, "options": ["clarify boundaries between family members in order to reduce enmeshment.", "work initially with the most differentiated family member.", "\"use a multiple-therapist team to prevent any one therapist from becoming \"\"triangulated\"\" into the family system.\"", "\"issue specific \"\"directives\"\" designed to counteract dysfunctional processes.\""], "probs": [[0.860400006072982, 0.10276393446318796, 0.02292807387674902, 0.013907985487081102], [0.7507133935855406, 0.11513296293785046, 0.13045228767369027, 0.0037013557029187474], [0.5854535053186639, 0.04806127358441054, 0.3550682633800995, 0.011416957616826049], [0.6119084953649871, 0.0345234945381927, 0.06448634713243305, 0.28908166286438713], [0.7741839354991479, 0.1047822239690047, 0.11871848186612528, 0.0023153585657221597], [0.749345100662812, 0.06970269763127594, 0.013723552735195686, 0.16722864887071637], [0.030192042328975165, 0.8823771044172324, 0.0639157381574175, 0.02351511499637494], [0.022177526219067455, 0.7344471047885579, 0.23842639674707544, 0.004948972145299232], [0.04054674422705355, 0.021704365983766932, 0.9228309202926527, 0.014917969396526802], [0.16527007949521438, 0.041789581222106846, 0.39643375115243557, 0.3965065880302432], [0.037092986758984633, 0.11425916295734966, 0.8442168926824252, 0.004430957501240531], [0.19032241545157574, 0.19031958423114959, 0.03307090092735418, 0.5862870992899205], [0.0176360755582104, 0.5154198339589303, 0.4548212755299213, 0.012122814852938016], [0.01959315526643632, 0.505321818848533, 0.12775609339004948, 0.3473289323949812], [0.009824927247611621, 0.2871317946075044, 0.6887464721474675, 0.01429680589741643], [0.022162997221056496, 0.7339777081758899, 0.14451511848830478, 0.09934417601474882], [0.01636819199249737, 0.08312830482948595, 0.42211846299194233, 0.47838504008607435], [0.024747624806465345, 0.13379116255352738, 0.769834214596698, 0.07162699794330925], [0.05451207422135035, 0.5860880413510424, 0.3554501114300497, 0.003949772897557528], [0.05757254691164738, 0.4820605182012124, 0.03491828191737125, 0.42544865286976896], [0.038467505082803964, 0.0814383940789268, 0.8754990672395238, 0.004595033498745473], [0.29782320492893644, 0.12414943523174261, 0.021573385959094353, 0.5564539737802265], [0.07208819022152374, 0.018228333645297915, 0.7749883022314364, 0.13469517380174184], [0.115703621421171, 0.022786534131977152, 0.457583701541815, 0.40392614280503686]], "ideal": "A", "sampled": "A", "correct": true}}
{"type": "result", "data": {"idx": 10, "options": ["A true experiment", "A cross-sequential cohort design", "A natural experiment", "A cross-sectional cohort design"], "probs": [[0.012291963936225333, 0.8618075702292173, 0.02296548856809298, 0.10293497716646441], [0.011152229502659518, 0.7819231371315504, 0.197677141165933, 0.009247492099857119], [0.012027583683081227, 0.006855536127495649, 0.897606238653468, 0.08351064143595512], [0.0045068939298345614, 0.004799194207222793, 0.13171560957070536, 0.8589783021922373], [0.004585412527800482, 0.11827725390889099, 0.8737815092883611, 0.003355824174947454], [0.004574905273985445, 0.26591710252508444, 0.0066574848878070405, 0.722850507213123], [0.7112565503441713, 0.06616303945857567, 0.042712549810449384, 0.17986786028680357], [0.5764882676716462, 0.06886403396609285, 0.34965784037976566, 0.004989857882495256], [0.6588166257256587, 0.044844000858888865, 0.1297139058920085, 0.16662546742344392], [0.5563162756595728, 0.05175849046304842, 0.38235020836408173, 0.00957502541329703], [0.6893645113396005, 0.2536133078313589, 0.030289165729881374, 0.026733014999159244], [0.682106343972905, 0.2509424192966164, 0.023342222929514437, 0.04360901370096404], [0.013109945101356872, 0.020310488125786973, 0.8634309396924043, 0.10314862698045192], [0.0036727298165557098, 0.02250187491964924, 0.12946818468261667, 0.8443572104811784], [0.008023617357686938, 0.8712996787238152, 0.04915108837917947, 0.07152561543931833], [0.008178813587827396, 0.7837990122646219, 0.19815449912929423, 0.00986767491825641], [0.004414565836115362, 0.24105401200036794, 0.012001616812033239, 0.7425298052514835], [0.004513244976712519, 0.0751635117694613, 0.9155173696456839, 0.004805873508142257], [0.022742154898012856, 0.0069376901246528365, 0.9670427398861472, 0.003277414991187152], [0.028720004341449203, 0.006410444688985521, 0.01356923676821245, 0.9513003141013529], [0.036013245715495024, 0.9288918641478117, 0.021844526436450084, 0.013250363600243207], [0.04042598213600145, 0.9201799839717475, 0.024520350901670877, 0.014873682890580168], [0.022344333434889986, 0.00498782783031791, 0.022348813096350364, 0.9503190255384417], [0.017820795871718354, 0.005436450670140688, 0.9730062415804503, 0.0037365117776905713]], "ideal": "B", "sampled": "B", "correct": true}}
{"type": "result", "data": {"idx": 11, "options": ["recall of words", "verbal comprehension", "verbal learning", "production of speech"], "probs": [[0.005513315641446391, 0.0035603384581799295, 0.003789549054592321, 0.9871367967457814], [0.0010274931834487705, 0.003369673945197041, 0.9942830474823888, 0.0013197852889653377], [0.0040263402520841745, 0.0009566356788354714, 0.009659095316891714, 0.9853579286521886], [0.0013161283532072878, 0.0012365942169448722, 0.9919056111548867, 0.005541666174961087], [0.004026864948997784, 0.9854172047333368, 0.00907424426067526, 0.0014816859569901347], [0.005474980797630352, 0.9802169579728907, 0.008479516762849984, 0.005828544366628956], [0.004579865068568054, 0.0033512940873871642, 0.0029572633666164784, 0.9891115773774283], [0.001493023445799039, 0.003161292007981006, 0.9930326322408247, 0.0023130522053952042], [0.004030087733610124, 0.0016803867005687023, 0.008015225180518311, 0.9862743002853028], [0.0015915039339698422, 0.0016945529194500493, 0.9943976312284336, 0.002316311818146482], [0.0035716204181154205, 0.9904571104249126, 0.004881721420448929, 0.001089547636523107], [0.003795300722636523, 0.9887441082639011, 0.005878112557821922, 0.0015824783556403765], [0.004831616572843875, 0.004006703609577708, 0.010888556630898757, 0.9802731230866797], [0.0015812710982334051, 0.0033481033205351265, 0.9879829974862253, 0.007087627995006124], [0.004533314124538255, 0.008470998105346638, 0.007956857755185431, 0.9790388299149296], [0.0012342780387553716, 0.00626955065831216, 0.9901894573298585, 0.0023067138730739362], [0.003770143626074472, 0.9821147671532222, 0.006616655040883084, 0.007498434079820258], [0.0035306106123593087, 0.979079849992209, 0.01582250383574211, 0.0015670354596895942], [0.9928225722153401, 0.004895920495983897, 0.0013173378708947932, 0.0009641693177812542], [0.9908352512858201, 0.004886356657239459, 0.0013147356246157032, 0.002963656332324771], [0.9908250000943299, 0.007567391285569995, 0.000903596987588115, 0.0007040115325119737], [0.9886199985072834, 0.009108088502505588, 0.0013117608026551382, 0.0009601520875558297], [0.9866481014553032, 0.007535452187007978, 0.002027546081946124, 0.0037889001757426427], [0.9884407253509182, 0.007550214668785458, 0.002776423794502474, 0.0012326360857938103]], "ideal": "D", "sampled": "D", "correct": true}}
{"type": "result", "data": {"idx": 12, "options": ["the child\u2019s intelligence.", "the child\u2019s \u201cbasic personality.\u201d", "the strength of the parent-child attachment.", "the parents\u2019 childrearing behaviors"], "probs": [[0.006170158739718261, 0.012272961441960488, 0.006569327290336707, 0.9749875524279845], [0.005787430158623982, 0.014780570570336696, 0.9732694522837932, 0.00616254688724606], [0.005776349729224438, 0.017794394275535218, 0.004789714542637432, 0.9716395413526029], [0.005397177159356334, 0.020055410723593604, 0.9661853296823897, 0.008362082334660402], [0.013460084484896035, 0.9437659703808211, 0.032288190722467566, 0.0104857543118153], [0.010603269741882554, 0.9546019354348567, 0.02543531550484237, 0.00935947921841835], [0.008410778858456775, 0.01223974120583826, 0.006974083396743515, 0.9723753964389614], [0.006195186580711085, 0.00959699571165836, 0.9787388494101977, 0.005468968197432827], [0.007794931920655628, 0.028965139611612064, 0.003920641920986773, 0.9593192864467456], [0.00605927339660661, 0.03276145593669923, 0.957264701365953, 0.003914569200741133], [0.01552424349219535, 0.9606403453611017, 0.01552399762305743, 0.008311413423645584], [0.01550657792904026, 0.9595471795632057, 0.01991052465705896, 0.005035717750695124], [0.009562155916597022, 0.008985434370966296, 0.005801433181471593, 0.9756509764309651], [0.010717205569358257, 0.013763354252642497, 0.9647992971170221, 0.010720142960977154], [0.012165774805325484, 0.015625845915836524, 0.005400341099152922, 0.9668080380796851], [0.00886933930840844, 0.022653500966161172, 0.963094947426268, 0.0053822121991623844], [0.022417919499253574, 0.9533923774619647, 0.013597690372320875, 0.010592012566460824], [0.0251980616620193, 0.9457797053338862, 0.022237938464764066, 0.006784294439330361], [0.9601955104341309, 0.022585126774746986, 0.007804398639044032, 0.009414964052078144], [0.9705861210945548, 0.017779760384018798, 0.006540207530004107, 0.0050939108914223345], [0.9617957499467585, 0.025634522237591096, 0.006480892800528607, 0.006088834915121717], [0.9543196217475644, 0.03265981463292879, 0.009356168348328423, 0.0036643951711784113], [0.965590769520752, 0.025735804664736437, 0.004471996773674937, 0.0042014289408366205], [0.9605879805035215, 0.029012573947586336, 0.0064728991272740306, 0.003926546321618144]], "ideal": "D", "sampled": "D", "correct": true}}
{"type": "result", "data": {"idx": 13, "options": ["is nonresponsive to visual or auditory stimuli and seems to be in a state of deep sleep.", "is confused and incoherent, may exhibit bizarre behavior, and is unable to care for him/herself.", "is alert and oriented and can remember and integrate remote and recent events but may have some impairment in judgment, planning, and abstract reasoning.", "is functioning at an intellectual level that is superior for his/her age, education, and demographic background."], "probs": [[0.009286870281202208, 0.04162423699798486, 0.9472595486500482, 0.0018293439707646924], [0.10879835703485022, 0.12330186513724138, 0.05824184507613106, 0.7096579326517773], [0.009954585075105452, 0.29095481017967195, 0.6978243751754264, 0.001266229469796178], [0.07878565717471848, 0.05415441186762518, 0.01992032102358584, 0.8471396098340704], [0.011054033653990205, 0.0059177797314462635, 0.8781306194802373, 0.10489756703432623], [0.028960924294426992, 0.010011729392786793, 0.7469671175292579, 0.21406022868352823], [0.009626085705478387, 0.0066166386857931915, 0.9818612411476386, 0.0018960343610897833], [0.17652242404056995, 0.013614729228680119, 0.01860747570186944, 0.7912553709288805], [0.12847685761766345, 0.7394135564361685, 0.1284633869679989, 0.003646198878169197], [0.5321750511474039, 0.2513816891583467, 0.020631962885478163, 0.19581129670877123], [0.07985388054073671, 0.006556717934718477, 0.05488462215220643, 0.8587047792723383], [0.06589509050168957, 0.01297884537016913, 0.9096709669279135, 0.011455097100227837], [0.06904483155082214, 0.08866488591206817, 0.8410249734435149, 0.0012653089935948285], [0.3527440971864563, 0.10107079741732669, 0.03280804257052818, 0.5133770627256888], [0.5702144831612658, 0.391920946732188, 0.03645036579245008, 0.0014142042140961035], [0.6121796311926762, 0.32766708423210883, 0.009894071053710693, 0.050259213421504315], [0.12805072961957256, 0.01733599603002757, 0.3480354249129351, 0.5065778493374647], [0.11553260470292807, 0.021375840618512568, 0.8536051399423623, 0.009486414636197035], [0.00481314508018043, 0.005124151882755959, 0.8094283620472417, 0.1806343408898219], [0.007560374210023062, 0.009708763691486372, 0.9302413434078209, 0.05248951859066957], [0.014913826594567565, 0.021701138461171273, 0.04054072473700498, 0.9228443101072562], [0.007159630541669149, 0.10521764659931661, 0.8808949884191474, 0.006727734339866835], [0.015032358151400497, 0.6005570390130758, 0.13398194691279952, 0.25042865582272417], [0.01102456595546902, 0.6408280490879618, 0.34293733746342725, 0.005210047393141948]], "ideal": "B", "sampled": "C", "correct": false}}
{"type": "result", "data": {"idx": 14, "options": ["decline the request to testify.", "agree to testify only if she obtains consent from both parents.", "agree to testify only if she can evaluate all of the involved parties.", "agree to testify only if her familiarity with the child won''t bias her testimony."], "probs": [[0.29909811646510076, 0.633254434722662, 0.043081974509154436, 0.024565474203082888], [0.2570523309401586, 0.6987953748842614, 0.03478371707941083, 0.009368576996169213], [0.1782704479500172, 0.427767082922144, 0.37736503241990166, 0.016597436607937107], [0.3301848815244188, 0.4805184209407008, 0.09458807351412989, 0.09470862392075045], [0.1784629216985354, 0.7059378582760222, 0.10822624818747609, 0.007372971737966355], [0.20319745245328275, 0.6259730550910864, 0.06196145059981397, 0.10886804175581695], [0.026530274540861706, 0.878687006977737, 0.056167854848036054, 0.038614863533365226], [0.02130952033843752, 0.9062050074765999, 0.04511485887003539, 0.027370613214927085], [0.00872616893987024, 0.018483751505002376, 0.9475242044539433, 0.02526587500118415], [0.05750624092227051, 0.02398112944895784, 0.018671202757376607, 0.899841426771395], [0.0057694903398793716, 0.017780727435823596, 0.9703028738022373, 0.006146908322059668], [0.06477892986386291, 0.027013971744790796, 0.013580800635219511, 0.8946262976561268], [0.015814850583398658, 0.863617284900737, 0.09101153857553665, 0.029556325840327687], [0.01697686648691267, 0.8181525578112233, 0.09769851911470293, 0.06717205648716114], [0.009958957311670956, 0.12920297668960315, 0.8422178021328056, 0.018620263765920325], [0.022472252627555502, 0.11414901143859711, 0.019834914567549183, 0.8435438212662982], [0.007699536753161849, 0.0252586089168985, 0.947366732519158, 0.019675121710781642], [0.03748180591187478, 0.05455485547908341, 0.05454024861631434, 0.8534230898927274], [0.019183906431949737, 0.92453897123801, 0.03163317258027156, 0.02464394964976872], [0.01824828541661537, 0.879385855728893, 0.038636373775449116, 0.0637294849790425], [0.006043752301694921, 0.03269316316615125, 0.9548222003448017, 0.006440884087352172], [0.02472919130733552, 0.03599123619981544, 0.010975899789260418, 0.9283036726035886], [0.006850712166524424, 0.015448645129805419, 0.9552197090658793, 0.022480933537790924], [0.03865668778268784, 0.02496994193505607, 0.05624680756040685, 0.8801265626218492]], "ideal": "A", "sampled": "A", "correct": true}}
{"type": "result", "data": {"idx": 15, "options": ["goals serve 2 purposes: they are a basis for motivation and they direct behaviors", "goal attainment is maximized when goals are specific and highly difficult", "goal attainment is maximized when frequent feedback is given", "worker participation in goal-setting is also good"], "probs": [[0.033964296265368864, 0.876126025526989, 0.06345365444034357, 0.026456023667298538], [0.02776881596737144, 0.9197294478406598, 0.035656303157729455, 0.01684543293423925], [0.010414342511516994, 0.09284599143170515, 0.8806071783736744, 0.01613248758310343], [0.046795417838960025, 0.4440718706569919, 0.34577716295107547, 0.16335554845297262], [0.02093551229716425, 0.2396408080948856, 0.5747400307549969, 0.1646836487529532], [0.039210412574845276, 0.5085839732109178, 0.21197896630636084, 0.2402266478078761], [0.02043242440490618, 0.023164993588461635, 0.924753191757011, 0.03164939014962122], [0.09654827872299429, 0.08525819076465756, 0.262431315680984, 0.5557622147313641], [0.2794995799567604, 0.5918366091912497, 0.04856301662723061, 0.08010079412475925], [0.24668322048025842, 0.6706943006295318, 0.06236849618501757, 0.02025398260519219], [0.06669246156247378, 0.2990464158412381, 0.075568866887252, 0.5586922556090361], [0.15895620593813867, 0.48975156622680605, 0.3365030118827631, 0.014789215852292134], [0.00958712145680234, 0.058746896300162076, 0.9185593677772376, 0.013106614365798058], [0.053633086706689835, 0.10669739612668801, 0.6138224212398442, 0.22584709582677795], [0.03262804265954907, 0.8416223054866243, 0.07826733151036894, 0.047482320243457714], [0.02973164617717973, 0.8690133093918584, 0.08081739395048683, 0.020437650380475004], [0.05884516939655754, 0.3387123106247703, 0.2637408784845604, 0.33870164139411174], [0.013973573819998647, 0.15995063571311038, 0.8120998491248065, 0.013975941242084506], [0.0350191729680607, 0.11488311059659433, 0.6607553829871686, 0.1893423333481763], [0.0895593775653594, 0.2435484117554722, 0.3125988589301861, 0.3542933516489823], [0.08089184398623722, 0.4656747966982502, 0.13336540161086313, 0.32006795760464946], [0.03319930303434941, 0.856416468551887, 0.09024380196982339, 0.020140426343940195], [0.10561577308325636, 0.4734283422460712, 0.19732417311277786, 0.22363171145789457], [0.01703606817696099, 0.3643128756748303, 0.6005134883925772, 0.018137567655631476]], "ideal": "B", "sampled": "B", "correct": true}}
