{"type": "result", "data": {"idx": 0, "options": ["164%", "1.64%", "0.45%", "183%"], "probs": [[0.07090242042373857, 0.6727471902310076, 0.21839067637448198, 0.03795971287077185], [0.059026414858846625, 0.6755445850540394, 0.2485132309737106, 0.016915769013403397], [0.32569360244454004, 0.1742929343065233, 0.32566469419225763, 0.17434876895667906], [0.30443673869252535, 0.2227096375196544, 0.39090451011765265, 0.08194911357016765], [0.13159440167445832, 0.29654797635028146, 0.5540419726042296, 0.01781564927103062], [0.16494053861782565, 0.34915000575642086, 0.34915000575642086, 0.13675944976933263], [0.04349089769773801, 0.7709208697392973, 0.1043250035229122, 0.08126322894005246], [0.017182713139075413, 0.605692431879468, 0.3673314003647721, 0.009793454516684537], [0.1774329490057136, 0.13815259520363335, 0.3314883907854354, 0.35292606490521766], [0.17996209440589953, 0.2310370791345515, 0.35788380249043544, 0.23111702386911356], [0.04589846117865095, 0.674439216180692, 0.24811232283624732, 0.03154999970440973], [0.04840424980959727, 0.5896546639425886, 0.11610901388095868, 0.24583207226685544], [0.028012087409309765, 0.46641799542252976, 0.3632770160039247, 0.14229290106423573], [0.029542997963426583, 0.26331715547094936, 0.631681472387258, 0.07545837407836599], [0.07333685819549622, 0.4220134693402167, 0.32868213724206047, 0.1759675351222266], [0.06152508286805585, 0.583723926563911, 0.27574123079237217, 0.07900975967566093], [0.024265455224756077, 0.4301106326891194, 0.4874023449654573, 0.05822156702066717], [0.028369544123944764, 0.6065566550455845, 0.25285497352346764, 0.11221882720700302], [0.13281462089933824, 0.2057141887084387, 0.6336230871052376, 0.02784810318698544], [0.20483049443058537, 0.21801255316323623, 0.4073259173324788, 0.16983103497369959], [0.13363922835794884, 0.4965063180879639, 0.26576068390578944, 0.10409376954829776], [0.1004131950306824, 0.47905706997598063, 0.37309002594577106, 0.0474397089475659], [0.36146324600044843, 0.20592091822114034, 0.3614366325267572, 0.07117920315165405], [0.2399958199020443, 0.22543105166399238, 0.4211897771259794, 0.11338335120798389]], "ideal": "A", "sampled": "D", "correct": false}}
{"type": "result", "data": {"idx": 1, "options": ["No effect No effect", "No effect Understated", "Understated No effect", "Understated Understated"], "probs": [[0.020713850264335035, 0.10521613707110988, 0.7302603573713196, 0.14380965519323555], [0.019404790498414676, 0.11168433267054832, 0.8251724500244576, 0.04373842670657937], [0.013679405825849674, 0.4530721356982527, 0.513340657674678, 0.01990780070121961], [0.012145340482886123, 0.45581350396482156, 0.5164429958524601, 0.015598159599832153], [0.02325796898828692, 0.2207054350690104, 0.6797598016322879, 0.0762767942104148], [0.018778574909015334, 0.29377912352367874, 0.6218870675391945, 0.06555523392811136], [0.1066559462640926, 0.060792169553039385, 0.6955546036329509, 0.1369972804499171], [0.09145254636402826, 0.06692698793787401, 0.7657836643315965, 0.07583680126650126], [0.10266434476737982, 0.6290001915436826, 0.10929516038170625, 0.1590403032072313], [0.04647929983299833, 0.3435355139311917, 0.5663102885749508, 0.04367489756085913], [0.13729824328984097, 0.5781158890461359, 0.15558922521092122, 0.128996642353102], [0.0795778914891991, 0.40420368341067214, 0.45798457096292633, 0.05823385403720244], [0.22386216603703335, 0.04142777250938636, 0.5370749350480161, 0.19763512630556426], [0.09134537577529196, 0.014014010808453077, 0.866770421057974, 0.027870192258280958], [0.33368053034543466, 0.4855546806101819, 0.05798498367728147, 0.12277980526710194], [0.11585069242184953, 0.2779734502625551, 0.5884022229885917, 0.017773634227003676], [0.1568999109185728, 0.5477037837332985, 0.13846908049905526, 0.15692722474907342], [0.10688669699774646, 0.5100129113205487, 0.3504950610441194, 0.03260533053758533], [0.14845436146319888, 0.04821274958607854, 0.5872471069442887, 0.2160857819064338], [0.24274751584799417, 0.044914332330841654, 0.5823765049366015, 0.12996164678456268], [0.23694582203318434, 0.34478115106837176, 0.20910908035983167, 0.2091639464386122], [0.22120851859736546, 0.32191215623291214, 0.4133088716958006, 0.043570453373921764], [0.16276849769828713, 0.5014298410000504, 0.1267694944108461, 0.20903216679081632], [0.13520069670816592, 0.4433826588280921, 0.3912415874961973, 0.030175056867544646]], "ideal": "B", "sampled": "D", "correct": false}}
{"type": "result", "data": {"idx": 2, "options": ["Nonsampling risk arises from the possibility that, when a substantive test is restricted to a sample, conclusions might be different than if the auditor had tested each item in the population.", "Nonsampling risk can arise because an auditor failed to recognize misstatements.", "Sampling risk is derived from the uncertainty in applying audit procedures to specific risks.", "Sampling risk includes the possibility of selecting audit procedures that are not appropriate to achieve the specific objective."], "probs": [[0.7960479051109252, 0.06535002418158802, 0.12207960762890316, 0.016522462978583716], [0.7062369330306434, 0.0656924130478425, 0.02572376777871871, 0.20234688604279538], [0.8822790338541394, 0.08206796794187884, 0.01615970464219144, 0.01949329346179034], [0.8966702684359592, 0.08340664827873735, 0.009961342289623741, 0.009961740895679697], [0.692371329649703, 0.03447385684388409, 0.018449935029282095, 0.2547048783771308], [0.9450642701304499, 0.02854173881386376, 0.019614828612185248, 0.006779162343501052], [0.015263186907833891, 0.9443342732728789, 0.028515202940983527, 0.011887336778303694], [0.01353933497212354, 0.9492173344220717, 0.025294600452568587, 0.011948730053236174], [0.008421835796584159, 0.015737066619088975, 0.9734275099844754, 0.0024135874998515027], [0.02523124941017318, 0.017342974629389156, 0.010518193929590464, 0.9469075819308472], [0.010822097045081644, 0.009552334616703155, 0.974182922268424, 0.005442645969791191], [0.01984355755717946, 0.006443232063829552, 0.017512118404691905, 0.9562010918742991], [0.027640249895506685, 0.9153779828725691, 0.04021632818756822, 0.01676543894435604], [0.02792917818125315, 0.9249452575568682, 0.02792946502861305, 0.019196099133265587], [0.007945920275170366, 0.010862337335746935, 0.9776650586542251, 0.0035266836348575013], [0.01989333345214276, 0.009398268548775344, 0.012066414860894143, 0.9586419830381877], [0.013759670218036512, 0.013761595261850043, 0.9646374246765935, 0.0078413097435199], [0.025387955784934187, 0.008243657307584263, 0.013589800377334874, 0.9527785864301467], [0.026709193189961147, 0.884528156419228, 0.038861754013622664, 0.04990089627718821], [0.024471440011290684, 0.9183258635717145, 0.035605893397638644, 0.021596802919356093], [0.007456650331710296, 0.008450395649817807, 0.9766353741269101, 0.007457579791561763], [0.013578380267011308, 0.005661278883435709, 0.02874638472284899, 0.952013956026704], [0.013521501416419918, 0.02862809353977546, 0.947956308496239, 0.009894096447565602], [0.013683258261360071, 0.017571769276598984, 0.009404897487422, 0.9593400748746189]], "ideal": "B", "sampled": "A", "correct": false}}
{"type": "result", "data": {"idx": 3, "options": ["Inspect inventory items that were ordered before the year end but arrived after the year end.", "Test internal control activities that were previously reported to management as inadequate.", "Review the client's cutoff bank statements for several months after the year end.", "Compare the latest available interim financial statements with the statements being audited."], "probs": [[0.02189620131277608, 0.015052704868022708, 0.9311829063310532, 0.03186818738814809], [0.03902941534812085, 0.008183371052308777, 0.06435272654322324, 0.8884344869563471], [0.026936797823846757, 0.8920965326742795, 0.016339430827346128, 0.06462723857452769], [0.021507661777687582, 0.9145867419439094, 0.058466413432606924, 0.005439182745796047], [0.031200311217681236, 0.05144615702034382, 0.00542228048617068, 0.9119312511758043], [0.0159782584809977, 0.3416686138844707, 0.6383109243664802, 0.004042203168051459], [0.013459852051710453, 0.014331071729565706, 0.943705922462616, 0.028503153656107907], [0.018301301912802596, 0.009205104459611722, 0.14396126028689718, 0.8285323332406884], [0.04024491353782002, 0.5914689743661883, 0.05168144642130495, 0.3166046655746868], [0.028549739395382842, 0.6917637273327694, 0.25448564735245266, 0.02520088581939512], [0.021589915453321232, 0.05179674744415908, 0.008455433590562141, 0.9181579034119576], [0.03465819332656735, 0.3726725550169164, 0.5422236282415597, 0.050445623314956625], [0.628430393282716, 0.024369232945801997, 0.010812548355512604, 0.33638782531596945], [0.3079159132592926, 0.03677979332259385, 0.6518823831195097, 0.003421910198603802], [0.5466575464186437, 0.015509614271611558, 0.012076546088168735, 0.425756293121576], [0.5669631234668269, 0.02823273774178962, 0.389691642118206, 0.01511249657317753], [0.6681156316448098, 0.3155954554805507, 0.01149582424378876, 0.004793088530850693], [0.7177488612635897, 0.26403790008888484, 0.006610441311162554, 0.01160279723636288], [0.059274280231319254, 0.008540992862836182, 0.004865829968315022, 0.9273188968375295], [0.02248909511875604, 0.01751697664358275, 0.9563210415672361, 0.003672886570425133], [0.04671076070753601, 0.008642239048544113, 0.0063220608499336955, 0.9383249392939862], [0.06424444949121075, 0.025164425511178135, 0.8869493652381568, 0.023641759659454267], [0.10213901443969219, 0.8552469897056559, 0.031152370495852434, 0.011461625258799481], [0.10082292233240392, 0.8442290182222215, 0.015462390793624636, 0.03948566855174987]], "ideal": "D", "sampled": "C", "correct": false}}
{"type": "result", "data": {"idx": 4, "options": ["Accounting Standards Updates.", "Emerging Issues Task Force Releases.", "Statements of Financial Accounting Standards.", "Staff Technical Bulletins."], "probs": [[0.9700933061927762, 0.011474759048039995, 0.0114731301647631, 0.006958804494420702], [0.9317978923328921, 0.009727615247873626, 0.005899170605314479, 0.05257532171391978], [0.9729187505705014, 0.015728544471569593, 0.006556081597142116, 0.004796623260786955], [0.9744689502829628, 0.015753398743501307, 0.003982785882770422, 0.005794864990765537], [0.9380410315050643, 0.007626982891586969, 0.007624940966712064, 0.0467070445366366], [0.9703795619715567, 0.009516014432968352, 0.012216821878915585, 0.007887601616559386], [0.031427517296006305, 0.9186262419003558, 0.04035930677577108, 0.00958693392786676], [0.03798662887369319, 0.8647231748576278, 0.016859941047414385, 0.08043025512126455], [0.025304606511767424, 0.016340196344077806, 0.9496083978494202, 0.008746799194734551], [0.01775217610488948, 0.009504238184956545, 0.003284846768696268, 0.9694587388414577], [0.03525589320767783, 0.010102605201534467, 0.9093650954392414, 0.045276406051546265], [0.022679910283259882, 0.005388239916412124, 0.007364775125439606, 0.9645670745748883], [0.0450558687966039, 0.9051217950091164, 0.03976680563902968, 0.01005553045524997], [0.045731961509613096, 0.9187120751550362, 0.02160562564586474, 0.013950337589485948], [0.032369081847166074, 0.014366336573502694, 0.946040120676759, 0.007224460802572159], [0.02565655188246883, 0.007826752056034612, 0.0034734751739689306, 0.9630432207875276], [0.03649101199967916, 0.010457235864625982, 0.9412016701119217, 0.011850081923773159], [0.02568796185023735, 0.005386081256132464, 0.004753140907025618, 0.9641728158866045], [0.03494644981349777, 0.9014254992218419, 0.02402217548890831, 0.03960587537575198], [0.02481879881162512, 0.9314934821136999, 0.03611658826001428, 0.007571130714660708], [0.028092173903912606, 0.009709972616085224, 0.930360082365935, 0.031837771014067096], [0.022655505541703744, 0.006910873635200925, 0.006910934636834187, 0.9635226860862611], [0.02244785530462439, 0.013617441480830479, 0.9545750857465899, 0.009359617367955226], [0.017756175008256832, 0.008389148747042347, 0.004218368267995041, 0.9696363078767057]], "ideal": "A", "sampled": "A", "correct": true}}
{"type": "result", "data": {"idx": 5, "options": ["\u2212$3", "\u2212$27", "$3", "$500"], "probs": [[0.07242240064926717, 0.30491590724008827, 0.5696702045353071, 0.05299148747533745], [0.07282987088077571, 0.39371454958301555, 0.3474614904628161, 0.18599408897339262], [0.051556782253668665, 0.4595320010316168, 0.4595320010316168, 0.029379215583097796], [0.043469666377754096, 0.6800130440356629, 0.2501484988902505, 0.02636879059633251], [0.10036426928444787, 0.17614095351478642, 0.6545053925750571, 0.06898938452570859], [0.0768186547327308, 0.3664930273670936, 0.53325648699603, 0.023431830804145532], [0.10393220388203575, 0.15122405394466168, 0.6777310017256933, 0.06711274034760926], [0.19127669928545302, 0.19126361606592612, 0.4588702618616905, 0.15858942268693035], [0.279391043406364, 0.4064701234230087, 0.26245187881177734, 0.05168695425884996], [0.223826893848516, 0.3059197876505167, 0.445137816106965, 0.025115502294002265], [0.22078929829702004, 0.43906342942772697, 0.30177628034305687, 0.03837099183219612], [0.1651844798387716, 0.5088040733423886, 0.3085989894297762, 0.017412457289063564], [0.07402197132968578, 0.2583467911978479, 0.6198307755746233, 0.04780046179784297], [0.168150590106053, 0.5512850325099067, 0.19054559013238645, 0.09001878715165389], [0.07657020224508777, 0.6411210631223706, 0.23586036786140735, 0.046448366671134264], [0.07958073375720123, 0.7093414252487895, 0.16847584089192896, 0.04260200000208025], [0.18070507981081346, 0.2798538285017966, 0.4072205970026934, 0.1322204945846965], [0.11813832777381686, 0.08642586834912716, 0.723768098506559, 0.07166770527049701], [0.11658849826604627, 0.10288898875777433, 0.670980468421695, 0.10954204445448432], [0.20934452582317445, 0.20934452582317445, 0.5345922827467446, 0.046718665506906426], [0.13067636603739233, 0.2766295506302322, 0.4025214372159984, 0.19017264601637704], [0.17931677265671253, 0.4874335490615981, 0.29565503970069246, 0.037594638480996895], [0.20765027963602012, 0.20763479733023338, 0.4981455877754128, 0.08656933515833375], [0.12089726712396946, 0.10022233871940883, 0.6957745940056673, 0.08310580005095432]], "ideal": "C", "sampled": "B", "correct": false}}
{"type": "result", "data": {"idx": 6, "options": ["Overstated Understated", "Understated Overstated", "Overstated No effect", "No effect No effect"], "probs": [[0.1236799594233926, 0.6687461795431149, 0.17997105585447168, 0.027602805079020767], [0.13101072435741412, 0.7083668228495461, 0.1230819572504941, 0.037540495442545625], [0.14138481124853475, 0.2812338492084979, 0.5253569522373805, 0.05202438720558679], [0.2713203308614821, 0.4473998644172841, 0.08274732159380209, 0.1985324830274317], [0.09361257547366537, 0.04155274874895688, 0.8344326215074686, 0.030402054169909216], [0.2862843849500505, 0.06801482238674386, 0.4720217251900055, 0.17367906737320016], [0.07955684541695289, 0.7549739507388613, 0.1396362935598491, 0.02583291018433669], [0.10630754927399971, 0.7856430264215746, 0.08279590153618886, 0.025253522668236838], [0.0509374760933844, 0.13849434887184983, 0.7968531017752741, 0.013715073159491588], [0.1783620476740247, 0.5161732011724371, 0.0616418106597722, 0.24382294039376598], [0.05118153273075267, 0.018835269512457935, 0.9072648273590166, 0.022718370297772784], [0.18807066274525555, 0.05063237805782656, 0.4511672387876238, 0.3101297203092941], [0.03607647385604601, 0.4679501214766412, 0.46787081749913895, 0.028102587068173774], [0.05642211425039663, 0.7790500072139772, 0.0771253079973854, 0.08740257043824072], [0.06409283917778072, 0.36892963551556207, 0.5366925756601016, 0.03028494954655558], [0.13414841189355112, 0.6013617201328025, 0.09220484162366804, 0.1722850262499783], [0.034925498194947745, 0.01650332665465891, 0.9008187684291512, 0.04775240662124217], [0.10141333342690408, 0.027306221829697084, 0.7040198549523243, 0.16726058969107452], [0.03503813581176592, 0.3324863301910034, 0.6210968470656526, 0.011378686831578123], [0.054894500133055954, 0.6283074861709838, 0.26189495647156785, 0.0549030571243925], [0.025675778655987396, 0.25934877433546893, 0.7049178329400717, 0.01005761396847195], [0.05690105791934578, 0.5072297860461707, 0.30762271924136253, 0.1282464366931209], [0.01966186211333514, 0.17526702494746538, 0.7854046853822384, 0.0196664274569611], [0.06266397910221892, 0.3606652742886315, 0.5247113616057382, 0.0519593849034114]], "ideal": "D", "sampled": "A", "correct": false}}
{"type": "result", "data": {"idx": 7, "options": ["$100", "$104.29", "$96.71", "$97.33"], "probs": [[0.007983522154283038, 0.2643751390974332, 0.718592792363992, 0.00904854628429174], [0.009856208020432043, 0.2880436095637425, 0.6909294636074823, 0.01117071870834318], [0.007412923781910504, 0.6672750546089959, 0.315178922949281, 0.010133098559812507], [0.007486368668194423, 0.524838993736008, 0.46313322448445104, 0.004541413011346598], [0.006235063774444129, 0.7206590502488034, 0.2650992473285322, 0.008006638548220276], [0.004855201384709232, 0.5271806505272411, 0.4651972762742703, 0.002766871713779332], [0.44949351195845444, 0.05368626322235824, 0.4494385564815046, 0.047381668237682674], [0.3582195683725637, 0.0455417787040908, 0.521146558538921, 0.07509209428442445], [0.17688644556579355, 0.6995662697669146, 0.09467021709988184, 0.028877067467410037], [0.10414208480432621, 0.5288503770456328, 0.36344265968018985, 0.0035648783698511333], [0.1488357768353644, 0.7558166909596676, 0.07965934946653726, 0.015688182638430657], [0.07515635669243236, 0.4901042904576009, 0.43246856911264747, 0.0022707836373192726], [0.4300740828657993, 0.11574321639145654, 0.37944360432872754, 0.07473909631401661], [0.52925248670155, 0.13380672454671402, 0.3209571580991353, 0.015983630552600644], [0.436484609908376, 0.43643484002943733, 0.09737545359698109, 0.029705096365205567], [0.4108886095965025, 0.36257367739807816, 0.21989481112819217, 0.006642901777227176], [0.38517051175163536, 0.4364232374461183, 0.17089469225809092, 0.007511558444155451], [0.3977254937872952, 0.4506444347124041, 0.14629924336745306, 0.005330828032847578], [0.44875413843605816, 0.1134533526404497, 0.34942353288946437, 0.08836897593402776], [0.4533952615928765, 0.13826198398085388, 0.4000364999805539, 0.008306254345715709], [0.44617140537977323, 0.4461364472554206, 0.08251864508376597, 0.02517350218104015], [0.38715031600550537, 0.34162456021904375, 0.2660353267187056, 0.005189796956745268], [0.2902461761092677, 0.6144159801831938, 0.08851054092419415, 0.006827302683344386], [0.3522462350146949, 0.512487664662385, 0.12957100942990624, 0.00569509079301386]], "ideal": "D", "sampled": "C", "correct": false}}
{"type": "result", "data": {"idx": 8, "options": ["It will be reclassified as an asset held for sale.", "It will be classified as a current asset.", "It will no longer be depreciated.", "It will be valued at historical cost."], "probs": [[0.03478986565520752, 0.6168560087776538, 0.22689179682546398, 0.12146232864167464], [0.03690012726163922, 0.25620542238594735, 0.6963181242627036, 0.010576325989709845], [0.03250221968307578, 0.0417533487366361, 0.5761982309278993, 0.34954620055238883], [0.01747340298838498, 0.022442055383159805, 0.95404360625386, 0.0060409352745952535], [0.024600142672444286, 0.9232193356857582, 0.045959357037815396, 0.006221164503982128], [0.02754540504603535, 0.9122920485711861, 0.04541587308250813, 0.01474667320027041], [0.3816008290728842, 0.01900878745318546, 0.10933046847977074, 0.4900599148941596], [0.050540278490813266, 0.050556986418667696, 0.895865009956324, 0.003037725034194996], [0.30132044537282054, 0.03599579400192791, 0.024734447743921507, 0.63794931278133], [0.06499024428483531, 0.03479510145308966, 0.8971736359202217, 0.003041018241853284], [0.08922307696468244, 0.8466471204127423, 0.054117909096898294, 0.010011893425677038], [0.13844097742268546, 0.7031692815858102, 0.13844279536449317, 0.019946945527011192], [0.12611347717529361, 0.021929152797856406, 0.7258020800923161, 0.12615528983453395], [0.03215667225388923, 0.02210916084697812, 0.9397828453710291, 0.005951321428103555], [0.13490638286284276, 0.0637373037245161, 0.024956155844772444, 0.7764001574678687], [0.0451294746577429, 0.045139108258541234, 0.9064609489782376, 0.0032704680054782883], [0.035674204745196864, 0.9201766058332261, 0.035674789615799264, 0.00847439970577774], [0.044652572657831284, 0.8969871179512964, 0.050599663195829675, 0.0077606460950426625], [0.6821362604234941, 0.0923454941385633, 0.22146072233915967, 0.0040575229987829505], [0.7751327531632725, 0.06364421108985807, 0.13469587917413828, 0.0265271564727312], [0.7303648767164578, 0.1846933409405831, 0.0599491461666681, 0.024992636076291066], [0.6282140875255502, 0.15886918374528625, 0.20395428794999004, 0.008962440679173447], [0.618612786631945, 0.1772594041445548, 0.047701031669236706, 0.15642677745426348], [0.5198760206435952, 0.21675565073260056, 0.24557643459586712, 0.017791893927937178]], "ideal": "D", "sampled": "D", "correct": true}}
{"type": "result", "data": {"idx": 9, "options": ["$28,000", "$132,000", "$160,000", "$188,000"], "probs": [[0.026836115989181283, 0.4197833259160097, 0.5390124345544597, 0.014368123440349337], [0.03269111914956774, 0.2737161055698797, 0.579471195909775, 0.1141215792707775], [0.03451603358536466, 0.12047393899309698, 0.8362799480717664, 0.008730079249771866], [0.040287286886118066, 0.09664417708315676, 0.7601748054172947, 0.10289373051343048], [0.020772875765514988, 0.23773074273841277, 0.7322761913552269, 0.009220190040845296], [0.025828046206009873, 0.20315141543249232, 0.709055341436495, 0.061965196825002844], [0.23933602844827387, 0.2711947259490247, 0.4759615356781822, 0.013507709824519149], [0.16413158810791334, 0.22433422823734164, 0.505544993686674, 0.10598918986807099], [0.12973944785019384, 0.42539305379987963, 0.37540803841078835, 0.06945945983913819], [0.09256717372088027, 0.36612435421529405, 0.5326939115519974, 0.00861456041182828], [0.1120111362220247, 0.32411022280811, 0.3672548340580385, 0.19662380681182676], [0.08363101740841965, 0.29193807409675826, 0.617978049040245, 0.006452859354577113], [0.033449390644067746, 0.14991689267526762, 0.8104431115117369, 0.006190605068927765], [0.044148512287242814, 0.12001581995349493, 0.7825702978761736, 0.05326536978308869], [0.028699663469015264, 0.5087803171506908, 0.44895960359403814, 0.013560415686255796], [0.029447568687264218, 0.5915443322646066, 0.35876336823825866, 0.020244730709870495], [0.023918510728393096, 0.4804473769417642, 0.37414847771836524, 0.12148563451147741], [0.021346306124136773, 0.4858712610683627, 0.48584956497608045, 0.006932867731420049], [0.1320160237984527, 0.19209007267617426, 0.67044159717743, 0.005452306247943041], [0.13558616045816746, 0.1635505146418244, 0.6076550022870988, 0.09320832251290938], [0.09581893569891685, 0.42945527166703856, 0.42945527166703856, 0.045270520867006024], [0.08326727019205285, 0.39729347192063175, 0.5100923695356203, 0.009346888251695116], [0.09456338239302572, 0.3513609285336555, 0.3981323332170399, 0.15594335575627888], [0.08525326902756364, 0.31678471172552414, 0.5917823352654783, 0.006179683881433912]], "ideal": "C", "sampled": "B", "correct": false}}
{"type": "result", "data": {"idx": 10, "options": ["$100", "$2", "$500", "$200"], "probs": [[0.21636541386077315, 0.07023497996611508, 0.35667333857585565, 0.3567262674972561], [0.315381290846678, 0.13145879007648215, 0.5199160614083548, 0.03324385756848504], [0.18788504598646052, 0.35092338916130356, 0.27330651876577544, 0.18788504598646052], [0.14834668127613, 0.31397575955615226, 0.5175990000713572, 0.0200785589963605], [0.11972588732356176, 0.5365159371122213, 0.3253968868907056, 0.018361288573511308], [0.14953003989374714, 0.3586472610619456, 0.4604783109168487, 0.03134438802745852], [0.05371877262681164, 0.18745700198742346, 0.4496718091844004, 0.3091524161013645], [0.03266885655926078, 0.3299006078947406, 0.616335420637012, 0.021095114808986588], [0.07426694281846821, 0.1896123907785382, 0.6618479045814699, 0.07427276172152364], [0.08063316668931837, 0.18168013338596073, 0.6341405775584628, 0.10354612226625809], [0.028908491072957287, 0.21356955011023954, 0.7454686629272591, 0.012053295789544102], [0.03492481005708048, 0.37542457643428245, 0.4820546966997989, 0.10759591670883817], [0.44674173341260304, 0.23907377114541023, 0.18619084253467183, 0.1279936528073149], [0.4323888380326873, 0.2971014855267424, 0.2042006971751514, 0.06630897916541881], [0.36941055835854, 0.11264491499746353, 0.41851501231609173, 0.09942951422790476], [0.4467221000319093, 0.12796590648954384, 0.23908387543475493, 0.1862281179437919], [0.32865110526152796, 0.17587271593052825, 0.4780565571017321, 0.01741962160621167], [0.4288031671092413, 0.20250235175530493, 0.22947684856651598, 0.1392176324689378], [0.08033037780296713, 0.7621379351945663, 0.15005908625452388, 0.007472600647942743], [0.07149679233023289, 0.7686263939583194, 0.15133702795744072, 0.008539785654006902], [0.23324790368636214, 0.12483008031269548, 0.633939457918251, 0.007982557982691376], [0.3860660262874521, 0.14199615167174448, 0.26528371776766835, 0.20665410417313504], [0.16146667269964637, 0.438838123413924, 0.38724291248613435, 0.012452291300295258], [0.18975423133148947, 0.4551227952448178, 0.27602413088285277, 0.07909884244083994]], "ideal": "D", "sampled": "A", "correct": false}}
{"type": "result", "data": {"idx": 11, "options": ["$0", "$15,000", "$20,000", "$40,000"], "probs": [[0.1302759981437995, 0.45472221603804125, 0.40126645065763444, 0.013735335060524772], [0.10605125128162357, 0.2543871998532539, 0.4752728342534676, 0.16428871451165492], [0.09226085594491493, 0.2841950532947782, 0.6016242841823809, 0.021919806477926], [0.11002261354452765, 0.24794808397120435, 0.5248885232413717, 0.11714077914289625], [0.08795990417189876, 0.16433855185544202, 0.7365142386790946, 0.011187305193564607], [0.1112214115511918, 0.20780085450781022, 0.6400528358708141, 0.04092489797018393], [0.26208288744107744, 0.5548469692398479, 0.14027482949125508, 0.04279531372781955], [0.1462555731036876, 0.29086394198548643, 0.4795364617649174, 0.08334402304590859], [0.23180849891522928, 0.2626501753686335, 0.4907161584769628, 0.01482516713917438], [0.22305881143891884, 0.28639211180951857, 0.4722345891035261, 0.018314487548036495], [0.1633398975555569, 0.41710305102931383, 0.4170742321836416, 0.002482819131487661], [0.16198263034949859, 0.38858360567557715, 0.44029051252917323, 0.009143251345751025], [0.17795294985508084, 0.2933732347404117, 0.4836744493720591, 0.04499936593244828], [0.12784731410626984, 0.27065736103081434, 0.5729624639119986, 0.0285328608509172], [0.20912012572611371, 0.268515558524301, 0.5016530779712404, 0.020711237678344895], [0.18181554920508625, 0.2485043399294876, 0.5600408895497615, 0.009639221215664719], [0.162239901356264, 0.4410137726741785, 0.3891541233737568, 0.00759220249580062], [0.19370669449299704, 0.4946473919325887, 0.3000081231518957, 0.01163779032251856], [0.042827359785208435, 0.2792727370633096, 0.6699743794657322, 0.007925523585749772], [0.06023040745526158, 0.28736346190633244, 0.6083305280361391, 0.04407560250226694], [0.028838066652648233, 0.5441619453020169, 0.42376253646478856, 0.0032374514805463897], [0.04287120340111519, 0.5559921394111665, 0.38210686814911055, 0.01902978893860773], [0.054999856188986354, 0.40640316951371946, 0.5218165331659299, 0.016780441031364217], [0.07840236479778684, 0.4238455212250424, 0.48025238363188055, 0.01749973024529024]], "ideal": "B", "sampled": "B", "correct": true}}
{"type": "result", "data": {"idx": 12, "options": ["Engagement performance.", "Risk analysis.", "Safeguarding of assets.", "Information processing."], "probs": [[0.7078947368742514, 0.20281523522834496, 0.061842610188251115, 0.027447417609152477], [0.7313720191480872, 0.16319115914237894, 0.028350780575982552, 0.07708604103355127], [0.8717228715946616, 0.07155010315432131, 0.04076146775363558, 0.015965557397381515], [0.8613341580611968, 0.07070261602444261, 0.027681053049421582, 0.04028217276493899], [0.849803121668173, 0.05432874166156739, 0.04792978047583699, 0.04793835609442266], [0.8471823807246772, 0.050879444039709405, 0.05414886329613403, 0.04778931183947937], [0.0564588782049345, 0.8833936287437321, 0.04396856121337757, 0.016178931737955815], [0.07091264130030332, 0.8641159484787851, 0.033496490003694465, 0.031474920117217094], [0.021077964972986692, 0.019804001341275496, 0.9541101094162754, 0.0050079241694624245], [0.07342885939600463, 0.016387683734923095, 0.015391644518486947, 0.8947918122505853], [0.028619509160805023, 0.01532223725973866, 0.9478565444707574, 0.008201709008698948], [0.06542037688759318, 0.010034685423983267, 0.021239311351450005, 0.9033056262369735], [0.01847226407330539, 0.947625459403847, 0.028609063385115263, 0.005293213037732267], [0.022236370790558527, 0.9456932476163393, 0.020888160216665605, 0.011182221276436555], [0.01733046530395169, 0.030421999276436386, 0.9462562507688442, 0.005991284550767671], [0.04570358918805755, 0.022984942055109883, 0.013094420336176502, 0.9182170483206561], [0.014620480199661, 0.01462299570178719, 0.9629291326106255, 0.007827391387926305], [0.040877706955849594, 0.01247021452191201, 0.01600834899973681, 0.9306437294225016], [0.033350526850274634, 0.9157966086418439, 0.03779038787048627, 0.013062476537395213], [0.031572410823471675, 0.9228441063688034, 0.031571311862769263, 0.014012170844955573], [0.026400184108656084, 0.03185143303635659, 0.9307404107559659, 0.01100797199902143], [0.045313143236755005, 0.020110721001626346, 0.024254805141998303, 0.9103213305196203], [0.015518772435944381, 0.016521859935492992, 0.96015471344547, 0.007804654083092662], [0.04064150142829087, 0.014953813472327689, 0.01919820526646822, 0.9252064797329133]], "ideal": "A", "sampled": "A", "correct": true}}
{"type": "result", "data": {"idx": 13, "options": ["$18,000", "$22,500", "$25,000", "$40,500"], "probs": [[0.17670351791711447, 0.35142032355788805, 0.3982113718055247, 0.07366478661947276], [0.12821004557579427, 0.27142618721549566, 0.5397954308324936, 0.060568336276216474], [0.1340490296428976, 0.3215736186358656, 0.49804756596972544, 0.04632978565151133], [0.09119975565952015, 0.18137909470174887, 0.594707786977425, 0.132713362561306], [0.0413296005780427, 0.4174399960494582, 0.5359747012448137, 0.005255702027685346], [0.04943501742030734, 0.41394163561747616, 0.46904777068212267, 0.0675755761800938], [0.18865411178259006, 0.3524420278115119, 0.37518349660311884, 0.08372036370277917], [0.16578829896581104, 0.3297094225930787, 0.4506737266138532, 0.05382855172725696], [0.2381630662050756, 0.2872794834168626, 0.4179846001223699, 0.056572850155691926], [0.16390771649078875, 0.15397704563848466, 0.5374509415953903, 0.14466429617533622], [0.09333790670102249, 0.41833697634721073, 0.4740089608152982, 0.014316156036468623], [0.11597107889325614, 0.4047870601855917, 0.43089359443178105, 0.048348266389371085], [0.09775945871029391, 0.38666631083792935, 0.46641312608569097, 0.049161104266085776], [0.05362653426209177, 0.2723472043288042, 0.5088258802164743, 0.16520038109262966], [0.12327345495052501, 0.3567103671077671, 0.4580251864125324, 0.06199099142917542], [0.10330733372611876, 0.2808345383497919, 0.5246793265717762, 0.09117880125231316], [0.028167040622169022, 0.440621995020211, 0.49929010486848185, 0.03192085938913808], [0.030172393108300596, 0.39131244948411276, 0.5693113035371293, 0.00920385377045725], [0.11919718120959752, 0.3671649224022649, 0.5018338544047567, 0.011804041883380845], [0.1337032655851433, 0.3207448518177453, 0.41183505685487887, 0.1337168256422325], [0.14445698851775057, 0.4180001191302415, 0.4179910592238653, 0.01955183302814261], [0.14235097651001155, 0.4119288331355696, 0.4119061833721604, 0.033814006882258434], [0.165828123672115, 0.3098077177691596, 0.45077234502099334, 0.07359181343773206], [0.12810316799886218, 0.30731845185178003, 0.5393497397523235, 0.02522864029703429]], "ideal": "B", "sampled": "D", "correct": false}}
{"type": "result", "data": {"idx": 14, "options": ["$100 billion", "$80 billion", "$20 billion", "$10 billion"], "probs": [[0.2368275545005187, 0.344520750835738, 0.3903644418918801, 0.028287252671863144], [0.23577222577020504, 0.3430022648081245, 0.3026660129522511, 0.11855949636941936], [0.2738997011294531, 0.22702316683842388, 0.4514805027598111, 0.04759662917231191], [0.2996923237831019, 0.2483932748667376, 0.3189267420769667, 0.13298765917319383], [0.25445742929163695, 0.198144388068435, 0.4194388341149767, 0.12795934842495132], [0.2588133436536259, 0.16709379352168835, 0.426613049863442, 0.1474798128612437], [0.2650663781516678, 0.38560921273626675, 0.30028611011251727, 0.04903829889954817], [0.23340396406846747, 0.4359734323484825, 0.23332536044376342, 0.09729724303928655], [0.30620452872658116, 0.253786385979406, 0.39305517219939895, 0.046953912994613885], [0.33265324302341437, 0.3123844738207072, 0.2934350833060198, 0.06152719974985863], [0.2963819337957623, 0.1399868491146134, 0.40499763507060726, 0.15863358191901705], [0.3468396727922855, 0.21031746657916034, 0.39287994039749136, 0.04996292013106279], [0.13014856790910065, 0.31218279757000783, 0.48350292897962055, 0.07416570544127096], [0.12372618274723465, 0.33629631214619893, 0.3810880949986256, 0.15888941000794077], [0.08447407835837521, 0.35563212232126745, 0.51741200102074, 0.042481798199617275], [0.10942199091414694, 0.490380820482901, 0.29739440470530687, 0.1028027837976452], [0.1601981395352344, 0.31856707209988244, 0.3609974735762903, 0.16023731468859284], [0.195804150351704, 0.25140115803500196, 0.441222790146625, 0.111571901366669], [0.11674244178815528, 0.23218155357088438, 0.49148190799736974, 0.1595940965435906], [0.09375574648386889, 0.27128270872091526, 0.5067937486885427, 0.1281677960066732], [0.06836169925441038, 0.25399124288907937, 0.6092783847579344, 0.06836867299857581], [0.07145271183384522, 0.3408723942269602, 0.49591911966911173, 0.09175577417008283], [0.08497786345824761, 0.278622347890299, 0.35773634325583004, 0.2786634452956233], [0.07511811674708667, 0.2791011024765925, 0.590816197519467, 0.05496458315685381]], "ideal": "C", "sampled": "B", "correct": false}}
{"type": "result", "data": {"idx": 15, "options": ["Receivable confirmations received from the client\u2019s customers.", "Prenumbered receiving reports completed by the client\u2019s employees.", "Prior months\u2019 bank statements obtained from the client.", "Municipal property tax bills prepared in the client\u2019s name."], "probs": [[0.03774103465684786, 0.09640060220587945, 0.40587448464932646, 0.4599838783879462], [0.023331540882504095, 0.05258898004592444, 0.32214657689065723, 0.6019329020809142], [0.029323723273488023, 0.13992123356523087, 0.20358418002024017, 0.627170863041041], [0.03128327731983906, 0.14023385808734573, 0.7122097704497569, 0.1162730940430584], [0.02068662399163476, 0.08710714930429353, 0.16274088164819348, 0.7294653449558782], [0.03580925787694128, 0.17087411508430486, 0.6758614021993241, 0.11745522473942972], [0.16836182520550963, 0.03530025429223254, 0.5186653059401213, 0.2776726144621366], [0.13836853153227704, 0.02122517294513087, 0.29296845085608675, 0.5474378445665053], [0.32901955995851423, 0.25624070618960765, 0.04183058984210196, 0.37290914390977614], [0.15810402283851638, 0.2607084357055526, 0.5519332556212397, 0.029254285734691247], [0.1507305932930189, 0.13302649407591527, 0.040571104277661495, 0.6756718082534043], [0.10926884032967091, 0.1918066655140788, 0.6695049032851019, 0.029419590771148318], [0.7266204085733401, 0.04364250437320559, 0.16214095940529544, 0.06759612754815893], [0.6021292728184109, 0.04362472031298037, 0.322328322833396, 0.03191768393521271], [0.7307655660851786, 0.11206973113346148, 0.030162793894465852, 0.12700190878689407], [0.6336404521217167, 0.09129097195875796, 0.2641645851729576, 0.010903990646567661], [0.7049484559396046, 0.15729979524567636, 0.04233699490560808, 0.09541475380911096], [0.6409717820565077, 0.18364879335276474, 0.16207440236905102, 0.013305022121676486], [0.17824358638757107, 0.05107300184284152, 0.06557526963972413, 0.7051081420298633], [0.19487983567195916, 0.08649773407600808, 0.60038264388943, 0.11823978626260279], [0.25251405864260074, 0.10526196422279853, 0.03637782402618433, 0.6058461530084164], [0.22602651388449607, 0.13711166320534798, 0.6144767447890868, 0.022385078021069205], [0.241314153324632, 0.5789118300747156, 0.05058728436270966, 0.1291867321379427], [0.21302490110622563, 0.6562132156001868, 0.0888102049478528, 0.04195167824573484]], "ideal": "B", "sampled": "C", "correct": false}}
{"type": "result", "data": {"idx": 16, "options": ["$10,000", "$25,000", "$44,000", "59000"], "probs": [[0.010993515324883862, 0.6389742545593384, 0.3419876743479966, 0.008044555667781075], [0.011354752318102339, 0.426083993099911, 0.5470397828429865, 0.015521471639000091], [0.01459283898217147, 0.31201278259428367, 0.6605137991282624, 0.012880579195282425], [0.014675049793139815, 0.19031421234391238, 0.6642098139404987, 0.1308009238224491], [0.010626872364982144, 0.42449422608288406, 0.5450236830156439, 0.019855218436489953], [0.014078747322357574, 0.3410927018805063, 0.43793490035250626, 0.20689365034462992], [0.38160590323535243, 0.045584430398770893, 0.4323997271612163, 0.14040993910466043], [0.20321135991825598, 0.031169374298506407, 0.6259350554526398, 0.1396842102305978], [0.3147112621335338, 0.588007072702617, 0.06196575775982737, 0.03531590730402183], [0.1462033226863155, 0.39744606202972854, 0.4503136826662323, 0.006036932517723676], [0.11281614875577413, 0.7357014499133658, 0.1278301193567326, 0.02365228187412744], [0.06586970493757217, 0.5515836537239871, 0.37905400287631863, 0.00349263836212217], [0.30913667384713306, 0.02104077962400513, 0.2728121710540167, 0.39701037537484507], [0.14552418872606965, 0.015343197605581338, 0.7390907399184536, 0.10004187364989539], [0.25269079582385745, 0.5349655230548297, 0.09295097131024581, 0.11939270971106707], [0.07080704408182398, 0.24716456640206863, 0.6718244257868411, 0.010203963629266309], [0.04327142550749341, 0.8692509715252835, 0.08083981064528944, 0.006637792221933557], [0.030980786206182092, 0.7507033467959299, 0.21504929787810612, 0.0032665690197819486], [0.3410376164439944, 0.052303033419819185, 0.34102468223550125, 0.2656346678006852], [0.28795179805745114, 0.03897152076185795, 0.2540764552843399, 0.41900022579635104], [0.21284911097214512, 0.5105765119042884, 0.08871793896218984, 0.18785643806137658], [0.1309841388719116, 0.40348740318374815, 0.45715163898981753, 0.008376818854522704], [0.2482926191722715, 0.6749519166746427, 0.043144777866475525, 0.0336106861866102], [0.1796688381226753, 0.5534866875026057, 0.2614166356757966, 0.0054278385989224515]], "ideal": "C", "sampled": "D", "correct": false}}
