{"type": "result", "data": {"idx": 0, "options": ["5 permanent members with veto power, 10 rotating members with no veto power", "5 permanent members and 10 rotating members, all with veto power", "10 permanent members with veto power, and 5 rotating members without veto power", "15 permanent members with veto power"], "probs": [[0.9750006478974848, 0.02293067863892205, 0.0018822730593943276, 0.00018640030419887727], [0.9640796787564305, 0.029112681830295726, 0.001748412275026796, 0.005059227038246951], [0.9827037810174277, 0.008502777974332484, 0.008502463187290843, 0.0002909777209489362], [0.9850628989145784, 0.0066377237263235125, 0.0024418103004840794, 0.005857566958614001], [0.9667663415687003, 0.002396705521084656, 0.025763682598591967, 0.005073270211623081], [0.9751348694304589, 0.003985670942121001, 0.01576217482339162, 0.005117284704028442], [0.00968488512942387, 0.9878851742124196, 0.0016830562033931659, 0.0007468843547633614], [0.006664436430274635, 0.9890702449500254, 0.001487108918018536, 0.0027782096016814774], [0.0848568391376842, 0.002562783926060074, 0.9122928504579099, 0.0002875263783458486], [0.9743055453581253, 0.0027369170962622705, 0.002736623729640777, 0.02022091371597161], [0.006673445110072931, 0.0004542055276093185, 0.9904172402974644, 0.00245510896485335], [0.9408143248311451, 0.0011729259383461454, 0.004936988044737514, 0.05307576108577119], [0.14693103501712432, 0.8454913961262643, 0.006455632757378683, 0.0011219359992326674], [0.1313868815994841, 0.8567048669417677, 0.004495788087907929, 0.0074124632708401795], [0.07470121707425509, 0.014710158109320928, 0.9099814275632635, 0.0006071971531604965], [0.9232719556870017, 0.021712953263050408, 0.009051118061999213, 0.04596397288794871], [0.1994211506450348, 0.00413932305889001, 0.7887071292094568, 0.007732396986618384], [0.8728551040090015, 0.006261151120081062, 0.04924060275403406, 0.07164314201688338], [0.005106371876452275, 0.9730936090925932, 0.01782293658571255, 0.003977082345241922], [0.007474184382833849, 0.9789192520578038, 0.008469411968356558, 0.005137151491005744], [0.0027793079488652927, 0.006667448531463401, 0.9894647983679854, 0.001088445051685911], [0.09261020789543961, 0.60389444620239, 0.018235844645828586, 0.2852595011563418], [0.5544367840905994, 0.011508108658339258, 0.431789115351887, 0.0022659917991743315], [0.9637241354402637, 0.006493652169254577, 0.012131206498752765, 0.01765100579172896]], "ideal": "A", "sampled": "A", "correct": true}}
{"type": "result", "data": {"idx": 1, "options": ["It allowed the US to intensify its involvement in Vietnam", "It illustrated the influence of public opinion on US foreign policy", "It enhanced Congressional control over the Vietnam War", "It curtailed US involvement in Vietnam"], "probs": [[0.9913790556710738, 0.007569867428243709, 0.0008493369307870918, 0.00020173986989543128], [0.9902702465252164, 0.00856792586761401, 0.0009030883609142175, 0.0002587391462553156], [0.9916279314067529, 0.007571726083589111, 0.0006616495878169448, 0.00013869282184104893], [0.9889492432853502, 0.009695941621846654, 0.0012327471099754191, 0.00012206788282775434], [0.9880656866809108, 0.01097691061839354, 0.0005817863783358851, 0.0003756162223598374], [0.9863512601252612, 0.012416888316655014, 0.0010850073906272539, 0.00014684406745656112], [0.0031643870809923624, 0.9942323583586601, 0.0021749299524838677, 0.0004283245078636597], [0.0035816207005813245, 0.9931127929778159, 0.002789528948285079, 0.0005160572733177765], [0.0010303739074472697, 0.0016989659199661505, 0.9971311687684965, 0.0001394913040900447], [0.0006255562240373864, 0.0009102984413031679, 0.00033488768103414343, 0.9981292575536252], [0.00024513164739687157, 0.0008038087656678, 0.9987058959999469, 0.00024516348698841293], [0.0004576923498914237, 0.0009103899581643658, 0.00043004155482075914, 0.9982018760371234], [0.0031607707853280645, 0.993093607463159, 0.0031608620549346835, 0.000584759596578231], [0.004586021542761798, 0.9903132593421079, 0.00458610163650543, 0.000514617378624877], [0.000708246977062429, 0.0019253364538389954, 0.9972353694938387, 0.00013104697525985552], [0.00048724311288201363, 0.0009104023234889635, 0.00035652627831114076, 0.9982458281853178], [0.00040406661693462184, 0.0009106206357545913, 0.9984944163280169, 0.00019089631929383226], [0.0005520100650873822, 0.0010314154974177365, 0.00035645236238961354, 0.9980601219751053], [0.0014980766824429159, 0.9964010317315947, 0.0016976216045386688, 0.0004032698814237674], [0.002317909070469159, 0.9954068313547365, 0.002045681395928312, 0.00022957807886604486], [0.0004871536665521879, 0.0013243089241766596, 0.9980201440006224, 0.00016839330864872892], [0.00070863454962961, 0.0008031298043690817, 0.0006254682527357821, 0.9978627672932655], [0.0008027418103419042, 0.0014998080833956318, 0.9974813543963854, 0.00021609560987704752], [0.0007086284604842984, 0.0009100327756227924, 0.0005519627836027065, 0.9978293758802902]], "ideal": "A", "sampled": "A", "correct": true}}
{"type": "result", "data": {"idx": 2, "options": ["Terrorists", "Organized crime", "Drug traffickers", "China"], "probs": [[0.0031596022543787256, 0.002461120135712747, 0.0014926029120980145, 0.9928866745978105], [0.0007483703885497639, 0.008565262877029247, 0.9898894296892583, 0.0007969369451627012], [0.003158052576703235, 0.0016906543754956226, 0.0027870991245128513, 0.9923641938232883], [0.001026131918212382, 0.004599398442963088, 0.9930563106318525, 0.001318158906972072], [0.0013111333650050539, 0.9882315262821804, 0.008549457299630045, 0.0019078829531845075], [0.0013109713600855178, 0.9881099950218276, 0.008548318414683606, 0.002030715103403196], [0.004595021053468628, 0.0013168501503079617, 0.0016905241466011443, 0.9923976045496222], [0.0005859352412568351, 0.0035900279614435654, 0.9951597845632771, 0.0006642521340224823], [0.005199103716130511, 0.002167834709165432, 0.0016880012441843543, 0.9909450602305196], [0.000751488834821199, 0.004604076456570865, 0.9940211080988417, 0.0006233265097662566], [0.0013170682293772442, 0.9926839421333937, 0.004596812161964511, 0.001402177375264476], [0.001912314879767466, 0.9906120148400437, 0.005890086557310292, 0.0015855836228785656], [0.004055162743862757, 0.0013168704330967145, 0.002170737537230883, 0.9924572291858096], [0.000963253734220188, 0.005208281531028613, 0.9923358046848826, 0.0014926599498686214], [0.0040505240330107805, 0.003155206841747947, 0.0014902146284569704, 0.9913040543967843], [0.0007935763227285397, 0.012414369155225794, 0.9860913582690186, 0.000700696153027009], [0.0010252095573992635, 0.9921804116837588, 0.005206271099041328, 0.0015881075598006412], [0.0015798305423813937, 0.9871628899050181, 0.009677158686821242, 0.0015801207657792536], [0.9747211929891816, 0.020231828086794974, 0.0029143898272500114, 0.0021325889967734623], [0.970763181296258, 0.02283265941212146, 0.0035010829125242523, 0.002903076279096229], [0.9700360884407432, 0.02585166848970824, 0.002559538619681431, 0.0015527043498671264], [0.9577677212798719, 0.03713814668715575, 0.0032448775783841363, 0.0018492543545882549], [0.9687292913787054, 0.025817868543247295, 0.0028963870528544967, 0.002556452925192746], [0.9603406454712817, 0.03286307971881961, 0.003924515449733678, 0.002871759260165017]], "ideal": "D", "sampled": "D", "correct": true}}
{"type": "result", "data": {"idx": 3, "options": ["Richard Nixon", "George H. W. Bush", "Jimmy Carter", "Ronald Reagan"], "probs": [[0.9962229241321213, 0.0019234703118888937, 0.001497833047777505, 0.0003557724082122911], [0.9934918976043317, 0.00358363244404958, 0.0021733639505236626, 0.000751105901095102], [0.9953714271088243, 0.0031683725194783935, 0.0011655078571627198, 0.00029469241453458276], [0.99564826594306, 0.0027969212489260737, 0.0012410254419253776, 0.00031378726608856], [0.9947104014228874, 0.0027943721291770604, 0.0016947013909168912, 0.0008005249570186527], [0.9963749840461323, 0.0016977331866227614, 0.0014980705209637476, 0.0004292121462811631], [0.0017784923014933715, 0.980699399766124, 0.015851365139867263, 0.0016707426925154287], [0.002137660815366873, 0.9772191954449092, 0.01789831985821541, 0.0027448237815084786], [0.0004562821896012426, 0.004067026920960711, 0.9950480243217337, 0.00042866646770434245], [0.0014925299885016185, 0.0035806979923190987, 0.002171736037436296, 0.992755035881743], [0.0005497428971504582, 0.0014944699451642112, 0.9938936890474944, 0.004062098010190871], [0.0031568440627573707, 0.0021699261864595587, 0.0027861364668146176, 0.9918870931839684], [0.0024507102395916977, 0.9886887980491607, 0.007548710103055479, 0.0013117815081921844], [0.002030677526414283, 0.9881881519188119, 0.008549490565751014, 0.0012316798890228027], [0.0013227906275310002, 0.001322963853514167, 0.9969752122703527, 0.00037903314860210114], [0.010953076570332825, 0.0008992345855332536, 0.00215695084234004, 0.9859907379017939], [0.0006255064718879807, 0.0010313956646068527, 0.9980285502763533, 0.00031454748715188663], [0.010945504541637775, 0.0024425159231625192, 0.0013073844614722096, 0.9853045949737275], [0.002026211589990997, 0.9860113249214804, 0.009666458342952818, 0.002296005045575824], [0.001019796359780978, 0.986930909890949, 0.010963724960755386, 0.0010855686885145757], [0.0010281827219519339, 0.001165242676414457, 0.9950115456640498, 0.00279502883758377], [0.0035824192368634246, 0.0011632142880931187, 0.001917723499349477, 0.993336642875694], [0.00045665154609478227, 0.003170071999381189, 0.995887141899361, 0.0004861344551630101], [0.004045993818528155, 0.004585162972685236, 0.001313689215492792, 0.9900551538932938]], "ideal": "A", "sampled": "A", "correct": true}}
{"type": "result", "data": {"idx": 4, "options": ["on nuclear weapons signed between the United States and the Soviet Union.", "cutting conventional arms in Europe.", "to be rejected by the U.S. Senate.", "mandating the elimination of many long-range nuclear missiles."], "probs": [[0.37668543699448864, 0.0012767073810993142, 0.0009338593721027801, 0.6211039961523093], [0.4612623028331902, 0.015787270506194162, 0.5226786926711833, 0.00027173388943233217], [0.4671859216468114, 0.0019103870964187614, 0.0014871557219961848, 0.5294165354347736], [0.0846272638811097, 0.00541125661085358, 0.9098341533066016, 0.00012732610143520172], [0.43583718257529674, 0.5596385638667857, 0.004013823374340197, 0.0005104300835773627], [0.34693545565529055, 0.6481692838125942, 0.004648776254916455, 0.00024648417719883096], [0.0015376661289809646, 0.3762598470278117, 0.0018548455054055802, 0.6203476412378017], [0.003917883709962071, 0.9005996204971466, 0.09491798509453528, 0.0005645105983559953], [0.0013894689971708, 0.0010166287640755503, 0.18198230597323664, 0.815611596165517], [0.0018805797841778677, 0.001006730782872139, 0.022910395591511756, 0.9742022937414383], [0.0016972443917409178, 0.22229515422082663, 0.7758170659966291, 0.0001905352908033027], [0.0023803391694484956, 0.3760578520669226, 0.0015369567044108694, 0.6200248519592181], [0.003013510594780626, 0.946833047461299, 0.003013557160910978, 0.0471398846830093], [0.0038981992751248523, 0.9538924352190964, 0.041908694791844045, 0.00030067061393473384], [0.0025360955000462804, 0.001125515695443386, 0.29313076167417024, 0.7032076270303401], [0.0027408564284832075, 0.0011427578014931712, 0.020252713457658847, 0.9758636722123648], [0.0024081380821479345, 0.08490438190508719, 0.9125815614620129, 0.00010591845075199695], [0.003939614665697633, 0.24374221478531083, 0.0015428862669428377, 0.7507752841820486], [0.0328165947767768, 0.9590889953851655, 0.007322478227369152, 0.0007719315106885843], [0.04172074827745669, 0.9496282758315014, 0.008215430455342712, 0.00043554533569914504], [0.025758315916458257, 0.00738176081294375, 0.9665736349779663, 0.00028628819263163666], [0.0532367669620461, 0.0019398630772259134, 0.0011051210506895027, 0.9437182488100385], [0.007561484329315457, 0.0019123729933023536, 0.990359002603436, 0.0001671399739462083], [0.04189997633622303, 0.002517354731532021, 0.0018412756451250878, 0.9537413931871198]], "ideal": "D", "sampled": "A", "correct": false}}
{"type": "result", "data": {"idx": 5, "options": ["It ended the influence of American exceptionalism entirely", "Exceptionalism was enhanced by America's status as the 'leader of the free world'", "The extension of American power globally challenged core assumptions of exceptionalism", "Both b and c"], "probs": [[0.0033053144586233443, 0.808779866978445, 0.007448858320590107, 0.18046596014234154], [0.005042299420372634, 0.9608987465000295, 0.0290164291791506, 0.005042524800447213], [0.0016446585685261487, 0.020037074393448807, 0.01293690644292022, 0.9653813604951048], [0.001946358663782836, 0.022276444377181206, 0.028601534157029897, 0.947175662702006], [0.0013986265212143282, 0.00667243609231961, 0.990241614845304, 0.0016873224411619954], [0.0026277579834927197, 0.009172295945789452, 0.1625708140066134, 0.8256291319641045], [0.7054350979852336, 0.021307626700041597, 0.013753083780228144, 0.2595041914344966], [0.880687605808548, 0.009786338672002723, 0.004341543708290385, 0.10518451171115885], [0.28627203391618994, 0.17364733816942388, 0.005243890723653954, 0.5348367370907322], [0.8863972248905172, 0.05667379402730203, 0.05666647010573616, 0.0002625108764446012], [0.9436166888162423, 0.04698111864755981, 0.002197336174000115, 0.007204856262197743], [0.9036373110130109, 0.07417768668234913, 0.021251163469140834, 0.0009338387354990539], [0.005758165474225973, 0.005758761986296344, 0.9683827726109121, 0.020100299828565593], [0.004592465818530754, 0.0014910686324643163, 0.0021694596602440915, 0.9917470057887608], [0.007484519190481253, 0.9802705996065981, 0.00376359060825233, 0.008481290494668309], [0.007504594825179561, 0.9829103150555505, 0.008503840131804705, 0.0010812498874652355], [0.008445232488072333, 0.01392450793995021, 0.0014676704847866396, 0.9761625889871908], [0.002444472130518315, 0.010955494678844019, 0.9861477478717795, 0.00045228521885819055], [0.0035735585308873346, 0.0031537797536296936, 0.9908162418165926, 0.0024564197988903706], [0.018113393722719646, 0.004875724307837088, 0.104234354930183, 0.8727765269392602], [0.019786404903011832, 0.9533766433811645, 0.004415156837399758, 0.022421794778423963], [0.01645177484433201, 0.898263270617458, 0.0835507153972796, 0.0017342390409303843], [0.027125686801781474, 0.17688568469289442, 0.003239802840858292, 0.7927488255644658], [0.01493513999227204, 0.2647426634790859, 0.7196234817024132, 0.0006987147262287952]], "ideal": "D", "sampled": "B", "correct": false}}
{"type": "result", "data": {"idx": 6, "options": ["He believed that internal reform rather than international negotiation was the key to economic regeneration of the US", "He believed that German domination of Europe would be in US interests", "He always favoured isolationism", "All of the above"], "probs": [[0.9705708133255263, 0.020144948956610842, 0.00741041832343026, 0.0018738192944325546], [0.9529668893358976, 0.036952743651449224, 0.006421296593522158, 0.003659070319131032], [0.9748946037834265, 0.02023438034407748, 0.002738319627943213, 0.002132696144552753], [0.9607253434783561, 0.03287605656600204, 0.005041484750090892, 0.0013571151055509368], [0.9519277594001483, 0.04182600134611147, 0.004408376190878902, 0.0018378629628613137], [0.9512835598095685, 0.0417974238634389, 0.005656689674871008, 0.0012623265521216156], [0.028272700793115967, 0.9363051484481617, 0.028272773436284728, 0.007149377222437565], [0.024451624809272945, 0.9176004113658432, 0.05176431378814802, 0.006183649936735798], [0.010789032880603353, 0.012226938913021868, 0.971208117880345, 0.005775910226029737], [0.00956923379043009, 0.009570885025442373, 0.004520965979629779, 0.9763389151044978], [0.005686968822618105, 0.037086037736350906, 0.9564074711149286, 0.0008195222261023828], [0.012065354406260697, 0.019895965018789846, 0.009397370690931982, 0.9586413097840175], [0.01563097665241274, 0.9670865735815108, 0.013794333878268854, 0.003488115787807585], [0.019622006458730547, 0.9455311742657518, 0.032351422182223206, 0.0024953969932943743], [0.01224530952080824, 0.0065551404743114825, 0.9727824911813946, 0.008417058723485691], [0.008520476010442216, 0.004025520956075521, 0.0024416017157520412, 0.9850124012177303], [0.004938123219766436, 0.053091963664921665, 0.9410562701258471, 0.0009136428894647206], [0.007385816121689086, 0.020078965569259182, 0.00507641376563601, 0.9674588044434157], [0.05275141360051769, 0.9351049506119276, 0.009166992117000363, 0.0029766435705544073], [0.06653063986065574, 0.9184809660883123, 0.013100659019459608, 0.00188773493157228], [0.024843843700415452, 0.04096423031787484, 0.9322757245313185, 0.0019162013503912707], [0.032446026762002894, 0.011938287422434754, 0.007240093869930984, 0.9483755918456314], [0.025073923293575686, 0.032198611804852485, 0.9409106419946675, 0.0018168228069044116], [0.03260571220792488, 0.009343552506863377, 0.00500062343143284, 0.9530501117537789]], "ideal": "A", "sampled": "A", "correct": true}}
{"type": "result", "data": {"idx": 7, "options": ["A strand of neo-isolationist sentiment", "A strand of internationalist sentiment", "An expression of American cultural superiority", "Increased incorporation of public opinion in foreign policy making"], "probs": [[0.9922545203565444, 0.00520785460574113, 0.0019156488615255992, 0.0006219760761888381], [0.9908714562252539, 0.005200818634457689, 0.0035737916683289735, 0.000353933371959431], [0.9905638171246054, 0.005890957810998735, 0.00245549571887356, 0.0010897292455223577], [0.9871731530864728, 0.005870753733470496, 0.00587007014277425, 0.0010860229372824475], [0.9746372690420321, 0.02292340711310322, 0.002132106775231609, 0.0003072169696330732], [0.9734264598166467, 0.022894254382079496, 0.0027342574354247097, 0.0009450282658491672], [0.003568852631726346, 0.9897499898451275, 0.005192933718463954, 0.0014882237046822124], [0.00277166637096485, 0.9869354118352824, 0.009674177845353939, 0.0006187438483987805], [0.0035812581663813322, 0.0024620336878277828, 0.9929301050045224, 0.0010266030412684486], [0.0058464495955041105, 0.004019234299114499, 0.006625021292165362, 0.983509294713216], [0.0027561610159253696, 0.015862432993178934, 0.9811548478076677, 0.00022655808322802836], [0.009265300117305874, 0.041529130327082435, 0.0038626587666037897, 0.9453429106890079], [0.0074800478792921305, 0.9797963213248831, 0.009604657372019309, 0.00311897332380544], [0.005767775892299248, 0.9701328005833678, 0.022811761888464944, 0.0012876615358680056], [0.0009083759511866727, 0.0021794248853294717, 0.9960032154824855, 0.0009089835809983238], [0.0021607862103523827, 0.004575421620813653, 0.0051836367363472195, 0.9880801553324867], [0.0056281474698794505, 0.047129499506016824, 0.9464797894508207, 0.0007625634732830566], [0.0034698539841136666, 0.029056644815208352, 0.005048959645970261, 0.9624245414547077], [0.022716862688979468, 0.9660611182062657, 0.009469705315596825, 0.0017523136891580068], [0.020062731035078486, 0.9668014979538946, 0.01073880650794277, 0.002396964403084163], [0.0024474427237762436, 0.009681172169251979, 0.9873247233057283, 0.0005466617012434428], [0.017127752485806193, 0.04109254150479282, 0.006301247115980601, 0.9354784587934204], [0.02877603394605926, 0.015405934890722046, 0.9529666667518293, 0.0028513643113894146], [0.007448276126975843, 0.010839452670740544, 0.005801181583230887, 0.9759110895190527]], "ideal": "A", "sampled": "A", "correct": true}}
{"type": "result", "data": {"idx": 8, "options": ["The war reduced European population levels below that of the United States", "The United States seized German resources after the war", "European countries paid the United States for assistance", "The United States became a creditor country and financial centre, with European war spending boosting the US economy"], "probs": [[0.006653763728966921, 0.0021604436621457256, 0.0035617567579933314, 0.987624035750894], [0.002458857615117057, 0.002786452396510459, 0.9919680649643707, 0.0027866249240017633], [0.0051316961753187845, 0.015807212720963682, 0.0010105945057035093, 0.978050496498014], [0.0019039045794720189, 0.010956475790501626, 0.9862400190998851, 0.0008996004301411632], [0.004045891343376839, 0.9899969725021032, 0.004045891343376839, 0.0019112447111431807], [0.004539768839053933, 0.9803289711066842, 0.013983324165637644, 0.001147935788624313], [0.008521971032014497, 0.002767144850528693, 0.0035528283410364665, 0.9851580556764203], [0.0027820894359428332, 0.003572474442921464, 0.990492511192079, 0.003152924829056715], [0.00583610108604809, 0.010903961529712894, 0.0016722192395846073, 0.9815877180446544], [0.0019161379238629593, 0.004596775053548174, 0.9925818109717257, 0.0009052759508631764], [0.003565658086508504, 0.9886469806776303, 0.005878710056380304, 0.001908651079480869], [0.003555244637970493, 0.9857620142365932, 0.00966407010953665, 0.0010186709158996673], [0.012395374310303943, 0.0019011452739937837, 0.0008980431962660231, 0.9848054371194362], [0.0035798609174442506, 0.00278823152618803, 0.9926060852219446, 0.001025822234423049], [0.014015913471635413, 0.0021496224925674355, 0.0011505941308313492, 0.9826838698049658], [0.00217727436354684, 0.0016957487365951594, 0.9953258959153408, 0.0008010808845172236], [0.005184077239614616, 0.9879207410279464, 0.005874300833085766, 0.0010208807993533039], [0.004581452615110129, 0.9893249068946168, 0.005191434074537116, 0.0009022063157359256], [0.9917070224144741, 0.00589752334261772, 0.0014910495306032002, 0.0009044046123050554], [0.9900583065800921, 0.005887582232065585, 0.003570822278025183, 0.00048328880981714933], [0.9935307320741709, 0.004601412834125374, 0.0013182946472142917, 0.0005495603444894935], [0.9933737095529205, 0.004600607681565905, 0.0016924111555160232, 0.00033327150999752024], [0.990826364165723, 0.007565546759557844, 0.001314717842399424, 0.00029337113231969194], [0.9909793170103711, 0.007566847396928767, 0.0011604190841066938, 0.0002934164085934137]], "ideal": "D", "sampled": "D", "correct": true}}
{"type": "result", "data": {"idx": 9, "options": ["the president of the United States.", "the secretary of defense.", "the chairman of the Joint Chiefs of Staff.", "Congress."], "probs": [[0.01239324077238796, 0.0021540395150771367, 0.0007449648105698114, 0.984707754801965], [0.0010979230276937223, 0.00027764882528226806, 0.9981666798004247, 0.0004577482465992497], [0.009679109123628007, 0.0021600942719968486, 0.0007017654908547092, 0.9874590310135204], [0.0011687937312185302, 0.0004300652526562376, 0.9982218446784299, 0.00017929623769530903], [0.005869320562091443, 0.9873007073853124, 0.005871719649221042, 0.0009582523033750864], [0.005867439330622637, 0.9869992559942383, 0.006651572364814372, 0.00048173221032463625], [0.0020157004446828613, 0.07563909569962503, 0.0007429026137153933, 0.9216023011419767], [0.00021308434820765384, 0.015900396489069782, 0.98368625467439, 0.00020026438833261644], [0.00292825790148777, 0.0013834914274526747, 0.07553462492324528, 0.9201536256478142], [0.000967230850071048, 0.0006245878184680566, 0.22235810206062048, 0.7760500791708405], [0.0007180489031107097, 0.8923245233785367, 0.10657297267584147, 0.0003844549425110268], [0.002448879460538405, 0.5288294055683589, 0.0020314341321685902, 0.46669028073893404], [0.002304067957435834, 0.06733693604276153, 0.0007037866406360699, 0.9296552092591666], [0.00037124122788304855, 0.02296753869596057, 0.9765547867259047, 0.00010643325025167271], [0.0031698422721502394, 0.0013216311433778831, 0.059822669973642224, 0.9356858565108297], [0.0012058549802458165, 0.0006455451038532507, 0.2446437574369002, 0.7535048423790007], [0.0008250209829607923, 0.6218452857198238, 0.3771566631888865, 0.00017303000832889418], [0.003969775016254843, 0.40495201630114064, 0.0018765244021240468, 0.5892016841804805], [0.9700779050755414, 0.02929318056523336, 0.0005723497439347721, 5.65645152905378e-05], [0.9662960727602139, 0.03306483295044432, 0.0006069848081044681, 3.210938123724951e-05], [0.9225174701745059, 0.0016734383301302141, 0.07574813489246311, 6.0956502900790636e-05], [0.6757654526168175, 0.004278385532431732, 0.0007928999232020062, 0.3191632618275488], [0.5292759049122102, 0.0035667888147439056, 0.46711511368342584, 4.21924896199849e-05], [0.7731649178720226, 0.004598884206502092, 0.0007524762086067371, 0.22148372161286856]], "ideal": "D", "sampled": "D", "correct": true}}
{"type": "result", "data": {"idx": 10, "options": ["The US ignored the Third World", "Local developments were viewed through a geopolitical lens", "The US unreservedly supported decolonization", "None of the above"], "probs": [[0.0019152430163234637, 0.9921401279592104, 0.0027867603221980787, 0.0031578686022681155], [0.0011655402641745675, 0.9954523079877969, 0.002796020722138432, 0.0005861309258901132], [0.0006244218189937846, 0.0006245150676593179, 0.9962811291479375, 0.0024699338654093975], [0.0007543444496926653, 0.00040389463636657984, 0.0009100272532457317, 0.997931733560695], [0.0002773722636824065, 0.002181823226574604, 0.9972801638224958, 0.00026064058724718276], [0.001166401778554308, 0.0016974764217863479, 0.0008535057680370198, 0.9962826159316223], [0.9939405997405402, 0.004603244211366643, 0.0005497609173021064, 0.0009063950307910922], [0.9968036641782864, 0.0028000629594453546, 0.00033440813100222747, 6.186463126610191e-05], [0.9939559398258535, 0.0031638254784854556, 0.0007059156882834223, 0.002174318907377585], [0.9972453807426717, 0.0021817038414051223, 0.00045728791409728855, 0.00011562740182595883], [0.9959835972413328, 0.003592327457786417, 0.0003341399703958912, 8.993523048493964e-05], [0.99536707757018, 0.004068086967094968, 0.00045642193964712415, 0.00010841342307798728], [0.000551136276797595, 0.0005512295254717368, 0.9964273121084455, 0.002470321989285129], [0.0009096605753275104, 0.00040376811291859395, 0.0010309015426385592, 0.9976556696691153], [0.0016916010518323594, 0.9929758577511458, 0.002172116481473808, 0.0031604246155479605], [0.0011664900195127983, 0.996251043658465, 0.0021792903942574916, 0.0004031758277647056], [0.0011626593735081141, 0.005211253113669322, 0.0005493288061024465, 0.9930767586067201], [0.0002926613918773846, 0.010982175360436977, 0.9885109907768975, 0.00021417237078807277], [0.0005509631354940136, 0.002798211640498527, 0.9960997272377842, 0.0005510978862232342], [0.0009097916548120522, 0.0005875904693261997, 0.0006657503224891388, 0.9978368674533726], [0.003161490037643862, 0.9933475813849645, 0.002172945263829622, 0.0013179832135620183], [0.004053874298957457, 0.9919957850329628, 0.0024589038730200535, 0.0014914366950596798], [0.0013219631059230661, 0.0014983039226703274, 0.0006648818739068812, 0.9965148509974997], [0.0006237683949052563, 0.003589740864071973, 0.9952358998725862, 0.0005505907684365624]], "ideal": "B", "sampled": "B", "correct": true}}
{"type": "result", "data": {"idx": 11, "options": ["It was the first time the US became involved in the Balkans", "It was the first time NATO used military force", "It was the first war won by airpower alone", "It was the first war to employ 'smart weapons'"], "probs": [[0.009160256222798278, 0.1623905173135593, 0.8246293014197426, 0.003819924943899904], [0.018249914388208388, 0.8794038458668176, 0.03863754567560017, 0.06370869396937379], [0.004490556778736467, 0.4042645500759277, 0.5881575500148328, 0.0030873430305029636], [0.00798306475398966, 0.05899005361742286, 0.010251021622647242, 0.9227758599059402], [0.006576007657057083, 0.010843313068566812, 0.9760037099266986, 0.006576969247677518], [0.007324735750889796, 0.01065898026358179, 0.02256322086484421, 0.9594530630206842], [0.01768651154396188, 0.012157828361830892, 0.965682804241195, 0.004472855753012197], [0.1727376108494087, 0.02649550000335096, 0.026491702069290753, 0.7742751869779496], [0.0401267044859086, 0.913336508592296, 0.018955512456069416, 0.027581274365726004], [0.07979301860329187, 0.8579407868812904, 0.04839821461353792, 0.013867979801879808], [0.032083063069218154, 0.022054150540499435, 0.008113268457846833, 0.9377495178324355], [0.022336815533243248, 0.025314006203197615, 0.9498423158918143, 0.002506862271744823], [0.02266839993263595, 0.008341242247684557, 0.9639317033246444, 0.005058654395035147], [0.02882643350141126, 0.008260092905409957, 0.008259459606114723, 0.9546540138870641], [0.28873221423135376, 0.692667921700405, 0.008719340401872996, 0.009880523566368175], [0.1767987511585374, 0.7924178402519433, 0.023927555033662402, 0.006855853455856912], [0.03638981161767159, 0.019480749185624778, 0.005581239878507626, 0.938548199218196], [0.03649716770392913, 0.019538294235406404, 0.941320107386573, 0.0026444305740914074], [0.008423862587979076, 0.003979892725297492, 0.9737061886872874, 0.013890055899436048], [0.01451387630119497, 0.00390730332908012, 0.083526246319113, 0.8980525739506119], [0.034584104667992846, 0.06461902594013075, 0.00874550260355578, 0.8920513666883206], [0.013212014430578609, 0.05921701122053473, 0.9262624039143443, 0.0013085703345423773], [0.005811575212348323, 0.31730946669154986, 0.005129136091971767, 0.67174982190413], [0.00905774168088455, 0.4946011938409437, 0.4945566989732814, 0.0017843654048903099]], "ideal": "C", "sampled": "B", "correct": false}}
{"type": "result", "data": {"idx": 12, "options": ["The character of a state's leader", "The distribution of power in the international system", "The distribution of power within a state's governmental system", "A state's political ideology"], "probs": [[0.004032880489962201, 0.9868267019391472, 0.004570373812388921, 0.004570043658501661], [0.003145156769112769, 0.9882024270085453, 0.00587659954726993, 0.0027758165750719254], [0.0008030199501828413, 0.0004575968095409134, 0.9978294152884608, 0.0009099678518153838], [0.0016971260787013525, 0.0014980464485939025, 0.0005177787974453163, 0.9962870485752594], [0.000665988640207308, 0.0004873059529624083, 0.9982210427037995, 0.0006256626030307615], [0.0019212727740840492, 0.0021777295341690785, 0.00048599879503576006, 0.9954149987967111], [0.9969057425544096, 0.001698532255568303, 0.00048662882107551977, 0.000909096268946615], [0.9976944329047653, 0.0013239226165861903, 0.00042979759410855667, 0.0005518467845398682], [0.9971975135299274, 0.0013232051923145064, 0.0006250166945859449, 0.0008542644831722332], [0.9976060953534021, 0.0013237420473758592, 0.0005518084412813074, 0.0005183540579408361], [0.9977257549248728, 0.0011683605028392089, 0.0005184406918466465, 0.0005874437804413541], [0.9978260025484499, 0.001168458096843891, 0.0004870728698838569, 0.000518466384822388], [0.0004577983535490656, 0.0005878544632210944, 0.9983665127016513, 0.0005878343815785219], [0.0011671433887714272, 0.0014988823316165632, 0.00045720109516207317, 0.9968767730844499], [0.003563645037719997, 0.9881111313431233, 0.005875833756570084, 0.002449389762586519], [0.003568861836681905, 0.9895521866556433, 0.005193017041164622, 0.0016859343665101576], [0.0010304058833042738, 0.0010306028580319383, 0.0006654705608881273, 0.9972735205977756], [0.000552299882165323, 0.0005188619684504438, 0.9985247562007312, 0.00040408184865299373], [0.0007088333711601665, 0.000518654222823998, 0.9980636498892338, 0.0007088624167819839], [0.0019213373905714324, 0.002177736890658229, 0.0004859826151648216, 0.9954149430036056], [0.0035576911396907767, 0.9864646902790855, 0.007532283271827771, 0.002445335209395965], [0.004028630740275796, 0.985773402993375, 0.006642529929088009, 0.0035554362372611334], [0.0014982960490617272, 0.0010300354382327848, 0.0008021924333416284, 0.9966694759793638], [0.0010308942163342095, 0.00042979415785115917, 0.9976295108377127, 0.0009098006881019292]], "ideal": "B", "sampled": "B", "correct": true}}
{"type": "result", "data": {"idx": 13, "options": ["Leaders have incentives to lie", "If leaders revealed their programs, they would be more likely to be attacked", "Leaders will not always grant foreign monitors access to their nuclear programs", "ALL of the above"], "probs": [[0.0004577380140806368, 0.0003565516181811904, 0.0009104045691583053, 0.9982753056985798], [0.0006480753293323118, 0.0019962432077367115, 0.9124855113949951, 0.08487016996793588], [0.0005517979982868766, 0.0004575244980242751, 0.0013237827588048034, 0.997666894644884], [0.0013101379127011467, 0.0037910381718883144, 0.4664196064311796, 0.528479217384231], [0.0016233558209689997, 0.2409144522775581, 0.015401805001801959, 0.7420603867996709], [0.0037455788133015067, 0.18046438141764543, 0.006997711742365329, 0.8087923279266878], [0.000518648735346363, 0.0004577815926016132, 0.0008033761789205436, 0.9982201933931315], [0.0008526868035154363, 0.0043302750375678895, 0.9350451064610326, 0.059771931597884125], [0.00045761796962645016, 0.00035644375004097764, 0.001168649431281096, 0.9980172887490515], [0.0013578028598718636, 0.0028745689893450695, 0.1474254524788516, 0.8483421755719315], [0.0012997047119663243, 0.10324576747106645, 0.1325706626986596, 0.7628838650183076], [0.0015944997504217604, 0.05983228109884448, 0.0026289214063878116, 0.935944297644346], [0.0004577055383211952, 0.00043003160719731407, 0.0009103213985953152, 0.9982019413558861], [0.001150885053386221, 0.008503614349826138, 0.4642840011879409, 0.5260614993088468], [0.0004576103432346425, 0.0003794251744621238, 0.0011686221449705614, 0.9979943422373326], [0.0012378170959887619, 0.0038127660222501913, 0.11860412608502605, 0.876345290696735], [0.002443923885629802, 0.019223138987946798, 0.1609523768338097, 0.8173805601926137], [0.0024206916495632617, 0.017886764244723588, 0.0031083039011983084, 0.9765842401045148], [0.8495780864326914, 0.010695249822296067, 0.009438524065706102, 0.13028813957930646], [0.7646770138253787, 0.009626497087728, 0.006616229363734548, 0.21908025962315883], [0.8394955250957282, 0.006410198195993731, 0.02535209400772095, 0.12874218260055706], [0.5880605598372264, 0.0032853519189798347, 0.004490130130533002, 0.40416395801326077], [0.6901147932004025, 0.005971391194022788, 0.01623116426655739, 0.2876826512390174], [0.40384309145135144, 0.0034943725005756984, 0.005083976985773169, 0.5875785589622997]], "ideal": "D", "sampled": "D", "correct": true}}
{"type": "result", "data": {"idx": 14, "options": ["the Senate.", "the president.", "the Secretary of State.", "the chairman of the Joint Chiefs."], "probs": [[0.002902102362855451, 0.9120788978627369, 0.0848085266413887, 0.0002104730330189907], [0.002741527102472576, 0.9762694080786957, 0.0031074663653416906, 0.017881598353490038], [0.0003285047877758757, 0.02032352898629043, 0.9791075477524928, 0.00024041837344089718], [0.006533855858980475, 0.022807843358252308, 0.0007806669823200215, 0.9698776337004472], [0.0001784424279346777, 0.0003132179297724424, 0.9935996969636568, 0.005908642578636012], [0.004054254150596252, 0.0006219582635292778, 0.003157808158630382, 0.992165979327244], [0.7443608989589928, 0.013638649934183641, 0.24165859902984282, 0.0003418519769807427], [0.7892249233808962, 0.009936756644391006, 0.0012635811220648085, 0.19957473875264797], [0.6759559541027488, 0.31927636567115203, 0.004554232665990678, 0.00021344746010857165], [0.6769993936435709, 0.3198131637504303, 0.002442160866807741, 0.0007452816391911035], [0.7275495028109445, 0.0014062741722097854, 0.0033699521303537563, 0.2676742707864919], [0.37665884252932774, 0.0007282939922095191, 0.6210724370339431, 0.0015404263445196553], [0.0021757300588111303, 0.0027942171530951384, 0.9946274765382394, 0.0004025761498543529], [0.02584175738631824, 0.0034982254364763032, 0.0007805787527757077, 0.9698794383244297], [0.009581384705674453, 0.9777651895173214, 0.012303989966998673, 0.0003494357100054432], [0.00965477626485023, 0.9852029400014634, 0.004562014307675688, 0.0005802693260106941], [0.03720805480646356, 0.0008755486193820436, 0.002099590852453646, 0.9598168056217007], [0.0016976553708582139, 0.0008021970088937191, 0.9964702957730437, 0.001029851747204421], [6.588661842342591e-05, 0.0006250915386681212, 0.997127460572787, 0.0021815611701214797], [0.001917077410934171, 0.001317938136669752, 0.003581933335023623, 0.9931830510173725], [0.001675007141606302, 0.9833108550195575, 0.007506688424178408, 0.00750744931465775], [0.0010902321916413799, 0.9311791873464333, 0.06743697977844745, 0.00029360058347784393], [0.003124694534617904, 0.014005617067611904, 0.0010147250599224296, 0.9818549632378477], [0.00024184345383137474, 0.014054650947644038, 0.9851233122355437, 0.0005801932629808027]], "ideal": "B", "sampled": "B", "correct": true}}
{"type": "result", "data": {"idx": 15, "options": ["Required the United States and Russia to demobilize their armies", "Required the United States and Russia to dismantle a significant number of their nuclear weapons", "Prohibited the acquisition of new military bases", "Prohibited short-range nuclear weapons"], "probs": [[0.0011657333025863487, 0.9956348956401373, 0.0027964489500085232, 0.00040292200726777737], [0.0013208604657581884, 0.9955690789812053, 0.002796285102349403, 0.0003137753506871143], [0.0002958577355763776, 0.0003149708930361466, 0.9993271404573486, 6.203081403888324e-05], [0.00045785063839040926, 0.00033505016004068826, 0.0006258552768120604, 0.9985812438247569], [0.0004042777793397189, 0.0004877040592239854, 0.9990653917887659, 4.2626272670444886e-05], [0.0004873645927589892, 0.0006259044501935485, 0.0003350106305619852, 0.9985517202264854], [0.9923137621151854, 0.005902229569597109, 0.0011619770196705163, 0.0006220311955469509], [0.9945542766632309, 0.004065670520005642, 0.0011645940777400014, 0.00021545863902345679], [0.9943555230462418, 0.004065185636878156, 0.0010938481028377309, 0.0004854431140423605], [0.9933284402158153, 0.004601489231769862, 0.0016923955206202693, 0.00037767493179449073], [0.9948209107491202, 0.00406683523090512, 0.0008523004516043787, 0.00025995346837030423], [0.9941103196150695, 0.0046050933837476675, 0.0009066287072549785, 0.0003779581939279188], [0.0003567847152589096, 0.0004581802816702784, 0.9990827824252705, 0.00010225247780031709], [0.0005874800759656156, 0.0007088012541061953, 0.000803068268547033, 0.9979006503013812], [0.0019208261408928385, 0.9950955457593625, 0.0024665314573935017, 0.0005170965423510667], [0.0016954409670153906, 0.9952515967434123, 0.002466933338016146, 0.0005860288515561052], [0.0006251678112630393, 0.0013237204668342024, 0.0004869546198689608, 0.9975641570020338], [0.0004579590193116035, 0.0007093913775890567, 0.9987304265763192, 0.00010222292678016789], [0.00043030972468197125, 0.0005191099094308613, 0.998960353833321, 9.022643256609465e-05], [0.0004578295608227344, 0.0006259126210412655, 0.0003796159854238956, 0.9985366417327121], [0.0020436245919883997, 0.9945469317299571, 0.003165314002567545, 0.00024412957548690012], [0.0016962305250693022, 0.9956967239904863, 0.0021781078271945835, 0.00042893755724984507], [0.0006255329480050805, 0.0007089885250051919, 0.0005186595576107795, 0.998146818869379], [0.00033520434163881313, 0.0003798827939032829, 0.9991826558714254, 0.0001022568930324745]], "ideal": "B", "sampled": "B", "correct": true}}
