{"type": "result", "data": {"idx": 0, "options": ["10%", "20%", "40%", "80%"], "probs": [[0.09578787503088346, 0.3614912600074764, 0.40972691842742204, 0.13299394643421805], [0.10117923241186363, 0.5385131118985479, 0.2751034436449207, 0.08520421194466779], [0.23895915206306464, 0.41935575629087546, 0.17486681302924903, 0.16681827851681083], [0.07871187812060416, 0.1493555378355579, 0.6591910375417414, 0.11274154640209663]], "ideal": "C", "sampled": "C", "correct": true}}
{"type": "result", "data": {"idx": 1, "options": ["About $300", "About $3k", "About $8k", "About $15k"], "probs": [[0.18578069292948357, 0.26196475253079793, 0.3417317663249316, 0.21052278811478695], [0.19520290775739896, 0.3119133505483491, 0.29767764498826277, 0.19520609660598914], [0.17847251092470823, 0.20863259394022984, 0.2897066344162212, 0.3231882606188407], [0.18243210831391876, 0.2305885060164044, 0.3802567293974508, 0.20672265617222602]], "ideal": "B", "sampled": "B", "correct": true}}
{"type": "result", "data": {"idx": 2, "options": ["52%", "62%", "72%", "82%"], "probs": [[0.16598895437829228, 0.42384499938786957, 0.24155681192779171, 0.16860923420604643], [0.23160802860960053, 0.4394903677034636, 0.2142484134630478, 0.11465319012388804], [0.28148062292565235, 0.5341515183280398, 0.08859711535568209, 0.09577074329062586], [0.640959122174011, 0.08022342354588693, 0.1986001550118303, 0.08021729916827183]], "ideal": "C", "sampled": "D", "correct": false}}
{"type": "result", "data": {"idx": 3, "options": ["China", "United States", "Germany", "Japan"], "probs": [[0.12315886271968607, 0.13740128891589914, 0.606269565444292, 0.1331702828201228], [0.08502853042569627, 0.5374538381970979, 0.18286292525583137, 0.19465470602137447], [0.24575070642833283, 0.27848444631076547, 0.28733418673387606, 0.1884306604270256], [0.03245917107402806, 0.08034184933433507, 0.08823629117185965, 0.7989626883197772]], "ideal": "A", "sampled": "C", "correct": false}}
{"type": "result", "data": {"idx": 4, "options": ["by 5 fold", "by 10 fold", "by 15 fold", "by 20 fold"], "probs": [[0.18587183673502206, 0.30643236177431354, 0.2834796266945895, 0.22421617469607497], [0.1891905488005253, 0.24289859466957062, 0.3535283750906458, 0.21438248133925827], [0.18377188667777758, 0.2632137058358598, 0.19874539367709193, 0.35426901370927066], [0.20174420766767415, 0.13228980801303092, 0.3769748396205974, 0.28899114459869746]], "ideal": "C", "sampled": "B", "correct": false}}
{"type": "result", "data": {"idx": 5, "options": ["Lower respiratory infections", "Preterm birth complications", "Diarrheal diseases", "Malaria"], "probs": [[0.42013064961696456, 0.21456623554839824, 0.26706752775324927, 0.09823558698138792], [0.18050143927772333, 0.6106158171258819, 0.07886748367657036, 0.13001525981982442], [0.5320562361567935, 0.15482460652939692, 0.20836162006387962, 0.10475753714992993], [0.14069378037559407, 0.6305394688805283, 0.08806160068136204, 0.14070514996251565]], "ideal": "A", "sampled": "C", "correct": false}}
{"type": "result", "data": {"idx": 6, "options": ["10%", "20%", "30%", "40%"], "probs": [[0.1656493097378067, 0.36176043745237985, 0.30951613184694754, 0.16307412086286588], [0.17311204896799526, 0.4087722934112607, 0.2991502827900498, 0.11896537473069427], [0.21074077564909488, 0.4391612141260342, 0.20751328820249204, 0.14258472192237884], [0.31590069278599936, 0.2701427420746175, 0.24223586146304169, 0.1717207035763414]], "ideal": "C", "sampled": "D", "correct": false}}
{"type": "result", "data": {"idx": 7, "options": ["29%", "49%", "69%", "89%"], "probs": [[0.12922928217360322, 0.3404609687457625, 0.41078622675253196, 0.11952352222810234], [0.14842905323852543, 0.39719942800006075, 0.28616595691808355, 0.16820556174333026], [0.1893093372383353, 0.2797483926619264, 0.40083472728452424, 0.13010754271521405], [0.12953883794260554, 0.3466482861484625, 0.3467420740598023, 0.17707080174912962]], "ideal": "C", "sampled": "C", "correct": true}}
{"type": "result", "data": {"idx": 8, "options": ["18%", "38%", "58%", "78%"], "probs": [[0.10963605424884366, 0.43360886296472745, 0.33251381164827115, 0.12424127103815774], [0.10527636933224926, 0.26465326742158196, 0.5264232793402503, 0.10364708380591836], [0.12434488618518513, 0.6722348587138207, 0.07905750232127642, 0.12436275267971775], [0.2627986947720802, 0.11659819544730224, 0.46851911787087114, 0.1520839918097464]], "ideal": "C", "sampled": "D", "correct": false}}
{"type": "result", "data": {"idx": 9, "options": ["11%", "26%", "41%", "56%"], "probs": [[0.08680790110870143, 0.3890347269317705, 0.3487887162095665, 0.1753686556499616], [0.08337259788006117, 0.4723447593759309, 0.29563798953461784, 0.1486446531093901], [0.18529662488038084, 0.48060375447235587, 0.1398934572795211, 0.19420616326774215], [0.21605591151854636, 0.15804491700074763, 0.41650124759530516, 0.20939792378540084]], "ideal": "B", "sampled": "C", "correct": false}}
{"type": "result", "data": {"idx": 10, "options": ["23%", "38%", "53%", "68%"], "probs": [[0.16101403772731857, 0.3408417156123275, 0.30085957495630594, 0.19728467160404797], [0.2135768659841146, 0.24580483111098045, 0.2829922010014903, 0.2576261018034146], [0.33317861950578265, 0.26768792470662933, 0.21514546020101166, 0.18398799548657638], [0.36251463402119183, 0.1510927631974296, 0.33529587577518993, 0.1510967269061886]], "ideal": "D", "sampled": "D", "correct": true}}
{"type": "result", "data": {"idx": 11, "options": ["5%", "10%", "15%", "25%"], "probs": [[0.1540329674045027, 0.29228038899421255, 0.28334919882038345, 0.2703374446809013], [0.17666496597944778, 0.26935187380826897, 0.3569139294999647, 0.19706923061231854], [0.19406687299655953, 0.3740441612240397, 0.23782106450268833, 0.19406790117671244], [0.1775562885590218, 0.25430589532833525, 0.2974040761679423, 0.27073373984470067]], "ideal": "B", "sampled": "D", "correct": false}}
{"type": "result", "data": {"idx": 12, "options": ["2%", "4%", "9%", "18%"], "probs": [[0.0940316861929967, 0.19903533603574783, 0.43485070242520896, 0.2720822752460465], [0.11931254324055304, 0.2773747824562808, 0.42972145760892483, 0.1735912165942413], [0.1682889709218247, 0.37919481454887444, 0.25266923744925696, 0.1998469769800439], [0.18561383143040583, 0.2700164994332336, 0.306054183990575, 0.23831548504578565]], "ideal": "C", "sampled": "D", "correct": false}}
{"type": "result", "data": {"idx": 13, "options": ["minimum wage legislation", "land reform", "progressive taxation", "increased access to education"], "probs": [[0.20580093867212285, 0.244400758188376, 0.21569912454860796, 0.3340991784908932], [0.17257516341532814, 0.1646818244990209, 0.25508076330079055, 0.4076622486848604], [0.10573283230695903, 0.07439615853862662, 0.33084250725635916, 0.4890285017980552], [0.09803741117498749, 0.2749865773784269, 0.3476244068226271, 0.2793516045239585]], "ideal": "A", "sampled": "B", "correct": false}}
{"type": "result", "data": {"idx": 14, "options": ["36%", "56%", "76%", "96%"], "probs": [[0.1344411143859226, 0.3125520459964024, 0.4206581162593446, 0.13234872325833036], [0.11655682461364439, 0.34254266021850593, 0.43310860516448824, 0.10779190990336145], [0.1518176107363511, 0.5216486738607969, 0.2315302799988554, 0.09500343530399652], [0.20432367918832312, 0.3475376665244656, 0.3642909824483884, 0.08384767173882288]], "ideal": "B", "sampled": "D", "correct": false}}
{"type": "result", "data": {"idx": 15, "options": ["6%", "13%", "27%", "46%"], "probs": [[0.03655312291658492, 0.1503236774277197, 0.6530901338942705, 0.16003306566142492], [0.042288105458023105, 0.38285433814361625, 0.5072797479649767, 0.06757780833338405], [0.08214627572726536, 0.5792156716251368, 0.15350436358873457, 0.18513368895886326], [0.06070592287101446, 0.0969993715822906, 0.6131917491021138, 0.22910295634458108]], "ideal": "B", "sampled": "C", "correct": false}}
{"type": "result", "data": {"idx": 16, "options": ["34%", "49%", "64%", "79%"], "probs": [[0.18262044811478267, 0.398845010973191, 0.24963822586367249, 0.16889631494835378], [0.19366525447427207, 0.37327206886420755, 0.2774504257490688, 0.15561225081245156], [0.24721781923576702, 0.4075535590507197, 0.17532410170923193, 0.16990451990428135], [0.282851942834343, 0.28727344531743276, 0.2784867369399157, 0.1513878748083085]], "ideal": "A", "sampled": "D", "correct": false}}
{"type": "result", "data": {"idx": 17, "options": ["62%", "72%", "82%", "92%"], "probs": [[0.18795869962543146, 0.3917091430077276, 0.2911511317922918, 0.12918102547454915], [0.19364313443411918, 0.39113953056832, 0.2862231901730887, 0.12899414472447207], [0.21732343212532793, 0.32114936353702683, 0.321216001532858, 0.1403112027047872], [0.16933078329050527, 0.23877316288228495, 0.38764252007493577, 0.204253533652274]], "ideal": "C", "sampled": "B", "correct": false}}
{"type": "result", "data": {"idx": 18, "options": ["About $3k", "About $8k", "About $15k", "About $30k"], "probs": [[0.17688585288884093, 0.310413530127552, 0.3153650666349156, 0.19733555024869148], [0.2083620490927369, 0.29843033246484296, 0.31774921168932385, 0.17545840665309625], [0.24231947956046196, 0.27028974888006024, 0.30159977075421807, 0.1857910007052597], [0.22481418138815096, 0.26280431762074524, 0.297859506374934, 0.21452199451616977]], "ideal": "C", "sampled": "C", "correct": true}}
{"type": "result", "data": {"idx": 19, "options": ["55,000", "550,000", "5,500,000", "55,000,000"], "probs": [[0.06744222484371146, 0.4829909965219009, 0.3821254626614276, 0.06744131587296], [0.5638312746780054, 0.21397889565976247, 0.07281121650693513, 0.149378613055297], [0.10873371944631012, 0.06594137003445781, 0.314642394829483, 0.5106825155897491], [0.044999126843323724, 0.12817321859702108, 0.4616520753970886, 0.36517557906256665]], "ideal": "B", "sampled": "B", "correct": true}}
{"type": "result", "data": {"idx": 20, "options": ["25%", "45%", "65%", "85%"], "probs": [[0.16315836959699828, 0.3676580731552037, 0.3296356449745924, 0.13954791217320558], [0.17128064502317444, 0.41732924057822035, 0.2453854491488575, 0.16600466514974768], [0.17662541829705394, 0.32483065609113504, 0.330018525239882, 0.168525400271929], [0.1405087688348933, 0.43279745525565877, 0.2883633927956437, 0.1383303830138042]], "ideal": "A", "sampled": "A", "correct": true}}
{"type": "result", "data": {"idx": 21, "options": ["24%", "44%", "64%", "84%"], "probs": [[0.09832938600566486, 0.40122976306418245, 0.3433001841738356, 0.157140666656317], [0.09633268944702279, 0.438506802011982, 0.31595074421098196, 0.14920976423001325], [0.14467648190237467, 0.5903468331616745, 0.11095961928273851, 0.15401706555321237], [0.2963209196080617, 0.27829891855167277, 0.2456803954248378, 0.17969976631542775]], "ideal": "A", "sampled": "D", "correct": false}}
{"type": "result", "data": {"idx": 22, "options": ["25%", "40%", "55%", "75%"], "probs": [[0.2125074235508809, 0.29499747906659285, 0.3190615129291609, 0.17343358435336534], [0.2106647671647522, 0.22774221340140494, 0.3697904999153149, 0.191802519418528], [0.24129456638805966, 0.3455892554412789, 0.2777712684259888, 0.13534490964467266], [0.2620823383069216, 0.24615979192179516, 0.297016411990028, 0.19474145768125523]], "ideal": "D", "sampled": "D", "correct": true}}
{"type": "result", "data": {"idx": 23, "options": ["8%", "16%", "32%", "64%"], "probs": [[0.1918668946889142, 0.3212692476321568, 0.35293085080604963, 0.13393300677287934], [0.18533084623141297, 0.3355416805203745, 0.3103922445937056, 0.16873522855450693], [0.17643701064124662, 0.3295783200404775, 0.29091648131431125, 0.20306818790396464], [0.15106881113534892, 0.1684993555526127, 0.49535904805949027, 0.18507278515254807]], "ideal": "B", "sampled": "B", "correct": true}}
{"type": "result", "data": {"idx": 24, "options": ["males are more likely to have depression and are more likely to have an alcohol use disorder than females.", "females are more likely to have depression and are more likely to have an alcohol use disorder than males.", "males are more likely than females to have depression while females are more likely than males to have an alcohol use disorder.", "females are more likely than males to have depression while males are more likely than females to have an alcohol use disorder."], "probs": [[0.1465192288013805, 0.1195891350388147, 0.39840102191755733, 0.33549061414224746], [0.13976294874453796, 0.2959118694989447, 0.3301949402301642, 0.23413024142635308], [0.20061941442867615, 0.2742274701321079, 0.22388274965431612, 0.30127036568489984], [0.15445062746724675, 0.21781693721346843, 0.2628248372832097, 0.3649075979360751]], "ideal": "D", "sampled": "C", "correct": false}}
{"type": "result", "data": {"idx": 25, "options": ["37%", "47%", "57%", "67%"], "probs": [[0.14295855802172863, 0.3707845078388636, 0.30268739023850666, 0.18356954380090112], [0.17961383551289328, 0.3461907648906776, 0.3252924534967488, 0.14890294599968032], [0.22666948693706632, 0.4873794840179349, 0.14187340225539358, 0.1440776266896052], [0.45166129927242915, 0.19727610323328856, 0.17966345066986983, 0.17139914672441245]], "ideal": "D", "sampled": "D", "correct": true}}
{"type": "result", "data": {"idx": 26, "options": ["1%", "3%", "6%", "10%"], "probs": [[0.14318434042620848, 0.3127124449020439, 0.3544180253278556, 0.18968518924389202], [0.16699706513991106, 0.3320769468236769, 0.35355986214797236, 0.14736612578843972], [0.21162318952489761, 0.34345190780613966, 0.2398189895997429, 0.20510591296921982], [0.19727045883561758, 0.16870400810652766, 0.3923422512717774, 0.24168328168607733]], "ideal": "D", "sampled": "C", "correct": false}}
{"type": "result", "data": {"idx": 27, "options": ["23%", "43%", "63%", "83%"], "probs": [[0.11293645370272622, 0.3702963347406882, 0.3762133773220875, 0.14055383413449815], [0.1530279448611917, 0.3394858983049401, 0.3140430011714025, 0.19344315556246575], [0.19595959488638257, 0.2185824629657068, 0.46284207007366196, 0.12261587197424868], [0.19408132467228537, 0.3799741339318976, 0.3006423532279284, 0.1253021880678886]], "ideal": "C", "sampled": "A", "correct": false}}
{"type": "result", "data": {"idx": 28, "options": ["10%", "30%", "50%", "70%"], "probs": [[0.18779487626172384, 0.3193945538768474, 0.32448827733597335, 0.16832229242545538], [0.15255710935727396, 0.2894495811604962, 0.4147010866793865, 0.14329222270284336], [0.13711002467691705, 0.3340398370885595, 0.25617426631273094, 0.2726758718217925], [0.15559172396904405, 0.25250783183869147, 0.4502520493675226, 0.14164839472474186]], "ideal": "D", "sampled": "B", "correct": false}}
{"type": "result", "data": {"idx": 29, "options": ["26%", "41%", "56%", "71%"], "probs": [[0.1611067354518001, 0.37454935904572073, 0.2574787735681547, 0.20686513183432448], [0.16771196817533027, 0.30843304665482113, 0.3085126784578599, 0.21534230661198867], [0.1840670771384763, 0.4020087538849697, 0.1812376894812385, 0.23268647939531548], [0.29925050436691575, 0.31357183114814746, 0.20568790416782862, 0.18148976021710816]], "ideal": "C", "sampled": "D", "correct": false}}
{"type": "result", "data": {"idx": 30, "options": ["690 million", "6.9 billion", "69 billion", "690 billion"], "probs": [[0.10578852066987462, 0.5718800382349217, 0.17997173829088153, 0.14235970270432216], [0.4681329622068848, 0.12209670716577116, 0.21769052255158602, 0.19207980797575805], [0.361964526589934, 0.09589526831925088, 0.23737631457336875, 0.3047638904174464], [0.07100103927068142, 0.04339959925350918, 0.7399221795787989, 0.1456771817970105]], "ideal": "C", "sampled": "B", "correct": false}}
{"type": "result", "data": {"idx": 31, "options": ["9%", "29%", "59%", "79%"], "probs": [[0.3471962860951765, 0.3581705742443641, 0.18876453023400536, 0.10586860932645406], [0.1995156615628659, 0.23322486080057286, 0.29028705624678774, 0.27697242128977345], [0.1104646308106913, 0.1332195917572759, 0.5879046030897014, 0.1684111742423314], [0.0627480298217968, 0.5172269939859054, 0.25210511681896675, 0.167919859273331]], "ideal": "A", "sampled": "A", "correct": true}}
{"type": "result", "data": {"idx": 32, "options": ["31%", "51%", "71%", "91%"], "probs": [[0.1382103310230498, 0.321307307352233, 0.4126636078046653, 0.12781875372005186], [0.15094813927911435, 0.35091838760023436, 0.32974106561434585, 0.16839240740630546], [0.15501375494837344, 0.3281179666191047, 0.34394216534036165, 0.1729261129921602], [0.1336187332862541, 0.3205003881357658, 0.36324967574047, 0.18263120273751007]], "ideal": "B", "sampled": "C", "correct": false}}
{"type": "result", "data": {"idx": 33, "options": ["by 4 fold", "by 8 fold", "by 16 fold", "by 32 fold"], "probs": [[0.09076603433501515, 0.1804954843005683, 0.42639359509858077, 0.30234488616583577], [0.11611771894881799, 0.3011786825214642, 0.46658201262971444, 0.11612158580000335], [0.1399018123532861, 0.5620052636601741, 0.09768640231753065, 0.20040652156900915], [0.11677179179885569, 0.055586236005292146, 0.2251323700622844, 0.6025096020335677]], "ideal": "C", "sampled": "C", "correct": true}}
{"type": "result", "data": {"idx": 34, "options": ["1", "7", "13", "19"], "probs": [[0.12127276237721754, 0.18202650138346388, 0.4102858510884321, 0.28641488505088647], [0.15496047070504052, 0.2117809684628208, 0.4147367240779619, 0.21852183665417674], [0.17105655880220497, 0.3348928491404395, 0.2412481826674547, 0.25280240928990083], [0.1915894093444265, 0.18859031232526552, 0.261876068629182, 0.357944209601126]], "ideal": "D", "sampled": "D", "correct": true}}
{"type": "result", "data": {"idx": 35, "options": ["59%", "69%", "79%", "89%"], "probs": [[0.24707628415920757, 0.3074573828351394, 0.27565854374306714, 0.16980778916258588], [0.26898384492365607, 0.3144400762368724, 0.2374010419220905, 0.17917503681738098], [0.2771390543385799, 0.32907392552625125, 0.23339758712089126, 0.16038943291427757], [0.4303567642980093, 0.16851120934423702, 0.25699594231366196, 0.14413608394409172]], "ideal": "D", "sampled": "D", "correct": true}}
{"type": "result", "data": {"idx": 36, "options": ["Earthquakes", "Volcanic activity", "Wildfires", "Floods"], "probs": [[0.25647006582750465, 0.18474493254713706, 0.11561166265694993, 0.4431733388684084], [0.2833059068492041, 0.15165507452934457, 0.09791760671833867, 0.4671214118031127], [0.24265903637400915, 0.09804896571032863, 0.24649918465090123, 0.41279281316476096], [0.2731865522057864, 0.18778125100427967, 0.1352525888880278, 0.40377960780190614]], "ideal": "D", "sampled": "A", "correct": false}}
{"type": "result", "data": {"idx": 37, "options": ["15%", "35%", "55%", "75%"], "probs": [[0.236756265139746, 0.30874812599909346, 0.3040162324601379, 0.15047937630102262], [0.1761064458956943, 0.29488812212177223, 0.27277831459796964, 0.25622711728456377], [0.15604265032638334, 0.1713571399278945, 0.4658903181086997, 0.2067098915370225], [0.11852714241560453, 0.3026473178762443, 0.4336110884469598, 0.14521445116119133]], "ideal": "B", "sampled": "A", "correct": false}}
{"type": "result", "data": {"idx": 38, "options": ["by 4 fold", "by 8 fold", "by 16 fold", "by 32 fold"], "probs": [[0.10028939767884713, 0.20576161297410672, 0.44955343338489256, 0.24439555586215359], [0.11949727472200827, 0.34576953999680576, 0.4372002379397558, 0.09753294724143012], [0.14142732531544897, 0.6143162937491191, 0.09133593873266867, 0.1529204421027632], [0.1316001569035185, 0.061194848491073255, 0.2700895974890867, 0.5371153970163215]], "ideal": "D", "sampled": "C", "correct": false}}
{"type": "result", "data": {"idx": 39, "options": ["36%", "51%", "66%", "81%"], "probs": [[0.19242889547341047, 0.4404377239697791, 0.22853689915056544, 0.138596481306245], [0.21565857732174443, 0.3287896019613016, 0.2561170305879877, 0.1994347900289663], [0.22797946367123373, 0.3265067727843379, 0.2175487539012743, 0.22796500954315407], [0.25332331654876433, 0.32018163797037746, 0.26549035308090335, 0.16100469229995482]], "ideal": "C", "sampled": "B", "correct": false}}
{"type": "result", "data": {"idx": 40, "options": ["81%", "86%", "91%", "96%"], "probs": [[0.16826945290865467, 0.26469024618764886, 0.37336155212123484, 0.1936787486824616], [0.1723702400750405, 0.3648652135960971, 0.32207927104590184, 0.1406852751829606], [0.23916787198535103, 0.4067966644652688, 0.19220715701201416, 0.161828306437366], [0.22260609598625022, 0.3341349710806106, 0.26438898239455666, 0.1788699504385825]], "ideal": "B", "sampled": "C", "correct": false}}
{"type": "result", "data": {"idx": 41, "options": ["26%", "46%", "66%", "86%"], "probs": [[0.15917490895512124, 0.32656795756435925, 0.37596763297039554, 0.138289500410124], [0.15251754904581785, 0.303275360283119, 0.36023847875442977, 0.18396861181663338], [0.1705753679488697, 0.2811845880642174, 0.39049128275917083, 0.15774876112774203], [0.14588184870634752, 0.37249389842143854, 0.34458092365068915, 0.13704332912152478]], "ideal": "A", "sampled": "A", "correct": true}}
{"type": "result", "data": {"idx": 42, "options": ["Brazil", "China", "Mexico", "Iran"], "probs": [[0.20754087222283674, 0.3067076321111797, 0.21080130570203234, 0.2749501898639512], [0.18952432915799522, 0.2800769978447175, 0.2672672748029914, 0.26313139809429587], [0.21268868983546796, 0.3791309723267373, 0.17090018818009708, 0.23728014955769763], [0.2413676750826174, 0.33507553738210233, 0.18218911235266289, 0.2413676750826174]], "ideal": "C", "sampled": "D", "correct": false}}
{"type": "result", "data": {"idx": 43, "options": ["1.2 million", "2.4 million", "3.6 million", "4.8 million"], "probs": [[0.14224537563364073, 0.45199319429605456, 0.27421160183856197, 0.13154982813174274], [0.1887336345016926, 0.43874280986656006, 0.27462076728845064, 0.0979027882432967], [0.23204890343987994, 0.4201025774609001, 0.1807271757216101, 0.1671213432776099], [0.23600928918105812, 0.21151076799703047, 0.35987828549668255, 0.19260165722522885]], "ideal": "A", "sampled": "B", "correct": false}}
{"type": "result", "data": {"idx": 44, "options": ["Diarrheal diseases", "Diabetes", "Dementia", "Road injuries"], "probs": [[0.541902112715098, 0.14813166524184357, 0.06573893727288287, 0.2442272846701755], [0.15887098012765996, 0.12371520696833374, 0.3363156616351459, 0.3810981511688604], [0.21572893212876323, 0.36125480048456876, 0.22964771895354125, 0.19336854833312675], [0.41919272821531417, 0.3421038065351885, 0.08925156972967473, 0.1494518954198226]], "ideal": "C", "sampled": "A", "correct": false}}
{"type": "result", "data": {"idx": 45, "options": ["3 million", "14 million", "42 million", "124 million"], "probs": [[0.031198904435113264, 0.1713019144054163, 0.4513917611592045, 0.34610741990026594], [0.04917252881590333, 0.4701821575615826, 0.4149931730659038, 0.06565214045661026], [0.30183505277558687, 0.5054060000723344, 0.07998566924619036, 0.11277327780588836], [0.12492617497669006, 0.08857278722919194, 0.2686571836647816, 0.5178438540293364]], "ideal": "C", "sampled": "C", "correct": true}}
{"type": "result", "data": {"idx": 46, "options": ["26%", "46%", "66%", "86%"], "probs": [[0.15366747630339175, 0.3923650295856496, 0.3304927274889202, 0.12347476652203836], [0.14705195188774178, 0.3934753712681762, 0.238718296804322, 0.22075437993976], [0.12908120452066885, 0.2373765259743779, 0.4367215930978836, 0.19682067630706965], [0.10387597280533645, 0.3459317749885545, 0.43063125102623484, 0.11956100107987426]], "ideal": "A", "sampled": "B", "correct": false}}
{"type": "result", "data": {"idx": 47, "options": ["25%", "45%", "65%", "85%"], "probs": [[0.18313659327205067, 0.35297717764288067, 0.27494241443163975, 0.18894381455342885], [0.19924484488230548, 0.28095061002768845, 0.25585815689177993, 0.26394638809822607], [0.22752441802617204, 0.24984941256303642, 0.3310527254466872, 0.19157344386410438], [0.2112518846777426, 0.4334286450906293, 0.21460227666139348, 0.14071719347023462]], "ideal": "B", "sampled": "A", "correct": false}}
{"type": "result", "data": {"idx": 48, "options": ["6%", "16%", "36%", "66%"], "probs": [[0.14147974654719858, 0.42234883022815106, 0.31887835498600037, 0.11729306813864997], [0.15045260564011553, 0.3781896104221172, 0.318541541002496, 0.1528162428352713], [0.16148069018058392, 0.3417990403489492, 0.25806995454621634, 0.23865031482425056], [0.15853722864405112, 0.24550170435541682, 0.39240951511540434, 0.2035515517851277]], "ideal": "C", "sampled": "B", "correct": false}}
{"type": "result", "data": {"idx": 49, "options": ["43%", "58%", "73%", "88%"], "probs": [[0.16860039028030277, 0.3352561790829565, 0.2959302873336296, 0.20021314320311107], [0.1681798373265792, 0.36729075953728546, 0.2485822401903503, 0.21594716284578502], [0.19646239597845047, 0.3394000923651748, 0.24837179489204325, 0.21576571666433148], [0.1607825362055132, 0.38565439663520945, 0.22324972011898334, 0.23031334694029398]], "ideal": "B", "sampled": "C", "correct": false}}
{"type": "result", "data": {"idx": 50, "options": ["0.50%", "2%", "6%", "12%"], "probs": [[0.12256199850776038, 0.31293268873737307, 0.3716949743671044, 0.19281033828776217], [0.13556737110353953, 0.3684672822723064, 0.3516648516203421, 0.1443004949038119], [0.1983290553392608, 0.29305498915796524, 0.30718698179072945, 0.20142897361204454], [0.17591101191536326, 0.2991892739710428, 0.3286705661783352, 0.19622914783525877]], "ideal": "B", "sampled": "C", "correct": false}}
{"type": "result", "data": {"idx": 51, "options": ["strongly supported by most studies", "supported mainly by cross-section, not time-series studies", "supported mainly by time-series, not cross-section studies", "generally repudiated by empirical studies"], "probs": [[0.10669418979754525, 0.4090475354927972, 0.31374041879156217, 0.17051785581809534], [0.47993147368400146, 0.1908824443626256, 0.1851066648775007, 0.1440794169758722], [0.3056788100640448, 0.15367917485966537, 0.2872440473858757, 0.2533979675904141], [0.22466146927350328, 0.07123668758506842, 0.3822836321168869, 0.32181821092454144]], "ideal": "B", "sampled": "B", "correct": true}}
{"type": "result", "data": {"idx": 52, "options": ["12 years", "9 years", "6 years", "3 years"], "probs": [[0.17500402478589816, 0.49852472547524507, 0.22830227144448167, 0.09816897819437513], [0.1730579163416705, 0.4023521602101925, 0.22225438387338609, 0.2023355394747509], [0.09260470488191981, 0.1265678862100029, 0.5086153186990976, 0.2722120901089797], [0.07732331978568663, 0.3058048877392081, 0.4313663252585632, 0.18550546711654203]], "ideal": "B", "sampled": "B", "correct": true}}
{"type": "result", "data": {"idx": 53, "options": ["0.90%", "1.80%", "3.60%", "7.20%"], "probs": [[0.10683230577090595, 0.3239302788084046, 0.3787862786814447, 0.19045113663924476], [0.09389428768979466, 0.39525747036086595, 0.33815431800308726, 0.1726939238462521], [0.11213384734662368, 0.5184392409765728, 0.16317396107433615, 0.2062529505024673], [0.15077126616095196, 0.309308719049236, 0.2952058735071929, 0.24471414118261914]], "ideal": "D", "sampled": "D", "correct": true}}
{"type": "result", "data": {"idx": 54, "options": ["14%", "24%", "34%", "44%"], "probs": [[0.1916520893382109, 0.3259612917574124, 0.2877271771143242, 0.19465944169005248], [0.1762148018931187, 0.35592163135905686, 0.28606132096263165, 0.18180224568519282], [0.21313520946256018, 0.3568949645863467, 0.22339506112196683, 0.20657476472912634], [0.2599418267391089, 0.29450181909672224, 0.23670373581190152, 0.20885261825226728]], "ideal": "A", "sampled": "D", "correct": false}}
{"type": "result", "data": {"idx": 55, "options": ["60%", "75%", "90%", "45%"], "probs": [[0.22366650067020205, 0.374518955096121, 0.24567947913217236, 0.15613506500150456], [0.2496612630383423, 0.36319713424375694, 0.23091950552476706, 0.15622209709313367], [0.24296374978621674, 0.29302567677288077, 0.3071568951770008, 0.15685367816390172], [0.21460279289436643, 0.3537699737986298, 0.26709715723244865, 0.1645300759745551]], "ideal": "B", "sampled": "B", "correct": true}}
{"type": "result", "data": {"idx": 56, "options": ["50%", "60%", "70%", "80%"], "probs": [[0.26511379678706903, 0.34573259431045106, 0.22326308153925278, 0.16589052726322712], [0.26112629536916004, 0.32492797520058375, 0.21991149899617127, 0.19403423033408493], [0.287299628716295, 0.3255060564325677, 0.21021294278467212, 0.1769813719664652], [0.2324021905428227, 0.3434296548023117, 0.2938169538680945, 0.13035120068677108]], "ideal": "D", "sampled": "B", "correct": false}}
{"type": "result", "data": {"idx": 57, "options": ["2%", "25%", "50%", "75%"], "probs": [[0.13800985492831866, 0.3693006171229454, 0.3525027474779807, 0.14018678037075522], [0.18767355520393433, 0.3617152300243107, 0.3294508481400388, 0.12116036653171613], [0.18720271623638676, 0.3607972156403109, 0.299213966720761, 0.1527861013025413], [0.21572916207540432, 0.26843866703210084, 0.3787135481455698, 0.13711862264692504]], "ideal": "D", "sampled": "B", "correct": false}}
{"type": "result", "data": {"idx": 58, "options": ["no nation has been able to grow in the past years.", "the Democratic Republic of Congo has become poorer than it initially was in 1980.", "some countries have had relatively significant growth rates.", "some countries have had relatively significant growth rates, but the Democratic Republic of Congo has become poorer than it initially was in 1980."], "probs": [[0.012281688894635373, 0.022067928746188303, 0.8748846077646257, 0.09076577449455059], [0.03594241915476846, 0.6626544371929842, 0.25149723041718397, 0.04990591313506339], [0.22235031588534368, 0.40263638476658486, 0.13076438719130912, 0.24424891205676236], [0.3363341713832317, 0.07802140025030237, 0.3111342512589565, 0.2745101770075095]], "ideal": "C", "sampled": "C", "correct": true}}
{"type": "result", "data": {"idx": 59, "options": ["15.50%", "34.80%", "48.10%", "65.20%"], "probs": [[0.1454474267484788, 0.4143539615666146, 0.2804378437976448, 0.15976076778726184], [0.2311067729957263, 0.33622995015596746, 0.33633637424920326, 0.09632690249910296], [0.2367137091870352, 0.46343848449899494, 0.09418366173594855, 0.2056641444780213], [0.27483049851382735, 0.16153720501050878, 0.35293556308005175, 0.21069673329561212]], "ideal": "B", "sampled": "D", "correct": false}}
{"type": "result", "data": {"idx": 60, "options": ["5 million", "30 million", "150 million", "500 million"], "probs": [[0.12875387985817058, 0.3554715652942624, 0.3555407066791041, 0.16023384806846297], [0.24608064222026038, 0.45969868488993915, 0.21050270134735402, 0.08371797144244643], [0.31112597316747925, 0.31107125610195024, 0.1977627634137625, 0.180040007216808], [0.15730203920969968, 0.12637418695578134, 0.33302799360145746, 0.3832957801330615]], "ideal": "C", "sampled": "C", "correct": true}}
{"type": "result", "data": {"idx": 61, "options": ["Colombia, Peru, Uruguay, and Costa Rica.", "Bhutan, Niger, Cambodia, and Costa Rica.", "Uruguay, Costa Rica, Timor-Leste, and Pakistan.", "Bhutan, Cambodia, Uruguay and Costa Rica."], "probs": [[0.18700632172433584, 0.20537976612511208, 0.20540907670874067, 0.4022048353418114], [0.2637675106261654, 0.2596635520198558, 0.2679368853301094, 0.20863205192386947], [0.24271400270419083, 0.2624174952244602, 0.18322409687594182, 0.3116444050954072], [0.23989610371574885, 0.19272206721762813, 0.2593868076541913, 0.30799502131243167]], "ideal": "A", "sampled": "D", "correct": false}}
{"type": "result", "data": {"idx": 62, "options": ["10%", "20%", "40%", "80%"], "probs": [[0.22154146760783683, 0.3222743320481715, 0.28897911737918575, 0.16720508286480587], [0.19437951137237328, 0.29633677444380657, 0.27846521551305753, 0.2308184985707626], [0.21440033719782337, 0.21102422555841457, 0.3763129991149843, 0.19826243802877774], [0.15484619831292987, 0.2937958371552211, 0.42098261803571413, 0.13037534639613488]], "ideal": "B", "sampled": "B", "correct": true}}
{"type": "result", "data": {"idx": 63, "options": ["38%", "58%", "78%", "98%"], "probs": [[0.2186619075714721, 0.3333702434768235, 0.31326112614808777, 0.13470672270361664], [0.1705110421758563, 0.3286206521844263, 0.23676065313715386, 0.2641076524025635], [0.1608156311594255, 0.21299729383833985, 0.4653872389741438, 0.16079983592809086], [0.12104811674994594, 0.40313637275958747, 0.3342930923286387, 0.14152241806182786]], "ideal": "C", "sampled": "A", "correct": false}}
{"type": "result", "data": {"idx": 64, "options": ["True, True", "True, False", "False, True", "False, False"], "probs": [[0.25398459271082807, 0.23853739382810019, 0.296950718821671, 0.21052729453940072], [0.2833070414482313, 0.22058985796466155, 0.2789203780771467, 0.21718272240996045], [0.24086289464304583, 0.17619106434298554, 0.334446166935589, 0.24849987397837967], [0.17550812659892714, 0.18972451982985108, 0.38338139649372055, 0.25138595697750116]], "ideal": "B", "sampled": "B", "correct": true}}
{"type": "result", "data": {"idx": 65, "options": ["260", "2,600", "26,000", "260,000"], "probs": [[0.08363069284180089, 0.26994021151928904, 0.39281546134081446, 0.2536136341980956], [0.14905626912917666, 0.3520006553775325, 0.363227697863111, 0.13571537753017984], [0.2197999506968997, 0.42362526054914446, 0.2232693731561551, 0.13330541549780076], [0.25468829271630666, 0.20143985746276616, 0.2507417499768332, 0.293130099744094]], "ideal": "C", "sampled": "D", "correct": false}}
{"type": "result", "data": {"idx": 66, "options": ["90%", "70%", "50%", "30%"], "probs": [[0.3261874123373828, 0.46723640155671275, 0.13603321395746232, 0.07054297204844215], [0.286795671452279, 0.3405640968255761, 0.20664837646431966, 0.16599185515782525], [0.12149541531388754, 0.13136883568079005, 0.6674528369926347, 0.07968291191268767], [0.0878221846121807, 0.6490427303338903, 0.1831516785971333, 0.07998340635679578]], "ideal": "A", "sampled": "A", "correct": true}}
{"type": "result", "data": {"idx": 67, "options": ["Japan", "Canada", "Russia", "Iran"], "probs": [[0.25768777341519167, 0.28745129273265085, 0.22387613020273242, 0.23098480354942505], [0.11520866073448703, 0.26370297058432146, 0.08833142018916426, 0.5327569483920273], [0.1848394966974527, 0.09007422349833405, 0.4297355041085237, 0.29535077559568956], [0.16583524017498552, 0.45786177515154414, 0.11944524820531585, 0.2568577363681545]], "ideal": "B", "sampled": "A", "correct": false}}
{"type": "result", "data": {"idx": 68, "options": ["59%", "69%", "79%", "89%"], "probs": [[0.2420034968312449, 0.3058969630606502, 0.25764491767624104, 0.19445462233186386], [0.24886688587561073, 0.30488556620410007, 0.22662663457511564, 0.21962091324517352], [0.24707686162275333, 0.31722237711290124, 0.24328010546873755, 0.1924206556956079], [0.3366239566280401, 0.27904479861315734, 0.22779879782905688, 0.15653244682974568]], "ideal": "C", "sampled": "D", "correct": false}}
{"type": "result", "data": {"idx": 69, "options": ["9%", "19%", "39%", "59%"], "probs": [[0.20244323016829277, 0.3135105119855192, 0.31357804404904926, 0.17046821369713874], [0.1708900157803768, 0.3293667684260441, 0.2999488964384523, 0.19979431925512678], [0.17462000769478322, 0.22070885360146397, 0.3696986844676191, 0.2349724541361337], [0.16894903777340356, 0.2496576308954444, 0.3807658254719484, 0.2006275057592036]], "ideal": "B", "sampled": "B", "correct": true}}
{"type": "result", "data": {"idx": 70, "options": ["18%", "38%", "58%", "78%"], "probs": [[0.19342554815525406, 0.3786648753105692, 0.2949753657437129, 0.13293421069046382], [0.1765134159073535, 0.30494328875855015, 0.3246885787417363, 0.19385471649236002], [0.1810838281927223, 0.2938832044307557, 0.3601625859377234, 0.1648703813387986], [0.18374015799726812, 0.34863290966465665, 0.3433116452792815, 0.12431528695879376]], "ideal": "B", "sampled": "A", "correct": false}}
{"type": "result", "data": {"idx": 71, "options": ["24%", "39%", "54%", "69%"], "probs": [[0.14774056827317764, 0.2937953384285822, 0.3031789569796247, 0.2552851362186154], [0.19331214743969455, 0.3041031269692323, 0.32380022630433086, 0.1787844991867423], [0.2507488689954338, 0.3883405865587786, 0.14975489451348956, 0.21115564983229798], [0.38027757969089715, 0.14889197271902524, 0.2826058310376003, 0.18822461645247732]], "ideal": "A", "sampled": "D", "correct": false}}
{"type": "result", "data": {"idx": 72, "options": ["1.5 children per woman", "2.5 children per woman", "3.5 children per woman", "4.5 children per woman"], "probs": [[0.6197405710835392, 0.21414449196249624, 0.11112046696000646, 0.05499446989395813], [0.3850733752185489, 0.2861310924640595, 0.13518351717978466, 0.19361201503760697], [0.17679848828922926, 0.1253520622933958, 0.5036871136928837, 0.19416233562449128], [0.1439943697305195, 0.3508510798372298, 0.3677551071130107, 0.13739944321924003]], "ideal": "B", "sampled": "A", "correct": false}}
{"type": "result", "data": {"idx": 73, "options": ["$300 ", "$1,000 ", "$10,000 ", "$30,000 "], "probs": [[0.10868796543155076, 0.2487696669930349, 0.39760240315987666, 0.2449399643155377], [0.12365279421536521, 0.2966153102999864, 0.3522922246473985, 0.22743967073724985], [0.20767825220897482, 0.27942939757207014, 0.32674326515675683, 0.1861490849621982], [0.25596525118330854, 0.32862277346739666, 0.17869805489043314, 0.23671392035886166]], "ideal": "C", "sampled": "C", "correct": true}}
{"type": "result", "data": {"idx": 74, "options": ["20%", "40%", "60%", "80%"], "probs": [[0.19801557371927567, 0.32642156917040266, 0.28365887498052267, 0.19190398202979903], [0.22431906233925736, 0.341997037555262, 0.23880896681569985, 0.19487493318978075], [0.25130803872766116, 0.3277073902930503, 0.22528997208667123, 0.19569459879261733], [0.22988493275809388, 0.3396929952025316, 0.24859216427964298, 0.18182990765973156]], "ideal": "C", "sampled": "C", "correct": true}}
{"type": "result", "data": {"idx": 75, "options": ["41%", "56%", "71%", "86%"], "probs": [[0.2846820545071181, 0.38907241446099944, 0.20188777010351597, 0.12435776082836647], [0.2705473086130471, 0.34195570173288253, 0.22083298027789555, 0.16666400927617483], [0.2923397167083302, 0.36377502026161207, 0.16658684857888376, 0.177298414351174], [0.30709154783507864, 0.2585588212898568, 0.2391712325201727, 0.19517839825489186]], "ideal": "B", "sampled": "B", "correct": true}}
{"type": "result", "data": {"idx": 76, "options": ["1%", "2%", "4%", "8%"], "probs": [[0.13486771485153784, 0.2854730529123139, 0.42199701695390107, 0.15766221518224718], [0.1482036626877846, 0.35548170006363844, 0.3844520323094142, 0.11186260483916279], [0.20996418906085407, 0.4046611845783226, 0.1942082970277218, 0.1911663292331015], [0.18847449488695248, 0.1798087400132174, 0.4181724835113251, 0.21354428148850504]], "ideal": "C", "sampled": "C", "correct": true}}
{"type": "result", "data": {"idx": 77, "options": ["US", "Chile", "Ireland", "Spain"], "probs": [[0.2767231464109263, 0.29455423352156995, 0.2294107973346181, 0.19931182263288558], [0.14848183204597937, 0.4229750068284417, 0.08329022736975793, 0.345252933655821], [0.2262706045024414, 0.1035892084672158, 0.5019998028670392, 0.16814038406330367], [0.21853932548598512, 0.5081132356679894, 0.07436030055496363, 0.1989871381910618]], "ideal": "A", "sampled": "A", "correct": true}}
{"type": "result", "data": {"idx": 78, "options": ["was approximately zero", "exceeded that of high income countries", "exceeded that of Britain during the industrial revolution", "was approximately 3.0% per year"], "probs": [[0.13365982272391322, 0.18269222700717666, 0.21699866326965517, 0.46664928689925494], [0.2637225588995783, 0.17566881417705224, 0.4417465164165079, 0.11886211040686151], [0.257116187020033, 0.3920553448975522, 0.13765377679638402, 0.21317469118603075], [0.2070782487690682, 0.12958235512736682, 0.424978585869684, 0.23836081013388094]], "ideal": "C", "sampled": "D", "correct": false}}
