{"type": "result", "data": {"idx": 0, "options": ["(0, \u2013 3)", "(4, 1)", "(2, 2)", "(\u2013 4, \u20132)"], "probs": [[0.32330188633698587, 0.24391390744264466, 0.2597680726353049, 0.17301613348506453], [0.23653704983031415, 0.2989173962883083, 0.20876213349231215, 0.25578342028906537], [0.21699035488865015, 0.2575913407782119, 0.33090320719305505, 0.19451509704008293], [0.19679808297562065, 0.3852431109307277, 0.23013608036935188, 0.18782272562429972]], "ideal": "D", "sampled": "A", "correct": false}}
{"type": "result", "data": {"idx": 1, "options": ["2500", "2", "50", "25"], "probs": [[0.21439994549991548, 0.266769226363905, 0.23919716118570586, 0.27963366685047364], [0.14168067697302328, 0.18766972980022473, 0.502396538874828, 0.16825305425192388], [0.14176440237534993, 0.4101813733167547, 0.244976565217316, 0.2030776589905794], [0.2189212390079284, 0.2810438698715799, 0.3185540281761334, 0.18148086284435824]], "ideal": "C", "sampled": "D", "correct": false}}
{"type": "result", "data": {"idx": 2, "options": ["392", "336", "300", "297"], "probs": [[0.2738838534361996, 0.21656988881701994, 0.2825326663350555, 0.2270135913117249], [0.31177420542852424, 0.21757012796788514, 0.2316533784841282, 0.23900228801946238], [0.2396077519649418, 0.22151312399597398, 0.26312573173241716, 0.27575339220666706], [0.2663799722509416, 0.2580848528249902, 0.21738705166394112, 0.258148123160127]], "ideal": "A", "sampled": "A", "correct": true}}
{"type": "result", "data": {"idx": 3, "options": ["\\frac{7}{9}", "\\frac{8}{9}", "\\frac{5}{9}", "\\frac{9}{11}"], "probs": [[0.21525359037946917, 0.29415393661344474, 0.2851971175089551, 0.20539535539813097], [0.21642541883211722, 0.27352929112560115, 0.22331762311609596, 0.2867276668261856], [0.21117945874070945, 0.17778914635224022, 0.26283719349744533, 0.34819420130960504], [0.17668426998623835, 0.22682295061397426, 0.2959233135903994, 0.300569465709388]], "ideal": "B", "sampled": "B", "correct": true}}
{"type": "result", "data": {"idx": 4, "options": ["(-inf, 10)", "(-inf, 9)", "(-inf, 8)", "(-inf, 7)"], "probs": [[0.19759914883787166, 0.2658535420992264, 0.27876009288205195, 0.2577872160808499], [0.20632216639723722, 0.2864063722563435, 0.2734293978153831, 0.2338420634310361], [0.17306472817927107, 0.2765260173684388, 0.29453839093252754, 0.2558708634197626], [0.15995321391204317, 0.2720490815389388, 0.33880288920007645, 0.22919481524894156]], "ideal": "C", "sampled": "B", "correct": false}}
{"type": "result", "data": {"idx": 5, "options": ["396", "72", "66", "36"], "probs": [[0.2215440687085565, 0.26719083981239905, 0.3769026044095761, 0.13436248696946831], [0.2277698972137859, 0.4821616428688866, 0.22780385696026978, 0.06226460285705775], [0.21224255857729413, 0.43544989819940544, 0.16791482268084798, 0.18439272044245245], [0.2807805752240801, 0.21862282695304144, 0.3549521459298382, 0.14564445179304022]], "ideal": "B", "sampled": "C", "correct": false}}
{"type": "result", "data": {"idx": 6, "options": ["0.16", "0.24", "0.3", "0.5"], "probs": [[0.21962647465098778, 0.340113615063297, 0.28205192506550414, 0.1582079851202111], [0.2483565062036113, 0.27271682021274907, 0.2562729119998244, 0.22265376148381524], [0.12495300917287903, 0.2262328401716521, 0.4294556932887546, 0.21935845726671427], [0.1275246704264316, 0.43818680385023656, 0.29199120029788733, 0.1422973253254445]], "ideal": "C", "sampled": "A", "correct": false}}
{"type": "result", "data": {"idx": 7, "options": ["42", "12", "36", "39"], "probs": [[0.21829515693388948, 0.23597641286874396, 0.2983800172507406, 0.24734841284662593], [0.1788707875690042, 0.2994918316151769, 0.33418900767170356, 0.18744837304411532], [0.17628518709907823, 0.2604813199831441, 0.35060091758437933, 0.21263257523339832], [0.20979199749183808, 0.32999755423930416, 0.27794481563522205, 0.1822656325336357]], "ideal": "A", "sampled": "A", "correct": true}}
{"type": "result", "data": {"idx": 8, "options": ["\\frac{125}{648}", "\\frac{25}{648}", "\\frac{625}{648}", "\\frac{1}{648}"], "probs": [[0.17931105307732495, 0.2733694857117886, 0.1850353644634848, 0.36228409664740163], [0.24332112071465103, 0.14300729332924328, 0.427115380721296, 0.18655620513480964], [0.2159356494964403, 0.27290539304237055, 0.21597251496703287, 0.29518644239415626], [0.188648531160309, 0.21040762331743137, 0.38716404472401283, 0.21377980069824676]], "ideal": "C", "sampled": "D", "correct": false}}
{"type": "result", "data": {"idx": 9, "options": ["8", "12", "10", "4"], "probs": [[0.24610558516463635, 0.30618113732526286, 0.249983090882085, 0.19773018652801574], [0.2249172579235193, 0.2628713963456465, 0.3074404436388334, 0.20477090199200082], [0.2128346498743056, 0.24110006565126588, 0.3048995940112273, 0.24116569036320126], [0.18229841508972439, 0.269339633080533, 0.32501240034186957, 0.223349551387873]], "ideal": "B", "sampled": "B", "correct": true}}
{"type": "result", "data": {"idx": 10, "options": ["13", "14", "1", "2"], "probs": [[0.27353725242170057, 0.27779108697066995, 0.2692939678950126, 0.17937769261261685], [0.22629827933129515, 0.286020198019161, 0.2816390478817828, 0.20604247466776104], [0.21472521444088546, 0.31729063861312473, 0.29812637412735343, 0.16985777271863634], [0.22672582822669507, 0.3147295666211593, 0.2734971899489671, 0.18504741510317851]], "ideal": "D", "sampled": "A", "correct": false}}
{"type": "result", "data": {"idx": 11, "options": ["30", "64", "2048", "60"], "probs": [[0.2022365003288733, 0.23639291170270268, 0.34944164228757163, 0.21192894558085237], [0.25028531622088573, 0.25416128688768286, 0.2880784740124839, 0.20747492277894752], [0.24786832926178848, 0.23645430800934408, 0.30369061228576255, 0.2119867503431049], [0.23355302560308094, 0.2816489082538902, 0.2159970583699275, 0.26880100767310133]], "ideal": "D", "sampled": "C", "correct": false}}
{"type": "result", "data": {"idx": 12, "options": ["0", "1", "2", "4"], "probs": [[0.2725717208283282, 0.3498779341192227, 0.24053206264153038, 0.13701828231091873], [0.27473069986647686, 0.28780080578723827, 0.28341143053567064, 0.15405706371061428], [0.2312474961161707, 0.3062537862612453, 0.22765156285197577, 0.23484715467060824], [0.2513728141533295, 0.2892372607895577, 0.3227569162522855, 0.1366330087048273]], "ideal": "D", "sampled": "B", "correct": false}}
{"type": "result", "data": {"idx": 13, "options": ["92", "93", "94.5", "95"], "probs": [[0.11974149941200656, 0.27836424109536306, 0.22723600266091593, 0.3746582567317145], [0.14403297220269418, 0.2732950191417481, 0.39772642247464246, 0.1849455860809153], [0.3336505740689133, 0.2557829434518859, 0.16262079010562658, 0.2479456922735742], [0.15815780819625874, 0.18486749848562295, 0.3794049861736427, 0.2775697070444756]], "ideal": "B", "sampled": "D", "correct": false}}
{"type": "result", "data": {"idx": 14, "options": ["R <= T <= M <= L", "L <= T <= M <= R", "R <= M <= T <= L", "L <= M <= T <= R"], "probs": [[0.2758699357233743, 0.27581569549663415, 0.15001606939722983, 0.29829829928276175], [0.2689364093907112, 0.19980864523983785, 0.3048121151135263, 0.22644283015592467], [0.2853434085560604, 0.29898631569733525, 0.13909298180142884, 0.27657729384517554], [0.27467686753735554, 0.22412314186606136, 0.23498745960590162, 0.2662125308906814]], "ideal": "D", "sampled": "D", "correct": true}}
{"type": "result", "data": {"idx": 15, "options": ["16", "2\\sqrt{2}", "5", "5+2\\sqrt{13}"], "probs": [[0.12680539298569604, 0.41575699420948187, 0.20910769387318207, 0.24832991883164], [0.3285006435557237, 0.2722591933815974, 0.2366256458839043, 0.16261451707877458], [0.1320070753560519, 0.5386919298424269, 0.17492539918274724, 0.1543755955187739], [0.5481529276132266, 0.24698211434235556, 0.09524889360346261, 0.10961606434095518]], "ideal": "D", "sampled": "D", "correct": true}}
{"type": "result", "data": {"idx": 16, "options": ["8", "3", "6", "9"], "probs": [[0.23950900848821846, 0.2629876512916449, 0.3222984767322845, 0.1752048633878521], [0.21279995997208362, 0.3095493820134384, 0.3145124818215427, 0.1631381760929353], [0.24282114928979803, 0.33182395490141325, 0.20770766457947235, 0.21764723112931633], [0.2196740936819042, 0.2527851016736626, 0.35104971232776333, 0.17649109221666986]], "ideal": "A", "sampled": "C", "correct": false}}
{"type": "result", "data": {"idx": 17, "options": ["-2", "-4", "-1", "1"], "probs": [[0.21412840802507724, 0.23885448630528988, 0.29272094802195625, 0.25429615754767665], [0.22880136964417308, 0.2716701328482755, 0.31278505918235977, 0.18674343822519163], [0.27732370127419104, 0.36164117933594325, 0.17630276607606388, 0.1847323532138018], [0.23658286385230992, 0.2722595970397069, 0.27234942124071293, 0.21880811776727022]], "ideal": "B", "sampled": "D", "correct": false}}
{"type": "result", "data": {"idx": 18, "options": ["1", "3", "0", "5"], "probs": [[0.2447591289844145, 0.3397436667467135, 0.2998928330466926, 0.11560437112217936], [0.24647038805299368, 0.306669022012844, 0.30198359036430467, 0.14487699946985763], [0.2807279187051676, 0.3082422269834458, 0.2720812220289241, 0.1389486321824625], [0.23632003798267198, 0.2986738249953711, 0.3385240879976144, 0.12648204892434248]], "ideal": "A", "sampled": "B", "correct": false}}
{"type": "result", "data": {"idx": 19, "options": ["(-\\infty,-1)\\cup (1,\\infty)", "(-\\infty,0)\\cup (0,\\infty)", "[-1,1]", "(-1,1)"], "probs": [[0.1999729811933182, 0.16574091458485238, 0.31467996451151536, 0.31960613961031403], [0.22104004525239004, 0.2543777113431657, 0.2929084467784909, 0.23167379652595332], [0.21312598344605693, 0.23402985484181368, 0.23780877458796526, 0.3150353870241641], [0.23972937462316757, 0.23229657111229127, 0.1387715190510261, 0.38920253511351505]], "ideal": "B", "sampled": "C", "correct": false}}
{"type": "result", "data": {"idx": 20, "options": ["\\frac{5}{x-4}", "\\frac{x-4}{5}", "\\frac{x+4}{5}", "-\\frac{x-4}{5}"], "probs": [[0.2653349876436127, 0.41736634628697605, 0.10072619241825863, 0.21657247355115258], [0.4128398421840245, 0.21079366535205718, 0.25435657064625894, 0.12200992171765937], [0.2144300277486582, 0.522487803571195, 0.10617981533598615, 0.1569023532441607], [0.37128515154240505, 0.20181392732670164, 0.34342200584023214, 0.08347891519066114]], "ideal": "D", "sampled": "D", "correct": true}}
{"type": "result", "data": {"idx": 21, "options": ["\u221216", "32", "\u221232", "64"], "probs": [[0.25223163519457836, 0.1933493373602797, 0.37276963506695115, 0.1816493922781908], [0.22052293685074387, 0.39926152822463323, 0.1916010649072099, 0.18861446991741299], [0.27707297935856395, 0.17885668998022308, 0.29958073496321747, 0.24448959559799546], [0.2124455209625253, 0.2903257521599554, 0.2157981331192782, 0.2814305936582411]], "ideal": "B", "sampled": "C", "correct": false}}
{"type": "result", "data": {"idx": 22, "options": ["7", "11", "16", "8"], "probs": [[0.1957839490672092, 0.23242158146464081, 0.41450221469568727, 0.15729225467246272], [0.2521747127571271, 0.26835040055066245, 0.32891661905684944, 0.15055826753536097], [0.2629235186508946, 0.2932121862629466, 0.3272161605334951, 0.11664813445266371], [0.25690421459489976, 0.32465139028163703, 0.26506122944088584, 0.15338316558257734]], "ideal": "D", "sampled": "C", "correct": false}}
{"type": "result", "data": {"idx": 23, "options": ["4", "8", "2", "1"], "probs": [[0.19941684898851195, 0.3667262846867029, 0.24057314155934278, 0.19328372466544239], [0.2695510902865066, 0.2868678782036767, 0.22699443317186535, 0.21658659823795132], [0.15362321983404684, 0.22699202795977624, 0.392336844787766, 0.22704790731841093], [0.13033623084625634, 0.28464956361112653, 0.38313882271714905, 0.20187538272546807]], "ideal": "B", "sampled": "B", "correct": true}}
{"type": "result", "data": {"idx": 24, "options": ["Friday", "Thursday", "Wednesday", "Tuesday"], "probs": [[0.2391749769210059, 0.270991414758286, 0.25067123768207095, 0.23916237053863718], [0.26426988443667637, 0.30413886448472877, 0.2225481089347362, 0.20904314204385865], [0.2295079128434667, 0.26413216003523704, 0.22952568992797448, 0.2768342370933218], [0.21183586749807193, 0.25153050573726027, 0.2850824083127329, 0.25155121835193495]], "ideal": "A", "sampled": "B", "correct": false}}
{"type": "result", "data": {"idx": 25, "options": ["5", "3", "15", "31"], "probs": [[0.16530865170708137, 0.2559844445914677, 0.2600617900276736, 0.31864511357377734], [0.15152454735875726, 0.2170092301591862, 0.4891337685443258, 0.1423324538377308], [0.17802032132247522, 0.44749402015624906, 0.23585052350116975, 0.13863513492010593], [0.3598449206131041, 0.22866701523159966, 0.2591540581485107, 0.15233400590678556]], "ideal": "C", "sampled": "D", "correct": false}}
{"type": "result", "data": {"idx": 26, "options": ["145", "90", "60", "70"], "probs": [[0.24093308575324304, 0.409803284196151, 0.2372246929851303, 0.11203893696547565], [0.33916699377532145, 0.2855498151858731, 0.2224311497222802, 0.15285204121652524], [0.18631117423631235, 0.26684240893780614, 0.2841070124755105, 0.262739404250371], [0.1764070702645136, 0.26068303180623204, 0.4435502025305999, 0.11935969529865441]], "ideal": "D", "sampled": "B", "correct": false}}
{"type": "result", "data": {"idx": 27, "options": ["2 min", "5 min", "18 min", "20 min"], "probs": [[0.1506822668373603, 0.21582287665703923, 0.49413184027885104, 0.1393630161267494], [0.16473349050772515, 0.4692802305527224, 0.24732562328359908, 0.1186606555559534], [0.23822502859683609, 0.31066979103141973, 0.28737492633717887, 0.16373025393456533], [0.159445394841146, 0.2547698990677307, 0.35377759792180413, 0.23200710806931918]], "ideal": "C", "sampled": "C", "correct": true}}
{"type": "result", "data": {"idx": 28, "options": ["(-4,4)", "[0,4]", "(-inf, -1) U (4, inf)", "(-inf, -1) U (-1, 4) U (4, inf)"], "probs": [[0.23373238391725815, 0.2448961847046069, 0.19684837463245689, 0.32452305664567804], [0.1767034951166908, 0.17943924396271346, 0.28685238527093204, 0.3570048755496637], [0.18322032017158552, 0.26651100512958303, 0.27084295169578876, 0.27942572290304263], [0.2252503003662537, 0.21825574011027174, 0.2717348892456521, 0.2847590701778225]], "ideal": "C", "sampled": "D", "correct": false}}
{"type": "result", "data": {"idx": 29, "options": ["1", "e", "2/e", "1/e"], "probs": [[0.17247260848238985, 0.18937980844600924, 0.2671658654666128, 0.3709817175049881], [0.19322913019382762, 0.18148035488040806, 0.4493477739235931, 0.1759427409021712], [0.2851554070664598, 0.3660881326012318, 0.21193647520466807, 0.13681998502764034], [0.3678858358560177, 0.21283915858291128, 0.2129212788773476, 0.2063537265837234]], "ideal": "D", "sampled": "D", "correct": true}}
{"type": "result", "data": {"idx": 30, "options": ["1", "2", "0", "5"], "probs": [[0.2647609890094437, 0.2565566484422733, 0.24869364875927716, 0.22998871368900584], [0.28068029459470645, 0.26776238874257635, 0.15743385019167705, 0.2941234663710401], [0.2717412628932871, 0.2803195333105287, 0.2552657051049997, 0.19267349859118452], [0.29259413913831966, 0.24251377941498603, 0.21072297110123683, 0.25416911024545746]], "ideal": "C", "sampled": "A", "correct": false}}
{"type": "result", "data": {"idx": 31, "options": ["10", "16", "24", "12"], "probs": [[0.23014231828109777, 0.27321823614433394, 0.31459020627600565, 0.18204923919856264], [0.2474552802873265, 0.2892152921683165, 0.26758089260195794, 0.19574853484239904], [0.1995276659527569, 0.27264103290692476, 0.39070671792891637, 0.137124583111402], [0.217296148758603, 0.3812802092695239, 0.24244400178952477, 0.15897964008234836]], "ideal": "A", "sampled": "A", "correct": true}}
{"type": "result", "data": {"idx": 32, "options": ["12", "22", "840", "240"], "probs": [[0.23278376008255922, 0.28964112500816025, 0.2054249437882937, 0.2721501710209868], [0.19975267945828204, 0.14384407650682998, 0.3790772685442008, 0.27732597539068715], [0.2131233991934829, 0.3513196460748014, 0.24151364326317418, 0.19404331136854155], [0.32350783002901773, 0.2257945936302617, 0.2854857870123014, 0.16521178922841923]], "ideal": "D", "sampled": "D", "correct": true}}
{"type": "result", "data": {"idx": 33, "options": ["8788", "2", "2197", "21"], "probs": [[0.14043661088298826, 0.23149150152386713, 0.4001160740504129, 0.22795581344273172], [0.07659322136758585, 0.5748713697644096, 0.2182319047565367, 0.13030350401146787], [0.3869590643567597, 0.24208889177736023, 0.2071256128603038, 0.1638264309055763], [0.17778058348308406, 0.316862344710135, 0.28411310908337456, 0.22124396262340632]], "ideal": "A", "sampled": "C", "correct": false}}
{"type": "result", "data": {"idx": 34, "options": ["-9", "-5", "-6", "-57"], "probs": [[0.23255750881130757, 0.27183115884672004, 0.2805458646813505, 0.21506546756062192], [0.2798316263822516, 0.32709718722103925, 0.13427734773834907, 0.2587938385583601], [0.2765469592018587, 0.20228034557287194, 0.2809211951350564, 0.24025149999021292], [0.21706947485836103, 0.27009625849980784, 0.27443309271172706, 0.23840117383010406]], "ideal": "A", "sampled": "C", "correct": false}}
{"type": "result", "data": {"idx": 35, "options": ["15", "5", "9", "17"], "probs": [[0.2700536669544682, 0.274270725562745, 0.27007479680198354, 0.18560081058080324], [0.19380278883426505, 0.2527429759249668, 0.3977254032690959, 0.1557288318716723], [0.24191931608639863, 0.33583695693940147, 0.2308686891226179, 0.19137503775158196], [0.2892262806054979, 0.2716664848205063, 0.2717257914394007, 0.16738144303459515]], "ideal": "D", "sampled": "D", "correct": true}}
{"type": "result", "data": {"idx": 36, "options": ["252", "4680", "98770", "101170"], "probs": [[0.15374460356651293, 0.23439719572115833, 0.2963752359935729, 0.31548296461875586], [0.24890254799786782, 0.19993874428200656, 0.33493756759822535, 0.2162211400219003], [0.18489790624477642, 0.3000619277030309, 0.2954872118168381, 0.2195529541353545], [0.2403945624587944, 0.19311225412345, 0.28547355529791446, 0.28101962801984115]], "ideal": "C", "sampled": "D", "correct": false}}
{"type": "result", "data": {"idx": 37, "options": ["4.5", "1", "5.5", "5"], "probs": [[0.247476603848675, 0.28925790948869157, 0.3177943182002455, 0.14547116836238788], [0.21707638380047548, 0.3157618076833131, 0.3415386436652911, 0.1256231647509204], [0.2253451563295431, 0.2553004102243115, 0.3715743830897685, 0.14778005025637694], [0.19534283077359657, 0.447076757998398, 0.275512547261941, 0.0820678638660644]], "ideal": "C", "sampled": "A", "correct": false}}
{"type": "result", "data": {"idx": 38, "options": ["240", "120", "60", "111"], "probs": [[0.1964815109771704, 0.2562044560653067, 0.31399086114604535, 0.23332317171147757], [0.26119491844537956, 0.2652481237570654, 0.32002270695380974, 0.15353425074374527], [0.25403164300573844, 0.2276523573378149, 0.23493208078585676, 0.28338391877058994], [0.1637212831727244, 0.19136748286263228, 0.43138126820128536, 0.2135299656633579]], "ideal": "A", "sampled": "B", "correct": false}}
{"type": "result", "data": {"idx": 39, "options": ["24", "5", "3", "21"], "probs": [[0.2046059281801994, 0.23544987245380383, 0.2668615658869185, 0.29308263337907825], [0.21600565514754935, 0.2193539011644175, 0.36173895821894075, 0.20290148536909236], [0.22864367065527436, 0.31737998124763517, 0.31745961305304715, 0.13651673494404334], [0.2783879082876396, 0.26556876694838055, 0.2872189921929165, 0.16882433247106332]], "ideal": "A", "sampled": "D", "correct": false}}
{"type": "result", "data": {"idx": 40, "options": ["1", "-3", "-1", "3"], "probs": [[0.23792869985810797, 0.24931253118834437, 0.3303415427720781, 0.18241722608146954], [0.22920669147494277, 0.3282996264501765, 0.24021878419882464, 0.20227489777605606], [0.24870586022176003, 0.29072227637956616, 0.30000674274533906, 0.16056512055333472], [0.25347488738334284, 0.3154022646320031, 0.24568445611993645, 0.18543839176471758]], "ideal": "B", "sampled": "C", "correct": false}}
{"type": "result", "data": {"idx": 41, "options": ["4", "6", "10", "15"], "probs": [[0.24741357915710704, 0.28033055960791603, 0.2398208558186124, 0.2324350053163645], [0.25857955600089216, 0.2211470189640362, 0.28848198483207843, 0.23179144010299316], [0.24196303248910972, 0.21350534576285685, 0.28289935411514117, 0.26163226753289226], [0.2439115941280594, 0.23271527884063534, 0.33341175314430166, 0.18996137378700362]], "ideal": "C", "sampled": "B", "correct": false}}
{"type": "result", "data": {"idx": 42, "options": ["Alice", "Devon", "Bob", "Gerald"], "probs": [[0.12112166166765731, 0.27720410042023386, 0.16553542262948354, 0.4361388151826253], [0.1871496653153757, 0.17576950000989333, 0.20875070053856068, 0.42833013403617026], [0.1410584724754722, 0.2985327212392227, 0.24751985793498263, 0.31288894825032243], [0.23389602846703414, 0.31468164448747876, 0.1557926810258897, 0.2956296459195974]], "ideal": "B", "sampled": "D", "correct": false}}
{"type": "result", "data": {"idx": 43, "options": ["(6-3x)(6+3x)", "(-3x+6)(3x+6)", "9(2-x)(2+x)", "3(2+x)^2"], "probs": [[0.2985521465672874, 0.2435914652225726, 0.2253737978300444, 0.23248259028009557], [0.22700982808330725, 0.3921658273617283, 0.14660250304376596, 0.2342218414111985], [0.3500313162453619, 0.1872974037936787, 0.2947711646262083, 0.16790011523475112], [0.17026043919230288, 0.3958416760811239, 0.1575004560342747, 0.2763974285922985]], "ideal": "C", "sampled": "C", "correct": true}}
{"type": "result", "data": {"idx": 44, "options": ["100", "90950", "5200", "50"], "probs": [[0.2009778946582847, 0.2423984891291228, 0.306491856343076, 0.2501317597695165], [0.15865040296667995, 0.4114800217777289, 0.2784808360799077, 0.15138873907568343], [0.14184190542832048, 0.2528408803216233, 0.21970826712599142, 0.3856089470240648], [0.13041285974848202, 0.46961250196748944, 0.15248355040689035, 0.24749108777713816]], "ideal": "C", "sampled": "C", "correct": true}}
{"type": "result", "data": {"idx": 45, "options": ["\\frac{1}{8}", "\\frac{1}{7}", "\\frac{1}{40}", "\\frac{1}{35}"], "probs": [[0.2886432452009051, 0.2710865180085195, 0.23559603443764116, 0.20467420225293423], [0.25702122234249686, 0.21978992549054235, 0.2452720290962761, 0.2779168229706847], [0.16003835199663044, 0.21197852490212674, 0.3335933684969141, 0.29438975450432875], [0.23818682841621655, 0.3057804198489902, 0.26162559571110383, 0.19440715592368943]], "ideal": "D", "sampled": "A", "correct": false}}
{"type": "result", "data": {"idx": 46, "options": ["5", "11", "17", "199"], "probs": [[0.2352469922647447, 0.27070971312238296, 0.3700933318180295, 0.1239499626948428], [0.2999530426812444, 0.37321666513984963, 0.11745600793772665, 0.2093742841411793], [0.29290438568358307, 0.1668368925534809, 0.2974778502130413, 0.24278087144989471], [0.2240465730204649, 0.24219018218479588, 0.30621552464284035, 0.22754772005189886]], "ideal": "D", "sampled": "C", "correct": false}}
{"type": "result", "data": {"idx": 47, "options": ["7", "5", "2", "25"], "probs": [[0.19365173287762244, 0.277315523040644, 0.385139042321985, 0.1438937016597486], [0.24021086868593447, 0.38982360389436377, 0.16769514476484548, 0.20227038255485627], [0.23174393520040404, 0.23532632341604046, 0.29755595766841014, 0.23537378361514533], [0.19441953589193237, 0.2828189772504719, 0.30587920999268425, 0.21688227676491148]], "ideal": "A", "sampled": "C", "correct": false}}
{"type": "result", "data": {"idx": 48, "options": ["792", "66", "396", "72"], "probs": [[0.17268743798179997, 0.22169852922294292, 0.42745183415664106, 0.17816219853861606], [0.17777297859282834, 0.3218608998375867, 0.3169527555103221, 0.1834133659592629], [0.24603286749693407, 0.27017242116271445, 0.2921958012913899, 0.19159890994896162], [0.2590268513446279, 0.22500331362317078, 0.3173847448898155, 0.19858509004238586]], "ideal": "D", "sampled": "C", "correct": false}}
{"type": "result", "data": {"idx": 49, "options": ["5", "-75", "-64", "-24"], "probs": [[0.19985198972610854, 0.295313864916834, 0.2953910827341328, 0.20944306252292472], [0.21118596508754373, 0.2931706352711201, 0.3482188037914328, 0.1474245957499034], [0.23590015308136406, 0.284506636032027, 0.3224610243805189, 0.15713218640609003], [0.25539607503875517, 0.3177972747546978, 0.21508176189759431, 0.2117248882089527]], "ideal": "B", "sampled": "D", "correct": false}}
{"type": "result", "data": {"idx": 50, "options": ["\\frac{1}{27}", "\\frac{1}{68}", "\\frac{1}{3}", "\\frac{1}{243}"], "probs": [[0.22968700525847965, 0.14370535312646046, 0.5017362832521335, 0.12487135826292638], [0.22235411899455562, 0.3781803676921274, 0.15524000724014908, 0.2442255059731679], [0.21705035736101289, 0.21032214085724724, 0.38697218988153526, 0.18565531180020464], [0.1786813586771621, 0.255907863352934, 0.16269837318223937, 0.40271240468766456]], "ideal": "D", "sampled": "C", "correct": false}}
{"type": "result", "data": {"idx": 51, "options": ["100", "4", "5", "20"], "probs": [[0.14090138672373334, 0.28909310695618284, 0.37128809090716136, 0.19871741531292245], [0.19739979503564942, 0.42446631188916345, 0.23814806339743458, 0.13998582957775252], [0.273874884977555, 0.3571630497775628, 0.1234543872528239, 0.24550767789205824], [0.2162450817570645, 0.2412155979449396, 0.26915829969995336, 0.2733810204980426]], "ideal": "A", "sampled": "C", "correct": false}}
{"type": "result", "data": {"idx": 52, "options": ["1", "9", "2", "10"], "probs": [[0.1362076062958049, 0.40030472273683776, 0.23537231277936424, 0.22811535808799308], [0.27000170541087304, 0.25359359003163234, 0.2965586438991306, 0.179846060558364], [0.14193054609278483, 0.4510241612035767, 0.23040533866946547, 0.176639953934173], [0.30162193469303816, 0.23854196848444992, 0.26205526998834067, 0.19778082673417124]], "ideal": "B", "sampled": "D", "correct": false}}
{"type": "result", "data": {"idx": 53, "options": ["43", "16", "42", "44"], "probs": [[0.26602816784408, 0.4250492307812412, 0.17722995218934065, 0.13169264908533815], [0.3233753144417683, 0.2054908424410369, 0.30855605003132397, 0.16257779298587083], [0.19449667299809228, 0.24200877497212597, 0.4593969558850655, 0.10409759604471619], [0.2541659682423941, 0.4255881061833875, 0.2074631920405521, 0.11278273343366625]], "ideal": "C", "sampled": "A", "correct": false}}
{"type": "result", "data": {"idx": 54, "options": ["\\frac{1}{6}", "\\frac{1}{64}", "\\frac{1}{32}", "\\frac{1}{2}"], "probs": [[0.3049333529584659, 0.28192238277010917, 0.2162723190689918, 0.1968719451024331], [0.26529916327627423, 0.2912903937021553, 0.2199948960324205, 0.22341554688915], [0.21682021665849355, 0.23806876651257097, 0.31065721242471994, 0.23445380430421556], [0.18462125015264047, 0.34485215972945177, 0.26453835557850336, 0.2059882344394044]], "ideal": "C", "sampled": "A", "correct": false}}
{"type": "result", "data": {"idx": 55, "options": ["5", "\\frac{25}{6}", "\\frac{\\sqrt{2465}{9}", "2"], "probs": [[0.15886655754746612, 0.49710517393258385, 0.1947354082020538, 0.14929286021789628], [0.38654035325953323, 0.2417962550875147, 0.22724705932252065, 0.1444163322304314], [0.19344832289442587, 0.26024106530092084, 0.2859484893684018, 0.26036212233625144], [0.14613117092559272, 0.2524366008181204, 0.44338966395500967, 0.15804256420127719]], "ideal": "A", "sampled": "B", "correct": false}}
{"type": "result", "data": {"idx": 56, "options": ["3", "\\frac{1}{49}", "\\frac{1}{7}", "7"], "probs": [[0.22025325235747398, 0.35190423270806587, 0.26158457212262437, 0.16625794271183575], [0.32896543526237043, 0.23319937981417455, 0.24446462820900502, 0.19337055661445], [0.3354101280654871, 0.18807109258890242, 0.28242541198366133, 0.19409336726194912], [0.26402974126082845, 0.29444333907997644, 0.21214690802360037, 0.2293800115355947]], "ideal": "B", "sampled": "B", "correct": true}}
{"type": "result", "data": {"idx": 57, "options": ["4, 7", "5, 5", "3, 9", "9, 8"], "probs": [[0.30918217623665134, 0.20917055632080722, 0.24459292721069484, 0.2370543401318466], [0.3241960357670236, 0.17623236511029242, 0.19973770974460056, 0.2998338892780834], [0.3008613630956757, 0.18823860864304542, 0.21003866506560326, 0.3008613630956757], [0.3411599004618841, 0.18544803173165927, 0.17699248651835575, 0.2963995811881009]], "ideal": "B", "sampled": "C", "correct": false}}
{"type": "result", "data": {"idx": 58, "options": ["1", "120", "20", "12"], "probs": [[0.1870065815853878, 0.32817218728525827, 0.3035682556582952, 0.18125297537105875], [0.3914958296547613, 0.25272372739058324, 0.21620452724030023, 0.13957591561435517], [0.25656640527066904, 0.3451904952180902, 0.25656908747968366, 0.1416740119315571], [0.25267204639769114, 0.2689113616674448, 0.30477890369228516, 0.17363768814257885]], "ideal": "B", "sampled": "B", "correct": true}}
{"type": "result", "data": {"idx": 59, "options": ["1", "2", "-2", "0"], "probs": [[0.24689314134771034, 0.3823325392569117, 0.1984126895231182, 0.17236162977225974], [0.23837306313434886, 0.25768131783058296, 0.24214046422624516, 0.26180515470882304], [0.20627087352597326, 0.2606926560141224, 0.3620401620502828, 0.17099630830962156], [0.21782424394622024, 0.27962224839447425, 0.3481085196353025, 0.15444498792400302]], "ideal": "C", "sampled": "A", "correct": false}}
{"type": "result", "data": {"idx": 60, "options": ["1160", "1440", "2408", "2793"], "probs": [[0.16513837858620356, 0.2221862276140794, 0.47789339518775464, 0.13478199851196235], [0.14934711156782132, 0.3582409023880346, 0.3814226090526628, 0.11098937689148132], [0.20316739378327975, 0.3854956924529818, 0.2650018036100507, 0.1463351100536877], [0.20770129559347242, 0.19508551059202556, 0.43291497226200637, 0.16429822145249565]], "ideal": "D", "sampled": "C", "correct": false}}
{"type": "result", "data": {"idx": 61, "options": ["0.615", "4.875", "15", "34.667"], "probs": [[0.27747901857881024, 0.1763317558539644, 0.33999409761613963, 0.20619512785108565], [0.21523852323468082, 0.2220302935910178, 0.38978346597553404, 0.17294771709876733], [0.3117687218015323, 0.34773496697435563, 0.1543434468148713, 0.18615286430924075], [0.2216825832942808, 0.12239765572526509, 0.37126605039403326, 0.28465371048642085]], "ideal": "B", "sampled": "D", "correct": false}}
{"type": "result", "data": {"idx": 62, "options": ["f (x) = 0 has three real solutions.", "f (x) \u2265 \u201318 for all x \u2265 0.", "f (x) \u2264 \u201318 for all x \u2264 0.", "The function f (x) is decreasing for x \u2264 \u20133."], "probs": [[0.3039791032960882, 0.26821229258794116, 0.2405297046738198, 0.18727889934215086], [0.23625637318391568, 0.2635301750984878, 0.21518313769460085, 0.2850303139229957], [0.2313050845423029, 0.1917355415550525, 0.34196523847632987, 0.23499413532631475], [0.20983029973124492, 0.27796139401110415, 0.2780787555653993, 0.23412955059225166]], "ideal": "A", "sampled": "A", "correct": true}}
{"type": "result", "data": {"idx": 63, "options": ["211", "2321", "11", "608"], "probs": [[0.23005166647517902, 0.29536473748114467, 0.29541999098684596, 0.17916360495683034], [0.21244258859949908, 0.2814132529005142, 0.2728152234159998, 0.23332893498398694], [0.1298710910788435, 0.30670447525464245, 0.2927155029204805, 0.2707089306460335], [0.17221254572263536, 0.2544900623013362, 0.35896913054159996, 0.2143282613344285]], "ideal": "D", "sampled": "B", "correct": false}}
{"type": "result", "data": {"idx": 64, "options": ["-8", "128", "-128", "16"], "probs": [[0.2293871858303991, 0.31843088022954474, 0.21550490602200603, 0.23667702781805014], [0.2727234539389524, 0.29482995142834745, 0.29954342692136043, 0.13290316761133966], [0.2679323077499697, 0.24391619458961025, 0.251705627939518, 0.23644586962090205], [0.26877452141821156, 0.24087243856490922, 0.2906249593187053, 0.19972808059817387]], "ideal": "C", "sampled": "B", "correct": false}}
{"type": "result", "data": {"idx": 65, "options": ["\u201312", "\u20139", "0", "8"], "probs": [[0.19785833061954178, 0.2500733695663276, 0.3313476095561497, 0.2207206901579809], [0.24125161045607577, 0.28199183097666386, 0.33494468521867476, 0.1418118732485856], [0.21785739578255708, 0.31691818009493733, 0.21447457902337533, 0.2507498449991302], [0.19289867003125158, 0.28504063826808107, 0.3230430685243898, 0.19901762307627752]], "ideal": "B", "sampled": "D", "correct": false}}
{"type": "result", "data": {"idx": 66, "options": ["3", "4", "5", "6"], "probs": [[0.21764364643564826, 0.33705468991334475, 0.3069581572081546, 0.1383435063428524], [0.2555562073730471, 0.3332609980932849, 0.267836761500133, 0.14334603293353498], [0.25586130831273846, 0.3037912203992914, 0.28994136613775595, 0.15040610505021418], [0.2579703667199486, 0.31601721516097275, 0.26204404622741784, 0.16396837179166077]], "ideal": "C", "sampled": "C", "correct": true}}
{"type": "result", "data": {"idx": 67, "options": ["72", "6", "18", "12"], "probs": [[0.23846023561774565, 0.2577869517012852, 0.32092758053527964, 0.18282523204568946], [0.21769303598195283, 0.35331283416882836, 0.2884423603525343, 0.14055176939668454], [0.3469451212411572, 0.2537809496664115, 0.22754043811338676, 0.17173349087904458], [0.2919692905858464, 0.274220398809298, 0.270047179730138, 0.16376313077471766]], "ideal": "B", "sampled": "C", "correct": false}}
{"type": "result", "data": {"idx": 68, "options": ["\\frac{1}{12}", "\\frac{1}{6}", "\\frac{2}{3}", "\\frac{1}{3}"], "probs": [[0.24709404634308418, 0.3222067307774868, 0.19856628477724134, 0.23213293800218768], [0.3256643615139392, 0.2102071132984027, 0.27858161093245815, 0.18554691415519994], [0.2338512758334458, 0.324601957902693, 0.17654102074946904, 0.26500574541439215], [0.29694609946183903, 0.2240922533022111, 0.30165462783971986, 0.17730701929623]], "ideal": "D", "sampled": "B", "correct": false}}
{"type": "result", "data": {"idx": 69, "options": ["5", "2", "13", "139"], "probs": [[0.24067815363021408, 0.31879709117792204, 0.3394212227547858, 0.10110353233707801], [0.30612993009210576, 0.431637373287747, 0.14236500751766712, 0.11986768900248017], [0.25784850117965946, 0.23842144010066957, 0.320905834404326, 0.1828242242153449], [0.11432954667855423, 0.2873915731619499, 0.2874680757235115, 0.31081080433598435]], "ideal": "A", "sampled": "C", "correct": false}}
{"type": "result", "data": {"idx": 70, "options": ["100", "999", "625", "500"], "probs": [[0.2254390384711037, 0.2676484544657973, 0.28499003817286234, 0.22192246879023664], [0.18768582397226974, 0.2564841095928317, 0.2264150875692858, 0.3294149787656128], [0.23420512673896962, 0.2199617922086099, 0.3922571539486588, 0.15357592700376166], [0.2367840216869568, 0.3391137274364446, 0.23680378062758115, 0.18729847014901746]], "ideal": "C", "sampled": "A", "correct": false}}
{"type": "result", "data": {"idx": 71, "options": ["\\frac{7}{15}", "\\frac{15}{7}", "\\frac{15}{8}", "\\frac{15}{11}"], "probs": [[0.325503478181698, 0.2827225411466921, 0.17153224858512525, 0.2202417319864846], [0.25066699462611636, 0.21102985819776496, 0.27966319615303264, 0.25863995092308595], [0.29289135770389135, 0.24274807037590468, 0.1804552104956537, 0.2839053613245503], [0.3248093224680258, 0.17653203534900225, 0.3248208261648091, 0.17383781591816286]], "ideal": "B", "sampled": "B", "correct": true}}
{"type": "result", "data": {"idx": 72, "options": ["29", "14", "27", "11"], "probs": [[0.23679168519990024, 0.30876171585810086, 0.2641846239302618, 0.19026197491173705], [0.2087119935436154, 0.35496469799657426, 0.24025386211475463, 0.1960694462450557], [0.23347083526092072, 0.290488443033005, 0.29981174168533853, 0.17622897992073577], [0.22034329502082758, 0.3255735981969343, 0.27424678612360875, 0.17983632055862933]], "ideal": "A", "sampled": "A", "correct": true}}
{"type": "result", "data": {"idx": 73, "options": ["-5", "13", "64", "25"], "probs": [[0.18168252704710885, 0.29950353500232196, 0.3728320300206239, 0.14598190782994527], [0.24880908619610173, 0.2953971768040583, 0.34010342966549995, 0.11569030723434001], [0.2780309873834726, 0.39202528603887377, 0.1739950749998877, 0.15594865147776596], [0.2802939331163632, 0.20502270145086515, 0.35991092440132544, 0.1547724409314462]], "ideal": "C", "sampled": "D", "correct": false}}
{"type": "result", "data": {"idx": 74, "options": ["2", "1", "9", "16"], "probs": [[0.20400276778088453, 0.2831765711024349, 0.2922410666650355, 0.22057959435164504], [0.21320880728072536, 0.24155588395301225, 0.3570830438425516, 0.18815226482371078], [0.17075831931972119, 0.36145987564495813, 0.2860013501655955, 0.18178045476972515], [0.3161876640683575, 0.26207549548846076, 0.27471010122130446, 0.14702673912187722]], "ideal": "B", "sampled": "D", "correct": false}}
{"type": "result", "data": {"idx": 75, "options": ["10240", "5001", "5002", "8192"], "probs": [[0.32195371865917927, 0.2429709619483413, 0.17232430236291668, 0.26275101692956276], [0.16348044085416227, 0.15354935365722835, 0.47306667343813114, 0.20990353195047823], [0.1786289975889959, 0.2723377739859149, 0.3086628385575772, 0.24037038976751196], [0.2579737382265366, 0.31601859077686695, 0.2620418745625796, 0.16396579633401687]], "ideal": "D", "sampled": "D", "correct": true}}
{"type": "result", "data": {"idx": 76, "options": ["If f(x) is continuous at x = c, then f\u2032(c) exists.", "If f\u2032(c) = 0, then f has a local maximum or minimum at (c, f (c)).", "If f\u2032\u2032(c) = 0, then the graph of f has an inflection point at (c, f (c)).", "If f is differentiable at x = c, then f is continuous at x = c."], "probs": [[0.19238298556123626, 0.26298322487277837, 0.2322073211375928, 0.31242646832839255], [0.2251322384678859, 0.25911941735657545, 0.2397968733101171, 0.27595147076542154], [0.21171599624423978, 0.22535434363018977, 0.2595449089744422, 0.3033847510511282], [0.19087910081387804, 0.2489736601767219, 0.2822891985405563, 0.27785804036884376]], "ideal": "D", "sampled": "B", "correct": false}}
{"type": "result", "data": {"idx": 77, "options": ["5", "22", "11", "6"], "probs": [[0.24136341026857505, 0.1509999416170542, 0.39794678693248425, 0.20968986108188647], [0.18775003587067066, 0.32946925370172353, 0.3144722486875223, 0.16830846164008345], [0.28738290710964454, 0.26572588677414616, 0.33079237481905, 0.1160988311971593], [0.28101505570216434, 0.3496586821776246, 0.14353347671682137, 0.22579278530338964]], "ideal": "A", "sampled": "C", "correct": false}}
{"type": "result", "data": {"idx": 78, "options": ["Wednesday", "Thursday", "Friday", "Saturday"], "probs": [[0.24447299537598147, 0.3238312005672873, 0.20911487934882422, 0.22258092460790702], [0.2225162800549036, 0.27687546195486873, 0.15056070459528118, 0.3500475532949465], [0.1706530851344333, 0.22253040803414964, 0.3341350158199328, 0.2726814909114842], [0.18845450228599922, 0.28285823533946985, 0.2829128629988431, 0.24577439927568784]], "ideal": "C", "sampled": "A", "correct": false}}
{"type": "result", "data": {"idx": 79, "options": ["January 10th", "January 21st", "January 31st", "February 10th"], "probs": [[0.1940067617105181, 0.2610280889318056, 0.2958510307925439, 0.24911411846513243], [0.19506005032079032, 0.20121938587856905, 0.2504788115512831, 0.3532417521493575], [0.18032281098946742, 0.22437582907817125, 0.31159734722836174, 0.2837040126039996], [0.18146007980886344, 0.2991379752584479, 0.2900049642927773, 0.22939698053991142]], "ideal": "B", "sampled": "A", "correct": false}}
{"type": "result", "data": {"idx": 80, "options": ["75", "76", "22", "23"], "probs": [[0.19605857453420722, 0.3035819945280957, 0.313300710092405, 0.18705872074529212], [0.23647338421314917, 0.2896552003373527, 0.2897312558697451, 0.18414015947975299], [0.18210178883194514, 0.3245517361517803, 0.31960312005070296, 0.1737433548655716], [0.19179911623766632, 0.2746665734572734, 0.31622537496168124, 0.21730893524337902]], "ideal": "B", "sampled": "B", "correct": true}}
