{"type": "result", "data": {"idx": 0, "options": ["Offerings", "Prayers", "Apparitions", "Idols"], "probs": [[0.044108139168189495, 0.008418574318529675, 0.03329982735376561, 0.9141734590595152], [0.006265247661935088, 0.010013018663811702, 0.9447395138563709, 0.038982219717882266], [0.062438685091830405, 0.8620976160604947, 0.029054084627475434, 0.046409614120199456], [0.8964642749677466, 0.018033884734257113, 0.011923570663680499, 0.07357826953431575]], "ideal": "D", "sampled": "D", "correct": true}}
{"type": "result", "data": {"idx": 1, "options": ["Daoism", "Yin-Yang School", "Mengzi", "Humanistic Buddhism"], "probs": [[0.5398661252376236, 0.19246580334471128, 0.03911471191634789, 0.22855335940131732], [0.05532734563836243, 0.01727281866760011, 0.020513304893971407, 0.9068865307000661], [0.02386034989326486, 0.027247964927094834, 0.551620892355997, 0.3972707927236433], [0.10230677861561023, 0.5444647425853004, 0.19723012159743974, 0.15599835710164967]], "ideal": "B", "sampled": "A", "correct": false}}
{"type": "result", "data": {"idx": 2, "options": ["325 CE", "119 CE", "451 CE", "596 CE"], "probs": [[0.03555086481566048, 0.16438476066051036, 0.10781474713662137, 0.6922496272872077], [0.08026294768229436, 0.13027322873391864, 0.5572006354907542, 0.2322631879930328], [0.0961905746420566, 0.5365296761610919, 0.12161624792838607, 0.24566350116846536], [0.5085641438116209, 0.1479853601316429, 0.1757596626249231, 0.16769083333181312]], "ideal": "D", "sampled": "D", "correct": true}}
{"type": "result", "data": {"idx": 3, "options": ["Akitu", "Wag and Thoth", "Bast", "Nehebkau"], "probs": [[0.9844538478975837, 0.0072835990243002545, 0.004629894863166437, 0.0036326581149495273], [0.0012586775629900258, 0.002406229251347722, 0.0027260875639978453, 0.9936090055216644], [0.00498215166066164, 0.004464763309785886, 0.9792454446925566, 0.011307640236995887], [0.0035305553749754265, 0.9863187533199548, 0.004193467241824341, 0.005957223963245504]], "ideal": "A", "sampled": "A", "correct": true}}
{"type": "result", "data": {"idx": 4, "options": ["Zazen", "Tariki", "Kami", "Ikebana"], "probs": [[0.00029006229163717025, 0.0013624291582292076, 0.0034775562066045687, 0.994869952243529], [0.0016075279041532309, 0.0034574106494999484, 0.9886782088100307, 0.006256852536316141], [0.002219805413365643, 0.9914167011254739, 0.003083032534497428, 0.003280460826663067], [0.9962335463356753, 0.0016844489542413744, 0.0009158035024443457, 0.001166201107639012]], "ideal": "D", "sampled": "D", "correct": true}}
{"type": "result", "data": {"idx": 5, "options": ["Harmony and balance", "Devotion and piety", "Love and passion", "Goodwill and love"], "probs": [[0.25059717611030324, 0.5142432989309206, 0.039979870911639875, 0.19517965394713627], [0.391058514739991, 0.059037362827646614, 0.1708771928830199, 0.37902692944934246], [0.04686737060078201, 0.08355057238696965, 0.4178094565450568, 0.4517726003671915], [0.3995607852470782, 0.1718295540016357, 0.20094552933569262, 0.22766413131559346]], "ideal": "A", "sampled": "B", "correct": false}}
{"type": "result", "data": {"idx": 6, "options": ["Shabad", "Khalse", "Nam", "Guru"], "probs": [[0.9612047438560688, 0.012681579840292456, 0.008513959848995193, 0.017599716354643573], [0.034810546687844654, 0.0686913725790177, 0.12245563203644214, 0.7740424485966955], [0.11265742431537376, 0.10098751400267249, 0.6483358112196076, 0.1380192503623462], [0.13062288206388725, 0.7400822831716745, 0.04882149152621589, 0.08047334313822244]], "ideal": "A", "sampled": "A", "correct": true}}
{"type": "result", "data": {"idx": 7, "options": ["Muhammad's miraculous ascent to heaven", "Muhammad's migration to Mecca", "Muhammad's first community in Mecca", "Muhammad's revelations of the Qur'an"], "probs": [[0.9459019945293434, 0.013815171273932178, 0.011724862711978052, 0.02855797138474633], [0.0011729489920691818, 0.001995175437291028, 0.0029031720275447606, 0.993928703443095], [0.0016991104328524028, 0.002694301861985778, 0.9740892374863261, 0.021517350118835633], [0.003414362582888133, 0.9468632747333103, 0.02583552449207654, 0.023886838091724955]], "ideal": "A", "sampled": "A", "correct": true}}
{"type": "result", "data": {"idx": 8, "options": ["Laws of Dharma", "Laws of Karma", "Laws of Vishnu", "Laws of Manu"], "probs": [[0.00305619609553397, 0.003079977183342567, 0.0032534006131006246, 0.9906104260080228], [0.004715944751966816, 0.005557146437515521, 0.9493112447471481, 0.040415663963369514], [0.00468485239208531, 0.972944012066434, 0.010315605342142578, 0.01205553009933815], [0.9886794809475709, 0.005228673323494445, 0.00282104998372335, 0.00327079564521138]], "ideal": "D", "sampled": "D", "correct": true}}
{"type": "result", "data": {"idx": 9, "options": ["The Holy Book", "The Narrative", "The Recitation", "The Pillars"], "probs": [[0.022953573056256844, 0.021393522100030735, 0.938729799811011, 0.016923104932701372], [0.019561602857403975, 0.8582072124666246, 0.019725852778164125, 0.10250533179780731], [0.5292518892132048, 0.0257364072099343, 0.41222823890581817, 0.032783464571042704], [0.004449281298751532, 0.027899305784019807, 0.014252963228886742, 0.953398449588342]], "ideal": "C", "sampled": "C", "correct": true}}
{"type": "result", "data": {"idx": 10, "options": ["Mother of Light", "Father of Goodness", "Ineffable Lover", "Eternal Spirit"], "probs": [[0.34670283989887707, 0.15144602591117906, 0.20065805318867672, 0.3011930809012671], [0.38397674485077576, 0.187122770549544, 0.13907601559601313, 0.28982446890366714], [0.2650359351678676, 0.090167107876079, 0.1939204988858047, 0.45087645797024867], [0.2641187804761742, 0.1576991347586717, 0.20570825080813124, 0.3724738338570228]], "ideal": "B", "sampled": "B", "correct": true}}
{"type": "result", "data": {"idx": 11, "options": ["Bushido", "Shinto", "Nichiren", "Soto Zen"], "probs": [[0.11794040438799139, 0.05929741306976629, 0.5989760800520835, 0.2237861023901589], [0.22101035678899175, 0.16942516290056153, 0.5823349550782568, 0.02722952513218987], [0.7264816381400664, 0.20484884502968675, 0.025056640239560706, 0.043612876490686105], [0.7167831009149283, 0.0362397243326446, 0.04801840671403036, 0.19895876793839673]], "ideal": "D", "sampled": "D", "correct": true}}
{"type": "result", "data": {"idx": 12, "options": ["Sangat", "Langar", "Gurdwara", "Panth"], "probs": [[0.011139973171801466, 0.9347134506059633, 0.029815983938422917, 0.02433059218381228], [0.9826712420918935, 0.005532361125935885, 0.006518939921567842, 0.005277456760602802], [0.08766430740067713, 0.03769657866192272, 0.08106835356922865, 0.7935707602681715], [0.00783225483436302, 0.017373598268914422, 0.8503732268598714, 0.1244209199368512]], "ideal": "B", "sampled": "B", "correct": true}}
{"type": "result", "data": {"idx": 13, "options": ["Buddhism", "Daoism", "Confucianism", "Shamanism"], "probs": [[0.029388004527811356, 0.734555413608767, 0.038340959194218496, 0.19771562256920314], [0.6969207031272308, 0.046676803797065305, 0.05048146858623995, 0.20592102438946397], [0.01178987578262289, 0.03229645197625626, 0.09643026978871755, 0.8594834023524033], [0.060809693544874234, 0.04378936017847232, 0.77636610586219, 0.11903484031446339]], "ideal": "B", "sampled": "B", "correct": true}}
{"type": "result", "data": {"idx": 14, "options": ["Worship", "Submission", "Obedience", "Faith"], "probs": [[0.003594217474766815, 0.9732306324366364, 0.0073195670350070085, 0.015855582953589704], [0.9944413463254437, 0.0017348900590316565, 0.002244952305223031, 0.0015788112103016503], [0.0026812906256857257, 0.005373489366598867, 0.007287732505363151, 0.9846574874023523], [0.0030931905857457783, 0.004980667555719744, 0.9792107187957292, 0.012715422962805306]], "ideal": "B", "sampled": "B", "correct": true}}
{"type": "result", "data": {"idx": 15, "options": ["Suffering", "Soul", "Impermanence", "No-self"], "probs": [[0.00040159656369467183, 0.0018565806084866444, 0.005542697729610622, 0.9921991249982081], [0.0015845803834600722, 0.004729778919291908, 0.9746868502747019, 0.018998790322546134], [0.0017303632599430727, 0.9766897048805889, 0.007757502668301477, 0.013822429091166518], [0.9634737949535253, 0.005684203922768361, 0.004359417120751996, 0.02648258390295439]], "ideal": "D", "sampled": "D", "correct": true}}
{"type": "result", "data": {"idx": 16, "options": ["Spiritual narratives", "Redemption narratives", "Birth narratives", "Theological narratives"], "probs": [[0.07864367174110207, 0.01897274872227264, 0.8725403134433383, 0.029843265993286985], [0.013317623186751879, 0.956082225640699, 0.011668326342865312, 0.01893182472968384], [0.9614686363876733, 0.015784845724799608, 0.009353525579281487, 0.013392992208245606], [0.014546968684728117, 0.009175286789647304, 0.01056199990984604, 0.9657157445157786]], "ideal": "C", "sampled": "C", "correct": true}}
{"type": "result", "data": {"idx": 17, "options": ["Vajrayana", "Theravada", "Mahayana", "Mahavira"], "probs": [[0.008751012253616165, 0.012633011486861256, 0.9727422449101477, 0.005873731249374908], [0.005203885600463173, 0.983893951430888, 0.003389278963110275, 0.007512883905538542], [0.9711083679253204, 0.012035238251724345, 0.007188365237579316, 0.00966802848537592], [0.0019140821569058606, 0.006892850798933368, 0.007452407149013197, 0.9837406597951476]], "ideal": "C", "sampled": "C", "correct": true}}
{"type": "result", "data": {"idx": 18, "options": ["Svetambara", "Jina", "Agama", "Digambara"], "probs": [[0.3601730817221999, 0.17825864519271808, 0.18110937148174594, 0.280458901503336], [0.07310687804315727, 0.10972723445485905, 0.31756401295439707, 0.49960187444758664], [0.11116438068383985, 0.1776142192966812, 0.6498390105768485, 0.06138238934263051], [0.3283749107897614, 0.576196881486051, 0.06367498991420711, 0.03175321770998052]], "ideal": "D", "sampled": "A", "correct": false}}
{"type": "result", "data": {"idx": 19, "options": ["The Shema", "The Sefirot", "Deuteronomy", "The Decalogue"], "probs": [[0.9926170042465893, 0.0028990270026806107, 0.0021549843672183174, 0.002328984283511811], [0.0024222331288332706, 0.004250268946793534, 0.02389179931639054, 0.9694356985079826], [0.0050785766297925024, 0.006674882041934675, 0.9830887849554877, 0.005157756272785122], [0.005109865620495391, 0.9891102786996252, 0.002913269410921606, 0.0028665861689578143]], "ideal": "A", "sampled": "A", "correct": true}}
{"type": "result", "data": {"idx": 20, "options": ["Brahminic orthodoxy", "Legalistic asceticism", "Bhakti devotionals", "Unorthodox practices"], "probs": [[0.7967250079217851, 0.11122839523836478, 0.03612592322340959, 0.0559206735164405], [0.1780589371741573, 0.0790022164504204, 0.42054772372808685, 0.3223911225473355], [0.08991650013967724, 0.21906929368776737, 0.5256487287248655, 0.16536547734768994], [0.21771869740250963, 0.5917837994779513, 0.12410029305393167, 0.06639720996560738]], "ideal": "A", "sampled": "A", "correct": true}}
{"type": "result", "data": {"idx": 21, "options": ["The Battle of Uhud", "The Battle of Camel", "The Battle of the Trench", "The Battle of Badr"], "probs": [[0.24345457227667186, 0.3077394732719277, 0.18964062706417156, 0.2591653272872289], [0.34693897800966633, 0.19459829312400012, 0.3636242855311681, 0.09483844323516542], [0.17002804638990718, 0.704727771452853, 0.07089925583077993, 0.05434492622645987], [0.8924384645788627, 0.059787768419159754, 0.02082814074227444, 0.026945626159703105]], "ideal": "C", "sampled": "D", "correct": false}}
{"type": "result", "data": {"idx": 22, "options": ["Remembering the Divine Name", "Meditating on the sacred hymns", "Remembering that death is inevitable", "Meditating on the goodness of the created world"], "probs": [[0.5403876505396165, 0.1224632904728709, 0.10476511361017402, 0.23238394527733863], [0.06291554380350599, 0.05381486784860106, 0.04126751964105274, 0.8420020686068402], [0.021140070984374155, 0.02339967751752741, 0.7452719335769041, 0.21018831782119435], [0.032380695538468354, 0.7785842810906844, 0.06391575765190263, 0.12511926561894451]], "ideal": "A", "sampled": "A", "correct": true}}
{"type": "result", "data": {"idx": 23, "options": ["Confucianism", "Buddhism", "Christianity", "Daoism"], "probs": [[0.23830418641425602, 0.18270571800290944, 0.5206017571256766, 0.058388338357158016], [0.25518865721594924, 0.4078520450703071, 0.08961866517460208, 0.24734063243914156], [0.19157121716812797, 0.05488519640304411, 0.6089719419881453, 0.14457164434068265], [0.08687900848719363, 0.2676148214955622, 0.5407170845983309, 0.10478908531891325]], "ideal": "A", "sampled": "A", "correct": true}}
{"type": "result", "data": {"idx": 24, "options": ["Disciple", "Faithful", "Devotee", "Enlightened"], "probs": [[0.6978508647393851, 0.05909857371719021, 0.1557234782939981, 0.08732708314942661], [0.28117456610409175, 0.17593368623980346, 0.07931576550233298, 0.4635759820537718], [0.44732474590408733, 0.0429234692995677, 0.2588855709789993, 0.25086621371734574], [0.20204143224126284, 0.2634880244468415, 0.13887472449344437, 0.3955958187184513]], "ideal": "A", "sampled": "A", "correct": true}}
{"type": "result", "data": {"idx": 25, "options": ["The sages of the Zhuangzi", "The Songs of the South", "The Duke of Zhou", "The Confucian \"sage kings\""], "probs": [[0.48090093720358673, 0.13352552550250735, 0.19129212263607454, 0.19428141455783138], [0.258240151756205, 0.17201469067933495, 0.3115121582653076, 0.25823299919915244], [0.2802931111814394, 0.30305472464890715, 0.20507908170972494, 0.21157308235992847], [0.425560348802563, 0.16926082714800958, 0.22779245332895007, 0.17738637062047735]], "ideal": "A", "sampled": "D", "correct": false}}
{"type": "result", "data": {"idx": 26, "options": ["Anointed one", "God", "Prophet", "The line of David"], "probs": [[0.9857763353263124, 0.004530263463542923, 0.004357595332049817, 0.005335805778094835], [0.004024251127665193, 0.003441378903030364, 0.015788708781230367, 0.976745661088074], [0.019033757382856935, 0.007933000789358442, 0.9610330166134241, 0.012000225114360505], [0.09057683766701556, 0.8590978043143496, 0.02964254742989193, 0.020682810488742903]], "ideal": "A", "sampled": "A", "correct": true}}
{"type": "result", "data": {"idx": 27, "options": ["Soul", "Sound", "Non-matter", "Non-soul"], "probs": [[0.0127592022819484, 0.015633233762589748, 0.6294349628787836, 0.3421726009766782], [0.0743186948492824, 0.10000384970513745, 0.3774578413532902, 0.44821961399228993], [0.7467789080989834, 0.1614984130753697, 0.05942510835017982, 0.03229757037546705], [0.10303285748506207, 0.040346218145492205, 0.020451621049230567, 0.8361693032202152]], "ideal": "D", "sampled": "C", "correct": false}}
{"type": "result", "data": {"idx": 28, "options": ["A collection of statues", "Veneration of ancestors", "Seated meditation", "Funeral rituals"], "probs": [[0.0015476471424285536, 0.0018675630517992405, 0.9900701884554898, 0.006514601250282392], [0.001718378198385767, 0.9932719690090749, 0.0026422935194627666, 0.002367359173076625], [0.9929774089029373, 0.002224436692039146, 0.002259164084101107, 0.0025389902209224636], [0.0004297959396807478, 0.0007256366590233835, 0.0010152982563754933, 0.9978292690449203]], "ideal": "C", "sampled": "C", "correct": true}}
{"type": "result", "data": {"idx": 29, "options": ["Asceticism", "Bodily pleasure", "Music", "Sexual union"], "probs": [[0.006521240485528522, 0.7081642396666638, 0.024809422607009027, 0.26050509714079867], [0.24533535931032158, 0.07718708765388643, 0.48037786119643827, 0.1970996917393537], [0.013048550185645207, 0.8074058934652627, 0.04774484437084058, 0.13180071187825154], [0.859381474410224, 0.04345439633225186, 0.06225309730528751, 0.03491103185223654]], "ideal": "D", "sampled": "D", "correct": true}}
{"type": "result", "data": {"idx": 30, "options": ["Loving and forgiving", "Wrathful and merciful", "Judging and vengeful", "Transcendent and immanent"], "probs": [[0.07143475114584877, 0.13767902551704722, 0.5708190202142194, 0.22006720302288463], [0.42623976503877814, 0.22108152835961992, 0.17222038166321263, 0.1804583248383893], [0.24873514849134268, 0.3294900508123439, 0.1485498331986904, 0.273224967397623], [0.022597076063749645, 0.020898751490063615, 0.29077978943146965, 0.665724382914717]], "ideal": "B", "sampled": "C", "correct": false}}
{"type": "result", "data": {"idx": 31, "options": ["Palestine and Babylonia", "Babylonia and Europe", "Palestine and Spain", "Spain and France"], "probs": [[0.0890121466503847, 0.08228858620810604, 0.7451064045362603, 0.08359286250524892], [0.019324222829625193, 0.8746876829785376, 0.020734697848613745, 0.08525339624322349], [0.06597480873122583, 0.09156173398501682, 0.6766473599841508, 0.16581609719960658], [0.02154160693049584, 0.808318138927587, 0.040242892556575434, 0.12989736148534173]], "ideal": "A", "sampled": "C", "correct": false}}
{"type": "result", "data": {"idx": 32, "options": ["Buddhism", "Hinduism", "Judaism", "Islam"], "probs": [[0.9029576433745911, 0.05595641738985129, 0.019184385029107, 0.021901554106450605], [0.40617037723257843, 0.04702136025155314, 0.04927078744136588, 0.49753747497450257], [0.08388729048888374, 0.055898366062408174, 0.8085405494434754, 0.0516737939052327], [0.17590307597872037, 0.6434706829171286, 0.13917466530089107, 0.041451575703259975]], "ideal": "A", "sampled": "A", "correct": true}}
{"type": "result", "data": {"idx": 33, "options": ["Kali yuga", "Maha yuga", "Krita yuga", "Satya yuga"], "probs": [[0.9066641245372653, 0.029602639098460833, 0.02067090365204163, 0.043062332612232204], [0.02340902412796271, 0.04442043295886214, 0.05358550327729346, 0.8785850395358817], [0.0477451259909202, 0.06424444503224523, 0.7239472050809397, 0.16406322379589489], [0.04112508178184263, 0.8068927585785302, 0.054083593587262155, 0.09789856595236505]], "ideal": "A", "sampled": "A", "correct": true}}
{"type": "result", "data": {"idx": 34, "options": ["Hymns", "Laws", "Ethics", "Myths"], "probs": [[0.9874269431948859, 0.006202328991425144, 0.002429571717375444, 0.003941155996313507], [0.0007938198664346213, 0.0019043878598563025, 0.003067223241873966, 0.9942345689318351], [0.009175193332774702, 0.010156013822132017, 0.9656620449840407, 0.015006747761052526], [0.011335933917329209, 0.9813592514890893, 0.0031017615228824923, 0.004203052970699008]], "ideal": "A", "sampled": "A", "correct": true}}
{"type": "result", "data": {"idx": 35, "options": ["Pure Land", "Tendai", "Shingon", "Soto Zen"], "probs": [[0.9935927534645429, 0.0027697247387650907, 0.00191850497365989, 0.0017190167230321637], [0.0002931066392955366, 0.0010391842096695218, 0.0010805806850130053, 0.9975871283660219], [0.0013786622254636437, 0.0023092563376413996, 0.9914253994634441, 0.004886681873450884], [0.0014299264686075753, 0.9889359551792708, 0.005747078843746742, 0.0038870394083748284]], "ideal": "A", "sampled": "A", "correct": true}}
{"type": "result", "data": {"idx": 36, "options": ["Sita", "Rama", "Kali", "Durga"], "probs": [[0.8373699464793523, 0.030503989582109724, 0.01879971856581967, 0.11332634527271832], [0.0032716050340661365, 0.003916187852208055, 0.004234379811953351, 0.9885778272017725], [0.058755097359853736, 0.03145050500780419, 0.8501149066758004, 0.05967949085654166], [0.07022197413073898, 0.868993266044955, 0.020767293481551354, 0.04001746624275467]], "ideal": "A", "sampled": "A", "correct": true}}
{"type": "result", "data": {"idx": 37, "options": ["Rumi", "Rabi'a", "Fatimah", "Khadija"], "probs": [[0.007127719963782715, 0.9860378548729366, 0.004064694996817999, 0.0027697300664626555], [0.9705146747254343, 0.018339641026532554, 0.0035020332382315663, 0.0076436509098016065], [0.002426663916867639, 0.005468819434106272, 0.005384381063470141, 0.9867201354855559], [0.00536965022947764, 0.008716472472402184, 0.9765633994289885, 0.009350477769131648]], "ideal": "B", "sampled": "B", "correct": true}}
{"type": "result", "data": {"idx": 38, "options": ["Andal", "Devi", "Ganga", "Kali"], "probs": [[0.9916380590537697, 0.004281275674328587, 0.002136479015979729, 0.00194418615592197], [0.0009820152284239268, 0.0013636474970388172, 0.0014861916283318791, 0.9961681455462054], [0.003167051034281692, 0.004164512298600083, 0.9799432727345568, 0.012725163832561417], [0.002609459389451264, 0.989208675141975, 0.005033497580906462, 0.003148367787667319]], "ideal": "A", "sampled": "A", "correct": true}}
{"type": "result", "data": {"idx": 39, "options": ["Paul of Tarsus", "Clare of Assisi", "Francis of Assisi", "John of the Cross"], "probs": [[0.15146048952850114, 0.3156378974814743, 0.4452406796224314, 0.08766093326759315], [0.22390622971377677, 0.71150200226676, 0.028039287250678575, 0.03655248066878467], [0.9670937570824925, 0.015390165012461064, 0.006519624439406701, 0.010996453365639744], [0.005100652517978559, 0.01302581638311182, 0.024723678548504758, 0.9571498524504048]], "ideal": "C", "sampled": "C", "correct": true}}
{"type": "result", "data": {"idx": 40, "options": ["Epistemology", "Morality", "Religion", "Aesthetics"], "probs": [[0.05197523021067516, 0.8134003644398221, 0.06574604208464789, 0.06887836316485486], [0.9383156919103705, 0.03063613378617537, 0.01359891329339023, 0.01744926091006391], [0.07022643467390831, 0.08082759703041592, 0.10544648960574936, 0.7434994785899264], [0.023252559086900527, 0.03009123500577472, 0.852514248564097, 0.09414195724322774]], "ideal": "B", "sampled": "B", "correct": true}}
{"type": "result", "data": {"idx": 41, "options": ["Greek Orthodox", "Roman Catholic", "Puritans", "Quakers"], "probs": [[0.013313233527279408, 0.010048553805146535, 0.21486906195572825, 0.7617691506118458], [0.15029054906633102, 0.08298096820437528, 0.7397854937241758, 0.026942988905117843], [0.21126615197549647, 0.7607145556652251, 0.008521949217983694, 0.019497343041294714], [0.8835781113429118, 0.008395847401441397, 0.0177755663773281, 0.0902504747783187]], "ideal": "D", "sampled": "D", "correct": true}}
{"type": "result", "data": {"idx": 42, "options": ["Peter", "Paul", "Jesus", "Matthew"], "probs": [[0.9885293108532672, 0.007258860759579008, 0.0024332869461250912, 0.0017785413410286845], [0.0036575862481533633, 0.010582538793585873, 0.0028272307182012125, 0.9829326441400595], [0.007195753614293802, 0.014196490128689747, 0.9572965663554326, 0.02131118980158387], [0.00770362083564543, 0.9778800473695064, 0.00467642250628187, 0.009739909188566265]], "ideal": "A", "sampled": "A", "correct": true}}
{"type": "result", "data": {"idx": 43, "options": ["1935", "2000", "1965", "1975"], "probs": [[0.49322202796772185, 0.09710250793916518, 0.36085072156158643, 0.04882474243152652], [0.02989611977354311, 0.6292900477612119, 0.1164203888606483, 0.2243934435045967], [0.1681362649477969, 0.1530524172049724, 0.6150098351135698, 0.06380148263366096], [0.053931198389131726, 0.8176923833027157, 0.04614079582522987, 0.08223562238292272]], "ideal": "A", "sampled": "A", "correct": true}}
{"type": "result", "data": {"idx": 44, "options": ["Householders who supported renouncers", "Orthodox interpreters of the scriptures", "Women ascetics who lived in communities", "Temple-dwelling renouncers"], "probs": [[0.5416396098298714, 0.08568538469156929, 0.1504240587076903, 0.2222509466708691], [0.15974687990420278, 0.36000107880813464, 0.13667684116646858, 0.343575200021194], [0.20621151959094727, 0.08730638546704707, 0.5433599080114544, 0.1631221868305512], [0.5347898105516784, 0.20940941960150677, 0.05908176039838358, 0.19671900934843126]], "ideal": "D", "sampled": "A", "correct": false}}
{"type": "result", "data": {"idx": 45, "options": ["Thoughtfulness", "Non-action", "Spontaneity", "Meditation"], "probs": [[0.02930739329302786, 0.04468818655668009, 0.8978199317676134, 0.028184488282678593], [0.038478602615961296, 0.9323809363035576, 0.011382826867837878, 0.01775763411264321], [0.9661219681416512, 0.00803898414743443, 0.005791478661210799, 0.020047568949703564], [0.006208633089209176, 0.009105496815714324, 0.24998245094594823, 0.7347034190491283]], "ideal": "C", "sampled": "C", "correct": true}}
{"type": "result", "data": {"idx": 46, "options": ["hand gestures", "saints", "religious clothing", "temples"], "probs": [[0.9896513586723857, 0.00414139047557511, 0.002802143209039959, 0.0034051075429992073], [0.0006852249419867946, 0.0012705742616569062, 0.0024108830282472938, 0.995633317668109], [0.0014981045795178338, 0.004041617066425747, 0.9813158612520536, 0.013144417002002763], [0.0028791244698850135, 0.986089503031264, 0.00577538806971951, 0.005255984329131472]], "ideal": "A", "sampled": "A", "correct": true}}
{"type": "result", "data": {"idx": 47, "options": ["Julius Caesar", "Alexander the Great", "Cyrus of Persia", "Antiochus IV Epiphanes"], "probs": [[0.0004819390932970533, 0.0014165993603811094, 0.002929427865326912, 0.9951720335809949], [0.0022070052575228452, 0.006640940020814057, 0.9703762516336606, 0.020775802988002554], [0.0013934112661043202, 0.9866732882873792, 0.00517994332625351, 0.006753357020262986], [0.9844021399681532, 0.00745846440700867, 0.002809827801001486, 0.005329567723836692]], "ideal": "D", "sampled": "D", "correct": true}}
{"type": "result", "data": {"idx": 48, "options": ["30", "40", "33", "52"], "probs": [[0.21875371874905425, 0.20226071170153062, 0.408662694393577, 0.17032287505583812], [0.1960763665196104, 0.42156890497945665, 0.17036806519902375, 0.2119866632019092], [0.2474415784410736, 0.2674717506105271, 0.31770634034871476, 0.16738033049968454], [0.17541976977234286, 0.4142171852971417, 0.21161270683619038, 0.1987503379943251]], "ideal": "A", "sampled": "C", "correct": false}}
{"type": "result", "data": {"idx": 49, "options": ["Serpent", "Eagle", "Cheetah", "Cow"], "probs": [[0.01721244751781272, 0.040333268393148165, 0.06650328947010357, 0.8759509945189355], [0.04947339049190261, 0.05921126663785313, 0.7679122151485364, 0.12340312762170791], [0.0783180370848539, 0.74310553066452, 0.07957063614526406, 0.09900579600536202], [0.9271458188100096, 0.03172529589186078, 0.02032711182508907, 0.02080177337304063]], "ideal": "D", "sampled": "D", "correct": true}}
{"type": "result", "data": {"idx": 50, "options": ["Community", "Scripture", "Worship", "Apprenticeship"], "probs": [[0.029021242657587966, 0.007630526094521586, 0.017196318148961175, 0.9461519129989293], [0.02750563980229823, 0.017620774566836254, 0.910925679700437, 0.043947905830428444], [0.10735110247187453, 0.43806547205727625, 0.22730605505414084, 0.22727737031670836], [0.36730218173599494, 0.23343798266714083, 0.2485384308642139, 0.15072140463265035]], "ideal": "A", "sampled": "D", "correct": false}}
{"type": "result", "data": {"idx": 51, "options": ["Construction of the Second Temple", "Destruction of the Second Temple", "The Christianization of the Roman Empire", "The emergence of Islam"], "probs": [[0.004422937193990734, 0.9404042862421704, 0.016960833834738443, 0.03821194262910034], [0.9650268889131036, 0.010721331171626413, 0.008286420962590765, 0.015965358852679214], [0.00047821867428276757, 0.004982937591650806, 0.007137802628920533, 0.9874010410051459], [0.0029456016802825984, 0.02044678646926617, 0.8694798866558926, 0.1071277250945586]], "ideal": "B", "sampled": "B", "correct": true}}
{"type": "result", "data": {"idx": 52, "options": ["Genshin", "Dogen", "Honen", "Shinran"], "probs": [[0.04619477003977322, 0.05484505068691612, 0.871594440293252, 0.027365738880058724], [0.0671385236793268, 0.3572445754834601, 0.5534763385281702, 0.022140562209042796], [0.2111510516663498, 0.7485274187252542, 0.022439373989236143, 0.01788215551915989], [0.8099050204241893, 0.06147828457067801, 0.02882422580037968, 0.09979246910475302]], "ideal": "C", "sampled": "D", "correct": false}}
{"type": "result", "data": {"idx": 53, "options": ["Pakistan", "Iraq", "Indonesia", "Turkey"], "probs": [[0.23507180063269859, 0.028968238282920288, 0.7015726343460378, 0.03438732663834335], [0.007473196694379335, 0.8638652401323788, 0.04040544404420314, 0.08825611902903877], [0.2834281103327925, 0.0652600699208182, 0.6190126649443713, 0.03229915470201793], [0.020165483397847957, 0.8847566625138805, 0.02130401970604193, 0.07377383428222963]], "ideal": "C", "sampled": "C", "correct": true}}
{"type": "result", "data": {"idx": 54, "options": ["Gregory", "Augustine", "Athanasius", "Francis"], "probs": [[0.8455442632744583, 0.034899958039677804, 0.05281081699333836, 0.06674496159252546], [0.0014994231803667339, 0.006879582491083539, 0.024967480462421143, 0.9666535137661286], [0.005393262317053396, 0.02870190114744969, 0.9284696492180374, 0.037435187217459524], [0.007814201561950115, 0.9613785191473229, 0.011464487813498311, 0.019342791377228722]], "ideal": "A", "sampled": "A", "correct": true}}
{"type": "result", "data": {"idx": 55, "options": ["Enlightened being", "Worthy ones", "Saintly ones", "Sages"], "probs": [[0.8994553693957122, 0.038302560629982545, 0.024541799239291714, 0.03770027063501349], [0.5162666285634359, 0.0791580578856567, 0.06070900526902941, 0.34386630818187797], [0.7395085674145404, 0.05031972399116846, 0.11166809626680782, 0.09850361222748336], [0.5695626266378413, 0.23007983481251765, 0.07130094776262237, 0.12905659068701866]], "ideal": "A", "sampled": "A", "correct": true}}
{"type": "result", "data": {"idx": 56, "options": ["Guru Ram Das", "Guru Tegh Bahadur", "Guru Gobind Singh", "Guru Har Rai"], "probs": [[0.0040352888095919, 0.9497031777361553, 0.03250189773196618, 0.01375963562228662], [0.9580129703495018, 0.025135190429268615, 0.007607019286011909, 0.009244819835217605], [0.0013817009503424716, 0.003583859424908771, 0.009008921350511304, 0.9860255181742374], [0.0031176596802065188, 0.007717163513254095, 0.9569329285312178, 0.032232248175321526]], "ideal": "B", "sampled": "B", "correct": true}}
{"type": "result", "data": {"idx": 57, "options": ["Guru Nanak", "Guru Arjan", "Guru Hargobind", "Guru Ram Das"], "probs": [[0.004723152786274228, 0.010562688393265386, 0.9657380582369797, 0.01897610048348068], [0.0034895944526378924, 0.9676780832417072, 0.014136754978993032, 0.014695567226661795], [0.9421065799145567, 0.018517307452417083, 0.021988650208298845, 0.01738746232472741], [0.0011118946653624333, 0.006810255886878978, 0.012426335578585248, 0.9796515137691734]], "ideal": "C", "sampled": "C", "correct": true}}
{"type": "result", "data": {"idx": 58, "options": ["In the community", "In faith in God", "In ascetic renunciation", "In the life of the householder"], "probs": [[0.12848862429964325, 0.23632841243488772, 0.08560664568253705, 0.549576317482932], [0.14779183707523136, 0.07548231110659344, 0.42767517048836146, 0.34905068122981375], [0.09984598009091444, 0.5483221656275804, 0.13026589736228425, 0.22156595681922087], [0.26298216178605316, 0.11134890548776392, 0.13433255353964546, 0.49133637908653743]], "ideal": "D", "sampled": "D", "correct": true}}
{"type": "result", "data": {"idx": 59, "options": ["God is eternal and merciful to those who offer worship", "Humans can align themselves with life energy through worship of kami", "Justice will be the final outcome in the next world", "Power and force are the most divine attributes"], "probs": [[0.038193356526499495, 0.8295254172264912, 0.0990940563214126, 0.033187169825596656], [0.8796035679280456, 0.060799282264587334, 0.024961646736754432, 0.03463550297061266], [0.002804919526482876, 0.004518062670415118, 0.00941605837360682, 0.9832609593294952], [0.018575901544350442, 0.02991878674831316, 0.9021824186212776, 0.04932289298605885]], "ideal": "A", "sampled": "B", "correct": false}}
{"type": "result", "data": {"idx": 60, "options": ["Durga", "Sri Lakshmi", "Kali", "Mahavira"], "probs": [[0.08868164054450003, 0.8284303165107004, 0.05727730095164322, 0.025610741893156284], [0.9166257636624863, 0.02294755232144389, 0.018880025077959082, 0.04154665883811072], [0.028361649877670595, 0.02174700444043667, 0.6765629727851514, 0.2733283727967413], [0.022262293096787344, 0.42340301043542944, 0.41687585501718105, 0.13745884135060216]], "ideal": "B", "sampled": "B", "correct": true}}
{"type": "result", "data": {"idx": 61, "options": ["China", "Silla", "Goguryeo", "Joseon"], "probs": [[0.2656046927184385, 0.23803846961687716, 0.2307866559340246, 0.26557018163065976], [0.3520540034378676, 0.2535221983594842, 0.2382332951908524, 0.15619050291179581], [0.4144865243133182, 0.21497754590315427, 0.07203935777391304, 0.2984965719096145], [0.33594314512019435, 0.08491524624404698, 0.2918724526125552, 0.2872691559232035]], "ideal": "B", "sampled": "C", "correct": false}}
{"type": "result", "data": {"idx": 62, "options": ["Madhva", "Patanjali", "Ramanuja", "Aryabhatta"], "probs": [[0.003457091317318873, 0.9890322187225332, 0.003405097672938537, 0.0041055921872093165], [0.9955708040777198, 0.0024874675999179627, 0.000936961644358959, 0.0010047665780032965], [0.00032947404681425035, 0.000778148721268333, 0.0013444199073905233, 0.9975479572245268], [0.0023891228374343407, 0.005018617248018691, 0.9867257911372243, 0.005866468677322711]], "ideal": "B", "sampled": "B", "correct": true}}
{"type": "result", "data": {"idx": 63, "options": ["It was visited by Moses.", "It is a haram.", "It was built by Abraham.", "It is a square building."], "probs": [[0.5742980241201214, 0.156995996817148, 0.13857018946215616, 0.13013578950057436], [0.2520241103512732, 0.1504897750690625, 0.14817814306657687, 0.4493079714130874], [0.3529020389754414, 0.1258223447455255, 0.326416537442205, 0.19485907873682806], [0.14737446432199736, 0.4400234913406968, 0.1618954087836443, 0.2507066354536615]], "ideal": "A", "sampled": "A", "correct": true}}
{"type": "result", "data": {"idx": 64, "options": ["Parvati", "Ganesha", "Vishnu", "Sita"], "probs": [[0.005878300879644881, 0.9809795450259708, 0.007262987450473653, 0.0058791665439105805], [0.9911945505716809, 0.0034114912113147734, 0.002918131486818485, 0.0024758266301858414], [0.0009209358016758134, 0.0020753924675396157, 0.0027927979120239916, 0.9942108737187606], [0.006792461765285692, 0.009070324444501532, 0.9620387867023051, 0.022098426987907614]], "ideal": "B", "sampled": "B", "correct": true}}
{"type": "result", "data": {"idx": 65, "options": ["Sri Lakshmi", "Mahavira", "Rsabha", "Nanak"], "probs": [[0.05367004098429712, 0.8396495550292348, 0.05043070387107202, 0.056249700015396094], [0.8166491315208276, 0.09452921866558377, 0.06298146625130287, 0.025840183462285702], [0.5317960877967784, 0.34875508489781154, 0.014740843049809665, 0.10470798415560031], [0.21407082888901352, 0.10271189493631024, 0.5911540036114576, 0.09206327246321863]], "ideal": "C", "sampled": "B", "correct": false}}
{"type": "result", "data": {"idx": 66, "options": ["Ban Zhao", "Laozi", "Menicus", "Liu Xiang"], "probs": [[0.958688730278732, 0.03131164413969257, 0.003739935556300477, 0.006259689925274915], [0.0015921065662636421, 0.007537973726569033, 0.0037309136971970538, 0.9871390059099703], [0.009120972826164815, 0.03086143172968764, 0.9377932547585156, 0.02222434058563195], [0.010277682183988177, 0.9697897026887661, 0.010201388237191166, 0.00973122679005459]], "ideal": "A", "sampled": "A", "correct": true}}
{"type": "result", "data": {"idx": 67, "options": ["36,000", "12,000", "24,000", "7,000"], "probs": [[0.34325785887126414, 0.2845096460664533, 0.20497544681576033, 0.16725704814652223], [0.2907773342669501, 0.29994214471983033, 0.24872543656500734, 0.1605550843482122], [0.3166618001641798, 0.302097375629474, 0.2316888088994675, 0.14955201520687875], [0.22357084678646844, 0.346211303848833, 0.25337272124818266, 0.17684512801651592]], "ideal": "A", "sampled": "A", "correct": true}}
{"type": "result", "data": {"idx": 68, "options": ["Ultimate Reality", "The gurus", "The community", "Sikh worship"], "probs": [[0.8740791342004004, 0.034427725801235605, 0.03902031597165422, 0.052472823926709725], [0.004834073673701481, 0.0056962063624659805, 0.008686991643147506, 0.980782728220685], [0.014008858388256567, 0.013473385190731095, 0.8873788813706353, 0.08513887495037707], [0.01384673915521521, 0.8841458533449359, 0.03594191734522117, 0.0660654900546277]], "ideal": "A", "sampled": "A", "correct": true}}
{"type": "result", "data": {"idx": 69, "options": ["Sansar", "Hukam", "Mantar", "Karam"], "probs": [[0.07147482941646255, 0.8180309120052555, 0.03198909085644724, 0.07850516762183475], [0.9220944058136746, 0.02784140603970265, 0.023088252570032834, 0.026975935476589826], [0.05147901261759151, 0.058331910980699585, 0.04615427295285077, 0.8440348033488582], [0.03127743536171011, 0.026964786185692008, 0.8790783488283389, 0.06267942952425892]], "ideal": "B", "sampled": "B", "correct": true}}
{"type": "result", "data": {"idx": 70, "options": ["30", "29", "27", "47"], "probs": [[0.025542980778211974, 0.09715532821241046, 0.8135906689430487, 0.06371102196632887], [0.04454733257506856, 0.8809496557256135, 0.0358001419478681, 0.038702869651449895], [0.8477583716206006, 0.07068329461739353, 0.062388428943812274, 0.01916990471819356], [0.02066888431372609, 0.24790028717329315, 0.1813733689396745, 0.5500574594733062]], "ideal": "C", "sampled": "C", "correct": true}}
{"type": "result", "data": {"idx": 71, "options": ["Zen Buddhism", "Chan Buddhism", "Humanistic Buddhism", "Pure Land Buddhism"], "probs": [[0.10270590640191085, 0.03719779214480451, 0.7589854823481664, 0.10111081900511823], [0.07298838563989035, 0.5924024161820007, 0.0952272517951644, 0.23938194628294449], [0.7298876452117924, 0.03360750810744352, 0.11549474741681098, 0.12101009916395308], [0.013179685308516717, 0.010508910818752383, 0.044939030501019044, 0.9313723732717119]], "ideal": "C", "sampled": "C", "correct": true}}
{"type": "result", "data": {"idx": 72, "options": ["They worshipped exclusively outside of the temple", "They believed that nakedness was an elemental expression of non-attachment", "They included women within the ranks of the leadership", "They believed that the omniscient Jina must eat and sleep"], "probs": [[0.03005777898595488, 0.8650131997898534, 0.059800081778294184, 0.045128939345897616], [0.740982023589051, 0.08184129303774244, 0.10030249878888023, 0.07687418448432635], [0.1006123661529323, 0.07361199267295045, 0.0821335937219029, 0.7436420473522144], [0.08928835424367912, 0.06041488445845669, 0.7714992193534577, 0.07879754184440649]], "ideal": "B", "sampled": "B", "correct": true}}
{"type": "result", "data": {"idx": 73, "options": ["Namokar Mantra", "The Liberation Mantra", "Ahimsa", "Archaryas"], "probs": [[0.9849160908485758, 0.0055885944852058665, 0.0049714931997648735, 0.004523821366453422], [0.21279175894504396, 0.06192072572566841, 0.04900098664570073, 0.676286528583587], [0.012235563497868007, 0.016336826940678097, 0.7873791020715573, 0.18404850738989664], [0.006584473207712799, 0.9474344544222404, 0.02281545029060652, 0.023165621979440238]], "ideal": "A", "sampled": "A", "correct": true}}
{"type": "result", "data": {"idx": 74, "options": ["Second century CE", "Fifth century CE", "Fifth century BCE", "Eighteenth century CE"], "probs": [[0.17882363096720708, 0.2561247887327372, 0.44959722940008284, 0.1154543507999729], [0.17182665485496695, 0.7121551393400393, 0.050799990227209164, 0.06521821547778461], [0.4050708771102502, 0.1377975067030305, 0.30578205442026235, 0.15134956166645694], [0.025121822950712, 0.6182205080367802, 0.1256200522058752, 0.23103761670663256]], "ideal": "B", "sampled": "C", "correct": false}}
{"type": "result", "data": {"idx": 75, "options": ["7", "42", "24", "13"], "probs": [[0.1549036250824885, 0.5491630598104111, 0.16751368841384667, 0.12841962659325368], [0.5598077439816627, 0.281455947045794, 0.09881606108058412, 0.05992024779195921], [0.8126256631598897, 0.132645967327029, 0.03407010878052948, 0.020658260632551807], [0.5062208808915801, 0.23171840778446448, 0.18915179510871352, 0.07290891611524186]], "ideal": "C", "sampled": "C", "correct": true}}
