{"type": "result", "data": {"idx": 0, "options": ["Planetary density will decrease.", "Planetary years will become longer.", "Planetary days will become shorter.", "Planetary gravity will become stronger."], "probs": [[0.34676174312009, 0.30594235198267383, 0.24778046405470266, 0.09951544074255866], [0.3522261568672779, 0.3081798855402423, 0.24403988129300558, 0.09555407619946804], [0.3478057489888461, 0.3238258541470645, 0.24083748910116054, 0.08753090766292985], [0.3686312468860924, 0.31655566453258766, 0.23478738734028226, 0.08002570114103917], [0.3578884986734293, 0.33532901283841265, 0.2145312974882147, 0.09225119089991761], [0.36930450314795776, 0.3238027530026686, 0.21452626748421888, 0.09236647626515943], [0.3387592350341445, 0.32481594235275746, 0.23825408543651058, 0.09817073707658504], [0.3325702573100129, 0.3266413404255768, 0.24515693474142994, 0.09563146742299375], [0.34436863450022875, 0.33238613330212785, 0.21266126161288895, 0.11058397048475], [0.36165612084199683, 0.3420551980353143, 0.2084288831029777, 0.08785979791972302], [0.3624521293506708, 0.32644622775589016, 0.20884629376484007, 0.10225534902859457], [0.35506586481342256, 0.3393466485087181, 0.21197949269383617, 0.09360799388403504], [0.3526466466302383, 0.32719277341966124, 0.23846071968211618, 0.08169986016799899], [0.35837282278678645, 0.3229147206725339, 0.23918130653464786, 0.0795311499060257], [0.36760456157680393, 0.3307024401054678, 0.19372433625526891, 0.10796866196246147], [0.38276056825806326, 0.33896319364447375, 0.1917345693228553, 0.08654166867460902], [0.3906378711058952, 0.33122845095069536, 0.19033636073673993, 0.08779731710666738], [0.3771115003927949, 0.34795188313982595, 0.19673098063725722, 0.07820563573012661], [0.3614506462701718, 0.30241594772356495, 0.24172018376829274, 0.09441322213797029], [0.3761652945862007, 0.2897543722325108, 0.2394605197381669, 0.09461981334311695], [0.37121515882763695, 0.2877702197610343, 0.2335667796237639, 0.10744784168757729], [0.37032436787783224, 0.29222584286619774, 0.23763024525631074, 0.09981954389964769], [0.39088937254872275, 0.29548440902523654, 0.21849235191608857, 0.09513386640994652], [0.3819789397814989, 0.30853711288370367, 0.222291863603586, 0.08719208363121618]], "ideal": "C", "sampled": "D", "correct": false}}
{"type": "result", "data": {"idx": 1, "options": ["buildings will be built faster", "buildings will be made safer", "building designs will look nicer", "building materials will be cheaper"], "probs": [[0.22351047130415355, 0.37563231780484235, 0.28345718257789954, 0.11740002821311837], [0.2269689041923491, 0.37911948398219486, 0.27398355004988356, 0.11992806167557536], [0.11984242452309532, 0.27474193229292865, 0.4594750802634601, 0.14594056282049783], [0.08506826442737686, 0.2491365056601976, 0.4377979209178564, 0.22799730889456718], [0.1392662424568172, 0.29770976164256896, 0.415732190954362, 0.147291804846244], [0.09465980919522655, 0.2702879679572299, 0.3874866954840627, 0.24756552726348094], [0.38996706263538566, 0.31584305864282336, 0.20878816676683165, 0.08540171185495271], [0.39460706738149565, 0.3153507323887517, 0.20268139861560908, 0.08736080151414619], [0.3395593133743094, 0.292783250234759, 0.2765412106340882, 0.09111622565684184], [0.35942652909112655, 0.28892661954291016, 0.2621630873860759, 0.08948376387986025], [0.40167165302387553, 0.29993412659708324, 0.21293597597152214, 0.08545824430752165], [0.3896301772166191, 0.3013226848481629, 0.21811587523639753, 0.09093126259882603], [0.11857817546602752, 0.3051092742372615, 0.4264057144774342, 0.14990683571926164], [0.07944967609875916, 0.27199777911960926, 0.3887532475208815, 0.25979929716076156], [0.17237752702998574, 0.37522953373963047, 0.31876067791579626, 0.13363226121458266], [0.17664491400538576, 0.3769022833103398, 0.3116147862347467, 0.13483801634951986], [0.06609739813799179, 0.25447528688523785, 0.4353165720066966, 0.2441107428700507], [0.12259852074931558, 0.296485787834497, 0.4358159808319118, 0.14509971048426062], [0.1727870419264057, 0.3220227621355222, 0.3709123897997204, 0.13427780603832293], [0.11971657147491503, 0.29137226563984603, 0.3594810915856305, 0.22943007119959785], [0.25950816280578387, 0.36867711072437115, 0.25814906187264663, 0.11366566449718991], [0.25432474241651226, 0.36392390686110393, 0.26024000322612273, 0.12151134739625749], [0.08633968033926175, 0.2570525700131043, 0.4323997805263263, 0.22420796902132303], [0.14949524760391403, 0.2939733081540313, 0.4153801755492835, 0.14115126859277782]], "ideal": "B", "sampled": "B", "correct": true}}
{"type": "result", "data": {"idx": 2, "options": ["Chemical energy is absorbed through the roots.", "Light energy is converted to chemical energy.", "Chlorophyll in the leaf captures light energy.", "Sunlight is converted into chlorophyll."], "probs": [[0.42510276661079105, 0.27076134340403646, 0.20942797320274809, 0.09470791668242794], [0.4372378866906859, 0.2608560278369835, 0.19591404292174747, 0.10599204245058812], [0.39399524832476734, 0.2944660012174707, 0.23132479562434072, 0.08021395473342222], [0.41889954935401746, 0.28599131168268244, 0.22369380903246217, 0.07141532983083153], [0.43162707698526076, 0.2705866953080891, 0.20334594372563675, 0.09444028388100979], [0.42697349905835597, 0.2727727942271225, 0.20727499032220328, 0.09297871629230675], [0.40874824475550126, 0.25128555998316987, 0.23224043843796802, 0.10772575672336955], [0.44395297671766903, 0.23167374384170017, 0.20837763533355966, 0.11599564400708036], [0.42865469121348687, 0.27150323538370774, 0.2075449614034256, 0.09229711189939602], [0.453827682937387, 0.2638157913294466, 0.2063240186817415, 0.07603250695143068], [0.4446531844519149, 0.24323169650621154, 0.19272863033711554, 0.11938648860476218], [0.44701185658659714, 0.25626097795035097, 0.19939187345846243, 0.0973352919045868], [0.4142117574825905, 0.2701192539737512, 0.23513092660939938, 0.08053806183424145], [0.4464506942136901, 0.24160752823685908, 0.241178355557844, 0.07076342189160234], [0.42390817723908225, 0.2513272175784842, 0.22440097011582238, 0.10036363496662455], [0.4625270881593852, 0.24622815359083505, 0.21475410224737954, 0.07649065590240796], [0.45835550744187314, 0.23751189772144596, 0.21966051129018951, 0.08447208344648585], [0.4659603099504834, 0.232084373659465, 0.2173465416949218, 0.08460877459512509], [0.45007898682468567, 0.25232209471847133, 0.20478499473955958, 0.09281392361726981], [0.43944207229150606, 0.25077893316728544, 0.2201662089535901, 0.08961278548760816], [0.4496186943941708, 0.2398412692874627, 0.19415565123274378, 0.11638438498562202], [0.456461940044189, 0.2482150123463123, 0.20437837182483115, 0.09094467568468052], [0.43248094081189103, 0.2742542757632168, 0.20602902214083862, 0.08723576118405371], [0.4492234437008536, 0.2584885130080015, 0.19814339968721054, 0.09414464350391703]], "ideal": "C", "sampled": "C", "correct": true}}
{"type": "result", "data": {"idx": 3, "options": ["the control", "the hypothesis statement", "the dependent (responding) variable", "the independent (manipulated) variable"], "probs": [[0.32306260083975563, 0.3183411328820808, 0.19660307006690364, 0.1619931961112686], [0.3435811512788614, 0.3049270201460036, 0.18559957314531164, 0.16589225532983], [0.32974633994856034, 0.3326601908263467, 0.17908284276552758, 0.15851062635955246], [0.30159476457945544, 0.3536101075793008, 0.23819996259143328, 0.10659516514980857], [0.332586851491963, 0.3027228108420889, 0.20284468932550584, 0.1618456482404432], [0.29499193028388543, 0.31791584871826967, 0.26667089481085415, 0.12042132608698562], [0.2806142887383974, 0.2937696483598326, 0.22276790481084238, 0.20284815799091388], [0.31231127562967886, 0.2822469788327442, 0.20473989236523202, 0.20070185307235228], [0.31235657701036235, 0.314299440283758, 0.1902523051790699, 0.18309167742681023], [0.309522685428434, 0.34202439502497983, 0.24610082487517246, 0.10235209457140558], [0.3100970208308994, 0.3025532846833907, 0.2151765810938521, 0.17217311329187127], [0.29776613405558483, 0.31907335999883907, 0.2695936543938015, 0.11356685145177123], [0.31597249451821274, 0.3022633948117306, 0.2169297499905271, 0.16483436057954146], [0.2898260491810771, 0.30934935731681257, 0.2806335200100247, 0.12019107339210315], [0.3237695607398407, 0.31640686546062063, 0.19625312299366982, 0.16357045070588708], [0.33101796546646184, 0.3319824040296023, 0.2391860090601619, 0.09781362134377025], [0.32898543016036863, 0.3607359312468714, 0.19664792639769746, 0.11363071209506383], [0.33098204109068496, 0.36447985045722575, 0.21335402392065886, 0.09118408443145035], [0.35759369994356416, 0.2872053660620978, 0.20893771438322198, 0.1462632195111062], [0.3143413258710326, 0.30044516537636984, 0.2672923586346853, 0.11792115001791445], [0.35910442974164297, 0.3077937815979644, 0.18572988098507365, 0.14737190757530158], [0.3635784875684245, 0.32550238830751166, 0.21834433058842598, 0.09257479343562863], [0.34394800890034855, 0.36628581874182836, 0.17350508877576593, 0.11626108348205973], [0.3489583159135916, 0.372571505918731, 0.1879432539379169, 0.0905269241297596]], "ideal": "D", "sampled": "D", "correct": true}}
{"type": "result", "data": {"idx": 4, "options": ["They have each lost kinetic energy.", "They have each gained the same amount of potential energy.", "They have each lost the same amount of potential energy.", "They have each gained one-half of their maximum kinetic energy."], "probs": [[0.47070947259479745, 0.2861879544812581, 0.14711125474043324, 0.09599131808350418], [0.44698533082365977, 0.3067006389925745, 0.1606534423077718, 0.085660587775989], [0.4764357020471611, 0.27730193839655487, 0.154269205449922, 0.09199315400638242], [0.4672295138435538, 0.28420174833084355, 0.15918464972662968, 0.08938408799897568], [0.4725354591355594, 0.30955716253833054, 0.14301472587249356, 0.07489265235362934], [0.4633955193520416, 0.3069594595576562, 0.14587124874302432, 0.08377377224725976], [0.43086899544071067, 0.30649616172547384, 0.1563124059414644, 0.10632243679235723], [0.4085548183436344, 0.329111974748597, 0.16795955007789068, 0.09437365672989491], [0.4360458157158138, 0.2703487443073889, 0.1403453348420398, 0.15326010503475476], [0.4392383417229851, 0.298459207912639, 0.1505972019112357, 0.11170524835312937], [0.4176951825423809, 0.3275164709443892, 0.14358441029384394, 0.11120393611938514], [0.4382372731560125, 0.31507392376353005, 0.14812237201026313, 0.09856643097019266], [0.43697318712354155, 0.2976637300952046, 0.1605724292255308, 0.1047906534557271], [0.4213056083130333, 0.31864446052331585, 0.1615069538369289, 0.0985429772267285], [0.4399580319317649, 0.2781660769478142, 0.13899923117633842, 0.14287665984407866], [0.43456879544457105, 0.3194613140455951, 0.1469173986915597, 0.09905249171827006], [0.4154846341622749, 0.3287077219593409, 0.13917316912767752, 0.1166344746507081], [0.4353030522760756, 0.3319691257156874, 0.14057032084790125, 0.09215750106034043], [0.4708962680119875, 0.2859173475327404, 0.15844900256118793, 0.08473738179408548], [0.4551910168045385, 0.29587773669501993, 0.15999696772928698, 0.08893427867116878], [0.4684804512158631, 0.2859662852017175, 0.14699415476473895, 0.09855910871768396], [0.47805530870213736, 0.28353372965896095, 0.1505395674511749, 0.08787139408772299], [0.44894595100119206, 0.2918171211690144, 0.1476063111542378, 0.11163061657555741], [0.46238165308187634, 0.2945147845010157, 0.15505891340748124, 0.08804464890963146]], "ideal": "D", "sampled": "D", "correct": true}}
{"type": "result", "data": {"idx": 5, "options": ["a non-infectious, cell-cycle disease", "an infectious, cell-cycle disease", "a non-infectious, chronic disease", "an infectious, chronic disease"], "probs": [[0.36997754770222085, 0.3117659167051128, 0.16850197041129467, 0.14975456508138593], [0.4110996521827882, 0.3111175697014351, 0.148392139026935, 0.12939063898883968], [0.35981270997659703, 0.2614913680614317, 0.25908404542303365, 0.11961187643892725], [0.3209239146310277, 0.2305556052014867, 0.2231420918208072, 0.2253783882466815], [0.3854619610509571, 0.31088530110834733, 0.19276591065448764, 0.11088682708620272], [0.3534326111748371, 0.2891197062215508, 0.17564902927120093, 0.1817986532324115], [0.386666143668091, 0.29034598921221616, 0.1701367798287464, 0.15285108719094104], [0.3793595674401262, 0.3196520977442362, 0.17367320308948644, 0.12731513162613964], [0.37300165737272123, 0.2940514560964366, 0.20317012001107346, 0.1297767664197661], [0.3815604314418994, 0.2867193657885348, 0.16650743586623415, 0.1652127668033273], [0.3358328929845838, 0.31010346732800265, 0.23023270989555716, 0.12383092969185962], [0.3683527460301135, 0.27841326589378723, 0.1790926599231636, 0.17414132805293622], [0.3272782455924333, 0.2729504235149239, 0.24926858527563425, 0.15050274551700774], [0.2974483600355738, 0.26411577765418237, 0.24007815107853597, 0.19835771113171716], [0.3358219372318075, 0.3052054093332631, 0.18989766991292656, 0.16907498342200322], [0.3848625242018471, 0.30493461560028734, 0.15421774797244547, 0.15598511212544225], [0.3622045957784233, 0.30324642407760394, 0.18636302079656758, 0.148185959247406], [0.3920943345566275, 0.3121291450649346, 0.16563459858752014, 0.13014192169090003], [0.355190271077952, 0.33655516894400933, 0.18141013151239277, 0.12684442836563337], [0.38590668101762887, 0.31453847472878893, 0.16038816498507963, 0.13916667916851228], [0.34345431077553623, 0.32898172071448306, 0.18714902670720207, 0.14041494170277052], [0.34341706325270605, 0.32087758976210745, 0.18211509304522566, 0.15359025383996308], [0.38869832201246723, 0.31998957426821556, 0.16591838263591804, 0.1253937209833796], [0.39993425732275223, 0.344892265619651, 0.16174071812854082, 0.0934327588290398]], "ideal": "B", "sampled": "B", "correct": true}}
{"type": "result", "data": {"idx": 6, "options": ["to repare for migration before winter", "to provide warmth during the cold winter months", "to store food that will be eaten over the winter months", "to protect the grasses and seeds from decay before winter"], "probs": [[0.32431317820153444, 0.38748652527221766, 0.15838987416954353, 0.12981042225671865], [0.3776276744860788, 0.36913304678045633, 0.14932653806128413, 0.10391274057218057], [0.3175378264728702, 0.3863852956267051, 0.17620967442134366, 0.11986720337907572], [0.32903916231999475, 0.37365534922428023, 0.17265753034877454, 0.1246479580069372], [0.3705053286806584, 0.3739851664833895, 0.16154172430010305, 0.09396778043584571], [0.3406694400727403, 0.372768473338892, 0.16877853403325963, 0.11778355245511389], [0.31807454476292557, 0.37672584104832274, 0.17394198721115417, 0.13125762687759124], [0.3692846642019634, 0.35840899189298825, 0.16133915891185338, 0.11096718489321274], [0.3195259118918486, 0.3565727157945135, 0.19413300624919375, 0.12976836596443866], [0.32030153359339625, 0.36134742412579823, 0.20219514303449393, 0.1161558991463366], [0.37268294795711443, 0.35685402062200117, 0.16827720563168605, 0.10218582568920694], [0.347431844803205, 0.3684345528900905, 0.18407662745725525, 0.10005697474946197], [0.32262521948065526, 0.382202085829179, 0.17311326173363376, 0.12205943285653703], [0.34390046935559737, 0.3635744594451069, 0.16367350177790974, 0.1288515693213827], [0.33955391469118107, 0.37448219431418184, 0.16525247553313197, 0.12071141536151272], [0.34563222915143327, 0.37796881270416466, 0.1643883632772494, 0.11201059476713981], [0.3485023258126942, 0.35979371361892615, 0.1692606641907712, 0.12244329627760524], [0.3525951945283431, 0.3780299202800599, 0.1673489423347653, 0.10202594275683734], [0.4223454396719709, 0.3375252661358174, 0.143889777609935, 0.09623951648226586], [0.3983366116438435, 0.3353190973684014, 0.14622864948542508, 0.12011564140233925], [0.4201011210919015, 0.349518007026701, 0.13069724186259074, 0.09968362991881789], [0.4014753779828591, 0.3633498037345283, 0.13919633545279958, 0.09597848272981975], [0.3875141591081608, 0.3464638364553416, 0.14337065880075983, 0.12265134553575835], [0.39926989929172035, 0.36580079352415823, 0.1385877727428461, 0.09634153434128628]], "ideal": "C", "sampled": "D", "correct": false}}
{"type": "result", "data": {"idx": 7, "options": ["There was once more water in the area.", "The area was once grassland.", "The climate in the area was once tropical.", "There are active faults in the area."], "probs": [[0.3396211074313008, 0.25271868838549655, 0.24594157815703913, 0.16171862592615904], [0.32221446240539764, 0.2652011002208996, 0.2616176687650508, 0.1509667685086785], [0.3655254551743619, 0.2561408319138391, 0.21783360970273358, 0.16050010310905663], [0.33888337634786253, 0.27475538213708306, 0.24602014730158947, 0.14034109411346965], [0.33895430190856196, 0.2743981629231872, 0.23767863412019988, 0.1489689009480465], [0.3409532303418279, 0.2721647763313665, 0.2576230766771782, 0.12925891654960386], [0.3081361220015299, 0.2612867750210446, 0.2645765613133839, 0.1660005415640172], [0.29711704635402114, 0.275270325677051, 0.27442104822460583, 0.1531915796443184], [0.3063014896022055, 0.26244082011801034, 0.27385512511140825, 0.15740256506839873], [0.31276274225430445, 0.2743248810471114, 0.27303787300951965, 0.13987450358906256], [0.30763345398409225, 0.28656381911833895, 0.24990349846758297, 0.15589922832998415], [0.3296404604694289, 0.284622619999838, 0.23999484990262282, 0.14574206952810578], [0.37209001788797835, 0.2531640891304436, 0.22686403605849131, 0.14788185682308183], [0.3478544946768135, 0.27394264617644937, 0.24975739660668606, 0.1284454624400705], [0.36529087869522864, 0.2559255017527657, 0.24162137014626653, 0.13716224930573268], [0.36996590265704943, 0.2628546795494012, 0.24318119445669084, 0.12399822323685536], [0.35581856400896383, 0.277994244551809, 0.24734620176980024, 0.11884098956941044], [0.3816633376516859, 0.26429294484733695, 0.22077243385652898, 0.13327128354445245], [0.3350115807320584, 0.27778149959493903, 0.2418106762138531, 0.14539624335915308], [0.33797690981120376, 0.2753168827586206, 0.25930475825899135, 0.1274014490711728], [0.32159227102261, 0.27414323827799514, 0.25077825652289876, 0.15348623407649628], [0.3528760919184086, 0.2744139651549661, 0.2350051709771288, 0.13770477184950228], [0.33308027035617876, 0.2794649435216881, 0.26030353244335785, 0.12715125357876678], [0.3584308011592839, 0.2721240087469262, 0.2328778290794368, 0.13656736091437102]], "ideal": "C", "sampled": "C", "correct": true}}
{"type": "result", "data": {"idx": 8, "options": ["The chicken population would go down.", "Populations of mice and rats would increase.", "Another bird of prey would replace the hawk.", "The chickens would have a lower rate of disease."], "probs": [[0.43823961759480934, 0.34157002175117407, 0.13127222219055332, 0.08891813836346955], [0.45854805873752724, 0.32913020021325884, 0.14374736614792596, 0.06857437480128578], [0.47303179339368806, 0.3291275135447222, 0.1310443009544676, 0.06679639200710236], [0.4976662905662997, 0.32273832389482315, 0.13286355323264468, 0.046731832206220604], [0.5149301064685838, 0.3393427417520686, 0.09427946162202087, 0.05144769005733288], [0.5291494056690768, 0.33005582769924247, 0.09280933538277775, 0.047985431148896175], [0.4146010507760255, 0.3641218978441161, 0.13681180179782898, 0.08446524948202383], [0.43555396829593757, 0.3420838949304466, 0.15060985173334396, 0.07175228494027952], [0.40390581746769993, 0.3546154745534801, 0.15736992579514136, 0.0841087820836604], [0.42262885491385666, 0.335223982402539, 0.1587980745116633, 0.0833490880719458], [0.43286049404272253, 0.35088137519849216, 0.13998090269818328, 0.07627722796061467], [0.446372641528338, 0.3499527977469823, 0.12801212915115948, 0.07566243147351744], [0.44342048384496907, 0.3526015350154953, 0.1304535654526282, 0.07352441558690948], [0.47941793866263577, 0.3343106210374909, 0.13377570803933594, 0.052495732160520094], [0.4026007061613328, 0.3648212335967582, 0.14731605487836516, 0.08526200526354978], [0.4214784370768268, 0.34702378458052857, 0.14745481450969972, 0.08404296373293547], [0.4991290087889713, 0.33676624429415863, 0.10113938634726369, 0.06296536046962137], [0.4771192073344902, 0.3498744964249735, 0.10205674170427187, 0.07094955443626443], [0.47897973583660447, 0.3263547960623797, 0.1286821409536455, 0.06598332704735398], [0.49842522730836497, 0.3196282394164509, 0.12128974110619208, 0.060656792068987116], [0.4238576949153797, 0.34283527677725245, 0.14938357844857367, 0.0839234497587957], [0.4302727154378695, 0.34532929193907974, 0.13277330679306823, 0.09162468572997454], [0.4948585529241005, 0.31603349282330445, 0.12473827744060889, 0.06436967671196388], [0.47115500362274515, 0.32656661238677936, 0.12560908949442698, 0.07666929439606487]], "ideal": "B", "sampled": "A", "correct": false}}
{"type": "result", "data": {"idx": 9, "options": ["the atom", "the electron", "the nucleus", "the proton"], "probs": [[0.13238202767998633, 0.4536048651346791, 0.2999620540834833, 0.1140510530018471], [0.11496611467299063, 0.43427240592185756, 0.31235286071526375, 0.13840861858988956], [0.15787964220942013, 0.4796567915270983, 0.2588171822806794, 0.10364638388280906], [0.16879199614660206, 0.48271934700013114, 0.25349186538469903, 0.09499679136854593], [0.12130807319820043, 0.4650112408910166, 0.27614251074246865, 0.13753817506831875], [0.14944740009731805, 0.48892136125437513, 0.2553666001957225, 0.10626463835259313], [0.08767890351796137, 0.4867745934138317, 0.3113896062921407, 0.11415689667606485], [0.07808382496108987, 0.4794078093358786, 0.31401227365744944, 0.1284960919455858], [0.07516193888398512, 0.4496454838761867, 0.3409381875020788, 0.1342543896377444], [0.08455471167624218, 0.3868370847409064, 0.3450250972544843, 0.1835831062283724], [0.07510517251071007, 0.41793443602318053, 0.367569426225152, 0.1393909651409403], [0.08438507156174115, 0.37591205584464615, 0.3560953725068985, 0.18360749998670434], [0.15728543186241836, 0.48727992119902735, 0.25104250454895655, 0.10439214228959445], [0.16804495766279315, 0.49660276153179056, 0.240787927757352, 0.09456435294805252], [0.12327129224543687, 0.41764727896759996, 0.3323975435006555, 0.126683885186308], [0.1327442406077981, 0.34831454776702425, 0.3384981771677373, 0.18044303435743222], [0.16742417932035467, 0.46042161958234923, 0.27398927388646604, 0.09816492711082121], [0.13567995267728658, 0.3795924474292732, 0.3057479774379643, 0.17897962235546133], [0.1403049257138505, 0.4638295898472512, 0.28299262014820786, 0.11287286419068485], [0.15421027026689926, 0.47964750039815185, 0.27123760459801305, 0.09490462463694191], [0.10446875301853763, 0.4086372094760572, 0.34970979557190673, 0.13718424183348774], [0.12022034854555298, 0.3727256519174142, 0.33896916941975025, 0.16808483001727834], [0.1412916841089725, 0.45139078815440725, 0.3037815828068388, 0.10353594482976877], [0.12685813563079223, 0.38585757982335017, 0.32080652391942366, 0.16647776052643964]], "ideal": "A", "sampled": "A", "correct": true}}
{"type": "result", "data": {"idx": 10, "options": ["life processes", "size differences", "plasma membranes", "energy molecules"], "probs": [[0.2960377495873002, 0.35699409037889973, 0.26350426821950745, 0.08346389171427403], [0.2517734148199214, 0.3418206454802428, 0.29226467862009187, 0.11414126097975405], [0.29953940453431455, 0.3814920563835939, 0.23385161842732638, 0.08511692055475076], [0.310401227965389, 0.38758375056237526, 0.2165693207153976, 0.08544570065683443], [0.2542299977905511, 0.35041625215971056, 0.2742028548455759, 0.12115089510415737], [0.28815047613986294, 0.37379384267150834, 0.24528647365697148, 0.0927692074316574], [0.3222371042611093, 0.35915295846313405, 0.2413222399410799, 0.07728769723468043], [0.28516542493876357, 0.3517213545641904, 0.2644215400113646, 0.09869168038569616], [0.3258499650832305, 0.3820597546804539, 0.20867082922118313, 0.08341945091512232], [0.29680750510441845, 0.3703780337866081, 0.22063864197870497, 0.11217581903028491], [0.27413813405021037, 0.3592152558264683, 0.2527766559916835, 0.11386995403164958], [0.2777491458626348, 0.3696108616244659, 0.23529038770361374, 0.11734960470930238], [0.3368286211141364, 0.3611979661135818, 0.22248235684852957, 0.07949105582375468], [0.3494724247319612, 0.36741448909403535, 0.20679737880558935, 0.07631570726840681], [0.32073375392302744, 0.3595813046353941, 0.23533837972196142, 0.08434656161961612], [0.28974766462859763, 0.3452260154376059, 0.2509457762623879, 0.11408054357142126], [0.33302379647440805, 0.3724026025515696, 0.20679761939874744, 0.08777598147527813], [0.29714590789842643, 0.36146014749704625, 0.22434478967503757, 0.11704915482947698], [0.27640770143334087, 0.33979143005581075, 0.2568469709041782, 0.12695389750667183], [0.31080717991359624, 0.35581784502262337, 0.23381285614098876, 0.09956211882279667], [0.26545542805126426, 0.3386659716898042, 0.2776007967088041, 0.1182778034501227], [0.26711570853158856, 0.34663093402412964, 0.2600872889491374, 0.12616606839513989], [0.318600191779842, 0.36920975124564764, 0.21315918879042267, 0.09903086808408564], [0.2780415258078906, 0.35922572901692923, 0.22963588302150859, 0.13309686205367502]], "ideal": "B", "sampled": "C", "correct": false}}
{"type": "result", "data": {"idx": 11, "options": ["The Sun influences the formation of waves.", "The Sun creates water particles.", "The Sun's rays cause organisms to come to the surface.", "The Sun provides minerals."], "probs": [[0.40722921666756967, 0.3032332736931474, 0.16724506232090125, 0.1222924472183796], [0.413127053161786, 0.28396888104788665, 0.1500495546132211, 0.15285451107710762], [0.4103428680483231, 0.30305168057489884, 0.17679318017036358, 0.10981227110641738], [0.44402394550815, 0.25145738381859506, 0.16889681255860453, 0.13562185801466742], [0.40577941825562375, 0.2849586218597442, 0.13378171837801517, 0.17548024140662413], [0.4289549316937125, 0.2872505462333885, 0.13957655595391905, 0.14421796601898254], [0.342661281887006, 0.34000037662165, 0.18928781805544298, 0.12805052333591313], [0.35321772862175366, 0.3295262563525081, 0.16521993926288947, 0.1520360756628485], [0.33585915175298076, 0.31213546769540285, 0.18908949420388682, 0.16291588624773226], [0.34829610934299443, 0.30006136835626307, 0.15490939936109796, 0.19673312283964545], [0.32144212149570695, 0.3195346182963629, 0.16526322600847979, 0.19376003409946102], [0.3461145462071014, 0.30775183519993465, 0.15129066925045537, 0.19484294924251483], [0.3844010706747382, 0.32674153582427934, 0.18468729504816292, 0.1041700983528352], [0.42429393572403057, 0.26812095038985, 0.1741502326849922, 0.13343488110112986], [0.3585690511481363, 0.31187283630782664, 0.17779118225903587, 0.1517669301850006], [0.39260064041488973, 0.27229400842241014, 0.1389182436531936, 0.19618710740948567], [0.3494818184665396, 0.28683624102926886, 0.1547570247424505, 0.2089249156617509], [0.3756692711949936, 0.2698270820064717, 0.13475070099725353, 0.21975294570128107], [0.30974854367906124, 0.33922915316292435, 0.15966987381296935, 0.19135242924503285], [0.3336209402649876, 0.33272581424947745, 0.1641236019973771, 0.16952964338815965], [0.3302770995530623, 0.3077803421593138, 0.16330016020645538, 0.1986423979811651], [0.33295914938339455, 0.2959874258648164, 0.1573921034001742, 0.213661321251608], [0.34419121258985164, 0.3088436506087137, 0.16039519296161178, 0.18656994373980837], [0.320944882233151, 0.300494686810349, 0.15217232434532213, 0.22638810651117225]], "ideal": "A", "sampled": "A", "correct": true}}
{"type": "result", "data": {"idx": 12, "options": ["32\u00b0 F", "41\u00b0 F", "78\u00b0 F", "98\u00b0 F"], "probs": [[0.4678846535962398, 0.35914337140108576, 0.14030860950520713, 0.032663365397475615], [0.46383916874024184, 0.3643246528090232, 0.13594769650921412, 0.035888481841515024], [0.40579824863014946, 0.32244839419315724, 0.2274684716752462, 0.04428488540144289], [0.36964440375165836, 0.3396541377888029, 0.19762258789825946, 0.09307887046128543], [0.40913699056961017, 0.31696487050611005, 0.2275259995173768, 0.046372139306910996], [0.3571503338618406, 0.34105882492593487, 0.20048636713111573, 0.10130447398110036], [0.40791383880753873, 0.34434662791883786, 0.20655171836320652, 0.04118781481043178], [0.40105949450701456, 0.34528585945087265, 0.2059483105280165, 0.04770633541411785], [0.396215226613278, 0.36251733218080007, 0.1907300157394951, 0.050537425366440125], [0.40669391164617813, 0.34753564640747014, 0.19057066728844554, 0.05519977455791153], [0.39116302517056195, 0.3583986753311974, 0.1897979274044753, 0.06064037199375253], [0.3778428209595818, 0.35433117142087256, 0.20447579000490507, 0.06335021751463239], [0.40064520754613403, 0.32023885837204336, 0.23724824588371218, 0.04186768809811795], [0.3630991808282403, 0.3360019494486729, 0.21328375694766352, 0.08761511267541443], [0.46252263288389184, 0.36629571562166274, 0.13301982852530672, 0.03816182286915381], [0.46390848286991, 0.3674104721870384, 0.1310045302370214, 0.0376765146060421], [0.3508381262469966, 0.3384390833439146, 0.2101929354379644, 0.10052985487112556], [0.38793397556528225, 0.3231974907106711, 0.2285047953120605, 0.06036373831198814], [0.4042843530885796, 0.31552164181500725, 0.23655098149431444, 0.04364302350208941], [0.3500064258068477, 0.3353516914173269, 0.22227738032299216, 0.09236450235282605], [0.4544300318954428, 0.365500507477218, 0.13518736286389113, 0.044882097663451935], [0.4518749348400782, 0.36121233444132606, 0.1435366009642098, 0.04337612965439106], [0.3424427899900887, 0.3327045413356299, 0.2240181046085174, 0.10083456396576364], [0.37586463309666535, 0.31478809049569756, 0.24978155442047592, 0.05956572188716368]], "ideal": "C", "sampled": "B", "correct": false}}
{"type": "result", "data": {"idx": 13, "options": ["Repeat the investigation.", "Write a report of the results.", "Make a table for recording data.", "Make daily observations of the light bulbs."], "probs": [[0.4753025757627141, 0.20512501410517625, 0.21051208656119125, 0.10906032347092273], [0.48446749516949195, 0.2214250975295785, 0.208110346727622, 0.08599706047328941], [0.48541158447415034, 0.1989465061034735, 0.2047222693542983, 0.1109196399680807], [0.4974213162424092, 0.22207721362612473, 0.20127799333671037, 0.07922347669475768], [0.5306597446952325, 0.22633089924261593, 0.17114915239836767, 0.07186020356378173], [0.5321202169144027, 0.22426519628782204, 0.16917427634344245, 0.0744403103543319], [0.5042376497742068, 0.19697286881653944, 0.20556356949544963, 0.09322591181379858], [0.5076861467397819, 0.21336206046519948, 0.20177057784791974, 0.07718121484709023], [0.47788382440377025, 0.1949310590458279, 0.21769503856750969, 0.10949007788288899], [0.4643763284899544, 0.2348829695556344, 0.23003222462199346, 0.07070847723241032], [0.5213986090829694, 0.2200119644584166, 0.18261259139330088, 0.07597683496530777], [0.4980922482454657, 0.23537807625886942, 0.20281062540086034, 0.0637190499947959], [0.4832767902358881, 0.18012467520016148, 0.22429381182140876, 0.11230472264255201], [0.4911684071075193, 0.20303281795697412, 0.22479464473136254, 0.08100413010414434], [0.46629425005428915, 0.18714468946841956, 0.23357944109426032, 0.11298161928301634], [0.45117082527705565, 0.22223994202204206, 0.25551347691224313, 0.07107575568867401], [0.5109191768725752, 0.21491194194631072, 0.19449426340808162, 0.07967461767305352], [0.47956457437597055, 0.23955558249566183, 0.2211689022444444, 0.05971094078393706], [0.5413799861823321, 0.1949822757497849, 0.18922792171308447, 0.07440981625478403], [0.5438819669163357, 0.1950201536623786, 0.1899765166640498, 0.0711213626572144], [0.5135380762016505, 0.2060200145553503, 0.20594323625853186, 0.0744986728844576], [0.485266355686596, 0.2168096630478627, 0.23367406736081633, 0.06424991380472435], [0.5198739770310488, 0.1978396241478248, 0.2009323807384881, 0.08135401798263857], [0.4914178938063857, 0.21881095235186057, 0.22759471060021033, 0.06217644314153863]], "ideal": "C", "sampled": "D", "correct": false}}
{"type": "result", "data": {"idx": 14, "options": ["ozone", "methane", "water vapor", "carbon dioxide"], "probs": [[0.03556995471373081, 0.25029769915914857, 0.621658381746886, 0.09247396428020323], [0.06281487182499919, 0.3133010600477206, 0.5760904055911622, 0.04779366243610405], [0.02348034232640507, 0.2509924373830454, 0.630867179122929, 0.09466004106759751], [0.0288279455190863, 0.24525303903812423, 0.6745132520470529, 0.05140576329576345], [0.1323539520437681, 0.434059470025197, 0.38288659663372676, 0.05069998119728526], [0.11185793665422722, 0.4009932092706159, 0.429950747775621, 0.057198106199537795], [0.046879632222093445, 0.20387217583152725, 0.6593943666457516, 0.08985382520065151], [0.07382007608814166, 0.24807828062815646, 0.6318335987600813, 0.046268044423597776], [0.045830678130274596, 0.2070194534701427, 0.6523679719604786, 0.09478189633908313], [0.05384791485099516, 0.2318819865619495, 0.6629200443705873, 0.05135005411647252], [0.14807127034417694, 0.4119445676163023, 0.3976401736468344, 0.042343988292702146], [0.11216091074844227, 0.3863585373079406, 0.444347485407543, 0.05713306643607195], [0.009538947682173773, 0.23102873531174895, 0.6869091353154658, 0.07252318159061334], [0.012400721405130738, 0.22060282148159394, 0.7234058274818979, 0.043590629531397355], [0.015912916037844897, 0.2251213606110416, 0.6784575034640385, 0.08050821978709617], [0.021533722470831507, 0.24958713236880617, 0.6834249382496084, 0.04545420681076085], [0.07466514558585015, 0.4064079406966279, 0.4705541106093579, 0.04837280300815605], [0.07586897859109903, 0.41978105481053357, 0.4565402374950823, 0.0478097290032908], [0.16277959667231917, 0.29817280626060944, 0.48376648414966794, 0.05528111281739744], [0.1489477646969905, 0.25904095903291885, 0.5291295139299963, 0.06288176224009871], [0.20515968265917195, 0.30131279405719597, 0.44974067947701984, 0.043786843706611685], [0.1550543351537862, 0.29130929959375146, 0.49372030032998354, 0.05991606482247464], [0.13833316014328353, 0.28034755181767096, 0.5131094990008623, 0.06820978893816887], [0.13865454613853953, 0.3042064400039924, 0.4917064027354271, 0.06543261102204928]], "ideal": "C", "sampled": "D", "correct": false}}
{"type": "result", "data": {"idx": 15, "options": ["0 degrees Celsius", "32 degrees Celsius", "100 degrees Celsius", "212 degrees Celsius"], "probs": [[0.5001689195938237, 0.18113347582601994, 0.2367083962720656, 0.08198920820809069], [0.4860114458148191, 0.1918784343537842, 0.2455019206135525, 0.07660819911784122], [0.4878590971599699, 0.19111221742656714, 0.2260460820830509, 0.09498260323042945], [0.4962601640639701, 0.17490226903801676, 0.23769338755631728, 0.0911441792416926], [0.4823606361771123, 0.202759709729043, 0.22488627824566013, 0.08999337574817888], [0.48062357143662265, 0.1965157249887138, 0.22573012605334694, 0.09713057742131546], [0.5141728910334151, 0.17875775334238528, 0.22113657233658948, 0.08593278318763714], [0.496263710720019, 0.18552971996406162, 0.23683473731781382, 0.08137183189809911], [0.48501181344580657, 0.1888234527161445, 0.23318021672320582, 0.09298451701484689], [0.5300824409337074, 0.14245015092824406, 0.20293636471408974, 0.12453104332393929], [0.4818332063625912, 0.19700902617402913, 0.2344074635357192, 0.0867503038276648], [0.49355723102472776, 0.1602425730219214, 0.21400698545364943, 0.1321932103997058], [0.44861872652948803, 0.1913906548426538, 0.23732482445430678, 0.12266579407355492], [0.4583156586215843, 0.18451951942769645, 0.2542530937214839, 0.10291172812925274], [0.4549942036563851, 0.19799904038740207, 0.2489457889421734, 0.09806096691404378], [0.4984471488368453, 0.1556063497538584, 0.21912514195773128, 0.1268213593515745], [0.43637244768234257, 0.1958965760623855, 0.25821164221204657, 0.10951933394324186], [0.46423844303204576, 0.15377258798686574, 0.2335487195103454, 0.1484402493707556], [0.44344518461363097, 0.17610221373723509, 0.2537850202402685, 0.12666758130887393], [0.43587869377470617, 0.17683243364542112, 0.2586712534987619, 0.12861761898111768], [0.45332203746194016, 0.18115577710900319, 0.26288595079799926, 0.10263623453104727], [0.44262844542963325, 0.13499555425217855, 0.25973581234626597, 0.16264018787189935], [0.4349666883913819, 0.19298820342122275, 0.2567740747716188, 0.11527103331577376], [0.4420176525204098, 0.14717555150276387, 0.24710193159174854, 0.16370486428508285]], "ideal": "A", "sampled": "A", "correct": true}}
{"type": "result", "data": {"idx": 16, "options": ["exclude research on teeth or bones", "predict what the next discovery will be", "analyze new data as it becomes available", "delete earlier reports that were missing the new findings"], "probs": [[0.27133079315838265, 0.2952801453134012, 0.29444958706343516, 0.1389394743647921], [0.3160947897891748, 0.2989840133532319, 0.2787934783210895, 0.10612771843652355], [0.2713570881703696, 0.32887367421541014, 0.2598180123179049, 0.1399512251963269], [0.28923815627723576, 0.33646961809662823, 0.25878033755018287, 0.1155118879759364], [0.2803359063107791, 0.3298658048266671, 0.24433878780073412, 0.14545950096180454], [0.245837945097473, 0.32450460921293345, 0.2666748053244518, 0.16298264026513357], [0.2371422358699266, 0.3117472845068928, 0.3143527165272202, 0.13675776299596062], [0.27631605610635707, 0.3169364015858806, 0.3006552652793064, 0.1060922769284529], [0.23694347363245663, 0.31891241825380146, 0.26479607720996073, 0.17934803080377837], [0.2562907228348736, 0.33486707916669467, 0.2900127031545627, 0.11882949474384838], [0.24514732368711076, 0.33974825564898825, 0.26114604577137196, 0.15395837479252972], [0.22347442979627305, 0.34068444651279667, 0.2965992259313544, 0.13924189765957107], [0.26524073118241054, 0.28430721605498227, 0.29231955020437134, 0.15813250245824134], [0.27422142748321215, 0.294963018626498, 0.29972922220446435, 0.131086331585841], [0.26283704435322575, 0.2797323526565845, 0.2689417832491566, 0.18848881964104433], [0.29003439061841424, 0.3001000099375972, 0.28657839524296896, 0.12328720410100234], [0.25172960229978397, 0.30452156565058275, 0.2616643274502978, 0.18208450449935645], [0.26631118315625957, 0.30133377845245723, 0.27755088411021894, 0.15480415418104151], [0.2468242787612415, 0.2932231969742262, 0.29390455584883357, 0.1660479683157048], [0.21434020521054328, 0.2886521650530937, 0.32040294961737453, 0.17660468001899712], [0.2763668226111724, 0.30749918037040513, 0.24002527342397428, 0.17610872349444393], [0.24951377208062295, 0.31545144859019303, 0.2757544609062139, 0.15928031832296333], [0.24657606434330148, 0.33207197850380515, 0.2349029088821128, 0.18644904817076471], [0.24660770616809344, 0.34072874760825894, 0.2528502993473526, 0.1598132467762823]], "ideal": "C", "sampled": "C", "correct": true}}
