{"type": "result", "data": {"idx": 0, "options": ["k = 0 and n = 1", "k = 1 and n = 0", "k = n = 1", "k > 1"], "probs": [[0.20402536372176883, 0.2877994050781488, 0.2619991483128713, 0.24617608278721112], [0.23483112452066057, 0.17728871105328553, 0.3417141735212027, 0.24616599080485116], [0.21541896666405322, 0.2088229382530877, 0.299093228602706, 0.27666486638015314], [0.19113302656139236, 0.11237701278643861, 0.4585714144226864, 0.2379185461294826]], "ideal": "B", "sampled": "B", "correct": true}}
{"type": "result", "data": {"idx": 1, "options": ["0", "1", "2", "3"], "probs": [[0.13423420087442947, 0.2129075463526861, 0.403968798955551, 0.24888945371733343], [0.1989180713048185, 0.2554949674049805, 0.3129807002815965, 0.2326062609086044], [0.2933244748615624, 0.22850416938916898, 0.2887868327922943, 0.18938452285697438], [0.31181104846524693, 0.16180373200966539, 0.3645995178215397, 0.16178570160354794]], "ideal": "D", "sampled": "C", "correct": false}}
{"type": "result", "data": {"idx": 2, "options": ["n = 1 and r = 6", "n = 1 and r = 7", "n = 2 and r = 5", "n = 2 and r = 6"], "probs": [[0.2297936655504935, 0.20928151834291137, 0.3044488202886697, 0.25647599571792545], [0.20141163776991033, 0.18631944234171935, 0.3535296338618592, 0.2587392859265111], [0.21271205168551663, 0.18775947761091674, 0.35073838524062473, 0.24879008536294187], [0.23585626480605, 0.2511328458534878, 0.2981756031215039, 0.21483528611895836]], "ideal": "D", "sampled": "A", "correct": false}}
{"type": "result", "data": {"idx": 3, "options": ["4", "8", "16", "2sqrt(2)"], "probs": [[0.24405277500253528, 0.16516981019424176, 0.27228216145540873, 0.3184952532478142], [0.2136409974022101, 0.15391168684813644, 0.4118934159415376, 0.22055389970811587], [0.24992112813350997, 0.3210508631712498, 0.2460803391639475, 0.18294766943129273], [0.43064300918316817, 0.16349361348026373, 0.2234373770896462, 0.18242600014692187]], "ideal": "A", "sampled": "D", "correct": false}}
{"type": "result", "data": {"idx": 4, "options": ["2/69", "1/30", "2/23", "12/125"], "probs": [[0.21586895630194605, 0.22279477781198032, 0.3241111136383884, 0.2372251521476852], [0.17597165439795584, 0.23319333441915707, 0.37845721273128696, 0.21237779835160014], [0.21899607775405558, 0.24437984821736805, 0.33397802707193364, 0.20264604685664275], [0.20403780923120837, 0.25006925311957756, 0.3417532639831305, 0.20413967356608353]], "ideal": "C", "sampled": "D", "correct": false}}
{"type": "result", "data": {"idx": 5, "options": ["(S, +, x) is closed under addition modulo 10.", "(S, +, x) is closed under multiplication modulo 10.", "(S, +, x) has an identity under addition modulo 10.", "(S, +, x) has no identity under multiplication modulo 10."], "probs": [[0.18028963831812828, 0.18605267722455776, 0.3019416584973342, 0.3317160258599798], [0.16359525036648298, 0.1160232840371071, 0.4588741234556713, 0.2615073420407386], [0.17864693167071427, 0.39650766855960706, 0.20244180550810434, 0.22240359416157435], [0.4431587093154684, 0.15558163588306714, 0.21936772434652035, 0.18189193035494408]], "ideal": "D", "sampled": "D", "correct": true}}
{"type": "result", "data": {"idx": 6, "options": ["12*sqrt(2)", "6*sqrt(2)", "4*sqrt(2)", "1/(2*sqrt(2))"], "probs": [[0.24239656326731002, 0.2173664718648982, 0.3262380659253993, 0.21399889884239254], [0.26728437543003875, 0.2148948109633073, 0.28906969525321086, 0.22875111825344313], [0.24423493442477237, 0.16277118025582524, 0.32872781154206315, 0.2642660736773393], [0.23676253421155685, 0.13707103446562938, 0.39658771734091186, 0.22957871388190187]], "ideal": "C", "sampled": "B", "correct": false}}
{"type": "result", "data": {"idx": 7, "options": ["0", "10%", "25%", "50%"], "probs": [[0.1446702501729039, 0.19780777687550055, 0.3995240687853531, 0.2579979040662424], [0.16988480595692299, 0.23965171691321072, 0.34322027391399795, 0.24724320311586834], [0.2275983724902717, 0.3063760147142404, 0.2968760474753938, 0.16914956522009406], [0.2025226145028422, 0.1760015882077172, 0.4091854271126263, 0.21229037007681434]], "ideal": "C", "sampled": "D", "correct": false}}
{"type": "result", "data": {"idx": 8, "options": ["None", "I only", "II only", "III only"], "probs": [[0.14093152967278205, 0.13876962453572614, 0.3488466091277051, 0.37145223656378673], [0.13954006134068314, 0.18203471599189022, 0.30482637879184404, 0.3735988437755826], [0.14873645976581257, 0.15349185236510757, 0.3352186033506957, 0.3625530844183842], [0.1695069195674959, 0.13838082597263993, 0.3217111490050404, 0.3704011053548238]], "ideal": "C", "sampled": "C", "correct": true}}
{"type": "result", "data": {"idx": 9, "options": ["Every compact space is complete", "Every complete space is compact", "Neither (a) nor (b).", " Both (a) and (b)."], "probs": [[0.1887276512656353, 0.12378517813752679, 0.48973200814890083, 0.19775516234793708], [0.20415550164095214, 0.2279096360588206, 0.2972075596570658, 0.27072730254316146], [0.3086740190272398, 0.17325334706640136, 0.2811842988934488, 0.23688833491291], [0.2918234423729504, 0.1637795691955287, 0.26999160242373516, 0.27440538590778574]], "ideal": "A", "sampled": "C", "correct": false}}
{"type": "result", "data": {"idx": 10, "options": ["10", "20", "25", "45"], "probs": [[0.10963900886186528, 0.3027885786262922, 0.30753686333642694, 0.28003554907541556], [0.3732822612578556, 0.1936645988232187, 0.2999638139923173, 0.13308932582660837], [0.46990935589414506, 0.2595233541609594, 0.16239708176428092, 0.10817020808061459], [0.47849819059355336, 0.14593242107362545, 0.24061264095284457, 0.1349567472799766]], "ideal": "D", "sampled": "D", "correct": true}}
{"type": "result", "data": {"idx": 11, "options": ["1/64", "15/64", "1/4", "3/8"], "probs": [[0.24446954956486588, 0.16290755325554598, 0.32394122591443125, 0.2686816711651569], [0.27302617645591654, 0.18480550301627513, 0.32940576458872745, 0.2127625558390809], [0.23207824275673616, 0.17251630382774125, 0.3595254474448072, 0.23588000587071542], [0.24563708898948963, 0.26991519329232916, 0.2534984945997417, 0.2309492230184395]], "ideal": "B", "sampled": "A", "correct": false}}
{"type": "result", "data": {"idx": 12, "options": ["0", "1", "2", "3"], "probs": [[0.4358146119479304, 0.12490565979974838, 0.20590641676322585, 0.2333733113890953], [0.37897736959772504, 0.1310154536538076, 0.21262786423904906, 0.27737931240941827], [0.26978829500361506, 0.14001071451694375, 0.3988290428716466, 0.19137194750779457], [0.3143571661747627, 0.26484284196891655, 0.23004454714805997, 0.1907554446082608]], "ideal": "A", "sampled": "A", "correct": true}}
{"type": "result", "data": {"idx": 13, "options": ["4", "7", "10", "13"], "probs": [[0.19712930622023017, 0.19413615471960632, 0.3515035457333558, 0.2572309932268077], [0.21924144680815322, 0.18180548194633256, 0.35042364446067265, 0.24852942668484151], [0.21066937162362923, 0.24256407083475964, 0.2925418062594323, 0.2542247511821788], [0.24187819296864554, 0.14447292468782566, 0.35201021500866836, 0.26163866723486046]], "ideal": "B", "sampled": "D", "correct": false}}
{"type": "result", "data": {"idx": 14, "options": ["0.64", "0.72", "0.81", "0.95"], "probs": [[0.245252009527417, 0.20984828157340663, 0.32495253790716444, 0.21994717089201196], [0.20907073343900467, 0.19646223472961832, 0.3341375986640578, 0.26032943306731915], [0.18042706903718467, 0.1722069927220099, 0.4262032083382216, 0.22116272980258378], [0.16237044855100746, 0.24383597110241295, 0.3717494086996853, 0.22204417154689432]], "ideal": "D", "sampled": "A", "correct": false}}
{"type": "result", "data": {"idx": 15, "options": ["I only", "II only", "III only", "I and II only"], "probs": [[0.21014808666922838, 0.23085488834807416, 0.20690933433001416, 0.3520876905526833], [0.19737895419349255, 0.16111936153706116, 0.3630738366203178, 0.27842784754912847], [0.1702471200914736, 0.31322237379365603, 0.2763645309475186, 0.24016597506735174], [0.22567157108804542, 0.3085258556813547, 0.22924306644824907, 0.23655950668235076]], "ideal": "D", "sampled": "D", "correct": true}}
{"type": "result", "data": {"idx": 16, "options": ["I only", "II only", "III only", "I and II only"], "probs": [[0.16362439825795785, 0.23082330362380865, 0.23077678219648645, 0.37477551582174706], [0.18561454945203676, 0.15879825465871522, 0.36346770954078345, 0.29211948624846457], [0.16958601291784614, 0.2753687068764397, 0.27964849943991466, 0.2753967806657995], [0.19097652460285022, 0.2530764563701856, 0.28228091349518025, 0.2736661054317839]], "ideal": "B", "sampled": "D", "correct": false}}
{"type": "result", "data": {"idx": 17, "options": ["-1/4", "-1/(4sqrt(2))", "0", "sqrt(2)"], "probs": [[0.25227868178529, 0.22978180302196977, 0.277101184741247, 0.2408383303514932], [0.284276553641401, 0.14523132552010926, 0.3272304588802412, 0.24326166185824855], [0.15759485253926875, 0.1457898700483443, 0.37810469959897525, 0.31851057771341174], [0.23264340117476803, 0.16760380306316328, 0.37767838468725606, 0.22207441097481262]], "ideal": "C", "sampled": "B", "correct": false}}
{"type": "result", "data": {"idx": 18, "options": ["I and II only", "III only", "I and III only", "I, II, and III"], "probs": [[0.19823028145238308, 0.15203048287301868, 0.30707094070224883, 0.3426682948723494], [0.1807926568090031, 0.22861565306559403, 0.32743146524386374, 0.2631602247815391], [0.18999676404483545, 0.208719864466776, 0.3495075106271281, 0.2517758607612604], [0.179567897910761, 0.29615353652396015, 0.24166389577165887, 0.28261466969362]], "ideal": "D", "sampled": "A", "correct": false}}
{"type": "result", "data": {"idx": 19, "options": ["3", "e", "sqrt(5)", "0"], "probs": [[0.19794379483009045, 0.1774776024952316, 0.3875937528464778, 0.23698484972820016], [0.3685235843523984, 0.22013456611225604, 0.19119601804472444, 0.22014583139062108], [0.4069248316201495, 0.12907343716899944, 0.23922065675189053, 0.22478107435896055], [0.13071259046520098, 0.1209251571063181, 0.33907990432536805, 0.4092823480031128]], "ideal": "A", "sampled": "C", "correct": false}}
{"type": "result", "data": {"idx": 20, "options": ["I only", "II only", "III only", "I, II, and III"], "probs": [[0.17372956870249093, 0.19086013732432067, 0.23749019203195318, 0.3979201018412352], [0.18931923240558857, 0.13427106634612068, 0.40085076087129734, 0.27555894027699346], [0.1906340185823831, 0.24871887642404805, 0.29995562282383686, 0.260691482069732], [0.20677758443109326, 0.2534224650990493, 0.27829026758435604, 0.2615096827855014]], "ideal": "D", "sampled": "D", "correct": true}}
{"type": "result", "data": {"idx": 21, "options": ["None", "One", "Four", "Five"], "probs": [[0.11959404586247266, 0.16607110324384372, 0.35712105298286567, 0.3572137978108179], [0.19980456827655432, 0.19068565394504403, 0.30471887273367226, 0.3047909049447294], [0.24879901115796407, 0.15329583564084628, 0.32455719559778495, 0.2733479575034047], [0.23053595477140987, 0.09461896009967243, 0.41756859237337723, 0.2572764926555405]], "ideal": "D", "sampled": "B", "correct": false}}
{"type": "result", "data": {"idx": 22, "options": ["I only", "II only", "III only", "I and II only"], "probs": [[0.18660766540355533, 0.23967822312350387, 0.251137811614591, 0.3225762997583498], [0.20462254263101776, 0.18345739615554585, 0.3321639448594906, 0.2797561162539458], [0.18539715363905024, 0.28277722840989783, 0.278340973776788, 0.2534846440742639], [0.2216466499134772, 0.26327596681322235, 0.27159066624254063, 0.2434867169307598]], "ideal": "B", "sampled": "D", "correct": false}}
{"type": "result", "data": {"idx": 23, "options": ["2/81", "1/18", "2/27", "1/9"], "probs": [[0.21450687091908172, 0.192342793694061, 0.3537370965644762, 0.23941323872238102], [0.23153036830494145, 0.2666057049961513, 0.30679020282538483, 0.19507372377352242], [0.2544593214734249, 0.23914363977901837, 0.2709262966838754, 0.2354707419636813], [0.18496598852709967, 0.26505944920092994, 0.3196579908903061, 0.23031657128166427]], "ideal": "A", "sampled": "C", "correct": false}}
{"type": "result", "data": {"idx": 24, "options": ["True, True", "True, False", "False, True", "False, False"], "probs": [[0.2374605798862256, 0.21966202227568404, 0.28200557404908416, 0.2608718236890062], [0.25372935095065763, 0.17996016679275992, 0.28753466268091965, 0.2787758194756628], [0.22292618289900867, 0.14172069081562297, 0.33993791576430765, 0.29541521042106067], [0.15304544338475892, 0.11025060547902457, 0.4225905176188577, 0.3141134334173588]], "ideal": "B", "sampled": "B", "correct": true}}
{"type": "result", "data": {"idx": 25, "options": ["I and II only", "I and III only", "II and III only", "III only"], "probs": [[0.1684519276652533, 0.2163337863616581, 0.24132184270539947, 0.37389244316768916], [0.18914976714150067, 0.18625241516158106, 0.2976191937625812, 0.32697862383433707], [0.17561314736617106, 0.22204765344354824, 0.2636607547785319, 0.33867844431174876], [0.1776154365602654, 0.20770131358962438, 0.29288733439030945, 0.32179591535980073]], "ideal": "D", "sampled": "D", "correct": true}}
{"type": "result", "data": {"idx": 26, "options": ["9/2 days", "5 days", "41/8 days", "36/7 days"], "probs": [[0.23527620029253793, 0.18620360830937613, 0.31177278420868754, 0.2667474070893984], [0.18833172600072404, 0.20057256816665156, 0.3575093203054386, 0.2535863854271858], [0.24214292699444412, 0.20720559047764356, 0.29675030263153074, 0.25390117979638155], [0.2687760631288936, 0.17091217890031943, 0.3192569362687236, 0.24105482160206332]], "ideal": "D", "sampled": "D", "correct": true}}
{"type": "result", "data": {"idx": 27, "options": ["1/2", "1", "sqrt(2)", "pi"], "probs": [[0.209592607453478, 0.14407080195788077, 0.43007021497255016, 0.21626637551609107], [0.25901683004515286, 0.21985960511782365, 0.28894238369515224, 0.23218118104187124], [0.3795713314226083, 0.1908708576277869, 0.2488924451418575, 0.1806653657077473], [0.2882957031306352, 0.13943166406108884, 0.2794237309672479, 0.2928489017410281]], "ideal": "A", "sampled": "C", "correct": false}}
{"type": "result", "data": {"idx": 28, "options": ["f has all of its relative extrema on the line x = y.", "f has all of its relative extrema on the parabola x = y^2.", "f has a relative minimum at (0, 0).", "f has an absolute minimum at (2/3, 2/3)."], "probs": [[0.1961502821204527, 0.09266127368890663, 0.4025157271663444, 0.3086727169242963], [0.20996381027440944, 0.15363707907992422, 0.33554419371789707, 0.30085491682776927], [0.17337025114346163, 0.11371059562599638, 0.4224926751239458, 0.29042647800659616], [0.19274346815720184, 0.2635157743356727, 0.27184197708990687, 0.2718987803172186]], "ideal": "A", "sampled": "A", "correct": true}}
{"type": "result", "data": {"idx": 29, "options": ["5", "6", "12", "15"], "probs": [[0.2091029553039935, 0.24076984461567366, 0.323933805136268, 0.2261933948440648], [0.27514690978001566, 0.24289531237126263, 0.2709266623859877, 0.21103111536273397], [0.2889660212416759, 0.23226252993816512, 0.2801130330248792, 0.19865841569527976], [0.3098542874654793, 0.1879885010524457, 0.29570798845361906, 0.206449222928456]], "ideal": "B", "sampled": "C", "correct": false}}
{"type": "result", "data": {"idx": 30, "options": ["S(n0 + 1) is not true.", "S(n0 - 1) is not true.", "S(n) is not true for any n <= n0", "S(n) is not true for any n >= n0"], "probs": [[0.13226515743196657, 0.047906140496581776, 0.539780764067326, 0.28004793790412563], [0.1554898539994074, 0.2524316721499112, 0.3396510931353855, 0.2524273806152959], [0.26277828213924953, 0.15939995644882746, 0.3270504474312842, 0.25077131388063884], [0.33673219865971554, 0.1566134197372518, 0.21404976502752313, 0.29260461647550956]], "ideal": "C", "sampled": "C", "correct": true}}
{"type": "result", "data": {"idx": 31, "options": ["(0, 0, 1)", "(3/7, 3/14, 9/14)", "(7/15, 8/15, 1/15)", "(5/6, 1/3, 1/3)"], "probs": [[0.1560884094665065, 0.3057346894176835, 0.2962646439931863, 0.24191225702262367], [0.26379739613852, 0.18135313819202467, 0.3182584331544459, 0.23659103241500942], [0.216651406614403, 0.1882817269929459, 0.32528742659881127, 0.2697794396938399], [0.18525573333354348, 0.1465784438317699, 0.3984509646724921, 0.26971485806219453]], "ideal": "B", "sampled": "B", "correct": true}}
{"type": "result", "data": {"idx": 32, "options": ["For no such integer n", "For 3, 5, 7, and 11 only", "For 3, 5, 7, 9, and 11 only", "For 4, 6, 8, and 10 only"], "probs": [[0.16020457980195532, 0.290186507065692, 0.2683278162015679, 0.2812810968307848], [0.28553937586345746, 0.19026354592938013, 0.2641140700263582, 0.26008300808080415], [0.25647928543866017, 0.21943650483570065, 0.2193965399225738, 0.3046876697030654], [0.28786648174824003, 0.14032134830506168, 0.27470866661628773, 0.2971035032304105]], "ideal": "B", "sampled": "B", "correct": true}}
{"type": "result", "data": {"idx": 33, "options": ["1", "2", "3", "4"], "probs": [[0.09974600972018477, 0.16193373541997177, 0.4007851420730281, 0.3375351126868153], [0.19287015495755777, 0.2363618314029843, 0.3230473696862469, 0.24772064385321102], [0.40161100624376295, 0.23613818339338133, 0.1867797104347684, 0.17547109982808728], [0.29031954943135224, 0.1404009693959603, 0.3728326780919533, 0.1964468029807341]], "ideal": "C", "sampled": "C", "correct": true}}
{"type": "result", "data": {"idx": 34, "options": ["I only", "II only", "III only", "I, II, and III"], "probs": [[0.17674361694307816, 0.2166697000248038, 0.23788572064302888, 0.36870096228908916], [0.17760492859494856, 0.17767135797154407, 0.39413592215411364, 0.2505877911793937], [0.18597621278024257, 0.27936861748788394, 0.28811321518261634, 0.24654195444925717], [0.2243123187980643, 0.25430201017113696, 0.274894164468823, 0.2464915064619757]], "ideal": "D", "sampled": "D", "correct": true}}
{"type": "result", "data": {"idx": 35, "options": ["x^2 + y^2 + z^2 + 8 = 6y", "(x^2 + y^2 + z^2)^2 = 8 + 36(x^2 + z^2)", "(x^2 + y^2 + z^2 + 8)^2 = 36(x^2 + z^2)", "(x^2 + y^2 + z^2 + 8)^2 = 36(x^2 + y^2)"], "probs": [[0.2205348181185237, 0.14924847188598697, 0.3469743819501097, 0.2832423279453796], [0.2813230668822816, 0.24834432455367952, 0.24065164502086825, 0.22968096344317063], [0.23853400347231665, 0.18581417201091383, 0.29228603836951406, 0.2833657860472555], [0.2280763983498425, 0.15678477285724632, 0.3267284929425621, 0.288410335750349]], "ideal": "D", "sampled": "C", "correct": false}}
{"type": "result", "data": {"idx": 36, "options": ["y = 2x + 1", "y = 2x", "y = x + 2", "y = x + 1"], "probs": [[0.19176915286053806, 0.2925043105786597, 0.2879131734083272, 0.22781336305247502], [0.13653864844840405, 0.10470662541951908, 0.49953893569157787, 0.259215790340499], [0.18362283309190064, 0.34319498196954706, 0.27141778296008223, 0.20176440187847003], [0.2085133523809022, 0.24384294811198928, 0.35473934341011537, 0.19290435599699313]], "ideal": "A", "sampled": "D", "correct": false}}
{"type": "result", "data": {"idx": 37, "options": ["2", "3", "4", "5"], "probs": [[0.29382185458382604, 0.22895533867671375, 0.25532753414316667, 0.22189527249629354], [0.2869635734580021, 0.22361663805344786, 0.20673120893761862, 0.2826885794509314], [0.2115917354610567, 0.16230459509657014, 0.42092457409464157, 0.2051790952477316], [0.2368475488692632, 0.2995673000255054, 0.24441949987467718, 0.2191656511305542]], "ideal": "A", "sampled": "A", "correct": true}}
{"type": "result", "data": {"idx": 38, "options": ["True, True", "True, False", "False, True", "False, False"], "probs": [[0.21022762356086352, 0.21028365192694679, 0.29648664590731727, 0.2830020785048724], [0.2162080374708923, 0.18789665119115107, 0.2955569580563842, 0.3003383531815724], [0.19813595710203546, 0.14273716507914821, 0.342370718683338, 0.3167561590354783], [0.14826159398655037, 0.11193418668483211, 0.41584265847581603, 0.32396156075280147]], "ideal": "A", "sampled": "B", "correct": false}}
{"type": "result", "data": {"idx": 39, "options": ["1", "2", "3", "4"], "probs": [[0.16177563126591907, 0.18052428689992778, 0.36463766743116516, 0.293062414302988], [0.18093873828238963, 0.21493822654330433, 0.34884784141938036, 0.2552751936549257], [0.20906774453622026, 0.3290270464703459, 0.26848878073920796, 0.1934164281542259], [0.28698724933059977, 0.18533455109731542, 0.33038422954331426, 0.19729396992877055]], "ideal": "C", "sampled": "D", "correct": false}}
{"type": "result", "data": {"idx": 40, "options": ["the entire real axis", "a point", "a ray", "an open finite interval"], "probs": [[0.22884578659561955, 0.18390083037115681, 0.34358396610781966, 0.24366941682540394], [0.2262967492965549, 0.26050531473378036, 0.2645914514904157, 0.248606484379249], [0.2570055424910078, 0.2340359389547916, 0.295840710371951, 0.21311780808224962], [0.23581589404644926, 0.25904187171488596, 0.2800623434492676, 0.2250798906893972]], "ideal": "B", "sampled": "C", "correct": false}}
{"type": "result", "data": {"idx": 41, "options": ["finite", "cyclic", "of order two", "abelian"], "probs": [[0.237477939738756, 0.17931261389678776, 0.2375160420073571, 0.3456934042570991], [0.22454490920824102, 0.13837902040321132, 0.3703035060645853, 0.26677256422396234], [0.259265210315509, 0.31779726863011765, 0.1867773057813831, 0.23616021517299027], [0.4231806035932821, 0.1485939897657754, 0.1907707126133002, 0.23745469392764232]], "ideal": "D", "sampled": "D", "correct": true}}
{"type": "result", "data": {"idx": 42, "options": ["3", "4", "5", "8"], "probs": [[0.2657374778979144, 0.1562684499505125, 0.3359607507840716, 0.24203332126750146], [0.26237603237460794, 0.18323134828072277, 0.27932491063290327, 0.275067708611766], [0.24790025493706583, 0.15040252059393686, 0.4024339735830912, 0.19926325078590615], [0.28038299025296143, 0.20200840253685656, 0.3278364284732182, 0.18977217863696383]], "ideal": "D", "sampled": "A", "correct": false}}
{"type": "result", "data": {"idx": 43, "options": ["II only", "III only", "I and II only", "II and III only"], "probs": [[0.16464648139756977, 0.16469365847531076, 0.33263541255948764, 0.3380244474676319], [0.16757173584854168, 0.2988659992684177, 0.2438460253852241, 0.2897162393978165], [0.16507913170594235, 0.2023201137578823, 0.29895570871224614, 0.33364504572392917], [0.19614947424803095, 0.22585356906341703, 0.2441428078211427, 0.3338541487674093]], "ideal": "A", "sampled": "C", "correct": false}}
{"type": "result", "data": {"idx": 44, "options": ["1", "3", "5", "7"], "probs": [[0.3226001156603624, 0.14659481622868006, 0.23240214479042523, 0.2984029232205323], [0.26451030962154815, 0.12305037206038506, 0.3560218592232997, 0.2564174589947671], [0.33141046759152326, 0.16411510108260277, 0.3065707087210214, 0.19790372250485258], [0.3744879364592858, 0.2068801075013228, 0.21341687438738025, 0.20521508155201115]], "ideal": "D", "sampled": "D", "correct": true}}
{"type": "result", "data": {"idx": 45, "options": ["True, True", "True, False", "False, True", "False, False"], "probs": [[0.2210250181349635, 0.26256297600999284, 0.2882886998537202, 0.22812330590132346], [0.22824343907001673, 0.22479542937387736, 0.26273249162982104, 0.2842286398262848], [0.17518275974429204, 0.13646659253663104, 0.394825398882484, 0.2935252487365929], [0.1389511560624265, 0.1226492498011297, 0.4347676874080307, 0.3036319066284131]], "ideal": "A", "sampled": "B", "correct": false}}
{"type": "result", "data": {"idx": 46, "options": ["\u03c0/12", "\u03c0/6", "\u03c0/3", "2\u03c0/3"], "probs": [[0.21942284047129448, 0.20620634535258237, 0.3294469019606011, 0.244923912115522], [0.2548635861788102, 0.23215773353404226, 0.28437655737571454, 0.228602122811433], [0.2461361364435544, 0.13597105036892612, 0.3016215770651802, 0.31627123602233925], [0.21645598111372275, 0.12728209792294837, 0.4108501076287453, 0.24541181323458358]], "ideal": "B", "sampled": "B", "correct": true}}
{"type": "result", "data": {"idx": 47, "options": ["3", "pi", "3pi", "3/2"], "probs": [[0.23098125707311412, 0.3415036746293982, 0.22042199638633098, 0.20709307181115671], [0.4091787337847657, 0.16028153894728972, 0.22954334316342415, 0.2009963840045204], [0.3134750518924953, 0.1458224697510353, 0.2639964599344323, 0.27670601832203706], [0.22954303365949685, 0.16799333940246633, 0.3966502307949715, 0.20581339604306528]], "ideal": "B", "sampled": "B", "correct": true}}
{"type": "result", "data": {"idx": 48, "options": ["Only (II)", "Only (IV )", "(I) and (IV )", "(II) and (III)"], "probs": [[0.160902217014435, 0.14889527855814666, 0.2914887368387558, 0.39871376748866255], [0.177828684431413, 0.20801693198984894, 0.24315224585485806, 0.37100213762388], [0.18315106230043088, 0.177608664471548, 0.33700232722979373, 0.3022379458982274], [0.19855502848330786, 0.2673694371595592, 0.21143945104275197, 0.322636083214381]], "ideal": "C", "sampled": "A", "correct": false}}
{"type": "result", "data": {"idx": 49, "options": ["f is Riemann integrable.", "There does not exist a countably infinite E of R such that f is nondifferentiable at every x \\in E.", "There does not exist an uncountable subset E of R such that f is nondifferentiable at every x \\in E.", "None of the above."], "probs": [[0.14835860054735814, 0.24852860341758662, 0.33437121409367454, 0.2687415818413807], [0.28182202994720273, 0.17918813493826424, 0.3295025576247469, 0.20948727738978612], [0.22933931304695632, 0.14354035042965957, 0.30862101449531115, 0.31849932192807295], [0.12771814489347433, 0.12974805548615917, 0.4059395012178612, 0.3365942983025053]], "ideal": "D", "sampled": "B", "correct": false}}
{"type": "result", "data": {"idx": 50, "options": ["the open first quadrant", "a closed curve", "a ray in the open first quadrant", "a single point"], "probs": [[0.2273245521355205, 0.31078187554297043, 0.23091482311904435, 0.23097874910246471], [0.2711232223500919, 0.1451177106617497, 0.3481494084203957, 0.23560965846776266], [0.23743292408052077, 0.18492291978216774, 0.34013805235962735, 0.23750610367768415], [0.2334539512595716, 0.18468979549616812, 0.3789820485624789, 0.20287420458178138]], "ideal": "A", "sampled": "B", "correct": false}}
{"type": "result", "data": {"idx": 51, "options": ["1", "2", "p >= 1", "infinity"], "probs": [[0.19987948534694489, 0.21619221888097193, 0.3677195663042641, 0.2162087293678191], [0.24001102921913944, 0.285157135542811, 0.21519332480682749, 0.25963851033122204], [0.25023877618194634, 0.1641622483566154, 0.3019107579883026, 0.2836882173731357], [0.14458027283119224, 0.16387918564938514, 0.29212703929546185, 0.39941350212396076]], "ideal": "B", "sampled": "C", "correct": false}}
{"type": "result", "data": {"idx": 52, "options": ["f is a homeomorphism.", "f is continuous and one-to-one", "f is continuous.", "f is one-to-one"], "probs": [[0.10205453116293133, 0.09739366390462068, 0.5517906669375747, 0.2487611378948733], [0.1748610883776326, 0.3216884135878263, 0.30214825269538637, 0.20130224523915474], [0.18231111219755272, 0.1511580600838285, 0.3514231934367903, 0.3151076341818285], [0.09324340814848509, 0.05149947974504655, 0.26563959024680633, 0.589617521759662]], "ideal": "C", "sampled": "C", "correct": true}}
{"type": "result", "data": {"idx": 53, "options": ["12", "16", "12*sqrt(3)", "16*sqrt(3)"], "probs": [[0.14125328833677603, 0.16520955664623058, 0.47801549793423853, 0.21552165698275483], [0.2013167738713173, 0.34269276257902725, 0.32180720564485177, 0.13418325780480372], [0.3548934002658449, 0.21875048193753577, 0.2637926221914865, 0.1625634955051328], [0.24611915278776242, 0.1947753400194279, 0.34177705132855957, 0.2173284557642501]], "ideal": "C", "sampled": "C", "correct": true}}
{"type": "result", "data": {"idx": 54, "options": ["4", "7", "8", "12"], "probs": [[0.2467517407437729, 0.17502727059597267, 0.3426599596002789, 0.23556102895997555], [0.2274697768101714, 0.21043719898575816, 0.3415370430513748, 0.22055598105269567], [0.2753472286880754, 0.22131333913209217, 0.3169717443123623, 0.18636768776747017], [0.2843195326782847, 0.23578600147032247, 0.25491298382026345, 0.2249814819311294]], "ideal": "A", "sampled": "D", "correct": false}}
{"type": "result", "data": {"idx": 55, "options": ["|x| \u2265 0", "|x \u00b7 y| \u2264 |x||y|", "|x| = 0 if and only if x = 0", "|x + y| = |x| + |y|"], "probs": [[0.15306735493402918, 0.09432453197264765, 0.3615562725169388, 0.3910518404763844], [0.13414343699540143, 0.0907864787179699, 0.5828490094890239, 0.19222107469760477], [0.16825006287911703, 0.08330218182502099, 0.5693027077427351, 0.17914504745312695], [0.16433563092187448, 0.17774968542990216, 0.4468188085637245, 0.21109587498449883]], "ideal": "D", "sampled": "D", "correct": true}}
{"type": "result", "data": {"idx": 56, "options": ["4", "5", "6", "7"], "probs": [[0.3084935957782768, 0.1731425867418604, 0.28537501181043434, 0.23298880556942844], [0.3505485355503486, 0.17095714805800805, 0.24479706582959287, 0.2336972504620505], [0.368246745080087, 0.1852896417578433, 0.24923675502540038, 0.19722685803666934], [0.3308829662662339, 0.16909879466083594, 0.2577580741765895, 0.24226016479634058]], "ideal": "B", "sampled": "C", "correct": false}}
{"type": "result", "data": {"idx": 57, "options": ["1 only", "2 only", "0 and 1 only", "0, 1, and 2 only"], "probs": [[0.15209498189783474, 0.10957190883130434, 0.2978441252042886, 0.44048898396657227], [0.19994202254203278, 0.14862704275552305, 0.3736439346893507, 0.27778699991309347], [0.22166944208519587, 0.22525290323785185, 0.2937337843402677, 0.2593438702366846], [0.3472991235609381, 0.16157556827873165, 0.2074308364268708, 0.28369447163345946]], "ideal": "D", "sampled": "D", "correct": true}}
{"type": "result", "data": {"idx": 58, "options": ["2", "\u03c0", "4", "3\u03c0/2"], "probs": [[0.22034515438260568, 0.26588195559703853, 0.26791101691427943, 0.24586187300607634], [0.2585355302651147, 0.14282433474387507, 0.3479665167584765, 0.25067361813253375], [0.19354605384402096, 0.2646677454345837, 0.30455678244530215, 0.23722941817609314], [0.2904586834983445, 0.15073997005415515, 0.3141195820571715, 0.2446817642903288]], "ideal": "C", "sampled": "D", "correct": false}}
{"type": "result", "data": {"idx": 59, "options": ["9", "8", "0", "-5"], "probs": [[0.29818662109413235, 0.23237273892305932, 0.25115486228473194, 0.21828577759807638], [0.2896160651625428, 0.18419144222422817, 0.2896805573853003, 0.2365119351279287], [0.1724355395328752, 0.149892213178967, 0.38869277218109816, 0.28897947500705967], [0.20118639461831267, 0.23169889008027947, 0.3165827549714921, 0.2505319602299158]], "ideal": "A", "sampled": "A", "correct": true}}
{"type": "result", "data": {"idx": 60, "options": ["None", "One", "Two", "Three"], "probs": [[0.15962694821589754, 0.28911436032018284, 0.30774856069212103, 0.2435101306717986], [0.22929390920947976, 0.2441275083159533, 0.2899038450144327, 0.2366747373601342], [0.23554058105821027, 0.21786996586901053, 0.3481692710044551, 0.19842018196832412], [0.2493811509977264, 0.14661619721151392, 0.4243226538616475, 0.17967999782911212]], "ideal": "B", "sampled": "B", "correct": true}}
{"type": "result", "data": {"idx": 61, "options": ["20!/2^(10)", "10!/2^9", "10^(20) - 2^(10)", "10^(20) - 100"], "probs": [[0.2705332338539434, 0.1980048119823815, 0.2925899922555158, 0.2388719618081593], [0.20182432820160084, 0.17268756748405711, 0.3078037362474673, 0.3176843679668747], [0.18125423107365246, 0.1600039970716569, 0.3778588344311824, 0.2808829373235082], [0.1444628005090196, 0.23458104881895928, 0.3466317212219381, 0.274324429350083]], "ideal": "A", "sampled": "A", "correct": true}}
{"type": "result", "data": {"idx": 62, "options": ["It is possible to place an linear order relation \u2264 on the complex numbers C such that (C, +, \u00d7, \u2264) is not an ordered field.", "It is possible to place a linear order relation on the complex numbers C which make (C, +, \u00d7, \u2264) an ordered field.", "Neither (a) nor (b)", "Both (a) and (b)."], "probs": [[0.1902441084194674, 0.18444201348367678, 0.4028313159539796, 0.22248256204287625], [0.1579503718855594, 0.08325524688661677, 0.25642266370395556, 0.5023717174238682], [0.18912773758881257, 0.18052070793132677, 0.33724295084552314, 0.2931086035343375], [0.22256406644282634, 0.18747735859712863, 0.2995445265862848, 0.2904140482737602]], "ideal": "A", "sampled": "A", "correct": true}}
{"type": "result", "data": {"idx": 63, "options": ["1/4", "1/3", "1/2", "2/3"], "probs": [[0.26698273019828767, 0.21128146033437034, 0.33233558633080346, 0.18940022303653856], [0.2602087038557407, 0.31402341464071654, 0.2727466306636168, 0.153021250739926], [0.3755581508696857, 0.23147683298611768, 0.20106155269542397, 0.19190346334877265], [0.32520954343958086, 0.17412588710269034, 0.31526963490360016, 0.18539493445412863]], "ideal": "D", "sampled": "C", "correct": false}}
{"type": "result", "data": {"idx": 64, "options": ["The integers under addition", "The nonzero integers under multiplication", "The nonzero real numbers under multiplication", "The complex numbers under addition"], "probs": [[0.21732381826481115, 0.2041919915414707, 0.3162455166188878, 0.2622386734748304], [0.26905720220540136, 0.2691295920432378, 0.21286333143683528, 0.24894987421452555], [0.2288400300762704, 0.18390483210348338, 0.3278430201632667, 0.2594121175569795], [0.26360819919490147, 0.2595947500622591, 0.24767329903480098, 0.2291237516080384]], "ideal": "B", "sampled": "A", "correct": false}}
{"type": "result", "data": {"idx": 65, "options": ["4x + 6y", "x + y + 5", "9x + 4y", "4x - 9y"], "probs": [[0.26087573945523457, 0.1879381295236204, 0.2777210258480653, 0.2734651050730797], [0.2558483366778198, 0.19017026466448597, 0.26398773798741687, 0.2899936605702773], [0.2805129927192703, 0.1755739625453309, 0.26768318214843856, 0.27622986248696024], [0.26123527079048975, 0.19723332220181394, 0.24542545145419878, 0.2961059554534975]], "ideal": "D", "sampled": "C", "correct": false}}
{"type": "result", "data": {"idx": 66, "options": ["0", "-2", "-sqrt(34)", "-sqrt(35)"], "probs": [[0.18609407542275105, 0.19205552337633278, 0.3423450290814424, 0.2795053720194738], [0.2494006305683598, 0.20683707294779927, 0.26970657703563616, 0.2740557193482048], [0.29055711191137124, 0.16561121990199956, 0.29517918382346486, 0.24865248426316436], [0.2522552609191409, 0.18462073801101792, 0.27710148689360026, 0.2860225140762409]], "ideal": "C", "sampled": "C", "correct": true}}
{"type": "result", "data": {"idx": 67, "options": ["II only", "III only", "I and II only", "I and III only"], "probs": [[0.1871086303074222, 0.1677780399220881, 0.35514794718207043, 0.28996538248841924], [0.18317300750690288, 0.27510215599607457, 0.266574937082622, 0.2751498993144006], [0.20511542831774368, 0.2020057498310076, 0.3079686324898505, 0.2849101892613982], [0.2088146774438618, 0.22239581906961958, 0.25994270650018525, 0.3088467968863333]], "ideal": "D", "sampled": "C", "correct": false}}
{"type": "result", "data": {"idx": 68, "options": ["\u03c0/3", "\u03c0/4", "\u03c0", "2\u03c0"], "probs": [[0.306316504040023, 0.1745929769875747, 0.2877990092883502, 0.2312915095840521], [0.25072839853640483, 0.2111983150032561, 0.30247491595104525, 0.23559837040929385], [0.2352998589533685, 0.19512170842010182, 0.32673272974103784, 0.24284570278549183], [0.2396334331878828, 0.23972109672179, 0.2846276546619118, 0.23601781532841537]], "ideal": "A", "sampled": "A", "correct": true}}
{"type": "result", "data": {"idx": 69, "options": ["Sunday", "Monday", "Tuesday", "Wednesday"], "probs": [[0.3175482058938229, 0.14316400457488349, 0.2759525097346767, 0.26333527969661696], [0.22801895097569883, 0.14724357205284078, 0.3819498958511186, 0.24278758102034179], [0.2011233418978793, 0.25038716194509986, 0.3019930123980844, 0.24649648365893648], [0.28985735771141646, 0.23665186760443235, 0.22934137282462294, 0.24414940175952823]], "ideal": "A", "sampled": "D", "correct": false}}
{"type": "result", "data": {"idx": 70, "options": ["\u221248/\u03c0 cm/min", "\u22124/(3\u03c0) cm/min", "\u22128/(3\u03c0) cm/min", "\u221216/(3\u03c0) cm/min"], "probs": [[0.19849165384758985, 0.2017603873217828, 0.3485445224050789, 0.2512034363255485], [0.2408955019738433, 0.19984472391528357, 0.3143152091878814, 0.2449445648229917], [0.24250037921032494, 0.18316426473003425, 0.33159323519688333, 0.24274212076275747], [0.21244463638989544, 0.2335002009858669, 0.3240944195079723, 0.22996074301626537]], "ideal": "D", "sampled": "C", "correct": false}}
{"type": "result", "data": {"idx": 71, "options": ["The system is consistent.", "The system has infinitely many solutions.", "The sum of any two solutions is a solution.", "Every solution is a scalar multiple of (-5, 1, 1, 0)."], "probs": [[0.2137758423341239, 0.1639430400607675, 0.30622989634864695, 0.31605122115646167], [0.2645759183332928, 0.1936151976403096, 0.2729768956162417, 0.26883198831015587], [0.2367468581892817, 0.18732053876972987, 0.33913262210968115, 0.23679998083130724], [0.24539760877125794, 0.20994543714293304, 0.29141443530663724, 0.2532425186791718]], "ideal": "D", "sampled": "A", "correct": false}}
{"type": "result", "data": {"idx": 72, "options": ["f(c)", "f(e^c)", "f(1/c)", "f(log c)"], "probs": [[0.25104869519281037, 0.17806461615088504, 0.32746109903599246, 0.24342558952031212], [0.23353014188069882, 0.26889356166732853, 0.2565080446789043, 0.24106825167306833], [0.2990546688561003, 0.17043431829740524, 0.31836773518860734, 0.21214327755788712], [0.26524595032251275, 0.22342293944899733, 0.2913418151437334, 0.2199892949847565]], "ideal": "D", "sampled": "C", "correct": false}}
{"type": "result", "data": {"idx": 73, "options": ["I only", "II only", "III only", "I and II only"], "probs": [[0.14706230600383421, 0.1565891848821568, 0.27052653639372587, 0.4258219726202831], [0.17977256116775706, 0.1586808013364183, 0.33589453502796474, 0.3256521023678599], [0.1874435609044344, 0.24075811022683932, 0.28585176379272925, 0.2859465649759971], [0.16399490587271068, 0.1614911084983519, 0.31614666702943606, 0.3583673184995013]], "ideal": "D", "sampled": "D", "correct": true}}
{"type": "result", "data": {"idx": 74, "options": ["1/(2e)", "1/e", "e^2/2", "2e"], "probs": [[0.3362369634627655, 0.16650519270989048, 0.26603038510819016, 0.23122745861915386], [0.2865493297290355, 0.1738581359212586, 0.2865797877025127, 0.25301274654719325], [0.24960848684249598, 0.16374656042288777, 0.35205560037284783, 0.23458935226176839], [0.24129774804536894, 0.19093782913358223, 0.31475930933845603, 0.25300511338259274]], "ideal": "C", "sampled": "A", "correct": false}}
{"type": "result", "data": {"idx": 75, "options": ["H = 50", "T >= 60", "51 <= H <= 55", "H >= 48 and T >= 48"], "probs": [[0.24483253819781364, 0.1532466067743058, 0.2774524009709544, 0.3244684539569262], [0.21750840218412762, 0.16943405314428947, 0.25430684900263734, 0.35875069556894557], [0.24995458868761966, 0.169166574784094, 0.27453824056805853, 0.3063405958602278], [0.17672707270350368, 0.09170291640216187, 0.21995240611583183, 0.5116176046785026]], "ideal": "D", "sampled": "C", "correct": false}}
{"type": "result", "data": {"idx": 76, "options": ["True, True", "True, False", "False, True", "False, False"], "probs": [[0.21637760945845685, 0.2570263070497291, 0.2735334851011243, 0.2530625982906897], [0.25662325280584125, 0.19681142585625525, 0.27749331128842425, 0.2690720099494792], [0.19972777067023334, 0.14615086991888773, 0.33976521578363567, 0.3143561435272433], [0.13870026729878776, 0.10471099656966049, 0.4339785582450644, 0.3226101777864873]], "ideal": "D", "sampled": "B", "correct": false}}
{"type": "result", "data": {"idx": 77, "options": ["2", "1", "0", "-1"], "probs": [[0.2940698519938689, 0.2764226156729809, 0.2720297832212546, 0.1574777490118956], [0.35352018998783463, 0.2508213557174522, 0.21783446097929177, 0.1778239932154214], [0.42316127449753116, 0.1737519379345463, 0.2030692428604732, 0.2000175446074493], [0.29868965892949506, 0.172953394441097, 0.3130939257860919, 0.21526302074331602]], "ideal": "C", "sampled": "C", "correct": true}}
